loc,misses,hits,total,ratio
92,59,29,88,0.4915254237288136
120,84,42,126,0.5
142,106,99,205,0.9339622641509434
149,114,106,220,0.9298245614035088
196,145,138,283,0.9517241379310345
203,149,151,300,1.0134228187919463
212,149,151,300,1.0134228187919463
372,333,428,761,1.2852852852852852
396,351,439,790,1.2507122507122508
410,372,455,827,1.2231182795698925
696,543,673,1216,1.2394106813996317
806,608,776,1384,1.2763157894736843
848,639,822,1461,1.2863849765258215
861,652,849,1501,1.3021472392638036
911,698,902,1600,1.2922636103151863
912,698,904,1602,1.2951289398280803
963,746,1016,1762,1.3619302949061662
1876,1452,2577,4029,1.774793388429752
2052,1471,3584,5055,2.4364377974167235
2057,1473,3590,5063,2.4372029871011542
2125,1473,3590,5063,2.4372029871011542
2152,1494,3619,5113,2.4223560910307897
2165,1505,3654,5159,2.427906976744186
2173,1511,3665,5176,2.4255459960291197
2237,1546,3788,5334,2.45019404915912
2719,1739,4178,5917,2.4025301897642324
2737,1758,4208,5966,2.3936291240045504
2749,1772,4223,5995,2.3831828442437923
2765,1779,4229,6008,2.3771781899943787
2846,1817,4261,6078,2.3450742982938912
2855,1835,4286,6121,2.3356948228882835
3387,2102,4684,6786,2.2283539486203616
3786,2371,5248,7619,2.2134120624209195
4158,2695,5860,8555,2.174397031539889
4287,2827,6019,8846,2.1291121330031837
4409,2917,6111,9028,2.094960575934179
4417,2923,6120,9043,2.0937393089291825
4450,2943,6163,9106,2.09412164458036
4618,3047,6322,9369,2.074827699376436
4680,3073,6360,9433,2.0696387894565573
4718,3112,6430,9542,2.066195372750643
4741,3123,6447,9570,2.064361191162344
5190,3400,7130,10530,2.097058823529412
5197,3412,7136,10548,2.0914419695193436
5232,3455,7242,10697,2.096092619392185
5250,3485,7267,10752,2.0852223816355813
5334,3593,7442,11035,2.071249652101308
5664,3845,7912,11757,2.0577373211963588
5708,3880,7962,11842,2.052061855670103
5733,3898,7979,11877,2.046947152385839
7065,4541,11133,15674,2.451662629376789
7080,4558,11159,15717,2.4482229047827997
7086,4563,11165,15728,2.4468551391628313
7156,4608,11241,15849,2.439453125
7163,4611,11241,15852,2.4378659726740404
7171,4611,11241,15852,2.4378659726740404
7191,4620,11253,15873,2.4357142857142855
7209,4643,11268,15911,2.426879172948525
7466,4771,11527,16298,2.4160553343114652
7534,4810,11603,16413,2.412266112266112
7743,4900,11773,16673,2.40265306122449
7779,4918,11797,16715,2.3987393249288327
7888,5048,12018,17066,2.3807448494453247
7909,5071,12042,17113,2.3746795503845397
8062,5129,12146,17275,2.3681029440436734
8835,5655,13270,18925,2.3465959328028294
8965,5658,13653,19311,2.4130434782608696
8972,5665,13663,19328,2.4118270079435127
9001,5673,13681,19354,2.411598801339679
9274,5727,13812,19539,2.4117338920900995
9276,5731,13818,19549,2.411097539696388
9377,5778,13862,19640,2.399100034614053
9436,5819,13949,19768,2.3971472761642896
9573,5853,14239,20092,2.4327695199043227
9656,5917,14364,20281,2.427581544701707
9680,5935,14401,20336,2.426453243470935
9683,5935,14403,20338,2.4267902274641955
9805,5949,14513,20462,2.439569675575727
9858,5988,14608,20596,2.4395457581830327
9873,5996,14624,20620,2.438959306204136
9909,6010,14651,20661,2.4377703826955073
9944,6027,14699,20726,2.438858470217355
10008,6079,14821,20900,2.438065471294621
10076,6089,14889,20978,2.445229101658729
10189,6091,15222,21313,2.499097028402561
10197,6109,15234,21343,2.493697822884269
10223,6118,15248,21366,2.4923177508989864
10431,6280,15573,21853,2.4797770700636943
10547,6365,15776,22141,2.4785545954438333
10600,6387,15832,22219,2.4787850320964457
10602,6389,15845,22234,2.4800438253247767
10841,6623,16283,22906,2.458553525592632
10860,6624,16307,22931,2.4618055555555554
10886,6634,16325,22959,2.4608079589990957
10908,6659,16353,23012,2.4557741402613007
26854,7851,46519,54370,5.9252324544644
26863,7855,46526,54381,5.923106301718651
27003,7917,46660,54577,5.893646583301756
27044,7938,46688,54626,5.881582262534644
27065,7968,46743,54711,5.866340361445783
27129,7984,46795,54779,5.861097194388778
27132,7984,46795,54779,5.861097194388778
27149,8019,46839,54858,5.841002618780396
27171,8029,46894,54923,5.840577905094034
27214,8058,46945,55003,5.825887316952097
27624,8259,47426,55685,5.742341687855673
27662,8284,47462,55746,5.729357798165138
27699,8320,47531,55851,5.712860576923077
27731,8354,47600,55954,5.697869284175245
27816,8412,47739,56151,5.675106990014266
28157,8772,48540,57312,5.533515731874145
28329,8842,48687,57529,5.506333408731057
28435,8908,48804,57712,5.47867085765604
28471,8928,48849,57777,5.471438172043011
28599,8930,49227,58157,5.512541993281075
30118,9884,52346,62230,5.296033994334278
30279,9973,52525,62498,5.266720144389852
30358,10044,52636,62680,5.240541616885703
30556,10167,52908,63075,5.203894954263794
30575,10184,52942,63126,5.198546739984289
30681,10253,53092,63345,5.178191748756461
30692,10267,53096,63363,5.17152040518165
30761,10312,53165,63477,5.155643910007758
31538,10653,53962,64615,5.0654275790857035
31730,10770,54311,65081,5.042804085422469
31984,11035,54836,65871,4.96927956502039
32092,11084,54930,66014,4.955792132804042
32287,11151,55089,66240,4.940274414850686
32369,11217,55225,66442,4.923330658821432
32410,11239,55252,66491,4.916095738054987
32788,11464,55712,67176,4.85973482205164
32947,11464,55712,67176,4.85973482205164
32998,11502,55796,67298,4.8509824378368975
33066,11527,55913,67440,4.850611607530147
33273,11659,56183,67842,4.818852388712583
33295,11674,56209,67883,4.81488778482097
33414,11761,56337,68098,4.790153898478021
33430,11772,56352,68124,4.786952089704383
33445,11772,56373,68145,4.788735983690112
33830,12036,56848,68884,4.72316384180791
34127,12221,57226,69447,4.682595532280501
34168,12249,57284,69533,4.676626663401094
34189,12261,57313,69574,4.674414811189952
34213,12267,57336,69603,4.674003423820005
34245,12294,57392,69686,4.668293476492598
34254,12302,57397,69699,4.66566411965534
34287,12328,57409,69737,4.656797534068787
34327,12346,57463,69809,4.654381986068362
34344,12362,57483,69845,4.649975732082187
34375,12376,57518,69894,4.647543632837751
34413,12408,57562,69970,4.639103803997421
34495,12479,57742,70221,4.627133584421829
34847,12638,58129,70767,4.599541066624466
34979,12713,58457,71170,4.598206560213955
35024,12747,58541,71288,4.5925315760571115
35075,12788,58648,71436,4.586174538629965
35237,12890,59084,71974,4.583708301008533
35284,12915,59125,72040,4.578010065814944
35305,12929,59137,72066,4.57398097300642
35399,12967,59296,72263,4.572838744505282
35484,12991,59334,72325,4.56731583403895
35525,13018,59378,72396,4.56122292210785
36026,13421,60419,73840,4.501825497354892
36068,13444,60466,73910,4.497619756024992
36576,13745,61067,74812,4.442851946162241
36759,13822,61332,75154,4.437273911156128
36772,13822,61332,75154,4.437273911156128
37151,13946,61498,75444,4.409723218127062
37188,13968,61555,75523,4.406858533791524
37205,13974,61562,75536,4.405467296407614
37375,14041,61716,75757,4.395413432091732
37412,14075,61751,75826,4.38728241563055
37553,14139,62081,76220,4.390763137421317
37575,14156,62099,76255,4.38676179711783
37619,14180,62139,76319,4.382157968970381
37832,14276,62363,76639,4.368380498739143
37837,14280,62369,76649,4.367577030812325
37868,14305,62402,76707,4.362250961202377
38082,14408,62608,77016,4.345363686840644
38135,14436,62656,77092,4.3402604599612085
38173,14460,62680,77140,4.334716459197787
38215,14474,62704,77178,4.332181843305237
38856,14762,63387,78149,4.293930361739601
38889,14782,63439,78221,4.291638479231498
38913,14782,63441,78223,4.291773778920309
39058,14888,63776,78664,4.283718430951102
39064,14892,63788,78680,4.283373623421972
39358,14908,64172,79080,4.304534478132546
39374,14911,64195,79106,4.305210918114144
39906,15208,65216,80424,4.288269331930563
39925,15217,65266,80483,4.289018860484984
39956,15217,65266,80483,4.289018860484984
40279,15295,67520,82815,4.414514547237659
40290,15303,67550,82853,4.414167156766647
40301,15320,67581,82901,4.411292428198434
40325,15333,67601,82934,4.408856714276397
40418,15377,67682,83059,4.4015087468296805
40467,15401,67764,83165,4.399974027660542
40478,15411,67782,83193,4.398286937901499
40771,15606,68315,83921,4.377483019351532
40854,15632,68352,83984,4.372569089048106
40881,15652,68373,84025,4.368323536928188
40906,15671,68408,84079,4.365260672579924
40930,15679,68437,84116,4.364882964474775
40977,15704,68511,84215,4.362646459500764
41183,15816,69068,84884,4.366970156803237
41333,15941,69390,85331,4.352926416159589
41361,15960,69433,85393,4.350438596491228
41512,16010,69537,85547,4.343347907557776
41530,16023,69557,85580,4.341072208699994
41582,16099,69727,85826,4.331138580036027
41614,16124,69751,85875,4.325911684445547
41951,16383,70300,86683,4.291033388268327
41973,16388,70304,86692,4.289968269465462
41994,16407,70331,86738,4.286645943804474
42025,16436,70416,86852,4.28425407641762
42040,16446,70459,86905,4.284263650735741
42073,16481,70537,87018,4.2798980644378375
42209,16556,70742,87298,4.272892002899251
42287,16592,70868,87460,4.271215043394407
42474,16667,70997,87664,4.259734805303894
42630,16703,71104,87807,4.256959827575884
42687,16739,71160,87899,4.251150008961109
42797,16760,71237,87997,4.250417661097852
43430,17204,72790,89994,4.230992792373867
43501,17248,72918,90166,4.227620593692023
43523,17269,72959,90228,4.224853784237651
46928,18835,77162,95997,4.096734802229891
47108,18895,77249,96144,4.088330246096851
48129,19247,78106,97353,4.058086974593443
48314,19348,78283,97631,4.046051271449246
48351,19374,78344,97718,4.043770001032311
48383,19397,78397,97794,4.041707480538228
50264,20291,81574,101865,4.020206002661278
50290,20311,81586,101897,4.016838166510758
50403,20386,81703,102089,4.007799470224664
50433,20404,81719,102123,4.005048029798079
50508,20427,81771,102198,4.00308415332648
50549,20475,81853,102328,3.9977045177045176
50845,20600,82467,103067,4.003252427184466
50878,20629,82528,103157,4.000581705366232
51614,21184,83623,104807,3.947460347432024
51641,21212,83651,104863,3.9435696775410145
51649,21215,83660,104875,3.94343624793778
51674,21231,83688,104919,3.9417832414865055
51687,21234,83692,104926,3.9414147122539323
51850,21390,83957,105347,3.925058438522674
51859,21396,83969,105365,3.9245186016077773
51893,21407,83981,105388,3.9230625496332974
51981,21445,84140,105585,3.9235252972720915
51992,21451,84144,105595,3.92261433033425
52014,21464,84157,105621,3.920844204248975
52061,21486,84185,105671,3.9181327375965744
53126,22102,85980,108082,3.890145688173016
53140,22110,85992,108102,3.889280868385346
53280,22274,86148,108422,3.8676483792762864
53403,22388,86358,108746,3.8573342862247633
53543,22520,86489,109009,3.8405417406749556
53588,22533,86530,109063,3.840145564283495
53652,22579,86636,109215,3.8370166969307764
53862,22685,86950,109635,3.832929248402028
53886,22696,86960,109656,3.831512160733169
53946,22707,87016,109723,3.8321222530497203
53980,22736,87056,109792,3.82899366643209
54173,22822,87258,110080,3.8234160021032335
54198,22836,87292,110128,3.8225608688036434
54215,22851,87334,110185,3.8218896328388254
54337,22892,87586,110478,3.826052769526472
54693,23043,89311,112354,3.87584081933776
54870,23197,89555,112752,3.860628529551235
54984,23235,89688,112923,3.8600387346675276
55015,23248,89717,112965,3.859127666896077
55131,23286,89804,113090,3.8565661771021214
55160,23308,89847,113155,3.854770894113609
55580,23465,90187,113652,3.8434689963775837
55654,23546,90363,113909,3.83772190605623
55673,23556,90374,113930,3.836559687553065
55703,23590,90416,114006,3.8328105129292074
55722,23608,90426,114034,3.8303117587258555
55791,23651,90525,114176,3.8275337195044608
55848,23717,90636,114353,3.821562592233419
55877,23725,90662,114387,3.8213698630136985
55883,23729,90672,114401,3.821147119558346
55992,23785,90789,114574,3.817069581669119
56010,23796,90802,114598,3.815851403597243
56057,23830,90890,114720,3.814099874108267
56157,23906,90997,114903,3.8064502635321675
56469,24152,91508,115660,3.788837363365353
56663,24161,92626,116787,3.8336989363023055
56759,24195,92691,116886,3.830998140111593
56788,24220,92738,116958,3.8289843104872006
56875,24259,92829,117088,3.8265798260439423
57453,24489,93481,117970,3.8172648944424026
57596,24627,93752,118379,3.8068786291468713
57601,24629,93756,118385,3.8067319014170287
57624,24660,93799,118459,3.803690186536902
57638,24678,93814,118492,3.801523624280736
57671,24689,93824,118513,3.8002349224350924
57693,24698,93856,118554,3.8001457607903473
57703,24709,93874,118583,3.7991824841150996
57732,24739,93908,118647,3.7959497150248596
57781,24747,94010,118757,3.7988443043601245
58023,24893,94311,119204,3.7886554453059094
58074,24917,94374,119291,3.7875346149215394
58077,24922,94378,119300,3.78693523794238
58117,24949,94428,119377,3.784841075794621
58148,24961,94449,119410,3.783862826008573
58165,24982,94477,119459,3.7818028980866223
58903,25414,95711,121125,3.766073817580861
58981,25454,95825,121279,3.764634242162332
58995,25464,95841,121305,3.763784165881244
59033,25484,95858,121342,3.7614974101396954
59076,25515,95898,121413,3.7584950029394473
59100,25543,95926,121469,3.755471166268645
59125,25553,95943,121496,3.7546667710249286
59211,25572,95994,121566,3.7538714218676676
59220,25578,96005,121583,3.7534209085933226
59260,25594,96056,121650,3.753067125107447
59272,25599,96066,121665,3.752724715809211
59280,25605,96079,121684,3.7523530560437415
59296,25626,96111,121737,3.750526808709904
59457,25706,96418,122124,3.7507974791877383
59541,25741,96463,122204,3.7474457091799076
59549,25746,96469,122215,3.7469509826769207
59589,25765,96507,122272,3.745662720745197
59778,25948,96947,122895,3.736203175581933
60610,26253,98224,124477,3.7414390736296803
60687,26323,98341,124664,3.7359343539870076
60857,26372,98432,124804,3.732443500682542
60912,26388,98475,124863,3.7318099135970897
60923,26402,98483,124885,3.730134080751458
61073,26545,98852,125397,3.72394047843285
61090,26557,98870,125427,3.722935572542079
61166,26592,98978,125570,3.7220968712394704
61180,26606,99012,125618,3.7214162219048337
61234,26638,99094,125732,3.720024025827765
61272,26666,99172,125838,3.7190429760744017
61289,26681,99202,125883,3.718076533863049
61496,26828,99678,126506,3.715446548382287
61543,26857,99721,126578,3.7130357076367426
61600,26879,99757,126636,3.7113359872019047
61723,27018,99951,126969,3.6994226071507885
61809,27018,99951,126969,3.6994226071507885
62284,27472,101107,128579,3.68036546301689
62290,27477,101108,128585,3.679732139607672
62298,27477,101108,128585,3.679732139607672
62403,27519,101211,128730,3.677858933827537
62413,27530,101233,128763,3.677188521612786
62512,27566,101286,128852,3.6743089312921717
62551,27611,101357,128968,3.67089203578284
62592,27640,101430,129070,3.6696816208393632
62713,27684,101726,129410,3.674541251264268
62744,27717,101790,129507,3.672475376122957
62754,27725,101796,129521,3.6716321009918844
62780,27736,101841,129577,3.671798384770695
62802,27745,101848,129593,3.670859614344927
62899,27811,101971,129782,3.6665707813455106
63039,27898,102066,129964,3.658541830955624
63131,27962,102187,130149,3.6544953865960945
63216,28041,102307,130348,3.648479012874006
63232,28053,102314,130367,3.6471678608348483
63239,28056,102316,130372,3.6468491588252068
63242,28056,102325,130381,3.6471699458226405
63300,28084,102419,130503,3.6468807862127903
63405,28149,102561,130710,3.643504209741021
63452,28165,102679,130844,3.6456240014202024
63488,28177,102712,130889,3.6452425737303473
63541,28227,102793,131020,3.6416551528678216
63612,28262,102860,131122,3.6395159578232255
65951,29144,105151,134295,3.6079810595662916
66042,29146,105418,134564,3.61689425650175
66210,29202,105618,134820,3.6168070680090403
66260,29231,105662,134893,3.614724094283466
66274,29235,105682,134917,3.61491363092184
66283,29242,105698,134940,3.614595444908009
66364,29258,105737,134995,3.613951739695126
66409,29292,105789,135081,3.6115321589512495
66466,29317,105834,135151,3.6099873793362214
66517,29330,105847,135177,3.608830548926014
66537,29355,105874,135229,3.606676886390734
66546,29361,105888,135249,3.606416675181363
66799,29497,106194,135691,3.600162728413059
66821,29500,106197,135697,3.599898305084746
66856,29527,106252,135779,3.598469197683476
66866,29531,106269,135800,3.598557448105381
66875,29546,106273,135819,3.59686590401408
66902,29567,106321,135888,3.5959346568809822
67083,29653,106558,136211,3.593498128351263
67458,29893,107243,137136,3.5875623055564847
67576,29962,107400,137362,3.584540417862626
67665,30029,107554,137583,3.58167105131706
67715,30069,107631,137700,3.5794672253816224
67816,30160,107856,138016,3.576127320954907
67884,30226,107974,138200,3.572222589823331
68003,30318,108139,138457,3.566824988455703
68209,30347,108466,138813,3.5741918476290904
68288,30395,108591,138986,3.5726599769698963
68359,30442,108829,139271,3.574962223244202
68407,30480,108895,139375,3.5726706036745406
68426,30488,108900,139388,3.571897139858305
68446,30512,108917,139429,3.569644729942318
68469,30524,108979,139503,3.570272572402044
69047,30524,109861,140385,3.5991678679072208
69083,30542,109920,140462,3.598978455896798
69094,30546,109926,140472,3.598703594578668
69548,30793,110541,141334,3.5898093722599294
69738,30886,110734,141620,3.585248980120443
69755,30905,110768,141673,3.584144960362401
69764,30915,110784,141699,3.5835031538088304
69774,30929,110793,141722,3.5821720715186394
70994,30978,112267,143245,3.624088062495965
71046,31011,112333,143344,3.622359807810132
71106,31023,112361,143384,3.6218611997550205
71111,31026,112364,143390,3.6216076838780378
71143,31047,112402,143449,3.620382001481625
71160,31066,112417,143483,3.6186506148200603
71188,31078,112440,143518,3.617993435871034
71221,31092,112520,143612,3.6189373472275825
71359,31161,112783,143944,3.6193639485254003
71407,31202,112843,144045,3.6165309916031023
71449,31248,112910,144158,3.613351254480287
71474,31264,112934,144198,3.6122697031729785
71539,31326,113100,144426,3.6104194598735875
71589,31375,113145,144520,3.6062151394422313
71648,31408,113240,144648,3.605450840550178
71671,31421,113278,144699,3.605168517870214
71735,31452,113367,144819,3.6044448683708508
71779,31456,113478,144934,3.6075152594099693
71807,31485,113528,145013,3.605780530411307
71828,31492,113551,145043,3.60570938651086
71895,31548,113742,145290,3.6053632559908713
71915,31555,113759,145314,3.605102202503565
72005,31601,113848,145449,3.6026708015569127
72030,31620,113898,145518,3.602087286527514
72084,31620,113898,145518,3.602087286527514
72107,31628,113945,145573,3.6026621980523585
72153,31634,114058,145692,3.6055509894417397
72295,31694,114211,145905,3.603552722912854
72308,31699,114218,145917,3.6032051484273953
72338,31717,114264,145981,3.602610587382161
72380,31739,114322,146061,3.6019408298938216
72421,31766,114408,146174,3.6015866020273246
72439,31785,114432,146217,3.6001887682869276
72462,31789,114454,146243,3.600427820944352
72489,31816,114481,146297,3.5982210208700027
73360,31855,114677,146532,3.5999686077538846
73422,31882,114757,146639,3.5994291449720848
73495,31916,114881,146797,3.5994798846973306
73809,32158,115467,147625,3.5906150880029855
73820,32158,115477,147635,3.5909260526152122
73844,32169,115521,147690,3.5910659330411265
73949,32242,115704,147946,3.588611128341914
74375,32408,116351,148759,3.5901937793137497
74378,32410,116354,148764,3.590064794816415
74586,32594,116634,149228,3.5783886604896606
75131,32923,118041,150964,3.5853658536585367
75168,32935,118063,150998,3.584727493547897
75207,32960,118095,151055,3.582979368932039
75257,32982,118158,151140,3.5824995452064763
75279,32999,118186,151185,3.581502469771811
75461,33150,118579,151729,3.5770437405731523
76925,33802,120013,153815,3.5504703863676705
76951,33832,120052,153884,3.5484748167415465
77263,34088,120661,154749,3.5396913869983573
77275,34099,120678,154777,3.539048065925687
77289,34115,120712,154827,3.5383848746885533
78642,34904,123032,157936,3.524868209947284
78660,34917,123064,157981,3.5244723200733166
78663,34919,123068,157987,3.5243850052979755
79003,35074,123465,158539,3.520128870388322
79294,35206,124143,159349,3.526188717832188
79479,35285,124358,159643,3.5243871333427803
79495,35302,124407,159709,3.524077955923177
79549,35336,124482,159818,3.522809599275526
79566,35339,124493,159832,3.5228218115962533
79620,35351,124577,159928,3.524002149868462
79630,35356,124587,159943,3.523786627446544
79667,35368,124667,160035,3.5248529744401718
79927,35520,125011,160531,3.5194538288288286
79942,35526,125024,160550,3.5192253560772393
79975,35541,125046,160587,3.5183590782476575
80138,35554,125454,161008,3.528548123980424
80254,35652,125654,161306,3.5244586558958826
80261,35653,125668,161321,3.5247524752475248
80374,35743,125834,161577,3.5205215007134263
80398,35770,125859,161629,3.518563041655018
80406,35777,125873,161650,3.5182659250356374
80409,35781,125882,161663,3.5181241440988233
80472,35812,125932,161744,3.5164749246062774
80488,35814,125956,161770,3.5169486792874296
80523,35824,126034,161858,3.518144260830728
80549,35848,126076,161924,3.516960499888418
80629,35880,126188,162068,3.5169453734671126
80808,35955,126332,162287,3.51361424002225
80834,35974,126370,162344,3.5128148106966144
80845,35974,126380,162354,3.513092789236671
80910,36040,126475,162515,3.5092952275249725
80959,36082,126558,162640,3.507510670140236
81056,36087,126622,162709,3.5087981821708647
81139,36163,126855,163018,3.5078671570389623
81298,36289,127126,163415,3.5031552261015735
81367,36359,127307,163666,3.501388927088204
81442,36385,127445,163830,3.5026796756905316
81476,36403,127463,163866,3.501442188830591
81510,36455,127506,163961,3.497627211630778
81549,36486,127586,164072,3.4968481061228966
81637,36493,127711,164204,3.4996026635245117
82690,36969,128940,165909,3.4877870648381077
82773,37036,129058,166094,3.4846635705799764
82814,37066,129104,166170,3.4830842281335994
82909,37082,129191,166273,3.4839275120004314
82927,37095,129231,166326,3.4837848766680146
82970,37141,129326,166467,3.4820279475512237
83091,37191,129420,166611,3.4798741631039767
83185,37268,129570,166838,3.4767092411720513
83693,37284,130458,167742,3.4990344383649825
83709,37295,130477,167772,3.4985118648612414
83734,37315,130495,167810,3.4971191209969184
83755,37320,130503,167823,3.496864951768489
83821,37329,130527,167856,3.4966647914490077
83887,37351,130602,167953,3.496613209820353
83937,37397,130677,168074,3.4943177260208036
83955,37404,130700,168104,3.494278686771468
83990,37419,130739,168158,3.493920200967423
84019,37436,130792,168228,3.4937493321936106
84698,37941,131921,169862,3.4770037690097784
84805,38045,132110,170155,3.47246681561309
84808,38045,132119,170164,3.4727033775791827
84875,38075,132206,170281,3.4722521339461587
85290,38331,132948,171279,3.4684198168584173
85310,38339,132966,171305,3.468165575523618
85443,38406,133091,171497,3.4653699942717284
85770,38704,133851,172555,3.458324720959074
85775,38710,133863,172573,3.458098682510979
85785,38716,133893,172609,3.458337638185763
85840,38750,133983,172733,3.4576258064516128
86014,38811,134130,172941,3.4559789750328513
86091,38861,134240,173101,3.4543629860271223
86118,38886,134271,173157,3.45293936120969
86123,38888,134276,173164,3.452890351779469
86124,38888,134276,173164,3.452890351779469
86173,38890,134290,173180,3.453072769349447
86178,38895,134308,173203,3.4530916570253245
86186,38895,134327,173222,3.4535801516904487
86192,38899,134330,173229,3.4533021414432246
86518,39008,134552,173560,3.449343724364233
86530,39016,134565,173581,3.448969653475497
86568,39043,134603,173646,3.4475578208641755
86570,39045,134604,173649,3.447406838263542
87052,39307,135497,174804,3.4471468186328136
87220,39456,135800,175256,3.441808596918086
87342,39520,135923,175443,3.439347165991903
87357,39527,135953,175480,3.4394970526475572
87453,39620,136150,175770,3.4363957597173145
87460,39623,136155,175778,3.43626176715544
87721,39883,136592,176475,3.424817591455006
87819,39957,136782,176739,3.4232299722201365
87945,40061,136951,177012,3.4185616934175385
87993,40102,137006,177108,3.416438082888634
88037,40146,137061,177207,3.414063667613212
88049,40147,137094,177241,3.414800607766458
88097,40184,137128,177312,3.412502488552658
88243,40235,137261,177496,3.4114825400770474
88281,40266,137300,177566,3.409824665971291
88338,40300,137372,177672,3.4087344913151365
88447,40340,137536,177876,3.4094199305899853
88515,40411,137694,178105,3.4073395857563535
88588,40435,137792,178227,3.4077408185977496
88605,40447,137810,178257,3.407174821371177
89000,40595,138187,178782,3.4040399063924127
89039,40613,138334,178947,3.406150739910866
89180,40662,138414,179076,3.4040135753283165
89201,40673,138433,179106,3.4035601012957
89212,40692,138448,179140,3.4023395261967955
89322,40786,138695,179481,3.400554111704997
89332,40791,138704,179495,3.4003579220906572
90105,41240,139759,180999,3.388918525703201
90120,41247,139780,181027,3.3888525226077046
90207,41325,139902,181227,3.38540834845735
90237,41350,139954,181304,3.3846191051995165
90257,41358,139971,181329,3.3843754533584796
90267,41358,139973,181331,3.3844238115963052
90279,41364,139995,181359,3.3844647519582245
90427,41457,140315,181772,3.3845912632366066
92775,41865,143018,184883,3.4161710259166367
92804,41878,143031,184909,3.4154209847652703
92939,41913,143115,185028,3.4145730441629087
93005,41968,143239,185207,3.4130528021349598
93034,41982,143280,185262,3.4128912391024726
93043,41988,143289,185277,3.4126178908259504
93073,42001,143338,185339,3.4127282683745626
93085,42012,143356,185368,3.4122631629058366
93105,42013,143396,185409,3.4131340299431128
93113,42018,143404,185422,3.4129182731210435
93142,42027,143448,185475,3.4132343493468484
93210,42099,143584,185683,3.410627330815459
93332,42122,143720,185842,3.4119937324913345
93382,42154,143794,185948,3.4111590833610097
93432,42210,143874,186084,3.4085287846481878
93448,42229,143900,186129,3.407610883516067
93463,42236,143920,186156,3.407519651482148
93518,42265,143988,186253,3.4067904885839346
93975,42557,144984,187541,3.4068190896914725
94014,42561,145023,187584,3.407415239303588
94331,42813,145734,188547,3.4039660850676197
94384,42832,145799,188631,3.403973664549869
94568,42938,146246,189184,3.4059807163817597
94697,42994,146346,189340,3.403870307484765
94709,42998,146361,189359,3.403902507093353
94919,43194,146812,190006,3.398897995091911
94959,43209,146878,190087,3.3992455275521305
95444,43570,147959,191529,3.3958916685792975
96499,43936,150299,194235,3.4208621631463947
96514,43945,150313,194258,3.420480145636591
96573,43985,150409,194394,3.419552120040923
96729,44032,150527,194559,3.418581940406977
96747,44044,150552,194596,3.4182181454908727
96779,44058,150591,194649,3.418017159199237
96837,44110,150649,194759,3.4153026524597596
96878,44135,150714,194849,3.414840829273819
97096,44156,150836,194992,3.415979708306912
97674,44384,151427,195811,3.4117474765681326
97678,44390,151432,195822,3.41139896373057
97792,44446,151749,196195,3.4142330018449356
97807,44452,151761,196213,3.414042112840817
97832,44459,151789,196248,3.4141343709934997
97869,44469,151938,196407,3.4167172637117993
97869,44469,151938,196407,3.4167172637117993
98044,44535,152240,196775,3.41843493881217
98199,44541,152310,196851,3.4195460362362766
98218,44555,152330,196885,3.4189204354169003
98227,44561,152344,196905,3.4187742644913715
98263,44581,152443,197024,3.4194612054462663
98274,44589,152461,197050,3.4192513848707082
98295,44594,152481,197075,3.4193164999775756
98370,44622,152550,197172,3.418717224687374
98425,44640,152586,197226,3.4181451612903224
98476,44683,152691,197374,3.417205648680706
99100,44938,153474,198412,3.4152387734211582
99229,45047,153710,198757,3.41221390991631
99291,45077,153779,198856,3.411473700556825
99299,45078,153786,198864,3.4115533076001596
99389,45126,153865,198991,3.409675131853034
99566,45224,154148,199372,3.408544135857067
99586,45228,154162,199390,3.408552224285841
99612,45242,154219,199461,3.408757349365634
99688,45318,154365,199683,3.406262412286509
99693,45323,154383,199706,3.4062837852745846
99730,45335,154414,199749,3.4060659534575937
99772,45368,154472,199840,3.404866866513842
100037,45518,155064,200582,3.4066523133705346
100147,45594,155328,200922,3.4067640479010395
100181,45615,155380,200995,3.4063356352077165
100256,45657,155642,201299,3.4089405786626368
100282,45677,155695,201372,3.408608271121133
100328,45695,155733,201428,3.408097165991903
100433,45813,155942,201755,3.40388099447755
100529,45867,156095,201962,3.4032092790023327
100538,45867,156102,201969,3.4033618941722805
100586,45883,156136,202019,3.402916112721487
100958,46188,157021,203209,3.399605958257556
100986,46199,157058,203257,3.3995973938829844
101005,46207,157074,203281,3.399355076070725
101010,46208,157084,203292,3.399497922437673
101123,46242,157233,203475,3.400220578694693
101193,46294,157332,203626,3.398539767572472
101240,46327,157425,203752,3.3981263625963263
103318,47676,162702,210378,3.412660458092122
103454,47755,162917,210672,3.411517118626322
103505,47781,162979,210760,3.410958330717231
103580,47781,163076,210857,3.412988426361943
103592,47782,163084,210866,3.413084425097317
103638,47810,163145,210955,3.412361430663041
103669,47837,163180,211017,3.4111670882371388
103705,47872,163218,211090,3.409466911764706
103724,47887,163267,211154,3.4094221813853447
103959,47949,163896,211845,3.4181317650003127
104019,47972,164000,211972,3.4186608855165512
104119,47992,164041,212033,3.4180905150858476
104160,48007,164080,212087,3.417834899077218
104260,48082,164276,212358,3.4165800091510334
104279,48094,164307,212401,3.416372104628436
104300,48108,164323,212431,3.4157104847426623
104316,48108,164323,212431,3.4157104847426623
104325,48112,164337,212449,3.415717492517459
104402,48157,164478,212635,3.415453620449779
104443,48182,164519,212701,3.4145323979909508
104536,48267,164778,213045,3.41388526322332
104540,48272,164785,213057,3.4136766655618165
104578,48292,164882,213174,3.4142715149507166
104904,48599,165472,214071,3.4048437210642195
104952,48640,165545,214185,3.4034745065789473
104985,48657,165588,214245,3.403169122633948
105025,48669,165618,214287,3.4029464340750786
105046,48676,165632,214308,3.402744679102638
105075,48692,165686,214378,3.4027355623100304
105241,48812,165924,214736,3.39924608702778
105268,48838,165967,214805,3.3983168843933003
105290,48840,165971,214811,3.3982596232596234
105315,48864,166011,214875,3.3974091355599216
105326,48879,166022,214901,3.3965915832975306
105358,48892,166073,214965,3.39673157162726
105387,48907,166109,215016,3.3964258695074325
105417,48927,166184,215111,3.3965704008011937
105441,48938,166228,215166,3.396706036209081
105484,48953,166305,215258,3.3972381672216208
105566,49007,166449,215456,3.3964331626094233
105592,49017,166462,215479,3.3960054674908706
106223,49046,167744,216790,3.420136198670636
106267,49074,167842,216916,3.4201817663121
106316,49109,167912,217021,3.4191696023132216
106323,49111,167917,217028,3.419132169982285
106332,49116,167926,217042,3.418967342617477
106348,49139,167953,217092,3.4179165225177557
107045,49488,169499,218987,3.4250525379890076
107073,49515,169527,219042,3.4237503786731294
107136,49533,169648,219181,3.4249490238830678
107157,49542,169676,219218,3.4248920108191028
107347,49653,169990,219643,3.4235595029504764
107426,49713,170061,219774,3.4208557117856495
107492,49741,170166,219907,3.421040992340323
107519,49755,170193,219948,3.420621043111245
107679,49800,170396,220196,3.4216064257028114
107701,49810,170450,220260,3.422003613732182
107710,49816,170468,220284,3.4219527862534127
107831,49931,170858,220789,3.4218821974324567
108224,50078,171249,221327,3.4196453532489315
108246,50086,171271,221357,3.4195383939623847
108258,50105,171305,221410,3.4189202674383794
108314,50171,171415,221586,3.416615176097746
108325,50171,171425,221596,3.416814494429053
108591,50301,171754,222055,3.4145245621359415
108643,50311,171784,222095,3.4144421697044383
108726,50341,171891,222232,3.4145328857193937
108740,50350,171901,222251,3.414121151936445
108773,50369,171985,222354,3.4145009827473247
109004,50369,171985,222354,3.4145009827473247
109010,50369,171994,222363,3.414679664079096
109235,50487,172455,222942,3.415829817576802
109794,50779,173505,224284,3.416865239567538
109816,50786,173514,224300,3.4165714960815974
110009,50795,174632,225427,3.4379761787577516
110106,50833,174741,225574,3.437550410166624
110169,50867,174811,225678,3.4366288556431477
110226,50893,174905,225798,3.4367201776275715
110250,50916,174932,225848,3.435698012412601
110272,50922,174947,225869,3.4355877616747184
110293,50934,174982,225916,3.435465504378215
110357,50970,175047,226017,3.4343143025309004
110385,50999,175090,226089,3.433204572638679
110507,51079,175361,226440,3.4331329900741987
110945,51243,175789,227032,3.430497824093047
110994,51261,175830,227091,3.430093053198338
111040,51287,175895,227182,3.429621541521243
111164,51446,176111,227557,3.4232204641760293
111225,51485,176173,227658,3.421831601437312
111259,51500,176207,227707,3.421495145631068
111320,51524,176319,227843,3.422075149444919
111342,51543,176360,227903,3.421609141881536
111415,51575,176429,228004,3.4208240426563257
111484,51625,176577,228202,3.4203777239709443
112287,52104,178044,230148,3.417088899124827
112346,52135,178168,230303,3.4174355039800517
112356,52146,178185,230331,3.4170406167299507
112457,52219,178390,230609,3.4161895095654837
112488,52233,178439,230672,3.416211973273601
112720,52323,178656,230979,3.414483114500315
112774,52356,178734,231090,3.4138207655283064
112867,52425,178930,231355,3.4130662851692897
112876,52435,178963,231398,3.4130447220368074
113344,52641,179754,232395,3.4147147660568757
113360,52654,179787,232441,3.414498423671516
113497,52758,180112,232870,3.4139277455551764
113553,52795,180267,233062,3.414471067335922
113602,52807,180314,233121,3.4145851875698296
113605,52810,180320,233130,3.414504828630941
114382,52839,181429,234268,3.4336191070989233
114403,52844,181437,234281,3.433445613503898
114440,52862,181455,234317,3.4326170027619085
114470,52871,181513,234384,3.433129693026423
114480,52878,181521,234399,3.432826506297515
114510,52894,181547,234441,3.4322796536469165
114705,53034,181877,234911,3.4294414903646717
114723,53035,181886,234921,3.4295465258791364
114843,53133,182064,235197,3.4265710575348653
114869,53143,182094,235237,3.4264907890032554
114889,53149,182112,235261,3.426442642382735
114945,53160,182145,235305,3.426354401805869
115071,53235,182407,235642,3.4264487649103033
115133,53273,182510,235783,3.4259380924671032
115181,53311,182587,235898,3.4249404438108457
115214,53335,182619,235954,3.423999250023437
115230,53337,182643,235980,3.424320827943079
115288,53368,182709,236077,3.4235684305201617
115308,53374,182727,236101,3.423520815378274
115367,53400,182784,236184,3.4229213483146066
115543,53508,183184,236692,3.423488076549301
115563,53525,183217,236742,3.4230172816440914
115614,53552,183300,236852,3.4228413504631012
115756,53590,183569,237159,3.425433849598806
115813,53629,183680,237309,3.4250125864737364
115828,53640,183695,237335,3.4245898583146905
115839,53649,183729,237378,3.4246491080914834
116055,53748,183992,237740,3.423234352906155
116087,53750,184039,237789,3.423981395348837
116088,53750,184041,237791,3.4240186046511627
116271,53849,184229,238078,3.421214878642129
116479,53972,184586,238558,3.420032609501223
116509,54005,184668,238673,3.419461161003611
116590,54005,184723,238728,3.4204795852235903
117042,54164,185396,239560,3.4228638948378998
117062,54168,185416,239584,3.422980357406587
117135,54212,185469,239681,3.421179812587619
117212,54258,185498,239756,3.418813815474216
117234,54267,185554,239821,3.419278751359021
117728,54520,186382,240902,3.418598679383712
117946,54656,186850,241506,3.4186548594847777
118032,54707,186938,241645,3.4170764253203427
118066,54731,186989,241720,3.416509839030897
118117,54772,187080,241852,3.4156138172789015
118143,54782,187115,241897,3.4156292212770616
118210,54800,187170,241970,3.4155109489051094
118494,54877,187415,242292,3.4151830457204295
118495,54877,187419,242296,3.4152559360023327
118517,54897,187494,242391,3.4153778895021585
118525,54899,187502,242401,3.4153991875990455
118600,54945,187623,242568,3.4147420147420147
118659,55022,187770,242792,3.4126349460215915
118718,55046,187828,242874,3.412200704865022
118874,55081,188014,243095,3.413409342604528
118930,55092,188066,243158,3.4136716764684527
118973,55126,188143,243269,3.412963030149113
119012,55146,188181,243327,3.4124143183549123
119161,55236,188454,243690,3.4117966543558547
119180,55246,188485,243731,3.4117402164862614
119204,55256,188508,243764,3.4115390183871437
119296,55256,188508,243764,3.4115390183871437
119314,55266,188534,243800,3.411392176021424
119337,55274,188539,243813,3.4109888917031514
119503,55395,188833,244228,3.4088455636790322
119901,55660,189451,245111,3.4037190082644626
119950,55691,189517,245208,3.4030094629293783
119979,55692,189551,245243,3.4035588594412123
119981,55693,189559,245252,3.4036413911981755
119985,55693,189559,245252,3.4036413911981755
120029,55726,189610,245336,3.4025410041991173
120079,55763,189691,245454,3.4017359180818825
120105,55778,189744,245522,3.401771307684033
120137,55813,189799,245612,3.4006235106516405
120172,55841,189854,245695,3.3999032968607295
120278,55930,190130,246060,3.3994278562488827
120408,55931,190515,246446,3.406250558724142
120448,55953,190574,246527,3.4059657212303183
120490,55967,190626,246593,3.4060428466775066
120516,55981,190691,246672,3.406352155195513
120540,55987,190704,246691,3.4062193009091395
120541,55987,190704,246691,3.4062193009091395
120580,56021,190753,246774,3.4050266864211634
120870,56086,190993,247079,3.4053596262882
121022,56277,191392,247669,3.400892016276632
121734,56379,191657,248036,3.3994395076180846
121755,56394,191681,248075,3.398960882363372
121847,56459,191844,248303,3.3979347845339096
121950,56511,191961,248472,3.3968784838350055
121959,56518,191984,248502,3.3968647156658056
121987,56543,192061,248604,3.396724616663424
122215,56609,192174,248783,3.394760550442509
122219,56612,192175,248787,3.3945983183777293
122445,56685,192672,249357,3.398994442974332
122494,56707,192743,249450,3.3989278219620154
122686,56814,193064,249878,3.3981765057908264
122697,56824,193074,249898,3.397754469942278
122747,56841,193164,250005,3.398321634031773
122761,56841,193190,250031,3.398779050333386
122776,56841,193209,250050,3.3991133160922575
122842,56868,193244,250112,3.3981149328268976
122905,56885,193297,250182,3.39803111540828
123003,56955,193442,250397,3.396400667193398
123083,56977,193514,250491,3.3963529143338542
123099,56987,193529,250516,3.3960201449453384
123125,57012,193585,250597,3.395513225285905
123144,57018,193594,250612,3.3953137605668386
123175,57043,193655,250698,3.394895079150816
123315,57125,193872,250997,3.39382056892779
123354,57146,193925,251071,3.3935008574528402
123515,57236,194141,251377,3.3919386400167726
123519,57240,194142,251382,3.3917190775681343
123589,57274,194209,251483,3.390875440863219
123633,57284,194250,251534,3.3909992318972138
123667,57307,194271,251578,3.390004711466313
123842,57429,194570,251999,3.388009542217347
123935,57455,194636,252091,3.3876250979027063
124070,57586,194944,252530,3.3852672524571945
124135,57586,195087,252673,3.3877504949119577
124170,57600,195139,252739,3.3878298611111113
124188,57610,195160,252770,3.387606318347509
124217,57622,195179,252801,3.387230571656659
124248,57649,195231,252880,3.386546167322937
124294,57674,195308,252982,3.3864132884835456
124318,57688,195351,253039,3.3863368464845376
124359,57715,195403,253118,3.385653642900459
124461,57752,195569,253321,3.386358913977005
124482,57762,195588,253350,3.3861015892801496
124504,57769,195598,253367,3.3858643909363155
124630,57866,195890,253756,3.385234852936094
124738,57950,196100,254050,3.3839516824849007
124748,57950,196100,254050,3.3839516824849007
124778,57977,196131,254108,3.382910464494541
124874,58028,196291,254319,3.382694561246295
124900,58039,196332,254371,3.3827598683643756
124977,58097,196412,254509,3.3807597638432276
125111,58161,196617,254778,3.3805642956620416
125162,58186,196679,254865,3.380177362252088
125296,58212,196908,255120,3.3826015254586683
125318,58231,196939,255170,3.382030190104927
125393,58287,197051,255338,3.380702386466965
125431,58310,197089,255399,3.3800205796604357
125484,58337,197148,255485,3.379467576323774
125563,58362,197241,255603,3.3796134471059935
125958,58530,197754,256284,3.3786776012301383
125995,58557,197892,256449,3.3794764076028483
126003,58561,197897,256458,3.3793309540479157
126068,58615,197990,256605,3.377804316301288
126155,58658,198142,256800,3.377919465375567
126165,58668,198155,256823,3.3775652826072133
126186,58679,198171,256850,3.3772047921743726
126222,58700,198206,256906,3.3765928449744465
126439,58820,198541,257361,3.3753995239714385
126567,58915,198740,257655,3.3733344649070696
126621,58924,198787,257711,3.3736168623990226
126630,58928,198799,257727,3.373591501493348
126675,58962,198861,257823,3.3726976696855604
127504,59146,201608,260754,3.4086497818956483
127517,59156,201638,260794,3.4085807018730137
127541,59173,201695,260868,3.4085647170162066
127570,59204,201750,260954,3.407708938585231
127579,59214,201766,260980,3.407403654541156
127892,59409,202357,261766,3.4061674157114243
128155,59537,202821,262358,3.406637889043788
128338,59640,203084,262724,3.405164319248826
128467,59704,203233,262937,3.4040097815891732
128517,59756,203339,263095,3.4028214739942433
128573,59756,203383,263139,3.403557801727023
128586,59763,203390,263153,3.403276274618075
128661,59813,203558,263371,3.403240098306388
129204,59985,204014,263999,3.4010836042343917
129557,60218,204639,264857,3.398302833039955
129670,60243,204714,264957,3.3981375429510483
129670,60243,204714,264957,3.3981375429510483
129687,60246,204737,264983,3.398350097931813
129703,60246,204763,265009,3.3987816618530693
129723,60246,204804,265050,3.3994622049596654
129745,60248,204808,265056,3.3994157482406053
129974,60360,205155,265515,3.3988568588469183
130276,60526,205558,266084,3.396193371443677
130328,60543,205616,266159,3.3961977437523743
130395,60561,205652,266213,3.395782764485395
130553,60641,205819,266460,3.3940568262396726
130685,60693,205966,266659,3.393570922511657
130720,60723,206035,266758,3.3930306473659075
131030,60795,206882,267677,3.402944321079036
131033,60798,206893,267691,3.402957334122833
131106,60850,206968,267818,3.4012818405916185
131260,60922,207152,268074,3.4002823282229735
131261,60924,207159,268083,3.400285601733307
131292,60952,207259,268211,3.4003642210263814
131311,60977,207287,268264,3.3994292930121195
131324,60984,207303,268287,3.399301456119638
131345,60992,207335,268327,3.3993802465897165
131401,61014,207477,268491,3.40048185662307
131456,61043,207593,268636,3.4007666726733614
131541,61054,207895,268949,3.4051004029220033
131570,61058,207916,268974,3.4052212650266958
131649,61111,208048,269159,3.4044280080509237
131661,61121,208084,269205,3.4044600055627363
131720,61194,208260,269454,3.403274830865771
131838,61272,208438,269710,3.4018474996735866
131848,61276,208450,269726,3.401821267706769
131850,61279,208464,269743,3.401883189999837
131910,61293,208499,269792,3.4016771898911786
132504,61677,209724,271401,3.4003599396857824
132836,61829,210194,272023,3.3996021284510505
132866,61858,210282,272140,3.3994309547673702
132894,61870,210318,272188,3.399353483109746
133952,62499,212727,275226,3.4036864589833438
133972,62513,212766,275279,3.4035480620031033
134002,62524,212799,275323,3.403477064807114
134082,62599,212967,275566,3.4020831003690155
134100,62609,212996,275605,3.4020029069303135
134169,62670,213139,275809,3.400973352481251
134206,62707,213267,275974,3.4010078619611845
134973,62949,214301,277250,3.404359084338115
134986,62954,214310,277264,3.404231661212949
135020,62981,214380,277361,3.4038837109604483
135040,63013,214439,277452,3.403091425578849
135072,63026,214464,277490,3.402786151746898
135135,63064,214527,277591,3.4017347456552076
135290,63157,214707,277864,3.399575660655193
135344,63196,214826,278022,3.3993607190328503
135460,63289,215074,278363,3.3982840620012955
135591,63375,216195,279570,3.411360946745562
135711,63453,216308,279761,3.4089483554757063
135799,63492,216437,279929,3.4088861588861588
135903,63523,216509,280032,3.4083560285251013
135990,63523,216709,280232,3.4115044944350865
135998,63536,216718,280254,3.410948123898262
136039,63562,216760,280322,3.410213649664894
136108,63606,216846,280452,3.409206678615225
136116,63614,216855,280469,3.408919420253403
136146,63632,216873,280505,3.408237993462409
136160,63642,216892,280534,3.408001005625216
136204,63668,216954,280622,3.407583087265188
136219,63671,216977,280648,3.4077837634087733
136220,63671,216979,280650,3.407815174883385
136244,63682,217023,280705,3.4079174649037403
136318,63707,217121,280828,3.4081184171284162
136328,63712,217129,280841,3.4079765193370166
136378,63726,217242,280968,3.4090010356840224
136412,63752,217318,281070,3.408802861086711
136520,63807,217456,281263,3.408027332424342
136538,63809,217460,281269,3.4079831998620884
136789,63951,217877,281828,3.406936560804366
136843,64005,218042,282047,3.4066401062416998
136858,64008,218065,282073,3.4068397700287463
136879,64014,218102,282116,3.407098447214672
136880,64014,218102,282116,3.407098447214672
136898,64025,218120,282145,3.406794221007419
136922,64059,218181,282240,3.405938275652133
136948,64066,218213,282279,3.4060656198295507
136969,64078,218231,282309,3.4057086675614094
137014,64114,218313,282427,3.4050753345603146
137029,64124,218336,282460,3.404903000436654
137482,64448,219074,283522,3.3992365938430984
137494,64463,219092,283555,3.3987248499139042
137504,64474,219115,283589,3.398501721624221
137539,64514,219186,283700,3.397495117338872
137552,64524,219204,283728,3.3972475358006324
137562,64524,219220,283744,3.397495505548323
137569,64528,219225,283753,3.397362385321101
137662,64614,219409,284023,3.395688240938496
137683,64621,219449,284070,3.39593940050448
137728,64669,219537,284206,3.394779569809337
137785,64707,219661,284368,3.39470227332437
137845,64743,219749,284492,3.39417388752452
137914,64814,219982,284796,3.3940506680655416
137924,64824,219988,284812,3.3936196470443045
138081,64879,220112,284991,3.392654017478691
140303,65014,222504,287518,3.422401328944535
140312,65016,222520,287536,3.422542143472376
141113,65278,223175,288453,3.4188394252274885
141170,65290,223208,288498,3.4187164956348597
141182,65298,223241,288539,3.4188030261263744
141253,65362,223348,288710,3.417092500229491
141254,65362,223350,288712,3.4171230990483767
141296,65376,223443,288819,3.4178138766519823
141519,65499,223693,289192,3.415212445991542
141544,65508,223727,289235,3.415262258044819
141553,65511,223746,289257,3.4153958877135135
141644,65576,223906,289482,3.4144504086861045
141783,65704,224183,289887,3.4120144892244
141849,65739,224260,289999,3.4113692024521214
141970,65815,224451,290266,3.4103319911874195
142022,65835,224532,290367,3.4105263157894736
142127,65929,224895,290824,3.4111695915302827
142130,65930,224898,290828,3.4111633550735627
142154,65954,224940,290894,3.4105588743669832
142230,65971,225067,291038,3.411605099210259
142254,65985,225113,291098,3.4115783890278095
143718,65985,227199,293184,3.443191634462378
143758,66010,227277,293287,3.4430692319345555
143790,66012,227324,293336,3.443676907228989
143795,66016,227329,293345,3.4435439893359185
143874,66057,227562,293619,3.444933920704846
143894,66074,227580,293654,3.4443200048430547
143911,66092,227651,293743,3.4444562125522
143946,66109,227696,293805,3.4442511609614423
143973,66117,227744,293861,3.44456040050214
144306,66194,228007,294201,3.44452669426232
144337,66194,228056,294250,3.4452669426231983
144371,66201,228111,294312,3.4457334481352246
144682,66387,228928,295315,3.4483859791826714
144709,66398,228949,295347,3.448130967800235
144896,66487,229127,295614,3.446192488757201
144985,66510,229200,295710,3.4460983310780335
145483,66717,229641,296358,3.4420162777103287
145499,66717,229667,296384,3.442405983482471
145515,66717,229693,296410,3.4427956892546128
145741,66734,229730,296464,3.4424731021668116
145769,66734,229778,296512,3.4431923757005425
145819,66751,229863,296614,3.4435888600919835
145828,66756,229868,296624,3.4434058361795192
145907,66779,229903,296682,3.4427439763997665
146006,66818,229995,296813,3.4421114071058696
146211,66818,230664,297482,3.452123679248107
146250,66841,230713,297554,3.451668885863467
146385,66930,231319,298249,3.456133273569401
146464,66989,231413,298402,3.4544925286241024
146478,67006,231456,298462,3.4542578276572247
146505,67031,231483,298514,3.4533723202697257
146533,67041,231528,298569,3.4535284378216313
146562,67041,231568,298609,3.4541250876329412
146566,67046,231581,298627,3.454061390686991
146640,67076,231704,298780,3.4543502892241635
146667,67080,231750,298830,3.454830053667263
146709,67102,231851,298953,3.4552025274954548
147235,67270,232206,299476,3.4518507507061096
147729,67270,233287,300557,3.4679203210940983
147895,67351,233625,300976,3.4687680954996956
148083,67464,234057,301521,3.469361437210957
148137,67477,234093,301570,3.4692265512693212
148291,67564,234365,301929,3.468785151856018
148328,67580,234411,301991,3.4686445693992307
148575,67688,234658,302346,3.466759248315802
148643,67699,234752,302451,3.4675844547186814
148648,67701,234760,302461,3.467600183158299
148676,67715,234811,302526,3.4676364173373697
148984,67741,235148,302889,3.4712803176805775
149000,67741,235174,302915,3.471664132504687
149073,67770,235243,303013,3.471196694702671
149097,67777,235257,303034,3.471044749693849
149234,67908,235752,303660,3.4716380986039934
149273,67908,235868,303776,3.4733462920421747
149311,67949,235957,303906,3.472560302579876
149382,68006,236102,304108,3.471781901596918
149788,68198,236690,304888,3.4706296372327636
149887,68206,236938,305144,3.4738586048148257
149969,68257,237194,305451,3.4750135517236327
149991,68259,237201,305460,3.4750142838307037
150007,68269,237211,305480,3.4746517453016743
150130,68312,237300,305612,3.473767420072608
150260,68313,237685,305998,3.479352392663183
150298,68343,237758,306101,3.4788932297382322
150373,68343,237758,306101,3.4788932297382322
150433,68398,237852,306250,3.477470101464955
150860,68528,238265,306793,3.476899953303759
150989,68615,238484,307099,3.4756831596589666
151001,68617,238505,307122,3.475887899500124
151092,68676,238626,307302,3.474663637952123
151147,68688,238680,307368,3.4748427672955975
151262,68748,239045,307793,3.4771193343806366
151705,68933,239561,308494,3.4752730912625305
151719,68933,239611,308544,3.4759984332612825
151740,68943,239699,308642,3.476770665622326
151749,68945,239714,308659,3.476887373993763
151791,68965,239764,308729,3.476604074530559
151821,68978,239792,308770,3.476354779784859
151853,69004,239879,308883,3.4763057214074546
151872,69010,239905,308915,3.476380234748587
151896,69027,239934,308961,3.475944195749489
151928,69043,239983,309026,3.475848384340194
152051,69045,240346,309391,3.4810051415743355
152101,69084,240495,309579,3.4811968038909153
152117,69102,240546,309648,3.4810280454979594
152137,69120,240567,309687,3.4804253472222224
152197,69156,240624,309780,3.4794377928162414
152231,69156,240624,309780,3.4794377928162414
152498,69244,241111,310355,3.4820489861937496
152573,69247,241214,310461,3.4833855618293934
152950,69436,241683,311119,3.480658448067285
152988,69448,241701,311149,3.48031620781016
153226,69612,242069,311681,3.4774033212664484
153257,69629,242121,311750,3.4773011245314454
153329,69632,242305,311937,3.479793772977941
153340,69651,242327,311978,3.4791603853498154
153343,69651,242336,311987,3.4792896010107537
153404,69682,242456,312138,3.479463850061709
153431,69689,242492,312181,3.479630931710887
153516,69770,242660,312430,3.477999140031532
153603,69830,242811,312641,3.4771731347558354
153616,69837,242820,312657,3.476953477383049
153654,69852,242854,312706,3.4766935807135084
153667,69852,242854,312706,3.4766935807135084
153968,69884,243421,313305,3.4832150420697157
153988,69900,243432,313332,3.4825751072961375
154042,69947,243504,313451,3.4812643858921755
154067,69954,243523,313477,3.4811876375904167
154081,69954,243532,313486,3.4813162935643422
154277,70020,243794,313814,3.4817766352470723
154303,70043,243846,313889,3.481375726339534
154603,70047,244385,314432,3.488871757534227
154628,70066,244416,314482,3.4883681100676505
155025,70225,245009,315234,3.4889142043431827
155112,70267,245186,315453,3.4893477734925358
155151,70292,245341,315633,3.4903118420303874
155162,70292,245351,315643,3.490454105730382
155212,70332,245495,315827,3.4905164078939883
155236,70332,245528,315860,3.490985611101632
155238,70336,245532,315868,3.490843949044586
155284,70360,245628,315988,3.491017623649801
155513,70409,245835,316244,3.49152807169538
155803,70462,246049,316511,3.4919389174306716
155845,70479,246091,316570,3.4916925609046667
155858,70490,246114,316604,3.4914739679387146
155865,70490,246114,316604,3.4914739679387146
156063,70618,246500,317118,3.490611458834858
156201,70695,246674,317369,3.489270811231346
156223,70706,246694,317400,3.489010833592623
156294,70770,246757,317527,3.4867457962413453
156371,70791,246786,317577,3.4861211170911557
156412,70803,246842,317645,3.4863212010790505
156425,70809,246859,317668,3.4862658701577485
156517,70842,247016,317858,3.4868580785409784
156527,70842,247032,317874,3.4870839332599304
156652,70844,247401,318245,3.492194116650669
156683,70859,247417,318276,3.491680661595563
158147,70859,249503,320362,3.521119406144597
158167,70867,249527,320394,3.52106057826633
158463,71019,250003,321022,3.5202269815119895
158761,71028,250393,321421,3.525271723827223
158997,71149,250651,321800,3.5229026409366258
159051,71149,250809,321958,3.525123332724283
159314,71260,251148,322408,3.52438955936009
159364,71282,251211,322493,3.5241856289105242
159399,71300,251269,322569,3.524109396914446
159494,71313,251360,322673,3.5247430342293833
159730,71331,252027,323358,3.5332043571518694
159812,71358,252109,323467,3.533016620420976
159835,71365,252169,323534,3.5335108246339244
159889,71379,252212,323591,3.5334201936143685
160000,71451,252406,323857,3.5325747715217424
160081,71489,252579,324068,3.5331169830323548
160137,71511,252613,324124,3.532505488666079
160203,71533,252745,324278,3.5332643674947226
160266,71551,252867,324418,3.5340805858758086
160463,71618,253264,324882,3.536317685498059
161219,72067,254661,326728,3.5336700570302635
161661,72097,255679,327776,3.5463195417285047
161721,72124,255762,327886,3.546142754145638
161744,72136,255799,327935,3.5460657646667406
161754,72138,255806,327944,3.54606448751005
161899,72170,255945,328115,3.5464181792988776
162004,72170,256201,328371,3.5499653595676874
162068,72217,256440,328657,3.550964454352853
162100,72244,256482,328726,3.5502187032833175
162115,72255,256514,328769,3.5501210988858904
162173,72287,256599,328886,3.5497254001411043
162194,72305,256644,328949,3.549464075790056
162231,72326,256708,329034,3.549318364073777
162245,72332,256730,329062,3.549328098213792
162290,72377,256826,329203,3.548447711289498
162321,72400,256898,329298,3.548314917127072
162350,72412,256916,329328,3.5479754736783957
162353,72414,256923,329337,3.5479741486452894
162485,72444,257002,329446,3.547595384020761
162495,72449,257017,329466,3.547557592237298
162526,72459,257079,329538,3.547923653376392
162531,72459,257079,329538,3.547923653376392
162643,72469,257184,329653,3.5488829706495193
162672,72483,257204,329687,3.5484734351503113
162692,72484,257237,329721,3.5488797527730256
163014,72634,257912,330546,3.5508439573753336
163109,72687,258031,330718,3.549892002696493
163138,72705,258092,330797,3.5498521422185543
163534,72814,258757,331571,3.553670997335677
163591,72836,258808,331644,3.5532978197594596
163593,72836,258813,331649,3.5533664671316383
163624,72859,258860,331719,3.552889828298494
163647,72869,258891,331760,3.552827677064321
163708,72878,259036,331914,3.554378550454184
165278,72988,268557,341545,3.679467857730038
165338,73012,268621,341633,3.6791349367227304
165383,73029,268642,341671,3.6785660491037806
165538,73186,268932,342118,3.674637225698904
165542,73186,268941,342127,3.674760200038259
165595,73189,269035,342224,3.675893918485018
165614,73203,269056,342259,3.675477780965261
165640,73222,269078,342300,3.674824506295922
165902,73315,269317,342632,3.6734229011798405
166215,73315,270103,343418,3.6841437632135308
166323,73389,270586,343975,3.687010314897328
166367,73403,270651,344054,3.6871926215549773
166394,73425,270699,344124,3.686741573033708
166399,73430,270704,344134,3.686558627264061
166468,73467,270773,344240,3.6856411722269864
166491,73485,270802,344287,3.685133020344288
166514,73515,270853,344368,3.6843229272937497
166525,73515,270863,344378,3.6844589539549752
166661,73607,271135,344742,3.683549118969663
166670,73614,271155,344769,3.6834705354959656
167014,73672,271915,345587,3.6908866326419805
167186,73737,272226,345963,3.691850766914846
167210,73754,272260,346014,3.6914608021259863
167270,73785,272325,346110,3.690790811140476
167411,73907,272674,346581,3.689420487910482
167443,73914,272688,346602,3.689260491923046
167592,74005,272868,346873,3.6871562732247822
167622,74044,272931,346975,3.6860650424072174
167630,74054,272957,347011,3.685918383882032
167812,74096,273090,347186,3.685624055279637
167853,74143,273231,347374,3.6851894312342366
167963,74197,273380,347577,3.684515546450665
168013,74216,273480,347696,3.6849196938665516
168067,74251,273582,347833,3.684556436950344
168099,74275,273647,347922,3.684240996297543
168129,74296,273669,347965,3.6834957467427585
168139,74297,273672,347969,3.683486547236093
168197,74333,273862,348195,3.684258673805712
168208,74333,273872,348205,3.6843932035569664
168223,74341,273921,348262,3.6846558426709355
168534,74446,274519,348965,3.687491604653037
168565,74455,274546,349001,3.6874085017795983
168733,74502,274852,349354,3.6891895519583366
169523,74972,275968,350940,3.680947553753401
169539,74978,275974,350952,3.6807330150177386
169606,74990,276025,351015,3.6808241098813177
169640,75007,276045,351052,3.6802565093924566
169667,75039,276111,351150,3.6795666253548154
170602,75487,277083,352570,3.670605534727834
170627,75507,277160,352667,3.6706530520349108
170641,75519,277176,352695,3.670281650975251
170672,75539,277213,352752,3.6697997061120744
170800,75595,277377,352972,3.6692506118129504
171364,75664,279815,355479,3.6981259251427363
171368,75664,279824,355488,3.6982448720659757
171412,75680,279867,355547,3.6980311839323465
171755,75806,280323,356129,3.6978999023823973
171766,75811,280342,356153,3.6979066362401234
171808,75820,280361,356181,3.697718280137167
171849,75833,280382,356215,3.6973613070826685
171914,75868,280468,356336,3.696789160120209
171940,75894,280514,356408,3.6961288112367248
171964,75901,280564,356465,3.696446687131922
171975,75903,280581,356484,3.696573257973993
171996,75904,280582,356486,3.696537731871838
172012,75904,280608,356512,3.6968802698145025
172041,75936,280716,356652,3.6967446270543616
172129,76007,280985,356992,3.696830555080453
172214,76046,281108,357154,3.696552086894774
172272,76061,281189,357250,3.696888024085931
172308,76070,281220,357290,3.696858156960694
172814,76288,281844,358132,3.6944735738255035
172847,76322,281880,358202,3.6932994418385263
172932,76382,282039,358421,3.6924799036422193
172986,76394,282114,358508,3.6928816399193654
173108,76468,282311,358779,3.6918841868494012
173166,76489,282403,358892,3.692073370027063
173238,76530,282535,359065,3.6918202012282766
173247,76537,282555,359092,3.6917438624456147
173313,76560,282599,359159,3.6912095088819226
173322,76568,282607,359175,3.6909283251488874
173395,76645,282799,359444,3.6897253571661555
173433,76654,282826,359480,3.689644376027344
173472,76676,282857,359533,3.688990035995618
173561,76736,283090,359826,3.689141993327773
173579,76754,283131,359885,3.6888110065924904
173580,76754,283131,359885,3.6888110065924904
173598,76762,283208,359970,3.689429665720018
173609,76762,283218,359980,3.6895599385112425
173646,76797,283275,360072,3.688620649244111
173708,76827,283361,360188,3.688299686308199
173950,77005,283995,361000,3.6880072722550485
174003,77071,284091,361162,3.686094640007266
174059,77085,284154,361239,3.6862424596224947
174067,77088,284168,361256,3.686280614362806
174076,77090,284184,361274,3.686392528213776
174146,77122,284261,361383,3.6858613625165324
174411,77278,284727,362005,3.6844509433473953
174445,77289,284826,362115,3.68520746807437
174448,77292,284832,362124,3.6851420586865395
174489,77315,284923,362238,3.6852227898855334
174521,77328,284966,362294,3.6851593213325056
174778,77507,285502,363009,3.6835640651812094
174813,77518,285520,363038,3.6832735622694086
174840,77535,285550,363085,3.6828529051396144
174940,77554,285732,363286,3.6842973927843823
174951,77561,285752,363313,3.684222740810459
175071,77578,285845,363423,3.684614194745933
175125,77624,285962,363586,3.6839379573327835
175280,77652,286486,364138,3.6893576469376193
175285,77652,286492,364144,3.6894349147478493
175447,77707,286704,364411,3.6895517778321127
175764,77858,287148,365006,3.6880988466182023
175856,77880,287212,365092,3.687878787878788
175899,77892,287284,365176,3.688234992040261
175902,77892,287293,365185,3.6883505366404767
175926,77907,287324,365231,3.6880383020781187
175956,77925,287431,365356,3.68855951235162
176149,77999,287707,365706,3.688598571776561
176212,78041,287803,365844,3.687843569405825
176310,78091,288034,366125,3.6884404092661125
176330,78110,288064,366174,3.6879272820381512
176340,78110,288093,366203,3.688298553322238
176458,78195,288332,366527,3.687345738218556
176720,78255,288515,366770,3.6868570698357934
176746,78267,288589,366856,3.6872372775243716
176899,78412,288939,367351,3.6848824159567415
176975,78447,289022,367469,3.6842964039415147
177006,78473,289076,367549,3.6837638423406776
177111,78542,289243,367785,3.6826538667209903
179505,79835,293124,372959,3.671622721863844
179531,79854,293156,373010,3.671149848473464
179705,79989,293597,373586,3.6704671892385203
179782,79993,293663,373656,3.671108722013176
179920,80098,293923,374021,3.66954231066943
179958,80129,293986,374115,3.6689088844238666
179968,80133,293991,374124,3.6687881397177193
180438,80332,294600,374932,3.667280784743315
180479,80355,294673,375028,3.667139568166262
180522,80397,294733,375130,3.665970123263306
180727,80431,294934,375365,3.666919471348112
180952,80486,295448,375934,3.670799890664215
181016,80486,295600,376086,3.6726884178614916
181092,80534,295725,376259,3.672051555864604
181155,80546,295797,376343,3.672398381049338
181246,80603,295895,376498,3.6710172077962357
181292,80612,295919,376531,3.67090507616732
181314,80626,295945,376571,3.6705901322154144
181502,80706,296153,376859,3.6695289073922632
181676,80814,296460,377274,3.6684237879575323
181693,80820,296478,377298,3.6683741648106905
182228,81201,297312,378513,3.6614327409760965
182244,81207,297362,378569,3.6617779255482903
182292,81221,297439,378660,3.6620947784439983
182481,81248,297570,378818,3.662490153603781
182554,81265,297621,378886,3.6623515658647636
182569,81271,297633,378904,3.662228839315377
183588,81488,298921,380409,3.6682824464951893
183733,81561,299411,380972,3.671006976373512
183778,81604,299486,381090,3.6699916670751436
183822,81613,299590,381203,3.6708612598483086
183846,81624,299610,381234,3.670611584827992
183904,81632,299634,381266,3.670545864366915
183930,81638,299666,381304,3.6706680712413338
184001,81638,299793,381431,3.6722237193463827
184034,81675,299851,381526,3.671270278543006
184187,81714,299966,381680,3.670925422816164
184277,81747,300052,381799,3.67049555335364
184320,81788,300170,381958,3.6700983029295253
184339,81788,300185,381973,3.670281703917445
184347,81793,300197,381990,3.670204051691465
184552,81882,300401,382283,3.668706186951955
185668,82328,301792,384120,3.665727334564182
185684,82330,301816,384146,3.6659297947285316
185809,82388,302018,384406,3.6658008447832207
185848,82403,302026,384429,3.665230634806985
185857,82408,302043,384451,3.665214542277449
185894,82438,302106,384544,3.6646449452922196
185944,82468,302469,384937,3.6677135373720717
186225,82631,302980,385611,3.666662632668127
186235,82631,302996,385627,3.666856264598032
186614,82865,304664,387529,3.6766306643335547
186639,82874,304739,387613,3.677136375702874
186664,82911,304810,387721,3.6763517506724077
186828,82920,305743,388663,3.6872045344910758
187070,83007,305991,388998,3.6863276591130867
187099,83032,306026,389058,3.685639271606128
187137,83054,306064,389118,3.685120523996436
187152,83054,306064,389118,3.685120523996436
187155,83054,306073,389127,3.6852288872299948
187169,83060,306100,389160,3.685287743799663
187279,83098,306220,389318,3.6850465715179666
187622,83098,306802,389900,3.6920503501889335
187638,83105,306837,389942,3.6921605198243186
187705,83149,306945,390094,3.6915056104102275
187744,83168,307036,390204,3.6917564447864564
187780,83184,307098,390282,3.691791690709752
187938,83280,307365,390645,3.690742074927954
187963,83291,307410,390701,3.690794923821301
187986,83304,307473,390777,3.690975223278594
188033,83315,307497,390812,3.690775970713557
188038,83325,307504,390829,3.6904170417041704
188107,83366,307646,391012,3.690305400283089
188129,83368,307650,391018,3.6902648498224737
188418,83530,308084,391614,3.68830360349575
188437,83538,308109,391647,3.6882496588378944
188884,83784,308762,392546,3.6852143607371337
188955,83799,308851,392650,3.6856167734698504
188976,83815,308865,392680,3.685080236234564
189009,83842,308905,392747,3.68437060184633
189117,83866,309012,392878,3.6845920873774833
189637,84214,310207,394421,3.683556178307645
189755,84266,310349,394615,3.682968219685282
189806,84304,310412,394716,3.682055418485481
189842,84315,310435,394750,3.681847832532764
189905,84328,310490,394818,3.681932454226354
189970,84379,310629,395008,3.6813543654226764
190033,84412,310684,395096,3.680566744064825
190145,84489,310922,395411,3.680029352933518
190169,84504,310946,395450,3.679660134431506
190219,84516,311021,395537,3.6800250840077617
190252,84521,311037,395558,3.6799966872138286
190295,84539,311117,395656,3.6801594530335113
190355,84565,311201,395766,3.6800212854017618
190364,84570,311215,395785,3.6799692562374364
190406,84588,311297,395885,3.6801555776233035
190414,84591,311319,395910,3.680285136716672
190444,84617,311400,396017,3.680111561506553
190466,84622,311445,396067,3.680425893975562
190472,84625,311460,396085,3.6804726735598225
190493,84636,311490,396126,3.6803487877498937
190532,84647,311541,396188,3.6804730232613085
190637,84711,311638,396349,3.6788374591257336
190674,84716,311678,396394,3.6790924972850467
190701,84754,311713,396467,3.677855912405314
190755,84784,311792,396576,3.6774863181732402
190786,84818,311877,396695,3.6770143129995994
190821,84840,311912,396752,3.6764733616218765
191329,84840,312814,397654,3.6871051390853373
191357,84854,312843,397697,3.6868385697786787
191465,84881,312976,397857,3.687232714034943
191562,84914,313086,398000,3.6870951786513415
191588,84928,313124,398052,3.686934815373022
191602,84943,313147,398090,3.6865545130263824
191660,84980,313220,398200,3.685808425511885
191724,85025,313316,398341,3.6849867685974713
191756,85037,313382,398419,3.685242894269553
191837,85037,313437,398474,3.685889671554735
191999,85140,313695,398835,3.68446088794926
192038,85158,313902,399060,3.686112872542803
192102,85210,313944,399154,3.6843562962093652
192150,85249,314111,399360,3.684629731727058
192157,85255,314117,399372,3.684440795261275
192239,85303,314173,399476,3.683024043703035
192263,85306,314176,399482,3.682929688415821
192785,85629,314956,400585,3.6781464223569116
192874,85664,315044,400708,3.6776709002614867
192988,85717,315290,401007,3.6782668548829287
193006,85721,315303,401024,3.6782468706617983
193014,85721,315303,401024,3.6782468706617983
193159,85830,315530,401360,3.6762204357450776
193199,85857,315603,401460,3.675914602187358
193328,85933,315851,401784,3.6755495560494804
193362,85947,315888,401835,3.6753813396628154
193406,85985,315968,401953,3.6746874454846776
193426,85985,315989,401974,3.6749316741292084
193462,86005,316125,402130,3.6756583919539563
193515,86045,316204,402249,3.674867801731652
193651,86147,316415,402562,3.6729659767606533
193786,86232,316581,402813,3.671270526022822
193943,86280,316885,403165,3.6727515067222996
193969,86305,316921,403226,3.672104744800417
193978,86313,316952,403265,3.6721235503342484
194071,86361,317110,403471,3.671912089948009
194114,86372,317191,403563,3.6723822535080815
194183,86400,317324,403724,3.6727314814814815
194213,86426,317358,403784,3.6720199939832923
194556,86700,318212,404912,3.6702652825836215
194593,86728,318264,404992,3.6696799188266764
194602,86728,318275,405003,3.6698067521446363
194608,86729,318285,405014,3.669879740340601
194645,86737,318345,405082,3.6702330032166204
194744,86789,318472,405261,3.6694972865224855
194778,86813,318527,405340,3.6691163765795447
194901,86853,318604,405457,3.6683131267774285
195096,86896,318668,405564,3.6672343951390167
195111,86906,318683,405589,3.66698501829563
195172,86933,318813,405746,3.6673415158800458
195186,86953,318845,405798,3.666866008073327
195210,86956,318848,405804,3.6667740006440037
195287,87023,318981,406004,3.6654792411201638
195327,87051,319043,406094,3.66501246395791
195351,87066,319075,406141,3.6647485815358465
195413,87066,319139,406205,3.665483656076999
195484,87076,319160,406236,3.6653038724792135
195498,87076,319186,406262,3.665602462216914
195709,87253,319655,406908,3.663541654728204
195767,87278,319740,407018,3.663466165585829
196060,87338,320536,407874,3.6700634317250223
196208,87378,320625,408003,3.669401908947332
196209,87378,320628,408006,3.6694362425324454
196212,87378,320637,408015,3.669539243287784
196253,87378,320660,408038,3.669802467440317
196266,87392,320701,408093,3.6696837239106554
196305,87404,320758,408162,3.669832044300032
196422,87408,321256,408664,3.6753615229727257
196525,87470,321529,408999,3.675877443694981
196733,87579,321907,409486,3.6756185843638316
197022,87588,322494,410082,3.6819427318810796
197592,87601,323499,411100,3.6928688028675474
197693,87656,323594,411250,3.691635484165374
197703,87656,323594,411250,3.691635484165374
197733,87665,323650,411315,3.6918952831802887
197915,87808,324016,411824,3.690051020408163
198100,87905,324241,412146,3.688538763437802
198133,87913,324321,412234,3.689113100451583
198151,87920,324338,412258,3.6890127388535032
198262,87991,324531,412522,3.688229478014797
198302,88014,324665,412679,3.6887881473401958
198338,88044,324713,412757,3.688076416337286
198383,88075,324795,412870,3.687709338631848
198516,88075,324795,412870,3.687709338631848
198549,88092,324886,412978,3.6880306951823094
198647,88157,325091,413248,3.687636829746929
198670,88167,325151,413318,3.687899100570508
198682,88173,325178,413351,3.687954362446554
198711,88182,325207,413389,3.6879068290580843
198715,88183,325210,413393,3.6878990281573545
199207,88285,325960,414245,3.6921334315002547
199261,88319,326055,414374,3.6917877240457884
199305,88334,326085,414419,3.691500441506102
199358,88355,326143,414498,3.6912794974817498
199383,88374,326189,414563,3.6910064045986375
199384,88374,326191,414565,3.6910290356892297
199823,88404,327057,415461,3.699572417537668
199940,88494,327284,415778,3.698375031075553
199949,88506,327295,415801,3.6979978758502248
200058,88572,327450,416022,3.6969922774691777
200130,88623,327596,416219,3.696512192094603
200167,88624,327620,416244,3.696741289041343
200193,88638,327646,416284,3.696450732191611
200481,88652,328232,416884,3.702477101475432
200590,88716,328366,417082,3.7013165607105822
200616,88729,328403,417132,3.7011912677929426
200640,88751,328437,417188,3.700656894006828
200653,88758,328472,417230,3.7007593681696296
200662,88762,328488,417250,3.7007728532480115
200689,88770,328514,417284,3.7007322293567646
200732,88791,328713,417504,3.7020981856269217
200825,88852,328804,417656,3.700580741007518
200834,88854,328821,417675,3.700688770342359
200958,88936,329199,418135,3.7015269407214175
201029,88957,329331,418288,3.7021369875333026
201085,88972,329397,418369,3.702254641909814
201181,89054,329579,418633,3.700889348036023
201246,89054,329722,418776,3.702495115323287
201674,89228,330455,419683,3.703489935894562
201795,89260,330663,419923,3.7044924938382255
202246,89471,331393,420864,3.703915235104112
202279,89518,331450,420968,3.702607296856498
202281,89519,331454,420973,3.702610618974743
202377,89587,331760,421347,3.7032158683737597
202411,89592,331836,421428,3.70385748727565
202469,89601,331933,421534,3.704568029374672
202547,89668,332017,421685,3.702736762278628
203574,90241,333523,423764,3.695914273999623
203672,90276,333714,423990,3.696597102219859
203677,90278,333717,423995,3.6965484392653805
204155,90816,335360,426176,3.692741367159972
204321,90875,335590,426465,3.6928748280605226
204407,90930,335762,426692,3.6925327174749807
204456,90940,335781,426721,3.6923356058939962
204479,90942,335792,426734,3.6923753601196365
204490,90942,335802,426744,3.6924853203140464
204505,90951,335834,426785,3.692471770513793
204543,90960,335900,426860,3.6928320140721196
204573,90968,335931,426899,3.692848034473661
204582,90970,335951,426921,3.6929866989117293
204600,90983,335981,426964,3.6927887627358955
205199,91409,337402,428811,3.6911245063396385
205274,91474,337596,429070,3.6906224719592453
208106,92432,340893,433325,3.6880409382032195
208122,92459,340918,433377,3.6872343417082165
208160,92474,340974,433448,3.6872418193221876
208183,92481,341000,433481,3.687243866307674
208432,92684,341451,434135,3.6840339217124853
208440,92687,341466,434153,3.6840765155847097
208517,92743,341619,434362,3.6835017198063467
208572,92771,341673,434444,3.6829720494551097
208612,92796,341758,434554,3.6828958144747617
208622,92796,341787,434583,3.68320832794517
208623,92796,341789,434585,3.6832298805983017
208668,92811,341835,434646,3.6831302324077964
208870,92832,341908,434740,3.6830834195105138
208904,92853,341963,434816,3.682842772985256
208959,92908,342082,434990,3.681943427907177
208968,92918,342092,435010,3.6816547923975977
208982,92925,342111,435036,3.681581920903955
209014,92940,342170,435110,3.681622552184205
209119,93006,342455,435461,3.682074274777971
209125,93007,342465,435472,3.6821422043502103
209216,93048,342617,435665,3.6821532972229387
209277,93075,342673,435748,3.6816868117109856
209285,93083,342683,435766,3.6814778208695467
209308,93083,342711,435794,3.681778627676375
209331,93087,342736,435823,3.681888985572636
209596,93294,343354,436648,3.6803438591978046
210022,93294,344167,437461,3.6890582459750894
210028,93297,344179,437476,3.689068244423722
210173,93357,344279,437636,3.687768458712255
210204,93371,344325,437696,3.6877081749151235
210367,93436,344480,437916,3.68680166103001
210391,93455,344521,437976,3.6864908244609707
210392,93455,344523,437978,3.686512225135092
210538,93523,344705,438228,3.6857778300525004
210740,93579,344861,438440,3.685239209651738
210856,93628,345034,438662,3.685158285982826
211141,93628,345634,439262,3.6915666253684796
211575,93791,346184,439975,3.691015129383416
211673,93840,346303,440143,3.6903559249786873
211748,93889,346398,440287,3.689441787642855
211937,94082,346788,440870,3.6860185795369995
211965,94097,346829,440926,3.6858667120099473
211975,94103,346849,440952,3.6858442345089957
212035,94139,346957,441096,3.685581958593144
228371,94272,378937,473209,4.019613458927359
228386,94279,378957,473236,4.019527148145398
228729,94561,379569,474130,4.014012119161176
228758,94573,379587,474160,4.0136931259450375
228764,94580,379601,474181,4.013544089659548
228835,94624,379755,474379,4.013305292526209
228944,94624,379959,474583,4.015461193777477
228980,94640,379982,474622,4.0150253592561285
228991,94640,380008,474648,4.015300084530854
229021,94654,380061,474715,4.015266127157859
229052,94654,380100,474754,4.015678154119213
229232,94797,380360,475157,4.012363260440731
229288,94813,380410,475223,4.012213515024311
229378,94866,380810,475676,4.0141884342124685
229613,94890,381500,476390,4.020444725471599
229621,94903,381524,476427,4.020146886821281
229670,94906,381552,476458,4.020314837839546
229707,94918,381569,476487,4.019985671843065
231925,95794,386769,482563,4.0375075683236945
231934,95796,386785,482581,4.037590296045764
231959,95817,386827,482644,4.037143721886513
231981,95831,386870,482701,4.03700264006428
231985,95832,386886,482718,4.037127473077886
232141,95947,387222,483169,4.035790592723066
232183,95977,387281,483258,4.035143836544172
232197,95989,387302,483291,4.034858160830929
232415,96020,387871,483891,4.0394813580504065
232458,96033,387913,483946,4.039371882582029
232704,96108,388220,484328,4.039413992591668
232769,96141,388318,484459,4.039046816654705
232890,96200,388473,484673,4.038180873180873
233237,96469,389213,485682,4.034591423151479
233249,96473,389248,485721,4.034786935204669
233320,96483,389296,485779,4.034866245867147
233493,96504,389415,485919,4.035221337975628
234018,96527,390068,486595,4.041024790991122
234042,96539,390110,486649,4.04095754047587
234148,96593,390231,486824,4.039951135175427
234163,96600,390262,486862,4.039979296066252
234193,96609,390289,486898,4.039882412611662
234225,96630,390326,486956,4.039387353823864
234371,96697,390513,487210,4.0385223946968365
234685,96861,391194,488055,4.0387152724006565
235051,97075,392082,489157,4.038959567344836
235085,97107,392123,489230,4.038050809931313
235095,97113,392158,489271,4.038161729119685
235330,97245,392907,490152,4.040382538948018
235579,97258,392976,490234,4.040551934031134
235609,97277,393020,490297,4.040215055974177
236390,97286,394154,491440,4.0514976461155765
236409,97291,394192,491483,4.0516800115118565
236439,97313,394230,491543,4.05115452200631
236509,97358,394385,491743,4.050874093551634
236513,97360,394388,491748,4.050821692686935
236548,97363,394484,491847,4.0516828774791245
236749,97527,394828,492355,4.048396854204476
236792,97537,394870,492407,4.048412397346648
236825,97548,394909,492457,4.048355681305614
236831,97555,394914,492469,4.0481164471323865
236897,97593,394980,492573,4.047216501183486
237313,97769,395459,493228,4.044830160889443
237536,97842,395710,493552,4.044377670121216
237729,97922,396022,493944,4.044259716917547
237999,97978,396291,494269,4.044693706750495
238007,97986,396355,494341,4.045016635029494
238039,98013,396406,494419,4.044422678624264
238116,98032,396476,494508,4.0443528643708175
238147,98051,396500,494551,4.043813933565185
238234,98062,396661,494723,4.045002141502315
238274,98079,396728,494807,4.044984145433783
238290,98086,396748,494834,4.044899374018718
238319,98113,396784,494897,4.044153170324014
238367,98134,396849,494983,4.0439501090345855
238424,98200,396998,495198,4.042749490835031
238743,98276,397507,495783,4.044802393259799
238765,98287,397535,495822,4.04463459053588
238780,98297,397572,495869,4.044599529995829
238800,98306,397598,495904,4.044493723679125
239642,98586,398754,497340,4.044732517801716
239784,98648,398883,497531,4.043498094234044
239833,98685,398965,497650,4.042812990829407
239900,98729,399043,497772,4.041801294452491
239909,98731,399065,497796,4.041942247115901
239991,98785,399155,497940,4.040643822442679
240023,98795,399188,497983,4.040568854699124
240067,98826,399237,498063,4.03979721935523
240086,98831,399243,498074,4.039653549999494
240112,98843,399268,498111,4.039416043624739
240118,98843,399284,498127,4.039577916493833
240159,98857,399354,498211,4.039713930222443
240239,98904,399503,498407,4.039300736067298
240366,99003,399751,498754,4.0377665323273035
240416,99033,399802,498835,4.0370583542859455
240487,99065,399974,499039,4.037490536516429
240513,99080,400009,499089,4.037232539362131
240571,99099,400097,499196,4.037346491891946
240582,99107,400113,499220,4.037182035577709
240616,99133,400155,499288,4.036546861287362
240620,99133,400157,499290,4.036567036203888
240640,99144,400192,499336,4.036472202049544
240748,99185,400312,499497,4.0360135101073755
240768,99185,400353,499538,4.036426879064375
241146,99185,401038,500223,4.043333165297172
241186,99211,401105,500316,4.042948866557135
241267,99261,401246,500507,4.042332839685274
241301,99269,401253,500522,4.042077587162155
241315,99292,401307,500599,4.041685130725536
241346,99309,401322,500631,4.041144307162493
241383,99332,401426,500758,4.041255587323319
241400,99346,401455,500801,4.040977996094457
241435,99365,401487,500852,4.040527348664017
242190,99760,402650,502410,4.036186848436247
242223,99780,402685,502465,4.035728602926438
242247,99796,402723,502519,4.035462343180088
242676,99906,402948,502854,4.033271274998499
242693,99912,402960,502872,4.033149171270718
242718,99924,403029,502953,4.03335535006605
242818,99967,403124,503091,4.032570748346955
242839,99972,403165,503137,4.032779178169887
245461,100622,410444,511066,4.079068195821987
245478,100625,410460,511085,4.079105590062111
245494,100635,410494,511129,4.07903810801411
245517,100658,410545,511203,4.078612728248127
245631,100722,410728,511450,4.077838009570898
245644,100725,410738,511463,4.077815835194837
245693,100743,410806,511549,4.077762226655946
245732,100758,410833,511591,4.077423132654479
245809,100820,410973,511793,4.0763043047014484
245820,100828,410987,511815,4.0761197286468045
245879,100875,411092,511967,4.0752614622057
245917,100905,411144,512049,4.074565185075071
245961,100911,411257,512168,4.075442716849501
245990,100923,411298,512221,4.07536438671066
246002,100932,411316,512248,4.075179328656917
246102,100952,411353,512305,4.074738489579206
246164,101009,411484,512493,4.07373600372244
246253,101037,411598,512635,4.073735364272494
246361,101112,411828,512940,4.072988369333017
246771,101134,412464,513598,4.078391045543536
246775,101134,412473,513607,4.078480036387368
246849,101158,412532,513690,4.078095652345835
247037,101282,412811,514093,4.0758575067632945
247067,101291,412846,514137,4.075840894057715
247426,101551,413645,515196,4.073273527587124
247503,101580,413694,515274,4.0725930301240405
247523,101591,413715,515306,4.072358771938459
247613,101611,413961,515572,4.07397821102046
248116,102032,415272,517304,4.070017249490356
248126,102032,415288,517320,4.070174063039047
248174,102055,415377,517432,4.070128852089559
248288,102116,415561,517677,4.06949939284735
248381,102183,415670,517853,4.067897791217717
248426,102201,415815,518016,4.068600111544897
248450,102205,415864,518069,4.068920307225674
248478,102218,415924,518142,4.068989806100687
248686,102362,416360,518722,4.067525058127039
248707,102374,416400,518774,4.067438998183133
248762,102393,416522,518915,4.067875733692733
248880,102432,416809,519241,4.069128787878788
249007,102482,416901,519383,4.068041216994204
250963,103368,419676,523044,4.060018574413745
250990,103385,419711,523096,4.059689510083667
251040,103385,419818,523203,4.060724476471441
251100,103415,419902,523317,4.060358748730842
251115,103418,419925,523343,4.06046336227736
251228,103461,420002,523463,4.059520012371812
251230,103462,420003,523465,4.059490440934836
251252,103472,420032,523504,4.0593783825576
251289,103472,420137,523609,4.060393149837637
251321,103499,420200,523699,4.059942608141141
251334,103509,420205,523714,4.059598682240192
251506,103530,420376,523906,4.060426929392446
251583,103540,420429,523969,4.060546648638208
251942,103650,421185,524835,4.063531114327062
251972,103653,421223,524876,4.063780112490714
251980,103658,421231,524889,4.063661270717166
252517,103930,422155,526085,4.061916674684884
252784,104041,422833,526874,4.064099729914169
252826,104048,422917,526965,4.064633630632016
252863,104067,422980,527047,4.064496910644104
252898,104067,423063,527130,4.065294473752487
253064,104236,423494,527730,4.062838174910779
253337,104246,424282,528528,4.070007482301479
253372,104273,424345,528618,4.069557795402453
254388,104707,425503,530210,4.063749319529736
254401,104710,425520,530230,4.063795244007258
254435,104738,425584,530322,4.063319902996048
254447,104743,425592,530335,4.063202314235796
254569,104826,425785,530611,4.0618262644763705
254776,105025,426178,531203,4.057871935253511
254818,105047,426228,531275,4.057498072291451
255118,105260,426964,532224,4.056279688390652
255131,105266,426991,532257,4.056304979765546
255177,105283,427034,532317,4.056058432985382
255239,105334,427204,532538,4.055708508173999
255251,105341,427224,532565,4.055628862456214
255264,105351,427234,532585,4.0553388197549145
255329,105385,427278,532663,4.054447976467239
255348,105385,427293,532678,4.054590311714191
255378,105415,427335,532750,4.053834843238628
255458,105415,427457,532872,4.054992173789309
255509,105425,427571,532996,4.055688878349538
256144,105631,428654,534285,4.058032206454545
256164,105631,428678,534309,4.0582594124830775
256194,105652,428740,534392,4.058039601711279
256213,105665,428779,534444,4.057909430748119
256368,105756,429009,534765,4.05659253375695
256541,105765,430002,535767,4.065636079988654
256549,105765,430021,535786,4.065815723538033
256559,105769,430035,535804,4.0657943253694375
256566,105773,430048,535821,4.065763474610723
256836,105852,430559,536411,4.067556588444243
256841,105856,430583,536439,4.067629610036276
256948,105880,430700,536580,4.067812618058179
256951,105880,430709,536589,4.06789761994711
257126,105950,430924,536874,4.067239263803681
257207,105995,431070,537065,4.06688994763904
257215,106003,431104,537107,4.066903766874522
257368,106081,431341,537422,4.066147566482217
257503,106191,431596,537787,4.064336902374024
257523,106204,431618,537822,4.064046551918948
257538,106217,431636,537853,4.063718613781221
257666,106217,431856,538073,4.065789845316663
257966,106217,432399,538616,4.070902021333684
257986,106224,432408,538632,4.070718481699051
258038,106256,432503,538759,4.070386613461828
258039,106256,432505,538761,4.070405435928324
258045,106256,432521,538777,4.0705560156602925
258095,106382,432564,538946,4.066139008478878
258201,106430,432756,539186,4.066109179742554
258255,106463,432833,539296,4.065572076683918
258383,106463,433053,539516,4.067638522303524
258401,106464,433085,539549,4.067900886684701
258525,106513,433157,539670,4.066705472571424
258747,106533,433406,539939,4.068279312513494
259069,106616,433875,540491,4.069511142792827
259074,106616,433875,540491,4.069511142792827
259101,106634,433913,540547,4.069180561546974
259135,106649,433948,540597,4.0689364175941645
259149,106659,433959,540618,4.068658059798048
259169,106669,433977,540646,4.068445377757362
259373,106712,434419,541131,4.070947972111853
259404,106725,434466,541191,4.070892480674631
259565,106817,434694,541511,4.0695207691659565
259602,106834,434748,541582,4.069378662223636
259632,106842,434787,541629,4.069438984668951
259635,106842,434796,541638,4.069523221205144
259713,106851,435188,542039,4.072849107635867
259816,106852,435401,542253,4.074804402350916
259820,106853,435410,542263,4.074850495540603
259866,106878,435496,542374,4.074701996669099
260126,106902,436193,543095,4.080307197246076
260144,106908,436222,543130,4.080349459348224
260265,106908,436436,543344,4.082351180454222
260272,106911,436455,543366,4.082414344641805
260435,106986,436650,543636,4.081375133194998
260476,106999,436694,543693,4.081290479350274
260491,107006,436704,543710,4.081116946713268
260507,107041,436834,543875,4.080997001149092
261256,107061,438661,545722,4.097299670281428
261276,107061,438682,545743,4.09749582013992
261294,107068,438694,545762,4.097340008219076
261359,107068,438694,545762,4.097340008219076
261430,107120,438793,545913,4.096275205377147
261501,107171,438899,546070,4.095314963936139
261784,107181,439562,546743,4.101118668420709
261795,107187,439579,546766,4.101047701680241
261821,107197,439612,546809,4.100972974989972
261853,107205,439635,546840,4.100881488736533
261913,107283,439816,547099,4.099587073441272
261926,107291,439825,547116,4.0993652776094915
262031,107291,440081,547372,4.101751311852811
262062,107306,440102,547408,4.101373641734852
270468,107334,465250,572584,4.334600406208657
270478,107334,465266,572600,4.334749473605754
270534,107357,465327,572684,4.334389001182969
271020,107685,466166,573851,4.328978037795422
271054,107690,466179,573869,4.328897762094902
271054,107705,466209,573914,4.328573418132863
271157,107784,466302,574086,4.3262636383878865
271276,107816,466420,574236,4.326074052088744
271370,107871,466541,574412,4.324990034392933
271887,108434,467692,576126,4.313149012302414
272039,108526,467980,576506,4.312146398098152
272607,108825,468745,577570,4.307328279347576
272721,108840,469047,577887,4.309509371554576
272726,108841,469050,577891,4.309497340156742
272793,108881,469165,578046,4.308970343769804
272933,108884,469247,578131,4.309604716946475
272951,108900,469278,578178,4.309256198347107
272966,108902,469300,578202,4.309379074764467
272988,108906,469334,578240,4.309532991754357
273009,108920,469378,578298,4.3093830334190235
273020,108924,469399,578323,4.309417575557269
273039,108939,469421,578360,4.309026152250342
273189,108970,469752,578722,4.310837845278517
273315,109017,470040,579057,4.311621123311043
273383,109063,470207,579270,4.3113338162346535
273397,109076,470241,579317,4.31113168799736
273722,109272,470766,580038,4.308203382385241
273736,109287,470795,580082,4.307877423664297
273760,109291,470808,580099,4.307838705840371
273786,109299,470842,580141,4.307834472410543
273876,109334,470922,580256,4.307187151297858
273934,109354,471004,580358,4.3071492583718936
273938,109360,471015,580375,4.3070135332845645
274062,109427,471151,580578,4.3056192712950185
274078,109427,471177,580604,4.305856872618275
274217,109459,471301,580760,4.305730912944573
274226,109459,471301,580760,4.305730912944573
274258,109478,471355,580833,4.3054768994683865
274446,109644,471903,581547,4.3039564408449165
274557,109705,471982,581687,4.302283396381204
274609,109726,472032,581758,4.301915680877823
274701,109777,472127,581904,4.300782495422538
274760,109816,472270,582086,4.300557295840314
274860,109834,472353,582187,4.300608190542091
275002,109965,472674,582639,4.298404037648343
275047,109968,472786,582754,4.2993052524370725
275050,109969,472791,582760,4.299311624184997
275070,109975,472841,582816,4.299531711752671
275178,110028,472988,583016,4.298796669938561
275238,110066,473118,583184,4.298493631094071
275245,110070,473138,583208,4.298519124193695
275279,110086,473162,583248,4.298112384862744
275291,110096,473173,583269,4.297821900886499
275330,110118,473205,583323,4.297253854955593
275354,110129,473258,583387,4.297305886732832
275571,110246,473881,584127,4.298396313698456
275583,110253,473889,584142,4.298195967456667
275638,110271,474005,584276,4.298546308639624
275657,110283,474033,584316,4.298332471913169
275677,110290,474068,584358,4.298377006074894
276106,110317,474875,585192,4.304640263966569
276221,110440,475155,585595,4.302381383556682
276294,110463,475216,585679,4.3020377864081185
276399,110534,475318,585852,4.300197224383448
276461,110565,475382,585947,4.299570388459277
276546,110571,475441,586012,4.299870671333351
276567,110582,475452,586034,4.299542421008844
276685,110682,475749,586431,4.298341193690031
276876,110778,476148,586926,4.298218057737095
277117,110956,476613,587569,4.295513536897509
277129,110956,476636,587592,4.295720826273477
277140,110962,476654,587616,4.295650763324382
277173,110973,476690,587663,4.295549367864255
277183,110973,476706,587679,4.295693547079019
277205,110974,476771,587745,4.296240560852091
277304,111012,476922,587934,4.296130148092098
277406,111053,477038,588091,4.2955885928340525
277470,111095,477141,588236,4.2948917593050995
277505,111102,477222,588324,4.295350218717934
277562,111113,477249,588362,4.295167982144304
277575,111126,477267,588393,4.294827493115922
277624,111168,477350,588518,4.293951496833621
277629,111171,477357,588528,4.293898588660712
277634,111174,477364,588538,4.2938456833432275
277740,111247,477515,588762,4.292385412640341
277908,111353,477771,589124,4.29059836735427
277982,111358,477875,589233,4.2913396433125595
278251,111449,478253,589702,4.291227377544886
278318,111461,478301,589762,4.291196023721302
278363,111482,478417,589899,4.291428212626253
278501,111586,478634,590220,4.289373218862582
278705,111659,478878,590537,4.288754153270225
278877,111767,479285,591052,4.288251451680729
278925,111767,479389,591156,4.289181958896633
278971,111774,479414,591188,4.2891370086066525
279047,111815,479526,591341,4.288565934803023
279310,111815,479976,591791,4.292590439565354
279313,111815,479976,591791,4.292590439565354
279384,111857,480069,591926,4.291810078940076
279455,111911,480214,592125,4.291034840185505
279496,111920,480232,592152,4.29085060757684
279962,112278,480856,593134,4.2827268031137
280018,112305,480906,593211,4.282142380125551
280070,112351,481044,593395,4.281617431086506
280206,112458,481392,593850,4.2806381048924935
280254,112459,481410,593869,4.280760099236166
280985,113108,483463,596571,4.274348410368851
281004,113122,483485,596607,4.274013896501122
281012,113126,483497,596623,4.273968848894153
281047,113133,483578,596711,4.274420372481946
281058,113134,483594,596728,4.274524015768911
281067,113146,483608,596754,4.274194403690807
281323,113331,484087,597418,4.271443823843432
281378,113343,484174,597517,4.271759173482262
281396,113357,484187,597544,4.271346277689071
281414,113371,484223,597594,4.27113635762232
281447,113390,484266,597656,4.270799894170562
281497,113423,484331,597754,4.2701303968330935
281752,113571,484775,598346,4.268475226950542
282213,113625,484915,598540,4.267678767876788
282291,113627,485005,598632,4.2683957158069825
282457,113639,485977,599616,4.2764983852374625
282490,113655,486009,599664,4.276177906823281
283052,113764,486484,600248,4.276256109138216
283138,113779,486554,600333,4.276307578727182
283214,113837,486664,600501,4.275095092105379
283242,113843,486678,600521,4.274992753177622
283273,113843,486727,600570,4.275423170506751
283276,113843,486736,600579,4.275502226750876
283311,113868,486797,600665,4.275099237713844
283346,113875,486826,600701,4.2750911086717895
283372,113893,486849,600742,4.274617404054683
283407,113906,486893,600799,4.274515828841325
283435,113917,486922,600839,4.274357646356558
283556,113917,487136,601053,4.276236207063037
283653,113952,487371,601323,4.276985046335299
283665,113957,487400,601357,4.27705187044236
283684,113961,487412,601373,4.277007046270215
283726,113979,487458,601437,4.276735188060958
283746,113985,487490,601475,4.2767908058077815
283838,114028,487609,601637,4.276221629775143
283900,114028,487664,601692,4.276703967446592
285392,115069,490819,605888,4.265432045120754
285637,115234,491572,606806,4.2658590346599095
285795,115347,491833,607180,4.263942711990776
285796,115347,491835,607182,4.2639600509766185
286064,115492,492228,607720,4.262009489834794
286076,115496,492233,607729,4.261905174205167
286754,115624,493608,609232,4.269079083927212
286783,115631,493618,609249,4.268907126981519
286786,115631,493627,609258,4.268984960780413
287032,115773,493873,609646,4.265873735672393
287110,115812,493981,609793,4.265369737160225
287333,115881,494076,609957,4.263649778652238
287360,115902,494108,610010,4.263153353695364
287450,115966,494228,610194,4.261835365538175
287458,115971,494244,610215,4.261789585327366
287471,115971,494257,610228,4.261901682317131
287629,116037,494440,610477,4.26105466359868
287714,116056,494529,610585,4.261123940166816
287754,116101,494602,610703,4.260101118853412
287775,116114,494658,610772,4.260106447112321
288836,116558,496461,613019,4.259347277750133
288874,116572,496655,613227,4.260499948529664
288994,116600,496714,613314,4.2599828473413375
289195,116709,497625,614334,4.263809988946868
289210,116716,497648,614364,4.26375132800987
289225,116731,497672,614403,4.2634090344467195
289283,116761,497761,614522,4.263075855808018
289284,116761,497763,614524,4.2630929848151355
289326,116789,497850,614639,4.262815847382887
289366,116821,497906,614727,4.262127528440948
289410,116831,498040,614871,4.2629096729463924
289704,117010,498494,615504,4.2602683531322105
289726,117027,498523,615550,4.259897288659882
289731,117029,498531,615560,4.259892847072093
289742,117029,498557,615586,4.260115014227243
289757,117034,498568,615602,4.260027000700651
289864,117072,498695,615767,4.25972905562389
289941,117111,498888,615999,4.259958500909393
290043,117152,499061,616213,4.259944345807156
290411,117235,499504,616739,4.260707126711306
290433,117248,499519,616767,4.260362650109171
290592,117382,499777,617159,4.257697091547256
290612,117394,499802,617196,4.257474828355793
290636,117403,499841,617244,4.257480643595138
290687,117447,499992,617439,4.25717131982937
290723,117465,500044,617509,4.256961648150513
290774,117500,500107,617607,4.256229787234043
291634,117833,501459,619292,4.255675405022362
291642,117833,501459,619292,4.255675405022362
291650,117837,501471,619308,4.255632780875277
291723,117846,501832,619678,4.2583710944792355
291792,117906,501983,619889,4.257484776008006
291953,118003,502235,620238,4.25612060710321
291972,118016,502267,620283,4.255922925704989
292000,118028,502305,620333,4.25581218016064
292188,118042,502571,620613,4.257560868165569
292321,118067,502665,620732,4.25745551254796
292360,118090,502709,620799,4.25699889914472
292380,118090,502730,620820,4.257176729613007
292531,118204,503066,621270,4.255913505465128
292568,118229,503119,621348,4.2554618579198
292607,118253,503190,621443,4.255198599612695
292638,118263,503244,621507,4.255295400928439
292641,118267,503251,621518,4.255210667388198
292698,118296,503320,621616,4.254750794616894
292929,118332,503420,621752,4.254301456917824
292947,118332,503430,621762,4.254385964912281
293042,118381,503498,621879,4.253199415446735
294641,118858,505014,623872,4.248885224385401
294652,118863,505021,623884,4.248765385359616
294661,118865,505036,623901,4.2488200900180875
294994,119072,505578,624650,4.245985622144585
295112,119111,505751,624862,4.246047804149071
295122,119111,505767,624878,4.246182132632587
295152,119127,505804,624931,4.245922418931057
295251,119240,505966,625206,4.243257296209325
295457,119240,506635,625875,4.248867829587387
295716,119418,506960,626378,4.245256159038001
295747,119429,506989,626418,4.245107972100579
295782,119432,507073,626505,4.24570466876549
295842,119453,507205,626658,4.246063305233021
295876,119460,507244,626704,4.246140967687929
295915,119460,507292,626752,4.246542775824544
295926,119466,507303,626769,4.246421576013259
295983,119507,507466,626973,4.246328666940012
295987,119507,507468,626975,4.246345402361368
296010,119514,507520,627034,4.246531787070971
296031,119537,507579,627116,4.246208286973908
296036,119539,507586,627125,4.246195802206811
296038,119539,507591,627130,4.246237629560227
296721,119929,508609,628538,4.240917542879537
296741,119929,508630,628559,4.241092646482502
296933,120020,509104,629124,4.241826362272954
297036,120037,509442,629479,4.244041420561993
297084,120068,509540,629608,4.243761868274644
297163,120116,509746,629862,4.243781011688701
297212,120141,509879,630020,4.244004960837683
297970,120370,510403,630773,4.240284123951151
298147,120436,510603,631039,4.239621043541798
298179,120469,510666,631135,4.238982642837576
298182,120469,510675,631144,4.239057350853747
298313,120511,510791,631302,4.238542539685174
298328,120521,510823,631344,4.238456368599663
298473,120596,510998,631594,4.237271551295233
298491,120603,511023,631626,4.237232904654113
298499,120613,511047,631660,4.237080580036978
298501,120613,511052,631665,4.23712203493819
298510,120624,511066,631690,4.236851704470089
298546,120653,511098,631751,4.236098563649474
298564,120668,511130,631798,4.2358371730699105
298579,120669,511190,631859,4.236299298079872
298651,120734,511378,632112,4.235575728460914
298685,120755,511445,632200,4.235393979545361
298742,120764,511556,632320,4.235997482693518
298801,120798,511663,632461,4.235690988261395
298886,120825,511793,632618,4.235820401406993
299431,120885,511996,632881,4.235397278405096
299444,120895,512038,632933,4.235394350469416
299459,120910,512057,632967,4.235026052435696
299508,120923,512088,633011,4.234827121391299
299565,120923,512208,633131,4.235819488434789
299601,120950,512255,633205,4.235262505167425
299782,120970,512424,633394,4.235959328759196
299808,120976,512458,633434,4.236030286999074
300019,121084,512751,633835,4.234671798090582
300314,121137,513405,634542,4.23821788553456
301340,121444,514399,635843,4.235688877177958
301398,121463,514470,635933,4.23561084445469
301422,121463,514518,635981,4.236006026526597
301462,121488,514556,636044,4.235447122349532
301489,121507,514597,636104,4.235122256330911
302055,121809,515282,637091,4.2302457125499755
302135,121877,515422,637299,4.229034190208161
302171,121906,515492,637398,4.228602365757223
302307,121972,515655,637627,4.227650608336339
302335,121975,515672,637647,4.227686001229761
302338,121981,515678,637659,4.227527237848517
302436,121983,515966,637949,4.229818909192264
302486,121995,516047,638042,4.23006680601664
302524,122015,516087,638102,4.2297012662377576
302551,122039,516121,638160,4.229148059226969
302561,122039,516126,638165,4.229189029736395
302572,122039,516126,638165,4.229189029736395
302616,122068,516203,638271,4.228815086673002
302654,122095,516275,638370,4.228469634301159
302734,122117,516409,638526,4.228805162262421
302769,122152,516492,638644,4.22827297137992
302812,122165,516554,638719,4.228330536569394
302847,122199,516627,638826,4.2277514545945545
302863,122199,516653,638852,4.227964222293145
302879,122199,516679,638878,4.228176989991735
302899,122202,516685,638887,4.228122289324234
302925,122210,516703,638913,4.227992799279928
303189,122315,517124,639439,4.227805256918612
303203,122327,517146,639473,4.2275703646782805
303249,122359,517206,639565,4.226955107511503
303258,122364,517223,639587,4.226921316727142
303316,122407,517334,639741,4.226343264682575
303332,122414,517350,639764,4.226232293691898
303412,122452,517434,639886,4.22560676836638
303430,122461,517447,639908,4.225402373000384
303447,122467,517476,639943,4.225432157234193
303744,122624,518084,640708,4.224980427974947
304955,122828,520668,643496,4.239000879278341
304965,122828,520684,643512,4.239131142736184
305256,123020,521150,644170,4.236303040156073
305288,123040,521195,644235,4.235980169050715
305324,123055,521246,644301,4.2358782658160985
305486,123145,521551,644696,4.235259247228877
305579,123213,521672,644885,4.2339038900116055
305695,123239,521806,645045,4.234097972232816
305732,123251,521835,645086,4.233921022953161
305844,123338,521976,645314,4.232077705167913
305855,123345,521994,645339,4.231983461023957
305870,123345,522020,645365,4.232194251895091
305915,123379,522099,645478,4.231668274179561
305974,123403,522183,645586,4.231525975867686
306091,123429,522401,645830,4.2324008134231015
306130,123449,522477,645926,4.23233076007096
306148,123456,522501,645957,4.2322851866251945
306241,123458,522715,646173,4.233950007289929
306429,123467,523817,647284,4.242566839722355
306455,123487,523869,647356,4.24230080899204
306546,123501,523947,647448,4.242451478125683
306568,123501,523987,647488,4.242775362142817
306601,123521,524076,647597,4.242808915083265
306606,123521,524099,647620,4.242995118239004
306611,123523,524104,647627,4.2429668968532175
307021,123735,524747,648482,4.240893845718673
307040,123738,524766,648504,4.240944576443776
307143,123842,524963,648805,4.238973853781431
307182,123862,525030,648892,4.238830311152735
307253,123862,525157,649019,4.2398556457993575
307259,123862,525168,649030,4.239944454312057
307366,123924,525343,649267,4.239235337787676
307534,124028,525684,649712,4.238430031928274
307559,124041,525725,649766,4.2383163631379945
307571,124050,525737,649787,4.238105602579605
307588,124056,525756,649812,4.238053782162894
307606,124063,525787,649850,4.238064531729847
307701,124127,525957,650084,4.237248946643358
307750,124160,526033,650193,4.236734858247423
307896,124214,526200,650414,4.236237461155747
307911,124214,526224,650438,4.236430676091262
308074,124292,526442,650734,4.235526019373733
308095,124292,526472,650764,4.235767386477006
308126,124313,526543,650856,4.235622983919622
308302,124408,526805,651213,4.234494566265835
308415,124482,526946,651428,4.233110007872624
308504,124510,527013,651523,4.232696168982411
308526,124518,527029,651547,4.2325527233010485
308628,124549,527328,651877,4.233899910878449
308637,124553,527344,651897,4.233892399219609
308809,124553,527720,652273,4.236911194431286
308890,124580,527834,652414,4.23690801091668
308993,124631,528002,652633,4.236522213574472
309047,124662,528132,652794,4.236511527169466
309514,124671,528964,653635,4.242879258207602
309804,124920,529560,654480,4.239193083573487
309826,124935,529588,654523,4.238908232280786
309833,124938,529601,654539,4.2389104996078055
310194,125135,530330,655465,4.238062892076558
310233,125152,530404,655556,4.238078496548197
310703,125180,531822,657002,4.2484582201629655
310854,125255,532005,657260,4.247375354277274
310958,125330,532177,657507,4.2462060161174495
311114,125410,532464,657874,4.245785822502193
311166,125432,532529,657961,4.2455593468971236
311200,125432,532547,657979,4.245702850947127
311208,125436,532556,657992,4.245639210434006
311451,125523,532883,658406,4.245301657863499
311638,125532,533318,658850,4.248462543415225
311677,125532,533434,658966,4.249386610585349
311698,125545,533478,659023,4.249297064797483
312163,125670,534877,660547,4.256202753242619
312231,125701,534966,660667,4.255861130778594
312266,125719,535000,660719,4.255522236097964
312318,125735,535145,660880,4.256133932477035
312403,125742,535336,661078,4.2574159787501396
312433,125752,535367,661119,4.257323939181882
312441,125756,535383,661139,4.257315754317886
312458,125758,535411,661169,4.257470697689213
312565,125850,535584,661434,4.255733015494637
312612,125880,535635,661515,4.255123927550048
312632,125885,535645,661530,4.25503435675418
312773,125948,535879,661827,4.254763870803824
312801,125955,535907,661862,4.254749712198801
313031,126111,536317,662428,4.25273766761028
313044,126118,536331,662449,4.252612632613901
313164,126185,536756,662941,4.253722708721322
313534,126275,537082,663357,4.25327261928331
313602,126318,537217,663535,4.252893491030574
313640,126341,537285,663626,4.252657490442533
313770,126423,537407,663830,4.2508641623755175
313829,126470,537523,663993,4.250201628844786
313861,126491,537566,664057,4.249835956708383
313950,126544,537740,664284,4.24943102794285
315022,126811,540117,666928,4.259228300384036
316005,127500,543571,671071,4.263301960784314
316074,127535,543754,671289,4.263566863998118
316891,127605,548029,675634,4.294729830335802
316990,127610,548193,675803,4.295846720476452
317006,127610,548219,675829,4.2960504662644
317016,127610,548235,675845,4.296175848287752
317049,127616,548263,675879,4.296193267301906
317199,127712,548501,676213,4.29482742420446
317292,127758,548774,676532,4.2954178994661785
317312,127784,548810,676594,4.294825643273024
317330,127798,548849,676647,4.294660323322744
317493,127824,549176,677000,4.296344974339717
317504,127824,549186,677010,4.296423206909501
317549,127863,549293,677156,4.295949571025238
317640,127897,549374,677271,4.295440862569099
317757,127968,549793,677761,4.296331895473869
317844,127977,549847,677824,4.296451706165952
317875,127985,549869,677854,4.296355041606438
317999,128032,549967,677999,4.295543301674582
318029,128037,549975,678012,4.295438037442302
318082,128080,550055,678135,4.2946205496564644
318083,128080,550057,678137,4.294636164896939
318174,128130,550154,678284,4.293717318348552
318285,128192,550457,678649,4.2940043060409385
318340,128259,550637,678896,4.293164612229941
318394,128259,550756,679015,4.294092422364122
318419,128284,550809,679093,4.293668734994232
318427,128284,550809,679093,4.293668734994232
318453,128290,550843,679133,4.293732948787903
319222,128716,552422,681138,4.291789676497094
319280,128742,552550,681292,4.291917167668671
319289,128744,552566,681310,4.291974771639843
319312,128753,552653,681406,4.292350469503623
319460,128841,552797,681638,4.290536397575306
319559,128884,552859,681743,4.289585984295956
319600,128907,552916,681823,4.28926280186491
319644,128938,553008,681946,4.288945074376833
319649,128944,553019,681963,4.288830810274227
319669,128953,553039,681992,4.288686575729142
319685,128960,553058,682018,4.28860111662531
319705,128978,553102,682080,4.288343748546263
319749,128998,553168,682166,4.288190514581621
319805,129057,553327,682384,4.287462129136738
320074,129179,553638,682817,4.28582045069245
320263,129318,553879,683197,4.2830773751527245
320305,129338,553933,683271,4.282832578205941
321003,129349,555818,685167,4.297041337776094
321042,129351,555822,685173,4.297005821369761
321149,129410,555960,685370,4.296113128815393
321218,129438,556013,685451,4.295593257003353
321234,129438,556013,685451,4.295593257003353
322068,129599,556603,686202,4.294809373529117
322197,129679,556790,686469,4.2936018939072635
322226,129690,556827,686517,4.29352301642378
323830,130193,559821,690014,4.299931639949921
324141,130333,560146,690479,4.297806388251632
324197,130347,560211,690558,4.297843448640935
324204,130350,560218,690568,4.297798235519754
324265,130371,560338,690709,4.2980264015770375
324348,130407,560416,690823,4.297438020965132
324548,130578,560705,691283,4.294023495535235
324572,130587,560734,691321,4.293949627451431
324718,130670,560960,691630,4.292951710415551
324753,130694,561029,691723,4.292691324773899
324787,130701,561054,691755,4.292652695847774
324808,130710,561074,691784,4.29251013694438
324853,130746,561199,691945,4.292284276383216
324906,130768,561255,692023,4.29199039520372
324919,130780,561303,692083,4.2919636029974
324980,130819,561395,692214,4.291387336701855
324993,130825,561416,692241,4.2913510414676095
325046,130825,561502,692327,4.292008408178865
325056,130829,561520,692349,4.292014767368091
325120,130862,561626,692488,4.291742446241078
325276,130946,562043,692989,4.29217387319964
325303,130948,562072,693020,4.292329779759904
325321,130971,562123,693094,4.291965396919929
325476,131023,562256,693279,4.291277104019905
325534,131050,562302,693352,4.29074399084319
325537,131050,562311,693361,4.290812666921022
325630,131114,562448,693562,4.289763106914593
326349,131385,563557,694942,4.2893557103170075
326396,131395,563610,695005,4.2894326268122835
326421,131395,563637,695032,4.2896381140834885
326440,131403,563656,695059,4.289521548214272
328160,131602,580740,712342,4.412850868527834
328194,131614,580776,712390,4.412722050845654
328425,131626,581014,712640,4.414127907860149
328445,131637,581046,712683,4.414002142254837
328450,131638,581052,712690,4.414014190431335
328599,131705,581301,713006,4.413659314376827
328608,131716,581347,713063,4.413639952625346
328612,131716,581356,713072,4.413708281454038
328681,131725,581388,713113,4.4136496488897325
328909,131866,581909,713775,4.412881258247008
329132,131985,582268,714253,4.411622532863583
329167,132016,582348,714364,4.411192582717247
329213,132034,582399,714433,4.410977475498735
329240,132053,582430,714483,4.410577571126745
329580,132211,582791,715002,4.408037152733131
329618,132219,582846,715065,4.408186417988338
329636,132223,582866,715089,4.408204321487185
329665,132238,582910,715148,4.40803702415342
329929,132389,583429,715818,4.406929578741436
329950,132393,583462,715855,4.407045689726798
330005,132446,583567,716013,4.406074928650167
330088,132513,583665,716178,4.40458671979353
330092,132513,583672,716185,4.4046395447993785
330388,132664,584091,716755,4.402784478079961
330425,132681,584122,716803,4.402454006225458
330426,132683,584129,716812,4.402440403065954
330461,132702,584170,716872,4.402119033624211
330480,132705,584181,716886,4.4021024075957955
330552,132755,584362,717117,4.401807841512561
330580,132765,584399,717164,4.401754980604828
330622,132776,584442,717218,4.4017141652105805
330646,132776,584463,717239,4.4018723263240345
330697,132788,584485,717273,4.401640208452571
330765,132805,584560,717365,4.401641504461429
330820,132827,584657,717484,4.40164273829869
330822,132827,584667,717494,4.401718024196888
331008,132916,584930,717846,4.4007493454512625
331225,132939,585576,718515,4.404847335996209
331281,132949,585593,718542,4.4046438860013994
331430,132957,592179,725136,4.453913671337349
331618,133055,592507,725562,4.453098342790575
331627,133055,592516,725571,4.453165983991583
331771,133094,592652,725746,4.452882924850106
331823,133134,592717,725851,4.452033289768203
331850,133143,592740,725883,4.451905094522431
331902,133157,592771,725928,4.451669833354612
332022,133197,592905,726102,4.451338994121489
332074,133231,593048,726279,4.451276354602157
332077,133234,593054,726288,4.4512211597640245
332086,133243,593065,726308,4.451003054569471
332396,133243,593984,727227,4.457900227404067
332482,133306,594133,727439,4.456911166789192
332538,133322,594212,727534,4.4569688423516
332544,133322,594228,727550,4.457088852552467
332572,133327,594265,727592,4.457199216962806
332576,133329,594266,727595,4.4571398570453535
332864,133423,594739,728162,4.457544801121246
335767,134224,600282,734506,4.472240433901538
335791,134225,600343,734568,4.472661575712423
335801,134226,600360,734586,4.472754905904966
335818,134233,600372,734605,4.47261105689361
335873,134240,600407,734647,4.4726385578069126
335933,134254,600826,735080,4.475293101136652
335950,134259,600856,735115,4.475349883434258
335972,134275,600878,735153,4.474980450567864
336019,134276,600999,735275,4.475848252852334
336047,134285,601022,735307,4.4757195516997434
336076,134289,601047,735336,4.475772401313585
336128,134289,601087,735376,4.476070266365823
336654,134290,602100,736390,4.483580311266662
336845,134365,602446,736811,4.483652736947866
336852,134367,602464,736831,4.483719961002329
336894,134395,602560,736955,4.483500130213177
336919,134395,602587,736982,4.4837010305442915
336955,134397,602626,737023,4.48392449236218
336990,134402,602730,737132,4.484531480186306
337002,134408,602744,737152,4.4844354502708175
337018,134415,602772,737187,4.484410222073429
337081,134443,602835,737278,4.48394486882917
337092,134448,602845,737293,4.4838524931572055
337175,134505,602988,737493,4.48301550128248
337320,134564,603115,737679,4.481993698165929
337376,134582,603233,737815,4.482271031787312
337392,134593,603280,737873,4.482253906220977
337403,134593,603292,737885,4.48234306390377
337566,134708,603549,738257,4.480424325207115
337884,134963,604034,738997,4.475552558849462
337924,134979,604134,739113,4.475762896450559
338010,135040,604299,739339,4.474962973933649
338028,135056,604327,739383,4.474640149271413
338039,135060,604331,739391,4.474537242706945
338060,135069,604367,739436,4.474505623051922
338097,135069,604403,739472,4.474772153491919
338140,135097,604483,739580,4.474436886089254
338175,135104,604538,739642,4.474612150639508
339000,135160,606030,741190,4.483796981355431
339049,135191,606141,741332,4.4835898839419785
339056,135197,606147,741344,4.483435283327292
339081,135210,606160,741370,4.483100362399231
339092,135213,606179,741392,4.483141413917301
339251,135213,606323,741536,4.484206400272163
339565,135220,607160,742380,4.490164176896909
339724,135298,607839,743137,4.492594125559875
339754,135324,607920,743244,4.492329520262481
340146,135538,608810,744348,4.491803036786731
340175,135550,608848,744398,4.491685724824788
340354,135643,609235,744878,4.491459198041919
340490,135652,610004,745656,4.4968301241411845
340498,135656,610004,745660,4.496697529044052
340546,135677,610094,745771,4.4966648731914765
340561,135684,610124,745808,4.496653990153592
340616,135707,610231,745938,4.496680348102898
340902,135758,610581,746339,4.497569204024809
340924,135765,610597,746362,4.497455161492285
340937,135771,610606,746377,4.497322697777876
340952,135778,610625,746403,4.497230773763055
340998,135791,610710,746501,4.497426191721101
341192,135861,610970,746831,4.497022692310523
341206,135869,610991,746860,4.496912467155863
341321,135961,611178,747139,4.4952449599517506
341380,135988,611253,747241,4.4949039621143045
341427,136002,611353,747355,4.495176541521448
341525,136045,611409,747454,4.494167371090448
341674,136142,611621,747763,4.492522513258216
341717,136172,611659,747831,4.491811826219781
341808,136259,611816,748075,4.490096067048782
341919,136259,612080,748339,4.492033553746908
342241,136329,612691,749020,4.4942088623843786
342270,136343,612768,749111,4.4943121392370715
342573,136527,613243,749770,4.491734235718942
342648,136572,613379,749951,4.491250036610725
342674,136596,613413,750009,4.490709830448915
342781,136631,613626,750257,4.491118413829951
342850,136638,613777,750415,4.491993442526969
342909,136675,613843,750518,4.491260289006767
342935,136684,613884,750568,4.491264522548359
342971,136702,613949,750651,4.491148629866425
344755,136845,617179,754024,4.510058825678688
344802,136881,617266,754147,4.509508258998692
344816,136896,617286,754182,4.509160238429173
344848,136932,617340,754272,4.508369117518185
345068,136970,617500,754470,4.508286486091845
345076,136970,617500,754470,4.508286486091845
345141,136994,617567,754561,4.507985751200782
345739,137022,618248,755270,4.5120345637926755
345824,137085,618362,755447,4.510792573950469
345855,137098,618401,755499,4.510649316547287
345892,137113,618432,755545,4.510381947736539
346021,137184,618662,755846,4.509724166083508
346105,137221,618735,755956,4.509040161491317
346106,137221,618737,755958,4.5090547365199205
346433,137268,619259,756527,4.511313634641723
346459,137288,619288,756576,4.510867665054484
346472,137292,619294,756586,4.510779943478134
346507,137299,619374,756673,4.5111326375283145
346675,137360,619751,757111,4.511873907979033
346754,137410,619916,757326,4.511432937923004
346759,137414,619934,757348,4.5114326051202935
346822,137423,619973,757396,4.5114209411816075
346885,137458,620074,757532,4.511006998501361
346927,137489,620143,757632,4.510491748430783
346967,137499,620175,757674,4.510396439246831
346985,137504,620200,757704,4.510414242494764
347016,137511,620227,757738,4.510380987702802
347020,137511,620229,757740,4.5103955319938045
347091,137511,620356,757867,4.511319094472443
347135,137542,620403,757945,4.510644021462535
347152,137547,620467,758014,4.510945349589595
347165,137563,620494,758057,4.510616953686674
347197,137580,620555,758135,4.510502980084315
347231,137588,620585,758173,4.510458760938454
347268,137603,620631,758234,4.510301374243294
347464,137603,620959,758562,4.512685043204
347689,137645,621078,758723,4.512172617966508
347969,137865,621616,759481,4.508874623726109
347999,137874,621662,759536,4.5089139359125
348007,137876,621668,759544,4.508892047927123
348045,137876,621774,759650,4.509660854681018
348980,137876,623194,761070,4.519959964025646
349222,137920,623323,761243,4.519453306264501
349668,138230,624082,762312,4.5148086522462565
349737,138290,624317,762607,4.514549135873888
349935,138369,624395,762764,4.512535322218127
349938,138369,624404,762773,4.512600365688846
349965,138387,624441,762828,4.5122807778187255
350100,138479,624613,763092,4.5105250615616805
350535,138509,626018,764527,4.519691861178696
350545,138509,626044,764553,4.51987957461248
350561,138510,626081,764591,4.520114071186196
350615,138544,626183,764727,4.519741020903107
350632,138552,626196,764748,4.519573878399446
350995,138742,627057,765799,4.51959031872108
351027,138755,627104,765859,4.519505603401679
351043,138764,627131,765895,4.519407050820098
351076,138773,627195,765968,4.519575133491386
351119,138789,627266,766055,4.519565671631037
351143,138803,627346,766149,4.5196861739299585
351186,138841,627395,766236,4.518802082958204
352245,138874,628687,767561,4.527031697798004
352647,139043,629284,768327,4.525822946858166
352694,139063,629349,768412,4.5256394583749815
352728,139076,629375,768451,4.5254033765710835
352752,139082,629398,768480,4.525373520656879
352753,139082,629400,768482,4.525387900662918
352793,139116,629459,768575,4.524706000747577
352819,139132,629495,768627,4.524444412500359
352937,139177,629627,768804,4.523929959691616
352963,139182,629694,768876,4.524248825279131
352987,139186,629696,768882,4.5241331743135085
353001,139196,629720,768916,4.52398057415443
353003,139198,629720,768918,4.523915573499619
353018,139209,629745,768954,4.523737689373532
353026,139215,629757,768972,4.523628919297489
353493,139215,630598,769813,4.529669934992637
353526,139215,630630,769845,4.529899795280681
353544,139225,630693,769918,4.530026934817741
354076,139225,631358,770583,4.53480337583049
354269,139315,631646,770961,4.533941068800919
354308,139342,631703,771045,4.533471602244837
354334,139353,631747,771100,4.533429492009501
354393,139390,631822,771212,4.532764186813975
354436,139405,631949,771354,4.533187475341631
354472,139465,632048,771513,4.531947083497652
354515,139511,632147,771658,4.531162417300428
354792,139643,632509,772152,4.529471581103242
354882,139654,632764,772418,4.530940753576696
354944,139685,632896,772581,4.530880194723843
354994,139733,633027,772760,4.530261284020239
355006,139733,633056,772789,4.53046882268326
355111,139837,633273,773110,4.5286512153435785
355164,139859,633327,773186,4.52832495584839
355170,139864,633338,773202,4.528241720528514
355206,139867,633360,773227,4.528301886792453
355248,139923,633455,773378,4.527168514111333
355306,139964,633613,773577,4.526971221171158
355356,139971,633651,773622,4.527016310521465
355475,140050,633836,773886,4.525783648696894
355549,140105,633916,774021,4.524577995075123
355630,140138,633998,774136,4.524097675148782
355698,140180,634130,774310,4.523683835069197
355751,140211,634225,774436,4.523361219875759
355783,140218,634357,774575,4.524076794705388
355856,140244,634439,774683,4.523822766036337
355903,140252,634482,774734,4.523871317343068
355921,140255,634511,774766,4.523981319739047
355958,140276,634659,774935,4.524359120590836
357201,140809,637139,777948,4.524845712987096
357249,140809,637251,778060,4.525641116689984
357265,140826,637288,778114,4.525357533410023
357297,140831,637325,778156,4.525459593413382
357452,140944,637701,778645,4.524499091837893
357476,140962,637728,778690,4.524112881485791
357502,140970,637775,778745,4.524189543874583
357677,141083,638006,779089,4.522203242063183
357700,141099,638026,779125,4.521832188746909
357733,141111,638053,779164,4.521638993416531
358057,141112,638619,779731,4.525617948863315
358115,141123,638663,779786,4.525576978947443
358129,141123,638689,779812,4.525761215393664
358161,141146,638726,779872,4.525285874201182
358164,141146,638735,779881,4.525349637963527
358319,141160,639065,780225,4.527238594502692
358584,141160,639890,781050,4.533083026353075
358651,141192,639994,781186,4.532792226188453
358721,141245,640126,781371,4.532025912421679
361332,141648,645747,787395,4.558814808539478
361341,141650,645750,787400,4.558771620190611
361373,141663,645785,787448,4.558600340244101
361383,141668,645794,787462,4.558502978795493
361386,141668,645799,787467,4.558538272580964
362149,141702,647356,789058,4.5684323439330425
362852,141937,648192,790129,4.5667584914433865
362987,142017,648405,790422,4.565685798179091
363025,142030,648459,790489,4.565648102513554
363094,142069,648592,790661,4.56533093074492
363161,142116,648733,790849,4.56481325114695
363199,142142,648798,790940,4.5644355644355645
363230,142161,648834,790995,4.564078755776901
363449,142185,649235,791420,4.566128635228751
363542,142220,649458,791678,4.5665729152018
363802,142312,650122,792434,4.568286581595368
363843,142322,650163,792485,4.5682536782788326
363855,142322,650197,792519,4.568492573179129
363859,142325,650205,792530,4.568452485508519
364070,142414,650692,793106,4.569017091016333
364107,142427,650738,793165,4.568923027235004
364123,142433,650751,793184,4.568821832019265
364161,142446,650777,793223,4.568587394521432
364170,142448,650797,793245,4.5686636527013365
364208,142463,650849,793312,4.568547622891558
364250,142482,650879,793361,4.568148959166772
364338,142569,651078,793647,4.5667571491698755
364342,142571,651081,793652,4.566714128399184
364410,142591,651168,793759,4.566683731792329
364515,142684,651345,794029,4.564947716632559
364530,142692,651379,794071,4.5649300591483755
364652,142752,651637,794389,4.564818706568034
364932,142788,652064,794852,4.566658262599098
365020,142849,652222,795071,4.5658142514123305
365028,142859,652235,795094,4.565585647386584
365077,142896,652316,795212,4.564970328070765
365088,142901,652341,795242,4.564985549436323
365157,142943,652437,795380,4.564315846176448
365350,143028,652654,795682,4.5631205078725845
365439,143049,652718,795767,4.562898027948465
365456,143059,652733,795792,4.562683927610287
365483,143080,652774,795854,4.562300810735253
365826,143080,653356,796436,4.566368465194297
365896,143117,653473,796590,4.566005436111713
366249,143186,653703,796889,4.565411422904474
366496,143186,654058,797244,4.5678907155727515
366499,143192,654061,797253,4.567720263701883
366598,143194,654352,797546,4.569688674106457
366686,143214,654584,797798,4.570670465177986
366719,143229,654635,797864,4.5705478639102415
366812,143283,654757,798040,4.56967679347864
366957,143283,655093,798376,4.572021803005241
366966,143285,655109,798394,4.572069651394075
366972,143285,655123,798408,4.572167358760512
367002,143303,655182,798485,4.572004773103145
367015,143308,655206,798514,4.572012727830965
367062,143321,655285,798606,4.572149231445496
367074,143335,655294,798629,4.571765444587854
367090,143338,655303,798641,4.571732548242616
367105,143354,655325,798679,4.57137575512368
367198,143366,655370,798736,4.571307004450149
368662,143370,657452,800822,4.58570133221734
368739,143438,657637,801075,4.584817133535046
368769,143438,657637,801075,4.584817133535046
369605,143804,658963,802767,4.582369057884343
369824,143946,659410,803356,4.58095396884943
369856,143962,659463,803425,4.5808129923174175
369947,143992,659881,803873,4.582761542307906
369966,144006,659896,803902,4.582420176937072
370032,144006,660052,804058,4.583503465133397
370045,144014,660065,804079,4.583339119807796
370097,144047,660136,804183,4.582782008649954
370120,144057,660198,804255,4.5828942710177225
370152,144069,660243,804312,4.582824896403807
370192,144092,660273,804365,4.582301585098409
370336,144135,660442,804577,4.582107052416138
370367,144174,660511,804685,4.581346151178437
370590,144174,660989,805163,4.584661589468281
370625,144179,661048,805227,4.5849118110127
370733,144203,661118,805321,4.584634161563907
370870,144239,661345,805584,4.585063679032716
370934,144262,661448,805710,4.585046651231787
371099,144266,661692,805958,4.586610843857874
371139,144276,661717,805993,4.586466217527517
371186,144289,661807,806096,4.586676739044556
371251,144295,661929,806224,4.5873315083682735
371317,144319,661983,806302,4.58694281418247
371670,144319,662282,806601,4.589014613460459
371760,144333,662367,806700,4.589158404522874
371812,144346,662394,806740,4.5889321491416455
371953,144348,662811,807159,4.591757419569374
371984,144360,662884,807244,4.591881407592131
371987,144360,662891,807251,4.591929897478526
372000,144369,662914,807283,4.591802949386641
372022,144377,662925,807302,4.591624704765994
372024,144377,662930,807307,4.591659336320882
372063,144401,662981,807382,4.591249368079168
372069,144402,662999,807401,4.591342225176937
372610,144503,663371,807874,4.590707459360705
372706,144510,663464,807974,4.591128641616497
372726,144513,663482,807995,4.591157888909648
372776,144534,663542,808076,4.590905946005784
372796,144540,663562,808102,4.590853742908537
372830,144552,663601,808153,4.590742431789252
372865,144568,663654,808222,4.590600962868685
372906,144585,663706,808291,4.590420859701905
373280,144842,664584,809426,4.588337636873282
373283,144842,664591,809433,4.588385965396777
373332,144869,664659,809528,4.588000193278065
373378,144887,664701,809588,4.58772008530786
373472,144945,664866,809811,4.587022663769016
373538,144945,664988,809933,4.587864362344337
373575,144967,665035,810002,4.587492325839674
373596,144973,665088,810061,4.587668048533176
373612,144981,665095,810076,4.587463184831115
373798,145079,665358,810437,4.586177186222678
373813,145088,665364,810452,4.585934053815615
374101,145350,666045,811395,4.58235294117647
374231,145350,666431,811781,4.585008599931201
374266,145361,666489,811850,4.585060642125467
375493,145844,667979,813823,4.580092427525301
375572,145893,668076,813969,4.579219016676605
375591,145905,668106,814011,4.5790480106918885
375888,146100,668436,814536,4.575195071868583
375888,146104,668440,814544,4.575097191041998
377427,146340,671440,817780,4.588219215525489
377447,146349,671461,817810,4.588080547185153
377473,146351,671476,817827,4.588120340824457
377603,146352,671861,818213,4.590719634852957
377630,146361,671884,818245,4.590594488969056
377679,146393,671948,818341,4.590028211731435
377682,146393,671957,818350,4.59008969008081
377767,146494,672122,818616,4.588051387770148
377787,146502,672158,818660,4.588046579568879
377843,146517,672231,818748,4.588075103912857
377859,146517,672257,818774,4.588252557723677
377906,146548,672348,818896,4.587902939651173
377988,146590,672420,819010,4.58707960979603
378004,146598,672455,819053,4.587068036398859
378067,146618,672490,819108,4.586681035070728
378076,146630,672509,819139,4.58643524517493
378135,146652,672588,819240,4.586285901317405
378163,146667,672611,819278,4.585973668241663
378198,146679,672654,819333,4.585891640930194
378270,146692,672844,819536,4.586780465192376
378286,146696,672875,819571,4.586866717565578
378513,146698,672910,819608,4.587042768135898
378566,146704,672930,819634,4.58699149307449
379017,146704,673871,820575,4.593405769440506
379854,147200,675084,822284,4.58616847826087
379956,147252,675219,822471,4.585465732214163
379995,147267,675265,822532,4.585311033700694
380004,147271,675279,822550,4.585281555771333
380029,147278,675339,822617,4.585471014000733
380043,147282,675372,822654,4.585570538151302
380102,147321,675468,822789,4.585008247296719
380135,147337,675494,822831,4.5846868064369435
380153,147348,675508,822856,4.584439558053044
380306,147499,675849,823348,4.582058183445311
380432,147551,676270,823821,4.583296622862603
380433,147552,676276,823828,4.583306224246368
380447,147559,676302,823861,4.583264999085111
380523,147581,676404,823985,4.583272914535069
380534,147582,676418,824000,4.583336721280373
380548,147593,676461,824054,4.583286470225553
380581,147597,676486,824083,4.583331639531969
380592,147597,676486,824083,4.583331639531969
380619,147604,676573,824177,4.5837036936668385
380640,147612,676609,824221,4.583699157250088
380653,147629,676622,824251,4.583259386705864
380675,147640,676664,824304,4.58320238417773
380719,147664,676827,824491,4.583561328421281
380832,147702,676963,824665,4.583302866582714
380894,147751,677116,824867,4.582818390400065
381088,147771,677493,825264,4.584749375723248
381145,147810,677568,825378,4.584047087477167
381202,147843,677730,825573,4.584119640429375
381316,147863,677963,825826,4.585075373825771
381604,147863,678563,826426,4.589133184096089
381743,147901,678716,826617,4.588988580198917
382546,147901,680662,828563,4.6021460301147386
382579,147905,680692,828597,4.60222440079781
382684,147963,680852,828815,4.601501726783047
382732,147985,680919,828904,4.601270399026928
382748,147990,680935,828925,4.601223055611865
382864,148026,681000,829026,4.600543147825382
383054,148085,681435,829520,4.6016477023331195
383104,148117,681508,829625,4.601146391028713
383285,148126,682556,830682,4.607941887312153
383296,148130,682569,830699,4.607905218389253
383414,148221,682772,830993,4.606445780287544
383433,148221,682787,831008,4.606546980522328
383471,148229,682804,831033,4.60641305007792
383482,148240,682830,831070,4.6062466270912035
383499,148253,682852,831105,4.605991109792044
383625,148276,683125,831401,4.607117807332272
383645,148279,683129,831408,4.607051571699297
383747,148386,683381,831767,4.605427735770221
383806,148426,683449,831875,4.604644738792395
383818,148430,683460,831890,4.604594758472007
383889,148463,683550,832013,4.604177471827998
383988,148511,683631,832142,4.603234777221889
384064,148557,683778,832335,4.602798925664897
385917,148811,689146,837957,4.6310151803294115
423219,148816,799666,948482,5.373521664337168
423530,148898,800257,949155,5.374531558516568
424330,148898,801174,950072,5.3806901368722215
424434,148912,801221,950133,5.380499892553992
424529,148921,801327,950248,5.380886510297406
424549,148931,801362,950293,5.38076021781899
424610,148945,801390,950335,5.380442445197892
424623,148953,801433,950386,5.380442152893866
424638,148955,801438,950393,5.380403477560337
424944,149101,801946,951047,5.378542062092139
425017,149124,802095,951219,5.378711676188943
425023,149127,802106,951233,5.378677234840103
425152,149171,802246,951417,5.3780292416086235
425184,149171,802276,951447,5.378230353084715
425214,149189,802321,951510,5.37788308789522
425322,149189,802464,951653,5.378841603603483
425414,149189,802626,951815,5.379927474545711
425437,149205,802664,951869,5.379605241111223
425468,149222,802707,951929,5.37928053504175
425624,149334,802950,952284,5.376873317529832
425655,149341,802996,952337,5.376929309432775
425670,149355,803021,952376,5.376592681865354
425696,149379,803079,952458,5.376117124897074
425712,149387,803100,952487,5.3759697965686435
425742,149396,803133,952529,5.375866823743608
425768,149420,803158,952578,5.375170659884888
425779,149428,803172,952600,5.3749765773482885
425792,149431,803210,952641,5.375122966452744
425814,149443,803243,952686,5.374912173872312
425851,149452,803269,952721,5.374762465540775
426170,149599,803670,953269,5.372161578620178
426228,149613,803758,953371,5.372247064092024
426229,149613,803760,953373,5.372260431914339
426527,149734,804198,953932,5.370844297220404
426570,149768,804277,954045,5.370152502537258
426580,149768,804293,954061,5.370259334437263
426655,149817,804437,954254,5.369464079510336
426675,149817,804490,954307,5.36981784443688
426737,149859,804591,954450,5.368986847636778
426852,149871,804882,954753,5.370498628820786
426917,149895,804953,954848,5.370112412021749
426919,149895,804955,954850,5.3701257546949535
427037,149897,805303,955200,5.372375697979279
427284,150033,805656,955689,5.369858631101158
428553,150701,807839,958540,5.360541734958627
428633,150730,807976,958706,5.360419292775161
428640,150734,807985,958719,5.360336752159434
428656,150736,808009,958745,5.360424848742172
428672,150745,808030,958775,5.360244120866364
428809,150823,808361,959184,5.359666629095032
428932,150869,808445,959314,5.358589239671503
428952,150869,808474,959343,5.358781459411808
430821,150872,812478,963350,5.385213956201283
430846,150887,812516,963403,5.384930444637377
430879,150892,812545,963437,5.384944198499589
430892,150900,812599,963499,5.385016567263088
431052,150921,812854,963775,5.3859568913537545
431213,150936,813226,964162,5.387886256426565
431269,150970,813335,964305,5.387394846658276
431298,151007,813427,964434,5.386684061003795
431314,151009,813451,964460,5.386771649371892
431595,151013,814120,965133,5.391059047896539
431725,151014,814505,965519,5.393572781331533
431741,151027,814524,965551,5.393234322339714
431860,151036,814813,965849,5.394826399004211
431983,151098,815010,966108,5.39391653099313
432032,151102,815038,966140,5.393959047530807
432086,151110,815046,966156,5.393726424459003
432108,151110,815086,966196,5.393991132287737
432678,151200,815785,966985,5.395403439153439
432732,151226,815887,967113,5.39515030484176
432848,151226,816185,967411,5.397120865459643
432858,151226,816201,967427,5.397226667372013
432868,151232,816223,967455,5.397158008887008
432981,151277,816337,967614,5.3963061139499064
433047,151306,816429,967735,5.395879872576104
433064,151308,816457,967765,5.395993602453274
433078,151312,816490,967802,5.396069049381411
433099,151321,816518,967839,5.395933148736791
433276,151479,816856,968335,5.392536259151433
433278,151481,816856,968337,5.392465061624891
433310,151492,816927,968419,5.392542180445172
433325,151496,816930,968426,5.392419601837672
433366,151524,816997,968521,5.3918653150656
433380,151528,817030,968558,5.3919407634232615
433439,151573,817124,968697,5.390960131421823
433500,151613,817225,968838,5.390204006252762
433589,151668,817334,969002,5.388968009072448
433604,151672,817344,969016,5.388891819188776
433621,151672,817389,969061,5.389188512052323
433735,151704,817516,969220,5.388888888888889
433764,151722,817563,969285,5.388559338790683
433913,151754,817784,969538,5.3888793705602485
433923,151758,817800,969558,5.388842762819753
433926,151764,817808,969572,5.388682427980285
434194,151924,818666,970590,5.38865485374266
434232,151945,818730,970675,5.388331304090296
434268,151966,818772,970738,5.387863074635116
434286,151983,818858,970841,5.38782627004336
434317,151993,818905,970898,5.387781016231011
434365,152032,818982,971014,5.386905388339297
434387,152042,819023,971065,5.386820746898883
434648,152115,819154,971269,5.385096801761825
434725,152133,819284,971417,5.385314165894316
435318,152405,820310,972715,5.382434959482957
435349,152414,820322,972736,5.382195861272587
436576,152414,822295,974709,5.395140866324616
436680,152500,822481,974981,5.393318032786885
436890,152550,822892,975442,5.394244509996723
436924,152583,822944,975527,5.393418663940282
436978,152601,822991,975592,5.393090477781928
437162,152692,823386,976078,5.392463259371807
437195,152702,823400,976102,5.392201804822465
437205,152705,823401,976106,5.39210241969811
437255,152721,823425,976146,5.391694658887776
437260,152727,823433,976160,5.391535222979565
437310,152754,823468,976222,5.390811369915027
437354,152773,823536,976309,5.3905860328723
437493,152841,823721,976562,5.389398132699996
437520,152852,823763,976615,5.3892850600580955
437565,152852,823866,976718,5.389958914505534
437570,152853,823869,976722,5.38994327883653
437829,153005,824213,977218,5.38683703146956
438072,153164,824650,977814,5.384098090935207
438184,153256,824835,978091,5.3820731325364095
438204,153262,824861,978123,5.3820320757917814
438273,153269,824966,978235,5.382471341236649
438313,153288,825027,978315,5.382202129325192
438398,153320,825136,978456,5.3817897208452905
438412,153322,825143,978465,5.38176517394764
438825,153574,825994,979568,5.3784755232005415
438851,153582,826036,979618,5.378468830982797
438886,153584,826069,979653,5.378613657672674
438936,153623,826178,979801,5.377957727684006
438967,153624,826240,979864,5.378326303181795
438982,153632,826280,979912,5.378306602791085
438995,153641,826289,979930,5.378050129848153
439000,153644,826300,979944,5.378016713962146
439061,153657,826380,980037,5.378082352252094
439294,153710,827475,981185,5.383351766313187
439310,153717,827486,981203,5.383178178080499
439326,153719,827510,981229,5.383264267917434
439723,153917,828044,981961,5.379808598140556
439742,153924,828062,981986,5.379680881473974
439764,153930,828080,982010,5.379588124472162
439807,153949,828133,982082,5.379268459035135
439901,153987,828313,982300,5.379109924863787
439923,153990,828319,982309,5.379044093772323
439958,154018,828355,982373,5.378299938968173
439974,154026,828372,982398,5.37813096490203
440027,154050,828426,982476,5.377643622200584
440674,154166,829765,983931,5.382282734195607
440708,154167,829804,983971,5.382500794592876
440756,154196,829884,984080,5.38200731536486
440869,154196,830004,984200,5.382785545669148
441273,154203,830965,985168,5.3887732404687325
441283,154207,830988,985195,5.388782610387336
441353,154224,831105,985329,5.388947245564893
441356,154226,831107,985333,5.3888903297757835
441418,154254,831205,985459,5.388547460681733
441443,154269,831271,985540,5.3884513414879205
441540,154322,831386,985708,5.38734593901064
441724,154441,831666,986107,5.385007867081928
441840,154452,831839,986291,5.3857444384015745
442003,154466,832243,986709,5.387871764660184
442011,154471,832247,986718,5.3877232619715025
442157,154521,832396,986917,5.386944169400923
442265,154521,832953,987474,5.390548857436853
442530,154521,833778,988299,5.395887937561885
443605,154906,835322,990228,5.392444450182691
444102,155124,836438,991562,5.392060545112297
444272,155189,836718,991907,5.391606363853108
445032,155285,837800,993085,5.3952410084683
445296,155285,838469,993754,5.399549215957755
445397,155331,838624,993955,5.398948052867747
445408,155336,838632,993968,5.398825771231395
445613,155365,838793,994158,5.398854310816464
445743,155365,839179,994544,5.401338782866154
445796,155407,839330,994737,5.400850669532261
445821,155431,839360,994791,5.400209739369881
445917,155465,839449,994914,5.399601196410767
445968,155476,839559,995035,5.399926676786127
446622,155843,840693,996536,5.39448675911013
446645,155851,840719,996570,5.39437668029079
446659,155862,840755,996617,5.394226944348206
447502,156187,842031,998218,5.391172120599026
447622,156240,842325,998565,5.391225038402458
447666,156259,842420,998679,5.391177468177833
447709,156269,842503,998772,5.391363610185001
447731,156278,842558,998836,5.39140506021321
447774,156288,842604,998892,5.391354422604422
447794,156297,842626,998923,5.391184731632725
447864,156328,842768,999096,5.391024000818791
448282,156573,843657,1000230,5.3882661761606405
448314,156585,843725,1000310,5.388287511575183
448339,156597,843760,1000357,5.388098111713506
448383,156610,843831,1000441,5.388104207904987
448451,156628,843910,1000538,5.387989376101336
448492,156639,843994,1000633,5.388147268560193
448493,156639,843996,1000635,5.388160036772451
448538,156652,844041,1000693,5.388000153205832
448621,156713,844176,1000889,5.386764339907985
448654,156713,844208,1000921,5.386968534837569
448794,156734,844342,1001076,5.387101713731545
448970,156798,844662,1001460,5.386943711016722
449011,156811,844703,1001514,5.386758581987233
449099,156817,844927,1001744,5.387980894928483
449121,156819,844934,1001753,5.38795681645719
450544,157464,847461,1004925,5.381934918457552
450634,157500,847681,1005181,5.382101587301587
450637,157501,847686,1005187,5.382099161275167
450661,157508,847700,1005208,5.381948853391574
450694,157528,847741,1005269,5.381525823980499
450715,157538,847764,1005302,5.381330218740875
450772,157560,847827,1005387,5.380978674790556
450782,157560,847843,1005403,5.381080223406956
450968,157665,848107,1005772,5.379171027177877
450995,157678,848137,1005815,5.3789177944925735
451019,157683,848165,1005848,5.378924804829944
451044,157691,848186,1005877,5.378785092364181
451062,157696,848208,1005904,5.378754058441558
451143,157732,848344,1006076,5.378388659244795
451151,157739,848364,1006103,5.378276773657751
451395,157968,849016,1006984,5.374607515446166
451422,157987,849043,1007030,5.374132048839462
451479,157999,849089,1007088,5.374015025411553
451482,157999,849098,1007097,5.374071987797391
451632,158115,849398,1007513,5.372026689434905
451658,158115,849437,1007552,5.372273345349903
451754,158178,849659,1007837,5.371537129057138
451950,158333,849967,1008300,5.3682239331030175
452170,158511,850498,1009009,5.3655456088221
452310,158546,850717,1009263,5.3657424343723585
452362,158546,850757,1009303,5.365994727082361
452383,158558,850814,1009372,5.365948107317196
452649,158558,851277,1009835,5.368868174421978
452774,158616,851700,1010316,5.369571796035709
452796,158616,851746,1010362,5.369861804609876
452815,158632,851760,1010392,5.369408442180645
452844,158665,851795,1010460,5.368512274288595
452910,158673,851837,1010510,5.368506299118312
453018,158673,852140,1010813,5.3704158867608225
453062,158691,852231,1010922,5.370380172788627
453222,158723,852311,1011034,5.36980147804666
453235,158723,852311,1011034,5.36980147804666
453278,158744,852341,1011085,5.369280098775387
454129,159090,853438,1012528,5.364498082846188
454189,159090,853478,1012568,5.364749512854359
454211,159101,853492,1012593,5.364466596690153
454248,159135,853540,1012675,5.363622081880164
454249,159135,853542,1012677,5.363634649825619
454275,159143,853588,1012731,5.363654072123813
454285,159147,853602,1012749,5.363607231050538
454327,159172,853662,1012834,5.363141758600759
454395,159172,853754,1012926,5.363719749704722
454863,159316,854164,1013480,5.361445178136534
455028,159351,854299,1013650,5.361114771793086
455332,159446,854938,1014384,5.361928176310475
455426,159511,855130,1014641,5.360946893944618
455449,159535,855151,1014686,5.360272040618046
455480,159535,855192,1014727,5.3605290375152785
455510,159535,855299,1014834,5.361199736734886
455621,159535,855563,1015098,5.3628545460243835
455658,159539,855604,1015143,5.362977077705138
455708,159570,855687,1015257,5.362455348749765
455722,159570,855694,1015264,5.362499216644733
455771,159610,855820,1015430,5.361944740304493
455807,159638,855879,1015517,5.361373858354527
455936,159713,856057,1015770,5.359970697438531
455962,159720,856100,1015820,5.36000500876534
456009,159737,856197,1015934,5.360041818739553
456051,159747,856220,1015967,5.35985026322873
456596,159747,857956,1017703,5.370717446963011
456615,159747,857971,1017718,5.370811345439977
456676,159813,858074,1017887,5.369237796674864
456691,159813,858102,1017915,5.369413001445439
456701,159819,858111,1017930,5.369267734124228
456715,159819,858137,1017956,5.369430418160544
456740,159828,858172,1018000,5.3693470480766825
456771,159835,858205,1018040,5.369318359558294
456866,159849,858336,1018185,5.36966762381998
457006,159952,858590,1018542,5.367797839351805
457170,159994,858865,1018859,5.368107554033276
457222,160004,858943,1018947,5.368259543511412
457227,160004,858949,1018953,5.368297042573936
457247,160015,858975,1018990,5.36809049151642
457253,160016,858994,1019010,5.368175682431757
457271,160025,859016,1019041,5.368011248242462
457360,160081,859170,1019251,5.3670954079497255
457406,160086,859238,1019324,5.367352548005447
457427,160100,859268,1019368,5.367070580886946
457442,160107,859277,1019384,5.366892140880786
457608,160121,859677,1019798,5.36892100349111
457620,160129,859701,1019830,5.368802652861131
457681,160145,859763,1019908,5.368653407849137
457686,160151,859774,1019925,5.368520958345561
457710,160155,859796,1019951,5.368524242140427
457758,160172,859898,1020070,5.36859126439078
457820,160238,860038,1020276,5.367253710106217
457980,160367,860398,1020765,5.365181115815598
458065,160399,860567,1020966,5.365164371348949
458149,160419,860599,1021018,5.364694955086367
458371,160558,860935,1021493,5.362143275327296
458403,160573,860964,1021537,5.361822971483375
458452,160585,861031,1021616,5.3618395242395
458491,160595,861098,1021693,5.36192284940378
458631,160595,861361,1021956,5.363560509355833
458645,160600,861386,1021986,5.363549190535492
458646,160600,861386,1021986,5.363549190535492
458661,160609,861403,1022012,5.363354482002877
458715,160633,861503,1022136,5.3631756861915045
458730,160642,861517,1022159,5.362962363516391
458775,160667,861564,1022231,5.362420409916162
458804,160679,861582,1022261,5.3621319525264655
459035,160745,861807,1022552,5.361330056922455
459062,160767,861846,1022613,5.3608389781485
459258,160773,862313,1023086,5.363543629838343
459331,160807,862409,1023216,5.363006585534212
459398,160827,862452,1023279,5.362607024939842
459527,160903,862674,1023577,5.361453795143658
459697,160903,863019,1023922,5.363597944102969
459717,160918,863039,1023957,5.363222262270225
459921,160995,863317,1024312,5.362383924966614
460017,161035,863497,1024532,5.362169714658304
460055,161069,863554,1024623,5.361391701693063
460099,161087,863627,1024714,5.361245786438384
460155,161126,863744,1024870,5.360674254930924
460307,161207,863967,1025174,5.359364047466921
460336,161224,864010,1025234,5.359065647794373
460372,161241,864065,1025306,5.358841733802197
460382,161245,864083,1025328,5.35882042854042
460389,161247,864083,1025330,5.358753961314009
460466,161247,864239,1025486,5.359721421173727
460519,161282,864368,1025650,5.359358142880173
460612,161324,864530,1025854,5.358967047680444
460694,161341,864682,1026023,5.3593444939599975
460716,161358,864806,1026164,5.359548333519255
460724,161361,864826,1026187,5.359572635271224
460735,161369,864846,1026215,5.359430869621798
460767,161393,864917,1026310,5.359073813610256
460802,161408,864980,1026388,5.358966098334655
460853,161418,865078,1026496,5.35924122464657
460907,161423,865210,1026633,5.3598929520576375
460933,161435,865246,1026681,5.359717533372565
460941,161435,865262,1026697,5.359816644469911
460976,161453,865319,1026772,5.359572135544091
461088,161517,865483,1027000,5.358463814954463
461273,161631,865854,1027485,5.356979787293279
461341,161651,865887,1027538,5.356521147410161
461395,161666,865965,1027631,5.356506624769587
461482,161717,866060,1027777,5.355404812110044
461536,161768,866199,1027967,5.354575688640522
461975,161987,866974,1028961,5.352120849203948
462028,161990,867057,1029047,5.3525341070436445
462069,162002,867090,1029092,5.352341329119394
462164,162056,867235,1029291,5.35145258429185
462285,162064,867402,1029466,5.352218876493237
462340,162068,867440,1029508,5.352321247871264
462370,162085,867508,1029593,5.352179412036894
462435,162100,867550,1029650,5.351943244910549
462494,162138,867607,1029745,5.351040471696949
462548,162158,867650,1029808,5.350645666572109
462597,162198,867709,1029907,5.349689885202037
463529,162458,868719,1031177,5.3473451599798105
463606,162482,868808,1031290,5.347103063723981
463620,162490,868822,1031312,5.34692596467475
465296,162533,870978,1033511,5.35877637156762
465336,162539,870994,1033533,5.35867699444441
465343,162539,870994,1033533,5.35867699444441
465369,162555,871022,1033577,5.358321798775799
465454,162581,871093,1033674,5.357901599817937
465700,162709,871539,1034248,5.356427732946549
465912,162774,871709,1034483,5.35533316131569
466022,162797,871770,1034567,5.3549512583155705
466188,162797,872185,1034982,5.357500445339902
466214,162806,872216,1035022,5.3573946906133685
466258,162817,872266,1035083,5.357339835520861
466268,162825,872281,1035106,5.357168739444188
466329,162855,872378,1035233,5.356777501458352
466409,162893,872473,1035366,5.356111066773894
466495,162893,872473,1035366,5.356111066773894
466505,162900,872486,1035386,5.355960712093308
466522,162904,872507,1035411,5.35595811029809
466540,162910,872560,1035470,5.356086182554785
467109,162924,873337,1036261,5.360395030811913
467132,162930,873357,1036287,5.360320382986559
467236,162975,873564,1036539,5.360110446387483
467259,162979,873594,1036573,5.360162965780868
467292,162989,873659,1036648,5.360232899152703
467327,162998,873798,1036796,5.36078970294114
467363,163017,873846,1036863,5.360459338596588
467438,163017,874013,1037030,5.361483771631179
467465,163038,874046,1037084,5.360995596118697
467491,163044,874063,1037107,5.360902578445082
467579,163096,874152,1037248,5.359739049394221
468895,163946,878301,1042247,5.357257877593842
468975,163968,878572,1042540,5.358191842310695
469526,164231,879680,1043911,5.356357813080356
469591,164284,879784,1044068,5.355262837525261
469619,164299,879822,1044121,5.355005203926987
469681,164342,879902,1044244,5.354090859305594
469690,164345,879914,1044259,5.354066141348992
469698,164352,879933,1044285,5.353953709112149
469714,164352,879959,1044311,5.354111906152648
469762,164362,880030,1044392,5.354218128277826
469818,164379,880077,1044456,5.353950322121439
469859,164399,880142,1044541,5.353694365537503
469967,164430,880231,1044661,5.353226296904458
469973,164438,880239,1044677,5.353014510028095
470003,164459,880273,1044732,5.352537714567156
470175,164459,880649,1045108,5.354823998686602
470283,164459,881206,1045665,5.358210861065676
470871,164518,882011,1046529,5.361182363024107
470899,164521,882035,1046556,5.361230481215164
470909,164525,882048,1046573,5.361179152104543
470921,164532,882093,1046625,5.361224564218511
470926,164535,882103,1046638,5.361187589266722
470956,164546,882144,1046690,5.361078361066206
471001,164569,882193,1046762,5.3606268495281615
476145,164666,911766,1076432,5.537062903088676
477567,165332,913932,1079264,5.527859095637868
477616,165391,914041,1079432,5.526546184496134
477871,165615,914517,1080132,5.521945475953265
477895,165631,914550,1080181,5.521611292572043
477932,165639,914570,1080209,5.521465355381281
478094,165656,915055,1080711,5.52382648379775
478161,165692,915152,1080844,5.523211742268788
478240,165740,915414,1081154,5.523192952817666
478256,165740,915440,1081180,5.523349825027151
478305,165769,915523,1081292,5.52288425459525
478329,165771,915553,1081324,5.522998594446555
478354,165780,915629,1081409,5.523157196284232
478840,166020,916667,1082687,5.52142512950247
478843,166020,916676,1082696,5.5214793398385735
478865,166034,916720,1082754,5.521278774226966
478995,166035,917105,1083140,5.523564308730087
479125,166097,917505,1083602,5.523910726864423
479169,166110,917522,1083632,5.5235807597375235
479202,166134,917573,1083707,5.523089794984771
479287,166134,917770,1083904,5.5242755847689216
479359,166158,917901,1084059,5.524266060015166
479362,166158,917910,1084068,5.5243202253277
479413,166177,917975,1084152,5.524079746294613
479435,166177,917990,1084167,5.524170011493768
479452,166177,918008,1084185,5.524278329732755
479940,166199,918841,1085040,5.528559136938249
479951,166206,918855,1085061,5.5284105266957875
479981,166214,918878,1085092,5.5282828161286055
480471,166387,919457,1085844,5.526014652587041
480524,166395,919736,1086131,5.527425703897353
480538,166397,919754,1086151,5.527467442321677
480541,166399,919762,1086161,5.527449083227664
480581,166436,919850,1086286,5.526749020644572
480597,166437,919856,1086293,5.526751864068687
480641,166507,919897,1086404,5.524674638303495
481171,166577,921643,1088220,5.532834665049797
481176,166581,921648,1088229,5.532731824157617
489404,166588,946326,1112914,5.680637260787091
489434,166610,946366,1112976,5.680127243262709
489478,166629,946440,1113069,5.679923662747781
489485,166629,946445,1113074,5.679953669529314
489541,166653,946563,1113216,5.679843747187269
489577,166665,946593,1113258,5.679614796147962
489590,166666,946597,1113263,5.679604718418874
489701,166731,946789,1113520,5.678542082756056
489938,166803,947079,1113882,5.67782953544001
490257,166917,947517,1114434,5.676575783173673
490276,166923,947553,1114476,5.676587408565626
490299,166930,947578,1114508,5.676499131372432
490321,166930,947631,1114561,5.676816629725034
490372,166954,947712,1114666,5.676485738586677
490598,167060,948303,1115363,5.676421644917993
490819,167216,948554,1115770,5.672627021337671
490900,167240,948622,1115862,5.672219564697441
491160,167443,949167,1116610,5.668597672043621
491196,167443,949192,1116635,5.668746976583076
491201,167449,949212,1116661,5.668663294495637
491216,167469,949229,1116698,5.668087825209442
491230,167475,949255,1116730,5.66804000597104
491342,167535,949449,1116984,5.667168054436386
491360,167535,949466,1117001,5.667269525770735
491388,167549,949500,1117049,5.666998907782201
491427,167561,949519,1117080,5.666706453172278
491470,167572,949626,1117198,5.666973002649607
491522,167583,949673,1117256,5.666881485592214
491593,167583,949800,1117383,5.667639319024006
491602,167587,949816,1117403,5.667599515475544
491657,167620,949920,1117540,5.667104164180885
491706,167641,949982,1117623,5.666764097088421
491730,167658,950043,1117701,5.666553340729342
491841,167689,950121,1117810,5.665970934289071
491866,167706,950142,1117848,5.665521806017674
491913,167725,950245,1117970,5.665494112386346
491922,167729,950254,1117983,5.665412659707028
492115,167842,950585,1118427,5.663570500828159
492122,167845,950594,1118439,5.663522893145462
492143,167854,950611,1118465,5.663320504724344
492274,167917,950865,1118782,5.662708361869257
492366,167945,951012,1118957,5.662639554616095
492663,167949,951027,1118976,5.662594001750532
492678,167962,951043,1119005,5.662250985341923
492798,168014,951204,1119218,5.661456783363291
492936,168122,951573,1119695,5.660014751192587
492971,168161,951636,1119797,5.659076718145111
492983,168169,951672,1119841,5.659021579482545
492987,168169,951682,1119851,5.659081043474124
493190,168277,951900,1120177,5.656744534309501
493234,168325,952008,1120333,5.655773058072182
493259,168325,952035,1120360,5.655933462052577
493452,168405,952134,1120539,5.653834506101362
493471,168418,952184,1120602,5.6536949732213895
493653,168468,952408,1120876,5.653346629626991
493659,168473,952415,1120888,5.653220397333698
493717,168493,952479,1120972,5.652929201806603
493857,168535,952565,1121100,5.6520307354555435
493886,168547,952608,1121155,5.651883450906869
494014,168645,952927,1121572,5.650490675679682
494083,168668,953012,1121680,5.650224108900325
494125,168700,953104,1121804,5.649697688203912
494231,168758,953237,1121995,5.648544069021913
494414,168809,953610,1122419,5.649047147960121
494462,168817,953659,1122476,5.649069702695819
494523,168838,953775,1122613,5.649054122887028
494606,168921,954011,1122932,5.64767554063734
494618,168940,954037,1122977,5.647194270155085
494893,168982,954329,1123311,5.647518670627641
495931,168992,955645,1124637,5.654971832986177
496209,169244,956229,1125473,5.650002363451585
496401,169415,956609,1126024,5.646542513945046
496450,169415,956718,1126133,5.647185904435853
496467,169437,956765,1126202,5.646730053058069
496511,169444,956877,1126321,5.6471577630367555
496584,169477,956943,1126420,5.646447600559368
496608,169487,956975,1126462,5.646303256296943
496679,169492,957044,1126536,5.646543789677389
496762,169509,957090,1126599,5.6462488717413235
496840,169548,957208,1126756,5.645646070729233
496854,169558,957249,1126807,5.645554913362979
496858,169558,957251,1126809,5.645566708736833
496927,169606,957395,1127001,5.644817989929601
496989,169606,957459,1127065,5.645195335070693
497016,169613,957473,1127086,5.645044896322806
497075,169613,957594,1127207,5.645758285037114
497116,169635,957653,1127288,5.645373891001268
497159,169652,957707,1127359,5.645126494235258
497230,169674,957775,1127449,5.644795313365631
497282,169684,957842,1127526,5.644857499823201
497352,169714,957940,1127654,5.644437111846989
498344,170082,959399,1129481,5.640802671652497
498441,170107,959490,1129597,5.640508621044401
498506,170127,959645,1129772,5.640756611237487
498832,170287,959954,1130241,5.637271195100037
498866,170292,959962,1130254,5.637152655438893
498887,170296,959987,1130283,5.637167050312398
498962,170296,960154,1130450,5.638147695776765
499027,170325,960236,1130561,5.637669161896374
499064,170357,960321,1130678,5.637109129651262
515400,170357,992434,1162791,5.825613270954525
515420,170357,992455,1162812,5.825736541498148
515479,170368,992471,1162839,5.82545431066867
515668,170482,992892,1163374,5.824028343168194
515736,170506,992980,1163486,5.823724678310441
516133,170537,993567,1164104,5.826108117300058
516168,170561,993647,1164208,5.825757353674052
516218,170599,993751,1164350,5.825069314591527
516321,170645,993861,1164506,5.82414369011691
516355,170666,993901,1164567,5.823661420552424
516414,170703,994001,1164704,5.822984950469529
516425,170708,994022,1164730,5.822937413595145
516465,170723,994048,1164771,5.8225780943399545
516538,170723,994170,1164893,5.823292702213527
516583,170728,994260,1164988,5.823649313527951
516873,170728,994827,1165555,5.826970385642659
516875,170728,994827,1165555,5.826970385642659
516906,170734,994855,1165589,5.826929609802383
517265,170734,995914,1166648,5.833132240795623
517268,170737,995920,1166657,5.833064889274147
517525,170850,996231,1167081,5.831027216856892
517595,170914,996437,1167351,5.83004903050657
517732,171007,996695,1167702,5.828387142046817
517986,171174,997166,1168340,5.8254524635750755
518386,171270,997779,1169049,5.8257663338588195
518741,171465,998198,1169663,5.821584579943429
518759,171472,998209,1169681,5.821411075860782
518770,171472,998226,1169698,5.821510217411589
518790,171499,998252,1169751,5.820745310468283
518811,171499,998281,1169780,5.820914407664184
518828,171507,998305,1169812,5.8207828251908085
518835,171510,998312,1169822,5.820721823800361
518925,171556,998517,1170073,5.820356035347059
518996,171615,998739,1170354,5.819648632112577
519020,171615,998834,1170449,5.820202196777671
519034,171623,998863,1170486,5.820099870064036
519058,171630,998890,1170520,5.820019810056517
519096,171649,998976,1170625,5.819876608660697
519408,171811,999687,1171498,5.81852733526957
519424,171817,999718,1171535,5.818504571724567
519462,171831,999759,1171590,5.81826911325663
519486,171846,999792,1171638,5.817953283754059
519491,171848,999796,1171644,5.817908849681113
519519,171868,999852,1171720,5.817557660530174
519554,171871,999856,1171727,5.8174793886112255
519721,171877,1000143,1172020,5.818946106808939
520665,172318,1001791,1174109,5.813617846075279
520705,172330,1001882,1174212,5.8137410781639876
520723,172341,1001911,1174252,5.813538275860068
521120,172565,1002502,1175067,5.809416741517689
521256,172683,1002706,1175389,5.806628330524719
521300,172692,1002797,1175489,5.80685266254372
521305,172693,1002801,1175494,5.806842199741738
521314,172695,1002817,1175512,5.806867598946119
521499,172695,1003139,1175834,5.808732157850546
521505,172699,1003142,1175841,5.808614989085055
521560,172724,1003196,1175920,5.808086890067391
521580,172724,1003217,1175941,5.808208471318404
521776,172881,1003615,1176496,5.805235971564255
521795,172897,1003639,1176536,5.804837562248044
521867,172962,1003737,1176699,5.803222673188331
521939,173009,1003846,1176855,5.802276182163934
521948,173012,1003854,1176866,5.8022218112038475
522148,173103,1004242,1177345,5.801413031547691
522184,173103,1004293,1177396,5.801707653824602
522609,173299,1004758,1178057,5.797829185396338
522611,173301,1004761,1178062,5.797779585807352
522698,173315,1004859,1178174,5.797876698496957
522756,173330,1004913,1178243,5.797686493971038
522779,173344,1004947,1178291,5.797414389883699
522809,173368,1005004,1178372,5.796940611877624
522815,173371,1005010,1178381,5.796874909875354
522835,173371,1005042,1178413,5.797059485150342
522894,173386,1005088,1178474,5.79682327292861
522916,173391,1005120,1178511,5.796840666470578
522960,173420,1005157,1178577,5.796084649982701
522964,173422,1005161,1178583,5.796040871400399
523090,173488,1005313,1178801,5.7947120261920135
523118,173504,1005354,1178858,5.794413961637772
523289,173616,1005629,1179245,5.792259929960372
523459,173616,1005974,1179590,5.794247074002396
525589,173620,1014567,1188187,5.84360672733556
527892,174932,1020271,1195203,5.832386298676057
528073,175003,1020588,1195591,5.831831454317926
528131,175035,1020677,1195712,5.83127374525095
528276,175057,1020971,1196028,5.832220362510497
528361,175120,1021188,1196308,5.831361352215623
528526,175253,1021452,1196705,5.828442309118817
528773,175372,1021951,1197323,5.827332755513993
528805,175408,1022042,1197450,5.826655568731186
528820,175421,1022080,1197501,5.826440391971315
528847,175428,1022132,1197560,5.82650432086098
528857,175433,1022141,1197574,5.826389561827022
528887,175458,1022186,1197644,5.825815864765357
528909,175459,1022208,1197667,5.825908046894146
529075,175539,1022444,1197983,5.824597382917756
529146,175584,1022555,1198139,5.823736786950975
529155,175592,1022584,1198176,5.823636612146339
529176,175599,1022609,1198208,5.823546831132296
529204,175599,1022674,1198273,5.82391699269358
529396,175725,1022940,1198665,5.821254801536492
529758,175875,1023376,1199251,5.818769012082445
529852,175907,1023513,1199420,5.818489315376875
529861,175910,1023523,1199433,5.818446933090785
529875,175911,1023559,1199470,5.818618505949031
529921,175926,1023599,1199525,5.818349760694837
529944,175938,1023625,1199563,5.818100694562857
529957,175938,1023639,1199577,5.818180268048971
530010,175938,1023715,1199653,5.818612238402165
530038,175945,1023734,1199679,5.81848873227429
530060,175951,1023787,1199738,5.818591539690027
530138,175988,1023854,1199842,5.8177489374275515
530155,175995,1023891,1199886,5.817727776357283
530199,176006,1023928,1199934,5.817574400872697
530210,176006,1023938,1199944,5.817631217117598
530527,176189,1024415,1200604,5.814296011669287
530708,176241,1024992,1201233,5.815854426609018
530826,176290,1025168,1201458,5.8152362584378015
530874,176326,1025207,1201533,5.814270158683348
530894,176326,1025248,1201574,5.814502682531221
531154,176414,1025446,1201860,5.812724613692791
531270,176446,1025697,1202143,5.813092957618761
531284,176449,1025738,1202187,5.813226484706629
531539,176522,1025953,1202475,5.812040425556021
531541,176524,1025953,1202477,5.81197457569509
531600,176538,1025984,1202522,5.811689268032945
531627,176549,1026023,1202572,5.811548068808093
531673,176553,1026072,1202625,5.811693938930519
531695,176553,1026096,1202649,5.811829875448166
531718,176579,1026130,1202709,5.811166673273719
531728,176585,1026142,1202727,5.811037177563213
531738,176589,1026152,1202741,5.810962177712089
531796,176601,1026242,1202843,5.811076947469154
531799,176601,1026251,1202852,5.811127909807985
531881,176640,1026350,1202990,5.8104053442028984
531898,176643,1026370,1203013,5.810419886437617
531914,176643,1026370,1203013,5.810419886437617
531917,176644,1026373,1203017,5.810403976359231
532010,176704,1026508,1203212,5.809195038029699
532041,176715,1026552,1203267,5.809082420847127
532193,176780,1026767,1203547,5.808162688086887
532206,176786,1026794,1203580,5.808118289909834
532224,176792,1026803,1203595,5.807972080184624
532227,176792,1026809,1203601,5.808006018371872
532248,176814,1026897,1203711,5.807781058061013
532262,176827,1026938,1203765,5.807585945585233
532307,176827,1027033,1203860,5.808123193856142
532673,177066,1027582,1204648,5.803384048885726
532719,177091,1027614,1204705,5.802745481136816
532858,177172,1027751,1204923,5.8008658252997085
533659,177172,1028668,1205840,5.806041586706703
533661,177172,1028674,1205846,5.806075452103041
533676,177182,1028688,1205870,5.805826776986375
533721,177200,1028781,1205981,5.805761851015801
535320,177200,1030774,1207974,5.817009029345373
535334,177203,1030808,1208011,5.8171024192592675
535393,177256,1030929,1208185,5.81604571918581
535436,177268,1031048,1208316,5.816323307083061
535687,177518,1031630,1209148,5.811410673847159
535721,177535,1031666,1209201,5.8110569746810485
536053,177790,1033001,1210791,5.810231171606952
536217,177895,1033341,1211236,5.808713004862419
536225,177895,1033341,1211236,5.808713004862419
536238,177897,1033391,1211288,5.808928762148884
536975,178395,1034649,1213044,5.799764567392584
537427,178427,1035977,1214404,5.80616722805405
537443,178427,1036002,1214429,5.806307341377706
537888,178578,1036432,1215010,5.803805619953185
537927,178592,1036486,1215078,5.803653019172192
537980,178592,1036512,1215104,5.803798602401003
538358,178798,1037146,1215944,5.8006577254779135
538394,178815,1037203,1216018,5.800425020272349
538416,178815,1037263,1216078,5.8007605625926235
538815,178815,1038096,1216911,5.805419008472444
538857,178832,1038165,1216997,5.805252974859085
538879,178840,1038198,1217038,5.8051778125698945
539257,178948,1038624,1217572,5.804054809218321
539282,178971,1038680,1217651,5.80362181582491
539315,178996,1038796,1217792,5.80345929517978
539764,179241,1040291,1219532,5.8038674187267425
539924,179349,1040694,1220043,5.8026194737634444
539938,179360,1040716,1220076,5.802386262265834
540038,179454,1040936,1220390,5.800572848752327
540077,179468,1041030,1220498,5.800644125972318
540118,179485,1041121,1220606,5.800601721592334
540155,179509,1041165,1220674,5.800071305616989
540266,179509,1041429,1220938,5.801541983967378
540277,179517,1041441,1220958,5.8013502899446845
540293,179517,1041467,1220984,5.80149512302456
540486,179517,1041561,1221078,5.802018750313341
540513,179536,1041622,1221158,5.801744496925408
540810,179787,1042538,1222325,5.798739619661044
542658,180650,1045691,1226341,5.788491558261832
542688,180678,1045779,1226457,5.7880815594593695
542837,180824,1046283,1227107,5.786195416537628
542967,180879,1046521,1227400,5.785751800927692
542975,180881,1046528,1227409,5.785726527385408
543017,180911,1046614,1227525,5.785242467290546
543115,180920,1046727,1227647,5.785579261552067
543176,180929,1046860,1227789,5.786026562905891
543328,181054,1047181,1228235,5.783804831707667
543389,181072,1047265,1228337,5.783693779270124
543393,181072,1047275,1228347,5.7837490059202965
543427,181087,1047330,1228417,5.783573641398886
543977,181332,1048250,1229582,5.780832947301083
544138,181458,1048488,1229946,5.778130476473895
544195,181486,1048572,1230058,5.777701861300597
544257,181517,1048658,1230175,5.777188913435105
544306,181529,1048737,1230266,5.777242203725025
544340,181550,1048804,1230354,5.776942990911595
544364,181563,1048840,1230403,5.7767276372388645
544565,181719,1049181,1230900,5.773645023360243
544586,181730,1049191,1230921,5.773350575028889
544589,181734,1049204,1230938,5.773295035601484
544624,181773,1049334,1231107,5.7727715337261305
544821,181773,1049798,1231571,5.775324168055762
544839,181778,1049814,1231592,5.775253330986148
545076,181849,1050729,1232578,5.778030123894
545080,181850,1050733,1232583,5.778020346439373
545124,181876,1050796,1232672,5.77754074204403
545200,181906,1050911,1232817,5.777220102690401
545370,181980,1051122,1233102,5.776030333003627
545414,181990,1051157,1233147,5.775905269520304
545599,181990,1051479,1233469,5.777674597505357
545632,182010,1051527,1233537,5.777303444865667
545663,182029,1051561,1233590,5.77688719929242
545804,182057,1051662,1233719,5.776553496981714
546381,182390,1052671,1235061,5.771539009814134
546441,182431,1052835,1235266,5.771140869698681
546506,182446,1052873,1235319,5.7708746697653
546561,182462,1052962,1235424,5.770856397496465
546577,182470,1052987,1235457,5.770740395681482
546597,182475,1053021,1235496,5.770768598438142
546921,182608,1053628,1236236,5.769889599579427
546994,182628,1053729,1236357,5.769810762862211
547028,182635,1053761,1236396,5.769764831494511
547050,182635,1053776,1236411,5.769846962520875
547098,182671,1053934,1236605,5.769574809356713
547176,182707,1054035,1236742,5.76899078853027
547195,182714,1054058,1236772,5.768895651126898
547247,182739,1054226,1236965,5.769025768992935
547346,182806,1054482,1237288,5.76831176219599
547352,182810,1054487,1237297,5.76821289863793
547366,182814,1054520,1237334,5.768267200542628
547387,182826,1054538,1237364,5.767987047794078
547393,182826,1054552,1237378,5.768063623335849
547455,182839,1054669,1237508,5.76829341661243
547476,182853,1054712,1237565,5.768086933219581
547533,182895,1054774,1237669,5.767101342300227
547911,182979,1055218,1238197,5.766880352390165
547937,182992,1055240,1238232,5.766590889219201
547970,183000,1055266,1238266,5.76648087431694
548013,183016,1055309,1238325,5.766211697337938
548017,183017,1055321,1238338,5.766245758590732
548145,183098,1055559,1238657,5.7649947022905765
548175,183107,1055592,1238699,5.764891566133463
548264,183165,1055734,1238899,5.76384134523517
548406,183196,1055887,1239083,5.763701172514684
548476,183232,1055974,1239206,5.763043573174992
548514,183244,1055996,1239240,5.76278623038135
548805,183373,1056957,1240330,5.7639728858665125
548808,183376,1056970,1240346,5.763949480848093
548824,183376,1056997,1240373,5.764096719308961
548878,183396,1057113,1240509,5.7641006346921415
548919,183396,1057136,1240532,5.764226046369605
548928,183403,1057162,1240565,5.764147805652034
549081,183436,1057294,1240730,5.763830436773588
549098,183444,1057313,1240757,5.763682649745972
549124,183453,1057326,1240779,5.763470752726857
549140,183453,1057352,1240805,5.7636124784004625
549210,183472,1057401,1240873,5.763282680736025
549255,183501,1057459,1240960,5.762687941755086
549604,183642,1058130,1241772,5.76191720848172
551104,184065,1060872,1244937,5.763572650965691
551134,184081,1060920,1245001,5.763332446042774
551234,184186,1061156,1245342,5.761328222557632
551259,184203,1061209,1245412,5.761084238584605
551266,184208,1061228,1245436,5.761031008425259
551413,184263,1061371,1245634,5.760087483651086
551426,184270,1061388,1245658,5.759960926900743
551894,184569,1062108,1246677,5.75453082587
551948,184581,1062165,1246746,5.7544655192029515
551957,184583,1062181,1246764,5.754489850094537
551970,184594,1062228,1246822,5.75440155151305
552024,184609,1062310,1246919,5.754378172245123
552432,184639,1063550,1248189,5.760159012992921
552499,184665,1063683,1248348,5.760068231662741
552545,184687,1063791,1248478,5.759966862854451
552591,184687,1063823,1248510,5.760140128974968
552609,184692,1063874,1248566,5.760260325298335
552632,184696,1063885,1248581,5.7601951314592625
552661,184704,1063903,1248607,5.760043095980596
552668,184705,1063916,1248621,5.760082293386752
552761,184743,1064101,1248844,5.759898886561331
552881,184839,1064280,1249119,5.7578757729699905
553017,184918,1064643,1249561,5.757378946343785
553079,184951,1064748,1249699,5.756919400273586
553086,184956,1064760,1249716,5.756828651138649
553089,184957,1064763,1249720,5.756813745897695
553107,184970,1064783,1249753,5.756517273071309
553165,184983,1064900,1249883,5.756745214425109
553173,184985,1064906,1249891,5.756715409357516
553188,184992,1064925,1249917,5.756600285417748
553241,185016,1065002,1250018,5.756269728023522
553504,185127,1065436,1250563,5.755162672111577
553533,185135,1065474,1250609,5.755119237313312
553578,185144,1065569,1250713,5.755352590416108
553596,185144,1065569,1250713,5.755352590416108
553629,185163,1065635,1250798,5.755118463191891
553647,185163,1065668,1250831,5.755296684542809
553658,185165,1065676,1250841,5.755277725272054
553698,185186,1065755,1250941,5.7550516777726175
554299,185661,1066862,1252523,5.746290281750071
554318,185668,1066907,1252575,5.746316004911994
554929,185980,1067995,1253975,5.7425260780729115
554932,185981,1067998,1253979,5.742511331802711
554957,185995,1068030,1254025,5.74225113578322
555023,186022,1068075,1254097,5.741659588650805
555170,186049,1068175,1254224,5.741363834258717
555293,186126,1068370,1254496,5.740036319482501
555305,186134,1068385,1254519,5.739870201037962
555426,186235,1068643,1254878,5.738142669208258
555438,186238,1068686,1254924,5.738281124152966
555520,186264,1068795,1255059,5.738065326633166
555529,186264,1068795,1255059,5.738065326633166
555580,186305,1068870,1255175,5.737205120635517
555616,186314,1068899,1255213,5.737083633006645
555944,186538,1069308,1255846,5.7323869667306395
556003,186573,1069432,1256005,5.73197622378372
556008,186575,1069444,1256019,5.731979096877931
556952,186596,1071506,1258102,5.742384617033592
556962,186600,1071515,1258115,5.742309753483387
557050,186604,1071631,1258235,5.742808299929262
557072,186616,1071671,1258287,5.742653363055687
557114,186654,1071743,1258397,5.741869984034631
557894,187012,1072846,1259858,5.736776249652428
557944,187027,1072894,1259921,5.736572794302427
558140,187036,1074042,1261078,5.742434611518638
558340,187174,1074441,1261615,5.7403325248164805
558389,187193,1074512,1261705,5.740129171496798
558500,187246,1074637,1261883,5.739171998333743
558726,187246,1074674,1261920,5.739369599350587
558726,187246,1074674,1261920,5.739369599350587
558848,187290,1074786,1262076,5.738619253563992
559039,187435,1075020,1262455,5.735428281804359
559052,187440,1075026,1262466,5.735307298335467
559096,187483,1075105,1262588,5.734413253468315
559098,187483,1075110,1262593,5.734439922552978
559177,187513,1075197,1262710,5.733986443606577
559228,187535,1075324,1262859,5.733990988348841
559239,187538,1075333,1262871,5.733947253356653
559263,187554,1075362,1262916,5.733612719536773
559416,187611,1075650,1263261,5.733405823752339
559424,187611,1075666,1263277,5.733491106598227
559443,187611,1075666,1263277,5.733491106598227
559515,187651,1075864,1263515,5.733324096327757
559586,187651,1076066,1263717,5.734400562746801
559715,187651,1076066,1263717,5.734400562746801
559768,187672,1076160,1263832,5.734259772368814
559821,187709,1076212,1263921,5.73340649622554
559836,187718,1076223,1263941,5.733190210848187
559845,187720,1076239,1263959,5.73321436181547
559931,187767,1076431,1264198,5.732801823536617
559986,187784,1076542,1264326,5.732873940271801
560012,187799,1076576,1264375,5.732597085181498
560025,187807,1076592,1264399,5.7324380880371875
560054,187814,1076611,1264425,5.732325598730659
560166,187840,1076817,1264657,5.732628833049404
560725,188158,1078082,1266240,5.729663368020494
560738,188158,1078087,1266245,5.7296899414322
560804,188158,1078087,1266245,5.7296899414322
561395,188167,1078828,1266995,5.733353882455479
561434,188188,1078905,1267093,5.7331232597190045
561767,188360,1079632,1267992,5.731747717137396
561794,188383,1079679,1268062,5.731297410063541
561829,188393,1079697,1268090,5.731088734719443
561852,188408,1079718,1268126,5.730743917455734
561963,188436,1079833,1268269,5.730502664034473
562009,188443,1079862,1268305,5.730443688542424
562080,188472,1080033,1268505,5.730469247421367
562130,188488,1080096,1268584,5.730317049361233
562290,188563,1080398,1268961,5.729639430853349
562330,188577,1080459,1269036,5.72953753639097
562359,188585,1080515,1269100,5.729591430919744
562384,188606,1080552,1269158,5.729149655896419
562540,188607,1080908,1269515,5.731006802504679
562568,188633,1080963,1269596,5.730508447620512
562624,188654,1081060,1269714,5.730384725476268
562679,188688,1081227,1269915,5.730237216993132
562682,188689,1081230,1269919,5.730222747483955
562760,188721,1081366,1270087,5.72997175725012
562827,188721,1081518,1270239,5.730777179010285
562954,188723,1081893,1270616,5.732703486061582
562960,188723,1081900,1270623,5.732740577460087
563543,188999,1082838,1271837,5.729331901226991
563934,189030,1083904,1272934,5.734031635190181
563969,189054,1083956,1273010,5.733578765855258
564688,189087,1085044,1274131,5.738332090519179
564712,189101,1085065,1274166,5.73801830767685
564757,189125,1085140,1274265,5.737686715135492
564799,189153,1085189,1274342,5.737096424587503
565968,189359,1087509,1276868,5.743107008380906
566012,189385,1087627,1277012,5.742941626844787
566017,189387,1087635,1277022,5.742923220706807
566180,189387,1088056,1277443,5.745146182156114
566181,189387,1088058,1277445,5.745156742543047
566266,189419,1088228,1277647,5.745083650531361
566730,189443,1089061,1278504,5.748752923042815
566775,189443,1089198,1278641,5.749476095712167
566806,189453,1089280,1278733,5.749605443038643
566862,189484,1089319,1278803,5.748870617044183
566890,189502,1089369,1278871,5.748588405399415
567159,189639,1089933,1279572,5.747409551832693
567207,189683,1090079,1279762,5.746846053679033
567225,189692,1090103,1279795,5.746699913544061
567232,189697,1090112,1279809,5.746595887125258
567334,189792,1090293,1280085,5.744673115832069
567768,189894,1090957,1280851,5.745084099550275
567772,189894,1090966,1280860,5.745131494412672
568210,190003,1091294,1281297,5.743561943758783
568231,190007,1091337,1281344,5.743667338571737
568240,190014,1091347,1281361,5.743508373067248
568396,190093,1091485,1281578,5.741847411530146
568443,190126,1091557,1281683,5.741229500436552
568568,190182,1091803,1281985,5.740832465743341
568587,190182,1091838,1282020,5.741016499984226
568594,190182,1091838,1282020,5.741016499984226
568766,190182,1092214,1282396,5.742993553543448
568794,190208,1092248,1282456,5.742387281292059
568862,190285,1092369,1282654,5.740699477100139
568897,190288,1092453,1282741,5.741050407802909
569084,190401,1092868,1283269,5.739822795048346
569195,190401,1093125,1283526,5.741172577875116
569227,190409,1093230,1283639,5.741482808060543
569253,190430,1093270,1283700,5.741059706978942
569682,190534,1093955,1284489,5.741521198316311
569890,190598,1094095,1284693,5.7403278103652715
569936,190616,1094145,1284761,5.74004805472783
570055,190739,1094441,1285180,5.737898384703705
570081,190753,1094511,1285264,5.737844227875839
570091,190753,1094513,1285266,5.737854712638858
570097,190753,1094527,1285280,5.737928105979985
570550,190917,1095717,1286634,5.73923223180754
570576,190917,1095740,1286657,5.739352703007066
570810,190923,1096061,1286984,5.740853642567946
571145,191099,1096536,1287635,5.738052004458422
571441,191131,1097008,1288139,5.739560824774631
571470,191148,1097046,1288194,5.739249168183815
571510,191148,1097110,1288258,5.739583987276874
571556,191153,1097118,1288271,5.73947570794076
571614,191156,1097152,1288308,5.73956349787608
571741,191165,1097534,1288699,5.741291554416342
571886,191233,1097747,1288980,5.740363849335627
571906,191233,1097778,1289011,5.74052595524831
571922,191233,1097778,1289011,5.74052595524831
571938,191233,1097804,1289037,5.740661915046044
571967,191257,1097861,1289118,5.740239572930664
571984,191276,1097891,1289167,5.739826219703465
572100,191285,1098076,1289361,5.740523302924955
572143,191329,1098166,1289495,5.739673546613425
572178,191343,1098230,1289573,5.739588069592303
572207,191352,1098281,1289633,5.73958463982608
572230,191366,1098311,1289677,5.739321509568053
572278,191375,1098367,1289742,5.739344219464402
572290,191389,1098421,1289810,5.739206537470806
574582,191926,1099935,1291861,5.7310369621625
574664,191944,1099994,1291938,5.730806902013087
574692,191961,1100042,1292003,5.730549434520554
574714,191961,1100087,1292048,5.730783857137648
574752,191973,1100195,1292168,5.730988211883963
574816,191996,1100231,1292227,5.730489176857851
575026,192216,1100686,1292902,5.726297498647355
575052,192224,1100704,1292928,5.726152821708007
575113,192224,1100746,1292970,5.72637131679707
575165,192263,1100860,1293123,5.7258026765420285
575182,192274,1100877,1293151,5.725563518728481
575311,192276,1101258,1293534,5.7274854896086875
575411,192322,1101348,1293670,5.7265835421844615
575486,192369,1101470,1293839,5.725818609027442
575507,192381,1101502,1293883,5.7256277906861905
576089,192809,1102605,1295414,5.718638652759985
576096,192813,1102614,1295427,5.71856669415444
576140,192813,1102723,1295536,5.719132008733851
576152,192819,1102741,1295560,5.719047396781438
576161,192819,1102752,1295571,5.719104445101364
576176,192825,1102776,1295601,5.719050952936601
578537,194909,1112420,1307329,5.707381393368188
578577,194937,1112485,1307422,5.7068950481437595
578668,195000,1112733,1307733,5.706323076923077
578671,195001,1112737,1307738,5.706314326593197
578695,195007,1112765,1307772,5.706282338582717
578934,195103,1113554,1308657,5.7075185927433205
578963,195110,1113578,1308688,5.707436830505869
579004,195119,1113633,1308752,5.707455450263685
579051,195127,1113729,1308856,5.707713437914794
579224,195127,1113918,1309045,5.70868203785227
579229,195127,1113929,1309056,5.708738411393605
579570,195359,1114451,1309810,5.704630961460696
579588,195366,1114490,1309856,5.704626188794365
579599,195376,1114517,1309893,5.704472401932684
579642,195385,1114591,1309976,5.704588376794534
579696,195410,1114650,1310060,5.704160483086843
579717,195417,1114669,1310086,5.704053383277811
579981,195570,1115190,1310760,5.702254947077773
580053,195616,1115315,1310931,5.701553042695894
580138,195616,1115456,1311072,5.7022738426304596
580169,195618,1115514,1311132,5.702512038769439
580497,195703,1116307,1312010,5.704087315983914
580564,195723,1116398,1312121,5.703969385304742
581404,196023,1117584,1313607,5.701290154726741
581427,196041,1117606,1313647,5.700878897781586
581438,196041,1117616,1313657,5.700929907519345
581499,196062,1117730,1313792,5.700900735481634
581579,196148,1117921,1314069,5.699374961763566
581624,196152,1118088,1314240,5.70011011868347
581665,196173,1118129,1314302,5.699708930382877
581723,196205,1118241,1314446,5.69935016946561
582036,196361,1118680,1315041,5.697057969759779
582181,196455,1118974,1315429,5.695828561248123
582198,196467,1118995,1315462,5.695587554143953
582252,196527,1119132,1315659,5.694545787601704
582255,196528,1119135,1315663,5.6945320768541885
582279,196548,1119169,1315717,5.694125607993976
583524,196608,1121132,1317740,5.702372233072917
583534,196608,1121148,1317756,5.70245361328125
583614,196624,1121277,1317901,5.70264565871918
584175,196772,1122104,1318876,5.702559307218507
584352,196772,1122485,1319257,5.704495558311142
584476,196842,1122677,1319519,5.703442354782008
584497,196848,1122697,1319545,5.703370112980574
584535,196904,1122785,1319689,5.7021949782635195
584662,196904,1123162,1320066,5.704109616869134
584750,196973,1123264,1320237,5.702629294370294
585046,197101,1123740,1320841,5.701340936880077
585071,197109,1123769,1320878,5.701256665093933
585200,197169,1123991,1321160,5.700647667736814
585307,197238,1124248,1321486,5.699956397854369
585429,197311,1124391,1321702,5.698572304635829
587225,198244,1127063,1325307,5.685231331086944
587260,198257,1127135,1325392,5.685221707178057
587299,198257,1127135,1325392,5.685221707178057
587307,198261,1127156,1325417,5.685212926395004
587327,198267,1127175,1325442,5.685136709588585
587414,198341,1127367,1325708,5.683983644329715
587450,198352,1127397,1325749,5.683819674114705
587531,198355,1127438,1325793,5.683940409871191
587546,198358,1127458,1325816,5.6839552727896026
587559,198366,1127471,1325837,5.683791577185606
587568,198369,1127507,1325876,5.683887099294749
587604,198378,1127602,1325980,5.6841081168274705
587652,198393,1127654,1326047,5.683940461609028
587731,198418,1127762,1326180,5.683768609702748
587770,198426,1127784,1326210,5.683650328082005
587815,198427,1127920,1326347,5.684307075146023
587820,198427,1127925,1326352,5.684332273329739
587858,198434,1128118,1326552,5.685104367195138
587945,198451,1128209,1326660,5.685075912945765
588215,198595,1128459,1327054,5.682212543115385
588222,198596,1128463,1327059,5.682204072589579
588664,198596,1129511,1328107,5.68748111744446
588673,198603,1129518,1328121,5.687315901572484
588678,198605,1129523,1328128,5.687283804536643
588695,198616,1129550,1328166,5.6871047649736175
588941,198620,1129886,1328506,5.688681905145504
589162,198753,1130312,1329065,5.687018560726127
589180,198758,1130340,1329098,5.687016371668059
589190,198758,1130350,1329108,5.687066684108313
589209,198763,1130358,1329121,5.686963871545509
589236,198768,1130372,1329140,5.6868912501006195
589554,198901,1130868,1329769,5.6855822745989215
589726,198901,1130868,1329769,5.6855822745989215
589734,198907,1130871,1329778,5.685425852282725
589760,198916,1130922,1329838,5.685425003519073
591466,199628,1133667,1333295,5.678897749814655
591642,199683,1134215,1333898,5.680077923508762
591679,199715,1134234,1333949,5.679262949703327
592300,200135,1135227,1335362,5.67230619331951
592317,200145,1135255,1335400,5.67216268205551
592331,200156,1135277,1335433,5.671960870520993
592355,200168,1135314,1335482,5.67180568322609
592366,200172,1135324,1335496,5.671742301620606
592406,200190,1135367,1335557,5.671447125231031
592434,200206,1135407,1335613,5.671193670519365
592529,200226,1135493,1335719,5.671056705922307
592544,200232,1135520,1335752,5.671021614926685
592547,200235,1135526,1335761,5.6709666142282815
592557,200242,1135545,1335787,5.670863255460892
592578,200248,1135583,1335831,5.670883104949862
592585,200249,1135590,1335839,5.670889742270873
592655,200249,1135860,1336109,5.672238063610805
592663,200249,1135860,1336109,5.672238063610805
592781,200249,1136207,1336456,5.673970906221754
592790,200253,1136225,1336478,5.673947456467569
592807,200260,1136235,1336495,5.673799061220413
592840,200268,1136302,1336570,5.673906964667346
592861,200275,1136358,1336633,5.6739882661340655
592886,200275,1136398,1336673,5.674187991511672
592958,200315,1136468,1336783,5.67340438808876
592973,200325,1136510,1336835,5.673330837389242
593021,200329,1136690,1337019,5.674116079049963
593070,200350,1136786,1337136,5.674000499126529
593100,200367,1136824,1337191,5.673708744453927
593179,200398,1136960,1337358,5.673509715665825
593202,200405,1137005,1337410,5.673536089418927
593324,200481,1137165,1337646,5.672183398925584
593384,200506,1137209,1337715,5.671695610106431
593394,200506,1137235,1337741,5.671825282036448
593467,200556,1137323,1337879,5.670850036897425
593478,200556,1137333,1337889,5.670899898282774
593509,200578,1137372,1337950,5.670472334951989
593553,200606,1137448,1338054,5.670059719051275
593823,200689,1137672,1338361,5.668830877626577
593898,200714,1137758,1338472,5.668553264844505
593973,200745,1137905,1338650,5.668410172108894
593984,200752,1137925,1338677,5.6683121463298
594005,200765,1137949,1338714,5.66806465270341
594073,200765,1138061,1338826,5.66862251886534
594086,200769,1138069,1338838,5.668549427451449
594116,200780,1138096,1338876,5.668373343958562
594332,200780,1138458,1339238,5.670176312381711
594533,200813,1138770,1339583,5.6707982052954735
594570,200818,1138800,1339618,5.67080640181657
594577,200820,1138800,1339620,5.670749925306245
594602,200839,1138842,1339681,5.670422577288275
594621,200859,1138877,1339736,5.670032211650959
594631,200868,1138904,1339772,5.669912579405381
594657,200887,1138937,1339824,5.669540587494462
594682,200887,1138980,1339867,5.669754638179673
594719,200913,1139047,1339960,5.669354397176887
594785,200951,1139192,1340143,5.669003886519599
594860,200990,1139313,1340303,5.668505895815712
594918,201015,1139386,1340401,5.668164067358157
594930,201036,1139419,1340455,5.6677361268628506
594939,201039,1139433,1340472,5.6677211884261265
594976,201063,1139493,1340556,5.667343071574581
595058,201104,1139808,1340912,5.667753997931419
595110,201142,1139932,1341074,5.667299718606755
595122,201146,1139951,1341097,5.667281477136011
595155,201151,1139980,1341131,5.667284776113467
595217,201165,1140086,1341251,5.66741729426093
595325,201191,1140255,1341446,5.667524889284312
595333,201198,1140263,1341461,5.66736746886152
595338,201200,1140271,1341471,5.667350894632206
595383,201223,1140366,1341589,5.667175223508247
596005,201576,1141851,1343427,5.664617811644243
596099,201592,1142042,1343634,5.665115679193619
596130,201627,1142122,1343749,5.664529056128395
596140,201631,1142131,1343762,5.6644613179521
596147,201632,1142133,1343765,5.664443143945405
597498,201638,1145226,1346864,5.679613961654053
598167,201768,1145943,1347711,5.679508147971928
598213,201805,1146049,1347854,5.678992096330616
598250,201822,1146068,1347890,5.678607882193219
598263,201836,1146084,1347920,5.678293267801582
598313,201850,1146117,1347967,5.678062918008422
598399,201870,1146243,1348113,5.678124535592213
598435,201892,1146331,1348223,5.6779416717849145
598441,201892,1146333,1348225,5.677951578071444
598462,201905,1146372,1348277,5.6777791535623185
598482,201917,1146412,1348329,5.677639822303224
598499,201927,1146454,1348381,5.677566645371842
598506,201928,1146484,1348412,5.677687096390793
598527,201928,1146521,1348449,5.677870330018621
598619,201928,1146526,1348454,5.677895091319678
598648,201936,1146565,1348501,5.677863283416528
598737,201991,1146780,1348771,5.677381665519751
598764,202006,1146815,1348821,5.677133352474679
598806,202027,1146874,1348901,5.676835274493014
599989,202192,1148770,1350962,5.68157988446625
600256,202209,1149370,1351579,5.684069452892799
600270,202212,1149385,1351597,5.6840593040966905
600287,202220,1149422,1351642,5.68401740678469
600319,202240,1149458,1351698,5.683633306962025
600336,202240,1149496,1351736,5.683821202531646
600443,202304,1149639,1351943,5.682729950964885
600445,202306,1149639,1351945,5.682673771415578
600506,202306,1149760,1352066,5.683271875278044
600511,202308,1149772,1352080,5.683275006425846
600567,202325,1149853,1352178,5.683197825281107
600585,202334,1149870,1352204,5.6830290509751205
600641,202341,1149912,1352253,5.683040016605631
600712,202366,1150035,1352401,5.682945751756718
600763,202386,1150136,1352522,5.682883203383633
600848,202422,1150306,1352728,5.682712353400322
600874,202434,1150333,1352767,5.682508867087544
600896,202439,1150343,1352782,5.682417913544327
601318,202656,1151049,1353705,5.679817029843676
601537,202784,1151467,1354251,5.678293159223608
601577,202804,1151526,1354330,5.678024102088716
601904,202866,1152287,1355153,5.6800400264213815
602593,203223,1153538,1356761,5.676217750943545
602614,203240,1153576,1356816,5.675929935052155
602881,203269,1154067,1357336,5.67753567932149
602935,203329,1154218,1357547,5.6766029439971675
602968,203345,1154263,1357608,5.67637758489267
603032,203377,1154418,1357795,5.676246576554871
603047,203377,1154444,1357821,5.676374417952866
603078,203385,1154517,1357902,5.676510067114094
603112,203396,1154596,1357992,5.676591476725206
603504,203540,1155244,1358784,5.675759064557335
603523,203540,1155259,1358799,5.675832760145426
603556,203548,1155300,1358848,5.675811110892762
603577,203557,1155334,1358891,5.675727191892197
603618,203557,1155402,1358959,5.676061250657064
603632,203564,1155417,1358981,5.675939753591008
604617,204002,1156987,1360989,5.671449299516671
604633,204007,1156992,1360999,5.671334807138971
604654,204007,1157024,1361031,5.671491664501708
604783,204008,1157406,1361414,5.6733363397513825
604801,204026,1157422,1361448,5.672914236420849
605141,204246,1158353,1362599,5.671361985057235
605191,204258,1158484,1362742,5.671670142662711
605233,204269,1158503,1362772,5.671457734653814
605320,204300,1158637,1362937,5.671253059226627
605397,204330,1158747,1363077,5.670958743209514
605945,204487,1159173,1363660,5.668687985055285
605966,204495,1159222,1363717,5.668705836328517
605971,204501,1159229,1363730,5.668573747805635
606074,204593,1159410,1364003,5.666909425053643
606102,204594,1159461,1364055,5.667131000909118
606147,204607,1159557,1364164,5.667240123749432
606188,204616,1159608,1364224,5.66724009852602
606333,204678,1159959,1364637,5.667238296250696
607306,205102,1161618,1366720,5.663611276340553
607390,205130,1161772,1366902,5.663588943596744
607397,205130,1161784,1366914,5.663647443084873
607402,205131,1161805,1366936,5.663722206784932
607417,205131,1161805,1366936,5.663722206784932
607429,205142,1161815,1366957,5.663467256826978
607459,205152,1161847,1366999,5.663347176727499
607494,205176,1161887,1367063,5.66287967403595
607549,205176,1161971,1367147,5.6632890786446755
608058,205269,1162698,1367967,5.664264940151703
608107,205301,1162750,1368051,5.6636353451761074
608218,205394,1163057,1368451,5.662565605616522
608229,205394,1163067,1368461,5.662614292530454
608549,205575,1163670,1369245,5.660561838744983
608678,205578,1163969,1369547,5.661933669945228
608709,205586,1163975,1369561,5.661742531106204
608808,205586,1164144,1369730,5.662564571517516
608830,205586,1164197,1369783,5.662822371173134
608871,205595,1164244,1369839,5.662803083732581
608931,205620,1164367,1369987,5.662712771131213
609038,205627,1164464,1370091,5.662991727740034
609243,205636,1165663,1371299,5.668574568655294
609525,205711,1165915,1371626,5.667732887400285
609557,205739,1165977,1371716,5.667262891333194
609614,205759,1166047,1371806,5.667052231008121
609668,205811,1166266,1372077,5.6666844823648885
609733,205833,1166352,1372185,5.666496625905467
609768,205843,1166504,1372347,5.666959770310382
609784,205860,1166528,1372388,5.6666083746235305
610037,205966,1166939,1372905,5.665687540662051
610061,205976,1166984,1372960,5.66563094729483
610393,205976,1167606,1373582,5.66865071658834
610540,206028,1167810,1373838,5.668210146193721
610614,206049,1167940,1373989,5.668263374245932
610649,206068,1168023,1374091,5.668143525438205
610689,206068,1168090,1374158,5.668468660830405
610746,206084,1168211,1374295,5.668615710098795
610763,206100,1168256,1374356,5.668393983503154
610774,206100,1168282,1374382,5.66852013585638
610792,206119,1168313,1374432,5.66814801158554
610889,206119,1168382,1374501,5.668482769662186
610942,206137,1168532,1374669,5.668715465927999
611308,206336,1169170,1375506,5.66634033808933
611339,206350,1169235,1375585,5.666270898958081
611363,206362,1169265,1375627,5.666086779542745
611423,206379,1169341,1375720,5.665988303073472
611685,206524,1170199,1376723,5.6661647072495205
611830,206644,1170558,1377202,5.664611602562862
611930,206650,1170570,1377220,5.664505202032422
611945,206650,1170577,1377227,5.664539075731914
611966,206665,1170621,1377286,5.664340841458399
612011,206683,1170684,1377367,5.664152349249817
612352,206855,1171191,1378046,5.661893596964057
612492,206878,1171290,1378168,5.661742669592707
612553,206885,1171353,1378238,5.6618556202721315
612618,206946,1171515,1378461,5.660969528282741
612729,206946,1171772,1378718,5.66221139814251
614672,207209,1175606,1382815,5.673527694260384
614690,207234,1175642,1382876,5.673016975978845
614789,207245,1175811,1383056,5.673531327655673
614836,207276,1175868,1383144,5.672957795403231
614845,207280,1175883,1383163,5.6729206869934385
614861,207286,1175909,1383195,5.672881911947743
614879,207286,1175942,1383228,5.673041112279653
614950,207307,1176105,1383412,5.673252712161191
615218,207342,1176531,1383873,5.674349625256822
615246,207363,1176564,1383927,5.673934115536523
615326,207363,1176720,1384083,5.674686419467311
615736,207376,1177561,1384937,5.678386119898156
615780,207401,1177691,1385092,5.678328455504071
615809,207417,1177715,1385132,5.6780061422159225
616098,207451,1177878,1385329,5.677861278084945
616131,207456,1177907,1385363,5.67786422181089
616153,207470,1177948,1385418,5.677678700535017
616186,207481,1178012,1385493,5.677686149575142
616228,207481,1178142,1385623,5.678312712971308
616302,207557,1178304,1385861,5.677014025062995
616371,207605,1178401,1386006,5.676168685725296
616389,207615,1178411,1386026,5.675943453026034
616407,207620,1178428,1386048,5.675888642712648
616429,207640,1178468,1386108,5.675534579079176
616441,207640,1178502,1386142,5.675698324022346
616490,207658,1178605,1386263,5.675702356759672
616517,207661,1178640,1386301,5.6757889059573055
616607,207693,1178730,1386423,5.675347748840837
616887,207793,1179113,1386906,5.674459678622475
616926,207793,1179161,1386954,5.674690677741791
617013,207822,1179323,1387145,5.674678330494365
617018,207825,1179325,1387150,5.674606038734512
617060,207847,1179445,1387292,5.674582745962174
617242,207886,1179588,1387474,5.674206055241815
617339,207886,1179657,1387543,5.674537967924728
617386,207924,1179707,1387631,5.673741367037956
617623,207956,1180075,1388031,5.6746379041720365
617747,207966,1180421,1388387,5.676028773934201
618071,208045,1180622,1388667,5.674839577975919
618121,208082,1180679,1388761,5.674104439595928
618144,208091,1180699,1388790,5.673955144624227
618154,208091,1180728,1388819,5.674094506730229
618167,208096,1180741,1388837,5.6740206443180075
618170,208096,1180750,1388846,5.674063893587575
618235,208109,1180780,1388889,5.67385360556247
618275,208126,1180827,1388953,5.673615982625909
618295,208136,1180860,1388996,5.673501941038552
618408,208207,1181065,1389272,5.672551835433007
618428,208219,1181106,1389325,5.672421825097613
618532,208248,1181191,1389439,5.672040067611694
618560,208275,1181272,1389547,5.671693674228784
618829,208307,1181668,1389975,5.672723432241836
618858,208319,1181703,1390022,5.6725646724494645
619057,208474,1182060,1390534,5.670059575774437
619220,208522,1182166,1390688,5.669262715684676
619307,208550,1182353,1390903,5.669398225845121
619577,208610,1183139,1391749,5.671535400987489
619620,208632,1183268,1391900,5.671555657808965
619666,208660,1183325,1391985,5.671067765743315
619722,208672,1183478,1392150,5.6714748504830546
619761,208694,1183534,1392228,5.67114531323373
619793,208706,1183577,1392283,5.671025269997029
619923,208707,1183962,1392669,5.672842789173338
620012,208738,1184077,1392815,5.672551236478265
620043,208763,1184123,1392886,5.672092276888146
620100,208795,1184225,1393020,5.671711487344045
620101,208795,1184227,1393022,5.671721066117484
620169,208817,1184315,1393132,5.671544941264361
620187,208820,1184332,1393152,5.671544871180921
620261,208865,1184647,1393512,5.671831087065808
620272,208868,1184666,1393534,5.671840588314151
620293,208880,1184723,1393603,5.67178762926082
620320,208899,1184754,1393653,5.671420159981618
620340,208902,1184789,1393691,5.671506256522197
620349,208910,1184808,1393718,5.671380020104351
620369,208924,1184836,1393760,5.671134000880703
620375,208924,1184850,1393774,5.671201010893913
620388,208925,1184876,1393801,5.671298312791672
620417,208949,1184940,1393889,5.670953199106002
621567,209115,1186660,1395775,5.6746766133467235
621581,209133,1186679,1395812,5.674279047304825
621608,209158,1186758,1395916,5.673978523412922
621641,209190,1186843,1396033,5.673516898513313
621723,209233,1187054,1396287,5.673359364918536
621768,209266,1187110,1396376,5.672732311985702
621850,209291,1187218,1396509,5.6725707268826655
621875,209291,1187261,1396552,5.672776182444539
621928,209303,1187395,1396698,5.673091164484026
622327,209513,1187948,1397461,5.670044340923952
622467,209557,1188138,1397695,5.669760494757989
622507,209591,1188226,1397817,5.669260607564256
622524,209601,1188233,1397834,5.669023525651118
622655,209681,1188411,1398092,5.667709520652801
622676,209697,1188431,1398128,5.6673724469114966
622694,209697,1188461,1398158,5.6675155104746375
622761,209697,1188583,1398280,5.668097302298078
622797,209710,1188627,1398337,5.667955748414477
622864,209726,1188758,1398484,5.668147964486997
622885,209734,1188813,1398547,5.668193998111894
622901,209734,1188839,1398573,5.668317964659998
622918,209734,1188884,1398618,5.668532522147101
622971,209782,1188968,1398750,5.667635926819269
622982,209791,1188985,1398776,5.667473819181947
623059,209817,1189046,1398863,5.667062249484074
624119,210350,1191008,1401358,5.662029950083195
624605,210350,1192454,1402804,5.668904207273592
624636,210359,1192531,1402890,5.669027709772341
624669,210368,1192651,1403019,5.669355605415272
624717,210370,1192673,1403043,5.669406284165993
624756,210375,1192708,1403083,5.669437908496732
625010,210508,1193238,1403746,5.66837364850742
625101,210508,1193353,1403861,5.668919946035305
625107,210512,1193358,1403870,5.668835980846698
625178,210531,1193575,1404106,5.669355106848872
625227,210552,1193661,1404213,5.669198107830844
625481,210621,1194605,1405226,5.6718228476742585
625517,210621,1194630,1405251,5.671941544290456
625675,210749,1194928,1405677,5.669910652007839
625681,210752,1194940,1405692,5.669886881263285
626162,210843,1196591,1407434,5.6752702247643985
626234,210899,1196715,1407614,5.674351229735561
626251,210900,1196741,1407641,5.674447605500237
626295,210920,1196828,1407748,5.674322017826664
626404,210958,1196906,1407864,5.6736696404023546
626415,210965,1196925,1407890,5.673571445500438
626476,210988,1196984,1407972,5.673232600906212
626566,211044,1197132,1408176,5.672428498322625
626644,211056,1197217,1408273,5.672508718065347
626934,211242,1197622,1408864,5.669431268403064
626985,211242,1197746,1408988,5.6700182728813395
626986,211242,1197748,1408990,5.670027740695506
627052,211261,1197837,1409098,5.669939080095237
627174,211328,1198084,1409412,5.669310266505148
627319,211328,1198420,1409748,5.670900211992731
627974,211793,1199648,1411441,5.6642476380239195
628022,211801,1199685,1411486,5.664208384285249
628145,211882,1199849,1411731,5.662817039673025
628152,211885,1199871,1411756,5.662840691884749
628169,211894,1199891,1411785,5.662694554824582
628180,211896,1199899,1411795,5.662678861328199
628184,211898,1199906,1411804,5.662658448876346
628198,211906,1199909,1411815,5.662458826083263
628448,212130,1200432,1412562,5.658944986564842
628628,212185,1200578,1412763,5.658166222871551
628696,212229,1200670,1412899,5.657426647630626
628862,212290,1200843,1413133,5.656615949879881
628864,212290,1200848,1413138,5.656639502567243
628886,212290,1200908,1413198,5.6569221348155825
628901,212290,1200931,1413221,5.657030477177446
628935,212297,1200986,1413283,5.657103020768075
628973,212312,1201044,1413356,5.656976525113984
628994,212312,1201081,1413393,5.657150796940352
629044,212325,1201138,1413463,5.65707288355116
629132,212325,1201478,1413803,5.658674202284234
629266,212391,1201615,1414006,5.657560819432085
629325,212457,1201726,1414183,5.656325750622479
629395,212477,1201791,1414268,5.656099248389237
629417,212491,1201808,1414299,5.655806598867716
629578,212491,1202157,1414648,5.657449021370317
629606,212503,1202192,1414695,5.65729424996353
629632,212509,1202229,1414738,5.657308631634425
630708,212509,1202229,1414738,5.657308631634425
630763,212535,1202343,1414878,5.657152939515845
630835,212563,1202543,1415106,5.657348644872344
630846,212569,1202575,1415144,5.657339499174386
630882,212579,1202639,1415218,5.657374434915961
630906,212583,1202660,1415243,5.657366769685252
630918,212591,1202672,1415263,5.6572103240494656
630979,212638,1202783,1415421,5.656481908219603
631004,212650,1202823,1415473,5.6563508111921
631095,212712,1202925,1415637,5.655181654067471
631105,212718,1202941,1415659,5.655097358944706
631106,212718,1202943,1415661,5.655106761063943
631204,212768,1203115,1415883,5.654586215972326
631248,212770,1203177,1415947,5.654824458335292
631301,212805,1203262,1416067,5.654293837080895
631333,212822,1203319,1416141,5.654110007424045
631379,212822,1203462,1416284,5.654781930439523
631394,212822,1203488,1416310,5.654904098260518
631500,212856,1203576,1416432,5.654414251888601
631513,212863,1203595,1416458,5.654317565758258
631590,212889,1203824,1416713,5.6547026854370115
631685,212922,1204011,1416933,5.654704539690591
631724,212957,1204116,1417073,5.6542682325539895
631926,213051,1204326,1417377,5.652759198501768
631969,213060,1204376,1417436,5.652755092462217
632000,213072,1204432,1417504,5.652699556957272
632054,213072,1204622,1417694,5.653591274311031
632069,213085,1204651,1417736,5.653382453011709
632088,213097,1204691,1417788,5.653251805515798
632107,213108,1204721,1417829,5.653100775193798
632245,213193,1204976,1418169,5.6520429845257585
632294,213215,1205060,1418275,5.651853762633961
632601,213235,1205640,1418875,5.654043660749877
632603,213236,1205644,1418880,5.654035903881145
632622,213245,1205665,1418910,5.653895753710521
632656,213251,1205709,1418960,5.6539430061289275
632688,213264,1205752,1419016,5.653799984995123
632702,213272,1205781,1419053,5.653723883116396
632718,213285,1205820,1419105,5.65356213517125
632742,213291,1205842,1419133,5.653506242645025
632880,213392,1206246,1419638,5.6527236260028495
632927,213410,1206362,1419772,5.65279040344876
632950,213431,1206392,1419823,5.652374772174614
632956,213431,1206394,1419825,5.652384142884586
633111,213519,1206762,1420281,5.651778061905498
633144,213531,1206884,1420415,5.652031789295231
633379,213550,1207261,1420811,5.653294310465933
633681,213590,1207383,1420973,5.652806779343602
633693,213590,1207398,1420988,5.652877007350531
633750,213612,1207514,1421126,5.652837855551186
633783,213632,1207561,1421193,5.652528647393649
633864,213653,1207725,1421378,5.652740658918901
633905,213676,1207799,1421475,5.65247851887905
633951,213720,1207943,1421663,5.651988583192963
634022,213769,1208049,1421818,5.651188900167938
634055,213783,1208091,1421874,5.651015281851223
634081,213789,1208130,1421919,5.65103910865386
634093,213796,1208149,1421945,5.650942954966417
634163,213796,1208277,1422073,5.6515416565323955
634173,213796,1208293,1422089,5.651616494228143
634205,213800,1208354,1422154,5.651796071094481
634225,213817,1208380,1422197,5.651468311687097
634237,213820,1208407,1422227,5.651515293237303
634257,213828,1208419,1422247,5.651359971565931
634292,213839,1208458,1422297,5.651251642590921
634377,213871,1208517,1422388,5.650681953139977
634383,213876,1208525,1422401,5.650587256167125
634393,213876,1208537,1422413,5.650643363444239
634664,213988,1208938,1422926,5.649559788399349
634675,213988,1208948,1422936,5.649606519991775
635000,214201,1209416,1423617,5.646173453905444
635024,214201,1209437,1423638,5.646271492663433
635036,214205,1209468,1423673,5.646310777059359
635043,214210,1209514,1423724,5.64639372578311
635082,214231,1209637,1423868,5.646414384472836
635105,214244,1209658,1423902,5.646169787718676
635315,214244,1210305,1424549,5.649189708930005
635355,214266,1210370,1424636,5.6489130333324
635551,214266,1210698,1424964,5.650443840833357
635749,214305,1210894,1425199,5.650330136954341
635773,214322,1210914,1425236,5.649975270854135
635846,214348,1210982,1425330,5.6496071808461
635875,214355,1211004,1425359,5.649525320146486
636324,214489,1211411,1425900,5.647893365160917
656108,214491,1270757,1485248,5.924523639686513
656389,214542,1271067,1485609,5.92456022596974
656528,214619,1271313,1485932,5.923580857240039
656543,214619,1271341,1485960,5.9237113209920835
656794,214757,1271838,1486595,5.9222190662004035
656964,214757,1272183,1486940,5.923825533044324
657011,214794,1272269,1487063,5.923205489911264
657095,214865,1272478,1487343,5.922220929420799
657357,214928,1272922,1487850,5.9225508077123505
657417,214940,1273093,1488033,5.9230157253186935
657439,214954,1273129,1488083,5.922797435730435
657856,214990,1273874,1488864,5.92527094283455
657963,215042,1274056,1489098,5.924684480241069
658273,215058,1274489,1489547,5.926257102735076
658592,215063,1275070,1490133,5.928820857144186
658864,215198,1275589,1490787,5.927513266851922
658953,215217,1275740,1490957,5.927691585701873
658977,215217,1275761,1490978,5.927789161636859
659054,215272,1275893,1491165,5.92688784421569
659956,215312,1277081,1492393,5.93130433974883
660116,215312,1277357,1492669,5.9325862004904515
660165,215350,1277423,1492773,5.931845832365916
660180,215350,1277430,1492780,5.9318783375899695
660212,215370,1277467,1492837,5.931499280308307
660249,215381,1277514,1492895,5.931414563030165
660316,215383,1277551,1492934,5.931531272198828
660324,215383,1277551,1492934,5.931531272198828
660410,215430,1277643,1493073,5.93066425288957
660457,215469,1277767,1493236,5.930166288422001
660465,215471,1277773,1493244,5.930139090643288
660501,215482,1277802,1493284,5.929970948849556
660531,215508,1277846,1493354,5.929459695231731
660540,215509,1277851,1493360,5.929455382373822
660592,215542,1277926,1493468,5.928895528481688
660660,215586,1278010,1493596,5.9280751069178885
661031,215861,1279361,1495222,5.92678158629859
661046,215868,1279368,1495236,5.926621824448274
661067,215888,1279404,1495292,5.926239531608982
661085,215908,1279472,1495380,5.92600552087
661088,215909,1279475,1495384,5.925991968838724
661089,215909,1279475,1495384,5.925991968838724
661126,215922,1279553,1495475,5.925996424634822
661173,215942,1279598,1495540,5.925655963175297
661383,215978,1279760,1495738,5.925418329644686
661414,215994,1279801,1495795,5.925169217663454
661495,216000,1279842,1495842,5.925194444444444
661526,216020,1279916,1495936,5.9249884269975
661548,216020,1279968,1495988,5.925229145449496
661626,216034,1280005,1496039,5.925016432598572
661725,216098,1280144,1496242,5.923904895001342
661830,216111,1280297,1496408,5.924256516327258
662152,216258,1280986,1497244,5.923415549944973
662186,216258,1281088,1497346,5.9238872087969
662245,216281,1281173,1497454,5.923650251293457
662251,216288,1281176,1497464,5.923472407160823
662296,216308,1281317,1497625,5.923576566747416
662333,216332,1281361,1497693,5.923122792744485
662468,216363,1281513,1497876,5.92297666421708
662507,216376,1281580,1497956,5.922930454394202
662616,216416,1281648,1498064,5.9221499334614816
662640,216425,1281685,1498110,5.922074621693428
662802,216431,1282005,1498436,5.9233889784735085
662824,216443,1282034,1498477,5.923194559306607
662900,216443,1282152,1498595,5.9237397374828475
663160,216520,1282379,1498899,5.922681507481988
663175,216529,1282403,1498932,5.922546171644445
663204,216546,1282444,1498990,5.92227055683319
663248,216556,1282473,1499029,5.9221309961395665
663270,216583,1282514,1499097,5.921582026290152
663351,216583,1282569,1499152,5.9218359705055335
663354,216583,1282578,1499161,5.921877525013505
663419,216583,1282699,1499282,5.9224362022873445
663749,216854,1283379,1500233,5.918170750827746
663889,216920,1283678,1500598,5.917748478701825
664126,216961,1284150,1501111,5.918805683970852
664628,217137,1284774,1501911,5.916881968526782
664772,217171,1285019,1502190,5.917083772695249
664786,217173,1285031,1502204,5.917084536291344
664922,217278,1285179,1502457,5.91490624913705
665114,217354,1285661,1503015,5.915055623545
665258,217363,1286486,1503849,5.918606202527569
665268,217369,1286498,1503867,5.918498037898688
665310,217392,1286563,1503955,5.918170861853242
665332,217404,1286607,1504011,5.918046586079373
665361,217414,1286655,1504069,5.91799516130516
665481,217463,1286951,1504414,5.918022836068665
665501,217479,1286968,1504447,5.917665613691437
665564,217479,1287196,1504675,5.918713990776121
665618,217501,1287265,1504766,5.918432558930763
665640,217503,1287272,1504775,5.918410320777185
665742,217594,1287614,1505208,5.917506916551008
665800,217594,1287669,1505263,5.917759680873553
665818,217594,1287669,1505263,5.917759680873553
665853,217614,1287709,1505323,5.91739961583354
665962,217614,1287913,1505527,5.918337055520325
666292,217830,1288370,1506200,5.914566404994721
666302,217830,1288386,1506216,5.91463985676904
666343,217854,1288437,1506291,5.914222369109587
666349,217858,1288439,1506297,5.9141229608276955
667109,218085,1289895,1507980,5.914643372996768
667174,218106,1289995,1508101,5.914532383336542
667204,218119,1290044,1508163,5.914404522302046
667305,218129,1290213,1508342,5.914908150681478
667344,218154,1290302,1508456,5.914638283047755
667956,218318,1290877,1509195,5.9128289925704705
667980,218326,1290908,1509234,5.912754321519196
668039,218367,1291052,1509419,5.912303598987027
668049,218369,1291060,1509429,5.912286084563285
668079,218378,1291115,1509493,5.91229427872771
668259,218449,1291485,1509934,5.9120664319818355
668316,218491,1291629,1510120,5.9115890357039875
668417,218539,1291786,1510325,5.91100901898517
668731,218672,1292280,1510952,5.909672934806468
668748,218672,1292280,1510952,5.909672934806468
668754,218679,1292299,1510978,5.909570649216431
668801,218679,1292371,1511050,5.909899898938627
668824,218690,1292398,1511088,5.9097260963007
668876,218714,1292451,1511165,5.909319933794819
668919,218734,1292515,1511249,5.909072206424241
669015,218825,1292687,1511512,5.907400891123044
669033,218832,1292718,1511550,5.907353586312788
669137,218882,1292883,1511765,5.906757979185132
669143,218891,1292896,1511787,5.906574505118986
669169,218897,1292933,1511830,5.906581634284618
669185,218905,1292964,1511869,5.906507389050044
669346,219024,1293182,1512206,5.904293593396157
669397,219024,1293304,1512328,5.904850609978815
669453,219052,1293423,1512475,5.904639081131421
669507,219072,1293558,1512630,5.904716257668712
669515,219076,1293579,1512655,5.9047043035293685
669544,219091,1293607,1512698,5.904427840486373
669592,219149,1293705,1512854,5.903312358258536
669612,219149,1293705,1512854,5.903312358258536
669681,219169,1293769,1512938,5.903065670783733
670073,219231,1294440,1513671,5.9044569426769025
670143,219285,1294622,1513907,5.903832911507855
670222,219298,1294659,1513957,5.9036516520898505
670253,219316,1294717,1514033,5.903431578179431
670269,219316,1294743,1514059,5.90355012858159
670432,219316,1295161,1514477,5.905456054277845
670492,219341,1295258,1514599,5.905225197295535
670499,219346,1295274,1514620,5.905163531589361
670538,219346,1295297,1514643,5.9052683887556645
670706,219406,1295630,1515036,5.90517123506194
670781,219413,1295853,1515266,5.905999188744514
670815,219419,1295876,1515295,5.905942511815294
670847,219440,1295912,1515352,5.905541378053226
670858,219444,1295930,1515374,5.905515758006598
670920,219447,1295944,1515391,5.905498822039035
671052,219475,1296166,1515641,5.905756919922543
671054,219477,1296169,1515646,5.9057167721446895
671128,219516,1296318,1515834,5.905346307330673
671160,219526,1296369,1515895,5.905309621639351
671603,219597,1298558,1518155,5.91336857971648
671613,219611,1298576,1518187,5.913073570995988
671627,219618,1298602,1518220,5.9130034878744
671659,219618,1298651,1518269,5.913226602555346
671770,219662,1298823,1518485,5.912825158652839
671807,219679,1298867,1518546,5.912567883138579
672023,219810,1299589,1519399,5.91232882944361
672064,219838,1299660,1519498,5.911898761815519
672628,220083,1300425,1520508,5.908793500633852
672818,220143,1300683,1520826,5.908355023779998
672858,220143,1300783,1520926,5.908809273971919
673230,220300,1301344,1521644,5.907144802541988
673289,220325,1301395,1521720,5.906706002496312
673313,220334,1301416,1521750,5.906560040665535
673335,220338,1301458,1521796,5.906643429639917
673875,220345,1302792,1523137,5.912509927613515
673913,220366,1302851,1523217,5.912214225424975
674040,220401,1303134,1523535,5.912559380402086
674050,220401,1303150,1523551,5.912631975354014
674096,220443,1303217,1523660,5.911809401976928
674130,220448,1303281,1523729,5.911965633618813
674140,220448,1303297,1523745,5.9120382130933375
674160,220451,1303303,1523754,5.911984976253226
674182,220452,1303335,1523787,5.912103315007348
674211,220457,1303355,1523812,5.9120599481985145
674300,220527,1303538,1524065,5.9110131639209715
674319,220549,1303573,1524122,5.910582228892446
674331,220563,1303592,1524155,5.910293204209228
674498,220563,1303885,1524448,5.911621622846987
674580,220572,1304006,1524578,5.911928984639936
674725,220572,1304287,1524859,5.913202945070091
674818,220599,1304499,1525098,5.913440224117063
674855,220600,1304573,1525173,5.913748866727108
674984,220601,1304955,1525556,5.915453692412999
675222,220648,1305629,1526277,5.917248286864146
675324,220687,1305799,1526486,5.916972907330291
675416,220690,1305851,1526541,5.917128098237346
675448,220713,1305903,1526616,5.916747087847114
675532,220736,1305979,1526715,5.916474884024355
675600,220766,1306154,1526920,5.91646358587826
675606,220770,1306163,1526933,5.916397155410609
677143,221172,1307364,1528536,5.911073734469101
677163,221181,1307396,1528577,5.910977886889018
677174,221181,1307406,1528587,5.911023098729095
679180,222178,1316904,1539082,5.927247522256929
679442,222300,1317386,1539686,5.926162843004948
679452,222302,1317420,1539722,5.926262471772634
679687,222302,1318134,1540436,5.9294743187195795
679692,222308,1318143,1540451,5.9293547690591435
679705,222316,1318149,1540465,5.929168390939024
679736,222328,1318165,1540493,5.928920333921053
679793,222385,1318292,1540677,5.927971760685298
679815,222393,1318318,1540711,5.927875427733786
679930,222459,1318510,1540969,5.926979803019882
679937,222463,1318522,1540985,5.92692717440653
679968,222472,1318557,1541029,5.926844726527383
679986,222482,1318615,1541097,5.926839025179565
679995,222482,1318615,1541097,5.926839025179565
680012,222505,1318663,1541168,5.926442102424665
680106,222523,1318690,1541213,5.926084045244761
680112,222527,1318693,1541220,5.925991003338921
680315,222629,1319405,1542034,5.926474089179757
680327,222629,1319426,1542055,5.926568416513572
680360,222646,1319513,1542159,5.9265066518149885
680378,222654,1319556,1542210,5.926486836077501
680407,222669,1319600,1542269,5.926285203598166
680483,222679,1319742,1542421,5.9266567570359125
680512,222690,1319769,1542459,5.926485248551798
680739,222738,1320314,1543052,5.92765491294705
680794,222769,1320394,1543163,5.927189151093734
681116,222963,1320812,1543775,5.923906657158363
681237,222997,1320890,1543887,5.923353228967206
681309,223033,1320987,1544020,5.922832047275516
681438,223109,1321217,1544326,5.9218453760269645
681501,223144,1321283,1544427,5.921212311332592
681551,223162,1321311,1544473,5.9208601822891
681584,223190,1321427,1544617,5.920637125319235
681623,223190,1321567,1544757,5.92126439356602
681709,223207,1321685,1544892,5.92134207260525
681745,223217,1321749,1544966,5.9213635162196425
681801,223228,1321808,1545036,5.921336033114126
681830,223239,1321837,1545076,5.921174167596163
681867,223252,1321931,1545183,5.921250425528103
681918,223263,1321984,1545247,5.921196078167901
681919,223269,1321988,1545257,5.921054871030013
681936,223275,1322006,1545281,5.920976374426156
682039,223275,1322361,1545636,5.9225663419549885
682043,223278,1322364,1545642,5.922500201542472
682094,223295,1322457,1545752,5.922465796368034
682120,223314,1322488,1545802,5.922100719166734
682164,223319,1322508,1545827,5.9220576842991415
682319,223319,1322829,1546148,5.923495089983387
682335,223319,1322858,1546177,5.923624949063895
682524,223447,1323111,1546558,5.921363902849445
682834,223447,1324030,1547477,5.9254767349751845
682835,223447,1324032,1547479,5.925485685643576
682896,223514,1324204,1547718,5.92447900355235
682931,223541,1324286,1547827,5.9241302490370895
682951,223554,1324316,1547870,5.923919947753116
682973,223568,1324343,1547911,5.923669755957919
682981,223568,1324348,1547916,5.923692120518142
683000,223591,1324389,1547980,5.923266142197137
683068,223591,1324509,1548100,5.923802836429015
683104,223609,1324551,1548160,5.923513812055865
683172,223609,1324693,1548302,5.924148849107147
683302,223695,1324934,1548629,5.922948657770625
683600,223695,1325493,1549188,5.925447596057132
684222,224203,1326910,1551113,5.918341859832384
685084,224239,1328607,1552846,5.924959529787414
685085,224239,1328609,1552848,5.92496844884253
685220,224279,1328779,1553058,5.924669719411982
685308,224279,1329119,1553398,5.926185688361372
685540,224339,1329382,1553721,5.925773048823433
685562,224342,1329388,1553730,5.9257205516577365
685564,224342,1329393,1553735,5.925742839058223
685610,224348,1329424,1553772,5.925722538199583
685660,224362,1329501,1553863,5.925695973471443
685690,224374,1329534,1553908,5.925526130478576
685691,224375,1329540,1553915,5.925526462395543
685754,224415,1329636,1554051,5.924898068310942
685873,224481,1329797,1554278,5.9238732899443605
685926,224522,1329941,1554463,5.923432892990442
685936,224526,1329951,1554477,5.923371903476657
685987,224552,1330069,1554621,5.923211550108661
686030,224569,1330170,1554739,5.923212910063277
686090,224569,1330212,1554781,5.923399934986574
686108,224569,1330229,1554798,5.9234756355507665
687572,224569,1332315,1556884,5.932764540074543
687613,224590,1332358,1556948,5.9324012645264705
687627,224599,1332382,1556981,5.932270401916304
687640,224599,1332408,1557007,5.932386163785235
687669,224613,1332430,1557043,5.932114347789309
687890,224701,1332881,1557582,5.931798256349549
687985,224759,1333011,1557770,5.93084592830543
688025,224772,1333069,1557841,5.930760948872635
688207,224854,1333454,1558308,5.930310334706076
688235,224879,1333490,1558369,5.929811142881283
688255,224879,1333531,1558410,5.929993463151295
688271,224890,1333546,1558436,5.929770109831473
688822,224919,1333986,1558905,5.930961812919318
688878,224961,1334054,1559015,5.930156782731229
689160,225070,1334448,1559518,5.929035411205403
689180,225073,1334482,1559555,5.929107445140021
689354,225136,1334901,1560037,5.929309395210006
689362,225147,1334919,1560066,5.929099654892137
689388,225156,1334961,1560117,5.929049192559825
689409,225158,1334961,1560119,5.928996526883344
689424,225158,1334966,1560124,5.929018733511579
689471,225194,1335032,1560226,5.928363988383349
689508,225198,1335074,1560272,5.928445190454622
689594,225301,1335268,1560569,5.926595976049818
689610,225301,1335294,1560595,5.926711377224247
689653,225332,1335420,1560752,5.926455186125362
689695,225348,1335477,1560825,5.926287342243996
689700,225353,1336988,1562341,5.932860889360248
689893,225353,1337432,1562785,5.93483113160242
689896,225354,1337435,1562789,5.934818108398342
690005,225360,1337766,1563126,5.936128860489883
690049,225388,1337806,1563194,5.935568885654959
690096,225402,1337908,1563310,5.935652744873604
690156,225402,1337948,1563350,5.935830205588238
690662,225459,1338519,1563978,5.936862134578792
690695,225462,1338526,1563988,5.93681418598256
690724,225471,1338569,1564040,5.93676792137348
690801,225531,1338729,1564260,5.935897947510542
690804,225531,1338731,1564262,5.935906815471044
690959,225531,1339052,1564583,5.937330123131631
691027,225552,1339202,1564754,5.937442363623466
691028,225554,1339213,1564767,5.937438484797432
691075,225563,1339385,1564948,5.9379641164552694
691128,225603,1339488,1565091,5.937367854150875
691210,225641,1339594,1565235,5.936837720095196
691255,225671,1339693,1565364,5.936487187099805
691325,225718,1339897,1565615,5.936154848084779
691585,225777,1340570,1566347,5.9375844306550265
691590,225778,1340574,1566352,5.937575848842669
691634,225816,1340646,1566462,5.936895525560633
691689,225826,1340731,1566557,5.937009024647295
691709,225830,1340756,1566586,5.937014568480715
691741,225835,1340772,1566607,5.9369539708194035
691878,225868,1340962,1566830,5.936927763118281
692132,226029,1341545,1567574,5.935278216512041
692284,226090,1341728,1567818,5.934486266531027
692349,226090,1341871,1567961,5.935118758016719
692386,226125,1341933,1568058,5.9344742951907135
692456,226125,1342054,1568179,5.935009397457159
692476,226126,1342096,1568222,5.93516888814201
692565,226167,1342382,1568549,5.9353575013154
692569,226172,1342393,1568565,5.9352749235095414
692601,226172,1342442,1568614,5.935491572785314
692624,226175,1342487,1568662,5.9356118050182385
692931,226344,1343065,1569409,5.933733609019899
692996,226400,1343201,1569601,5.932866607773851
693057,226421,1343297,1569718,5.932740337689525
693090,226436,1343341,1569777,5.9325416453214155
693115,226440,1343358,1569798,5.932511923688394
693450,226529,1344413,1570942,5.934838365065842
693534,226562,1344516,1571078,5.934428544945755
693545,226565,1344528,1571093,5.934402930726281
693577,226568,1344574,1571142,5.93452738250768
693706,226568,1344801,1571369,5.935529289220013
693898,226590,1345202,1571792,5.936722715035968
693949,226634,1345273,1571907,5.935883406726264
694093,226634,1345523,1572157,5.936986506878933
694102,226638,1345541,1572179,5.936961145085996
694123,226654,1345574,1572228,5.936687638426854
694132,226654,1345600,1572254,5.936802350719599
694219,226699,1346020,1572719,5.937476565842814
694253,226715,1346081,1572796,5.937326599475112
694329,226748,1346118,1572866,5.936625681373155
694383,226748,1346237,1572985,5.937150493058374
694414,226754,1346295,1573049,5.937249177522778
694445,226772,1346343,1573115,5.936989575432593
694448,226772,1346352,1573124,5.93702926287196
694471,226772,1346380,1573152,5.937152734905544
694601,226773,1346765,1573538,5.938824286841908
694635,226778,1346798,1573576,5.938838864440113
694656,226778,1346827,1573605,5.938966742805739
694853,226917,1347271,1574188,5.937285439169388
694875,226919,1347275,1574194,5.93725073704714
694885,226924,1347292,1574216,5.937194831749837
695005,226970,1347448,1574418,5.936678856236507
695022,226976,1347460,1574436,5.936574792048498
695329,226979,1348055,1575034,5.939117715735817
695344,226982,1348061,1575043,5.93906565278304
695381,226990,1348122,1575112,5.939125071589057
695485,227025,1348407,1575432,5.9394648166501485
695508,227032,1348431,1575463,5.939387399133162
695557,227045,1348466,1575511,5.9392014798828425
695586,227056,1348486,1575542,5.939001832147135
695609,227081,1348523,1575604,5.938510927818708
695733,227081,1348879,1575960,5.9400786503494345
695765,227081,1348928,1576009,5.940294432383158
695795,227094,1348978,1576072,5.94017455326869
695796,227098,1348987,1576085,5.940109556226827
695830,227107,1349050,1576157,5.940151558516471
695914,227147,1349161,1576308,5.939594183502313
695949,227154,1349303,1576457,5.9400362749500335
696011,227220,1349493,1576713,5.9391470821230525
696083,227235,1349597,1576832,5.9392127093097455
696099,227235,1349607,1576842,5.939256716614958
696106,227235,1349612,1576847,5.9392787202675645
696117,227245,1349629,1576874,5.939092169244648
696165,227275,1349721,1576996,5.938713012869871
696183,227282,1349750,1577032,5.9386577027657275
696253,227290,1350012,1577302,5.939601390294338
696291,227312,1350074,1577386,5.939299289082847
696350,227312,1350175,1577487,5.939743612303794
696375,227320,1350223,1577543,5.93974573288756
696391,227320,1350249,1577569,5.9398601090973076
696483,227320,1350439,1577759,5.940695935245469
696501,227320,1350492,1577812,5.940929086749956
696519,227324,1350506,1577830,5.940886136087698
696549,227329,1350531,1577860,5.940865441716631
696602,227346,1350632,1577978,5.940865464974093
696617,227360,1350675,1578035,5.940688775510204
696626,227362,1350706,1578068,5.940772864418856
696639,227369,1350725,1578094,5.940673530692399
696717,227391,1350824,1578215,5.940534146030406
696854,227404,1351173,1578577,5.941729257181052
697036,227404,1351447,1578851,5.942934161228474
697056,227410,1351503,1578913,5.943023613737303
697221,227488,1351873,1579361,5.942612357574905
697242,227500,1351914,1579414,5.942479120879121
697262,227514,1351953,1579467,5.942284870381603
697327,227532,1352011,1579543,5.942069686901183
697360,227556,1352095,1579651,5.941812125366942
697365,227559,1352098,1579657,5.941746975509648
697408,227571,1352164,1579735,5.941723681839953
697464,227587,1352273,1579860,5.941784899840501
697500,227612,1352320,1579932,5.941338769484913
697951,227619,1353254,1580873,5.945259402773933
697971,227623,1353304,1580927,5.94537458868392
698165,227739,1353568,1581307,5.9435055041077725
698170,227745,1353576,1581321,5.9433840479483635
698200,227760,1353597,1581357,5.943084826132772
698222,227765,1353611,1581376,5.943015827717165
698263,227776,1353633,1581409,5.942825407417814
698312,227785,1353688,1581473,5.942832056544549
698318,227789,1353707,1581496,5.942811110281884
698344,227808,1353759,1581567,5.942543721028234
698366,227808,1353812,1581620,5.942776373086107
698380,227808,1353821,1581629,5.942815880039332
698396,227817,1353839,1581656,5.94266011755049
698653,227935,1354231,1582166,5.94130344177068
698666,227944,1354249,1582193,5.941147825781771
698813,228027,1354696,1582723,5.940945589776649
698971,228137,1355057,1583194,5.939663447840552
699143,228170,1355145,1583315,5.9391900775737385
699173,228180,1355177,1583357,5.939070032430537
699189,228180,1355203,1583383,5.939183977561574
699200,228180,1355213,1583393,5.939227802611973
699203,228181,1355216,1583397,5.939214921487766
699268,228202,1355317,1583519,5.939110963094101
699313,228232,1355404,1583636,5.938711486557538
699342,228240,1355434,1583674,5.938634770417105
699352,228243,1355446,1583689,5.938609289222452
699361,228246,1355461,1583707,5.938596952410995
701491,228246,1364058,1592304,5.976262453668411
701707,228372,1364364,1592736,5.974305081183332
701769,228389,1364443,1592832,5.974206288393924
701813,228427,1364525,1592952,5.973571425444453
702079,228441,1365343,1593784,5.9767861285846235
702098,228446,1365350,1593796,5.976685956418585
702196,228447,1365639,1594086,5.9779248578444895
702209,228455,1365671,1594126,5.977855595193802
702225,228458,1365683,1594141,5.977829622950389
702279,228482,1365767,1594249,5.9775693490077995
702361,228496,1365836,1594332,5.977505076675303
702643,228505,1367575,1596080,5.984879980744404
703003,228648,1368456,1597104,5.984990028340506
703073,228690,1368551,1597241,5.984306266124448
703130,228706,1368661,1597367,5.984368577999702
703150,228706,1368682,1597388,5.984460398940124
703160,228710,1368712,1597422,5.984486904813957
703175,228710,1368738,1597448,5.9846005858948015
703359,228820,1369058,1597878,5.983122104711127
703386,228832,1369075,1597907,5.982882638791778
703451,228861,1369202,1598063,5.982679442980674
703454,228861,1369211,1598072,5.982718768160587
703494,228871,1369269,1598140,5.982710784677832
703525,228893,1369305,1598198,5.982293036484296
703888,228973,1369616,1598589,5.981561144763793
703917,228984,1369636,1598620,5.981361143136638
703949,228999,1369699,1598698,5.9812444595827925
704037,229006,1369741,1598747,5.981245032881235
704060,229009,1369755,1598764,5.981227812007388
704074,229009,1369781,1598790,5.98134134466331
704112,229025,1369834,1598859,5.981154895753739
704143,229038,1369888,1598926,5.9810511792802945
704455,229229,1370276,1599505,5.97776023103534
704486,229238,1370311,1599549,5.977678220888334
704593,229351,1370487,1599838,5.975500433832859
704603,229355,1370512,1599867,5.975505221163698
704618,229362,1370554,1599916,5.975505968730653
704631,229364,1370560,1599924,5.975480023020178
704698,229364,1370633,1599997,5.975798294414119
704747,229386,1370692,1600078,5.975482374687209
704858,229437,1370856,1600293,5.974868918265145
704908,229452,1370949,1600401,5.974883635793107
704920,229458,1370972,1600430,5.974827637301815
704929,229463,1370985,1600448,5.974754099789508
704939,229471,1370997,1600468,5.9745980973630655
705306,229659,1371790,1601449,5.9731602070896415
705331,229671,1371841,1601512,5.9730701742927925
705718,229809,1372278,1602087,5.971384932704986
706116,230121,1373192,1603313,5.967260701978525
706148,230143,1373229,1603372,5.966851044785199
706152,230146,1373231,1603377,5.966781955801969
706288,230216,1373520,1603736,5.966223025332731
706360,230265,1373662,1603927,5.965570104010596
706389,230265,1373700,1603965,5.965735131261807
706403,230274,1373715,1603989,5.965567107011647
706680,230367,1374247,1604614,5.965468144308864
706806,230417,1374467,1604884,5.965128441043847
706892,230485,1374574,1605059,5.963832787383127
706901,230489,1374591,1605080,5.963803044830772
707069,230489,1374907,1605396,5.965174043012898
707424,230631,1375244,1605875,5.962962481192902
707566,230634,1375380,1606014,5.963474596113322
707603,230676,1375476,1606152,5.962804973209177
707646,230698,1375525,1606223,5.962448742511856
707673,230698,1375575,1606273,5.962665476076949
707751,230762,1375682,1606444,5.9614754595644
707907,230762,1375825,1606587,5.962095145647897
707925,230769,1375838,1606607,5.961970628637295
708013,230825,1376013,1606838,5.961282356763782
708334,230839,1376400,1607239,5.9625973080805235
708419,230925,1376520,1607445,5.96089639493342
708429,230928,1376536,1607464,5.960888242222684
709099,231230,1378159,1609389,5.960121956493534
709269,231373,1378589,1609962,5.958296776201199
709289,231382,1378617,1609999,5.958186030028265
709402,231447,1378829,1610276,5.957428698578941
709490,231501,1378937,1610438,5.956505587448866
709602,231555,1379141,1610696,5.9559974951955255
709648,231608,1379264,1610872,5.955165624676177
709675,231627,1379297,1610924,5.954819602205269
709737,231654,1379339,1610993,5.954306854187711
709950,231779,1380007,1611786,5.953977711526929
710034,231833,1380164,1611997,5.953268085216513
710122,231894,1380332,1612226,5.95242653971211
710318,231894,1380660,1612554,5.953840979068023
710339,231917,1380693,1612610,5.953392808634123
710372,231942,1380742,1612684,5.952962378525666
710415,231952,1380803,1612755,5.9529687176657236
710439,231973,1380839,1612812,5.952584999116277
710548,232066,1381064,1613130,5.95116906397318
710658,232091,1381182,1613273,5.95103644691091
710679,232091,1381212,1613303,5.9511657065547565
711420,232271,1382778,1615049,5.953295934490315
711685,232271,1383603,1615874,5.956847820003358
711788,232313,1383842,1616155,5.956799662524267
711861,232338,1383892,1616230,5.956373903537088
711876,232339,1383935,1616274,5.956533341367571
711892,232354,1383974,1616328,5.956316654759548
712916,232842,1385146,1617988,5.94886661341167
712937,232856,1385164,1618020,5.948586250730065
712965,232869,1385199,1618068,5.948404467747961
713157,232955,1385573,1618528,5.947813955484965
713220,232964,1385761,1618725,5.94839116773407
713339,233079,1386148,1619227,5.947116642854998
713499,233107,1386476,1619583,5.947809375093841
713525,233127,1386509,1619636,5.9474406653883936
713551,233137,1386548,1619685,5.94735284403591
713604,233140,1386631,1619771,5.947632323925538
713634,233162,1386664,1619826,5.947212667587343
713650,233162,1386690,1619852,5.947324178039303
713760,233235,1386923,1620158,5.9464617231547585
713806,233273,1387016,1620289,5.945891723431345
713829,233290,1387038,1620328,5.945552745509881
713926,233387,1387141,1620528,5.943522989712366
714068,233442,1387392,1620834,5.94319788212918
714151,233469,1387640,1621109,5.943572808381412
714170,233469,1387693,1621162,5.9437998192479515
714208,233469,1387799,1621268,5.9442538409810295
714223,233483,1387825,1621308,5.944008771516556
714233,233483,1387840,1621323,5.94407301602258
714251,233501,1387854,1621355,5.943674759422872
714445,233501,1388251,1621752,5.945374966274234
714498,233521,1388316,1621837,5.945144119800789
714555,233552,1388372,1621924,5.944594779749264
714567,233557,1388388,1621945,5.9445360233262114
714852,233661,1388859,1622520,5.943905914979394
715037,233690,1389004,1622694,5.9437887800077025
715084,233712,1389110,1622822,5.943682823303895
715103,233719,1389166,1622885,5.943744411023494
715138,233735,1389203,1622938,5.943495839305196
715152,233741,1389231,1622972,5.9434630638185
715214,233795,1389316,1623111,5.94245385915011
715252,233808,1389385,1623193,5.942418565660713
715261,233817,1389415,1623232,5.9423181376888765
715275,233817,1389437,1623254,5.942412228366629
715401,233830,1389589,1623419,5.94273189924304
715437,233830,1389625,1623455,5.942885857246718
715476,233855,1389699,1623554,5.942566975262449
715637,233855,1390086,1623941,5.944221846870924
715659,233855,1390121,1623976,5.944371512261871
715720,233872,1390148,1624020,5.9440548676198945
715731,233877,1390162,1624039,5.943987651628848
715770,233877,1390198,1624075,5.944141578693074
715855,233882,1390297,1624179,5.944437793417193
715876,233890,1390314,1624204,5.94430715293514
716449,233915,1391100,1625015,5.947032041553555
716450,233915,1391100,1625015,5.947032041553555
718765,234059,1393982,1628041,5.95568638676573
719033,234220,1394541,1628761,5.953979164887713
719052,234231,1394566,1628797,5.953806285248323
719171,234282,1394686,1628968,5.9530224259652895
719173,234283,1394687,1628970,5.953001284770982
719351,234379,1394971,1629350,5.9517746897119626
719355,234381,1394976,1629357,5.951745235321976
719379,234389,1394998,1629387,5.951635955612251
719409,234405,1395038,1629443,5.95140035408801
719539,234405,1395424,1629829,5.953047076640857
719589,234423,1395510,1629933,5.9529568344403065
719869,234510,1396153,1630663,5.95349025627905
720014,234583,1396450,1631033,5.952903663095792
720025,234583,1396462,1631045,5.952954817697787
720039,234583,1396487,1631070,5.953061389785279
720093,234606,1396527,1631133,5.952648269865221
720099,234611,1396543,1631154,5.95258960577296
720381,234702,1396728,1631430,5.951069867321114
720585,234801,1397082,1631883,5.950068355756577
720760,234951,1397435,1632386,5.9477720886482714
720768,234956,1397441,1632397,5.947671053303598
721829,235306,1398800,1634106,5.944599797710215
721861,235306,1398927,1634233,5.945139520454217
721866,235307,1398930,1634237,5.9451270042965145
721915,235320,1398987,1634307,5.945040795512494
721940,235320,1399014,1634334,5.945155532891382
721971,235325,1399029,1634354,5.945092956549453
722321,235383,1399729,1635112,5.946601921124295
722323,235383,1399734,1635117,5.9466231631001385
722360,235409,1399789,1635198,5.946200017841289
722389,235435,1399817,1635252,5.945662284707032
722422,235435,1399892,1635327,5.945980843969673
722434,235442,1399904,1635346,5.945855030113574
722481,235467,1399973,1635440,5.94551678154476
722989,235467,1400877,1636344,5.94935596070787
723006,235470,1400903,1636373,5.949390580541046
723062,235509,1401018,1636527,5.948893672853266
723100,235546,1401096,1636642,5.948290355174786
723121,235555,1401117,1636672,5.948152236208104
723135,235558,1401138,1636696,5.948165632243439
723156,235567,1401180,1636747,5.948116671690007
723177,235567,1401217,1636784,5.948273739530579
723185,235567,1401217,1636784,5.948273739530579
723309,235567,1401573,1637140,5.949784986861488
723329,235567,1401594,1637161,5.9498741334737035
723345,235569,1401601,1637170,5.949853333842738
723378,235584,1401655,1637239,5.949703715023092
723407,235604,1401765,1637369,5.949665540483184
723471,235618,1401874,1637492,5.949774635214627
723571,235643,1402085,1637728,5.950038829924929
723641,235681,1402214,1637895,5.949626826091199
724335,235732,1402324,1638056,5.948806271528685
724367,235732,1402345,1638077,5.9488953557429625
724396,235732,1402384,1638116,5.949060797855192
724670,235763,1402503,1638266,5.9487833120549025
724935,235776,1402946,1638722,5.950334215526602
724989,235802,1403044,1638846,5.950093722699553
725060,235814,1403158,1638972,5.950274368782176
725080,235824,1403197,1639021,5.950187427912342
725108,235836,1403226,1639062,5.950007632422531
725178,235870,1403454,1639324,5.950116589646839
725369,235874,1403729,1639603,5.951181563037893
725431,235884,1403774,1639658,5.951120042054569
725469,235897,1403810,1639707,5.950944691963017
725493,235916,1403848,1639764,5.950626494175893
725514,235916,1403877,1639793,5.95074941928483
725702,235916,1404156,1640072,5.951932043608742
726558,235916,1405599,1641515,5.958048627477576
728732,236753,1408475,1645228,5.949132640346691
728813,236813,1408636,1645449,5.9483052028393715
728889,236860,1408911,1645771,5.948285907287005
729045,236923,1409110,1646033,5.947544138813032
729073,236932,1409136,1646068,5.947427954012122
729102,236932,1409166,1646098,5.9475545726199925
729269,236954,1409523,1646477,5.948508993306718
729348,236973,1409652,1646625,5.948576420098492
729372,236980,1409676,1646656,5.948501983289729
729387,236986,1409697,1646683,5.948439992235828
729418,236994,1409758,1646752,5.94849658641147
729436,237012,1409802,1646814,5.948230469343325
729454,237016,1409841,1646857,5.948294629898403
729516,237045,1409946,1646991,5.948009871543378
729553,237054,1410021,1647075,5.948100432812777
730364,237093,1411687,1648780,5.954148793933182
730414,237093,1411794,1648887,5.954600093634143
730470,237118,1411874,1648992,5.954309668603818
730578,237118,1412179,1649297,5.955595948009008
730844,237129,1412370,1649499,5.956125147071847
730875,237137,1412382,1649519,5.955974816245462
730903,237149,1412424,1649573,5.95585054122092
730944,237176,1412515,1649691,5.9555562114210545
731274,237306,1413037,1650343,5.954493354571734
731294,237311,1413092,1650403,5.954599660361298
731888,237437,1413486,1650923,5.953099137876573
731935,237437,1413580,1651017,5.95349503236648
731961,237437,1413603,1651040,5.953591900167202
732019,237475,1413738,1651213,5.953207706074323
732264,237664,1414187,1651851,5.950362696916655
732506,237806,1414575,1652381,5.948441166328856
733713,238180,1418303,1656483,5.954752708035939
733720,238183,1418318,1656501,5.9547406825844
733964,238384,1418750,1657134,5.951531982012216
734158,238506,1419006,1657512,5.949561017332897
734189,238521,1419062,1657583,5.949421644215813
734205,238521,1419087,1657608,5.949526456789968
734693,238715,1419917,1658632,5.948168317868588
734728,238730,1419951,1658681,5.947936999958111
734784,238731,1419956,1658687,5.9479330292253625
734847,238748,1420067,1658815,5.947974433293682
734890,238753,1420076,1658829,5.947887565810691
735203,238962,1420739,1659701,5.945459947606732
735228,238962,1420739,1659701,5.945459947606732
735271,238992,1420790,1659782,5.944927026846087
735293,239005,1420822,1659827,5.944737557791678
735321,239011,1420856,1659867,5.944730577253766
735367,239042,1420928,1659970,5.944260841191087
735399,239067,1420983,1660050,5.943869291872153
736476,239127,1422620,1661747,5.949223634303111
736555,239127,1422737,1661864,5.94971291405822
736617,239127,1422801,1661928,5.949980554266143
736756,239213,1423078,1662291,5.94899942728865
736977,239296,1423468,1662764,5.948565792992778
737051,239356,1423593,1662949,5.947596884974682
737071,239356,1423614,1662970,5.947684620398068
737109,239387,1423668,1663055,5.947139986716071
737216,239435,1423794,1663229,5.946473990853468
737653,239717,1424654,1664371,5.943066198892861
737659,239717,1424668,1664385,5.943124601092121
737683,239729,1424695,1664424,5.942939736118701
737875,239835,1425076,1664911,5.941901724101987
737922,239877,1425156,1665033,5.941194862366963
738303,239877,1427058,1666935,5.949123926012081
738837,240138,1427905,1668043,5.946185110228285
739006,240241,1428167,1668408,5.944726337302958
739054,240283,1428281,1668564,5.944161676023689
739167,240322,1428398,1668720,5.94368389077987
739318,240330,1428713,1669043,5.944796737818832
739363,240337,1428775,1669112,5.9448815621398285
739374,240339,1428800,1669139,5.944936111076438
739396,240340,1428865,1669205,5.945181825746858
739404,240341,1428877,1669218,5.945207018361412
739413,240343,1428891,1669234,5.945215795758561
739434,240350,1428932,1669282,5.945213230705222
739521,240400,1429069,1669469,5.9445465890183025
739598,240448,1429219,1669667,5.943983730369976
739625,240449,1429251,1669700,5.944092094373443
739641,240465,1429287,1669752,5.943846297798016
739991,240550,1429602,1670152,5.943055497817501
740012,240557,1429620,1670177,5.9429573863990655
740043,240580,1429690,1670270,5.9426801895419405
740054,240580,1429702,1670282,5.942730068999917
740076,240580,1429726,1670306,5.94282982791587
740269,240580,1430104,1670684,5.944401030842132
740326,240580,1430224,1670804,5.944899825421897
740359,240596,1430313,1670909,5.944874395251792
741216,240908,1431903,1672811,5.943775217095323
741232,240912,1431920,1672832,5.943747094374709
741261,240932,1431976,1672908,5.943486128866236
741293,240959,1432021,1672980,5.943006901589067
741302,240968,1432036,1673004,5.9428471830284515
741395,241014,1432167,1673181,5.9422564664293365
741438,241022,1432185,1673207,5.9421339130867725
741480,241040,1432261,1673301,5.9420054762694985
741486,241042,1432268,1673310,5.941985214195037
741525,241067,1432324,1673391,5.941601297564578
741590,241107,1432433,1673540,5.941067658757315
742077,241116,1433270,1674386,5.944317258083246
742088,241119,1433282,1674401,5.9442930669088705
742110,241154,1433333,1674487,5.943641822238072
742258,241206,1433452,1674658,5.942853826190062
742275,241213,1433484,1674697,5.942814027436333
742337,241284,1433572,1674856,5.941430016080635
742424,241284,1433684,1674968,5.941894199366722
742754,241389,1433851,1675240,5.9400014085148864
742871,241456,1433952,1675408,5.938771453184017
742924,241483,1434007,1675490,5.938335203720345
742946,241501,1434043,1675544,5.93804166442375
742982,241511,1434109,1675620,5.938069073458352
743010,241525,1434144,1675669,5.937869785736466
743058,241543,1434174,1675717,5.937551491866873
743155,241552,1434396,1675948,5.938249321057164
743199,241559,1434508,1676067,5.93854089477105
743433,241685,1434900,1676585,5.937066843204998
743574,241739,1435015,1676754,5.936216332490827
743623,241747,1435050,1676797,5.936164668020699
743642,241756,1435135,1676891,5.9362952729198035
743668,241761,1435163,1676924,5.936288317801465
743728,241774,1435181,1676955,5.936043577886787
743738,241774,1435181,1676955,5.936043577886787
743767,241781,1435201,1676982,5.9359544381072125
743891,241875,1435438,1677313,5.934627390180879
743994,241956,1435595,1677551,5.933289523715056
743995,241957,1435598,1677555,5.933277400529846
744001,241957,1435614,1677571,5.933343527982244
744040,241963,1435652,1677615,5.93335344660134
744126,241979,1435735,1677714,5.9333041296972056
744208,241995,1435896,1677891,5.933577140023554
744249,242015,1435963,1677978,5.933363634485466
744338,242085,1436117,1678202,5.9322841150835455
744756,242119,1436498,1678617,5.93302466968722
744774,242119,1436531,1678650,5.933160966301695
744887,242174,1436648,1678822,5.932296613178954
744936,242197,1436747,1678944,5.932142016622832
745095,242278,1436984,1679262,5.9311369583701365
745101,242278,1437000,1679278,5.931202998208669
745114,242278,1437014,1679292,5.931260783067385
745127,242285,1437025,1679310,5.93113482056256
745286,242285,1437169,1679454,5.931729161937388
745609,242595,1438173,1680768,5.92828788721944
745691,242626,1438308,1680934,5.928086849719321
745939,242705,1438549,1681254,5.927150244123524
745963,242711,1438559,1681270,5.927044921738199
746019,242723,1438634,1681357,5.927060888337735
746106,242723,1438829,1681552,5.927864273266233
746173,242738,1438864,1681602,5.927642149148465
746198,242749,1438894,1681643,5.927497126661696
746656,242858,1439962,1682820,5.929234367408115
747000,243012,1440502,1683514,5.927699043668626
747089,243012,1440729,1683741,5.928633153918325
747218,243013,1441111,1684124,5.930180689921938
747320,243027,1441220,1684247,5.930287581215256
747349,243037,1441245,1684282,5.930146438608113
747361,243037,1441274,1684311,5.930265762003317
747562,243187,1441671,1684858,5.928240407587577
747668,243218,1441999,1685217,5.928833392265375
747869,243218,1442344,1685562,5.930251872805466
748188,243445,1442901,1686346,5.927010207644437
748219,243455,1442938,1686393,5.926918732414615
748319,243509,1443100,1686609,5.926269665597576
748371,243541,1443174,1686715,5.9257948353665295
748373,243541,1443184,1686725,5.9258358962146005
748406,243567,1443232,1686799,5.925400403174486
748486,243567,1443326,1686893,5.925786333945075
748497,243573,1443358,1686931,5.925771739889068
748503,243580,1443362,1686942,5.925617866819936
748545,243592,1443422,1687014,5.925572268383198
748578,243605,1443467,1687072,5.925440775025143
748784,243685,1443836,1687521,5.925009746188727
749066,243685,1444112,1687797,5.926142355910294
749157,243695,1444258,1687953,5.926498286792917
749240,243695,1444440,1688135,5.927245121976241
749285,243731,1444547,1688278,5.926808653802758
749306,243750,1444586,1688336,5.926506666666667
749448,243757,1444766,1688523,5.927074914771678
749530,243820,1444890,1688710,5.926052005577885
749922,243820,1445623,1689443,5.929058321712739
749933,243822,1445646,1689468,5.929104018505303
750004,243822,1445720,1689542,5.929407518599634
750074,243854,1445808,1689662,5.928990297473078
750106,243872,1445895,1689767,5.928909427896602
750275,243900,1446086,1689986,5.929011890118901
750329,243956,1446186,1690142,5.928060797848793
750411,243989,1446326,1690315,5.927832812134973
750471,244037,1446373,1690410,5.92685945164053
750494,244051,1446407,1690458,5.926658772141888
750533,244066,1446426,1690492,5.926372374685536
750568,244081,1446485,1690566,5.926249892453734
750612,244116,1446612,1690728,5.925920464041685
751556,244116,1448701,1692817,5.934477871175998
754103,244257,1456294,1700551,5.962138239641034
754171,244307,1456391,1700698,5.961315066698867
754259,244357,1456609,1700966,5.960987407768142
754273,244361,1456642,1701003,5.96102487712851
754285,244365,1456667,1701032,5.961029607349661
754309,244380,1456703,1701083,5.960811031999345
755249,244856,1459502,1704358,5.9606544254582285
755273,244875,1459559,1704434,5.9604247064828995
755826,245166,1460565,1705731,5.957453317344167
756523,245166,1462460,1707626,5.965182774120392
756544,245178,1462517,1707695,5.965123298175203
756552,245178,1462517,1707695,5.965123298175203
756607,245197,1462589,1707786,5.964954709886336
756626,245202,1462596,1707798,5.96486162429344
756653,245218,1462636,1707854,5.964635548777006
756862,245297,1462929,1708226,5.9639090571837405
756873,245306,1462955,1708261,5.9637962381678395
756920,245323,1463116,1708439,5.964039246218251
756940,245329,1463134,1708463,5.963966754847572
757443,245329,1464866,1710195,5.971026662155717
757455,245341,1464890,1710231,5.970832433225592
757475,245341,1464925,1710266,5.970975091810989
757589,245365,1465205,1710570,5.9715322071200045
757619,245381,1465242,1710623,5.9712936209404965
757783,245394,1465665,1711059,5.972701044035307
757876,245427,1465775,1711202,5.97234615588342
758001,245485,1466112,1711597,5.972307880318553
758304,245642,1466997,1712639,5.972093534493287
758335,245642,1466997,1712639,5.972093534493287
758368,245652,1467030,1712682,5.971984758927263
758373,245654,1467037,1712691,5.971964633183258
758440,245662,1467152,1712814,5.972238278610448
758630,245774,1467436,1713210,5.9706722436059145
758635,245776,1467440,1713216,5.970639932296074
758646,245780,1467463,1713243,5.9706363414435675
758650,245780,1467472,1713252,5.970672959557327
758653,245782,1467480,1713262,5.970656923615237
758732,245802,1467619,1713421,5.97073660914069
758736,245802,1467628,1713430,5.970773223977022
758786,245824,1467755,1713579,5.970755499869825
758823,245837,1467804,1713641,5.970639081993354
759149,246057,1468524,1714581,5.968226874260842
759175,246069,1468562,1714631,5.968090251108429
759213,246081,1468614,1714695,5.968010533117145
759520,246090,1469177,1715267,5.970080052013491
759525,246094,1469190,1715284,5.970035839963591
759536,246096,1469213,1715309,5.970080781483649
759556,246108,1469238,1715346,5.969891267248525
759649,246149,1469333,1715482,5.96928283275577
760110,246157,1470233,1716390,5.972745036704217
760164,246191,1470302,1716493,5.972200445995183
760333,246325,1470779,1717104,5.970888054399675
760424,246330,1470918,1717248,5.971331141152113
760446,246346,1470973,1717319,5.971166570595829
760449,246348,1470985,1717333,5.971166804682807
760470,246348,1471014,1717362,5.971284524331433
760500,246352,1471034,1717386,5.971268753653309
760521,246352,1471087,1717439,5.971483892966162
760586,246384,1471273,1717657,5.971463244366517
760591,246388,1471274,1717662,5.971370358946053
760709,246388,1471501,1717889,5.972291670048866
760799,246431,1471622,1718053,5.971740568353819
760837,246440,1471701,1718141,5.9718430449602335
760904,246461,1471800,1718261,5.971735893305635
760966,246517,1471907,1718424,5.970813371897273
761160,246532,1472386,1718918,5.972393036198141
761413,246647,1472690,1719337,5.970840918397548
761424,246661,1472701,1719362,5.97054662066561
761642,246661,1473305,1719966,5.97299532556829
761806,246677,1473572,1720249,5.97369029135266
761838,246677,1473621,1720298,5.973888931679889
761863,246692,1473661,1720353,5.9736878374653415
762011,246792,1473996,1720788,5.972624720412331
762019,246792,1473996,1720788,5.972624720412331
762037,246799,1474048,1720847,5.9726660156645694
762058,246815,1474082,1720897,5.972416587322488
762092,246822,1474137,1720959,5.972470039137516
762111,246833,1474193,1721026,5.972430752776169
762170,246858,1474282,1721140,5.972186439167457
762360,246869,1474592,1721461,5.97317605693708
762883,246895,1476353,1723248,5.979679620891472
762948,246943,1476433,1723376,5.978841271062553
762979,246965,1476481,1723446,5.97850302674468
763004,246970,1476510,1723480,5.9784994128841555
763187,247054,1476919,1723973,5.978122191909461
763209,247054,1476985,1724039,5.9783893399823524
763423,247054,1477294,1724348,5.97964007868725
763425,247055,1477297,1724352,5.979628018052661
763508,247075,1477437,1724512,5.979710614185976
763672,247159,1478003,1725162,5.979968360448132
763726,247194,1478096,1725290,5.979497884252854
763742,247200,1478117,1725317,5.979437702265372
763865,247266,1478350,1725616,5.978783981623029
764347,247295,1478878,1726173,5.980217958308902
764413,247332,1479025,1726357,5.979917681496936
764427,247339,1479097,1726436,5.980039540873053
764468,247352,1479127,1726479,5.979846534493354
770229,249819,1490040,1739859,5.964478282276368
770314,249891,1490226,1740117,5.963504087782273
770381,249936,1490344,1740280,5.9629025030407785
770525,249966,1490643,1740609,5.963383020090732
770559,249973,1490707,1740680,5.963472054981938
770573,249981,1490736,1740717,5.963397218188582
770876,250099,1491827,1741926,5.964945881430953
770950,250117,1491862,1741979,5.964656540738934
771007,250139,1491913,1742052,5.964335829278921
771060,250148,1491954,1742102,5.964285143195228
771065,250148,1491959,1742107,5.9643051313622335
771066,250148,1491961,1742109,5.964313126629036
771119,250192,1492038,1742230,5.9635719767218776
771159,250207,1492097,1742304,5.963450263182085
771184,250207,1492122,1742329,5.963550180450587
771259,250228,1492189,1742417,5.963317454481513
771501,250228,1492636,1742864,5.965103825311316
771614,250319,1492872,1743191,5.963878091555175
772057,250506,1493292,1743798,5.9611027280783695
772073,250506,1493318,1743824,5.961206518007553
772138,250554,1493465,1744019,5.960651196947564
773039,250948,1494585,1745533,5.9557557741045954
773165,250948,1494920,1745868,5.95709071202002
773382,251039,1495158,1746197,5.955879365357574
773538,251125,1495362,1746487,5.95465206570433
773571,251140,1495447,1746587,5.954634865015529
773628,251163,1495575,1746738,5.954599204500663
773648,251175,1495610,1746785,5.954454065890316
773873,251245,1496183,1747428,5.9550757228999585
774019,251245,1496437,1747682,5.956086688292304
774050,251252,1496513,1747765,5.956223234043908
775191,251271,1498476,1749747,5.963585133182898
775308,251317,1498769,1750086,5.963659442059232
775324,251317,1498795,1750112,5.963762897058297
775345,251317,1498824,1750141,5.963878289172639
775458,251351,1498977,1750328,5.963680271811133
775617,251356,1499291,1750647,5.964810865863556
775662,251382,1499397,1750779,5.964615604935914
776244,251382,1500928,1752310,5.970705937577074
776257,251382,1500942,1752324,5.970761629710958
776816,251382,1502525,1753907,5.9770588188494
776851,251382,1502618,1754000,5.977428773738772
776862,251388,1502622,1754010,5.97730201918946
776880,251401,1502681,1754082,5.977227616437484
777318,251605,1503254,1754859,5.97465869120248
777335,251606,1503276,1754882,5.974722383408981
778043,251894,1504000,1755894,5.97076548071808
778925,252535,1507134,1759669,5.968020274417407
778979,252571,1507232,1759803,5.967557637258435
779031,252591,1507284,1759875,5.967290996116251
779611,252615,1508027,1760642,5.969665300952042
779721,252620,1508272,1760892,5.970516982028343
779751,252628,1508313,1760941,5.970490206944598
780203,252965,1509006,1761971,5.965275828671951
780520,253113,1509865,1762978,5.965181559224536
781270,253123,1510778,1763901,5.968552837948349
781318,253123,1510890,1764013,5.968995310580231
781531,253123,1511743,1764866,5.972365213749837
781551,253123,1511764,1764887,5.972448177368315
781875,253206,1512278,1765484,5.97252039841078
781884,253207,1512302,1765509,5.972591595019095
781954,253235,1512350,1765585,5.972120757399254
782050,253272,1512595,1765867,5.972215641681671
782106,253287,1512622,1765909,5.97196855740721
782107,253287,1512625,1765912,5.971980401678728
782234,253343,1512785,1766128,5.971291884914918
782264,253360,1512834,1766194,5.971084622671298
782341,253389,1512955,1766344,5.9708787674287365
782448,253442,1513109,1766551,5.970237766431768
782466,253451,1513128,1766579,5.970100729529574
782557,253451,1513307,1766758,5.970806980441979
782589,253455,1513324,1766779,5.970779822848237
782668,253464,1513388,1766852,5.970820313732917
782804,253491,1513494,1766985,5.970602506597867
783128,253618,1514207,1767825,5.970424023531453
783186,253665,1514328,1767993,5.969794808113062
783187,253665,1514330,1767995,5.969802692527546
783196,253668,1514335,1768003,5.969751801567403
783238,253691,1514430,1768121,5.969585046375315
783263,253711,1514487,1768198,5.969339129954949
783292,253718,1514528,1768246,5.96933603449499
783328,253728,1514573,1768301,5.969278124605877
783346,253728,1514583,1768311,5.969317536889898
783444,253728,1514873,1768601,5.970460493126498
783466,253741,1514912,1768653,5.9703083065015115
783520,253744,1515075,1768819,5.970880099627972
783665,253842,1515417,1769259,5.969922235091119
783720,253850,1515489,1769339,5.970017727004136
784568,254126,1516739,1770865,5.9684526573432075
784871,254369,1517437,1771806,5.96549500921889
784883,254369,1517442,1771811,5.965514665702188
784904,254371,1517453,1771824,5.965511005578466
784916,254380,1517475,1771855,5.965386429750766
784947,254400,1517534,1771934,5.965149371069183
784961,254404,1517567,1771971,5.9651852958286815
785070,254463,1517715,1772178,5.9643838200445645
785462,254469,1518229,1772698,5.966263081161163
785469,254473,1518237,1772710,5.966200736423904
785808,254544,1519005,1773549,5.967553743164246
785896,254558,1519045,1773603,5.967382678996535
786082,254699,1519445,1774144,5.965649649193754
786103,254699,1519477,1774176,5.965775287692531
788358,254859,1524107,1778966,5.9801968931840745
788451,254906,1524238,1779144,5.979608169285933
788477,254909,1524252,1779161,5.979592717401112
788494,254914,1524270,1779184,5.979546042979201
788991,254914,1525604,1780518,5.984779180429478
789193,254923,1526791,1781714,5.9892241971105005
789221,254944,1526831,1781775,5.988887755742438
789306,254992,1526967,1781959,5.988293750392169
789329,255017,1527012,1782029,5.987883160730461
789428,255077,1527302,1782379,5.987611583953081
789531,255122,1527472,1782594,5.987221799766386
790343,255135,1529166,1784301,5.993556352519255
790464,255215,1529452,1784667,5.992798228944223
790495,255235,1529521,1784756,5.992598977412972
790554,255254,1529597,1784851,5.992450656992642
790566,255254,1529626,1784880,5.992564269316054
790595,255268,1529659,1784927,5.992364887099049
790646,255281,1529701,1784982,5.992224254840744
790828,255358,1530030,1785388,5.991705762106533
790866,255376,1530064,1785440,5.991416577908653
791021,255477,1530401,1785878,5.990367038911526
791069,255493,1530482,1785975,5.990308932142955
791074,255496,1530488,1785984,5.990262078466982
791091,255503,1530516,1786019,5.9902075513790445
791127,255522,1530560,1786082,5.989934330507745
791136,255524,1530580,1786104,5.989965717505988
791142,255524,1530599,1786123,5.990040074513549
791231,255564,1530720,1786284,5.989575996619243
791375,255665,1531062,1786727,5.9885475133475445
791404,255665,1531087,1786752,5.98864529755735
791510,255702,1531266,1786968,5.988478776075275
791540,255712,1531308,1787020,5.988408834939307
791548,255717,1531318,1787035,5.988330850119468
791571,255719,1531357,1787076,5.988436526030526
791592,255727,1531392,1787119,5.9883860523136
791600,255731,1531406,1787137,5.988347130383098
791609,255731,1531426,1787157,5.9884253375617345
791639,255741,1531507,1787248,5.988507904481487
791714,255771,1531652,1787423,5.988372411258508
791723,255773,1531672,1787445,5.988403779914221
791770,255792,1531775,1787567,5.988361637580534
792562,255835,1533665,1789500,5.994742705259249
792583,255843,1533682,1789525,5.994621701590429
792597,255843,1533689,1789532,5.9946490621201285
792605,255847,1533702,1789549,5.994606151332633
792646,255859,1533735,1789594,5.9944539766043015
794775,255927,1547215,1803142,6.045532515131268
794949,256005,1547403,1803408,6.044424913575907
795010,256028,1547486,1803514,6.044206102457544
795011,256028,1547488,1803516,6.044213914103145
795258,256174,1548011,1804185,6.0428107458212
795662,256190,1548729,1804919,6.0452359576876535
795665,256191,1548732,1804923,6.0452240711032
795680,256197,1548745,1804942,6.045133237313474
795735,256213,1548865,1805078,6.045224090893124
796021,256363,1549225,1805588,6.043091241715849
796057,256379,1549312,1805691,6.043053448215337
796272,256442,1549520,1805962,6.042379953361774
796409,256465,1549725,1806190,6.042637396915758
796421,256472,1549739,1806211,6.042527059484076
796773,256724,1550350,1807074,6.038975709322074
796778,256727,1550361,1807088,6.038947987550978
796876,256738,1550525,1807263,6.03932803091089
796934,256768,1550644,1807412,6.039085867397807
796990,256787,1550736,1807523,6.038997301265251
797036,256787,1550791,1807578,6.0392114865627935
797185,256818,1550843,1807661,6.038684983139811
797208,256818,1550890,1807708,6.0388679921189325
797410,256919,1551192,1808111,6.037669460024365
797436,256939,1551221,1808160,6.037312358186184
797508,256989,1551353,1808342,6.0366513741833305
797709,257233,1551846,1809079,6.03284182045072
797740,257262,1551897,1809159,6.032360006530308
797778,257275,1551973,1809248,6.032350597609562
797831,257297,1552043,1809340,6.032106864829361
797862,257304,1552060,1809364,6.032008830022075
797897,257311,1552149,1809460,6.032190617579505
797913,257311,1552175,1809486,6.032291662618388
797923,257311,1552192,1809503,6.032357730528426
797999,257362,1552292,1809654,6.031550889408693
798074,257362,1552389,1809751,6.031927790427491
798347,257430,1552720,1810150,6.031620246280542
798453,257528,1552997,1810525,6.030400577801249
798971,257545,1554762,1812307,6.036855695121241
799075,257560,1554829,1812389,6.036764249107004
799612,257773,1555430,1813203,6.0341075287171275
799644,257785,1555483,1813268,6.034032236165797
799667,257786,1555523,1813309,6.034163996493215
799689,257793,1555560,1813353,6.034143673412389
799787,257809,1555626,1813435,6.034025189190447
799792,257813,1555631,1813444,6.033950964458736
799890,257831,1555684,1813515,6.033735276208059
799954,257859,1555831,1813690,6.033650173156648
799968,257867,1555863,1813730,6.033587081712666
800126,257960,1556137,1814097,6.032474026980927
800851,258118,1557826,1815944,6.035324928908484
800972,258118,1558008,1816126,6.036030032775707
800979,258124,1558017,1816141,6.035924594380996
802443,258124,1560103,1818227,6.044005981621236
802540,258151,1560309,1818460,6.044171821918179
802621,258187,1560414,1818601,6.04373574192349
802879,258313,1560726,1819039,6.041995563521774
803186,258371,1561070,1819441,6.041970654601329
803616,258579,1561774,1820353,6.039833087760414
803736,258579,1561976,1820555,6.040614280355326
803763,258593,1562020,1820613,6.0404573983054455
803782,258593,1562041,1820634,6.040538607000189
803811,258603,1562084,1820687,6.040471301570361
803826,258603,1562112,1820715,6.040579575642974
803831,258605,1562117,1820722,6.040552193499739
803921,258641,1562276,1820917,6.040326166385067
804043,258641,1562512,1821153,6.041238628059743
804135,258688,1562585,1821273,6.040423212518555
804145,258688,1562601,1821289,6.040485063087581
804245,258706,1562722,1821428,6.040532496347205
804294,258706,1562738,1821444,6.04059434261285
804354,258709,1562746,1821455,6.04055521841142
804416,258709,1562763,1821472,6.040620929306673
804498,258754,1562922,1821676,6.040184886030747
804557,258763,1563022,1821785,6.040361257212198
804584,258775,1563065,1821840,6.0402473190996036
804609,258775,1563099,1821874,6.040378707371269
804625,258775,1563125,1821900,6.040479180755483
804628,258778,1563135,1821913,6.040447796953373
804635,258778,1563152,1821930,6.0405134903276165
804698,258798,1563190,1821988,6.040193509996214
804730,258804,1563259,1822063,6.040320087788443
804758,258813,1563299,1822112,6.0402645925822895
804834,258857,1563435,1822292,6.039763266977521
805237,258864,1564075,1822939,6.042072285060882
805385,258864,1564510,1823374,6.043752704122628
805398,258871,1564567,1823438,6.043809464945861
805451,258877,1564582,1823459,6.043727329967513
805479,258890,1564614,1823504,6.04354745258604
805669,258890,1564932,1823822,6.044775773494535
805708,258890,1564968,1823858,6.044914828691723
805717,258895,1564988,1823883,6.044875335560748
805791,258958,1565097,1824055,6.043825639679021
806199,258979,1566183,1825162,6.0475289502237635
806338,259050,1566464,1825514,6.046956186064467
806448,259073,1566737,1825810,6.047473106035751
806475,259098,1566801,1825899,6.047136604682398
806752,259295,1567484,1826779,6.045176343546926
806783,259304,1567526,1826830,6.045128497824947
806800,259314,1567566,1826880,6.045049630949351
806896,259351,1567675,1827026,6.044607501031421
807000,259393,1567772,1827165,6.044002729449137
807006,259395,1567781,1827176,6.0439908248038705
807024,259405,1567799,1827204,6.043827219984195
807449,259747,1568469,1828216,6.038448952249689
807475,259759,1568541,1828300,6.038447176036249
807528,259785,1568632,1828417,6.038193121234867
807544,259785,1568658,1828443,6.038293203995612
807556,259785,1568667,1828452,6.038327848028177
807595,259804,1568720,1828524,6.038090252651999
807612,259814,1568744,1828558,6.037950225930858
807624,259818,1568791,1828609,6.038038165177163
807649,259826,1568835,1828661,6.038021599070147
807697,259843,1568946,1828789,6.038053747840042
807815,259861,1569052,1828913,6.038043415518296
807868,259863,1569205,1829068,6.038585716319753
807884,259876,1569216,1829092,6.038325970847635
808099,259895,1569694,1829589,6.039723734585121
808122,259896,1569747,1829643,6.039904423307784
808414,259903,1570819,1830722,6.043866365528678
808444,259926,1570863,1830789,6.043500842547494
808693,260061,1571398,1831459,6.0424208166545545
808732,260088,1571438,1831526,6.041947340900003
808747,260096,1571451,1831547,6.041811484990157
808755,260098,1571458,1831556,6.041791939961092
808900,260200,1571674,1831874,6.040253651037664
808917,260213,1571694,1831907,6.040028745681423
808934,260219,1571712,1831931,6.039958650213858
809110,260295,1571959,1832254,6.039144048099272
809436,260465,1572655,1833120,6.037874570479719
809641,260521,1573115,1833636,6.038342398501465
809809,260531,1573303,1833834,6.038832231097259
809853,260562,1573334,1833896,6.038232743070747
809899,260571,1573400,1833971,6.038277475237075
810038,260608,1573537,1834145,6.03794588040275
810196,260648,1573949,1834597,6.038599950891624
810290,260678,1574069,1834747,6.038365339614391
810336,260692,1574107,1834799,6.038186825832783
810395,260731,1574247,1834978,6.03782058903621
812264,260731,1578254,1838985,6.053188918847394
813728,260731,1580340,1841071,6.061189501823718
813831,260746,1580462,1841208,6.061308706557339
813834,260746,1580471,1841217,6.061343222906584
813878,260758,1580525,1841283,6.061271370389403
813928,260788,1580594,1841382,6.0608386888967285
814268,260841,1580904,1841745,6.060795657124455
814520,260888,1581238,1842126,6.060984023795652
814531,260897,1581252,1842149,6.060828602858599
814595,260919,1581292,1842211,6.060470874102691
814698,260919,1581461,1842380,6.061118584694867
814729,260949,1581503,1842452,6.060582719228662
814749,260949,1581524,1842473,6.060663194723873
815141,260949,1582628,1843577,6.064893906472146
815153,260949,1582649,1843598,6.064974381967358
815304,260949,1582889,1843838,6.065894101912634
816280,261178,1584230,1845408,6.065709975572215
816319,261187,1584291,1845478,6.065734512054582
816358,261201,1584349,1845550,6.065631448577915
816363,261203,1584353,1845556,6.0656003185262035
816466,261209,1584361,1845570,6.065491617823276
817228,261232,1585933,1847165,6.070975225087278
817272,261242,1585999,1847241,6.070995475459536
817361,261264,1586193,1847457,6.071226805070733
817428,261264,1586253,1847517,6.071456457835752
817448,261278,1586274,1847552,6.071211506517962
817473,261282,1586312,1847594,6.071263998285377
817488,261296,1586322,1847618,6.070976976302737
817836,261306,1587123,1848429,6.073810015843494
817955,261368,1587324,1848692,6.073138257169967
818028,261418,1587411,1848829,6.072309481367006
818133,261434,1587741,1849175,6.073200119341784
818150,261485,1587759,1849244,6.0720844407901025
818160,261491,1587778,1849269,6.072017774990344
818243,261514,1587933,1849447,6.072076447150057
818403,261547,1588186,1849733,6.0722776403476235
818432,261556,1588229,1849785,6.072233097309945
818462,261570,1588281,1849851,6.072106892992315
818463,261570,1588284,1849854,6.0721183621975
818569,261656,1588476,1850132,6.070856391598129
818590,261662,1588483,1850145,6.070743936834543
819647,261667,1589797,1851464,6.0756495851597645
819648,261669,1589798,1851467,6.075606969109829
819713,261727,1589961,1851688,6.074883370840609
819720,261727,1589983,1851710,6.074967427892422
819752,261748,1590051,1851799,6.074739826092272
819862,261807,1590208,1852015,6.073970520268747
819907,261839,1590264,1852103,6.073442077001516
820035,261876,1590518,1852394,6.0735538957369135
820067,261888,1590617,1852505,6.073653622922776
820120,261923,1590721,1852644,6.073239081714855
820133,261938,1590749,1852687,6.072998190411472
820190,261938,1590749,1852687,6.072998190411472
820252,261952,1590882,1852834,6.073181346200831
820708,262149,1591926,1854075,6.072599933625534
820711,262149,1591935,1854084,6.0726342652461005
820722,262153,1591975,1854128,6.072694190034064
821192,262153,1592783,1854936,6.075776359606794
821249,262153,1592903,1855056,6.076234107563141
821451,262320,1593301,1855621,6.073883043610857
821559,262332,1593626,1855958,6.074844090694235
821560,262332,1593633,1855965,6.074870774438498
821595,262336,1593655,1855991,6.0748620090265915
821610,262338,1593684,1856022,6.074926240193948
821651,262357,1593761,1856118,6.074779784797052
821719,262400,1593869,1856269,6.0741958841463415
821764,262434,1593931,1856365,6.073645183169863
822056,262453,1594790,1857243,6.076478455190072
822572,262737,1595517,1858254,6.0726772399776205
822589,262743,1595559,1858302,6.072698416323175
822665,262770,1595616,1858386,6.072291357460897
822861,262832,1596192,1859024,6.073050465696719
822862,262832,1596194,1859026,6.073058075120229
823290,262832,1597102,1859934,6.076512753393803
823301,262837,1597111,1859948,6.076431400449708
823550,262851,1597952,1860803,6.079307288159452
823590,262851,1598031,1860882,6.079607838661447
823716,262917,1598101,1861018,6.0783479196856804
824169,263165,1599049,1862214,6.076222142002166
824266,263187,1599168,1862355,6.076166375998815
824306,263187,1599268,1862455,6.076546333975462
824337,263211,1599317,1862528,6.076178427193392
824386,263228,1599401,1862629,6.076105125594542
824470,263290,1599548,1862838,6.075232633218125
824481,263299,1599566,1862865,6.075093334953798
824513,263311,1599624,1862935,6.075036743622561
824653,263394,1599909,1863303,6.074204423790975
824719,263418,1599997,1863415,6.073985073153695
824749,263426,1600035,1863461,6.073944864971567
824769,263434,1600060,1863494,6.073855311007691
824776,263437,1600068,1863505,6.073816510209272
824858,263437,1600203,1863640,6.07432896669792
824913,263473,1600274,1863747,6.07376846963446
824938,263484,1600290,1863774,6.073575625085394
824966,263491,1600318,1863809,6.073520537703375
825017,263491,1600466,1863957,6.0740822267174215
825027,263492,1600471,1863963,6.074078150380277
825214,263572,1600738,1864310,6.073247537674715
825230,263572,1600764,1864336,6.073346182447301
825297,263578,1600831,1864409,6.073462125063549
825298,263578,1600833,1864411,6.073469712950247
825424,263658,1600995,1864653,6.072241312609517
825452,263679,1601033,1864712,6.071901820016004
825471,263695,1601068,1864763,6.0716661294298335
825598,263751,1601233,1864984,6.071002574397822
825655,263756,1601244,1865000,6.070929192132122
825840,263806,1601338,1865144,6.070134871837638
825998,263807,1601636,1865443,6.071241475775851
826153,263891,1601999,1865890,6.070684487155682
826193,263922,1602093,1866015,6.07032759678996
826378,264012,1602591,1866603,6.0701445388845965
826401,264018,1602616,1866634,6.070101280973267
826416,264024,1602651,1866675,6.070095900372693
826454,264036,1602719,1866755,6.0700775651805055
826523,264075,1602789,1866864,6.069446180062482
826585,264099,1602861,1866960,6.069167244101644
826624,264105,1602926,1867031,6.069275477556275
827122,264292,1603346,1867638,6.066570308598066
827132,264292,1603362,1867654,6.066630847698757
827133,264292,1603364,1867656,6.066638415086344
828192,264292,1604689,1868981,6.071651809362372
828226,264313,1604738,1869051,6.071354795261678
828318,264363,1604942,1869305,6.07097816260218
828336,264363,1604952,1869315,6.071015989378242
828342,264363,1604965,1869328,6.071065164187122
828380,264374,1605011,1869385,6.070986556923147
828381,264374,1605013,1869387,6.070994121963582
828400,264374,1605035,1869409,6.071077337408369
828404,264374,1605044,1869418,6.0711113800903265
828417,264374,1605058,1869432,6.071164335373372
828478,264374,1605159,1869533,6.071546369915347
828509,264397,1605250,1869647,6.071362383083016
828523,264409,1605293,1869702,6.071249465789743
828660,264409,1605491,1869900,6.071998305655254
828775,264427,1605578,1870005,6.071913987603384
828809,264451,1605654,1870105,6.07165032463481
828813,264454,1605680,1870134,6.071679762832099
828852,264458,1605748,1870206,6.071845056681968
828889,264472,1605788,1870260,6.071674884297771
828891,264472,1605793,1870265,6.071693789890801
837119,264472,1630478,1894950,6.165030702683082
837379,264472,1630796,1895268,6.166233098399831
837402,264484,1630823,1895307,6.166055413559988
837424,264498,1630849,1895347,6.165827340849458
837428,264498,1630854,1895352,6.16584624458408
837482,264520,1630953,1895473,6.165707696960532
837496,264527,1630972,1895499,6.165616364303077
837784,264527,1631539,1896066,6.167759812797938
837855,264527,1631711,1896238,6.168410029978037
837895,264558,1631803,1896361,6.16803498665699
837981,264558,1631873,1896431,6.168299578920313
837988,264561,1631877,1896438,6.168244752627938
838016,264569,1631917,1896486,6.1682094274083505
838025,264576,1631943,1896519,6.1681445029027575
838084,264607,1632066,1896673,6.167886715015098
838115,264618,1632101,1896719,6.167762586067464
838863,264621,1633945,1898566,6.174661119109972
838873,264625,1633961,1898586,6.174628247520076
838973,264697,1634088,1898785,6.173428486155869
839042,264712,1634296,1899008,6.173864426244371
839458,264712,1634951,1899663,6.176338813502976
841857,264731,1640114,1904845,6.19539834775678
841884,264742,1640151,1904893,6.195280688368298
842038,264807,1640459,1905266,6.194923094933291
842045,264818,1640470,1905288,6.194707308415591
842299,264849,1641076,1905925,6.196270327620645
865453,264851,1710532,1975383,6.458469101494803
866320,265103,1711439,1976542,6.455751160869549
866340,265103,1711463,1976566,6.455841691719822
866402,265137,1711556,1976693,6.455364585101287
866425,265146,1711615,1976761,6.455367985939822
866479,265161,1711733,1976894,6.455447822266472
866492,265162,1711763,1976925,6.455536615352124
866880,265268,1712132,1977400,6.454348055551367
866889,265271,1712151,1977422,6.4543466869729444
867185,265408,1712605,1978013,6.452725614902339
867320,265463,1712737,1978200,6.451885950207751
867471,265503,1712860,1978363,6.451377197244476
867485,265511,1712889,1978400,6.451292036864762
867552,265565,1713032,1978597,6.450518705401691
867593,265593,1713088,1978681,6.450049511847074
867630,265605,1713120,1978725,6.449878579093014
867859,265707,1713463,1979170,6.448693485681597
867881,265716,1713493,1979209,6.448587966099144
867892,265725,1713504,1979229,6.448410951171324
867917,265739,1713547,1979286,6.448233040690301
867946,265739,1713594,1979333,6.44840990596036
868013,265768,1713749,1979517,6.448289485566359
868290,265899,1714326,1980225,6.447282614827435
868334,265925,1714386,1980311,6.44687787910125
868365,265943,1714430,1980373,6.446606979691137
868441,265997,1714557,1980554,6.445775704237266
868500,266004,1714741,1980745,6.446297800033082
868814,266004,1715569,1981573,6.449410535179922
868930,266076,1715789,1981865,6.448492160134698
868966,266084,1715822,1981906,6.448422302731468
869074,266132,1715939,1982071,6.4476988862669655
869139,266152,1716052,1982204,6.4476389431603
869162,266162,1716113,1982275,6.44762588198165
869206,266169,1716225,1982394,6.447877100639068
869287,266193,1716345,1982538,6.447746559826893
869335,266205,1716446,1982651,6.447835314888901
869367,266220,1716486,1982706,6.4476222672977235
869509,266314,1716750,1983064,6.44633778171632
869519,266314,1716750,1983064,6.44633778171632
869550,266325,1716804,1983129,6.446274288932695
870174,266491,1717516,1984007,6.444930598031453
870264,266501,1717885,1984386,6.446073373083028
871063,266513,1720742,1987255,6.45650305988826
871343,266604,1721070,1987674,6.455529549444119
871374,266616,1721111,1987727,6.455392774627179
873223,266626,1725128,1991754,6.470216708047977
873243,266633,1725137,1991770,6.470080597675457
873294,266633,1725253,1991886,6.470515652601141
873473,266661,1725474,1992135,6.470665001631285
873579,266749,1725783,1992532,6.4696887336035
873623,266766,1725859,1992625,6.469561338401445
873635,266766,1725913,1992679,6.469763762998283
873670,266780,1726005,1992785,6.469769098133293
873734,266812,1726125,1992937,6.469442903617528
873811,266815,1726141,1992956,6.469430129490471
873844,266828,1726159,1992987,6.469182394651236
873937,266843,1726330,1993173,6.46945956985943
874003,266846,1726483,1993329,6.469960201764313
874169,266846,1726898,1993744,6.471515405889539
874212,266869,1726940,1993809,6.471115041462291
874250,266901,1727000,1993901,6.470563991892125
874260,266901,1727015,1993916,6.4706201925058355
874284,266903,1727063,1993966,6.470751546441965
874358,266913,1727192,1994105,6.4709924207513305
874390,266935,1727260,1994195,6.47071384419428
874494,266948,1727467,1994415,6.471174161259871
874511,266955,1727491,1994446,6.471094379202487
874532,266955,1727534,1994489,6.4712554550392385
874563,266957,1727592,1994549,6.471424236862116
874573,266957,1727608,1994565,6.471484171608162
874605,266977,1727658,1994635,6.471186656528465
874637,266987,1727691,1994678,6.471067879709499
874760,267019,1727897,1994916,6.471063856879098
874822,267042,1727988,1995030,6.470847282449951
874843,267042,1728036,1995078,6.471027029456041
874864,267063,1728071,1995134,6.47064924755582
874868,267064,1728079,1995143,6.470654974088608
874937,267091,1728190,1995281,6.470416449824217
875034,267152,1728310,1995462,6.469388213451518
875093,267199,1728556,1995755,6.469170917555829
875194,267259,1728729,1995988,6.468365892261813
875218,267276,1728777,1996053,6.468134063664526
875228,267282,1728791,1996073,6.46804124482756
875324,267309,1729120,1996429,6.468618714671036
875334,267314,1729129,1996443,6.468531390050652
875347,267319,1729143,1996462,6.468462772941692
875384,267326,1729198,1996524,6.46849913588652
876733,267526,1729973,1997499,6.466560259563557
876737,267527,1729979,1997506,6.466558515589081
876858,267632,1730268,1997900,6.4651013331739104
876874,267640,1730287,1997927,6.464979076371245
876907,267642,1730353,1997995,6.465177363791931
877022,267758,1730572,1998330,6.463194377012078
877823,267758,1731489,1999247,6.4666191112870575
877851,267775,1731521,1999296,6.466328073942676
878137,267867,1731792,1999659,6.465118883625083
878440,268028,1732487,2000515,6.463828405987434
878502,268060,1732549,2000609,6.463288069835111
878587,268095,1732699,2000794,6.463003785971391
878629,268129,1732832,2000961,6.462680277030832
878702,268159,1732919,2001078,6.4622817060027815
878712,268159,1732923,2001082,6.462296622526188
878734,268167,1732949,2001116,6.4622007927895675
878868,268203,1733129,2001332,6.462004526422151
878889,268210,1733166,2001376,6.461973826479252
878906,268218,1733204,2001422,6.461922764318577
879003,268218,1733273,2001491,6.462180017746758
879080,268218,1733292,2001510,6.462250855647272
879120,268228,1733354,2001582,6.462241078485468
879175,268252,1733429,2001681,6.46194250182664
879208,268274,1733504,2001778,6.4616921505624845
879228,268274,1733525,2001799,6.461770428740765
879237,268276,1733543,2001819,6.461789351265115
879266,268287,1733587,2001874,6.4616884157637156
879406,268287,1733783,2002070,6.46241897669287
879415,268295,1733806,2002101,6.462312007305392
881190,269031,1736149,2005180,6.453341808193108
881337,269177,1736524,2005701,6.451234689442263
881363,269185,1736544,2005729,6.451117261363003
881367,269185,1736553,2005738,6.451150695618255
881374,269188,1736573,2005761,6.451153097463483
881443,269209,1736622,2005831,6.45083188154928
881470,269209,1736622,2005831,6.45083188154928
881525,269225,1736699,2005924,6.450734515739623
881580,269260,1736803,2006063,6.45028225506945
881597,269261,1736806,2006067,6.450269441174177
881612,269277,1736838,2006115,6.450005013424837
881651,269292,1736892,2006184,6.449846263535493
881666,269292,1736899,2006191,6.449872257623695
881864,269295,1737059,2006354,6.450394548729089
881871,269297,1737065,2006362,6.450368923530526
882104,269385,1737242,2006627,6.448918833639587
882126,269399,1737258,2006657,6.448643090731592
882173,269399,1737352,2006751,6.448992015560562
882237,269412,1737412,2006824,6.448903538075513
882247,269415,1737424,2006839,6.448876268953102
882368,269415,1737764,2007179,6.450138262531782
882575,269524,1738195,2007719,6.449128834537926
882623,269538,1738273,2007811,6.449083246147111
882665,269573,1738338,2007911,6.448487051744796
882671,269574,1738385,2007959,6.448637479875655
882767,269629,1738470,2008099,6.4476373090431665
882773,269629,1738475,2008104,6.447655853042514
882855,269681,1738608,2008289,6.446905788691083
882878,269706,1738645,2008351,6.446445388682491
882975,269709,1738713,2008422,6.4466258078150895
883153,269734,1738998,2008732,6.447084905870228
883244,269734,1739309,2009043,6.448237893628538
883394,269802,1739722,2009524,6.44814345334727
883477,269869,1739856,2009725,6.44703911897995
883528,269897,1739950,2009847,6.446718563007369
883724,269968,1740151,2010119,6.445767646535885
883815,269968,1740371,2010339,6.446582557932792
883817,269968,1740376,2010344,6.446601078646358
883897,269977,1740434,2010411,6.446601006752427
884369,270009,1741408,2011417,6.449444277783333
884392,270026,1741433,2011459,6.449130824439128
884824,270052,1741912,2011964,6.450283649074993
884940,270140,1742090,2012230,6.448841341526616
884987,270153,1742150,2012303,6.448753113976155
884990,270153,1742159,2012312,6.448786428431296
885052,270171,1742259,2012430,6.44872691739676
885196,270219,1742383,2012602,6.448040293243628
885222,270238,1742448,2012686,6.447827470599989
885240,270238,1742458,2012696,6.447864475018317
885260,270241,1742482,2012723,6.447881705588715
885381,270248,1742676,2012924,6.448432550842189
885659,270248,1742695,2012943,6.448502856635387
885760,270296,1742923,2013219,6.448201231242786
885782,270302,1742959,2013261,6.448191282343453
886213,270545,1744186,2014731,6.44693489068362
886411,270545,1744365,2014910,6.447596518139312
886465,270545,1744365,2014910,6.447596518139312
886465,270545,1744365,2014910,6.447596518139312
886947,270545,1745520,2016065,6.451865678537766
887647,270787,1746448,2017235,6.449526749807044
888312,270793,1747738,2018531,6.454147633062893
888332,270802,1747753,2018555,6.4539885229798895
888374,270809,1747806,2018615,6.454017407102422
889141,270876,1748769,2019645,6.455976166216276
889172,270892,1748823,2019715,6.455794191042925
889230,270892,1748860,2019752,6.4559307768409555
889316,270934,1749012,2019946,6.455491005189455
889361,270972,1749078,2020050,6.454829281254152
889391,270972,1749131,2020103,6.4550248734186555
891242,270986,1753149,2024135,6.469518720524308
891439,271070,1753524,2024594,6.468897332792268
891460,271077,1753543,2024620,6.468800377752447
891523,271106,1753614,2024720,6.468370305341822
891628,271114,1753771,2024885,6.468758529622225
891709,271139,1753884,2025023,6.468578847012049
891735,271151,1753930,2025081,6.468462222156658
891865,271152,1754315,2025467,6.469858234495781
891934,271185,1754393,2025578,6.469358555967329
891949,271192,1754417,2025609,6.469280067258621
892435,271291,1754698,2025989,6.467955074071753
892444,271298,1754724,2026022,6.467884024209541
892574,271299,1755109,2026408,6.4692792822679035
892670,271335,1755220,2026555,6.468830044041498
892714,271335,1755286,2026621,6.4690732857906275
892779,271378,1755444,2026822,6.468630471150941
893055,271387,1757142,2028529,6.474672699871402
893376,271387,1757759,2029146,6.476946205971546
893394,271394,1757780,2029174,6.476856525936461
893421,271402,1757896,2029298,6.4770930206851824
893560,271451,1758015,2029466,6.476362216385278
893588,271454,1758033,2029487,6.4763569518224084
893696,271478,1758105,2029583,6.476049624647301
893733,271503,1758151,2029654,6.475622737133659
893768,271511,1758195,2029706,6.475593990667045
893793,271519,1758237,2029756,6.475557879927371
893815,271535,1758262,2029797,6.475268381608264
893821,271539,1758277,2029816,6.475228236091317
893933,271595,1758475,2030070,6.474622139582835
893953,271600,1758493,2030093,6.474569219440354
893977,271606,1758516,2030122,6.47451087236659
894049,271632,1758636,2030268,6.474332921010779
894138,271658,1758769,2030427,6.474202858005286
894235,271663,1758944,2030607,6.474727879762795
894287,271682,1759018,2030700,6.474547448855647
894732,271746,1759613,2031359,6.475212146636933
894742,271746,1759623,2031369,6.475248945706652
894800,271770,1759700,2031470,6.474960444493505
894899,271849,1759878,2031727,6.473733580038918
894926,271853,1759931,2031784,6.473833284900295
895017,271853,1760151,2032004,6.474642545787614
895096,271876,1760274,2032150,6.474547220056202
895112,271876,1760312,2032188,6.47468698965705
895145,271900,1760363,2032263,6.474303052592865
895170,271912,1760395,2032307,6.474135014269322
895202,271929,1760424,2032353,6.473836920666792
895254,271954,1760493,2032447,6.473495517624304
895276,271961,1760572,2032533,6.4736193792492305
895336,272000,1760645,2032645,6.472959558823529
895431,272035,1760855,2032890,6.472898707886853
895449,272041,1760864,2032905,6.472789028124437
895454,272041,1760866,2032907,6.472796379957433
895486,272069,1760928,2032997,6.472358115036994
895902,272076,1761409,2033485,6.473959481909467
895923,272082,1761466,2033548,6.474026212685882
896015,272082,1761651,2033733,6.474706154762167
896036,272092,1761686,2033778,6.474596827543625
896043,272094,1761712,2033806,6.474644791873397
896110,272147,1761851,2033998,6.473894623126472
896321,272249,1762194,2034443,6.472729009105635
896399,272323,1762357,2034680,6.471568688652813
896419,272332,1762384,2034716,6.471453960606906
896426,272337,1762388,2034725,6.4713498349471426
896435,272339,1762410,2034749,6.471383092395874
896876,272562,1763452,2036014,6.469911432995062
896896,272562,1763482,2036044,6.470021499695482
897010,272588,1763570,2036158,6.469727207360559
897259,272588,1763652,2036240,6.4700280276461175
897272,272588,1763666,2036254,6.470079387207067
897354,272630,1764017,2036647,6.470370098668525
897428,272633,1764038,2036671,6.470375926611966
897499,272642,1764201,2036843,6.470760191019726
897506,272647,1764222,2036869,6.470718548159342
897507,272650,1764222,2036872,6.4706473500825235
898027,272851,1764799,2037650,6.467995352774958
898238,272986,1765094,2038080,6.465877371000711
898268,273000,1765115,2038115,6.465622710622711
898279,273000,1765115,2038115,6.465622710622711
898316,273015,1765166,2038181,6.465454279068916
899143,273255,1767289,2040544,6.467544967155221
899168,273270,1767316,2040586,6.467288762030226
899202,273270,1767356,2040626,6.467435137409888
899275,273270,1767356,2040626,6.467435137409888
899417,273329,1767771,2041100,6.467557412495564
899515,273330,1768060,2041390,6.468591080379029
899563,273338,1768122,2041460,6.468628584390022
899636,273351,1768245,2041596,6.468770920903893
899677,273385,1768324,2041709,6.468255390749309
899683,273385,1768335,2041720,6.468295627046107
899737,273427,1768398,2041825,6.467532467532467
899796,273464,1768501,2041965,6.467034052014159
899851,273499,1768589,2042088,6.466528213997126
899935,273555,1768855,2042410,6.466176820017912
899973,273566,1768909,2042475,6.466114210099208
900029,273572,1768935,2042507,6.466067433801705
900066,273582,1769032,2042614,6.4661856408681855
900086,273590,1769045,2042635,6.4660440805584996
900107,273601,1769083,2042684,6.46592300466738
900110,273601,1769089,2042690,6.465944934411789
900247,273685,1769357,2043042,6.464939620366479
900701,274107,1770603,2044710,6.459532226466307
900721,274116,1770651,2044767,6.459495250186053
900880,274206,1771000,2045206,6.45864787787284
901582,274206,1771000,2045206,6.45864787787284
901641,274211,1771087,2045298,6.458847383948857
901710,274212,1771156,2045368,6.459075459863172
901731,274212,1771193,2045405,6.459210391959505
901745,274212,1771219,2045431,6.459305209108281
901748,274212,1771228,2045440,6.459338030429011
901753,274212,1771251,2045463,6.459421907137544
901788,274215,1771336,2045551,6.459661214740258
901796,274219,1771346,2045565,6.459603455632177
901835,274254,1771444,2045698,6.459136420982009
901866,274272,1771523,2045795,6.459000554194376
901932,274333,1771715,2046048,6.458264226323482
901942,274341,1771743,2046084,6.458177961004735
901945,274341,1771752,2046093,6.458210766892298
902966,274341,1772961,2047302,6.4626176911216335
903210,274346,1773621,2047967,6.464905630116714
903275,274370,1773712,2048082,6.464671793563436
903834,274370,1775295,2049665,6.470441374785873
903846,274376,1775318,2049694,6.470383707029769
903867,274396,1775363,2049759,6.470076094403709
903892,274408,1775414,2049822,6.469979009358328
903901,274412,1775435,2049847,6.469961226185444
903990,274412,1775581,2049993,6.470493272888941
904101,274424,1775762,2050186,6.470869894761391
904124,274434,1775835,2050269,6.470900107129583
904324,274603,1776071,2050674,6.467777118239786
904382,274620,1776139,2050759,6.46762435365232
904418,274627,1776159,2050786,6.467532325663536
904469,274645,1776232,2050877,6.467374246754901
904573,274672,1776464,2051136,6.467583153725171
904779,274672,1776913,2051585,6.469217830721734
904788,274686,1776925,2051611,6.468931798489912
904824,274702,1776964,2051666,6.4686969880088245
904827,274702,1776973,2051675,6.468729750784487
906650,274715,1780675,2055390,6.4818994230384215
906771,274826,1781015,2055841,6.480518582666851
906805,274826,1781033,2055859,6.480584078653402
906957,274916,1781228,2056144,6.4791718197558525
907054,274916,1781459,2056375,6.4800120764160685
907059,274923,1781470,2056393,6.479887095659512
907066,274923,1781470,2056393,6.479887095659512
907248,274950,1781683,2056633,6.480025459174396
907261,274957,1781695,2056652,6.479904130464036
907268,274957,1781695,2056652,6.479904130464036
907405,274965,1781743,2056708,6.479890167839543
907467,274993,1781869,2056862,6.4796885738909715
907494,275002,1781897,2056899,6.479578330339415
907495,275002,1781899,2056901,6.479585603013796
907504,275004,1781919,2056923,6.479611205655191
907515,275011,1781925,2056936,6.479468094003512
907577,275021,1782009,2057030,6.479537926194727
907822,275076,1782968,2058044,6.481728685890445
907825,275076,1782977,2058053,6.481761404121043
908842,275652,1784824,2060476,6.474917649790315
908880,275658,1784867,2060525,6.474932706469611
908916,275658,1784908,2060566,6.475081441496347
909094,275809,1785268,2061077,6.472841712924524
909111,275809,1785313,2061122,6.473004869311734
909162,275834,1785368,2061202,6.472617588839665
909195,275842,1785410,2061252,6.472582130349983
909257,275881,1785490,2061371,6.471957111943193
909424,276000,1785723,2061723,6.470010869565217
909499,276000,1785820,2061820,6.470362318840579
909534,276003,1785904,2061907,6.470596334097817
909579,276022,1785968,2061990,6.470382795574266
909653,276032,1785986,2062018,6.4702135984233715
909738,276066,1786064,2062130,6.469699274811096
909777,276079,1786113,2062192,6.469572115227888
909809,276079,1786162,2062241,6.469749600657782
910029,276243,1787189,2063432,6.469626379672969
910125,276290,1787328,2063618,6.469028918889572
910323,276305,1787653,2063958,6.469853965726281
910371,276341,1787707,2064048,6.469206523823827
910381,276347,1787730,2064077,6.4691492941844855
910400,276361,1787784,2064145,6.469016974175083
911751,276361,1790883,2067244,6.480230567988971
911797,276370,1790913,2067283,6.4801280891558415
911934,276390,1791238,2067628,6.48083505191939
911963,276401,1791257,2067658,6.480645873205958
911966,276401,1791266,2067667,6.480678434593218
912249,276520,1791534,2068054,6.47885867206712
912277,276536,1791619,2068155,6.4787911881274045
912518,276692,1792039,2068731,6.476656354357914
912560,276709,1792113,2068822,6.476525880979658
912563,276717,1792125,2068842,6.476382007610663
912588,276737,1792155,2068892,6.4760223605806235
912619,276747,1792212,2068959,6.475994319721623
912707,276747,1792552,2069299,6.477222878658124
912774,276764,1792609,2069373,6.477030972236274
912800,276783,1792639,2069422,6.476694739200023
912832,276790,1792667,2069457,6.476632103760974
915319,276900,1796351,2073251,6.4873636691946555
915444,276949,1796510,2073459,6.486789986604032
915622,277021,1796668,2073689,6.485674371257053
915734,277062,1796772,2073834,6.485089979860104
915781,277073,1796782,2073855,6.484868608633826
915807,277076,1796805,2073881,6.484881404380026
915831,277086,1796824,2073910,6.48471593656843
915853,277086,1796848,2073934,6.4848025522761885
915915,277111,1796925,2074036,6.484495382716673
915940,277122,1796967,2074089,6.484389546842185
915965,277125,1796999,2074124,6.484434821831304
916324,277133,1798050,2075183,6.488040038537453
916349,277152,1798084,2075236,6.487717930954855
916359,277157,1798115,2075272,6.487712740432318
916378,277172,1798173,2075345,6.487570894606959
916806,277650,1799358,2077008,6.480669908157752
917007,277711,1799650,2077361,6.480297863606411
917096,277753,1799776,2077529,6.47977159562633
917355,277921,1800451,2078372,6.478283397080466
917424,277982,1800568,2078550,6.477282701757668
917454,277987,1800580,2078567,6.4772093659056
917457,277988,1800591,2078579,6.477225635638948
917524,278021,1800671,2078692,6.476744562461109
917529,278021,1800697,2078718,6.4768380805766474
917560,278044,1800731,2078775,6.47642459466847
917578,278045,1800746,2078791,6.476455250049453
917738,278111,1800937,2079048,6.475605064165028
917781,278116,1801012,2079128,6.475758316673618
918176,278116,1801670,2079786,6.4781242359303315
918450,278156,1802014,2080170,6.4784293705690335
918489,278172,1802064,2080236,6.4782364867779645
918510,278186,1802117,2080303,6.4781009827956835
918521,278190,1802120,2080310,6.478018620367375
918573,278215,1802216,2080431,6.477781571805977
918823,278365,1802650,2081015,6.475850052987983
918846,278370,1802687,2081057,6.475866652297302
918893,278370,1802781,2081151,6.476204332363401
919111,278491,1803245,2081736,6.475056644559429
919279,278491,1803508,2081999,6.4760010197816085
919363,278545,1803640,2082185,6.475219443895959
919459,278628,1803818,2082446,6.473929396901963
919500,278641,1803929,2082570,6.474025717679738
919522,278641,1803942,2082583,6.474072372694614
919547,278641,1803967,2082608,6.474162093877068
919887,278782,1804690,2083472,6.4734810712312845
919931,278804,1804794,2083598,6.47334328058421
941725,278806,1870170,2148976,6.707782472400163
941890,278815,1871111,2149926,6.7109409465057475
942001,278815,1871149,2149964,6.711077237594821
942008,278818,1871177,2149995,6.711105452302219
942025,278828,1871192,2150020,6.71091855911171
942082,278842,1871242,2150084,6.710760932714584
942117,278872,1871331,2150203,6.710358157147365
942658,279236,1872290,2151526,6.705045194745663
942667,279246,1872305,2151551,6.7048587983355175
942826,279252,1872567,2151819,6.705652958618022
942854,279252,1872632,2151884,6.7058857232893585
942945,279252,1872812,2152064,6.706530302379213
942986,279281,1872849,2152130,6.705966392271583
943142,279298,1872986,2152284,6.70604873647502
943369,279340,1873201,2152541,6.705810123863392
943385,279340,1873227,2152567,6.705903200400945
943410,279340,1873269,2152609,6.706053554807761
943512,279375,1873503,2152878,6.70605100671141
943513,279375,1873505,2152880,6.706058165548098
943609,279429,1873652,2153081,6.705288284322672
943638,279429,1873652,2153081,6.705288284322672
943999,279549,1873934,2153483,6.703418720868256
944085,279549,1874004,2153553,6.703669124196473
944105,279560,1874033,2153593,6.703509085706109
944138,279587,1874096,2153683,6.70308705340377
944140,279587,1874098,2153685,6.703094206812191
944144,279587,1874103,2153690,6.703112090333241
944229,279641,1874229,2153870,6.7022682653831165
944431,279641,1874323,2153964,6.7026044106550895
944562,279703,1874550,2154253,6.701930261741919
944565,279703,1874559,2154262,6.701962438729653
944591,279727,1874632,2154359,6.7016483928973605
944652,279760,1874717,2154477,6.701161710037175
944685,279765,1874746,2154511,6.701145604346505
944701,279765,1874746,2154511,6.701145604346505
944706,279771,1874762,2154533,6.701059080462235
944733,279791,1874794,2154585,6.700694446926456
944754,279803,1874822,2154625,6.700507142525277
945074,279982,1875302,2155284,6.697937724568008
945104,279990,1875361,2155351,6.697957069895353
945115,280000,1875370,2155370,6.69775
945145,280019,1875411,2155430,6.697441959295619
946126,280091,1875608,2155699,6.6964236623097495
946201,280091,1875775,2155866,6.69701989710487
946371,280153,1876005,2156158,6.696358775383451
946434,280181,1876109,2156290,6.696060760722533
946707,280347,1876538,2156885,6.693626113352381
946729,280347,1876577,2156924,6.693765226665525
946737,280347,1876592,2156939,6.693818731785965
946905,280389,1876878,2157267,6.693836063468966
946936,280408,1876905,2157313,6.693478788051696
946957,280410,1876905,2157315,6.693431047394886
946982,280429,1876936,2157365,6.693088090033484
947076,280429,1877088,2157517,6.693630116714035
947665,280462,1877644,2158106,6.69482496737526
947689,280475,1877661,2158136,6.694575274088599
947966,280580,1877934,2158514,6.693042982393613
947985,280581,1877974,2158555,6.693161689494299
948019,280581,1878013,2158594,6.693300686789198
948040,280583,1878013,2158596,6.693252976837513
948100,280583,1878055,2158638,6.693402665165031
948107,280587,1878059,2158646,6.6933215009961256
948148,280600,1878097,2158697,6.693146828225232
949571,280600,1881269,2161869,6.704451176051319
949607,280618,1881313,2161931,6.704177921587354
949650,280629,1881360,2161989,6.704082614412623
949653,280631,1881363,2161994,6.704045525975391
949744,280692,1881604,2162296,6.703447194790019
949763,280705,1881638,2162343,6.703257868580894
949948,280755,1882109,2162864,6.703741696496945
950006,280769,1882162,2162931,6.7035961947365985
950030,280775,1882221,2162996,6.703663075416259
950067,280786,1882260,2163046,6.703539350252505
950439,280962,1882681,2163643,6.700838547561592
950459,280962,1882702,2163664,6.700913290765299
950478,280968,1882722,2163690,6.700841376953959
950489,280980,1882736,2163716,6.700605025268702
950500,280980,1882748,2163728,6.700647732934728
950536,280982,1882795,2163777,6.700767308937939
950645,281004,1882856,2163860,6.7004597799319585
950649,281004,1882865,2163869,6.700491807945794
950773,281040,1883032,2164072,6.700227725590663
950780,281044,1883034,2164078,6.700139479939084
950846,281107,1883182,2164289,6.699164375131178
951136,281163,1883328,2164491,6.698349356067477
951177,281192,1883391,2164583,6.697882585564312
951214,281208,1883417,2164625,6.697593951807915
951284,281221,1883499,2164720,6.697575927829003
951380,281251,1883607,2164858,6.697245520904815
951489,281285,1883712,2164997,6.696809285955526
951528,281293,1883807,2165100,6.696956554197936
952463,281293,1885227,2166520,6.702004671285812
952475,281295,1885230,2166525,6.701967685170373
952573,281316,1885365,2166681,6.701947276372478
952617,281339,1885482,2166821,6.701815247797142
952654,281350,1885523,2166873,6.701698951483917
952728,281373,1885637,2167010,6.701556297157154
952839,281373,1885901,2167274,6.70249455349305
952892,281387,1885946,2167333,6.702321002747106
953135,281387,1886360,2167747,6.703792286068653
953222,281454,1886557,2168011,6.702896388042095
953229,281454,1886557,2168011,6.702896388042095
953444,281550,1886937,2168487,6.701960575386255
953502,281561,1886971,2168532,6.701819499149385
953522,281561,1886992,2168553,6.701894083342508
953596,281598,1887087,2168685,6.701350861866917
953709,281598,1887087,2168685,6.701350861866917
953770,281625,1887168,2168793,6.700996005326232
953841,281648,1887293,2168941,6.700892603533489
953880,281687,1887370,2169057,6.700238207656016
953920,281693,1887416,2169109,6.7002587923732575
953929,281694,1887433,2169127,6.700295355953624
953948,281704,1887453,2169157,6.700128503677619
953989,281705,1887605,2169310,6.700644291013649
954028,281734,1887692,2169426,6.700263368993448
954246,281792,1887813,2169605,6.699313678173972
954266,281799,1887835,2169634,6.699225334369533
954526,281969,1888356,2170325,6.697034071121293
954527,281969,1888358,2170327,6.697041164099599
954691,281969,1888643,2170612,6.698051913508222
954791,282061,1888907,2170968,6.696803173781558
954851,282096,1888977,2171073,6.696220435596393
954872,282103,1888995,2171098,6.6961180845294095
954889,282111,1889014,2171125,6.695995547851732
954940,282111,1889130,2171241,6.696406733519785
954965,282111,1889172,2171283,6.696555611089252
954983,282121,1889182,2171303,6.69635369221008
955017,282140,1889225,2171365,6.696055149925569
955054,282140,1889293,2171433,6.696296165024456
955124,282161,1889368,2171529,6.696063594897948
955182,282199,1889449,2171648,6.695448956233013
955225,282199,1889498,2171697,6.6956225925676565
955331,282266,1889806,2172072,6.695124457072406
955780,282266,1890347,2172613,6.697041088901957
955789,282268,1890363,2172631,6.697050320971559
956185,282278,1891432,2173710,6.70060011761455
956230,282310,1891528,2173838,6.700180652474231
956366,282355,1891713,2174068,6.699768022524836
956372,282355,1891713,2174068,6.699768022524836
956427,282388,1891796,2174184,6.699279006190065
956450,282402,1891825,2174227,6.6990495818018285
956485,282402,1891891,2174293,6.6992832911948215
956538,282447,1891991,2174438,6.698569997203015
956566,282458,1892026,2174484,6.698433041372523
956614,282468,1892133,2174601,6.698574705807384
956615,282468,1892135,2174603,6.698581786255434
956634,282477,1892157,2174634,6.698446245181024
956734,282477,1892498,2174975,6.699653423110554
956775,282477,1892521,2174998,6.699734845668851
956813,282501,1892570,2175071,6.699339117383655
956839,282509,1892664,2175173,6.6994821403919875
956893,282560,1892786,2175346,6.69870469988675
956970,282563,1892939,2175502,6.699175051227514
956975,282563,1892950,2175513,6.6992139805990165
957032,282595,1893096,2175691,6.6989720271059285
957111,282595,1893389,2175984,6.700008846582565
957183,282626,1893502,2176128,6.6996737738212335
957667,282626,1894334,2176960,6.7026175935688865
957702,282638,1894431,2177069,6.702676214804804
957718,282638,1894457,2177095,6.7027682052661
957895,282694,1894715,2177409,6.702353074348943
958177,282694,1895042,2177736,6.703509802118192
958179,282698,1895048,2177746,6.703436175706938
958212,282711,1895086,2177797,6.703262342109079
958550,282842,1895426,2178268,6.701359769765452
958573,282850,1895444,2178294,6.70123386954216
959132,282850,1897027,2179877,6.706830475517059
959202,282878,1897172,2180050,6.706679204462701
959256,282889,1897300,2180189,6.706870892823687
959307,282889,1897326,2180215,6.706962801664257
959382,282920,1897413,2180333,6.70653541637212
959415,282956,1897465,2180421,6.705865929685181
959425,282956,1897481,2180437,6.705922475579242
959533,282981,1897563,2180544,6.705619811930837
959564,282991,1897608,2180599,6.705541872356365
959653,283045,1897752,2180797,6.704771326114222
959667,283054,1897768,2180822,6.704614667165982
959671,283054,1897785,2180839,6.704674726377299
959697,283066,1897810,2180876,6.704478814128154
959710,283073,1897840,2180913,6.704419001458987
959834,283127,1897994,2181121,6.703684212385254
959966,283175,1898190,2181365,6.703240045908007
960031,283175,1898311,2181486,6.703667343515494
961864,283785,1900191,2183976,6.6958824462180875
961879,283798,1900234,2184032,6.695727242616227
961891,283800,1900248,2184048,6.695729386892178
961955,283829,1900352,2184181,6.69541167393043
961986,283833,1900372,2184205,6.69538778084296
961996,283847,1900406,2184253,6.695177331449689
962014,283850,1900410,2184260,6.695120662321648
962185,283905,1900592,2184497,6.694464697698174
962203,283915,1900609,2184524,6.694288783614814
962214,283921,1900640,2184561,6.694256500928075
962303,283923,1900901,2184824,6.6951286088129525
962333,283940,1900955,2184895,6.694917940409946
962528,284055,1901352,2185407,6.693605111686117
962609,284102,1901499,2185601,6.69301518468719
962650,284111,1901551,2185662,6.692986192016501
962751,284172,1901713,2185885,6.6921195613923965
962832,284229,1901880,2186109,6.691365061271018
962846,284229,1901880,2186109,6.691365061271018
962869,284229,1901963,2186192,6.69165707932688
962901,284237,1901985,2186222,6.69154613931332
963329,284237,1902893,2187130,6.694740656564768
963662,284237,1903642,2187879,6.697375781478133
963702,284237,1903742,2187979,6.6977276005586885
963715,284250,1903778,2188028,6.6975479331574315
964125,284250,1904436,2188686,6.699862796833773
964141,284250,1904462,2188712,6.699954265611257
964193,284254,1904542,2188796,6.700141422811992
966506,284608,1907856,2192464,6.70345176523499
966563,284653,1907969,2192622,6.702789009776816
966564,284653,1907971,2192624,6.7027960358752585
966610,284667,1908065,2192732,6.702796600940748
967897,285167,1910775,2195942,6.700547398541907
967919,285171,1910779,2195950,6.700467438834945
967930,285171,1910789,2195960,6.700502505514235
968928,285654,1911915,2197569,6.693114747211662
968937,285656,1911931,2197587,6.693123897275044
969095,285703,1912007,2197710,6.692288845409394
969114,285714,1912038,2197752,6.692139692139692
969145,285734,1912108,2197842,6.691916257778213
969157,285742,1912115,2197857,6.6917533999202075
969204,285759,1912181,2197940,6.691586266749254
969369,285768,1913121,2198889,6.694664902998237
969576,285807,1913688,2199495,6.695735233916594
969606,285807,1913718,2199525,6.695840199855147
969819,285884,1914127,2200011,6.695467392368933
969853,285893,1914175,2200068,6.695424511967764
969872,285902,1914201,2200103,6.695304684822072
970394,285908,1914214,2200122,6.695209647858752
970412,285908,1914245,2200153,6.695318074345594
970512,285908,1914306,2200214,6.69553142969067
970539,285926,1914340,2200266,6.695228835432944
970652,285993,1914606,2200599,6.694590427038424
970684,286000,1914687,2200687,6.6947097902097905
970702,286008,1914701,2200709,6.694571480518028
970805,286089,1914991,2201080,6.69368972592445
970820,286095,1915017,2201112,6.693640224400986
970886,286131,1915090,2201221,6.693053181934149
970920,286146,1915124,2201270,6.6928211472465104
971013,286146,1915276,2201422,6.693352344607298
971017,286148,1915284,2201432,6.693333519717069
971022,286148,1915306,2201454,6.693410403008233
971087,286187,1915425,2201612,6.692914073665121
971105,286194,1915467,2201661,6.6928971257259064
971108,286195,1915470,2201665,6.692884222295987
971120,286202,1915477,2201679,6.69274498431178
971166,286202,1915596,2201798,6.69316077455783
971194,286226,1915623,2201849,6.692693885251514
971207,286230,1915642,2201872,6.692666736540544
971257,286249,1915734,2201983,6.692543904083507
971258,286249,1915736,2201985,6.692550891007479
971327,286261,1915773,2202034,6.692399593378071
971346,286269,1915795,2202064,6.692289420090893
971362,286275,1915829,2202104,6.69226792419876
971396,286275,1915895,2202170,6.692498471749192
971397,286275,1915895,2202170,6.692498471749192
971406,286275,1915906,2202181,6.692536896340931
971433,286284,1915956,2202240,6.692501152701513
971442,286286,1915981,2202267,6.692541724010256
971467,286297,1916011,2202308,6.692389371876059
971491,286303,1916034,2202337,6.6923294551576475
971516,286313,1916062,2202375,6.692193508502932
971541,286317,1916127,2202444,6.692327036117311
971557,286317,1916153,2202470,6.692417844556907
971656,286337,1916190,2202527,6.69207961248459
971679,286353,1916207,2202560,6.691765059210136
971701,286370,1916255,2202625,6.691535426196878
971890,286421,1916492,2202913,6.6911713875728385
971964,286444,1916648,2203092,6.691178729524793
972059,286524,1916818,2203342,6.689903812595105
972065,286530,1916822,2203352,6.689777684710153
972074,286532,1916829,2203361,6.6897554199879945
972164,286590,1917028,2203618,6.689095921002129
972207,286611,1917099,2203710,6.688853533186095
972659,286619,1917922,2204541,6.691538244149899
972680,286628,1917959,2204587,6.691457219811045
972745,286633,1918022,2204655,6.691560287894276
972754,286635,1918039,2204674,6.691572906309418
972800,286635,1918182,2204817,6.692071798628918
972897,286652,1918492,2205144,6.692756373581904
973016,286652,1918749,2205401,6.693652931080194
973105,286712,1918861,2205573,6.692642791372527
973329,286773,1919044,2205817,6.691857322690769
973611,286773,1919320,2206093,6.692819756392687
973641,286774,1919374,2206148,6.692984719674726
973677,286795,1919430,2206225,6.692689900451542
973764,286826,1919554,2206380,6.692398875973587
973814,286856,1919655,2206511,6.692051063948462
974095,286856,1920016,2206872,6.693309535097749
974127,286867,1920078,2206945,6.693269006194508
974255,286939,1920265,2207204,6.692241208061644
974351,286954,1920454,2207408,6.692550025439617
974395,286957,1920570,2207527,6.692884299738289
974417,286964,1920610,2207574,6.692860428485803
974426,286966,1920632,2207598,6.692890446951903
974763,287032,1920975,2208007,6.692546475654282
974777,287038,1921003,2208041,6.692504128373247
974823,287056,1921081,2208137,6.692356195306839
974864,287065,1921131,2208196,6.692320554578232
974916,287087,1921222,2208309,6.69212468694159
974926,287087,1921238,2208325,6.6921804191760685
974935,287091,1921259,2208350,6.692160325471715
975988,287091,1922964,2210055,6.698099208961619
976006,287099,1923005,2210104,6.698055374626871
976054,287136,1923105,2210241,6.697540538281511
976134,287136,1923199,2210335,6.6978679092834055
976155,287143,1923205,2210348,6.69772552351964
976203,287156,1923295,2210451,6.697735725528981
977448,287164,1925307,2212471,6.704555584961903
977468,287172,1925329,2212501,6.704445419469865
977502,287190,1925352,2212542,6.704105296145409
977555,287190,1925430,2212620,6.704376893345868
977749,287269,1925807,2213076,6.703845524578009
978913,287292,1927661,2214953,6.709762193169319
979159,287498,1928742,2216240,6.708714495405186
979205,287513,1928803,2216316,6.708576655664266
979244,287538,1928861,2216399,6.708195090735833
979319,287548,1929015,2216563,6.708497363918372
979425,287608,1929158,2216766,6.7075950599427
979478,287639,1929224,2216863,6.707101610004207
979501,287650,1929247,2216897,6.706925082565618
979749,287803,1929654,2217457,6.704773751489734
980339,288138,1930760,2218898,6.700816969646489
980365,288145,1930865,2219010,6.701018584393275
980425,288171,1930933,2219104,6.700649961307696
980431,288179,1930939,2219118,6.700484768147575
980511,288205,1931002,2219207,6.700098887944345
980714,288339,1931342,2219681,6.698164313533723
981613,288794,1932880,2221674,6.69293683386774
981793,288912,1933286,2222198,6.6916085174724484
981990,288975,1933422,2222397,6.690620295873345
982010,288979,1933431,2222410,6.690558829534326
982064,289014,1933511,2222525,6.690025396693586
982182,289069,1933672,2222741,6.689309472824827
982268,289108,1933898,2223006,6.6891888152524315
982332,289119,1934017,2223136,6.689345909469803
982369,289129,1934121,2223250,6.689474248518827
982384,289135,1934150,2223285,6.689435730714027
982482,289135,1934440,2223575,6.690438722396112
982496,289135,1934466,2223601,6.6905286457883
982512,289141,1934504,2223645,6.690521233584998
982532,289141,1934519,2223660,6.690573111388561
982545,289141,1934545,2223686,6.690663032914737
982597,289141,1934672,2223813,6.691102264984903
982642,289153,1934717,2223870,6.690980207710105
982748,289193,1934862,2224055,6.690556133793003
982774,289193,1934888,2224081,6.690646039150325
982808,289221,1934928,2224149,6.690136608337569
982820,289227,1934943,2224170,6.690049684158118
982848,289241,1935007,2224248,6.689947137508168
982888,289241,1935049,2224290,6.690092345137792
985326,290687,1940098,2230785,6.674182195970236
985386,290709,1940196,2230905,6.674014220405973
985483,290732,1940237,2230969,6.673627258093364
985557,290746,1940277,2231023,6.673443486754762
985584,290746,1940327,2231073,6.673615458166235
985625,290783,1940396,2231179,6.673003579989201
987222,290844,1943486,2234330,6.682228273576213
987252,290844,1943516,2234360,6.682331421655595
987322,290844,1943644,2234488,6.682771520127629
987479,290847,1943840,2234687,6.683376483168126
987568,290859,1944014,2234873,6.683698974417157
987628,290888,1944112,2235000,6.683369544291961
987632,290889,1944115,2235004,6.683356881834651
987659,290899,1944161,2235060,6.683285263957593
987717,290911,1944249,2235160,6.683312078264486
987965,291082,1944711,2235793,6.680973059137975
988032,291127,1944832,2235959,6.680355995836869
988241,291200,1945120,2236320,6.67967032967033
988540,291313,1945587,2236900,6.678682379433805
988663,291409,1945804,2237213,6.677226852979833
988699,291413,1945917,2237330,6.6775229656878725
988707,291413,1945936,2237349,6.677588165250006
988785,291454,1946104,2237558,6.677225222505095
988791,291458,1946106,2237564,6.677140445621667
988937,291458,1946305,2237763,6.677823219812117
989195,291582,1946748,2238330,6.676502664773546
989239,291594,1946923,2238517,6.676828055446957
989255,291605,1946940,2238545,6.676634488434698
989344,291605,1947086,2238691,6.6771351657207525
989672,291778,1947518,2239296,6.674656759591196
989754,291798,1947674,2239472,6.674733891253538
989787,291806,1947723,2239529,6.67471882003797
989857,291854,1947856,2239710,6.674076764409602
989918,291915,1947957,2239872,6.6730281074970454
990004,291976,1948065,2240041,6.672003863331232
990029,291980,1948091,2240071,6.672001506952531
990067,291997,1948169,2240166,6.671880190549903
990096,292009,1948187,2240196,6.6716676540791555
990151,292034,1948258,2240292,6.6713396385352395
990152,292034,1948260,2240294,6.671346487052878
990421,292044,1948773,2240817,6.672874635328923
990951,292044,1950589,2242633,6.679092876415883
990966,292053,1950598,2242651,6.678917867647311
991033,292075,1950675,2242750,6.678678421638278
991108,292075,1950842,2242917,6.679250192587521
991189,292097,1951006,2243103,6.679308585846482
991205,292097,1951032,2243129,6.679397597373475
991354,292161,1951236,2243397,6.6786326717118305
991416,292199,1951297,2243496,6.677972888339796
991450,292199,1951315,2243514,6.678034490193327
991494,292202,1951388,2243590,6.678215754854518
991496,292202,1951393,2243595,6.678232866304817
991523,292206,1951428,2243634,6.678261226668857
991639,292206,1951553,2243759,6.678689007070354
991678,292225,1951623,2243848,6.6784943108905805
991691,292230,1951641,2243871,6.678441638435479
991841,292264,1951951,2244215,6.67872539895437
992036,292269,1952321,2244590,6.679877099521331
992301,292362,1952814,2245176,6.679438504319987
992387,292384,1953030,2245414,6.679674674400788
992448,292384,1953113,2245497,6.679958547663347
992696,292489,1953350,2245839,6.678370810526208
993040,292751,1954100,2246851,6.674955849851922
993064,292751,1954148,2246899,6.675119811717125
993096,292755,1954187,2246942,6.675161824733992
993260,292839,1954688,2247527,6.674957912026745
993285,292854,1954730,2247584,6.6747594364427325
993337,292871,1954860,2247731,6.674815874565935
993644,292877,1955600,2248477,6.677205789461105
993719,292894,1955755,2248649,6.677347436273874
994421,292930,1956548,2249478,6.67923394667668
994564,293025,1956770,2249795,6.677826124050849
994643,293025,1956952,2249977,6.678447231464892
994681,293052,1957021,2250073,6.67806737370842
994700,293052,1957046,2250098,6.678152682800322
994714,293052,1957072,2250124,6.6782414042559
994748,293064,1957105,2250169,6.678080555783037
994755,293064,1957105,2250169,6.678080555783037
994799,293075,1957190,2250265,6.678119935170178
994821,293081,1957208,2250289,6.6780446361244845
994858,293088,1957263,2250351,6.678072797248608
994905,293119,1957328,2250447,6.677588283256971
994905,293137,1957489,2250626,6.67772747896035
994917,293141,1957500,2250641,6.6776738838988745
995029,293170,1957903,2251073,6.678387966026538
995131,293187,1957937,2251124,6.67811669685218
995416,293192,1958132,2251324,6.678667903626293
995557,293267,1958424,2251691,6.6779555831375506
995600,293303,1958483,2251786,6.677337088267082
995711,293303,1958699,2252002,6.6780735280580155
995715,293303,1958703,2252006,6.678087165831921
995747,293318,1958738,2252056,6.6778649793057365
995932,293327,1959803,2253130,6.681290846052358
995941,293327,1959829,2253156,6.681379484329775
995994,293340,1959894,2253234,6.681304970341583
996074,293368,1959941,2253309,6.6808274931144505
996101,293382,1959974,2253356,6.680621169669577
996191,293384,1960238,2253622,6.6814754724184
996199,293385,1960250,2253635,6.681493600558992
996215,293385,1960276,2253661,6.681582221313292
996260,293407,1960431,2253838,6.681609504885705
996272,293418,1960444,2253862,6.681403322222904
996358,293452,1960493,2253945,6.680796177909846
996358,293479,1960571,2254050,6.6804473233178525
996497,293597,1960732,2254329,6.6783107456820066
996616,293597,1960989,2254586,6.679186095225768
996632,293597,1961015,2254612,6.679274651988951
996684,293609,1961155,2254764,6.67947849010078
996687,293612,1961170,2254782,6.679461329918396
996998,293646,1961479,2255125,6.6797402314351295
997023,293653,1961508,2255161,6.679679758081818
997055,293653,1961539,2255192,6.679785324856208
997230,293702,1961714,2255416,6.679266739756624
997503,293769,1961850,2255619,6.678206345802314
997561,293780,1961999,2255779,6.678463476070529
997632,293809,1962138,2255947,6.678277384287071
997634,293809,1962148,2255957,6.678311420004152
998264,293867,1962971,2256838,6.679793920378947
998291,293877,1963056,2256933,6.679855858063068
998328,293877,1963124,2257001,6.680087247385811
998389,293905,1963208,2257113,6.679736649597659
998463,293930,1963381,2257311,6.679757085020243
998735,294016,1963726,2257742,6.678976654331737
998931,294016,1963998,2258014,6.679901774053112
998945,294016,1964024,2258040,6.679990204614715
998964,294027,1964058,2258085,6.6798559315981185
999287,294030,1964459,2258489,6.681151583171785
999307,294030,1964480,2258510,6.681223004455328
999314,294037,1964495,2258532,6.681114961722504
999355,294058,1964551,2258609,6.6808282719735566
999374,294064,1964578,2258642,6.6807837749605525
999405,294067,1964595,2258662,6.680773429184506
999407,294068,1964599,2258667,6.680764313016037
1000254,294369,1965972,2260341,6.678597270772398
1000295,294381,1966070,2260451,6.678657929689756
1000389,294416,1966223,2260639,6.678383647627847
1000409,294429,1966253,2260682,6.678190667359533
1000482,294472,1966340,2260812,6.6775109348257216
1000770,294472,1966907,2261379,6.679436415007199
1000780,294480,1966914,2261394,6.679278728606357
1000871,294499,1967029,2261528,6.679238299620712
1000904,294499,1967060,2261559,6.679343563136038
1000908,294506,1967068,2261574,6.67921196851677
1000936,294526,1967130,2261656,6.678968919552094
1000964,294535,1967164,2261699,6.678880268898433
1001119,294640,1967401,2262041,6.677304507195221
1001289,294729,1967666,2262395,6.676187277125766
1001323,294742,1967740,2262482,6.676143881767783
1001377,294781,1967843,2262624,6.675610029140277
1001422,294801,1967912,2262713,6.675391196094993
1001455,294812,1967981,2262793,6.6753761719333
1001996,295147,1969435,2264582,6.67272579426523
1002241,295293,1969711,2265004,6.670361302164291
1002275,295304,1969726,2265030,6.670163627990139
1002392,295316,1969787,2265103,6.6700991480312615
1002408,295316,1969813,2265129,6.670187189315851
1002462,295347,1969919,2265266,6.6698459777820664
1002498,295366,1969985,2265351,6.669640378378013
1002668,295440,1970156,2265596,6.668548605469808
1002695,295440,1970195,2265635,6.668680611968589
1002697,295441,1970196,2265637,6.668661424785321
1002726,295448,1970246,2265694,6.668672659825079
1002908,295494,1970507,2266001,6.668517804084009
1002973,295494,1970697,2266191,6.669160795143049
1003069,295568,1971039,2266607,6.668648162182645
1003186,295591,1971286,2266877,6.668964887293591
1003188,295591,1971291,2266882,6.668981802558265
1003219,295601,1971317,2266918,6.668844151406795
1003269,295613,1971399,2267012,6.668850828617145
1003310,295613,1971478,2267091,6.6691180699089685
1003766,295811,1971980,2267791,6.666351149889626
1003932,295864,1972297,2268161,6.6662284022388665
1003949,295875,1972316,2268191,6.66604478242501
1003969,295894,1972344,2268238,6.665711369612091
1004012,295914,1972445,2268359,6.665602168197517
1004075,295961,1972580,2268541,6.664999780376468
1006126,296914,1974887,2271801,6.651377166452239
1006155,296926,1974949,2271875,6.651317163198912
1006173,296932,1974982,2271914,6.651293898939825
1006222,296959,1975081,2272040,6.65102253172997
1006255,296966,1975124,2272090,6.651010553396685
1006281,296985,1975154,2272139,6.650686061585602
1006388,297027,1975255,2272282,6.6500856824463765
1006477,297068,1975361,2272429,6.649524687950233
1006554,297073,1975529,2272602,6.649978288164862
1006573,297091,1975566,2272657,6.649699923592435
1006761,297148,1975890,2273038,6.64951471993754
1007261,297205,1976669,2273874,6.650860517151461
1007308,297205,1976763,2273968,6.651176797160209
1007416,297205,1977320,2274525,6.65305092444609
1007463,297230,1977437,2274667,6.652884971234398
1007483,297230,1977461,2274691,6.652965716784982
1007790,297405,1977795,2275200,6.6501740051445
1007795,297407,1977799,2275206,6.650142733694903
1007861,297453,1977914,2275367,6.649500929558619
1007972,297453,1977952,2275405,6.649628680833611
1008004,297466,1977986,2275452,6.649452374389006
1008621,297563,1978488,2276051,6.648971814372082
1008623,297565,1978500,2276065,6.648967452489372
1010344,298224,1980377,2278601,6.640568834164923
1010382,298233,1980415,2278648,6.64049585391288
1010503,298288,1980641,2278929,6.640029099393875
1010522,298302,1980676,2278978,6.639834798291664
1010560,298317,1980697,2279014,6.639571328486141
1010590,298328,1980834,2279162,6.639785739186399
1010614,298339,1980878,2279217,6.639688408153141
1010744,298397,1981059,2279456,6.639004413583247
1010759,298412,1981071,2279483,6.638710909748938
1010869,298424,1981296,2279720,6.639197919738359
1010889,298428,1981325,2279753,6.639206106665594
1010891,298428,1981330,2279758,6.639222861125631
1011111,298519,1981544,2280063,6.637915844552608
1011254,298530,1981811,2280341,6.638565638294309
1011277,298536,1981847,2280383,6.638552804351904
1011299,298548,1981873,2280421,6.638373058938596
1011379,298600,1982110,2280710,6.6380107166778295
1011410,298612,1982148,2280760,6.637871217499631
1011513,298648,1982355,2281003,6.637764190619056
1011773,298648,1982673,2281321,6.638828989311832
1011776,298654,1982682,2281336,6.638725749529556
1011789,298663,1982703,2281366,6.638596009549224
1011938,298800,1982985,2281785,6.636495983935743
1011956,298807,1983018,2281825,6.63645095329092
1011982,298820,1983042,2281862,6.636242554045914
1011986,298824,1983058,2281882,6.6362072658153295
1012070,298852,1983159,2282011,6.6359234671342335
1012145,298884,1983232,2282116,6.635457234244724
1012162,298892,1983246,2282138,6.635326472438205
1012175,298899,1983287,2282186,6.635308247936594
1012328,298899,1983632,2282531,6.636462483982884
1012401,298914,1983846,2282760,6.636845380276601
1012411,298914,1983862,2282776,6.636898907378042
1012656,299021,1984270,2283291,6.635888449306236
1012939,299030,1986015,2285045,6.641524261779755
1012968,299048,1986050,2285098,6.641241539819695
1012976,299053,1986063,2285116,6.641173972506546
1013007,299053,1986104,2285157,6.641311071950457
1013189,299053,1986648,2285701,6.643130147498939
1013653,299065,1987171,2286236,6.644612375236153
1013665,299067,1987204,2286271,6.644678282792819
1013697,299067,1987273,2286340,6.644909000324342
1013705,299070,1987287,2286357,6.644889156384793
1013753,299083,1987313,2286396,6.644687260726956
1013836,299135,1987457,2286592,6.644013572467281
1013846,299140,1987465,2286605,6.6439292638898175
1013863,299146,1987483,2286629,6.643856177251242
1013971,299196,1987626,2286822,6.643223839890908
1014472,299201,1988441,2287642,6.645836745198044
1014480,299201,1988451,2287652,6.6458701675462315
1014505,299204,1988469,2287673,6.6458636916618765
1014550,299221,1988529,2287750,6.645686632956911
1014664,299300,1988764,2288064,6.644717674574006
1014744,299329,1988873,2288202,6.644438059793739
1014885,299427,1989043,2288470,6.642831140812285
1014907,299427,1989078,2288505,6.642948030738711
1014910,299432,1989093,2288525,6.642887199764888
1014948,299445,1989150,2288595,6.6427891599459
1014991,299472,1989180,2288652,6.642290431158839
1015009,299482,1989197,2288679,6.642125403196186
1015125,299535,1989362,2288897,6.641500993206136
1015130,299535,1989362,2288897,6.641500993206136
1015139,299539,1989381,2288920,6.641475734378495
1015149,299543,1989390,2288933,6.641417092036869
1015182,299543,1989456,2288999,6.641637427681501
1015224,299563,1989519,2289082,6.641404312281557
1015248,299563,1989551,2289114,6.641511134552665
1015443,299654,1989880,2289534,6.640592149612553
1015486,299670,1989949,2289619,6.640467847966096
1015510,299677,1989972,2289649,6.640389486013274
1015656,299707,1990291,2289998,6.640789170756772
1015702,299718,1990347,2290065,6.64073228835105
1015806,299745,1990426,2290171,6.640397671353984
1015809,299745,1990435,2290180,6.640427696875678
1015832,299751,1990445,2290196,6.6403281390220545
1015858,299757,1990474,2290231,6.640291969828895
1015912,299773,1990516,2290289,6.640077658761796
1015940,299781,1990555,2290336,6.640030555638949
1016289,299889,1990904,2290793,6.638803023785467
1016345,299889,1990994,2290883,6.639103134826552
1016518,299889,1991134,2291023,6.639569974223797
1016546,299896,1991181,2291077,6.639571718195641
1016580,299918,1991205,2291123,6.639164705019372
1016594,299918,1991231,2291149,6.639251395381404
1016614,299922,1991235,2291157,6.63917618580831
1016662,299926,1991304,2291230,6.639317698365597
1016962,299989,1991463,2291452,6.638453409958365
1017173,300104,1991790,2291894,6.636999173619812
1017184,300106,1991811,2291917,6.637024917862355
1017208,300118,1991838,2291956,6.636849505861028
1017311,300162,1991963,2292125,6.636293068409725
1017455,300166,1992158,2292324,6.636854273968404
1017465,300170,1992167,2292337,6.636795815704434
1017895,300227,1992495,2292722,6.636628284597988
1017934,300227,1992495,2292722,6.636628284597988
1017947,300241,1992540,2292781,6.6364687034748755
1017948,300241,1992542,2292783,6.636475364790285
1018215,300241,1993062,2293303,6.638207306796873
1018218,300241,1993071,2293312,6.638237282716218
1018371,300261,1993342,2293603,6.638697666363597
1018392,300277,1993439,2293716,6.63866696416975
1018558,300320,1993587,2293907,6.638209243473628
1018564,300326,1993594,2293920,6.63809993140787
1018607,300336,1993645,2293981,6.638048718768313
1018737,300372,1994013,2294385,6.638478286924214
1018829,300372,1994159,2294531,6.638964350871586
1019008,300489,1994491,2294980,6.637484234031861
1019101,300489,1994491,2294980,6.637484234031861
1019107,300489,1994502,2294991,6.637520841029122
1019207,300566,1994695,2295261,6.636462540673263
1019239,300567,1994760,2295327,6.636656718801465
1019303,300567,1994934,2295501,6.6372356246693744
1019320,300572,1994962,2295534,6.637218370307281
1019358,300579,1995020,2295599,6.637256761117709
1019371,300580,1995042,2295622,6.637307871448533
1019425,300580,1995152,2295732,6.637673830594185
1019448,300594,1995199,2295793,6.6375210416708255
1019541,300594,1995199,2295793,6.6375210416708255
1019556,300594,1995218,2295812,6.63758424985196
1019589,300594,1995250,2295844,6.637690705735976
1019697,300594,1995393,2295987,6.638166430467674
1019755,300618,1995511,2296129,6.638028993606504
1021461,300618,1998968,2299586,6.64952863767306
1021628,300618,1999261,2299879,6.650503296542456
1021789,300618,1999648,2300266,6.6517906446054464
1021822,300628,1999732,2300360,6.651848796519286
1022158,300710,2000350,2301060,6.652090053539956
1022196,300725,2000389,2301114,6.651887937484413
1022212,300725,2000415,2301140,6.651974395211572
1022242,300730,2000504,2301234,6.652159744621422
1022275,300735,2000533,2301268,6.652145576670491
1022281,300741,2000554,2301295,6.652082689091278
1022378,300780,2000926,2301706,6.652456945275617
1022428,300806,2000984,2301790,6.652074759147092
1022465,300809,2001028,2301837,6.652154689520593
1022489,300809,2001053,2301862,6.652237798736075
1022539,300810,2001135,2301945,6.652488281639573
1022620,300841,2001317,2302158,6.6524077502734
1022734,300902,2001501,2302403,6.651670643598248
1023357,301215,2002497,2303712,6.648065335391664
1023386,301230,2002537,2303767,6.647867078312253
1023459,301283,2002645,2303928,6.647056090121248
1023468,301285,2002660,2303945,6.647061752161575
1023525,301331,2002812,2304143,6.646551466659587
1023588,301337,2003047,2304384,6.647198983198213
1023631,301345,2003114,2304459,6.647244852245765
1023672,301368,2003190,2304558,6.646989726845584
1023721,301385,2003303,2304688,6.646989730743069
1023724,301385,2003312,2304697,6.6470195928795395
1023772,301396,2003374,2304770,6.646982707136127
1023892,301441,2003487,2304928,6.6463652920472
1023929,301448,2003564,2305012,6.64646638889626
1023990,301448,2003685,2305133,6.646867784825243
1024075,301498,2003837,2305335,6.646269626995867
1024215,301568,2004092,2305660,6.645572474533107
1024447,301577,2005491,2307068,6.6500130978158145
1024562,301627,2005765,2307392,6.649819147490112
1024741,301627,2006126,2307753,6.651015989947849
1024784,301648,2006240,2307888,6.650930886331088
1024898,301708,2006477,2308185,6.650393758203296
1024938,301722,2006550,2308272,6.650327122317895
1024990,301745,2006646,2308391,6.650138361861837
1025232,301752,2007127,2308879,6.651578117129298
1025277,301761,2007212,2308973,6.651661414165515
1025327,301761,2007296,2309057,6.651939780157144
1025330,301762,2007299,2309061,6.651927678103936
1025398,301819,2007458,2309277,6.651198234703581
1025485,301855,2007579,2309434,6.65080585049113
1025759,301864,2009262,2311126,6.656182916810219
1025787,301864,2009300,2311164,6.656308801314499
1025851,301902,2009415,2311317,6.65585189896059
1025862,301904,2009437,2311341,6.655880677301393
1025881,301911,2009473,2311384,6.6558455968812
1025963,301942,2009654,2311596,6.655761702578641
1026306,301942,2010782,2312724,6.659497519391142
1026349,301942,2010890,2312832,6.659855203979572
1026371,301956,2010922,2312878,6.6596523996873715
1026471,301980,2011038,2313018,6.659507252135903
1026624,302069,2011230,2313299,6.65818074678302
1026652,302069,2011269,2313338,6.658309856357322
1026665,302069,2011269,2313338,6.658309856357322
1026690,302086,2011348,2313434,6.658196672470753
1026697,302094,2011354,2313448,6.658040212649043
1026784,302173,2011512,2313685,6.656822416297948
1027285,302455,2012567,2315022,6.6541039162850675
1027295,302455,2012582,2315037,6.65415351043957
1027362,302472,2012747,2315219,6.654325028432384
1027374,302477,2012780,2315257,6.654324130429751
1027441,302477,2012932,2315409,6.654826647976541
1027442,302477,2012934,2315411,6.654833260049524
1027572,302478,2013319,2315797,6.656084078842097
1027605,302478,2013394,2315872,6.656332030759262
1027628,302482,2013439,2315921,6.656392777090868
1027782,302608,2013654,2316262,6.654331676624544
1028298,302912,2014583,2317495,6.650720341221213
1028311,302917,2014610,2317527,6.650699696616565
1028430,302963,2015144,2318107,6.651452487597496
1028448,302963,2015154,2318117,6.651485494928424
1028484,302968,2015229,2318197,6.6516232737450816
1028519,302976,2015233,2318209,6.651460841782847
1028547,302983,2015261,2318244,6.651399583474981
1028694,302983,2015517,2318500,6.652244515368849
1028696,302983,2015522,2318505,6.652261017944901
1028723,302983,2015572,2318555,6.652426043705423
1029515,302983,2017505,2320488,6.658805939607173
1029522,302986,2017522,2320508,6.658796115992158
1029615,303063,2017663,2320726,6.657569548245744
1029650,303070,2017744,2320814,6.657683043521299
1029651,303070,2017746,2320816,6.657689642656812
1029660,303070,2017746,2320816,6.657689642656812
1029721,303100,2017839,2320939,6.6573375123721545
1029755,303118,2017905,2321023,6.657159917919754
1029757,303122,2017915,2321037,6.657105060008841
1029791,303161,2017975,2321136,6.656446574592378
1029801,303169,2017996,2321165,6.656340193093621
1030043,303314,2018435,2321749,6.654605458369874
1030044,303314,2018437,2321751,6.654612052196733
1030151,303338,2018583,2321921,6.654566852817649
1030159,303343,2018601,2321944,6.65451650441909
1030171,303349,2018640,2321989,6.654513448206521
1030190,303349,2018687,2322036,6.654668385259223
1030223,303358,2018740,2322098,6.654645666176597
1031003,303358,2020201,2323559,6.65946175805484
1031039,303376,2020274,2323650,6.659307262275196
1031105,303393,2020402,2323795,6.659356016783512
1031138,303402,2020443,2323845,6.6592936104574125
1031252,303479,2020713,2324192,6.658493668425163
1031265,303486,2020738,2324224,6.658422464298188
1031387,303580,2020920,2324500,6.65696027406285
1031422,303602,2020973,2324575,6.656652459469964
1031539,303672,2021206,2324878,6.655885297294449
1031562,303672,2021247,2324919,6.656020311388604
1031590,303687,2021278,2324965,6.655793629625239
1031700,303726,2021944,2325670,6.65713175691248
1031722,303727,2021975,2325702,6.657211904111258
1031745,303727,2022016,2325743,6.657346893756564
1031838,303799,2022273,2326072,6.656615064565716
1031911,303841,2022353,2326194,6.655958214987444
1031919,303841,2022378,2326219,6.65604049486409
1031959,303859,2022435,2326294,6.655833791330847
1031972,303872,2022485,2326357,6.655713589932603
1031981,303874,2022501,2326375,6.655722437589264
1032066,303927,2022636,2326563,6.6550059718287615
1032106,303927,2022636,2326563,6.6550059718287615
1034062,303927,2026297,2330224,6.667051627528979
1034080,303927,2026327,2330254,6.667150335442392
1034101,303934,2026342,2330276,6.667046135016155
1034744,304131,2026846,2330977,6.664384755253493
1034784,304143,2026864,2331007,6.664180993808833
1034833,304154,2026919,2331073,6.664120807222657
1035214,304234,2027482,2331716,6.664218989330581
1035245,304260,2027521,2331781,6.663777690133439
1035276,304290,2027586,2331876,6.663334319234941
1035303,304296,2027621,2331917,6.663317953571522
1035377,304297,2027700,2331997,6.663555670939904
1035617,304450,2028125,2332575,6.661602890458203
1035668,304458,2028146,2332604,6.661496823864047
1035714,304467,2028188,2332655,6.661437856976289
1035741,304475,2028244,2332719,6.661446752606946
1035822,304483,2028385,2332868,6.661734809496753
1035840,304498,2028431,2332929,6.6615577113806985
1035854,304503,2028444,2332947,6.6614910197929085
1035883,304521,2028476,2332997,6.661202347292962
1035949,304577,2028659,2333236,6.66057844157635
1035951,304579,2028659,2333238,6.660534705281717
1035954,304581,2028672,2333253,6.660533651146985
1035957,304582,2028675,2333257,6.660521632926437
1035983,304588,2028721,2333309,6.660541452716457
1036009,304595,2028773,2333368,6.660559103071291
1036036,304600,2028781,2333381,6.660476034143138
1036086,304617,2028827,2333444,6.660255337029779
1036095,304621,2028848,2333469,6.660236818866723
1036098,304621,2028857,2333478,6.6602663637766275
1036169,304621,2028984,2333605,6.6606832752830565
1036274,304651,2029348,2333999,6.661222185385901
1036301,304653,2029422,2334075,6.66142135478725
1037488,304698,2032111,2336809,6.669262679768164
1037529,304738,2032173,2336911,6.6685907238349005
1037554,304742,2032209,2336951,6.668621325580327
1037563,304744,2032232,2336976,6.66865303336571
1037591,304764,2032272,2337036,6.668346655116746
1037609,304770,2032291,2337061,6.668277717623126
1037628,304780,2032323,2337103,6.66816392151716
1037633,304783,2032337,2337120,6.668144220642227
1037756,304783,2032674,2337457,6.669249925356729
1042947,305269,2042948,2348217,6.692287785526863
1042949,305269,2042950,2348219,6.692294337125617
1043072,305325,2043064,2348389,6.691440268566282
1043202,305325,2043303,2348628,6.692223041021862
1043259,305337,2043417,2348754,6.69233338900952
1043362,305398,2043563,2348961,6.691474731334194
1043415,305425,2043622,2349047,6.6910763689940245
1043438,305425,2043637,2349062,6.691125480887289
1043451,305431,2043640,2349071,6.69100386011898
1043472,305437,2043670,2349107,6.690970642063666
1043623,305437,2043993,2349430,6.69202814328323
1043677,305440,2044228,2349668,6.692731796752226
1043733,305480,2044313,2349793,6.692133691240016
1043767,305489,2044368,2349857,6.69211657375552
1043770,305490,2044376,2349866,6.692120855019804
1043782,305511,2044406,2349917,6.691759052865527
1043809,305511,2044460,2349971,6.691935805912062
1043935,305589,2044780,2350369,6.691274882276522
1043956,305593,2044793,2350386,6.6912298383798055
1044154,305593,2045133,2350726,6.692342429309572
1044187,305606,2045164,2350770,6.692159185356308
1044264,305614,2045381,2350995,6.692694051974059
1044273,305614,2045386,2351000,6.692710412481103
1044444,305659,2045785,2351444,6.6930304685940865
1044473,305664,2045794,2351458,6.692950429229481
1044480,305664,2045809,2351473,6.692999502721943
1044562,305726,2045971,2351697,6.692172075649438
1044619,305743,2046042,2351785,6.692032196975892
1044879,305884,2046576,2352460,6.690693203959671
1044914,305897,2046603,2352500,6.690497128118288
1044939,305911,2046631,2352542,6.6902824677765755
1044974,305919,2046687,2352606,6.690290567110902
1045440,305925,2047538,2353463,6.692941080330146
1045635,305978,2047737,2353715,6.692432135643739
1045655,305978,2047758,2353736,6.692500768029074
1045674,305978,2047785,2353763,6.692589009667362
1045680,305981,2047800,2353781,6.692572414627052
1045715,305981,2047949,2353930,6.6930593729676024
1045740,305981,2047949,2353930,6.6930593729676024
1045774,305989,2048020,2354009,6.693116419217684
1045874,306006,2048347,2354353,6.693813193205362
1045907,306011,2048376,2354387,6.693798588939614
1045921,306019,2048405,2354424,6.6937183638924385
1045990,306058,2048509,2354567,6.693205209470101
1046084,306058,2048678,2354736,6.693757392389678
1046091,306066,2048689,2354755,6.693618369894075
1046102,306066,2048699,2354765,6.693651042585586
1046116,306087,2048740,2354827,6.6933257537889554
1046268,306201,2048911,2355112,6.691392255413928
1046288,306212,2048936,2355148,6.691233524486304
1046359,306257,2049087,2355344,6.690743395253007
1046420,306269,2049145,2355414,6.690670619618701
1046460,306269,2049194,2355463,6.690830609692786
1046486,306279,2049224,2355503,6.690710104186053
1046519,306289,2049247,2355536,6.690566752315624
1046554,306312,2049301,2355613,6.690240669644023
1046613,306332,2049426,2355758,6.690211926928953
1046642,306346,2049471,2355817,6.690053077239461
1046661,306354,2049494,2355848,6.689953452541831
1046719,306364,2049543,2355907,6.689895026830829
1046835,306405,2049693,2356098,6.689489401282616
1046944,306474,2049892,2356366,6.688632640941809
1046968,306486,2049927,2356413,6.688484955267125
1046977,306495,2049944,2356439,6.688344018662621
1047077,306503,2050161,2356664,6.688877433499835
1047089,306503,2050182,2356685,6.68894594832677
1047129,306520,2050208,2356728,6.688659793814433
1047292,306520,2050428,2356948,6.689377528383139
1047339,306569,2050536,2357105,6.688660627786893
1047347,306569,2050536,2357105,6.688660627786893
1047463,306582,2050766,2357348,6.689127215557338
1047481,306582,2050776,2357358,6.689159833258312
1048209,306603,2052377,2358980,6.6939234123606095
1048299,306619,2052631,2359250,6.694402499518947
1048533,306755,2053088,2359843,6.692924320711969
1048544,306755,2053100,2359855,6.6929634398787305
1048596,306783,2053184,2359967,6.6926263841216755
1049049,306860,2053342,2360202,6.6914619044515415
1049993,306860,2055425,2362285,6.698250016294075
1050120,306919,2055637,2362556,6.697653126720731
1050343,306994,2055864,2362858,6.696756288396516
1050489,307113,2056257,2363370,6.695441091715427
1050502,307113,2056261,2363374,6.695454116237346
1050784,307113,2056588,2363701,6.696518870904195
1050835,307134,2056698,2363832,6.6964191525523065
1050859,307139,2056706,2363845,6.696336186547459
1050958,307193,2057008,2364201,6.696142164697763
1051098,307193,2057093,2364286,6.696418863711087
1051599,307570,2058037,2365607,6.691280033813441
1051624,307570,2058067,2365637,6.691377572585103
1051678,307589,2058150,2365739,6.691234081842979
1052295,307651,2059001,2366652,6.6926517384958935
1053699,307973,2061730,2369703,6.694515428300533
1053825,307991,2061808,2369799,6.694377433106812
1053843,307991,2061818,2369809,6.694409901588034
1053849,307994,2061828,2369822,6.694377163191491
1053869,307996,2061847,2369843,6.694395381758205
1053925,308013,2061934,2369947,6.694308357114797
1053943,308026,2061974,2370000,6.6941556881561946
1054065,308026,2062161,2370187,6.694762779765345
1054244,308076,2062331,2370407,6.6942280476246125
1054259,308084,2062350,2370434,6.69411589047143
1054343,308121,2062437,2370558,6.693594399602754
1054377,308143,2062483,2370626,6.693265788935657
1054412,308158,2062522,2370680,6.69306654378598
1054440,308166,2062578,2370744,6.693074511789101
1055248,308450,2063653,2372103,6.6903971470254495
1055377,308450,2063840,2372290,6.691003404117361
1055644,308450,2064457,2372907,6.693003728319014
1055667,308462,2064522,2372984,6.6929540753804355
1055776,308546,2064723,2373269,6.69178339696512
1055851,308584,2064899,2373483,6.6915296969382725
1055882,308599,2064962,2373561,6.691408591732313
1055890,308599,2064962,2373561,6.691408591732313
1055998,308607,2065206,2373813,6.692025780361431
1056106,308607,2065422,2374029,6.692725699676287
1056119,308607,2065445,2374052,6.69280022812185
1056217,308623,2065693,2374316,6.693256821429381
1056273,308637,2065768,2374405,6.693196214322975
1056719,308795,2066406,2375201,6.69183762690458
1056774,308814,2066488,2375302,6.691691438859637
1057985,308814,2069276,2378090,6.700719526964451
1058000,308814,2069302,2378116,6.700803720038599
1058006,308815,2069317,2378132,6.700830594368797
1058188,308921,2069686,2378607,6.699725819869805
1058240,308947,2069757,2378704,6.699391805066888
1058283,308974,2069836,2378810,6.69906205700156
1058360,308974,2069953,2378927,6.699440729640682
1059567,309134,2074313,2383447,6.710077183357379
1059634,309134,2074386,2383520,6.710313326906778
1059715,309166,2074467,2383633,6.709880776023237
1059739,309177,2074511,2383688,6.709784363002423
1059760,309196,2074548,2383744,6.709491713993713
1059847,309219,2074646,2383865,6.709309583175678
1059854,309230,2074661,2383891,6.709119425670213
1059958,309230,2074856,2384086,6.7097500242537915
1060021,309254,2074898,2384152,6.7093651173469055
1060027,309254,2074912,2384166,6.709410387577849
1060056,309275,2074955,2384230,6.709093848516693
1060374,309456,2075418,2384874,6.706665891112145
1060382,309460,2075426,2384886,6.706605053964971
1060418,309472,2075472,2384944,6.706493640781718
1060473,309510,2075619,2385129,6.706145197247261
1060524,309531,2075755,2385286,6.706129596066307
1060641,309592,2075906,2385498,6.705296002480685
1060660,309602,2075947,2385549,6.7052118526366105
1060712,309617,2076020,2385637,6.705122780725865
1060721,309619,2076036,2385655,6.7051311450524675
1060768,309645,2076091,2385736,6.704745757238127
1060868,309645,2076192,2385837,6.7050719372184275
1060875,309645,2076192,2385837,6.7050719372184275
1060927,309675,2076317,2385992,6.704826027286671
1060944,309681,2076351,2386032,6.704805913181628
1061226,309681,2076678,2386359,6.705861838472493
1061249,309703,2076711,2386414,6.705492035918283
1061342,309762,2076925,2386687,6.704905701796863
1061409,309800,2077068,2386868,6.704544867656552
1061420,309800,2077078,2386878,6.704577146546159
1061944,309819,2078321,2388140,6.7081780007036365
1061954,309823,2078329,2388152,6.708117215313259
1062128,309843,2078600,2388443,6.7085588507728104
1062171,309854,2078667,2388521,6.708536923841551
1062205,309860,2078699,2388559,6.708510294971923
1062251,309896,2078785,2388681,6.708008493171903
1062273,309902,2078838,2388740,6.708049641499571
1062307,309907,2078856,2388763,6.707999496623181
1062976,309965,2079738,2389703,6.709589792395915
1063214,310066,2079950,2390016,6.708087955467546
1063354,310066,2080315,2390381,6.709265124199364
1063495,310069,2080608,2390677,6.710145161238305
1063525,310085,2080651,2390736,6.709937597755454
1063541,310087,2080675,2390762,6.709971717614734
1063707,310087,2080991,2391078,6.710990786456704
1064888,310090,2082469,2392559,6.7156922183882095
1065931,310097,2084469,2394566,6.721990215964682
1065940,310099,2084485,2394584,6.721998458556784
1066137,310171,2084824,2394995,6.721531026433806
1066182,310182,2084911,2395093,6.721573140930164
1066290,310223,2084985,2395208,6.720923335793929
1066330,310236,2085029,2395265,6.720783532536521
1066345,310248,2085051,2395299,6.720594492148217
1066412,310248,2085124,2395372,6.7208297877826775
1066502,310310,2085303,2395613,6.720063807160582
1066518,310314,2085338,2395652,6.720089973381801
1066599,310327,2085455,2395782,6.720185481766008
1066720,310327,2085630,2395957,6.720749403049042
1067121,310327,2086393,2396720,6.7232080998430686
1067181,310327,2086393,2396720,6.7232080998430686
1067251,310351,2086435,2396786,6.722823512732358
1067281,310365,2086487,2396852,6.722687803070579
1068247,310651,2088449,2399100,6.722814347933855
1068282,310651,2088483,2399134,6.722923795513293
1069121,310651,2090329,2400980,6.728866155267487
1069582,310655,2091529,2402184,6.732642320258808
1069628,310655,2091648,2402303,6.7330253818544685
1069674,310663,2091690,2402353,6.732987191908918
1069731,310700,2091788,2402488,6.732500804634696
1069762,310744,2091914,2402658,6.731952990242772
1069764,310744,2091914,2402658,6.731952990242772
1069963,310844,2092137,2402981,6.730504690455662
1070026,310859,2092247,2403106,6.730533778980181
1070053,310863,2092264,2403127,6.730501860948392
1070107,310866,2092400,2403266,6.730874396042025
1070153,310875,2092508,2403383,6.73102694008846
1070198,310905,2092557,2403462,6.7305350508997925
1070230,310905,2092606,2403511,6.730692655312716
1070270,310911,2092618,2403529,6.730601361804504
1070418,310958,2092953,2403911,6.7306613754912235
1070427,310971,2092971,2403942,6.730437886491023
1070440,310971,2092991,2403962,6.730502201169884
1070479,310971,2093107,2404078,6.730875226307276
1070494,310978,2093143,2404121,6.730839480606345
1070526,310986,2093191,2404177,6.730820680030613
1070590,310994,2093340,2404334,6.731126645530139
1071091,311157,2094477,2405634,6.731254639940609
1071256,311286,2094753,2406039,6.729351785817544
1071448,311298,2094826,2406124,6.729326882922473
1071460,311301,2094843,2406144,6.72931664209238
1071514,311331,2094977,2406308,6.729098612088099
1071737,311331,2095455,2406786,6.730633955500737
1071923,311400,2095757,2407157,6.730112395632627
1071993,311419,2095878,2407297,6.7300903284642235
1072024,311435,2095939,2407374,6.729940437009327
1072046,311442,2095986,2407428,6.7299400851522915
1072091,311489,2096088,2407577,6.729252076317302
1072928,311489,2097797,2409286,6.734738626404143
1073052,311489,2098000,2409489,6.735390334811181
1073076,311493,2098008,2409501,6.735329525864144
1073141,311493,2098129,2409622,6.735717977611054
1073174,311504,2098197,2409701,6.735698417997843
1073221,311513,2098239,2409752,6.735638641084
1073230,311518,2098258,2409776,6.735591522801251
1073248,311518,2098268,2409786,6.735623623675036
1073253,311518,2098268,2409786,6.735623623675036
1073473,311518,2098268,2409786,6.735623623675036
1073486,311518,2098284,2409802,6.735674985073094
1073540,311529,2098327,2409856,6.7355751791968
1073919,311639,2098590,2410229,6.734041631503118
1073931,311642,2098608,2410250,6.734034565302495
1074007,311650,2098733,2410383,6.734262794801861
1074273,311661,2099563,2411224,6.736688260642172
1074278,311663,2099570,2411233,6.736667490205767
1075489,311663,2102358,2414021,6.745613049993102
1075515,311672,2102391,2414063,6.745524140763367
1075576,311717,2102533,2414250,6.745005886749841
1075756,311782,2102813,2414595,6.744497758048893
1075762,311786,2102821,2414607,6.744436889404913
1075798,311789,2102844,2414633,6.744445762999978
1075870,311789,2103031,2414820,6.74504552758436
1075980,311844,2103121,2414965,6.7441445081515115
1076220,311976,2103409,2415385,6.742214144677796
1076235,311978,2103421,2415399,6.742209386559309
1076382,312058,2103606,2415664,6.741073774747002
1076402,312067,2103649,2415716,6.741017153367706
1076412,312067,2103677,2415744,6.7411068776897265
1076494,312110,2103854,2415964,6.74074525007209
1076522,312130,2103889,2416019,6.740425463749079
1076700,312241,2104374,2416615,6.739582566030727
1076738,312253,2104449,2416702,6.73956375118894
1078147,312256,2104456,2416712,6.739521418323427
1078163,312256,2104482,2416738,6.739604683336749
1078223,312293,2104544,2416837,6.7390047167243585
1078263,312327,2104633,2416960,6.738556064637383
1078312,312362,2104702,2417064,6.738021910475666
1078332,312362,2104723,2417085,6.738089140164297
1078370,312365,2104771,2417136,6.738178092936148
1078392,312372,2104792,2417164,6.738094323434879
1078431,312378,2104841,2417219,6.7381217627361725
1078451,312389,2104880,2417269,6.738009340917894
1078492,312400,2104934,2417334,6.737944942381562
1078792,312400,2105477,2417877,6.7396830985915495
1079072,312416,2105924,2418340,6.740768718631569
1079082,312416,2105924,2418340,6.740768718631569
1079111,312418,2105939,2418357,6.740773578987127
1079174,312453,2106028,2418481,6.74030334162258
1079290,312506,2106136,2418642,6.739505801488612
1079320,312519,2106163,2418682,6.73931184983953
1079569,312519,2106499,2419018,6.740386984471344
1079651,312559,2106659,2419218,6.740036281150119
1079685,312568,2106711,2419279,6.740008574134269
1079732,312568,2106805,2419373,6.740309308694428
1079923,312719,2107155,2419874,6.738173887739472
1079953,312731,2107187,2419918,6.738017657347688
1080556,312836,2107613,2420449,6.737117850886727
1080560,312836,2107618,2420454,6.7371338337020035
1080640,312897,2107834,2420731,6.73651073676002
1081056,312914,2108559,2421473,6.738461685958442
1081057,312914,2108561,2421475,6.73846807749094
1081126,312948,2108627,2421575,6.737946879353759
1081157,312956,2108691,2421647,6.737979140837689
1081184,312961,2108699,2421660,6.737897054265548
1081701,313018,2109895,2422913,6.740490962181089
1081738,313046,2109951,2422997,6.740066955016196
1081764,313063,2109998,2423061,6.739851084286549
1081834,313069,2110146,2423215,6.740194653574771
1082504,313256,2111356,2424612,6.740033710447685
1083012,313256,2112258,2425514,6.7429131445207755
1083065,313275,2112332,2425607,6.74274040379858
1083205,313334,2112593,2425927,6.742303739779277
1083295,313365,2112731,2426096,6.742077130502769
1083324,313381,2112755,2426136,6.741809490683864
1083454,313382,2113140,2426522,6.743016510201607
1083637,313382,2113506,2426888,6.74418441391018
1083694,313416,2113567,2426983,6.743647420680501
1083794,313470,2113794,2427264,6.74320987654321
1083906,313525,2113986,2427511,6.7426393429551075
1083931,313536,2114065,2427601,6.742654750969586
1084009,313550,2114096,2427646,6.742452559400415
1084847,313950,2115090,2429040,6.7370281892021024
1084895,313953,2115152,2429105,6.737161294843496
1084908,313956,2115168,2429124,6.737147880594733
1084919,313962,2115203,2429165,6.737130608162771
1084930,313962,2115215,2429177,6.737168829348775
1085208,313962,2115884,2429846,6.739299660468465
1085338,313963,2116269,2430232,6.740504454346532
1085366,313979,2116308,2430287,6.7402851783081035
1085396,314002,2116350,2430352,6.73992522340622
1085416,314004,2116357,2430361,6.739904587202711
1085482,314018,2116495,2430513,6.74004356438166
1085511,314028,2116516,2430544,6.739895805469576
1085696,314123,2116815,2430938,6.738809319916084
1085729,314136,2116888,2431024,6.738762828838465
1085791,314172,2117083,2431255,6.738611333919
1085801,314172,2117115,2431287,6.738713188953821
1085857,314184,2117221,2431405,6.738793191250987
1086000,314240,2117488,2431728,6.738441955193482
1086156,314332,2117834,2432166,6.7375704668948755
1086157,314332,2117834,2432166,6.7375704668948755
1086188,314347,2117878,2432225,6.737388936430124
1086662,314504,2118637,2433141,6.736438964210312
1086710,314526,2118723,2433249,6.736241201045383
1086834,314562,2118842,2433404,6.735848576751165
1086867,314581,2118909,2433490,6.735654728035069
1086879,314590,2118924,2433514,6.735509711052481
1086885,314593,2118936,2433529,6.7354836248740435
1086905,314593,2118957,2433550,6.735550377789716
1087040,314636,2119207,2433843,6.735424426956865
1087150,314636,2119547,2434183,6.736505040745496
1087164,314643,2119567,2434210,6.736418734883662
1087434,314678,2120088,2434766,6.737325138713224
1087443,314680,2120102,2434782,6.7373268081860935
1087446,314680,2120107,2434787,6.737342697343333
1087479,314687,2120155,2434842,6.73734536221706
1087491,314692,2120173,2434865,6.737295514344184
1087719,314698,2120256,2434954,6.737430806678149
1087789,314727,2120359,2435086,6.737137264994741
1087847,314740,2120387,2435127,6.73694795704391
1087870,314743,2120446,2435189,6.73707119777088
1087935,314764,2120497,2435261,6.73678374909456
1088363,314764,2121404,2436168,6.739665273029953
1088377,314771,2121425,2436196,6.739582108898215
1088392,314774,2121447,2436221,6.739587767731769
1088424,314784,2121478,2436262,6.739472145979465
1088426,314785,2121484,2436269,6.739469796845466
1088471,314809,2121558,2436367,6.739191065058495
1088477,314811,2121564,2436375,6.739167309909756
1088525,314814,2121630,2436444,6.739312737044731
1088623,314864,2121760,2436624,6.738655419482697
1088699,314895,2121989,2436884,6.738719255624891
1088785,314955,2122120,2437075,6.737851439094474
1089635,315052,2123379,2438431,6.739773116818811
1090082,315173,2124297,2439470,6.740098295221989
1090229,315220,2124539,2439759,6.739861049425798
1090247,315230,2124553,2439783,6.7396916537131615
1090297,315259,2124636,2439895,6.739334959509483
1090344,315284,2124707,2439991,6.73902576724477
1090360,315284,2124714,2439998,6.739047969449766
1090479,315303,2124759,2440062,6.738784597672715
1090528,315342,2124850,2440192,6.7382397523958115
1090627,315361,2125054,2440415,6.7384806618446795
1090666,315392,2125135,2440527,6.7380751572646105
1090703,315392,2125183,2440575,6.7382273488230515
1090723,315430,2125240,2440670,6.73759629711822
1090749,315430,2125279,2440709,6.7377199378626
1090811,315450,2125338,2440788,6.737479790775083
1091058,315612,2125998,2441610,6.7361126953347785
1091085,315623,2126014,2441637,6.735928623706131
1091134,315635,2126097,2441732,6.735935495113026
1091143,315643,2126124,2441767,6.735850311903004
1091172,315661,2126158,2441819,6.735573922657535
1091336,315762,2126415,2442177,6.734233378303912
1091339,315762,2126424,2442186,6.734261880783628
1091393,315762,2126489,2442251,6.73446773202602
1092956,315919,2128176,2444095,6.7364609282759185
1092994,315943,2128262,2444205,6.736221407025951
1093307,315943,2129048,2444991,6.738709197545127
1093343,315945,2129087,2445032,6.738789979268543
1093356,315957,2129102,2445059,6.738581515839181
1093381,315958,2129160,2445118,6.738743757081638
1093510,315959,2129542,2445501,6.739931446801642
1093517,315959,2129562,2445521,6.739994746153773
1093740,315959,2130040,2445999,6.741507600669707
1093784,315977,2130126,2446103,6.741395734499663
1094670,316003,2133882,2449885,6.75272703107249
1094681,316003,2133892,2449895,6.7527586763416805
1094766,316022,2134017,2450039,6.752748226389302
1094780,316022,2134050,2450072,6.7528526494990855
1094833,316054,2134273,2450327,6.752874508786473
1094862,316069,2134343,2450412,6.752775501551876
1095005,316082,2134488,2450570,6.7529565112850465
1095008,316083,2134491,2450574,6.7529446379590174
1095013,316090,2134518,2450608,6.752880508715872
1095033,316099,2134560,2450659,6.75282110984217
1095153,316138,2134644,2450782,6.752253762597347
1095164,316142,2134651,2450793,6.75219047137046
1095231,316197,2134787,2450984,6.751446092151412
1096420,316372,2136603,2452975,6.753451632887866
1096443,316385,2136626,2453011,6.753246835343016
1096458,316389,2136656,2453045,6.753256276292792
1096470,316395,2136693,2453088,6.753245152420234
1096663,316499,2136989,2453488,6.751961301615487
1096949,316660,2137422,2454082,6.7498957872797325
1097058,316666,2137661,2454327,6.7505226326792265
1097188,316666,2138047,2454713,6.7517415826138585
1097343,316813,2138426,2455239,6.749805090068905
1097674,316816,2138759,2455575,6.750792257966769
1097725,316816,2138875,2455691,6.751158401090854
1097805,316861,2138989,2455850,6.750559393551115
1097843,316861,2139099,2455960,6.750906548928395
1097868,316880,2139136,2456016,6.750618530674072
1097964,316920,2139231,2456151,6.75006626277925
1098030,316932,2139279,2456211,6.749962136988376
1098297,316932,2140068,2457000,6.752451630002651
1098331,316932,2140091,2457023,6.752524200774929
1098364,316954,2140133,2457087,6.752188014664589
1098469,317006,2140324,2457330,6.751682933446054
1098470,317006,2140326,2457332,6.751689242474906
1098493,317012,2140365,2457377,6.751684478820991
1098498,317012,2140370,2457382,6.751700251094595
1098513,317024,2140444,2457468,6.751678106389422
1098702,317058,2140787,2457845,6.752035905102536
1098726,317069,2140831,2457900,6.751940429370263
1099724,317081,2142023,2459104,6.755444192493401
1099758,317081,2142087,2459168,6.755646033663322
1099781,317092,2142113,2459205,6.755493673760297
1099794,317092,2142136,2459228,6.7555662079144225
1099895,317137,2142348,2459485,6.755276110955203
1099922,317137,2142379,2459516,6.755373860508235
1100112,317220,2142674,2459894,6.754536283966963
1100231,317268,2142823,2460091,6.753984013515388
1100288,317344,2142976,2460320,6.752848643743067
1100325,317351,2143052,2460403,6.7529391746047756
1100347,317366,2143090,2460456,6.75273973897645
1100402,317381,2143252,2460633,6.752931019815301
1100411,317387,2143275,2460662,6.75287582667217
1100852,317418,2143645,2461063,6.753381975817376
1100873,317440,2143666,2461106,6.752980090725806
1100927,317440,2143777,2461217,6.753329763104839
1100977,317446,2143819,2461265,6.753334425382585
1101095,317446,2144013,2461459,6.753945552944438
1101203,317487,2144134,2461621,6.753454472151616
1101295,317542,2144249,2461791,6.752646893954186
1101329,317558,2144318,2461876,6.752523948381083
1101336,317562,2144326,2461888,6.752464085753333
1102024,317748,2144967,2462715,6.750528720873144
1102079,317757,2145242,2462999,6.751202963270676
1102115,317767,2145313,2463080,6.751213939773482
1102150,317778,2145355,2463133,6.751112411809502
1102171,317779,2145397,2463176,6.751223334455706
1102192,317781,2145420,2463201,6.751253221558243
1102242,317806,2145470,2463276,6.750879467348005
1102316,317833,2145546,2463379,6.750545097582693
1102387,317863,2145657,2463520,6.750257186272073
1102478,317870,2145698,2463568,6.750237518482399
1102511,317882,2145725,2463607,6.7500676351602165
1102523,317888,2145744,2463632,6.75
1102929,317911,2146880,2464791,6.753084982904021
1102959,317919,2146933,2464852,6.753081759819325
1103027,317954,2147030,2464984,6.752643464148902
1103260,317954,2147357,2465311,6.753671914805286
1103302,317962,2147425,2465387,6.75371585283776
1103783,318088,2147938,2466026,6.752653353788888
1103802,318100,2147992,2466092,6.752568374724929
1103860,318121,2148084,2466205,6.752411818144668
1103971,318183,2148280,2466463,6.751712065069473
1104001,318201,2148351,2466552,6.751553263503258
1104111,318201,2148554,2466755,6.7521912250432905
1104143,318205,2148575,2466780,6.752172341729389
1104233,318277,2148800,2467077,6.751351809901438
1104562,318291,2149130,2467421,6.752091639411733
1104609,318328,2149205,2467533,6.751542434218793
1104683,318348,2149289,2467637,6.7513821352733485
1104701,318351,2149320,2467671,6.751415890008198
1104814,318413,2149495,2467908,6.750650884228973
1104870,318423,2149690,2468113,6.751051274562453
1104935,318454,2149777,2468231,6.750667286327068
1104973,318471,2149821,2468292,6.750445095471801
1105035,318473,2150001,2468474,6.750967899947562
1105351,318480,2150779,2469259,6.753262371263502
1105404,318511,2150900,2469411,6.752984983250186
1105701,318566,2151561,2470127,6.753894012543712
1105711,318566,2151577,2470143,6.753944237614811
1105784,318589,2151688,2470277,6.7538050591828345
1105886,318666,2151927,2470593,6.752923123270133
1105972,318716,2152161,2470877,6.752597924170735
1106003,318722,2152221,2470943,6.75265905710933
1106037,318729,2152276,2471005,6.752683314037944
1106282,318801,2152968,2471769,6.753328879144043
1106336,318822,2153119,2471941,6.753357672933486
1106919,318822,2154333,2473155,6.75716544027702
1106969,318838,2154399,2473237,6.75703335236076
1107385,318838,2155141,2473979,6.7593605530081105
1107394,318840,2155166,2474006,6.759396562539204
1107902,318840,2156068,2474908,6.76222556768285
1109014,319328,2157972,2477300,6.757853993386111
1109025,319337,2157995,2477332,6.757735558359977
1109028,319337,2158004,2477341,6.757763741752443
1109043,319347,2158033,2477380,6.757642940124692
1109435,319353,2159133,2478486,6.760960441893453
1109683,319353,2160420,2479773,6.764990465096617
1109752,319419,2160579,2479998,6.7640904266809425
1109763,319429,2160593,2480022,6.763922499209527
1109792,319453,2160635,2480088,6.763545811120885
1109892,319513,2160753,2480266,6.762645025398028
1109896,319515,2160758,2480273,6.762618343426756
1109951,319515,2160865,2480380,6.76295322598313
1109968,319515,2160910,2480425,6.763094064441419
1110017,319546,2160970,2480516,6.762625725247696
1110248,319546,2161220,2480766,6.763408085220907
1110273,319564,2161252,2480816,6.763127260892967
1110371,319599,2161399,2480998,6.762846567104403
1110406,319618,2161494,2481112,6.762741772991508
1110440,319650,2161561,2481211,6.762274362584076
1110477,319674,2161614,2481288,6.761932468702491
1110501,319674,2161639,2481313,6.762010673373499
1110541,319678,2161716,2481394,6.762166930473789
1110564,319686,2161738,2481424,6.762066527780385
1110757,319686,2161832,2481518,6.762360566305688
1110779,319693,2161854,2481547,6.762281313635269
1110822,319701,2161952,2481653,6.762418634911996
1110824,319703,2161952,2481655,6.762376330531775
1111081,319703,2162284,2481987,6.763414794356012
1111096,319706,2162316,2482022,6.763451420993038
1111125,319724,2162353,2482077,6.763186373246925
1111129,319724,2162355,2482079,6.763192628642204
1111149,319724,2162355,2482079,6.763192628642204
1111176,319731,2162376,2482107,6.763110239545117
1111177,319731,2162378,2482109,6.763116494803445
1111250,319732,2162455,2482187,6.7633361690415725
1111263,319736,2162462,2482198,6.763273450596742
1111294,319740,2162482,2482222,6.7632513917558015
1111310,319740,2162508,2482248,6.763332707825108
1111351,319755,2162545,2482300,6.76313114728464
1111428,319755,2162564,2482319,6.763190567778455
1111533,319806,2162685,2482491,6.7624903847957825
1111591,319823,2162731,2482554,6.762274758225644
1111617,319833,2162777,2482610,6.762207151857376
1111933,319833,2163562,2483395,6.764661557750451
1111951,319833,2163572,2483405,6.76469282406756
1112733,320197,2164609,2484806,6.760241351418033
1112896,320200,2164913,2485113,6.761127420362274
1113072,320266,2165233,2485499,6.760733265473076
1113109,320279,2165299,2485578,6.760664920272637
1113139,320287,2165315,2485602,6.7605460102970145
1113250,320287,2165572,2485859,6.761348415639723
1117004,322151,2172600,2494751,6.74404239005932
1117025,322151,2172629,2494780,6.744132409956822
1117344,322294,2173287,2495581,6.743181691250846
1117363,322301,2173313,2495614,6.743115907179934
1117434,322334,2173370,2495704,6.742602393790292
1117435,322334,2173372,2495706,6.7426085985344395
1117474,322343,2173433,2495776,6.7426095804779385
1117652,322456,2173792,2496248,6.741360061527774
1117689,322467,2173855,2496322,6.741325468962716
1117967,322467,2173874,2496341,6.741384389720499
1118101,322519,2174018,2496537,6.740743956170024
1118128,322532,2174091,2496623,6.74069859734848
1118298,322532,2174376,2496908,6.7415822306003745
1118318,322541,2174401,2496942,6.741471626862942
1118336,322544,2174423,2496967,6.7414771318021725
1118447,322544,2174638,2497182,6.742143707525175
1118844,322544,2175256,2497800,6.744059725184781
1119749,322591,2177194,2499785,6.749084754379385
1120043,322668,2178000,2500668,6.749972107553274
1120053,322672,2178011,2500683,6.749922521941786
1120458,322950,2178849,2501799,6.7467069205759405
1120461,322950,2178858,2501808,6.746734788666976
1120491,322962,2178909,2501871,6.746642019804187
1120545,322962,2178978,2501940,6.7468556672302
1120590,322976,2179056,2502032,6.7468047161398985
1120630,322998,2179094,2502092,6.74646282639521
1120656,323012,2179145,2502157,6.746328309784157
1121353,323012,2181040,2504052,6.752194964892945
1121435,323021,2181190,2504211,6.752471201562747
1121470,323039,2181237,2504276,6.752240441556593
1121480,323039,2181239,2504278,6.752246632759512
1121666,323171,2181514,2504685,6.75033960349165
1121678,323179,2181539,2504718,6.750249861531844
1121721,323204,2181638,2504842,6.750034034232249
1121729,323204,2181638,2504842,6.750034034232249
1121756,323212,2181706,2504918,6.750077348613294
1121766,323212,2181722,2504934,6.750126851725803
1121805,323232,2181755,2504987,6.749811281061281
1121852,323246,2181839,2505085,6.749778806234262
1121913,323277,2181960,2505237,6.749505841739437
1121915,323277,2181965,2505242,6.749521308351661
1121931,323277,2181991,2505268,6.749601734735227
1122042,323288,2182094,2505382,6.7496906782806665
1122068,323301,2182113,2505414,6.749478040587564
1122079,323308,2182120,2505428,6.749353557598328
1122095,323311,2182151,2505462,6.749386813315971
1122159,323346,2182231,2505577,6.748903651197169
1122179,323346,2182252,2505598,6.748968597106505
1122213,323370,2182279,2505649,6.748551195225284
1122257,323388,2182311,2505699,6.748274518535011
1122325,323407,2182408,2505815,6.748177992436775
1122337,323412,2182423,2505835,6.7481200450199745
1122366,323427,2182465,2505892,6.747936937856147
1122513,323530,2182887,2506417,6.7470930052854445
1123043,323719,2183954,2507673,6.746449853113348
1123055,323725,2183972,2507697,6.746380415476098
1123181,323803,2184181,2507984,6.745400752926934
1123199,323810,2184205,2508015,6.7453290509866894
1124677,323964,2185947,2509911,6.747499722191354
1124745,324000,2186034,2510034,6.7470185185185185
1125009,324084,2186548,2510632,6.746855753446638
1125031,324091,2186593,2510684,6.746848878864269
1125063,324113,2186671,2510784,6.746631576024411
1125084,324117,2186688,2510805,6.746600764538732
1125350,324129,2186878,2511007,6.746937176247728
1125484,324152,2186980,2511132,6.74677311878378
1125540,324173,2187043,2511216,6.746530401976722
1125712,324173,2187419,2511592,6.747690276488171
1125738,324174,2187461,2511635,6.747799021513138
1125847,324207,2187832,2512039,6.7482565151276805
1125922,324243,2187978,2512221,6.747957550355752
1126049,324290,2188070,2512360,6.747263252027507
1126113,324290,2188245,2512535,6.747802892472786
1126146,324290,2188312,2512602,6.748009497671837
1126190,324304,2188371,2512675,6.74790011840742
1126191,324304,2188373,2512677,6.747906285460555
1126380,324389,2188600,2512989,6.746837901408494
1126569,324413,2188807,2513220,6.746976847413636
1126596,324419,2188844,2513263,6.746966114808319
1126665,324453,2189003,2513456,6.7467491439438065
1126743,324473,2189079,2513552,6.746567511010161
1126774,324482,2189124,2513606,6.746519067313441
1127795,324482,2190333,2514815,6.750245005886305
1127808,324491,2190342,2514833,6.750085518550591
1127853,324491,2190479,2514970,6.7505077182418
1128887,324589,2192052,2516641,6.7533157315867145
1128892,324589,2192065,2516654,6.7533557822353805
1128946,324596,2192174,2516770,6.753545946345612
1128957,324596,2192184,2516780,6.753576753872506
1128981,324596,2192234,2516830,6.753730791506981
1129177,324596,2192562,2517158,6.754741278389136
1129218,324606,2192626,2517232,6.754730350024337
1129223,324608,2192633,2517241,6.754710296727129
1129235,324613,2192653,2517266,6.754667866043565
1129473,324630,2193449,2518079,6.756766164556572
1129668,324642,2193836,2518478,6.757708491199537
1129856,324703,2194077,2518780,6.757181177876398
1129910,324710,2194114,2518824,6.757149456438053
1130256,324931,2194839,2519770,6.754784862016859
1130288,324958,2194872,2519830,6.754325174330221
1130304,324958,2194898,2519856,6.754405184670019
1130333,324970,2194916,2519886,6.7542111579530415
1130384,324973,2195095,2520068,6.7546996211993
1130405,324993,2195139,2520132,6.7544193259547125
1130581,325165,2195688,2520853,6.752534866913721
1131634,325165,2197393,2522558,6.75777835867944
1131672,325172,2197445,2522617,6.757792798887973
1131690,325173,2197494,2522667,6.757922705759703
1131716,325187,2197523,2522710,6.757720942104082
1131927,325242,2197863,2523105,6.757623554153523
1132362,325255,2198617,2523872,6.759671642249927
1132395,325270,2198667,2523937,6.759513634826452
1132407,325276,2198688,2523964,6.759453510249757
1132416,325279,2198704,2523983,6.759440357354763
1132480,325291,2198832,2524123,6.759584495113606
1132620,325406,2199084,2524490,6.757970043576332
1132702,325451,2199248,2524699,6.757539537441889
1133552,325625,2199946,2525571,6.75607216890595
1133586,325640,2199994,2525634,6.755908365065717
1133598,325640,2200015,2525655,6.7559728534578065
1133625,325661,2200061,2525722,6.755678450904468
1133668,325690,2200125,2525815,6.75527341950935
1133677,325695,2200133,2525828,6.755194276854112
1133879,325697,2200605,2526302,6.75660199510588
1134061,325824,2201068,2526892,6.755389412689059
1134095,325843,2201181,2527024,6.755342296750276
1134191,325901,2201318,2527219,6.7545604339968275
1134327,325973,2201435,2527408,6.753427431106258
1135021,326250,2202542,2528792,6.751086590038314
1135503,326250,2203697,2529947,6.754626819923372
1135530,326262,2203726,2529988,6.754467268636862
1135560,326269,2203780,2530049,6.75448786124333
1135590,326269,2203841,2530110,6.754674823535181
1135636,326299,2203925,2530224,6.754311229884247
1135793,326424,2204169,2530593,6.75247224468789
1135974,326424,2204358,2530782,6.753051246231895
1136531,326741,2205494,2532235,6.749976280907508
1136673,326741,2205678,2532419,6.750539418071194
1136954,326890,2206274,2533164,6.749285692434764
1136963,326899,2206285,2533184,6.749133524421916
1137050,326919,2206402,2533321,6.749078517920341
1137129,326958,2206514,2533472,6.748616030193481
1137174,326970,2206563,2533533,6.748518212680063
1137217,326977,2206619,2533596,6.7485450046945195
1137225,326977,2206619,2533596,6.7485450046945195
1137922,326977,2208514,2535491,6.754340519363748
1137933,326979,2208528,2535507,6.754342021964713
1138012,327013,2208655,2535668,6.754028127322155
1138092,327052,2208719,2535771,6.753418416643225
1138906,327058,2210033,2537091,6.75731215869968
1138955,327083,2210113,2537196,6.757040261951859
1139023,327115,2210255,2537370,6.75681335310212
1139031,327115,2210278,2537393,6.756883664766214
1139080,327140,2210314,2537454,6.756477349147154
1139271,327229,2210591,2537820,6.755486219130945
1139424,327229,2210745,2537974,6.755956837566353
1139437,327240,2210757,2537997,6.75576640997433
1139440,327240,2210766,2538006,6.755793912724606
1139449,327243,2210779,2538022,6.755771704818743
1139541,327265,2211020,2538285,6.756053962385223
1139725,327354,2211478,2538832,6.755616244188249
1139894,327390,2211756,2539146,6.755722532759095
1139918,327398,2211773,2539171,6.755609380631525
1139932,327401,2211784,2539185,6.755581076416993
1139934,327401,2211789,2539190,6.755596348209077
1139989,327405,2211838,2539243,6.755663474901116
1140010,327412,2211905,2539317,6.75572367536926
1140128,327455,2212295,2539750,6.756027545769648
1140169,327466,2212366,2539832,6.756017418602236
1140193,327466,2212396,2539862,6.756109031166594
1140393,327466,2212396,2539862,6.756109031166594
1140438,327492,2212511,2540003,6.755923808825864
1140473,327503,2212531,2540034,6.75575796252248
1140567,327569,2212696,2540265,6.754900494247013
1140569,327569,2212700,2540269,6.754912705414737
1140649,327638,2212897,2540535,6.754091405758794
1140674,327649,2212936,2540585,6.753983683759144
1140693,327657,2212963,2540620,6.753901183249557
1140780,327694,2213074,2540768,6.753477329459801
1140812,327714,2213132,2540846,6.753242156270407
1140817,327716,2213139,2540855,6.753222302237303
1140876,327750,2213222,2540972,6.752774980930587
1140973,327805,2213390,2541195,6.752154482085386
1141095,327839,2213704,2541543,6.752412007113247
1141503,327839,2214811,2542650,6.755788664557908
1141593,327872,2214908,2542780,6.7554045481163385
1141599,327875,2214927,2542802,6.755400686237133
1141670,327875,2215082,2542957,6.755873427373237
1141815,327922,2215248,2543170,6.755411347820519
1141860,327936,2215289,2543225,6.755247975214676
1141914,327952,2215314,2543266,6.75499463336098
1141967,327989,2215399,2543388,6.754491766492169
1141982,327995,2215413,2543408,6.754410890409915
1142007,328011,2215468,2543479,6.754249095304731
1142022,328017,2215498,2543515,6.754217007045367
1142109,328029,2215672,2543701,6.754500364297059
1142416,328029,2216270,2544299,6.756323373848044
1142623,328094,2216447,2544541,6.755524331441599
1142655,328094,2216477,2544571,6.7556157686516665
1142657,328094,2216477,2544571,6.7556157686516665
1142706,328105,2216566,2544671,6.755660535499307
1142810,328105,2216896,2545001,6.756666311089438
1142826,328112,2216909,2545021,6.756561783781148
1142876,328129,2216996,2545125,6.7564768734247815
1142894,328141,2217050,2545191,6.756394354865743
1142914,328156,2217079,2545235,6.756173892904594
1142940,328172,2217122,2545294,6.755975525029558
1142958,328179,2217137,2545316,6.75587712803074
1142979,328196,2217170,2545366,6.75562773464637
1142998,328203,2217229,2545432,6.755663415629961
1143089,328228,2217421,2545649,6.755733819174476
1143108,328244,2217455,2545699,6.755508097634686
1143370,328442,2217956,2546398,6.752960948965114
1143398,328446,2217973,2546419,6.75293046649982
1143469,328446,2218145,2546591,6.7534541446691385
1143514,328449,2218245,2546694,6.753696920983167
1143805,328503,2218663,2547166,6.75385917328
1143864,328503,2218912,2547415,6.754617157225352
1143869,328505,2218920,2547425,6.7546003865999
1144138,328518,2219423,2547941,6.755864214441827
1144211,328538,2219538,2548076,6.755802981694659
1144216,328538,2219543,2548081,6.755818200634326
1144238,328538,2219558,2548096,6.755863857453323
1144243,328540,2219564,2548104,6.755840993486333
1144260,328547,2219583,2548130,6.755754884384882
1144276,328547,2219609,2548156,6.755834020703278
1144302,328557,2219649,2548206,6.755750143810663
1144303,328557,2219651,2548208,6.755756231034494
1144330,328577,2219714,2548291,6.755536753941999
1144340,328577,2219730,2548307,6.755585448768477
1144348,328583,2219746,2548329,6.755510784185427
1144372,328588,2219824,2548412,6.755645367451033
1144424,328588,2219951,2548539,6.756031869697007
1144438,328594,2219964,2548558,6.7559480696543455
1144467,328594,2220011,2548605,6.756091103306816
1144566,328608,2220089,2548697,6.756040631999221
1144593,328628,2220115,2548743,6.75570858234843
1144602,328633,2220121,2548754,6.755624054796688
1144830,328801,2220676,2549477,6.753860237651345
1144865,328812,2220695,2549507,6.7536920793645
1144885,328821,2220729,2549550,6.753610627058491
1145025,328821,2220992,2549813,6.754410454320132
1145056,328832,2221036,2549868,6.754318314519268
1145094,328848,2221110,2549958,6.754214713180557
1145102,328856,2221126,2549982,6.754099058554504
1145173,328894,2221229,2550123,6.753631869234464
1145177,328895,2221235,2550130,6.75362957782879
1145224,328917,2221309,2550226,6.753402834149648
1145239,328924,2221350,2550274,6.753383760382338
1145277,328933,2221366,2550299,6.753247621856123
1145550,328955,2222234,2551189,6.755434633916493
1145701,329064,2222473,2551537,6.7539232489728445
1145764,329064,2222655,2551719,6.754476332871417
1145804,329064,2222706,2551770,6.754631317919919
1145835,329080,2222731,2551811,6.754378874437827
1146187,329186,2223177,2552363,6.753558778319856
1146229,329199,2223258,2552457,6.753538133469421
1146277,329221,2223370,2552591,6.7534270292599805
1146350,329233,2223493,2552726,6.753554473579501
1146379,329241,2223556,2552797,6.75358172281095
1146436,329261,2223644,2552905,6.753438761347381
1146844,329261,2224751,2554012,6.756800835811104
1146898,329307,2224890,2554197,6.75627909519081
1147091,329325,2225414,2554739,6.757500948910651
1147148,329376,2225484,2554860,6.7566671524336925
1147161,329385,2225505,2554890,6.7565462908147005
1147260,329423,2225587,2555010,6.756015821603228
1147352,329423,2225966,2555389,6.757166318077366
1147401,329446,2226040,2555486,6.756919191612586
1147512,329446,2226218,2555664,6.757459492602733
1147540,329446,2226265,2555711,6.757602156347322
1147607,329481,2226363,2555844,6.757181749478725
1147633,329491,2226389,2555880,6.75705557966682
1147899,329558,2227040,2556598,6.757657225738717
1148002,329558,2227209,2556767,6.758170033802851
1148136,329642,2227402,2557044,6.757033387735786
1148176,329650,2227463,2557113,6.757054451691188
1148195,329658,2227482,2557140,6.756948109859309
1148244,329677,2227637,2557314,6.757028849449613
1148377,329727,2227807,2557534,6.756519787581848
1148416,329760,2227888,2557648,6.756089277049976
1148425,329766,2227905,2557671,6.756017903604374
1148655,329773,2231547,2561320,6.7669184560288445
1148682,329786,2231602,2561388,6.766818482288515
1148694,329792,2231635,2561427,6.766795434698234
1148830,329873,2231840,2561713,6.76575530582982
1149049,329988,2232424,2562412,6.765167218201874
1149238,329992,2232843,2562835,6.766354941937986
1149330,329992,2232898,2562890,6.766521612645155
1149476,330052,2233041,2563093,6.765724794880807
1149490,330057,2233074,2563131,6.765722284332706
1149534,330057,2233236,2563293,6.7662131086448705
1149545,330057,2233246,2563303,6.766243406441918
1149551,330057,2233257,2563314,6.766276734018669
1149586,330073,2233319,2563392,6.766136581907639
1149630,330096,2233371,2563467,6.765822669768794
1149784,330187,2233716,2563903,6.765002862014556
1149852,330205,2233793,2563998,6.764867279417332
1149880,330226,2233824,2564050,6.764530957586622
1150799,330522,2234864,2565386,6.761619498853329
1150817,330528,2234900,2565428,6.761605673346887
1151027,330687,2235453,2566140,6.760026853187455
1151035,330687,2235470,2566157,6.760078261316592
1151041,330689,2235481,2566170,6.760070640390215
1151062,330689,2235515,2566204,6.760173456026659
1151118,330709,2235571,2566280,6.759933960067612
1151130,330712,2235605,2566317,6.759975446914536
1151239,330774,2235746,2566520,6.759134635733159
1151530,330955,2236661,2567616,6.758202776812557
1151757,330955,2236698,2567653,6.7583145744889785
1151878,330955,2236880,2567835,6.758864498194619
1151928,330980,2236982,2567962,6.7586621548129795
1152081,330997,2237287,2568284,6.759236488548234
1152140,331034,2237407,2568441,6.758843502480108
1152186,331049,2237501,2568550,6.758821201695217
1152205,331049,2237531,2568580,6.758911822721108
1152248,331071,2237603,2568674,6.7586801622612676
1152339,331149,2237825,2568974,6.757758592053728
1152441,331215,2238125,2569340,6.757317754328759
1152446,331220,2238129,2569349,6.757227824406739
1152930,331443,2239126,2570569,6.755689515240931
1152976,331460,2239180,2570640,6.755505943401919
1153384,331762,2239913,2571675,6.751565881565701
1153412,331767,2239948,2571715,6.751569625671028
1153510,331767,2240070,2571837,6.751937353624682
1153534,331771,2240087,2571858,6.751907188994819
1153645,331805,2240166,2571971,6.751453413902744
1153765,331844,2240451,2572295,6.75151878593556
1153887,331901,2240567,2572468,6.750708795695102
1153943,331918,2240617,2572535,6.750513681089908
1154077,332025,2240863,2572888,6.749079135607259
1154458,332185,2241326,2573511,6.7472221804115176
1154494,332199,2241362,2573561,6.747046198212518
1154510,332199,2241362,2573561,6.747046198212518
1154537,332199,2241415,2573614,6.74720574113709
1154560,332207,2241472,2573679,6.747214838940781
1154588,332216,2241514,2573730,6.7471584752089
1154611,332228,2241536,2573764,6.74698098895939
1154694,332253,2241664,2573917,6.7468585686209
1154940,332256,2242095,2574351,6.74809484253106
1154952,332256,2242095,2574351,6.74809484253106
1154993,332273,2242159,2574432,6.747942204151405
1155013,332279,2242185,2574464,6.747898603282182
1155101,332303,2242288,2574591,6.747721206248515
1155189,332361,2242471,2574832,6.74709427399725
1155239,332361,2242541,2574902,6.747304888359344
1155351,332361,2242725,2575086,6.747858503253992
1155389,332374,2242791,2575165,6.7477931486819065
1155417,332385,2242817,2575202,6.747648058727078
1155483,332433,2242936,2575369,6.74703173271005
1155497,332444,2242974,2575418,6.74692279000373
1155522,332452,2243023,2575475,6.746907824287416
1155531,332454,2243043,2575497,6.746927394466603
1155609,332492,2243169,2575661,6.746535254983579
1155899,332731,2243767,2576498,6.743486480069485
1155969,332731,2244037,2576768,6.744297946389125
1155992,332731,2244082,2576813,6.744433190775732
1156044,332759,2244184,2576943,6.744172208715617
1156078,332788,2244235,2577023,6.7437377549671265
1156173,332788,2244455,2577243,6.744398836496508
1156199,332809,2244499,2577308,6.744105477916763
1156260,332814,2244592,2577406,6.744283593839201
1156274,332822,2244621,2577443,6.74420861601697
1156305,332836,2244682,2577518,6.744108209448497
1156626,332836,2245299,2578135,6.7459619752670985
1156649,332836,2245328,2578164,6.7460491052650555
1156705,332877,2245418,2578295,6.745488573857611
1156866,332877,2245738,2578615,6.746449889899272
1156887,332877,2245786,2578663,6.746594087305521
1157789,332942,2246982,2579924,6.748869172408408
1157816,332942,2247058,2580000,6.7490974403950235
1157849,332952,2247110,2580062,6.749050914245897
1157865,332962,2247127,2580089,6.748899273791003
1158285,333149,2247922,2581071,6.747497366043422
1158332,333199,2248028,2581227,6.746802961593522
1158335,333199,2248037,2581236,6.746829972478909
1158490,333256,2248294,2581550,6.746447175744772
1158559,333276,2248375,2581651,6.746285361082106
1158684,333334,2248679,2582013,6.746023507952984
1158802,333334,2248856,2582190,6.746554506890986
1158906,333343,2249096,2582439,6.747092334322304
1159209,333533,2249977,2583510,6.745890211763154
1159253,333551,2250062,2583613,6.745781005003733
1159267,333557,2250086,2583643,6.745731614086948
1159567,333557,2250629,2584186,6.747359521760899
1159578,333563,2250643,2584206,6.7472801239945674
1159634,333571,2250705,2584276,6.747304172125275
1159675,333594,2250763,2584357,6.747012835962278
1159728,333635,2250849,2584484,6.746441470469225
1159770,333651,2250923,2584574,6.746339738229468
1159791,333661,2250983,2584644,6.746317370025265
1159996,333681,2251339,2585020,6.746979899964337
1160250,333681,2251976,2585657,6.748888908868051
1160338,333710,2252155,2585865,6.748838812142279
1160351,333718,2252177,2585895,6.748742950634967
1160525,333718,2252468,2586186,6.7496149443542155
1160539,333720,2252505,2586225,6.749685364976627
1160911,333822,2253089,2586911,6.749372420032233
1160921,333828,2253103,2586931,6.7492930491151135
1161013,333828,2253103,2586931,6.7492930491151135
1161310,333930,2253299,2587229,6.747818405054952
1161313,333931,2253303,2587234,6.747810176353798
1161328,333938,2253326,2587264,6.747737603986368
1161354,333945,2253376,2587321,6.747745886298642
1161377,333963,2253426,2587389,6.747531912217821
1161412,333980,2253469,2587449,6.747317204623031
1161421,333982,2253485,2587467,6.747324706121887
1161788,334028,2253756,2587784,6.747206820985067
1161821,334051,2253825,2587876,6.746948819192279
1161838,334060,2253838,2587898,6.746805963000659
1161903,334087,2253915,2588002,6.746491183434255
1161987,334110,2254003,2588113,6.746290143964562
1162000,334110,2254017,2588127,6.746332046332046
1162029,334121,2254037,2588158,6.746169800760803
1162039,334132,2254057,2588189,6.74600756587217
1162040,334132,2254059,2588191,6.746013551530533
1162057,334141,2254089,2588230,6.74592163188594
1162474,334143,2255050,2589193,6.748757268594583
1162478,334143,2255059,2589202,6.748784203170499
1162567,334219,2255261,2589480,6.747853952049405
1162583,334226,2255296,2589522,6.747817345149689
1162610,334232,2255330,2589562,6.747797936762488
1162622,334244,2255369,2589613,6.747672359114898
1162656,334256,2255396,2589652,6.747510889856876
1162680,334264,2255423,2589687,6.7474301749515355
1162912,334264,2255746,2590010,6.748396477036115
1163084,334270,2256120,2590390,6.749394202291561
1163234,334312,2256397,2590709,6.749374835483022
1163539,334314,2257305,2591619,6.752050467524543
1163555,334322,2257366,2591688,6.752071356357045
1164096,334332,2258679,2593011,6.755796633286673
1164308,334390,2259124,2593514,6.755955620682436
1164323,334390,2259134,2593524,6.755985525882951
1164373,334398,2259204,2593602,6.756033229863815
1164535,334515,2259632,2594147,6.754949703301795
1164604,334519,2259712,2594231,6.7551080805574575
1164612,334527,2259734,2594261,6.755012300950297
1164706,334571,2259890,2594461,6.754590206563032
1164707,334571,2259892,2594463,6.754596184367443
1165364,334746,2261033,2595779,6.75447354113268
1165369,334751,2261036,2595787,6.754381614991441
1165466,334802,2261214,2596016,6.753884385397937
1165611,334802,2261495,2596297,6.754723687433169
1165644,334814,2261533,2596347,6.754595088616366
1165706,334858,2261636,2596494,6.754015134773546
1165799,334880,2261840,2596720,6.754180602006689
1165809,334880,2261842,2596722,6.75418657429527
1165818,334882,2261858,2596740,6.754194014608131
1165897,334915,2261978,2596893,6.753886807100309
1165913,334915,2262004,2596919,6.753964438738187
1166036,334955,2262158,2597113,6.7536176501321075
1166069,334959,2262163,2597122,6.753551927250798
1166306,334959,2262676,2597635,6.755083457975454
1166359,334967,2262750,2597717,6.755143043941642
1166382,334972,2262786,2597758,6.7551496841527054
1166394,334978,2262806,2597784,6.755088393864671
1166518,335008,2262903,2597911,6.754773020345783
1166566,335008,2262976,2597984,6.754990925589837
1166612,335032,2263075,2598107,6.754802526325843
1166671,335032,2263187,2598219,6.755136822751259
1166692,335042,2263244,2598286,6.75510533007802
1166779,335068,2263413,2598481,6.755085534876502
1166857,335107,2263532,2598639,6.754654483493332
1166993,335187,2263820,2599007,6.753901553461202
1167029,335204,2263891,2599095,6.753770838056825
1167074,335210,2263905,2599115,6.753691715640941
1167147,335246,2263978,2599224,6.753184228894603
1167246,335246,2264235,2599481,6.7539508301366755
1167294,335246,2264300,2599546,6.754144717610352
1167338,335266,2264363,2599629,6.753929715509476
1167491,335266,2264517,2599783,6.75438905227491
1167535,335278,2264531,2599809,6.754189061018021
1167644,335313,2264650,2599963,6.75383895047314
1167726,335313,2264650,2599963,6.75383895047314
1167742,335313,2264665,2599978,6.753883684795997
1167789,335321,2264715,2600036,6.75387166327191
1167885,335337,2264764,2600101,6.753695536132309
1167968,335402,2264993,2600395,6.753069450987174
1168080,335492,2265267,2600759,6.752074565116307
1168108,335503,2265309,2600812,6.75197837277163
1168302,335618,2265506,2601124,6.7502517743386825
1168421,335651,2265891,2601542,6.750735138581443
1168518,335675,2266099,2601774,6.750872123333582
1168542,335675,2266139,2601814,6.750991286214345
1168675,335709,2266257,2601966,6.75065905292977
1168731,335728,2266356,2602084,6.75057189153124
1168913,335740,2266566,2602306,6.750956096979806
1168983,335779,2266679,2602458,6.750508518996125
1169071,335809,2266965,2602774,6.750757126819114
1169135,335841,2267152,2602993,6.750670704291614
1169153,335841,2267211,2603052,6.750846382663225
1169594,335848,2268249,2604097,6.753796360258212
1169619,335862,2268287,2604149,6.753627978157696
1169667,335862,2268404,2604266,6.753976335518755
1169692,335866,2268414,2604280,6.753925672738533
1170713,335869,2269617,2605486,6.757447099910977
1170726,335869,2269621,2605490,6.757459009316132
1170771,335869,2269664,2605533,6.757587035421548
1170789,335869,2269707,2605576,6.757715061526964
1170843,335893,2269793,2605686,6.757488247745562
1170878,335893,2269853,2605746,6.757666876058745
1172415,335901,2273055,2608956,6.7670385024158906
1172473,335906,2273144,2609050,6.767202729334993
1172478,335912,2273164,2609076,6.767141394174665
1172534,335912,2273252,2609164,6.767403367548644
1172536,335915,2273258,2609173,6.7673607906762125
1172568,335927,2273315,2609242,6.767288726419728
1172847,336026,2273751,2609777,6.766592466059174
1172881,336033,2273806,2609839,6.766615183627798
1172931,336059,2273880,2609939,6.766311867856537
1173018,336071,2273961,2610032,6.766311285412904
1173038,336071,2273976,2610047,6.7663559188385785
1173120,336071,2274152,2610223,6.766879617699831
1173131,336080,2274160,2610240,6.766722208997858
1173173,336110,2274228,2610338,6.76632054982
1173206,336116,2274243,2610359,6.766244391817111
1173209,336116,2274252,2610368,6.766271168287139
1173236,336127,2274267,2610394,6.766094363142503
1173245,336133,2274294,2610427,6.766053913183175
1173276,336156,2274337,2610493,6.765718892418996
1173391,336180,2274429,2610609,6.765509548456184
1173413,336180,2274479,2610659,6.76565827830329
1173427,336188,2274515,2610703,6.765604364224779
1173479,336196,2274541,2610737,6.765520708158336
1173483,336197,2274544,2610741,6.765509507818333
1173505,336213,2274593,2610806,6.765333285744454
1173619,336249,2274708,2610957,6.764950973831892
1173631,336259,2274732,2610991,6.764821164637972
1173664,336268,2274779,2611047,6.7647798779544885
1173687,336271,2274833,2611104,6.764880111576675
1173730,336275,2274936,2611211,6.765105940078804
1173735,336277,2274948,2611225,6.765101389628193
1174012,336395,2275601,2611996,6.764669510545638
1174026,336404,2275613,2612017,6.764524203041581
1174056,336404,2275668,2612072,6.764687696935827
1174078,336404,2275692,2612096,6.7647590397260435
1174370,336557,2276281,2612838,6.763433831416372
1174400,336560,2276295,2612855,6.763415141430948
1175154,336608,2277539,2614147,6.766146377982698
1175288,336634,2277686,2614320,6.766060469233649
1175308,336645,2277712,2614357,6.765916618396234
1175317,336648,2277725,2614373,6.765894940709584
1175344,336652,2277750,2614402,6.765888810997707
1175365,336652,2277798,2614450,6.766031391466559
1175418,336691,2277893,2614584,6.765529818141857
1175464,336691,2277995,2614686,6.765832766542617
1175492,336699,2278041,2614740,6.7658086302602625
1175536,336727,2278128,2614855,6.765504399706587
1175548,336728,2278155,2614883,6.765564491221402
1175883,336899,2278619,2615518,6.763507757517832
1175909,336910,2278649,2615559,6.763375975779882
1176005,336943,2278765,2615708,6.763057846579391
1176059,336953,2278846,2615799,6.763097523987025
1176092,336988,2278902,2615890,6.762561278146403
1176114,336997,2278932,2615929,6.762469695575925
1176117,336997,2278941,2615938,6.762496402045122
1176192,337006,2279099,2616105,6.76278463884916
1176236,337037,2279147,2616184,6.762305028824729
1176292,337037,2279339,2616376,6.762874699217
1176337,337067,2279451,2616518,6.762605060714932
1176357,337075,2279482,2616557,6.762536527479048
1176407,337075,2279666,2616741,6.763082400059334
1176432,337086,2279711,2616797,6.762995200037973
1176683,337191,2280362,2617553,6.7628198854655075
1176712,337201,2280388,2617589,6.7626964332845985
1177416,337201,2281251,2618452,6.765255737675749
1177420,337201,2281260,2618461,6.765282427988055
1177439,337212,2281286,2618498,6.765138844406486
1177530,337234,2281371,2618605,6.764949560246001
1177581,337265,2281441,2618706,6.764535306064964
1177668,337279,2281530,2618809,6.764518395749513
1177700,337296,2281555,2618851,6.764251577249656
1177928,337412,2281902,2619314,6.762954488874136
1178187,337412,2282398,2619810,6.764424501796024
1178220,337427,2282448,2619875,6.764271975864409
1178273,337440,2282534,2619974,6.764266239924135
1178443,337440,2282879,2620319,6.7652886439070645
1178740,337650,2283657,2621307,6.763385162150155
1178758,337650,2283690,2621340,6.763482896490449
1178858,337675,2283784,2621459,6.763260531576219
1178943,337696,2284038,2621734,6.763592106509997
1178989,337711,2284079,2621790,6.763413095812692
1179016,337728,2284118,2621846,6.763188127724086
1179058,337761,2284186,2621947,6.7627286750098445
1179098,337772,2284247,2622019,6.762689032838719
1179169,337794,2284418,2622212,6.7627548150648025
1179200,337815,2284457,2622272,6.762449861610645
1179243,337818,2284526,2622344,6.762594059523175
1180027,337844,2285991,2623835,6.766409940682682
1180045,337858,2286011,2623869,6.76618875385517
1180092,337873,2286346,2624219,6.766879863143844
1180583,337948,2286765,2624713,6.766617941221726
1181145,338314,2287841,2626155,6.762478052933074
1181219,338341,2287984,2626325,6.7623610499466515
1181501,338461,2288274,2626735,6.760820301305025
1181548,338466,2288354,2626820,6.760956787387802
1181582,338474,2288408,2626882,6.760956528418727
1181608,338481,2288457,2626938,6.760961471988088
1181642,338494,2288506,2627000,6.760846573351374
1181649,338497,2288517,2627014,6.7608191505390005
1182295,338805,2289503,2628308,6.75758327061289
1182302,338814,2289510,2628324,6.757424427562025
1182394,338814,2289565,2628379,6.757586758516472
1182456,338844,2289644,2628488,6.757221612305368
1182561,338850,2289698,2628548,6.75726132507009
1182606,338855,2289802,2628657,6.75746853373862
1182636,338855,2289863,2628718,6.75764855174042
1182647,338864,2289880,2628744,6.757519240757354
1182784,338980,2290105,2629085,6.755870552834976
1182811,338980,2290134,2629114,6.755956103604932
1182871,339007,2290203,2629210,6.755621565336409
1182895,339016,2290228,2629244,6.755515963848314
1182905,339016,2290244,2629260,6.7555631592609195
1183174,339016,2290760,2629776,6.7570852113174595
1183197,339028,2290823,2629851,6.7570318675743595
1183213,339032,2290853,2629885,6.757040633332546
1183418,339093,2291318,2630411,6.757196403346574
1183431,339100,2291331,2630431,6.757095252138012
1183500,339131,2291403,2630534,6.756689892696333
1183553,339152,2291513,2630665,6.756595862622069
1183630,339204,2291689,2630893,6.756078937748375
1183763,339248,2291991,2631239,6.756092887798896
1183772,339248,2292004,2631252,6.756131207847946
1183868,339296,2292188,2631484,6.755717721399604
1184013,339366,2292394,2631760,6.754931254162173
1184214,339388,2292547,2631935,6.754944193666247
1184238,339388,2292579,2631967,6.755038481030561
1184250,339388,2292594,2631982,6.755082678232584
1184263,339397,2292630,2632027,6.755009620002534
1184306,339413,2292698,2632111,6.7548915333237085
1184398,339488,2292845,2632333,6.753832241493072
1184598,339564,2293209,2632773,6.753392585786479
1184654,339577,2293237,2632814,6.753216501706535
1184658,339579,2293246,2632825,6.7532032310596355
1184872,339750,2293828,2633578,6.751517292126564
1184921,339760,2293925,2633685,6.751604073463621
1185103,339760,2294469,2634229,6.753205203673181
1185144,339763,2294561,2634324,6.753416351986532
1185210,339799,2294693,2634492,6.75308932633704
1185268,339833,2294795,2634628,6.7527138329709
1185292,339845,2294826,2634671,6.752566611249246
1185300,339849,2294848,2634697,6.752551868624007
1185343,339861,2294908,2634769,6.752489988554144
1185612,339960,2295285,2635245,6.751632545005295
1185638,339977,2295325,2635302,6.751412595557935
1185663,339985,2295346,2635331,6.7513154992132005
1185694,339997,2295399,2635396,6.751233099115581
1185805,339997,2295614,2635611,6.751865457636391
1186891,340086,2297416,2637502,6.75539716424669
1186980,340142,2297573,2637715,6.754746547030358
1186995,340148,2297612,2637760,6.754742053459083
1187047,340156,2297679,2637835,6.754780159691435
1187219,340156,2298059,2638215,6.755897294182669
1187231,340156,2298082,2638238,6.755964910217664
1187247,340156,2298108,2638264,6.756041345735486
1187264,340156,2298153,2638309,6.756173637977869
1187289,340172,2298190,2638362,6.755964629657938
1188631,340810,2300848,2641658,6.751116457850415
1188879,340950,2301356,2642306,6.7498342865522805
1188928,340961,2301422,2642383,6.749810095582779
1189024,341014,2301699,2642713,6.749573331300181
1189105,341014,2301743,2642757,6.749702358260951
1189125,341019,2301781,2642800,6.749714825273665
1189142,341019,2301785,2642804,6.749726554825391
1189198,341033,2301822,2642855,6.749557960666563
1189300,341102,2301976,2643078,6.748644100591612
1189526,341178,2302425,2643603,6.748456817262543
1189537,341181,2302448,2643629,6.74846489106955
1189546,341186,2302458,2643644,6.748395303441525
1189560,341186,2302484,2643670,6.748471508209598
1189687,341223,2302799,2644022,6.748662897870307
1189860,341282,2303053,2644335,6.7482404580376345
1189865,341288,2303067,2644355,6.748162841939945
1189874,341294,2303092,2644386,6.748117458847797
1189906,341310,2303140,2644450,6.747941753830828
1189995,341338,2303331,2644669,6.747947781963918
1190003,341338,2303349,2644687,6.74800051561795
1191959,341360,2307373,2648733,6.759353761424888
1192083,341365,2307503,2648868,6.759635580683432
1192470,341605,2308140,2649745,6.756751218512609
1192477,341606,2308144,2649750,6.756743148539545
1192598,341622,2308379,2650001,6.757114588638905
1193033,341630,2309139,2650769,6.759180985276469
1193072,341630,2309187,2650817,6.759321488159705
1193101,341635,2309228,2650863,6.759342573214103
1193122,341649,2309289,2650938,6.759244136526084
1193238,341701,2309715,2651416,6.759462219894001
1193246,341701,2309715,2651416,6.759462219894001
1193263,341707,2309724,2651431,6.759369869508087
1193275,341714,2309743,2651457,6.759287006092815
1193297,341714,2309797,2651511,6.759445032980797
1193368,341785,2309930,2651715,6.758430007168249
1193395,341796,2309959,2651755,6.758297346955494
1193433,341809,2309983,2651792,6.758110523713536
1193495,341842,2310185,2652027,6.758049040199858
1193504,341845,2310201,2652046,6.7580365370270155
1193796,341935,2310612,2652547,6.75745975112229
1193851,341995,2310728,2652723,6.756613400780713
1193898,342008,2310786,2652794,6.756526163130687
1193949,342019,2310864,2652883,6.756536917539669
1193963,342019,2310878,2652897,6.756577850938106
1193999,342033,2310933,2652966,6.756462095762689
1194039,342051,2310988,2653039,6.756267340250431
1194054,342051,2311013,2653064,6.75634042876647
1194178,342112,2311366,2653478,6.7561675708539894
1194185,342116,2311379,2653495,6.756126576950508
1194374,342178,2311737,2653915,6.7559486583006505
1194383,342183,2311751,2653934,6.755890853724469
1194529,342195,2312140,2654335,6.756790718742238
1194582,342214,2312170,2654384,6.756503240662275
1194636,342233,2312257,2654490,6.75638234769879
1194648,342240,2312263,2654503,6.7562616877045345
1194651,342242,2312278,2654520,6.756266033975958
1194793,342340,2312580,2654920,6.7552141146228895
1194827,342351,2312644,2654995,6.7551840070570845
1194969,342351,2312783,2655134,6.755590023104942
1196488,342351,2316856,2659207,6.767487169600789
1197328,342795,2318566,2661361,6.76371008912032
1197332,342797,2318569,2661366,6.763679378757691
1197417,342841,2318699,2661540,6.763190516886837
1197460,342875,2318795,2661670,6.762799854174261
1197468,342878,2318801,2661679,6.7627581822105824
1197731,342941,2319229,2662170,6.762763857339892
1197772,342962,2319319,2662281,6.7626121844402585
1197803,342973,2319371,2662344,6.762546906024673
1197826,342998,2319417,2662415,6.762188117714972
1197969,342998,2319556,2662554,6.762593367891358
1198831,342998,2321289,2664287,6.767645875486155
1199189,343107,2321832,2664939,6.767078491549284
1199262,343129,2321926,2665055,6.766918564155172
1199305,343129,2321975,2665104,6.767061367590615
1199320,343139,2322012,2665151,6.766971985113904
1199362,343149,2322064,2665213,6.766926320636225
1199386,343159,2322114,2665273,6.766874830617877
1199759,343173,2322725,2665898,6.768379213982452
1199764,343179,2322728,2665907,6.768269620227345
1199811,343192,2322827,2666019,6.768301708664538
1199816,343192,2322832,2666024,6.7683162777687125
1199890,343195,2322853,2666048,6.76831830300558
1199901,343200,2322861,2666061,6.768243006993007
1199914,343200,2322875,2666075,6.768283799533799
1199930,343200,2322901,2666101,6.768359557109557
1199993,343219,2323024,2666243,6.768343244400805
1200013,343219,2323055,2666274,6.768433565740825
1200098,343267,2323177,2666444,6.767842524915008
1200176,343278,2323299,2666577,6.7679810532571265
1200237,343298,2323387,2666685,6.767843098415954
1200562,343326,2323965,2667291,6.768974677129026
1200575,343327,2323976,2667303,6.768987000731081
1200608,343327,2323976,2667303,6.768987000731081
1200615,343332,2324011,2667343,6.768990365011126
1200655,343356,2324040,2667396,6.768601684548981
1200666,343357,2324057,2667414,6.768631482684203
1200732,343399,2324189,2667588,6.768188026173635
1202269,343399,2327399,2670798,6.777535752870567
1202316,343408,2327494,2670902,6.777634766807995
1202483,343408,2327787,2671195,6.778487979313237
1202648,343520,2328054,2671574,6.777055193292967
1202667,343527,2328084,2671611,6.777004427599577
1202988,343633,2328699,2672332,6.776703634400654
1203209,343633,2329258,2672891,6.778330369900446
1204673,343633,2331344,2674977,6.784400799690367
1204703,343644,2331437,2675081,6.784454260804786
1204809,343684,2331791,2675475,6.784694661374984
1204813,343687,2331792,2675479,6.784638348264554
1205739,343749,2333652,2677401,6.78882556749256
1205922,343750,2333880,2677630,6.789469090909091
1206219,343759,2334588,2678347,6.7913509173578
1206244,343768,2334610,2678378,6.791237113402062
1206268,343774,2334632,2678406,6.791182579252649
1206359,343848,2334939,2678787,6.790613875898653
1206444,343848,2335096,2678944,6.791070472999698
1206478,343858,2335139,2678997,6.79099802825585
1206481,343860,2335145,2679005,6.79097597859594
1206518,343860,2335190,2679050,6.791106845809341
1206554,343867,2335213,2679080,6.791035487557689
1206609,343895,2335325,2679220,6.79080824088748
1206923,343948,2335882,2679830,6.791381255306034
1206940,343948,2335927,2679875,6.791512089036715
1206961,343949,2335974,2679923,6.791628991507462
1206994,343954,2336003,2679957,6.79161457636777
1207470,344020,2336465,2680485,6.791654554967734
1207550,344020,2336754,2680774,6.792494622405674
1207881,344020,2337090,2681110,6.793471309807569
1207890,344022,2337106,2681128,6.79347832406067
1208360,344207,2337715,2681922,6.791596335925766
1208415,344211,2337753,2681964,6.7916278096865
1208430,344218,2337774,2681992,6.791550703333352
1208648,344379,2338139,2682518,6.789435476611524
1208672,344386,2338196,2682582,6.789462986300256
1208689,344397,2338209,2682606,6.789283878779432
1208827,344442,2338340,2682782,6.788777210676979
1208922,344499,2338488,2682987,6.788083564828925
1209128,344660,2338803,2683463,6.785826611733302
1209175,344684,2338880,2683564,6.785577514477028
1209352,344684,2339260,2683944,6.786679973540982
1209436,344709,2339387,2684096,6.786556196676037
1209439,344709,2339396,2684105,6.786582305654915
1209464,344730,2339430,2684160,6.786267513706379
1209520,344730,2339500,2684230,6.786470571171642
1209570,344730,2339607,2684337,6.7867809590114
1209673,344821,2339858,2684679,6.785717807210117
1209696,344831,2339914,2684745,6.785683421734125
1209719,344842,2339971,2684813,6.785632260571508
1209740,344842,2340046,2684888,6.785849751480388
1209753,344848,2340075,2684923,6.785815779705842
1209762,344855,2340091,2684946,6.785724434907425
1210525,345006,2340788,2685794,6.784774757540449
1210633,345075,2340969,2686044,6.783942621169311
1210643,345075,2340985,2686060,6.783988987901181
1210716,345078,2341006,2686084,6.783990865833232
1211101,345402,2341932,2687334,6.780308162662637
1211151,345432,2342000,2687432,6.779916162949582
1211203,345432,2342040,2687472,6.780031959980546
1211236,345453,2342081,2687534,6.779738488303764
1211327,345530,2342343,2687873,6.778985905710068
1211332,345531,2342350,2687881,6.778986545346148
1211337,345531,2342355,2687886,6.779001015827813
1211473,345531,2342714,2688245,6.780039996411321
1211507,345566,2342762,2688328,6.779492195412743
1211510,345566,2342768,2688334,6.779509558232002
1211552,345582,2342838,2688420,6.779398232546834
1211569,345606,2342870,2688476,6.77902004016134
1211636,345624,2342979,2688603,6.778982362335949
1211740,345628,2343348,2688976,6.779971530084368
1211823,345658,2343419,2689077,6.779588494986374
1211843,345667,2343452,2689119,6.779507445026572
1212046,345795,2343823,2689618,6.778070822308015
1212097,345825,2343896,2689721,6.777693920335429
1212136,345826,2343998,2689824,6.777969267782064
1212187,345836,2344023,2689859,6.777845568419713
1212200,345843,2344037,2689880,6.7777488629233495
1212226,345846,2344068,2689914,6.777779705418018
1212248,345848,2344075,2689923,6.777760750387453
1212283,345860,2344145,2690005,6.7777279824206325
1212290,345860,2344159,2690019,6.777768461227086
1212312,345872,2344184,2690056,6.777605588194477
1212333,345881,2344213,2690094,6.777513075306247
1212353,345892,2344254,2690146,6.777416072068738
1212358,345895,2344268,2690163,6.777397765217769
1212425,345918,2344326,2690244,6.777114807555548
1212454,345939,2344378,2690317,6.776853722766153
1212466,345948,2344413,2690361,6.776778591002116
1212477,345952,2344429,2690381,6.776746485061511
1212548,346001,2344676,2690677,6.776500645951891
1212725,346107,2345087,2691194,6.775612744035804
1212796,346141,2345174,2691315,6.775198546257161
1212860,346141,2345275,2691416,6.775490334863538
1212866,346146,2345282,2691428,6.775412687132019
1212939,346160,2345380,2691540,6.77542177027964
1213044,346192,2345473,2691665,6.775064126265194
1213121,346261,2345607,2691868,6.774101039389362
1213149,346264,2345642,2691906,6.7741434281357575
1213168,346264,2345682,2691946,6.774258946930666
1213196,346278,2345710,2691988,6.774065923910846
1213212,346294,2345743,2692037,6.773848233004326
1213237,346299,2345774,2692073,6.773839947559768
1213260,346305,2345785,2692090,6.773754349489612
1214047,346502,2346331,2692833,6.771478952502439
1214069,346505,2346379,2692884,6.771558851964618
1214082,346515,2346420,2692935,6.771481754036622
1214172,346549,2346535,2693084,6.771149245849793
1214242,346549,2346663,2693212,6.771518601987021
1214285,346552,2346767,2693319,6.7717600821810295
1214390,346604,2346894,2693498,6.771110546906556
1214439,346616,2346953,2693569,6.771046345235073
1214781,346638,2347709,2694347,6.772797558259625
1214802,346646,2347754,2694400,6.7727710690445
1214833,346656,2347799,2694455,6.7727055063232715
1215206,346656,2348424,2695080,6.774508446413736
1215253,346660,2348440,2695100,6.774476432239082
1215370,346674,2348670,2695344,6.774866300905173
1215948,346674,2349552,2696226,6.777410477855276
1215962,346678,2349568,2696246,6.777378431858958
1215999,346687,2349703,2696390,6.777591891244841
1216142,346778,2349895,2696673,6.776367012901626
1216221,346782,2353131,2699913,6.7856203609183865
1216239,346792,2353146,2699938,6.785467946204065
1216244,346794,2353154,2699948,6.785451882097153
1216274,346794,2353215,2700009,6.785627779027319
1216296,346796,2353222,2700018,6.785608830551679
1216354,346806,2353325,2700131,6.785710166490776
1216544,346806,2353646,2700452,6.786635756013449
1216566,346824,2353707,2700531,6.786459414573386
1216620,346841,2353804,2700645,6.786406451371089
1216650,346850,2353849,2700699,6.786360098025083
1216687,346875,2353925,2700800,6.78609009009009
1216714,346896,2353958,2700854,6.785774410774411
1216726,346899,2353974,2700873,6.785761849990919
1217072,346967,2354236,2701203,6.785187063899449
1217103,346979,2354254,2701233,6.785004279797913
1217137,346990,2354316,2701306,6.784967866509121
1217179,347003,2354350,2701353,6.78481165868883
1217431,347181,2354939,2702120,6.783029601274263
1217441,347181,2354968,2702149,6.783113131190935
1217463,347186,2354989,2702175,6.7830759304810675
1217485,347203,2355054,2702257,6.782931023061437
1217503,347219,2355088,2702307,6.78271638360804
1217536,347224,2355104,2702328,6.782664792756261
1217612,347268,2355184,2702452,6.782035776403239
1217662,347268,2355275,2702543,6.782297821855167
1217806,347268,2355450,2702718,6.782801755416566
1217862,347268,2355538,2702806,6.783055162007441
1217918,347322,2355648,2702970,6.782317273308342
1217936,347329,2355685,2703014,6.782287111067604
1218274,347347,2356442,2703789,6.78411502042626
1218294,347347,2356442,2703789,6.78411502042626
1218333,347354,2356484,2703838,6.784099218664532
1218363,347375,2356521,2703896,6.78379560993163
1218371,347378,2356538,2703916,6.783785962265889
1218444,347408,2356643,2704051,6.783502394878644
1218697,347408,2357085,2704493,6.784774674158339
1218763,347426,2357134,2704560,6.784564194965259
1218772,347427,2357152,2704579,6.784596476382089
1218990,347427,2357737,2705164,6.786280283340098
1219026,347444,2357811,2705255,6.786161223103579
1219314,347453,2359589,2707042,6.791102681513759
1219334,347457,2359620,2707077,6.791113720546715
1219365,347470,2359670,2707140,6.791003539873946
1219529,347470,2359953,2707423,6.791817998676144
1219537,347475,2359957,2707432,6.791731779264695
1219984,347543,2361598,2709141,6.795124632059918
1220017,347543,2361654,2709197,6.795285763200525
1220033,347548,2361675,2709223,6.795248426116681
1220177,347620,2361853,2709473,6.794353029169783
1220210,347625,2361882,2709507,6.794338727076592
1220275,347665,2362009,2709674,6.793922310269944
1220323,347685,2362099,2709784,6.793790356213239
1220463,347685,2362419,2710104,6.79471072953967
1220527,347712,2362494,2710206,6.794398812810602
1220536,347712,2362494,2710206,6.794398812810602
1220566,347721,2362538,2710259,6.794349492840524
1220612,347721,2362570,2710291,6.794441520644424
1220695,347721,2362707,2710428,6.794835514679873
1220731,347721,2362739,2710460,6.794927542483773
1220983,347803,2363016,2710819,6.794121959845085
1221077,347853,2363210,2711063,6.793703087223626
1221169,347914,2363376,2711290,6.792989072012049
1221208,347930,2363451,2711381,6.792892248440778
1221214,347937,2363475,2711412,6.792824563067452
1221302,347967,2363796,2711763,6.793161420479528
1221493,348098,2364100,2712198,6.791478261868784
1221552,348126,2364245,2712371,6.791348534725932
1221573,348126,2364275,2712401,6.79143471042094
1221614,348126,2364286,2712412,6.791466308175775
1221617,348127,2364289,2712416,6.791455417132253
1221651,348138,2364351,2712489,6.791418920083415
1222024,348378,2364914,2713292,6.788356325600354
1222044,348383,2364951,2713334,6.788365103922981
1222081,348412,2365006,2713418,6.7879579348587304
1222481,348728,2365931,2714659,6.784459521460852
1222511,348743,2365964,2714707,6.7842623364483305
1222566,348769,2366036,2714805,6.783963024236672
1223567,348814,2367694,2716508,6.787841084360146
1223583,348818,2367765,2716583,6.787966790704608
1223923,348979,2368265,2717244,6.786267941623994
1223970,348979,2368349,2717328,6.786508643786589
1223992,348979,2368373,2717352,6.786577415833045
1225305,348995,2371659,2720654,6.795681886559979
1225308,348996,2371665,2720661,6.7956796066430565
1225354,349012,2371741,2720753,6.795585825129222
1225477,349012,2372040,2721052,6.796442529196704
1225505,349014,2372055,2721069,6.796446560882945
1225528,349019,2372114,2721133,6.7965182411272735
1225667,349101,2372420,2721521,6.795798350620594
1225693,349117,2372459,2721576,6.795598610208039
1226638,349119,2375285,2724404,6.803654341356386
1226748,349119,2375625,2724744,6.804628221322815
1226775,349130,2375680,2724810,6.8045713631025695
1226836,349130,2375823,2724953,6.8049809526537395
1226858,349145,2375880,2725025,6.804851852382248
1227154,349281,2376573,2725854,6.804186314171112
1227232,349338,2376644,2725982,6.803279345504927
1227300,349369,2376837,2726206,6.803228105527394
1227309,349371,2376851,2726222,6.803229231962584
1227930,349390,2377565,2726955,6.8049028306477
1227963,349402,2377607,2727009,6.804789325762303
1228006,349413,2377642,2727055,6.804675269666555
1228463,349427,2378388,2727815,6.806537560062617
1228473,349427,2378404,2727831,6.8065833493118735
1228482,349429,2378420,2727849,6.806590179979338
1228513,349440,2378506,2727946,6.806622023809524
1228567,349440,2378616,2728056,6.806936813186813
1228580,349445,2378629,2728074,6.806876618638126
1228655,349543,2378901,2728444,6.805746360247523
1228932,349548,2379118,2728666,6.806269811299163
1228962,349562,2379170,2728732,6.8061459769654595
1229009,349571,2379180,2728751,6.805999353493282
1229181,349632,2379636,2729268,6.806116144975288
1229201,349632,2379677,2729309,6.8062334111294165
1229262,349632,2379795,2729427,6.806570908841296
1229448,349710,2380054,2729764,6.805793371650797
1229519,349728,2380102,2729830,6.805580336718822
1229540,349733,2380119,2729852,6.8055316484289445
1229564,349756,2380169,2729925,6.805227072587747
1229586,349765,2380205,2729970,6.805154889711663
1229887,349766,2380206,2729972,6.805138292458387
1229909,349775,2380243,2730018,6.805068972911157
1229916,349779,2380258,2730037,6.805034035776877
1230417,349903,2380762,2730665,6.804062840272875
1230417,350015,2381152,2731167,6.802999871434081
1230483,350051,2381256,2731307,6.802597335816781
1230510,350070,2381292,2731362,6.802330962378953
1230531,350085,2381346,2731431,6.802193752945713
1230536,350085,2381372,2731457,6.802268020623563
1230644,350107,2381454,2731561,6.802074794277178
1230704,350140,2381566,2731706,6.801753584280574
1230769,350162,2381657,2731819,6.801586122994499
1231065,350323,2382326,2732649,6.800369944308538
1231099,350345,2382372,2732717,6.800074212561904
1231120,350366,2382401,2732767,6.7997494049080105
1231150,350372,2382461,2732833,6.799804208098821
1231217,350372,2382534,2732906,6.800012558081125
1231238,350387,2382566,2732953,6.7998127784421225
1231389,350387,2382806,2733193,6.800497735361186
1231550,350396,2383721,2734117,6.802934394228244
1231602,350407,2383753,2734160,6.802812158432908
1231768,350453,2384018,2734471,6.802675394418082
1231838,350472,2384079,2734551,6.802480654660001
1231879,350500,2384159,2734659,6.802165477888731
1232178,350748,2384732,2735480,6.79898958796629
1233961,350804,2387177,2737981,6.804873946705283
1233981,350830,2387211,2738041,6.804466550751076
1234034,350830,2387287,2738117,6.804683179887695
1234130,350907,2387450,2738357,6.803654529547715
1234155,350915,2387489,2738404,6.803610560962056
1234185,350930,2387517,2738447,6.803399538369475
1234214,350932,2387532,2738464,6.803403508371992
1234287,350971,2387608,2738579,6.8028640542950845
1234311,350982,2387641,2738623,6.802744870107299
1234338,350982,2387673,2738655,6.802836042873993
1234399,350982,2387791,2738773,6.80317224245118
1234411,350986,2387810,2738796,6.803148843543617
1234443,350988,2387857,2738845,6.803243985549363
1234543,351068,2388041,2739109,6.802217803958207
1234576,351074,2388164,2739238,6.802451904726639
1234837,351191,2388598,2739789,6.80142144872733
1234846,351195,2388601,2739796,6.801352524950526
1234853,351197,2388601,2739798,6.801313792543786
1234884,351197,2388601,2739798,6.801313792543786
1234887,351198,2388604,2739802,6.801302968695722
1234900,351198,2388627,2739825,6.801368458818103
1234960,351204,2388758,2739962,6.8016252662270364
1234976,351211,2388783,2739994,6.801560885052006
1235142,351247,2388885,2740132,6.8011541735587775
1235143,351247,2388887,2740134,6.801159867557588
1235153,351257,2388913,2740170,6.80104026396627
1236172,351257,2390418,2741675,6.805324876087878
1236263,351325,2390599,2741924,6.804522877677364
1236312,351356,2390690,2742046,6.804181513906124
1236650,351356,2391465,2742821,6.806387253953256
1236681,351371,2391545,2742916,6.806324369398727
1237266,351391,2392022,2743413,6.807294438389145
1237287,351393,2392050,2743443,6.807335376629585
1237363,351434,2392231,2743665,6.807056232464702
1237419,351456,2392334,2743790,6.806923199490121
1237690,351693,2393210,2744903,6.8048269371298264
1237885,351693,2393609,2745302,6.80596144933223
1237896,351698,2393624,2745322,6.805907340957298
1238094,351711,2393908,2745619,6.806463261029652
1238224,351742,2394017,2745759,6.806173274729773
1238238,351754,2394048,2745802,6.80602921359814
1238341,351784,2394132,2745916,6.805687581015623
1238383,351804,2394170,2745974,6.80540869347705
1238564,351822,2394287,2746109,6.805393068085566
1238718,351905,2394485,2746390,6.804350605987412
1238738,351905,2394506,2746411,6.804410281183842
1238899,351905,2394870,2746775,6.805444651255311
1238908,351911,2394892,2746803,6.805391135826956
1239053,351926,2395128,2747054,6.805771667907458
1239103,351926,2395235,2747161,6.806075709097936
1239154,351964,2395313,2747277,6.8055625007103
1239162,351967,2395332,2747299,6.805558475652547
1239192,351970,2395438,2747408,6.805801630820809
1239263,351970,2395565,2747535,6.806162457027588
1240182,351990,2396937,2748927,6.809673570271883
1240218,351998,2396963,2748961,6.8095926681401595
1240330,352043,2397102,2749145,6.809117068085433
1240448,352101,2397285,2749386,6.808515170363049
1240494,352114,2397350,2749464,6.808448400234015
1240516,352125,2397387,2749512,6.808340788072417
1241460,352125,2399470,2751595,6.814256301029464
1241463,352125,2399479,2751604,6.814281860134895
1241485,352132,2399502,2751634,6.814211716061022
1241509,352138,2399526,2751664,6.814163765341997
1241544,352142,2399577,2751719,6.814231190826428
1241577,352142,2399650,2751792,6.814438493562256
1241621,352153,2399681,2751834,6.814313664799108
1241766,352153,2399997,2752150,6.815211002036047
1242334,352153,2400786,2752939,6.817451505453596
1242367,352167,2400831,2752998,6.81730826568077
1243192,352167,2402379,2754546,6.821703907521147
1243207,352167,2402402,2754569,6.821769217445133
1243247,352167,2402502,2754669,6.822053173636371
1243251,352168,2402505,2754673,6.82204232071057
1243272,352168,2402534,2754702,6.8221246677722
1243695,352335,2402953,2755288,6.820080321285141
1243849,352379,2403125,2755504,6.819716838971676
1243880,352402,2403182,2755584,6.819433487891669
1243891,352412,2403211,2755623,6.819322270524273
1243922,352424,2403246,2755670,6.819189385512905
1243969,352453,2403330,2755783,6.818866629025714
1243973,352457,2403337,2755794,6.818809102954403
1244014,352471,2403384,2755855,6.818671607025826
1244158,352475,2403575,2756050,6.819136108943897
1244258,352475,2403676,2756151,6.819422654088942
1244275,352480,2403706,2756186,6.8194110304130735
1244313,352503,2403750,2756253,6.819090901354031
1244674,352561,2404058,2756619,6.818842696724822
1244688,352570,2404072,2756642,6.818708341605922
1244725,352586,2404125,2756711,6.818549233378524
1244751,352590,2404178,2756768,6.8186221957514395
1244791,352593,2404247,2756840,6.8187598732816594
1244831,352622,2404325,2756947,6.818420291416872
1244872,352635,2404369,2757004,6.818293703120791
1244914,352638,2404503,2757141,6.818615690878465
1244954,352656,2404549,2757205,6.818398098997323
1244985,352668,2404596,2757264,6.81829936370751
1245052,352736,2404792,2757528,6.817540596933684
1245056,352736,2404794,2757530,6.817546266896489
1245131,352765,2404883,2757648,6.817238104687257
1245177,352804,2405021,2757825,6.816875659006134
1245218,352818,2405083,2757901,6.816780889863896
1245221,352818,2405092,2757910,6.816806398766503
1245230,352818,2405118,2757936,6.816880091151812
1245233,352819,2405121,2757940,6.816869272913307
1245251,352831,2405139,2757970,6.816688442908928
1245318,352852,2405180,2758032,6.816398943466383
1245338,352852,2405195,2758047,6.81644145420743
1245376,352885,2405252,2758137,6.8159655411819715
1245384,352885,2405252,2758137,6.8159655411819715
1245455,352885,2405379,2758264,6.816325431797894
1245546,352885,2405648,2758533,6.817087719795401
1245600,352920,2405710,2758630,6.816587328573048
1245635,352929,2405778,2758707,6.816606172912966
1245674,352954,2405885,2758839,6.816426503170385
1245720,353002,2405990,2758992,6.815797077636954
1245754,353022,2406066,2759088,6.815626221595255
1246809,353022,2408772,2761794,6.8232914662542274
1247802,353030,2410034,2763064,6.826711610911254
1247841,353045,2410073,2763118,6.826532028494951
1247882,353067,2410137,2763204,6.826287928353542
1247887,353068,2410141,2763209,6.826279923414186
1247911,353068,2410196,2763264,6.826435700771523
1247974,353076,2410251,2763327,6.826436801141964
1248391,353076,2411214,2764290,6.829164259252965
1248413,353079,2411220,2764299,6.829123227379708
1248538,353089,2411385,2764474,6.8293971208392215
1248794,353096,2411564,2764660,6.829768674807984
1249387,353148,2412584,2765732,6.831651318993736
1249749,353382,2413359,2766741,6.8293206784725875
1249754,353385,2413362,2766747,6.829271191476718
1249786,353391,2413422,2766813,6.829325025255312
1249820,353401,2413467,2766868,6.829259113584851
1249920,353401,2413808,2767209,6.830224023135192
1250098,353477,2414189,2767666,6.829833341348942
1250196,353515,2414404,2767919,6.82970736743844
1250231,353522,2414443,2767965,6.829682452577209
1250366,353548,2414742,2768290,6.8300259087874915
1250644,353699,2415172,2768871,6.8283257798297425
1251215,353894,2415875,2769769,6.826549757837093
1251254,353894,2415898,2769792,6.82661474904915
1251257,353894,2415907,2769801,6.8266401803929995
1251345,353963,2416067,2770030,6.825761449643042
1251595,354144,2416559,2770703,6.823662126140779
1251843,354283,2416842,2771125,6.821783715278464
1251844,354283,2416842,2771125,6.821783715278464
1251855,354288,2416866,2771154,6.8217551822246305
1251951,354288,2416965,2771253,6.822034615905704
1251955,354288,2416970,2771258,6.8220487287178795
1252193,354392,2417605,2771997,6.821838529086436
1252287,354392,2417774,2772166,6.8223154021535475
1252358,354392,2417946,2772338,6.822800740423034
1252479,354412,2418189,2772601,6.823101362256357
1252544,354412,2418407,2772819,6.82371646558243
1252580,354440,2418455,2772895,6.823312831508859
1253606,354440,2419756,2774196,6.826983410450287
1253846,354574,2420472,2775046,6.826422693147269
1253862,354582,2420495,2775077,6.82633354202977
1253932,354617,2420718,2775335,6.826288643804443
1254004,354642,2420860,2775502,6.826207837763152
1254402,354702,2422159,2776861,6.828715372340725
1254525,354779,2422332,2777111,6.827720919220134
1254545,354784,2422353,2777137,6.827683886533778
1254685,354787,2422611,2777398,6.828353350038192
1255012,354937,2423581,2778518,6.828200497553087
1255358,354937,2423911,2778848,6.829130240014425
1255388,354952,2423933,2778885,6.828903626405824
1255393,354952,2423955,2778907,6.828965606617233
1255553,354987,2424286,2779273,6.829224732173291
1256094,354987,2424759,2779746,6.8305571753331815
1256102,354987,2424777,2779764,6.830607881415376
1256344,354987,2424950,2779937,6.831095223205357
1256404,354999,2425109,2780108,6.831312200879439
1256433,355012,2425150,2780162,6.8311775376606985
1256504,355013,2425253,2780266,6.831448425832294
1256574,355022,2425300,2780322,6.831407631076384
1256685,355022,2425516,2780538,6.832016044076142
1256697,355035,2425541,2780576,6.831836297829791
1256702,355035,2425543,2780578,6.831841931077218
1256705,355035,2425552,2780587,6.831867280690636
1256720,355035,2425578,2780613,6.831940512907178
1256726,355038,2425580,2780618,6.8318884175778365
1256821,355065,2425697,2780762,6.831698421415797
1256858,355093,2425748,2780841,6.8313033487001995
1257495,355303,2426673,2781976,6.829869153933403
1257557,355323,2426773,2782096,6.829766156426688
1257637,355375,2426896,2782271,6.8291129088990505
1257664,355386,2426929,2782315,6.82899438919935
1258048,355515,2428206,2783721,6.8301084342432805
1258142,355557,2428423,2783980,6.82991194098274
1258557,355622,2429473,2785095,6.831616154231178
1258638,355630,2429522,2785152,6.831600258695835
1258799,355678,2429729,2785407,6.83126029723514
1258913,355736,2429913,2785649,6.830663750646547
1259506,355745,2431202,2786947,6.83411432346203
1260843,355745,2434498,2790243,6.8433793869204065
1260892,355763,2434526,2790289,6.843111846931806
1261033,355763,2434526,2790289,6.843111846931806
1261113,355841,2434831,2790672,6.8424689678817225
1261360,355848,2435645,2791493,6.844621861019312
1261368,355848,2435658,2791506,6.84465839347137
1261405,355855,2435735,2791590,6.844740132919307
1261408,355855,2435744,2791599,6.844765424119374
1261429,355862,2435781,2791643,6.844734756731542
1261454,355872,2435807,2791679,6.844615479723046
1261527,355934,2435963,2791897,6.843861502413369
1261593,355962,2436070,2792032,6.843623757592103
1261612,355980,2436098,2792078,6.8433563683353
1261701,356011,2436180,2792191,6.842990806463845
1261705,356011,2436182,2792193,6.842996424267789
1261735,356032,2436230,2792262,6.842727619989215
1262019,356153,2436473,2792626,6.841085151606192
1262077,356182,2436578,2792760,6.8408229500648545
1262093,356182,2436607,2792789,6.840904369114666
1262172,356259,2436774,2793033,6.83989457108452
1262199,356289,2436830,2793119,6.839475818787557
1262207,356289,2436830,2793119,6.839475818787557
1262328,356332,2436968,2793300,6.839037751310576
1262356,356350,2437008,2793358,6.838804546092325
1262440,356389,2437170,2793559,6.838510728445603
1262483,356423,2437282,2793705,6.838172620734352
1262513,356432,2437317,2793749,6.8380981505588725
1262701,356555,2437844,2794399,6.837217259609317
1262870,356583,2438097,2794680,6.8373898923953185
1263017,356706,2438421,2795127,6.835940522447057
1263024,356710,2438432,2795142,6.835894704381711
1263046,356710,2438456,2795166,6.835961985926944
1263234,356710,2438837,2795547,6.837030080457515
1263322,356757,2438960,2795717,6.836474126646428
1263438,356757,2439258,2796015,6.837309429107208
1263524,356757,2439397,2796154,6.837699050053678
1263592,356816,2439526,2796342,6.8369299582978345
1263619,356822,2439588,2796410,6.8369887506936236
1263791,356948,2439929,2796877,6.835530665531114
1263814,356952,2439992,2796944,6.835630560971783
1263861,356973,2440041,2797014,6.835365699926885
1263890,356981,2440073,2797054,6.835302158938431
1263918,357003,2440107,2797110,6.834976176670784
1264113,357003,2440506,2797509,6.836093814337695
1264708,357126,2441774,2798900,6.837289920084228
1264737,357135,2441813,2798948,6.837226818990017
1264807,357186,2441966,2799152,6.8366789291853545
1264955,357270,2442193,2799463,6.835706888347748
1265235,357349,2442697,2800046,6.83560608816591
1266075,357357,2444525,2801882,6.840568395190244
1266105,357357,2444542,2801899,6.840615966666387
1266131,357367,2445571,2802938,6.843303942445721
1266134,357367,2445580,2802947,6.84332912664012
1266156,357387,2445617,2803004,6.843049691231075
1266179,357413,2445673,2803086,6.842708575233694
1266237,357449,2445781,2803230,6.842321561957091
1266256,357451,2445806,2803257,6.842353217643817
1266320,357499,2446029,2803528,6.842058299463774
1266585,357577,2446272,2803849,6.841245382113502
1266622,357577,2446307,2803884,6.84134326312934
1266641,357577,2446338,2803915,6.841429957743367
1266669,357578,2446364,2803942,6.841483536459178
1266743,357612,2446545,2804157,6.841339216804805
1267862,357739,2448462,2806201,6.8442691459415945
1267888,357762,2448524,2806286,6.844002437374567
1267983,357809,2448654,2806463,6.843466765788452
1268085,357833,2448764,2806597,6.843315177750515
1268178,357833,2448916,2806749,6.843739956907273
1268270,357871,2448999,2806870,6.843245191703156
1268303,357883,2449037,2806920,6.843121914145126
1268312,357888,2449045,2806933,6.843048663268956
1268371,357891,2449158,2807049,6.843307040411745
1270248,358153,2450215,2808368,6.841252202271097
1270283,358164,2450292,2808456,6.8412570777632595
1270434,358183,2450393,2808576,6.841176158555822
1270454,358195,2450434,2808629,6.841061433018328
1270647,358297,2450871,2809168,6.8403335780093055
1270659,358306,2450889,2809195,6.840211997566326
1270690,358313,2450938,2809251,6.840215119183507
1271074,358415,2451264,2809679,6.839178047793759
1271102,358436,2451293,2809729,6.8388582620049325
1271222,358512,2451527,2810039,6.838061208550899
1271238,358516,2451544,2810060,6.8380323332849855
1271276,358533,2451585,2810118,6.837822459857252
1271593,358613,2451826,2810439,6.836969100395134
1271595,358615,2451838,2810453,6.836964432608786
1271625,358627,2451855,2810482,6.836783064298003
1271966,358627,2452534,2811161,6.838676396367256
1272046,358639,2452657,2811296,6.838790538675381
1272080,358639,2452697,2811336,6.838902071442313
1272528,358821,2454647,2813468,6.840867730706954
1272547,358832,2454670,2813502,6.8407221206581355
1272747,358859,2455209,2814068,6.841709417905083
1273259,358987,2455846,2814833,6.8410443832227905
1273289,359012,2455901,2814913,6.8407212015197265
1273309,359012,2455929,2814941,6.840799193341727
1273339,359022,2455967,2814989,6.840714496604665
1273405,359057,2456077,2815134,6.84035403849528
1274869,359057,2458163,2817220,6.846163701027971
1274883,359064,2458175,2817239,6.846063654390304
1275516,359064,2459486,2818550,6.8497148140721436
1275866,359099,2460090,2819189,6.850729186101883
1275875,359101,2460113,2819214,6.850755080047118
1275966,359126,2460301,2819427,6.85080166849518
1276036,359126,2460396,2819522,6.851066199606823
1276143,359159,2460491,2819650,6.850701221464588
1276210,359187,2460586,2819773,6.850431669297608
1276230,359192,2460611,2819803,6.850405911044789
1276251,359198,2460620,2819818,6.850316538510794
1276297,359226,2460740,2819966,6.850116639664167
1276393,359226,2460839,2820065,6.850392232188093
1276423,359237,2460858,2820095,6.850235359943436
1276484,359271,2460945,2820216,6.849829237539351
1276512,359290,2461007,2820297,6.849639566923655
1276623,359390,2461298,2820688,6.848543365146498
1276757,359442,2461419,2820861,6.847889228303871
1276797,359481,2461507,2820988,6.847391099946868
1276800,359482,2461510,2820992,6.84738039734952
1276864,359497,2461561,2821058,6.84723655552063
1276884,359497,2461592,2821089,6.847322787116443
1276907,359506,2461614,2821120,6.8472125639071395
1276974,359506,2461766,2821272,6.847635366308212
1277023,359521,2461839,2821360,6.847552715974866
1277079,359525,2461940,2821465,6.847757457756763
1277221,359601,2462095,2821696,6.846741249329118
1277507,359601,2462605,2822206,6.848159487876841
1277514,359601,2462605,2822206,6.848159487876841
1277534,359601,2462626,2822227,6.848217885934689
1277565,359610,2462689,2822299,6.848221684602764
1277663,359611,2462978,2822589,6.849006287349386
1277744,359633,2463048,2822681,6.848781952712905
1277769,359637,2463065,2822702,6.848753048212503
1277808,359637,2463088,2822725,6.848817001587712
1278111,359871,2463738,2823609,6.8461698775394515
1278153,359883,2463800,2823683,6.846113875898556
1278221,359907,2463882,2823789,6.845885187006643
1278248,359921,2463938,2823859,6.845774489401841
1278282,359921,2463976,2823897,6.845880068126061
1278307,359937,2464033,2823970,6.8457341145811625
1278317,359941,2464046,2823987,6.845694155431029
1278347,359945,2464136,2824081,6.845868118740363
1278601,359945,2464880,2824825,6.847935101196016
1278662,359986,2464975,2824961,6.8474190662970225
1278695,360001,2464998,2824999,6.847197646673203
1279073,360209,2465792,2826001,6.845448059321116
1279085,360209,2465813,2826022,6.8455063588083584
1279113,360227,2465863,2826090,6.8453031005449345
1279196,360227,2466172,2826399,6.846160892992474
1279366,360248,2466334,2826582,6.846211498745308
1279538,360248,2466710,2826958,6.847255224178899
1279550,360252,2466716,2826968,6.847195851792634
1279580,360265,2466735,2827000,6.847001512775318
1279755,360290,2467105,2827395,6.847553359793499
1279785,360300,2467154,2827454,6.847499306133777
1279831,360318,2467265,2827583,6.847465294545374
1279888,360318,2467310,2827628,6.8475901842261555
1279921,360328,2467359,2827687,6.847536133744811
1279965,360337,2467437,2827774,6.847581569475241
1280284,360337,2467989,2828326,6.8491134687806134
1280293,360337,2468011,2828348,6.849174522738436
1280337,360346,2468059,2828405,6.849136663096024
1280397,360371,2468159,2828530,6.8489390100757275
1280405,360371,2468159,2828530,6.8489390100757275
1280415,360371,2468175,2828546,6.848983408764856
1280509,360409,2468322,2828731,6.84866915088136
1280574,360420,2468371,2828791,6.848596082348371
1280609,360437,2468415,2828852,6.848395142563056
1280636,360444,2468444,2828888,6.8483425996826135
1280654,360444,2468454,2828898,6.848370343243333
1280697,360444,2468562,2829006,6.848669973699105
1280742,360444,2468699,2829143,6.8490500604809625
1280782,360459,2468737,2829196,6.848870467931166
1280847,360459,2468737,2829196,6.848870467931166
1280867,360461,2468755,2829216,6.8488824033668
1280884,360465,2468781,2829246,6.8488785318963
1281171,360678,2469165,2829843,6.845898557716301
1281392,360681,2469212,2829893,6.845971925330139
1281442,360716,2469288,2830004,6.845518357932557
1281458,360716,2469314,2830030,6.845590436797925
1281490,360722,2469372,2830094,6.845637360626743
1281579,360755,2469450,2830205,6.845227370376017
1281769,360854,2469859,2830713,6.8444828102224164
1281785,360854,2469885,2830739,6.844554861522943
1282065,360946,2470094,2831040,6.843389315853341
1282456,361239,2470630,2831869,6.839322443036328
1282577,361239,2470844,2832083,6.8399148486182275
1282600,361251,2470868,2832119,6.839754076805324
1282657,361278,2470952,2832230,6.839475417822286
1282698,361278,2471016,2832294,6.8396525667214725
1282717,361295,2471066,2832361,6.839469131872846
1282766,361304,2471118,2832422,6.8394426853840535
1282919,361414,2471328,2832742,6.837942083040502
1283920,361420,2473024,2834444,6.8425211665098775
1284002,361450,2473106,2834556,6.842180107898741
1284082,361502,2473247,2834749,6.841585938667006
1284092,361502,2473263,2834765,6.841630198449801
1284199,361542,2473443,2834985,6.841371127005991
1284220,361542,2473472,2835014,6.841451338986895
1284297,361603,2473717,2835320,6.840974770673916
1284318,361627,2473752,2835379,6.840617542384833
1284399,361653,2473862,2835515,6.840429914863142
1284461,361662,2473897,2835559,6.840356465429047
1284800,361662,2474736,2836398,6.842676311030742
1284910,361714,2474987,2836701,6.842386526371664
1285690,362131,2476349,2838480,6.838268471906575
1285703,362134,2476374,2838508,6.838280857362192
1285763,362156,2476482,2838638,6.838163664277273
1285801,362190,2476555,2838745,6.83772329440349
1285822,362194,2476574,2838768,6.837700237994003
1285911,362211,2476737,2838948,6.837829331522235
1285955,362243,2476806,2839049,6.837415767868531
1286031,362298,2476912,2839210,6.836670365279411
1286158,362338,2477142,2839480,6.836550403214678
1286340,362373,2477211,2839584,6.836080502686459
1286350,362374,2477231,2839605,6.836116829573865
1286599,362418,2477743,2840161,6.836699612050174
1287140,362418,2479532,2841950,6.84163590108659
1287175,362437,2479610,2842047,6.841492452481397
1287204,362442,2479632,2842074,6.841458771334448
1287311,362456,2479830,2842286,6.841740790606308
1287438,362538,2480016,2842554,6.84070635354087
1287468,362553,2480044,2842597,6.840500561297245
1288052,362990,2480928,2843918,6.834700680459517
1288168,363051,2481117,2844168,6.834072898848922
1288248,363068,2481313,2844381,6.834292749567574
1288320,363091,2481394,2844485,6.834082915853051
1288452,363133,2481657,2844790,6.834016737669119
1288474,363142,2481669,2844811,6.833880410417963
1288643,363253,2482104,2845357,6.832989679369475
1288781,363308,2482214,2845522,6.8322580290001875
1288823,363317,2482264,2845581,6.832226402838293
1288882,363344,2482353,2845697,6.831963648773614
1288902,363355,2482396,2845751,6.831875163407687
1288934,363358,2482426,2845784,6.831901320460813
1288946,363360,2482429,2845789,6.831871972699251
1289478,363398,2483575,2846973,6.834311140952894
1289525,363422,2483679,2847101,6.834145979054653
1289913,363536,2484674,2848210,6.834739888209146
1289994,363581,2484800,2848381,6.8342405131181225
1290248,363710,2485112,2848822,6.832674383437354
1290359,363735,2485246,2848981,6.832573164529122
1290387,363744,2485257,2849001,6.832434349432568
1290455,363787,2485419,2849206,6.832072064147427
1290518,363797,2485555,2849352,6.832258099984332
1290542,363822,2485624,2849446,6.831978275090567
1290565,363836,2485649,2849485,6.83178410052881
1290591,363848,2485702,2849550,6.831704448011258
1290636,363900,2485815,2849715,6.831038746908491
1290675,363917,2485982,2849899,6.831178537963327
1290912,363917,2486673,2850590,6.833077322576302
1290926,363922,2486683,2850605,6.833010919922401
1291035,363975,2486924,2850899,6.832678068548664
1291172,363998,2487147,2851145,6.832858971752592
1291265,364077,2487287,2851364,6.831760863773322
1291368,364077,2487642,2851719,6.832735932234115
1291437,364082,2487734,2851816,6.832894787437994
1291477,364094,2487779,2851873,6.832793179783243
1291544,364094,2487931,2852025,6.833210654391448
1291605,364095,2487985,2852080,6.833340199673162
1291719,364095,2488144,2852239,6.8337768988862795
1291753,364095,2488208,2852303,6.833952677185899
1291793,364108,2488277,2852385,6.83389818405528
1291807,364114,2488284,2852398,6.833804797398617
1291918,364121,2488513,2852634,6.834302333564941
1292064,364157,2488647,2852804,6.833994678119602
1292120,364176,2488761,2852937,6.83395116646896
1292315,364213,2489011,2853224,6.833943324373375
1292326,364213,2489023,2853236,6.833976272126476
1292396,364213,2489151,2853364,6.834327714826214
1292425,364222,2489179,2853401,6.834235713383595
1292430,364222,2489179,2853401,6.834235713383595
1292471,364222,2489232,2853454,6.8343812290306465
1292660,364298,2489341,2853639,6.83325464317674
1292683,364301,2489414,2853715,6.833398755424772
1292702,364306,2489421,2853727,6.833324183516055
1292775,364338,2489524,2853862,6.8330067135462125
1292803,364355,2489553,2853908,6.832767493241482
1292826,364359,2489580,2853939,6.8327665846047445
1293078,364439,2489861,2854300,6.832037734710061
1293108,364453,2489895,2854348,6.831868581133919
1293111,364454,2489898,2854352,6.831858067136045
1293162,364487,2489998,2854485,6.831513881153511
1293184,364490,2490004,2854494,6.8314741145161735
1293227,364513,2490111,2854624,6.831336605278824
1293262,364524,2490185,2854709,6.831333465011906
1293349,364524,2490404,2854928,6.8319342484994126
1293458,364547,2490824,2855371,6.832655322907609
1293486,364553,2490858,2855411,6.832636132469078
1293487,364553,2490860,2855413,6.832641618639814
1294552,364558,2492184,2856742,6.836179702543903
1294555,364558,2492191,2856749,6.836198903878121
1294566,364566,2492212,2856778,6.836106493748732
1294569,364569,2492218,2856787,6.8360666979364675
1294593,364589,2492259,2856848,6.835804152072607
1294622,364608,2492311,2856919,6.835590552044936
1294768,364682,2492530,2857212,6.834804021037507
1294788,364694,2492556,2857250,6.8346504192555955
1294870,364716,2492688,2857404,6.834600072385089
1294920,364753,2492816,2857569,6.834257703158028
1295096,364849,2493153,2858002,6.8333831256218325
1295159,364887,2493232,2858119,6.83288798998046
1295189,364905,2493261,2858166,6.832630410654828
1295232,364912,2493293,2858205,6.8325870346823345
1295248,364912,2493319,2858231,6.832658284737142
1295318,364933,2493394,2858327,6.832470617894244
1295345,364940,2493425,2858365,6.832424508138324
1296022,365194,2494543,2859737,6.83073380176016
1296052,365204,2494647,2859851,6.830831535251531
1296097,365230,2494668,2859898,6.830402759904717
1296143,365230,2494723,2859953,6.830553349943871
1296147,365230,2494733,2859963,6.83058072995099
1296180,365234,2494794,2860028,6.830672938444942
1296238,365241,2494839,2860080,6.830665231997503
1296284,365268,2494923,2860191,6.83039028877427
1296376,365271,2495120,2860391,6.8308735158279745
1296407,365271,2495180,2860451,6.831037777431003
1296472,365290,2495447,2860737,6.83141339757453
1296499,365308,2495500,2860808,6.831221873049591
1296520,365308,2495546,2860854,6.831347794190108
1296535,365312,2495562,2860874,6.831316792221443
1296561,365322,2495601,2860923,6.831236552958759
1296799,365399,2495816,2861215,6.830385414300531
1297685,365399,2499598,2864997,6.840735743666513
1297724,365411,2499631,2865042,6.840601404993282
1297762,365411,2499722,2865133,6.840850439641938
1297799,365424,2499740,2865164,6.840656333464688
1297833,365424,2499816,2865240,6.840864311046894
1297853,365433,2499837,2865270,6.840753298142204
1297878,365444,2499885,2865329,6.840678736003327
1297902,365450,2499941,2865391,6.840719660692297
1298312,365450,2500796,2866246,6.843059242030374
1298357,365464,2500860,2866324,6.8429722216141675
1298401,365479,2501023,2866502,6.843137362201385
1298471,365504,2501158,2866662,6.843038653475748
1298534,365527,2501246,2866773,6.842848818281549
1298607,365557,2501405,2866962,6.842722202009536
1298631,365567,2501432,2866999,6.842608878810177
1298850,365655,2501732,2867387,6.841782554593811
1298882,365662,2501770,2867432,6.841755500981781
1298897,365676,2501810,2867486,6.841602949058729
1298907,365680,2501824,2867504,6.8415663968497045
1298923,365691,2501843,2867534,6.84141255869026
1298948,365707,2501888,2867595,6.84123629025422
1298969,365719,2501945,2867664,6.841167672447972
1299043,365719,2502174,2867893,6.8417938362513295
1299118,365719,2502280,2867999,6.84208367626511
1299144,365735,2502329,2868064,6.841918328844655
1299214,365748,2502410,2868158,6.841896606406597
1299496,365748,2502737,2868485,6.8427906646106065
1299785,365791,2503051,2868842,6.842844684532971
1299814,365800,2503082,2868882,6.842761071623838
1299938,365865,2503296,2869161,6.842130293960887
1299952,365871,2503319,2869190,6.842080952029541
1300004,365882,2503372,2869254,6.842020104842545
1300051,365913,2503483,2869396,6.84174380248857
1300078,365930,2503552,2869482,6.84161451643757
1300084,365933,2503560,2869493,6.84158028928793
1300208,365973,2504143,2870116,6.842425534124102
1300323,365973,2504401,2870374,6.843130504162875
1300334,365988,2504442,2870430,6.842962064329978
1300372,366007,2504501,2870508,6.842768034491144
1300391,366018,2504535,2870553,6.842655279248562
1300396,366022,2504548,2870570,6.842616017616427
1300441,366059,2504631,2870690,6.842151128643197
1300493,366102,2504721,2870823,6.841593326450006
1300504,366102,2504739,2870841,6.8416424930757005
1300564,366124,2504813,2870937,6.841433503403219
1300976,366348,2505968,2872316,6.840403113979058
1301435,366562,2506731,2873293,6.838491169297417
1301506,366591,2506876,2873467,6.838345731346378
1301528,366600,2507034,2873634,6.83860883797054
1301635,366644,2507168,2873812,6.83815363131539
1301648,366653,2507180,2873833,6.83801850796257
1301656,366653,2507180,2873833,6.83801850796257
1301721,366682,2507282,2873964,6.837755875663381
1301789,366745,2507458,2874203,6.837061173294796
1301797,366757,2507475,2874232,6.836883822258335
1301853,366793,2507591,2874384,6.836529050445346
1301874,366809,2507619,2874428,6.8363071789405385
1301892,366815,2507636,2874451,6.836241702220465
1301920,366815,2507694,2874509,6.8363998200727885
1301943,366821,2507765,2874586,6.836481553673318
1301972,366821,2507782,2874603,6.836527897803015
1302050,366861,2507881,2874742,6.83605234680165
1302105,366862,2507987,2874849,6.836322649933763
1302134,366872,2508025,2874897,6.8362398874811925
1302261,366978,2508217,2875195,6.834788461433655
1302264,366979,2508224,2875203,6.834788911627096
1302297,366993,2508281,2875274,6.834683495325524
1302333,367016,2508338,2875354,6.834410488916014
1302457,367016,2508541,2875557,6.834963598317239
1302817,367119,2509161,2876280,6.834734786268212
1302983,367119,2509450,2876569,6.835521996954666
1304092,367467,2510679,2878146,6.83239311285095
1304107,367469,2510680,2878149,6.832358647940371
1304145,367524,2510751,2878275,6.831529369510562
1304174,367527,2510831,2878358,6.831691277103451
1304258,367573,2511073,2878646,6.831494696291621
1304281,367585,2511101,2878686,6.831347851517336
1304540,367712,2511592,2879304,6.830323731616048
1304649,367712,2511837,2879549,6.83099001392394
1304859,367762,2512093,2879855,6.830757392008962
1305049,367781,2512644,2880425,6.83190268121518
1305054,367781,2512655,2880436,6.831932590318695
1305122,367832,2512837,2880669,6.831480132234281
1305127,367834,2512842,2880676,6.831456580957715
1305168,367844,2512932,2880776,6.831515533758876
1305195,367858,2512957,2880815,6.831323499828739
1305198,367858,2512966,2880824,6.831347965791148
1305298,367862,2513188,2881050,6.831877171330554
1305329,367868,2513222,2881090,6.83185816651625
1307420,369404,2519266,2888670,6.81981245465669
1307607,369463,2519505,2888968,6.819370275237304
1307712,369480,2519587,2889067,6.8192784453827
1307719,369486,2519603,2889089,6.819211012054584
1308008,369681,2520348,2890029,6.817629253329222
1308076,369698,2520388,2890086,6.817423951441447
1308108,369719,2520439,2890158,6.817174665083482
1308148,369731,2520503,2890234,6.817126505486422
1308203,369765,2520595,2890360,6.816748475383013
1308223,369765,2520616,2890381,6.81680526821089
1308264,369773,2520710,2890483,6.816911997360543
1308284,369778,2520728,2890506,6.8168684994780655
1308681,369917,2521301,2891218,6.815855989316522
1308748,369954,2521465,2891419,6.8156176173253975
1308925,370021,2521959,2891980,6.8157185673245575
1309493,370070,2523301,2893371,6.818442456832491
1309501,370077,2523304,2893381,6.8183215925334455
1309520,370082,2523342,2893424,6.818332153414649
1309547,370092,2523370,2893462,6.818223576840353
1309590,370113,2523430,2893543,6.81799882738515
1309653,370130,2523562,2893692,6.818042309458839
1309689,370152,2523631,2893783,6.817823488728955
1309703,370158,2523675,2893833,6.817831844779796
1309800,370218,2523819,2894037,6.817115861465407
1309818,370225,2523849,2894074,6.817067999189682
1310549,370313,2524605,2894918,6.8174895291280615
1310558,370317,2524625,2894942,6.817469897412217
1310776,370403,2525151,2895554,6.817307095244909
1310790,370407,2525162,2895569,6.817263172672223
1310880,370418,2525417,2895835,6.817749137460923
1310912,370418,2525465,2895883,6.8178787207965055
1311130,370490,2525597,2896087,6.816910038057707
1311143,370493,2525621,2896114,6.816919617914508
1311193,370493,2525720,2896213,6.8171868294407725
1311285,370547,2525873,2896420,6.81660626047438
1311330,370547,2525977,2896524,6.816886926624693
1311393,370547,2526115,2896662,6.817259349016454
1311446,370550,2526198,2896748,6.817428147348536
1311490,370581,2526288,2896869,6.8171007148234795
1311522,370588,2526325,2896913,6.8170717886170085
1311523,370588,2526327,2896915,6.817077185445832
1311622,370615,2526689,2897304,6.817557303401103
1311643,370631,2526717,2897348,6.817338538870197
1311756,370704,2526935,2897639,6.816584121023782
1311771,370712,2526990,2897702,6.816585381643971
1311791,370714,2526997,2897711,6.816567488683999
1311944,370811,2527387,2898198,6.815836099792078
1311955,370811,2527397,2898208,6.815863067708348
1311961,370811,2527406,2898217,6.81588733883299
1311995,370832,2527480,2898312,6.815700910385296
1311999,370832,2527490,2898322,6.815727876774388
1312027,370857,2527532,2898389,6.815381670023756
1312114,370908,2527621,2898529,6.814684503974031
1312127,370919,2527654,2898573,6.814571375421588
1312220,370987,2527841,2898828,6.813826360492416
1312264,371002,2527973,2898975,6.8139066635759376
1312341,371034,2528036,2899070,6.813488790784672
1312366,371042,2528064,2899106,6.813417348979361
1312387,371049,2528086,2899135,6.813348102272206
1312392,371051,2528103,2899154,6.8133571934855315
1312410,371051,2528136,2899187,6.813446130046813
1312419,371053,2528151,2899204,6.81344983061719
1312616,371062,2529317,2900379,6.816426904398726
1312706,371138,2529480,2900618,6.815470256346696
1312711,371139,2529483,2900622,6.81545997591199
1312786,371158,2529518,2900676,6.8152053842298965
1312808,371177,2529546,2900723,6.814931959685002
1312819,371177,2529564,2900741,6.814980454069083
1312850,371177,2529624,2900801,6.815142102016019
1312893,371180,2529694,2900874,6.815275607521957
1312938,371190,2529726,2900916,6.815178210619898
1312961,371198,2529766,2900964,6.815139090189064
1313182,371198,2529816,2901014,6.815273789190675
1313206,371216,2529845,2901061,6.815021443041248
1313262,371229,2529886,2901115,6.814893233017894
1313492,371307,2530460,2901767,6.815007527463797
1313510,371312,2530506,2901818,6.8150396432111
1313523,371319,2530534,2901853,6.814986574885745
1313578,371331,2530630,2901961,6.815024869994695
1313626,371331,2530742,2902073,6.815326487688881
1313984,371418,2531082,2902500,6.814645493756361
1314026,371424,2531157,2902581,6.814737335228742
1314292,371424,2531998,2903422,6.817001593865771
1314321,371424,2532070,2903494,6.817195442405445
1314333,371430,2532085,2903515,6.817125703362679
1314417,371430,2532085,2903515,6.817125703362679
1314441,371430,2532100,2903530,6.81716608782274
1314462,371430,2532129,2903559,6.817244164445522
1314523,371430,2532247,2903677,6.817561855531325
1315477,371782,2533813,2905595,6.815319192429972
1315566,371782,2533898,2905680,6.815547821034907
1315609,371800,2533978,2905778,6.815433028509951
1315683,371809,2534152,2905961,6.815736036513371
1315698,371814,2534171,2905985,6.815695482149677
1315719,371830,2534230,2906060,6.815560874593228
1315741,371830,2534283,2906113,6.815703412849959
1316051,371844,2534362,2906206,6.81565925495638
1316124,371844,2534498,2906342,6.81602499973107
1316219,371877,2534624,2906501,6.815758974069383
1316598,372002,2535434,2907436,6.81564615244004
1316687,372035,2535624,2907659,6.815552300186811
1317924,372733,2537723,2910456,6.8084205047580975
1317980,372771,2537849,2910620,6.808064468534301
1318047,372771,2538001,2910772,6.808472225575487
1318189,372771,2538217,2910988,6.80905166979191
1318198,372772,2538234,2911006,6.809079008080006
1318218,372777,2538284,2911061,6.809121807407646
1318226,372783,2538315,2911098,6.809095371838308
1318252,372783,2538354,2911137,6.809199990342908
1318253,372783,2538356,2911139,6.809205355394425
1318274,372785,2538356,2911141,6.809168823852891
1318321,372785,2538470,2911255,6.809474630148745
1319528,372785,2542572,2915357,6.8204782917767615
1319571,372809,2542638,2915447,6.820216250144176
1319625,372809,2542716,2915525,6.820425472561016
1319646,372817,2542751,2915568,6.82037299801243
1319699,372848,2542820,2915668,6.81999098828477
1319755,372848,2542904,2915752,6.820216281165515
1319825,372884,2543001,2915885,6.819817959472651
1319913,372915,2543089,2916004,6.819487014467104
1320024,372944,2543254,2916198,6.819399159123085
1320027,372944,2543263,2916207,6.819423291432494
1320053,372955,2543293,2916248,6.819302596828035
1320059,372955,2543312,2916267,6.819353541311955
1320105,372982,2543386,2916368,6.819058292357272
1320166,372989,2543401,2916390,6.818970532643053
1320235,373005,2543628,2916633,6.819286604737202
1320260,373005,2543672,2916677,6.8194045656224445
1320333,373005,2543808,2916813,6.819769171995014
1320622,373005,2544404,2917409,6.821367005804212
1320719,373043,2544484,2917527,6.820886600204266
1320732,373052,2544512,2917564,6.8207971006722925
1320776,373052,2544655,2917707,6.821180425249027
1320790,373052,2544688,2917740,6.821268884766735
1320801,373055,2544713,2917768,6.8212810443500285
1321229,373055,2545621,2918676,6.823715001809385
1321236,373055,2545626,2918681,6.823728404658831
1321280,373067,2545660,2918727,6.823600050393093
1321661,373291,2546151,2919442,6.820820753781902
1321793,373335,2546502,2919837,6.820957049298887
1322030,373407,2546764,2920171,6.820343485794321
1322053,373412,2546772,2920184,6.820273585208831
1322068,373415,2546795,2920210,6.820280385094332
1322095,373421,2546858,2920279,6.820339509561594
1322172,373424,2547000,2920424,6.820664981361669
1322400,373553,2547345,2920898,6.819233147639023
1322427,373578,2547383,2920961,6.818878520683766
1322586,373666,2547897,2921563,6.818648204546306
1322598,373673,2547908,2921581,6.818549908609934
1322659,373708,2548055,2921763,6.8183046656748045
1322723,373756,2548192,2921948,6.817795567161464
1322777,373756,2548311,2922067,6.8181139566990225
1322870,373777,2548498,2922275,6.818231191325309
1323004,373800,2548558,2922358,6.817972177635099
1323010,373801,2548575,2922376,6.817999416801988
1323035,373801,2548575,2922376,6.817999416801988
1323045,373803,2548592,2922395,6.818008416197837
1323074,373805,2548607,2922412,6.818012065114164
1323085,373805,2548616,2922421,6.818036141838659
1323105,373811,2548674,2922485,6.818081864899642
1323222,373857,2548873,2922730,6.8177752456153025
1323235,373858,2548885,2922743,6.817789107094137
1323418,373916,2549082,2922998,6.817258421677596
1323646,373916,2549805,2923721,6.819192011039913
1323734,373961,2549929,2923890,6.818703019833619
1323778,373987,2550027,2924014,6.818491017067438
1323848,373987,2550107,2924094,6.818704928246169
1323923,373996,2550216,2924212,6.818832286976331
1324060,374027,2550768,2924795,6.819742959732854
1324133,374073,2550921,2924994,6.8193133425828645
1324149,374082,2550945,2925027,6.819213434487626
1324190,374138,2551036,2925174,6.818435978168483
1324223,374138,2551067,2925205,6.818518835296067
1324248,374146,2551104,2925250,6.818471933416367
1324651,374271,2551955,2926226,6.818468435972864
1325112,374479,2552544,2927023,6.816254048958687
1325157,374506,2552585,2927091,6.815872108858069
1325352,374582,2552986,2927568,6.815559743927898
1325406,374587,2553094,2927681,6.8157570871386355
1325407,374587,2553096,2927683,6.815762426352222
1325428,374594,2553144,2927738,6.815763199624127
1325467,374605,2553210,2927815,6.815739245338423
1327806,374605,2556383,2930988,6.824209500674043
1327814,374605,2556383,2930988,6.824209500674043
1327821,374610,2556387,2930997,6.824129094258028
1328113,374694,2556662,2931356,6.823333173202666
1328141,374702,2556683,2931385,6.823243537531158
1328183,374718,2556744,2931462,6.823114982466815
1328329,374779,2556974,2931753,6.822618129617721
1328375,374779,2557013,2931792,6.82272219094453
1328380,374781,2557025,2931806,6.822717800528842
1329498,374788,2559059,2933847,6.82801743919229
1329787,374997,2559991,2934988,6.826697280244908
1329804,375004,2560008,2935012,6.826615182771384
1329818,375018,2560020,2935038,6.826392333168008
1329865,375034,2560059,2935093,6.82620509073844
1329918,375055,2560131,2935186,6.826014851155164
1329924,375058,2560140,2935198,6.825984247769679
1329943,375058,2560155,2935213,6.826024241583968
1330282,375246,2560846,2936092,6.8244458302020545
1330309,375262,2560888,2936150,6.824266778943778
1330361,375270,2560938,2936208,6.824254536733552
1330439,375282,2561055,2936337,6.824348090236143
1330492,375282,2561113,2936395,6.824502640680874
1330502,375282,2561128,2936410,6.824542610623478
1330881,375316,2561530,2936846,6.82499547048354
1330898,375332,2561608,2936940,6.824912344271206
1330922,375338,2561636,2936974,6.824877843437116
1330935,375338,2561662,2937000,6.82494711433428
1331104,375407,2561784,2937191,6.824017666159661
1331207,375407,2561921,2937328,6.824382603414428
1331364,375416,2562231,2937647,6.825044750356938
1331395,375416,2562262,2937678,6.8251273254203335
1331435,375420,2562443,2937863,6.825536732193277
1331480,375425,2562532,2937957,6.8256828927215825
1331514,375425,2562628,2938053,6.825938602916694
1331527,375442,2562644,2938086,6.82567214110302
1331573,375478,2562725,2938203,6.825233435780525
1331593,375479,2562770,2938249,6.825335105292173
1331607,375485,2562826,2938311,6.8253751814320145
1331635,375503,2562861,2938364,6.825141210589529
1331877,375535,2563315,2938850,6.82576857017322
1331940,375561,2563399,2938960,6.825519689211606
1332136,375561,2563727,2939288,6.826393049331533
1332170,375583,2563773,2939356,6.826115665512018
1332367,375601,2564134,2939735,6.826749662540834
1332440,375642,2564264,2939906,6.826350621070062
1332576,375660,2564614,2940274,6.82695522546984
1332603,375664,2564631,2940295,6.8269277865326465
1332604,375664,2564634,2940298,6.826935772392351
1332624,375677,2564658,2940335,6.826763416445511
1332667,375701,2564733,2940434,6.826526945629636
1332689,375712,2564786,2940498,6.826468145813815
1332739,375731,2564887,2940618,6.826391753674836
1332766,375750,2564918,2940668,6.826129075182967
1332871,375750,2565174,2940924,6.826810379241517
1333009,375784,2565343,2941127,6.8266424328869775
1333074,375813,2565454,2941267,6.826411007602185
1333110,375838,2565498,2941336,6.826073999968071
1333295,375842,2565933,2941775,6.8271587528802
1333315,375851,2565962,2941813,6.827072430298177
1333487,375851,2566154,2942005,6.827583271030275
1333795,375910,2566840,2942750,6.828336569923652
1333937,376018,2567150,2943168,6.827199761713535
1333953,376024,2567171,2943195,6.827146671489054
1333984,376024,2567220,2943244,6.827276982320277
1334019,376028,2567249,2943277,6.827281479038795
1334061,376044,2567382,2943426,6.827344672431949
1334074,376044,2567413,2943457,6.827427109593558
1334204,376045,2567798,2943843,6.828432767354971
1334327,376046,2568270,2944316,6.829669774442489
1334354,376053,2568326,2944379,6.829691559434441
1334387,376071,2568387,2944458,6.829526871255694
1334405,376071,2568397,2944468,6.829553461979254
1334436,376071,2568459,2944530,6.829718324465327
1334615,376231,2568848,2945079,6.827847785004425
1334745,376231,2569234,2945465,6.828873750435238
1334761,376249,2569267,2945516,6.828634760491058
1334872,376249,2569445,2945694,6.829107851449439
1334908,376259,2569509,2945768,6.8290964468624
1335028,376303,2569663,2945966,6.828707185433015
1335119,376317,2569741,2946058,6.828660411302174
1335154,376326,2569773,2946099,6.828582133575677
1335521,376461,2570167,2946628,6.82717997348995
1335644,376475,2570768,2947243,6.828522478252208
1335692,376489,2570868,2947357,6.828534167000895
1335803,376489,2571084,2947573,6.829107888942306
1335845,376515,2571161,2947676,6.828840816434936
1335896,376536,2571260,2947796,6.828722884398836
1335932,376540,2571298,2947838,6.828751261486164
1335980,376544,2571348,2947892,6.828811506756183
1336792,376544,2573055,2949599,6.833344841505906
1336844,376569,2573115,2949684,6.833050516638385
1336878,376570,2573184,2949754,6.833215604004567
1336889,376572,2573204,2949776,6.83323242301605
1338487,376664,2576294,2952958,6.839767007200051
1339656,376664,2578820,2955484,6.846473249368137
1339742,376683,2578971,2955654,6.846528778840564
1339767,376692,2579006,2955698,6.846458114321515
1339816,376704,2579126,2955830,6.846558571185865
1339817,376704,2579128,2955832,6.8465638803941555
1339895,376738,2579243,2955981,6.8462512409154375
1339973,376738,2579400,2956138,6.846667976153189
1340035,376748,2579547,2956295,6.846876426683088
1340075,376781,2579596,2956377,6.846406798644305
1340086,376781,2579605,2956386,6.846430685199095
1340100,376789,2579634,2956423,6.846362287646402
1340156,376796,2579677,2956473,6.846349218144566
1340203,376837,2579755,2956592,6.845811318952226
1340259,376837,2579880,2956717,6.846143027356655
1340265,376841,2579897,2956738,6.846115470450402
1340306,376851,2579952,2956803,6.846079750352261
1340315,376855,2579965,2956820,6.8460415809794215
1340394,376921,2580068,2956989,6.845116085333531
1341265,376921,2580303,2957224,6.845739558156749
1341273,376925,2580316,2957241,6.845701399482656
1341304,376947,2580386,2957333,6.845487561911887
1341330,376954,2580436,2957390,6.845493084036779
1341473,376983,2580675,2957658,6.845600464742442
1341478,376983,2580686,2957669,6.84562964377704
1341500,376996,2580737,2957733,6.845528865027745
1341545,377019,2580782,2957801,6.845230611719834
1341561,377019,2580808,2957827,6.845299573761535
1341590,377026,2580819,2957845,6.845201657180142
1341641,377085,2580895,2957980,6.844332179747272
1341732,377144,2581081,2958225,6.843754640137454
1341757,377155,2581118,2958273,6.843653139955721
1341760,377155,2581124,2958279,6.843669048534422
1341780,377162,2581163,2958325,6.843645436178618
1341922,377201,2581298,2958499,6.843295749481046
1341965,377209,2581322,2958531,6.843214239320907
1341975,377213,2581356,2958569,6.843231808023583
1342116,377213,2581775,2958988,6.844342586284142
1342219,377330,2582013,2959343,6.842851085256937
1342948,377339,2582841,2960180,6.844882188165019
1343074,377339,2583230,2960569,6.845913091411171
1343091,377339,2583286,2960625,6.846061499076427
1343099,377339,2583286,2960625,6.846061499076427
1343268,377365,2583431,2960796,6.845974056947518
1343296,377371,2583488,2960859,6.846016254561161
1343324,377386,2583540,2960926,6.845881935206924
1343407,377414,2583677,2961091,6.84573704208111
1343443,377422,2583790,2961212,6.845891336488069
1343809,377689,2584862,2962551,6.843890078874418
1343930,377689,2585006,2962695,6.844271344942532
1344083,377705,2585248,2962953,6.8446221257330455
1344562,377843,2586310,2964153,6.844932948340977
1344681,377920,2586536,2964456,6.844136325148179
1344728,377938,2586595,2964533,6.84396647069096
1344883,377938,2586939,2964877,6.844876672893437
1344903,377946,2586952,2964898,6.844766183528864
1345071,378036,2587265,2965301,6.8439645959644055
1345168,378036,2587334,2965370,6.844147118263869
1345258,378088,2587457,2965545,6.843531135608641
1345554,378088,2588027,2966115,6.845038721144284
1345627,378091,2588089,2966180,6.845148390202358
1345664,378091,2588137,2966228,6.845275343766448
1345676,378097,2588184,2966281,6.845291023203041
1346030,378133,2589012,2967145,6.846829025766066
1346097,378199,2589159,2967358,6.846022860980595
1346125,378216,2589191,2967407,6.845799754637562
1346180,378220,2589229,2967449,6.845827825075353
1346225,378225,2589282,2967507,6.84587745389649
1346328,378225,2589637,2967862,6.846816048648291
1346432,378312,2589834,2968146,6.845762228002283
1347630,378388,2592354,2970742,6.85104707337442
1347673,378409,2592447,2970856,6.850912636855889
1347771,378409,2592529,2970938,6.851129333604645
1347809,378426,2592590,2971016,6.850982754884707
1347819,378438,2592611,2971049,6.850821006347143
1347908,378467,2592693,2971160,6.850512726340738
1347972,378467,2592890,2971357,6.851033247284439
1348014,378471,2592974,2971445,6.851182785471013
1348036,378484,2593035,2971519,6.851108633390051
1348096,378500,2593079,2971579,6.850935270805812
1348274,378607,2593541,2972148,6.850219356747234
1348300,378616,2593576,2972192,6.85014896359372
1348345,378629,2593632,2972261,6.850061669866809
1348439,378690,2593723,2972413,6.849198552906071
1348537,378691,2594012,2972703,6.849943621580655
1348547,378691,2594028,2972719,6.849985872386721
1348570,378691,2594062,2972753,6.850075655349612
1348627,378691,2594135,2972826,6.850268424652289
1348660,378691,2594135,2972826,6.850268424652289
1348712,378695,2594298,2972993,6.850626493616235
1348779,378701,2594354,2973055,6.850665828714474
1348800,378713,2594411,2973124,6.850599266462995
1348810,378713,2594440,2973153,6.850675841600368
1348927,378726,2594687,2973413,6.851092874531983
1348955,378738,2594732,2973470,6.850994618971426
1349019,378808,2594880,2973688,6.850119321661634
1349022,378808,2594889,2973697,6.850143080399569
1349114,378816,2595066,2973882,6.850465661429295
1349148,378829,2595110,2973939,6.850346726359386
1349167,378831,2595132,2973963,6.850368634034702
1349202,378855,2595166,2974021,6.850024415673543
1349221,378867,2595195,2974062,6.849883996230867
1349357,378962,2595402,2974364,6.848713063578934
1349532,379045,2595641,2974686,6.847843923544698
1349567,379052,2595716,2974768,6.847915325601765
1349569,379052,2595721,2974773,6.847928516404082
1349574,379053,2595728,2974781,6.847928917591999
1349654,379114,2595871,2974985,6.84720427101083
1349711,379136,2595927,2975063,6.846954654794058
1349722,379145,2595949,2975094,6.8468501496788825
1349738,379148,2595972,2975120,6.846856636458586
1349893,379162,2596280,2975442,6.847416144022872
1349921,379173,2596356,2975529,6.847417933238917
1349943,379173,2596361,2975534,6.847431119831844
1349970,379192,2596416,2975608,6.847233063988692
1350032,379192,2596530,2975722,6.847533703242685
1350299,379279,2597193,2976472,6.847711051758732
1350326,379297,2597262,2976559,6.847568000801482
1352282,379297,2600923,2980220,6.857220067651471
1352304,379311,2600959,2980270,6.857061883256747
1352551,379426,2601359,2980785,6.856037804473073
1352631,379462,2601468,2980930,6.8556746130047275
1352850,379474,2601565,2981039,6.855713434912537
1353006,379554,2601838,2981392,6.854987696085406
1353027,379574,2601869,2981443,6.854708172846402
1353289,379790,2602472,2982262,6.852397377498091
1353318,379802,2602516,2982318,6.852296723029368
1353540,379891,2602873,2982764,6.851631125770287
1353588,379895,2602913,2982808,6.851664275655115
1353643,379900,2603109,2983009,6.852090023690445
1353678,379938,2603232,2983170,6.8517284399033525
1353696,379947,2603255,2983202,6.851626674246671
1354009,379947,2604041,2983988,6.85369538382985
1354026,379949,2604067,2984016,6.853727737143669
1354049,379952,2604106,2984058,6.853776266475766
1354093,379955,2604294,2984249,6.854216946743693
1354113,379955,2604315,2984270,6.8542722164466845
1354292,379971,2604507,2984478,6.854488895205161
1354391,380002,2604564,2984566,6.854079715369919
1354402,380011,2604590,2984601,6.853985805674046
1354430,380020,2604609,2984629,6.85387348034314
1354458,380031,2604666,2984697,6.853825082690623
1354465,380031,2604672,2984703,6.853840870876323
1354556,380033,2604697,2984730,6.8538705849228885
1354686,380034,2605082,2985116,6.854865617286874
1354702,380036,2605105,2985141,6.854890063046659
1354733,380051,2605159,2985210,6.8547615977855605
1354772,380068,2605218,2985286,6.854610227643474
1354793,380068,2605250,2985318,6.8546944231032345
1354801,380068,2605268,2985336,6.854741783049349
1354804,380068,2605270,2985338,6.854747045265584
1354868,380092,2605382,2985474,6.854608884164886
1354876,380094,2605386,2985480,6.854583339910653
1354886,380100,2605395,2985495,6.854498816101026
1355086,380244,2605884,2986128,6.8531890049547135
1355542,380524,2607100,2987624,6.851341833892212
1355605,380548,2607156,2987704,6.851056896896055
1355651,380580,2607192,2987772,6.850575437490146
1355936,380580,2607792,2988372,6.852151978559042
1356072,380616,2608160,2988776,6.8524707316560525
1356168,380673,2608367,2989040,6.851988452031009
1356233,380694,2608433,2989127,6.851783847394495
1356319,380700,2608607,2989307,6.8521329130548985
1356333,380707,2608656,2989363,6.852135631863875
1356341,380707,2608675,2989382,6.852185539010315
1356657,380757,2609120,2989877,6.852454452577366
1356668,380757,2609132,2989889,6.8524859687412185
1356699,380757,2609181,2989938,6.852614659743616
1356704,380759,2609189,2989948,6.852599675910484
1356708,380759,2609196,2989955,6.852618060242831
1376492,380759,2668544,3049303,7.008485682544602
1376847,380885,2668783,3049668,7.0067947018128836
1377055,380912,2668877,3049789,7.006544818750788
1377091,380937,2669008,3049945,7.006428884566215
1377136,380952,2669105,3050057,7.006407631407631
1377313,381053,2669429,3050482,7.005400823507491
1377337,381072,2669452,3050524,7.005111894865013
1377398,381099,2669668,3050767,7.005182380431331
1377427,381110,2669700,3050810,7.00506415470599
1377490,381123,2669814,3050937,7.0051243299407275
1377579,381167,2669963,3051130,7.004706598420115
1377609,381177,2669995,3051172,7.004606783725146
1377895,381250,2670889,3052139,7.005610491803279
1377966,381293,2671047,3052340,7.005234819417089
1377972,381293,2671061,3052354,7.005271536587349
1378003,381302,2671124,3052426,7.0052714121614885
1379345,382081,2674358,3056439,6.999452995569002
1379515,382081,2674579,3056660,7.000031406952976
1379517,382081,2674591,3056672,7.000062813905952
1379569,382089,2674646,3056735,7.000060195399501
1379605,382098,2674675,3056773,6.999971211573994
1379618,382105,2674684,3056789,6.999866528833698
1379713,382116,2674778,3056894,6.999911021783961
1379903,382207,2675025,3057232,6.998890653494049
1379974,382207,2675248,3057455,6.999474106962981
1380339,382321,2675678,3057999,6.998511721825377
1380391,382333,2675737,3058070,6.99844638051123
1380553,382405,2676085,3058490,6.99803872857311
1380579,382415,2676135,3058550,6.997986480655832
1380632,382441,2676254,3058695,6.997821886251735
1380639,382445,2676259,3058704,6.997761769666226
1380664,382445,2676301,3058746,6.997871589378865
1380673,382445,2676312,3058757,6.997900351684556
1380787,382465,2676584,3059049,6.998245591099839
1380906,382476,2676843,3059319,6.998721488407115
1381001,382519,2676947,3059466,6.998206625030391
1381051,382555,2677015,3059570,6.997725817202755
1381079,382561,2677060,3059621,6.9977336947571755
1381165,382561,2677159,3059720,6.997992477016737
1381219,382561,2677159,3059720,6.997992477016737
1381275,382580,2677185,3059765,6.997712896649067
1381312,382592,2677251,3059843,6.997665920876547
1381318,382592,2677266,3059858,6.997705127132821
1381332,382596,2677282,3059878,6.9976737864483685
1381500,382605,2678245,3060850,7.000026136616093
1381563,382621,2678337,3060958,6.999973864476858
1381588,382630,2678383,3061013,6.999929435747328
1381631,382638,2678482,3061120,7.000041814979171
1381831,382638,2679048,3061686,7.001521019867342
1381996,382647,2679987,3062634,7.003810300355157
1382028,382655,2680058,3062713,7.00384942049627
1382043,382655,2680082,3062737,7.00391214017849
1382048,382674,2680107,3062781,7.003629721381646
1382076,382690,2680152,3062842,7.0034544931929235
1382110,382698,2680252,3062950,7.003569394143685
1382155,382698,2680252,3062950,7.003569394143685
1382181,382702,2680288,3062990,7.003590260829575
1382602,382703,2680810,3063513,7.004935942493265
1382757,382703,2681131,3063834,7.005774713028118
1382763,382705,2681136,3063841,7.005751166041729
1382944,382714,2682187,3064901,7.008332593006789
1382979,382727,2682228,3064955,7.008201668552258
1383029,382771,2682350,3065121,7.007714795530487
1383164,382827,2682695,3065522,7.007590896148913
1383288,382827,2683051,3065878,7.008520820109345
1383346,382842,2683153,3065995,7.008512650127207
1383455,382851,2683537,3066388,7.009350896301695
1383476,382851,2683566,3066417,7.0094266437857025
1383610,382960,2683890,3066850,7.008277626906204
1383641,382982,2683983,3066965,7.008117874991514
1383708,383027,2684108,3067135,7.007620872679994
1383773,383046,2684191,3067237,7.007489962041112
1384001,383243,2684707,3067950,7.005234276947002
1384699,383250,2686596,3069846,7.010035225048924
1384736,383274,2686678,3069952,7.009810214102704
1384745,383276,2686703,3069979,7.00983886285601
1384759,383287,2686724,3070011,7.0096924758731705
1384810,383295,2686771,3070066,7.009668792966253
1385685,383359,2688559,3071918,7.0131625969391616
1385734,383393,2688623,3072016,7.01270758725381
1385964,383493,2688935,3072428,7.011692521115118
1385989,383509,2688967,3072476,7.01148343324407
1386015,383521,2689037,3072558,7.011446570070478
1386037,383521,2689082,3072603,7.011563903932249
1386040,383523,2689083,3072606,7.011529947356482
1386089,383546,2689201,3072747,7.011417144227811
1386341,383629,2689475,3073104,7.01061442174601
1386377,383636,2689515,3073151,7.010590768332482
1386436,383686,2689574,3073260,7.009830955520921
1386463,383707,2689613,3073320,7.009548952716526
1386558,383758,2689801,3073559,7.009107301997613
1386599,383767,2689859,3073626,7.009094059676835
1386617,383767,2689909,3073676,7.009224347064755
1387929,383784,2693191,3076975,7.017465553540533
1387969,383824,2693409,3077233,7.017302201008795
1388014,383845,2693467,3077312,7.017069389988146
1389730,383873,2696914,3080787,7.025537091694389
1389748,383879,2696947,3080826,7.0255132476639774
1389834,383904,2697130,3081034,7.02553242477286
1390221,383960,2697691,3081651,7.025968850921971
1390223,383960,2697693,3081653,7.025974059797895
1390443,384015,2698294,3082309,7.026532817728474
1390475,384030,2698355,3082385,7.026417206989037
1390498,384030,2698376,3082406,7.02647189021691
1390509,384033,2698388,3082421,7.026448247937026
1391268,384055,2699326,3083381,7.02848810717215
1391577,384058,2699769,3083827,7.029586677012326
1391593,384070,2699811,3083881,7.0294763975317
1391617,384082,2699861,3083943,7.029386953827568
1391643,384082,2699910,3083992,7.029514530751245
1391674,384102,2699980,3084082,7.029330750686015
1391867,384141,2700331,3084472,7.029530823317479
1391957,384174,2700424,3084598,7.029169074429816
1391973,384174,2700450,3084624,7.029236752096706
1391982,384184,2700464,3084648,7.0290902275992755
1392174,384274,2700967,3085241,7.028752921092762
1392367,384286,2701217,3085503,7.029183993171753
1392408,384286,2701287,3085573,7.02936614917015
1392503,384335,2701451,3085786,7.028896665669273
1392504,384335,2701451,3085786,7.028896665669273
1392667,384436,2701772,3086208,7.0278850055665965
1392685,384436,2701803,3086239,7.027965643175977
1392718,384449,2701864,3086313,7.027886663770747
1392733,384458,2701875,3086333,7.027750755609195
1392926,384458,2702253,3086711,7.028733957935588
1392933,384461,2702257,3086718,7.028689515971711
1392977,384483,2702303,3086786,7.028406977681718
1392978,384485,2702307,3086792,7.028380821098352
1393054,384514,2702482,3086996,7.028305861425071
1393204,384562,2702655,3087217,7.027878469531571
1393252,384586,2702762,3087348,7.02771811766419
1393539,384634,2702892,3087526,7.0271790845323086
1393560,384634,2702914,3087548,7.027236281763963
1393645,384681,2703097,3087778,7.026853418806752
1393666,384683,2703097,3087780,7.026816885591513
1393768,384683,2703530,3088213,7.027942487710661
1393839,384703,2703664,3088367,7.027925438585091
1393864,384717,2703712,3088429,7.027794456704538
1393922,384728,2703767,3088495,7.027736478759019
1393926,384728,2703769,3088497,7.0277416772369055
1393975,384742,2703813,3088555,7.027600313976639
1394599,384742,2704851,3089593,7.030298225824058
1394608,384744,2704853,3089597,7.030266878755744
1394638,384755,2704879,3089634,7.030133461553456
1394655,384760,2704892,3089652,7.03007589146481
1394671,384760,2704918,3089678,7.030143466056763
1394730,384800,2705019,3089819,7.029675155925156
1394817,384817,2705100,3089917,7.029575096734292
1394891,384837,2705136,3089973,7.029303315429649
1394901,384843,2705164,3090007,7.029266480097078
1394942,384851,2705230,3090081,7.029291855809132
1394951,384856,2705251,3090107,7.029255098010685
1395149,384958,2705529,3090487,7.028114755375912
1395448,385056,2705930,3090986,7.027367447851741
1395461,385062,2705969,3091031,7.027359230461588
1402767,385389,2717999,3103388,7.052611776672401
1402789,385391,2718006,3103397,7.052593340270011
1402862,385457,2718165,3103622,7.051798255058282
1402886,385457,2718211,3103668,7.051917593920982
1403197,385535,2718431,3103966,7.0510615119249875
1403238,385545,2718467,3104012,7.05097200067437
1403247,385545,2718498,3104043,7.051052406333891
1403258,385550,2718517,3104067,7.051010245104396
1403480,385642,2718878,3104520,7.050264234704726
1403544,385660,2718982,3104642,7.050204843644661
1403572,385679,2719045,3104724,7.050020872279798
1403588,385681,2719085,3104766,7.050088026114846
1403598,385681,2719111,3104792,7.050155439339766
1403847,385691,2719382,3105073,7.050675281507735
1403868,385710,2719409,3105119,7.050397967384823
1404091,385710,2719887,3105597,7.051637240413783
1404101,385710,2719903,3105613,7.051678722356175
1404291,385798,2720236,3106034,7.05093339001239
1404318,385823,2720269,3106092,7.050562045290198
1404349,385831,2720312,3106143,7.050527303404858
1404379,385840,2720424,3106264,7.050653120464442
1404521,385911,2720728,3106639,7.0501436859794095
1404670,385977,2721032,3107009,7.049725760861398
1404709,385982,2721080,3107062,7.049758797042349
1404726,385991,2721132,3107123,7.049729138762303
1404731,385993,2721139,3107132,7.049710746049799
1404803,386022,2721253,3107275,7.049476454709835
1404838,386032,2721277,3107309,7.049356011936834
1404982,386087,2721425,3107512,7.0487351296469445
1405000,386087,2721479,3107566,7.048874994496059
1405041,386120,2721578,3107698,7.0485289547290995
1405060,386130,2721599,3107729,7.04840079765882
1405068,386134,2721615,3107749,7.048369218975796
1405202,386237,2722141,3108378,7.047851448721898
1405220,386237,2722161,3108398,7.047903230399988
1405335,386274,2722259,3108533,7.047481839316133
1405525,386274,2722829,3109103,7.04895747578144
1405609,386287,2723066,3109353,7.049333785501454
1405709,386287,2723185,3109472,7.04964184660628
1405731,386298,2723202,3109500,7.049485112529705
1405905,386298,2723617,3109915,7.050559412681402
1405924,386312,2723655,3109967,7.05040226552631
1405982,386331,2723796,3110127,7.050420494342934
1406030,386353,2723869,3110222,7.050207970431186
1406103,386353,2723991,3110344,7.050523743830125
1406130,386366,2724026,3110392,7.050377103575366
1406269,386422,2724169,3110591,7.049725429711559
1406335,386464,2724312,3110776,7.049329303635009
1406346,386464,2724322,3110786,7.0493551792663744
1406507,386540,2724501,3111041,7.048432245045791
1406688,386622,2724756,3111378,7.04759687757034
1406740,386661,2724811,3111472,7.047028275414381
1406763,386661,2724824,3111485,7.047061896596761
1407077,386661,2725668,3112329,7.049244687206623
1407092,386673,2725688,3112361,7.049077644417893
1407160,386715,2725789,3112504,7.0485732386899915
1407520,386822,2726065,3112887,7.047337018059986
1407579,386833,2726140,3112973,7.047330501792763
1407607,386841,2726194,3113035,7.047324352899512
1407870,386841,2726685,3113526,7.048593608226636
1407886,386847,2726697,3113544,7.048515304500229
1407910,386868,2726775,3113643,7.048334315580508
1408026,386874,2727055,3113929,7.0489487533408814
1408190,386910,2727193,3114103,7.048649556744462
1408224,386910,2727295,3114205,7.048913183944586
1408398,386979,2727482,3114461,7.048139563128749
1408431,386991,2727533,3114524,7.048052797093472
1408449,386991,2727553,3114544,7.048104477881915
1408510,387038,2727633,3114671,7.04745528862799
1408532,387061,2727674,3114735,7.0471424400805045
1408545,387063,2727685,3114748,7.047134445813731
1408600,387112,2727772,3114884,7.046467172291223
1408750,387173,2727955,3115128,7.0458296420463205
1408927,387303,2728268,3115571,7.044272830316316
1409581,387477,2729695,3117172,7.044792336061237
1409765,387597,2730069,3117666,7.043576188670191
1409775,387601,2730078,3117679,7.043526719487308
1409802,387601,2730116,3117717,7.043624758450056
1409805,387601,2730125,3117726,7.04364797820439
1409993,387601,2730506,3118107,7.044630947804572
1410073,387620,2730654,3118274,7.044667457819514
1410131,387634,2730703,3118337,7.04453943668512
1410398,387805,2731189,3118994,7.0426864016709425
1410415,387815,2731228,3119043,7.042605365960574
1410452,387839,2731290,3119129,7.042329420197556
1410453,387839,2731299,3119138,7.042352625702933
1410487,387856,2731356,3119212,7.042190916216327
1410566,387884,2731493,3119377,7.042035763269431
1410596,387893,2731526,3119419,7.041957447027918
1410893,388049,2731986,3120035,7.040311919371007
1411038,388049,2732322,3120371,7.041177789402885
1411065,388051,2732382,3120433,7.0412961182937295
1411564,388060,2733485,3121545,7.043975158480647
1411746,388060,2733725,3121785,7.044593619543369
1411761,388070,2733739,3121809,7.0444481665678875
1411763,388070,2733739,3121809,7.0444481665678875
1411817,388073,2733875,3121948,7.044744158959784
1411867,388073,2733987,3122060,7.045032764454111
1412300,388146,2734369,3122515,7.044691945814204
1412455,388146,2734691,3122837,7.045521530558089
1412474,388153,2734710,3122863,7.045443420506862
1412495,388158,2734777,3122935,7.045525275789756
1412535,388176,2734844,3123020,7.0453711718395775
1412569,388191,2734888,3123079,7.045212279522194
1412663,388238,2734947,3123185,7.044511356436001
1412771,388307,2735139,3123446,7.043754039973526
1412785,388314,2735152,3123466,7.043660542756635
1412910,388359,2735399,3123758,7.043480387991523
1412927,388359,2735424,3123783,7.043544761419202
1412947,388359,2735445,3123804,7.043598835098453
1413001,388359,2735541,3123900,7.04384602906074
1413033,388373,2735588,3123961,7.043713131448376
1413046,388378,2735603,3123981,7.043661072460335
1413088,388392,2735662,3124054,7.043559084636141
1413121,388414,2735729,3124143,7.043332629616852
1413269,388424,2736075,3124499,7.044042077729491
1413446,388424,2736557,3124981,7.045282989722571
1413469,388433,2736603,3125036,7.0452381749233455
1413480,388434,2736610,3125044,7.045238058460382
1413683,388606,2737116,3125722,7.043421872024622
1413704,388606,2737160,3125766,7.043535097245025
1413715,388611,2737182,3125793,7.04350108463219
1413739,388611,2737214,3125825,7.043583429187542
1413746,388616,2737233,3125849,7.043541696687733
1413802,388616,2737425,3126041,7.044035757663091
1413877,388631,2737555,3126186,7.044098386387087
1413881,388631,2737560,3126191,7.044111252061724
1413907,388641,2737593,3126234,7.044014913506295
1413942,388646,2737611,3126257,7.043970605641123
1413962,388651,2737619,3126270,7.043900568890856
1414092,388729,2737866,3126595,7.043122586686355
1414288,388881,2738352,3127233,7.041619415708147
1414342,388912,2738468,3127380,7.0413563993911215
1414354,388917,2738484,3127401,7.041307014092982
1414375,388928,2738509,3127437,7.041172144972848
1414497,388947,2738642,3127589,7.041170133720018
1414611,388958,2738681,3127639,7.04107127247672
1414625,388965,2738690,3127655,7.040967696322292
1414676,388979,2738771,3127750,7.040922517668049
1414749,389021,2738866,3127887,7.040406559028947
1414795,389036,2738908,3127944,7.040243062338704
1414882,389058,2739009,3128067,7.040104560245516
1414896,389066,2739023,3128089,7.039995784776876
1414903,389068,2739025,3128093,7.03996473624148
1414914,389069,2739047,3128116,7.040003187095349
1414919,389070,2739050,3128120,7.039992803351582
1414951,389070,2739098,3128168,7.040116174467319
1415071,389126,2739306,3128432,7.039637546707236
1415312,389145,2739793,3128938,7.040545298025158
1415617,389145,2740632,3129777,7.042701306710866
1415624,389149,2740644,3129793,7.042659752434157
1415691,389163,2740768,3129931,7.0427250278161075
1415760,389194,2740872,3130066,7.042431281057776
1416148,389279,2741327,3130606,7.042062376855674
1416188,389291,2741365,3130656,7.041942916738378
1416213,389303,2741417,3130720,7.041859425691556
1416245,389308,2741505,3130813,7.041995027073679
1416301,389308,2741593,3130901,7.042221069179159
1416320,389322,2741613,3130935,7.0420192026137745
1416322,389322,2741613,3130935,7.0420192026137745
1416469,389466,2741879,3131345,7.040098493835148
1416578,389534,2742156,3131690,7.039580627108289
1416607,389547,2742186,3131733,7.03942271407558
1416627,389547,2742207,3131754,7.0394766228465375
1416652,389559,2742241,3131800,7.039347056543424
1417064,389742,2743137,3132879,7.038340748495158
1417064,389742,2743137,3132879,7.038340748495158
1417120,389742,2743329,3133071,7.038833382083532
1417140,389742,2743353,3133095,7.038894961282079
1417188,389780,2743431,3133211,7.0384088460157015
1417589,389883,2743757,3133640,7.037385574646753
1417607,389883,2743784,3133667,7.037454826191447
1420424,390152,2749575,3139727,7.047445610941376
1420447,390164,2749617,3139781,7.047336504649327
1420822,390164,2749617,3139781,7.047336504649327
1420911,390182,2749660,3139842,7.047121599663747
1420938,390195,2749690,3139885,7.04696369763836
1420983,390202,2749827,3140029,7.0471883793522325
1421007,390202,2749859,3140061,7.047270388157928
1421101,390216,2749972,3140188,7.047307132459971
1421148,390246,2750038,3140284,7.046934497727075
1421152,390247,2750041,3140288,7.046924127539738
1421155,390247,2750050,3140297,7.046947189856681
1421195,390250,2750075,3140325,7.046957078795644
1421246,390285,2750203,3140488,7.046653086846791
1421315,390303,2750245,3140548,7.046435717890972
1421366,390303,2750369,3140672,7.046753419778992
1421390,390320,2750385,3140705,7.046487497437999
1421472,390338,2750449,3140787,7.046326517018584
1421503,390349,2750478,3140827,7.0462022446579855
1421541,390371,2750535,3140906,7.045951159281811
1421634,390422,2750654,3141076,7.045335559983813
1421666,390429,2750729,3141158,7.045401340576648
1421905,390528,2751089,3141617,7.044537139462471
1421987,390558,2751172,3141730,7.044208542649235
1421996,390563,2751178,3141741,7.044133724904817
1422060,390572,2751314,3141886,7.044319613285131
1422076,390578,2751343,3141921,7.044285648449222
1422195,390588,2751404,3141992,7.04426147244667
1422382,390597,2752497,3143094,7.046897441608614
1422738,390716,2752821,3143537,7.0455804215849875
1422768,390725,2752864,3143589,7.045528184784695
1422776,390728,2752878,3143606,7.045509919944309
1422870,390776,2753027,3143803,7.045025794828751
1422954,390820,2753171,3143991,7.044601095133309
1422980,390822,2753209,3144031,7.044662275921008
1423415,390822,2753976,3144798,7.046624806177748
1424009,390822,2754496,3145318,7.047955335165369
1424040,390822,2754545,3145367,7.048080711935357
1424062,390839,2754583,3145422,7.047871374146387
1424136,390843,2754735,3145578,7.048188147158833
1424259,390843,2755072,3145915,7.049050385960603
1424297,390855,2755102,3145957,7.048910721367259
1424306,390856,2755118,3145974,7.048933622612932
1424323,390871,2755162,3146033,7.048775683025857
1424355,390890,2755199,3146089,7.048527718795569
1424370,390896,2755230,3146126,7.048498833449306
1424420,390896,2755312,3146208,7.048708607916172
1424429,390898,2755328,3146226,7.048713475126504
1424500,390898,2755500,3146398,7.049153487610579
1425769,390898,2758351,3149249,7.056446950355336
1426024,391006,2758775,3149781,7.055582267279786
1426052,391013,2758803,3149816,7.055527565579661
1426111,391025,2758908,3149933,7.055579566523879
1426309,391025,2759143,3150168,7.0561805511156575
1426310,391027,2759151,3150178,7.056164919557984
1426331,391033,2759189,3150222,7.056153828449261
1426351,391033,2759226,3150259,7.056248449619342
1426407,391060,2759387,3150447,7.056172965785302
1426472,391100,2759529,3150629,7.055814369726413
1426482,391104,2759539,3150643,7.055767775323187
1426570,391116,2759721,3150837,7.056016629337588
1426582,391122,2759749,3150871,7.055979975557499
1426710,391122,2760129,3151251,7.056951539417368
1426720,391128,2760137,3151265,7.056863737702235
1426755,391142,2760202,3151344,7.056777334062821
1428000,391142,2762222,3153364,7.061941698922642
1428039,391142,2762274,3153416,7.062074642968538
1428052,391150,2762289,3153439,7.06196855426307
1428059,391154,2762304,3153458,7.061934685571412
1428122,391178,2762411,3153589,7.061774946443818
1428271,391234,2762735,3153969,7.061592295148172
1428648,391234,2763393,3154627,7.063274153064406
1428666,391234,2763409,3154643,7.063315049305531
1428684,391247,2763440,3154687,7.063159589722094
1428944,391247,2763758,3155005,7.063972375507032
1428954,391247,2763786,3155033,7.06404394155099
1428963,391249,2763806,3155055,7.064058949671437
1429006,391267,2763840,3155107,7.063820869125175
1429217,391402,2764115,3155517,7.062087061384459
1429563,391495,2765161,3156656,7.063081265405688
1429563,391495,2765161,3156656,7.063081265405688
1429578,391501,2765180,3156681,7.063021550391953
1429592,391508,2765205,3156713,7.062959122163532
1429682,391542,2765298,3156840,7.062583324394318
1429964,391688,2765853,3157541,7.061367721247524
1430264,391688,2766075,3157763,7.0619344988868695
1430577,391688,2766861,3158549,7.063941198096444
1430623,391718,2766994,3158712,7.063739731133111
1430708,391718,2767191,3158909,7.064242643942836
1430730,391718,2767212,3158930,7.064296253937782
1430920,391718,2767530,3159248,7.065108062432668
1430972,391756,2767614,3159370,7.064637172117338
1431015,391770,2767655,3159425,7.064489368762284
1431021,391770,2767668,3159438,7.064522551497052
1431072,391790,2767715,3159505,7.064281885704077
1431126,391790,2767834,3159624,7.064585619847367
1431557,391790,2769304,3161094,7.068337629852727
1431582,391799,2769342,3161141,7.068272251843419
1432082,391930,2769800,3161730,7.067078304799327
1432179,391944,2769865,3161809,7.066991713101872
1432238,391944,2769941,3161885,7.067185618353642
1432239,391944,2769941,3161885,7.067185618353642
1432300,391958,2770035,3161993,7.067173013435113
1432613,391958,2770630,3162588,7.068691033222947
1432677,391971,2770770,3162741,7.068813764283582
1432743,392002,2770898,3162900,7.068581282748557
1432782,392003,2770959,3162962,7.068718861845445
1433233,392141,2771547,3163688,7.067730739708421
1433384,392159,2771802,3163961,7.068056579091644
1433391,392159,2771802,3163961,7.068056579091644
1433459,392159,2772018,3164177,7.0686073760898
1433694,392187,2772525,3164712,7.0693954669583645
1433712,392195,2772563,3164758,7.06934815589184
1433774,392195,2772627,3164822,7.069511340022183
1433795,392199,2772636,3164835,7.069462186288083
1433888,392223,2772834,3165057,7.069534423019558
1433968,392229,2772883,3165112,7.069551206055646
1433989,392240,2772931,3165171,7.069475321231899
1434380,392248,2774022,3166270,7.072112541045461
1434427,392286,2774122,3166408,7.071682394987331
1434593,392286,2774537,3166823,7.0727402966203226
1434733,392286,2774733,3167019,7.073239932090362
1434752,392288,2774763,3167051,7.0732803450526145
1434817,392295,2774801,3167096,7.073250997336189
1434888,392295,2774928,3167223,7.073574733300195
1434935,392303,2774961,3167264,7.0735146047825275
1434963,392315,2774990,3167305,7.073372162675401
1435298,392315,2775641,3167956,7.075031543530072
1435328,392328,2775668,3167996,7.074865928508799
1435661,392442,2775998,3168440,7.073651647886821
1435689,392460,2776040,3168500,7.0734342353360855
1435764,392508,2776245,3168753,7.073091503867437
1435809,392528,2776322,3168850,7.072927281620674
1435835,392539,2776358,3168897,7.072820789781398
1435862,392558,2776391,3168949,7.0725625257923666
1436010,392587,2776797,3169384,7.073074248510522
1436063,392610,2776925,3169535,7.072985914775477
1436159,392671,2777110,3169781,7.072358284670882
1436175,392671,2777136,3169807,7.072424497862078
1436252,392683,2777280,3169963,7.072575079644395
1436280,392683,2777327,3170010,7.072694769063086
1436504,392848,2777610,3170458,7.070444548527675
1436784,393010,2778010,3171020,7.068547874099895
1436810,393021,2778057,3171078,7.068469623760563
1436845,393039,2778108,3171147,7.068275667300192
1436915,393062,2778229,3171291,7.068169907037567
1437038,393112,2778468,3171580,7.067878874213965
1437114,393112,2778538,3171650,7.06805694051568
1437119,393113,2778543,3171656,7.068051679796903
1437181,393181,2778664,3171845,7.067137018319807
1437516,393417,2779470,3172887,7.064946354631346
1437612,393450,2779699,3173149,7.0649358241199645
1438077,393651,2780675,3174326,7.063807789133014
1438235,393694,2780855,3174549,7.063493474627503
1438689,393695,2781379,3175074,7.0648065126557364
1438699,393695,2781379,3175074,7.0648065126557364
1438714,393700,2781396,3175096,7.0647599695199395
1438749,393703,2781481,3175184,7.064922035138163
1438785,393703,2781514,3175217,7.065005854667096
1438804,393708,2781534,3175242,7.064966929805846
1438834,393717,2781640,3175357,7.065074660225492
1438909,393777,2781815,3175592,7.0644425652082266
1439034,393830,2782008,3175838,7.063981921133484
1439380,393838,2782331,3176169,7.064658565196858
1439471,393838,2782511,3176349,7.065115605909028
1439482,393838,2782521,3176359,7.0651409970597046
1439494,393843,2782543,3176386,7.065107161990945
1439503,393843,2782563,3176406,7.065157943647596
1439552,393855,2782613,3176468,7.0650696322250575
1439587,393865,2782636,3176501,7.0649486499181195
1439619,393865,2782715,3176580,7.065149226257728
1439634,393865,2782759,3176624,7.065260939662067
1439655,393867,2782782,3176649,7.065283458629436
1439841,393892,2782995,3176887,7.065375788287144
1440065,394101,2783617,3177718,7.063207147406375
1440070,394103,2783620,3177723,7.063178915156698
1440100,394106,2783711,3177817,7.063356051417639
1440359,394106,2784207,3178313,7.064614596073137
1440374,394111,2784222,3178333,7.064563029197358
1440383,394113,2784236,3178349,7.064562701560212
1440404,394117,2784249,3178366,7.064523986531918
1440545,394192,2784482,3178674,7.063770954255794
1440572,394200,2784528,3178728,7.063744292237443
1440612,394200,2784628,3178828,7.063997970573313
1440668,394200,2784820,3179020,7.064485032978184
1440698,394218,2784863,3179081,7.064271545185659
1440796,394241,2785099,3179340,7.0644580345524695
1440823,394257,2785129,3179386,7.064247432512295
1440852,394275,2785160,3179435,7.064003550821127
1440878,394287,2785192,3179479,7.0638697192654085
1440905,394310,2785266,3179576,7.063645355177399
1440978,394310,2785344,3179654,7.063843169080165
1441135,394371,2785647,3180018,7.063518869288056
1441149,394380,2785684,3180064,7.063451493483442
1441349,394434,2785796,3180230,7.062768422600485
1441579,394525,2786007,3180532,7.0616741651352894
1441677,394555,2786197,3180752,7.061618785720622
1441718,394571,2786259,3180830,7.061489567150145
1441751,394608,2786339,3180947,7.061030186919678
1442029,394756,2786608,3181364,7.059064333411018
1442077,394769,2786693,3181462,7.0590471896222855
1442113,394789,2786760,3181549,7.0588592893925615
1442142,394789,2786800,3181589,7.058960609338153
1442177,394792,2786884,3181676,7.059119739001804
1442213,394808,2786977,3181785,7.059069218455553
1442259,394813,2787081,3181894,7.059243236671538
1443439,395134,2788947,3184081,7.058230878638639
1443552,395146,2789013,3184159,7.0581835574698975
1443573,395164,2789060,3184224,7.05798099017117
1443730,395229,2789260,3184489,7.05732625895367
1444261,395509,2790091,3185600,7.0544311254611145
1444305,395528,2790155,3185683,7.054254060395219
1444370,395540,2790217,3185757,7.054196794255954
1444377,395552,2790223,3185775,7.053997957285009
1444533,395642,2790581,3186223,7.053298183711537
1444543,395649,2790610,3186259,7.053246690880048
1444544,395649,2790612,3186261,7.053251745865654
1444870,395649,2791552,3187201,7.05562758910044
1444999,395649,2791834,3187483,7.056340342070876
1445003,395649,2791843,3187492,7.056363089506102
1445073,395662,2791988,3187650,7.056497717748988
1445192,395666,2792012,3187678,7.056487037046398
1445198,395666,2792060,3187726,7.056608351488377
1445474,395765,2792758,3188523,7.056606824757116
1445483,395765,2792780,3188545,7.056662413300822
1445555,395845,2792935,3188780,7.0556278341269945
1445563,395845,2792953,3188798,7.055673306470967
1445576,395845,2792967,3188812,7.055708673849613
1445601,395853,2793001,3188854,7.055651971817821
1445623,395853,2793033,3188886,7.055732809906708
1445645,395860,2793069,3188929,7.0556989844894655
1445684,395882,2793160,3189042,7.055536750850001
1445701,395882,2793209,3189091,7.055660525105966
1445712,395882,2793227,3189109,7.055705993199994
1445838,395931,2793481,3189412,7.05547431244333
1445865,395952,2793514,3189466,7.055183456580596
1445909,395971,2793571,3189542,7.0549888754479495
1446081,396099,2794052,3190151,7.053923387839909
1446179,396121,2794219,3190340,7.053953211266254
1446240,396166,2794342,3190508,7.053462437463084
1446302,396195,2794410,3190605,7.053117782909931
1446322,396195,2794431,3190626,7.053170787112407
1446337,396202,2794470,3190672,7.053144608053468
1446353,396202,2794496,3190698,7.053210231144719
1446560,396269,2794618,3190887,7.052325566723614
1446569,396273,2794640,3190913,7.052309897469674
1446575,396281,2794650,3190931,7.052192762206616
1447346,396296,2795766,3192062,7.05474191008741
1447386,396312,2795856,3192168,7.0546841882153455
1447444,396324,2795916,3192240,7.054621975959064
1447448,396324,2795926,3192250,7.05464720784005
1447533,396345,2796016,3192361,7.054500498303246
1447544,396347,2796022,3192369,7.054480038955764
1447640,396372,2796139,3192511,7.054330275599689
1447699,396418,2796216,3192634,7.053705936662816
1447707,396423,2796223,3192646,7.05363462765783
1447749,396442,2796312,3192754,7.053521069916911
1447906,396480,2796532,3193012,7.05339991928975
1447978,396501,2796701,3193202,7.053452576412165
1448014,396524,2796801,3193325,7.053295639103812
1448045,396538,2796847,3193385,7.053162622497718
1448074,396556,2796892,3193448,7.052955950735836
1448436,396599,2797880,3194479,7.0546824374242
1448471,396610,2797896,3194506,7.054527117319281
1448484,396619,2797944,3194563,7.0544880603299385
1448499,396625,2797979,3194604,7.054469587141506
1448957,396650,2799199,3195849,7.057100718517585
1448980,396660,2799225,3195885,7.0569883527454245
1449011,396670,2799266,3195936,7.056913807446996
1449271,396714,2799701,3196415,7.057227624938873
1450074,396714,2801647,3198361,7.062132921953851
1450077,396714,2801656,3198370,7.062155608322368
1450199,396749,2801856,3198605,7.062036703306121
1450311,396801,2802136,3198937,7.061816880501813
1459142,396811,2828617,3225428,7.128373457389034
1459192,396826,2828664,3225490,7.128222445101883
1459248,396857,2828933,3225790,7.128343458726947
1459257,396865,2828948,3225813,7.128237561891323
1459277,396869,2828968,3225837,7.128216111613656
1459332,396881,2829072,3225953,7.128262627840587
1459368,396894,2829110,3226004,7.128124889769056
1459602,397049,2829417,3226466,7.126115416485119
1459627,397062,2829460,3226522,7.125990399484212
1459849,397263,2829960,3227223,7.123643530859909
1459907,397263,2830057,3227320,7.123887701598186
1459998,397296,2830283,3227579,7.123864826225283
1460064,397319,2830429,3227748,7.123819902899181
1460079,397322,2830453,3227775,7.1238265185416365
1460154,397349,2830617,3227966,7.123755187505191
1460284,397349,2830617,3227966,7.123755187505191
1460287,397349,2830622,3227971,7.123767770901651
1460297,397358,2830649,3228007,7.123674369208623
1460308,397365,2830659,3228024,7.123574044014949
1460350,397380,2830739,3228119,7.123506467361216
1460411,397380,2830857,3228237,7.123803412350898
1460427,397380,2830864,3228244,7.123821027731642
1460491,397439,2830963,3228402,7.12301258809528
1460500,397441,2830979,3228420,7.1230170012655964
1460519,397455,2831020,3228475,7.122869255639003
1460592,397455,2831114,3228569,7.1231057604005485
1460700,397455,2831671,3229126,7.124507176913109
1460730,397455,2831701,3229156,7.124582657156156
1461018,397651,2832062,3229713,7.121978820624115
1461267,397825,2832513,3230338,7.11999748633193
1461288,397833,2832535,3230368,7.119909610313876
1462217,398298,2834442,3232740,7.116385219107301
1462235,398298,2834485,3232783,7.116493178474409
1462260,398311,2834514,3232825,7.116333719129022
1462324,398319,2834586,3232905,7.1163715514449475
1462643,398319,2835172,3233491,7.117842734090013
1462654,398324,2835194,3233518,7.117808618109881
1462727,398332,2835234,3233566,7.1177660845726685
1462739,398337,2835257,3233594,7.117734481105195
1462769,398348,2835312,3233660,7.117676001887797
1462782,398355,2835340,3233695,7.117621217255965
1462880,398373,2835425,3233798,7.1175129840626745
1462931,398373,2835425,3233798,7.1175129840626745
1463007,398387,2835559,3233946,7.117599218850013
1463023,398398,2835578,3233976,7.117450388807173
1463036,398403,2835587,3233990,7.117383654239552
1463074,398431,2835659,3234090,7.11706418426277
1463102,398453,2835698,3234151,7.116769104511699
1463165,398453,2835778,3234231,7.116969881014825
1463177,398459,2835801,3234260,7.116920435979612
1463190,398467,2835832,3234299,7.1168553481216765
1463263,398476,2835953,3234429,7.116998263383491
1463278,398482,2835967,3234449,7.116926235062061
1464000,398731,2837156,3235887,7.115463808933843
1464037,398737,2837169,3235906,7.115389341846882
1464058,398754,2837181,3235935,7.115116086609789
1464133,398789,2837314,3236103,7.114825133090431
1464180,398789,2837418,3236207,7.115085922630764
1464301,398789,2837632,3236421,7.115622547261835
1464371,398789,2837760,3236549,7.115943519003784
1464399,398789,2837794,3236583,7.1160287771227395
1464407,398789,2837794,3236583,7.1160287771227395
1464420,398794,2837812,3236606,7.1159846938519635
1464428,398799,2837829,3236628,7.115938104157734
1464434,398805,2837840,3236645,7.115858627650105
1464758,398929,2838318,3237247,7.114844997480755
1464767,398931,2838333,3237264,7.114846928416192
1464867,398953,2838555,3237508,7.115011041400867
1464900,398962,2838682,3237644,7.115168863200004
1464923,398967,2838723,3237690,7.115182458699592
1464957,398967,2838789,3237756,7.1153478859153765
1465040,398985,2838949,3237934,7.115427898291916
1465074,398993,2839077,3238070,7.115606038201172
1465099,399000,2839118,3238118,7.115583959899749
1465149,399000,2839200,3238200,7.11578947368421
1465180,399016,2839254,3238270,7.115639473103835
1465240,399030,2839309,3238339,7.115527654562314
1465313,399083,2839423,3238506,7.1148683356595
1465406,399102,2839477,3238579,7.114664922751578
1465523,399132,2839578,3238710,7.114383211569105
1465532,399143,2839594,3238737,7.114227231844226
1465589,399143,2839785,3238928,7.114705757084554
1465630,399154,2839843,3238997,7.1146549953150915
1465712,399200,2839958,3239158,7.114123246492986
1465794,399222,2840144,3239366,7.114197113385535
1465812,399222,2840171,3239393,7.114264744928887
1466229,399464,2840959,3240423,7.111927482826988
1466279,399464,2841071,3240535,7.1122078585304305
1466433,399519,2841212,3240731,7.111581676966552
1466544,399519,2841521,3241040,7.112355107016187
1466647,399519,2841690,3241209,7.11277811568411
1466768,399592,2841898,3241490,7.111999239224009
1466777,399594,2841912,3241506,7.111998678658838
1466898,399594,2842056,3241650,7.112359044430097
1466907,399600,2842079,3241679,7.11230980980981
1466939,399624,2842130,3241754,7.112010289672292
1466959,399633,2842154,3241787,7.111910177587937
1466978,399646,2842215,3241861,7.111831470851704
1467050,399646,2842418,3242064,7.112339420387043
1467068,399646,2842428,3242074,7.11236444253164
1467114,399659,2842710,3242369,7.1128386949874765
1467133,399662,2842727,3242389,7.112827839524398
1467443,399705,2843368,3243073,7.113666328917577
1467942,399705,2844480,3244185,7.116448380680752
1467986,399732,2844560,3244292,7.11616783244774
1468006,399732,2844655,3244387,7.1164054916794255
1468029,399743,2844668,3244411,7.116242185604251
1468044,399751,2844700,3244451,7.116179821939157
1468341,399894,2845595,3245489,7.115873206399696
1468376,399909,2845641,3245550,7.115721326601802
1468402,399916,2845674,3245590,7.115679292651457
1468739,400045,2846310,3246355,7.114974565361397
1468748,400047,2846325,3246372,7.114976490262394
1468767,400067,2846351,3246418,7.114685790130153
1468792,400077,2846432,3246509,7.114710418244488
1468798,400077,2846480,3246557,7.114830395148934
1468856,400077,2846577,3246654,7.115072848476668
1468912,400091,2846644,3246735,7.11499133947027
1468933,400102,2846671,3246773,7.11486320988148
1468951,400114,2846723,3246837,7.114779787760488
1468983,400114,2846757,3246871,7.11486476354239
1469006,400130,2846788,3246918,7.114657736235723
1469041,400163,2846889,3247052,7.114323413209117
1469082,400170,2846944,3247114,7.114336407027014
1469103,400170,2846981,3247151,7.114428867731214
1469507,400253,2847515,3247768,7.114287713021514
1469585,400253,2847654,3247907,7.114634993366695
1469749,400317,2847943,3248260,7.114219481061259
1469759,400317,2847971,3248288,7.114289425630188
1469910,400317,2848220,3248537,7.114911432689594
1469917,400317,2848220,3248537,7.114911432689594
1469961,400328,2848248,3248576,7.114785875582022
1469992,400343,2848300,3248643,7.114649188321015
1470026,400353,2848353,3248706,7.1146038620917045
1470064,400365,2848382,3248747,7.114463052464626
1470079,400365,2848389,3248754,7.114480536510435
1470341,400491,2848644,3249135,7.1128789410998
1470457,400491,2848828,3249319,7.113338377142058
1470894,400844,2849944,3250788,7.109858199199689
1470907,400851,2849968,3250819,7.109793913449137
1471145,400983,2850245,3251228,7.1081442355411575
1471239,401031,2850495,3251526,7.1079168443337295
1471249,401031,2850511,3251542,7.1079567414987865
1471275,401039,2850573,3251612,7.1079695490962225
1471321,401063,2850662,3251725,7.107766111558533
1471355,401063,2850759,3251822,7.108007968822854
1471365,401067,2850779,3251846,7.10798694482468
1471627,401153,2851517,3252670,7.108302817129624
1471646,401153,2851547,3252700,7.108377601563493
1471654,401157,2851552,3252709,7.108319186752319
1471703,401170,2851675,3252845,7.108395443328265
1471742,401170,2851724,3252894,7.108517586060772
1471809,401182,2851768,3252950,7.108414634754301
1471859,401196,2851914,3253110,7.1085304938234675
1471970,401234,2852147,3253381,7.108437968866048
1472156,401234,2852499,3253733,7.109315262415448
1472171,401234,2852546,3253780,7.109432401042783
1472179,401238,2852578,3253816,7.10944127924075
1472244,401287,2852663,3253950,7.108784984312973
1472251,401287,2852663,3253950,7.108784984312973
1472258,401296,2852675,3253971,7.108655456321518
1472289,401308,2852745,3254053,7.108617321359156
1472419,401308,2853131,3254439,7.109579176094172
1472595,401319,2853688,3255007,7.11077222857627
1472673,401319,2853845,3255164,7.111163438561344
1472779,401327,2853900,3255227,7.111158730910206
1472794,401331,2853931,3255262,7.111165098135952
1472799,401332,2853936,3255268,7.111159837740325
1472816,401332,2853981,3255313,7.111271964358686
1473051,401408,2854230,3255638,7.110545878507653
1473130,401446,2854374,3255820,7.110231513080215
1473165,401455,2854425,3255880,7.11019915058973
1473175,401462,2854440,3255902,7.110112538671157
1473194,401462,2854467,3255929,7.1101797928571076
1473229,401470,2854534,3256004,7.110204996637358
1473236,401470,2854541,3256011,7.110222432560341
1473468,401620,2854949,3256569,7.108582739903391
1473488,401620,2854970,3256590,7.108635028136049
1473508,401620,2854991,3256611,7.108687316368707
1473551,401644,2855031,3256675,7.108362131638964
1473690,401732,2855328,3257060,7.1075443330379455
1473712,401752,2855363,3257115,7.10727762400685
1473833,401752,2855577,3257329,7.1078102909257455
1473851,401752,2855604,3257356,7.107877496565045
1474019,401813,2855770,3257583,7.107211563588037
1474027,401813,2855770,3257583,7.107211563588037
1474043,401813,2855796,3257609,7.107276270304843
1474187,401906,2856076,3257982,7.106328345434007
1474387,401946,2856192,3258138,7.10590974907077
1474404,401951,2856205,3258156,7.105853698585151
1474443,401957,2856278,3258235,7.10592924118749
1474453,401957,2856299,3258256,7.105981485581791
1474585,401977,2856480,3258457,7.106078208454712
1474630,401996,2856605,3258601,7.106053294062628
1474654,402006,2856679,3258685,7.106060606060606
1474655,402006,2856681,3258687,7.106065581110729
1474692,402013,2856726,3258739,7.106053784330357
1474777,402050,2856804,3258854,7.105593831612984
1474783,402051,2856813,3258864,7.105598543468366
1474870,402076,2856940,3259016,7.105472597220426
1474942,402093,2857025,3259118,7.105383580415476
1474956,402100,2857097,3259197,7.105438945535936
1475036,402127,2857244,3259371,7.105327421436511
1475078,402169,2857368,3259537,7.10489371383672
1475103,402169,2857476,3259645,7.105162257657851
1475167,402187,2857576,3259763,7.105092904544404
1475190,402196,2857636,3259832,7.105083093814956
1475234,402219,2857683,3259902,7.1047936571867565
1475268,402251,2857772,3260023,7.104449709261133
1475289,402259,2857786,3260045,7.104343221655699
1475561,402405,2858268,3260673,7.102963432362918
1475598,402405,2858304,3260709,7.103052894471987
1475710,402475,2858457,3260932,7.102197652028076
1475720,402477,2858463,3260940,7.102177267272416
1475768,402497,2858545,3261042,7.102028089650358
1475782,402503,2858592,3261095,7.102038991013732
1475851,402507,2858672,3261179,7.102167167279078
1475883,402531,2858746,3261277,7.101927553405825
1475908,402531,2858746,3261277,7.101927553405825
1475959,402536,2858765,3261301,7.101886539340581
1475975,402536,2858791,3261327,7.101951129836834
1476539,402629,2859588,3262217,7.102290197675776
1476574,402632,2859673,3262305,7.102448389596455
1477000,403010,2860423,3263433,7.097647701049602
1477123,403078,2860654,3263732,7.0970234048993
1477822,403294,2861649,3264943,7.095689496992269
1478050,403318,2862222,3265540,7.096687973261793
1478077,403318,2862241,3265559,7.096735082490739
1478121,403318,2862363,3265681,7.097037573329234
1478162,403319,2862443,3265762,7.097218330899363
1478234,403355,2862607,3265962,7.09699148392855
1478249,403355,2862626,3265981,7.097038588836137
1478331,403376,2862810,3266186,7.097125262782119
1478345,403376,2862836,3266212,7.097189718773551
1478470,403443,2863076,3266519,7.096605964163463
1478498,403462,2863129,3266591,7.0964031309020426
1478568,403504,2863215,3266719,7.095877612117848
1478920,403516,2864066,3267582,7.097775552890096
1478943,403532,2864093,3267625,7.097561036051664
1479213,403630,2864464,3268094,7.096756930852513
1479256,403630,2864605,3268235,7.09710626068429
1480081,403630,2866153,3269783,7.100941456284221
1480545,403703,2866827,3270530,7.101326965615812
1480568,403703,2866889,3270592,7.1014805438651685
1480593,403715,2866905,3270620,7.101309091809816
1481631,404246,2868113,3272359,7.094969399820901
1481948,404278,2869151,3273429,7.096975348646229
1481963,404286,2869168,3273454,7.096876963337835
1482039,404326,2869314,3273640,7.096535963554162
1482050,404326,2869336,3273662,7.096590375093365
1482108,404362,2869482,3273844,7.09631963438701
1482115,404362,2869487,3273849,7.0963319995449625
1482205,404404,2869596,3274000,7.095864531508096
1482215,404404,2869612,3274016,7.095904095904096
1482270,404405,2869900,3274305,7.096598706742004
1482281,404405,2869917,3274322,7.0966407438088055
1482292,404405,2869927,3274332,7.096665471495159
1483402,404526,2872247,3276773,7.100277856058696
1483417,404535,2872282,3276817,7.100206409828568
1483848,404535,2873752,3278287,7.103840211600974
1483880,404535,2873800,3278335,7.103958866352726
1483914,404535,2873888,3278423,7.104176400064271
1483954,404551,2873972,3278523,7.104103067351212
1484082,404621,2874241,3278862,7.103538867236253
1484108,404649,2874296,3278945,7.1031832526461205
1484145,404675,2874370,3279045,7.102909742385865
1484190,404680,2874386,3279066,7.102861520213502
1484193,404680,2874395,3279075,7.1028837600079076
1484234,404689,2874463,3279152,7.102893827111683
1484264,404689,2874504,3279193,7.102995139477476
1484377,404689,2874624,3279313,7.1032916634749155
1484887,404770,2874935,3279705,7.1026385354645845
1484967,404836,2875128,3279964,7.101957335810057
1485016,404850,2875227,3280077,7.101956280103742
1485271,404850,2875819,3280669,7.103418550080277
1485332,404871,2875891,3280762,7.103227941739467
1486010,404871,2877394,3282265,7.106940235284819
1486065,404901,2877525,3282426,7.10673720242726
1486086,404901,2877555,3282456,7.106811294612757
1486096,404906,2877582,3282488,7.106790217976518
1486119,404918,2877637,3282555,7.10671543374214
1486130,404920,2877646,3282566,7.10670255853008
1486207,404937,2877741,3282678,7.1066388104816305
1486239,404937,2877814,3282751,7.106819085437982
1486260,404937,2877857,3282794,7.106925274795833
1486282,404950,2877902,3282852,7.106808247931843
1486562,404950,2878660,3283610,7.108680083960983
1487511,405010,2880943,3285953,7.1132638700279
1487534,405020,2880966,3285986,7.113145029875068
1487553,405020,2881006,3286026,7.1132437904301025
1487575,405028,2881024,3286052,7.113147732996238
1488890,405377,2882508,3287885,7.110684621969179
1489091,405501,2882922,3288423,7.109531172549513
1489137,405521,2882991,3288512,7.10935068714074
1490382,405521,2885011,3290532,7.114331933488032
1490518,405521,2885240,3290761,7.114896639138293
1490567,405565,2885314,3290879,7.114307201065181
1490612,405583,2885375,3290958,7.114141864920374
1490675,405599,2885488,3291087,7.1141398277609165
1490718,405606,2885578,3291184,7.114238941238542
1490725,405610,2885583,3291193,7.114181109933187
1491140,405628,2886418,3292046,7.115923950023174
1491187,405648,2886466,3292114,7.1156914369108195
1491202,405648,2886517,3292165,7.115817161677119
1491342,405718,2886744,3292462,7.11514894581951
1491362,405723,2886750,3292473,7.115076049422882
1491493,405789,2887003,3292792,7.114542286754939
1491640,405832,2887111,3292943,7.114054584162905
1491643,405832,2887120,3292952,7.114076760827141
1491644,405832,2887122,3292954,7.114081688974748
1491802,405879,2887352,3293231,7.113824563478278
1491812,405888,2887390,3293278,7.113760446231472
1491854,405898,2887522,3293420,7.113910391280568
1491883,405912,2887564,3293476,7.113768501547133
1491894,405919,2887601,3293520,7.1137369770816345
1491921,405928,2887634,3293562,7.113660550639522
1491976,405966,2887774,3293740,7.113339540749718
1492018,405981,2887843,3293824,7.113246679031778
1492075,406007,2887910,3293917,7.112956180558463
1492108,406016,2887974,3293990,7.112956139659521
1492250,406080,2888189,3294269,7.112364558707644
1492517,406129,2888490,3294619,7.112247586358029
1492541,406139,2888504,3294643,7.11210693875742
1492617,406195,2888675,3294870,7.111547409495439
1492639,406203,2888703,3294906,7.111476281563652
1492669,406212,2888734,3294946,7.111395035104822
1492684,406212,2888746,3294958,7.111424576329601
1492697,406218,2888765,3294983,7.111366310700166
1492732,406218,2888799,3295017,7.111450009600756
1492776,406241,2888853,3295094,7.111180309225312
1492784,406246,2888864,3295110,7.111119863334039
1492795,406246,2888874,3295120,7.111144478961023
1492804,406250,2888893,3295143,7.111121230769231
1492823,406256,2888907,3295163,7.111050667559372
1492866,406265,2888975,3295240,7.111060514688688
1492934,406270,2889080,3295350,7.1112314470672215
1492985,406287,2889162,3295449,7.111135724254037
1493002,406291,2889182,3295473,7.111114939784539
1493028,406293,2889220,3295513,7.111173463485711
1493304,406417,2889715,3296132,7.11022176729812
1493326,406433,2889749,3296182,7.110025514660473
1493368,406449,2889796,3296245,7.1098612618065244
1493377,406449,2889815,3296264,7.109908008138783
1493455,406497,2889935,3296432,7.109363660740423
1493532,406526,2890223,3296749,7.109564947875413
1493543,406526,2890235,3296761,7.1095944662826
1493595,406539,2890283,3296822,7.109485190842699
1493601,406539,2890296,3296835,7.109517168094574
1493617,406543,2890313,3296856,7.109489033140406
1493702,406566,2890432,3296998,7.109379534934058
1493726,406575,2890466,3297041,7.109305786140318
1493770,406597,2890537,3297134,7.109095738532257
1493838,406641,2890697,3297338,7.108719976588686
1493865,406671,2890744,3297415,7.108311140946859
1493871,406673,2890752,3297425,7.108295854408825
1493891,406679,2890766,3297445,7.108225406278662
1493980,406711,2890846,3297557,7.107862831347075
1494020,406740,2890971,3297711,7.107663372178788
1494390,406905,2891593,3298498,7.1063098266180065
1494395,406907,2891605,3298512,7.106304388963571
1494444,406934,2891709,3298643,7.106088456604756
1494451,406938,2891727,3298665,7.106062840039515
1494473,406951,2891751,3298702,7.105894812889021
1494486,406957,2891762,3298719,7.105817076497026
1494517,406957,2891824,3298781,7.1059694267453315
1494600,406974,2891877,3298851,7.105802827699066
1494641,406983,2891922,3298905,7.105756260089488
1494682,407006,2891995,3299001,7.1055340707507995
1495119,407006,2891995,3299001,7.1055340707507995
1495155,407027,2892060,3299087,7.105327165028364
1495282,407122,2892301,3299423,7.1042611305701975
1495440,407192,2892456,3299648,7.10342049942042
1495535,407196,2892533,3299729,7.103539818662266
1495551,407203,2892555,3299758,7.103471732772106
1496238,407636,2894165,3301801,7.099875869648412
1496249,407636,2894187,3301823,7.099929839366494
1496270,407636,2894219,3301855,7.100008340774613
1496342,407673,2894371,3302044,7.099736798855946
1496395,407699,2894456,3302155,7.099492517764331
1496482,407737,2894648,3302385,7.099301755788658
1496543,407794,2894834,3302628,7.098765553195976
1496745,407909,2895075,3302984,7.097355047326732
1497943,407909,2897671,3305580,7.103719211883043
1498185,407909,2898255,3306164,7.1051509037554945
1498217,407911,2898262,3306173,7.105133227591312
1499366,407925,2900899,3308824,7.111353802782374
1499380,407925,2900925,3308850,7.1114175399889685
1499396,407925,2900950,3308875,7.11147882576454
1499638,407925,2901534,3309459,7.11291046148189
1499734,407925,2901754,3309679,7.113449776306919
1499793,407935,2901771,3309706,7.113317072572836
1500575,407935,2903172,3311107,7.116751443244635
1500586,407935,2903182,3311117,7.116775956953926
1500610,407952,2903213,3311165,7.116555379064204
1500843,408039,2903620,3311659,7.116035477000973
1500856,408047,2903662,3311709,7.115998892284467
1500874,408058,2903686,3311744,7.115865881810919
1500879,408060,2903693,3311753,7.115848159584375
1501256,408230,2904277,3312507,7.114315459422384
1501277,408243,2904313,3312556,7.1141770955043935
1501289,408245,2904335,3312580,7.114196132224522
1501329,408254,2904505,3312759,7.114455706496446
1501362,408265,2904540,3312805,7.11434974832523
1501393,408270,2904632,3312902,7.114487961398094
1501622,408358,2905335,3313693,7.114676337919179
1501791,408358,2905335,3313693,7.114676337919179
1501846,408362,2905373,3313735,7.1146997027147485
1501942,408362,2905584,3313946,7.115216401134288
1502035,408380,2905630,3314010,7.115015426808365
1502070,408391,2905675,3314066,7.114933972589993
1502167,408391,2905744,3314135,7.115102928321143
1502209,408406,2905825,3314231,7.115039935750209
1502261,408450,2905967,3314417,7.114621128657118
1502271,408450,2906001,3314451,7.114704370179949
1502320,408454,2906110,3314564,7.11490155562193
1502328,408461,2906119,3314580,7.114801657930623
1502401,408464,2906140,3314604,7.114800814759685
1502472,408490,2906222,3314712,7.114548703762638
1502488,408490,2906247,3314737,7.114609904771231
1502535,408500,2906346,3314846,7.114678090575276
1502540,408502,2906358,3314860,7.114672633181723
1502735,408502,2906610,3315112,7.115289521226334
1502784,408520,2906720,3315240,7.1152452756291
1502837,408547,2906769,3315316,7.114894981483158
1503050,408591,2907784,3316375,7.116612945463801
1503067,408591,2907807,3316398,7.116669236473637
1503089,408601,2907834,3316435,7.116561144001116
1503166,408601,2908043,3316644,7.117072645441397
1503227,408619,2908092,3316711,7.116879048698176
1503251,408629,2908132,3316761,7.116802772196785
1503380,408629,2908359,3316988,7.117358288325106
1503447,408629,2908471,3317100,7.117632375577847
1503471,408638,2908495,3317133,7.117534345802397
1503604,408705,2908599,3317304,7.116622013432671
1503635,408725,2908647,3317372,7.116391216588171
1503643,408725,2908647,3317372,7.116391216588171
1503718,408765,2908780,3317545,7.116020207209521
1503730,408772,2908799,3317571,7.115944829880716
1503793,408772,2908926,3317698,7.116255516522658
1504219,408772,2909739,3318511,7.118244400301391
1504281,408803,2909846,3318649,7.117966355432812
1504560,408813,2910149,3318962,7.1185334125871735
1504724,408884,2910438,3319322,7.11800412831023
1504729,408884,2910442,3319326,7.118013911035892
1504766,408908,2910507,3319415,7.117755094055386
1504796,408919,2910562,3319481,7.117698126034741
1504852,408938,2910740,3319678,7.117802698697602
1504876,408952,2910795,3319747,7.1176935190438
1504891,408955,2910813,3319768,7.117685319900723
1504926,408955,2910906,3319861,7.117912728784341
1505023,408996,2911048,3320044,7.117546381871706
1505283,408996,2911366,3320362,7.118323895588221
1505313,409008,2911410,3320418,7.118222626452295
1505387,409040,2911597,3320637,7.118122921963622
1505846,409149,2911997,3321146,7.117204245885973
1506006,409149,2911997,3321146,7.117204245885973
1506017,409156,2912016,3321172,7.117128919043103
1506079,409199,2912159,3321358,7.116730490543721
1506088,409201,2912173,3321374,7.116729920014858
1506115,409211,2912231,3321442,7.1166977427293014
1506128,409220,2912244,3321464,7.11657299252236
1506164,409245,2912306,3321551,7.116289753081895
1506233,409268,2912478,3321746,7.116310095096612
1506234,409268,2912480,3321748,7.116314981870071
1506253,409268,2912501,3321769,7.11636629299139
1506261,409270,2912508,3321778,7.116348620714931
1506363,409308,2912721,3322029,7.11620833211176
1506510,409364,2912936,3322300,7.115760057064128
1506592,409437,2913162,3322599,7.115043340001026
1506596,409437,2913172,3322609,7.1150677637829505
1506611,409437,2913172,3322609,7.1150677637829505
1506659,409467,2913257,3322724,7.1147540583246025
1506684,409480,2913308,3322788,7.114652730292078
1506858,409523,2913512,3323035,7.11440383079827
1507283,409536,2913979,3323515,7.115318311454915
1507309,409536,2914034,3323570,7.115452609782778
1507323,409536,2914060,3323596,7.115516096265042
1507360,409536,2914147,3323683,7.115728531801844
1507369,409538,2914156,3323694,7.115715757756301
1507501,409577,2914485,3324062,7.115841465707303
1507527,409586,2914515,3324101,7.115758351115517
1507991,409917,2915260,3325177,7.111829955820324
1508063,409969,2915439,3325408,7.111364517805005
1508074,409976,2915455,3325431,7.111282123831639
1508207,410081,2915591,3325672,7.109792943345339
1508495,410081,2916158,3326239,7.111175597016199
1508546,410105,2916260,3326365,7.111008156447739
1508554,410110,2916282,3326392,7.1109751042403255
1508592,410110,2916342,3326452,7.111121406451928
1508603,410117,2916367,3326484,7.111060989912635
1508774,410134,2916482,3326616,7.111046633539282
1508785,410136,2916505,3326641,7.1110680359685565
1508903,410136,2916682,3326818,7.111499600132639
1508964,410176,2916755,3326931,7.1109840653768135
1509227,410218,2916936,3327154,7.110697239029004
1509345,410218,2917113,3327331,7.111128716926122
1509387,410236,2917171,3327407,7.110958082664612
1509455,410254,2917318,3327572,7.111004402150862
1509533,410257,2917619,3327876,7.111686089451246
1509538,410265,2917640,3327905,7.111598600904293
1509569,410280,2917697,3327977,7.111477527542166
1509573,410284,2917715,3327999,7.111452067348471
1509682,410295,2917817,3328112,7.111510011089582
1509850,410418,2918253,3328671,7.1104410625264975
1510021,410481,2918418,3328899,7.109751730287151
1510114,410565,2918605,3329170,7.108752572674241
1510205,410565,2918864,3329429,7.10938341066579
1510296,410597,2919082,3329679,7.109360272968385
1510364,410635,2919222,3329857,7.109043310969596
1510388,410646,2919250,3329896,7.108921065832859
1510793,410725,2920115,3330840,7.109659748006574
1510974,410725,2920438,3331163,7.110446162274028
1510984,410725,2920448,3331173,7.11047050946497
1511226,410725,2921298,3332023,7.112540020695112
1511295,410769,2921375,3332144,7.111965605973187
1511610,410914,2921797,3332711,7.110482972106086
1511651,410945,2921847,3332792,7.110068257309372
1511674,410959,2921872,3332831,7.109886874359729
1512056,411138,2922448,3333586,7.108192383092781
1512156,411178,2922513,3333691,7.107658970081084
1512550,411179,2923034,3334213,7.10890877209196
1512553,411179,2923043,3334222,7.108930660369328
1512647,411183,2923233,3334416,7.109323585848637
1512687,411211,2923311,3334522,7.109029184530569
1512726,411223,2923341,3334564,7.1088946873107774
1512824,411224,2923630,3334854,7.1095801801451275
1512934,411224,2923788,3335012,7.109964398965041
1512960,411228,2923805,3335033,7.109936580193955
1512995,411231,2923895,3335126,7.110103567094893
1512998,411231,2923904,3335135,7.110125452604497
1513144,411265,2924096,3335361,7.1100044983161705
1513297,411265,2924588,3335853,7.111200807265388
1513326,411265,2924588,3335853,7.111200807265388
1513894,411265,2925979,3337244,7.114583054721408
1514136,411265,2926563,3337828,7.116003063718041
1514233,411312,2926754,3338066,7.115654296495118
1514304,411333,2926792,3338125,7.1153833998244735
1514321,411355,2926839,3338194,7.1151171129559625
1514343,411362,2926859,3338221,7.11504465653123
1514361,411362,2926886,3338248,7.115110292151439
1514572,411371,2928135,3339506,7.1179908160759995
1514588,411371,2928161,3339532,7.118054019364515
1514607,411371,2928208,3339579,7.118168271462986
1514629,411377,2928236,3339613,7.118132515916058
1514673,411377,2928293,3339670,7.118271074950714
1514762,411411,2928674,3340085,7.118608885032243
1514942,411514,2928878,3340392,7.117322861433633
1514952,411521,2928907,3340428,7.117272265570894
1514969,411524,2928937,3340461,7.117293280586308
1515088,411524,2929429,3340953,7.118488836617062
1515093,411526,2929436,3340962,7.118471250905167
1515143,411551,2929505,3341056,7.118206492026505
1515164,411551,2929535,3341086,7.118279387001854
1515457,411574,2930171,3341745,7.119426883136447
1515489,411594,2930209,3341803,7.119173262972735
1515634,411614,2930401,3342015,7.1192938043895495
1515668,411627,2930432,3342059,7.119144273820717
1515685,411634,2930445,3342079,7.119054791392354
1515746,411657,2930598,3342255,7.119028705937224
1515820,411663,2930776,3342439,7.119357338405443
1515857,411668,2930872,3342540,7.11950406638359
1515950,411668,2931024,3342692,7.119873295956936
1516004,411683,2931053,3342736,7.119684320217255
1516101,411735,2931231,3342966,7.119217457830886
1516119,411744,2931262,3343006,7.119137133753012
1516146,411757,2931305,3343062,7.119016798742948
1516234,411770,2931406,3343176,7.1190373266629425
1516271,411787,2931470,3343257,7.118898848190934
1516344,411819,2931577,3343396,7.118605503874275
1516361,411827,2931638,3343465,7.118615340907711
1516379,411831,2931658,3343489,7.118594763385952
1516408,411847,2931677,3343524,7.118364344040384
1516418,411847,2931693,3343540,7.118403193418915
1516430,411857,2931727,3343584,7.118312909577839
1516448,411874,2931787,3343661,7.118164778548779
1516459,411877,2931799,3343676,7.118142066684957
1516537,411942,2931986,3343928,7.117472848119395
1516575,411955,2932031,3343986,7.1173574783653555
1516587,411957,2932073,3344030,7.117424876868217
1516797,412139,2932379,3344518,7.115024300054108
1516798,412139,2932385,3344524,7.11503885824928
1516831,412161,2932430,3344591,7.114768258035088
1516895,412185,2932574,3344759,7.114703349224256
1516906,412197,2932594,3344791,7.114544744381934
1516958,412237,2932707,3344944,7.11412852315537
1517196,412239,2933705,3345944,7.116514934297823
1517231,412239,2933756,3345995,7.1166386489390865
1517262,412246,2933796,3346042,7.116614836772219
1517282,412246,2933817,3346063,7.1166657772301
1517524,412428,2934371,3346799,7.114868534629075
1517596,412452,2934495,3346947,7.114755171510867
1517657,412466,2934589,3347055,7.11474157869982
1518078,412600,2935026,3347626,7.113490063015027
1518082,412600,2935034,3347634,7.113509452253999
1518102,412607,2935071,3347678,7.11347844316747
1518122,412623,2935100,3347723,7.113272890750152
1518252,412700,2935432,3348132,7.11275018173007
1518363,412700,2935648,3348348,7.113273564332445
1518394,412722,2935686,3348408,7.112986465465858
1518431,412743,2935722,3348465,7.112711784330685
1518455,412754,2935770,3348524,7.112638520765396
1518540,412780,2935998,3348778,7.112742865448907
1518791,412829,2936455,3349284,7.113005627027171
1518812,412845,2936488,3349333,7.112809892332473
1518941,412913,2936646,3349559,7.112021176373715
1519338,412917,2936679,3349596,7.112032200175822
1519360,412921,2936702,3349623,7.1120190060568484
1519446,412927,2936730,3349657,7.111983474076531
1519518,412927,2936867,3349794,7.11231525184839
1519583,412955,2936979,3349934,7.112104224431233
1519684,412955,2937158,3350113,7.112537685704254
1519715,412955,2937218,3350173,7.1126829799857125
1519744,412968,2937278,3350246,7.1126043664400145
1519775,412977,2937338,3350315,7.112594648128104
1519797,412984,2937390,3350374,7.112600003874242
1519814,412994,2937403,3350397,7.112459260909359
1519868,412994,2937481,3350475,7.112648125638629
1519930,413026,2937575,3350601,7.112324647842993
1520944,413050,2939280,3352330,7.116039220433362
1521118,413050,2939571,3352621,7.116743735625227
1521156,413079,2939620,3352699,7.1163627296473555
1521215,413101,2939718,3352819,7.116220972595079
1521230,413101,2939749,3352850,7.116296014776047
1521516,413101,2940716,3353817,7.118636846679141
1521560,413111,2940785,3353896,7.118631554231187
1521583,413125,2940809,3353934,7.118448411497731
1522026,413136,2941846,3354982,7.120768947755702
1522052,413148,2941868,3355016,7.120615372699372
1522077,413159,2941892,3355051,7.120483881508088
1522119,413167,2941940,3355107,7.120462185992589
1522124,413172,2941948,3355120,7.120395380132245
1523243,413172,2943992,3357164,7.125342472384382
1523301,413209,2944078,3357287,7.1249125745083
1523341,413222,2944113,3357335,7.1247731243738235
1523738,413285,2944279,3357564,7.124088703921023
1523822,413307,2944354,3357661,7.1238909575690705
1523866,413331,2944440,3357771,7.12368537564325
1523913,413367,2944543,3357910,7.123314149412024
1523946,413381,2944595,3357976,7.123198695634294
1523959,413384,2944635,3358019,7.12324376366768
1524028,413399,2944733,3358132,7.1232223590284445
1524073,413409,2944772,3358181,7.123144392115314
1524087,413413,2944811,3358224,7.123169808399832
1524217,413436,2944879,3358315,7.12293801217117
1524249,413462,2945050,3358512,7.122903676758686
1524256,413462,2945065,3358527,7.122939955787956
1524294,413480,2945126,3358606,7.122777401567186
1524409,413480,2945384,3358864,7.123401373706105
1524460,413498,2945541,3359039,7.123470972048232
1524466,413502,2945551,3359053,7.123426247031453
1524517,413516,2945633,3359149,7.12338337573395
1524538,413516,2945665,3359181,7.123460760889542
1524613,413516,2945762,3359278,7.1236953346424325
1524614,413516,2945764,3359280,7.123700171214657
1524641,413538,2945799,3359337,7.123405829694006
1524676,413545,2945816,3359361,7.123326361097341
1524743,413594,2945954,3359548,7.122816095011049
1524824,413621,2946092,3359713,7.122684776643352
1525113,413823,2946677,3360500,7.120621618421402
1525147,413852,2946751,3360603,7.120301460425466
1526049,413855,2947976,3361831,7.123209819864445
1526069,413855,2947991,3361846,7.123246064442861
1526245,413968,2948262,3362230,7.12195628647625
1526271,413975,2948312,3362287,7.121956639893713
1526284,413991,2948340,3362331,7.121749023529497
1526357,414043,2948413,3362456,7.121030907417828
1526473,414100,2948712,3362812,7.12077276020285
1526908,414111,2949133,3363244,7.121600247276696
1526950,414121,2949186,3363307,7.121556260126871
1527131,414274,2949576,3363850,7.119867527288703
1527138,414277,2949584,3363861,7.119835279293806
1527153,414282,2949620,3363902,7.11983624680773
1527196,414282,2949682,3363964,7.119985903321892
1527235,414284,2949698,3363982,7.119990151683386
1527459,414361,2949956,3364317,7.119289701492177
1528060,414367,2950838,3365205,7.121315162645674
1528202,414367,2951025,3365392,7.121766453409658
1528354,414443,2951416,3365859,7.121403908378233
1528364,414443,2951416,3365859,7.121403908378233
1528432,414450,2951561,3366011,7.121633490167692
1528443,414450,2951583,3366033,7.121686572566051
1528470,414450,2951629,3366079,7.121797563035348
1528701,414450,2951920,3366370,7.122499698395464
1528785,414477,2952013,3366490,7.122260101284269
1528929,414535,2952419,3366954,7.122242995163255
1528942,414549,2952444,3366993,7.122062771831557
1528955,414549,2952472,3367021,7.122130315113533
1529223,414558,2954125,3368683,7.125963073924517
1529414,414622,2954510,3369132,7.125791684956418
1529633,414656,2954697,3369353,7.125658377064362
1529691,414670,2954798,3369468,7.125661369281597
1529975,414672,2955473,3370145,7.1272547941505575
1529999,414672,2955494,3370166,7.127305436586025
1530106,414672,2955710,3370382,7.127826330207972
1530159,414700,2955819,3370519,7.127607909332047
1530186,414723,2955852,3370575,7.127292192620135
1530187,414723,2955854,3370577,7.127297015116113
1530203,414723,2955869,3370592,7.127333183835958
1530216,414730,2955893,3370623,7.127270754466761
1530524,414733,2956253,3370986,7.128087227204008
1530557,414741,2956277,3371018,7.128007599923808
1530608,414754,2956589,3371343,7.128536433645004
1530661,414759,2956678,3371437,7.128665080203202
1530670,414761,2956693,3371454,7.128666870800292
1530704,414769,2956730,3371499,7.12861858046286
1530783,414816,2956886,3371702,7.128186955180128
1530817,414836,2956926,3371762,7.127939715935936
1530845,414843,2956954,3371797,7.127886935539469
1530874,414854,2957004,3371858,7.127818461434625
1530898,414864,2957046,3371910,7.127747888464653
1531083,414872,2958112,3372984,7.130179910912282
1531103,414872,2958133,3373005,7.130230528934225
1531143,414902,2958187,3373089,7.129845120052446
1531315,414911,2959179,3374090,7.132081337925483
1531390,414911,2959409,3374320,7.132635673674595
1531420,414923,2959426,3374349,7.132470361970776
1531429,414925,2959442,3374367,7.132474543592216
1531510,414925,2959486,3374411,7.132580586853046
1531590,414945,2959605,3374550,7.132523587463399
1531678,414969,2959972,3374941,7.132995476770554
1531702,414971,2959982,3374953,7.132985196555904
1531787,415031,2960129,3375160,7.132308189026844
1531854,415047,2960284,3375331,7.132406691290384
1532087,415082,2960604,3375686,7.132576213856539
1532166,415082,2960769,3375851,7.132973725673481
1532181,415086,2960787,3375873,7.132948352871453
1532216,415098,2960829,3375927,7.132843328563375
1532217,415098,2960829,3375927,7.132843328563375
1532273,415111,2960864,3375975,7.132704264642469
1532398,415130,2960999,3376129,7.132703008696071
1532433,415155,2961045,3376200,7.132384290204863
1532496,415155,2961045,3376200,7.132384290204863
1532504,415155,2961045,3376200,7.132384290204863
1532629,415230,2961273,3376503,7.131645112347374
1532674,415256,2961350,3376606,7.13138401371684
1532722,415256,2961415,3376671,7.131540543664631
1532731,415261,2961423,3376684,7.131473940485622
1532842,415261,2961461,3376722,7.131565449199419
1532887,415283,2961599,3376882,7.131519951454791
1532906,415298,2961626,3376924,7.131327384191593
1532958,415330,2961702,3377032,7.1309609226398285
1532979,415334,2961732,3377066,7.130964476782541
1533010,415346,2961750,3377096,7.130801789351529
1533112,415393,2962346,3377739,7.131429754473475
1533163,415411,2962437,3377848,7.131339805638271
1533331,415420,2962706,3378126,7.131832843868856
1533373,415435,2962773,3378208,7.131736613429297
1533502,415470,2962945,3378415,7.131549811057357
1533580,415470,2963109,3378579,7.131944544732471
1533776,415479,2964117,3379596,7.134216169770314
1533825,415494,2964182,3379676,7.1341150534063065
1533872,415530,2964314,3379844,7.133814646355257
1533950,415565,2964432,3379997,7.133497768098853
1534109,415575,2964743,3380318,7.134074475124827
1534148,415599,2964804,3380403,7.13380927288083
1534207,415615,2964857,3380472,7.13366216330017
1534258,415615,2964973,3380588,7.133941267759826
1534383,415616,2965343,3380959,7.134814347859563
1534416,415626,2965429,3381055,7.134849600361864
1534472,415692,2965677,3381369,7.1343133858722325
1534556,415694,2966011,3381705,7.135082536673611
1534627,415754,2966144,3381898,7.134372730027853
1534677,415754,2966310,3382064,7.134772004598873
1534708,415763,2966358,3382121,7.13473300894981
1534732,415763,2966413,3382176,7.134865295853648
1534796,415763,2966514,3382277,7.135108222713421
1534822,415784,2966550,3382334,7.134834433263425
1534911,415851,2966664,3382515,7.133959038213206
1534931,415863,2966683,3382546,7.133798871262892
1535223,415951,2967368,3383319,7.1339364492452235
1535232,415953,2967384,3383337,7.133940613482773
1535280,415969,2967462,3383431,7.133853724676598
1535501,416103,2967849,3383952,7.132486427639311
1535660,416103,2967849,3383952,7.132486427639311
1535687,416123,2967896,3384019,7.132256568370409
1536043,416229,2968613,3384842,7.132162823830151
1536180,416251,2968792,3385043,7.132215898580424
1536384,416395,2969197,3385592,7.130722030764058
1536561,416439,2969420,3385859,7.130504107444308
1536565,416439,2969425,3385864,7.130516114004692
1536592,416455,2969469,3385924,7.130347816690879
1536606,416465,2969485,3385950,7.130215024071651
1536633,416465,2969517,3385982,7.13029186126085
1536707,416477,2969575,3386052,7.130225678728958
1536973,416477,2969777,3386254,7.130710699510417
1537019,416490,2969851,3386341,7.130665802300175
1537023,416492,2969860,3386352,7.130653169808784
1537220,416628,2970106,3386734,7.128915963401403
1537230,416628,2970123,3386751,7.128956767187995
1537762,416648,2971931,3388579,7.132953956337244
1537805,416652,2971941,3388593,7.13290947841364
1537849,416692,2972012,3388704,7.132395150374857
1537919,416746,2972117,3388863,7.13172291995604
1537931,416749,2972158,3388907,7.131769962255459
1539783,416750,2976200,3392950,7.141451709658068
1539796,416751,2976207,3392958,7.141451370242663
1540944,416754,2978080,3394834,7.1458942205713685
1541911,417332,2980274,3397606,7.14125444490238
1541929,417332,2980291,3397623,7.1412951798568045
1541972,417335,2980395,3397730,7.1414930451555705
1542101,417421,2980558,3397979,7.140412197757181
1542135,417421,2980607,3398028,7.140529585238884
1542291,417449,2980874,3398323,7.140690240005366
1542332,417449,2980945,3398394,7.140860320661925
1542343,417454,2980961,3398415,7.140813119529337
1542349,417457,2980973,3398430,7.140790548487629
1546109,417891,2986641,3404532,7.14693783785724
1546118,417893,2986661,3404554,7.146951492367664
1546188,417941,2986775,3404716,7.14640343971996
1546423,417941,2987171,3405112,7.147350941879356
1546460,417941,2987272,3405213,7.1475926027836465
1546474,417947,2987299,3405246,7.147554594242811
1546721,418009,2987495,3405504,7.146963342894531
1546766,418029,2987566,3405595,7.146791251324669
1546828,418040,2987853,3405893,7.147289733039901
1546871,418066,2987918,3405984,7.147000712806112
1547025,418176,2988213,3406389,7.145826159320477
1547253,418176,2988687,3406863,7.146959653351699
1547327,418193,2988740,3406933,7.146795857415117
1547736,418256,2988965,3407221,7.146257316093493
1547756,418256,2988992,3407248,7.146321869859608
1547798,418288,2989061,3407349,7.145940117813564
1547940,418348,2989296,3407644,7.145476971325308
1548098,418407,2989413,3407820,7.1447490123253194
1548330,418527,2989999,3408526,7.144100619553816
1548362,418542,2990103,3408645,7.1440930659288675
1548365,418542,2990110,3408652,7.144109790654223
1548422,418565,2990157,3408722,7.1438295127399565
1548537,418589,2990285,3408874,7.1437257070778255
1548575,418601,2990369,3408970,7.143721586904952
1548604,418611,2990450,3409061,7.143744430987241
1548622,418611,2990479,3409090,7.143813707714322
1548665,418617,2990541,3409158,7.143859422813693
1548695,418620,2990616,3409236,7.143987387129139
1550253,419874,2994018,3413892,7.130753511767816
1550331,419913,2994121,3414034,7.1303365220891
1551331,419913,2995327,3415240,7.13320854557968
1551387,419934,2995406,3415340,7.1330399538975175
1551415,419936,2995421,3415357,7.1330417015926235
1552311,420126,2996944,3417070,7.1334409201049205
1552358,420140,2997026,3417166,7.13339839101252
1552403,420140,2997129,3417269,7.1336435473889654
1552427,420156,2997162,3417318,7.133450432696427
1552450,420167,2997192,3417359,7.1333350786711
1552506,420186,2997260,3417446,7.133174356118481
1552563,420220,2997359,3417579,7.132832801865689
1552595,420237,2997401,3417638,7.1326441983928115
1552632,420252,2997443,3417695,7.132489553886716
1552644,420252,2997458,3417710,7.132525246756708
1552650,420252,2997469,3417721,7.132551421528036
1552666,420252,2997495,3417747,7.132613289169355
1552713,420252,2997618,3417870,7.132905970703292
1552765,420252,2997658,3417910,7.133001151689938
1552947,420252,2998064,3418316,7.133967238704396
1552969,420262,2998103,3418365,7.133890287487329
1552973,420262,2998105,3418367,7.133895046423421
1553015,420283,2998150,3418433,7.133645662565462
1553143,420334,2998378,3418712,7.133322548259241
1553278,420436,2998632,3419068,7.132196101190193
1553310,420446,2998668,3419114,7.13211209049438
1553374,420446,2998843,3419289,7.132528315170081
1553383,420446,2998863,3419309,7.1325758837044475
1553423,420472,2998924,3419396,7.132279914001408
1553455,420488,2998974,3419462,7.132127432887502
1553494,420488,2999090,3419578,7.132403302829093
1553592,420488,2999380,3419868,7.133092977683073
1553735,420548,2999621,3420169,7.132648354052332
1553788,420554,2999680,3420234,7.132686884442902
1553810,420562,2999737,3420299,7.132686738221713
1553860,420585,2999798,3420383,7.132441718083146
1553889,420608,2999830,3420438,7.132127776932441
1553945,420623,2999959,3420582,7.132180123293305
1554021,420652,3000161,3420813,7.132168633454732
1554098,420720,3000275,3420995,7.131286841604868
1554188,420766,3000421,3421187,7.130854203999372
1554211,420778,3000444,3421222,7.130705502664113
1554216,420780,3000452,3421232,7.13069062217786
1554312,420807,3000569,3421376,7.130511136934509
1554876,420827,3002003,3422830,7.133579832092523
1554912,420827,3002079,3422906,7.13376042886982
1555034,420892,3002445,3423337,7.133528316052574
1555057,420901,3002511,3423412,7.133532588423406
1555207,420973,3002937,3423910,7.133324464989441
1555218,420975,3002960,3423935,7.13334521052319
1555305,421005,3003138,3424143,7.1332597000035625
1555322,421011,3003156,3424167,7.133200795228628
1555323,421011,3003160,3424171,7.133210296168033
1555357,421022,3003210,3424232,7.133142686130416
1555417,421033,3003291,3424324,7.133148708058513
1555452,421057,3003361,3424418,7.13290837107565
1555477,421057,3003386,3424443,7.1329677454596405
1555522,421091,3003475,3424566,7.132603166536449
1555569,421105,3003507,3424612,7.132442027522827
1555636,421137,3003622,3424759,7.132173140806911
1555681,421164,3003769,3424933,7.132064943822359
1555893,421254,3004399,3425653,7.132036728434626
1556010,421276,3004465,3425741,7.131820943989213
1556040,421292,3004533,3425825,7.1317114970139475
1556075,421301,3004604,3425905,7.131727672139397
1556479,421301,3005221,3426522,7.133192183260899
1556520,421332,3005281,3426613,7.132809755727075
1556537,421332,3005326,3426658,7.132916559862531
1556624,421339,3005549,3426888,7.133327320755971
1556635,421342,3005568,3426910,7.133321624713416
1556689,421342,3005631,3426973,7.133471146954256
1556713,421347,3005656,3427003,7.133445829684322
1556758,421367,3005721,3427088,7.133261503629853
1556896,421381,3005999,3427380,7.13368424300099
1556899,421381,3006008,3427389,7.133705601344151
1556900,421381,3006010,3427391,7.133710347642632
1556981,421381,3006054,3427435,7.133814766209203
1557330,421395,3006776,3428171,7.1352911164109685
1557504,421489,3007305,3428794,7.134954886129887
1557518,421489,3007352,3428841,7.135066395564297
1557586,421522,3007433,3428955,7.1346999682104375
1557634,421539,3007490,3429029,7.134547455870038
1557654,421539,3007511,3429050,7.134597273324651
1557674,421539,3007532,3429071,7.134647090779263
1557705,421539,3007612,3429151,7.134836871558741
1557844,421539,3007935,3429474,7.13560311145588
1557861,421539,3007965,3429504,7.1356742792481835
1557957,421575,3008176,3429751,7.135565439127083
1557978,421575,3008219,3429794,7.135667437585246
1558037,421593,3008345,3429938,7.135661645236045
1558157,421630,3008497,3430127,7.135395963285345
1558176,421640,3008515,3430155,7.135269424153306
1558248,421659,3008566,3430225,7.135068858959491
1558264,421659,3008592,3430251,7.135130520159655
1558285,421661,3008592,3430253,7.135096677188547
1558321,421681,3008645,3430326,7.134883952561296
1558340,421690,3008670,3430360,7.134790960184022
1558354,421690,3008696,3430386,7.134852616851242
1558509,421696,3008812,3430508,7.135026179996965
1558581,421709,3008952,3430661,7.135138211420672
1558603,421714,3009002,3430716,7.135172178300934
1558688,421722,3009224,3430946,7.135563238341846
1559256,421722,3010615,3432337,7.138861619740018
1559281,421727,3010686,3432413,7.138945336675148
1559300,421734,3010702,3432436,7.138864782066421
1559338,421735,3010711,3432446,7.138869195110674
1559343,421737,3010718,3432455,7.1388519385304114
1559670,421826,3011601,3433427,7.139439010397652
1559768,421826,3011723,3433549,7.139728229175063
1560571,421826,3013669,3435495,7.144341505739333
1560645,421848,3013734,3435582,7.144123001649883
1560713,421848,3013854,3435702,7.144407464299937
1560754,421855,3013954,3435809,7.144525962712306
1560811,421867,3014039,3435906,7.144524222088952
1561011,421867,3014479,3436346,7.145567204829958
1561041,421891,3014515,3436406,7.145246046964737
1561115,421895,3014539,3436434,7.1452351888503065
1561456,421921,3015220,3437141,7.146408924893523
1561506,421949,3015304,3437253,7.146133774460894
1561562,421956,3015334,3437290,7.146086321796585
1561573,421956,3015344,3437300,7.146110020950052
1561734,421956,3015693,3437649,7.146937121406023
1561825,421956,3015741,3437697,7.147050877342662
1562066,422000,3015989,3437989,7.14689336492891
1562088,422014,3016017,3438031,7.146722620576568
1562144,422039,3016074,3438113,7.146434334267687
1562145,422039,3016076,3438115,7.146439073166224
1562208,422099,3016158,3438257,7.14561749731698
1562230,422104,3016200,3438304,7.1456323560070505
1562256,422107,3016260,3438367,7.145723714603169
1562257,422107,3016262,3438369,7.145728452738287
1562365,422107,3016567,3438674,7.14645101834369
1562391,422119,3016607,3438726,7.146342619024493
1562417,422130,3016640,3438770,7.146234572288158
1562453,422144,3016696,3438840,7.146130230442693
1562492,422187,3016775,3438962,7.145589513651534
1562878,422336,3017181,3439517,7.144029871950296
1562904,422355,3017236,3439591,7.143838713878136
1562960,422355,3017324,3439679,7.144047069408436
1562978,422355,3017344,3439699,7.14409442293805
1563020,422361,3017372,3439733,7.144059228953431
1563282,422532,3018008,3440540,7.142673217649787
1563290,422532,3018008,3440540,7.142673217649787
1563357,422581,3018143,3440724,7.142164460777933
1563523,422581,3018459,3441040,7.142912246409564
1563532,422594,3018489,3441083,7.142763503504546
1563551,422614,3018541,3441155,7.142548519452739
1563578,422628,3018552,3441180,7.142337942587807
1563644,422663,3018669,3441332,7.142023314082378
1563734,422670,3018928,3441598,7.142517803487354
1563757,422683,3018969,3441652,7.142395128263971
1563773,422691,3018997,3441688,7.142326191000045
1563815,422691,3019068,3441759,7.142494162402322
1563842,422708,3019108,3441816,7.142301541489633
1563845,422709,3019116,3441825,7.142303570541436
1563984,422737,3019194,3441931,7.1420150116975805
1564019,422737,3019263,3442000,7.14217823374817
1564112,422754,3019426,3442180,7.142276595845338
1564133,422754,3019458,3442212,7.142352289984246
1564168,422785,3019545,3442330,7.142034367349835
1564372,422794,3020738,3443532,7.144704040265472
1564400,422807,3020810,3443617,7.144654653305173
1564542,422843,3021026,3443869,7.144557199717153
1564591,422877,3021105,3443982,7.144169581225746
1564662,422889,3021236,3444125,7.144276630510607
1564739,422940,3021388,3444328,7.143774530666288
1564774,422940,3021422,3444362,7.143854920319667
1564809,422947,3021491,3444438,7.143899826692233
1565055,422960,3021908,3444868,7.1446661622848495
1565057,422960,3021913,3444873,7.144677983733686
1565170,422985,3022164,3445149,7.144849108124402
1565217,422997,3022184,3445181,7.144693697591236
1565261,423009,3022264,3445273,7.14468013682924
1565459,423082,3022660,3445742,7.144383358308791
1565592,423136,3022745,3445881,7.143672483551388
1565613,423143,3022772,3445915,7.143618114916234
1565620,423146,3022775,3445921,7.143574558190317
1565636,423146,3022775,3445921,7.143574558190317
1565647,423158,3022796,3445954,7.143421606114028
1565710,423158,3022844,3446002,7.143535038921632
1565952,423158,3023017,3446175,7.143943869665704
1566787,423389,3023880,3447269,7.1420844660584
1566812,423409,3023940,3447349,7.141888811999745
1567010,423491,3024212,3447703,7.141148218025885
1567154,423494,3024644,3448138,7.142117715953472
1567180,423513,3024721,3448234,7.1419791128017325
1567259,423543,3024884,3448427,7.141858087608578
1567588,423543,3025228,3448771,7.14267028377284
1567626,423543,3025331,3448874,7.1429134704150465
1567641,423548,3025361,3448909,7.142899978278731
1567665,423556,3025391,3448947,7.142835894191087
1567759,423556,3025560,3449116,7.14323489692036
1568019,423580,3026049,3449629,7.143984607394117
1568030,423589,3026066,3449655,7.143872952319347
1568210,423589,3026507,3450096,7.144914055841865
1568246,423596,3026555,3450151,7.144909300371109
1568455,423655,3026724,3450379,7.144313179355843
1568786,423702,3026909,3450611,7.1439573096185525
1568847,423708,3027016,3450724,7.144108678618294
1568878,423715,3027049,3450764,7.144068536634294
1568899,423727,3027094,3450821,7.143972416201941
1568923,423742,3027122,3450864,7.14378560539196
1568924,423742,3027122,3450864,7.14378560539196
1569116,423789,3027310,3451099,7.143436946216159
1569295,423789,3027671,3451460,7.144288785220947
1569605,423840,3028274,3452114,7.144851830879577
1569700,423902,3028398,3452300,7.144099343716237
1569756,423902,3028464,3452366,7.144255040080019
1569789,423911,3028477,3452388,7.144134028133264
1569922,423992,3028724,3452716,7.143351761353988
1569943,423998,3028746,3452744,7.143302562747937
1570007,424025,3028852,3452877,7.143097694711397
1570031,424038,3028880,3452918,7.142944736084973
1570060,424038,3028907,3452945,7.143008409623666
1570096,424049,3028945,3452994,7.142912729425137
1570103,424051,3028953,3453004,7.1428979061480815
1570145,424060,3029011,3453071,7.142883082582653
1570261,424076,3029141,3453217,7.142920136956583
1570275,424081,3029158,3453239,7.142876007177874
1570287,424081,3029168,3453249,7.142899587578788
1570395,424081,3029725,3453806,7.144213015909696
1570520,424150,3029951,3454101,7.143583637863963
1570615,424156,3029958,3454114,7.143499089957468
1570616,424156,3029964,3454120,7.1435132356963
1570626,424165,3029991,3454156,7.143425317977674
1571052,424165,3030804,3454969,7.145342024919548
1571095,424202,3030885,3455087,7.1449097363991685
1571117,424214,3030904,3455118,7.144752412697365
1571297,424300,3031145,3455445,7.14387226019326
1571345,424309,3031173,3455482,7.143786721469495
1571386,424340,3031260,3455600,7.14346985907527
1575147,424351,3037353,3461704,7.157643083202349
1575164,424351,3037392,3461743,7.157734988252649
1575335,424466,3037680,3462146,7.156474252354723
1575572,424466,3038042,3462508,7.157327088624295
1575750,424491,3038189,3462680,7.157251861641354
1575772,424494,3038214,3462708,7.157260173288669
1575877,424560,3038424,3462984,7.1566421707179195
1575942,424592,3038480,3463072,7.156234691185891
1575973,424598,3038500,3463098,7.156180669715825
1575988,424598,3038512,3463110,7.156208931742495
1576192,424694,3038829,3463523,7.155337725515312
1576254,424694,3038893,3463587,7.155488422252257
1576322,424699,3038998,3463697,7.155651414295772
1576395,424729,3039137,3463866,7.1554732547106505
1576427,424734,3039190,3463924,7.155513803933756
1576563,424735,3039405,3464140,7.156003154908355
1576854,424859,3039688,3464547,7.154580696183911
1577086,424868,3041090,3465958,7.157728988768277
1577123,424882,3041168,3466050,7.157676719653927
1577182,424930,3041290,3466220,7.157155296166428
1577217,424950,3041333,3466283,7.156919637604424
1577295,424991,3041517,3466508,7.156662141080635
1577392,425056,3041667,3466723,7.1559206316344195
1577672,425056,3042130,3467186,7.157009899872017
1577813,425133,3042520,3467653,7.156630983715684
1577829,425147,3042556,3467703,7.156479993978554
1577836,425149,3042568,3467717,7.156474553627081
1577915,425171,3042650,3467821,7.156297113396727
1578092,425233,3043034,3468267,7.156156742303631
1578101,425233,3043034,3468267,7.156156742303631
1578191,425240,3043293,3468533,7.1566480105352275
1578202,425242,3043316,3468558,7.1566684382069505
1578255,425267,3043394,3468661,7.156431136203843
1578283,425278,3043433,3468711,7.156337736727505
1578666,425423,3044271,3469694,7.1558683945155765
1578675,425425,3044286,3469711,7.155870012340601
1578834,425477,3044738,3470215,7.156057789257703
1578894,425486,3044815,3470301,7.156087391829578
1578924,425517,3044884,3470401,7.1557282082737
1579053,425518,3045266,3470784,7.156609121118261
1579099,425539,3045315,3470854,7.156371096421244
1579110,425539,3045325,3470864,7.156394596029976
1579209,425565,3045434,3470999,7.156213504400033
1579237,425573,3045492,3471065,7.156215267415931
1580245,425613,3046699,3472312,7.158378620953777
1580274,425626,3046750,3472376,7.158279804335262
1580294,425634,3046759,3472393,7.158166405879229
1580336,425655,3046821,3472476,7.1579589103851715
1580341,425655,3046832,3472487,7.15798475291022
1580362,425669,3046880,3472549,7.157862094726184
1580371,425669,3046891,3472560,7.157887936401289
1580423,425690,3047085,3472775,7.157990556508257
1580436,425698,3047099,3472797,7.157888925952201
1580620,425754,3047449,3473203,7.157769510092683
1580630,425757,3047468,3473225,7.157763700890414
1580686,425757,3047556,3473313,7.157970391561384
1580746,425770,3047752,3473522,7.158212180285131
1580778,425779,3047813,3473592,7.158204138766825
1581067,425816,3048482,3474298,7.159153249290774
1581332,425902,3048792,3474694,7.158435508638138
1581414,425928,3048970,3474898,7.158416445972089
1581426,425933,3049002,3474935,7.158407542970373
1581432,425936,3049026,3474962,7.158413470568348
1581554,425937,3049348,3475285,7.159152644639935
1581631,425937,3049493,3475430,7.15949307057147
1582477,426186,3050834,3477020,7.1584566363043365
1582506,426186,3050870,3477056,7.158541106465252
1582552,426223,3050941,3477164,7.158086260009432
1582577,426229,3050986,3477215,7.158091073108587
1582584,426229,3051037,3477266,7.158210727097406
1582752,426229,3051390,3477619,7.159038920392559
1582784,426248,3051439,3477687,7.158834762861058
1582803,426248,3051454,3477702,7.158869953642011
1582812,426253,3051468,3477721,7.158818823562532
1583354,426432,3051930,3478362,7.156897230977037
1583369,426432,3051957,3478389,7.156960547050878
1583380,426432,3051973,3478405,7.156998067687228
1583396,426432,3052025,3478457,7.157120009755365
1583467,426432,3052135,3478567,7.157377964130272
1583485,426438,3052154,3478592,7.157321814660045
1583566,426470,3052283,3478753,7.157087251154829
1583586,426477,3052320,3478797,7.1570565352879525
1583743,426552,3052585,3479137,7.156419381458767
1584445,426571,3054237,3480808,7.159973369028837
1584455,426582,3054249,3480831,7.159816869910123
1584651,426586,3054517,3481103,7.160377977711411
1585159,426894,3056127,3483021,7.1589832604815244
1585333,426941,3056246,3483187,7.158473887492651
1585386,426961,3056368,3483329,7.158424305732842
1585709,427082,3056749,3483831,7.157288295924436
1585711,427084,3056749,3483833,7.15725477891937
1585731,427089,3056771,3483860,7.157222499291716
1586818,427122,3059011,3486133,7.16191392623185
1586947,427122,3059394,3486516,7.1628106255355615
1586961,427122,3059429,3486551,7.162892569336162
1587110,427211,3059698,3486909,7.162030003909075
1587307,427316,3060267,3487583,7.161601718634453
1587361,427342,3060346,3487688,7.161350861838995
1587392,427345,3060392,3487737,7.161408229884519
1587414,427347,3060399,3487746,7.161391094356577
1587505,427356,3060448,3487804,7.1613549359316355
1587754,427356,3060784,3488140,7.162141165679199
1587789,427369,3060810,3488179,7.1619841401692685
1587854,427405,3060907,3488312,7.16160784267849
1587879,427411,3060919,3488330,7.161535383974676
1587911,427417,3060983,3488400,7.161584588352826
1587998,427483,3061132,3488615,7.160827448109048
1588065,427517,3061288,3488805,7.160622852424582
1588089,427517,3061350,3488867,7.160767875897332
1588148,427517,3061419,3488936,7.160929272987975
1588207,427531,3061574,3489105,7.161057326837118
1588848,427539,3062536,3490075,7.16317341809753
1589033,427593,3062827,3490420,7.162949346691831
1589052,427605,3062855,3490460,7.1628138118123035
1589066,427615,3062933,3490548,7.1628287127439405
1589174,427620,3063233,3490853,7.163446517936485
1589218,427647,3063297,3490944,7.163143901395309
1589289,427647,3063424,3491071,7.163440875301358
1589341,427667,3063468,3491135,7.163208758216089
1589581,427667,3064046,3491713,7.1645602770379755
1589602,427667,3064086,3491753,7.164653807752293
1589660,427677,3064169,3491846,7.164680354566647
1589716,427690,3064234,3491924,7.164614557272791
1589793,427690,3064253,3491943,7.1646589819729245
1589873,427758,3064429,3492187,7.163931475273403
1589905,427766,3064476,3492242,7.163907369917197
1590009,427794,3064589,3492383,7.1637026232251975
1590046,427795,3064648,3492443,7.163823794106991
1590218,427795,3064769,3492564,7.164106639862551
1590400,427795,3065313,3493108,7.165378276978459
1590431,427795,3065367,3493162,7.165504505662759
1590526,427847,3065524,3493371,7.16500057263461
1590579,427881,3065617,3493498,7.1646485821992565
1590711,427937,3065758,3493695,7.164040501288741
1590740,427948,3065775,3493723,7.1638960808322505
1590795,427952,3065813,3493765,7.163917916027966
1590819,427954,3065815,3493769,7.163889109577197
1590820,427954,3065815,3493769,7.163889109577197
1591388,427954,3067206,3495160,7.167139458913809
1591628,427965,3067896,3495861,7.168567523045109
1591860,427965,3068219,3496184,7.169322257661257
1591883,427969,3068255,3496224,7.169339368038339
1591899,427969,3068282,3496251,7.169402456719996
1591925,427990,3068327,3496317,7.1691558213976965
1591940,427995,3068362,3496357,7.1691538452552015
1592555,428171,3069047,3497218,7.167806787475097
1592613,428175,3069596,3497771,7.169022012027792
1592977,428454,3070347,3498801,7.166106513184612
1593527,428454,3071512,3499966,7.168825591545417
1593566,428471,3071576,3500047,7.168690529814153
1593602,428483,3071639,3500122,7.168636795392116
1593615,428490,3071669,3500159,7.168589698709422
1595905,428577,3074946,3503523,7.174780727850538
1596092,428581,3075498,3504079,7.17600173596123
1596165,428605,3075634,3504239,7.175917219817781
1596198,428605,3075698,3504303,7.176066541454253
1596313,428612,3075942,3504554,7.176518622903698
1596342,428618,3075990,3504608,7.176530150390324
1596367,428633,3076028,3504661,7.176367661845915
1596443,428652,3076106,3504758,7.176231535138061
1596465,428671,3076162,3504833,7.176044099087646
1596494,428671,3076198,3504869,7.176128079576179
1596612,428704,3076421,3505125,7.17609586101366
1596647,428717,3076482,3505199,7.176020545021541
1596841,428745,3076861,3505606,7.176435876803228
1596870,428764,3076916,3505680,7.17624614006773
1596914,428775,3076960,3505735,7.17616465512215
1597027,428775,3076960,3505735,7.17616465512215
1597898,428775,3077195,3505970,7.176712728120809
1597969,428807,3077342,3506149,7.176519972854921
1598017,428807,3077379,3506186,7.176606258759769
1598027,428810,3077395,3506205,7.176593363027915
1598046,428823,3077419,3506242,7.1764317678855845
1598060,428827,3077452,3506279,7.17644178188407
1598183,428854,3077538,3506392,7.176190498398056
1598274,428854,3077634,3506488,7.176414350804703
1598280,428859,3077651,3506510,7.1763703221804835
1598396,428859,3077835,3506694,7.176799367624324
1598436,428892,3077918,3506810,7.1764406890312715
1598577,428966,3078126,3507092,7.175687583631337
1598604,428970,3078143,3507113,7.175660302585262
1598631,428970,3078197,3507167,7.175786185514139
1598642,428970,3078207,3507177,7.175809497167634
1598829,428970,3078735,3507705,7.177040352472201
1598930,429001,3078912,3507913,7.176934319500421
1598980,429021,3078984,3508005,7.176767570818211
1599015,429030,3079031,3508061,7.176726569237583
1599035,429036,3079082,3508118,7.1767450750053605
1599100,429036,3079173,3508209,7.176957178418594
1599370,429098,3079514,3508612,7.1767148763219595
1599386,429098,3079540,3508638,7.176775468540986
1599558,429200,3079868,3509068,7.175834109972041
1599563,429202,3079875,3509077,7.175816981281541
1599642,429265,3080043,3509308,7.175155207156418
1599654,429271,3080071,3509342,7.175120145549082
1599800,429317,3080402,3509719,7.175122345492958
1599844,429320,3080439,3509759,7.175158390012112
1599919,429338,3080553,3509891,7.175123096488082
1599943,429353,3080584,3509937,7.1749446259837475
1600986,429353,3082591,3511944,7.179619101298931
1601637,429578,3083273,3512851,7.177446237935834
1601672,429600,3083333,3512933,7.17721834264432
1601803,429651,3083585,3513236,7.176952922255505
1601922,429710,3083920,3513630,7.176747108515045
1601968,429744,3084011,3513755,7.176391060724525
1601985,429759,3084032,3513791,7.176189445712597
1602087,429776,3084198,3513974,7.176291835746993
1602123,429781,3084206,3513987,7.176226962103955
1602172,429788,3084254,3514042,7.17622176514933
1602187,429797,3084267,3514064,7.176101741054498
1602401,429930,3084582,3514512,7.174614472123369
1602504,429934,3084841,3514775,7.17515013932371
1602567,429961,3084930,3514891,7.174906561292769
1602585,429976,3084975,3514951,7.174760916888385
1602660,429978,3085158,3515136,7.175153147370331
1602677,429986,3085183,3515169,7.175077793230478
1602693,429986,3085209,3515195,7.175138260315452
1602849,429986,3085471,3515457,7.1757475824794295
1602869,429995,3085507,3515502,7.175681112571076
1602906,430005,3085560,3515565,7.175637492587295
1603067,430100,3085959,3516059,7.17498023715415
1603108,430129,3086023,3516152,7.174645280834354
1603137,430141,3086041,3516182,7.174486970551516
1603154,430148,3086078,3516226,7.174456233668412
1603164,430148,3086094,3516242,7.174493430168221
1603184,430148,3086115,3516263,7.174542250574221
1603226,430156,3086143,3516299,7.174473911790141
1603251,430180,3086226,3516406,7.174266586080246
1603276,430199,3086264,3516463,7.17403806145528
1603287,430199,3086281,3516480,7.174077578051088
1604751,430211,3088364,3518575,7.178719279609308
1604765,430220,3088379,3518599,7.178603970061829
1604820,430231,3088454,3518685,7.178594754910734
1604847,430243,3088483,3518726,7.178461938950779
1604872,430260,3088560,3518820,7.178357272346953
1604892,430260,3088581,3518841,7.178406080044624
1605022,430336,3089090,3519426,7.178321125817965
1605042,430336,3089111,3519447,7.178369924895895
1605086,430365,3089198,3519563,7.1780883668513935
1605163,430378,3089216,3519594,7.1779133691777925
1605169,430378,3089232,3519610,7.177950545799274
1605303,430428,3089507,3519935,7.177755629280623
1605304,430428,3089509,3519937,7.177760275818487
1605444,430428,3089770,3520198,7.178366649009822
1605480,430445,3089843,3520288,7.178252738445098
1605580,430474,3089984,3520458,7.178096702704461
1605668,430523,3090193,3520716,7.177765183277084
1605680,430523,3090227,3520750,7.177844156990451
1605713,430529,3090286,3520815,7.177881164799584
1605753,430547,3090374,3520921,7.177785468253176
1605782,430567,3090413,3520980,7.17754263564091
1605828,430581,3090438,3521019,7.177367324614881
1605939,430581,3090653,3521234,7.1778666499450745
1605992,430619,3090743,3521362,7.1774422401241
1606010,430626,3090769,3521395,7.177385945112464
1606772,430626,3092364,3522990,7.181089855234008
1607609,430626,3094073,3524699,7.185058496235713
1607676,430636,3094129,3524765,7.185021688850909
1607821,430739,3094353,3525092,7.1838236147643935
1607857,430739,3094425,3525164,7.1839907693522065
1608018,430739,3094812,3525551,7.184889225261702
1608810,430748,3096749,3527497,7.189235933771021
1608832,430748,3096799,3527547,7.189352010920539
1608887,430752,3096837,3527589,7.189373467795854
1609888,430752,3098539,3529291,7.193324697273606
1609897,430752,3098555,3529307,7.193361841616522
1610293,430763,3099073,3529836,7.194380668720387
1610364,430763,3099200,3529963,7.194675494413401
1610384,430768,3099216,3529984,7.194629127511793
1610561,430865,3099532,3530397,7.193742819676697
1610562,430865,3099534,3530399,7.193747461501863
1610600,430877,3099602,3530479,7.193704932033968
1610618,430877,3099612,3530489,7.193728140513418
1610910,431004,3100544,3531548,7.193770823472636
1610981,431036,3100622,3531658,7.193417719169629
1610983,431037,3100627,3531664,7.193412630470238
1611042,431059,3100692,3531751,7.193196290994968
1611696,431059,3102293,3533352,7.196910399736463
1611743,431068,3102498,3533566,7.197235702951739
1611773,431077,3102528,3533605,7.197155032627582
1611790,431089,3102550,3533639,7.197005722716191
1611803,431093,3102579,3533672,7.197006214436328
1612034,431098,3103391,3534489,7.198806303903057
1612906,431535,3104876,3536411,7.194957535309998
1613248,431542,3105418,3536960,7.196096787798175
1613252,431542,3105442,3536984,7.196152402315418
1613285,431559,3105484,3537043,7.195966252586553
1613442,431638,3105731,3537369,7.195221458722355
1613467,431652,3105791,3537443,7.195127093121311
1613469,431652,3105795,3537447,7.195136359845431
1613611,431708,3106019,3537727,7.194721895355194
1613627,431708,3106045,3537753,7.194782121248622
1613630,431708,3106047,3537755,7.194786754009654
1613980,431708,3106686,3538394,7.196266921159673
1614045,431727,3106781,3538508,7.196170265005431
1614774,431727,3107618,3539345,7.19810899017203
1614972,431834,3108045,3539879,7.19731424575184
1614983,431834,3108072,3539906,7.197376769777276
1614987,431834,3108079,3539913,7.197392979709796
1614990,431834,3108085,3539919,7.197406873937671
1615766,432106,3109273,3541379,7.1956256103826375
1615934,432202,3109512,3541714,7.194580311983748
1615969,432205,3109596,3541801,7.194724725535337
1616019,432215,3109666,3541881,7.194720220260749
1616035,432215,3109692,3541907,7.19478037550756
1616415,432267,3109866,3542133,7.194317401050739
1616454,432281,3109902,3542183,7.1941676825953484
1616783,432465,3111001,3543466,7.1936480408819214
1616804,432465,3111046,3543511,7.193752095545304
1616809,432469,3111058,3543527,7.193713306618509
1616821,432474,3111094,3543568,7.193713379301415
1616845,432474,3111154,3543628,7.193852115965353
1616853,432474,3111171,3543645,7.193891424686802
1616856,432474,3111180,3543654,7.193912235186393
1616906,432485,3111290,3543775,7.193983606367851
1616920,432488,3111324,3543812,7.194012319416955
1616974,432496,3111362,3543858,7.19396711183456
1616981,432500,3111371,3543871,7.193921387283237
1617001,432502,3111402,3543904,7.193959796717703
1617147,432534,3111553,3544087,7.193776674203646
1617192,432545,3111642,3544187,7.193799489070502
1617222,432566,3111669,3544235,7.193512666275204
1617267,432583,3111835,3544418,7.193613711125957
1617437,432700,3112025,3544725,7.192107695863185
1617526,432746,3112176,3544922,7.191692124248404
1617697,432857,3112586,3545443,7.1907951124736345
1617707,432860,3112605,3545465,7.1907891697084505
1618348,432869,3113570,3546439,7.192868974216218
1618385,432879,3113630,3546509,7.192841417578585
1618647,433022,3113926,3546948,7.191149641357714
1618655,433025,3113938,3546963,7.191127533052364
1618699,433039,3114042,3547081,7.191135209530781
1618733,433049,3114083,3547132,7.191063828804593
1618757,433049,3114108,3547157,7.19112155899217
1618769,433056,3114134,3547190,7.191065358752678
1618869,433149,3114297,3547446,7.189897702638122
1618903,433159,3114355,3547514,7.189865615166717
1618914,433160,3114378,3547538,7.189902114692031
1618949,433175,3114448,3547623,7.189814740001154
1618995,433199,3114506,3547705,7.189550299054245
1619099,433292,3114712,3548004,7.188482593724324
1619197,433293,3115001,3548294,7.18913298853201
1619314,433324,3115074,3548398,7.188787143107698
1619441,433348,3115185,3548533,7.1886451535486495
1619450,433348,3115185,3548533,7.1886451535486495
1619467,433356,3115215,3548571,7.18858167418935
1619560,433372,3115479,3548851,7.188925449729101
1619597,433379,3115526,3548905,7.188917783279762
1619641,433395,3115543,3548938,7.188691609270989
1619649,433395,3115543,3548938,7.188691609270989
1619668,433411,3115572,3548983,7.18849313930657
1619747,433437,3115690,3549127,7.188334175439568
1619765,433454,3115715,3549169,7.188109926312826
1619792,433474,3115754,3549228,7.1878682458463485
1619796,433474,3115759,3549233,7.18787978056354
1619843,433510,3115798,3549308,7.187372840303569
1619875,433534,3115845,3549379,7.187083366010509
1619904,433543,3115856,3549399,7.186959540345479
1619914,433543,3115866,3549409,7.186982606108275
1620199,433543,3116466,3550009,7.188366551876054
1620432,433641,3116773,3550414,7.187449987432
1620511,433666,3116875,3550541,7.1872708489943875
1620527,433666,3116901,3550567,7.187330802968183
1621071,433807,3117430,3551237,7.186214145922034
1621086,433811,3118365,3552176,7.188303201163641
1621094,433817,3118402,3552219,7.188289071198224
1621139,433821,3118439,3552260,7.18830808098271
1621162,433826,3118482,3552308,7.188324351237593
1621180,433829,3118488,3552317,7.188288473108068
1621221,433851,3118551,3552402,7.188069175823036
1621251,433860,3118606,3552466,7.188046835384687
1621329,433860,3118716,3552576,7.188300373392338
1622509,433860,3120903,3554763,7.193341169962661
1622540,433860,3120952,3554812,7.193454109620615
1622646,433912,3121078,3554990,7.192882427773373
1622662,433929,3121111,3555040,7.192676682130026
1622844,433972,3121428,3555400,7.192694459550386
1622855,433984,3121446,3555430,7.192537052057219
1622874,433984,3121446,3555430,7.192537052057219
1622899,433994,3121502,3555496,7.192500357147795
1622938,434006,3121564,3555570,7.192444344087409
1623375,434268,3122421,3556689,7.190078476885241
1623410,434292,3122514,3556806,7.189895277831505
1623429,434297,3122552,3556849,7.189899999309229
1623460,434297,3122583,3556880,7.189971379033242
1623549,434314,3122762,3557076,7.190102092034795
1623566,434320,3122774,3557094,7.190030392337447
1623660,434369,3122851,3557220,7.189396572959857
1624178,434381,3124621,3559002,7.193272726017022
1624249,434381,3124748,3559129,7.193565096079248
1624252,434381,3124755,3559136,7.193581210964568
1624275,434393,3124768,3559161,7.193412416866754
1624602,434393,3125591,3559984,7.195307014615797
1624616,434393,3125612,3560005,7.195355357936247
1624632,434393,3125638,3560031,7.195415211571089
1624688,434436,3125746,3560182,7.1949516154278195
1624718,434446,3125798,3560244,7.194905695989835
1624790,434478,3125928,3560406,7.194674989297502
1624877,434478,3126058,3560536,7.194974198923766
1624905,434489,3126116,3560605,7.1949255332125786
1625049,434607,3126415,3561022,7.193660019281788
1625069,434618,3126433,3561051,7.193519366432131
1625093,434630,3126458,3561088,7.193378275774797
1625130,434655,3126519,3561174,7.193104876281189
1625165,434655,3126633,3561288,7.193367153259482
1625243,434655,3126743,3561398,7.193620227536782
1625257,434663,3126770,3561433,7.193549945590032
1625279,434663,3126809,3561472,7.193639670273292
1625304,434668,3126873,3561541,7.193704160416686
1625556,434687,3127286,3561973,7.194339835329789
1625740,434690,3127650,3562340,7.195127562170742
1625758,434690,3127682,3562372,7.195201177850882
1625764,434690,3127694,3562384,7.1952287837309346
1625788,434695,3127707,3562402,7.195175927949482
1625793,434700,3127717,3562417,7.1951161720726935
1625888,434714,3127784,3562498,7.195038577087464
1626503,435141,3128996,3564137,7.190763453685127
1626568,435141,3129186,3564327,7.191200093762712
1626590,435155,3129227,3564382,7.191062954579403
1626646,435155,3129315,3564470,7.191265181372155
1626701,435172,3129346,3564518,7.191055490702527
1626728,435182,3129400,3564582,7.191014334232574
1626762,435219,3129461,3564680,7.1905431518385
1626773,435224,3129491,3564715,7.19052947447751
1627045,435241,3130234,3565475,7.191955721083262
1627150,435267,3130399,3565666,7.191905198418442
1627257,435319,3130525,3565844,7.191335549332788
1627510,435460,3130882,3566342,7.189826849768061
1627663,435460,3131036,3566496,7.190180498782897
1627693,435470,3131057,3566527,7.190063609433485
1627724,435470,3131113,3566583,7.190192206122121
1627742,435480,3131132,3566612,7.190070726554606
1627778,435489,3131191,3566680,7.190057613395516
1627833,435489,3131275,3566764,7.190250500012629
1627855,435489,3131298,3566787,7.19030331420541
1627930,435489,3131465,3566954,7.190686791170386
1627942,435489,3131486,3566975,7.190735012824664
1627959,435492,3131504,3566996,7.1907268101365815
1627968,435496,3131528,3567024,7.190715873394933
1628362,435509,3132288,3567797,7.192246314083062
1628412,435546,3132372,3567918,7.191828188067391
1628421,435546,3132372,3567918,7.191828188067391
1628556,435599,3132605,3568204,7.1914880429018435
1628559,435599,3132607,3568206,7.191492634280611
1628596,435607,3132660,3568267,7.191482230542668
1628618,435614,3132684,3568298,7.19142176330421
1628646,435628,3132736,3568364,7.191310016803327
1628676,435634,3132791,3568425,7.191337223449042
1628742,435681,3132890,3568571,7.190788673364228
1628889,435681,3133146,3568827,7.1913762592355415
1628988,435731,3133468,3569199,7.191290039037847
1629046,435748,3133576,3569324,7.19125733221954
1629083,435760,3133594,3569354,7.191100605838076
1629091,435760,3133611,3569371,7.191139618138425
1629613,435803,3134687,3570490,7.192899085137092
1629655,435803,3134736,3570539,7.193011521260753
1629778,435803,3135073,3570876,7.193784806437772
1629845,435829,3135211,3571040,7.193672288902299
1629888,435839,3135296,3571135,7.193702261614954
1629984,435853,3135419,3571272,7.193753398508212
1629997,435853,3135433,3571286,7.193785519429716
1630061,435853,3135608,3571461,7.194187030948508
1630093,435881,3135672,3571553,7.1938717218690424
1630124,435881,3135692,3571573,7.193917605952083
1630188,435881,3135822,3571703,7.19421585249185
1630191,435881,3135835,3571716,7.194245677145826
1630226,435889,3135858,3571747,7.194166404749833
1630355,435910,3135985,3571895,7.194111169736872
1630467,435985,3136340,3572325,7.193687856233586
1630498,435994,3136395,3572389,7.193665509158383
1630516,436009,3136430,3572439,7.1934982993470316
1630541,436018,3136502,3572520,7.193514946630644
1630565,436027,3136542,3572569,7.1934582032764025
1630575,436030,3136564,3572594,7.193459165653739
1630635,436030,3136656,3572686,7.19367016031007
1630702,436030,3136815,3572845,7.194034814118295
1630726,436045,3136847,3572892,7.193860725383848
1630761,436051,3136865,3572916,7.193803018454263
1630776,436058,3136889,3572947,7.193742575528943
1631018,436058,3137473,3573531,7.1950818469102735
1631285,436250,3137981,3574231,7.193079656160458
1631559,436362,3138452,3574814,7.19231280450635
1631668,436441,3138749,3575190,7.191691431373313
1631823,436481,3138902,3575383,7.191382900973926
1631872,436481,3139011,3575492,7.191632625475107
1632010,436529,3139153,3575682,7.191167138952967
1632106,436529,3139295,3575824,7.191492432346992
1632109,436530,3139303,3575833,7.191494284470712
1632192,436578,3139411,3575989,7.190950986994306
1632322,436579,3139796,3576375,7.19181637229459
1632430,436648,3140002,3576650,7.191151682820029
1632630,436706,3140186,3576892,7.190617944337839
1632630,436706,3140186,3576892,7.190617944337839
1632664,436709,3140246,3576955,7.190705939195208
1632688,436732,3140307,3577039,7.190466922506251
1632708,436738,3140330,3577068,7.190420801487391
1632718,436738,3140366,3577104,7.190503230769935
1632759,436750,3140463,3577213,7.1905277618775045
1632779,436750,3140487,3577237,7.190582713222668
1632815,436750,3140556,3577306,7.1907406983400115
1633040,436849,3140838,3577687,7.189756643599963
1633094,436895,3140981,3577876,7.189326954989185
1633100,436899,3140986,3577885,7.189272577872689
1633153,436916,3141019,3577935,7.1890683792765655
1633246,436916,3141171,3578087,7.189416272235396
1633368,436957,3141487,3578444,7.189464867252384
1633458,436994,3141612,3578606,7.189142185018558
1633520,437028,3141756,3578784,7.18891238090008
1633570,437078,3141854,3578932,7.188314213938931
1633765,437114,3142400,3579514,7.1889712981053
1633776,437118,3142436,3579554,7.188987870552117
1633937,437208,3142632,3579840,7.187956304550695
1634296,437350,3143207,3580557,7.186937235623643
1634550,437461,3143692,3581153,7.186222314674908
1634609,437504,3143840,3581344,7.1858543007606785
1634638,437521,3143915,3581436,7.185746512738817
1634761,437624,3144075,3581699,7.184420872712648
1634882,437630,3144320,3581950,7.184882206430089
1634902,437653,3144363,3582016,7.184602870310497
1634955,437686,3144521,3582207,7.184422165662141
1634966,437696,3144534,3582230,7.1842877248135695
1634986,437696,3144555,3582251,7.184335703319198
1634999,437696,3144562,3582258,7.184351696154408
1635091,437719,3144759,3582478,7.184424253916325
1635130,437728,3144831,3582559,7.18444102273558
1635201,437740,3145020,3582760,7.18467583497053
1635212,437745,3145029,3582774,7.184614330260768
1635244,437768,3145096,3582864,7.184389905155242
1635263,437769,3145131,3582900,7.184453444624905
1635337,437810,3145288,3583098,7.184139238482446
1635408,437810,3145531,3583341,7.184694273771727
1635460,437826,3145550,3583376,7.184475111117202
1635492,437836,3145588,3583424,7.18439781105254
1635525,437854,3145688,3583542,7.1843308500093634
1635691,437927,3145978,3583905,7.183795472761442
1635804,437978,3146095,3584073,7.183226098114517
1635814,437982,3146110,3584092,7.183194743162961
1635847,438001,3146149,3584150,7.182972184995012
1635859,438006,3146179,3584185,7.1829586809313115
1635881,438006,3146218,3584224,7.183047720807478
1636041,438059,3146465,3584524,7.1827425072878315
1636048,438064,3146471,3584535,7.182674221118376
1636105,438089,3146541,3584630,7.182424119299959
1636227,438122,3146676,3584798,7.18219126179466
1636240,438124,3146701,3584825,7.182215537153865
1636264,438124,3146731,3584855,7.182284010919283
1636311,438161,3146792,3584953,7.181816729467022
1636373,438198,3146895,3585093,7.18144537400901
1636657,438214,3147075,3585289,7.181593924429617
1636695,438222,3147133,3585355,7.181595173222704
1636704,438226,3147139,3585365,7.181543313267583
1636724,438246,3147176,3585422,7.181300000456365
1636783,438264,3147272,3585536,7.181224102367523
1637107,438264,3147839,3586103,7.182517843126518
1637794,438525,3148445,3586970,7.179624878855253
1638064,438534,3148947,3587481,7.180622255058901
1638114,438542,3149047,3587589,7.180719292564908
1638183,438542,3149131,3587673,7.18091083636231
1638300,438567,3149233,3587800,7.180734072559039
1638329,438569,3149248,3587817,7.180735528502926
1638395,438653,3149422,3588075,7.179757120092647
1638402,438654,3149423,3588077,7.179743032093632
1638743,438771,3149759,3588530,7.178594300899558
1638989,438771,3150189,3588960,7.17957431097315
1638994,438771,3150194,3588965,7.179585706439122
1639078,438806,3150290,3589096,7.179231824542053
1639114,438822,3150398,3589220,7.179216174211867
1639143,438829,3150428,3589257,7.1791700183898515
1639408,439006,3150859,3589865,7.177257258442937
1639428,439014,3150890,3589904,7.177197082553176
1639551,439032,3151104,3590136,7.177390258568852
1639616,439035,3151151,3590186,7.177448267222431
1639637,439036,3151196,3590232,7.177534416312102
1639872,439143,3151916,3591059,7.177425121201978
1639901,439143,3151946,3591089,7.177493436078908
1640062,439143,3152333,3591476,7.178374697991315
1640105,439164,3152437,3591601,7.17826825513931
1640149,439179,3152498,3591677,7.178161979511771
1640156,439182,3152501,3591683,7.178119777222199
1640226,439182,3152602,3591784,7.17834975021745
1640889,439196,3154469,3593665,7.182371879525315
1641034,439231,3154621,3593852,7.1821456135837405
1641066,439231,3154681,3593912,7.182282215963809
1641086,439231,3154702,3593933,7.1823300267968335
1641093,439231,3154710,3593941,7.182348240447509
1641466,439392,3155229,3594621,7.180897694996723
1642818,439406,3156189,3595595,7.182853670637178
1642860,439417,3156266,3595683,7.182849093230349
1642904,439432,3156339,3595771,7.182770030402883
1642934,439441,3156389,3595830,7.18273670413093
1642976,439458,3156436,3595894,7.182565796958981
1643150,439458,3156657,3596115,7.1830686891580084
1644224,440172,3159548,3599720,7.177984969511918
1644296,440219,3159684,3599903,7.177527548788217
1644362,440219,3159869,3600088,7.177947794166085
1644603,440239,3160334,3600573,7.178677945388754
1644646,440255,3160434,3600689,7.178644194841626
1644662,440255,3160460,3600715,7.178703251524684
1644953,440333,3161106,3601439,7.178898697122405
1644992,440344,3161175,3601519,7.178876060534491
1645114,440453,3161511,3601964,7.1778623371846715
1645129,440470,3161541,3602011,7.177653415669625
1645177,440470,3161599,3602069,7.177785093195904
1645193,440473,3161628,3602101,7.177802044620215
1645234,440498,3161675,3602173,7.1775013734455095
1645262,440504,3161701,3602205,7.177462633710477
1645288,440513,3161731,3602244,7.177384095361544
1645386,440513,3162021,3602534,7.178042418725441
1645549,440513,3162317,3602830,7.178714362572728
1645713,440513,3162602,3603115,7.179361335533798
1645767,440540,3162645,3603185,7.179018931311572
1645794,440549,3162729,3603278,7.179062941920195
1646034,440746,3163187,3603933,7.176893267324037
1646041,440746,3163192,3603938,7.176904611726482
1646251,440780,3163287,3604067,7.17656654113163
1646428,440831,3163465,3604296,7.176140062745134
1646480,440853,3163594,3604447,7.176074564537386
1646493,440863,3163617,3604480,7.175963961593511
1646523,440892,3163676,3604568,7.175625776834236
1648091,441038,3164192,3605230,7.1744203447322
1648152,441055,3164214,3605269,7.174193694663931
1648196,441077,3164314,3605391,7.174062578642731
1648198,441078,3164315,3605393,7.174048580976607
1648436,441103,3164632,3605735,7.174360636858058
1648750,441265,3165217,3606482,7.173052474136856
1648836,441308,3165409,3606717,7.172788619286304
1649447,441571,3166236,3607807,7.170389359808502
1649540,441627,3166453,3608080,7.169971491779262
1649577,441636,3166469,3608105,7.16986160548506
1649590,441641,3166491,3608132,7.169830246738867
1649677,441698,3166676,3608374,7.169323836648569
1649689,441707,3166704,3608411,7.16924114854417
1649767,441780,3166881,3608661,7.168457150617955
1649813,441812,3166942,3608754,7.168076014232298
1649953,441861,3167264,3609125,7.168009849251235
1650039,441871,3167733,3609604,7.168909025484814
1650327,441871,3168300,3610171,7.170192205417418
1650380,441891,3168377,3610268,7.17004193341797
1650455,441891,3168377,3610268,7.17004193341797
1650553,441891,3168667,3610558,7.170698203855702
1650561,441894,3168682,3610576,7.170683467075815
1650612,441948,3168839,3610787,7.170162553060541
1650738,441984,3169086,3611070,7.170137380538662
1653705,443043,3173062,3616105,7.161972991334927
1653709,443043,3173064,3616107,7.161977505569437
1653884,443095,3173496,3616591,7.162111962445977
1653981,443095,3173676,3616771,7.162518195872217
1654011,443095,3173753,3616848,7.162691973504553
1654025,443095,3173760,3616855,7.162707771471129
1654921,443095,3175473,3618568,7.166573759577517
1654944,443102,3175485,3618587,7.166487625873953
1654973,443102,3175512,3618614,7.166548559925254
1655000,443104,3175527,3618631,7.166550064996028
1655041,443116,3175553,3618669,7.16641466342899
1655090,443151,3175632,3618783,7.166026929872662
1655740,443428,3176500,3619928,7.163507942664874
1655786,443465,3176585,3620050,7.163101935891221
1655815,443478,3176625,3620103,7.162982154695385
1655837,443478,3176672,3620150,7.163088135149883
1656016,443546,3176974,3620520,7.162670839101243
1656082,443592,3177122,3620714,7.162261717975076
1656104,443592,3177168,3620760,7.162365416869556
1656122,443592,3177198,3620790,7.162433046583347
1656139,443592,3177233,3620825,7.162511947916103
1656264,443664,3177458,3621122,7.161856720401024
1656301,443677,3177507,3621184,7.161757314442714
1656381,443677,3177629,3621306,7.162032289255472
1656414,443682,3177645,3621327,7.16198763979607
1656514,443740,3177843,3621583,7.16149772389237
1656591,443742,3177961,3621703,7.161731366424634
1656745,443807,3178464,3622271,7.161815834360431
1656771,443807,3178508,3622315,7.161914976555124
1656807,443817,3178575,3622392,7.161904568774968
1657002,443817,3179045,3622862,7.162963563811211
1657013,443819,3179068,3622887,7.162983107978703
1657036,443829,3179090,3622919,7.162871286013307
1657046,443829,3179121,3622950,7.162941132733553
1657119,443832,3179146,3622978,7.162949043782332
1657163,443832,3179173,3623005,7.163009877611349
1657169,443832,3179192,3623024,7.163052686602137
1657887,444027,3180219,3624246,7.162219865008209
1657892,444029,3180226,3624255,7.162203369599733
1658096,444082,3180666,3624748,7.162339387770727
1658105,444084,3180686,3624770,7.16235216760793
1658394,444261,3181631,3625892,7.161625711012221
1658551,444326,3182063,3626389,7.161550303155791
1658581,444326,3182083,3626409,7.161595315151488
1658609,444327,3182119,3626446,7.161660218712795
1658625,444327,3182145,3626472,7.161718734175506
1658829,444327,3182500,3626827,7.162517695300983
1658832,444327,3182509,3626836,7.16253795065346
1658853,444338,3182533,3626871,7.16241464830827
1658980,444406,3182696,3627102,7.161685485794521
1659109,444406,3182923,3627329,7.162196279978218
1659142,444406,3182987,3627393,7.162340292435296
1659272,444469,3183294,3627763,7.162015798627126
1659298,444492,3183349,3627841,7.161768940723342
1659454,444492,3183787,3628279,7.162754335286125
1659480,444492,3183847,3628339,7.16288932084267
1660199,444492,3185227,3629719,7.165993988643216
1660826,444834,3186589,3631423,7.163546401579016
1660905,444868,3186694,3631562,7.163234937104939
1661105,444868,3187134,3632002,7.16422399453321
1661137,444871,3187181,3632052,7.16428133099258
1661210,444920,3187353,3632273,7.163878899577452
1661460,444991,3187629,3632620,7.163356112820259
1661548,445037,3187821,3632858,7.163047117430685
1661580,445046,3187864,3632910,7.162998881014547
1661611,445069,3187892,3632961,7.162691627590329
1661806,445070,3188362,3633432,7.163731547846406
1661861,445091,3188449,3633540,7.1635890188747915
1661923,445116,3188517,3633633,7.163339444099965
1661932,445116,3188525,3633641,7.163357416942999
1661939,445116,3188525,3633641,7.163357416942999
1661979,445139,3188553,3633692,7.163050193310404
1661981,445139,3188558,3633697,7.163061425756898
1662021,445163,3188595,3633758,7.162758360420789
1662062,445173,3188664,3633837,7.162752458033169
1662068,445173,3188669,3633842,7.162763689621787
1662472,445179,3189631,3634810,7.164828080390135
1662893,445262,3190433,3635695,7.1652936922531
1662895,445262,3190438,3635700,7.165304921596722
1662938,445287,3190509,3635796,7.1650620835551
1662956,445305,3190567,3635872,7.164902707133313
1662957,445305,3190569,3635874,7.164907198437026
1663032,445315,3190744,3636059,7.1651392834285845
1663202,445324,3191723,3637047,7.167192875299782
1663567,445361,3192329,3637690,7.16795812834981
1663587,445361,3192350,3637711,7.168005281109033
1664529,445707,3193930,3639637,7.165985726048727
1664585,445734,3194029,3639763,7.165773757442779
1665037,445734,3194861,3640595,7.167640341548996
1665040,445735,3194875,3640610,7.167655669848677
1665079,445747,3194991,3640738,7.167722945976081
1665178,445794,3195109,3640903,7.167231950183268
1665228,445838,3195270,3641108,7.16688572979423
1665273,445860,3195333,3641193,7.166673395236173
1665711,446044,3195881,3641925,7.164945610746922
1665750,446051,3195921,3641972,7.164922845145511
1665763,446058,3195944,3642002,7.1648619686229145
1665774,446061,3195968,3642029,7.164867585375094
1665850,446121,3196076,3642197,7.1641460500626515
1665888,446121,3196133,3642254,7.164273818089711
1665922,446136,3196186,3642322,7.164151738483333
1665939,446136,3196213,3642349,7.164212258145498
1666222,446212,3196585,3642797,7.163825715130924
1666247,446236,3196628,3642864,7.163536783226813
1666311,446274,3196740,3643014,7.163177778674088
1666335,446303,3196800,3643103,7.162846765538211
1666357,446303,3196824,3643127,7.1629005406640776
1666366,446303,3196836,3643139,7.162927428227012
1666391,446317,3196870,3643187,7.162778921708114
1666421,446326,3196902,3643228,7.162706183372691
1666458,446342,3196954,3643296,7.1625659247841345
1666910,446342,3197786,3644128,7.164429966259057
1666939,446364,3197819,3644183,7.1641507827692195
1666978,446376,3197842,3644218,7.164009713783895
1667354,446410,3198441,3644851,7.16480589592527
1667947,446631,3199443,3646074,7.163504100700578
1668148,446631,3199990,3646621,7.164728825361428
1668169,446639,3200013,3646652,7.164651989638164
1668251,446688,3200171,3646859,7.164219768608066
1668279,446698,3200207,3646905,7.164139978240333
1668345,446726,3200290,3647016,7.163876738761568
1668544,446832,3200746,3647578,7.163197801410821
1668584,446840,3200800,3647640,7.163190403723928
1669059,446840,3202410,3649250,7.166793483125951
1669300,446840,3202895,3649735,7.167878882821592
1669493,446840,3203147,3649987,7.168442843075821
1669555,446840,3203202,3650042,7.168565929639245
1669719,446840,3203555,3650395,7.169355921582669
1669740,446846,3203562,3650408,7.169275320804036
1669778,446864,3203602,3650466,7.169076049983888
1669811,446864,3203645,3650509,7.169172276128755
1669848,446888,3203704,3650592,7.1689192817887255
1669876,446891,3203715,3650606,7.168895771004562
1669887,446891,3203725,3650616,7.168918147825756
1669895,446891,3203754,3650645,7.168983040607217
1670585,446999,3204507,3651506,7.168935500974275
1671074,447385,3205890,3653275,7.165841501167898
1671075,447387,3205894,3653281,7.165818407776713
1671198,447473,3206119,3653592,7.164944030142601
1671356,447473,3206671,3654144,7.166177624124807
1671404,447485,3206746,3654231,7.166153055409678
1671671,447625,3207237,3654862,7.165008656799777
1671751,447626,3207291,3654917,7.165113286538316
1671813,447630,3207434,3655064,7.165368719701539
1671848,447649,3207472,3655121,7.165149480954945
1672040,447656,3207548,3655204,7.165207212681166
1672093,447677,3207634,3655311,7.165063204051135
1672107,447690,3207705,3655395,7.165013737184212
1673973,447802,3211597,3659399,7.17191303299226
1673995,447802,3211649,3659451,7.17202915574294
1674026,447823,3211680,3659503,7.171762057777292
1674146,447856,3211906,3659762,7.171738237290557
1674209,447856,3212033,3659889,7.172021810581973
1675398,447856,3214024,3661880,7.176467435961559
1675402,447858,3214027,3661885,7.1764420865542204
1675470,447883,3214125,3662008,7.1762603179848306
1675949,448096,3214620,3662716,7.173953795615225
1675983,448101,3214663,3662764,7.173969707722143
1676029,448117,3214709,3662826,7.17381621317647
1676050,448117,3214749,3662866,7.173905475578922
1676417,448121,3215054,3663175,7.174522059890075
1676491,448121,3215054,3663175,7.174522059890075
1676548,448121,3215174,3663295,7.174789844707122
1676570,448140,3215203,3663343,7.174550363725621
1676606,448140,3215275,3663415,7.174711027803811
1676684,448192,3215443,3663635,7.174253444952163
1676713,448192,3215490,3663682,7.174358310723975
1676767,448210,3215569,3663779,7.174246446977979
1676872,448256,3215763,3664019,7.173943014705882
1676885,448264,3215818,3664082,7.173937679581675
1677003,448283,3216062,3664345,7.174177918859292
1677046,448295,3216090,3664385,7.17404833870554
1677084,448303,3216177,3664480,7.174114382460077
1677099,448308,3216200,3664508,7.174085673242503
1677124,448314,3216231,3664545,7.174058806996881
1677190,448328,3216314,3664642,7.1740199139915415
1677213,448328,3216358,3664686,7.174118056422976
1677263,448344,3216481,3664825,7.174136377424477
1677328,448360,3216562,3664922,7.17406102239272
1677338,448360,3216578,3664938,7.174096708002498
1677356,448360,3216588,3664948,7.174119011508609
1677408,448374,3216660,3665034,7.174055587522916
1677677,448374,3217176,3665550,7.175206412503847
1677711,448375,3217258,3665633,7.17537329244494
1677764,448389,3217366,3665755,7.175390118847697
1677779,448395,3217424,3665819,7.175423454766444
1677804,448400,3217479,3665879,7.175466101694915
1677833,448412,3217520,3665932,7.175365512073718
1677856,448416,3217565,3665981,7.175401858988082
1678054,448439,3217819,3666258,7.175600248863279
1678072,448439,3217862,3666301,7.17569613704428
1678084,448445,3217890,3666335,7.175662567315947
1678143,448493,3217953,3666446,7.175035061862727
1678176,448509,3217988,3666497,7.174857137760892
1678188,448514,3218009,3666523,7.1748239742795095
1678209,448514,3218055,3666569,7.174926535180619
1680500,448528,3221387,3669915,7.182131327364178
1680574,448528,3221519,3670047,7.1824256233724535
1680917,448528,3222101,3670629,7.183723201227125
1681059,448680,3222393,3671073,7.181940358384595
1681097,448687,3222448,3671135,7.1819508922701125
1681146,448689,3222490,3671179,7.182012485262621
1681338,448813,3222895,3671708,7.180930588017727
1681563,448858,3223207,3672065,7.1809057652977115
1681592,448864,3223245,3672109,7.18089443573109
1681834,448864,3223418,3672282,7.1812798531403725
1681875,448864,3223495,3672359,7.181451397305197
1683204,448889,3228500,3677389,7.19220119004921
1683250,448913,3228629,3677542,7.192104037976178
1683314,448954,3228714,3677668,7.191636559647536
1683340,448961,3228739,3677700,7.1915801149765795
1685127,448961,3228739,3677700,7.1915801149765795
1685142,448961,3228753,3677714,7.191611298086025
1685155,448961,3228758,3677719,7.191622434910827
1685171,448967,3228789,3677756,7.191595373379335
1685922,449346,3229771,3679117,7.187715034739377
1686351,449346,3230605,3679951,7.189571065504088
1686370,449346,3230626,3679972,7.189617800091689
1686506,449412,3230821,3680233,7.188995843457674
1686706,449412,3231261,3680673,7.1899749005367015
1686760,449424,3231348,3680772,7.189976503257503
1686821,449438,3231442,3680880,7.189961685482759
1686936,449500,3231581,3681081,7.189279199110122
1687159,449500,3232059,3681559,7.190342602892103
1687186,449513,3232091,3681604,7.1902058449922475
1687225,449523,3232155,3681678,7.190188266228869
1687380,449527,3232377,3681904,7.190618138621262
1687529,449599,3232604,3682203,7.189971507943746
1687556,449609,3232644,3682253,7.1899005580404305
1687628,449622,3232709,3682331,7.1898372410602684
1687642,449630,3232738,3682368,7.189773814024865
1687782,449681,3232896,3682577,7.189309755137531
1687980,449743,3233198,3682941,7.188990156600547
1687992,449748,3233211,3682959,7.188939139251314
1688013,449754,3233234,3682988,7.188894373368552
1751375,449756,3423314,3873070,7.611491564314873
1751408,449761,3423343,3873104,7.6114714259351075
1751481,449802,3423517,3873319,7.611164467921441
1751483,449802,3423519,3873321,7.611168914322302
1751525,449815,3423563,3873378,7.611046763669509
1751548,449830,3423583,3873413,7.6108374274726005
1751706,449830,3423832,3873662,7.61139096992197
1751975,449846,3424459,3874305,7.612514060367325
1752020,449869,3424622,3874491,7.61248719071552
1752349,449876,3424985,3874861,7.613175630618215
1752375,449879,3425045,3874924,7.613258231657846
1752392,449892,3425075,3874967,7.613104922959288
1752675,449916,3425680,3875596,7.614043510344153
1752801,449978,3425984,3875962,7.6136700016445245
1752816,449978,3426010,3875988,7.613727782247132
1752816,449981,3426052,3876033,7.6137703591929435
1752820,449983,3426056,3876039,7.613745408159864
1752950,449983,3426442,3876425,7.614603218343804
1753045,449983,3426687,3876670,7.615147683356927
1753048,449983,3426696,3876679,7.615167684112511
1753082,450000,3426763,3876763,7.615028888888889
1753531,450000,3427304,3877304,7.616231111111111
1753533,450000,3427306,3877306,7.616235555555556
1753611,450067,3427476,3877543,7.615479473056234
1753612,450067,3427478,3877545,7.6154839168390485
1753656,450078,3427560,3877638,7.615479983469532
1753679,450091,3427583,3877674,7.615311125972303
1753759,450113,3427791,3877904,7.615401021521262
1753804,450124,3427956,3878080,7.615581484213239
1754240,450193,3428891,3879084,7.6164911493515
1754375,450243,3429061,3879304,7.616022903187834
1754395,450261,3429099,3879360,7.6158028343560735
1754415,450269,3429138,3879407,7.615754138081902
1754425,450277,3429161,3879438,7.615669909855489
1754509,450295,3429271,3879566,7.615609766930568
1754528,450304,3429287,3879591,7.615493089113133
1754566,450323,3429357,3879680,7.61532722068382
1754600,450323,3429459,3879782,7.615553724770887
1754629,450323,3429498,3879821,7.615640329274765
1754642,450326,3429512,3879838,7.615620683682488
1754666,450336,3429568,3879904,7.615575925531159
1754816,450377,3429821,3880198,7.615444394362945
1754856,450377,3429883,3880260,7.615582056810183
1754871,450380,3429906,3880286,7.6155823970869045
1754885,450380,3429932,3880312,7.615640126115725
1754961,450402,3430047,3880449,7.615523465703971
1755116,450499,3430313,3880812,7.614474171973745
1755305,450617,3430614,3881231,7.613148194586533
1755335,450617,3430669,3881286,7.613270249457965
1756067,450620,3431630,3882250,7.615352181438906
1756316,450701,3431881,3882582,7.614540460305169
1756417,450756,3432129,3882885,7.614161541942869
1756469,450788,3432191,3882979,7.613758573875081
1756809,450794,3432568,3883362,7.614493538068386
1756810,450794,3432568,3883362,7.614493538068386
1757479,451078,3433750,3884828,7.612319820518846
1757543,451117,3433886,3885003,7.611963193583926
1757683,451179,3434084,3885263,7.611356024992298
1757813,451180,3434469,3885649,7.612192473070615
1757888,451180,3434636,3885816,7.612562613591028
1757910,451190,3434693,3885883,7.612520224295751
1759847,451190,3438790,3889980,7.621600656042909
1759854,451190,3438795,3889985,7.6216117378487995
1759899,451204,3438852,3890056,7.62150158243278
1759950,451240,3438956,3890196,7.621124013828561
1760381,451300,3439299,3890599,7.620870817637935
1760544,451380,3439506,3890886,7.6199787318888745
1760576,451380,3439554,3890934,7.620085072444503
1760713,451475,3439767,3891242,7.618953430422504
1760732,451475,3439787,3891262,7.61899772966388
1760753,451475,3439819,3891294,7.61906860845008
1760779,451481,3439856,3891337,7.619049306615339
1760810,451496,3439943,3891439,7.618988872548151
1761006,451496,3440271,3891767,7.619715346315361
1761178,451557,3440514,3892071,7.619224151103848
1761219,451592,3440656,3892248,7.618948077025279
1761235,451592,3440682,3892274,7.619005651118709
1761268,451592,3440682,3892274,7.619005651118709
1761297,451596,3440728,3892324,7.619040026926722
1761348,451634,3440784,3892418,7.61852296328443
1761475,451634,3441175,3892809,7.619388708556043
1761517,451637,3441211,3892848,7.619417806778452
1761544,451645,3441240,3892885,7.619347053548694
1762356,451645,3442947,3894592,7.6231265706473
1762388,451669,3443013,3894682,7.622867630942128
1762389,451669,3443018,3894687,7.62287870099564
1762534,451674,3443288,3894962,7.623392092526911
1762578,451681,3443349,3895030,7.623408998828819
1762673,451702,3443421,3895123,7.623213977356753
1762929,451918,3444041,3895959,7.620942294841099
1762965,451936,3444100,3896036,7.620769312469022
1763723,452274,3445622,3897896,7.618439264693526
1763752,452288,3445667,3897955,7.6183029397198245
1764296,452305,3446319,3898624,7.619458109019356
1764305,452307,3446339,3898646,7.619468635241108
1764386,452340,3446470,3898810,7.6192023698987486
1764399,452352,3446511,3898863,7.619090884974533
1764410,452355,3446523,3898878,7.6190668833106745
1764450,452355,3446572,3898927,7.61917520531441
1764553,452403,3446709,3899112,7.618669637469248
1764643,452424,3446795,3899219,7.618506091630859
1764656,452424,3446800,3899224,7.618517143210793
1764674,452435,3446840,3899275,7.618420325571629
1764775,452466,3446987,3899453,7.61822324771364
1764920,452497,3447258,3899755,7.618300231824741
1764934,452502,3447298,3899800,7.618304449483096
1765031,452534,3447421,3899955,7.618037539720772
1765292,452541,3447740,3900281,7.6186246108087445
1765313,452541,3447771,3900312,7.618693112889219
1765361,452541,3447883,3900424,7.618940604276739
1765624,452622,3448189,3900811,7.618253200242145
1766427,452622,3450135,3902757,7.622552593554887
1766543,452713,3450395,3903108,7.621594696860925
1766820,452713,3451103,3903816,7.623158601586436
1766875,452713,3451181,3903894,7.623330896174839
1766895,452721,3451204,3903925,7.623246988763499
1767192,452754,3451362,3904116,7.623040326534939
1767199,452754,3451369,3904123,7.623055787469575
1767210,452761,3451386,3904147,7.62297547712811
1767234,452770,3451416,3904186,7.622890209156967
1767378,452860,3451811,3904671,7.622247493706665
1767595,452906,3452378,3905284,7.622725245415164
1767661,452924,3452597,3905521,7.622905829675619
1767767,452924,3452660,3905584,7.623044925859526
1767841,452925,3452755,3905680,7.623237842909974
1767848,452928,3452760,3905688,7.6231983891479445
1767940,452995,3452983,3905978,7.622563162948818
1767977,453004,3453052,3906056,7.622564039169632
1768010,453009,3453068,3906077,7.622515225966813
1768243,453009,3453423,3906432,7.623298874856791
1769203,453319,3454646,3907965,7.620783598304946
1769246,453333,3454682,3908015,7.620627662226222
1769344,453333,3454972,3908305,7.621267368578947
1769405,453349,3455108,3908457,7.621298381600048
1769439,453371,3455154,3908525,7.621030017358851
1769506,453410,3455275,3908685,7.620641362122583
1769527,453424,3455294,3908718,7.620447969229684
1769699,453424,3455670,3909094,7.621277215145207
1769749,453440,3455755,3909195,7.6211957480592805
1769769,453446,3455794,3909240,7.621180912390891
1771082,453453,3460768,3914221,7.632032426734414
1771104,453461,3460801,3914262,7.631970555350956
1771319,453478,3460913,3914391,7.631931427764963
1771337,453487,3460927,3914414,7.631810834709705
1771530,453487,3461371,3914858,7.632789914595127
1771554,453497,3461400,3914897,7.632685552495386
1772054,453643,3462227,3915870,7.632052076192072
1772265,453791,3462620,3916411,7.630428986031014
1772293,453800,3462716,3916516,7.630489202291758
1773032,454334,3464115,3918449,7.624599963903208
1773072,454342,3464146,3918488,7.624533941392167
1773115,454367,3464212,3918579,7.624259684352077
1773124,454367,3464223,3918590,7.624283893856728
1773135,454376,3464244,3918620,7.62417909396623
1773256,454430,3464428,3918858,7.623678014215611
1773287,454448,3464464,3918912,7.623455268809633
1773292,454450,3464472,3918922,7.623439322257674
1773330,454462,3464534,3918996,7.623374451549305
1773406,454530,3464652,3919182,7.622493564781203
1773497,454533,3464749,3919282,7.622656660792506
1773709,454606,3465053,3919659,7.622101336102031
1773717,454606,3465072,3919678,7.6221431305350125
1773750,454609,3465103,3919712,7.62216102188914
1773760,454613,3465108,3919721,7.622104955203657
1773763,454614,3465123,3919737,7.622121184125434
1773774,454626,3465146,3919772,7.621970586812017
1773824,454629,3465167,3919796,7.621966482560506
1773853,454638,3465249,3919887,7.621995961622214
1773881,454645,3465277,3919922,7.621940195097274
1773920,454665,3465330,3919995,7.621721487248854
1774517,454699,3466570,3921269,7.62387865379075
1774565,454705,3466649,3921354,7.623951792920685
1774578,454714,3466694,3921408,7.623899857932678
1774717,454775,3466889,3921664,7.6233060304546205
1774806,454825,3467016,3921841,7.622747210465564
1774855,454838,3467104,3921942,7.622722815595883
1774886,454848,3467159,3922007,7.622676146756719
1774986,454915,3467331,3922246,7.621931569633888
1775128,455020,3467635,3922655,7.620840842160784
1775133,455022,3467643,3922665,7.62082492714638
1775757,455022,3468521,3923543,7.62275450417782
1775792,455032,3468565,3923597,7.622683679389581
1775821,455041,3468615,3923656,7.622642794825082
1775888,455051,3468736,3923787,7.622741187251539
1777352,455051,3470822,3925873,7.627325288813782
1777355,455051,3470829,3925880,7.62734067170493
1777363,455051,3470833,3925884,7.627349461928443
1777379,455056,3470863,3925919,7.627331581168032
1777409,455065,3470918,3925983,7.627301594277741
1778154,455481,3472169,3927650,7.623081972683822
1779396,455488,3474183,3929671,7.627386451454265
1779413,455499,3474202,3929701,7.627243967604759
1779471,455499,3474247,3929746,7.6273427603573225
1779550,455530,3474382,3929912,7.62712005795447
1779902,455640,3474804,3930444,7.626204898604161
1780008,455724,3475024,3930748,7.625281968911008
1780618,456035,3475814,3931849,7.621814115144671
1780918,456064,3476248,3932312,7.622281083356722
1780980,456071,3476410,3932481,7.622519300722914
1781015,456071,3476470,3932541,7.622650859186399
1781152,456096,3476614,3932710,7.622548761664211
1781432,456096,3477077,3933173,7.6235638988283165
1781445,456100,3477101,3933201,7.6235496601622454
1781466,456110,3477126,3933236,7.623437328714564
1781472,456110,3477142,3933252,7.623472407971761
1781557,456115,3477230,3933345,7.623581772140798
1781606,456150,3477325,3933475,7.623205086046257
1781690,456212,3477492,3933704,7.6225351371730685
1781720,456226,3477544,3933770,7.622415206498534
1781738,456240,3477564,3933804,7.622225144660705
1781743,456244,3477570,3933814,7.622171469652204
1781769,456252,3477596,3933848,7.62209480725564
1781770,456252,3477599,3933851,7.622101382569282
1781790,456252,3477623,3933875,7.6221539850784215
1781828,456261,3477682,3933943,7.622132945835826
1781870,456274,3477756,3934030,7.6220779619263865
1782054,456274,3478162,3934436,7.622967778133314
1782122,456316,3478279,3934595,7.622522550162607
1782147,456316,3478334,3934650,7.622643080672166
1782277,456316,3478720,3935036,7.62348898570289
1782277,456316,3478720,3935036,7.62348898570289
1782296,456321,3478758,3935079,7.6234887283293995
1782464,456321,3479021,3935342,7.624065076996238
1782607,456321,3479289,3935610,7.624652382862064
1782694,456321,3479476,3935797,7.625062182104264
1782824,456376,3479833,3936209,7.624925500026294
1782874,456383,3479876,3936259,7.624902768069801
1782920,456400,3479934,3936334,7.624745836985101
1785050,456400,3488531,3944931,7.643582383873795
1785178,456476,3488980,3945456,7.643293404253455
1785431,456562,3489274,3945836,7.642497623542914
1785501,456588,3489338,3945926,7.642202598403813
1785552,456588,3489432,3946020,7.642408473284449
1785582,456600,3489506,3946106,7.642369689005695
1785583,456600,3489508,3946108,7.642374069207183
1787488,456653,3495224,3951877,7.654004243922628
1787499,456656,3495244,3951900,7.653997757611856
1787570,456673,3495389,3952062,7.654030345564551
1787595,456689,3495431,3952120,7.653854154577842
1787644,456703,3495528,3952231,7.653831921401874
1787851,456776,3496111,3952887,7.653885055256843
1787879,456785,3496176,3952961,7.6538765502369825
1788014,456808,3496434,3953242,7.654055970998757
1788030,456816,3496456,3953272,7.653970088613359
1788097,456867,3496597,3953464,7.65342430072647
1788158,456879,3496797,3953676,7.653661034978627
1788226,456929,3496897,3953826,7.653042376386703
1788263,456935,3496949,3953884,7.653055686257345
1788804,457000,3497753,3954753,7.65372647702407
1788822,457013,3497764,3954777,7.653532831669996
1788854,457030,3497810,3954840,7.653348795483885
1788865,457030,3497812,3954842,7.65335317156423
1788910,457044,3497870,3954914,7.653245639369514
1788928,457044,3497897,3954941,7.653304714644542
1789102,457121,3498090,3955211,7.652437757180265
1789295,457173,3498428,3955601,7.652306676028549
1789342,457176,3498483,3955659,7.652376765184524
1789448,457205,3498723,3955928,7.652416312157566
1789664,457351,3499174,3956525,7.650959547481038
1789701,457351,3499249,3956600,7.651123535315326
1789723,457362,3499273,3956635,7.650991993213253
1789788,457371,3499585,3956956,7.651523599003872
1790078,457463,3499770,3957233,7.650389211805107
1790117,457468,3499786,3957254,7.650340570269396
1790273,457468,3499929,3957397,7.650653160439638
1790354,457480,3500106,3957586,7.650839380956545
1790654,457480,3500328,3957808,7.6513246480720465
1790765,457501,3500370,3957871,7.651065243573238
1790804,457501,3500405,3957906,7.65114174613826
1790912,457501,3500598,3958099,7.651563603139666
1791074,457571,3500848,3958419,7.650939417052217
1791133,457571,3500848,3958419,7.650939417052217
1791241,457571,3501041,3958612,7.651361209517211
1791569,457575,3501914,3959489,7.653202207288422
1792013,457696,3502546,3960242,7.652559777669021
1792108,457743,3502615,3960358,7.651924770012868
1792139,457768,3502695,3960463,7.651681637860226
1792257,457768,3502889,3960657,7.652105433319935
1792260,457768,3502898,3960666,7.652125093934045
1792395,457775,3503005,3960780,7.652241821855715
1792461,457775,3503102,3960877,7.6524537163453665
1792495,457801,3503161,3960962,7.652147985696842
1792532,457830,3503209,3961039,7.651768123539305
1792563,457853,3503264,3961117,7.651503866961667
1792622,457876,3503285,3961161,7.6511653810201885
1792631,457878,3503305,3961183,7.651175640672843
1793686,457878,3506011,3963889,7.657085511861238
1793735,457902,3506128,3964030,7.656939694519788
1793772,457906,3506180,3964086,7.6569863683812835
1793872,457951,3506385,3964336,7.656681610041249
1794035,457951,3506803,3964754,7.65759437145022
1794108,457953,3506812,3964765,7.657580581413376
1794819,458093,3507670,3965763,7.657113293588856
1794848,458093,3507700,3965793,7.657178782474301
1794959,458093,3508009,3966102,7.657853317994381
1795247,458102,3509793,3967895,7.661597198877106
1795391,458194,3509972,3968166,7.660449503921919
1795412,458213,3510001,3968214,7.660195149417411
1795435,458219,3510028,3968247,7.660153769267533
1795813,458379,3510615,3968994,7.65876054531294
1795941,458424,3510783,3969207,7.65837521595728
1795963,458424,3510836,3969260,7.658490829450465
1795990,458441,3510870,3969311,7.658281000172323
1795995,458445,3510875,3969320,7.658225086978809
1796337,458663,3511738,3970401,7.656466730475317
1796341,458663,3511747,3970410,7.656486352725204
1796455,458695,3512045,3970740,7.656601881424476
1796697,458705,3512619,3971324,7.65768631255382
1796812,458706,3512741,3971447,7.657935584012417
1796842,458714,3512757,3971471,7.6578369092724445
1796851,458721,3512790,3971511,7.657791991210344
1796879,458738,3512822,3971560,7.657577963892243
1796891,458738,3512851,3971589,7.657641180804729
1796961,458738,3513121,3971859,7.65822975205891
1796990,458738,3513159,3971897,7.658312588013201
1797584,458738,3514768,3973506,7.661820036709407
1797592,458741,3514772,3973513,7.6617786506983245
1797905,458900,3515371,3974271,7.660429287426455
1797922,458909,3515389,3974298,7.6603182766082165
1797964,458909,3515453,3974362,7.660457737808585
1797972,458911,3515462,3974373,7.660443964080181
1799049,458911,3517159,3976070,7.664141848855225
1799084,458914,3517243,3976157,7.664274787868751
1799126,458925,3517289,3976214,7.664191316663943
1799188,458941,3517416,3976357,7.664200844988789
1799195,458941,3517430,3976371,7.664231349999238
1799231,458941,3517505,3976446,7.664394769698066
1799986,458941,3519063,3978004,7.667789541575061
1799988,458941,3519067,3978008,7.667798257292332
1800017,458962,3519156,3978118,7.667641329783294
1800125,458962,3519713,3978675,7.668854937881568
1800160,458962,3519862,3978824,7.6691795834949295
1800196,458977,3519896,3978873,7.669003021937918
1800252,459007,3519962,3978969,7.668645576211256
1800265,459014,3519985,3978999,7.668578736160553
1800442,459014,3520398,3979412,7.669478490852131
1800454,459014,3520408,3979422,7.669500276680014
1800562,459138,3520714,3979852,7.668095431003315
1800937,459191,3521340,3980531,7.668573643647197
1801049,459191,3521594,3980785,7.669126790376989
1801214,459224,3521744,3980968,7.668902322178283
1801322,459231,3522072,3981303,7.669499663568009
1801329,459231,3522084,3981315,7.669525794208144
1801382,459246,3522173,3981419,7.66946908628491
1801810,459246,3523081,3982327,7.671446240141449
1802098,459246,3523920,3983166,7.673273147724749
1802335,459401,3524292,3983693,7.671493967144173
1802359,459401,3524313,3983714,7.671539678842667
1802674,459423,3524977,3984400,7.672617609479717
1806349,459457,3530914,3990371,7.684971607789195
1806350,459457,3530916,3990373,7.684975960753672
1806365,459460,3530937,3990397,7.684971488268837
1806382,459460,3530982,3990442,7.685069429330083
1806389,459467,3531002,3990469,7.684995875655923
1806410,459467,3531032,3990499,7.685061168701996
1806434,459485,3531061,3990546,7.684823226003025
1806478,459509,3531129,3990638,7.684569834323158
1806494,459517,3531146,3990663,7.684473044522836
1806506,459517,3531146,3990663,7.684473044522836
1806516,459517,3531152,3990669,7.684486101711144
1806562,459517,3531212,3990729,7.68461667359423
1806709,459609,3531685,3991294,7.6841075783981605
1806722,459625,3531767,3991392,7.68401849333696
1806844,459692,3531932,3991624,7.683257485446777
1806855,459697,3531962,3991659,7.68323917711014
1807060,459734,3532103,3991837,7.682927518956614
1807114,459757,3532203,3991960,7.682760675748276
1807203,459781,3532326,3992107,7.682627163801897
1807789,459883,3533281,3993164,7.682999806472516
1808025,460004,3533721,3993725,7.681935374475005
1808231,460082,3534293,3994375,7.681876274229377
1808374,460136,3534515,3994651,7.681457221343255
1808402,460144,3534529,3994673,7.68135409784763
1808473,460176,3534665,3994841,7.681115486248739
1808476,460176,3534674,3994850,7.681135043983172
1808488,460176,3534695,3994871,7.681180678696847
1808652,460263,3534881,3995144,7.6801328805487294
1808668,460263,3534907,3995170,7.680189369990636
1808691,460286,3534934,3995220,7.679864258308965
1809393,460286,3536605,3996891,7.683494609872992
1809415,460292,3536672,3996964,7.683540013730415
1809443,460292,3536714,3997006,7.683631260156596
1809703,460382,3537185,3997567,7.683152251825658
1809735,460390,3537215,3997605,7.6830839071222226
1809762,460408,3537247,3997655,7.682853034699658
1809904,460479,3537400,3997879,7.682000699271845
1810531,460787,3538066,3998853,7.678311237079171
1810560,460808,3538109,3998917,7.678054634468151
1810572,460816,3538132,3998948,7.67797125099823
1810901,460936,3538733,3999669,7.677276237915893
1810965,460944,3538784,3999728,7.677253636016522
1811008,460967,3538844,3999811,7.677000739749266
1811057,460979,3538877,3999856,7.67687248226058
1811130,460998,3538901,3999899,7.676608141466991
1811169,460998,3539017,4000015,7.6768597694567005
1811197,461018,3539065,4000083,7.676630847385568
1811226,461018,3539082,4000100,7.676667722301516
1811259,461018,3539146,4000164,7.676806545514492
1811404,461042,3539206,4000248,7.676537061699368
1811435,461051,3539266,4000317,7.676517348406142
1811800,461061,3540289,4001350,7.678569646966453
1811903,461150,3540464,4001614,7.677467201561314
1811921,461164,3540488,4001652,7.677286171513821
1812315,461289,3541326,4002615,7.677022430623752
1812334,461297,3541358,4002655,7.676958662206778
1812471,461328,3541537,4002865,7.676830801512156
1812504,461333,3541553,4002886,7.676782280912053
1812521,461339,3541607,4002946,7.676799490179673
1812522,461340,3541611,4002951,7.676791520353752
1812525,461340,3541616,4002956,7.676802358347422
1812736,461399,3541745,4003144,7.676100294972464
1812992,461401,3542028,4003429,7.67668037130392
1813134,461500,3542339,4003839,7.675707475622969
1813234,461537,3542541,4004078,7.675529805844385
1813249,461540,3542569,4004109,7.675540581531395
1813294,461566,3542646,4004212,7.675275041922498
1813311,461575,3542704,4004279,7.675251042625792
1813383,461603,3542851,4004454,7.675103931300273
1813438,461619,3543003,4004622,7.67516718332651
1813472,461642,3543062,4004704,7.674912594607943
1813535,461659,3543144,4004803,7.6748075960828235
1813698,461660,3543413,4005073,7.675373651605077
1813715,461660,3543458,4005118,7.675471125936837
1813764,461686,3543516,4005202,7.67516450574633
1813809,461686,3543577,4005263,7.67529663017722
1813863,461689,3543713,4005402,7.675541327603646
1813963,461705,3543960,4005665,7.675810311779166
1813968,461711,3543968,4005679,7.675727890390309
1814028,461756,3544091,4005847,7.675246233941736
1814864,461762,3545777,4007539,7.678797735630043
1814886,461764,3545781,4007545,7.678773139525818
1814912,461765,3545820,4007585,7.678840968891103
1814929,461768,3545836,4007604,7.678825730669947
1814995,461779,3545872,4007651,7.678720773356952
1815068,461779,3546011,4007790,7.679021783147349
1815139,461779,3546138,4007917,7.679296806481022
1815176,461779,3546174,4007953,7.679374765851197
1815337,461817,3546443,4008260,7.679325360478285
1815389,461880,3546587,4008467,7.678589676972374
1815394,461880,3546587,4008467,7.678589676972374
1816391,462287,3548802,4011089,7.676620800498392
1816504,462376,3549011,4011387,7.675595186601381
1816535,462381,3549047,4011428,7.675590043708543
1816550,462381,3549078,4011459,7.675657087985882
1816634,462416,3549269,4011685,7.675489169924916
1816695,462455,3549378,4011833,7.6750775751154166
1816755,462500,3549522,4012022,7.674642162162162
1816774,462508,3549543,4012051,7.674554818511248
1816867,462573,3549731,4012304,7.673882824981138
1817018,462651,3549946,4012597,7.673053770552749
1817185,462773,3550259,4013032,7.671707294937258
1817210,462786,3550321,4013107,7.671625762231355
1817259,462829,3550450,4013279,7.671191736040741
1817294,462833,3550488,4013321,7.671207541381016
1817302,462841,3550526,4013367,7.67115704961315
1817332,462841,3550603,4013444,7.671323413440037
1817333,462841,3550605,4013446,7.671327734578397
1817609,463032,3551179,4014211,7.669402978627827
1817611,463034,3551179,4014213,7.669369851889926
1817620,463036,3551203,4014239,7.669388557261207
1817668,463051,3551284,4014335,7.669315043051413
1817702,463051,3551333,4014384,7.669420862928705
1817808,463086,3551426,4014512,7.669042035388675
1819484,463086,3553625,4016711,7.673790613406581
1819513,463092,3553672,4016764,7.67379268050409
1819532,463097,3553728,4016825,7.67383075252053
1819534,463097,3553732,4016829,7.673839390019801
1820040,463097,3554360,4017457,7.675195477405381
1820314,463117,3554942,4018059,7.676120721113671
1820385,463130,3555006,4018136,7.676043443525576
1820558,463130,3555195,4018325,7.676451536285708
1820590,463147,3555248,4018395,7.676284203503423
1820600,463150,3555256,4018406,7.6762517542912665
1820743,463200,3555412,4018612,7.675759930915372
1820843,463218,3555697,4018915,7.676076922744798
1821009,463218,3556060,4019278,7.67686057104862
1821062,463221,3556143,4019364,7.676990032835299
1821130,463239,3556255,4019494,7.676933505166879
1821472,463240,3556583,4019823,7.677624989206459
1821504,463245,3556610,4019855,7.6776004058327665
1821535,463250,3556667,4019917,7.67764058283864
1821620,463295,3556793,4020088,7.677166815959594
1821683,463302,3556912,4020214,7.677307674044144
1821766,463352,3557065,4020417,7.67680942350524
1821795,463364,3557113,4020477,7.676714203088716
1821898,463390,3557190,4020580,7.676449642849436
1821919,463409,3557220,4020629,7.6761996422167025
1821938,463420,3557243,4020663,7.676067066591861
1822142,463516,3557831,4021347,7.67574582107198
1822196,463539,3557911,4021450,7.675537549159833
1822213,463539,3557956,4021495,7.6756346283699965
1822292,463600,3558204,4021804,7.675159620362382
1822398,463600,3558423,4022023,7.675632010353754
1822432,463600,3558441,4022041,7.675670836928386
1822452,463600,3558462,4022062,7.675716134598792
1822505,463608,3558534,4022142,7.675738986385049
1822594,463608,3558676,4022284,7.676045279632794
1822632,463633,3558734,4022367,7.675756471174399
1822667,463646,3558870,4022516,7.675834580693029
1822687,463646,3558891,4022537,7.675879873869288
1822905,463646,3559495,4023141,7.677182591891228
1822955,463653,3559613,4023266,7.677321186318216
1822967,463655,3559624,4023279,7.677311794329836
1823037,463655,3559752,4023407,7.677587861664384
1823137,463655,3560093,4023748,7.678323322297829
1823148,463655,3560116,4023771,7.678372928147006
1823199,463678,3560162,4023840,7.678091261608271
1823774,463849,3560940,4024789,7.676937969037337
1823781,463857,3560950,4024807,7.676827125601209
1823897,463857,3561168,4025025,7.677297098028056
1823907,463857,3561172,4025029,7.677305721375338
1823925,463864,3561199,4025063,7.677248072710967
1824055,463864,3561585,4025449,7.678080213165928
1824133,463877,3561689,4025566,7.678089234861828
1824195,463878,3561857,4025735,7.678434847093417
1824210,463878,3561857,4025735,7.678434847093417
1824223,463878,3561861,4025739,7.678443470050315
1824248,463911,3561913,4025824,7.67800935955388
1824257,463915,3561919,4025834,7.6779560910942735
1824258,463915,3561921,4025836,7.677960402228857
1824401,464005,3562277,4026282,7.677238391827674
1824489,464005,3562692,4026697,7.678132778741609
1824511,464014,3562738,4026752,7.678082988875335
1824568,464040,3562832,4026872,7.677855357296785
1824611,464058,3562908,4026966,7.677721319317844
1825120,464070,3564021,4028091,7.679921132587756
1825235,464156,3564214,4028370,7.678913985815114
1825250,464163,3564241,4028404,7.678856350032208
1825551,464163,3564840,4029003,7.6801468449661
1825628,464163,3564996,4029159,7.680482933796964
1825755,464266,3565241,4029507,7.679306690561015
1825799,464304,3565301,4029605,7.6788074192770255
1825838,464314,3565365,4029679,7.678779877410546
1825848,464314,3565379,4029693,7.678810029419746
1825885,464326,3565478,4029804,7.678824791202732
1827234,464326,3566453,4030779,7.680924609003157
1827235,464326,3566458,4030784,7.68093537729957
1827294,464345,3566587,4030932,7.680898900601923
1827341,464362,3566630,4030992,7.680710307906332
1827345,464363,3566657,4031020,7.680751911758689
1827378,464378,3566700,4031078,7.680596410682677
1827409,464402,3566743,4031145,7.680292074538869
1827508,464425,3566805,4031230,7.68004521720407
1827622,464425,3566964,4031389,7.680387576034882
1827701,464435,3567215,4031650,7.680762647087321
1828198,464629,3567748,4032377,7.678702792981067
1828296,464652,3568163,4032815,7.679215843254737
1828340,464662,3568261,4032923,7.679261484692098
1828372,464689,3568303,4032992,7.6789056766999
1828380,464689,3568320,4033009,7.678942260307432
1828386,464693,3568331,4033024,7.678899832792833
1828444,464693,3568428,4033121,7.679108572756637
1828938,464693,3569509,4034202,7.681434839775938
1828966,464700,3569537,4034237,7.681379384549172
1828992,464700,3569592,4034292,7.681497740477727
1829695,464705,3570428,4035133,7.6832140820520545
1829743,464712,3570498,4035210,7.683248980013428
1829750,464713,3570502,4035215,7.683241054156006
1829761,464713,3570512,4035225,7.683262572813758
1829775,464720,3570562,4035282,7.683254432776725
1830631,464762,3572251,4037013,7.686194224140528
1830644,464767,3572264,4037031,7.686139506462378
1830656,464775,3572290,4037065,7.686063148835458
1830672,464775,3572316,4037091,7.686119089882201
1830692,464795,3572348,4037143,7.685857205864951
1830764,464815,3572471,4037286,7.685791121198757
1830767,464816,3572474,4037290,7.685781040239578
1830879,464844,3572554,4037398,7.685490185954858
1830918,464862,3572661,4037523,7.685422770628703
1830971,464865,3572744,4037609,7.6855517193163605
1830981,464865,3572759,4037624,7.685583986748841
1831009,464874,3572779,4037653,7.685478215602507
1831040,464893,3572824,4037717,7.685260909499605
1831057,464897,3572870,4037767,7.685293731729824
1831128,464943,3573087,4038030,7.685000096786058
1831153,464953,3573142,4038095,7.684953102786733
1831162,464953,3573164,4038117,7.685000419397229
1831187,464953,3573219,4038172,7.6851187109234695
1831266,464974,3573418,4038392,7.685199602558423
1831271,464974,3573425,4038399,7.685214657163626
1831294,464983,3573487,4038470,7.685199243843323
1831367,465015,3573628,4038643,7.684973603002054
1831880,465229,3574581,4039810,7.6834870569117575
1831991,465238,3574791,4040029,7.683789802208762
1832094,465287,3574987,4040274,7.683401857348261
1832231,465342,3575129,4040471,7.682798887699799
1832254,465363,3575199,4040562,7.682602613443699
1832348,465363,3575326,4040689,7.682875518681116
1832389,465376,3575357,4040733,7.682727514955649
1832417,465376,3575404,4040780,7.68282850856082
1832625,465420,3575634,4041054,7.682596364573933
1832926,465556,3576230,4041786,7.681632284837915
1832956,465574,3576302,4041876,7.681489945744393
1832986,465582,3576358,4041940,7.681478235842451
1832999,465584,3576391,4041975,7.68151611739235
1833035,465597,3576421,4042018,7.68136607409412
1833227,465621,3576857,4042478,7.681906529129915
1834066,465621,3578703,4044324,7.685871126946594
1834126,465635,3578895,4044530,7.686052380083113
1834196,465635,3579004,4044639,7.686286469015431
1834224,465636,3579019,4044655,7.686302175948595
1834233,465638,3579050,4044688,7.686335737203579
1834269,465661,3579082,4044743,7.686024812041378
1834329,465661,3579192,4044853,7.686261035388405
1834366,465689,3579251,4044940,7.685925585530257
1834381,465689,3579279,4044968,7.685985711494152
1834390,465695,3579288,4044983,7.685906011445259
1834408,465699,3579304,4045003,7.685874352317699
1834424,465699,3579330,4045029,7.685930182371017
1834488,465757,3579575,4045332,7.685499090727569
1834597,465768,3579755,4045523,7.685704041497054
1834628,465779,3579795,4045574,7.685608410855792
1834670,465779,3579925,4045704,7.68588751317685
1834671,465779,3579927,4045706,7.685891807058712
1834682,465782,3579939,4045721,7.685868067035652
1834783,465818,3580423,4046241,7.68631310941183
1834821,465822,3580447,4046269,7.686298629090081
1834826,465824,3580454,4046278,7.686280655354812
1834833,465829,3580464,4046293,7.686219621363204
1834840,465833,3580479,4046312,7.686185821957654
1834841,465833,3580481,4046314,7.686190115341764
1834877,465833,3580522,4046355,7.6862781297160145
1834895,465837,3580630,4046467,7.686443970745132
1834970,465851,3580781,4046632,7.68653711165158
1834976,465856,3580790,4046646,7.686473931858772
1835058,465893,3580884,4046777,7.6860652553268665
1835116,465912,3580967,4046879,7.6859299610226826
1835314,465915,3581241,4047156,7.686468561862142
1835465,465924,3581375,4047299,7.686607687090598
1835576,465924,3581553,4047477,7.686989723645916
1835591,465933,3581592,4047525,7.68692494414433
1835600,465933,3581592,4047525,7.68692494414433
1835678,465966,3581759,4047725,7.686738946618423
1835702,465976,3581804,4047780,7.686670558140333
1835920,465985,3583097,4049082,7.689296865778942
1836074,466086,3583343,4049429,7.688158408534047
1836144,466119,3583452,4049571,7.687847952990546
1836162,466126,3583489,4049615,7.687811879191464
1836668,466324,3583981,4050305,7.6856027139928464
1836683,466324,3584037,4050361,7.68572280217188
1836823,466324,3584300,4050624,7.6862867877269885
1836845,466333,3584355,4050688,7.6862563876028505
1836907,466343,3584489,4050832,7.6863789099439686
1837100,466343,3584489,4050832,7.6863789099439686
1837119,466349,3584498,4050847,7.686299316606233
1837432,466455,3584854,4051309,7.685315839684428
1837465,466459,3584915,4051374,7.685380708701087
1837861,466556,3585204,4051760,7.684402301117122
1837876,466556,3585219,4051775,7.684434451598522
1837917,466574,3585291,4051865,7.684292309472881
1837932,466581,3585313,4051894,7.68422417543792
1837977,466593,3585369,4051962,7.684146568851226
1838375,466831,3586344,4053175,7.682317583879391
1838401,466837,3586378,4053215,7.682291677823309
1838625,466933,3586772,4053705,7.681556026239311
1838641,466933,3586779,4053712,7.6815710176834795
1838663,466933,3586829,4053762,7.681678099427541
1838684,466933,3586866,4053799,7.681757339918147
1838733,466933,3586971,4053904,7.681982211580676
1838774,466940,3587036,4053976,7.682006253480105
1838971,467024,3587376,4054400,7.681352564322176
1839049,467043,3587527,4054570,7.681363386240667
1839226,467043,3587907,4054950,7.682177015820813
1839547,467043,3588524,4055567,7.683498093323313
1839554,467047,3588538,4055585,7.683462263969151
1839664,467047,3588878,4055925,7.684190242095549
1839789,467093,3589246,4056339,7.6842213435011875
1839844,467093,3589353,4056446,7.684450419937785
1839862,467100,3589367,4056467,7.684365232284307
1839890,467117,3589400,4056517,7.684156217821231
1839904,467120,3589420,4056540,7.684149683164925
1840008,467191,3589654,4056845,7.6834827725705335
1840098,467227,3589918,4057145,7.683455793436595
1840108,467231,3589934,4057165,7.683424259092398
1840109,467231,3589936,4057167,7.68342853963029
1840217,467231,3590101,4057332,7.683781684006412
1840310,467231,3590253,4057484,7.684107004886234
1840377,467279,3590444,4057723,7.683726424684182
1840503,467305,3590655,4057960,7.6837504413605675
1840665,467305,3590922,4058227,7.684321802677053
1840667,467305,3590924,4058229,7.684326082537101
1840992,467305,3591645,4058950,7.685868972084613
1841012,467331,3591739,4059070,7.685642510340637
1841073,467339,3591827,4059166,7.6856992461575
1841095,467353,3591850,4059203,7.685518227121683
1841103,467356,3591867,4059223,7.685505267932796
1841612,467356,3592687,4060043,7.687259819067264
1841725,467356,3593020,4060376,7.687972338003577
1842288,467356,3594474,4061830,7.691083456722499
1842313,467379,3594499,4061878,7.690758463687928
1844646,467464,3598180,4065644,7.6972344394434655
1844674,467464,3598246,4065710,7.697375626786234
1844700,467472,3598307,4065779,7.697374388198652
1844753,467494,3598397,4065891,7.69720467000646
1844770,467503,3598410,4065913,7.6970842967852615
1844863,467526,3598594,4066120,7.697099198761139
1844880,467526,3598629,4066155,7.697174060907843
1844910,467540,3598673,4066213,7.697037686615049
1844931,467540,3598698,4066238,7.697091157975788
1845745,467540,3600018,4067558,7.6999144458228175
1845812,467552,3600164,4067716,7.700029087673671
1845903,467552,3600212,4067764,7.700131750051331
1845907,467552,3601151,4068703,7.702140082814318
1846002,467552,3601254,4068806,7.7023603791663815
1846073,467552,3601426,4068978,7.702728252686332
1846082,467556,3601447,4069003,7.702707269289668
1846129,467571,3601513,4069084,7.702601316163748
1846234,467571,3601769,4069340,7.703148826595319
1846249,467582,3601786,4069368,7.703003965079922
1846282,467582,3601818,4069400,7.7030724022738255
1846310,467590,3601845,4069435,7.702998353258196
1846365,467590,3601923,4069513,7.703165166064287
1846673,467594,3602641,4070235,7.704634790010137
1846691,467610,3602662,4070272,7.704416073223412
1847155,467610,3603519,4071129,7.706248797074485
1847162,467614,3603521,4071135,7.706187154362358
1847223,467617,3603529,4071146,7.706154823284868
1847316,467650,3603606,4071256,7.7057756869453655
1847343,467650,3603656,4071306,7.705882604511921
1848589,467657,3605679,4073336,7.710093081040164
1848603,467664,3605709,4073373,7.710041824899928
1848632,467672,3605773,4073445,7.710046784926187
1848662,467681,3605816,4073497,7.709990356674742
1848686,467683,3605913,4073596,7.710164791108507
1848722,467704,3605960,4073664,7.70991909412791
1848758,467719,3606011,4073730,7.709780872703482
1848763,467719,3606018,4073737,7.709795838954586
1848896,467789,3606612,4074401,7.709911947480595
1848916,467797,3606645,4074442,7.709850640341858
1848937,467805,3606670,4074475,7.709772234157395
1849019,467860,3606835,4074695,7.7092185696575894
1849074,467887,3606931,4074818,7.708978877378512
1849075,467887,3606933,4074820,7.708983151914885
1849100,467898,3606960,4074858,7.708859623251222
1849552,467898,3607791,4075689,7.710635651359912
1849625,467927,3607958,4075885,7.710514674297486
1849665,467928,3607962,4075890,7.710506744627379
1849688,467945,3607987,4075932,7.710280054279884
1849852,468007,3608200,4076207,7.709713743597852
1850042,468119,3608524,4076643,7.708561284630617
1850078,468147,3608574,4076721,7.708207037533082
1850116,468147,3608629,4076776,7.708324521998432
1850139,468149,3608656,4076805,7.7083492648708
1850184,468149,3608755,4076904,7.70856073600499
1850303,468149,3608905,4077054,7.7088811468143685
1850330,468160,3608945,4077105,7.7087854579630894
1850337,468162,3608945,4077107,7.708752525835074
1850525,468162,3609224,4077386,7.709348473391689
1850563,468175,3609271,4077446,7.709234794681476
1850729,468208,3609767,4077975,7.709750794518675
1850790,468208,3609868,4078076,7.709966510610669
1850838,468238,3609981,4078219,7.709713863462598
1850928,468249,3610018,4078267,7.7096117663892505
1850984,468272,3610049,4078321,7.70929929613558
1851001,468278,3610065,4078343,7.709234685379198
1851116,468344,3610312,4078656,7.708675674290692
1851214,468358,3610664,4079022,7.709196810986468
1852421,468983,3613265,4082248,7.70446903192653
1852437,468983,3613291,4082274,7.7045244710362635
1852467,468993,3613349,4082342,7.704483862232485
1852998,469026,3613924,4082950,7.705167730573572
1853026,469036,3613951,4082987,7.705061018770414
1853068,469057,3614008,4083065,7.7048375783753364
1853260,469211,3614296,4083507,7.702922565754
1853282,469213,3614303,4083516,7.702904650979406
1853329,469225,3614370,4083595,7.702850444882519
1853397,469230,3614448,4083678,7.702934594974746
1853476,469230,3614668,4083898,7.703403448202374
1853585,469230,3615100,4084330,7.704324105449353
1853755,469240,3615673,4084913,7.705381041684426
1853891,469303,3615893,4085196,7.704815439066019
1853895,469303,3615895,4085198,7.704819700705088
1853907,469311,3615904,4085215,7.704707539350239
1853969,469334,3615949,4085283,7.704425845986014
1854157,469454,3616328,4085782,7.703263791553592
1854223,469482,3616475,4085957,7.703117478412378
1854709,469591,3616828,4086419,7.7020811727652365
1854760,469628,3616933,4086561,7.701697939645848
1854837,469628,3617078,4086706,7.702006694660454
1854866,469639,3617118,4086757,7.701911468170233
1854880,469643,3617151,4086794,7.701916136299274
1854968,469680,3617272,4086952,7.701567024357009
1854976,469683,3617276,4086959,7.701526348622369
1854979,469684,3617279,4086963,7.701516338644706
1855083,469726,3617391,4087117,7.701066153459677
1855092,469733,3617411,4087144,7.700993968914256
1855350,469743,3618118,4087861,7.70233510664342
1855354,469750,3618123,4087873,7.702230973922299
1855363,469750,3618135,4087885,7.702256519425227
1855722,469750,3618852,4088602,7.70378286322512
1855725,469751,3618855,4088606,7.703772849871528
1855900,469801,3618993,4088794,7.703246693812912
1855920,469807,3619034,4088841,7.703235583973845
1855922,469809,3619039,4088848,7.70321343354427
1855944,469813,3619097,4088910,7.703271301560408
1856030,469894,3619328,4089222,7.702435017259211
1856109,469942,3619469,4089411,7.701948325538045
1856160,469942,3619585,4089527,7.7021951645096625
1856221,469942,3619678,4089620,7.702393061271391
1856380,470028,3620068,4090096,7.701813508982443
1856413,470054,3620176,4090230,7.701617260995545
1856424,470059,3620195,4090254,7.701575759638684
1856450,470074,3620280,4090354,7.701510825955062
1856532,470096,3620438,4090534,7.701486504884109
1856963,470096,3621908,4092004,7.7046135257479325
1856998,470120,3621975,4092095,7.704362715902323
1857008,470120,3621991,4092111,7.704396749766017
1857064,470120,3622183,4092303,7.70480515613035
1857094,470135,3622240,4092375,7.704680570474438
1857601,470165,3623714,4093879,7.707324024544575
1857619,470168,3623739,4093907,7.707328018920896
1857793,470258,3624156,4094414,7.706739704587695
1857940,470258,3624354,4094612,7.707160750056352
1858150,470290,3624525,4094815,7.706999936209573
1858153,470290,3624534,4094824,7.707019073337728
1858156,470290,3624543,4094833,7.707038210465883
1858245,470321,3624669,4094990,7.70679812298409
1858282,470337,3624730,4095067,7.706665646121824
1858358,470337,3624800,4095137,7.706814475578149
1858408,470363,3624915,4095278,7.7066329622015335
1858669,470442,3625681,4096123,7.706967065015453
1858756,470442,3625846,4096288,7.7073177990060415
1858779,470448,3625892,4096340,7.707317280549604
1858793,470448,3625918,4096366,7.707372547019012
1858846,470448,3626073,4096521,7.70770202020202
1858855,470448,3626077,4096525,7.707710522735775
1858869,470459,3626109,4096568,7.707598324189781
1858879,470462,3626128,4096590,7.707589560899711
1858903,470469,3626174,4096643,7.70757265622177
1859098,470489,3626626,4097115,7.708205717880758
1859112,470489,3626653,4097142,7.708263104982263
1859212,470489,3626994,4097483,7.708987882819789
1859606,470489,3627767,4098256,7.710630854281397
1859639,470500,3627798,4098298,7.71051647183847
1860061,470540,3628471,4099011,7.7112912823564415
1860098,470540,3628519,4099059,7.711393292812513
1860240,470540,3628706,4099246,7.7117907085476265
1860312,470568,3628838,4099406,7.711612349331022
1860394,470597,3629082,4099679,7.71165562041407
1860415,470597,3629125,4099722,7.711746993712242
1860429,470597,3629151,4099748,7.7118022426832304
1860463,470609,3629224,4099833,7.711760718558294
1860485,470609,3629248,4099857,7.711811716308018
1860740,470674,3629431,4100105,7.711135520551379
1860753,470683,3629469,4100152,7.711068808518685
1860861,470697,3629615,4100312,7.711149635540486
1861361,470795,3630616,4101411,7.711670684692913
1861396,470803,3630757,4101560,7.711839134415031
1861428,470803,3630788,4101591,7.711904979365042
1861487,470823,3630835,4101658,7.711677212030848
1861503,470823,3630861,4101684,7.711732434481748
1861523,470832,3630899,4101731,7.711665732150746
1861537,470839,3630919,4101758,7.711593559581938
1861953,470839,3631574,4102413,7.712984693281568
1862017,470853,3631668,4102521,7.71295499869386
1862370,471053,3632350,4103403,7.711128047162421
1862564,471053,3632747,4103800,7.711970839799343
1862580,471060,3632808,4103868,7.711985734301363
1862602,471066,3632888,4103954,7.712057333791868
1862706,471133,3633039,4104172,7.711281103212893
1862850,471133,3633214,4104347,7.7116525482188685
1863131,471133,3633575,4104708,7.712418786202623
1863192,471133,3633718,4104851,7.712722309836076
1863760,471133,3635109,4106242,7.7156747669978545
1863873,471209,3635300,4106509,7.714835667400241
1863895,471220,3635341,4106561,7.714742583082212
1863902,471222,3635346,4106568,7.7147204502336475
1863961,471237,3635510,4106747,7.7148229022763495
1864066,471278,3635781,4107059,7.714726764245308
1864079,471283,3635803,4107086,7.714691597193194
1864432,471467,3636486,4107953,7.713129444902824
1864440,471467,3636515,4107982,7.713190955040331
1864684,471605,3636871,4108476,7.711688807370575
1864748,471625,3636926,4108551,7.7114783991518685
1864803,471628,3637117,4108745,7.711834327054373
1864842,471640,3637139,4108779,7.711684759562378
1865030,471640,3637633,4109273,7.712732168603172
1865039,471644,3637662,4109306,7.712728244184173
1865071,471668,3637709,4109377,7.712435441878609
1865103,471681,3637728,4109409,7.712263160907478
1865138,471698,3637796,4109494,7.712129370911049
1865157,471708,3637827,4109535,7.712031595817751
1865168,471708,3637839,4109547,7.71205703528454
1865211,471711,3637869,4109580,7.712071586204265
1865235,471714,3637900,4109614,7.712088256867509
1866501,471715,3637909,4109624,7.71209098714266
1866737,471717,3638181,4109898,7.7126349060983594
1866737,471799,3638292,4110091,7.711529698028186
1866764,471810,3638307,4110117,7.711381700260699
1866805,471825,3638418,4110243,7.7113718009855345
1866933,471825,3638835,4110660,7.712255603242728
1867031,471825,3638917,4110742,7.712429396492343
1867051,471830,3638946,4110776,7.7124091304071385
1867064,471835,3638956,4110791,7.712348596437314
1867133,471854,3638991,4110845,7.712112221153153
1867145,471860,3639005,4110865,7.712043826558725
1867246,471892,3639270,4111162,7.712082425639765
1867394,472001,3639530,4111531,7.710852307516298
1867403,472003,3639546,4111549,7.710853532710598
1867459,472010,3639579,4111589,7.71080909302769
1867464,472015,3639582,4111597,7.71073376905395
1867482,472015,3639602,4111617,7.710776140588752
1867563,472032,3639774,4111806,7.710862822859467
1867605,472044,3639790,4111834,7.710700697392616
1867776,472048,3640130,4112178,7.71135562485171
1867809,472070,3640175,4112245,7.711091575401953
1867880,472079,3640346,4112425,7.711306793989989
1867967,472109,3640467,4112576,7.711073078462813
1868308,472109,3641146,4113255,7.712511305651873
1868356,472127,3641198,4113325,7.712327403431704
1868500,472148,3641435,4113583,7.7124863390292875
1868513,472154,3641451,4113605,7.712422218174579
1868533,472155,3641465,4113620,7.712435534940856
1869112,472226,3641676,4113902,7.711722776806021
1869193,472257,3641747,4114004,7.71136690403742
1869220,472266,3641788,4114054,7.711306763561214
1869263,472284,3641849,4114133,7.7111420247139435
1869310,472302,3642062,4114364,7.711299126406409
1871062,472359,3645567,4117926,7.717788800467441
1871084,472361,3645574,4117935,7.717770942139593
1872862,472368,3648073,4120441,7.722946939674152
1872879,472378,3648091,4120469,7.722821553925034
1872912,472408,3648273,4120681,7.722716380755618
1872931,472412,3648304,4120716,7.722716611771081
1872947,472412,3648330,4120742,7.72277164847633
1872977,472412,3648391,4120803,7.722900773054029
1872985,472412,3648408,4120820,7.722936758592076
1873028,472439,3648531,4120970,7.722755742011138
1873045,472447,3648564,4121011,7.722694820794714
1873082,472447,3648599,4121046,7.722768903178558
1873106,472447,3648601,4121048,7.722773136457635
1873249,472534,3648908,4121442,7.7220009565449255
1873270,472534,3648958,4121492,7.722106769036725
1873355,472581,3649213,4121794,7.721878365825118
1873867,472696,3650435,4123131,7.722584917156058
1873887,472705,3650478,4123183,7.7225288499169675
1873955,472715,3650518,4123233,7.722450102069957
1874252,472715,3651234,4123949,7.723964756777339
1874287,472725,3651274,4123999,7.723885980221059
1874290,472727,3651298,4124025,7.723904071483118
1874336,472740,3651341,4124081,7.7237826289292215
1874355,472756,3651369,4124125,7.723580451649477
1874370,472758,3651382,4124140,7.723575275299413
1874430,472778,3651515,4124293,7.723529859680442
1874451,472787,3651577,4124364,7.723513971407844
1874499,472801,3651667,4124468,7.723475627166609
1874529,472804,3651699,4124503,7.723494302078663
1874552,472817,3651741,4124558,7.72337077558548
1875496,472817,3653830,4126647,7.727788975438701
1875584,472817,3654060,4126877,7.7282754215690215
1875680,472817,3654159,4126976,7.728484804903377
1875702,472817,3654174,4126991,7.7285165296510066
1875753,472823,3654215,4127038,7.728505170010765
1875796,472837,3654310,4127147,7.728477255375531
1875950,472837,3654566,4127403,7.729018668166831
1875950,472837,3654566,4127403,7.729018668166831
1875964,472844,3654586,4127430,7.728946544737799
1876013,472849,3654687,4127536,7.729078416153994
1876027,472849,3654709,4127558,7.7291249426349635
1876044,472852,3654735,4127587,7.729130890849568
1876081,472873,3654790,4127663,7.728903955184585
1876517,473100,3655665,4128765,7.727045022194039
1876531,473111,3655683,4128794,7.726903411672947
1876576,473128,3655726,4128854,7.726716660184982
1876638,473128,3655781,4128909,7.726832907796622
1876915,473238,3656491,4129729,7.726537175797379
1876950,473248,3656549,4129797,7.726496466968693
1877073,473267,3656842,4130109,7.726805376246389
1877112,473271,3656867,4130138,7.726792894557241
1877134,473275,3656958,4130233,7.726919866885003
1877301,473359,3657148,4130507,7.725950071721463
1877398,473445,3657293,4130738,7.724852939623399
1877639,473449,3657711,4131160,7.725670557969285
1877642,473449,3657731,4131180,7.725712801167602
1877712,473460,3657809,4131269,7.725698052633803
1877884,473460,3658189,4131649,7.7265006547543615
1877929,473482,3658268,4131750,7.726308497471921
1877934,473485,3658280,4131765,7.726284887588836
1877944,473485,3658296,4131781,7.726318679578022
1878002,473491,3658386,4131877,7.726410850470231
1878023,473495,3658399,4131894,7.726373034562139
1878217,473507,3658944,4132451,7.727328212676898
1878269,473516,3659032,4132548,7.727367185058161
1878381,473588,3659230,4132818,7.72661047154911
1878435,473598,3659280,4132878,7.726552899294338
1878459,473602,3659337,4132939,7.726607995743262
1878582,473650,3659483,4133133,7.726133220732608
1879739,474156,3661414,4135570,7.7219607049156815
1879777,474170,3661457,4135627,7.72182339667208
1880474,474170,3663352,4137522,7.72581985363899
1880480,474170,3663352,4137522,7.72581985363899
1880497,474177,3663375,4137552,7.725754306936017
1880544,474200,3663409,4137609,7.725451286377056
1880578,474200,3663441,4137641,7.72551876845213
1880610,474208,3663508,4137716,7.725529725352588
1881040,474369,3665191,4139560,7.726455565182379
1881052,474375,3665206,4139581,7.726389459815547
1881258,474415,3665673,4140088,7.726722384410274
1881261,474420,3665681,4140101,7.726657813751528
1881275,474433,3665714,4140147,7.726515651314306
1881562,474437,3678910,4153347,7.754264528272458
1881572,474437,3678926,4153363,7.7542982524550155
1881579,474437,3678937,4153374,7.754321437830523
1881648,474473,3679020,4153493,7.753908020055936
1881658,474473,3679051,4153524,7.75397335570201
1881769,474473,3679266,4153739,7.754426490021561
1881851,474515,3679438,4153953,7.754102610033403
1881923,474554,3679590,4154144,7.753785659798464
1881969,474570,3679693,4154263,7.753741281581221
1882058,474570,3679956,4154526,7.754295467475821
1882089,474590,3679977,4154567,7.75401293748288
1882090,474590,3679979,4154569,7.754017151646685
1882127,474596,3680041,4154637,7.754049760217111
1882195,474623,3680140,4154763,7.753817240209598
1882438,474750,3680964,4155714,7.753478672985782
1882504,474770,3681081,4155851,7.753398487688775
1882517,474773,3681099,4155872,7.753387408298281
1882638,474823,3681280,4156103,7.7529521526969
1882715,474854,3681375,4156229,7.752646076478244
1882738,474860,3681399,4156259,7.7525986606578785
1882739,474860,3681399,4156259,7.7525986606578785
1882890,474949,3681622,4156571,7.751615436604772
1882916,474958,3681704,4156662,7.751641197748011
1883194,474958,3682373,4157331,7.753049743345727
1883232,474976,3682443,4157419,7.752903304588021
1883251,474991,3682462,4157453,7.752698472181578
1883338,474991,3682592,4157583,7.752972161577798
1883369,474997,3682637,4157634,7.752968966119786
1883387,475009,3682657,4157666,7.7528152098170775
1883390,475009,3682666,4157675,7.752834156826502
1883411,475009,3682709,4157718,7.752924681427089
1883453,475009,3682810,4157819,7.753137308977304
1883472,475019,3682881,4157900,7.753123559268156
1883590,475133,3683150,4158283,7.751829487743432
1883683,475169,3683431,4158600,7.751833558165621
1884033,475356,3683955,4159311,7.749886400928988
1884263,475446,3684609,4160055,7.749794929392612
1884268,475448,3684617,4160065,7.749779155659504
1884288,475454,3684642,4160096,7.749733938509299
1884320,475458,3684703,4160161,7.74979703780355
1884450,475558,3685117,4160675,7.7490379722347225
1884451,475558,3685119,4160677,7.749042177820582
1884473,475558,3685165,4160723,7.749138906295341
1884522,475589,3685270,4160859,7.748854578217747
1884680,475611,3685491,4161102,7.748960810410188
1885123,475792,3686175,4161967,7.74745056663416
1885132,475796,3686180,4161976,7.747395942799015
1885278,475860,3686367,4162227,7.74674694237801
1885393,475860,3686670,4162530,7.747383684276888
1885436,475860,3686778,4162638,7.747610641785399
1885443,475870,3686791,4162661,7.747475150776473
1885448,475871,3686794,4162665,7.747465174385495
1885559,475871,3687009,4162880,7.747916977500205
1885594,475874,3687084,4162958,7.748025737905412
1885606,475877,3687100,4162977,7.748010515322236
1886094,475877,3687946,4163823,7.749788285628429
1887400,476537,3691485,4168022,7.746481385495775
1887973,476633,3692778,4169411,7.747633923794617
1888554,476910,3693667,4170577,7.7449980080098975
1888581,476910,3693717,4170627,7.745102849594263
1888615,476924,3693749,4170673,7.744942590433696
1888721,477014,3693947,4170961,7.743896405556231
1889432,477045,3694574,4171619,7.744707522351141
1889489,477067,3694631,4171698,7.744469854339118
1889753,477142,3695225,4172367,7.744497445204991
1889766,477150,3695235,4172385,7.744388557057529
1889797,477174,3695287,4172461,7.744108019296944
1889810,477175,3695326,4172501,7.744173521244826
1889866,477237,3695417,4172654,7.743358121855598
1889929,477253,3695553,4172806,7.743383488422284
1890050,477282,3695880,4173162,7.7435981243792975
1890051,477284,3695883,4173167,7.7435719613479606
1890157,477299,3696085,4173384,7.743751820137901
1890223,477302,3696113,4173415,7.743761811180343
1890257,477302,3696177,4173479,7.743895898194435
1890288,477325,3696214,4173539,7.743600272351124
1890313,477333,3696274,4173607,7.743596189662144
1890330,477340,3696291,4173631,7.743518246951858
1890365,477374,3696341,4173715,7.7430714701680445
1890490,477428,3696481,4173909,7.742488919795236
1890511,477428,3696527,4173955,7.742585269401879
1890527,477437,3696555,4173992,7.74249796308204
1891012,477561,3697978,4175539,7.743467326687062
1891032,477561,3698005,4175566,7.743523863967116
1891050,477561,3698025,4175586,7.743565743433823
1891074,477568,3698048,4175616,7.743500402036988
1891144,477605,3698162,4175767,7.743139204991572
1891893,477605,3700009,4177614,7.747006417437003
1891919,477615,3700064,4177679,7.746959371041529
1891919,477615,3700064,4177679,7.746959371041529
1891977,477643,3700166,4177809,7.746718783694098
1892043,477671,3700233,4177904,7.746404952362609
1892064,477681,3700249,4177930,7.74627628061405
1892220,477730,3700580,4178310,7.7461746174617465
1892240,477730,3700601,4178331,7.746218575345907
1892308,477779,3700762,4178541,7.745761115494821
1892381,477779,3700983,4178762,7.7462236724510705
1892431,477792,3701104,4178896,7.746266157658563
1892513,477853,3701349,4179202,7.745790023291682
1892578,477864,3701442,4179306,7.745806338205012
1892601,477887,3701504,4179391,7.745563281696301
1892663,477894,3701596,4179490,7.7456423390961175
1892685,477898,3701609,4179507,7.745604710628628
1892698,477902,3701625,4179527,7.745573360228666
1893243,478053,3702438,4180491,7.7448274563699
1893264,478066,3702479,4180545,7.7447026142833835
1893273,478070,3702490,4180560,7.744660823728743
1893417,478070,3702740,4180810,7.7451837597004625
1893464,478084,3702796,4180880,7.7450740873988675
1893496,478111,3702861,4180972,7.744772657395458
1893519,478122,3702890,4181012,7.744655129862252
1893576,478155,3702981,4181136,7.744310945195595
1893603,478163,3703028,4181191,7.744279670321626
1893689,478227,3703141,4181368,7.743479560961635
1893767,478257,3703272,4181529,7.74326774098445
1893788,478268,3703337,4181605,7.743225555546263
1894061,478268,3703356,4181624,7.743265282226702
1894194,478281,3703442,4181723,7.743234625669847
1894218,478285,3703471,4181756,7.743230500642922
1894222,478287,3703475,4181762,7.74320648480933
1894280,478299,3703580,4181879,7.743231744160034
1894504,478338,3704027,4182365,7.74353490627966
1894572,478359,3704112,4182471,7.743372655265188
1894690,478446,3704329,4182775,7.74241816213324
1894833,478492,3704564,4183056,7.742164968275332
1894864,478522,3704682,4183204,7.741926181032429
1895050,478617,3704934,4183551,7.740916014266104
1895145,478617,3705078,4183695,7.741216881138781
1895169,478630,3705111,4183741,7.74107556985563
1895215,478646,3705163,4183809,7.740925443856211
1895321,478697,3705461,4184158,7.740723255002643
1895337,478700,3705469,4184169,7.740691456026739
1895366,478700,3705505,4184205,7.740766659703363
1895395,478700,3705536,4184236,7.740831418424901
1895458,478744,3705674,4184418,7.740408234881273
1895468,478744,3705684,4184428,7.740429122871514
1895499,478763,3705717,4184480,7.740190866879855
1895502,478766,3705723,4184489,7.740154898217501
1895521,478766,3705750,4184516,7.740211293199601
1895542,478766,3705798,4184564,7.740311550945556
1895591,478779,3705826,4184605,7.740159864989901
1895614,478789,3705857,4184646,7.740062950485496
1895631,478789,3705902,4184691,7.740156937607171
1895667,478789,3705931,4184720,7.7402175070855845
1895704,478826,3706023,4184849,7.739811539055941
1895714,478830,3706033,4184863,7.739767767266044
1895920,478830,3706702,4185532,7.741164922832738
1896190,478845,3707069,4185914,7.741688855475154
1896413,478845,3707547,4186392,7.742687090812267
1896461,478861,3707615,4186476,7.742570390990287
1896491,478872,3707646,4186518,7.742457274595299
1896533,478896,3707754,4186650,7.742294777989375
1896811,478896,3708423,4187319,7.74369174100431
1897487,479106,3708885,4187991,7.74126185019599
1897608,479106,3709067,4188173,7.741641724378321
1897632,479116,3709102,4188218,7.741553193798579
1897659,479119,3709115,4188234,7.741531853255663
1897684,479137,3709160,4188297,7.741334941780743
1897811,479200,3709504,4188704,7.741035058430718
1897936,479200,3709784,4188984,7.741619365609349
1898233,479337,3710213,4189550,7.740301708401396
1898249,479343,3710231,4189574,7.7402423734152785
1898357,479343,3710788,4190131,7.741404380579251
1898423,479343,3710883,4190226,7.741602568515656
1898453,479365,3710935,4190300,7.741355751880091
1898562,479393,3711143,4190536,7.74133748302541
1898583,479400,3711193,4190593,7.741328744263663
1898621,479418,3711247,4190665,7.741150728591751
1898657,479418,3711288,4190706,7.7412362489518545
1898794,479539,3711533,4191072,7.739793843670692
1898797,479540,3711536,4191076,7.739783959627977
1899003,479602,3711950,4191552,7.739646623658784
1899108,479628,3712199,4191827,7.739746219987157
1899160,479655,3712307,4191962,7.739535707956761
1899282,479743,3712516,4192259,7.738551682880209
1901004,479743,3729799,4209542,7.774577221554041
1901046,479745,3729811,4209556,7.7745698235520955
1901076,479754,3729848,4209602,7.774501098479638
1901480,479759,3730577,4210336,7.775939586333972
1901564,479759,3730913,4210672,7.776639937968855
1901676,479831,3731222,4211053,7.776117007863185
1901740,479832,3731359,4211191,7.776386318544824
1901771,479845,3731378,4211223,7.776215236170013
1901792,479847,3731386,4211233,7.7761994969229775
1901836,479876,3731448,4211324,7.775858763513908
1901859,479886,3731475,4211361,7.775752991335442
1901885,479900,3731512,4211412,7.775603250677224
1901922,479908,3731588,4211496,7.775631996132592
1902062,480045,3731875,4211920,7.774010769823662
1902082,480053,3731903,4211956,7.773939544175331
1902345,480053,3732394,4212447,7.774962347907419
1902486,480091,3732553,4212644,7.774678133937107
1902595,480091,3732744,4212835,7.775075975179705
1902631,480091,3732780,4212871,7.775150960963651
1902664,480098,3732810,4212908,7.775100083732904
1903305,480098,3733780,4213878,7.777120504563651
1903601,480098,3734350,4214448,7.778307762165225
1903657,480127,3734477,4214604,7.778102460390688
1903685,480133,3734525,4214658,7.778105233341595
1903706,480156,3734553,4214709,7.777790967935421
1903845,480194,3734625,4214819,7.777325414311716
1903920,480212,3734764,4214976,7.777323348854256
1904116,480212,3735092,4215304,7.778006380515272
1904141,480223,3735128,4215351,7.777903182479807
1904220,480228,3735305,4215533,7.778190776048044
1904262,480254,3735372,4215626,7.7779091897204395
1904311,480263,3735444,4215707,7.777913351642746
1904348,480295,3735530,4215825,7.777574199190081
1904680,480295,3736152,4216447,7.778869236614997
1904718,480323,3736227,4216550,7.778571919312629
1904728,480326,3736246,4216572,7.77856289270204
1904737,480326,3736262,4216588,7.778596203411849
1904761,480326,3736317,4216643,7.77871070897682
1904814,480343,3736391,4216734,7.778589466277222
1904906,480418,3736558,4216976,7.777722733119908
1904968,480456,3736683,4217139,7.777367750636895
1906065,480456,3736683,4217139,7.777367750636895
1906678,480462,3737774,4218236,7.779541358109486
1906707,480490,3737808,4218298,7.779158775416762
1906793,480538,3737923,4218461,7.778621045578081
1906805,480546,3737964,4218510,7.778576868811727
1906850,480554,3738001,4218555,7.778524369789867
1906864,480554,3738008,4218562,7.778538936311008
1907093,480669,3738323,4218992,7.777333258437719
1907163,480669,3738451,4219120,7.7775995539550085
1907173,480669,3738467,4219136,7.77763284089467
1907251,480712,3738541,4219253,7.777091064920368
1907282,480728,3738583,4219311,7.776919588623921
1907449,480748,3738870,4219618,7.777193040844684
1907463,480748,3738877,4219625,7.777207601487682
1907511,480751,3738898,4219649,7.777202751528338
1907645,480773,3739224,4219997,7.777524944204438
1907674,480794,3739264,4220058,7.777268435130222
1907693,480798,3739307,4220105,7.7772931667769
1907815,480843,3739402,4220245,7.776762893501621
1907934,480843,3739705,4220548,7.777393036812431
1907966,480843,3739754,4220597,7.777494941176226
1908038,480874,3739925,4220799,7.777349160071037
1908101,480899,3740039,4220938,7.777181903060725
1908161,480917,3740142,4221059,7.777104989010578
1908419,481060,3740474,4221534,7.775483307695506
1908659,481097,3740668,4221765,7.775288559271831
1908929,481110,3741037,4222147,7.775845440751596
1909187,481139,3741313,4222452,7.775950401027561
1909203,481139,3741339,4222478,7.776004439465519
1909248,481157,3741426,4222583,7.775894354649314
1909258,481160,3741447,4222607,7.775889517000582
1909312,481194,3741512,4222706,7.775475172175879
1909328,481194,3741538,4222732,7.775529204437295
1909352,481194,3741591,4222785,7.775639347124029
1909382,481211,3741626,4222837,7.775437386094666
1909411,481219,3741671,4222890,7.775401636261245
1909569,481219,3741920,4223139,7.775919072189585
1909711,481296,3742351,4223647,7.775570542867591
1909740,481297,3742385,4223682,7.775625029867213
1909805,481341,3742552,4223893,7.7752611973632
1909810,481347,3742562,4223909,7.775185053609974
1909834,481361,3742598,4223959,7.775033706511329
1909863,481379,3742635,4224014,7.774819840499897
1910244,481633,3743544,4225177,7.7726069434611
1910292,481645,3743619,4225264,7.772569008294491
1910304,481649,3743636,4225285,7.772539754053263
1910322,481649,3743663,4225312,7.77259581147267
1910354,481649,3743745,4225394,7.77276605993161
1910377,481663,3743777,4225440,7.772606573475646
1910407,481676,3743812,4225488,7.772469460799376
1910498,481676,3743992,4225668,7.772843155980368
1910539,481688,3744091,4225779,7.7728550430984376
1910578,481696,3744205,4225901,7.772962615425497
1910606,481710,3744247,4225957,7.77282389819601
1911074,481848,3745011,4226859,7.772183344125119
1911204,481849,3745396,4227245,7.7729662197078335
1911222,481860,3745424,4227284,7.772846884987341
1911312,481930,3745593,4227523,7.772068557674351
1911319,481938,3745606,4227544,7.77196651851483
1911647,481938,3746484,4228422,7.773788329619163
1911652,481940,3746491,4228431,7.773770593849857
1911792,482010,3746738,4228748,7.773154083940168
1911808,482010,3746764,4228774,7.773208024729778
1911852,482025,3746835,4228860,7.773113427726778
1913001,482031,3749482,4231513,7.778508021268341
1913043,482031,3749570,4231601,7.778690582140983
1913111,482044,3749686,4231730,7.778721444515439
1913122,482048,3749700,4231748,7.778685939989379
1913168,482096,3749817,4231913,7.778154143573064
1913352,482239,3750219,4232458,7.776681272149287
1913400,482275,3750302,4232577,7.776272873360634
1913430,482275,3750343,4232618,7.77635788709761
1913450,482275,3750364,4232639,7.776401430718988
1913805,482367,3750799,4233166,7.775820070610137
1913846,482367,3750856,4233223,7.775938237897701
1914009,482376,3751783,4234159,7.7777148946050385
1914775,482431,3752623,4235054,7.778569370542108
1914811,482457,3752684,4235141,7.77827661325258
1914908,482457,3752753,4235210,7.778419631179566
1914965,482483,3752837,4235320,7.778174567808607
1915100,482528,3752947,4235475,7.7776771503415345
1915143,482528,3752981,4235509,7.777747612573778
1915267,482539,3753384,4235923,7.778405476034061
1915270,482539,3753393,4235932,7.7784241273762325
1915391,482571,3753477,4236048,7.778082396165538
1915419,482571,3753514,4236085,7.778159068820961
1915444,482583,3753550,4236133,7.778040254215337
1915645,482602,3753909,4236511,7.77847791762156
1915671,482612,3753952,4236564,7.778405841545589
1915686,482615,3754888,4237503,7.78029692404919
1915767,482652,3755080,4237732,7.780098290279539
1915812,482655,3755091,4237746,7.780072722752276
1915908,482674,3755276,4237950,7.780149749106022
1915917,482679,3755286,4237965,7.780089873394119
1915962,482679,3755344,4238023,7.78021003606952
1915971,482685,3755374,4238059,7.780175476760206
1916046,482685,3755541,4238226,7.780521458093788
1916185,482728,3755680,4238408,7.780116338807776
1916276,482743,3755817,4238560,7.7801583865535076
1916295,482754,3755844,4238598,7.780037037497359
1916316,482761,3755897,4238658,7.780034012689509
1916362,482782,3756044,4238826,7.780000082853131
1916395,482782,3756117,4238899,7.780151289816107
1917104,483090,3757183,4240273,7.77739758637107
1917160,483102,3757346,4240448,7.777541802766289
1917327,483102,3757639,4240741,7.778148299944939
1917338,483109,3757667,4240776,7.7780935565265805
1917346,483110,3757680,4240790,7.778104365465422
1917544,483204,3757881,4241085,7.777007226761368
1917573,483217,3757943,4241160,7.776926308470108
1917671,483244,3758194,4241438,7.777011199311321
1917729,483269,3758221,4241490,7.7766647560675315
1917749,483271,3758228,4241499,7.776647057241175
1917769,483274,3758276,4241550,7.7766981050087525
1917806,483304,3758377,4241681,7.776424362306126
1917821,483307,3758400,4241707,7.776423681014345
1917936,483356,3758536,4241892,7.775916715629887
1917989,483359,3758619,4241978,7.776040168901376
1918024,483376,3758668,4242044,7.775868061302175
1918037,483377,3758706,4242083,7.77593058833995
1918080,483389,3758724,4242113,7.775774790075902
1918282,483389,3759408,4242797,7.7771897995196415
1918344,483418,3759612,4243030,7.777145244901927
1918830,483462,3761668,4245130,7.780690105944211
1919029,483540,3761905,4245445,7.779925135459321
1919297,483558,3762569,4246127,7.781008689753866
1919334,483578,3762630,4246208,7.780813022924947
1919653,483673,3762931,4246604,7.77990708598578
1919675,483673,3762955,4246628,7.779956706287099
1919676,483673,3762963,4246636,7.779973246387539
1919691,483679,3762986,4246665,7.779924288629442
1919732,483711,3763086,4246797,7.779616341162388
1919749,483724,3763116,4246840,7.779469284137235
1919763,483724,3763151,4246875,7.779541639447288
1919792,483745,3763210,4246955,7.779325884505266
1919833,483766,3763344,4247110,7.7792651819267995
1919998,483773,3763681,4247454,7.779849226806787
1920017,483782,3763701,4247483,7.779745835934367
1920055,483793,3763762,4247555,7.779695034859951
1920107,483794,3763945,4247739,7.780057214434243
1920120,483800,3763956,4247756,7.779983464241422
1920259,483800,3763956,4247756,7.779983464241422
1920366,483800,3764052,4247852,7.780181893344357
1920705,483800,3764891,4248691,7.781916081025217
1920736,483814,3764926,4248740,7.781763239592075
1920855,483881,3765059,4248940,7.780960608083392
1920886,483883,3765112,4248995,7.781037978188943
1920986,483929,3765312,4249241,7.780711633318111
1921061,484000,3765465,4249465,7.779886363636364
1921162,484059,3765663,4249722,7.779347145699181
1921172,484059,3765679,4249738,7.779380199521133
1921193,484063,3765688,4249751,7.779334508111547
1921220,484077,3765719,4249796,7.779173561230961
1921253,484083,3765762,4249845,7.779165969472177
1921422,484186,3766112,4250298,7.778233984460517
1921463,484194,3766246,4250440,7.778382218697464
1921485,484203,3766293,4250496,7.778334706724245
1921826,484274,3766564,4250838,7.777753916171424
1921837,484276,3766577,4250853,7.777748639205742
1921847,484276,3766595,4250871,7.777785808092906
1921979,484276,3766963,4251239,7.778545705341582
1922002,484282,3766991,4251273,7.778507150792307
1922036,484282,3767009,4251291,7.778544319218968
1922045,484287,3767032,4251319,7.778511502476837
1922099,484302,3767136,4251438,7.778485325272247
1922130,484329,3767186,4251515,7.778154931874821
1922166,484329,3767227,4251556,7.7782395850754344
1922194,484345,3767260,4251605,7.778050769596052
1922227,484363,3767308,4251671,7.777860819261587
1922261,484369,3767374,4251743,7.7779007327058505
1922328,484412,3767541,4251953,7.77755505643956
1922400,484454,3767707,4252161,7.777223430913978
1922491,484454,3767803,4252257,7.7774215921429075
1922554,484479,3767970,4252449,7.777364963187259
1922840,484479,3768480,4252959,7.778417640393082
1923058,484479,3768623,4253102,7.778712802825303
1923077,484486,3768646,4253132,7.7786478866262385
1923104,484486,3768659,4253145,7.778674719186932
1923115,484488,3768682,4253170,7.778690081075279
1923167,484513,3768752,4253265,7.778433189615139
1923239,484513,3768955,4253468,7.778852167021318
1923377,484518,3769314,4253832,7.779512835436455
1923619,484518,3769487,4254005,7.779869891314667
1923756,484518,3769849,4254367,7.780617025580061
1923785,484518,3769874,4254392,7.780668623250323
1923913,484520,3770211,4254731,7.781332039957071
1923938,484527,3770251,4254778,7.781302177174853
1924060,484564,3770358,4254922,7.780928834993933
1924102,484577,3770464,4255041,7.78093883944141
1924190,484583,3770516,4255099,7.780949806328327
1924301,484668,3770791,4255459,7.780152599305091
1924328,484676,3770834,4255510,7.780112900164234
1924462,484845,3771258,4256103,7.778275531355382
1924530,484874,3771363,4256237,7.778026868836028
1924625,484895,3771535,4256430,7.778044731333588
1924648,484904,3771561,4256465,7.777953986768515
1924668,484911,3771641,4256552,7.778006685762954
1924703,484911,3771687,4256598,7.778101548531586
1924714,484918,3771701,4256619,7.7780181391492995
1925072,484950,3772120,4257070,7.778368904010723
1925196,485005,3772271,4257276,7.777798167029206
1925209,485012,3772295,4257307,7.777735396237619
1925279,485051,3772441,4257492,7.777411035128265
1925293,485051,3772465,4257516,7.7774605144613655
1925320,485051,3772552,4257603,7.777639877043857
1925361,485051,3772552,4257603,7.777639877043857
1925617,485264,3773212,4258476,7.775586072735665
1925715,485264,3773568,4258832,7.776319694022223
1925748,485279,3773629,4258908,7.776205028447553
1925780,485282,3773647,4258929,7.776194047996835
1925853,485320,3773757,4259077,7.775811835489986
1925883,485329,3773817,4259146,7.775791267367085
1925973,485339,3774039,4259378,7.776088466000053
1926014,485357,3774118,4259475,7.775962847965518
1926049,485370,3774176,4259546,7.775874075447597
1926069,485370,3774213,4259583,7.77595030595216
1926101,485380,3774237,4259617,7.775839548395072
1926121,485380,3774267,4259647,7.775901355638881
1926242,485403,3774530,4259933,7.776074725537337
1926270,485404,3774584,4259988,7.7761699532760336
1926389,485404,3774734,4260138,7.776478974215292
1926429,485424,3774838,4260262,7.776372820462112
1926433,485427,3774839,4260266,7.776326821540623
1926485,485460,3774940,4260400,7.776006262101924
1927486,485800,3776123,4261923,7.772999176615891
1927490,485800,3776125,4261925,7.773003293536434
1927659,485829,3776228,4262057,7.77275131785052
1927670,485841,3776271,4262112,7.7726478415778
1927673,485841,3776273,4262114,7.7726519581509175
1927975,485841,3776435,4262276,7.772985400573439
1928167,485841,3776895,4262736,7.7739322123904735
1928233,485866,3776942,4262808,7.773628942959581
1928289,485887,3777020,4262907,7.77345349844717
1928338,485911,3777080,4262991,7.773193033292105
1928518,485992,3777272,4263264,7.772292548025482
1928555,485997,3777369,4263366,7.772412175383798
1928667,486023,3777551,4263574,7.772370854877238
1928687,486024,3777620,4263644,7.772496831432193
1928734,486024,3777724,4263748,7.772710812634767
1928788,486065,3777814,4263879,7.772240338226369
1928857,486084,3777903,4263987,7.772119633643568
1928904,486115,3777975,4264090,7.771772111537393
1928989,486141,3778049,4264190,7.771508677523599
1929022,486153,3778067,4264220,7.7713538741918695
1929032,486153,3778083,4264236,7.771386785641558
1929123,486153,3778110,4264263,7.771442323712905
1929130,486161,3778134,4264295,7.77136380746296
1929316,486255,3778428,4264683,7.770466113458988
1929416,486290,3778613,4264903,7.770287277139156
1929446,486306,3778658,4264964,7.770124160507993
1929777,486465,3779127,4265592,7.768548610896981
1929795,486474,3779154,4265628,7.768460390483356
1930307,486687,3779860,4266547,7.76651112522011
1930316,486687,3779860,4266547,7.76651112522011
1930330,486691,3779894,4266585,7.766517153594375
1930337,486693,3779901,4266594,7.766499620910923
1930641,486826,3780308,4267134,7.76521385464211
1930832,486900,3780760,4267660,7.764962004518382
1931035,487052,3781120,4268172,7.763277843022921
1931183,487052,3781120,4268172,7.763277843022921
1931250,487081,3781229,4268310,7.763039412335936
1931582,487227,3781802,4269029,7.761889222066921
1931617,487244,3781849,4269093,7.761714869757247
1932336,487244,3783229,4270473,7.7645471262858035
1932576,487284,3783400,4270684,7.76426067755149
1932613,487297,3783426,4270723,7.76410689989883
1932633,487311,3783467,4270778,7.763967979380724
1932822,487345,3783707,4271052,7.763918784434026
1932915,487379,3783872,4271251,7.763715712002364
1933527,487379,3784611,4271990,7.7652319857851895
1933552,487384,3784656,4272040,7.765244653086683
1935418,487402,3788619,4276021,7.7730887439936645
1935445,487414,3788650,4276064,7.772960973628169
1935473,487428,3788718,4276146,7.772877224943992
1935535,487460,3788830,4276290,7.772596725885201
1935583,487482,3788957,4276439,7.7725064720338395
1935635,487501,3789036,4276537,7.772365595147497
1935656,487501,3789084,4276585,7.772464056483987
1935676,487507,3789103,4276610,7.772407370560833
1935692,487507,3789129,4276636,7.772460703128365
1936267,487838,3790320,4278158,7.769628442228773
1936316,487857,3790377,4278234,7.7694426850491025
1938631,487860,3793404,4281264,7.775599557250031
1938636,487863,3793430,4281293,7.775605036659882
1938907,487924,3794254,4282178,7.77632172223543
1938917,487924,3794270,4282194,7.776354514227625
1939190,487924,3795068,4282992,7.777990014838377
1939325,487924,3795732,4283656,7.77935088251449
1939372,487936,3795773,4283709,7.7792435893231895
1939472,487961,3796057,4284018,7.779427044374448
1939861,487988,3796420,4284408,7.779740485421772
1939901,487996,3796497,4284493,7.7797707358257036
1939965,488018,3796560,4284578,7.77954911499166
1939983,488018,3796603,4284621,7.779637226495744
1940001,488018,3796613,4284631,7.779657717543206
1940044,488054,3796666,4284720,7.779192466407406
1940071,488065,3796713,4284778,7.779113437759315
1940096,488077,3796751,4284828,7.7790000348305695
1940129,488080,3796791,4284871,7.779034174725455
1940142,488091,3796813,4284904,7.778903933897572
1940190,488107,3796903,4285010,7.778833329577326
1940200,488111,3796917,4285028,7.778798265148706
1940204,488111,3796927,4285038,7.778818752292
1940370,488111,3797527,4285638,7.780047980889592
1940381,488113,3797550,4285663,7.7800632230651505
1940433,488127,3797621,4285748,7.779985536550939
1941034,488261,3798397,4286658,7.779439684922613
1941047,488270,3798413,4286683,7.779329059741537
1941082,488273,3798441,4286714,7.779338607705116
1941153,488290,3798603,4286893,7.779399537160294
1941211,488310,3798722,4287032,7.779324609367
1941261,488321,3798809,4287130,7.779327532504234
1941290,488337,3798889,4287226,7.779236469896813
1941342,488364,3798958,4287322,7.778947670180439
1941534,488364,3799418,4287782,7.77988959055131
1941582,488373,3799476,4287849,7.779864980250751
1941614,488388,3799528,4287916,7.779732507760223
1941683,488399,3799628,4288027,7.779762038824813
1941688,488399,3799628,4288027,7.779762038824813
1941733,488417,3799685,4288102,7.779592028942481
1941802,488455,3799830,4288285,7.779283659702531
1941810,488462,3799849,4288311,7.779211074761189
1941917,488538,3799950,4288488,7.778207631750242
1941933,488549,3799988,4288537,7.778110281670825
1941973,488561,3800028,4288589,7.778001109380405
1941995,488561,3800063,4288624,7.778072748336441
1942029,488584,3800132,4288716,7.777847821459565
1942452,488601,3800939,4289540,7.7792288595397885
1942461,488603,3800954,4289557,7.779227716571532
1942464,488603,3800963,4289566,7.779246136433874
1942489,488607,3801007,4289614,7.779272503259266
1942510,488618,3801065,4289683,7.779216074725041
1942524,488631,3801104,4289735,7.779088923952839
1942549,488653,3801152,4289805,7.778836925180036
1942609,488673,3801285,4289958,7.7787907250861
1942644,488673,3801297,4289970,7.778815281384484
1942650,488673,3801316,4289989,7.7788541621902585
1942804,488792,3801753,4290545,7.777854383868803
1943374,488839,3803397,4292236,7.780469643379518
1943653,489020,3803875,4292895,7.778567338759151
1944215,489165,3804193,4293358,7.776911676019339
1944250,489181,3804232,4293413,7.7767370359846355
1944410,489271,3804527,4293798,7.7759094653065475
1944419,489273,3804547,4293820,7.77591855671578
1944691,489420,3804922,4294342,7.774349229700462
1944751,489444,3805008,4294452,7.774143722264447
1944810,489446,3805051,4294497,7.774199809580628
1944820,489446,3805077,4294523,7.774252930864692
1944950,489518,3805583,4295101,7.77414313671816
1944991,489529,3805613,4295142,7.774029730618615
1945017,489535,3805646,4295181,7.774001858906922
1945029,489538,3805666,4295204,7.773995072905474
1945118,489582,3805831,4295413,7.7736334260655005
1945129,489582,3805843,4295425,7.773657936770551
1945241,489629,3805954,4295583,7.773138437470003
1945253,489636,3805972,4295608,7.7730640720862025
1945653,489705,3806965,4296670,7.773996589783645
1945680,489716,3806984,4296700,7.773860768282025
1945714,489716,3807056,4296772,7.774007792271439
1945738,489716,3807111,4296827,7.774120102263352
1945745,489720,3807119,4296839,7.774072939638978
1945943,489859,3807989,4297848,7.7736430278916995
1945954,489861,3808012,4297873,7.773658241827784
1945988,489870,3808061,4297931,7.773615448996672
1946012,489882,3808080,4297962,7.773463813734736
1946017,489882,3808089,4297971,7.773482185505897
1946063,489882,3808242,4298124,7.773794505615638
1946094,489897,3808298,4298195,7.77367079202363
1946142,489897,3808371,4298268,7.773819802938169
1946171,489909,3808428,4298337,7.773745736453097
1946197,489931,3808470,4298401,7.773482388336316
1946256,489976,3808558,4298534,7.772948062762258
1946270,489985,3808571,4298556,7.772831821382288
1946303,489991,3808580,4298571,7.772755009785894
1946359,489998,3808668,4298666,7.772823562545153
1946370,489998,3808678,4298676,7.772843970791717
1946532,489998,3809180,4299178,7.773868464769244
1946572,490011,3809241,4299252,7.773786710910572
1946609,490016,3809313,4299329,7.773854323124143
1946645,490034,3809365,4299399,7.7736748878649236
1946681,490040,3809407,4299447,7.773665415068158
1946829,490040,3809842,4299882,7.77455309770631
1946892,490040,3809969,4300009,7.774812260223655
1946898,490044,3809975,4300019,7.774761041865628
1946957,490046,3810045,4300091,7.774872154858931
1946966,490046,3810049,4300095,7.774880317357963
1947023,490046,3810128,4300174,7.775041526713819
1947078,490082,3810171,4300253,7.774558135169217
1947123,490098,3810212,4300310,7.7743879795469475
1947593,490098,3811658,4301756,7.777338409869047
1947617,490098,3811698,4301796,7.7774200261988415
1947623,490098,3811711,4301809,7.777446551506025
1947755,490154,3811994,4302148,7.7771353492983835
1948316,490157,3812871,4303028,7.778876972072213
1948370,490166,3812983,4303149,7.778962637147416
1948464,490187,3813039,4303226,7.778743622331886
1948580,490219,3813111,4303330,7.77838272282388
1948667,490238,3813296,4303534,7.778458626218286
1948776,490309,3813535,4303844,7.7778197014535735
1949317,490309,3814008,4304317,7.778784399225795
1949338,490309,3814040,4304349,7.778849664191357
1949344,490312,3814051,4304363,7.778824503581393
1949504,490312,3814327,4304639,7.779387410465173
1949611,490312,3814524,4304836,7.77978919545106
1949654,490332,3814552,4304884,7.779528972206586
1950631,490826,3816112,4306938,7.7748774514797505
1950669,490846,3816168,4307014,7.774674745235776
1950714,490873,3816282,4307155,7.774479345981547
1950785,490878,3816399,4307277,7.774638504883087
1950834,490909,3816498,4307407,7.774349217472078
1950856,490920,3816528,4307448,7.774236128086042
1950915,490960,3816677,4307637,7.773906224539678
1951024,491073,3817071,4308144,7.772919708475115
1951034,491073,3817097,4308170,7.7729726537602355
1951113,491088,3817156,4308244,7.772855374189555
1951167,491100,3817235,4308335,7.7728263082875175
1951220,491117,3817331,4308448,7.772752724910765
1951389,491194,3817522,4308716,7.771923109809973
1951437,491221,3817622,4308843,7.771699499817801
1951476,491249,3817671,4308920,7.771356277570031
1951492,491249,3817697,4308946,7.77140920388642
1960195,495497,3832763,4328260,7.735189113153057
1960212,495505,3832798,4328303,7.735134862413093
1960245,495513,3832848,4328361,7.735110885082732
1961266,495513,3834054,4329567,7.737544726374485
1961343,495514,3834163,4329677,7.7377490847887245
1961612,495514,3834679,4330193,7.738790427717481
1961635,495522,3834732,4330254,7.738772446026615
1961659,495531,3834770,4330301,7.738708577263582
1961675,495531,3834796,4330327,7.738761046231215
1961695,495531,3834817,4330348,7.738803425012764
1961715,495532,3834829,4330361,7.738812024248686
1961737,495546,3834876,4330422,7.738688234795559
1961834,495633,3835077,4330710,7.737735380816047
1961889,495652,3835143,4330795,7.7375719254638335
1962757,495655,3836298,4331953,7.7398553429300625
1962810,495664,3836387,4332051,7.739894363923948
1962861,495676,3836495,4332171,7.739924870278165
1962887,495688,3836541,4332229,7.739830296476816
1962973,495715,3836641,4332356,7.739610461656396
1962988,495718,3836659,4332377,7.7395999338333485
1963182,495718,3837216,4332934,7.740723556538193
1963501,495718,3837802,4333520,7.741905680245623
1964977,495754,3840896,4336650,7.7475844874675746
1965002,495761,3840914,4336675,7.747511401663301
1965226,495795,3841398,4337193,7.747956312588872
1965253,495812,3841471,4337283,7.747837890168047
1965284,495820,3841487,4337307,7.747745149449397
1965440,495820,3841749,4337569,7.74827356702029
1965456,495839,3841780,4337619,7.748039182073213
1965619,495918,3841947,4337865,7.747141664549381
1965634,495921,3841959,4337880,7.747118996775696
1965668,495936,3842010,4337946,7.746987514518002
1965715,495943,3842348,4338291,7.747559699400939
1965750,495953,3842380,4338333,7.747468006040895
1966383,495953,3843268,4339221,7.74925849828512
1966453,495965,3843376,4339341,7.7492887602955856
1966464,495965,3843386,4339351,7.74930892300868
1966563,495965,3843565,4339530,7.749669835573075
1966586,495967,3843576,4339543,7.749660763720167
1966664,495998,3843713,4339711,7.74945261876056
1966765,496037,3843981,4340018,7.749383614528755
1966801,496048,3844008,4340056,7.749266200045157
1966973,496113,3844381,4340494,7.74900274735796
1967013,496147,3844454,4340601,7.748618856911359
1967045,496147,3844502,4340649,7.748715602432344
1967120,496167,3844617,4340784,7.748635036187412
1967134,496174,3844641,4340815,7.748574088928481
1967154,496183,3844661,4340844,7.748473849366061
1967172,496198,3844672,4340870,7.748261782594851
1967302,496199,3845057,4341256,7.749022065743784
1967354,496214,3845130,4341344,7.748934935330321
1967874,496481,3846093,4342574,7.746707326161525
1967883,496487,3846107,4342594,7.74664190603178
1967910,496496,3846167,4342663,7.746622329283619
1967921,496498,3846190,4342688,7.746637448690629
1967940,496508,3846216,4342724,7.746533792003351
1968196,496654,3846592,4343246,7.745013631220125
1968762,496659,3847262,4343921,7.746284674192958
1968782,496662,3847298,4343960,7.74631036801688
1968809,496677,3847368,4344045,7.746217360578404
1968828,496677,3847383,4344060,7.746247561292349
1977659,496677,3873874,4370551,7.799584035499932
1977716,496695,3874013,4370708,7.799581231943145
1977726,496695,3874025,4370720,7.799605391638732
1977754,496702,3874053,4370755,7.799551843962779
1977788,496713,3874123,4370836,7.799520044774346
1977804,496713,3874149,4370862,7.799572388884527
1977812,496717,3874159,4370876,7.79952971208958
1977870,496732,3874257,4370989,7.799491476289025
1977893,496750,3874286,4371036,7.799267237040765
1978192,496897,3874881,4371778,7.798157364604737
1978237,496903,3874913,4371816,7.798127602369074
1978264,496922,3874961,4371883,7.7979260326570365
1978269,496924,3874965,4371889,7.79790269739437
1978325,496950,3875005,4371955,7.797575208773519
1978351,496962,3875052,4372014,7.797481497579292
1978392,496969,3875163,4372132,7.797595021017408
1978419,496982,3875227,4372209,7.797519829692021
1978585,496982,3875641,4372623,7.7983528578499826
1978596,496982,3875651,4372633,7.798372979303073
1978681,496982,3875651,4372633,7.798372979303073
1978715,497024,3875752,4372776,7.797917203193407
1978774,497033,3876062,4373095,7.798399703842602
1979034,497033,3876558,4373591,7.7993976255097754
1979037,497033,3876567,4373600,7.799415732959381
1979080,497046,3876605,4373651,7.799288194654016
1979161,497046,3876662,4373708,7.799402872168773
1979232,497073,3876747,4373820,7.799150225419607
1979394,497073,3877249,4374322,7.800160137444601
1979429,497073,3877332,4374405,7.800327114930805
1979458,497080,3877343,4374423,7.800239398084815
1979483,497080,3877386,4374466,7.800325903275127
1979513,497102,3877461,4374563,7.800131562536461
1979638,497180,3877728,4374908,7.799444869061507
1979663,497196,3877769,4374965,7.79927634172439
1979723,497215,3877838,4375053,7.7991170821475615
1979895,497243,3877916,4375159,7.798834774949069
1979907,497245,3877928,4375173,7.798827539743989
1979910,497245,3877937,4375182,7.798845639473499
1979926,497252,3877961,4375213,7.798784117509834
1979974,497287,3878014,4375301,7.798341802621022
1980085,497287,3878271,4375558,7.7988586068005
1980112,497308,3878326,4375634,7.798639877098298
1980690,497512,3879086,4376598,7.796969721333355
1980828,497555,3879407,4376962,7.796941041693883
1980954,497611,3879691,4377302,7.796634318775108
1981065,497611,3879906,4377517,7.797066383178828
1981078,497617,3879927,4377544,7.7970145714475185
1981092,497617,3879953,4377570,7.797066820466343
1981320,497626,3881326,4378952,7.79968490392383
1981360,497636,3881387,4379023,7.799650748740043
1982632,498673,3884995,4383668,7.790666428701774
1982700,498700,3885200,4383900,7.790655704832565
1982713,498703,3885208,4383911,7.790624880941161
1982752,498728,3885316,4384044,7.790450907107682
1982782,498728,3885377,4384105,7.790573218267272
1982845,498755,3885472,4384227,7.790341951459133
1982897,498768,3885496,4384264,7.790187020819299
1982904,498771,3885504,4384275,7.790156203949308
1983010,498817,3885626,4384443,7.789682388531265
1983039,498817,3885656,4384473,7.789742530827939
1983078,498825,3885732,4384557,7.789769959404601
1983087,498827,3885757,4384584,7.789788844629501
1983369,498845,3886294,4385139,7.790584249616614
1983439,498852,3886449,4385301,7.790785643838253
1983466,498856,3886476,4385332,7.790777298458874
1983493,498856,3886546,4385402,7.790917619513447
1983515,498867,3886578,4385445,7.790809975404266
1983546,498878,3886658,4385536,7.790798551950577
1983590,498891,3886753,4385644,7.790785963266525
1983625,498922,3886872,4385794,7.790540405113425
1984017,498922,3887978,4386900,7.79275718448976
1984723,498922,3889116,4388038,7.795038102148232
1984867,498949,3889536,4388485,7.795458052827042
1984922,498967,3889597,4388564,7.795299087915634
1984994,499015,3889728,4388743,7.794811779205034
1985097,499061,3889988,4389049,7.79461428562841
1985142,499065,3890031,4389096,7.794637973009528
1985403,499188,3890386,4389574,7.793428527929358
1985505,499241,3890619,4389860,7.793067877037343
1985689,499320,3890904,4390224,7.792405671713531
1985723,499323,3890935,4390258,7.792420937949984
1985886,499332,3891864,4391196,7.794140972339045
1986050,499332,3892149,4391481,7.794711734877796
1986065,499337,3892159,4391496,7.7946537108205485
1986105,499357,3892206,4391563,7.794435644238491
1986123,499361,3892243,4391604,7.79444730365407
1986202,499397,3892355,4391752,7.79410969629373
1986268,499426,3892468,4391894,7.793883378118079
1986281,499434,3892499,4391933,7.7938206049247745
1986298,499445,3892547,4391992,7.793745057013285
1986475,499445,3892945,4392390,7.794541941555126
1986480,499445,3892949,4392394,7.794549950444994
1986570,499503,3893102,4392605,7.7939511874803555
1986574,499503,3893119,4392622,7.793985221309982
1986576,499503,3893119,4392622,7.793985221309982
1986617,499503,3893168,4392671,7.794083318818906
1986805,499530,3893336,4392866,7.79399835845695
1986950,499585,3893515,4393100,7.793498603841188
1987165,499597,3894570,4394167,7.795423111027488
1987166,499597,3894572,4394169,7.795427114254089
1987180,499597,3894598,4394195,7.795479156199897
1987212,499601,3894709,4394310,7.795638919858047
1987242,499610,3894752,4394362,7.795584555953644
1987274,499624,3894800,4394424,7.7954621875650485
1987913,499751,3895197,4394948,7.794275549223514
1987938,499751,3895224,4394975,7.794329576128912
1988007,499767,3895276,4395043,7.7941840897858405
1988064,499767,3895355,4395122,7.794342163448166
1988102,499797,3895451,4395248,7.794066390954727
1988153,499823,3895490,4395313,7.7937389836001945
1988154,499823,3895496,4395319,7.793750987849699
1988259,499856,3895789,4395645,7.793822620914823
1988268,499858,3895805,4395663,7.7938234458586235
1988292,499865,3895829,4395694,7.793762315825273
1988576,499865,3896506,4396371,7.795116681504006
1988644,499865,3896686,4396551,7.795476778730257
1988664,499865,3896707,4396572,7.79551879007332
1988734,499875,3896880,4396755,7.795708927231808
1988767,499886,3896908,4396794,7.795593395294127
1989503,500267,3897925,4398192,7.791689237946937
1989648,500354,3898168,4398522,7.790820099369646
1989802,500384,3898401,4398785,7.79081865127582
1989819,500385,3898419,4398804,7.790839053928475
1990650,500394,3899791,4400185,7.793440768674285
1990783,500394,3900011,4400405,7.793880422227285
1990851,500446,3900131,4400577,7.7933103671525
1990880,500449,3900142,4400591,7.793285629504704
1990949,500499,3900304,4400803,7.792830754906603
1990969,500510,3900341,4400851,7.7927334119198415
1991236,500661,3901315,4401976,7.792328541667915
1991340,500701,3901425,4402126,7.791925720140363
1991432,500758,3901608,4402366,7.791404231185523
1991442,500758,3901624,4402382,7.791436182746955
1991458,500758,3901650,4402408,7.791488104034284
1991490,500778,3901694,4402472,7.791264791983673
1991500,500786,3901706,4402492,7.7911642897365345
1991533,500805,3901753,4402558,7.790962550294027
1991547,500814,3901773,4402587,7.790862475889252
1991645,500861,3901895,4402756,7.790374974294266
1991656,500861,3901905,4402766,7.790394939913469
1991992,501074,3902681,4403755,7.788632018424424
1992266,501126,3902931,4404057,7.788322697285713
1992353,501128,3903160,4404288,7.788748583196309
1992383,501128,3903194,4404322,7.788816430133618
1992396,501135,3903207,4404342,7.788733574785238
1992452,501163,3903273,4404436,7.78843011156051
1992515,501185,3903382,4404567,7.788305715454373
1992544,501193,3903400,4404593,7.788217313490013
1992550,501197,3903406,4404603,7.788167127895817
1992562,501205,3903418,4404623,7.788066759110544
1993221,501424,3904610,4406034,7.787042502951594
1993624,501693,3905778,4407471,7.785195328617302
1993636,501693,3905793,4407486,7.785225227380091
1993677,501727,3905889,4407616,7.784888993416739
1993714,501753,3905938,4407691,7.784583251121568
1993794,501753,3906094,4407847,7.784894161071284
1993993,501753,3906351,4408104,7.7854063652833165
1994187,501831,3906603,4408434,7.784698434333471
1994199,501831,3906618,4408449,7.78472832487431
1994225,501844,3906647,4408491,7.784584452539036
1994238,501844,3906654,4408498,7.784598401096755
1994251,501847,3906665,4408512,7.784573784440278
1995591,502298,3907968,4410266,7.7801783005307605
1995604,502298,3907995,4410293,7.780232053482196
1995681,502304,3908008,4410312,7.7801649996814675
1995704,502330,3908065,4410395,7.779875778870464
1995712,502333,3908071,4410404,7.779841260677678
1995742,502355,3908147,4410502,7.77965183983438
1995800,502373,3908273,4410646,7.779623904947121
1995880,502380,3908412,4410792,7.779792189179505
1996009,502391,3908743,4411134,7.780280697703581
1996031,502407,3908779,4411186,7.7801045765684
1996035,502407,3908788,4411195,7.780122490331544
1996452,502407,3909569,4411976,7.781677006888837
1997011,502407,3911152,4413559,7.784827838784094
1997178,502431,3911590,4414021,7.785327736544919
1997199,502444,3911622,4414066,7.785189991322416
1997486,502448,3924824,4427272,7.8114033691048625
1997537,502448,3924940,4427388,7.811634238766997
1997567,502451,3924957,4427408,7.811621431741603
1997582,502477,3924994,4427471,7.81129086505452
1997690,502477,3925137,4427614,7.811575455194964
1997767,502477,3925310,4427787,7.811919749560676
1997791,502489,3925354,4427843,7.811820756275262
1998481,502738,3926151,4428889,7.809536975522041
1998543,502738,3926168,4428906,7.809570790352033
1998574,502738,3926242,4428980,7.809717984317875
1998605,502748,3926297,4429045,7.809672042454669
1998620,502751,3926320,4429071,7.809671189117475
1998647,502751,3926358,4429109,7.809746773253559
1998662,502762,3926383,4429145,7.809625628030758
1998682,502771,3926426,4429197,7.809571355547556
1998698,502776,3926456,4429232,7.809553359746686
1998774,502824,3926561,4429385,7.809016673826229
1998819,502835,3926662,4429497,7.80904670518162
1998977,502856,3926819,4429675,7.809032804620011
1998980,502856,3926828,4429684,7.80905070238796
1999055,502927,3926982,4429909,7.808254478284125
1999085,502947,3927010,4429957,7.8079996500625315
1999095,502957,3927032,4429989,7.807888149483952
1999251,502998,3927224,4430222,7.807633429953996
1999393,503003,3927633,4430636,7.808368936169367
1999445,503025,3927751,4430776,7.808262014810397
1999508,503039,3927866,4430905,7.80827331479269
1999663,503039,3928092,4431131,7.808722584133636
1999668,503042,3928103,4431145,7.808697882085393
1999858,503042,3928673,4431715,7.8098309882673815
1999869,503045,3928685,4431730,7.809808267650012
1999910,503064,3928775,4431839,7.809692206160648
2000864,503847,3932071,4435918,7.804097275561827
2000956,503887,3932181,4436068,7.803696066776877
2000981,503887,3932208,4436095,7.803749650219196
2001047,503893,3932222,4436115,7.803684512386559
2001056,503900,3932228,4436128,7.803588013494741
2001163,503960,3932595,4436555,7.803387173585206
2001179,503971,3932632,4436603,7.803290268686095
2001188,503971,3932672,4436643,7.803369638332365
2001249,504009,3932785,4436794,7.803005501885879
2001514,504128,3933146,4437274,7.801879681350768
2001527,504134,3933158,4437292,7.801810629713528
2001725,504148,3933283,4437431,7.801841919436356
2001874,504148,3933702,4437850,7.802673024588017
2001898,504166,3933737,4437903,7.802463871026606
2001932,504166,3933755,4437921,7.802499573553155
2003121,504166,3935746,4439912,7.806448669684191
2003336,504243,3936213,4440456,7.806182733325004
2003434,504283,3936964,4441247,7.807052785836524
2003478,504303,3937027,4441330,7.8068680931900065
2003894,504303,3937769,4442072,7.808339430858036
2003925,504314,3937851,4442165,7.80833171397185
2004393,504314,3938848,4443162,7.810308656908196
2004396,504314,3938857,4443171,7.810326502932696
2004443,504330,3938937,4443267,7.810237344595801
2004447,504330,3938939,4443269,7.810241310253208
2004620,504456,3939313,4443769,7.80903190763912
2004747,504456,3939529,4443985,7.809460091663098
2004783,504463,3939586,4444049,7.809464717927777
2004865,504496,3939673,4444169,7.809126335986806
2004866,504496,3939675,4444171,7.809130300339349
2004888,504496,3939675,4444171,7.809130300339349
2004907,504503,3939739,4444242,7.809148805854474
2004976,504522,3939815,4444337,7.809005355564277
2004984,504527,3939819,4444346,7.808935894411994
2005005,504541,3939864,4444405,7.808808402092199
2005023,504541,3939897,4444438,7.808873808075062
2005070,504570,3939955,4444525,7.808539944903581
2005114,504579,3940072,4444651,7.808632543169653
2005132,504586,3940092,4444678,7.80856385234628
2005148,504593,3940117,4444710,7.808505072404889
2005291,504593,3940393,4444986,7.8090520478881
2005311,504600,3940476,4445076,7.809108204518431
2005332,504602,3940476,4445078,7.809077252963722
2005396,504656,3940576,4445232,7.808439808503218
2005721,504694,3940672,4445366,7.808042100758083
2005996,504800,3941381,4446181,7.80780705229794
2006151,504865,3941647,4446512,7.807328691828508
2006195,504865,3941733,4446598,7.807499034395334
2006266,504915,3941823,4446738,7.806904132378717
2006269,504915,3941832,4446747,7.806921957161106
2006279,504919,3941847,4446766,7.806889817970803
2006292,504921,3941870,4446791,7.806904446438156
2006322,504933,3941892,4446825,7.806762481358913
2006336,504943,3941933,4446876,7.806689071835831
2006762,504943,3942746,4447689,7.808299154558039
2006796,504958,3942780,4447738,7.8081345379219655
2006844,504965,3942863,4447828,7.808190666679869
2006963,505009,3943170,4448179,7.808118271159524
2007022,505034,3943262,4448296,7.807913922626992
2007036,505048,3943298,4448346,7.807768766533082
2007052,505048,3943324,4448372,7.807820246788424
2007076,505057,3943352,4448409,7.807736552507935
2007221,505167,3943665,4448832,7.806656016723182
2007315,505210,3943794,4449004,7.806246907226698
2008088,505210,3945444,4450654,7.8095128758338115
2008136,505221,3945502,4450723,7.809457643288779
2008141,505221,3945511,4450732,7.809475457275133
2008324,505287,3945699,4450986,7.808827458454304
2008429,505287,3945955,4451242,7.809334101213766
2008450,505312,3946013,4451325,7.809062519789753
2008714,505332,3946693,4452025,7.810099103163861
2008956,505332,3947277,4452609,7.811254779036356
2009032,505365,3947485,4452850,7.811156292976364
2009150,505425,3947589,4453014,7.810434782608696
2009392,505583,3948225,4453808,7.8092518933587565
2009430,505598,3948277,4453875,7.809123058239946
2009453,505604,3948306,4453910,7.809087744558983
2009479,505609,3948354,4453963,7.809105455005746
2009513,505631,3948400,4454031,7.80885665633634
2009757,505726,3948872,4454598,7.8083230840415565
2009765,505727,3948878,4454605,7.808319508351344
2009786,505759,3948953,4454712,7.807973758252448
2009916,505759,3949339,4455098,7.808736967607102
2009923,505760,3949343,4455103,7.808729436887061
2009968,505785,3949437,4455222,7.808529315816009
2010609,505803,3950395,4456198,7.810145451885417
2010626,505811,3950414,4456225,7.810059488623221
2010796,505811,3950699,4456510,7.810622940189122
2010852,505827,3950765,4456592,7.810506358893456
2011196,505940,3951120,4457060,7.8094635727556625
2011239,505956,3951204,4457160,7.8093826340630415
2011308,505987,3951331,4457318,7.809155175923492
2011321,505993,3951342,4457335,7.809084315395667
2011382,506028,3951430,4457458,7.808718094650889
2011402,506028,3951451,4457479,7.808759594330748
2011464,506080,3951564,4457644,7.80818052481821
2011892,506198,3952016,4458214,7.807253288238989
2012410,506340,3953189,4459529,7.807380416321049
2012439,506352,3953234,4459586,7.807284260751414
2012482,506360,3953301,4459661,7.807293230112963
2012511,506389,3953540,4459929,7.80731808945297
2013431,506825,3955154,4461979,7.803786316776008
2013679,506888,3955389,4462277,7.803280014519973
2013715,506898,3955416,4462314,7.803179337854953
2013724,506905,3955432,4462337,7.8031031455598185
2013747,506910,3955459,4462369,7.80307944211004
2013892,506923,3955904,4462827,7.803757178111863
2014004,506923,3956088,4463011,7.804120152370281
2014083,506985,3956297,4463282,7.803578015128653
2014098,506985,3956304,4463289,7.803591822243262
2014157,507006,3956415,4463421,7.80348753269192
2014210,507018,3956514,4463532,7.803498100659148
2014323,507040,3956774,4463814,7.803672294099085
2014356,507053,3956811,4463864,7.803545191528301
2014464,507053,3957368,4464421,7.804643696023887
2014543,507086,3957501,4464587,7.804398070544247
2014576,507107,3957566,4464673,7.804203057737322
2014965,507170,3958286,4465456,7.804653272078395
2014967,507170,3958286,4465456,7.804653272078395
2015093,507177,3958739,4465916,7.8054387324346335
2015156,507234,3958892,4466126,7.804863238663024
2015249,507234,3959044,4466278,7.805162903117693
2015280,507234,3959098,4466332,7.805269362858168
2015294,507240,3959146,4466386,7.805271666272376
2015316,507256,3959203,4466459,7.8051378396706985
2015377,507256,3959321,4466577,7.805370463828915
2015451,507302,3959481,4466783,7.804978099830081
2015484,507302,3959483,4466785,7.80498204225491
2015803,507302,3960069,4467371,7.806137172729459
2015848,507307,3960173,4467480,7.806265239785771
2016085,507344,3960374,4467718,7.806092118956763
2016278,507344,3960626,4467970,7.8065888233624525
2016377,507432,3960863,4468295,7.8057020448060035
2016377,507432,3960863,4468295,7.8057020448060035
2016392,507432,3960889,4468321,7.805753283198537
2016441,507445,3960959,4468404,7.805691257180581
2016550,507445,3961157,4468602,7.806081447250441
2016572,507451,3961181,4468632,7.806036444898128
2016721,507518,3961346,4468864,7.805331042445785
2016759,507526,3961400,4468926,7.805314407537742
2016816,507541,3961506,4469047,7.805292577348431
2016982,507541,3961822,4469363,7.805915187147442
2017214,507550,3963211,4470761,7.808513446951039
2017245,507556,3963276,4470832,7.808549204422763
2017273,507557,3963325,4470882,7.808630360727958
2017316,507603,3963437,4471040,7.808143371887085
2017344,507619,3963485,4471104,7.807991820637131
2017352,507620,3963503,4471123,7.808011898664355
2017419,507641,3963546,4471187,7.807773603786928
2017449,507654,3963619,4471273,7.8077174611053985
2017479,507666,3963661,4471327,7.807615637052708
2018263,507703,3965296,4472999,7.810267026194448
2018369,507746,3965436,4473182,7.809881318612062
2018419,507746,3965615,4473361,7.810233857086024
2018619,507909,3966062,4473971,7.8086074473970735
2018773,507909,3966062,4473971,7.8086074473970735
2018837,507929,3966155,4474084,7.808483075390458
2019088,507929,3966661,4474590,7.809479277615572
2020096,507943,3967891,4475834,7.811685563143896
2020181,507943,3968166,4476109,7.812226962474136
2020296,507990,3968342,4476332,7.811850626980846
2020349,508000,3968442,4476442,7.811893700787402
2020425,508031,3968556,4476587,7.8116414155829075
2020464,508038,3968582,4476620,7.811584960180144
2020487,508040,3968642,4476682,7.811672309266987
2020838,508152,3969069,4477221,7.810790865725216
2020839,508152,3969071,4477223,7.81079480155544
2020895,508152,3969149,4477301,7.810948298934177
2020926,508168,3969196,4477364,7.810794855244723
2021004,508203,3969265,4477468,7.810392697406352
2021108,508261,3969459,4477720,7.809883111236156
2021158,508273,3969542,4477815,7.809862022967972
2021169,508284,3969563,4477847,7.809734321757128
2021371,508306,3969847,4478153,7.809955027089981
2021628,508475,3970368,4478843,7.808383893013422
2021687,508479,3970616,4479095,7.808810196684623
2022280,508479,3971914,4480393,7.811362907809369
2022313,508484,3971930,4480414,7.811317563581155
2022337,508495,3971963,4480458,7.811213482925102
2022359,508495,3972023,4480518,7.811331478185626
2022395,508511,3972060,4480571,7.811158460682266
2022636,508631,3972628,4481259,7.810432317338109
2022660,508631,3972679,4481310,7.810532586491975
2022678,508631,3972743,4481374,7.810658414449768
2022697,508643,3972771,4481414,7.8105291923805105
2022723,508643,3972771,4481414,7.8105291923805105
2022743,508643,3972809,4481452,7.81060390096787
2022914,508643,3973153,4481796,7.811280210285013
2023030,508647,3973182,4481829,7.811275796377449
2023122,508647,3973382,4482029,7.811668996376662
2023149,508660,3973416,4482076,7.811536193134904
2023169,508677,3973434,4482111,7.8113105172830695
2023181,508677,3973463,4482140,7.811367527920468
2023218,508696,3973510,4482206,7.81116816330382
2023249,508715,3973558,4482273,7.810970779316513
2025064,508742,3976094,4484836,7.81554107976145
2025086,508743,3976117,4484860,7.815570926774423
2025113,508757,3976182,4484939,7.815483619881397
2025150,508768,3976216,4484984,7.815381470532738
2025439,508913,3976789,4485702,7.8142806334285035
2025465,508926,3976848,4485774,7.814196955942514
2025628,508926,3977266,4486192,7.815018293425763
2025650,508928,3977273,4486201,7.815001336141851
2025711,508942,3977372,4486314,7.8149808819079585
2025730,508946,3977411,4486357,7.814996089958464
2025783,508975,3977509,4486484,7.814743356746402
2025795,508975,3977542,4486517,7.814808192936785
2025937,508975,3977733,4486708,7.815183456947787
2026184,509129,3978116,4487245,7.813571805966661
2026333,509129,3978486,4487615,7.814298537305869
2026351,509140,3978495,4487635,7.814147385787799
2026358,509143,3978506,4487649,7.8141229477769505
2026576,509231,3978838,4488069,7.813424555849899
2026678,509321,3979017,4488338,7.8123953263266195
2026766,509327,3979244,4488571,7.812748980517428
2026826,509341,3979285,4488626,7.812614731584538
2026867,509352,3979338,4488690,7.812550063610234
2026898,509352,3979418,4488770,7.812707125916851
2026906,509352,3979447,4488799,7.812764061003
2026935,509354,3979462,4488816,7.812762832921701
2027202,509354,3980251,4489605,7.814311853838391
2027205,509354,3980260,4489614,7.814329523278506
2027287,509371,3980369,4489740,7.814282713385725
2027364,509410,3980476,4489886,7.813894505408217
2027393,509421,3980495,4489916,7.813763076119752
2028168,509993,3982820,4492813,7.809558170406261
2028173,509995,3982828,4492823,7.809543230815988
2028431,509995,3983395,4493390,7.810655006421632
2028480,509995,3983504,4493499,7.8108687340071965
2029048,510326,3984557,4494883,7.807865952352026
2029814,510326,3985452,4495778,7.809619733268538
2029862,510326,3985595,4495921,7.80989994630883
2029874,510330,3985604,4495934,7.809856367448513
2029914,510349,3985658,4496007,7.809671420929599
2029916,510349,3985668,4496017,7.809691015363996
2029986,510352,3985772,4496124,7.809848888610214
2030096,510352,3985930,4496282,7.81015847885381
2030215,510352,3986200,4496552,7.810687525472615
2030281,510402,3986373,4496775,7.810261323427416
2030326,510420,3986444,4496864,7.810124995102073
2030413,510420,3986675,4497095,7.810577563575095
2030424,510420,3986692,4497112,7.810610869480036
2031017,510420,3987990,4498410,7.813153873280828
2031097,510463,3988111,4498574,7.812732754381806
2031098,510463,3988113,4498576,7.812736672393494
2031425,510463,3988682,4499145,7.813851346718567
2031439,510467,3988699,4499166,7.81382342051494
2031449,510467,3988728,4499195,7.813880231239238
2031453,510467,3988734,4499201,7.813891985182196
2031533,510467,3988890,4499357,7.814197587699107
2031742,510622,3989251,4499873,7.81253255833082
2031900,510622,3989753,4500375,7.8135156730418975
2031935,510622,3989817,4500439,7.813641010375581
2031961,510628,3989851,4500479,7.813615782918289
2031991,510646,3989924,4500570,7.813483313293358
2032170,510760,3990363,4501123,7.812598872268776
2032176,510762,3990371,4501133,7.812583943206425
2032222,510775,3990458,4501233,7.8125554304733
2032393,510853,3990669,4501522,7.811775598851333
2032505,510854,3990829,4501683,7.81207350828221
2032566,510866,3990900,4501766,7.812028986074626
2032764,510866,3991414,4502280,7.813035120755736
2032774,510870,3991423,4502293,7.812991563411435
2032847,510882,3991680,4502562,7.813311097278824
2033059,510908,3991798,4502706,7.81314444087781
2033082,510924,3991831,4502755,7.8129643547768355
2033101,510924,3991866,4502790,7.813032858115884
2033222,510924,3992106,4503030,7.813502595297931
2033254,510924,3992172,4503096,7.813631773022994
2033289,510937,3992230,4503167,7.813546484204511
2033305,510937,3992256,4503193,7.813597371104461
2033323,510937,3992276,4503213,7.813636514873654
2033328,510941,3992292,4503233,7.813606659085883
2033351,510943,3992303,4503246,7.813597602863725
2033485,510943,3992572,4503515,7.814124080376872
2033725,511053,3992929,4503982,7.813140711433061
2033836,511053,3993186,4504239,7.813643594695658
2033943,511065,3993398,4504463,7.813874947413734
2033977,511065,3993438,4504503,7.813953215344428
2034012,511103,3993502,4504605,7.813497475068626
2034177,511108,3993858,4504966,7.814117564193869
2034216,511108,3993974,4505082,7.814344522097091
2034268,511120,3994107,4505227,7.814421270934418
2034655,511120,3994107,4505227,7.814421270934418
2034708,511120,3994193,4505313,7.814589528877758
2034988,511208,3994541,4505749,7.813925055945917
2035228,511381,3994930,4506311,7.812042293319462
2035244,511385,3994947,4506332,7.812014431397088
2035264,511398,3994998,4506396,7.811915572606854
2035287,511411,3995019,4506430,7.811758057609242
2035296,511416,3995032,4506448,7.811707103414832
2035324,511426,3995075,4506501,7.811638438405557
2035371,511436,3995104,4506540,7.811542402177398
2035538,511518,3995330,4506848,7.810731978151306
2035621,511535,3995479,4507014,7.810763681859501
2035673,511583,3995624,4507207,7.810314259856172
2035703,511592,3995672,4507264,7.810270684451672
2035719,511592,3995698,4507290,7.810321506200253
2035737,511592,3995725,4507317,7.810374282631472
2036120,511664,3996045,4507709,7.809900637918634
2036145,511664,3996102,4507766,7.810012039150693
2036275,511715,3996248,4507963,7.8095189705207
2036328,511741,3996396,4508137,7.8094114014706655
2037100,511851,3997808,4509659,7.810491725130946
2037125,511877,3997862,4509739,7.810200497385114
2037155,511901,3997959,4509860,7.810023813198256
2037200,511923,3998068,4509991,7.809901098407377
2037329,511989,3998285,4510274,7.809318168945036
2037343,511989,3998311,4510300,7.8093689512860625
2037345,511990,3998313,4510303,7.809357604640716
2037366,512018,3998361,4510379,7.809024292114731
2037564,512018,3998638,4510656,7.809565288720319
2037593,512036,3998678,4510714,7.809368872501152
2037685,512036,3998868,4510904,7.8097399401604575
2037715,512049,3998922,4510971,7.809647123615123
2037754,512063,3998965,4511028,7.8095175788916595
2037768,512070,3999003,4511073,7.809485031343371
2037804,512094,3999048,4511142,7.809206903420075
2037903,512145,3999205,4511350,7.80873580724209
2037939,512157,3999267,4511424,7.808673902729046
2038020,512199,3999364,4511563,7.808222975835564
2038303,512199,3999812,4512011,7.809097635879804
2038344,512220,3999883,4512103,7.808916090742259
2038395,512232,3999938,4512170,7.808840525386934
2038406,512239,3999959,4512198,7.808774810196022
2038673,512239,4000590,4512829,7.810006657048761
2038694,512239,4000620,4512859,7.810065223460143
2038707,512239,4000635,4512874,7.810094506665834
2038916,512239,4000961,4513200,7.810730928336187
2038962,512239,4001016,4513255,7.810838300090388
2039376,512250,4002001,4514251,7.8125934602245
2039407,512254,4002036,4514290,7.812600780081756
2039451,512260,4002069,4514329,7.8125736930465
2039457,512260,4002087,4514347,7.812608831452778
2039510,512281,4002160,4514441,7.8124310681052
2040732,512625,4007242,4519867,7.817102170202389
2040802,512640,4007391,4520031,7.8171640917603
2040823,512648,4007404,4520052,7.817067461494046
2040973,512712,4007693,4520405,7.816655354272964
2041117,512712,4007888,4520600,7.817035684750893
2041170,512736,4007911,4520647,7.816714644573426
2041205,512744,4007965,4520709,7.8166980013418
2041226,512744,4007997,4520741,7.816760410653269
2041945,512744,4009118,4521862,7.818946686845678
2041973,512759,4009144,4521903,7.818768661300923
2042155,512885,4009568,4522453,7.817674527428176
2042240,512931,4009677,4522608,7.8171859372898105
2042262,512931,4009682,4522613,7.817195685189626
2042298,512951,4009729,4522680,7.816982518798092
2042331,512956,4009745,4522701,7.816937515108508
2042358,512979,4009786,4522765,7.816666959076297
2042366,512982,4009809,4522791,7.816666081850825
2042431,513013,4009991,4523004,7.816548508517328
2042442,513013,4010001,4523014,7.816568001200749
2042448,513014,4010014,4523028,7.816578105080953
2042490,513023,4010075,4523098,7.816559881330856
2043574,513516,4011692,4525208,7.812204488273004
2043575,513519,4011701,4525220,7.812176375168202
2043628,513519,4011869,4525388,7.812503529567553
2043700,513519,4012006,4525525,7.812770316190832
2043780,513519,4012139,4525658,7.813029313423652
2043825,513529,4012213,4525742,7.813021270463791
2045291,514282,4015105,4529387,7.807204996480531
2045339,514294,4015249,4529543,7.807302826787791
2045423,514324,4015400,4529724,7.807141023945995
2045494,514324,4015596,4529920,7.807522106687613
2045579,514376,4015783,4530159,7.807096365304758
2045680,514413,4016096,4530509,7.8071432875918765
2045741,514428,4016162,4530590,7.807043940065471
2045800,514465,4016249,4530714,7.806651570077653
2045871,514477,4016387,4530864,7.8067377161661256
2045935,514506,4016664,4531170,7.806836071882544
2045959,514522,4016719,4531241,7.806700199408383
2045987,514522,4016739,4531261,7.806739070438193
2046230,514543,4017124,4531667,7.807168691440754
2046352,514576,4017257,4531833,7.806926479276142
2046545,514576,4017509,4532085,7.807416202854389
2046943,514758,4018109,4532867,7.805821376258359
2047935,514758,4019936,4534694,7.809370616872394
2047970,514758,4019964,4534722,7.809425011364564
2048084,514758,4020256,4535014,7.80999226821147
2048157,514784,4020358,4535142,7.809795953254181
2048241,514822,4020498,4535320,7.809491435874924
2049109,514841,4022394,4537235,7.812885920119027
2049120,514841,4022406,4537247,7.812909228286014
2049241,514866,4022577,4537443,7.812861987390894
2049263,514873,4022623,4537496,7.812845109376487
2049289,514873,4022646,4537519,7.812889780586669
2049307,514873,4022723,4537596,7.813039332029452
2049737,514890,4023203,4538093,7.8137136087319625
2049944,514897,4023442,4538339,7.8140715521745125
2050354,514897,4024297,4539194,7.815732078454526
2050374,514903,4024318,4539221,7.815681788608728
2050386,514903,4024338,4539241,7.815720630876107
2050471,514926,4024488,4539414,7.815662833106116
2050495,514926,4024509,4539435,7.815703615665163
2050522,514929,4024548,4539477,7.815733819613966
2050640,514929,4024764,4539693,7.81615329492027
2051177,514939,4025363,4540302,7.817164751553096
2051226,514939,4025468,4540407,7.81736865920041
2051253,514956,4025503,4540459,7.817178555061015
2051397,514956,4025753,4540709,7.817664033431982
2051710,514956,4026215,4541171,7.8185611974615306
2051729,514956,4026255,4541211,7.818638874000886
2051803,514971,4026325,4541296,7.818547063815244
2051847,514989,4026378,4541367,7.818376703191719
2051878,515001,4026396,4541397,7.81822947916606
2051926,515008,4026524,4541532,7.81837175344849
2052015,515051,4026613,4541664,7.817891820421667
2052052,515088,4026662,4541750,7.817425371975274
2052229,515088,4026929,4542017,7.8179437300034165
2054580,516087,4032118,4548205,7.812864885184087
2054743,516087,4032338,4548425,7.813291169899649
2054753,516089,4032356,4548445,7.813295768753064
2054792,516099,4032447,4548546,7.813320700098237
2056636,516755,4035134,4551889,7.808601755183791
2056726,516783,4035183,4551966,7.808273491968582
2056760,516783,4035256,4552039,7.8084147504852135
2056816,516805,4035329,4552134,7.808223604647788
2056887,516823,4035442,4552265,7.808170302018293
2056927,516844,4035493,4552337,7.807951722376578
2056988,516874,4035614,4552488,7.8077326389023245
2056998,516874,4035619,4552493,7.807742312439783
2057108,516874,4035959,4552833,7.808400112986917
2057121,516874,4035985,4552859,7.8084504153816985
2057122,516874,4035987,4552861,7.808454284796682
2057160,516881,4036075,4552956,7.80851878865735
2057169,516883,4036091,4552974,7.808519529564718
2057191,516891,4036118,4553009,7.808450911313991
2057246,516891,4036214,4553105,7.808636637124655
2057259,516891,4036219,4553110,7.808646310343961
2057292,516897,4036267,4553164,7.808648531525623
2057447,516995,4036421,4553416,7.807466223077593
2057510,517033,4036537,4553570,7.8071167604388885
2057576,517050,4036639,4553689,7.807057344550818
2057606,517059,4036751,4553810,7.807138063547874
2057657,517088,4036828,4553916,7.806849124327001
2057659,517088,4036830,4553918,7.806852992140603
2058037,517088,4037515,4554603,7.8081777182994
2058057,517088,4037558,4554646,7.8082608762918495
2058075,517088,4037573,4554661,7.808289884893867
2058699,517088,4038451,4555539,7.809987855065288
2058706,517091,4038463,4555554,7.809965750709257
2058771,517113,4038589,4555702,7.809877144840683
2058872,517131,4038643,4555774,7.809709725388731
2058903,517148,4038683,4555831,7.809530347212017
2059074,517157,4039678,4556835,7.811318419744874
2059158,517176,4039724,4556900,7.811120392284251
2059284,517227,4040092,4557319,7.811061680848061
2059408,517234,4040244,4557478,7.811249840497725
2059437,517243,4040333,4557576,7.811285991303894
2059606,517305,4040639,4557944,7.810941320884198
2059730,517335,4040966,4558301,7.811120453864517
2059753,517347,4041024,4558371,7.811051383307529
2059769,517347,4041051,4558398,7.811103572650465
2059824,517378,4041137,4558515,7.810801773558211
2059841,517392,4041164,4558556,7.810642607539351
2059886,517410,4041267,4558677,7.810569954194932
2060081,517485,4041624,4559109,7.810127829792168
2060090,517495,4041639,4559134,7.810005893776752
2060111,517495,4041668,4559163,7.810061932965536
2060149,517504,4041729,4559233,7.810043980336384
2060245,517628,4042003,4559631,7.808702388587943
2060246,517628,4042005,4559633,7.808706252366564
2060330,517635,4042130,4559765,7.808842137799801
2060356,517646,4042153,4559799,7.808720631474019
2060989,517877,4042793,4560670,7.806473351780442
2061086,517932,4042984,4560916,7.806013144582686
2061095,517934,4043021,4560955,7.806054439368722
2061195,517961,4043077,4561038,7.805755645695332
2061216,517961,4043107,4561068,7.805813565113976
2061270,517985,4043197,4561182,7.805625645530276
2062344,518327,4044158,4562485,7.802329417529861
2062359,518328,4044180,4562508,7.8023568088160395
2062379,518332,4044209,4562541,7.802352546244492
2062556,518332,4044438,4562770,7.8027943480240465
2062593,518332,4044474,4562806,7.802863801578911
2062625,518361,4044546,4562907,7.8025661652786376
2062770,518400,4045887,4564287,7.804565972222222
2062850,518425,4045961,4564386,7.804332352799344
2062909,518436,4046045,4564481,7.804328788895833
2063120,518476,4046527,4565003,7.804656338962652
2063289,518476,4046895,4565371,7.80536611144971
2063683,518476,4047668,4566144,7.80685701941845
2063686,518476,4047675,4566151,7.80687052052554
2064269,518476,4048889,4567365,7.809211998240999
2064346,518479,4049114,4567593,7.809600774573319
2064891,518479,4050850,4569329,7.8129490297581965
2064898,518482,4050859,4569341,7.812921181448922
2064920,518489,4050896,4569385,7.812887062213471
2064945,518509,4050931,4569440,7.812653203705239
2064993,518535,4050980,4569515,7.812355964399703
2064994,518535,4050980,4569515,7.812355964399703
2065104,518566,4051172,4569738,7.812259191694018
2065240,518580,4051225,4569805,7.812150487870724
2065908,519035,4052385,4571420,7.807537063974491
2066038,519080,4052569,4571649,7.807214687524081
2066149,519080,4052607,4571687,7.807287893966248
2066900,519147,4055782,4574929,7.812396103608419
2066949,519156,4055880,4575036,7.812449437163396
2066975,519172,4055931,4575103,7.8123069040703275
2067010,519196,4056008,4575204,7.812094083929768
2067020,519196,4056024,4575220,7.812124900808173
2067052,519200,4056077,4575277,7.812166795069338
2067096,519237,4056181,4575418,7.811810406423271
2067153,519284,4056307,4575591,7.811346007194522
2067293,519300,4056452,4575752,7.811384556133256
2067521,519461,4056953,4576414,7.809927983043963
2067533,519461,4056987,4576448,7.809993435503339
2069132,519476,4060160,4579636,7.815875998121184
2069154,519476,4060184,4579660,7.815922198523127
2069217,519488,4060208,4579696,7.815787852654922
2069227,519488,4060242,4579730,7.815853301712456
2069236,519490,4060263,4579753,7.815863635488652
2069252,519505,4060287,4579792,7.815684160883919
2069361,519505,4060400,4579905,7.815901675633536
2069408,519539,4060554,4580093,7.815686599081109
2069435,519549,4060600,4580149,7.815624705273227
2069449,519549,4060626,4580175,7.815674748676256
2069525,519553,4063679,4583232,7.821490781498712
2069543,519553,4063699,4583252,7.821529276127748
2069589,519582,4063852,4583434,7.821387192012041
2069804,519582,4064349,4583931,7.822343730152315
2091598,519582,4129727,4649309,7.94817179963894
2091631,519587,4129756,4649343,7.948151127722595
2091717,519645,4129930,4649575,7.947598841516805
2091719,519647,4129935,4649582,7.9475778749805155
2091750,519656,4129976,4649632,7.947519128038548
2092099,519771,4130347,4650118,7.9464745051186005
2092141,519779,4130459,4650238,7.946567675877633
2092277,519842,4130641,4650483,7.94595473239946
2092326,519852,4130709,4650561,7.9459326885344295
2092585,519852,4131041,4650893,7.946571331840601
2092622,519865,4131191,4651056,7.94666115241457
2092629,519869,4131203,4651072,7.946623091586535
2092687,519900,4131264,4651164,7.946266589728794
2092734,519913,4131287,4651200,7.946112137992318
2092859,519969,4131541,4651510,7.945744842480994
2092890,519969,4131601,4651570,7.945860233975487
2092895,519969,4131609,4651578,7.945875619508086
2092925,519978,4131653,4651631,7.945822707883795
2093008,520022,4131835,4651857,7.9455003826761175
2093025,520037,4131890,4651927,7.945376963562208
2093069,520075,4132022,4652097,7.945050233139451
2093083,520081,4132062,4652143,7.945035484857167
2093098,520081,4132093,4652174,7.945095090956985
2093166,520081,4132205,4652286,7.945310442027299
2093181,520081,4132236,4652317,7.945370048127119
2093749,520418,4133000,4653418,7.941693023684807
2093898,520424,4133251,4653675,7.942083762470601
2093938,520454,4133318,4653772,7.941754698782217
2094049,520487,4133467,4653954,7.941537444739254
2094158,520487,4133658,4654145,7.941904408755646
2094195,520508,4133715,4654223,7.941693499427482
2094233,520524,4133794,4654318,7.941601155758428
2094242,520526,4133816,4654342,7.94161290694413
2101902,520541,4196686,4717227,8.062162250427921
2101937,520558,4196733,4717291,8.061989249997119
2101948,520558,4196743,4717301,8.062008460152375
2101990,520584,4196803,4717387,8.061721067109247
2102152,520627,4196941,4717568,8.061320292647135
2102220,520627,4197033,4717660,8.06149700265257
2102248,520634,4197055,4717689,8.061430870822882
2102317,520690,4197195,4717885,8.06083274117037
2102335,520695,4197230,4717925,8.060822554470468
2102356,520698,4197248,4717946,8.060810681047363
2102466,520783,4197477,4718260,8.059934752094442
2102473,520783,4197485,4718268,8.059950113578976
2102594,520783,4197667,4718450,8.060299587352121
2102624,520783,4197722,4718505,8.060405197558293
2102937,520883,4198373,4719256,8.06010754814421
2103083,520916,4198610,4719526,8.060051908561073
2103087,520916,4198612,4719528,8.060055747951685
2103194,520950,4198745,4719695,8.059785008158173
2103251,520959,4198860,4719819,8.059866515407162
2103255,520959,4198869,4719828,8.05988379123885
2103566,520962,4199454,4720416,8.060960300367396
2103599,520989,4199526,4720515,8.060680743739312
2103615,520999,4199556,4720555,8.06058360956547
2103618,520999,4199568,4720567,8.060606642239236
2103633,520999,4199575,4720574,8.0606200779656
2103654,520999,4199575,4720574,8.0606200779656
2103709,521036,4199658,4720694,8.060206972262954
2104839,521274,4200478,4721752,8.058099962783489
2104924,521300,4200719,4722019,8.058160368309995
2105010,521345,4200850,4722195,8.05771609970365
2105083,521392,4200972,4722364,8.057223739528032
2105096,521392,4200986,4722378,8.057250590726364
2105133,521420,4201041,4722461,8.056923401480573
2105167,521434,4201083,4722517,8.056787627964422
2105189,521434,4201115,4722549,8.056848997188522
2105210,521451,4201141,4722592,8.056636194004806
2105229,521457,4201180,4722637,8.0566182830032
2105250,521478,4201206,4722684,8.056343700021861
2105278,521486,4201224,4722710,8.056254626202813
2105324,521486,4201279,4722765,8.056360094038958
2105591,521490,4213509,4734999,8.079750330782948
2105644,521490,4213702,4735192,8.080120424169207
2105723,521532,4213926,4735458,8.079899219990336
2105740,521534,4213936,4735470,8.07988740906633
2105848,521556,4214058,4735614,8.079780502956538
2105875,521571,4214134,4735705,8.079693848009187
2105905,521577,4214152,4735729,8.079635413371372
2105921,521577,4214167,4735744,8.079664172308211
2105964,521585,4214254,4735839,8.079707046790073
2106358,521585,4215027,4736612,8.081189067937153
2106393,521585,4215093,4736678,8.081315605318405
2106490,521653,4215372,4737025,8.080797004905559
2106601,521714,4215530,4737244,8.080155027467157
2106634,521738,4215573,4737311,8.079865756375806
2106659,521741,4215630,4737371,8.079928546922707
2106668,521745,4215640,4737385,8.079885767951778
2106690,521756,4215680,4737436,8.079792086722529
2106706,521759,4215709,4737468,8.079801210903884
2106719,521777,4215733,4737510,8.07956847465488
2106740,521784,4215795,4737579,8.079578906214065
2106758,521795,4215818,4737613,8.07945265861114
2106779,521795,4215850,4737645,8.0795139853774
2106793,521799,4215883,4737682,8.079515292286876
2108120,522121,4216977,4739098,8.076627831479676
2108126,522125,4217000,4739125,8.076610007182188
2108144,522125,4217032,4739157,8.076671295187934
2108145,522125,4217034,4739159,8.076675125688293
2108552,522327,4217922,4740249,8.075251710135605
2108622,522328,4218204,4740532,8.075776140662573
2108844,522475,4218774,4741249,8.074594956696492
2108866,522476,4218824,4741300,8.07467520039198
2109204,522603,4219172,4741775,8.073378836325087
2109342,522668,4219463,4742131,8.072931574154147
2109361,522674,4219507,4742181,8.072923083987343
2109448,522674,4219644,4742318,8.073185197656665
2109464,522674,4219670,4742344,8.073234941856683
2109575,522674,4219885,4742559,8.07364628812606
2109599,522695,4219913,4742608,8.073375486660481
2109626,522695,4219981,4742676,8.073505581648954
2109642,522707,4220024,4742731,8.073402498914305
2109682,522720,4220051,4742771,8.073253367003367
2109718,522727,4220112,4742839,8.073261951267105
2109802,522749,4220335,4743084,8.073348777329082
2109824,522758,4220367,4743125,8.073270997287464
2109828,522758,4220373,4743131,8.07328247487365
2109852,522768,4220418,4743186,8.073214121751905
2109878,522777,4220448,4743225,8.073132521132338
2109891,522783,4220464,4743247,8.07307047092197
2109946,522816,4220675,4743491,8.072964484637042
2109971,522819,4220718,4743537,8.07300040740677
2109982,522826,4220728,4743554,8.072911446638079
2110064,522879,4220883,4743762,8.07238959682833
2110244,522893,4221056,4743949,8.072504317326873
2110247,522893,4221065,4743958,8.072521529261245
2110309,522893,4221082,4743975,8.072554040692838
2110692,522952,4221307,4744259,8.072073536385748
2110771,523015,4221489,4744504,8.071449193617774
2110796,523036,4221535,4744571,8.071213071375585
2110806,523048,4221551,4744599,8.071058487939922
2110869,523069,4221685,4744754,8.07099063412284
2111575,523069,4222823,4745892,8.073166255312398
2111750,523214,4223132,4746346,8.071519492979927
2111806,523215,4223190,4746405,8.071614919297039
2111845,523226,4223253,4746479,8.071565633206301
2112377,523232,4223935,4747167,8.07277651213993
2112473,523232,4224084,4747316,8.073061280655617
2112511,523241,4224162,4747403,8.073071490957322
2112696,523288,4224486,4747774,8.072965556252006
2112765,523288,4224594,4747882,8.073171943556893
2112785,523295,4224614,4747909,8.073102169904164
2112836,523295,4224614,4747909,8.073102169904164
2112871,523309,4224659,4747968,8.07297218278302
2112930,523341,4224782,4748123,8.072713584450673
2112999,523341,4224894,4748235,8.072927594054354
2113045,523341,4224944,4748285,8.073023134055997
2113082,523357,4224984,4748341,8.072852756340318
2113083,523357,4224993,4748350,8.072869953014864
2113095,523361,4225022,4748383,8.072863663895475
2113201,523361,4225085,4748446,8.072984039697264
2113265,523378,4225165,4748543,8.072874671843294
2113294,523386,4225185,4748571,8.072789489974895
2113315,523386,4225231,4748617,8.072877379219161
2113360,523394,4225270,4748664,8.072828500135653
2113413,523409,4225342,4748751,8.072734706510587
2113420,523411,4225363,4748774,8.072743981307232
2113449,523411,4225363,4748774,8.072743981307232
2113486,523416,4225392,4748808,8.07272227062222
2113510,523429,4225444,4748873,8.072621119578777
2113546,523429,4225484,4748913,8.072697538730182
2113549,523429,4225493,4748922,8.072714733039247
2113566,523441,4225514,4748955,8.072569783413986
2113620,523464,4225626,4749090,8.072429049562148
2113781,523473,4226540,4750013,8.074036292225196
2113825,523496,4226615,4750111,8.0738248238764
2114553,523496,4228237,4751733,8.076923223864174
2114819,523496,4228696,4752192,8.077800021394625
2114979,523529,4228932,4752461,8.077741634178814
2115061,523569,4229039,4752608,8.077328871648245
2116619,524007,4232697,4756704,8.07755812422353
2116782,524016,4233624,4757640,8.079188421727581
2117530,524016,4235471,4759487,8.082713123263412
2117832,524016,4235633,4759649,8.083022274129034
2117995,524146,4236021,4760167,8.08175775451878
2118083,524160,4236201,4760361,8.081885302197803
2118148,524160,4236305,4760465,8.082083714896214
2118170,524168,4236344,4760512,8.08203476747913
2118173,524169,4236348,4760517,8.082026979848102
2118188,524169,4237287,4761456,8.083818386817992
2118203,524175,4237323,4761498,8.083794534268135
2118334,524191,4237458,4761649,8.08380533049976
2118372,524192,4237551,4761743,8.083967324949636
2118517,524192,4237832,4762024,8.084503388071546
2118534,524203,4237864,4762067,8.084394785989398
2118901,524203,4238181,4762384,8.084999513547233
2118937,524224,4238256,4762480,8.084818703455012
2118974,524224,4238304,4762528,8.084910267366622
2119169,524305,4238652,4762957,8.084324963523141
2119202,524333,4238716,4763049,8.08401531088068
2119377,524411,4239021,4763432,8.083394513082297
2119418,524433,4239054,4763487,8.083118339234945
2119558,524433,4239315,4763748,8.083616019586868
2120790,524433,4239315,4763748,8.083616019586868
2120822,524445,4239340,4763785,8.083478725128469
2120986,524453,4239425,4763878,8.083517493464619
2121014,524453,4239463,4763916,8.083589949909715
2121167,524528,4239662,4764190,8.082813500899857
2121318,524528,4239911,4764439,8.083288213403288
2121328,524532,4239924,4764456,8.08325135549404
2123643,524608,4247005,4771613,8.095578031596926
2123733,524615,4247264,4771879,8.09596370671826
2123750,524635,4247366,4772001,8.095849495363444
2123766,524635,4247392,4772027,8.095899053627761
2123886,524737,4247708,4772445,8.094927554184286
2124483,524737,4248982,4773719,8.097355437104683
2124533,524759,4249123,4773882,8.097284658290759
2124551,524773,4249143,4773916,8.097106749013383
2124730,524777,4249542,4774319,8.097805353512063
2124803,524777,4249651,4774428,8.098013060785819
2124894,524827,4249869,4774696,8.09765694219238
2124904,524827,4249888,4774715,8.097693144598125
2124990,524848,4250074,4774922,8.097723531384325
2125021,524848,4250154,4775002,8.097875956467396
2125479,524848,4251399,4776247,8.1002480718227
2125528,524858,4251494,4776352,8.100274740977559
2125715,524884,4251839,4776723,8.100530783944643
2125737,524900,4251870,4776770,8.10034292246142
2125805,524900,4251948,4776848,8.100491522194703
2125853,524919,4251995,4776914,8.10028785393556
2125957,524955,4252096,4777051,8.099924755455229
2126005,524977,4252174,4777151,8.099733893103888
2126018,524988,4252203,4777191,8.099619419872454
2126040,524992,4252236,4777228,8.099620565646715
2126059,525003,4252261,4777264,8.09949847905631
2126105,525016,4252339,4777355,8.09944649305926
2126156,525052,4252400,4777452,8.099007336416202
2126197,525061,4252465,4777526,8.098992307560454
2126210,525061,4252469,4777530,8.098999925722916
2126266,525095,4252542,4777637,8.09861453641722
2128107,525825,4256248,4782073,8.094419245946845
2128192,525862,4256352,4782214,8.094047487743932
2128408,525948,4256647,4782595,8.09328488747937
2128905,526288,4257847,4784135,8.090336469765603
2129532,526544,4258717,4785261,8.08805531921359
2129570,526544,4258765,4785309,8.088146479686408
2129669,526544,4259021,4785565,8.088632668874776
2129749,526583,4259237,4785820,8.08844379708422
2129973,526635,4259818,4786453,8.088748374111102
2130026,526681,4259929,4786610,8.0882526614782
2130121,526750,4260161,4786911,8.087633602278121
2130146,526761,4260241,4787002,8.087616585130638
2130161,526769,4260263,4787032,8.087535523161007
2130186,526780,4260302,4787082,8.0874406773226
2130219,526812,4260395,4787207,8.08712595764713
2130286,526812,4260507,4787319,8.087338557208264
2130375,526829,4260913,4787742,8.087848239181973
2130499,526883,4261068,4787951,8.087313502238638
2130814,526901,4261724,4788625,8.08828223897848
2130824,526908,4261755,4788663,8.088233619531303
2130900,526946,4261859,4788805,8.087847711150669
2130905,526948,4261867,4788815,8.087832195966206
2131006,526997,4262066,4789063,8.087457803365105
2131035,527002,4262086,4789088,8.087419023077711
2131054,527002,4262101,4789103,8.087447485967795
2131079,527012,4262156,4789168,8.087398389410488
2131274,527012,4262626,4789638,8.088290209710594
2131340,527012,4262738,4789750,8.08850272859062
2131352,527014,4262780,4789794,8.088551727278592
2131364,527020,4262797,4789817,8.088491897840688
2131374,527026,4262803,4789829,8.088411197929513
2131438,527077,4262943,4790020,8.08789417864942
2131463,527087,4262963,4790050,8.087778677903268
2131473,527096,4263008,4790104,8.087725955044242
2131537,527131,4263123,4790254,8.087407115119392
2131607,527131,4263260,4790391,8.08766701256424
2131634,527146,4263307,4790453,8.087526036430136
2131663,527154,4263331,4790485,8.087448828994942
2131666,527154,4263337,4790491,8.087460210868171
2131682,527154,4263360,4790514,8.087503841382215
2132303,527154,4264093,4791247,8.088894326894987
2132388,527159,4264209,4791368,8.089037652776486
2132406,527167,4264244,4791411,8.08898129055878
2132423,527184,4264331,4791515,8.08888547452123
2132528,527216,4264487,4791703,8.088690403933112
2132547,527216,4264512,4791728,8.088737822827836
2132815,527216,4265232,4792448,8.090103486995842
2132836,527223,4265266,4792489,8.090060562608231
2133018,527223,4265540,4792763,8.090580266794127
2133043,527232,4265617,4792849,8.090588204054383
2133063,527232,4265648,4792880,8.090647001699441
2133070,527232,4265662,4792894,8.09067355547463
2133091,527232,4265699,4792931,8.090743733309056
2133112,527232,4265729,4792961,8.090800634255887
2133121,527236,4265746,4792982,8.090771495117936
2133219,527237,4266035,4793272,8.091304290101036
2133249,527248,4266069,4793317,8.091199966619124
2133367,527293,4266305,4793598,8.09095702010078
2133496,527324,4266586,4793910,8.091014253096768
2133519,527331,4266610,4793941,8.09095236198896
2133742,527386,4267077,4794463,8.090994072652668
2133745,527386,4267086,4794472,8.091011137952089
2133842,527386,4267275,4794661,8.091369509239911
2133877,527395,4267415,4794810,8.091496885636003
2133900,527395,4267432,4794827,8.091529119540382
2133992,527435,4267552,4794987,8.09114298444358
2134269,527435,4267774,4795209,8.091563889389214
2134311,527465,4267867,4795332,8.091279990141526
2134336,527465,4267888,4795353,8.091319803209691
2134360,527481,4267951,4795432,8.091193806032823
2134369,527484,4267964,4795448,8.091172433666234
2134397,527502,4267995,4795497,8.090955105383486
2134429,527516,4268057,4795573,8.090857907627447
2134445,527516,4268083,4795599,8.090907195231994
2134476,527516,4268132,4795648,8.091000083409792
2134538,527534,4268202,4795736,8.090856703075062
2134613,527553,4268310,4795863,8.090770026897772
2134633,527553,4268310,4795863,8.090770026897772
2134651,527562,4268328,4795890,8.090666120759266
2134766,527590,4268401,4795991,8.090375101878353
2134849,527616,4268537,4796153,8.09023418546822
2134908,527634,4268613,4796247,8.090102229954855
2135598,527910,4269319,4797229,8.087209941088442
2135818,527984,4269564,4797548,8.08654050122731
2135843,527984,4269607,4797591,8.086621943089185
2135857,527984,4269631,4797615,8.086667399012091
2135901,528007,4269745,4797752,8.086531049777749
2136148,528007,4270233,4798240,8.08745527994894
2136167,528015,4270247,4798262,8.087359260627066
2136198,528024,4270307,4798331,8.087335045376726
2136374,528128,4270726,4798854,8.086535839796413
2136395,528132,4270781,4798913,8.086578734104354
2136446,528132,4270897,4799029,8.086798376163534
2136536,528209,4271073,4799282,8.085952719472784
2136659,528287,4271338,4799625,8.085260473946926
2136685,528297,4271392,4799689,8.085209645332077
2136686,528297,4271394,4799691,8.08521343108138
2136841,528311,4271702,4800013,8.08558216656477
2136868,528320,4271728,4800048,8.085493640218049
2136888,528320,4271771,4800091,8.085575030284677
2136998,528382,4272028,4800410,8.085112664700917
2137008,528392,4272045,4800437,8.084991824251691
2137047,528404,4272063,4800467,8.08484227977078
2137084,528412,4272081,4800493,8.084753941999804
2137132,528420,4272163,4800583,8.084786722682715
2139471,528442,4277212,4805654,8.094004640055106
2139480,528448,4277219,4805667,8.093925987041299
2139610,528514,4277358,4805872,8.093178231797076
2139664,528514,4277427,4805941,8.093308786522211
2139725,528556,4277519,4806075,8.092839736943674
2139870,528556,4277800,4806356,8.093371374083352
2141199,528556,4282830,4811386,8.102887868078312
2141215,528559,4282862,4811421,8.102902419597434
2141247,528573,4282903,4811476,8.102765370157007
2141265,528573,4282919,4811492,8.102795640337286
2141279,528581,4282992,4811573,8.102811111258255
2141328,528595,4283081,4811676,8.102764876701444
2141349,528595,4283111,4811706,8.10282163092727
2141367,528596,4283145,4811741,8.102870623311565
2141421,528609,4283210,4811819,8.10279431489059
2141451,528618,4283267,4811885,8.10276418888498
2141476,528624,4283299,4811923,8.102732755228669
2141518,528633,4283364,4811997,8.102717764498244
2141559,528689,4283459,4812148,8.10203919506553
2141653,528718,4283547,4812265,8.101761241342265
2141682,528718,4283582,4812300,8.101827439201994
2141705,528718,4283616,4812334,8.101891745694303
2141777,528765,4283742,4812507,8.101409889081161
2141780,528765,4283751,4812516,8.101426909874897
2141796,528770,4283774,4812544,8.101393800707301
2141808,528777,4283793,4812570,8.101322485660306
2141834,528793,4283847,4812640,8.101179478548316
2142031,528813,4284235,4813048,8.101606806186686
2142291,528813,4284956,4813769,8.102970237115956
2142440,528844,4285386,4814230,8.103308348019453
2142457,528850,4285398,4814248,8.103239103715609
2142467,528853,4285410,4814263,8.103215827460561
2142540,528882,4285503,4814385,8.102947349314213
2142631,528906,4285718,4814624,8.102986163893016
2142655,528910,4285753,4814663,8.102991057079654
2142756,528963,4285830,4814793,8.102324737268958
2142827,528988,4286037,4815025,8.102333134210983
2142840,528988,4286064,4815052,8.102384175066353
2142844,528988,4286066,4815054,8.102387955870455
2142869,529001,4286119,4815120,8.102289031589732
2142900,529011,4286140,4815151,8.102175569128052
2143020,529066,4286343,4815409,8.10171698805064
2143101,529115,4286591,4815706,8.10143541574138
2143152,529125,4286646,4815771,8.101386250885897
2143163,529134,4286663,4815797,8.10128058299032
2143212,529160,4286698,4815858,8.100948673369114
2143414,529211,4287170,4816381,8.101059879707716
2143469,529237,4287248,4816485,8.100809278262858
2143618,529248,4288110,4817358,8.10226963540722
2143654,529268,4288162,4817430,8.102061715425833
2143896,529389,4288482,4817871,8.100814335016405
2143932,529396,4288555,4817951,8.100845114054508
2144165,529399,4288906,4818305,8.101462224144738
2144249,529399,4289242,4818641,8.102096906114292
2144281,529411,4289259,4818670,8.101945369476645
2144288,529415,4289269,4818684,8.101903043925843
2144650,529478,4290023,4819501,8.102363082129948
2144711,529487,4290122,4819609,8.102412334958176
2144740,529508,4290148,4819656,8.102140099866292
2144756,529508,4290174,4819682,8.102189202051717
2144808,529535,4290270,4819805,8.101957377699302
2144812,529535,4290298,4819833,8.102010254279698
2144825,529541,4290309,4819850,8.101939226613236
2144836,529545,4290322,4819867,8.10190257674041
2144863,529555,4290366,4819921,8.101832670827394
2144908,529566,4290425,4819991,8.101775793763196
2145022,529566,4290678,4820244,8.10225354346767
2145125,529589,4290758,4820347,8.102052723904764
2145162,529589,4290806,4820395,8.102143360228403
2145413,529783,4291246,4821029,8.100006983991559
2145459,529793,4291297,4821090,8.09995035797
2145571,529871,4291635,4821506,8.099395890697924
2145578,529872,4291665,4821537,8.099437222574508
2145599,529884,4291701,4821585,8.099321738342733
2145616,529893,4291727,4821620,8.099233241427987
2145660,529914,4291782,4821696,8.099016066758002
2145671,529915,4291827,4821742,8.099085702423974
2145671,529915,4291827,4821742,8.099085702423974
2145696,529932,4291874,4821806,8.098914577719405
2145737,529948,4292218,4822166,8.099319178485436
2145759,529964,4292246,4822210,8.09912748790484
2145779,529964,4292267,4822231,8.09916711323788
2145841,529964,4292331,4822295,8.099287876157625
2145871,529973,4292436,4822409,8.099348457374244
2145919,529973,4292436,4822409,8.099348457374244
2145929,529977,4292457,4822434,8.09932695192433
2146045,529977,4292618,4822595,8.099630738692435
2148096,531085,4298657,4829742,8.09410358040615
2148480,531201,4298901,4830102,8.092795382538814
2148724,531313,4299655,4830968,8.092508558985005
2148916,531313,4300078,4831391,8.09330469986618
2148929,531320,4300087,4831407,8.09321501166905
2148996,531329,4300412,4831741,8.093689597217542
2149041,531348,4300509,4831857,8.093582736737506
2149059,531353,4300533,4831886,8.09355174432063
2149126,531402,4300656,4832058,8.093036909910012
2149234,531488,4300904,4832392,8.092193991209585
2149249,531495,4300926,4832421,8.092128806479835
2149276,531516,4300975,4832491,8.091901278606853
2149392,531516,4300975,4832491,8.091901278606853
2149490,531528,4301113,4832641,8.09197822127903
2149515,531546,4301153,4832699,8.091779450884777
2149586,531580,4301281,4832861,8.091502690093684
2149704,531580,4301458,4833038,8.091835659731366
2149753,531580,4301458,4833038,8.091835659731366
2149831,531622,4301585,4833207,8.091435267915925
2149834,531622,4301590,4833212,8.091444673094793
2149887,531639,4301643,4833282,8.091285628029546
2149946,531648,4301782,4833430,8.091410105934754
2149959,531655,4301807,4833462,8.091350593900179
2149994,531662,4301817,4833479,8.091262870018921
2150160,531715,4302003,4833718,8.09080616495679
2150232,531735,4302073,4833808,8.090633492247077
2150342,531755,4302224,4833979,8.09061315831539
2150365,531765,4302259,4834024,8.090526830460824
2150381,531771,4302287,4834058,8.090488198867558
2150421,531784,4302439,4834223,8.090576249003355
2150529,531784,4302776,4834560,8.091209964948174
2150673,531784,4302951,4834735,8.091539045928423
2150758,531784,4303399,4835183,8.092381493237855
2150785,531792,4303426,4835218,8.092310527424257
2151489,531792,4304289,4836081,8.093933342359419
2151726,531792,4304689,4836481,8.094685516141649
2151824,531793,4304978,4836771,8.09521373918047
2151824,531798,4305006,4836804,8.095190279015716
2151908,531823,4305115,4836938,8.095014694738664
2151973,531864,4305254,4837118,8.09465201630492
2151999,531873,4305335,4837208,8.094667335999384
2152011,531875,4305377,4837252,8.094715863689776
2152049,531894,4305487,4837381,8.094633517204556
2152105,531920,4305694,4837614,8.09462701158069
2152271,532005,4305955,4837960,8.093824306162537
2152280,532010,4305975,4837985,8.0937858310934
2152315,532010,4306066,4838076,8.093956880509765
2152332,532018,4306084,4838102,8.09386900443218
2152337,532022,4306093,4838115,8.093825067384431
2152366,532034,4306119,4838153,8.09369138062605
2152390,532041,4306158,4838199,8.093658195515006
2152576,532194,4306542,4838736,8.09205289800336
2167440,532265,4418326,4950591,8.30098916892901
2167476,532273,4418363,4950636,8.300933919248205
2167933,532418,4418761,4951179,8.299420755872266
2168006,532418,4418883,4951301,8.299649899139398
2168093,532469,4418949,4951418,8.298978907692279
2168146,532472,4419032,4951504,8.29908802716387
2168352,532552,4419192,4951744,8.298141777704338
2168419,532562,4419385,4951947,8.298348361317556
2168439,532578,4419414,4951992,8.298153509908408
2168573,532591,4419674,4952265,8.298439139977956
2168599,532591,4419700,4952291,8.298487957926438
2168841,532591,4420284,4952875,8.29958448415388
2168870,532602,4420333,4952935,8.29950507132906
2169280,532602,4421188,4953790,8.301110397632755
2169350,532664,4421368,4954032,8.300482105041828
2169558,532693,4421503,4954196,8.300283653060957
2169578,532693,4421532,4954225,8.300338093423417
2169589,532695,4421541,4954236,8.30032382507814
2169697,532757,4421723,4954480,8.299699487758959
2169833,532764,4421974,4954738,8.300061565721407
2169902,532774,4422096,4954870,8.300134766336194
2169954,532790,4422171,4954961,8.30002627676946
2169977,532790,4422245,4955035,8.30016516826517
2169996,532795,4422282,4955077,8.300156720689946
2170399,532900,4422725,4955625,8.299352598986676
2170486,532916,4422797,4955713,8.29923852914906
2170517,532934,4422847,4955781,8.299052040215111
2170542,532945,4422882,4955827,8.298946420362327
2170554,532950,4422913,4955863,8.29892672858617
2170649,532950,4423016,4955966,8.299119992494605
2170695,532953,4423132,4956085,8.299290931845773
2170857,533032,4423365,4956397,8.298498026384907
2170877,533032,4423422,4956454,8.298604961803418
2170928,533059,4423530,4956589,8.29838723293294
2171002,533073,4423652,4956725,8.298398155599703
2171049,533073,4423746,4956819,8.298574491673747
2171084,533086,4423815,4956901,8.298501555096175
2171327,533089,4424056,4957145,8.298906936740394
2171338,533089,4424079,4957168,8.29895008150609
2171594,533146,4424340,4957486,8.29855236651874
2171642,533146,4424405,4957551,8.298674284342376
2171646,533146,4424412,4957558,8.298687413954152
2171702,533167,4424471,4957638,8.29847121070884
2171752,533167,4424553,4957720,8.29862500867458
2171935,533290,4424916,4958206,8.297391663072625
2172055,533373,4425174,4958547,8.296584191550753
2172116,533384,4425236,4958620,8.296529329713676
2172134,533388,4425249,4958637,8.296491484622827
2172172,533388,4425311,4958699,8.296607722708423
2172190,533388,4425344,4958732,8.296669591366886
2172217,533401,4425389,4958790,8.29655174999672
2172437,533505,4425809,4959314,8.295721689581166
2172449,533510,4425845,4959355,8.295711420591928
2172471,533526,4425874,4959400,8.295516994485743
2172551,533549,4426011,4959560,8.295416166087838
2172570,533552,4426049,4959601,8.295440744294838
2172648,533568,4426098,4959666,8.295283825116949
2172793,533572,4426358,4959930,8.295708920258184
2172849,533581,4426461,4960042,8.295762030507083
2172851,533581,4426465,4960046,8.295769527025888
2172881,533584,4426508,4960092,8.295803472367988
2172893,533591,4426526,4960117,8.295728376228235
2172923,533628,4426570,4960198,8.295235632313148
2173045,533701,4426847,4960548,8.294620021322801
2173078,533721,4426902,4960623,8.294412249096437
2173124,533726,4426930,4960656,8.29438700756568
2173129,533726,4426930,4960656,8.29438700756568
2173191,533787,4427091,4960878,8.293740761764525
2173216,533795,4427105,4960900,8.293642690545996
2173248,533805,4427173,4960978,8.293614709491294
2173256,533809,4427192,4961001,8.293588156063311
2173561,533888,4427460,4961348,8.292862922560538
2173796,533941,4428164,4962105,8.29335825493828
2173810,533944,4428198,4962142,8.29337533524115
2173815,533946,4428206,4962152,8.293359253557476
2173921,533951,4429214,4963165,8.295169406930599
2173981,533977,4429330,4963307,8.294982742702402
2174097,534042,4429685,4963727,8.294637874923696
2174189,534080,4429893,4963973,8.294437162971839
2174199,534080,4429909,4963989,8.294467121030557
2174209,534080,4429925,4964005,8.294497079089275
2174268,534091,4430004,4964095,8.294474162642695
2174396,534126,4430241,4964367,8.294374361105806
2174406,534126,4430257,4964383,8.294404316584476
2174876,534356,4431141,4965497,8.292488528247086
2175729,535045,4432989,4968034,8.285263856311152
2175780,535045,4433077,4968122,8.285428328458353
2175862,535045,4433212,4968257,8.285680643684175
2175873,535048,4433232,4968280,8.285671565915582
2176184,535137,4433989,4969126,8.285708145764543
2176339,535137,4434065,4969202,8.285850165471645
2176418,535189,4434278,4969467,8.285443086461045
2176445,535209,4434310,4969519,8.285193260950395
2176475,535216,4434329,4969545,8.285120399988042
2176501,535248,4434408,4969656,8.284772666128598
2176504,535250,4434432,4969682,8.284786548341897
2177003,535314,4434753,4970067,8.284395700467389
2177074,535360,4434816,4970176,8.283801554094442
2177125,535360,4434904,4970264,8.283965929468021
2177161,535385,4434963,4970348,8.283689307694463
2177487,535399,4435316,4970715,8.284132021165524
2177491,535399,4435316,4970715,8.284132021165524
2177717,535399,4435353,4970752,8.284201128504161
2177733,535399,4435378,4970777,8.284247822651892
2177781,535433,4435439,4970872,8.283835699331195
2177803,535444,4435465,4970909,8.283714076542084
2177823,535454,4435487,4970941,8.283600458676188
2177849,535464,4435532,4970996,8.283529798455172
2177890,535469,4435566,4971035,8.283515945834399
2178164,535571,4436281,4971852,8.283273366183009
2178256,535571,4436336,4971907,8.283376060316932
2179300,536393,4438655,4975048,8.275005453091296
2179305,536399,4438671,4975070,8.2749427198783
2179372,536399,4438744,4975143,8.275078812600322
2179431,536417,4438841,4975258,8.27498196365887
2179660,536549,4439264,4975813,8.27373455173712
2179724,536575,4439415,4975990,8.273615058472721
2179832,536654,4439651,4976305,8.2728368744107
2179851,536660,4439670,4976330,8.2727797860843
2180061,536660,4440255,4976915,8.273869861737413
2180093,536682,4440322,4977004,8.273655535307688
2180094,536682,4440326,4977008,8.273662988510887
2180100,536689,4440337,4977026,8.273575571699812
2180114,536692,4440349,4977041,8.273551683274578
2180130,536705,4440388,4977093,8.273423947978872
2180150,536709,4440405,4977114,8.27339396209119
2180161,536709,4440415,4977124,8.273412594161828
2180221,536720,4440510,4977230,8.273420032791773
2180282,536734,4440609,4977343,8.27338868042643
2180294,536740,4440621,4977361,8.273318552744346
2180328,536745,4440629,4977374,8.27325638804274
2180367,536749,4440680,4977429,8.273289749957614
2180375,536749,4440702,4977451,8.273330737458291
2180399,536760,4440757,4977517,8.273263656010135
2180416,536767,4440774,4977541,8.273187435144113
2180456,536784,4440846,4977630,8.273059554681213
2180482,536794,4440889,4977683,8.272985540076826
2180532,536803,4440910,4977713,8.272885956300541
2180691,536836,4441209,4978045,8.272934378469403
2180738,536836,4441209,4978045,8.272934378469403
2180795,536867,4441317,4978184,8.272657846356733
2180883,536889,4441411,4978300,8.272493941950756
2180903,536903,4441452,4978355,8.272354596640362
2180936,536943,4441497,4978440,8.271822148719696
2181505,537150,4442258,4979408,8.270051196127712
2181510,537153,4442269,4979422,8.270025486220872
2181514,537153,4442271,4979424,8.270029209554819
2181663,537200,4442353,4979553,8.269458302308266
2181686,537204,4442401,4979605,8.269486079776026
2181763,537220,4442560,4979780,8.269535758162391
2181826,537220,4442686,4979906,8.269770298946428
2181835,537220,4442686,4979906,8.269770298946428
2181920,537238,4442760,4979998,8.2696309643026
2181985,537266,4442846,4980112,8.269360056284969
2182036,537266,4442968,4980234,8.269587131886254
2182101,537266,4442968,4980234,8.269587131886254
2182496,537421,4443610,4981031,8.268396657369177
2182546,537438,4443667,4981105,8.268241173865636
2182617,537448,4443816,4981264,8.268364567362797
2182633,537453,4443829,4981282,8.268311833778954
2183609,537453,4445399,4982852,8.271233019445422
2185086,537512,4448264,4985776,8.275655241185314
2185150,537535,4448367,4985902,8.275492758611067
2185171,537543,4448437,4985980,8.275499820479478
2185193,537550,4448500,4986050,8.275509254953027
2185216,537554,4448550,4986104,8.275540689865576
2185362,537554,4448753,4986307,8.275918326344888
2185363,537554,4448755,4986309,8.275922046901334
2185417,537589,4448854,4986443,8.275567394422133
2185433,537600,4448873,4986473,8.275433407738095
2185629,537741,4449191,4986932,8.273854885530394
2185650,537757,4449235,4986992,8.273690533084647
2185729,537764,4449518,4987282,8.274109088745249
2185884,537815,4449778,4987593,8.273807907923729
2185947,537815,4449960,4987775,8.274146314253043
2185949,537815,4449962,4987777,8.274150033003915
2185977,537832,4449991,4987823,8.273942420681552
2186147,537832,4450212,4988044,8.274353329664281
2186163,537838,4450234,4988072,8.274301927346153
2186280,537885,4450389,4988274,8.273867090549095
2186303,537887,4450400,4988287,8.273856776609213
2186347,537890,4450516,4988406,8.27402628790273
2186963,538209,4451662,4989871,8.271251502669038
2187000,538209,4451730,4989939,8.271377847639114
2187034,538221,4451770,4989991,8.271267750608022
2187118,538246,4451884,4990130,8.271095372747777
2187144,538246,4451905,4990151,8.271134388365171
2187169,538257,4451954,4990211,8.271056391277773
2187177,538261,4451962,4990223,8.271009788931392
2187197,538273,4451997,4990270,8.270890421774824
2187233,538289,4452042,4990331,8.270728177614627
2187723,538477,4452668,4991145,8.26900313291004
2187746,538477,4452685,4991162,8.269034703432087
2187779,538485,4452753,4991238,8.269038134766985
2187825,538485,4452813,4991298,8.269149558483523
2187972,538485,4453069,4991554,8.269624966340752
2187995,538489,4453106,4991595,8.269632248755313
2188009,538498,4453134,4991632,8.269546033597154
2188024,538498,4453142,4991640,8.269560889734038
2188184,538498,4453418,4991916,8.270073426456552
2188198,538503,4453433,4991936,8.270024493828261
2188224,538503,4453459,4991962,8.270072775824833
2188230,538503,4453472,4991975,8.27009691682312
2188267,538518,4453518,4992036,8.269951979321025
2188348,538531,4453709,4992240,8.270107013338137
2188457,538587,4454004,4992591,8.269794852085179
2188494,538590,4454098,4992688,8.269923318294063
2188709,538599,4455369,4993968,8.272144953852495
2188733,538607,4455390,4993997,8.272061076072164
2188736,538607,4455403,4994010,8.272085212409047
2188745,538610,4455417,4994027,8.272065130613989
2188881,538610,4455859,4994469,8.272885761497188
2188904,538619,4455884,4994503,8.272793941543094
2188995,538643,4456096,4994739,8.272818917167772
2189265,538643,4456478,4995121,8.273528106742313
2189266,538643,4456478,4995121,8.273528106742313
2189696,538710,4457151,4995861,8.273748398953055
2189727,538725,4457207,4995932,8.273621977817996
2189755,538740,4457238,4995978,8.273449159149125
2189819,538766,4457375,4996141,8.273304180293486
2189830,538769,4457387,4996156,8.273280385471324
2189956,538769,4457674,4996443,8.273813081302006
2189992,538786,4457745,4996531,8.273683800247223
2190029,538805,4457798,4996603,8.273490409331762
2190062,538812,4457853,4996665,8.273485000334068
2190134,538812,4458056,4996868,8.273861755120524
2190151,538820,4458073,4996893,8.273770461378568
2190176,538831,4458117,4996948,8.273683214217446
2190476,538831,4458339,4997170,8.2740952172388
2190518,538864,4458382,4997246,8.273668309629146
2190521,538864,4458387,4997251,8.273677588408207
2190597,538895,4458440,4997335,8.273299993505228
2190603,538896,4458447,4997343,8.273297630711678
2190614,538902,4458463,4997365,8.273235207885664
2190647,538911,4458490,4997401,8.27314714303475
2190761,538911,4458743,4997654,8.273616608308236
2190780,538920,4458787,4997707,8.27356008312922
2191296,538923,4460013,4998936,8.275788934597335
2191471,539038,4460311,4999349,8.27457618943377
2191743,539197,4460879,5000076,8.2731895763515
2191886,539224,4461113,5000337,8.27320927851876
2191929,539224,4461155,5000379,8.273287168226933
2192068,539224,4461408,5000632,8.273756360992834
2192170,539224,4461545,5000769,8.274010429802829
2192241,539246,4461714,5000960,8.273986269717346
2192279,539272,4461764,5001036,8.273680072393894
2192462,539346,4462107,5001453,8.273180852365643
2192504,539355,4462190,5001545,8.273196688637354
2192520,539367,4462202,5001569,8.273034872359636
2192813,539445,4462510,5001955,8.272409606169303
2192833,539445,4462534,5001979,8.272454096339757
2192882,539457,4462613,5002070,8.272416522540258
2192952,539457,4462709,5002166,8.272594479263407
2193042,539482,4462751,5002233,8.2722889734968
2193098,539498,4462870,5002368,8.272264215993387
2193128,539505,4462924,5002429,8.272256976302351
2193139,539506,4462936,5002442,8.27226388585113
2193220,539555,4463068,5002623,8.271757281463428
2193238,539555,4463078,5002633,8.271775815255165
2193309,539555,4463205,5002760,8.272011194410208
2193320,539564,4463219,5002783,8.271899163027927
2193335,539570,4463243,5002813,8.27185165965491
2193343,539578,4463269,5002847,8.271777203666568
2193504,539578,4463656,5003234,8.272494430832984
2193532,539599,4463685,5003284,8.272226227253942
2193537,539601,4463697,5003298,8.272217805378418
2193602,539601,4463775,5003376,8.272362356630177
2193624,539601,4463780,5003381,8.272371622736058
2193817,539601,4464224,5003825,8.273194452938375
2193893,539630,4464305,5003935,8.272899949965717
2194198,539630,4465215,5004845,8.274586290606527
2194237,539647,4465287,5004934,8.27445904452355
2194287,539656,4465330,5004986,8.274400729353514
2194592,539795,4465909,5005704,8.273342657860855
2194607,539803,4465927,5005730,8.273253390588788
2194746,539803,4465927,5005730,8.273253390588788
2194784,539803,4465987,5005790,8.273364542249672
2194792,539804,4465990,5005794,8.273354773213981
2194981,539820,4466629,5006449,8.274293282946168
2194992,539823,4466641,5006464,8.274269529086386
2195118,539826,4467027,5006853,8.27493859132387
2195178,539839,4467120,5006959,8.27491159401229
2195211,539847,4467187,5007034,8.274913077223731
2195235,539857,4467238,5007095,8.274854266963288
2195257,539864,4467256,5007120,8.274780315042307
2195308,539881,4467324,5007205,8.27464570896179
2195587,539980,4467645,5007625,8.273723100855587
2195642,539996,4467705,5007701,8.273589063622694
2195652,540001,4467719,5007720,8.273538382336328
2195653,540001,4467721,5007722,8.273542086033174
2195823,540001,4467942,5007943,8.273951344534547
2195874,540001,4468066,5008067,8.274180973738938
2196275,540150,4468574,5008724,8.272839026196428
2196328,540179,4468670,5008849,8.272572610190325
2196570,540179,4469180,5009359,8.273516741672667
2196604,540179,4469228,5009407,8.2736056011063
2196720,540220,4469429,5009649,8.273349746399616
2196987,540220,4470086,5010306,8.27456591758913
2197457,540383,4470580,5010963,8.272984161233792
2197470,540390,4470605,5010995,8.272923259127667
2197481,540395,4470634,5011029,8.272900378426892
2197482,540395,4470638,5011033,8.272907780419878
2197714,540411,4470746,5011157,8.272862691544029
2197986,540411,4471400,5011811,8.274072881566067
2198052,540411,4471497,5011908,8.274252374581568
2198078,540431,4471555,5011986,8.274053486939128
2198127,540440,4471611,5012051,8.274019317593073
2198258,540452,4471849,5012301,8.274275976404935
2198371,540493,4471944,5012437,8.273824082828085
2198374,540495,4471947,5012442,8.27379901756723
2198464,540536,4472017,5012553,8.273300945727945
2198549,540552,4472092,5012644,8.273194808270064
2198560,540556,4472115,5012671,8.273176137162476
2198571,540567,4472133,5012700,8.273041084638907
2199150,540857,4473011,5013868,8.270228544698506
2199161,540857,4473029,5013886,8.270261825214428
2199174,540864,4473040,5013904,8.270175127203881
2199304,540881,4473293,5014174,8.270382949299384
2199325,540885,4473302,5014187,8.270338426837498
2199373,540897,4473377,5014274,8.27029360488226
2199439,540901,4473510,5014411,8.270478331524624
2199861,540901,4474223,5015124,8.271796502502307
2199901,540925,4474313,5015238,8.271595877432176
2199995,540925,4474440,5015365,8.27183066044276
2200005,540925,4474456,5015381,8.271860239404724
2200016,540925,4474468,5015393,8.271882423626195
2200040,540929,4474500,5015429,8.271880413141096
2200287,541023,4475137,5016160,8.271620615020064
2200319,541034,4475156,5016190,8.271487559007381
2200455,541034,4475524,5016558,8.272167738071914
2200468,541041,4475537,5016578,8.272084740343153
2201410,541351,4476549,5017900,8.269217199192392
2201421,541351,4476575,5017926,8.269265227181625
2201473,541373,4476713,5018086,8.269184093037518
2201495,541373,4476728,5018101,8.269211800366845
2201691,541452,4477269,5018721,8.269004454688504
2201727,541463,4477292,5018755,8.268878944637029
2201828,541464,4477641,5019105,8.269508222153274
2201904,541526,4477846,5019372,8.268939995494215
2201990,541532,4477999,5019531,8.269130910084723
2202019,541532,4478034,5019566,8.269195541537712
2202102,541532,4478216,5019748,8.269531625093254
2202117,541538,4478224,5019762,8.269454775103501
2202676,541538,4479807,5021345,8.272377931003918
2202690,541538,4479821,5021359,8.272403783298678
2202699,541539,4479838,5021377,8.272419899582486
2202717,541539,4479858,5021397,8.272456831363947
2202733,541546,4479877,5021423,8.272384986686266
2202765,541556,4479930,5021486,8.272330100672876
2202953,541556,4480209,5021765,8.272845282851636
2203149,541556,4480682,5022238,8.273718692065087
2203172,541569,4480738,5022307,8.273623490266244
2203234,541592,4480829,5022421,8.273440154212027
2203243,541592,4480843,5022435,8.273466003929157
2203772,541592,4480843,5022435,8.273466003929157
2203822,541592,4480950,5022542,8.273663569624366
2203933,541618,4481266,5022884,8.273849835123649
2204044,541618,4481444,5023062,8.274178480035745
2204300,541675,4481923,5023598,8.274192089352471
2204498,541678,4482079,5023757,8.27443425799091
2204508,541678,4482089,5023767,8.274452719143108
2204533,541687,4482126,5023813,8.27438354621765
2204545,541691,4482149,5023840,8.274364905453478
2204687,541772,4482410,5024182,8.27360956269427
2204697,541772,4482426,5024198,8.27363909541283
2204717,541777,4482454,5024231,8.273614420693384
2204731,541786,4482482,5024268,8.273528662608484
2204779,541812,4482555,5024367,8.273266372837812
2204810,541824,4482602,5024426,8.27316988542405
2204880,541827,4482780,5024607,8.273452596492977
2205149,541827,4483296,5025123,8.274404929986877
2205167,541848,4483365,5025213,8.274211587013331
2205198,541860,4483402,5025262,8.274096630125863
2205214,541877,4483447,5025324,8.273920096258006
2205248,541886,4483581,5025467,8.274029962021531
2205258,541891,4483595,5025486,8.273979453432517
2205533,541954,4484243,5026197,8.274213309616684
2205578,541982,4484359,5026341,8.273999874534578
2206219,541982,4485329,5027311,8.275789601868697
2206430,542093,4485751,5027844,8.274873499565572
2206499,542102,4485815,5027917,8.274854178733891
2206592,542140,4485909,5028049,8.274447559670934
2206846,542140,4486546,5028686,8.275622532925075
2206967,542210,4486741,5028951,8.274913778794193
2207000,542221,4486823,5029044,8.274897136038627
2207038,542239,4486892,5029131,8.274749695245086
2207134,542239,4486991,5029230,8.274932271562909
2207367,542326,4487623,5029949,8.27477015669542
2207390,542330,4487669,5029999,8.274793944646248
2207442,542348,4487755,5030103,8.27467788209784
2207725,542513,4488207,5030720,8.27299437985818
2207755,542534,4488262,5030796,8.272775531118787
2207781,542539,4488273,5030812,8.272719564860775
2207868,542548,4488765,5031313,8.27348916593555
2207883,542548,4488786,5031334,8.273527872188268
2207922,542553,4488801,5031354,8.273479272992684
2207933,542555,4488836,5031391,8.273513284367484
2207958,542579,4488889,5031468,8.273245002110292
2207983,542586,4488920,5031506,8.273195401282008
2208031,542601,4489036,5031637,8.273180476998752
2208254,542601,4489514,5032115,8.274061418980061
2208310,542601,4489706,5032307,8.274415270152469
2208365,542640,4489778,5032418,8.273953265516733
2208422,542640,4489928,5032568,8.274229691876752
2208619,542700,4490301,5033001,8.27400221116639
2208815,542700,4490774,5033474,8.27487377925189
2208919,542700,4491147,5033847,8.275561083471532
2208936,542709,4491174,5033883,8.275473596347213
2208950,542709,4491228,5033937,8.27557309718468
2208990,542724,4491319,5034043,8.275512046638807
2209010,542724,4491350,5034074,8.275569165911218
2209040,542724,4491383,5034107,8.27562997029798
2209073,542742,4491427,5034169,8.275436579442903
2209143,542760,4491485,5034245,8.275268995504458
2209174,542780,4491535,5034315,8.275056192195732
2209187,542780,4491550,5034330,8.275083827701831
2209200,542780,4491557,5034337,8.275096724271345
2209209,542781,4491561,5034342,8.275088847988416
2209243,542788,4491613,5034401,8.275077930978577
2209693,543026,4492473,5035499,8.273034808646363
2209830,543116,4492717,5035833,8.27211313973442
2209877,543127,4492747,5035874,8.272000839582638
2209977,543127,4492808,5035935,8.272113152172512
2210051,543149,4492980,5036129,8.272094765892968
2210057,543155,4492990,5036145,8.272021798565786
2210058,543155,4492992,5036147,8.272025480755953
2210079,543155,4493017,5036172,8.272071508133038
2210211,543196,4493234,5036430,8.271846626263816
2210281,543251,4493385,5036636,8.271287121422693
2210355,543285,4493478,5036763,8.270940666501009
2210543,543344,4493797,5037141,8.270629656350305
2210729,543344,4494149,5037493,8.27127749639271
2210850,543346,4494506,5037852,8.271904090579483
2211336,543346,4495952,5039298,8.274565378230447
2211350,543347,4495973,5039320,8.27458879868666
2211427,543369,4496056,5039425,8.274406526688125
2211449,543371,4496087,5039458,8.274433122120982
2211493,543377,4496156,5039533,8.274468739015454
2211524,543377,4496205,5039582,8.274558915817195
2211554,543394,4496263,5039657,8.274406784027796
2211779,543473,4496809,5040282,8.274208654339773
2211793,543473,4496835,5040308,8.27425649480287
2212127,543551,4497781,5041332,8.274809539491235
2212177,543573,4497837,5041410,8.274577655623071
2212192,543573,4497847,5041420,8.274596052416143
2212428,543631,4498095,5041726,8.274169427424116
2212449,543640,4498109,5041749,8.274058200279597
2212537,543653,4498190,5041843,8.274009340516837
2212557,543663,4498220,5041883,8.2739123317202
2212600,543694,4498323,5042017,8.27363001982733
2212681,543697,4498460,5042157,8.273836346347322
2212734,543722,4498571,5042293,8.273660068932285
2212776,543728,4498637,5042365,8.27369015390048
2212800,543728,4498652,5042380,8.273717741223553
2212889,543777,4498809,5042586,8.273260913940826
2212896,543777,4498809,5042586,8.273260913940826
2212910,543777,4498844,5042621,8.27332527856088
2212923,543784,4498852,5042636,8.273233489767996
2212993,543835,4498960,5042795,8.272656228451645
2213114,543835,4499319,5043154,8.273316355144484
2213540,543835,4500132,5043967,8.274811293866707
2213635,543850,4500320,5044170,8.274928748735865
2213702,543872,4500457,5044329,8.274845919628147
2213973,543872,4500970,5044842,8.275789156272063
2214653,544085,4501614,5045699,8.27373296451841
2214668,544093,4501631,5045724,8.273642557430438
2214687,544106,4501653,5045759,8.273485313523468
2214713,544112,4501690,5045802,8.273462081336195
2214730,544117,4501728,5045845,8.273455892758358
2214783,544137,4501811,5045948,8.273304333283713
2215148,544342,4502805,5047147,8.27201465255299
2215233,544374,4503003,5047377,8.271892118286326
2215319,544379,4503140,5047519,8.272067805701543
2215393,544420,4503280,5047700,8.27170199478344
2215427,544428,4503344,5047772,8.271698002307009
2215434,544431,4503355,5047786,8.271672627017933
2215441,544431,4503355,5047786,8.271672627017933
2215583,544507,4503617,5048124,8.270999270900099
2215601,544515,4503635,5048150,8.270910810537819
2215611,544515,4503651,5048166,8.270940194485
2215626,544515,4503674,5048189,8.270982433909076
2215645,544518,4503727,5048245,8.271034199053107
2215679,544518,4503761,5048279,8.271096639596854
2215761,544553,4503888,5048441,8.270798251042597
2215789,544569,4503920,5048489,8.270614008509481
2215810,544574,4503936,5048510,8.270567452724515
2215886,544574,4504088,5048662,8.27084656997947
2215951,544599,4504187,5048786,8.270648679119866
2217415,544603,4506269,5050872,8.274410901151848
2217500,544653,4506449,5051102,8.273981782896634
2217518,544661,4506475,5051136,8.27390799047481
2217566,544676,4506580,5051256,8.273872907930587
2217595,544692,4506608,5051300,8.273681273086442
2217622,544716,4506646,5051362,8.273386498652508
2217639,544719,4506679,5051398,8.273401515276683
2217647,544723,4506694,5051417,8.273368299117166
2217741,544793,4506869,5051662,8.27262648382046
2217957,544836,4507165,5052001,8.272516867461034
2218019,544860,4507220,5052080,8.272253422897625
2218074,544867,4507410,5052277,8.272495856787069
2218193,544867,4507667,5052534,8.272967531526042
2218207,544867,4507693,5052560,8.27301524959302
2218245,544867,4507803,5052670,8.273217133722541
2218663,545070,4508472,5053542,8.27136331113435
2218670,545070,4508487,5053557,8.271390830535527
2218840,545079,4509463,5054542,8.273044824695136
2218858,545084,4509515,5054599,8.273064335038269
2218969,545084,4509693,5054777,8.273390890211417
2219045,545101,4509926,5055027,8.273560312675999
2219077,545118,4509994,5055112,8.273427037815665
2219165,545172,4510103,5055275,8.272807480941795
2219199,545182,4510168,5055350,8.272774963223291
2219311,545256,4510373,5055629,8.27202818492598
2219330,545263,4510421,5055684,8.272010020852322
2219340,545263,4510431,5055694,8.272028360625972
2219925,545389,4510875,5056264,8.270931390255395
2219978,545429,4510968,5056397,8.27049533486485
2220006,545433,4511012,5056445,8.270515352023072
2220021,545433,4511038,5056471,8.270563020572647
2220068,545447,4511131,5056578,8.270521242210517
2220150,545478,4511189,5056667,8.270157549892021
2220164,545478,4511215,5056693,8.27020521450911
2220255,545478,4511263,5056741,8.270293210725272
2220257,545478,4511268,5056746,8.270302376997789
2220780,545640,4511895,5057535,8.268996041345943
2220850,545640,4512165,5057805,8.269490873103145
2220875,545646,4512179,5057825,8.26942559828167
2221060,545653,4512446,5058099,8.269808834552363
2221062,545655,4512451,5058106,8.269787686358596
2221072,545655,4512473,5058128,8.269828004874876
2221102,545664,4512582,5058246,8.2698913617171
2221106,545672,4512592,5058264,8.26978844434019
2221202,545672,4512730,5058402,8.270041343517718
2221257,545692,4512797,5058489,8.269861020502407
2221419,545692,4513123,5058815,8.27045842709807
2221464,545701,4513293,5058994,8.270633552073388
2221599,545747,4513444,5059191,8.270213120731768
2221641,545772,4513508,5059280,8.269951554861738
2221665,545772,4513557,5059329,8.270041335942482
2221690,545781,4513593,5059374,8.269970922402942
2221823,545781,4514055,5059836,8.270817415776659
2221878,545784,4514094,5059878,8.27084341058001
2221897,545786,4514098,5059884,8.270820431451154
2221910,545786,4514125,5059911,8.270869901389922
2221946,545798,4514173,5059971,8.270776001377799
2222100,545798,4514546,5060344,8.271459404395033
2222113,545798,4514569,5060367,8.271501544527462
2222226,545803,4514754,5060557,8.271764720970753
2222259,545807,4514784,5060591,8.271759065017488
2222262,545807,4514793,5060600,8.271775554362623
2222278,545807,4514819,5060626,8.271823190248568
2222723,545807,4515478,5061285,8.273030576742329
2222742,545821,4515508,5061329,8.27287334126023
2222938,545914,4515848,5061762,8.272086812208517
2222947,545916,4515864,5061780,8.272085815400171
2222985,545922,4515885,5061807,8.272033367404134
2222997,545922,4515910,5061832,8.272079161491934
2223156,545922,4515910,5061832,8.272079161491934
2223387,545926,4516415,5062341,8.272943585760707
2223545,545928,4516740,5062668,8.273508594539939
2223646,546005,4516937,5062942,8.272702630928288
2223787,546096,4517268,5063364,8.271930210072954
2223816,546109,4517313,5063422,8.271815699796194
2224417,546109,4518201,5064310,8.273441748808388
2224598,546152,4518393,5064545,8.273141909212088
2224610,546155,4518413,5064568,8.273133084930102
2261912,546155,4628938,5175093,8.475502375699206
2262015,546179,4629220,5175399,8.475646262489038
2263222,546179,4633322,5179501,8.483156620814787
2263238,546179,4633348,5179527,8.48320422425615
2263262,546184,4633359,5179543,8.48314670513966
2263368,546184,4633422,5179606,8.483262050883951
2263398,546196,4633470,5179666,8.483163553010275
2263471,546272,4633640,5179912,8.482294534590826
2263519,546283,4633721,5180004,8.482272009196699
2264714,546341,4635379,5181720,8.484406259094595
2264722,546347,4635384,5181731,8.484322234770211
2264793,546347,4635556,5181903,8.484637053008436
2264814,546354,4635573,5181927,8.484559461448072
2264852,546366,4635643,5182009,8.484501231775038
2264943,546411,4635829,5182240,8.48414288877786
2264944,546411,4635829,5182240,8.48414288877786
2265094,546453,4635943,5182396,8.4836994215422
2265162,546481,4636099,5182580,8.483550205771106
2265170,546481,4636099,5182580,8.483550205771106
2265179,546483,4636114,5182597,8.48354660620733
2265220,546498,4636150,5182648,8.48337962810477
2265382,546552,4636386,5182938,8.482973257805297
2265493,546584,4636669,5183253,8.482994379637896
2265604,546584,4636926,5183510,8.48346457269148
2265676,546584,4636926,5183510,8.48346457269148
2265787,546584,4637104,5183688,8.483790231693574
2265807,546593,4637131,5183724,8.483699937613544
2265851,546611,4637188,5183799,8.483524846737442
2265972,546679,4637491,5184170,8.483023858608068
2265977,546680,4637497,5184177,8.483019316602034
2266189,546698,4638024,5184722,8.483703982820497
2266295,546698,4638087,5184785,8.483819220117871
2266458,546781,4638398,5185179,8.483100180876804
2266493,546784,4638483,5185267,8.483209091707145
2266580,546829,4638588,5185417,8.482703002218244
2266598,546829,4638642,5185471,8.48280175338177
2266644,546852,4638692,5185544,8.482536408388375
2266765,546852,4638906,5185758,8.482927739132343
2266829,546852,4639125,5185977,8.483328213117991
2266876,546861,4639171,5186032,8.483272714638638
2266891,546871,4639197,5186068,8.483165134007837
2266990,546940,4639305,5186245,8.482292390390171
2267184,546982,4639435,5186417,8.48187874555287
2267198,546989,4639454,5186443,8.48180493574825
2267210,546996,4639470,5186466,8.481725643331943
2267221,547010,4639496,5186506,8.48155609586662
2267261,547032,4639572,5186604,8.48135392445049
2268603,547037,4642863,5189900,8.487292450053653
2268619,547047,4642907,5189954,8.487217734490821
2268684,547065,4642936,5190001,8.486991490956285
2268972,547065,4643503,5190568,8.488027930867448
2268997,547087,4643553,5190640,8.48777799509036
2269008,547087,4643572,5190659,8.487812724484405
2269036,547108,4643621,5190729,8.487576493123845
2269093,547112,4643776,5190888,8.487797745251429
2269214,547167,4643957,5191124,8.487275365656188
2269229,547173,4644003,5191176,8.48726636730979
2269266,547173,4644104,5191277,8.487450952441002
2269273,547173,4644120,5191293,8.487480193649906
2269345,547179,4644537,5191716,8.488149216252816
2269377,547191,4644585,5191776,8.488050790309051
2269447,547216,4644702,5191918,8.487876816467354
2269475,547231,4644731,5191962,8.487697151659903
2269500,547247,4644762,5192009,8.48750564187652
2269533,547256,4644809,5192065,8.487451942052713
2269545,547256,4644830,5192086,8.487490315318608
2269573,547267,4644849,5192116,8.487354435769012
2269886,547267,4645311,5192578,8.488198630650121
2270078,547337,4645455,5192792,8.487376150342476
2270139,547391,4645550,5192941,8.486712423112547
2270169,547403,4645622,5193025,8.48665791016856
2270247,547411,4645717,5193128,8.486707428239477
2270356,547511,4645976,5193487,8.485630425690077
2270477,547511,4646120,5193631,8.48589343410452
2270506,547511,4646155,5193666,8.485957359760809
2270726,547631,4646813,5194444,8.485299407812924
2270777,547650,4646905,5194555,8.485173011960194
2270850,547676,4647067,5194743,8.485065987919866
2270857,547676,4647079,5194755,8.485087898684624
2270889,547690,4647129,5194819,8.484962296189451
2270895,547693,4647145,5194838,8.484945033075098
2270926,547693,4647293,5194986,8.485215257452625
2270959,547698,4647397,5195095,8.485327680583095
2271030,547753,4647628,5195381,8.484897389881937
2271163,547839,4647854,5195693,8.483977957027522
2271184,547839,4647897,5195736,8.484056447240887
2271276,547845,4647962,5195807,8.484082176528032
2271345,547895,4648090,5195985,8.48354155449493
2273144,548675,4651504,5200179,8.477703558572927
2273191,548691,4651594,5200285,8.477620372851021
2273223,548716,4651655,5200371,8.477345293375809
2273281,548716,4651752,5200468,8.477522069704547
2273285,548719,4651753,5200472,8.477477543150501
2273307,548719,4651790,5200509,8.477544972927856
2274132,548878,4652660,5201538,8.4766742336184
2274188,548881,4652744,5201625,8.476780941588432
2274386,548881,4653041,5201922,8.477322042482797
2274526,548946,4653178,5202124,8.476567822700229
2274568,548953,4653202,5202155,8.476503452936772
2274644,548964,4653345,5202309,8.476594093601767
2274827,548964,4653574,5202538,8.477011242995898
2274935,549008,4653752,5202760,8.476656077871361
2274982,549018,4653821,5202839,8.476627360122983
2275066,549082,4654111,5203193,8.476167494108347
2275132,549091,4654216,5203307,8.476219788705333
2275286,549213,4654619,5203832,8.475070692063007
2275300,549213,4654645,5203858,8.475118032530185
2275317,549218,4654675,5203893,8.475095499419174
2275382,549251,4654786,5204037,8.474788393648806
2275393,549251,4654809,5204060,8.474830268857044
2275421,549266,4654836,5204102,8.474647984765124
2275519,549266,4655126,5204392,8.475175962102151
2275591,549317,4655260,5204577,8.47463304430775
2275655,549334,4655339,5204673,8.474514594035687
2275689,549334,4655411,5204745,8.474645661837789
2275772,549335,4655663,5204998,8.475088971210646
2279532,549345,4661752,5211097,8.48601880421229
2279568,549355,4661775,5211130,8.48590619908802
2279646,549385,4661879,5211264,8.485632115911429
2279755,549385,4662077,5211462,8.485992518907505
2281578,549385,4665792,5215177,8.492754625626837
2281580,549387,4665801,5215188,8.492740090318847
2281589,549387,4665805,5215192,8.492747371160949
2281769,549475,4666263,5215738,8.49222075617635
2281899,549554,4666406,5215960,8.491260185532267
2282348,549554,4666406,5215960,8.491260185532267
2282509,549651,4666749,5216400,8.490385717482548
2282519,549658,4666775,5216433,8.490324892933424
2282577,549680,4666873,5216553,8.490163367777615
2282740,549680,4667143,5216823,8.490654562654635
2282822,549699,4667278,5216977,8.49060667747258
2282858,549713,4667336,5217049,8.490495949704664
2282860,549713,4667338,5217051,8.490499587966811
2282891,549730,4667369,5217099,8.490293416768232
2282906,549730,4667395,5217125,8.490340712713515
2282968,549762,4667540,5217302,8.49011026589688
2282993,549769,4667597,5217366,8.490105844454671
2283191,549769,4667754,5217523,8.49039141894141
2283214,549778,4667815,5217593,8.490363383038245
2283273,549800,4667906,5217706,8.490189159694435
2283294,549810,4667949,5217759,8.490112948109347
2283441,549873,4668085,5217958,8.4893875494887
2283540,549873,4668256,5218129,8.489698530387926
2283596,549888,4668343,5218231,8.489625160032588
2283650,549908,4668392,5218300,8.489405500556456
2283743,549951,4668515,5218466,8.488965380552086
2283916,549951,4668515,5218466,8.488965380552086
2283950,549967,4668598,5218565,8.48886933215993
2283997,549973,4668642,5218615,8.488856725693807
2284090,549999,4668840,5218839,8.488815434209881
2284144,550008,4668940,5218948,8.488858343878634
2284163,550012,4668949,5218961,8.488812971353353
2284236,550045,4669032,5219077,8.488454580988828
2284395,550105,4669166,5219271,8.48777233437253
2284398,550106,4669167,5219273,8.48775872286432
2284403,550106,4669167,5219273,8.48775872286432
2284502,550197,4669551,5219748,8.487052819262919
2284645,550237,4669779,5220016,8.486850211817817
2284661,550237,4669779,5220016,8.486850211817817
2284696,550255,4669815,5220070,8.48663801328475
2284727,550255,4669864,5220119,8.486727062907198
2284740,550255,4669894,5220149,8.486781583084207
2284778,550263,4669962,5220225,8.486781775260194
2284869,550335,4670101,5220436,8.485924028091981
2284898,550356,4670140,5220496,8.4856710928926
2285006,550359,4670390,5220749,8.486079086559863
2285010,550359,4670395,5220754,8.486088171538942
2285026,550359,4670422,5220781,8.486137230425959
2285040,550363,4670455,5220818,8.486135514196993
2285048,550368,4670469,5220837,8.48608385661957
2285203,550378,4670712,5221090,8.486371184894745
2285229,550384,4670756,5221140,8.48635861507602
2285277,550390,4670780,5221170,8.48630970766184
2285341,550408,4670848,5221256,8.48615572448075
2285432,550440,4671089,5221529,8.4861002107405
2285439,550444,4671102,5221546,8.48606216072843
2285511,550460,4671170,5221630,8.485939032808924
2285781,550462,4671963,5222425,8.487348808818775
2285806,550470,4672032,5222502,8.48735080930841
2286021,550503,4672294,5222797,8.487317961936629
2286071,550503,4672378,5222881,8.487470549660946
2286232,550562,4672688,5223250,8.487124065954426
2286241,550564,4672711,5223275,8.48713501064363
2286254,550564,4672711,5223275,8.48713501064363
2286687,550606,4673659,5224265,8.488209354783638
2286733,550621,4673721,5224342,8.488090719387746
2286757,550621,4673742,5224363,8.488128858143805
2286763,550624,4673758,5224382,8.48811166966932
2287176,550624,4674721,5225345,8.489860594525483
2288653,550624,4677645,5228269,8.495170933341083
2288666,550627,4677675,5228302,8.495179132152982
2288700,550653,4677738,5228391,8.494892427717637
2288714,550657,4677771,5228428,8.49489064880679
2288883,550728,4677934,5228662,8.49409145712584
2288933,550757,4678010,5228767,8.493782194325265
2289057,550816,4678194,5229010,8.493206442804857
2289113,550816,4678278,5229094,8.49335894382153
2289398,550865,4678565,5229430,8.493124449729063
2289486,550887,4678798,5229685,8.493208226006422
2290006,551258,4679869,5231127,8.489435073958111
2290015,551264,4679903,5231167,8.489404350728508
2290155,551317,4680027,5231344,8.488813151054657
2290181,551317,4680053,5231370,8.488860310855642
2290216,551331,4680106,5231437,8.488740883425747
2290981,551512,4681343,5232855,8.488197899592393
2291065,551540,4681426,5232966,8.487917467454762
2291080,551540,4681452,5232992,8.487964608187983
2292076,551637,4683303,5234940,8.48982754963862
2292087,551637,4683321,5234958,8.489860179792146
2292154,551655,4683377,5235032,8.489684676110976
2292459,551655,4684216,5235871,8.49120555419601
2292486,551655,4684278,5235933,8.491317943279768
2292597,551705,4684392,5236097,8.490755023064862
2292608,551714,4684429,5236143,8.49068357881076
2292816,551829,4684936,5236765,8.489832901134228
2292817,551829,4684940,5236769,8.489840149756537
2292902,551833,4688443,5240276,8.496126545530984
2293878,551833,4690013,5241846,8.498971609164366
2293906,551871,4690080,5241951,8.498507803454068
2293973,551871,4690261,5242132,8.49883577865117
2294103,551871,4690647,5242518,8.4995352174693
2294172,551871,4690779,5242650,8.499774403800888
2294204,551875,4690830,5242705,8.499805209513024
2294233,551875,4690868,5242743,8.499874065685164
2294242,551877,4690891,5242768,8.499884938129329
2294270,551895,4690947,5242842,8.499709183812138
2294435,551895,4691195,5243090,8.500158544650704
2294464,551899,4691251,5243150,8.50019840586774
2294511,551901,4691347,5243248,8.500341546762916
2294547,551915,4691413,5243328,8.500245508819292
2294659,551927,4691537,5243464,8.500285363825288
2294698,551965,4691635,5243600,8.499877709637387
2294783,551989,4691750,5243739,8.499716479857389
2295067,552156,4693475,5245631,8.500269851273915
2295077,552156,4693491,5245647,8.50029882859192
2295080,552156,4693500,5245656,8.500315128333296
2295273,552156,4693944,5246100,8.501119248907917
2295304,552172,4694022,5246194,8.50101417674203
2295442,552172,4694314,5246486,8.501542997471802
2295470,552172,4694351,5246523,8.501610005577971
2295586,552172,4694545,5246717,8.50196134537789
2295598,552175,4694574,5246749,8.50196767329198
2295620,552180,4694595,5246775,8.501928718896012
2295647,552189,4694629,5246818,8.501851721059275
2295792,552189,4694910,5247099,8.502360604792925
2295823,552208,4694968,5247176,8.50217309419639
2295835,552208,4694993,5247201,8.502218366992148
2295849,552208,4695019,5247227,8.502265450699737
2296015,552296,4695249,5247545,8.501327186870808
2296033,552304,4695302,5247606,8.501300008690865
2296048,552314,4695344,5247658,8.501222130889312
2296112,552335,4695451,5247786,8.501092633999294
2296192,552335,4695545,5247880,8.50126282057085
2296203,552335,4695555,5247890,8.50128092552527
2296281,552349,4695708,5248057,8.501342448343348
2296302,552349,4695740,5248089,8.501400382729036
2296312,552353,4695755,5248108,8.501365974295423
2296340,552372,4695795,5248167,8.501145966848428
2296501,552426,4696178,5248604,8.501008279842006
2296520,552437,4696203,5248640,8.500884263726
2296645,552437,4696574,5249011,8.501555833515859
2296692,552468,4696679,5249147,8.5012688517706
2296977,552612,4697100,5249712,8.499815422032095
2297119,552635,4697408,5250043,8.500018999882382
2297546,552873,4698059,5250932,8.497537409133743
2297602,552881,4698140,5251021,8.49756095796383
2297652,552881,4698244,5251125,8.497749063541702
2297829,552881,4698511,5251392,8.498231988438741
2297845,552888,4698548,5251436,8.49819131542012
2297877,552890,4698595,5251485,8.498245582303895
2297930,552890,4698687,5251577,8.498411980683318
2298328,553054,4699597,5252651,8.497537311003988
2298342,553054,4699622,5252676,8.4975825145465
2298364,553059,4699647,5252706,8.497550894208393
2298388,553068,4699683,5252751,8.497477706177179
2298570,553068,4700089,5253157,8.498211793124897
2298588,553071,4700107,5253178,8.498198242178672
2298620,553071,4700128,5253199,8.49823621198725
2298625,553074,4700136,5253210,8.498204580218921
2298626,553074,4700138,5253212,8.498208196371552
2298650,553085,4700177,5253262,8.498109693808367
2298677,553085,4700210,5253295,8.498169359140096
2298707,553094,4700243,5253337,8.498090740452799
2298894,553168,4700507,5253675,8.497431160153877
2298912,553176,4700528,5253704,8.497346233386843
2299989,553815,4702386,5256201,8.49089677961052
2300010,553821,4702421,5256242,8.490867988032234
2300667,553923,4702923,5256846,8.49021073326076
2300709,553950,4702980,5256930,8.489899810452206
2300723,553956,4703041,5256997,8.489917971824477
2300798,553974,4703146,5257120,8.489831652749046
2300833,553989,4703230,5257219,8.489753406656089
2301116,553989,4703678,5257667,8.490562086972846
2301135,553995,4703692,5257687,8.490495401583047
2301142,553996,4703698,5257694,8.490490906071525
2301272,553996,4704084,5258080,8.49118766200478
2301302,554009,4704133,5258142,8.491076859762206
2301323,554009,4704195,5258204,8.49118877130155
2301331,554009,4704214,5258223,8.491223066773284
2301395,554052,4704337,5258389,8.490786063401991
2301405,554052,4704349,5258401,8.490807722018872
2301432,554073,4704382,5258455,8.490545469640281
2301479,554073,4704476,5258549,8.49071512237557
2301782,554188,4704701,5258889,8.489359206623023
2301874,554220,4704883,5259103,8.489197430623218
2301919,554229,4704993,5259222,8.48925805037268
2301947,554238,4705030,5259268,8.489186955784339
2302113,554238,4705445,5259683,8.489935731581017
2302165,554248,4705510,5259758,8.489899828235735
2302189,554263,4705537,5259800,8.48971877971288
2302203,554263,4705572,5259835,8.4897819266305
2302205,554265,4705577,5259842,8.489760313207581
2302215,554268,4705585,5259853,8.48972879545635
2302480,554268,4706374,5260642,8.491152294557867
2302540,554289,4706444,5260733,8.49095688350301
2302560,554289,4706459,5260748,8.490983945198263
2302571,554297,4706469,5260766,8.490879438279478
2302624,554327,4706539,5260866,8.490546193853087
2302658,554345,4706585,5260930,8.490353480233429
2303299,554345,4707556,5261901,8.492105097006377
2303314,554353,4707568,5261921,8.492004192274598
2305078,554423,4711119,5265542,8.497336870945109
2305107,554423,4711149,5265572,8.497390981254386
2305209,554464,4711336,5265800,8.497099901887228
2305242,554483,4711410,5265893,8.496942196604765
2305259,554489,4711428,5265917,8.496882715437096
2305293,554497,4711466,5265963,8.496828657323665
2305497,554546,4711625,5266171,8.496364593739743
2305625,554569,4711867,5266436,8.49644859341218
2305742,554628,4712007,5266635,8.495797182976698
2305785,554637,4712048,5266685,8.495733245347859
2306353,554637,4713439,5268076,8.49824119198683
2306362,554639,4713455,5268094,8.498239395354457
2306430,554639,4713597,5268236,8.498495417740187
2306474,554653,4713639,5268292,8.498356630181393
2306609,554708,4713738,5268446,8.497692479646949
2306728,554748,4714237,5268985,8.497979262656196
2306757,554755,4714285,5269040,8.497958558282486
2306988,554755,4714576,5269331,8.498483114167515
2307328,554921,4714989,5269910,8.49668511373691
2307381,554921,4715182,5270103,8.497032910990933
2307399,554921,4715194,5270115,8.497054535690665
2307411,554921,4715209,5270130,8.497081566565331
2307415,554921,4715218,5270139,8.49709778509013
2307482,554967,4715437,5270404,8.49678809731029
2307535,554972,4715499,5270471,8.496823263155619
2307766,554984,4715858,5270842,8.497286408256814
2308144,554990,4716285,5271275,8.497963927277969
2309879,555432,4717670,5273102,8.493694997767504
2309886,555432,4717670,5273102,8.493694997767504
2309984,555495,4717846,5273341,8.49304854229111
2310028,555502,4717888,5273390,8.49301712685103
2310154,555548,4718042,5273590,8.49259109923895
2310197,555572,4718104,5273676,8.492335826859525
2310586,555771,4718506,5274277,8.490018370875774
2310641,555781,4718561,5274342,8.489964572376529
2310651,555790,4718573,5274363,8.489848683855413
2310746,555860,4718693,5274553,8.488995430504083
2310819,555880,4718791,5274671,8.488866302079586
2310822,555881,4718794,5274675,8.488856427904533
2310897,555909,4718923,5274832,8.48866091392656
2310982,555942,4719151,5275093,8.48856715268859
2311014,555965,4719190,5275155,8.48828613311989
2311041,555975,4719228,5275203,8.488201807635235
2311277,556154,4719685,5275839,8.486291566724324
2311288,556162,4719703,5275865,8.48620186204739
2311387,556162,4719872,5276034,8.486505730344756
2311444,556186,4719940,5276126,8.48626179012057
2311503,556208,4720027,5276235,8.486082544659553
2311531,556223,4720063,5276286,8.48591841761308
2311543,556223,4720078,5276301,8.485945385214203
2311781,556223,4720891,5277114,8.487407029195126
2311811,556231,4720969,5277200,8.487425188455875
2311829,556237,4721002,5277239,8.487392963790615
2311865,556244,4721046,5277290,8.487365256973558
2312116,556319,4721401,5277720,8.486859158144878
2312135,556326,4721435,5277761,8.48681348705615
2312264,556364,4721815,5278179,8.486916838616445
2312402,556384,4721903,5278287,8.48676992868235
2312429,556386,4721918,5278304,8.486766381612766
2312453,556391,4721947,5278338,8.486742237023963
2312456,556391,4721953,5278344,8.48675302080731
2312590,556457,4722186,5278643,8.486165148430157
2312645,556469,4722253,5278722,8.486102550186983
2312668,556478,4722298,5278776,8.48604616894109
2312717,556489,4722333,5278822,8.485941321391797
2312811,556561,4722463,5279024,8.485077107450936
2312865,556589,4722550,5279139,8.484806562831821
2312886,556602,4722602,5279204,8.484701815660022
2312899,556613,4722647,5279260,8.484614983839759
2312937,556625,4722698,5279323,8.484523691893106
2313580,556969,4723727,5280696,8.481130906747055
2313669,556988,4723861,5280849,8.481082177712985
2313693,557000,4723880,5280880,8.480933572710951
2313694,557000,4723882,5280882,8.480937163375225
2313713,557000,4723934,5280934,8.48103052064632
2314028,557208,4724638,5281846,8.479128081434581
2314408,557211,4725351,5282562,8.480362017260966
2314425,557218,4725399,5282617,8.480341625719198
2314975,557218,4726564,5283782,8.482432369377873
2314983,557218,4726564,5283782,8.482432369377873
2315019,557233,4726631,5283864,8.482324270098864
2315051,557245,4726691,5283936,8.482249279939703
2315079,557267,4726722,5283989,8.481970043085271
2315186,557267,4726959,5284226,8.482395332937353
2315208,557271,4726978,5284249,8.482368542414731
2315218,557275,4726994,5284269,8.482336368938137
2315273,557281,4727030,5284311,8.482309642711666
2315278,557281,4727035,5284316,8.482318614846012
2315297,557284,4727061,5284345,8.482319607237962
2315344,557312,4727137,5284449,8.482029814538356
2315413,557317,4727244,5284561,8.48214570881563
2315464,557343,4727341,5284684,8.48192405753728
2315506,557361,4727432,5284793,8.481813402803569
2315758,557363,4728175,5285538,8.483116030306999
2315781,557369,4728200,5285569,8.48306956432812
2315894,557378,4728329,5285707,8.483164028720186
2315945,557381,4728337,5285718,8.483132722500407
2316063,557422,4728481,5285903,8.482767095665402
2316118,557434,4728534,5285968,8.482679563858682
2316140,557434,4728558,5285992,8.482722618283061
2317148,557434,4729805,5287239,8.484959654416487
2317155,557434,4729805,5287239,8.484959654416487
2317464,557465,4730614,5288079,8.485939027562269
2317532,557502,4730725,5288227,8.485574939641472
2317631,557534,4730821,5288355,8.48526009176122
2317687,557534,4730933,5288467,8.485460976370948
2317754,557553,4730973,5288526,8.485243555321198
2317789,557563,4731025,5288588,8.485184633844067
2317797,557563,4731025,5288588,8.485184633844067
2317807,557563,4731041,5288604,8.485213330152826
2317816,557568,4731062,5288630,8.485174902433425
2317987,557568,4731406,5288974,8.485791867539026
2318164,557687,4731696,5289383,8.484501162838653
2318171,557690,4731701,5289391,8.484464487439258
2318457,557798,4732244,5290042,8.483795209018318
2318475,557801,4732292,5290093,8.483835633137982
2318537,557833,4732355,5290188,8.483461896302298
2318730,557910,4732541,5290451,8.48262443763331
2318750,557912,4732601,5290513,8.48270157300793
2319149,558214,4733553,5291767,8.479817775978388
2319177,558217,4733645,5291862,8.479937013741967
2319214,558238,4733722,5291960,8.479755946388458
2319233,558244,4733741,5291985,8.479698841366858
2319267,558244,4733790,5292034,8.479786616604926
2319401,558310,4733987,5292297,8.479137038562806
2319448,558317,4734046,5292363,8.479136404587358
2319512,558341,4734177,5292518,8.47900655692489
2319520,558346,4734189,5292535,8.478952119295204
2319550,558346,4734215,5292561,8.478998685402958
2319570,558356,4734263,5292619,8.47893279556412
2319619,558371,4734339,5292710,8.478841128926824
2319647,558371,4734403,5292774,8.478955748059981
2319748,558447,4734722,5293169,8.47837305957414
2319777,558459,4734740,5293199,8.47822311038053
2319784,558463,4734754,5293217,8.478187453779391
2319805,558463,4734786,5293249,8.478244753904914
2320065,558469,4734817,5293286,8.478209175442146
2320091,558469,4734840,5293309,8.478250359464894
2320236,558571,4735201,5293772,8.477348448093439
2320355,558571,4735471,5294042,8.477831824423395
2320391,558593,4735524,5294117,8.47759280907566
2320443,558611,4735604,5294215,8.477462849818568
2320608,558620,4736543,5295163,8.479007196305181
2320636,558632,4736586,5295218,8.478902032107005
2320875,558632,4737045,5295677,8.479723682137793
2320916,558632,4737098,5295730,8.479818556760085
2321054,558697,4737283,5295980,8.47916312419791
2321175,558712,4737391,5296103,8.479128781912685
2321285,558712,4737795,5296507,8.479851873594983
2321300,558718,4737816,5296534,8.479798395612814
2321336,558737,4737883,5296620,8.479629951121906
2321384,558737,4737954,5296691,8.479757023429627
2321460,558744,4738115,5296859,8.479938934467306
2321602,558744,4738367,5297111,8.480389946021791
2321802,558849,4738890,5297739,8.47973245008938
2321821,558853,4738900,5297753,8.479689650051087
2321841,558862,4738942,5297804,8.479628244539796
2321940,558901,4739112,5298013,8.479340706135792
2321953,558910,4739125,5298035,8.479227424809004
2321977,558920,4739158,5298078,8.479134759894082
2321983,558924,4739164,5298088,8.479084812962048
2322011,558936,4739219,5298155,8.479001173658522
2322092,558971,4739386,5298357,8.47876902379551
2322109,558974,4739423,5298397,8.478789711149355
2322323,558983,4739959,5298942,8.479612081226083
2322351,558993,4740010,5299003,8.47955162229223
2322359,558998,4740014,5299012,8.479482931960401
2322482,559086,4740262,5299348,8.478591844546278
2322583,559115,4740515,5299630,8.478604580453037
2322712,559115,4740898,5300013,8.479289591586705
2323546,559136,4742713,5301849,8.482217206547244
2323674,559139,4743214,5302353,8.483067716614295
2323724,559184,4743295,5302479,8.482529900712466
2323767,559205,4743392,5302597,8.482384814155811
2323801,559213,4743434,5302647,8.482338572243492
2327206,559213,4749203,5308416,8.492654856020872
2327439,559270,4749766,5309036,8.492795966170187
2327441,559270,4749768,5309038,8.492799542260446
2327506,559271,4749987,5309258,8.493175937962096
2327577,559271,4750183,5309454,8.493526394180996
2327696,559354,4750427,5309781,8.492702295862728
2327707,559357,4750439,5309796,8.492678200147669
2327765,559388,4750519,5309907,8.492350568835942
2327836,559414,4750686,5310100,8.492254394777392
2327841,559414,4750696,5310110,8.492272270626048
2327844,559415,4750702,5310117,8.49226781548582
2327893,559434,4750771,5310205,8.492102732404538
2327946,559449,4750883,5310332,8.492075238314841
2328000,559457,4750910,5310367,8.492002066289277
2328203,559511,4751098,5310609,8.491518486678546
2328878,559801,4751944,5311745,8.488630781295496
2328899,559811,4751985,5311796,8.48855238643042
2328919,559811,4752006,5311817,8.488589899090943
2329019,559841,4752133,5311974,8.48836187417499
2329091,559870,4752348,5312218,8.488306213942522
2329179,559870,4752688,5312558,8.48891349777627
2329221,559870,4752752,5312622,8.489027810027327
2329371,559877,4753066,5312943,8.489482511337311
2329462,559880,4753161,5313041,8.489606701436022
2329494,559887,4753193,5313080,8.489557714324498
2329505,559891,4753202,5313093,8.489513137378525
2329543,559902,4753230,5313132,8.489396358648477
2329572,559916,4753282,5313198,8.489276962973017
2329695,559929,4753347,5313276,8.489195951629581
2329696,559929,4753349,5313278,8.489199523511017
2329706,559933,4753358,5313291,8.489154952467528
2329865,559946,4753788,5313734,8.489725794987374
2329874,559950,4753797,5313747,8.489681221537637
2330076,559950,4753891,5313841,8.489849093669077
2330100,559954,4753922,5313876,8.489843808598563
2331619,560571,4756376,5316947,8.484877027174077
2331675,560600,4756479,5317079,8.484621833749554
2332960,560600,4756479,5317079,8.484621833749554
2333287,560648,4757340,5317988,8.485431143961987
2333340,560677,4757398,5318075,8.485095696809394
2333908,560718,4758844,5319562,8.487054098495143
2333977,560718,4758976,5319694,8.487289510948463
2333987,560724,4758995,5319719,8.487232577881453
2334009,560724,4759048,5319772,8.487327098536891
2334027,560729,4759070,5319799,8.487290651990534
2334076,560746,4759124,5319870,8.487129645151281
2334105,560757,4759159,5319916,8.48702557435752
2334154,560761,4759241,5320002,8.487111264870418
2334220,560785,4759355,5320140,8.486951327157467
2335459,560785,4759355,5320140,8.486951327157467
2335521,560825,4759463,5320288,8.48653858155396
2335609,560878,4759636,5320514,8.486045093585414
2335624,560885,4759655,5320540,8.485973060431283
2335654,560894,4759687,5320581,8.48589394787607
2335732,560894,4759797,5320691,8.48609006336313
2336028,561035,4760034,5321069,8.484379762403416
2336081,561070,4760129,5321199,8.484019819273888
2336081,561070,4760129,5321199,8.484019819273888
2336112,561089,4760180,5321269,8.483823421952668
2336121,561089,4760199,5321288,8.483857284673197
2336219,561157,4760377,5321534,8.483146427826794
2336281,561176,4760470,5321646,8.483024933354242
2336356,561215,4760568,5321783,8.482610051406324
2336414,561236,4760699,5321935,8.48252606746538
2336495,561237,4760883,5322120,8.48283880072055
2336511,561237,4760909,5322146,8.482885126960625
2336567,561259,4761002,5322261,8.48271831721184
2336576,561264,4761018,5322282,8.482671256307192
2336904,561313,4761263,5322576,8.482367235392731
2336931,561331,4761295,5322626,8.48215224172547
2336934,561332,4761300,5322632,8.482146038351635
2336950,561332,4761326,5322658,8.48219235675144
2336995,561343,4761407,5322750,8.482170437682486
2337154,561343,4761675,5323018,8.482647864140107
2337217,561366,4761837,5323203,8.48258889922083
2337271,561395,4761977,5323372,8.482400092626404
2337492,561458,4762213,5323671,8.481868634875628
2337962,561458,4763007,5324465,8.483282810112243
2338135,561531,4763390,5324921,8.482862032550296
2338164,561533,4763405,5324938,8.482858531911749
2338279,561596,4763606,5325202,8.48226483094609
2338295,561596,4763632,5325228,8.482311127572133
2338459,561607,4764023,5325630,8.482841203902373
2338514,561620,4764044,5325664,8.482682240660946
2339827,561620,4767346,5328966,8.488561660909511
2339929,561661,4767525,5329186,8.488260712422617
2340029,561661,4767765,5329426,8.488688016436962
2340185,561665,4768030,5329695,8.48909937418212
2340225,561671,4768124,5329795,8.489176047899926
2340567,561674,4768846,5330520,8.490416148869272
2340584,561674,4768891,5330565,8.490496266517589
2340635,561724,4769030,5330754,8.489987965620127
2341410,562189,4770736,5332925,8.486000259699141
2341481,562217,4770803,5333020,8.485696803903119
2341551,562227,4770831,5333058,8.485595675767973
2341716,562227,4771079,5333306,8.486036778738837
2341746,562227,4771126,5333353,8.48612037486638
2341776,562227,4771181,5333408,8.486218200122014
2341909,562253,4771249,5333502,8.485946717936587
2341915,562253,4771260,5333513,8.485966282082977
2342055,562253,4771625,5333878,8.486615456031359
2342217,562287,4771716,5334003,8.486264132017991
2342242,562295,4771771,5334066,8.48624120790688
2342253,562295,4771783,5334078,8.486262549017864
2342652,562557,4772568,5335125,8.483705651160683
2342663,562557,4772578,5335135,8.48372342713716
2342716,562557,4772665,5335222,8.483878078132527
2342991,562579,4773555,5336134,8.48512831086834
2343292,562579,4774154,5336733,8.486193050220502
2343296,562579,4774158,5336737,8.486200160333038
2343474,562617,4774526,5337143,8.486281075758464
2343512,562617,4774617,5337234,8.486442819893462
2343562,562635,4774718,5337353,8.486350831356031
2343760,562704,4774945,5337649,8.485713625636214
2343795,562724,4774976,5337700,8.485467120648844
2343828,562745,4775036,5337781,8.485257088023882
2343833,562752,4775039,5337791,8.485156871943591
2344041,562822,4775506,5338328,8.484931292664466
2344454,563010,4776122,5339132,8.483192128026145
2344476,563023,4776163,5339186,8.483069075330848
2344597,563066,4776451,5339517,8.482932729022885
2344602,563068,4776463,5339531,8.48292390972316
2344617,563080,4776478,5339558,8.482769766285431
2344659,563081,4776522,5339603,8.482832842876958
2344692,563108,4776562,5339670,8.482497140868182
2344693,563108,4776567,5339675,8.482506020159542
2344756,563144,4776667,5339811,8.48214133507593
2344774,563147,4776683,5339830,8.482124560727483
2344791,563149,4776711,5339860,8.482144157230147
2345425,563466,4778611,5342077,8.480744179773048
2345432,563466,4778611,5342077,8.480744179773048
2345488,563492,4778721,5342213,8.480548082315277
2345497,563495,4778738,5342233,8.480533101447218
2345547,563508,4778828,5342336,8.480497171291269
2345700,563582,4779173,5342755,8.479995812499334
2345740,563582,4779264,5342846,8.480157279686008
2345781,563586,4779315,5342901,8.480187584503518
2345804,563591,4779354,5342945,8.480181550095725
2345916,563627,4779640,5343267,8.480147331479861
2346057,563705,4779908,5343613,8.479449357376643
2346070,563710,4779921,5343631,8.479397207784144
2346127,563738,4780023,5343761,8.479156984272835
2346157,563758,4780065,5343823,8.478930675928323
2346195,563764,4780111,5343875,8.478922031204547
2346222,563776,4780145,5343921,8.478801864570325
2346353,563806,4780248,5344054,8.478533396239133
2346358,563807,4780251,5344058,8.47852367920228
2346893,563839,4781056,5344895,8.479470203373658
2346916,563845,4781079,5344924,8.479420762798286
2346947,563864,4781116,5344980,8.47920065831477
2346954,563864,4781116,5344980,8.47920065831477
2346969,563864,4781164,5345028,8.479285785224805
2346978,563869,4781172,5345041,8.479224784480083
2347009,563878,4781198,5345076,8.479135557691558
2347041,563887,4781266,5345153,8.479120816759385
2347106,563902,4781309,5345211,8.478971523420736
2347131,563907,4781337,5345244,8.478945996414302
2347448,563907,4782407,5346314,8.48084347241655
2347453,563909,4782414,5346323,8.480825807000775
2347463,563909,4782436,5346345,8.480864820387687
2347499,563909,4782469,5346378,8.480923340468054
2347637,563985,4782747,5346732,8.480273411526902
2347644,563990,4782756,5346746,8.480214188194827
2347721,563990,4782873,5346863,8.480421638681538
2347768,563995,4782906,5346901,8.48040496812915
2347837,564003,4783094,5347097,8.480618010897105
2347854,564012,4783113,5347125,8.480516371992085
2347938,564012,4783299,5347311,8.480846152209528
2348074,564012,4783432,5347444,8.481081962795118
2348142,564012,4783432,5347444,8.481081962795118
2348196,564024,4783470,5347494,8.480968894940641
2348237,564027,4783547,5347574,8.481060303850702
2348324,564074,4783737,5347811,8.480690476781415
2348386,564078,4783880,5347958,8.480883849396715
2348406,564078,4783895,5347973,8.480910441463768
2348635,564149,4784348,5348497,8.480646070453018
2348644,564151,4784364,5348515,8.480644366490532
2348671,564151,4784402,5348553,8.480711724343305
2349129,564151,4785647,5349798,8.482918580309173
2349142,564151,4785654,5349805,8.482930988334683
2349180,564151,4785749,5349900,8.483099382966618
2349220,564155,4785845,5350000,8.483209401671527
2349248,564164,4785902,5350066,8.483175105111279
2349302,564194,4786023,5350217,8.482938492787941
2349318,564199,4786041,5350240,8.482895219594505
2349349,564211,4786058,5350269,8.48274493053131
2349380,564221,4786097,5350318,8.482663708015123
2349411,564230,4786157,5350387,8.482634741151658
2349432,564242,4786181,5350423,8.482496871909571
2349478,564258,4786270,5350528,8.482414072994978
2349512,564280,4786316,5350596,8.482164882682357
2349555,564280,4786388,5350668,8.482292478911178
2349580,564290,4786426,5350716,8.482209502206313
2349602,564290,4786476,5350766,8.482298109128285
2349626,564297,4786499,5350796,8.48223364646631
2349807,564297,4786688,5350985,8.482568576476572
2349857,564297,4786770,5351067,8.482713890025996
2349876,564303,4786858,5351161,8.482779641433769
2349897,564310,4786878,5351188,8.482709858056742
2349964,564368,4786974,5351342,8.48200819323562
2349996,564387,4787048,5351435,8.481853763463723
2350037,564412,4787101,5351513,8.481571972247224
2350077,564433,4787175,5351608,8.48138751632169
2350099,564443,4787215,5351658,8.481308121457792
2350121,564443,4787260,5351703,8.481387846071259
2350231,564477,4787447,5351924,8.481208268893152
2350265,564501,4787537,5352038,8.481007119562232
2350327,564501,4787719,5352220,8.481329528202785
2350359,564509,4787788,5352297,8.481331564244325
2350369,564509,4787817,5352326,8.481382936321653
2350396,564511,4787832,5352343,8.481379459390517
2350757,564730,4788559,5353289,8.479377755741682
2350800,564744,4788614,5353358,8.47926494128313
2350852,564758,4788689,5353447,8.479187545816083
2350857,564763,4788694,5353457,8.479121330540421
2350938,564800,4788830,5353630,8.478806657223796
2351353,564800,4789683,5354483,8.480316926345608
2351368,564800,4789709,5354509,8.480362960339944
2351749,564800,4790872,5355672,8.482422096317281
2351877,564842,4790977,5355819,8.481977260897738
2351890,564846,4791052,5355898,8.482049974683365
2351910,564846,4791073,5355919,8.482087152958506
2351945,564852,4791103,5355955,8.482050165353048
2351972,564852,4791122,5355974,8.482083802482775
2352213,564852,4791543,5356395,8.482829130462493
2352343,564852,4791929,5356781,8.483512495308506
2352346,564853,4791932,5356785,8.483502787450893
2352379,564877,4791979,5356856,8.483225551757286
2352448,564901,4792204,5357105,8.483263439080476
2352521,564926,4792277,5357203,8.483017244736478
2352545,564933,4792302,5357235,8.482956385978515
2352585,564960,4792379,5357339,8.482687269895214
2352590,564961,4792387,5357348,8.482686415522487
2353389,564995,4793854,5358849,8.48477243161444
2353398,564998,4793875,5358873,8.484764547839108
2355995,565315,4797763,5363078,8.486884303441444
2358362,565328,4802870,5368198,8.495722837007897
2358363,565328,4802872,5368200,8.49572637477712
2358447,565328,4803008,5368336,8.495966943084369
2358485,565335,4803026,5368361,8.495893585219383
2358540,565348,4803067,5368415,8.495770746513651
2358668,565439,4803261,5368700,8.494746559752688
2358790,565439,4803537,5368976,8.495234676065854
2358801,565439,4803548,5368987,8.495254129976885
2358874,565439,4803670,5369109,8.495469891535603
2359385,565792,4805170,5370962,8.492820683219275
2359431,565801,4805254,5371055,8.492834052962085
2359461,565818,4805298,5371116,8.492656649311263
2359507,565818,4805441,5371259,8.492909380754943
2359540,565841,4805491,5371332,8.492652529597537
2359577,565844,4805522,5371366,8.49266228854596
2359598,565844,4805565,5371409,8.492738281222387
2359604,565845,4805569,5371414,8.492730341347896
2360077,565985,4805894,5371879,8.491203830490207
2360108,566013,4805948,5371961,8.490879184753707
2360141,566017,4805970,5371987,8.490858048433175
2360188,566035,4806007,5372042,8.49065340482479
2360262,566046,4806066,5372112,8.490592637347495
2360278,566053,4806103,5372156,8.490553004753972
2360362,566089,4806301,5372390,8.490362822807015
2360592,566093,4806619,5372712,8.490864575255303
2360618,566097,4806660,5372757,8.490877005177557
2360825,566190,4806986,5373176,8.490058107702362
2360909,566205,4807107,5373312,8.490046891143667
2361124,566210,4807248,5373458,8.490220942759754
2361163,566239,4807363,5373602,8.489989209503408
2361201,566245,4807469,5373714,8.490086446679442
2361203,566245,4807474,5373719,8.490095276779487
2361296,566265,4807628,5373893,8.490067371283763
2361314,566265,4807638,5373903,8.49008503086011
2361360,566298,4807737,5374035,8.48976510600426
2361445,566324,4807881,5374205,8.489629611317902
2361873,566324,4808789,5375113,8.491232933797614
2361919,566344,4808845,5375189,8.491031952311669
2361971,566352,4808953,5375305,8.49110270644405
2362032,566356,4808997,5375353,8.491120426021796
2362070,566375,4809059,5375434,8.490945045243876
2362257,566401,4809393,5375794,8.49114496619886
2362288,566419,4809446,5375865,8.490968699849406
2362318,566437,4809477,5375914,8.490753605431848
2362568,566475,4809845,5376320,8.49083366432764
2362778,566476,4810405,5376881,8.49180724337836
2362822,566520,4810478,5376998,8.491276565699357
2362828,566520,4810493,5377013,8.491303043140578
2364000,566847,4811069,5377916,8.487420767861522
2364114,566896,4811391,5378287,8.487255157912562
2364145,566918,4811429,5378347,8.486992827886926
2364179,566922,4811483,5378405,8.487028197882601
2364382,566922,4811982,5378904,8.487908389513901
2364511,566990,4812176,5379166,8.487232579057832
2364545,567010,4812224,5379234,8.48701786564611
2364565,567010,4812245,5379255,8.487054902029946
2364733,567010,4812561,5379571,8.487612211424842
2364795,567032,4812682,5379714,8.487496296505311
2364811,567041,4812706,5379747,8.487403909064776
2364859,567041,4812849,5379890,8.487656095414618
2364933,567072,4812966,5380038,8.48739842559675
2365679,567176,4813804,5380980,8.487319632706603
2365712,567183,4813870,5381053,8.487331249349857
2365859,567191,4814030,5381221,8.487493630893297
2365869,567191,4814058,5381249,8.487542996979853
2366486,567310,4814565,5381875,8.486656325465795
2366516,567320,4814607,5381927,8.486580765705423
2366539,567324,4814651,5381975,8.48659848693163
2366607,567359,4814753,5382112,8.48625473465654
2366893,567367,4815143,5382510,8.486822462356816
2367168,567536,4815655,5383191,8.485197414789546
2367175,567538,4815656,5383194,8.485169275008898
2367320,567538,4815937,5383475,8.485664396040441
2367488,567538,4816265,5383803,8.48624233091
2367574,567568,4816375,5383943,8.4859875821047
2367587,567570,4816406,5383976,8.486012298042532
2367794,567578,4816782,5384360,8.486555151891018
2367867,567626,4816917,5384543,8.486075338338976
2367895,567637,4816958,5384595,8.48598311949362
2367929,567654,4817019,5384673,8.485836442621737
2368017,567654,4817139,5384793,8.486047839000518
2368042,567660,4817183,5384843,8.486035655145686
2368096,567686,4817276,5384962,8.485810817952178
2368135,567706,4817334,5385040,8.485614032615473
2368184,567707,4817425,5385132,8.485759379398175
2368224,567718,4817466,5385184,8.485667179832241
2368259,567721,4817550,5385271,8.485770299143418
2368289,567721,4817597,5385318,8.485853086287102
2368449,567750,4817759,5385509,8.485704975781594
2368475,567776,4817793,5385569,8.485376275150763
2368571,567776,4818004,5385780,8.485747900580511
2368593,567794,4818055,5385849,8.485568709778546
2369091,568027,4818708,5386735,8.483237592579226
2369104,568027,4818734,5386761,8.483283365051308
2369136,568027,4818798,5386825,8.483396035751822
2369172,568035,4818889,5386924,8.4834367600588
2369199,568057,4818922,5386979,8.483166301973217
2369210,568059,4818952,5387011,8.483189246187456
2369273,568081,4819039,5387120,8.48301386598038
2369412,568081,4819362,5387443,8.483582446869372
2369447,568087,4819369,5387456,8.483505167342326
2369489,568110,4819416,5387526,8.483244442097481
2369555,568151,4819526,5387677,8.482825868475105
2369780,568151,4820304,5388455,8.484195222748882
2369803,568166,4820336,5388502,8.48402755532714
2369905,568244,4820541,5388785,8.483223755992144
2370231,568363,4821049,5389412,8.482341390977245
2370259,568370,4821085,5389455,8.482300262153174
2370392,568437,4821226,5389663,8.481548526925588
2370425,568437,4821290,5389727,8.48166111635942
2370434,568448,4821321,5389769,8.481551522742626
2370455,568459,4821369,5389828,8.48147183877817
2370465,568459,4821385,5389844,8.481499985047295
2370465,568459,4821430,5389889,8.481579146429207
2370726,568505,4821678,5390183,8.481329100007915
2370735,568506,4821695,5390201,8.48134408431925
2370754,568511,4821747,5390258,8.481360958714959
2370767,568517,4821758,5390275,8.481290796933074
2370802,568517,4821818,5390335,8.48139633467425
2371067,568523,4822318,5390841,8.482186296772515
2371095,568529,4822382,5390911,8.482209350798287
2371981,568663,4823736,5392399,8.482591622806478
2372020,568663,4823772,5392435,8.482654929193565
2372040,568678,4823804,5392482,8.482487453356732
2372151,568678,4824020,5392698,8.482867281660273
2372421,568678,4824402,5393080,8.483539015048938
2372453,568694,4824449,5393143,8.483382979247187
2372486,568709,4824493,5393202,8.483236593758846
2372595,568709,4824691,5393400,8.483584750724887
2372620,568724,4824739,5393463,8.483445397064305
2373060,568791,4826141,5394932,8.484910977845992
2373225,568897,4826491,5395388,8.483945248436887
2373245,568900,4826532,5395432,8.483972578660573
2373305,568900,4826581,5395481,8.484058709790824
2373320,568900,4826588,5395488,8.484071014238003
2373513,568900,4827032,5395932,8.48485146774477
2373599,568923,4827122,5396045,8.484666642058768
2373603,568929,4827133,5396062,8.484596496223606
2373845,568943,4827302,5396245,8.48468475752404
2373855,568947,4827311,5396258,8.484640924374327
2374004,569001,4827568,5396569,8.484287373835897
2374016,569008,4827592,5396600,8.484225177853387
2376253,569042,4838506,5407548,8.502897852882564
2376297,569042,4838643,5407685,8.503138608397974
2376317,569042,4838664,5407706,8.503175512528074
2376475,569042,4839166,5408208,8.504057696971401
2376499,569042,4839196,5408238,8.504110417157257
2376630,569056,4839416,5408472,8.504287802957881
2376654,569067,4839460,5408527,8.50420073559001
2376800,569090,4839659,5408749,8.50420671598517
2377573,569139,4840462,5409601,8.50488544977589
2377846,569139,4841575,5410714,8.506841035318262
2377881,569139,4841587,5410726,8.506862119798503
2377912,569149,4841621,5410770,8.506772391763844
2377963,569174,4841716,5410890,8.506565654790977
2378005,569197,4841795,5410992,8.506360715182968
2378553,569251,4841980,5411231,8.505878777551555
2378607,569251,4842099,5411350,8.506087824175978
2378618,569253,4842129,5411382,8.506110639733125
2378816,569352,4842421,5411773,8.505144444912814
2378860,569369,4842466,5411835,8.504969536451757
2378867,569369,4842466,5411835,8.504969536451757
2379039,569399,4842711,5412110,8.504951712243962
2379434,569448,4843142,5412590,8.504976749413467
2379484,569464,4843294,5412758,8.505004706179847
2380213,569464,4844131,5413595,8.50647450936319
2380269,569464,4844246,5413710,8.506676453647641
2380384,569548,4844447,5413995,8.505774754717777
2380434,569559,4844615,5414174,8.50590544614342
2380482,569559,4844758,5414317,8.506156517586414
2380515,569578,4844808,5414386,8.505960553251706
2380580,569590,4844945,5414535,8.506021875384048
2380726,569654,4845338,5414992,8.505756125648201
2380792,569667,4845438,5415105,8.505737562470706
2380826,569688,4845517,5415205,8.50556269396582
2380902,569734,4845689,5415423,8.50517785492879
2380945,569739,4845783,5415522,8.505268201755541
2381224,569807,4846314,5416121,8.50518508898627
2381226,569807,4846316,5416123,8.505188598946662
2381292,569807,4846413,5416220,8.50535883202558
2381302,569810,4846421,5416231,8.50532809182008
2381406,569850,4846594,5416444,8.505034658243398
2381482,569866,4846899,5416765,8.505331077832333
2381902,570001,4847762,5417763,8.504830693279485
2381929,570013,4847806,5417819,8.504728839517695
2381971,570027,4847884,5417911,8.504656796958741
2382190,570118,4848283,5418401,8.503999172101214
2382578,570121,4849056,5419177,8.505310276239605
2382615,570128,4849102,5419230,8.505286532147167
2383307,570415,4849880,5420295,8.5023710807044
2383420,570455,4850005,5420460,8.50199402231552
2383519,570589,4850213,5420802,8.500361906731465
2383607,570624,4850362,5420986,8.500101643113505
2383634,570636,4850394,5421030,8.499978970832545
2384024,570770,4850710,5421480,8.498537063966221
2384079,570804,4850814,5421618,8.498213046860219
2384112,570820,4850867,5421687,8.498067692092079
2385945,570820,4853357,5424177,8.502429837777234
2385994,570845,4853422,5424267,8.50217134248351
2386123,570866,4853540,5424406,8.502065283271381
2386274,570943,4853820,5424763,8.501409072359237
2386709,570958,4854228,5425186,8.501900314909328
2387616,570963,4856472,5427435,8.505756064753758
2387638,570964,4856477,5427441,8.505749924688772
2388169,570964,4857086,5428050,8.506816541848522
2388266,570990,4857215,5428205,8.506655107795233
2388422,571057,4857431,5428488,8.506035299453469
2388447,571064,4857467,5428531,8.505994074219352
2388479,571083,4857530,5428613,8.505821395488923
2388533,571113,4857660,5428773,8.505602218825347
2388543,571113,4857676,5428789,8.505630234296891
2388725,571178,4857887,5429065,8.505031706403258
2388741,571178,4857913,5429091,8.50507722636376
2388804,571213,4858020,5429233,8.504743414453102
2388809,571215,4858028,5429243,8.504727641956181
2388855,571215,4858140,5429355,8.50492371523857
2389308,571419,4859238,5430657,8.503808938799725
2389349,571433,4859351,5430784,8.503798345562823
2389363,571439,4859368,5430807,8.503738806766776
2389392,571457,4859414,5430871,8.503551448315447
2389424,571475,4859484,5430959,8.503406098254517
2389451,571484,4859572,5431056,8.503426167661736
2389494,571484,4859627,5431111,8.503522408326392
2389527,571506,4859681,5431187,8.503289554265397
2389567,571518,4859737,5431255,8.503208997791846
2389597,571536,4859771,5431307,8.503000685871056
2389611,571536,4859773,5431309,8.50300418521318
2390392,571536,4860916,5432452,8.505004059236864
2391814,572421,4863486,5435907,8.49634447373524
2391834,572439,4863565,5436004,8.496215317265246
2391896,572439,4863692,5436131,8.496437174965367
2391924,572439,4863734,5436173,8.4965105452284
2392102,572451,4864187,5436638,8.497123771292216
2392146,572451,4864287,5436738,8.497298458732713
2392265,572451,4864557,5437008,8.497770114822055
2392325,572486,4864654,5437140,8.497420024245134
2392348,572497,4864693,5437190,8.497324876811582
2392643,572497,4865400,5437897,8.498559817780704
2392779,572503,4865968,5438471,8.499462884910647
2392816,572503,4866069,5438572,8.499639303200158
2393058,572646,4866618,5439264,8.498475497951613
2393066,572646,4866633,5439279,8.498501692144885
2393098,572663,4866679,5439342,8.498329733193868
2393153,572663,4866778,5439441,8.498502609737315
2393208,572707,4866831,5439538,8.497942228748732
2393238,572715,4866887,5439602,8.497921304662878
2393283,572722,4866914,5439636,8.497864583515213
2393643,572858,4867475,5440333,8.496826438663684
2393646,572858,4867484,5440342,8.496842149363367
2393676,572867,4867519,5440386,8.496769756330876
2393713,572867,4867555,5440422,8.496832598142326
2393735,572867,4867588,5440455,8.496890203136156
2393898,572876,4868522,5441398,8.498387085512396
2393913,572881,4868539,5441420,8.498342587727644
2394348,572881,4869306,5442187,8.499681434713317
2395230,573367,4871298,5444665,8.495951109847619
2395255,573373,4871353,5444726,8.495958128478321
2395277,573389,4871387,5444776,8.495780351558889
2395457,573461,4871691,5445152,8.49524379164407
2395479,573461,4871729,5445190,8.49531005595847
2395516,573464,4871776,5445240,8.495347571948718
2395609,573502,4871965,5445467,8.495114228023617
2395677,573524,4872107,5445631,8.495035953159762
2395705,573531,4872135,5445666,8.494981090821595
2395745,573535,4872178,5445713,8.494996817979722
2395943,573535,4872341,5445876,8.495281020338776
2395965,573536,4872392,5445928,8.49535513027953
2396219,573673,4872714,5446387,8.493887632850074
2396283,573687,4872799,5446486,8.493828516246664
2396294,573696,4872816,5446512,8.493724899598394
2396317,573708,4872891,5446599,8.493677968583322
2396419,573708,4872891,5446599,8.493677968583322
2396433,573708,4872913,5446621,8.493716315617004
2396444,573711,4872937,5446648,8.493713733918296
2396574,573795,4873134,5446929,8.492813635531853
2396588,573799,4873170,5446969,8.492817171169696
2396599,573808,4873187,5446995,8.492713590608705
2396680,573808,4873476,5447284,8.493217243398488
2396699,573808,4873498,5447306,8.493255583749269
2396722,573808,4873527,5447335,8.493306123302569
2396728,573810,4873530,5447340,8.493281748313901
2397002,573810,4873914,5447724,8.493950959376797
2397122,573897,4874040,5447937,8.492882869225662
2397126,573899,4874043,5447942,8.49285849949207
2397265,573984,4874232,5448216,8.491930088643587
2397485,573984,4874756,5448740,8.492843006076825
2397518,574010,4874826,5448836,8.492580268636434
2397534,574019,4874843,5448862,8.492476729864343
2397546,574019,4874875,5448894,8.49253247714797
2397568,574026,4874905,5448931,8.492481176810806
2397586,574033,4874919,5448952,8.492402004762793
2397940,574192,4875573,5449765,8.491189358263439
2398000,574202,4875705,5449907,8.491271364432725
2398317,574205,4876635,5450840,8.492846631429542
2398494,574205,4876949,5451154,8.493393474455987
2398648,574210,4877418,5451628,8.494136291600634
2398669,574220,4877447,5451667,8.494038870119466
2398696,574220,4877502,5451722,8.494134652223886
2398778,574245,4877642,5451887,8.494008654842446
2398791,574245,4877655,5451900,8.494031293263328
2398845,574275,4877801,5452076,8.493841800531104
2399116,574315,4878337,5452652,8.494183505567502
2399138,574323,4878364,5452687,8.494112198188128
2400080,574323,4880290,5454613,8.497465711803288
2400228,574362,4880537,5454899,8.497318764124367
2400265,574382,4880617,5454999,8.497162167338113
2401987,574427,4897856,5472283,8.526507284650616
2402065,574483,4898088,5472571,8.526079971034827
2402141,574506,4898179,5472685,8.52589703153666
2402291,574567,4898344,5472911,8.525279036213357
2402321,574573,4898390,5472963,8.525270070121637
2402350,574575,4898405,5472980,8.525266501327067
2402422,574592,4898655,5473247,8.525449362330141
2402422,574592,4898655,5473247,8.525449362330141
2402468,574619,4898676,5473295,8.525085317401617
2402592,574697,4898874,5473571,8.524272790705362
2402673,574730,4899012,5473742,8.524023454491674
2402693,574730,4899041,5473771,8.524073912967829
2402816,574761,4899192,5473953,8.523876880999232
2402880,574785,4899339,5474124,8.52377671651139
2402937,574827,4899426,5474253,8.523305272716835
2403024,574865,4899600,5474465,8.52304454089221
2403042,574865,4899653,5474518,8.523136736451168
2403103,574877,4899794,5474671,8.52320409409317
2403153,574880,4899815,5474695,8.523196145282494
2403218,574892,4899848,5474740,8.52307563855472
2403416,574892,4899987,5474879,8.5233174230986
2403451,574901,4900014,5474915,8.523230956286387
2403605,574930,4900066,5474996,8.522891482441342
2403868,574996,4900744,5475740,8.52309233455537
2407543,574996,4906715,5481711,8.533476754620901
2407581,575004,4906759,5481763,8.533434550020521
2407600,575010,4906772,5481782,8.533368115337124
2407616,575015,4906815,5481830,8.533368694729702
2407838,575032,4907380,5482412,8.534098971883305
2407995,575032,4907559,5482591,8.53441025890733
2408093,575033,4907848,5482881,8.534897997158424
2408173,575033,4908004,5483037,8.535169285936632
2408231,575073,4908080,5483153,8.5347077675356
2408248,575077,4908114,5483191,8.534707526122588
2408257,575077,4908114,5483191,8.534707526122588
2408291,575077,4908178,5483255,8.534818815567307
2408322,575077,4908228,5483305,8.534905760445993
2408417,575118,4908408,5483526,8.534610288671194
2408450,575118,4908440,5483558,8.534665929426657
2408493,575120,4908474,5483594,8.534695367923216
2408513,575120,4908519,5483639,8.534773612463486
2408557,575131,4908562,5483693,8.534685141298244
2408579,575131,4908622,5483753,8.534789465356589
2408626,575143,4908662,5483805,8.534680940218346
2408752,575143,4908999,5484142,8.535266881453829
2408871,575148,4909248,5484396,8.535625612885728
2408903,575154,4909285,5484439,8.535600899932888
2408940,575168,4909337,5484505,8.535483545677089
2409144,575187,4909710,5484897,8.53585008006092
2409266,575187,4909897,5485084,8.536175191720258
2409596,575187,4910619,5485806,8.537430435667009
2409617,575187,4910649,5485836,8.537482592617705
2409639,575189,4910656,5485845,8.53746507669653
2409891,575269,4911230,5486499,8.537275604977845
2410030,575278,4912019,5487297,8.538513553447203
2410053,575293,4912054,5487347,8.538351761624076
2410101,575302,4912089,5487391,8.538279025624803
2410281,575349,4912220,5487569,8.537809225357131
2410314,575366,4912290,5487656,8.537678625431464
2410409,575366,4912394,5487760,8.537859379942507
2410433,575374,4912442,5487816,8.53782409354611
2410570,575481,4912714,5488195,8.536709291879315
2410597,575485,4912744,5488229,8.536702086066535
2410760,575585,4912964,5488549,8.535601170982565
2410896,575605,4913019,5488624,8.535400144196107
2411251,575658,4913326,5488984,8.535147605001582
2411269,575671,4913353,5489024,8.53500176315986
2411401,575671,4913353,5489024,8.53500176315986
2411439,575690,4913411,5489101,8.534820823707204
2411490,575697,4913488,5489185,8.534850798249774
2411505,575697,4913509,5489206,8.534887275771803
2411590,575724,4913770,5489494,8.534940353363764
2411665,575788,4913945,5489733,8.534295608800461
2411670,575791,4913951,5489742,8.534261563657646
2412080,575791,4914806,5490597,8.535746477454493
2412130,575824,4914893,5490717,8.535408388674318
2412170,575850,4914964,5490814,8.535146305461492
2412261,575873,4915073,5490946,8.534994695010878
2412282,575875,4915096,5490971,8.535004992402865
2412309,575884,4915181,5491065,8.535019205256614
2412431,575947,4915315,5491262,8.534318261923406
2412464,575960,4915367,5491327,8.534215917772068
2412469,575964,4915377,5491341,8.53417401087568
2412540,575964,4915504,5491468,8.534394510768035
2412556,575976,4915520,5491496,8.534244482408988
2412607,575976,4915546,5491522,8.534289623178744
2412629,575998,4915607,5491605,8.534069562741537
2416241,576017,4921485,5497502,8.543992625217658
2416261,576017,4921506,5497523,8.544029082474996
2416313,576017,4921564,5497581,8.544129773947644
2416323,576033,4921613,5497646,8.543977515177081
2416356,576040,4921658,5497698,8.54395180890216
2416467,576040,4921763,5497803,8.544134087910562
2416862,576226,4922320,5498546,8.54234276134711
2416907,576241,4922459,5498700,8.542361616059948
2416997,576304,4922558,5498862,8.541599572447875
2417026,576311,4922603,5498914,8.541573907143885
2417105,576342,4922699,5499041,8.541281044935126
2417308,576366,4923071,5499437,8.54157080743833
2417505,576386,4923127,5499513,8.541371580850333
2417545,576399,4923171,5499570,8.541255276292985
2417576,576399,4923225,5499624,8.541348961396533
2417596,576399,4923246,5499645,8.541385394492357
2417800,576516,4923618,5500134,8.540297233728118
2417829,576539,4923689,5500228,8.54007968238055
2417841,576539,4923726,5500265,8.540143858438023
2417870,576539,4923757,5500296,8.54019762756726
2417923,576558,4923800,5500358,8.539990772827712
2418000,576578,4923991,5500569,8.540025807436288
2418009,576583,4924011,5500594,8.539986437338596
2418039,576583,4924072,5500655,8.540092233034967
2418110,576613,4924242,5500855,8.539942734555066
2418121,576626,4924256,5500882,8.539774481206189
2418128,576633,4924268,5500901,8.53969162361502
2418151,576641,4924301,5500942,8.539630376612138
2418164,576642,4924319,5500961,8.539646782579139
2418255,576683,4924428,5501111,8.539228657685419
2418307,576695,4924479,5501174,8.539139406445347
2418482,576754,4924774,5501528,8.538777364352914
2418522,576773,4924875,5501648,8.538671192999672
2418527,576774,4924879,5501653,8.53866332393624
2418569,576776,4924964,5501740,8.538781086591674
2418710,576793,4925026,5501819,8.53863691133561
2418986,576888,4925328,5502216,8.537754295461164
2419270,577048,4925837,5502885,8.536269079868573
2419289,577057,4925857,5502914,8.536170603597219
2419296,577057,4925867,5502924,8.536187932907842
2419304,577067,4925880,5502947,8.536062536932453
2419551,577067,4926701,5503768,8.537485248679962
2419560,577067,4926721,5503788,8.537519906700608
2419614,577087,4926811,5503898,8.537379979101939
2419635,577090,4926819,5503909,8.537349460222842
2419656,577101,4926877,5503978,8.537287233950384
2419695,577121,4926956,5504077,8.537128262530734
2419778,577121,4927206,5504327,8.537561447252829
2419876,577124,4927346,5504470,8.537759649572708
2419905,577137,4927366,5504503,8.53760199051525
2419920,577138,4927412,5504550,8.537666901157088
2419966,577157,4927616,5504773,8.53773929797265
2420012,577160,4927717,5504877,8.537869914755007
2420055,577174,4927953,5505127,8.538071708011795
2420099,577199,4928027,5505226,8.537830107120767
2420108,577205,4928041,5505246,8.537765611870999
2420137,577220,4928086,5505306,8.53762170402966
2420146,577226,4928116,5505342,8.537584932071667
2420177,577230,4928147,5505377,8.537579474386293
2420187,577237,4928182,5505419,8.53753657509827
2420214,577262,4928215,5505477,8.537223998808166
2420227,577269,4928239,5505508,8.537162050967574
2420243,577269,4928265,5505534,8.53720709062846
2420311,577302,4928425,5505727,8.536996234206706
2420340,577307,4928449,5505756,8.536963868444346
2420353,577324,4928465,5505789,8.536740201342747
2422652,577353,4933378,5510731,8.54482093277423
2422748,577397,4933505,5510902,8.544389735312098
2422791,577432,4933588,5511020,8.544015572396404
2422861,577433,4933671,5511104,8.544144515467595
2422864,577433,4933680,5511113,8.544160101691451
2422898,577454,4933751,5511205,8.543972333727016
2422941,577479,4933818,5511297,8.543718472879533
2422953,577481,4933826,5511307,8.543702736540249
2422966,577486,4933836,5511322,8.543646079731802
2423010,577486,4933870,5511356,8.543704955617972
2423231,577704,4934480,5512184,8.541536842396798
2423245,577704,4934489,5512193,8.541552421309182
2423250,577704,4934497,5512201,8.541566269231302
2423317,577711,4934588,5512299,8.541620291114416
2423429,577774,4934675,5512449,8.540839497796716
2424734,578451,4938420,5516871,8.537317767624224
2424823,578451,4938606,5517057,8.537639316035412
2424841,578457,4938639,5517096,8.537607808359136
2424869,578464,4938668,5517132,8.537554627427117
2425306,578689,4939471,5518160,8.535622761103115
2425320,578694,4939541,5518235,8.535669974114127
2425386,578694,4939697,5518391,8.535939546634317
2425433,578714,4939727,5518441,8.535696388889848
2425497,578721,4939862,5518583,8.535826417220042
2425540,578741,4939937,5518678,8.535661029717957
2425549,578745,4939964,5518709,8.535648688109616
2425564,578746,4939973,5518719,8.535649490450043
2425835,578775,4940051,5518826,8.53535657207032
2425956,578853,4940331,5519184,8.534690154495182
2426058,578908,4940424,5519332,8.53403995108031
2426065,578912,4940433,5519345,8.533996531424465
2426287,578983,4940631,5519614,8.53329199648349
2426610,579115,4941546,5520661,8.53292696614662
2426651,579145,4941620,5520765,8.532612730835973
2426670,579152,4941648,5520800,8.53255794679117
2426686,579157,4941667,5520824,8.532517089493869
2426936,579157,4942251,5521408,8.533525451647826
2427017,579157,4942440,5521597,8.533851788029843
2427027,579161,4942454,5521615,8.53381702151906
2427172,579161,4942704,5521865,8.534248680418743
2427199,579176,4942738,5521914,8.534086357169496
2427219,579176,4942779,5521955,8.53415714739561
2427249,579184,4942835,5522019,8.534135956794387
2427342,579184,4942978,5522162,8.534382855879997
2427405,579212,4943092,5522304,8.53416710979745
2427442,579238,4943168,5522406,8.533915247273141
2427658,579290,4943285,5522575,8.533351171261371
2427849,579290,4943734,5523024,8.53412625800549
2428237,579471,4944371,5523842,8.532559869260066
2428275,579485,4944407,5523892,8.532415852006523
2428298,579485,4944452,5523937,8.532493507165846
2428321,579492,4944482,5523974,8.532442208002871
2428367,579492,4944532,5524024,8.532528490470964
2428482,579526,4944737,5524263,8.532381636026685
2428505,579538,4944780,5524318,8.53227916029665
2428525,579545,4944805,5524350,8.532219240956268
2428589,579552,4944901,5524453,8.532281831483628
2428607,579560,4944939,5524499,8.53222962247222
2428693,579602,4945105,5524707,8.53189775052536
2428752,579619,4945159,5524778,8.531740677928088
2428782,579633,4945203,5524836,8.531610519069826
2428795,579646,4945224,5524870,8.531455405540623
2428945,579670,4945567,5525237,8.531693894802215
2428965,579681,4945631,5525312,8.531642403321827
2429290,579686,4946338,5526024,8.532788440638553
2430078,580063,4948045,5528108,8.530185514332064
2430358,580111,4948272,5528383,8.529871007445127
2430369,580117,4948294,5528411,8.5298207085812
2430420,580134,4948398,5528532,8.529750023270486
2430487,580162,4948639,5528801,8.529753758432989
2430488,580162,4948641,5528803,8.529757205745982
2430579,580165,4948854,5529019,8.530080235794989
2431110,580165,4949463,5529628,8.531129937173045
2431164,580165,4949600,5529765,8.531366076891919
2431178,580177,4949615,5529792,8.531215473898483
2431206,580197,4949687,5529884,8.531045489721594
2431236,580206,4949733,5529939,8.530992440615918
2431252,580206,4949759,5529965,8.531037252286257
2432379,580652,4952631,5533283,8.529430708927206
2432400,580652,4952660,5533312,8.529480652783423
2432402,580652,4952660,5533312,8.529480652783423
2432444,580660,4952711,5533371,8.529450969586334
2432479,580660,4952723,5533383,8.529471635724866
2432482,580660,4952732,5533392,8.529487135328765
2432535,580675,4952832,5533507,8.52943901493951
2432586,580675,4952858,5533533,8.529483790416325
2432591,580676,4952864,5533540,8.529479434314489
2432686,580711,4953171,5533882,8.529494016817315
2432694,580711,4953193,5533904,8.529531901410513
2432785,580781,4953329,5534110,8.528738026898262
2432963,580819,4953757,5534576,8.52891692592701
2433298,580819,4954408,5535227,8.530037757029298
2433309,580826,4954433,5535259,8.529977996852757
2433314,580828,4954440,5535268,8.529960676826875
2433430,580867,4954567,5535434,8.529606605298632
2433576,580948,4954841,5535789,8.52888898834319
2433642,580948,4954908,5535856,8.529004317081736
2433660,580962,4954952,5535914,8.528874521913654
2433716,580988,4955032,5536020,8.528630539701336
2433769,580994,4955190,5536184,8.528814411164316
2433841,581039,4955314,5536353,8.528367286877472
2434569,581065,4955815,5536880,8.528847891371878
2434657,581065,4956045,5537110,8.52924371627959
2435434,581065,4957183,5538248,8.531202189083837
2435538,581104,4957300,5538404,8.530830970015694
2435551,581111,4957308,5538419,8.530741975285272
2435598,581137,4957409,5538546,8.530534108136292
2435646,581174,4957480,5538654,8.530113184691675
2435887,581221,4957642,5538863,8.529702127073866
2435918,581238,4957693,5538931,8.529540394812452
2435935,581247,4957748,5538995,8.529502947972205
2435992,581261,4957816,5539077,8.52941449710199
2436014,581267,4957840,5539107,8.529367743222993
2436165,581267,4958080,5539347,8.529780634372845
2436228,581283,4958163,5539446,8.529688637032221
2436252,581283,4958188,5539471,8.529731645343146
2436544,581283,4958689,5539972,8.530593531894104
2436576,581292,4958743,5540035,8.530554351341495
2436591,581298,4958780,5540078,8.530529951935153
2436620,581305,4958808,5540113,8.53047539587652
2436670,581318,4958847,5540165,8.530351717992561
2436687,581324,4958877,5540201,8.530315280291198
2436757,581324,4958972,5540296,8.530478700346107
2436775,581324,4958992,5540316,8.530513104568193
2436941,581324,4959350,5540674,8.531128940143535
2436970,581341,4959416,5540757,8.53099299722538
2438282,581346,4962710,5544056,8.536585785401465
2438424,581383,4962916,5544299,8.536396833068734
2438508,581428,4963082,5544510,8.536021657023742
2438715,581506,4963276,5544782,8.535210298775937
2438755,581523,4963346,5544869,8.535081157581041
2438840,581523,4963346,5544869,8.535081157581041
2438889,581523,4963407,5544930,8.535186054549863
2438933,581543,4963452,5544995,8.53496989904444
2438985,581553,4963562,5545115,8.53501228606851
2439007,581555,4963646,5545201,8.535127374023093
2439048,581579,4963734,5545313,8.53492646742747
2439072,581579,4963796,5545375,8.535033073752663
2439162,581596,4963979,5545575,8.535098246893032
2439183,581596,4964009,5545605,8.535149829090985
2439215,581606,4964040,5545646,8.535056378372987
2439345,581668,4964256,5545924,8.534517972451638
2439389,581685,4964358,5546043,8.534443900048995
2439677,581804,4964844,5546648,8.533533629882228
2439703,581804,4964884,5546688,8.533602381558051
2439739,581812,4964924,5546736,8.53355379400906
2440393,581905,4967475,5549380,8.536573839372407
2440412,581905,4967490,5549395,8.536599616775934
2440552,581905,4967753,5549658,8.53705158058446
2440561,581908,4967786,5549694,8.537064278202052
2440561,581908,4967965,5549873,8.53737188696495
2440592,581917,4968006,5549923,8.537310303703105
2440625,581922,4968022,5549944,8.537264444375706
2440673,581951,4968093,5550044,8.536961015618154
2440758,581998,4968256,5550254,8.536551671998874
2440889,582098,4968774,5550872,8.535975042003237
2440908,582098,4968855,5550953,8.536114193829905
2441058,582159,4969104,5551263,8.535647477750924
2441089,582165,4969183,5551348,8.53569520668539
2441145,582180,4969215,5551395,8.53553024837679
2441177,582196,4969268,5551464,8.535386708256326
2441307,582196,4969654,5551850,8.536049715216182
2441472,582196,4970015,5552211,8.536669781310762
2441475,582196,4970022,5552218,8.536681804753039
2441492,582196,4970057,5552253,8.536741921964424
2441869,582277,4970392,5552669,8.536129711460353
2441893,582277,4970441,5552718,8.536213863848307
2441946,582289,4970503,5552792,8.536144423130095
2442508,582458,4971319,5553777,8.535068622973673
2442671,582467,4972246,5554713,8.53652824966908
2443144,582869,4973805,5556674,8.533315376182298
2443176,582881,4973838,5556719,8.533196312797982
2443179,582881,4973847,5556728,8.53321175334245
2443218,582881,4973900,5556781,8.533302680993204
2443433,582881,4974397,5557278,8.534155342171044
2443496,582920,4974514,5557434,8.53378508200096
2443526,582923,4974535,5557458,8.53377718841082
2444381,583183,4975853,5559036,8.532232592513843
2444401,583183,4975889,5559072,8.53229432270831
2444560,583183,4976210,5559393,8.532844750275643
2444704,583308,4976485,5559793,8.53148765317808
2444744,583336,4976580,5559916,8.531241000041142
2446898,584023,4978435,5562458,8.524381745239486
2447084,584023,4978772,5562795,8.524958777308427
2447113,584029,4978817,5562846,8.524948247432919
2447115,584029,4978819,5562848,8.524951671920402
2447418,584118,4979267,5563385,8.52441972341205
2448628,584237,4982362,5566599,8.527980939242122
2448668,584251,4982401,5566652,8.527843341303653
2448738,584251,4982671,5566922,8.528305471449771
2448792,584290,4982800,5567090,8.527957007650311
2448797,584295,4982805,5567100,8.527892588504095
2448854,584305,4982869,5567174,8.527856171006581
2448870,584309,4982883,5567192,8.527821751847053
2448891,584319,4982900,5567219,8.527704900918847
2448904,584321,4982925,5567246,8.52771849719589
2448986,584368,4983045,5567413,8.527237973331873
2449020,584377,4983068,5567445,8.527146003350577
2449035,584382,4983099,5567481,8.527126092179431
2449062,584398,4983129,5567527,8.526943966269563
2449240,584492,4983366,5567858,8.525978114328339
2449247,584495,4983382,5567877,8.525961727645232
2449687,584608,4983701,5568309,8.524859392960753
2449727,584621,4983732,5568353,8.524722854635739
2449736,584623,4983755,5568378,8.524733033082859
2449752,584623,4983782,5568405,8.524779216691783
2450244,584795,4984266,5569061,8.523099547704751
2450599,584941,4985066,5570007,8.522339859917496
2450614,584941,4985122,5570063,8.522435596068663
2451265,584978,4985843,5570821,8.52312907493957
2451286,584989,4985873,5570862,8.52302009097607
2451343,585019,4985961,5570980,8.52273344968283
2451348,585019,4985961,5570980,8.52273344968283
2452198,585019,4987317,5572336,8.52505132311942
2452246,585029,4987357,5572386,8.52497397564907
2452247,585029,4987359,5572388,8.524977394283018
2452433,585143,4987754,5572897,8.52399157129112
2452964,585143,4988363,5573506,8.525032342521401
2454257,585196,4989213,5574409,8.525712752650394
2454298,585222,4989260,5574482,8.525414287227752
2454332,585233,4989293,5574526,8.525310431913443
2454356,585233,4989325,5574558,8.525365110989982
2454365,585235,4989345,5574580,8.525370150452382
2454421,585235,4989471,5574706,8.525585448580484
2454507,585259,4989562,5574821,8.525391322474324
2454600,585259,4989705,5574964,8.525635658742539
2454686,585262,4989903,5575165,8.525930267128226
2454840,585301,4990330,5575631,8.526091703243289
2455013,585404,4990674,5576078,8.52517919248929
2455052,585434,4990721,5576155,8.524822610234459
2455097,585453,4990798,5576251,8.524677471974693
2455125,585465,4990830,5576295,8.524557403089851
2455831,585465,4991968,5577433,8.526501157199833
2455994,585465,4992389,5577854,8.527220243737883
2455997,585465,4992398,5577863,8.527235616134185
2456000,585465,4992407,5577872,8.527250988530485
2456090,585518,4992602,5578120,8.526812156073767
2456100,585518,4992618,5578136,8.526839482304558
2456126,585534,4992650,5578184,8.52666113325614
2456134,585541,4992662,5578203,8.5265796929677
2456183,585554,4992742,5578296,8.526527015441786
2456213,585569,4992785,5578354,8.526382031835702
2456238,585579,4992830,5578409,8.526313272846192
2456364,585590,4993113,5578703,8.52663638381803
2456390,585590,4993130,5578720,8.526665414368415
2456757,585777,4993848,5579625,8.525169134329275
2456938,585838,4994163,5580001,8.524819147955577
2456948,585838,4994179,5580017,8.524846459260068
2457035,585838,4994398,5580236,8.52522028274028
2457087,585849,4994487,5580336,8.525212128039819
2457718,586071,4995475,5581546,8.523668634005094
2457754,586086,4995509,5581595,8.523508495340275
2457764,586091,4995518,5581609,8.523451136427619
2457798,586113,4995559,5581672,8.523201157455986
2457825,586116,4995584,5581700,8.523200185628783
2457867,586137,4995620,5581757,8.522956237193693
2457887,586142,4995635,5581777,8.522909124410125
2457903,586147,4995665,5581812,8.522887603280406
2458010,586199,4995832,5582031,8.522416449021579
2458012,586199,4995834,5582033,8.522419860832242
2458066,586213,4995943,5582156,8.52240226675287
2458116,586226,4996021,5582247,8.52234633059605
2458132,586226,4996047,5582273,8.52239068209189
2458325,586349,4996356,5582705,8.521129907273654
2458377,586373,4996407,5582780,8.520868116369614
2458447,586384,4996542,5582926,8.520938497639772
2458532,586429,4996777,5583206,8.52068536856124
2458653,586429,4996921,5583350,8.520930922583979
2458898,586429,4997935,5584364,8.522660032160756
2458929,586436,4997967,5584403,8.522612868241376
2458937,586437,4997977,5584414,8.52261538750113
2458972,586449,4998026,5584475,8.522524550301902
2459069,586523,4998319,5584842,8.52194884088092
2459070,586523,4998319,5584842,8.52194884088092
2459611,586748,4999235,5585983,8.520242080075262
2459656,586766,4999297,5586063,8.52008637173933
2460007,586964,4999963,5586927,8.518346951431434
2460056,586964,5000046,5587010,8.51848835703723
2460072,586964,5000072,5587036,8.518532652769165
2460099,586975,5000108,5587083,8.518434345585417
2460131,586993,5000159,5587152,8.518260013322134
2460206,587000,5000265,5587265,8.518339011925043
2460216,587000,5000282,5587282,8.51836797274276
2460625,587000,5000282,5587282,8.51836797274276
2460641,587009,5000302,5587311,8.518271440471953
2460682,587009,5000359,5587368,8.518368542901387
2460728,587034,5000437,5587471,8.518138642736195
2460730,587034,5000440,5587474,8.51814375317273
2460757,587039,5000506,5587545,8.51818363004843
2460870,587039,5000841,5587880,8.518754290600794
2460980,587082,5000964,5588046,8.518339857123877
2461108,587122,5001220,5588342,8.518195536873087
2461461,587222,5001856,5589078,8.517828010530941
2461473,587232,5001877,5589109,8.517718721050624
2461661,587322,5002322,5589644,8.517171159942928
2461664,587322,5002331,5589653,8.517186483734646
2461674,587322,5002347,5589669,8.517213726031036
2461760,587322,5002446,5589768,8.517382287739945
2461773,587328,5002458,5589786,8.51731570774763
2461794,587328,5002488,5589816,8.517366786531547
2461815,587328,5002534,5589862,8.51744510733355
2462116,587328,5002536,5589864,8.517448512585812
2462214,587364,5002746,5590110,8.517284001062373
2462242,587380,5002797,5590177,8.517138819844053
2462256,587380,5002823,5590203,8.517183084204433
2462269,587385,5002855,5590240,8.517165062097261
2462291,587397,5002878,5590275,8.51703021976619
2462423,587468,5003108,5590576,8.516392382223373
2462447,587468,5003140,5590608,8.516446853275413
2462468,587473,5003151,5590624,8.516393093810269
2462488,587488,5003194,5590682,8.51624884252955
2462489,587488,5003194,5590682,8.51624884252955
2462699,587488,5003614,5591102,8.516963750748952
2462710,587492,5003624,5591116,8.516922783629393
2462728,587492,5003645,5591137,8.516958528796987
2462760,587508,5003694,5591202,8.51680998386405
2462843,587608,5003877,5591485,8.515672012634273
2462865,587614,5003915,5591529,8.515649729244027
2463118,587729,5004708,5592437,8.515332746895252
2463144,587747,5004744,5592491,8.515133212079347
2463168,587751,5004757,5592508,8.515097379672685
2463202,587778,5004808,5592586,8.51479300007826
2463222,587778,5004838,5592616,8.514844039756507
2463229,587778,5004842,5592620,8.51485084504694
2463232,587780,5004843,5592623,8.514823573445847
2463247,587783,5004869,5592652,8.514824348441516
2463313,587816,5004982,5592798,8.514538563087768
2463795,587883,5005936,5593819,8.515190947858672
2463799,587891,5005949,5593840,8.51509718638319
2463869,587891,5006219,5594110,8.515556455193225
2463977,587905,5006271,5594176,8.515442120750802
2464084,587928,5006533,5594461,8.515554625736485
2464463,588086,5007066,5595152,8.514173097132051
2464555,588086,5007121,5595207,8.514266620868376
2464626,588116,5007313,5595429,8.51415877139884
2464948,588254,5007697,5595951,8.512814192508678
2465231,588387,5008462,5596849,8.512190106171618
2465305,588428,5008713,5597141,8.51202356108139
2465589,588428,5009035,5597463,8.512570781811878
2465773,588428,5009402,5597830,8.513194477489174
2465786,588428,5009432,5597860,8.513245460787045
2465809,588438,5009484,5597922,8.513189155017182
2465824,588438,5009491,5597929,8.513201050917854
2465925,588536,5009737,5598273,8.512201462612312
2465932,588539,5009755,5598294,8.512188656996393
2465948,588539,5009781,5598320,8.512232834187708
2465965,588544,5009791,5598335,8.512177509243148
2465974,588546,5009807,5598353,8.512175768758942
2466023,588560,5009860,5598420,8.512063341035748
2466040,588561,5009898,5598459,8.51211344278673
2466059,588561,5009919,5598480,8.512149123030579
2466177,588561,5010135,5598696,8.512516119824452
2466228,588593,5010297,5598890,8.512328553006917
2466383,588722,5010738,5599460,8.511212422841341
2466421,588722,5010823,5599545,8.511356803380883
2466490,588722,5010823,5599545,8.511356803380883
2466518,588732,5010852,5599584,8.511261490797171
2466552,588741,5010911,5599652,8.511231594198467
2466579,588741,5010937,5599678,8.511275756232367
2467461,588741,5014712,5603453,8.517687743846615
2467485,588741,5014767,5603508,8.51778116353371
2467494,588745,5014774,5603519,8.517735182464394
2467657,588754,5015706,5604460,8.519187980039202
2467735,588806,5015894,5604700,8.518754903992146
2467766,588815,5015932,5604747,8.518689231762098
2467818,588827,5016010,5604837,8.518648091884373
2467859,588836,5016109,5604945,8.518686017838583
2467906,588838,5016201,5605039,8.518813323868365
2468104,588883,5016323,5605206,8.518369523317874
2468148,588889,5016349,5605238,8.51832688333455
2468256,588889,5016906,5605795,8.519272732212691
2468297,588895,5016978,5605873,8.519308195858345
2468604,588895,5017725,5606620,8.520576673260939
2468685,588895,5017916,5606811,8.520901009517825
2468738,588895,5017994,5606889,8.521033460973518
2468762,588907,5018038,5606945,8.520934544843243
2468806,588925,5018071,5606996,8.52073014390627
2468849,588936,5018112,5607048,8.52064061290191
2468852,588936,5018112,5607048,8.52064061290191
2469236,588937,5019565,5608502,8.523093302000044
2469260,588970,5019613,5608583,8.522697251133334
2469417,588994,5019875,5608869,8.522794799267905
2469528,589008,5019986,5608994,8.522780675304919
2469583,589008,5020082,5609090,8.52294366120664
2469585,589011,5020093,5609104,8.522918926811213
2469672,589011,5020205,5609216,8.523109076061397
2469773,589068,5020392,5609460,8.522601804885005
2469834,589077,5020491,5609568,8.522639654917779
2469896,589093,5020575,5609668,8.522550768724123
2469899,589093,5020584,5609677,8.522566046447675
2469932,589111,5020634,5609745,8.522390517236989
2469961,589123,5020663,5609786,8.522266148155818
2469970,589125,5020680,5609805,8.522266072565245
2469979,589129,5020689,5609818,8.522223485857936
2470053,589179,5020804,5609983,8.521695443999192
2470074,589179,5020834,5610013,8.521746362310944
2470107,589194,5020897,5610091,8.521636337097798
2470227,589204,5021123,5610327,8.52187527579582
2470238,589210,5021137,5610347,8.521812257090001
2470258,589210,5021167,5610377,8.521863172722798
2470278,589217,5021206,5610423,8.521828121048781
2470286,589217,5021229,5610446,8.521867155903513
2470294,589217,5021256,5610473,8.521912979428631
2470414,589217,5021414,5610631,8.522181131908956
2470532,589217,5021764,5610981,8.522775140567907
2470794,589303,5022470,5611773,8.522729393877173
2470984,589303,5022891,5612194,8.523443797163768
2471040,589303,5022935,5612238,8.523518461640277
2471058,589312,5022954,5612266,8.523420531059948
2471100,589327,5023004,5612331,8.52328842900461
2471136,589348,5023068,5612416,8.523093316682164
2471150,589352,5023101,5612453,8.523091463166326
2471273,589352,5023466,5612818,8.523710787441122
2471308,589363,5023521,5612884,8.523645020131905
2471362,589363,5023581,5612944,8.523746824961865
2471881,589392,5024037,5613429,8.52410110758205
2472045,589426,5024322,5613748,8.524092931088889
2472089,589444,5024444,5613888,8.524039603422887
2472131,589444,5024493,5613937,8.524122732609035
2472140,589446,5024509,5613955,8.52412095425196
2472215,589473,5024669,5614142,8.52400194750226
2472255,589491,5024707,5614198,8.523806131052043
2472309,589518,5024812,5614330,8.523593851247968
2472328,589528,5024835,5614363,8.523488282151146
2472459,589528,5024835,5614363,8.523488282151146
2472460,589528,5024839,5614367,8.523495067240233
2472476,589528,5024865,5614393,8.523539170319307
2472523,589546,5025015,5614561,8.52353336296065
2473087,589552,5025990,5615542,8.525100415230549
2473226,589651,5026257,5615908,8.524121895833298
2473235,589651,5026257,5615908,8.524121895833298
2473259,589667,5026304,5615971,8.523970308665739
2473328,589710,5026401,5616111,8.523513252276542
2473593,589832,5026927,5616759,8.522642040445415
2474152,589832,5028510,5618342,8.525325855497837
2474205,589855,5028578,5618433,8.52510871315832
2474251,589866,5028610,5618476,8.525003983955678
2474256,589868,5028618,5618486,8.524988641526578
2474279,589874,5028634,5618508,8.524929052645142
2474291,589877,5028650,5618527,8.524912820808407
2474318,589896,5028681,5618577,8.524690792953335
2474319,589896,5028687,5618583,8.524700964237764
2474322,589896,5028689,5618585,8.524704354665907
2474325,589896,5028698,5618594,8.524719611592552
2474374,589896,5028820,5618716,8.52492642770929
2474412,589911,5028860,5618771,8.524777466431377
2474456,589918,5028915,5618833,8.524769544241742
2474652,590011,5029148,5619159,8.523820742325142
2474815,590105,5029381,5619486,8.522857796493843
2474896,590137,5029519,5619656,8.522629491118163
2474917,590144,5029552,5619696,8.522584318403643
2474960,590177,5029643,5619820,8.522261965478153
2475119,590189,5029943,5620132,8.522596998588588
2475145,590189,5029995,5620184,8.522685105957583
2475158,590189,5030002,5620191,8.522696966564947
2475270,590252,5030203,5620455,8.52212783692389
2475338,590252,5030245,5620497,8.522198992972493
2475348,590252,5030257,5620509,8.522219323272093
2475413,590270,5030321,5620591,8.522067867247191
2475509,590310,5030493,5620803,8.521781775677187
2475939,590571,5031173,5621744,8.519167043420689
2475952,590571,5031180,5621751,8.51917889635624
2475971,590571,5031190,5621761,8.519195829121308
2476063,590634,5031334,5621968,8.518530934555072
2476077,590643,5031355,5621998,8.518436686797271
2476498,590810,5032217,5623027,8.517487855655794
2476618,590896,5032432,5623328,8.516612060328722
2476679,590896,5032550,5623446,8.516811757060465
2476686,590896,5032564,5623460,8.516835449893044
2476736,590899,5032682,5623581,8.516991905554079
2476855,590899,5032909,5623808,8.51737606596051
2476910,590929,5033023,5623952,8.517136576475346
2476960,590963,5033125,5624088,8.516819157882981
2477204,591080,5033385,5624465,8.515573188062529
2477297,591080,5033591,5624671,8.515921702646004
2477701,591080,5034208,5625288,8.51696555457806
2477767,591099,5034351,5625450,8.51693371161176
2477851,591127,5034517,5625644,8.516811108272842
2477933,591150,5034780,5625930,8.516924638416645
2478044,591194,5035031,5626225,8.516715325257023
2478055,591194,5035057,5626251,8.516759304052476
2478081,591207,5035084,5626291,8.516617699046188
2478190,591207,5035197,5626404,8.516808833454272
2478225,591218,5035258,5626476,8.516753549452147
2478234,591220,5035274,5626494,8.5167518013599
2478291,591242,5035343,5626585,8.51655159816116
2478326,591252,5035417,5626669,8.516532713631413
2478444,591275,5035829,5627104,8.516898228404719
2478468,591275,5035880,5627155,8.516984482685722
2478493,591297,5035906,5627203,8.516711567959925
2478558,591313,5035971,5627284,8.516591043998694
2479303,591622,5037157,5628779,8.514147546913401
2479428,591661,5037577,5629238,8.514296193259316
2479448,591670,5037613,5629283,8.514227525478729
2479481,591696,5037659,5629355,8.513931140315297
2479528,591696,5037705,5629401,8.514008882939889
2479661,591750,5037992,5629742,8.513716941275877
2479662,591750,5037995,5629745,8.513722010984369
2479669,591750,5037995,5629745,8.513722010984369
2479687,591750,5038015,5629765,8.51375580904098
2479715,591767,5038056,5629823,8.513580513952283
2479809,591802,5038234,5630036,8.513377785137596
2479864,591814,5038260,5630074,8.513249095154897
2479919,591829,5038289,5630118,8.513082326144882
2479927,591833,5038299,5630132,8.51304168574581
2479954,591837,5038320,5630157,8.513019632094649
2479992,591853,5038401,5630254,8.512926351644749
2480002,591858,5038438,5630296,8.51291694967374
2480005,591858,5038445,5630303,8.512928776834984
2480037,591875,5038584,5630459,8.512919112988385
2480069,591884,5038645,5630529,8.51289272898068
2480728,591884,5040056,5631940,8.515276642044725
2480792,591884,5040196,5632080,8.515513174878862
2480827,591905,5040251,5632156,8.515303976144821
2480912,591905,5040539,5632444,8.51579054071177
2481216,591954,5040724,5632678,8.515398155937792
2481217,591954,5040730,5632684,8.515408291860517
2481275,591990,5040836,5632826,8.515069511309312
2481353,591999,5040918,5632917,8.515078572767859
2481615,592115,5041550,5633665,8.514477761921249
2481736,592115,5041890,5634005,8.51505197470086
2482070,592291,5042546,5634837,8.513629280201792
2482181,592291,5042855,5635146,8.514150983216021
2482193,592291,5042881,5635172,8.514194880557023
2482234,592299,5042969,5635268,8.514228455560453
2482265,592320,5043051,5635371,8.51406503241491
2482281,592334,5043086,5635420,8.513922888100295
2482319,592338,5043146,5635484,8.513966687938305
2482499,592434,5043397,5635831,8.51301073199715
2482549,592439,5043493,5635932,8.513100926846477
2483225,592851,5045399,5638250,8.510399746310624
2483269,592863,5045438,5638301,8.51029327180141
2483381,592882,5045657,5638539,8.510389925819977
2483519,592948,5045982,5638930,8.509990758042864
2483916,592948,5046600,5639548,8.511033007953479
2483953,592971,5046631,5639602,8.510755163405967
2483981,592971,5046698,5639669,8.510868153754569
2484007,592979,5046742,5639721,8.510827533521423
2484063,592983,5046874,5639857,8.510992726604304
2484102,593013,5046949,5639962,8.510688635830917
2484151,593013,5046965,5639978,8.510715616689685
2484248,593013,5047292,5640305,8.511267037990736
2484257,593016,5047327,5640343,8.511283000795931
2484293,593028,5047365,5640393,8.511174851777657
2484348,593033,5047423,5640456,8.511200894385304
2484401,593037,5047518,5640555,8.511303679197082
2484419,593041,5047532,5640573,8.511269878473833
2484421,593041,5047542,5640583,8.511286740714386
2484441,593061,5047587,5640648,8.51107558918897
2484577,593115,5047935,5641050,8.510887433297084
2484603,593115,5047935,5641050,8.510887433297084
2484676,593138,5047979,5641117,8.5106315899504
2485184,593313,5048417,5641730,8.508859573277512
2485225,593345,5048510,5641855,8.508557416005866
2485334,593422,5048744,5642166,8.507847703657768
2485723,593555,5049287,5642842,8.506856146439674
2485964,593560,5049788,5643348,8.507628546398005
2485992,593564,5049833,5643397,8.507647027110808
2486096,593597,5049913,5643510,8.5073088307387
2486109,593624,5049995,5643619,8.507060024527311
2486158,593624,5050104,5643728,8.507243642440333
2486165,593626,5050110,5643736,8.507225087849926
2486174,593628,5050133,5643761,8.507235170847736
2486196,593645,5050171,5643816,8.507055563510178
2486333,593698,5050334,5644032,8.50657068071646
2486371,593706,5050387,5644093,8.506545327148453
2486524,593706,5050541,5644247,8.506804714791496
2487088,593706,5051522,5645228,8.50845704776438
2487126,593718,5051595,5645313,8.508408032096046
2487136,593722,5051605,5645327,8.508367552490897
2487148,593727,5051625,5645352,8.508329585819746
2487187,593739,5051676,5645415,8.508243521143129
2487201,593739,5051690,5645429,8.508267100527336
2487764,593868,5053635,5647503,8.50969407343046
2487787,593873,5053707,5647580,8.509743665733247
2487859,593908,5053768,5647676,8.50934488169885
2487867,593908,5053788,5647696,8.509378556948214
2487874,593908,5053839,5647747,8.509464428834095
2487963,593910,5054233,5648143,8.510099173275412
2488059,593910,5054333,5648243,8.510267548955229
2488073,593921,5054370,5648291,8.510172228292989
2488227,593998,5054698,5648696,8.509621244515975
2488291,594004,5055029,5649033,8.510092524629464
2488321,594025,5055058,5649083,8.509840494928664
2488372,594025,5055182,5649207,8.510049240351837
2488420,594032,5055292,5649324,8.510134134188057
2488440,594032,5055337,5649369,8.510209887682818
2488549,594042,5055889,5649931,8.510995855511899
2488657,594042,5056032,5650074,8.511236579231772
2488664,594042,5056032,5650074,8.511236579231772
2488749,594062,5056244,5650306,8.511306900626534
2488769,594062,5056289,5650351,8.51138265029576
2488800,594062,5056328,5650390,8.51144830000909
2488836,594072,5056406,5650478,8.511436324216593
2488863,594088,5056442,5650530,8.511267690981807
2488948,594088,5056604,5650692,8.511540377856479
2488976,594111,5056646,5650757,8.511281561863019
2489045,594156,5056765,5650921,8.510837221201166
2489093,594181,5056842,5651023,8.510608720238446
2489248,594181,5057068,5651249,8.510989075719351
2489269,594181,5057098,5651279,8.511039565384959
2489336,594198,5057208,5651406,8.510981188088818
2489398,594202,5057265,5651467,8.511019821542169
2489438,594228,5057470,5651698,8.51099241368633
2489556,594228,5057647,5651875,8.51129027915211
2489586,594245,5057711,5651956,8.511154490151368
2489685,594245,5058004,5652249,8.511647552777053
2489706,594255,5058030,5652285,8.511548072797032
2489727,594263,5058056,5652319,8.511477241558032
2489828,594326,5058203,5652529,8.510822343293075
2489879,594343,5058252,5652595,8.510661352114857
2489901,594345,5058259,5652604,8.510644490994288
2490208,594350,5059106,5653456,8.511997980987633
2490231,594350,5059140,5653490,8.512055186338017
2490246,594350,5059169,5653519,8.512103979136873
2490278,594373,5059247,5653620,8.511905823447567
2490317,594387,5059341,5653728,8.511863482882365
2490447,594449,5059685,5654134,8.51155439743359
2490842,594449,5060165,5654614,8.512361867881012
2490867,594456,5060180,5654636,8.51228686395629
2491442,594456,5061702,5656158,8.51484718801728
2491458,594456,5061715,5656171,8.514869056751046
2491461,594456,5061722,5656178,8.514880832223074
2491517,594469,5061825,5656294,8.514867890503963
2491573,594469,5061943,5656412,8.515066386977285
2491584,594473,5061972,5656445,8.51505787478994
2491637,594500,5062057,5656557,8.514814129520605
2492044,594635,5062600,5657235,8.513794176259387
2492048,594635,5062606,5657241,8.5138042664828
2492201,594643,5063038,5657681,8.514416212752861
2492219,594648,5063062,5657710,8.51438498069446
2492398,594723,5063194,5657917,8.513533191082235
2492622,594723,5063507,5658230,8.514059486517253
2492689,594747,5063584,5658331,8.513845382994786
2492739,594760,5063628,5658388,8.513733270562916
2492777,594773,5063651,5658424,8.51358585544401
2492802,594781,5063724,5658505,8.513594079165273
2492808,594781,5063772,5658553,8.513674781137931
2492824,594781,5063798,5658579,8.513718494706454
2492864,594800,5063832,5658632,8.513503698722259
2492899,594812,5063909,5658721,8.51346139620586
2493346,595006,5064606,5659612,8.51185702329052
2493376,595015,5064641,5659656,8.511787097804257
2493432,595027,5064775,5659802,8.511840639164273
2493550,595043,5065061,5660104,8.51209240340614
2493669,595100,5065164,5660264,8.511450176440935
2493686,595109,5065191,5660300,8.511366825237058
2493923,595166,5065358,5660524,8.510832272004786
2493950,595173,5065388,5660561,8.510782579182859
2494056,595238,5065699,5660937,8.51037568166011
2494065,595240,5065719,5660959,8.510380686781803
2494268,595379,5066231,5661610,8.509253769447696
2494307,595392,5066290,5661682,8.509167069762443
2494315,595392,5066319,5661711,8.509215777168656
2494366,595392,5066319,5661711,8.509215777168656
2494457,595417,5066419,5661836,8.509026447011086
2494524,595417,5066479,5661896,8.509127216723742
2494602,595450,5066564,5662014,8.508798387773952
2494629,595470,5066596,5662066,8.50856634255294
2494655,595470,5066639,5662109,8.508638554419198
2494717,595470,5066703,5662173,8.50874603254572
2494724,595470,5066718,5662188,8.508771222731625
2494735,595477,5066726,5662203,8.508684634335163
2494747,595477,5066745,5662222,8.508716541528893
2494754,595480,5066751,5662231,8.508683750923625
2494772,595480,5066761,5662241,8.508700544098879
2494781,595486,5066783,5662269,8.508651756716363
2495063,595486,5067059,5662545,8.509115243683311
2495118,595502,5067137,5662639,8.509017601955996
2495394,595650,5067646,5663296,8.507757911525225
2495410,595650,5067672,5663322,8.507801561319567
2495419,595654,5067701,5663355,8.507793114794831
2495523,595672,5067840,5663512,8.507769376435354
2495619,595672,5068104,5663776,8.508212573362522
2495633,595677,5068143,5663820,8.508206628760217
2495668,595695,5068211,5663906,8.508063690311317
2495761,595713,5068554,5664267,8.508382392192214
2497988,596576,5071807,5668383,8.501527047685459
2497995,596581,5071820,5668401,8.50147758644677
2498026,596582,5071885,5668467,8.5015722901462
2498061,596582,5072034,5668616,8.501822046256843
2498119,596605,5072119,5668724,8.501636761341256
2498135,596611,5072131,5668742,8.501571375653484
2498362,596673,5072780,5669453,8.501775679476028
2498388,596687,5072856,5669543,8.501703573230186
2498539,596735,5073133,5669868,8.501483908267488
2498612,596744,5073265,5670009,8.50157689059295
2498656,596756,5073318,5670074,8.501494748272325
2498684,596763,5073348,5670111,8.501445297379362
2498685,596763,5073350,5670113,8.501448648793575
2498754,596763,5073434,5670197,8.50158940819052
2498782,596763,5073454,5670217,8.50162292233265
2498784,596763,5073454,5670217,8.50162292233265
2499164,596763,5074170,5670933,8.50282272862091
2499188,596768,5074213,5670981,8.502823542817309
2499251,596768,5074301,5671069,8.502971003807176
2499258,596769,5074304,5671073,8.50296178253227
2499267,596769,5074309,5671078,8.502970160983564
2499337,596769,5074460,5671229,8.503223190212628
2499407,596769,5074614,5671383,8.50348124651247
2499448,596769,5074686,5671455,8.503601896211096
2499508,596799,5074872,5671671,8.503486098334616
2499552,596815,5074934,5671749,8.503362013354222
2500001,596815,5075475,5672290,8.504268491911228
2500326,596815,5076081,5672896,8.505283881939965
2502104,596818,5078584,5675402,8.509435037147004
2502130,596824,5078627,5675451,8.509421538007855
2502340,596831,5079046,5675877,8.51002377557466
2502552,596840,5080308,5677148,8.512009918906239
2502586,596847,5080348,5677195,8.511977106360591
2502617,596847,5080348,5677195,8.511977106360591
2502729,596860,5080652,5677512,8.51230104212043
2502819,596927,5080830,5677757,8.51164380234099
2503075,597015,5081540,5678555,8.511578436052696
2503114,597034,5081577,5678611,8.5113695367433
2503422,597034,5082299,5679333,8.512578848105804
2503441,597039,5082337,5679376,8.512571205566136
2503497,597060,5082480,5679540,8.512511305396442
2503541,597073,5082592,5679665,8.512513545244886
2503572,597073,5082687,5679760,8.512672654767508
2503603,597082,5082801,5679883,8.512735269192506
2503758,597082,5083122,5680204,8.513272883791506
2503764,597082,5083140,5680222,8.513303030404535
2503842,597082,5083392,5680474,8.513725082986927
2503857,597082,5083436,5680518,8.513798774707661
2503860,597082,5083441,5680523,8.513807148766835
2504115,597275,5083893,5681168,8.511812816541793
2504166,597308,5083984,5681292,8.51149490715008
2504195,597308,5084064,5681372,8.511628841401755
2504214,597308,5084074,5681382,8.511645583183215
2504222,597308,5084089,5681397,8.511670695855404
2504232,597313,5084097,5681410,8.51161283949956
2504754,597514,5084947,5682461,8.510172146594055
2504825,597523,5085118,5682641,8.510330146287256
2504988,597523,5085471,5682994,8.510920918525311
2504997,597525,5085486,5683011,8.51091753483118
2505099,597525,5085832,5683357,8.511496590100833
2505211,597557,5086011,5683568,8.511340340754105
2505252,597557,5086064,5683621,8.511429035221745
2505328,597558,5086407,5683965,8.511988794393181
2505455,597629,5086630,5684259,8.511350687466638
2506094,597848,5088453,5686301,8.511282131913129
2506107,597850,5088503,5686353,8.511337291962867
2506142,597850,5088588,5686438,8.511479468094004
2506193,597889,5088718,5686607,8.511141700215257
2506201,597893,5088725,5686618,8.51109646709361
2506241,597919,5088839,5686758,8.510917030567686
2506242,597919,5088841,5686760,8.510920375502367
2506263,597933,5088863,5686796,8.510757894279125
2506281,597948,5088893,5686841,8.510594566751625
2506362,597948,5089023,5686971,8.510811976961207
2507187,598015,5092920,5690935,8.51637500731587
2507763,598021,5093579,5691600,8.517391529728888
2507792,598043,5093617,5691660,8.517141743988308
2507808,598049,5093650,5691699,8.517111474143423
2507825,598054,5093706,5691760,8.517133904296267
2507854,598054,5093752,5691806,8.517210820427588
2507934,598056,5093853,5691909,8.517351217946146
2507946,598060,5093869,5691929,8.517321004581481
2507951,598063,5093896,5691959,8.517323425792934
2508042,598063,5093944,5692007,8.517403684896072
2508055,598069,5093957,5692026,8.517339972478092
2508088,598072,5093975,5692047,8.517327345202585
2508139,598082,5094042,5692124,8.51729695927983
2508308,598171,5094343,5692514,8.51653289778341
2508342,598171,5094366,5692537,8.516571348326817
2508432,598189,5094416,5692605,8.516398663298723
2508452,598193,5094423,5692616,8.516353417709668
2508519,598238,5094660,5692898,8.516108973351743
2508585,598278,5094743,5693021,8.515678330140837
2508608,598278,5094782,5693060,8.515743517227778
2508618,598282,5094790,5693072,8.5156999542022
2508622,598282,5094800,5693082,8.515716668728125
2508731,598358,5095029,5693387,8.515017765284329
2508747,598363,5095068,5693431,8.515011790501752
2508763,598370,5095083,5693453,8.51493724618547
2508780,598378,5095114,5693492,8.51487521265822
2508821,598388,5095165,5693553,8.514818144748892
2508852,598402,5095184,5693586,8.51465068632792
2508865,598404,5095212,5693616,8.514669019592114
2508893,598417,5095272,5693689,8.514584311608795
2508910,598419,5095300,5693719,8.51460264463528
2508934,598434,5095334,5693768,8.514446037491185
2509064,598434,5095334,5693768,8.514446037491185
2509097,598434,5095398,5693832,8.514552983286377
2509110,598441,5095418,5693859,8.514486808223367
2509139,598462,5095480,5693942,8.51429163422239
2509150,598463,5095489,5693952,8.514292445815364
2509169,598463,5095509,5693972,8.514325864756886
2509233,598478,5095577,5694055,8.514226086840285
2509257,598485,5095698,5694183,8.51432867991679
2509300,598513,5095778,5694291,8.514064022001193
2509357,598531,5095910,5694441,8.514028513143012
2509384,598540,5095942,5694482,8.513953954622917
2509408,598556,5095971,5694527,8.513774818062137
2509518,598594,5096197,5694791,8.513611897212467
2509546,598596,5096212,5694808,8.513608510581427
2509563,598596,5096242,5694838,8.513658627855849
2509615,598628,5096349,5694977,8.513382267451572
2509653,598649,5096429,5695078,8.513217260865716
2509794,598729,5096760,5695489,8.51263259337697
2509817,598740,5096796,5695536,8.512536326285199
2509833,598748,5096813,5695561,8.512450981047119
2509846,598753,5096846,5695599,8.512435010764039
2509985,598790,5097121,5695911,8.512368276023313
2510075,598825,5097194,5696019,8.511992652277376
2510199,598885,5097325,5696210,8.511358608080016
2510270,598888,5097449,5696337,8.51152302266868
2510285,598888,5097474,5696362,8.511564766700953
2510317,598896,5097494,5696390,8.51148446474847
2510409,598896,5097549,5696445,8.511576300392722
2510452,598907,5097598,5696505,8.511501785753047
2510682,598987,5097911,5696898,8.51088754847768
2510772,598987,5098177,5697164,8.511331631571302
2510783,598987,5098192,5697179,8.511356673851019
2510830,599005,5098232,5697237,8.511167686413302
2510856,599018,5098293,5697311,8.511084808803743
2510901,599032,5098396,5697428,8.511057839981838
2510982,599041,5098519,5697560,8.51113529791784
2511005,599053,5098573,5697626,8.511054948393548
2511061,599073,5098657,5697730,8.510911024199054
2511321,599127,5099090,5698217,8.51086664430079
2511356,599130,5099124,5698254,8.510880777126834
2511377,599143,5099180,5698323,8.510789577780264
2511479,599166,5099371,5698537,8.510781653164566
2511615,599301,5099779,5699080,8.509545286925935
2511629,599322,5099814,5699136,8.509305515232212
2511672,599339,5099879,5699218,8.509172605153344
2511703,599359,5099923,5699282,8.508962074482906
2511739,599368,5099949,5699317,8.508877684494333
2511786,599390,5100028,5699418,8.50869717546172
2511860,599404,5100158,5699562,8.508715323888396
2512142,599404,5100434,5699838,8.509175781276067
2512207,599404,5100562,5699966,8.50938932673122
2512221,599407,5100592,5699999,8.509396787157975
2512238,599412,5100626,5700038,8.50938252821098
2512249,599412,5100636,5700048,8.509399211227002
2512368,599462,5100862,5700324,8.509066462928425
2512390,599471,5100905,5700376,8.509010444208311
2512397,599471,5100912,5700383,8.509022121170165
2512427,599485,5100964,5700449,8.508910147876927
2512709,599485,5101291,5700776,8.509455616070461
2512719,599485,5101291,5700776,8.509455616070461
2512773,599525,5101382,5700907,8.509039656394645
2512783,599525,5101392,5700917,8.50905633626621
2512792,599531,5101452,5700983,8.509071257366175
2513603,599536,5103156,5702692,8.51184249152678
2513619,599536,5103182,5702718,8.51188585839716
2513633,599539,5103207,5702746,8.511884964948068
2513706,599541,5103463,5703004,8.512283563592815
2513711,599543,5103470,5703013,8.512266843245605
2513764,599582,5103543,5703125,8.51183491165512
2513793,599591,5103576,5703167,8.511762184555806
2514180,599717,5104449,5704166,8.511429557608006
2514202,599729,5104482,5704211,8.511314276948422
2514213,599731,5104503,5704234,8.511320908874145
2514273,599774,5104654,5704428,8.510962462527552
2514290,599774,5104681,5704455,8.511007479483938
2514303,599774,5104681,5704455,8.511007479483938
2514328,599784,5104730,5704514,8.5109472743521
2514395,599784,5104803,5704587,8.51106898483454
2514674,599825,5105332,5705157,8.511369149335223
2514880,599825,5105839,5705664,8.512214395865461
2514978,599876,5105974,5705850,8.511715754589282
2515038,599899,5106087,5705986,8.511577782260014
2515121,599947,5106204,5706151,8.511091813110157
2515207,600026,5106334,5706360,8.510187891858019
2515212,600029,5106348,5706377,8.510168675180699
2516274,600048,5108156,5708204,8.512912300349305
2516365,600048,5108376,5708424,8.513278937684985
2516433,600071,5108508,5708579,8.513172607908064
2516563,600090,5108716,5708806,8.513249679214784
2516886,600263,5109160,5709423,8.511535776817828
2516978,600311,5109295,5709606,8.511080090153271
2517001,600315,5109340,5709655,8.511098340038147
2517274,600315,5109359,5709674,8.511129990088536
2517298,600324,5109411,5709735,8.511089011933556
2517300,600324,5109413,5709737,8.51109234346786
2517467,600360,5109476,5709836,8.510686921180625
2517494,600370,5109503,5709873,8.51059013608275
2518322,600679,5110798,5711477,8.50836803017918
2518328,600681,5110806,5711487,8.508353019323069
2518340,600690,5110865,5711555,8.508323761008175
2518391,600690,5111040,5711730,8.50861509264346
2518516,600701,5111163,5711864,8.508664044175056
2518779,600701,5111755,5712456,8.509649559431397
2518842,600734,5111836,5712570,8.50931693561543
2518844,600736,5111841,5712577,8.509296929100303
2519607,600748,5113413,5714161,8.511743692862897
2519688,600748,5113615,5714363,8.512079940341042
2519734,600770,5113667,5714437,8.511854786357508
2519793,600770,5113761,5714531,8.51201125222631
2519873,600770,5113855,5714625,8.512167718095112
2521095,600800,5116135,5716935,8.515537616511319
2521096,600800,5116135,5716935,8.515537616511319
2521135,600816,5116215,5717031,8.515443996165216
2521469,600831,5116874,5717705,8.516328218750363
2521472,600831,5116883,5717714,8.516343198004098
2521510,600839,5116905,5717744,8.516266420788265
2521536,600851,5116940,5717791,8.51615458741019
2521635,600874,5117037,5717911,8.515990041173357
2521648,600874,5117060,5717934,8.516028318749022
2521691,600874,5117086,5717960,8.516071589051947
2521718,600877,5117116,5717993,8.516078997864788
2521794,600923,5117272,5718195,8.515686701956824
2521870,600972,5117401,5718373,8.515207031275999
2522030,600972,5117767,5718739,8.515816044674294
2522031,600972,5117769,5718741,8.515819372616361
2522221,600972,5118339,5719311,8.51676783610551
2522230,600973,5118356,5719329,8.516781951934613
2522300,601009,5118467,5719476,8.516456492332061
2522393,601039,5118616,5719655,8.516279309662101
2522487,601048,5118911,5719959,8.5166425975962
2522548,601048,5119029,5720077,8.516838921350708
2522618,601081,5119185,5720266,8.516630870049129
2522646,601094,5119223,5720317,8.516509896954553
2522706,601094,5119315,5720409,8.516662951218944
2522723,601108,5119373,5720481,8.51656108386513
2522760,601123,5119416,5720539,8.516420100378792
2522790,601137,5119450,5720587,8.516278319251684
2523095,601238,5120040,5721278,8.515829006150643
2523160,601283,5120181,5721464,8.515426180351016
2523312,601316,5120542,5721858,8.515559206806405
2523369,601324,5120595,5721919,8.515534054852292
2523439,601362,5120700,5722062,8.515170562822393
2523515,601392,5120766,5722158,8.514855535158432
2527864,603004,5129701,5732705,8.506910401921049
2527916,603030,5129806,5732836,8.506717742069217
2527998,603074,5129960,5733034,8.506352454259344
2528105,603091,5130009,5733100,8.506193924299982
2528295,603091,5130330,5733421,8.506726182284266
2528336,603097,5130351,5733448,8.506676372125877
2528360,603121,5130414,5733535,8.50644232251903
2528371,603121,5130424,5733545,8.506458902939874
2528421,603134,5130460,5733594,8.506335242251307
2528457,603172,5130539,5733711,8.505930315067676
2528476,603179,5130557,5733736,8.505861444115263
2528530,603186,5130659,5733845,8.505931835287955
2528755,603186,5131238,5734424,8.506891738203473
2528810,603201,5131292,5734493,8.506769716893706
2528851,603214,5131373,5734587,8.506720666297532
2528890,603222,5131419,5734641,8.506684106348906
2528934,603256,5131479,5734735,8.506304122959406
2528996,603262,5131622,5734884,8.506456564477789
2529816,603451,5132162,5735613,8.504687207412035
2529908,603451,5132406,5735857,8.505091548443867
2529925,603458,5132433,5735891,8.505037633107856
2529971,603462,5132494,5735956,8.50508234155589
2530011,603482,5132601,5736083,8.504977778956125
2530146,603519,5132684,5736203,8.5045938901675
2530211,603519,5132805,5736324,8.504794380955694
2530532,603522,5133398,5736920,8.505734670815645
2530544,603522,5133421,5736943,8.505772780445453
2530731,603554,5133751,5737305,8.505868571826216
2530747,603554,5133782,5737336,8.50591993425609
2531107,603590,5134663,5738253,8.506872214582746
2531131,603590,5134712,5738302,8.506953395516824
2531160,603605,5134752,5738357,8.50680826036895
2531171,603605,5134762,5738367,8.506824827494802
2531374,603651,5134940,5738591,8.506471454532504
2531385,603661,5134948,5738609,8.50634379229402
2531779,603661,5135721,5739382,8.507624312320988
2531882,603692,5135829,5739521,8.507366339126575
2531932,603701,5135903,5739604,8.507362088186039
2531939,603701,5135908,5739609,8.50737037043172
2532380,603764,5136130,5739894,8.506850358749444
2532396,603764,5136130,5739894,8.506850358749444
2532404,603769,5136141,5739910,8.506798129748297
2532434,603769,5136141,5739910,8.506798129748297
2532483,603800,5136207,5740007,8.506470685657503
2532565,603833,5136348,5740181,8.506239307888109
2532644,603849,5136475,5740324,8.50622423817875
2532671,603858,5136537,5740395,8.506200133143885
2532702,603873,5136600,5740473,8.506093168596708
2532872,603902,5136970,5740872,8.506297379376123
2532876,603904,5136978,5740882,8.506282455489615
2532890,603914,5137000,5740914,8.506178031971439
2532934,603914,5137143,5741057,8.506414820653271
2532954,603914,5137196,5741110,8.506502581493391
2532960,603914,5137244,5741158,8.506582063008972
2533240,603914,5137707,5741621,8.507348728461338
2533348,603921,5137815,5741736,8.507428951799987
2533397,603921,5137924,5741845,8.507609438982913
2533465,603921,5137966,5741887,8.50767898450294
2533481,603921,5137992,5741913,8.507722036491527
2533495,603925,5138008,5741933,8.507692180320404
2533658,603954,5138133,5742087,8.50749063670412
2533791,603984,5138392,5742376,8.507496887334764
2533803,603989,5138406,5742395,8.507449638983491
2533813,603989,5138422,5742411,8.50747612953216
2534019,603995,5139226,5743221,8.508722754327437
2534070,603999,5139436,5743435,8.509014087771668
2534112,604003,5139463,5743466,8.50900243872961
2534137,604010,5139497,5743507,8.508960116554361
2534158,604010,5139527,5743537,8.509009784606215
2534170,604012,5139535,5743547,8.508994854406867
2534183,604017,5139557,5743574,8.508960840506145
2534241,604018,5139623,5743641,8.509056021509293
2534279,604018,5139659,5743677,8.509115622382115
2534370,604018,5139903,5743921,8.50951958385346
2534389,604031,5139934,5743965,8.509387763210828
2534416,604040,5139956,5743996,8.509297397523342
2534451,604040,5139990,5744030,8.509353685186412
2534473,604040,5140043,5744083,8.509441427720018
2534567,604058,5140232,5744290,8.509500743306106
2534574,604059,5140236,5744295,8.509493277974503
2534641,604095,5140397,5744492,8.509252683766626
2534682,604101,5140458,5744559,8.50926914539125
2534723,604115,5140522,5744637,8.509177888315966
2534777,604134,5140571,5744705,8.508991382706485
2535520,604261,5143074,5747335,8.511345263056858
2536530,604868,5144812,5749680,8.50567727173532
2536591,604888,5144912,5749800,8.50556136011956
2536607,604888,5144927,5749815,8.505586158098689
2536633,604894,5144964,5749858,8.50556295813812
2536903,604903,5146630,5751533,8.508190569397076
2537069,604903,5147045,5751948,8.508876629806762
2537105,604903,5147083,5751986,8.508939449796083
2537123,604903,5147093,5751996,8.50895598137222
2537190,604907,5147391,5752298,8.509392352874078
2537191,604907,5147393,5752300,8.509395659167442
2537230,604915,5147437,5752352,8.509355859914203
2537261,604928,5147470,5752398,8.50922754443504
2538815,604944,5149300,5754244,8.512027559575762
2538825,604944,5149300,5754244,8.512027559575762
2538829,604944,5149306,5754250,8.512037477849189
2539002,605007,5149668,5754675,8.5117494508328
2539013,605007,5149678,5754685,8.511765979567178
2539019,605013,5149696,5754709,8.511711318599765
2539159,605112,5150095,5755207,8.510978132973731
2539251,605115,5150329,5755444,8.511322641150855
2539993,605262,5150690,5755952,8.509851931890653
2540013,605277,5150722,5755999,8.509693908739305
2540031,605293,5150752,5756045,8.509518530695052
2540282,605293,5151311,5756604,8.510442050378908
2540529,605293,5151666,5756959,8.511028543201391
2540577,605300,5151678,5756978,8.510949942177433
2540582,605305,5151693,5756998,8.510904420085742
2540605,605315,5151749,5757064,8.510856331001214
2540643,605338,5151851,5757189,8.510701459349983
2540649,605342,5151853,5757195,8.510648525957228
2540679,605356,5151905,5757261,8.51053760101494
2540732,605371,5152043,5757414,8.510554684647927
2540775,605394,5152167,5757561,8.510436178753011
2540778,605395,5152170,5757565,8.510427076536807
2540986,605450,5152329,5757779,8.509916590965398
2541030,605470,5152426,5757896,8.50979569590566
2541108,605474,5152550,5758024,8.509944275063834
2541127,605483,5152574,5758057,8.509857419613763
2541312,605483,5152852,5758335,8.510316557194834
2541322,605483,5152862,5758345,8.510333072935161
2541382,605483,5152902,5758385,8.510399135896465
2541735,605504,5153711,5759215,8.511440056547933
2541792,605550,5153826,5759376,8.510983403517464
2541829,605550,5153907,5759457,8.511117166212534
2542076,605550,5154728,5760278,8.512472958467509
2542095,605572,5154790,5760362,8.512266088920889
2542125,605581,5154858,5760439,8.512251870517733
2542173,605581,5154929,5760510,8.512369113297808
2542183,605585,5154949,5760534,8.512345913455585
2542200,605598,5154973,5760571,8.512202814408237
2542207,605600,5154979,5760579,8.51218461030383
2542464,605600,5155694,5761294,8.513365257595773
2542507,605607,5155752,5761359,8.513362626257623
2542805,605690,5156519,5762209,8.51346233221615
2542855,605699,5156597,5762296,8.513464608658756
2542994,605700,5157155,5762855,8.514371801221728
2543158,605752,5157369,5763121,8.513994175834334
2543186,605758,5157416,5763174,8.51398743392576
2543200,605760,5157428,5763188,8.51397913365029
2543251,605777,5157456,5763233,8.513786426358214
2543287,605801,5157546,5763347,8.513597699574612
2543299,605809,5157562,5763371,8.513511684375768
2543315,605809,5157577,5763386,8.513536444655
2543413,605809,5157867,5763676,8.514015143386777
2543427,605809,5157915,5763724,8.514094376280314
2543437,605809,5157931,5763740,8.514120787244824
2543461,605830,5158000,5763830,8.513939554000297
2543491,605844,5158052,5763896,8.513828642356778
2543532,605868,5158195,5764063,8.513727412571715
2543679,605897,5158488,5764385,8.513803501255165
2543707,605919,5158555,5764474,8.513604953797454
2543718,605919,5158577,5764496,8.513641262280933
2543765,605931,5158622,5764553,8.513546922009272
2543819,605940,5158706,5764646,8.513559098260554
2544034,606044,5159136,5765180,8.512807650929636
2544084,606062,5159206,5765268,8.512670320858263
2544096,606062,5159227,5765289,8.512704970778568
2544180,606062,5159351,5765413,8.512909570307988
2544508,606240,5159830,5766070,8.511200184745315
2544517,606242,5159850,5766092,8.511205096314672
2544536,606248,5159884,5766132,8.511176944088888
2544555,606257,5159985,5766242,8.511217190069559
2544785,606315,5160149,5766464,8.510673494800557
2544788,606315,5160153,5766468,8.51068009203137
2544793,606317,5160161,5766478,8.510665213081605
2544812,606322,5160199,5766521,8.510657703332553
2545129,606475,5160657,5767132,8.509265839482254
2545159,606495,5160707,5767202,8.509067675743411
2545219,606507,5160823,5767330,8.509090579333792
2545242,606512,5160862,5767374,8.509084733690347
2545255,606521,5160889,5767410,8.509002985881775
2545308,606521,5160971,5767492,8.509138183179148
2545318,606521,5160987,5767508,8.509164563139612
2545334,606521,5161002,5767523,8.509189294352545
2545425,606550,5161148,5767698,8.509023163795236
2545727,606769,5161778,5768547,8.506990304382722
2545753,606780,5161822,5768602,8.506908599492402
2545766,606786,5161846,5768632,8.506864034437182
2545845,606849,5162013,5768862,8.506256086769525
2545895,606873,5162094,5768967,8.506053161040283
2546177,607004,5162886,5769890,8.50552220413704
2546263,607055,5162997,5770052,8.504990486858686
2546314,607067,5163102,5770169,8.50499533000476
2546348,607076,5163164,5770240,8.504971370965086
2546376,607091,5163213,5770304,8.504841942970659
2546396,607100,5163256,5770356,8.504786690825235
2546509,607152,5163424,5770576,8.504334993543626
2546528,607160,5163431,5770591,8.504234468673825
2546668,607160,5163694,5770854,8.504667632913895
2546722,607173,5163741,5770914,8.504562949933545
2546750,607180,5163775,5770955,8.504520899897889
2546922,607208,5164475,5771683,8.505281550967707
2547008,607268,5164693,5771961,8.504800187067325
2547028,607268,5164714,5771982,8.504834768174842
2547141,607301,5164984,5772285,8.50481721584519
2547146,607303,5164996,5772299,8.50480896685839
2547154,607312,5165022,5772334,8.504725742287325
2547175,607312,5165024,5772336,8.504729035487525
2547207,607312,5165122,5772434,8.504890402297336
2547421,607352,5165243,5772595,8.504529498544501
2548974,607359,5167075,5774434,8.507447819164613
2549546,607372,5167868,5775240,8.508571353305717
2549664,607372,5168045,5775417,8.508862772732362
2549695,607372,5168125,5775497,8.508994487727456
2549782,607372,5168237,5775609,8.509178888720587
2549817,607372,5168249,5775621,8.50919864596985
2549965,607421,5168380,5775801,8.50872788395528
2550026,607435,5168527,5775962,8.508773778264342
2550162,607522,5168838,5776360,8.508067197566508
2550434,607570,5169353,5776923,8.508242671626315
2550452,607570,5169396,5776966,8.50831344536432
2550476,607570,5169451,5777021,8.508403969912932
2550497,607574,5169503,5777077,8.508433540605754
2550791,607713,5169982,5777695,8.507275638335859
2550852,607725,5170088,5777813,8.507282076597145
2550973,607725,5170284,5778009,8.507604590892262
2551011,607741,5170355,5778096,8.507497437230663
2551032,607750,5170377,5778127,8.507407651172358
2551062,607764,5170415,5778179,8.507274205119092
2551824,607764,5172010,5779774,8.509898579053711
2551909,607798,5172082,5779880,8.509540998818686
2551929,607799,5172097,5779896,8.509551677445998
2551956,607812,5172133,5779945,8.509428902357966
2552745,607820,5173823,5781643,8.51209733144681
2552864,607859,5174184,5782043,8.512145086278233
2553279,607859,5175182,5783041,8.513786914399557
2553307,607867,5175210,5783077,8.513720929084815
2553308,607867,5175212,5783079,8.513724219278231
2553378,607872,5175311,5783183,8.513817053590229
2553821,607872,5176176,5784048,8.515240050536955
2553865,607879,5176241,5784120,8.515248922894195
2553867,607879,5176246,5784125,8.515257148215353
2553877,607879,5176246,5784125,8.515257148215353
2553888,607886,5176268,5784154,8.51519528332615
2553925,607910,5176360,5784270,8.515010445625174
2553971,607931,5176402,5784333,8.514785395053057
2553994,607935,5176410,5784345,8.514742530040218
2554062,607935,5176452,5784387,8.51481161637346
2554096,607967,5176530,5784497,8.514491740505653
2554144,607972,5176629,5784601,8.514584553236004
2554153,607974,5176644,5784618,8.51458121564409
2554325,607988,5176932,5784920,8.514858845898274
2554341,607988,5176958,5784946,8.514901609900196
2554347,607995,5176978,5784973,8.51483647069466
2554403,607995,5177170,5785165,8.51515226276532
2554417,608000,5177197,5785197,8.515126644736842
2554423,608000,5177213,5785213,8.515152960526315
2554449,608000,5177297,5785297,8.515291118421052
2554483,608002,5177336,5785338,8.515327252212986
2554839,608018,5178182,5786200,8.516494577463167
2554849,608018,5178198,5786216,8.516520892473578
2554885,608024,5178268,5786292,8.516551978211387
2555085,608047,5178661,5786708,8.516876162533489
2555109,608047,5178693,5786740,8.51692879004419
2555134,608050,5178737,5786787,8.516959131650358
2555196,608081,5178844,5786925,8.516700900044567
2555224,608111,5178958,5787069,8.516468210573398
2555289,608111,5179086,5787197,8.5166786984613
2555298,608113,5179109,5787222,8.516688510194651
2555341,608127,5179137,5787264,8.516538486204363
2555439,608147,5179329,5787476,8.516574117770867
2555495,608166,5179408,5787574,8.51643794621863
2555519,608172,5179433,5787605,8.51639503298409
2555566,608178,5179627,5787805,8.516629999769805
2555594,608187,5179671,5787858,8.516576316165915
2555692,608201,5179864,5788065,8.516697604903642
2555712,608210,5179897,5788107,8.516625836470956
2555715,608211,5179900,5788111,8.516616766220933
2556581,608919,5182442,5791361,8.510888968811944
2557035,609076,5183174,5792250,8.509896958671824
2558800,609399,5186395,5795794,8.510671989944191
2558807,609400,5186403,5795803,8.51067115195274
2558894,609485,5186517,5796002,8.509671279851021
2558910,609485,5186543,5796028,8.509713938817198
2558928,609485,5186543,5796028,8.509713938817198
2558993,609485,5186624,5796109,8.509846837904131
2559023,609485,5186644,5796129,8.509879652493499
2559087,609486,5186709,5796195,8.509972337346552
2559124,609505,5186782,5796287,8.50982682668723
2559163,609517,5186844,5796361,8.509761007486256
2559188,609526,5186872,5796398,8.509681293332852
2559195,609530,5186891,5796421,8.509656620674946
2559205,609530,5186907,5796437,8.509682870408348
2559339,609563,5187148,5796711,8.509617545684367
2559377,609563,5187254,5796817,8.509791440753459
2559401,609563,5187314,5796877,8.50988987192464
2559530,609570,5187660,5797230,8.5103597617993
2559542,609575,5187676,5797251,8.510316203912563
2559578,609593,5187748,5797341,8.510183023755195
2559598,609593,5187791,5797384,8.51025356262293
2559607,609595,5187814,5797409,8.510263371582772
2559687,609595,5187908,5797503,8.510417572322607
2559952,609595,5188364,5797959,8.51116560995415
2559967,609599,5188396,5797995,8.511162255843596
2559986,609599,5188443,5798042,8.511239355707605
2560228,609667,5188855,5798522,8.510965822325959
2560249,609669,5188855,5798524,8.510937902369974
2560285,609689,5188893,5798582,8.510721039743213
2560296,609694,5188915,5798609,8.510687328397523
2560320,609694,5188945,5798639,8.510736533408563
2560333,609696,5188974,5798670,8.510756180129114
2560365,609710,5189103,5798813,8.510772334388479
2560927,609717,5189988,5799705,8.512126117526655
2561012,609726,5190089,5799815,8.512166120519709
2561480,609878,5190511,5800389,8.510736573544216
2561617,609916,5190737,5800653,8.510576866322575
2561660,609916,5190809,5800725,8.510694915365395
2561675,609916,5190837,5800753,8.510740823326492
2561689,609921,5190877,5800798,8.510736636384056
2561735,609952,5190950,5800902,8.510423771050837
2561864,609952,5191333,5801285,8.511051689313257
2561925,609962,5191479,5801441,8.511151514356632
2562014,610017,5191670,5801687,8.510697242863724
2562040,610023,5191713,5801736,8.510684023389283
2562441,610102,5192355,5802457,8.510634287381455
2562463,610115,5192382,5802497,8.510497201347286
2562495,610141,5192419,5802560,8.510195184391804
2562500,610143,5192427,5802570,8.51018040033238
2562866,610195,5193431,5803626,8.511100549824237
2563028,610294,5193618,5803912,8.510026315185796
2563056,610299,5193647,5803946,8.510004112738182
2563680,610305,5194517,5804822,8.511345966361082
2563695,610309,5194529,5804838,8.511309844685233
2564190,610535,5195342,5805877,8.50949085638006
2564229,610538,5195373,5805911,8.509499818193135
2564391,610646,5195533,5806179,8.508256829652533
2564445,610661,5195596,5806257,8.50815100358464
2564466,610672,5195641,5806313,8.508071436057326
2564918,610672,5196473,5807145,8.509433869573192
2565020,610677,5196820,5807497,8.509932419265832
2565026,610677,5196833,5807510,8.509953707115217
2565351,610677,5197439,5808116,8.510946048402019
2565361,610677,5197455,5808132,8.510972248832035
2565481,610744,5197689,5808433,8.510421715153976
2565798,610873,5198084,5808957,8.509271157834771
2565961,610879,5199014,5809893,8.510709976934876
2566069,610879,5199230,5810109,8.511063565779802
2566093,610885,5199255,5810140,8.511020895913306
2566152,610894,5199295,5810189,8.510960985048143
2566469,611155,5200253,5811408,8.508893815807774
2566504,611165,5200273,5811438,8.508787316027586
2566612,611165,5200830,5811995,8.50969869020641
2566628,611188,5200886,5812074,8.509470081218872
2567391,611188,5202477,5813665,8.512073208243617
2567412,611194,5202509,5813703,8.512042003030134
2567444,611208,5202546,5813754,8.511907566654887
2567487,611238,5202685,5813923,8.511717203446121
2567496,611243,5202699,5813942,8.511670481297946
2567568,611262,5202809,5814071,8.511585866616933
2567570,611264,5202813,5814077,8.511564561302482
2567596,611264,5202870,5814134,8.51165781070045
2567642,611274,5202934,5814208,8.511623265507776
2567659,611281,5202951,5814232,8.511553606279273
2567913,611335,5203492,5814827,8.511686718411346
2567929,611340,5203509,5814849,8.511644911178722
2567940,611344,5203516,5814860,8.511600669999215
2568079,611356,5203644,5815000,8.511642970707738
2568143,611374,5203746,5815120,8.511559209256527
2568287,611374,5203945,5815319,8.511884705597556
2568505,611374,5204545,5815919,8.512866101600657
2568595,611384,5204645,5816029,8.512890425657197
2568676,611423,5204820,5816243,8.512633643157029
2568779,611448,5204950,5816398,8.512498200991745
2568900,611448,5205290,5816738,8.513054258088996
2568954,611462,5205374,5816836,8.512996719338242
2569127,611561,5205703,5817264,8.512156595989607
2569166,611561,5205747,5817308,8.51222854302351
2569262,611577,5205850,5817427,8.51217426423819
2569282,611577,5205871,5817448,8.512208601696925
2569305,611592,5205936,5817528,8.512106109955656
2569356,611609,5206038,5817647,8.512036284619748
2569486,611609,5206424,5818033,8.51266740679094
2569524,611609,5206530,5818139,8.512840720133287
2569568,611630,5206641,5818271,8.512729918414728
2569647,611630,5206798,5818428,8.512986609551525
2569704,611644,5206835,5818479,8.512852247385734
2569909,611771,5207286,5819057,8.511822234136629
2569920,611774,5207316,5819090,8.511829531820574
2569970,611808,5207368,5819176,8.511441497986297
2570374,611936,5208796,5820732,8.511994718401924
2570400,611942,5208839,5820781,8.511981527661119
2570463,611974,5208921,5820895,8.511670430443123
2571389,611974,5210843,5822817,8.514811086745516
2571431,611992,5210948,5822940,8.514732218721813
2571514,611995,5211143,5823138,8.51500910955155
2571737,612054,5211402,5823456,8.514611455851934
2571819,612057,5211894,5823951,8.515373568148064
2571946,612143,5212194,5824337,8.514667324465035
2572031,612196,5212305,5824501,8.51411149370463
2572066,612199,5212390,5824589,8.514208615172517
2572126,612211,5212488,5824699,8.514201802973158
2572137,612213,5212511,5824724,8.51421155708879
2572153,612213,5212537,5824750,8.514254025968086
2572292,612272,5212882,5825154,8.51399704706405
2572335,612283,5212964,5825247,8.513978013434963
2572376,612283,5213049,5825332,8.514116838128773
2572391,612287,5213069,5825356,8.514093880810796
2572591,612339,5213722,5826061,8.514437264325807
2572709,612377,5213935,5826312,8.514256740537283
2573295,612732,5215086,5827818,8.511202287460097
2574490,612732,5216802,5829534,8.514002859325121
2574508,612732,5216812,5829544,8.514019179673985
2574532,612741,5216881,5829622,8.514006733677034
2574595,612764,5216953,5829717,8.513804662153781
2574616,612768,5216981,5829749,8.513794780406288
2574654,612771,5217007,5829778,8.513795528835406
2574687,612784,5217069,5829853,8.513716089192929
2574719,612786,5217101,5829887,8.513740522792622
2574756,612786,5217137,5829923,8.51379927087107
2575260,612944,5218211,5831155,8.5133568482602
2575284,612958,5218244,5831202,8.513216239938137
2575305,612960,5218267,5831227,8.513225985382407
2575385,612960,5218361,5831321,8.513379339598016
2575617,612960,5218919,5831879,8.514289676324719
2575678,612987,5219070,5832057,8.514160985469513
2575800,613003,5219411,5832414,8.514495035097708
2576057,613003,5219743,5832746,8.515036631142099
2576242,613007,5219819,5832826,8.515105047740075
2576375,613043,5219909,5832952,8.51475182001915
2576376,613043,5219911,5832954,8.514755082433043
2576419,613057,5219970,5833027,8.514656875298709
2576443,613066,5220039,5833105,8.514644426538089
2576523,613105,5220314,5833419,8.514551341124276
2576529,613109,5220317,5833426,8.514500684217651
2576661,613180,5220528,5833708,8.513858899507486
2576685,613196,5220568,5833764,8.513701981095767
2576748,613232,5220660,5833892,8.513352206016647
2576766,613248,5220719,5833967,8.51322629670215
2576815,613273,5220780,5834053,8.51297872236345
2576846,613292,5220845,5834137,8.512820972717726
2577617,613292,5221976,5835268,8.514665118736263
2577664,613301,5222095,5835396,8.514734200661666
2577751,613346,5222310,5835656,8.514460027455955
2577786,613355,5222446,5835801,8.514556822720936
2577944,613416,5223059,5836475,8.514709430468068
2578129,613425,5224128,5837553,8.516327179361781
2578295,613459,5224412,5837871,8.516318123949604
2578405,613514,5224595,5838109,8.515852938971237
2578486,613524,5224622,5838146,8.515758144750654
2578529,613540,5224671,5838211,8.51561593376145
2578552,613540,5224705,5838245,8.515671349871239
2578895,613544,5225503,5839047,8.516916472168255
2578914,613544,5225536,5839080,8.516970258041804
2579752,613961,5226892,5840853,8.513394173245532
2580276,613964,5228153,5842117,8.515406440768514
2580297,613969,5228161,5842130,8.51535012354044
2580316,613974,5228168,5842142,8.515292178496157
2580338,613981,5228205,5842186,8.515255358064826
2580353,613981,5228228,5842209,8.515292818507413
2580768,614215,5229070,5843285,8.513419568066556
2580878,614215,5229268,5843483,8.513741930757146
2580968,614221,5229528,5843749,8.514082064924514
2581026,614233,5229601,5843834,8.514034576455515
2581132,614234,5229728,5843962,8.514227476824793
2581227,614236,5230007,5844243,8.514653976647413
2581245,614242,5230060,5844302,8.514657089551024
2581254,614242,5230076,5844318,8.514683137916325
2581482,614242,5230550,5844792,8.515454820738405
2581871,614357,5230953,5845310,8.514516803747657
2581972,614403,5231123,5845526,8.5141560181184
2582364,614580,5232213,5846793,8.513477496827102
2582419,614593,5232326,5846919,8.513481279480892
2582455,614593,5232377,5846970,8.513564261226536
2582725,614600,5232750,5847350,8.514074194598113
2582783,614622,5232855,5847477,8.513940275486396
2582820,614626,5232898,5847524,8.513954827813988
2582963,614712,5233191,5847903,8.513240346698941
2583106,614741,5233333,5848074,8.513069731805752
2583381,614828,5234463,5849291,8.51370301938103
2583528,614878,5234579,5849457,8.513199366378371
2583553,614895,5234600,5849495,8.512998154156401
2583593,614912,5234729,5849641,8.512972587947544
2583860,614946,5235235,5850181,8.513324747213577
2583895,614946,5235287,5850233,8.51340930748391
2583896,614948,5235292,5850240,8.513389750027645
2584325,615057,5236100,5851157,8.513194712034819
2584399,615082,5236183,5851265,8.512983634702366
2584433,615083,5236221,5851304,8.5130315746005
2584465,615093,5236299,5851392,8.513019982344133
2584525,615107,5236398,5851505,8.51298717133767
2584565,615138,5236456,5851594,8.512652445467522
2584727,615138,5236817,5851955,8.51323930565174
2584842,615212,5237065,5852277,8.512618414465258
2584915,615212,5237163,5852375,8.512777709147416
2584936,615218,5237197,5852415,8.512749952049518
2584978,615218,5237297,5852515,8.512912496058307
2584991,615222,5237313,5852535,8.512883154373544
2585027,615222,5237355,5852577,8.512951422413373
2585029,615222,5237355,5852577,8.512951422413373
2585039,615222,5237367,5852589,8.51297092756761
2585050,615222,5237391,5852613,8.513009937876085
2585313,615286,5237609,5852895,8.512478749719643
2585333,615292,5237635,5852927,8.512437996918536
2585338,615295,5237647,5852942,8.512415995579357
2585434,615295,5237796,5853091,8.512658155843944
2587066,615890,5245681,5861571,8.517236844241667
2587068,615890,5245685,5861575,8.517243338907923
2587109,615898,5245730,5861628,8.517205771085472
2587184,615929,5245810,5861739,8.51690698116179
2588249,616362,5246864,5863226,8.512633809352296
2588365,616437,5247241,5863678,8.512209682416858
2588424,616437,5247362,5863799,8.512405971737582
2588533,616437,5247566,5864003,8.51273690579897
2588673,616479,5247769,5864248,8.51248623229664
2588690,616485,5247791,5864276,8.512439069888156
2588717,616485,5247817,5864302,8.512481244474724
2588946,616485,5248372,5864857,8.513381509687989
2589047,616509,5248622,5865131,8.513455602432405
2589509,616750,5249695,5866445,8.511868666396433
2589572,616792,5249763,5866555,8.511399304789945
2589902,616891,5250033,5866924,8.510471055664615
2590358,616982,5250414,5867396,8.509833350081525
2590484,617036,5250627,5867663,8.509433809372549
2590562,617046,5250722,5867768,8.509449862733087
2590869,617179,5251409,5868588,8.50872923414439
2590869,617179,5251409,5868588,8.50872923414439
2590872,617179,5251417,5868596,8.508742196348223
2590889,617180,5251420,5868600,8.508733270682782
2590946,617187,5251491,5868678,8.508751804558424
2590957,617190,5251500,5868690,8.508725027949254
2591056,617214,5251674,5868888,8.508676083173745
2591083,617214,5251724,5868938,8.508757092353706
2591104,617219,5251743,5868962,8.508718947407646
2591147,617246,5251820,5869066,8.508471500827872
2591296,617305,5251995,5869300,8.50794177918533
2591320,617316,5252030,5869346,8.507846872590376
2591375,617319,5252182,5869501,8.508051752821475
2591570,617372,5252310,5869682,8.507528686108213
2591830,617372,5252628,5870000,8.50804377263627
2591852,617377,5252663,5870040,8.508031559322747
2591885,617389,5252754,5870143,8.508013586247893
2591978,617389,5252940,5870329,8.50831485497798
2592063,617389,5253170,5870559,8.5086873915797
2592137,617389,5253354,5870743,8.508985420861078
2592169,617406,5253398,5870804,8.508822395635935
2592184,617406,5253405,5870811,8.508833733394233
2592204,617406,5253426,5870832,8.508867746669129
2592227,617424,5253452,5870876,8.508661794811992
2592247,617424,5253489,5870913,8.50872172121589
2592314,617424,5253616,5871040,8.508927414548188
2592334,617433,5253676,5871109,8.508900560870572
2592388,617463,5253777,5871240,8.508650720771932
2592453,617463,5253898,5871361,8.508846683930859
2592461,617468,5253902,5871370,8.508784260884775
2592526,617477,5253998,5871475,8.508815712973924
2592538,617490,5254031,5871521,8.508690019271567
2592627,617523,5254125,5871648,8.508387541840547
2592677,617551,5254192,5871743,8.50811026133874
2592744,617564,5254237,5871801,8.508004028732245
2592855,617564,5254453,5872017,8.50835379005253
2592876,617564,5254485,5872049,8.508405606544423
2592920,617589,5254521,5872110,8.508119477516601
2592921,617589,5254523,5872112,8.50812271591625
2592983,617618,5254661,5872279,8.507946659585699
2593034,617632,5254699,5872331,8.507815333402414
2593083,617647,5254733,5872380,8.507663762634644
2593292,617735,5255020,5872755,8.506916396189304
2593346,617747,5255140,5872887,8.506945399977662
2593475,617795,5255283,5873078,8.50651591547358
2593530,617817,5255396,5873213,8.506395906878573
2593764,617946,5255884,5873830,8.505409857819291
2593924,617946,5256160,5874106,8.50585649878792
2594119,617946,5256447,5874393,8.506320940664718
2594144,617946,5256502,5874448,8.506409945205569
2594169,617956,5256539,5874495,8.506332166044185
2594185,617964,5256550,5874514,8.506239845686803
2594204,617966,5256555,5874521,8.506220406947955
2594360,618030,5256720,5874750,8.505606523955148
2594455,618068,5256853,5874921,8.50529876971466
2594476,618068,5256882,5874950,8.50534569011824
2594500,618070,5256924,5874994,8.50538612131312
2594674,618079,5257242,5875321,8.505776769636244
2594754,618093,5257351,5875444,8.505760459995502
2594763,618093,5257368,5875461,8.505787963947173
2595119,618334,5258176,5876510,8.503779510749853
2595411,618449,5258495,5876944,8.502714047560914
2595896,618598,5258899,5877497,8.501319111927293
2596601,618731,5259982,5878713,8.501242058341994
2596746,618741,5260176,5878917,8.501418202446581
2596786,618750,5260219,5878969,8.50136404040404
2596795,618752,5260234,5878986,8.501360803682251
2596805,618758,5260255,5879013,8.501312306265131
2596819,618758,5260281,5879039,8.501354325923867
2597646,619061,5261762,5880823,8.499585662802211
2597701,619083,5261843,5880926,8.499414456542985
2597727,619095,5261894,5880989,8.499332089582374
2598087,619095,5261894,5880989,8.499332089582374
2598175,619111,5262044,5881155,8.499354719912908
2598362,619120,5263122,5882242,8.50097234784856
2598371,619122,5263142,5882264,8.500977190279137
2598415,619126,5263237,5882363,8.501075709952417
2598495,619126,5263359,5882485,8.501272761925682
2598537,619145,5263449,5882594,8.501157241034006
2598554,619149,5263469,5882618,8.501134621876156
2598567,619149,5263473,5882622,8.50114108235659
2598568,619149,5263477,5882626,8.501147542837023
2598601,619149,5263511,5882660,8.501202456920709
2598617,619154,5263551,5882705,8.501198409442562
2598643,619164,5263593,5882757,8.501128941605131
2598698,619213,5263766,5882979,8.500735611170954
2598718,619221,5263787,5883008,8.500659699848681
2598773,619236,5263825,5883061,8.500515150927917
2598802,619236,5263889,5883125,8.50061850409214
2598842,619244,5263935,5883179,8.500582968910479
2598957,619260,5264214,5883474,8.500813874624551
2599240,619260,5264887,5884147,8.501900655621226
2600959,619261,5282169,5901430,8.529794383951193
2601004,619261,5282230,5901491,8.529892888458987
2601035,619261,5282310,5901571,8.530022074698714
2601171,619340,5282439,5901779,8.529142312784577
2601178,619343,5282456,5901799,8.529128447403135
2601300,619483,5282732,5902215,8.527646440661004
2601374,619519,5282912,5902431,8.527441450544696
2601471,619571,5283095,5902666,8.527021116223969
2601579,619571,5283255,5902826,8.527279359427734
2601592,619575,5283270,5902845,8.527248517128676
2601593,619577,5283282,5902859,8.527240359148257
2601766,619577,5283471,5903048,8.527545405978595
2601786,619584,5283499,5903083,8.527494254209277
2602211,619693,5284238,5903931,8.527186848971992
2602213,619693,5284242,5903935,8.527193303781067
2602221,619697,5284255,5903952,8.527159240725709
2602228,619700,5284263,5903963,8.527130869775698
2602693,619700,5285787,5905487,8.529590124253671
2603396,619705,5286849,5906554,8.531235023115837
2603421,619714,5286881,5906595,8.531162762177392
2603536,619735,5287080,5906815,8.531194784867726
2603553,619735,5287098,5906833,8.531223829540046
2603611,619782,5287221,5907003,8.53077533713467
2603629,619784,5287246,5907030,8.530788145547481
2603778,619843,5287608,5907451,8.530560157975488
2603807,619845,5287644,5907489,8.530590712194178
2603879,619856,5287713,5907569,8.530550644020547
2603941,619885,5287801,5907686,8.530293522185566
2603947,619888,5287821,5907709,8.530284503006994
2603956,619890,5287844,5907734,8.530294084434335
2603957,619890,5287846,5907736,8.530297310813209
2604026,619912,5287909,5907821,8.530096207203604
2604079,619945,5288033,5907978,8.529842163417722
2604200,619969,5288264,5908233,8.529884558744067
2605194,619969,5289534,5909503,8.531933048265316
2605243,620003,5289671,5909674,8.531686137002563
2605254,620005,5289694,5909699,8.531695712131354
2606929,620020,5291885,5911905,8.535023063772137
2606979,620037,5291934,5911971,8.534868080453263
2607085,620069,5292139,5912208,8.53475822851973
2607100,620069,5292151,5912220,8.534777581204672
2607155,620095,5292208,5912303,8.534511647408864
2607171,620095,5292234,5912329,8.534553576468122
2607246,620146,5292314,5912460,8.533980707768816
2607249,620146,5292323,5912469,8.533995220480339
2607348,620157,5292362,5912519,8.533906736519945
2607454,620173,5292492,5912665,8.533896187031683
2607954,620173,5293081,5913254,8.534845922024983
2607977,620175,5293088,5913263,8.534829685169509
2607987,620175,5293104,5913279,8.534855484339097
2608023,620175,5293133,5913308,8.534902245333978
2608089,620197,5293245,5913442,8.534780077942976
2608128,620203,5293307,5913510,8.534797477600076
2608137,620203,5293327,5913530,8.534829725106135
2608967,620227,5294899,5915126,8.53703402141474
2609004,620236,5294930,5915166,8.5369601248557
2609025,620248,5294948,5915196,8.536823980085385
2609044,620264,5294977,5915241,8.53665052300311
2609111,620269,5295012,5915281,8.536638136034528
2609165,620274,5295133,5915407,8.536764397669417
2609255,620281,5295392,5915673,8.537085611198796
2609264,620283,5295412,5915695,8.537090328124421
2609360,620283,5295512,5915795,8.537251544859362
2609377,620298,5295541,5915839,8.537091849401417
2609481,620347,5295697,5916044,8.536668993321479
2609488,620351,5295712,5916063,8.536638129059194
2609736,620443,5296527,5916970,8.536685884118283
2609989,620443,5296907,5917350,8.537298349727534
2610005,620456,5296955,5917411,8.53719683587555
2610109,620479,5297186,5917665,8.53725267092037
2610119,620479,5297198,5917677,8.53727201081745
2610122,620480,5297211,5917691,8.537279203197524
2610151,620480,5297249,5917729,8.53734044610624
2610208,620480,5297249,5917729,8.53734044610624
2610262,620494,5297346,5917840,8.537304147985315
2610743,620555,5299057,5919612,8.539222147915979
2610789,620555,5299180,5919735,8.539420357583131
2610792,620555,5299189,5919744,8.539434860729509
2610899,620584,5299345,5919929,8.53928718755237
2610936,620606,5299409,5920015,8.5390876014734
2610968,620614,5299447,5920061,8.539038758390884
2610998,620617,5299468,5920085,8.53903131883271
2611034,620628,5299491,5920119,8.538917032425221
2611137,620712,5299728,5920440,8.538143293508101
2611255,620745,5300046,5920791,8.538201677017133
2611353,620776,5300117,5920893,8.537889673569854
2611382,620798,5300150,5920948,8.53764026301631
2611422,620801,5300179,5920980,8.537645718998519
2611869,620915,5300837,5921752,8.537137933533575
2612113,621014,5301150,5922164,8.536280985613852
2612167,621044,5301233,5922277,8.536002280031688
2612291,621116,5301610,5922726,8.535619755408007
2612332,621140,5301698,5922838,8.535431625720449
2612353,621164,5301747,5922911,8.535180725219105
2612356,621165,5301750,5922915,8.535171814252251
2612434,621195,5301826,5923021,8.534881961380886
2612480,621202,5301915,5923117,8.534929056892928
2612581,621254,5302169,5923423,8.534623519526635
2612582,621254,5302171,5923425,8.534626738821803
2612597,621254,5302178,5923432,8.53463800635489
2612910,621374,5302622,5923996,8.533704339093687
2612977,621374,5302682,5924056,8.533800899297363
2613008,621374,5302762,5924136,8.5339296462356
2613024,621376,5302779,5924155,8.5339295370275
2615848,621381,5307013,5928394,8.54067472291557
2615868,621385,5307033,5928418,8.54065193076756
2615886,621385,5307136,5928521,8.540817689516162
2615962,621385,5307284,5928669,8.541055867135512
2615971,621387,5307298,5928685,8.541050907083669
2616737,621387,5308193,5929580,8.542491233321586
2616804,621434,5308307,5929741,8.542028598370864
2616844,621480,5308402,5929882,8.541549205123253
2616894,621480,5308586,5930066,8.541845272575143
2616955,621494,5308631,5930125,8.541725262029884
2617023,621501,5308719,5930220,8.541770648800243
2617410,621772,5309381,5931153,8.539112407763618
2617520,621794,5309848,5931642,8.539561333817952
2617525,621797,5309851,5931648,8.539524957502207
2617591,621808,5309943,5931751,8.539521845971747
2617619,621821,5309977,5931798,8.53939799395646
2617649,621834,5310077,5931911,8.539380284770534
2618670,622356,5312012,5934368,8.535327047541921
2619052,622356,5312767,5935123,8.536540179575677
2619098,622386,5312841,5935227,8.536247601970482
2619150,622403,5312910,5935313,8.536125307879301
2619167,622403,5312955,5935358,8.536197608302016
2619183,622403,5312981,5935384,8.536239381879586
2619209,622403,5313007,5935410,8.536281155457155
2619233,622410,5313025,5935435,8.536214071110683
2619236,622410,5313038,5935448,8.536234957664561
2619305,622423,5313124,5935547,8.536194838558345
2619377,622423,5313311,5935734,8.536495277327477
2619408,622437,5313353,5935790,8.536370749168189
2619499,622437,5313380,5935817,8.536414127052216
2619559,622493,5313440,5935933,8.535742570599188
2619670,622568,5313661,5936229,8.535069261510388
2619698,622577,5313706,5936283,8.535018158396472
2619722,622583,5313732,5936315,8.534977665628519
2619784,622612,5313852,5936464,8.534772860144038
2619793,622615,5313859,5936474,8.53474297920866
2620383,623057,5315828,5938885,8.531848610961758
2620727,623063,5316950,5940013,8.533567231564064
2620743,623063,5316976,5940039,8.533608960891595
2620848,623063,5317232,5940295,8.53401983427037
2620867,623073,5317269,5940342,8.533942250747504
2620880,623079,5317290,5940369,8.533893775909636
2620957,623124,5317581,5940705,8.533744487453541
2620989,623129,5317666,5940795,8.533812420863097
2621319,623129,5318339,5941468,8.534892454050446
2621403,623129,5318648,5941777,8.535388338530224
2621580,623129,5318962,5942091,8.535892247030711
2621582,623130,5318966,5942096,8.535884967823728
2621587,623131,5318972,5942103,8.53588089823809
2621677,623134,5319392,5942526,8.536513815647998
2621707,623136,5319429,5942565,8.536545794176552
2621733,623151,5319471,5942622,8.536407708565019
2621998,623151,5320296,5943447,8.537731625240111
2622019,623151,5320326,5943477,8.53777976766466
2622140,623151,5320540,5943691,8.53812318362644
2622213,623168,5320604,5943772,8.537992964978946
2622237,623176,5320651,5943827,8.537958778900343
2622434,623253,5321098,5944351,8.537621158662693
2622447,623253,5321119,5944372,8.537654852844671
2622493,623286,5321183,5944469,8.537305506621358
2622499,623290,5321185,5944475,8.53725392674357
2622537,623296,5321219,5944515,8.537226293767327
2622591,623297,5321339,5944636,8.537405121474995
2622627,623297,5321373,5944670,8.537459670109113
2622630,623298,5321376,5944674,8.537450785980381
2622682,623318,5321419,5944737,8.537245835993827
2623236,623333,5322637,5945970,8.538994405879361
2623248,623343,5322656,5945999,8.538887899599418
2623464,623523,5323092,5946615,8.537122127010552
2623591,623554,5323465,5947019,8.537295887765936
2623647,623563,5323518,5947081,8.537257662818352
2623829,623604,5323797,5947401,8.537143764311967
2623851,623604,5323831,5947435,8.537198286091815
2623866,623610,5323849,5947459,8.537145010503359
2623912,623624,5323871,5947495,8.536988634177003
2623940,623632,5323890,5947522,8.53690958770557
2623960,623641,5323926,5947567,8.536844113841136
2623982,623647,5323958,5947605,8.536813293417591
2624006,623665,5323997,5947662,8.536629440484875
2624054,623675,5324169,5947844,8.536768348899667
2624097,623686,5324226,5947912,8.536709177374512
2624247,623750,5324407,5948157,8.536123446893788
2624271,623768,5324465,5948233,8.535970104269536
2624288,623776,5324500,5948276,8.535916739342328
2624301,623785,5324520,5948305,8.535825645053984
2624524,623807,5325080,5948887,8.536422322930008
2624525,623807,5325082,5948889,8.53642552904985
2624564,623825,5325130,5948955,8.536256161583777
2624567,623825,5325139,5948964,8.536270588706769
2624761,623830,5325708,5949538,8.537114277928282
2624983,623918,5326105,5950023,8.536546469247561
2624989,623920,5326108,5950028,8.53652391332222
2624991,623920,5326113,5950033,8.53653192717015
2625002,623923,5326132,5950055,8.536521333561994
2625028,623923,5326151,5950074,8.5365517860377
2625063,623935,5326215,5950150,8.536490179265469
2625092,623937,5326230,5950167,8.536486856846125
2625105,623937,5326256,5950193,8.536528527719947
2625269,623976,5326387,5950363,8.536204918137877
2625289,623983,5326448,5950431,8.536206915893542
2625301,623987,5326487,5950474,8.536214696780542
2625330,623993,5326588,5950581,8.536294477662409
2625640,623993,5327037,5951030,8.53701403701644
2625666,623993,5327101,5951094,8.537116602269577
2625908,623993,5327587,5951580,8.537895457160577
2626052,623994,5327866,5951860,8.538328894188085
2626053,623994,5327868,5951862,8.538332099347109
2626135,624027,5327985,5952012,8.5380680643626
2626246,624027,5328163,5952190,8.538353308430565
2626316,624027,5328300,5952327,8.538572850213212
2626368,624051,5328369,5952420,8.53835503829014
2626454,624103,5328505,5952608,8.537861538880602
2626484,624103,5328552,5952655,8.537936846962761
2626856,624103,5329270,5953373,8.53908729809022
2627142,624103,5329668,5953771,8.539725013339144
2627254,624103,5329932,5954035,8.540148020438934
2627257,624104,5329935,5954039,8.540139143476088
2629854,624104,5334140,5958244,8.546876802584185
2629886,624136,5334222,5958358,8.546569978338054
2629893,624143,5334234,5958377,8.546493351683829
2630106,624143,5334720,5958863,8.547272019392992
2630638,624148,5336047,5960195,8.549329646173664
2630647,624155,5336069,5960224,8.549269011703824
2630742,624155,5336350,5960505,8.549719220385962
2630761,624155,5336375,5960530,8.549759274539177
2630810,624171,5336468,5960639,8.549689107632364
2630833,624190,5336500,5960690,8.549480126243612
2631080,624315,5336917,5961232,8.548436286169641
2631337,624432,5337336,5961768,8.547505573064802
2631378,624432,5337433,5961865,8.547660914238861
2631448,624503,5337653,5962156,8.547041407327107
2631473,624511,5337684,5962195,8.54698155837127
2631508,624522,5337717,5962239,8.546883856773661
2631559,624535,5337737,5962272,8.54673797305195
2631780,624545,5337962,5962507,8.546961387890384
2631994,624545,5338271,5962816,8.5474561480758
2632040,624545,5338390,5962935,8.547646686787981
2632082,624545,5338390,5962935,8.547646686787981
2632108,624551,5338424,5962975,8.547619009496422
2632119,624551,5338442,5962993,8.547647830201216
2632210,624551,5338557,5963108,8.547831962481848
2632248,624563,5338587,5963150,8.547715762861392
2632257,624566,5338593,5963159,8.547684311986243
2632599,624683,5338946,5963629,8.546648460098963
2632616,624690,5338965,5963655,8.54658310522019
2632904,624690,5339532,5964222,8.547490755414685
2633329,624714,5340513,5965227,8.548732700083558
2633385,624743,5340616,5965359,8.548500743505729
2633435,624754,5340765,5965519,8.548588724521972
2633445,624754,5340791,5965545,8.548630340902179
2633508,624754,5340839,5965593,8.548707171142562
2633547,624760,5340911,5965671,8.548740316281451
2633600,624772,5340975,5965747,8.548678557937937
2633602,624773,5340977,5965750,8.548668076245292
2633641,624773,5341026,5965799,8.548746504730518
2633677,624785,5341044,5965829,8.548611122226045
2633703,624792,5341114,5965906,8.548627383193127
2633715,624794,5341119,5965913,8.548608021203789
2633724,624796,5341135,5965931,8.548606265084924
2633830,624801,5341523,5966324,8.549158852178534
2633856,624807,5341560,5966367,8.549135973188521
2633895,624807,5341676,5966483,8.549321630519504
2633904,624809,5341701,5966510,8.549334276554916
2633933,624823,5341759,5966582,8.54923554350592
2633965,624844,5341800,5966644,8.54901383385293
2634048,624851,5342016,5966867,8.549263744476683
2634118,624875,5342140,5967015,8.549133826765352
2634325,625004,5342421,5967425,8.547818893959079
2634361,625007,5342453,5967460,8.54782906431448
2634481,625025,5342676,5967701,8.547939682412704
2634836,625025,5343622,5968647,8.549453221871126
2634837,625025,5343624,5968649,8.54945642174313
2634873,625038,5343646,5968684,8.549313801720855
2635892,625038,5345151,5970189,8.551721655323357
2635916,625052,5345194,5970246,8.55159890697094
2636007,625106,5345415,5970521,8.551213714154079
2636024,625109,5345439,5970548,8.551211068789604
2636036,625120,5345462,5970582,8.551097389301255
2636059,625125,5345503,5970628,8.551094581083783
2636074,625125,5345503,5970628,8.551094581083783
2636112,625137,5345562,5970699,8.551024815360472
2636244,625148,5345836,5970984,8.551312649164677
2636270,625156,5345875,5971031,8.551265604105215
2636391,625165,5346524,5971689,8.55218062431518
2636426,625166,5346672,5971838,8.552403681582172
2636433,625169,5346675,5971844,8.552367439844266
2636455,625173,5346706,5971879,8.552362306113668
2636581,625186,5346866,5972052,8.552440393738824
2636677,625186,5347015,5972201,8.552678722812091
2636828,625193,5347311,5972504,8.553056416178684
2637077,625295,5347596,5972891,8.552117000775635
2637113,625295,5347665,5972960,8.552227348691417
2637125,625302,5347679,5972981,8.552153999187592
2637221,625364,5347821,5973185,8.551533187071849
2637309,625364,5347953,5973317,8.551744264140565
2637407,625364,5348243,5973607,8.552207994064258
2637436,625380,5348308,5973688,8.552093127378553
2637442,625380,5348308,5973688,8.552093127378553
2637491,625400,5348377,5973777,8.551929964822513
2637524,625409,5348442,5973851,8.55191082955314
2637526,625411,5348442,5973853,8.551883481422616
2637565,625421,5348477,5973898,8.551802705697442
2637819,625421,5349073,5974494,8.552755663784875
2637856,625434,5349104,5974538,8.552627455494905
2637869,625434,5349123,5974557,8.552657834399794
2637891,625434,5349123,5974557,8.552657834399794
2638111,625556,5349504,5975060,8.551598897620677
2638156,625571,5349524,5975095,8.551425817373248
2638393,625571,5349886,5975457,8.552004488699124
2638412,625592,5349920,5975512,8.551771761787235
2638456,625601,5349993,5975594,8.551765422369849
2638492,625634,5350129,5975763,8.551531726216925
2638800,625634,5350851,5976485,8.55268575556955
2638806,625636,5350855,5976491,8.552664808291082
2639013,625670,5350931,5976601,8.552321511339844
2702375,625670,5541013,6166683,8.856127031821886
2702391,625670,5541039,6166709,8.856168587274443
2702400,625672,5541059,6166731,8.856172243603677
2702429,625672,5541131,6166803,8.856287319873672
2702504,625689,5541228,6166917,8.856201723220321
2702528,625697,5541272,6166969,8.8561588116932
2702668,625697,5541569,6167266,8.856633482340493
2702692,625697,5541630,6167327,8.856730973618221
2702747,625709,5541717,6167426,8.856700159339246
2702766,625718,5541739,6167457,8.856607928811382
2702800,625729,5541832,6167561,8.856600860756014
2702868,625729,5541944,6167673,8.856779851980649
2702914,625729,5542087,6167816,8.857008385419247
2703331,625729,5543050,6168779,8.858547390323926
2703465,625794,5543328,6169122,8.85807150595883
2703493,625799,5543371,6169170,8.858069444022762
2704680,625802,5546105,6171907,8.862395773743133
2704689,625804,5546121,6171925,8.86239301762213
2704708,625804,5546136,6171940,8.862416986788196
2704727,625814,5546161,6171975,8.862315320526546
2704741,625826,5546187,6172013,8.862186933748358
2704777,625832,5546258,6172090,8.862215418834447
2705106,625832,5546602,6172434,8.862765087116031
2705127,625846,5546633,6172479,8.862616362491732
2705210,625880,5546784,6172664,8.86237617434652
2705244,625889,5546859,6172748,8.86236856695037
2705615,626049,5547442,6173491,8.861034839126011
2705655,626056,5547460,6173516,8.860964514356542
2705670,626067,5547503,6173570,8.860877509915072
2705698,626074,5547527,6173601,8.860816772458207
2705841,626149,5547787,6173936,8.86017066225451
2705981,626149,5548048,6174197,8.86058749594745
2705999,626149,5548091,6174240,8.860656169697627
2706082,626149,5548228,6174377,8.860874967459822
2706092,626154,5548237,6174391,8.860818584565457
2707211,626249,5550043,6176292,8.862358263246728
2707227,626249,5550069,6176318,8.862399780279091
2707265,626255,5550100,6176355,8.862364372340341
2707431,626341,5550681,6177022,8.862075131597644
2707797,626350,5551092,6177442,8.862603975413109
2707798,626350,5551094,6177444,8.862607168516005
2707809,626355,5551122,6177477,8.862581124122901
2707841,626362,5551190,6177552,8.862590642471925
2707918,626362,5551346,6177708,8.862839699726356
2708032,626362,5551517,6177879,8.863112704793714
2708049,626366,5551525,6177891,8.863068876663165
2708484,626366,5552292,6178658,8.864293400344208
2708496,626371,5552330,6178701,8.864283308135274
2708503,626376,5552347,6178723,8.864239689898719
2708656,626376,5552839,6179215,8.86502516060641
2708819,626478,5553149,6179627,8.864076631581636
2708860,626488,5553171,6179659,8.86397025960593
2708874,626494,5553186,6179680,8.86390931118255
2708888,626496,5553259,6179755,8.86399753549903
2709269,626697,5553839,6180536,8.862080080166333
2709319,626708,5553877,6180585,8.861985166935797
2709357,626744,5553970,6180714,8.861624522931212
2709413,626744,5554060,6180804,8.861768122231725
2709453,626751,5554135,6180886,8.861788812463004
2709462,626753,5554158,6180911,8.861797231126138
2709485,626769,5554199,6180968,8.861636424264761
2709513,626776,5554236,6181012,8.861596487421343
2709544,626776,5554384,6181160,8.861832616437132
2709712,626825,5554539,6181364,8.861387149523392
2709740,626825,5554634,6181459,8.861538706975631
2709833,626863,5554703,6181566,8.861111598547051
2709839,626866,5554712,6181578,8.861083548956236
2709963,626891,5554819,6181710,8.860900858362937
2710158,626891,5555071,6181962,8.86130284212088
2710168,626895,5555088,6181983,8.861273418993612
2710190,626904,5555149,6182053,8.861243507777905
2710231,626922,5555233,6182155,8.861123074321846
2710244,626925,5555261,6182186,8.861125333971367
2710260,626932,5555364,6182296,8.861190687347273
2710365,626932,5555620,6182552,8.86159902509363
2710375,626935,5555628,6182563,8.861569381195817
2710746,627112,5556292,6183404,8.860127058643432
2710839,627112,5556435,6183547,8.860355088086338
2710888,627124,5556479,6183603,8.860255707005313
2710920,627139,5556527,6183666,8.86012032420245
2711181,627139,5557005,6184144,8.860882515678343
2711226,627144,5557092,6184236,8.860950595078641
2711414,627144,5557371,6184515,8.8613954689832
2711445,627155,5557409,6184564,8.86130063540911
2711447,627155,5557411,6184566,8.861303824413422
2711560,627195,5558004,6185199,8.861684165211777
2711568,627200,5558010,6185210,8.861623086734694
2711696,627200,5558230,6185430,8.861973852040816
2711785,627228,5558320,6185548,8.861721734361348
2711809,627232,5558322,6185554,8.861668409775012
2711829,627232,5558346,6185578,8.861706673128921
2711851,627243,5558363,6185606,8.86157836755452
2711877,627274,5558441,6185715,8.861264774245386
2712166,627315,5558825,6186140,8.861297753122434
2712198,627321,5558891,6186212,8.86131820870017
2712226,627323,5558930,6186253,8.861352126416534
2712345,627323,5559193,6186516,8.861771368178752
2712404,627323,5559285,6186608,8.861918023091773
2712515,627398,5559482,6186880,8.861172652765868
2712695,627470,5559812,6187282,8.860681785583374
2712766,627482,5559942,6187424,8.860719510679191
2712807,627486,5560022,6187508,8.860790519629123
2712834,627501,5560072,6187573,8.860658389389021
2712844,627505,5560087,6187592,8.86062581174652
2712896,627508,5560108,6187616,8.860616916437719
2712905,627510,5560124,6187634,8.860614173479307
2712938,627518,5560231,6187749,8.860671725751294
2712958,627518,5560268,6187786,8.860730688203367
2713026,627538,5560331,6187869,8.860548683904401
2713073,627538,5560531,6188069,8.860867389703891
2713115,627550,5560652,6188202,8.860890765676041
2713135,627557,5560671,6188228,8.860822204198184
2714916,627575,5564195,6191770,8.866183324702227
2714980,627592,5564285,6191877,8.866086565794337
2715573,627592,5565357,6192949,8.867794681895244
2715581,627592,5565374,6192966,8.867821769557292
2715599,627592,5565403,6192995,8.867867977921962
2715612,627592,5565408,6193000,8.867875944881387
2715636,627600,5565445,6193045,8.867821861058
2715672,627621,5565525,6193146,8.86765261200629
2715701,627630,5565553,6193183,8.867570065165783
2715715,627635,5565566,6193201,8.867520135110375
2715795,627675,5565650,6193325,8.867088859680567
2715923,627725,5565908,6193633,8.866793579991239
2715964,627733,5565937,6193670,8.866726777148884
2717090,627741,5567840,6195581,8.86964528364405
2717100,627743,5567887,6195630,8.869691896205932
2717103,627743,5567892,6195635,8.86969986124895
2717126,627747,5567911,6195658,8.869673610546924
2717929,627963,5568891,6196854,8.868183316532981
2717933,627963,5568897,6196860,8.868192871236044
2717959,627986,5568958,6196944,8.867965209415496
2717990,627986,5569012,6196998,8.8680511985936
2717991,627986,5569014,6197000,8.868054383377974
2720571,628033,5573177,6201210,8.874019358855346
2720587,628038,5573213,6201251,8.874006031482171
2720613,628057,5573244,6201301,8.87378693335159
2720622,628059,5573265,6201324,8.873792111887578
2720638,628062,5573269,6201331,8.873756094143571
2720641,628062,5573278,6201340,8.873770423939037
2720657,628062,5573304,6201366,8.87381182112594
2720678,628066,5573321,6201387,8.873782373190078
2720707,628066,5573371,6201437,8.873861982657873
2720710,628066,5573378,6201444,8.873873127983364
2720745,628078,5573421,6201499,8.873772047420863
2720748,628078,5573430,6201508,8.873786376851283
2720752,628078,5573432,6201510,8.873789561169154
2720982,628164,5573686,6201850,8.872979030953699
2721000,628167,5573716,6201883,8.872984413380518
2721167,628289,5574065,6202354,8.871816950479795
2721214,628295,5574131,6202426,8.87183727389204
2721229,628295,5574150,6202445,8.871867514463748
2721234,628295,5574154,6202449,8.871873880899896
2721249,628307,5574198,6202505,8.871774466940524
2721252,628309,5574198,6202507,8.871746226776953
2721281,628321,5574232,6202553,8.871630902038927
2721404,628376,5574452,6202828,8.871204501763275
2721536,628444,5574684,6203128,8.87061376988244
2721550,628444,5574712,6203156,8.870658324369394
2721568,628459,5574728,6203187,8.870472059434267
2721573,628459,5574739,6203198,8.870489562564941
2721651,628492,5574839,6203331,8.870182914022772
2723662,628495,5585331,6213826,8.886834421912665
2723675,628497,5585357,6213854,8.886847510807529
2723721,628501,5585451,6213952,8.886940514016684
2723779,628501,5585488,6213989,8.88699938424919
2723782,628502,5585491,6213993,8.886990017533755
2723931,628531,5585747,6214278,8.886987276681658
2723942,628541,5585764,6214305,8.886872932712425
2724278,628655,5586383,6215038,8.886246033197859
2724287,628657,5586405,6215062,8.886252757863192
2724290,628657,5586414,6215071,8.886267074096049
2724301,628657,5586429,6215086,8.886290934484146
2724394,628701,5586529,6215230,8.885828080438873
2724434,628710,5586619,6215329,8.885844029838877
2724458,628710,5586674,6215384,8.885931510553355
2724469,628710,5586674,6215384,8.885931510553355
2724500,628714,5586712,6215426,8.885935417375785
2724522,628731,5586763,6215494,8.885776269978734
2724650,628780,5587009,6215789,8.88547504691625
2724732,628780,5587185,6215965,8.885754954037978
2724772,628785,5587226,6216011,8.885749501021811
2724976,628847,5587459,6216306,8.885243946460745
2725042,628847,5587581,6216428,8.885437952315906
2725111,628847,5587776,6216623,8.885748043641776
2725292,628899,5587957,6216856,8.88530113738454
2725307,628906,5587989,6216895,8.885253122088198
2725320,628910,5588003,6216913,8.885218870744621
2725339,628924,5588018,6216942,8.885044933887084
2725477,628941,5588101,6217042,8.884936742874133
2725513,628953,5588149,6217102,8.884843541568289
2725522,628959,5588156,6217115,8.884769913460177
2725620,628959,5588446,6217405,8.885230992799213
2725831,629004,5589060,6218064,8.88557147490318
2726047,629102,5589379,6218481,8.884694373885315
2726080,629115,5589416,6218531,8.884569593794458
2726095,629115,5589436,6218551,8.884601384484554
2726117,629121,5589466,6218587,8.884564336590259
2726156,629132,5589541,6218673,8.884528207117107
2726173,629132,5589541,6218673,8.884528207117107
2726340,629132,5589834,6218966,8.884993928142267
2726894,629298,5590358,6219656,8.883482865033736
2726924,629309,5590413,6219722,8.88341498373613
2726950,629319,5590430,6219749,8.883300837889847
2726953,629319,5590445,6219764,8.883324673178468
2727088,629346,5590623,6219969,8.883226396926332
2727227,629420,5590811,6220231,8.882480696514252
2727267,629432,5590919,6220351,8.882482936997166
2727300,629437,5590935,6220372,8.882437797587368
2727320,629444,5590959,6220403,8.882377145544321
2727324,629444,5590961,6220405,8.882380322951684
2727344,629459,5590993,6220452,8.882219493247376
2727382,629484,5591060,6220544,8.881973171677119
2727428,629516,5591157,6220673,8.881675763602514
2727479,629531,5591251,6220782,8.881613455095936
2727648,629613,5591526,6221139,8.880893501246003
2727667,629620,5591580,6221200,8.880880531114006
2728124,629853,5592540,6222393,8.879119413577454
2728275,630000,5592931,6222931,8.877668253968254
2728433,630131,5593282,6223413,8.876379673432984
2728460,630147,5593319,6223466,8.876213010614984
2729752,630227,5596239,6226466,8.8797195296298
2729780,630241,5596321,6226562,8.879652386944041
2730059,630285,5597075,6227360,8.880228785390736
2730099,630285,5597110,6227395,8.880284315825381
2730122,630285,5597185,6227470,8.880403309613905
2730126,630285,5597195,6227480,8.880419175452374
2730156,630285,5597250,6227535,8.880506437563959
2730205,630296,5597342,6227638,8.880497417086575
2730303,630330,5597559,6227889,8.880362667174337
2730323,630330,5597574,6227904,8.880386464233021
2730565,630333,5598082,6228415,8.881150122236976
2730605,630347,5598107,6228454,8.88099253268438
2730946,630347,5598449,6228796,8.881535090989566
2731044,630358,5598690,6229048,8.881762427065254
2731137,630358,5598963,6229321,8.882195514295052
2731171,630358,5599036,6229394,8.88231132150302
2731217,630358,5599155,6229513,8.882500103116007
2731235,630358,5599165,6229523,8.882515967117099
2731306,630387,5599276,6229663,8.882283422722868
2731352,630387,5599429,6229816,8.882526130773636
2731373,630392,5599448,6229840,8.882485818347948
2731434,630417,5599525,6229942,8.882255713281843
2731552,630417,5599702,6230119,8.882536479822086
2731586,630417,5599734,6230151,8.882587239874558
2731619,630425,5599761,6230186,8.882517349407147
2731744,630485,5599901,6230386,8.881894097401206
2731771,630487,5599916,6230403,8.881889713824393
2731806,630497,5599965,6230462,8.881826559047862
2731914,630498,5600097,6230595,8.882021830362666
2732362,630876,5600784,6231660,8.877788979133776
2732373,630876,5600796,6231672,8.87780800030434
2732400,630887,5600835,6231722,8.87771502662125
2732424,630895,5600880,6231775,8.877673780898565
2732460,630906,5600903,6231809,8.877555452000774
2732486,630916,5600929,6231845,8.877455952931928
2732489,630918,5600932,6231850,8.87743256651419
2732502,630924,5600941,6231865,8.877362408150585
2732580,630928,5601020,6231948,8.877431339233636
2732773,630928,5601464,6232392,8.878135064539853
2732798,630958,5601525,6232483,8.877809616487944
2732815,630958,5601529,6232487,8.877815956054127
2732964,631031,5601782,6232813,8.877189868643537
2732964,631031,5601782,6232813,8.877189868643537
2732983,631038,5601803,6232841,8.877124673949904
2732992,631047,5601824,6232871,8.877031346318104
2733101,631065,5602019,6233084,8.877087146331995
2733145,631072,5602116,6233188,8.877142386288728
2733155,631072,5602132,6233204,8.877167739972618
2733194,631078,5602189,6233267,8.877173661575906
2733327,631094,5602287,6233381,8.877103886267339
2733347,631102,5602315,6233417,8.87703572481152
2733403,631102,5602359,6233461,8.87710544412789
2733486,631129,5602475,6233604,8.876909474925094
2733494,631132,5602497,6233629,8.876902137746145
2733638,631132,5602692,6233824,8.877211106392958
2733705,631132,5602844,6233976,8.87745194349201
2733749,631152,5602975,6234127,8.877378190990443
2733751,631152,5602980,6234132,8.877386113012397
2733771,631152,5603001,6234153,8.8774193855046
2733925,631183,5603339,6234522,8.877518881211946
2733948,631191,5603358,6234549,8.87743646534884
2734139,631278,5603711,6234989,8.876772198619308
2734150,631278,5603737,6235015,8.876813384911243
2734224,631287,5604155,6235442,8.877348971228617
2734290,631304,5604293,6235597,8.877328513679622
2734354,631322,5604376,6235698,8.877206876997793
2735122,631708,5605359,6237067,8.873338631139704
2735146,631712,5605386,6237098,8.873325186160782
2735472,631907,5605984,6237891,8.871533311072673
2735488,631912,5606054,6237966,8.871573890035322
2735498,631919,5606091,6238010,8.871534168144969
2735521,631930,5606141,6238071,8.871458864114697
2735529,631936,5606151,6238087,8.871390457261494
2735705,631946,5606352,6238298,8.871568140315787
2735777,632011,5606564,6238575,8.870991169457493
2736161,632042,5607407,6239449,8.871889842763613
2736222,632073,5607502,6239575,8.871605020306198
2736274,632092,5607574,6239666,8.871452256949938
2736313,632092,5607640,6239732,8.871556672130007
2736388,632128,5607733,6239861,8.871198554723094
2736453,632128,5607854,6239982,8.871389971651311
2736476,632134,5607907,6240041,8.8713896104307
2736493,632141,5607925,6240066,8.871319847945315
2736561,632166,5607974,6240140,8.871046528918038
2736611,632166,5608153,6240319,8.871329682393549
2736865,632353,5608817,6241170,8.869756291185462
2736873,632353,5608836,6241189,8.869786337694293
2736880,632355,5608842,6241197,8.869767772849112
2736917,632359,5608907,6241266,8.869814456661485
2736965,632359,5609050,6241409,8.870040594029657
2736967,632361,5609062,6241423,8.870031516807646
2737137,632361,5609407,6241768,8.870577091250093
2737146,632363,5609423,6241786,8.870574337840765
2737161,632373,5609438,6241811,8.870457783618212
2737168,632382,5609465,6241847,8.870374235825814
2737225,632404,5609568,6241972,8.870228524803764
2737448,632605,5609997,6242602,8.868088301546779
2738000,632813,5611385,6244198,8.86736682084597
2738007,632814,5611389,6244203,8.867359129222805
2738033,632820,5611432,6244252,8.867343004329825
2738088,632838,5611492,6244330,8.867185598842042
2738121,632838,5611551,6244389,8.867278829653086
2738325,632915,5611744,6244659,8.866504980921608
2738421,632963,5611898,6244861,8.8660759001711
2738461,632974,5611965,6244939,8.866027672542632
2738485,632974,5611995,6244969,8.866075067854288
2738552,632997,5612187,6245184,8.866056237233352
2739059,633330,5612985,6246315,8.862654540287053
2739187,633330,5613324,6246654,8.863189806262138
2739223,633338,5613367,6246705,8.863145745241876
2739262,633351,5613387,6246738,8.862995400654613
2739339,633351,5613467,6246818,8.86312171292064
2739359,633351,5613496,6246847,8.863167501117074
2739485,633378,5613666,6247044,8.863058079061792
2739802,633491,5614129,6247620,8.86220798716951
2739805,633491,5614134,6247625,8.862215879941468
2740503,633491,5616030,6249521,8.865208819067675
2740619,633491,5616296,6249787,8.865628714535802
2740673,633491,5616405,6249896,8.865800776964472
2743012,633502,5621467,6254969,8.873637336582995
2743076,633519,5621551,6255070,8.873531811989853
2743087,633519,5621561,6255080,8.873547596836085
2743099,633528,5621579,6255107,8.873449950120595
2743123,633551,5621615,6255166,8.873184637069471
2743137,633557,5621671,6255228,8.87318899483393
2743203,633575,5621734,6255309,8.873036341396046
2743268,633575,5621883,6255458,8.873271514816715
2743307,633597,5621914,6255511,8.873012340651865
2743321,633597,5621934,6255531,8.873043906457891
2743415,633631,5622080,6255711,8.87279820589586
2743435,633638,5622105,6255743,8.872739639983713
2743452,633638,5622139,6255777,8.872793298381726
2743504,633652,5622229,6255881,8.872739295386111
2743506,633653,5622235,6255888,8.872734761770243
2743561,633679,5622319,6255998,8.87250327058337
2743715,633728,5622568,6256296,8.872210159563725
2743722,633728,5622568,6256296,8.872210159563725
2743758,633733,5622629,6256362,8.872236415020206
2744147,633760,5622766,6256526,8.872074602373138
2744390,633760,5623180,6256940,8.872727846503409
2744406,633760,5623193,6256953,8.872748359000253
2744427,633760,5623239,6256999,8.872820941681393
2744438,633766,5623261,6257027,8.872771653891183
2744483,633772,5623322,6257094,8.872783903359569
2744578,633772,5623425,6257197,8.872946422372715
2744655,633810,5623629,6257439,8.872736308988499
2744957,634008,5624112,6258120,8.870727183253209
2744991,634018,5624151,6258169,8.870648782842128
2745013,634018,5624175,6258193,8.870686636657004
2745044,634018,5624255,6258273,8.870812816039923
2745060,634027,5624284,6258311,8.870732634414622
2745083,634036,5624318,6258354,8.87066034105319
2745310,634083,5624546,6258629,8.870362397351766
2745437,634083,5624816,6258899,8.870788209114579
2745455,634083,5624836,6258919,8.870819750726639
2745509,634083,5625005,6259088,8.87108627734855
2745543,634097,5625066,6259163,8.870986615612438
2745550,634097,5625088,6259185,8.87102131061967
2745670,634097,5625290,6259387,8.871339873867878
2745705,634097,5625324,6259421,8.871393493424508
2745732,634113,5625354,6259467,8.87121695975323
2745819,634113,5625466,6259579,8.871393584424228
2745822,634113,5625471,6259584,8.871401469454183
2745827,634122,5625480,6259602,8.87128975181432
2745957,634122,5625866,6259988,8.871898467487329
2746007,634132,5625943,6260075,8.871879987132017
2746026,634139,5625965,6260104,8.871816746801569
2746176,634178,5626103,6260281,8.871488761830275
2746571,634178,5626761,6260939,8.872526325416523
2746666,634241,5627008,6261249,8.872034447473437
2746679,634246,5627015,6261261,8.871975542612804
2746724,634269,5627061,6261330,8.871726349545698
2746853,634269,5627248,6261517,8.872021177134624
2746882,634274,5627284,6261558,8.872007996544081
2746908,634294,5627316,6261610,8.871778701989928
2747019,634329,5627433,6261762,8.871473635920792
2747050,634333,5627512,6261845,8.87154223412624
2747102,634363,5627653,6262016,8.871344955490784
2747132,634372,5627691,6262063,8.871278997181465
2747163,634382,5627753,6262135,8.871236888814625
2747396,634456,5628006,6262462,8.87060095577944
2747606,634484,5628107,6262591,8.870368677539544
2747789,634510,5628221,6262731,8.870184867062774
2747799,634513,5628230,6262743,8.87015711262023
2747815,634513,5628256,6262769,8.870198088928044
2748312,634543,5628609,6263152,8.870335028516585
2748345,634566,5628694,6263260,8.870147470869854
2748371,634578,5628738,6263316,8.870049071981695
2748448,634592,5628928,6263520,8.870152791084665
2749189,634592,5630674,6265266,8.872904165195905
2749300,634592,5630779,6265371,8.873069625838333
2749329,634599,5630798,6265397,8.873001690831533
2749363,634620,5630845,6265465,8.872782137342032
2749365,634620,5630850,6265470,8.87279001607261
2749368,634620,5630859,6265479,8.872804197787653
2749400,634626,5630921,6265547,8.872818006195775
2749501,634677,5631056,6265733,8.87231773012099
2750086,634842,5632389,6267231,8.872111486007542
2750209,634953,5632786,6267739,8.871185741306837
2750223,634958,5632806,6267764,8.871147382976512
2750265,634965,5632900,6267865,8.871197625065948
2750418,634965,5633191,6268156,8.871655918042727
2750635,635065,5633430,6268495,8.870635289301095
2750646,635072,5633434,6268506,8.870543812355134
2750654,635072,5633454,6268526,8.870575304847325
2750725,635072,5633564,6268636,8.870748513554368
2750739,635082,5633588,6268670,8.870646625160216
2750858,635093,5633662,6268755,8.870609501285639
2751127,635093,5634090,6269183,8.871283418334007
2751271,635114,5634346,6269460,8.871393167210925
2751325,635142,5634423,6269565,8.871123307858715
2751502,635142,5634804,6269946,8.871723173715484
2751516,635147,5634830,6269977,8.871694269200674
2751695,635249,5635023,6270272,8.870573586105605
2751707,635249,5635056,6270305,8.87062553423933
2751726,635256,5635097,6270353,8.87059232813228
2751990,635256,5635766,6271022,8.871645446874961
2752012,635265,5635811,6271076,8.871590596050467
2752080,635307,5635927,6271234,8.871186686121828
2752093,635317,5635954,6271271,8.871089550570817
2752184,635356,5636078,6271434,8.870740183456205
2752235,635399,5636267,6271666,8.87043731576537
2752258,635404,5636292,6271696,8.870406859258047
2752275,635411,5636315,6271726,8.87034533553873
2752326,635448,5636375,6271823,8.86992326673465
2752404,635489,5636499,6271988,8.869546129043933
2752491,635505,5636653,6272158,8.869565148976012
2752620,635505,5637036,6272541,8.870167819293318
2752774,635583,5637383,6272966,8.869625210240047
2752810,635601,5637490,6273091,8.869542370134722
2752894,635658,5637653,6273311,8.869003457834244
2752967,635691,5637733,6273424,8.86866889731017
2753279,635721,5638285,6274006,8.869118685712758
2753386,635721,5638501,6274222,8.869458457405056
2753410,635721,5638551,6274272,8.869537108259756
2753428,635721,5638583,6274304,8.869587444806763
2753448,635727,5638602,6274329,8.869533620563544
2753715,635775,5639341,6275116,8.870026345798435
2753731,635781,5639373,6275154,8.869992969277156
2754090,635781,5640432,6276213,8.871658637172233
2754102,635789,5640450,6276239,8.871575318226645
2754120,635789,5640460,6276249,8.871591046715183
2754150,635789,5640480,6276269,8.871622503692263
2754186,635804,5640569,6276373,8.871553183056413
2754216,635811,5640657,6276468,8.871593917060258
2754294,635811,5640785,6276596,8.871795234747433
2754330,635823,5640850,6276673,8.871730025494516
2754424,635851,5640930,6276781,8.87146517029933
2754463,635855,5641010,6276865,8.87153517704508
2754532,635881,5641122,6277003,8.871348569936828
2754618,635892,5641186,6277078,8.871295754624999
2754778,635909,5641234,6277143,8.871134077360125
2754858,635909,5641328,6277237,8.871281897252594
2754894,635914,5641336,6277250,8.871224725355944
2754933,635914,5641336,6277250,8.871224725355944
2755044,635914,5641572,6277486,8.871595844721142
2755051,635915,5641601,6277516,8.871627497385656
2755057,635917,5641610,6277527,8.871613748335081
2755568,635987,5641835,6277822,8.870991073716915
2755575,635987,5641837,6277824,8.870994218435282
2755618,635987,5641876,6277863,8.871055540443436
2755766,636073,5642126,6278199,8.870249169513562
2756218,636073,5642958,6279031,8.871557195479136
2756224,636073,5642969,6279042,8.87157448909166
2756337,636092,5643279,6279371,8.871796846996975
2756382,636132,5643370,6279502,8.871382040205493
2756465,636193,5643489,6279682,8.870718476940175
2756509,636213,5643584,6279797,8.870588937981463
2756511,636213,5643588,6279801,8.870595225184019
2756529,636223,5643629,6279852,8.870520242116365
2756794,636283,5643801,6280084,8.869954092754325
2756805,636283,5643811,6280094,8.869969809031517
2756840,636298,5643881,6280179,8.869870720951504
2756841,636298,5643883,6280181,8.869873864132844
2757259,636482,5644962,6281444,8.86900493651038
2757388,636482,5645345,6281827,8.869606681728627
2757399,636482,5645357,6281839,8.869625535364708
2757876,636492,5646444,6282936,8.871193982013914
2757931,636500,5646524,6283024,8.871208169677926
2757942,636500,5646546,6283046,8.871242733699921
2758007,636521,5646586,6283107,8.871012896667981
2758168,636521,5646923,6283444,8.871542337173478
2758361,636521,5647367,6283888,8.872239878967072
2758405,636521,5647439,6283960,8.87235299385252
2758428,636537,5647493,6284030,8.872214812336125
2758474,636537,5647582,6284119,8.872354631388278
2758507,636546,5647645,6284191,8.87232815853057
2758538,636546,5647686,6284232,8.8723925686439
2758558,636546,5647713,6284259,8.872434985059996
2758583,636556,5647749,6284305,8.872352157547803
2759062,636836,5648713,6285549,8.869964951730116
2759074,636836,5648713,6285549,8.869964951730116
2759110,636866,5648784,6285650,8.869658609503412
2759153,636866,5648830,6285696,8.869730838198302
2759161,636876,5648856,6285732,8.869632393118911
2759170,636876,5648868,6285744,8.86965123509129
2759241,636913,5649037,6285950,8.869401315407284
2759353,636919,5649346,6286265,8.869802910574187
2759912,636919,5650929,6287848,8.872288312956593
2759934,636921,5650936,6287857,8.872271443397219
2759973,636943,5651016,6287959,8.872090595233797
2760017,636943,5651134,6288077,8.872275855139314
2760048,636943,5651183,6288126,8.87235278510008
2760123,636951,5651352,6288303,8.872506676337741
2760215,636951,5651535,6288486,8.872793982582648
2760219,636953,5651537,6288490,8.872769262410257
2760264,636977,5651597,6288574,8.872529149404139
2760334,636977,5651706,6288683,8.87270027018244
2761174,636977,5653542,6290519,8.875582634851808
2761222,636977,5653650,6290627,8.875752185714711
2761395,637001,5654288,6291289,8.87641934628046
2761435,637015,5654338,6291353,8.876302755822076
2761467,637024,5654379,6291403,8.876241711458281
2761482,637024,5654410,6291434,8.876290375244889
2761496,637030,5654426,6291456,8.876231888608071
2762733,637087,5655259,6292346,8.876745248294188
2762754,637087,5655291,6292378,8.876795476912886
2762773,637087,5655312,6292399,8.876828439443907
2763123,637087,5655712,6292799,8.877456297177622
2763124,637087,5655714,6292801,8.87745943646629
2764948,637090,5658285,6295375,8.881453169881807
2765013,637093,5658435,6295528,8.881646792540492
2765175,637164,5658768,6295932,8.88117972766823
2765195,637175,5658794,6295969,8.881067210734884
2765842,637495,5660608,6298103,8.879454740821497
2765870,637499,5660625,6298124,8.879425693216774
2765920,637508,5660693,6298201,8.879407003519956
2765942,637509,5660698,6298207,8.879400918261545
2765951,637515,5660722,6298237,8.879354995568733
2765957,637519,5660741,6298260,8.879329086662516
2766049,637563,5660870,6298433,8.878918632354763
2766201,637620,5661040,6298660,8.87839151845927
2766676,637883,5661813,6299696,8.875942766933749
2766801,637883,5662184,6300067,8.876524378295079
2766921,637908,5662311,6300219,8.8763755902105
2766932,637908,5662311,6300219,8.8763755902105
2767002,637958,5662447,6300405,8.875893083870725
2767018,637970,5662487,6300457,8.875788830195777
2767039,637972,5662487,6300459,8.875761005185181
2767047,637972,5662487,6300459,8.875761005185181
2767057,637972,5662513,6300485,8.87580175932486
2767058,637972,5662515,6300487,8.875804894258682
2767126,637973,5662689,6300662,8.876063720564977
2767864,637976,5663519,6301495,8.877322971397042
2769168,638149,5665488,6303637,8.878001845963874
2769276,638196,5665603,6303799,8.877528220170605
2769618,638196,5665932,6304128,8.878043735780231
2769643,638204,5665983,6304187,8.878012359684364
2769683,638228,5666026,6304254,8.877745883916093
2769693,638228,5666042,6304270,8.877770953327024
2769750,638246,5666090,6304336,8.877595785950872
2770176,638339,5666481,6304820,8.876914930781293
2770178,638339,5666486,6304825,8.876922763609931
2770354,638419,5666909,6305328,8.876472974645178
2770422,638474,5667076,6305550,8.875969890708157
2770433,638474,5667091,6305565,8.875993384225513
2770553,638496,5667239,6305735,8.875919347967724
2770650,638503,5667449,6305952,8.876150934294749
2770935,638634,5667824,6306458,8.87491740182953
2770990,638634,5667923,6306557,8.875072420196858
2771077,638688,5668176,6306864,8.874718172253118
2771117,638688,5668243,6306931,8.874823074803347
2771166,638700,5668318,6307018,8.874773759198371
2771718,638925,5669053,6307978,8.872798841804594
2771804,638966,5669199,6308165,8.872458002460224
2771862,638966,5669236,6308202,8.872515908514695
2771918,638996,5669342,6308338,8.87226524109697
2771956,639001,5669408,6308409,8.872299104383249
2772073,639001,5669947,6308948,8.873142608540519
2772162,639017,5669993,6309010,8.872992424301701
2772269,639017,5670089,6309106,8.873142655046736
2772289,639017,5670110,6309127,8.873175518022212
2772572,639017,5670783,6309800,8.874228698141051
2772586,639017,5670816,6309833,8.874280339959657
2772605,639017,5670872,6309889,8.874367974560927
2772650,639033,5671137,6310170,8.87456046870819
2772708,639045,5671245,6310290,8.874562824214257
2772837,639102,5671495,6310597,8.874162496753257
2773079,639200,5671816,6311016,8.873304130162703
2773211,639242,5672206,6311448,8.873331226671588
2773223,639256,5672232,6311488,8.873177568923873
2773259,639270,5672297,6311567,8.87308492499257
2773361,639300,5672364,6311664,8.87277334584702
2773932,639300,5673262,6312562,8.87417800719537
2773993,639331,5673359,6312690,8.873899435503676
2773999,639331,5673372,6312703,8.873919769258803
2774031,639348,5673415,6312763,8.873751071403992
2774232,639348,5673760,6313108,8.874290683633951
2774294,639355,5673986,6313341,8.874547004402874
2774382,639394,5674053,6313447,8.874110485866305
2774456,639435,5674183,6313618,8.873744790322707
2774471,639439,5674195,6313634,8.873708047210133
2774494,639454,5674235,6313689,8.873562445461284
2774503,639454,5674251,6313705,8.87358746680762
2774954,639756,5675272,6315028,8.870994566678545
2775009,639756,5675356,6315112,8.871125866736694
2775025,639762,5675432,6315194,8.871161463169116
2775053,639783,5675469,6315252,8.870928111562828
2775091,639783,5675560,6315343,8.871070347289628
2775103,639788,5675579,6315367,8.871030716424816
2775105,639790,5675591,6315381,8.871021741508933
2775118,639790,5675598,6315388,8.871032682598978
2775149,639798,5675651,6315449,8.871004598326346
2775276,639859,5675862,6315721,8.870488654531702
2775285,639874,5675881,6315755,8.870310404860957
2775316,639893,5675932,6315825,8.87012672431172
2775336,639893,5675953,6315846,8.870159542298477
2775650,640068,5676555,6316623,8.868674890792853
2775684,640080,5676587,6316667,8.868558617672791
2775685,640080,5676589,6316669,8.868561742282214
2775758,640080,5676711,6316791,8.868752343457068
2775827,640080,5676819,6316899,8.868921072365954
2775960,640182,5677064,6317246,8.867890693584012
2775971,640185,5677108,6317293,8.867917867491428
2776074,640185,5677245,6317430,8.868131868131869
2776180,640280,5677421,6317701,8.86709096020491
2776183,640280,5677426,6317706,8.867098769288436
2776360,640280,5677655,6317935,8.867456425313925
2776393,640301,5677708,6318009,8.867248372249927
2776452,640337,5677859,6318196,8.866985665360584
2776474,640337,5677912,6318249,8.867068434277575
2776536,640341,5677960,6318301,8.86708800467251
2776549,640343,5677989,6318332,8.867105598093522
2776572,640343,5678018,6318361,8.867150886321863
2776766,640489,5678456,6318945,8.865813464399857
2776805,640489,5678479,6318968,8.865849374462325
2776869,640506,5678607,6319113,8.865813903382637
2776932,640547,5678737,6319284,8.865449373738382
2776965,640583,5678815,6319398,8.865072910145914
2776995,640583,5678862,6319445,8.865146280809824
2777021,640595,5678902,6319497,8.865042655656069
2777030,640599,5678914,6319513,8.8650060334156
2777052,640607,5678977,6319584,8.864993670066047
2777505,640691,5679897,6320588,8.865267344164348
2777518,640695,5679915,6320610,8.865240090838855
2777528,640695,5679931,6320626,8.865265063719868
2777537,640695,5679940,6320635,8.865279110965435
2778097,640847,5680699,6321546,8.864360760056613
2778183,640881,5680910,6321791,8.864219722538193
2778241,640915,5681028,6321943,8.863933594938487
2778320,640951,5681302,6322253,8.863863228234296
2778345,640959,5681318,6322277,8.863777558314963
2778686,641227,5681882,6323109,8.860952517595173
2778712,641227,5681899,6323126,8.860979029267327
2778728,641228,5681922,6323150,8.861001079179324
2778760,641239,5681963,6323202,8.860913013712516
2779228,641588,5683373,6324961,8.858290678753344
2779252,641591,5683412,6325003,8.858310044872823
2779411,641601,5683729,6325330,8.85866605569505
2779427,641601,5683764,6325365,8.858720606732222
2779908,641610,5684962,6326572,8.860463521453843
2779924,641612,5684991,6326603,8.860481100727542
2779941,641617,5685039,6326656,8.860486863658538
2780512,641617,5685937,6327554,8.86188645250983
2780525,641623,5685955,6327578,8.861831636334733
2780548,641628,5685975,6327603,8.86179374964933
2780616,641644,5686145,6327789,8.861837716864803
2781673,641644,5687464,6329108,8.863893373895806
2781686,641650,5687475,6329125,8.863827631886542
2781750,641693,5687542,6329235,8.863338075995843
2781821,641693,5687738,6329431,8.863643518006274
2781859,641708,5687806,6329514,8.863542296496226
2782391,641708,5689124,6330832,8.86559619016749
2782439,641708,5689197,6330905,8.86570994907341
2782541,641710,5689458,6331168,8.866089043337332
2782558,641713,5689486,6331199,8.866091227698364
2782585,641732,5689517,6331249,8.86587703278004
2782608,641739,5689546,6331285,8.865825514734183
2782667,641757,5689627,6331384,8.865703062062432
2782686,641771,5689669,6331440,8.865575103892198
2782709,641785,5689716,6331501,8.865454942075617
2783005,641915,5690331,6332246,8.86461758955625
2783379,641996,5690921,6332917,8.864418158368588
2783418,642009,5690953,6332962,8.864288506858939
2783550,642079,5691256,6333335,8.863794019116028
2783765,642119,5691665,6333784,8.863878813740133
2783937,642119,5692041,6334160,8.864464374983454
2783947,642125,5692053,6334178,8.864400233599378
2783956,642128,5692062,6334190,8.864372835322552
2783972,642135,5692087,6334222,8.86431513622525
2784084,642220,5692336,6334556,8.86352963159042
2784179,642252,5692509,6334761,8.863357373741149
2784214,642268,5692595,6334863,8.86327047276215
2784232,642278,5692630,6334908,8.863186968882633
2784308,642293,5692768,6335061,8.8631948347561
2784427,642325,5692871,6335196,8.862913634063753
2784666,642345,5693418,6335763,8.86348924643299
2784729,642353,5693542,6335895,8.863571898940302
2784998,642472,5694641,6337113,8.863640750102729
2785007,642472,5694641,6337113,8.863640750102729
2785450,642472,5695506,6337978,8.864987112278824
2785575,642512,5695680,6338192,8.864706028836816
2785738,642547,5695903,6338450,8.86457021820972
2786736,642547,5697107,6339654,8.866444011099578
2787255,642547,5697592,6340139,8.867198819697236
2787538,642673,5697988,6340661,8.86607652725414
2787547,642676,5698000,6340676,8.8660538124965
2787651,642718,5698130,6340848,8.865676704246653
2787655,642722,5698137,6340859,8.865632419615324
2787800,642722,5698418,6341140,8.866069622636225
2787872,642722,5698614,6341336,8.86637457563301
2787930,642739,5698748,6341487,8.866348548944439
2788194,642856,5699125,6341981,8.865321316126785
2788237,642863,5699242,6342105,8.865406781849321
2788306,642863,5699326,6342189,8.86553744732548
2788580,642864,5699483,6342347,8.865767876253765
2788891,643033,5699890,6342923,8.864070739759857
2788938,643041,5699916,6342957,8.864000895743818
2788959,643053,5699973,6343026,8.863924124450085
2789206,643053,5700794,6343847,8.865200846586518
2789215,643058,5700803,6343861,8.865145912188325
2789344,643058,5701186,6344244,8.865741503876789
2789352,643058,5701186,6344244,8.865741503876789
2789356,643058,5701192,6344250,8.865750834294884
2789384,643084,5701263,6344347,8.865502795902247
2789633,643084,5701599,6344683,8.866025278190719
2789642,643084,5701619,6344703,8.866056378326936
2789907,643226,5701859,6345085,8.864472207280178
2789927,643241,5701876,6345117,8.864291921690315
2789968,643266,5701941,6345207,8.864048465176149
2790071,643269,5702309,6345578,8.864579204034394
2790225,643316,5702504,6345820,8.8642346840433
2790271,643316,5702647,6345963,8.864456969825094
2790560,643316,5703004,6346320,8.865011907056564
2790594,643334,5703061,6346395,8.86485247165547
2790623,643343,5703166,6346509,8.864891667430904
2790643,643351,5703213,6346564,8.864854488451872
2790646,643351,5703220,6346571,8.864865368982095
2790663,643365,5703272,6346637,8.864753289345861
2790668,643365,5703283,6346648,8.864770386949866
2790689,643372,5703304,6346676,8.864706577221266
2790813,643377,5703495,6346872,8.864934556255507
2790859,643384,5703548,6346932,8.86492048294642
2790975,643427,5703823,6347250,8.864755442342332
2790983,643430,5703835,6347265,8.864732760362433
2791764,643433,5705145,6348578,8.866727382649009
2791849,643438,5705278,6348716,8.866865183591893
2791877,643438,5705346,6348784,8.866970865879852
2791900,643446,5705394,6348840,8.866935220671198
2791936,643457,5705456,6348913,8.866879993534921
2792029,643457,5705599,6349056,8.867102230607484
2792079,643457,5705703,6349160,8.867263857569348
2792150,643491,5705798,6349289,8.86694297200738
2792281,643500,5706532,6350032,8.867959595959595
2792716,643506,5707961,6351467,8.870097559307917
2792967,643633,5708365,6351998,8.868975021479631
2793078,643661,5708660,6352321,8.869047526570665
2793271,643732,5709032,6352764,8.868647201009116
2793275,643736,5709036,6352772,8.868598307380665
2793386,643803,5709327,6353130,8.868127361941463
2793508,643860,5709582,6353442,8.867738328207995
2793547,643872,5709604,6353476,8.867607226281
2793614,643876,5709698,6353574,8.867698128211021
2793653,643884,5709761,6353645,8.867685794335626
2793660,643888,5709768,6353656,8.86764157741719
2793670,643888,5709784,6353672,8.86766642645926
2793684,643888,5709810,6353698,8.867706806152622
2793694,643888,5709826,6353714,8.867731655194692
2793855,643888,5710213,6354101,8.868332691399747
2793903,643896,5710306,6354202,8.86836694124517
2793922,643908,5710334,6354242,8.868245153034284
2793952,643918,5710366,6354284,8.868157125596737
2793992,643922,5710461,6354383,8.868249570600167
2794073,643936,5710526,6354462,8.868157705113552
2794104,643936,5710596,6354532,8.868266411568852
2794124,643936,5710620,6354556,8.868303682353526
2794192,643988,5710708,6354696,8.867724243308881
2795001,644523,5713129,6357652,8.864119666792341
2795013,644526,5713169,6357695,8.864140469119942
2795073,644545,5713246,6357791,8.863998634695793
2795115,644556,5713325,6357881,8.863969926585122
2795169,644557,5713469,6358026,8.864179583807173
2795187,644557,5713512,6358069,8.864246296293423
2795215,644575,5713552,6358127,8.864060815265873
2795240,644578,5713576,6358154,8.864056793747228
2795256,644584,5713610,6358194,8.864027031387685
2795290,644593,5713676,6358269,8.86400565938507
2795303,644598,5713700,6358298,8.863974135817983
2795320,644607,5713733,6358340,8.863901571034754
2795464,644614,5714045,6358659,8.864289326635785
2795476,644626,5714074,6358700,8.864169301269262
2795482,644628,5714080,6358708,8.864151107305299
2795492,644632,5714100,6358732,8.864127129897367
2796917,644642,5717279,6361921,8.868921044548758
2797095,644774,5717911,6362685,8.868085561762726
2797100,644778,5717914,6362692,8.86803519971215
2797129,644798,5717942,6362740,8.86780356018474
2797157,644798,5717968,6362766,8.867843882890456
2797286,644798,5718155,6362953,8.868133896196948
2797304,644810,5718186,6362996,8.868016935221227
2797405,644810,5718186,6362996,8.868016935221227
2797449,644836,5718256,6363092,8.867767928589595
2797455,644839,5718264,6363103,8.867739079056943
2797517,644839,5718421,6363260,8.867982550683195
2797770,644839,5718863,6363702,8.86866799309595
2797897,644893,5719102,6363995,8.86829598088365
2798027,644893,5719488,6364381,8.868894529790213
2798056,644906,5719546,6364452,8.868805686410113
2798364,644978,5719802,6364780,8.868212559188065
2798639,644979,5719818,6364797,8.868223616582865
2798706,645023,5720079,6365102,8.86802331079667
2798726,645027,5720133,6365160,8.868052035031091
2798804,645076,5720336,6365412,8.867693109029014
2798868,645087,5720450,6365537,8.86771861779884
2798893,645102,5720508,6365610,8.867602332654371
2799122,645161,5721048,6366209,8.867628390432776
2799736,645228,5723663,6368891,8.870760413373258
2799868,645251,5723709,6368960,8.870515504819055
2799928,645261,5723802,6369063,8.870522160800048
2799934,645261,5723821,6369082,8.870551606249254
2799985,645278,5723863,6369141,8.870382997715714
2799995,645278,5723875,6369153,8.870401594351582
2800034,645278,5723928,6369206,8.870483729493335
2800141,645278,5724106,6369384,8.870759579592052
2800423,645278,5724433,6369711,8.87126633791947
2800452,645288,5724549,6369837,8.871308624986053
2800495,645288,5724582,6369870,8.871359764942165
2800510,645292,5724604,6369896,8.871338866745598
2800518,645298,5724642,6369940,8.871315268294648
2800525,645303,5724649,6369952,8.871257378316853
2800589,645338,5724739,6370077,8.870915706188075
2800600,645343,5724746,6370089,8.870857822894182
2800646,645358,5724828,6370186,8.8707786995745
2800738,645384,5724992,6370376,8.870675442837133
2802202,645384,5727078,6372462,8.87390762708713
2802202,645384,5727799,6373183,8.875024791441994
2802235,645393,5727858,6373251,8.874992446462853
2802443,645498,5728297,6373795,8.874228889942339
2802478,645498,5728379,6373877,8.874355923643451
2802501,645498,5728447,6373945,8.874461268663884
2802537,645529,5728479,6374008,8.87408466544493
2802580,645529,5728521,6374050,8.87414972836232
2802850,645676,5729057,6374733,8.87295950290858
2802901,645691,5729111,6374802,8.872837007175258
2802998,645742,5729297,6375039,8.872424280904758
2803023,645769,5729403,6375172,8.87221746475907
2803056,645774,5729419,6375193,8.872173546782621
2803274,645848,5729765,6375613,8.871692720268546
2803316,645856,5729841,6375697,8.871700502898479
2803393,645893,5729998,6375891,8.871435361584659
2803485,645920,5730324,6376244,8.871569234580134
2803714,645971,5730840,6376811,8.8716676135616
2805063,645971,5731815,6377786,8.87317696924475
2805066,645971,5731824,6377795,8.873190901758747
2805104,645971,5731903,6377874,8.87331319827051
2805252,646015,5732036,6378051,8.87291471560258
2805309,646035,5732137,6378172,8.872796365521992
2805318,646038,5732159,6378197,8.87278921673338
2805350,646065,5732228,6378293,8.872525210311656
2805353,646065,5732233,6378298,8.872532949471028
2805380,646082,5732293,6378375,8.872392358864664
2805437,646082,5732293,6378375,8.872392358864664
2805446,646084,5732309,6378393,8.872389658310684
2805481,646084,5732361,6378445,8.872470143201193
2805569,646084,5732481,6378565,8.872655877563908
2805578,646093,5732503,6378596,8.872566333329722
2805605,646112,5732534,6378646,8.872353400029716
2805621,646120,5732557,6378677,8.872279143193214
2805847,646120,5733082,6379202,8.873091685754968
2806027,646147,5733224,6379371,8.872940677585751
2806055,646159,5733263,6379422,8.87283625237751
2806082,646173,5733294,6379467,8.872691988058925
2806121,646175,5733442,6379617,8.872893565984446
2806174,646209,5733525,6379734,8.872555164041355
2806183,646209,5733525,6379734,8.872555164041355
2806635,646209,5734885,6381094,8.874659746304989
2806978,646302,5735177,6381479,8.873834523179566
2815384,646302,5760353,6406655,8.912788448743775
2815435,646341,5760454,6406795,8.912406918329488
2815560,646441,5760696,6407137,8.911402587397767
2815586,646447,5760731,6407178,8.911374018287656
2815651,646463,5760762,6407225,8.911201414466102
2815680,646468,5760824,6407292,8.911228398002685
2815810,646468,5761210,6407678,8.911825488655278
2815978,646536,5761523,6408059,8.911372297907619
2816011,646536,5761587,6408123,8.9114712869817
2816037,646536,5761610,6408146,8.911506861180197
2816123,646606,5761745,6408351,8.91075090549732
2816176,646630,5761825,6408455,8.910543896818892
2816196,646645,5761857,6408502,8.91038668821378
2816212,646648,5761891,6408539,8.910397929012383
2816306,646678,5761966,6408644,8.91010054462963
2816308,646678,5761971,6408649,8.910108276452886
2816371,646678,5762072,6408750,8.910264459282672
2816493,646779,5762347,6409126,8.909298230152803
2816541,646779,5762547,6409326,8.909607454787492
2816591,646793,5762611,6409404,8.909513553795419
2816656,646793,5762689,6409482,8.90963414879258
2816737,646833,5762822,6409655,8.909288796335376
2816851,646889,5763136,6410025,8.90900293558864
2816910,646904,5763207,6410111,8.908906112808083
2817203,646904,5763866,6410770,8.909924811100256
2817252,646904,5763971,6410875,8.91008712266426
2817282,646909,5764035,6410944,8.910117188043449
2817314,646918,5764130,6411048,8.91014007957732
2817325,646921,5764142,6411063,8.910117309532385
2817341,646921,5764171,6411092,8.91016213726251
2817351,646926,5764188,6411114,8.9101195499949
2817438,646944,5764289,6411233,8.910027761290003
2817479,646944,5764322,6411266,8.91007877034179
2817510,646953,5764392,6411345,8.910063018488206
2817539,646960,5764445,6411405,8.910048534685297
2817642,647003,5764623,6411626,8.909731485016298
2819957,647003,5767653,6414656,8.914414616315534
2819984,647016,5767690,6414706,8.914292691370846
2820290,647115,5768185,6415300,8.913693856578815
2820433,647145,5768298,6415443,8.913455253459425
2820499,647156,5768427,6415583,8.913503081173628
2820566,647174,5768497,6415671,8.913363330418095
2820644,647192,5768922,6416114,8.91377211090372
2820826,647192,5769466,6416658,8.914612665175095
2820837,647195,5769485,6416680,8.914600699943604
2821654,647526,5770279,6417805,8.911269972171002
2821687,647531,5770295,6417826,8.911225871811542
2821688,647531,5770297,6417828,8.911228960466758
2821696,647536,5770301,6417837,8.911166328976304
2822130,647536,5771067,6418603,8.912349274789355
2822160,647536,5771134,6418670,8.912452743940106
2822201,647562,5771195,6418757,8.912189103128348
2822226,647569,5771227,6418796,8.912142180987663
2822282,647599,5771301,6418900,8.911843594570097
2822403,647599,5771497,6419096,8.912146250997917
2822442,647616,5771563,6419179,8.912014218302204
2822486,647630,5771635,6419265,8.91193273937279
2822530,647639,5771677,6419316,8.911873744478019
2822551,647650,5771744,6419394,8.911825831853625
2822600,647650,5771831,6419481,8.911960163668649
2822637,647659,5771909,6419568,8.911956755020775
2822687,647659,5772078,6419737,8.912217694805445
2822697,647659,5772094,6419753,8.912242399163757
2823076,647861,5772831,6420692,8.91060119377459
2823377,647861,5773430,6421291,8.911525774818982
2823417,647883,5773497,6421380,8.911326582114363
2823456,647895,5773538,6421433,8.911224812662546
2823492,647921,5773606,6421527,8.910972170989982
2823547,647941,5773697,6421638,8.910837560827298
2823575,647953,5773739,6421692,8.910737352863556
2823774,647990,5773830,6421820,8.910368987175728
2826296,648926,5779116,6428042,8.905662587105464
2826498,648926,5779210,6428136,8.905807441834662
2827109,649176,5780007,6429183,8.903605493733595
2827144,649176,5780121,6429297,8.903781100964915
2827166,649196,5780171,6429367,8.903583817521982
2827305,649286,5780475,6429761,8.902817864546595
2827829,649286,5781739,6431025,8.904764618365405
2827841,649293,5781768,6431061,8.904713280445037
2827886,649315,5781864,6431179,8.904559420312175
2827896,649315,5781880,6431195,8.904584061664986
2827931,649318,5781965,6431283,8.904673827000021
2828157,649353,5782264,6431617,8.904654325151343
2828239,649413,5782438,6431851,8.904099548361366
2828343,649427,5782755,6432182,8.904395721151108
2828451,649427,5783312,6432739,8.905253400305192
2828485,649452,5783372,6432824,8.905002987133768
2828495,649452,5783388,6432840,8.905027623288557
2828501,649458,5783393,6432851,8.904953053161252
2828527,649484,5783445,6432929,8.904676635606112
2828571,649503,5783483,6432986,8.904474652157111
2828718,649558,5783653,6433211,8.903982400339924
2828740,649558,5783658,6433216,8.903990097881945
2828795,649565,5783765,6433330,8.904058870166958
2828832,649577,5783812,6433389,8.903966735275418
2828905,649600,5783903,6433503,8.903791564039409
2828940,649610,5783926,6433536,8.903689906251444
2828978,649622,5783994,6433616,8.903630111049194
2829005,649634,5784051,6433685,8.903553385444727
2829121,649726,5784258,6433984,8.902611254590397
2829141,649726,5784279,6434005,8.902643575907382
2829180,649726,5784313,6434039,8.902695905658693
2829226,649726,5784456,6434182,8.902915998436264
2829282,649735,5784551,6434286,8.90293889047073
2829339,649766,5784639,6434405,8.902649569229538
2829359,649766,5784734,6434500,8.902795775710025
2829422,649766,5784815,6434581,8.902920435972336
2829514,649766,5784870,6434636,8.903005081829459
2829546,649775,5784929,6434704,8.902972567427186
2829580,649788,5784973,6434761,8.902862164275117
2829674,649842,5785173,6435015,8.90243012916986
2829710,649850,5785202,6435052,8.902365161191044
2829758,649850,5785310,6435160,8.902531353389243
2829918,649888,5785477,6435365,8.902267775370525
2829957,649900,5785505,6435405,8.902146484074473
2830107,649914,5785750,6435664,8.90233169311632
2830339,649971,5786481,6436452,8.902675657837042
2830364,649983,5786510,6436493,8.902555913000802
2830393,650000,5786568,6436568,8.902412307692307
2830451,650015,5786680,6436695,8.902379175865173
2830478,650020,5786730,6436750,8.902387618842496
2830629,650061,5786929,6436990,8.902132261433927
2830679,650090,5787100,6437190,8.901998184866711
2830691,650090,5787129,6437219,8.902042794074667
2830708,650109,5787186,6437295,8.9018703017494
2830832,650182,5787385,6437567,8.901176901236884
2830878,650197,5787546,6437743,8.901219168959562
2830912,650201,5787595,6437796,8.901239770470978
2831017,650239,5787827,6438066,8.90107637345653
2831358,650375,5788745,6439120,8.900626561599077
2831375,650381,5788791,6439172,8.900615177872663
2831541,650491,5789149,6439640,8.899660410366938
2831580,650516,5789211,6439727,8.899413696204244
2831631,650564,5789308,6439872,8.898906179868545
2831652,650576,5789330,6439906,8.898775854012444
2831730,650606,5789436,6440042,8.898528448861523
2831764,650620,5789525,6440145,8.898473763487136
2831780,650620,5789548,6440168,8.898509114383204
2831845,650620,5789669,6440289,8.898695090836434
2831854,650625,5789687,6440312,8.89865437079731
2831864,650625,5789703,6440328,8.898678962536023
2831896,650653,5789749,6440402,8.89836671774356
2832072,650653,5790252,6440905,8.899139787259875
2832083,650653,5790262,6440915,8.89915515643515
2832108,650663,5790298,6440961,8.899073714042446
2832283,650680,5790420,6441100,8.899028708428107
2832332,650696,5790499,6441195,8.89893129817918
2832362,650703,5790555,6441258,8.89892162783943
2832405,650739,5790606,6441345,8.898507696634134
2832845,650863,5791672,6442535,8.89845021148844
2832883,650881,5791736,6442617,8.898302454672974
2832896,650881,5791750,6442631,8.898323963981127
2832940,650904,5791821,6442725,8.898118616570185
2833822,650904,5795596,6446500,8.903918242935978
2834114,650904,5796097,6447001,8.904687941693398
2834150,650921,5796192,6447113,8.904601326428246
2834180,650926,5796213,6447139,8.90456518866968
2834682,651228,5796934,6448162,8.901542931200748
2834793,651228,5797198,6448426,8.901948319175466
2834850,651260,5797289,6448549,8.90165064643921
2834947,651291,5797399,6448690,8.901395843025622
2834980,651321,5797481,6448802,8.901111740601024
2835107,651343,5797732,6449075,8.901196451025037
2835130,651345,5797749,6449094,8.901195219123506
2835168,651348,5797796,6449144,8.901226379753988
2835185,651354,5797827,6449181,8.90119197855544
2835208,651362,5797848,6449210,8.901114894636162
2835471,651524,5798236,6449760,8.899497178922035
2835498,651533,5798282,6449815,8.899444847766729
2835554,651542,5798381,6449923,8.899473863542182
2835564,651542,5798393,6449935,8.899492281387847
2835666,651579,5798521,6450100,8.899183368401989
2836258,651585,5798584,6450169,8.899198109225964
2836789,651585,5799193,6450778,8.900132753209482
2836833,651591,5799297,6450888,8.900210408062726
2836997,651600,5800230,6451830,8.901519337016575
2837005,651605,5800249,6451854,8.901480191220141
2837052,651605,5800321,6451926,8.901590687609826
2837460,651791,5800789,6452580,8.89976848406928
2837895,651791,5801557,6453348,8.90094677588368
2837955,651802,5801674,6453476,8.900976063283021
2837972,651802,5801689,6453491,8.900999076406638
2837980,651805,5801718,6453523,8.901002600471
2838014,651821,5801782,6453603,8.900882297440555
2838197,651830,5802850,6454680,8.902397864473865
2838313,651913,5803208,6455121,8.901813585555129
2838473,651913,5803574,6455487,8.902375010162398
2838877,652131,5804304,6456435,8.90051845411428
2838925,652141,5804397,6456538,8.900524579807128
2838981,652152,5804463,6456615,8.90047565598204
2839034,652190,5804583,6456773,8.900141063187109
2839050,652197,5804601,6456798,8.900073137410935
2839078,652204,5804629,6456833,8.900020545718824
2839205,652204,5804768,6456972,8.90023366922006
2839268,652220,5804878,6457098,8.900183986998252
2839279,652221,5804886,6457107,8.900182606815788
2839324,652229,5805106,6457335,8.900410745305713
2839373,652229,5805211,6457440,8.900571731707728
2839401,652233,5805258,6457491,8.90058920661788
2839595,652233,5805752,6457985,8.901346604664283
2839796,652331,5806026,6458357,8.900429383242557
2839888,652345,5806104,6458449,8.900357939433889
2839921,652354,5806138,6458492,8.900287267342577
2839987,652390,5806304,6458694,8.900050583240086
2840073,652390,5806446,6458836,8.900268244455004
2840171,652413,5806615,6459028,8.900213515058713
2840210,652430,5806683,6459113,8.900085832962922
2840921,652648,5807645,6460293,8.89858698716613
2840967,652683,5807726,6460409,8.898233905280206
2841233,652683,5808444,6461127,8.899333979895294
2841313,652744,5808604,6461348,8.898747441569743
2841640,652771,5809168,6461939,8.899243379378067
2841693,652774,5809251,6462025,8.899329630162965
2841719,652774,5809280,6462054,8.899374055951982
2841853,652848,5809644,6462492,8.898922873318138
2841885,652854,5809699,6462553,8.898925333995043
2842044,652939,5810034,6462973,8.898279931203374
2842100,652946,5810194,6463140,8.898429579168875
2842146,652973,5810271,6463244,8.898179557194554
2842154,652973,5810271,6463244,8.898179557194554
2842191,652993,5810326,6463319,8.897991249523349
2842547,653123,5810730,6463853,8.896838727161652
2842639,653123,5810785,6463908,8.896922937945838
2842717,653149,5811015,6464164,8.896920916973004
2843178,653149,5812219,6465368,8.898764294211581
2843209,653160,5812234,6465394,8.89863739359422
2843264,653174,5812337,6465511,8.898604353510704
2843418,653174,5812635,6465809,8.899060587224843
2843451,653197,5812691,6465888,8.898832970757674
2843554,653241,5812917,6466158,8.898579544149863
2843840,653407,5814079,6467486,8.898097204345836
2843877,653420,5814136,6467556,8.89800740718068
2843907,653425,5814206,6467631,8.898046447564756
2843912,653426,5814219,6467645,8.898052725174695
2843921,653426,5814230,6467656,8.89806955952166
2843960,653434,5814281,6467715,8.898038669551937
2844122,653546,5814611,6468157,8.897018725537299
2844183,653584,5814704,6468288,8.89664373668878
2844199,653584,5814770,6468354,8.89674471835296
2844201,653584,5814775,6468359,8.896752368479033
2844268,653630,5814915,6468545,8.896340437250432
2844323,653658,5815006,6468664,8.8960985714242
2844378,653683,5815063,6468746,8.895845539810582
2844483,653684,5815160,6468844,8.89598032076661
2845095,653684,5815899,6469583,8.897110836428611
2845148,653687,5815982,6469669,8.89719697653464
2845204,653687,5816052,6469739,8.897304061423892
2845273,653687,5816164,6469851,8.897475397246694
2845309,653712,5816240,6469952,8.89725138899087
2845343,653730,5816282,6470012,8.897070656081256
2845410,653731,5816320,6470051,8.897115174284224
2845465,653731,5816459,6470190,8.897327799966654
2846942,653731,5819383,6473114,8.901800587703505
2847064,653760,5819482,6473242,8.901557146353403
2847070,653760,5819498,6473258,8.901581620166422
2847146,653798,5819596,6473394,8.901214136476405
2847186,653826,5819645,6473471,8.900907886807806
2847608,653826,5820358,6474184,8.90199839100923
2847624,653826,5820384,6474210,8.902038156940838
2847699,653826,5820490,6474316,8.902200279585088
2847746,653848,5820603,6474451,8.902073570615801
2847771,653848,5820628,6474476,8.90211180580196
2847798,653858,5820642,6474500,8.90199706970015
2847814,653868,5820693,6474561,8.90193892345244
2847870,653868,5820781,6474649,8.902073507191053
2847990,653886,5821044,6474930,8.902230664060708
2848080,653923,5821218,6475141,8.90199304811117
2848114,653932,5821285,6475217,8.901972988017103
2848140,653946,5821331,6475277,8.901852752367933
2848219,653946,5821435,6475381,8.902011786905952
2848250,653967,5821473,6475440,8.901784034974241
2848507,654165,5821931,6476096,8.899789808381678
2848607,654196,5822111,6476307,8.899643226189093
2848627,654207,5822162,6476369,8.899571542340574
2848631,654213,5822176,6476389,8.899511321236355
2848811,654302,5822441,6476743,8.898705796405942
2848844,654302,5822505,6476807,8.898803610565151
2848915,654302,5822677,6476979,8.89906648611803
2849134,654311,5823977,6478288,8.900930902888687
2849174,654320,5824001,6478321,8.900845152219098
2849299,654345,5824402,6478747,8.901117911804935
2849458,654416,5824620,6479036,8.900485318207378
2849510,654431,5824702,6479133,8.900406612767426
2849580,654465,5824833,6479298,8.900144392748276
2849616,654476,5824937,6479413,8.900153710754864
2849661,654488,5824990,6479478,8.900071506276662
2849666,654488,5824990,6479478,8.900071506276662
2849708,654505,5825045,6479550,8.899924370325666
2849732,654515,5825098,6479613,8.899869368922026
2849737,654515,5825100,6479615,8.899872424619756
2849751,654519,5825133,6479652,8.899868453016643
2849805,654519,5825242,6479761,8.90003498752519
2849883,654534,5825351,6479885,8.899997555512776
2850174,654555,5825877,6480432,8.900515617480579
2850220,654555,5825932,6480487,8.900599644032969
2850324,654570,5826157,6480727,8.900739416716318
2850337,654571,5826186,6480757,8.9007701227216
2850937,654706,5826634,6481340,8.899619065656951
2851776,654706,5828480,6483186,8.902438651852894
2851797,654706,5828509,6483215,8.902482946543945
2851813,654706,5828535,6483241,8.902522659025578
2851824,654709,5828547,6483256,8.902500194743007
2851840,654717,5828570,6483287,8.902426544598658
2851935,654717,5828742,6483459,8.902689253524805
2851954,654717,5828757,6483474,8.902712164186969
2852016,654720,5828931,6483651,8.902937133431085
2852344,654720,5829564,6484284,8.903903958944282
2852474,654720,5829950,6484670,8.904493523949169
2852478,654720,5829957,6484677,8.904504215542522
2852720,654720,5830404,6485124,8.905186950146627
2852777,654737,5830500,6485237,8.905102354074995
2853157,654737,5831216,6485953,8.906195922943105
2853186,654737,5831256,6485993,8.90625701617596
2853209,654737,5831308,6486045,8.906336437378673
2853237,654748,5831323,6486071,8.90620971732636
2853319,654773,5831422,6486195,8.906020865246429
2853447,654779,5831826,6486605,8.906556257912975
2853535,654801,5832013,6486814,8.906542598438303
2853592,654818,5832076,6486894,8.90640758195407
2853621,654828,5832142,6486970,8.90637236037555
2853675,654868,5832229,6487097,8.90596120134134
2853712,654900,5832304,6487204,8.905640555810047
2853740,654910,5832352,6487262,8.90557786566093
2853802,654932,5832476,6487408,8.905468048591304
2853857,654962,5832516,6487478,8.905121213139083
2853879,654966,5832547,6487513,8.905114158597545
2853890,654966,5832559,6487525,8.905132480159276
2853963,654993,5832753,6487746,8.905061580810788
2854002,655001,5832770,6487771,8.904978771024776
2854014,655009,5832789,6487798,8.904899016654733
2854069,655013,5832967,6487980,8.905116387003005
2854084,655016,5833019,6488035,8.905154988580431
2854114,655020,5833042,6488062,8.905135721046685
2854184,655045,5833161,6488206,8.904977520628353
2854207,655058,5833180,6488238,8.90482980133057
2854239,655058,5833229,6488287,8.904904603867138
2854255,655066,5833239,6488305,8.904811118268999
2854287,655078,5833280,6488358,8.904710584083118
2854298,655085,5833313,6488398,8.90466580672737
2854314,655090,5833330,6488420,8.904623792150696
2854877,655090,5834784,6489874,8.906843334503655
2854896,655097,5834826,6489923,8.90681227360223
2854918,655102,5834837,6489939,8.9067610845334
2854940,655102,5834842,6489944,8.90676871693263
2854967,655109,5834873,6489982,8.906720866298585
2855176,655205,5835504,6490709,8.90637891957479
2855192,655212,5835601,6490813,8.906431811383186
2855386,655258,5835748,6491006,8.90603090690995
2855478,655258,5835931,6491189,8.906310186216727
2855490,655258,5835966,6491224,8.906363600291794
2855495,655260,5835978,6491238,8.906354729420382
2855498,655260,5835991,6491251,8.906374568873424
2855510,655272,5836045,6491317,8.906293874909961
2855514,655277,5836049,6491326,8.906232020962127
2855652,655326,5836274,6491600,8.905909425232633
2855673,655328,5836274,6491602,8.905882245226818
2855733,655338,5836338,6491676,8.905844007214597
2855759,655350,5836372,6491722,8.905732814526589
2855962,655367,5836713,6492080,8.906022121956095
2855986,655367,5836729,6492096,8.906046535757827
2855998,655369,5836741,6492110,8.906037667329398
2856024,655371,5836756,6492127,8.906033376514982
2856164,655371,5837121,6492492,8.906590312967769
2856190,655378,5837149,6492527,8.906537906368538
2856250,655383,5837409,6492792,8.906866671854473
2856377,655388,5837659,6493047,8.907180174186895
2856989,655388,5838398,6493786,8.908307750523354
2857004,655399,5838436,6493835,8.908216216381167
2857060,655413,5838478,6493891,8.908090013472421
2857170,655413,5838676,6494089,8.908392113064586
2857392,655484,5839162,6494646,8.908168620439248
2857592,655593,5839507,6495100,8.907213774399665
2857674,655651,5839686,6495337,8.906698838253888
2857721,655652,5839773,6495425,8.906817946105557
2857754,655657,5839802,6495459,8.906794253702774
2857780,655657,5839857,6495514,8.906878139026961
2857787,655658,5839866,6495524,8.906878281055063
2857803,655658,5839892,6495550,8.906917935875105
2857848,655681,5839939,6495620,8.906677179909133
2857936,655695,5839979,6495674,8.906548013939409
2858009,655695,5840101,6495796,8.906734076056702
2858030,655701,5840156,6495857,8.906736454573045
2858042,655701,5840177,6495878,8.906768481365745
2858048,655703,5840181,6495884,8.906747414606919
2858147,655720,5840405,6496125,8.906858110168974
2858217,655720,5840578,6496298,8.907121942292441
2858232,655720,5840578,6496298,8.907121942292441
2858254,655735,5840622,6496357,8.906985291314326
2858672,655735,5841756,6497491,8.908714648447924
2858681,655747,5841794,6497541,8.908609570459339
2858683,655747,5841799,6497546,8.908617195351257
2858756,655776,5841978,6497754,8.90849619382228
2858776,655785,5842012,6497797,8.908425779790633
2858996,655785,5842721,6498506,8.909506926812904
2859102,655839,5842801,6498640,8.908895323394919
2859136,655851,5842830,6498681,8.908776536133969
2859162,655861,5842902,6498763,8.908750482190586
2859249,655895,5842991,6498886,8.908424366705036
2859268,655900,5842998,6498898,8.90836712913554
2859289,655901,5843086,6498987,8.908487713847059
2859349,655901,5843189,6499090,8.908644749741196
2859759,655901,5844044,6499945,8.909948300124562
2859820,655930,5844118,6500048,8.909667190096505
2860411,656079,5844897,6500976,8.908831101132638
2860422,656083,5844915,6500998,8.908804221417107
2860435,656085,5844940,6501025,8.908815168766242
2860862,656085,5845483,6501568,8.909642805429174
2860884,656085,5845523,6501608,8.909703773139151
2860958,656095,5845688,6501783,8.909819462120577
2861070,656113,5845975,6502088,8.910012452123338
2861131,656120,5846092,6502212,8.910095714198622
2861157,656142,5846156,6502298,8.909894504543225
2861200,656156,5846222,6502378,8.909804985399813
2861209,656156,5846238,6502394,8.909829369844976
2861239,656165,5846287,6502452,8.909781838409547
2861274,656179,5846378,6502557,8.909730424167796
2861280,656179,5846392,6502571,8.909751759809442
2861312,656205,5846436,6502641,8.909465791940018
2861563,656227,5847099,6503326,8.910177423361123
2861574,656238,5847132,6503370,8.910078355718504
2861837,656238,5847582,6503820,8.910764082543224
2861874,656245,5847635,6503880,8.910749796188924
2861914,656245,5847683,6503928,8.91082293960335
2861962,656257,5847735,6503992,8.910739237829082
2861971,656259,5847759,6504018,8.910748652589907
2861995,656269,5847781,6504050,8.910646396523378
2862174,656367,5848277,6504644,8.910071651987378
2862207,656383,5848322,6504705,8.909923017506546
2862248,656400,5848390,6504790,8.909795856185253
2862634,656700,5849382,6506082,8.907236180904523
2862647,656705,5849395,6506100,8.907188159066857
2862689,656715,5849434,6506149,8.90711191308254
2862694,656720,5849448,6506168,8.907065416006821
2862713,656720,5849484,6506204,8.907120233889634
2862758,656728,5849566,6506294,8.907136592318281
2862813,656755,5849618,6506373,8.906849586223172
2862963,656811,5849749,6506560,8.906289632786295
2862990,656820,5849817,6506637,8.906271124508997
2865346,656831,5852961,6509792,8.910908589880806
2865466,656912,5853291,6510203,8.910312187933847
2865511,656932,5853424,6510356,8.910243373743402
2865526,656939,5853450,6510389,8.910188008323452
2865838,657094,5853953,6511047,8.90885170158303
2865905,657094,5854105,6511199,8.90908302312911
2865949,657117,5854175,6511292,8.908877718884156
2866005,657133,5854281,6511414,8.908822110592528
2866156,657168,5854415,6511583,8.90855154237577
2866177,657168,5854444,6511612,8.908595671122148
2866264,657168,5854675,6511843,8.908947179412266
2866339,657211,5854776,6511987,8.908517964550198
2866357,657211,5854808,6512019,8.908566655153368
2866452,657211,5854911,6512122,8.908723378032322
2866669,657358,5855296,6512654,8.907316865391461
2866750,657393,5855391,6512784,8.906987144676016
2866766,657402,5855404,6512806,8.906884980575052
2866794,657413,5855423,6512836,8.906764849493394
2866812,657423,5855446,6512869,8.906664354608829
2866863,657437,5855529,6512966,8.906600936667695
2866925,657437,5855696,6513133,8.906854953402378
2867185,657443,5856412,6513855,8.907862734868269
2867214,657449,5856486,6513935,8.9078939963404
2867341,657449,5856912,6514361,8.908541955345585
2867500,657449,5857233,6514682,8.909030206145268
2867616,657449,5857427,6514876,8.909325286067817
2867636,657458,5857448,6514906,8.909235266739472
2867676,657471,5857502,6514973,8.90914123968966
2867729,657484,5857563,6515047,8.909057863005032
2867847,657484,5857790,6515274,8.909403118554977
2867867,657484,5857826,6515310,8.90945787273911
2867881,657484,5857873,6515357,8.909529357368392
2867968,657484,5858038,6515522,8.909780314045666
2868869,657617,5859564,6517181,8.91029885176326
2868931,657630,5859618,6517248,8.910204826422152
2868992,657633,5859721,6517354,8.91032080202788
2869032,657640,5859828,6517468,8.910388662490115
2869253,657654,5859873,6517527,8.910267405048856
2869256,657654,5859882,6517536,8.910281090056474
2869258,657654,5859887,6517541,8.910288692838483
2869263,657657,5859896,6517553,8.91026173217954
2869437,657727,5860057,6517784,8.909558220964017
2869453,657732,5860117,6517849,8.909581714132807
2870409,657939,5862245,6520184,8.910012934329778
2870464,657939,5862384,6520323,8.910224200115817
2870482,657939,5862411,6520350,8.91026523735483
2870763,657939,5863084,6521023,8.911288128534713
2870808,657944,5863267,6521211,8.9114985469888
2870867,657965,5863415,6521380,8.911439058308572
2870876,657967,5863430,6521397,8.911434768005082
2870978,658007,5863770,6521777,8.911409757039058
2871028,658007,5863891,6521898,8.911593645660304
2871044,658010,5863911,6521921,8.911583410586465
2871113,658040,5864042,6522082,8.911376208133245
2871177,658059,5864186,6522245,8.911337737193778
2871270,658083,5864274,6522357,8.911146466327196
2871301,658086,5864308,6522394,8.91115750828919
2871627,658097,5865119,6523216,8.912240900657501
2871753,658212,5865354,6523566,8.91104081967512
2871846,658212,5865540,6523752,8.911323403401944
2871859,658214,5865565,6523779,8.911334307687165
2871899,658232,5865603,6523835,8.911148348910414
2871920,658244,5865656,6523900,8.911066413062633
2871953,658249,5865672,6523921,8.911023032317557
2872023,658249,5865793,6524042,8.911206853333617
2872069,658255,5865825,6524080,8.911174240985636
2872197,658273,5865931,6524204,8.91109159877437
2872213,658273,5865957,6524230,8.911131096065006
2872394,658346,5866223,6524569,8.910547037575986
2872416,658350,5866236,6524586,8.910512645249486
2872853,658393,5867007,6525400,8.911101727995286
2873120,658393,5867664,6526057,8.912099612237675
2873131,658398,5867692,6526090,8.912074459521444
2873144,658398,5867718,6526116,8.912113949313333
2873182,658426,5867791,6526217,8.91184582625838
2873206,658426,5867806,6526232,8.911868607861779
2873320,658467,5868006,6526473,8.911617438687133
2873392,658508,5868108,6526616,8.911217479514296
2873408,658508,5868137,6526645,8.91126151846295
2873450,658523,5868190,6526713,8.911139018682718
2873485,658541,5868219,6526760,8.910939485924187
2873510,658547,5868309,6526856,8.910994963153732
2873543,658552,5868338,6526890,8.910971343189301
2873553,658552,5868354,6526906,8.910995638916896
2873633,658552,5868668,6527220,8.911472442570973
2873645,658560,5868679,6527239,8.911380891642372
2873850,658682,5869111,6527793,8.910386195463062
2874060,658748,5869330,6528078,8.909825912184933
2874093,658748,5869367,6528115,8.90988207933838
2874141,658777,5869478,6528255,8.90965835176395
2874190,658777,5869587,6528364,8.909823809878
2874233,658802,5869668,6528470,8.909608653282778
2874384,658837,5869891,6528728,8.909473815222885
2874415,658837,5869911,6528748,8.90950417174506
2874460,658837,5870014,6528851,8.909660507834259
2874506,658859,5870052,6528911,8.909420680297302
2874555,658869,5870124,6528993,8.909394735524057
2874674,658869,5870394,6529263,8.909804528669584
2874687,658871,5870412,6529283,8.909804802457538
2874710,658882,5870464,6529346,8.909734975306655
2874933,658941,5871093,6530034,8.909891780902994
2874971,658949,5871318,6530267,8.910125062789382
2875000,658951,5871333,6530284,8.91012078288067
2875028,658974,5871392,6530366,8.909899328349828
2875055,658995,5871425,6530420,8.909665475458842
2875114,659000,5871580,6530580,8.909833080424885
2875148,659010,5871618,6530628,8.909755542404517
2875151,659012,5871634,6530646,8.909752781436453
2875291,659012,5871999,6531011,8.910306640850242
2875403,659047,5872235,6531282,8.910191534139447
2875405,659047,5872235,6531282,8.910191534139447
2875449,659047,5872292,6531339,8.910278022659993
2875487,659073,5872361,6531434,8.910031210503238
2875872,659136,5872559,6531695,8.909479985920964
2876282,659136,5873414,6532550,8.910777138557142
2876311,659145,5873442,6532587,8.910697949616548
2876337,659145,5873494,6532639,8.910776839693845
2876397,659161,5873611,6532772,8.91073804427143
2876628,659161,5873861,6533022,8.911117314282853
2876712,659176,5873922,6533098,8.911007075500322
2876745,659200,5873968,6533168,8.910752427184466
2876765,659217,5873992,6533209,8.910559042014997
2876799,659248,5874058,6533306,8.910240152416087
2877103,659278,5874428,6533706,8.910395917958736
2877118,659285,5874449,6533734,8.910333163957924
2877136,659293,5874483,6533776,8.910276614494618
2877187,659312,5874571,6533883,8.9101533113306
2877198,659312,5874581,6533893,8.910168478656539
2877260,659343,5874669,6534012,8.909883019915279
2877271,659348,5874693,6534041,8.909851853649362
2877300,659358,5874731,6534089,8.909774356267764
2877322,659363,5874771,6534134,8.909767457379319
2877384,659363,5874788,6534151,8.909793239839058
2877398,659365,5874820,6534185,8.909814746005626
2877537,659460,5875079,6534539,8.908923968095108
2877560,659460,5875140,6534600,8.909016468019288
2877651,659485,5875374,6534859,8.909033564068933
2877672,659491,5875424,6534915,8.90902832639111
2877744,659511,5875462,6534973,8.908815774111424
2877927,659556,5875608,6535164,8.908429306988337
2877989,659571,5875641,6535212,8.908276743519652
2878018,659576,5875725,6535301,8.908336567734423
2878141,659661,5875943,6535604,8.907519165146947
2878162,659661,5875975,6535636,8.90756767491181
2878299,659726,5876256,6535982,8.907115984514784
2878444,659790,5876574,6536364,8.906733960805711
2878495,659816,5876665,6536481,8.90652090885944
2878553,659816,5876762,6536578,8.906667919541205
2878599,659840,5876850,6536690,8.90647732783705
2878622,659840,5876867,6536707,8.906503091658584
2878638,659857,5876917,6536774,8.906349406007665
2878709,659887,5877095,6536982,8.906214245772382
2878731,659895,5877115,6537010,8.906136582335069
2878820,659895,5877200,6537095,8.906265390706098
2878855,659904,5877221,6537125,8.906175746775288
2879138,659946,5877792,6537738,8.906474166068133
2879234,660005,5877890,6537895,8.905826471011583
2879323,660055,5878012,6538067,8.90533667648908
2879358,660082,5878071,6538153,8.9050617953527
2881155,660082,5881676,6541758,8.910523238021943
2881189,660109,5881757,6541866,8.910281483815552
2881220,660118,5881817,6541935,8.910250894537038
2881264,660150,5881856,6542006,8.909878058017117
2881333,660167,5881974,6542141,8.909827361864497
2881336,660169,5881989,6542158,8.909823090754035
2881419,660198,5882268,6542466,8.909854316432343
2881454,660198,5882297,6542495,8.909898242648417
2881612,660283,5882472,6542755,8.909016285441243
2881740,660393,5882879,6543272,8.9081486327081
2881821,660393,5882934,6543327,8.90823191644975
2881837,660393,5882960,6543353,8.908271286945803
2881924,660401,5883042,6543443,8.908287540448908
2881975,660404,5883126,6543530,8.908374267872393
2882015,660428,5883221,6543649,8.908194383036456
2882439,660532,5883501,6544033,8.907215698860918
2882455,660540,5883511,6544051,8.907122960002422
2882492,660555,5883549,6544104,8.90697822285805
2882520,660555,5883591,6544146,8.907041805754252
2882529,660557,5883600,6544157,8.907028462343144
2882740,660558,5884131,6544689,8.907818844068197
2882750,660562,5884152,6544714,8.90779669432998
2882801,660573,5884223,6544796,8.907755842276327
2882926,660614,5884423,6545037,8.90750574465573
2883019,660678,5884615,6545293,8.90693348348212
2883022,660678,5884624,6545302,8.906947105851867
2883056,660684,5884699,6545383,8.90697973615223
2883100,660698,5884826,6545524,8.906983220775604
2883142,660711,5884896,6545607,8.906913915463797
2883170,660719,5884934,6545653,8.906863583459836
2883190,660723,5885000,6545723,8.906909552111854
2883204,660730,5885030,6545760,8.906860593585883
2883369,660750,5885078,6545828,8.906663639803254
2883476,660780,5885150,6545930,8.906368231484004
2883526,660795,5885255,6546050,8.906324957059299
2883648,660839,5885485,6546324,8.906079998305184
2883675,660839,5885535,6546374,8.90615565969926
2883701,660850,5885585,6546435,8.906083074827873
2883755,660850,5885704,6546554,8.9062631459484
2883875,660901,5885842,6546743,8.905784678794555
2883936,660934,5885995,6546929,8.90557150940941
2884054,660944,5886250,6547194,8.90582258103561
2884077,660944,5886298,6547242,8.905895204434868
2884080,660944,5886307,6547251,8.90590882132223
2884134,660944,5886483,6547427,8.906175107119514
2884185,660944,5886483,6547427,8.906175107119514
2884222,660960,5886549,6547509,8.906059368191722
2884250,660960,5886569,6547529,8.906089627208909
2884336,660960,5886711,6547671,8.906304466230937
2884606,660967,5887369,6548336,8.907205654745244
2884628,660971,5887390,6548361,8.907183522423828
2884731,660971,5887559,6548530,8.907439206863842
2884740,660971,5887570,6548541,8.907455849046327
2884742,660971,5887572,6548543,8.907458874897689
2884861,660971,5887732,6548703,8.907700943006576
2884876,660975,5887750,6548725,8.907674269072205
2885066,661068,5888083,6549151,8.906924854931717
2885111,661100,5888138,6549238,8.906576917259114
2885132,661100,5888184,6549284,8.906646498260475
2885493,661103,5889238,6550341,8.908200386324067
2885550,661103,5889388,6550491,8.908427279864107
2885570,661103,5889418,6550521,8.908472658572114
2885688,661184,5889652,6550836,8.907735214403253
2885704,661188,5889669,6550857,8.907707036425343
2885915,661188,5890202,6551390,8.9085131611584
2886017,661250,5890495,6551745,8.908120982986768
2886044,661258,5890548,6551806,8.908093361441374
2886146,661273,5890641,6551914,8.908031932348667
2887488,661273,5893937,6555210,8.913016258035638
2887506,661273,5893947,6555220,8.91303138038299
2887615,661298,5894122,6555420,8.91295905930458
2887655,661325,5894203,6555528,8.912717650172004
2887733,661325,5894360,6555685,8.912955052357011
2887755,661331,5894397,6555728,8.912930136346247
2887766,661331,5894407,6555738,8.912945257367339
2887778,661331,5894432,6555763,8.91298305992007
2887821,661345,5894521,6555866,8.912928955386372
2887907,661345,5894680,6556025,8.913169374532202
2887911,661347,5894684,6556031,8.913148468202017
2887959,661347,5894757,6556104,8.91325884898548
2888385,661521,5895213,6556734,8.911603713260803
2888514,661619,5895484,6557103,8.910693314430208
2888557,661634,5895527,6557161,8.910556289428898
2888736,661643,5896566,6558209,8.912005416818435
2888776,661665,5896635,6558300,8.911813379882568
2888814,661672,5896694,6558366,8.911808267540414
2888970,661778,5897012,6558790,8.910861346252066
2888980,661782,5897031,6558813,8.910836196814056
2889175,661782,5897501,6559283,8.91154640047629
2889197,661784,5897508,6559292,8.911530046057324
2889718,662047,5898378,6560425,8.909304022221987
2890908,662071,5902826,6564897,8.915699373632133
2890924,662071,5902852,6564923,8.91573864434479
2890997,662097,5902979,6565076,8.91558034547808
2891011,662099,5902996,6565095,8.915579090136067
2891141,662146,5903218,6565364,8.915281524014341
2891196,662146,5903394,6565540,8.915547326420457
2891245,662146,5903503,6565649,8.915711942683336
2891327,662179,5903645,6565824,8.91548206753763
2891362,662187,5903693,6565880,8.915446845075484
2891423,662187,5903836,6566023,8.91566279615879
2891503,662222,5904051,6566273,8.915516246817532
2891516,662225,5904056,6566281,8.91548340820718
2891542,662232,5904135,6566367,8.915508462291161
10,15,1,16,0.06666666666666667
37,43,24,67,0.5581395348837209
169,162,205,367,1.2654320987654322
190,185,225,410,1.2162162162162162
297,281,341,622,1.2135231316725978
318,299,352,651,1.1772575250836121
318,299,352,651,1.1772575250836121
339,312,363,675,1.1634615384615385
671,667,1598,2265,2.395802098950525
691,678,1608,2286,2.3716814159292037
717,705,1642,2347,2.329078014184397
2583,1717,4611,6328,2.685497961560862
2619,1760,4645,6405,2.6392045454545454
3042,2032,4959,6991,2.440452755905512
3094,2099,5045,7144,2.4035254883277752
3112,2121,5063,7184,2.387081565299387
3158,2138,5085,7223,2.3783910196445275
3556,2430,5676,8106,2.3358024691358024
3609,2462,5741,8203,2.331844029244517
4553,3047,7239,10286,2.375779455201838
4719,3169,7433,10602,2.3455348690438624
4748,3183,7450,10633,2.3405592208608232
4748,3228,7510,10738,2.3265179677819083
4757,3237,7526,10763,2.324992276799506
4761,3239,7534,10773,2.3260265514047544
4773,3249,7549,10798,2.3234841489689133
4896,3357,7740,11097,2.3056300268096517
5025,3472,7923,11395,2.2819700460829493
5035,3481,7937,11418,2.2800919276070095
5053,3497,7953,11450,2.2742350586216755
5076,3515,7971,11486,2.267709815078236
5090,3529,8036,11565,2.2771323321054124
5137,3557,8085,11642,2.2729828507168963
5152,3566,8100,11666,2.2714526079641053
5186,3578,8111,11689,2.26690888764673
5222,3615,8164,11779,2.2583679114799446
5303,3684,8299,11983,2.25271444082519
5355,3722,8365,12087,2.2474476088124664
6356,4145,9644,13789,2.326658624849216
6865,4438,10476,14914,2.3605227579990986
6923,4487,10548,15035,2.3507911745041232
7029,4561,10652,15213,2.3354527515895636
7044,4578,10662,15240,2.3289646133682833
7088,4614,10701,15315,2.3192457737321197
7127,4678,10762,15440,2.300555793073963
7337,4734,10909,15643,2.304393747359527
7391,4806,11048,15854,2.2987931751976696
8205,5248,11926,17174,2.272484756097561
8252,5278,11964,17242,2.266767715043577
8308,5355,12079,17434,2.2556489262371615
8339,5384,12112,17496,2.24962852897474
8800,5659,12634,18293,2.2325499204806505
8864,5714,12734,18448,2.2285614280714037
8977,5771,12980,18751,2.2491769190781494
9007,5794,13001,18795,2.2438729720400414
9056,5838,13074,18912,2.239465570400822
9071,5843,13093,18936,2.240800958411775
9117,5883,13172,19055,2.238993710691824
9130,5894,13185,19079,2.2370206990159485
9166,5927,13232,19159,2.2324953602159607
9219,5960,13275,19235,2.2273489932885906
9341,6028,13373,19401,2.218480424684804
9394,6073,13465,19538,2.2171908447225426
9427,6098,13502,19600,2.21416857986225
9481,6138,13540,19678,2.2059302704463994
9587,6163,13578,19741,2.2031478176212884
9650,6195,13627,19822,2.199677158999193
9711,6233,13740,19973,2.2043959570030482
9753,6268,13791,20059,2.20022335673261
9807,6309,13873,20182,2.1989221746711047
9873,6359,13945,20304,2.1929548671174715
10202,6553,14472,21025,2.208454143140546
10295,6627,14671,21298,2.2138222423419345
10327,6652,14759,21411,2.21873120865905
10371,6687,14839,21526,2.2190818005084494
10515,6808,15153,21961,2.2257638072855466
10976,7174,15991,23165,2.2290214664064676
10981,7177,15996,23173,2.228786401003205
10984,7182,16000,23182,2.227791701475912
11010,7199,16022,23221,2.225586887067648
11031,7214,16037,23251,2.2230385361796507
11059,7249,16074,23323,2.217409297834184
11116,7288,16159,23447,2.217206366630077
11150,7339,16206,23545,2.2082027524185857
11327,7428,16346,23774,2.200592353257943
11374,7468,16394,23862,2.195232994108195
11520,7541,16547,24088,2.194271316801485
11563,7564,16619,24183,2.1971179270227394
11598,7585,16660,24245,2.196440342781806
12382,8078,17658,25736,2.1859371131468186
12475,8078,17658,25736,2.1859371131468186
12634,8199,17856,26055,2.177826564215148
12663,8214,17876,26090,2.176284392500609
12725,8221,17886,26107,2.1756477314195353
13102,8439,18326,26765,2.1715843109373147
13279,8561,18584,27145,2.170774442238056
13409,8564,18967,27531,2.2147361046240075
13452,8607,19058,27665,2.214244219821076
13665,8768,19690,28458,2.2456660583941606
14025,9011,20471,29482,2.2717789368549552
14082,9053,20579,29632,2.2731691152104276
14190,9106,20686,29792,2.271688996266198
14240,9129,20709,29838,2.268485047650345
14280,9153,20769,29922,2.269092100950508
14338,9160,20799,29959,2.2706331877729258
14483,9210,20909,30119,2.2702497285559176
14529,9235,20952,30187,2.2687601515971845
14550,9249,20968,30217,2.267055897934912
14624,9283,21017,30300,2.2640310244533017
14849,9419,21506,30925,2.2832572459921434
14924,9457,21579,31036,2.2818018399069473
14954,9490,21618,31108,2.277976817702845
14962,9490,21618,31108,2.277976817702845
15018,9535,21680,31215,2.27372836916623
15114,9567,21785,31352,2.277098358942197
15492,9682,22198,31880,2.2927081181574054
15502,9682,22214,31896,2.294360669283206
15556,9729,22304,32033,2.2925274951176893
15584,9746,22332,32078,2.2914016006566795
15640,9797,22385,32182,2.2848831274880066
15681,9807,22402,32209,2.284286733965535
15963,9909,22627,32536,2.2834796649510545
16260,10038,22796,32834,2.270970312811317
16334,10067,22903,32970,2.275057117313996
16451,10104,22954,33058,2.271773555027712
16524,10148,23023,33171,2.268722901064249
16570,10158,23045,33203,2.268655247095885
16576,10161,23053,33214,2.268772758586753
16589,10174,23071,33245,2.2676430115981914
16606,10186,23103,33289,2.268113096406833
16642,10215,23178,33393,2.2690161527165933
16732,10255,23338,33593,2.275767918088737
16788,10279,23409,33688,2.2773616110516586
16839,10321,23499,33820,2.2768142621838967
17002,10498,23740,34238,2.261383120594399
17039,10536,23813,34349,2.2601556567957477
17053,10552,23834,34386,2.258718726307809
17150,10584,23943,34527,2.26218820861678
17177,10598,23954,34552,2.260237780713342
17231,10619,24072,34691,2.2668801205386573
17232,10619,24072,34691,2.2668801205386573
17262,10644,24093,34737,2.263528748590755
17324,10673,24143,34816,2.2620631500046846
17346,10690,24199,34889,2.2637043966323667
17495,10791,24330,35121,2.254656658326383
17509,10799,24340,35139,2.2539123992962313
18077,11102,25524,36626,2.299045217078004
18097,11109,25542,36651,2.299216851201728
18098,11109,25544,36653,2.2993968854082274
18212,11203,25821,37024,2.304829063643667
18220,11204,25833,37037,2.3056943948589788
18266,11231,25959,37190,2.31137031430861
18273,11241,25968,37209,2.3101147584734454
18303,11244,25985,37229,2.311010316613305
18316,11251,25990,37241,2.3100168873877878
18351,11271,26045,37316,2.3107976222163074
18739,11510,26624,38134,2.3131190269331015
18777,11530,26683,38213,2.3142237640936685
18780,11532,26689,38221,2.31434269857787
19949,12255,28492,40747,2.3249286005711953
19984,12263,28496,40759,2.32373807388078
20013,12274,28523,40797,2.323855303894411
20052,12312,28590,40902,2.3221247563352825
20141,12374,28738,41112,2.322450299014062
20189,12396,28829,41225,2.3256695708293
20365,12590,29158,41748,2.3159650516282766
20421,12618,29266,41884,2.3193850055476304
20477,12670,29345,42015,2.3161010260457773
20558,12734,29452,42186,2.312863200879535
20580,12740,29461,42201,2.312480376766091
21074,13037,30245,43282,2.3199355679987725
21209,13088,30475,43563,2.328468826405868
21221,13095,30482,43577,2.327758686521573
21303,13143,30554,43697,2.3247356006999924
21329,13150,30563,43713,2.3241825095057034
23285,14320,33439,47759,2.3351256983240223
23351,14357,33497,47854,2.333147593508393
23434,14409,33601,48010,2.331945311957804
23507,14444,33688,48132,2.3323179174743838
23517,14444,33704,48148,2.333425643865965
24058,14557,34064,48621,2.3400425911932405
24223,14697,34303,49000,2.3340137443015583
24238,14716,34326,49042,2.332563196520794
24282,14752,34400,49152,2.331887201735358
24323,14770,34433,49203,2.3312796208530804
24350,14793,34462,49255,2.3296153586155612
24487,14855,34616,49471,2.330259171995961
24626,14963,34761,49724,2.3231303882911183
24666,14980,34860,49840,2.3271028037383177
24722,15012,34916,49928,2.3258726352251533
24860,15114,35168,50282,2.3268492788143442
24906,15126,35195,50321,2.326788311516594
25285,15432,36791,52223,2.3840720580611716
25554,15586,37153,52739,2.383741819581676
26429,16055,38536,54591,2.4002491435689817
26818,16221,38888,55109,2.3973861044325258
26865,16246,38934,55180,2.396528376215684
26934,16301,39077,55378,2.3972148947917304
26961,16312,39097,55409,2.396824423737126
27137,16402,39330,55732,2.397878307523473
27157,16412,39366,55778,2.398610772605411
27162,16417,39370,55787,2.398123895961503
27174,16432,39396,55828,2.397517039922103
27189,16437,39399,55836,2.3969702500456287
27206,16443,39411,55854,2.3968253968253967
27594,16634,40329,56963,2.4244920043284837
27596,16634,40329,56963,2.4244920043284837
27602,16638,40338,56976,2.42445005409304
28375,17119,41507,58626,2.4246159238273264
28397,17122,41510,58632,2.4243663123466885
28432,17141,41546,58687,2.423779242751298
28504,17210,41648,58858,2.419988378849506
28654,17263,41962,59225,2.4307478422058737
28655,17263,41964,59227,2.430863696924057
28658,17266,41970,59236,2.4307888335456966
28798,17400,42099,59499,2.4194827586206897
28996,17520,42319,59839,2.4154680365296803
29518,17805,43085,60890,2.419825891603482
29568,17814,43154,60968,2.4224767037161783
29627,17841,43198,61039,2.4212768342581694
29718,17946,43361,61307,2.4161930235149893
29813,18009,43475,61484,2.4140707424065746
29891,18051,43594,61645,2.4150462578250513
29895,18052,43602,61654,2.4153556392643476
29981,18129,43732,61861,2.4122676374868997
30052,18183,43833,62016,2.4106583072100314
30084,18191,43859,62050,2.4110274311472706
30116,18208,43911,62119,2.4116322495606326
30140,18208,43913,62121,2.4117420913884007
30205,18229,43968,62197,2.411980909539744
30360,18328,44190,62518,2.4110650371017024
30375,18341,44220,62561,2.4109917670792216
30630,18503,44650,63153,2.413122196400584
30654,18507,44652,63159,2.4127087048143947
30676,18523,44681,63204,2.41219024995951
30694,18534,44697,63231,2.411621884104888
30735,18556,44751,63307,2.411672774304807
30739,18562,44763,63325,2.4115397047731926
30790,18586,44838,63424,2.412460992144625
31090,18719,45248,63967,2.417223142261873
31110,18730,45267,63997,2.4168179391350773
31116,18735,45268,64003,2.4162263143848413
31348,18900,45661,64561,2.415925925925926
31406,18934,45742,64676,2.4158656385338544
31492,18961,45785,64746,2.414693317862982
31512,18973,45810,64783,2.4144837400516526
31530,18980,45820,64800,2.4141201264488936
31542,19001,45850,64851,2.413030893110889
31620,19058,46013,65071,2.4143666701647604
31862,19229,46534,65763,2.419990639138801
31947,19315,46761,66076,2.4209681594615584
31965,19320,46766,66086,2.4206004140786748
32193,19558,47241,66799,2.415431025667246
32234,19572,47297,66869,2.416564479869201
32277,19625,47362,66987,2.4133503184713376
32285,19631,47370,67001,2.4130202231164994
32710,19666,47815,67481,2.431353605206956
33032,19882,48435,68317,2.4361231264460317
33233,19905,48757,68662,2.449485054006531
33282,19946,48814,68760,2.447307730873358
33288,19951,48828,68779,2.4473961204952133
33820,20166,49278,69444,2.4436179708420114
33833,20177,49301,69478,2.443425682708034
33836,20177,49307,69484,2.443723050998662
33867,20190,49324,69514,2.4429915799900943
33917,20222,49374,69596,2.441598259321531
33948,20222,49374,69596,2.441598259321531
33967,20234,49399,69633,2.4413857863002866
33987,20257,49428,69685,2.4400454163992693
33995,20257,49428,69685,2.4400454163992693
34040,20296,49473,69769,2.4375739061884114
34119,20328,49574,69902,2.4387052341597797
34458,20549,50192,70741,2.4425519489999514
34505,20583,50239,70822,2.4408006607394452
34506,20583,50241,70824,2.440897828304912
34604,20639,50397,71036,2.4418334221619267
34674,20668,50434,71102,2.440197406618928
34712,20688,50472,71160,2.4396751740139213
34749,20721,50531,71252,2.4386371314125768
34822,20749,50619,71368,2.4395874499975903
34823,20749,50621,71370,2.439683840185069
35032,20876,50869,71745,2.4367215941751295
35076,20890,50934,71824,2.4382000957395884
35109,20894,50940,71834,2.438020484349574
35130,20919,50961,71880,2.4361107127491755
35228,20921,51249,72170,2.4496438984752165
35278,20946,51302,72248,2.449250453547217
35553,21157,51772,72929,2.4470388051236
35595,21163,51780,72943,2.446723054387374
35645,21215,51907,73122,2.4467122319113837
35678,21228,51959,73187,2.4476634633502923
35698,21246,51983,73229,2.446719382471995
35908,21351,52298,73649,2.4494403072455624
35976,21387,52467,73854,2.453219245335952
36170,21532,52700,74232,2.4475199702767974
36227,21554,52786,74340,2.449011784355572
36283,21570,52811,74381,2.4483541956420956
36373,21658,52968,74626,2.4456551851509833
36390,21669,52995,74664,2.445659698186349
36458,21719,53123,74842,2.445922924628206
36461,21719,53123,74842,2.445922924628206
36482,21730,53151,74881,2.4459733087896915
36571,21770,53270,75040,2.446945337620579
36796,21867,53742,75609,2.457675950061737
37437,22144,54441,76585,2.458498916184971
37559,22308,54722,77030,2.4530213376367223
37599,22320,54740,77060,2.4525089605734767
37671,22353,54853,77206,2.4539435422538363
37716,22370,54904,77274,2.454358515869468
37740,22387,54926,77313,2.4534774645999913
37842,22477,55202,77679,2.455932731236375
37917,22512,55264,77776,2.4548685145700073
37940,22523,55310,77833,2.4557119389068953
37965,22541,55335,77876,2.454860032829067
38060,22580,55440,78020,2.4552701505757306
38098,22609,55490,78099,2.454332345526118
38114,22633,55516,78149,2.452878540184686
38177,22660,55618,78278,2.4544571932921446
38197,22669,55641,78310,2.4544973311570866
38282,22724,55840,78564,2.45731385319486
38315,22750,55878,78628,2.456175824175824
38387,22824,56042,78866,2.455397826848931
38407,22834,56065,78899,2.455329771393536
38434,22853,56096,78949,2.4546449043889207
38601,22922,56320,79242,2.4570281825320652
38645,22955,56348,79303,2.454715748203006
38699,23003,56434,79437,2.4533321740642524
38786,23067,56600,79667,2.453721767026488
38791,23067,56613,79680,2.45428534269736
39019,23220,56934,80154,2.451937984496124
39177,23264,57217,80481,2.4594652682255846
39357,23331,57351,80682,2.4581458145814583
39640,23533,58047,81580,2.4666213402456125
39814,23621,58225,81846,2.4649676135642014
41099,23621,58225,81846,2.4649676135642014
41164,23639,58250,81889,2.4641482296205424
41196,23653,58257,81910,2.4629856677799857
41242,23677,58288,81965,2.4617983697258943
41307,23733,58518,82251,2.465680697762609
41471,23826,58744,82570,2.46554184504323
41472,23826,58746,82572,2.465625786955427
41511,23834,58787,82621,2.466518419065201
41515,23837,58790,82627,2.4663338507362504
41678,23903,58994,82897,2.4680584027109567
42335,24315,59898,84213,2.4634176434299815
43004,24545,60515,85060,2.4654715828070892
43306,24793,60948,85741,2.4582745129673698
43566,24862,61197,86059,2.4614672994932025
43609,24882,61246,86128,2.4614580821477374
43662,24917,61304,86221,2.460328289922543
43750,24924,61530,86454,2.46870486278286
43776,24931,61563,86494,2.469335365609081
44160,25047,61875,86922,2.4703557312252964
44160,25047,61875,86922,2.4703557312252964
44194,25062,61917,86979,2.470553028489346
45291,25062,61917,86979,2.470553028489346
45659,25155,62350,87505,2.4786324786324787
45941,25260,62521,87781,2.4750989707046713
45945,25260,62527,87787,2.475336500395883
45961,25260,62527,87787,2.475336500395883
45975,25275,62544,87819,2.474540059347181
46030,25293,62703,87996,2.479065354050528
46119,25333,62809,88142,2.479335254411242
46457,25516,63097,88613,2.4728405706223544
48413,26474,65800,92274,2.4854574299312535
48534,26519,65899,92418,2.484973038199027
48538,26520,65903,92423,2.485030165912519
48554,26531,65914,92445,2.4844144585579135
48559,26532,65924,92456,2.4846977235036936
48592,26539,65938,92477,2.4845698782923247
56820,26546,90616,117162,3.4135462969938972
56873,26565,90716,117281,3.4148691887822324
56920,26590,90813,117403,3.4153065062053405
57994,27437,93571,121008,3.410394722455079
58012,27454,93593,121047,3.409084286442777
58047,27479,93628,121107,3.4072564503802902
58089,27516,93715,121231,3.405836604157581
58132,27555,93794,121349,3.4038831428052987
58261,27651,93999,121650,3.3994792231745685
59024,27847,94651,122498,3.398965777283011
59150,27904,94864,122768,3.3996559633027523
59229,27979,95034,123013,3.3966188927409844
59282,28002,95061,123063,3.3947932290550673
59393,28076,95244,123320,3.392363584556205
59434,28142,95329,123471,3.3874280434937103
59457,28150,95353,123503,3.387317939609236
59478,28162,95389,123551,3.387152901072367
59490,28165,95393,123558,3.386934138114681
59591,28165,95393,123558,3.386934138114681
59596,28166,95396,123562,3.3869204004828517
59604,28173,95398,123571,3.386149859794839
59685,28231,95534,123765,3.384010484927916
59694,28240,95564,123804,3.38399433427762
59709,28252,95591,123843,3.3835126716692625
59899,28368,95896,124264,3.380428652002256
59947,28404,95982,124386,3.3791719476130124
59953,28408,95983,124391,3.378731343283582
60347,28623,96541,125164,3.3728470111448834
60351,28623,96550,125173,3.3731614435943125
60444,28689,96749,125438,3.3723378298302484
60495,28689,96749,125438,3.3723378298302484
60568,28761,96885,125646,3.368624178575154
60607,28780,96928,125708,3.3678943710910354
60643,28797,96986,125783,3.3679202694725143
60672,28808,97013,125821,3.367571507914468
60691,28827,97043,125870,3.3663926180317065
60761,28868,97122,125990,3.364348067063877
62576,29630,98923,128553,3.3386095173810326
62630,29668,99014,128682,3.337400566266685
63284,30072,100211,130283,3.332368981111998
63287,30074,100213,130287,3.3322138724479617
63353,30116,100313,130429,3.33088723602072
63372,30128,100342,130470,3.330523101433882
63801,30242,101017,131259,3.3402883407182067
63812,30257,101029,131286,3.339028985028258
63831,30266,101069,131335,3.3393576951034163
64111,30393,101405,131798,3.336459053071431
64118,30393,101405,131798,3.336459053071431
64157,30434,101480,131914,3.334428599592561
64354,30446,102643,133089,3.3713131445838536
64512,30521,102817,133338,3.3687297270731626
64553,30521,102817,133338,3.3687297270731626
64567,30535,102852,133387,3.368331422957262
64595,30546,102894,133440,3.3684934197603615
64870,30685,103667,134352,3.3784259410135244
64905,30708,103699,134407,3.376937605835613
64933,30729,103726,134455,3.3755084773341144
65421,30956,104354,135310,3.3710427703837706
65474,30984,104402,135386,3.369545571908082
65536,31036,104496,135532,3.366928727928857
65654,31155,104692,135847,3.360359492858289
65887,31268,104984,136252,3.357554048867852
65907,31275,105009,136284,3.3576019184652277
65967,31308,105129,136437,3.357895745496359
66475,31516,105534,137050,3.348584845792613
66488,31524,105547,137071,3.348147443217866
66510,31538,105587,137125,3.347929481894857
66535,31556,105609,137165,3.3467169476486247
66566,31577,105656,137233,3.3459796687462395
66579,31592,105701,137293,3.3458153963028616
66638,31636,105752,137388,3.342774054874194
66668,31648,105773,137421,3.3421701213346813
66681,31651,105789,137440,3.3423588512211304
66904,31755,106373,138128,3.34980318060148
66951,31776,106405,138181,3.348596424974824
67008,31809,106492,138301,3.347857524599956
67057,31837,106554,138391,3.346860571033703
67071,31838,106578,138416,3.3475092656573904
67378,32086,107182,139268,3.340460013713146
67499,32176,107597,139773,3.3440141720537047
67908,32176,107597,139773,3.3440141720537047
68032,32226,107903,140129,3.348321231303916
68102,32240,107983,140223,3.349348635235732
68113,32248,107999,140247,3.3490138923344084
68274,32344,108209,140553,3.3455664110808807
68492,32503,108635,141138,3.3423068639817863
68526,32520,108688,141208,3.342189421894219
68610,32568,108866,141434,3.342729059199214
69391,32869,109708,142577,3.337734643585141
69622,32946,109922,142868,3.3364293085655317
69643,32970,109949,142919,3.3348195329087047
69657,32974,109969,142943,3.3350215321162127
69691,32991,110014,143005,3.334667030402231
69885,33050,110352,143402,3.3389409984871405
69907,33058,110380,143438,3.3389799745901145
69946,33088,110428,143516,3.3374032882011604
70198,33240,110930,144170,3.3372442839951866
70549,33496,111538,145034,3.329890136135658
70556,33499,111557,145056,3.330159109227141
70599,33513,111585,145098,3.329603437472026
70683,33554,111725,145279,3.3297073374262385
70818,33693,112025,145718,3.324874603033271
70936,33757,112287,146044,3.326332316260331
70949,33758,112313,146071,3.3270039694294686
70958,33762,112327,146089,3.327024465375274
70974,33771,112344,146115,3.32664120103047
70979,33773,112347,146120,3.3265330293429662
71015,33796,112404,146200,3.3259557344064388
71034,33820,112443,146263,3.324748669426375
71075,33848,112481,146329,3.3231210115811867
71086,33859,112502,146361,3.3226616261555275
71214,34005,112695,146700,3.3140714600794
71228,34009,112705,146714,3.313975712311447
71285,34037,112802,146839,3.314099362458501
71304,34047,112828,146875,3.3138896231679738
71596,34191,113185,147376,3.3103740750489896
71792,34360,113475,147835,3.3025320139697323
71866,34374,113531,147905,3.302816081922383
72174,34577,114050,148627,3.298435376117072
72216,34626,114124,148750,3.2959048114133886
72249,34626,114188,148814,3.2977531334835093
72392,34703,114379,149082,3.295939832291156
72428,34710,114398,149108,3.295822529530395
72474,34724,114435,149159,3.295559267365511
72558,34818,114624,149442,3.292090298121661
72625,34897,114758,149655,3.288477519557555
72649,34913,114773,149686,3.2874001088419784
72706,34951,114897,149848,3.2873737518239823
72732,34970,114930,149900,3.2865313125536173
72787,34990,114998,149988,3.286596170334381
72797,34996,115010,150006,3.286375585781232
72989,35092,115337,150429,3.286703522170295
73014,35115,115378,150493,3.2857183539797807
73026,35127,115395,150522,3.2850798531044494
73047,35141,115430,150571,3.2847670811872174
73098,35159,115478,150637,3.2844506385278307
73152,35195,115547,150742,3.2830515698252594
73182,35217,115602,150819,3.2825623988414687
73377,35304,115802,151106,3.280138227962837
73378,35304,115804,151108,3.2801948787672783
73394,35304,115830,151134,3.280931339225017
73395,35304,115832,151136,3.2809879900294585
73812,35523,116576,152099,3.281704810967542
74040,35523,117050,152573,3.295048278580075
74077,35524,117124,152648,3.297038621776827
74235,35699,117431,153130,3.2894758956833523
74622,35699,117431,153130,3.2894758956833523
75078,35920,118451,154371,3.2976336302895324
75354,36098,118930,155028,3.294642362457754
75374,36111,118962,155073,3.2943424441305975
75396,36127,118998,155125,3.2938799236028453
76023,36427,119824,156251,3.289428171411316
76043,36435,119829,156264,3.288843145327295
76054,36453,119837,156290,3.287438619592352
76088,36470,119869,156339,3.286783657800932
76129,36486,119898,156384,3.2861371484953135
76190,36514,120011,156525,3.2867119461028644
76222,36546,120068,156614,3.2853937503420347
76232,36551,120090,156641,3.285546223085552
76235,36554,120096,156650,3.285440717842097
76266,36577,120143,156720,3.2846597588648603
76304,36596,120184,156780,3.2840747622691007
76475,36606,121178,157784,3.31033163962192
76487,36617,121203,157820,3.3100199360952565
76490,36620,121209,157829,3.3099126160567995
76525,36633,121255,157888,3.30999372150793
76550,36644,121285,157929,3.309818797074555
76615,36685,121388,158073,3.308927354504566
76652,36704,121404,158108,3.3076503923278118
77053,36953,121876,158829,3.298135469380023
77066,36963,121896,158859,3.297784270757244
77088,36975,121923,158898,3.297444219066937
77243,37072,122099,159171,3.293563875701338
77767,37188,123247,160435,3.314160481875874
78184,37468,123997,161465,3.3094106971282162
78249,37502,124058,161560,3.308036904698416
78282,37508,124073,161581,3.3079076463687747
78337,37518,124347,161865,3.3143291220214297
78461,37638,124558,162196,3.309368191721133
78551,37682,124676,162358,3.308635422748262
78618,37734,124776,162510,3.306726029575449
78684,37766,124811,162577,3.304850924111635
78694,37766,124827,162593,3.3052745856061008
78764,37793,124948,162741,3.3061148890006087
78815,37844,125072,162916,3.3049360532713243
78849,37870,125143,163013,3.304541853710061
78881,37888,125190,163078,3.3042124155405403
78952,37941,125293,163234,3.3023114836193037
78972,37980,125349,163329,3.3003949447077408
78981,37983,125351,163334,3.300186925729932
79099,38083,125555,163638,3.296877872016385
79114,38090,125568,163658,3.296613284326595
79163,38126,125637,163763,3.2953102869432933
79478,38310,126139,164449,3.2925867919603236
79645,38452,126432,164884,3.2880474357640694
82225,39583,129511,169094,3.2718843948159564
82274,39630,129568,169198,3.2694423416603584
82293,39646,129609,169255,3.26915703980225
82318,39649,129631,169280,3.269464551438876
82364,39681,129712,169393,3.2688692321262063
82409,39726,129754,169480,3.2662236318783666
82466,39742,129802,169544,3.2661164511096574
82509,39758,129870,169628,3.2665124000201216
82542,39773,129905,169678,3.2661604606139845
82620,39784,130022,169806,3.2681982706615726
82675,39799,130072,169871,3.268222819668836
82692,39805,130084,169889,3.2680316543147847
82697,39810,130088,169898,3.2677216779703593
83477,39827,131532,171359,3.3025836743917445
83509,39838,131565,171403,3.302500125508309
83727,39971,132036,172007,3.303294888794376
83734,39971,132036,172007,3.303294888794376
83776,39984,132143,172127,3.3048969587835133
84895,40502,133669,174171,3.3003061577206063
84917,40511,133684,174195,3.299943225296833
84929,40516,133707,174223,3.3001036627505185
84943,40541,133759,174300,3.2993512740188944
85161,40625,133879,174504,3.2954830769230767
85214,40673,133951,174624,3.293364148206427
85265,40694,133997,174691,3.2927950066348846
85323,40719,134097,174816,3.2932292050394163
85366,40725,134166,174891,3.294438305709024
85458,40788,134286,175074,3.2922918505442778
85541,40807,134517,175324,3.296419731908741
85547,40807,134528,175335,3.2966892935035657
85615,40832,134609,175441,3.2966545846394983
85693,40866,134685,175551,3.2957715460284835
85763,40934,134859,175793,3.2945473200762203
85783,40934,134880,175814,3.295060341036791
85790,40937,134883,175820,3.2948921513545204
86132,41024,135125,176149,3.2938036271450857
86200,41045,135214,176259,3.294286758435863
86237,41076,135260,176336,3.292920440159704
86242,41076,135260,176336,3.292920440159704
86262,41076,135281,176357,3.2934316876034666
86305,41104,135404,176508,3.2941806150253017
86332,41125,135444,176569,3.2934711246200608
87061,41237,136169,177406,3.3021073307951596
88930,41497,139916,181413,3.371713617851893
88942,41504,139930,181434,3.371482266769468
88954,41511,139957,181468,3.3715641637156417
88980,41524,139992,181516,3.371351507561892
89004,41536,140025,181561,3.371171995377504
89025,41547,140046,181593,3.370784894216189
89060,41567,140080,181647,3.369980994538937
89100,41601,140186,181787,3.3697747650296868
89148,41625,140270,181895,3.36984984984985
89169,41640,140281,181921,3.368900096061479
89193,41647,140287,181934,3.368477921578985
89227,41664,140318,181982,3.3678475422427034
89619,41959,141129,183088,3.363497700135847
89660,41968,141159,183127,3.363491231414411
89695,41993,141191,183184,3.362250851332365
89763,42053,141303,183356,3.3601169952203174
89864,42118,141454,183572,3.3585165487440047
89902,42142,141497,183639,3.35762422286555
89911,42152,141526,183678,3.357515657620042
90033,42245,141864,184109,3.358125221919754
90282,42260,141931,184191,3.358518693800284
90298,42262,141955,184217,3.3589276418532013
90395,42320,142129,184449,3.35843572778828
90768,42506,142623,185129,3.355361596009975
90934,42618,142829,185447,3.3513773522924586
90979,42653,142889,185542,3.350033995264108
90992,42659,142897,185556,3.349750345765255
91015,42673,142935,185608,3.349541864879432
91088,42723,143084,185807,3.349109379023009
91159,42762,143207,185969,3.3489312941396565
91213,42800,143327,186127,3.3487616822429906
91321,42858,143462,186320,3.3473797190722854
91802,43099,144428,187527,3.3510754309844777
92076,43197,144632,187829,3.3481954765377226
92090,43210,144652,187862,3.3476510067114096
92259,43284,144769,188053,3.3446308104611404
92357,43285,145058,188343,3.3512302183204343
92378,43298,145114,188412,3.351517391103515
92451,43298,145236,188534,3.3543350732135435
92603,43373,145388,188761,3.352039287114103
92639,43407,145439,188846,3.350588614739558
92720,43452,145533,188985,3.34928196630765
92806,43491,145609,189100,3.3480260283736865
92822,43494,145641,189135,3.3485308318388745
93034,43631,146049,189680,3.3473676972794575
93255,43782,146419,190201,3.344273902517016
93298,43791,146449,190240,3.3442716539928297
93357,43834,146588,190422,3.344162065976183
93396,43851,146604,190455,3.3432304850516523
93409,43858,146623,190481,3.343130101691824
93427,43864,146632,190496,3.342877986503739
93728,43903,147192,191095,3.3526638270733207
93776,43920,147266,191186,3.3530510018214934
157138,43922,337346,381268,7.680570101543646
157181,43955,337406,381361,7.676168809009214
157214,43975,337452,381427,7.673723706651507
157251,43990,337499,381489,7.672175494430553
157317,44009,337577,381586,7.670635551818946
157446,44009,337577,381586,7.670635551818946
157468,44026,337610,381636,7.668423204470086
157471,44026,337619,381645,7.668627629128243
157514,44047,337653,381700,7.665743410447931
157710,44210,338128,382338,7.648224383623615
158013,44365,339182,383547,7.64526090386566
158067,44418,339260,383678,7.637894547255617
158082,44426,339283,383709,7.637036870301175
158191,44470,339355,383825,7.631099617719811
158227,44508,339418,383926,7.625999820257032
158249,44522,339425,383947,7.623759040474372
158410,44531,340339,384870,7.642743257506007
158437,44552,340372,384924,7.639881486801939
158449,44560,340396,384956,7.639048473967684
158633,44700,340655,385355,7.620917225950783
159519,45381,343756,389137,7.574888169057535
159531,45386,343766,389152,7.574274005199841
159617,45419,343860,389279,7.570840397190603
159709,45422,344094,389516,7.575492052309453
159816,45487,344266,389753,7.568448128036582
159916,45527,344383,389910,7.5643683967755395
160071,45617,344624,390241,7.554727404257185
162014,45674,348664,394338,7.63375224416517
162024,45681,348685,394366,7.633042183840109
162033,45694,348722,394416,7.631680308136736
162081,45723,348828,394551,7.6291581917197036
162090,45724,348846,394570,7.6293850056862915
162374,45855,349079,394934,7.612670374005016
162400,45862,349098,394960,7.611922724695827
162436,45878,349130,395008,7.609965560835259
162490,45913,349232,395145,7.6063859908958245
162499,45918,349249,395167,7.605927958534779
162520,45933,349271,395204,7.603923105392637
162589,45985,349412,395397,7.5983907796020445
162645,46003,349445,395448,7.596135034671652
162654,46010,349453,395463,7.595153227559226
162675,46033,349505,395538,7.592487997740752
162691,46040,349525,395565,7.591768027801911
164168,46310,352179,398489,7.604815374649104
164209,46352,352269,398621,7.599866240938902
164224,46358,352283,398641,7.599184606756116
164259,46393,352382,398775,7.595585540922122
164379,46441,352492,398933,7.590103572274499
164402,46454,352526,398980,7.588711413441254
164434,46469,352622,399091,7.5883277023391935
164470,46494,352707,399201,7.586075622660989
164539,46552,352827,399379,7.579201752878501
165537,47087,353901,400988,7.51589610720581
165636,47149,354048,401197,7.509130628433264
165697,47174,354159,401333,7.507504133632933
165706,47177,354167,401344,7.507196303283379
165726,47189,354184,401373,7.505647502595944
165856,47232,354545,401777,7.5064574864498645
165861,47236,354558,401794,7.506097044626979
165922,47277,354618,401895,7.500856653340948
166040,47342,354804,402146,7.494486924929238
166155,47445,354980,402425,7.481926441142376
166247,47479,355121,402600,7.479538322205607
166268,47481,355121,402602,7.47922326825467
166302,47510,355160,402670,7.4754788465586195
166375,47533,355278,402811,7.474344139860729
166428,47559,355330,402889,7.471351374082718
166526,47585,355511,403096,7.471072817064201
166542,47589,355533,403122,7.470907142406859
166590,47614,355620,403234,7.468811694039569
166619,47621,355649,403270,7.468322798765251
166682,47651,355707,403358,7.464838093639168
167179,48014,356678,404692,7.428624984379556
167214,48029,356729,404758,7.427366799225468
167399,48039,357793,405832,7.447969358229772
167448,48089,357914,406003,7.442741583314271
167486,48098,357952,406050,7.442138966277184
167492,48103,357957,406060,7.441469347026173
167557,48133,358038,406171,7.438514117133775
167560,48133,358047,406180,7.438701099038082
167627,48160,358178,406338,7.437250830564784
167633,48165,358189,406354,7.436707152496626
167685,48194,358273,406467,7.433975183632818
167702,48202,358298,406500,7.43326003070412
167738,48215,358342,406557,7.432168412319817
167781,48236,358384,406620,7.429803466290737
167804,48244,358406,406650,7.429027443827212
167945,48300,358744,407044,7.427412008281573
167982,48332,358795,407127,7.4235496151617975
167989,48348,358815,407163,7.42150657731447
168027,48356,358859,407215,7.421188683927538
168070,48381,358920,407301,7.418614745457928
168172,48452,359492,407944,7.419549244613226
168306,48513,359604,408117,7.412528600581288
168427,48614,359834,408448,7.401859546632657
168464,48623,359909,408532,7.402031960183452
168488,48629,359945,408574,7.4018589730407784
168613,48719,360158,408877,7.3925573184999696
168622,48729,360181,408910,7.391512241170555
168760,48806,360468,409274,7.385731262549687
168779,48806,360478,409284,7.385936155390731
168834,48806,360556,409362,7.387534319550875
168918,48872,360699,409571,7.380483712555247
169314,49020,361080,410100,7.365973072215422
169338,49027,361105,410132,7.365431292961022
169375,49038,361139,410177,7.364472449936784
169384,49046,361164,410210,7.36378094034172
169511,49154,361392,410546,7.352239899092647
169519,49158,361395,410553,7.351702673013548
169556,49177,361458,410635,7.350143359700673
169631,49217,361722,410939,7.349533697706077
169661,49243,361772,411015,7.346668562029121
169733,49270,361847,411117,7.344164806170083
169743,49270,361863,411133,7.344489547391922
169774,49301,361929,411230,7.341210117441837
169866,49345,362131,411476,7.338757726213395
170097,49422,362304,411726,7.330824329246084
171575,49609,364013,413622,7.3376403475175875
171630,49645,364114,413759,7.334353912780744
171657,49651,364129,413780,7.333769712593906
171670,49658,364137,413795,7.332897015586612
171706,49678,364183,413861,7.330870808003543
171840,49872,364582,414454,7.310354507539301
171884,49904,364616,414520,7.306348188521962
172298,50140,365376,415516,7.287116074990028
172363,50210,365440,415650,7.27823142800239
172394,50210,365440,415650,7.27823142800239
172490,50298,365592,415890,7.268519623046642
172498,50309,365610,415919,7.267288159176291
172527,50318,365631,415949,7.266405660002385
172596,50357,365692,416049,7.261989395714598
172616,50371,365746,416117,7.261043060491156
172871,50539,366110,416649,7.244108510259403
172948,50542,366126,416668,7.243995093189822
172970,50560,366194,416754,7.2427610759493675
173040,50591,366291,416882,7.240240358957127
173066,50612,366343,416955,7.238263652888643
173069,50616,366344,416960,7.237711395606133
173070,50616,366346,416962,7.23775090880354
173177,50720,366535,417255,7.226636435331231
173210,50755,366586,417341,7.222657866220077
173252,50796,366645,417441,7.217989605480747
173275,50806,366689,417495,7.217434948628115
173549,50953,366926,417879,7.2012639098777305
173752,51167,367390,418557,7.180213809682022
173753,51167,367392,418559,7.1802528973752615
173784,51176,367455,418631,7.180221197436298
173909,51245,367580,418825,7.17299248707191
173929,51256,367627,418883,7.172370063992508
173933,51258,367630,418888,7.172148737758008
173935,51260,367630,418890,7.17186890362856
173962,51293,367701,418994,7.168638995574445
173995,51321,367744,419065,7.16556575281074
174071,51405,367862,419267,7.156152125279642
174144,51412,367883,419295,7.155586244456547
174194,51432,367988,419420,7.154845232540053
174281,51499,368132,419631,7.148332977339366
174461,51595,368309,419904,7.138463029363311
174533,51662,368473,420135,7.132379698811506
174578,51699,368539,420238,7.128551809512756
174698,51800,368713,420513,7.118011583011583
174785,51858,368842,420700,7.112538084769949
174799,51875,368913,420788,7.111575903614458
174852,51882,368927,420809,7.11088624185652
174895,51882,368966,420848,7.111637947650437
174949,51928,369035,420963,7.106666923432445
175618,52258,370171,422429,7.083527880898618
175888,52267,370542,422809,7.0894063175617505
175921,52302,370606,422908,7.085885816985966
175988,52317,370651,422968,7.08471433759581
176132,52368,370799,423167,7.080640849373664
176160,52376,370853,423229,7.080590346723691
176182,52408,370885,423293,7.076877575942604
176230,52445,370991,423436,7.0739059967585085
176233,52445,370993,423438,7.073944131947755
176399,52495,371134,423629,7.069892370701972
176400,52495,371134,423629,7.069892370701972
176435,52538,371193,423731,7.065228977121322
176795,52725,371923,424648,7.054016121384542
176829,52734,371932,424666,7.052982895285774
176863,52759,372002,424761,7.050967607422431
176916,52779,372058,424837,7.04935675173838
176956,52798,372088,424886,7.047388158642373
176996,52817,372141,424958,7.045856447734631
177049,52865,372214,425079,7.040839875153694
177093,52899,372251,425150,7.037013932210439
177251,52997,372413,425410,7.027058135366153
177253,53001,372416,425417,7.026584404067847
177275,53007,372425,425432,7.025958835625484
177578,53216,373258,426474,7.014018340348767
177634,53231,373299,426530,7.012812083184611
177650,53242,373319,426561,7.0117388527853945
177660,53256,373341,426597,7.010308697611537
178002,53496,373826,427322,6.987924330791087
178018,53509,373862,427371,6.986899400100918
178074,53529,373929,427458,6.985540548114106
178107,53562,373968,427530,6.981964825809342
178208,53643,374193,427836,6.975616576254125
178278,53672,374271,427943,6.973300789983604
178348,53706,374369,428075,6.970710907533609
178371,53735,374390,428125,6.967339722713315
178416,53771,374467,428238,6.964107046549255
178498,53847,374677,428524,6.958177800063142
178884,54013,375066,429079,6.943994964175291
178930,54019,375113,429132,6.9440937447934985
178959,54062,375199,429261,6.940161296289445
178980,54073,375215,429288,6.939045364599708
178994,54084,375233,429317,6.937966866356039
179511,54679,376352,431031,6.882934947603284
179630,54705,376580,431285,6.883831459647198
179683,54732,376645,431377,6.88162318205072
179701,54732,376645,431377,6.88162318205072
179782,54746,376842,431588,6.883461805428707
179901,54819,377261,432080,6.881938743866177
179908,54825,377274,432099,6.881422708618331
179912,54827,377282,432109,6.8813175989931965
179921,54837,377315,432152,6.880664514834875
180010,54904,377420,432324,6.874180387585604
180028,54913,377433,432346,6.8732904776646695
180548,55274,378615,433889,6.849784708904729
180578,55290,378665,433955,6.848706818592874
180660,55324,378797,434121,6.846883811727279
180676,55324,378823,434147,6.847353770515508
180698,55341,378844,434185,6.845629822374009
180968,55355,379212,434567,6.850546472766688
181044,55395,379324,434719,6.847621626500587
181061,55407,379342,434749,6.846463443247243
181092,55425,379402,434827,6.84532250789355
181101,55438,379415,434853,6.843951802013059
181131,55466,379457,434923,6.841254101611798
181136,55469,379464,434933,6.841010294038111
181354,55478,380757,436235,6.8632070370236855
181417,55520,380867,436387,6.859996397694524
181459,55548,380927,436475,6.857618636134514
181632,55585,381030,436615,6.854906899343348
181639,55588,381035,436623,6.854626897891631
181712,55630,381141,436771,6.8513571813769545
181893,55639,382192,437831,6.869138553892054
181915,55646,382228,437874,6.868921395967365
182089,55790,382591,438381,6.857698512278186
182100,55793,382598,438391,6.857455236319969
182114,55800,382623,438423,6.8570430107526885
182165,55814,382642,438456,6.855663453613789
182315,55883,382799,438682,6.850008052538339
182355,55913,382879,438792,6.847763489707224
182410,55937,382954,438891,6.84616622271484
182554,55985,383081,439066,6.842564972760561
182604,56000,383245,439245,6.843660714285714
182645,56028,383319,439347,6.841561362176055
183052,56182,383843,440025,6.832134847460041
183108,56189,383917,440106,6.8326006869672
183135,56208,383948,440156,6.830842584685454
183140,56210,383956,440166,6.830741860878847
183146,56213,383967,440180,6.830572999128315
183170,56223,383988,440211,6.829731604503495
183179,56225,384004,440229,6.829773232547799
183261,56303,384232,440535,6.824361046480649
183364,56399,384507,440906,6.817620879802833
183621,56421,385200,441621,6.827245174669006
183668,56450,385244,441694,6.824517271922055
183676,56453,385261,441714,6.824455741944626
183724,56504,385366,441870,6.820154325357497
183733,56508,385370,441878,6.81974233736816
183939,56511,386036,442547,6.831165613774309
184014,56549,386185,442734,6.829210065606818
184116,56623,386334,442957,6.822916482701376
184149,56664,386378,443042,6.8187561767612594
184196,56679,386409,443088,6.8174985444344465
184274,56737,386603,443340,6.813948569716411
184294,56753,386642,443395,6.81271474635702
184312,56762,386659,443421,6.811934040379127
184367,56796,386723,443519,6.80898302697373
184573,56881,386878,443759,6.801533025087464
184739,56999,387175,444174,6.792663029175951
184755,57026,387210,444236,6.79006067407849
184825,57076,387288,444364,6.785479010442217
184857,57091,387329,444420,6.784414356028096
185010,57108,387466,444574,6.784793724171744
185025,57122,387476,444598,6.783305906655929
185248,57272,387804,445076,6.771266936723006
185256,57280,387812,445092,6.770460893854748
185318,57312,387897,445209,6.768163735343384
185342,57338,387955,445293,6.766106247165928
185345,57338,387964,445302,6.766263211133977
185379,57348,388035,445383,6.766321406151914
185408,57360,388060,445420,6.765341701534171
185417,57368,388071,445439,6.764590015339562
186064,57496,389398,446894,6.77261026854042
186184,57558,389538,447096,6.767747315751069
186240,57569,389571,447140,6.767027393215098
186298,57586,389667,447253,6.766696766575209
186325,57599,389699,447298,6.7657250993940865
186398,57654,389813,447467,6.761248135428591
186503,57767,390021,447788,6.751622898886907
186515,57781,390051,447832,6.7505062217684015
186549,57793,390114,447907,6.750194660252972
186601,57811,390181,447992,6.7492518724810155
186691,57862,390381,448243,6.746759531298607
186702,57868,390394,448262,6.7462846478191745
186735,57882,390411,448293,6.744946615528144
186824,57921,390495,448416,6.741855285647692
186929,58042,390701,448743,6.731349712277316
186938,58047,390713,448760,6.730976622392199
187205,58214,391671,449885,6.728123819012609
187297,58302,391827,450129,6.720644231758773
187340,58316,391891,450207,6.7201282666849576
187347,58316,391891,450207,6.7201282666849576
187586,58445,392329,450774,6.712789802378304
187623,58460,392477,450937,6.713599042080054
187762,58558,392653,451211,6.705369035827727
187789,58571,392696,451267,6.704614911816428
187810,58578,392737,451315,6.70451363993308
187865,58622,392832,451454,6.701101975367609
187881,58625,392855,451480,6.701151385927505
187950,58671,392939,451610,6.6973291745496075
187987,58681,392965,451646,6.696630936759769
188023,58707,393053,451760,6.695164120121961
188336,58898,393620,452518,6.683079221705321
188496,58898,393620,452518,6.683079221705321
188524,58904,393656,452560,6.683009642808638
188555,58929,393692,452621,6.680785351864108
188569,58937,393710,452647,6.680183925208273
188600,58949,393728,452677,6.6791294169536375
188728,59094,394100,453194,6.669035773513386
188857,59162,394245,453407,6.6638213718265105
188934,59184,394273,453457,6.6618173830765075
189060,59216,394478,453694,6.6616792758713865
189181,59283,394625,453908,6.656630062581178
189212,59292,394669,453961,6.656361735141334
189268,59315,394722,454037,6.654674197083368
189526,59497,395015,454512,6.639242314738558
189555,59520,395056,454576,6.63736559139785
189820,59650,395382,455032,6.628365465213747
189829,59656,395401,455057,6.628017299181977
190004,59768,395710,455478,6.620766965600321
190032,59781,395747,455528,6.619946136732406
190286,59963,396203,456166,6.607457932391641
190323,59981,396251,456232,6.606275320518164
190474,60065,396490,456555,6.601015566469658
190502,60081,396521,456602,6.59977363892079
190518,60091,396546,456637,6.599091378076584
190549,60109,396560,456669,6.597348150859272
190667,60160,396703,456863,6.594132313829787
190800,60227,396977,457204,6.591346074019958
191063,60345,397309,457654,6.583958902974563
191127,60370,397442,457812,6.583435481199271
191342,60438,397645,458083,6.579387140540719
191379,60472,397687,458159,6.57638245799709
191478,60491,397718,458209,6.574829313451588
191498,60491,397739,458230,6.575176472533104
191524,60500,397775,458275,6.574793388429752
191678,60500,397775,458275,6.574793388429752
191687,60512,397788,458300,6.5737043892120575
191690,60514,397795,458309,6.573602802657236
191746,60537,397828,458365,6.571650395625816
191926,60681,398087,458768,6.560323659794664
191967,60698,398114,458812,6.558931101518995
194222,61908,401694,463602,6.488563675130839
194262,61922,401747,463669,6.487952585510804
194431,61962,401926,463888,6.486653109970627
194570,62041,402251,464292,6.483631791879564
194585,62054,402324,464378,6.483449898475521
194611,62066,402352,464418,6.482647504269648
194809,62180,402473,464653,6.472708266323576
194823,62189,402501,464690,6.4722217755551625
194849,62200,402539,464739,6.471688102893891
195097,62282,403105,465387,6.472255226229087
195189,62282,403105,465387,6.472255226229087
195201,62289,403123,465412,6.471816853698085
195257,62289,403211,465500,6.47322962320795
195286,62289,403211,465500,6.47322962320795
195327,62300,403261,465561,6.472889245585875
195340,62309,403270,465579,6.47209873373028
196165,62574,404553,467127,6.465193211237894
196255,62619,404719,467338,6.463198070873058
196267,62631,404734,467365,6.462199230413054
196427,62650,404780,467430,6.4609736632083
196503,62688,404895,467583,6.458891653905054
196648,62780,405084,467864,6.452437081873208
196657,62784,405094,467878,6.452185270132518
196660,62785,405097,467882,6.452130285896313
196698,62816,405160,467976,6.449949057564951
196964,63031,405786,468817,6.437879773444813
197024,63066,405899,468965,6.436098690260996
197171,63227,406259,469486,6.425403704113749
197210,63243,406317,469560,6.424695223186756
197245,63253,406336,469589,6.423979890281884
197261,63264,406355,469619,6.42316325240263
197267,63269,406368,469637,6.422861116818663
197298,63284,406418,469702,6.42212881613046
197319,63299,406430,469729,6.420796537070096
197324,63300,406436,469736,6.420789889415482
197346,63312,406448,469760,6.4197624462977005
197425,63367,406578,469945,6.4162418924676885
197578,63525,406912,470437,6.405541125541125
200983,65022,411184,476206,6.323767340284826
200986,65022,411193,476215,6.3239057549752395
201027,65071,411274,476345,6.320388498716786
201138,65104,411350,476454,6.318352174981568
201179,65116,411372,476488,6.317525646538485
201194,65124,411378,476502,6.31684171733923
203323,65237,424813,490050,6.5118414396738045
203337,65245,424831,490076,6.51131887500958
203519,65391,425229,490620,6.502867367068863
203527,65392,425239,490631,6.502920846586738
203563,65404,425268,490672,6.502171121032353
203601,65415,425321,490736,6.501887946189711
203706,65486,425422,490908,6.49638090584247
203716,65486,425450,490936,6.496808478148001
203827,65564,425638,491202,6.491946800073211
204517,65701,426362,492063,6.489429384636459
204566,65720,426410,492130,6.4882836275106515
204627,65755,426487,492242,6.486001064557828
204656,65785,426532,492317,6.483727293455955
204659,65785,426541,492326,6.483864102758988
204694,65798,426558,492356,6.4828414237514815
204869,65957,426902,492859,6.472429006777142
205300,66037,427225,493262,6.4694792313400065
205331,66047,427235,493282,6.468651112086847
205354,66072,427281,493353,6.466899745731928
205370,66076,427284,493360,6.466553665476118
205371,66076,427286,493362,6.466583933652158
205657,66170,427590,493760,6.461991839202056
205793,66241,427748,493989,6.4574508235081
206382,66280,428298,494578,6.461949305974653
206393,66285,428305,494590,6.461567473787433
206413,66296,428322,494618,6.460751779896223
207156,66721,430527,497248,6.452646093433851
207229,66799,430674,497473,6.447312085510262
207236,66803,430676,497479,6.446955975031061
207258,66818,430704,497522,6.4459277440210725
207400,66926,431006,497932,6.440038251202821
207495,66971,431108,498079,6.43723402666826
207523,66998,431137,498135,6.435072688736978
207623,67065,431286,498351,6.430865578170431
207719,67140,431406,498546,6.425469168900804
207726,67143,431419,498562,6.42537569069002
207895,67233,431597,498830,6.419422010024839
207916,67234,431642,498876,6.419995835440402
208044,67342,431819,499161,6.412328116183065
208095,67354,431871,499225,6.41195771594857
208765,67745,432877,500622,6.389799985238763
208780,67756,432900,500656,6.389102072141212
208966,67932,433261,501193,6.377863157274922
208967,67932,433263,501195,6.377892598480834
209029,67944,433315,501259,6.377531496526552
209073,67953,433406,501359,6.3780259885509105
209098,67971,433441,501412,6.376851892718953
209162,67991,433487,501478,6.3756526599108705
209547,68068,433671,501739,6.371143562320033
209578,68101,433718,501819,6.368746420757405
209624,68101,433773,501874,6.369554044727684
210192,68303,434360,502663,6.3593107184164674
210302,68346,434567,502913,6.358338454335294
210334,68369,434637,503006,6.357223302958944
210355,68377,434663,503040,6.356859762785732
210371,68384,434688,503072,6.356574637342068
210396,68393,434748,503141,6.356615443100902
210506,68421,435209,503630,6.360751815962935
210529,68435,435250,503685,6.360049682180171
210540,68446,435265,503711,6.359246705432019
210611,68523,435381,503904,6.353793616741824
210699,68585,435560,504145,6.350659765254793
210743,68594,435613,504207,6.3505991777706505
210752,68594,435613,504207,6.3505991777706505
210798,68605,435663,504268,6.350309744187742
210822,68620,435703,504323,6.349504517633343
210855,68631,435735,504366,6.348953096996984
210901,68650,435766,504416,6.3476474872541875
211030,68652,436147,504799,6.353012293888015
211101,68689,436282,504971,6.351555562025943
211521,68837,436631,505468,6.342969623894127
211541,68853,436669,505522,6.342047550578769
211641,68861,436886,505747,6.3444620322098135
211670,68873,436927,505800,6.343951911489262
211685,68883,436940,505823,6.343219662325973
211717,68900,437079,505979,6.343671988388969
211742,68904,437089,505993,6.343448856379891
212162,69108,437867,506975,6.3359813625050645
212184,69122,437903,507025,6.335218888342351
212237,69148,437989,507137,6.33408052293631
212248,69154,438023,507177,6.334022616189952
212329,69199,438119,507318,6.3312909146085925
214459,69203,446712,515915,6.455095877346358
214518,69214,446728,515942,6.454301152945936
214552,69241,446803,516044,6.452867520688609
214559,69247,446809,516056,6.452395049605037
214562,69248,446814,516062,6.452374075785582
214650,69291,446877,516168,6.449279127159372
214942,69458,447588,517046,6.444009329378905
215000,69492,447703,517195,6.4425113682150466
215240,69662,448111,517773,6.43264620596595
215285,69707,448185,517892,6.429555137934497
215372,69739,448368,518107,6.42922898234847
215443,69764,448566,518330,6.429763201651282
215486,69789,448622,518411,6.428262333605582
215598,69897,448878,518775,6.421992360187133
216903,70664,452533,523197,6.404010528699196
216911,70668,452545,523213,6.403817852493349
216937,70675,452561,523236,6.403409975238769
216956,70675,452582,523257,6.403707110010612
217039,70685,452881,523566,6.407031194737215
217057,70691,452890,523581,6.406614703427594
217075,70700,452902,523602,6.405968882602546
217121,70716,452955,523671,6.40526896317665
217145,70745,453021,523766,6.403576224468161
217171,70766,453075,523841,6.402439024390244
217276,70850,453267,524117,6.3975582215949185
217332,70865,453294,524159,6.3965850560925706
217358,70874,453325,524199,6.396210175804949
217525,70911,453387,524298,6.393747091424462
217686,71042,453620,524662,6.385236902114242
217698,71051,453638,524689,6.384681426017931
217893,71172,453892,525064,6.3773956050132075
218655,71575,455084,526659,6.358141809290953
218799,71707,455369,527076,6.3504120936589175
218863,71763,455498,527261,6.347254156041414
219041,71863,455729,527592,6.341636168821229
219103,71882,455804,527686,6.341003310981887
219141,71889,455826,527715,6.340691900012519
219162,71889,455858,527747,6.341137030700107
219167,71890,455864,527754,6.341132285436083
219185,71897,455888,527785,6.340848714132718
219753,72311,456865,529176,6.318056727192267
219770,72326,456893,529219,6.3171335342753645
219790,72343,456934,529277,6.316215805261048
220173,72409,457152,529561,6.313469320112141
220634,72461,457294,529755,6.3108982763141555
220745,72517,457402,529919,6.307514100142035
220749,72517,457412,529929,6.307651998841651
220805,72555,457489,530044,6.305409689201295
220828,72561,457527,530088,6.3054119981808405
220837,72563,457543,530106,6.305458704849579
220865,72587,457572,530159,6.303773402950942
220868,72595,457584,530179,6.3032440250705974
220910,72619,457678,530297,6.3024552802985445
220911,72619,457680,530299,6.30248282130021
220943,72633,457736,530369,6.302039018077182
220991,72672,457772,530444,6.299152355790401
221061,72692,457916,530608,6.299400209101414
221176,72762,458047,530809,6.295140320496962
221220,72774,458139,530913,6.2953664770385025
221340,72830,458430,531260,6.294521488397638
221417,72914,458652,531566,6.290314617220287
221458,72926,458735,531661,6.290417683679347
221474,72937,458799,531736,6.29034646338621
221614,72940,459057,531997,6.293624897175761
221738,72940,459413,532353,6.298505621058404
221828,72992,459565,532557,6.296100942569049
222079,73136,460056,533192,6.2904178516735945
222130,73162,460135,533297,6.289262185287444
222134,73167,460141,533308,6.288914401301133
222337,73315,460492,533807,6.2810066152901864
222361,73320,460506,533826,6.280769230769231
222373,73330,460515,533845,6.280035456157098
222715,73484,460910,534394,6.272249741440313
222740,73493,460946,534439,6.271971480277033
222814,73515,461080,534595,6.271917295789975
222827,73522,461116,534638,6.2718097984276815
222983,73553,461228,534781,6.270689162916536
223280,73741,461756,535497,6.261862464571948
223287,73745,461766,535511,6.261658417519832
223392,73810,461862,535672,6.25744479067877
223428,73845,461901,535746,6.255007109486086
223429,73845,461903,535748,6.255034193242603
223455,73855,461983,535838,6.2552704623925255
223538,73887,462111,535998,6.254293718786796
223568,73909,462150,536059,6.252959720737664
223617,73933,462197,536130,6.251565606697956
223622,73938,462200,536138,6.251183423949795
223993,74271,463493,537764,6.240564958059
224076,74292,463535,537827,6.239366284391321
224296,74486,464532,539018,6.236500818945842
224471,74606,464756,539362,6.229472160416052
224609,74726,465113,539839,6.224245911730857
224806,74870,465493,540363,6.217350073460665
224817,74870,465503,540373,6.217483638306398
225182,75003,465914,540917,6.211938189139101
225310,75091,466085,541176,6.206935584823747
225363,75103,466153,541256,6.20684926034912
225408,75108,466169,541277,6.206649091974223
225487,75160,466371,541531,6.2050425758382115
225574,75160,466558,541718,6.207530601383715
225871,75164,466573,541737,6.207399819062317
225901,75177,466635,541812,6.207151123348897
225969,75204,466763,541967,6.206624647625127
226067,75253,466967,542220,6.205294141097365
226358,75378,467389,542767,6.20060229775266
226498,75439,467699,543138,6.199697769058445
226895,75597,468159,543756,6.192825112107624
227054,75597,468159,543756,6.192825112107624
227483,75709,468382,544091,6.186609253853571
227640,75714,468576,544290,6.188762976464062
227718,75755,468682,544437,6.186812751633555
227763,75764,468792,544556,6.187529697481653
228849,76248,470199,546447,6.16670601196097
228870,76283,470247,546530,6.164505853204515
228978,76337,470355,546692,6.161559925069102
228984,76337,470369,546706,6.1617433223731615
229034,76354,470414,546768,6.160960787908951
229093,76407,470548,546955,6.158440980538432
229152,76437,470620,547057,6.156965867315567
229221,76468,470670,547138,6.155123711879479
229254,76489,470718,547207,6.154061368301324
229274,76505,470735,547240,6.152996536174106
229285,76515,470742,547257,6.152283865908645
229326,76549,470800,547349,6.150308952435695
229351,76565,470825,547390,6.1493502252987655
229360,76565,470844,547409,6.149598380461046
229394,76586,470907,547493,6.148734755699475
229420,76598,470944,547542,6.148254523616805
229454,76607,471078,547685,6.149281397261347
229467,76614,471106,547720,6.149085023624925
229491,76627,471142,547769,6.1485116212301145
229503,76633,471160,547793,6.148265107721217
229547,76664,471209,547873,6.1464181362830015
229597,76705,471271,547976,6.14394107294179
229609,76716,471313,548029,6.143607591636686
229711,76790,471594,548384,6.141346529496028
229734,76817,471649,548466,6.139903927516045
229796,76831,471690,548521,6.13931876456118
229846,76879,471800,548679,6.136916453127642
229905,76911,471916,548827,6.135871331799092
229974,76973,472050,549023,6.132669897236694
230007,77005,472092,549097,6.130666839815596
230020,77018,472110,549128,6.129865745669844
230052,77026,472132,549158,6.129514709318931
230058,77030,472147,549177,6.1293911463066335
230094,77050,472209,549259,6.128604802076573
230117,77063,472228,549291,6.127817499967559
230252,77144,472440,549584,6.124131494348232
230302,77162,472462,549624,6.122987999274254
230326,77173,472506,549679,6.122685395151154
230339,77178,472514,549692,6.1223923916141905
230367,77196,472564,549760,6.1216125187833565
230406,77208,472585,549793,6.120933063931199
230411,77208,472592,549800,6.121023728111076
230425,77222,472613,549835,6.120185957369661
230531,77276,472734,550010,6.117475024587194
230936,77431,473523,550954,6.115418889075435
230939,77434,473529,550963,6.1152594467546555
231244,77434,474368,551802,6.12609448046078
231249,77434,474368,551802,6.12609448046078
231265,77451,474417,551868,6.125382499903164
231275,77457,474436,551893,6.125153310869257
231434,77526,474561,552087,6.121314139772464
231455,77526,474604,552130,6.121868792405128
231518,77567,474689,552256,6.1197287506284885
231665,77632,474913,552545,6.117490210222589
231802,77735,475162,552897,6.112587637486332
232230,77940,475864,553804,6.105517064408519
232360,77941,476249,554190,6.110378363120822
232438,78012,476466,554478,6.107598830949085
233039,78192,477174,555366,6.102593615715163
233044,78192,477187,555379,6.102759873132801
233096,78226,477247,555473,6.100874389589139
233130,78236,477284,555520,6.100567513676569
233181,78292,477423,555715,6.097979359321514
233225,78301,477471,555772,6.097891470096167
233284,78357,477585,555942,6.094988322676978
233298,78367,477597,555964,6.094363699005959
233483,78444,477865,556309,6.091797970526745
233518,78472,477986,556458,6.091166275869099
233544,78482,478016,556498,6.090772406411661
233629,78508,478098,556606,6.089799765628981
233699,78575,478301,556876,6.0871905822462615
233769,78575,478571,557146,6.0906267896913775
233777,78583,478599,557182,6.090363055622717
233818,78584,478679,557263,6.091303573246463
234017,78584,478936,557520,6.094573959075639
236023,79619,488396,568015,6.1341639558396865
236040,79633,488425,568058,6.133449700501049
236751,79873,489183,569056,6.124510159878808
236753,79873,489185,569058,6.1245351996294115
236764,79881,489201,569082,6.124122131670861
236773,79881,489201,569082,6.124122131670861
236799,79891,489213,569104,6.123505776620646
236843,79917,489327,569244,6.122940050302189
236875,79942,489351,569293,6.121325460959196
237249,80198,490230,570428,6.112745953764433
237348,80305,490598,570903,6.109183737002677
237972,80336,491443,571779,6.1173446524596695
238052,80372,491581,571953,6.116321604538894
238084,80372,491630,572002,6.1169312695963765
238169,80430,491782,572212,6.114410046002735
238354,80528,492006,572534,6.109750645738129
238743,80630,492294,572924,6.105593451568895
238877,80656,492351,573007,6.104331977782186
238890,80663,492363,573026,6.103951006037464
238926,80683,492410,573093,6.103020462798855
239147,80772,492794,573566,6.101049868766404
239164,80782,492806,573588,6.100443168032482
239219,80797,492882,573679,6.100251246952238
239230,80797,492892,573689,6.1003750139237845
239351,80835,492977,573812,6.098558792602215
239369,80846,493017,573863,6.098223783489598
239535,80846,493333,574179,6.102132449348144
239560,80846,493358,574204,6.102441679242015
239621,80891,493444,574335,6.1001100246010065
239886,80913,494247,575160,6.1083756627488786
239887,80914,494250,575164,6.108337246953556
239978,80984,494455,575439,6.105588758273239
240005,80987,494490,575477,6.105794757183252
240156,81095,494739,575834,6.1007337073802335
240217,81136,494846,575982,6.098969631236442
240499,81241,495296,576537,6.096626087812804
240528,81264,495346,576610,6.095515849576688
240577,81280,495433,576713,6.095386318897638
240663,81335,495566,576901,6.092899735661154
240687,81354,495596,576950,6.091845514664307
240698,81354,495606,576960,6.0919684342503135
240784,81428,495709,577137,6.087697106646362
240795,81433,495727,577160,6.087544361622438
241060,81433,496552,577985,6.097675389584075
241078,81447,496604,578051,6.097265706533083
241238,81522,496805,578327,6.094121832143471
241831,81807,497818,579625,6.085273876318652
241988,81882,498029,579911,6.082276935101731
242295,81941,498717,580658,6.086293796756203
242579,82019,498961,580980,6.083480656920957
242675,82075,499045,581120,6.080353335363997
242733,82075,499082,581157,6.080804142552544
242747,82086,499146,581232,6.080768949638184
242918,82156,499304,581460,6.077511076488632
243732,82156,500624,582780,6.093578070986903
243788,82173,500673,582846,6.092913730787485
243829,82199,500700,582899,6.091314979500967
243848,82211,500731,582942,6.090802933913953
243863,82221,500747,582968,6.090256747059754
243973,82295,500992,583287,6.087757457925755
243995,82304,501017,583321,6.08739550933126
244046,82347,501090,583437,6.085103282451091
244094,82362,501142,583504,6.0846264053811225
244174,82426,501367,583793,6.082631693882998
244223,82439,501454,583893,6.082727835126579
244226,82439,501461,583900,6.082812746394303
244293,82453,501520,583973,6.082495482274751
244306,82465,501536,584001,6.081804401867459
244401,82527,501662,584189,6.078762102099919
244463,82528,501830,584358,6.080724117875145
244477,82542,501860,584402,6.080056213806305
244607,82543,502245,584788,6.084646790157857
244743,82615,502532,585147,6.082817890213642
244950,82703,503067,585770,6.0828144081835
245026,82767,503164,585931,6.079282805949231
245667,82783,504118,586901,6.089631929260839
245974,82789,504858,587647,6.09812897848748
245986,82794,504888,587682,6.098123052395101
246133,82924,505205,588129,6.092385799044909
246146,82924,505212,588136,6.092470213689643
246165,82949,505242,588191,6.090995672039446
246187,82955,505274,588229,6.090940871556868
246223,82971,505336,588307,6.090513552928131
246225,82971,505341,588312,6.090573814947391
246272,82993,505411,588404,6.08980275444917
246306,82993,505434,588427,6.0900798862554675
246340,83004,505480,588484,6.089826996289336
246348,83009,505488,588497,6.089556554108591
246359,83009,505514,588523,6.089869773157128
246486,83058,505604,588662,6.087360639553084
246539,83095,505706,588801,6.0858776099644984
246622,83107,505917,589024,6.087537752535887
246743,83171,506091,589262,6.084945473782929
246775,83189,506137,589326,6.0841818028825925
246933,83189,506386,589575,6.087174987077619
246957,83200,506430,589630,6.086899038461539
246997,83230,506491,589721,6.0854379430493815
247057,83261,506556,589817,6.083952871092108
247188,83261,506556,589817,6.083952871092108
247480,83355,506821,590176,6.080271129506328
247496,83355,506847,590202,6.080583048407414
247502,83360,506854,590214,6.080302303262956
247540,83368,506886,590254,6.0801026772862485
247583,83381,506933,590314,6.079718401074586
247671,83435,507037,590472,6.077030023371487
247742,83435,507209,590644,6.079091508359801
247963,83512,507367,590879,6.075378388734553
248209,83642,507811,591453,6.071244111809857
248210,83642,507813,591455,6.071268023241912
248226,83642,507839,591481,6.071578871858636
248327,83700,507960,591660,6.068817204301075
248373,83717,508041,591758,6.068552384820287
248382,83724,508091,591815,6.06864220534136
248454,83779,508179,591958,6.06570859045823
248459,83781,508187,591968,6.065659278356668
248606,83873,508360,592233,6.061068520262778
248627,83873,508392,592265,6.0614500494795704
248657,83885,508409,592294,6.060785599332419
248659,83890,508414,592304,6.060483967099773
248679,83890,508435,592325,6.060734294910001
248720,83915,508523,592438,6.059977358040875
249155,83953,509920,593873,6.073874667968982
249393,83981,510234,594215,6.075588525976114
249413,83992,510272,594264,6.075245261453472
249462,84009,510387,594396,6.075384780202121
249498,84009,510428,594437,6.075872823149901
249505,84012,510430,594442,6.0756796648097895
249526,84018,510450,594468,6.075483824894666
249595,84037,510674,594711,6.076775705939051
249602,84041,510693,594734,6.076712556966243
249614,84046,510732,594778,6.076815077457582
249876,84217,511564,595781,6.07435553391833
249884,84217,511564,595781,6.07435553391833
249922,84227,511630,595857,6.074417941990098
250096,84294,511810,596104,6.071725152442641
250114,84305,511845,596150,6.0713480813712115
250539,84331,512824,597155,6.081085247417913
250558,84350,512855,597205,6.080082987551867
250564,84352,512863,597215,6.080033668437026
250613,84386,512938,597324,6.07847273244377
250645,84398,512998,597396,6.078319391454774
250660,84400,513003,597403,6.078234597156398
250698,84420,513057,597477,6.077434257285003
250717,84435,513087,597522,6.076709895185646
250733,84436,513093,597529,6.076708986688143
251281,84601,513511,598112,6.06979822933535
251399,84662,513801,598463,6.06885025158867
251401,84662,513803,598465,6.068873874937989
251435,84668,513810,598478,6.068526479897955
251654,84806,514371,599177,6.065266608494682
252199,85110,515803,600913,6.060427681823523
252225,85119,515849,600968,6.060327306476815
252364,85157,515967,601124,6.059008654602675
252472,85235,516226,601461,6.0565026104299875
252573,85296,516343,601639,6.053542956293378
252899,85458,516650,602108,6.045659856303681
252942,85495,516737,602232,6.044061056202117
252955,85506,516761,602267,6.043564194325544
253099,85506,516936,602442,6.045610834327416
253127,85522,516964,602486,6.044807184116368
253139,85528,516991,602519,6.044698812084931
253194,85554,517105,602659,6.044194310026416
253233,85569,517113,602682,6.043228271920906
253271,85576,517134,602710,6.04297934000187
253535,85716,517663,603379,6.039280881049046
253568,85741,517746,603487,6.038488004571908
253588,85755,517769,603524,6.037770392396944
253627,85782,517841,603623,6.036709332960295
253663,85787,517849,603636,6.036450744285265
253745,85846,517988,603834,6.0339212077441
253812,85897,518064,603961,6.0312234420294075
254018,86018,518450,604468,6.027226859494524
254020,86021,518454,604475,6.027063158996059
254044,86039,518501,604540,6.026348516370483
254074,86054,518545,604599,6.025809375508402
254193,86140,518659,604799,6.021116786626422
254203,86150,518678,604828,6.020638421358096
254225,86150,518683,604833,6.020696459663378
255062,86656,519886,606542,5.99942300590842
255097,86700,519944,606644,5.997047289504037
255216,86829,520234,607063,5.991477501756326
255365,86892,520456,607348,5.989688348754776
255376,86895,520475,607370,5.989700212900627
255481,86911,520625,607536,5.990323434317865
255497,86919,520654,607573,5.990105730622764
255924,86923,521193,608116,5.996030969938912
255987,86942,521273,608215,5.995640772008925
255997,86948,521287,608235,5.9953880480287065
256103,87000,521454,608454,5.993724137931035
256178,87007,521677,608684,5.995804935235096
256545,87054,521947,609001,5.995669354653433
256559,87063,521967,609030,5.995279280521002
256604,87076,522008,609084,5.994855069135008
256646,87107,522042,609149,5.993111919822747
256666,87115,522091,609206,5.993124031452678
256685,87120,522129,609249,5.993216253443526
256697,87126,522138,609264,5.992906824598857
256700,87126,522147,609273,5.993010123269747
256731,87138,522184,609322,5.992609424131837
256765,87161,522240,609401,5.991670586615573
256853,87196,522556,609752,5.992889582090922
257003,87231,522883,610114,5.994233701321778
257111,87299,523372,610671,5.995166038557143
257140,87310,523421,610731,5.99497193906769
257163,87310,523434,610744,5.99512083381056
257274,87411,523693,611104,5.991156719406025
257472,87414,523849,611263,5.992735717390807
257487,87421,523863,611284,5.992416009883208
257561,87465,524007,611472,5.9910478477105125
257570,87467,524023,611490,5.9910937839413725
257600,87490,524069,611559,5.990044576523031
257627,87513,524092,611605,5.988733102510484
257704,87513,524111,611624,5.9889502131111945
257820,87560,524230,611790,5.987094563727729
257851,87563,524268,611831,5.9873234128570285
257859,87563,524268,611831,5.9873234128570285
257875,87569,524286,611855,5.987118729230664
258594,87826,525150,612976,5.9794366133035775
258656,87870,525337,613207,5.978570615682258
258703,87900,525388,613288,5.977110352673493
258727,87909,525414,613323,5.976794184895745
258763,87915,525441,613356,5.976693397031223
258815,87930,525489,613419,5.976219720232002
258836,87941,525499,613440,5.975585904185761
258868,87953,525560,613513,5.975464168362648
259040,87990,526251,614241,5.980804636890555
259223,88086,526521,614607,5.977351679040937
259408,88095,526592,614687,5.977546966343152
259411,88095,526601,614696,5.9776491287814295
259522,88107,526782,614889,5.978889305049542
259549,88131,526813,614944,5.9776128717477395
259563,88134,526824,614958,5.977534209272244
259597,88142,526865,615007,5.977456831022668
259610,88146,526900,615046,5.977582646972069
259695,88172,527149,615321,5.97864401397269
259986,88268,527525,615793,5.976401413875923
260073,88313,527666,615979,5.9749527249668795
260123,88329,527728,616057,5.974572337510897
260167,88351,527774,616125,5.973605278944211
260207,88363,527814,616177,5.9732467209125995
260469,88624,528372,616996,5.961951615815129
260540,88675,528478,617153,5.959718071609811
260682,88726,528640,617366,5.958118251696233
260687,88729,528646,617375,5.95798442448354
260705,88737,528660,617397,5.957605057642247
260721,88742,528694,617436,5.957652520790607
260889,88882,529113,617995,5.952982606151977
260944,88920,529276,618196,5.952271704903284
260995,88934,529349,618283,5.952155531067983
261010,88934,529364,618298,5.952324195470799
261033,88942,529396,618338,5.952148591216748
261044,88954,529402,618356,5.9514130899116395
261065,88963,529456,618419,5.951418005238133
261065,88980,529484,618464,5.950595639469544
261115,88993,529598,618591,5.951007382603126
261174,89017,529668,618685,5.950189289686239
261262,89088,529937,619025,5.948466684626437
261417,89144,530192,619336,5.947590415507493
261457,89175,530275,619450,5.946453602467059
261514,89175,530395,619570,5.94779927109616
261537,89189,530420,619609,5.947145948491406
261547,89189,530436,619625,5.947325342811333
261561,89211,530476,619687,5.946307069755972
261666,89252,530623,619875,5.94522251602205
261685,89266,530649,619915,5.944581363565075
261750,89296,530723,620019,5.943412918831751
261767,89304,530749,620053,5.943171638448446
261920,89304,530903,620207,5.9448960852817345
261941,89314,530991,620305,5.9452157556486105
262080,89356,531059,620415,5.943182326872286
262169,89395,531132,620527,5.941406118910454
262222,89414,531187,620601,5.940758717874158
262571,89421,531916,621337,5.948446114447389
262633,89466,532028,621494,5.94670601122214
262675,89483,532107,621590,5.946459103963881
262711,89499,532160,621659,5.945988223332105
262735,89508,532208,621716,5.945926621084149
262757,89525,532243,621768,5.945188494833845
262788,89535,532300,621835,5.9451611101803765
263129,89713,532801,622514,5.938949762018883
263156,89733,532827,622560,5.93791581692354
263251,89740,532833,622573,5.937519500780031
263410,89807,533078,622885,5.935817920652065
263428,89815,533090,622905,5.9354228135612095
263513,89853,533319,623172,5.935461253380521
263563,89853,533401,623254,5.936373855074399
263904,89993,533714,623707,5.930616825753114
263938,90013,533742,623755,5.929610167420262
263969,90027,533781,623808,5.929121263620914
263997,90045,533819,623864,5.928358043200622
264087,90087,534200,624287,5.929823392942378
264116,90099,534218,624317,5.929233398816857
264144,90132,534255,624387,5.927473039542005
264172,90138,534289,624427,5.927455679069871
264184,90144,534306,624450,5.927249733759319
264193,90151,534312,624463,5.926856052622822
264226,90151,534387,624538,5.92768799014986
264332,90156,535395,625551,5.9385398642353255
264428,90203,535519,625722,5.9368202831391415
264429,90209,535523,625732,5.93646975357226
264462,90209,535523,625732,5.93646975357226
264485,90213,535548,625761,5.936483655349007
264499,90222,535582,625804,5.936268315931812
264537,90235,535605,625840,5.935667978057295
264551,90247,535637,625884,5.9352333041541545
264617,90266,535678,625944,5.934438215939556
264677,90280,535706,625986,5.933828090385467
264756,90290,535769,626059,5.933868645475689
264935,90364,535944,626308,5.930945951927759
265029,90396,536029,626425,5.929786716226381
265148,90478,536204,626682,5.92634673622317
265231,90527,536337,626864,5.9246081279618235
265298,90582,536529,627111,5.9231304232629
265371,90636,536613,627249,5.920528266913809
265429,90668,536725,627393,5.919673975382715
265646,90758,537248,628006,5.919566319222548
265832,90904,537643,628547,5.914404206635572
265842,90904,537648,628552,5.914459209715744
265946,90910,538015,628925,5.918105818941811
265965,90921,538035,628956,5.9176097931171014
266002,90946,538097,629043,5.916664834077364
266041,90955,538113,629068,5.916255291078006
266072,90958,538159,629117,5.916565887552497
266770,91295,539718,631013,5.911802398817022
266926,91385,539918,631303,5.9081687366635665
266940,91394,539953,631347,5.907969888614132
267011,91412,540012,631424,5.9074519756705905
267407,91527,540671,632198,5.907229560676084
267618,91692,540916,632608,5.899271474065349
267648,91715,540941,632656,5.898064656817314
267690,91730,541006,632736,5.897808786656491
267720,91739,541036,632775,5.897557200318294
267790,91775,541262,633037,5.897706347044402
267855,91826,541339,633165,5.895269313702002
267875,91838,541359,633197,5.894716783902089
267916,91852,541455,633307,5.894863476026652
268195,91947,541673,633620,5.891143811108574
268211,91957,541707,633664,5.890872907989604
268216,91961,541710,633671,5.890649296984591
268238,91970,541717,633687,5.890148961617919
268327,92000,541840,633840,5.889565217391304
268362,92013,541915,633928,5.889548216012955
268372,92013,541931,633944,5.8897221044852355
268399,92028,541965,633993,5.889131568653019
268449,92040,542040,634080,5.889178617992178
268488,92061,542067,634128,5.888128523478998
268522,92076,542188,634264,5.888483426734437
268537,92076,542188,634264,5.888483426734437
268686,92176,542446,634622,5.88489411560493
268781,92197,542531,634728,5.8844756336974084
268905,92237,542848,635085,5.885360538612487
269016,92282,543074,635356,5.88493964153356
269036,92282,543089,635371,5.8851021867753195
269236,92362,543449,635811,5.883902470713064
269443,92473,543610,636083,5.878580774928898
269470,92493,543640,636133,5.8776339831122355
269539,92556,543789,636345,5.875243096071568
269658,92577,543832,636409,5.874374844723851
269701,92619,543949,636568,5.8729742277502455
270136,92808,544527,637335,5.8672420480993015
270247,92816,544828,637644,5.8699793139113945
270274,92827,544894,637721,5.869994721363397
270374,92878,545093,637971,5.868914059303602
270394,92878,545114,637992,5.86914016236353
270471,92927,545274,638201,5.867767172081311
270494,92931,545312,638243,5.867923513144161
270531,92948,545374,638322,5.8675173215131045
270649,92948,545568,638516,5.869604510048629
270660,92948,545578,638526,5.869712097086543
270814,92977,545985,638962,5.872258730653818
270879,92977,546063,639040,5.873097647805372
270906,92990,546098,639088,5.872652973438004
270953,93016,546176,639192,5.871850004300335
271100,93071,546377,639448,5.870539695501284
271116,93071,546384,639455,5.870614906899034
271130,93075,546417,639492,5.87071716357776
271169,93084,546439,639523,5.870385888015126
271203,93098,546476,639574,5.869900534920192
271271,93120,546507,639627,5.868846649484536
272111,93181,548282,641463,5.884053616080531
272146,93181,548348,641529,5.884761914982668
272160,93186,548377,641563,5.884757366986457
272174,93193,548397,641590,5.884529953966499
272233,93231,548480,641711,5.883021741695359
272271,93246,548502,641748,5.882311305578791
272305,93278,548578,641856,5.881108085507837
272338,93286,548591,641877,5.8807430911390774
272365,93306,548623,641929,5.879825520330954
272508,93402,548921,642323,5.876972655831781
272573,93402,549049,642451,5.878343076165392
272609,93410,549086,642496,5.87823573493202
272731,93461,549222,642683,5.876483238998085
272757,93467,549265,642732,5.876566060748713
272861,93508,549544,643052,5.8769730932112765
272909,93522,549647,643169,5.877194670772653
272951,93540,549706,643246,5.876694462262134
272955,93541,549709,643250,5.876663708961845
272979,93552,549762,643314,5.876539250897896
273007,93554,549787,643341,5.876680847425017
273084,93586,549860,643446,5.875451456414421
273142,93607,549923,643530,5.8748063713183845
273236,93649,550069,643718,5.873730632468045
273288,93681,550160,643841,5.872695637322402
273364,93681,550312,643993,5.874318164835986
273395,93700,550388,644088,5.873938100320171
273397,93701,550392,644093,5.873918101194224
273430,93740,550467,644207,5.872274375933433
273691,93992,550912,644904,5.861264788492638
273702,93995,550918,644913,5.8611415500824515
273740,94016,550984,645000,5.860534377127298
275539,94893,554301,649194,5.8413265467421205
275949,95108,554941,650049,5.834850906338057
275956,95108,554941,650049,5.834850906338057
276009,95159,555022,650181,5.832574953498881
276072,95198,555224,650422,5.832307401415997
276079,95198,555224,650422,5.832307401415997
276298,95213,555318,650531,5.832375831031476
276868,95275,556947,652222,5.845678299658882
276923,95299,557007,652306,5.844835727552231
277370,95527,557670,653197,5.837825954965612
277563,95649,557992,653641,5.833746301581825
277577,95653,558025,653678,5.833847344045665
277607,95664,558075,653739,5.833699197190166
277616,95669,558092,653761,5.833572003470299
277625,95675,558106,653781,5.833352495427228
277690,95693,558141,653834,5.832620985861035
277718,95702,558186,653888,5.8325426845833945
277759,95727,558257,653984,5.831761154115349
277843,95768,558355,654123,5.8302877787987635
277889,95791,558508,654299,5.830485118643714
277937,95791,558620,654411,5.831654330782642
277973,95799,558663,654462,5.831616196411236
278004,95817,558715,654532,5.83106338123715
278058,95834,558795,654629,5.830863785295406
278069,95844,558805,654649,5.830359751262468
278387,95983,559295,655278,5.8270214517154075
278393,95987,559300,655287,5.826830716659548
278710,96169,559694,655863,5.819900383699529
278758,96183,559799,655982,5.820144932056601
278774,96209,559852,656061,5.819122951075263
278777,96209,559861,656070,5.819216497417082
279540,96229,561432,657661,5.8343326855729565
279642,96274,561544,657818,5.8327689718927225
279704,96313,561624,657937,5.8312377353005305
279729,96320,561655,657975,5.831135797342193
279779,96359,561737,658096,5.829626708454841
279784,96364,561749,658113,5.829448756797144
279798,96379,561769,658148,5.8287490013384655
279852,96379,561769,658148,5.8287490013384655
279929,96442,561908,658350,5.826382696335622
280994,96939,562898,659837,5.806723816008005
281164,96996,563062,660058,5.805002268134769
281335,97084,563263,660347,5.801810803015945
281407,97129,563328,660457,5.799792029157101
281416,97135,563337,660472,5.7995264322849645
281813,97135,563955,661090,5.805888711586967
281822,97137,563975,661112,5.805975066143694
281852,97152,564018,661170,5.805521245059288
281940,97186,564103,661289,5.804364826209536
281951,97190,564126,661316,5.804362588743698
282067,97190,564126,661316,5.804362588743698
282085,97190,564146,661336,5.804568371231608
282115,97202,564179,661381,5.804191271784531
282162,97211,564191,661402,5.803777350299863
282171,97217,564200,661417,5.8035117314872915
282331,97313,564361,661674,5.799440979108649
282346,97320,564402,661722,5.79944512946979
282449,97365,564638,662003,5.799188620140708
282471,97382,564666,662048,5.798463781807726
282477,97386,564671,662057,5.7982769597272705
282522,97418,564771,662189,5.797398837997084
282745,97506,565205,662711,5.796617644042418
283034,97736,565915,663651,5.790241057542768
283423,97970,566282,664252,5.78015719097683
284017,98228,567633,665861,5.778729079284929
284072,98228,567772,666000,5.780144154416256
284111,98237,567793,666030,5.7798283742378125
284284,98300,567919,666219,5.7774059003051885
284329,98334,567973,666307,5.775957451135924
284625,98441,568370,666811,5.773712172773539
284701,98463,568445,666908,5.773183835552441
284738,98502,568513,667015,5.771588394144281
284759,98510,568549,667059,5.771485128413359
284810,98510,568665,667175,5.77266267384022
284872,98547,568772,667319,5.771581072990553
284882,98554,568779,667333,5.771242161657568
284921,98566,568814,667380,5.770894628979567
284952,98581,568870,667451,5.7705845954088515
285419,98692,569600,668292,5.771491103635553
285468,98711,569669,668380,5.771079211030179
285634,98768,570141,668909,5.7725275392839785
285763,98801,570295,669096,5.772158176536674
285858,98837,570479,669316,5.771917399354493
285863,98843,570499,669342,5.771769371629756
285874,98850,570514,669364,5.77151239251391
285919,98883,570641,669524,5.770870624879908
285954,98913,570728,669641,5.769999898901054
286097,99033,571017,670050,5.76592650934537
286185,99094,571185,670279,5.7640724968212
286228,99109,571257,670366,5.763926585880193
286335,99156,571353,670509,5.762162652789543
286498,99233,571572,670805,5.759898420888213
286514,99241,571589,670830,5.759605405024133
286651,99267,571887,671154,5.761098854604249
286673,99283,571912,671195,5.760422227370245
287314,99296,572873,672169,5.769346197228488
287317,99297,572877,672174,5.769328378500861
287454,99382,573201,672583,5.767654102352538
287536,99433,573330,672763,5.765993181338188
287657,99435,573687,673122,5.769467491325992
287669,99452,573710,673162,5.7687125447452035
287679,99457,573719,673176,5.768513025729712
287859,99529,574088,673617,5.768047503742628
289703,100250,576710,676960,5.752718204488778
289721,100265,576763,677028,5.7523861766319255
289741,100265,576784,677049,5.752595621602753
289764,100281,576801,677082,5.751847309061537
290136,100526,577492,678018,5.7447028629409305
290211,100574,577612,678186,5.743154294350428
290221,100583,577625,678208,5.742769652923457
290280,100628,577765,678393,5.741592797233374
290291,100632,577786,678418,5.741573257015661
290325,100646,577875,678521,5.741658883611867
290341,100646,577901,678547,5.741917214792441
290365,100670,577943,678613,5.740965530942684
290486,100778,578194,678972,5.737303776617913
290507,100790,578226,679016,5.736938188312332
290563,100804,578358,679162,5.737450894805762
290771,100836,578447,679283,5.736512753381729
290929,100884,578522,679406,5.734526783236192
291138,100951,578683,679634,5.7323156779031414
291159,100959,578698,679657,5.7320100238710765
291231,101008,578838,679846,5.730615396800253
291275,101024,578855,679879,5.7298760690528985
292497,101543,583762,685305,5.748914253075052
292521,101567,583814,685381,5.748067777919994
292575,101588,583929,685517,5.748011576170414
292637,101622,584021,685643,5.746993761193442
292648,101637,584036,685673,5.746293180633037
292796,101637,584036,685673,5.746293180633037
292862,101688,584164,685852,5.744669970891354
292871,101697,584175,685872,5.744269742470279
292885,101707,584190,685897,5.743852438868514
292904,101716,584214,685930,5.743580164379252
292937,101739,584266,686005,5.742792832640384
292969,101754,584344,686098,5.742712817186548
293026,101785,584419,686204,5.741700643513288
293134,101849,584520,686369,5.739084330724896
293180,101874,584584,686458,5.738304179672929
293205,101893,584662,686555,5.737999666316626
293260,101912,584748,686660,5.737773765601696
293424,102016,584917,686933,5.733581006900878
293427,102016,584922,686938,5.733630018820577
293480,102049,585016,687065,5.7326970376975765
293494,102056,585031,687087,5.732450811319276
293539,102090,585126,687216,5.731472230384955
293546,102093,585131,687224,5.731352786185145
293639,102145,585223,687368,5.729335748201087
293669,102171,585267,687438,5.728308424112517
293720,102202,585396,687598,5.727833114811843
293783,102236,585504,687740,5.726984623811573
293968,102312,585722,688034,5.724861208851356
293989,102329,585751,688080,5.72419353262516
295340,103053,588126,691179,5.707024540770283
295351,103056,588138,691194,5.70697484862599
295366,103056,588145,691201,5.707042772861357
295367,103056,588147,691203,5.707062179785748
295474,103056,588384,691440,5.709361900326036
295762,103147,588860,692007,5.708939668628268
295784,103154,588907,692061,5.709007891114257
295821,103154,588955,692109,5.709473214805048
295846,103176,589014,692190,5.7088276343335655
295881,103176,589065,692241,5.709321935333799
295894,103184,589074,692258,5.7089665064351065
297121,103685,590546,694231,5.695577952452139
297122,103685,590546,694231,5.695577952452139
297172,103719,590653,694372,5.694742525477492
297202,103732,590704,694436,5.694520495122045
297209,103733,590718,694451,5.694600561055787
297230,103757,590767,694524,5.69375560203167
297255,103757,590807,694564,5.694141118189616
297377,103793,591064,694857,5.694642220573642
297410,103829,591116,694945,5.693168575253542
297425,103832,591144,694976,5.693273749903691
297452,103841,591152,694993,5.692857349216591
297508,103890,591279,695169,5.691394744441236
297524,103896,591291,695187,5.691181566181566
297569,103912,591438,695350,5.691719916852722
297633,103944,591581,695525,5.691343415685369
297691,103984,591683,695667,5.690135020772426
297735,104011,591775,695786,5.689542452240628
297770,104032,591809,695841,5.688720778222086
297846,104078,591896,695974,5.687042410499817
297922,104158,592002,696160,5.68369208318132
297944,104177,592037,696214,5.682991447248433
298014,104216,592149,696365,5.681939433484302
298120,104280,592276,696556,5.679670118910625
298125,104282,592280,696562,5.67959954738114
298180,104324,592358,696682,5.67806065718339
298295,104353,592624,696977,5.679031748009161
298408,104447,592807,697254,5.675672829281837
298445,104475,592868,697343,5.674735582675281
298457,104484,592874,697358,5.674304199686076
298622,104493,593815,698308,5.682820858813509
298800,104525,593955,698480,5.682420473570916
298818,104525,593965,698490,5.682516144463047
298954,104612,594086,698698,5.67894696593125
299019,104649,594205,698854,5.678076235797762
299076,104668,594307,698975,5.678020025222609
299097,104677,594327,699004,5.677722899968474
299145,104695,594437,699132,5.677797411528727
299412,104827,595055,699882,5.676543256985319
299447,104834,595136,699970,5.676936871625617
299450,104834,595145,699979,5.67702272163611
299520,104883,595248,700131,5.6753525356826175
299530,104886,595267,700153,5.6753713555669965
299622,104967,595428,700395,5.67252565091886
299633,104974,595448,700422,5.672337912244937
299671,104985,595462,700447,5.67187693480021
299791,105027,595661,700688,5.671503518142954
299805,105036,595681,700717,5.671207966792338
299831,105044,595730,700774,5.671242526941091
300089,105172,596040,701212,5.667287871296542
300100,105183,596066,701249,5.666942376619796
300152,105206,596129,701335,5.666302302150068
300212,105254,596297,701551,5.665314382351265
300238,105264,596324,701588,5.665032679738562
300280,105277,596403,701680,5.665083541514291
300292,105300,596434,701734,5.664140550807217
300368,105355,596557,701912,5.662351098666414
300377,105364,596591,701955,5.662190121863255
300398,105372,596636,702008,5.6621872983335235
300465,105418,596780,702198,5.661082547572521
300498,105439,596825,702264,5.660381832149395
300535,105466,596895,702361,5.659596457626154
300579,105517,596984,702501,5.657704445729125
300602,105534,597014,702548,5.657077340004169
300622,105538,597052,702590,5.657222990771096
300682,105563,597123,702686,5.656555800801417
300789,105602,597180,702782,5.65500653396716
300807,105606,597194,702800,5.654924909569532
300816,105609,597202,702811,5.654840023104091
301327,105691,597415,703106,5.652468043636639
301365,105707,597460,703167,5.652038181009773
301429,105736,597567,703303,5.6514999621699324
301479,105751,597599,703350,5.65100093616136
301505,105772,597636,703408,5.650228794009757
301548,105793,597712,703505,5.649825602828164
301617,105823,597796,703619,5.649017699365922
301692,105869,597917,703786,5.6477061273838425
301747,105894,597977,703871,5.646939392222411
301868,105894,598191,704085,5.648960281035753
301941,105952,598300,704252,5.6468967079432195
302069,105986,598390,704376,5.645934368690204
302326,106152,598760,704912,5.640590850855377
302396,106152,598881,705033,5.641730725751752
302806,106324,599367,705691,5.637175049847635
302825,106339,599386,705725,5.636558553305937
302953,106381,599635,706016,5.6366738421334635
303208,106458,599846,706304,5.634578894963272
303216,106459,599862,706321,5.634676260344358
303237,106479,599885,706364,5.633833901520488
303312,106479,599885,706364,5.633833901520488
303479,106479,600178,706657,5.636585617821354
303511,106506,600240,706746,5.635738831615121
303584,106572,600395,706967,5.633703036444845
303833,106572,600477,707049,5.634472469316519
303867,106587,600524,707111,5.63412048373629
303912,106601,600582,707183,5.633924634853331
303960,106638,600616,707254,5.632288677582101
304018,106668,600699,707367,5.631482731465857
304086,106703,600759,707462,5.630197838861138
304098,106709,600788,707497,5.630153033015022
304169,106773,600851,707624,5.627368342183885
304597,106781,601751,708532,5.6353752071997825
304639,106800,601820,708620,5.635018726591761
304710,106809,601842,708651,5.634749880628037
304871,106867,602171,709038,5.634770321989015
304973,106869,602432,709301,5.6371071124460785
304985,106869,602461,709330,5.637378472709579
305037,106887,602520,709407,5.636981110892812
305048,106894,602531,709425,5.636714876419631
305097,106894,602531,709425,5.636714876419631
305122,106902,602545,709447,5.63642401451797
305126,106905,602546,709451,5.63627519760535
305152,106916,602562,709478,5.635844962400389
305261,106946,602964,709910,5.638022927458717
305302,106967,603303,710270,5.6400852599399816
305342,106987,603403,710390,5.639965603297597
305366,107005,603431,710436,5.639278538386057
305434,107048,603536,710584,5.637994170839249
305563,107125,603726,710851,5.6357152858809805
305601,107141,603772,710913,5.635303011918873
305611,107141,603788,710929,5.635452347840696
305622,107141,603798,710939,5.635545682791835
305714,107187,603937,711124,5.634423950665659
305724,107187,603953,711140,5.6345732224989975
305755,107209,604001,711210,5.63386469419545
305804,107228,604043,711271,5.633258104226508
305872,107235,604114,711349,5.63355247820208
306211,107460,604768,712228,5.62784291829518
306324,107486,604916,712402,5.627858511806188
306378,107486,605074,712560,5.6293284706845546
306415,107518,605129,712647,5.628164586394837
306774,107677,605687,713364,5.6250359872581885
306857,107708,605757,713465,5.624066921677127
306865,107714,605769,713483,5.62386505003992
306891,107726,605810,713536,5.623619181998775
306920,107750,605857,713607,5.6228027842227375
306938,107766,605900,713666,5.622366980309188
306971,107775,606027,713802,5.623075852470424
307008,107786,606050,713836,5.622715380476128
307065,107819,606135,713954,5.621782802660014
307075,107826,606141,713967,5.621473485059262
307130,107850,606170,714020,5.620491423273064
307134,107850,606172,714022,5.62050996754752
307227,107947,606294,714241,5.616589622685207
307573,107983,606589,714572,5.6174490429049015
307615,108013,606659,714672,5.616536898336311
307759,108033,606919,714952,5.61790378865717
307841,108095,607077,715172,5.616143207363893
307896,108111,607105,715216,5.615571033474855
307940,108124,607168,715292,5.615478524656876
308187,108294,607819,716113,5.612674755757475
308214,108297,607832,716129,5.612639315955198
308825,108601,608575,717176,5.603769762709367
309094,108722,608887,717609,5.600402862346168
309104,108725,608896,717621,5.600331110600138
309126,108736,608938,717674,5.600150824014126
309149,108741,608948,717689,5.599985286138623
309342,108778,609163,717941,5.60005699681921
309366,108789,609207,717996,5.599895209993657
309430,108831,609310,718141,5.598680523012744
309456,108837,609356,718193,5.598794527596314
309677,109080,609941,719021,5.5916850018335165
309693,109103,609968,719071,5.590753691465863
309888,109237,610305,719542,5.586980601810742
310178,109341,610478,719819,5.583248735606954
310206,109371,610543,719914,5.582311581680702
310237,109390,610570,719960,5.581588810677393
310342,109439,610761,720200,5.580834985699796
310530,109604,611095,720699,5.575480821867815
310557,109614,611161,720775,5.575574287955918
310561,109614,611163,720777,5.575592533800427
310611,109652,611219,720871,5.574171013752599
310673,109690,611414,721104,5.574017686206582
310779,109722,611528,721250,5.573431034797032
310810,109735,611610,721345,5.5735180206861985
310812,109736,611613,721349,5.5734945687832615
310820,109742,611618,721360,5.573235406681125
310834,109742,611644,721386,5.573472326000984
310924,109763,611691,721454,5.572834197316036
311244,109939,612299,722238,5.5694430547849265
311264,109949,612322,722271,5.5691456948221445
311296,109972,612357,722329,5.568299203433601
311308,109983,612372,722355,5.567878672158424
311739,110264,613561,723825,5.56447253863455
312040,110265,613562,723827,5.564431143155126
312144,110335,613732,724067,5.562441654959895
312155,110343,613744,724087,5.562147123061726
312178,110347,613771,724118,5.562190181880794
312813,110515,614892,725407,5.563878206578292
312909,110548,615215,725763,5.565139125085936
312915,110555,615219,725774,5.564822938808738
313005,110578,615303,725881,5.5644251116858685
313064,110600,615382,725982,5.564032549728752
313120,110600,615470,726070,5.564828209764919
313132,110618,615505,726123,5.564239093095156
313145,110625,615533,726158,5.56414011299435
313525,110783,616091,726874,5.561241345693834
313578,110820,616218,727038,5.560530590146183
313662,110875,616351,727226,5.558971815107102
313744,110912,616489,727401,5.558361583958454
313829,110987,616672,727659,5.556254336093416
313832,110987,616681,727668,5.556335426671592
313903,111013,616808,727821,5.556178105266951
313980,111028,617021,728049,5.5573458947292576
314195,111129,617396,728525,5.55566953720451
314399,111270,617744,729014,5.551756987507864
314592,111279,618862,730141,5.561354792907916
314604,111283,618892,730175,5.56142447633511
314607,111283,618901,730184,5.56150535122166
314647,111293,618953,730246,5.561472868913588
319838,111814,629192,741006,5.627130770744272
319959,111814,629406,741220,5.629044663458958
319987,111839,629442,741281,5.62810826277059
320001,111846,629453,741299,5.627854371188956
320035,111867,629508,741375,5.6272895491968145
320251,111957,629780,741737,5.625195387514849
320378,111995,630060,742055,5.6257868654850665
320515,112029,630371,742400,5.626855546331753
320847,112260,630859,743119,5.619624086941029
321013,112272,631831,744103,5.62768098902665
321053,112290,631877,744167,5.627188529699884
321069,112297,631897,744194,5.627015859729111
321205,112297,632126,744423,5.6290550949713705
321490,112332,632291,744623,5.628770074422248
321502,112342,632302,744644,5.628366950917734
321556,112397,632415,744812,5.6266181481712145
321579,112401,632423,744824,5.626489088175372
321603,112408,632446,744854,5.626343320760088
321654,112437,632540,744977,5.625728185561693
321676,112445,632556,745001,5.625470229890168
321745,112498,632667,745165,5.623806645451475
322493,112918,634094,747012,5.61552631112843
322550,112938,634164,747102,5.615151676140892
322568,112943,634180,747123,5.615044757089859
322838,113044,634548,747592,5.613283323307739
322858,113052,634584,747636,5.61320454304214
322877,113065,634605,747670,5.612744881262991
322928,113100,634692,747792,5.6117771883289125
323007,113169,634789,747958,5.609212770281614
323140,113276,634994,748270,5.60572407217769
323194,113291,635102,748393,5.6059351581325965
323198,113291,635111,748402,5.606014599571016
323684,113551,636951,750502,5.609382568185221
323849,113617,637133,750750,5.607725956502988
323860,113620,637138,750758,5.607621897553248
324334,113894,637780,751674,5.599768205524435
324432,113968,637952,751920,5.5976414432121295
324487,114006,638052,752058,5.596652807746961
324531,114020,638064,752084,5.596070864760568
324613,114061,638173,752234,5.595014948141784
324659,114071,638219,752290,5.5949277204548045
324710,114071,638335,752406,5.5959446309754455
324792,114119,638643,752762,5.596289837800892
324806,114119,638667,752786,5.596500144585915
324836,114128,638705,752833,5.596391770643488
325437,114350,639393,753743,5.5915435067774375
325463,114363,639438,753801,5.5913013824401245
325495,114380,639506,753886,5.591064871481028
325566,114432,639656,754088,5.5898350111856825
325611,114477,639731,754208,5.588292844850931
325629,114494,639791,754285,5.587987143431097
325742,114555,639902,754457,5.585980533368251
325777,114567,639951,754518,5.585823142789809
325778,114567,639953,754520,5.585840599823684
325840,114567,639970,754537,5.585988984611625
326157,114794,640676,755470,5.581093088488945
326158,114794,640678,755472,5.581110511002318
326200,114835,640745,755580,5.579701310576044
326246,114857,640825,755682,5.579329078767511
326304,114876,640957,755833,5.579555346634632
326315,114883,640960,755843,5.57924148916724
326556,115013,641518,756531,5.577786858876823
326580,115029,641545,756574,5.577245738031279
326588,115035,641559,756594,5.577076541922024
326611,115049,641579,756628,5.576571721614268
327112,115403,642669,758072,5.568910686897221
327130,115416,642707,758123,5.568612670686907
327150,115427,642725,758152,5.568237933932269
327163,115433,642742,758175,5.568095778503547
327249,115433,642812,758245,5.56870219088129
327256,115438,642825,758263,5.568573606611341
327279,115453,642897,758350,5.568473751223442
327565,115597,643404,759001,5.5659229910810835
327593,115625,643458,759083,5.565042162162162
327828,115639,644158,759797,5.570421743529432
327852,115642,644176,759818,5.570432887705159
327922,115642,644446,760088,5.572767679562789
327968,115682,644510,760192,5.571393993879774
328012,115692,644545,760237,5.571214950039761
328028,115710,644588,760298,5.5707199032062915
328040,115716,644592,760308,5.570465622731515
328079,115730,644706,760436,5.570776808087791
328091,115737,644725,760462,5.570604041922635
328141,115772,644794,760566,5.5695159451335385
328200,115801,644809,760610,5.568250705952453
328296,115845,644903,760748,5.566947213949674
328398,115906,644990,760896,5.564768001656515
328409,115912,645028,760940,5.564807785216371
328478,115922,645150,761072,5.565380169424268
328508,115939,645186,761125,5.56487463234977
328671,116034,645337,761371,5.5616198700380926
328756,116073,645460,761533,5.560810869022081
328808,116090,645518,761608,5.560496166767163
328854,116120,645581,761701,5.559602135721668
330091,116310,646281,762591,5.556538560742842
330219,116313,646617,762930,5.559284000928529
330230,116319,646644,762963,5.559229360637557
330286,116336,646735,763071,5.559199216063815
330304,116349,646772,763121,5.55889607989755
330353,116359,646791,763150,5.558581630986859
330370,116364,646809,763173,5.558497473445396
330401,116368,646845,763213,5.558615770658601
330474,116423,646927,763350,5.556694124013297
330607,116480,647009,763489,5.554678914835165
331469,116876,648346,765222,5.547297991033232
331594,116878,648715,765593,5.550360204657848
331719,116951,648952,765903,5.548922198185565
331881,117082,649263,766345,5.545369911685827
331907,117086,649282,766368,5.545342739524794
331980,117118,649439,766557,5.5451681210403185
331985,117121,649445,766566,5.545077313206001
332050,117146,649573,766719,5.544986597920544
332110,117158,649647,766805,5.545050273988972
333891,117940,652407,770347,5.531685602848906
334217,118163,652977,771140,5.526069920364242
334313,118229,653068,771297,5.523754747143256
334816,118656,654373,773029,5.514874932578209
334834,118663,654397,773060,5.51475186031029
334864,118669,654408,773077,5.514565724831253
334872,118669,654408,773077,5.514565724831253
334907,118676,654488,773164,5.514914557282012
334974,118719,654714,773433,5.514820711090895
335051,118749,654797,773546,5.514126434748924
335569,118809,656519,775328,5.5258355848462655
336210,118814,657485,776299,5.533733398421061
336242,118817,657503,776320,5.533745171145543
336264,118827,657534,776361,5.533540356989573
336318,118889,657669,776558,5.53179015720546
336327,118892,657688,776580,5.531810382532046
336350,118905,657712,776617,5.531407426096464
336363,118909,657753,776662,5.531566155631618
336482,118972,657953,776925,5.530318058030461
336491,118974,657969,776943,5.5303595743607845
336787,119128,658385,777513,5.5267023705593985
336846,119162,658524,777686,5.526291938705292
336859,119166,658560,777726,5.526408539348472
337409,119429,659462,778891,5.521791189744534
337503,119454,659644,779098,5.522159157499958
337897,119462,660158,779620,5.52609197903936
337912,119474,660170,779644,5.525637377169928
337938,119498,660212,779710,5.5248790774741
338027,119513,660612,780125,5.527532569678613
338061,119513,660714,780227,5.528386033318551
338094,119523,660736,780259,5.528107560887863
338670,119529,661395,780924,5.533343372737996
338710,119557,661444,781001,5.532457321612285
338725,119564,661465,781029,5.532309056237663
338745,119580,661484,781064,5.531727713664492
338753,119583,661498,781081,5.531706011724075
338755,119584,661499,781083,5.531668116135938
338940,119674,661803,781477,5.530048297875896
338966,119681,661831,781512,5.529958807162373
338986,119687,661855,781542,5.52988210916808
339008,119687,661879,781566,5.530082632198986
339055,119711,661927,781638,5.529374911244581
339095,119748,662012,781760,5.528376256805959
339145,119779,662080,781859,5.527513170088246
339327,119817,662146,781963,5.526310957543587
340399,120089,664518,784607,5.533545953417882
340413,120099,664558,784657,5.533418263266139
340531,120128,664792,784920,5.534030367607885
340601,120137,664920,785057,5.534681238918901
340607,120145,664939,785084,5.5344708477256646
340727,120192,665081,785273,5.533488085729499
340750,120198,665109,785307,5.533444816053512
340907,120276,665528,785804,5.533339984701852
341247,120457,665926,786383,5.528329611396598
341265,120480,665979,786459,5.527714143426294
341318,120506,666039,786545,5.527019401523575
341448,120587,666367,786954,5.526026851982386
341493,120627,666431,787058,5.524724978653204
341672,120765,666696,787461,5.5206061358837415
341758,120811,666877,787688,5.520002317669749
341765,120815,666884,787699,5.519877498654968
341960,120863,667418,788281,5.522103538717391
341998,120870,667438,788308,5.5219492016215765
342107,120913,667799,788712,5.5229710618378505
342151,120922,667847,788769,5.52295694745373
342180,120936,667889,788825,5.522664880598002
342204,120943,667918,788861,5.522585019389299
342330,121024,668124,789148,5.5205909571655205
342524,121130,668512,789642,5.518963097498555
342677,121156,668831,789987,5.520411700617386
342753,121219,668936,790155,5.51840883029888
342769,121226,669039,790265,5.518939831389306
342807,121244,669093,790337,5.518565867176933
342838,121244,669173,790417,5.519225693642572
342874,121270,669233,790503,5.5185371485115855
342878,121270,669235,790505,5.518553640636596
342896,121278,669249,790527,5.5183050512046705
342928,121292,669288,790580,5.517989644824061
342950,121303,669333,790636,5.5178602342893415
343017,121320,669390,790710,5.5175568743818
343128,121371,669554,790925,5.516589630142291
343152,121389,669573,790962,5.515928131873563
343154,121389,669575,790964,5.515944607831022
343293,121508,669810,791318,5.5124765447542545
343314,121512,669840,791352,5.512541971163342
343367,121545,669998,791543,5.512345221934263
343393,121554,670028,791582,5.512183885351367
343396,121554,670037,791591,5.512257926518255
343436,121579,670112,791691,5.511741336908512
343466,121597,670158,791755,5.5113037328223555
343482,121607,670177,791784,5.511006767702517
343699,121717,670406,792123,5.507907687504622
343715,121717,670432,792149,5.508121297764487
343759,121760,670530,792290,5.506980946123521
343791,121777,670572,792349,5.506557067426526
343852,121816,670636,792452,5.50531949825967
343880,121825,670732,792557,5.50570080032834
343940,121880,670871,792751,5.504356744338693
344698,122106,671398,793504,5.49848492293581
344729,122119,671445,793564,5.498284460239602
344894,122155,671579,793734,5.497761041299988
344918,122162,671606,793768,5.49766703230137
344931,122168,671614,793782,5.497462510641085
344992,122189,671652,793841,5.496828683433042
345044,122218,671754,793972,5.496358965127886
345155,122263,671925,794188,5.49573460490909
345196,122282,671974,794256,5.495281398734074
345235,122288,672031,794319,5.495477888263771
345349,122323,672167,794490,5.495017290288826
345351,122323,672171,794494,5.495049990598661
345420,122340,672315,794655,5.4954634624816086
345438,122352,672336,794688,5.49509611612397
345508,122405,672445,794850,5.493607287284016
345523,122435,672478,794913,5.492530730591742
345541,122454,672509,794963,5.4919316641351035
345792,122511,672958,795469,5.493041441176711
345840,122515,673027,795542,5.493425294861853
345873,122532,673069,795601,5.493005908660595
346389,122543,674291,796834,5.502484842055442
347229,122543,676127,798670,5.517467337995642
347257,122562,676172,798734,5.516979161567207
347288,122562,676242,798804,5.51755030107211
347309,122569,676267,798836,5.517439156719888
347343,122584,676298,798882,5.517016902695294
347500,122585,676616,799201,5.519566015417873
347550,122588,676725,799313,5.520320096583679
348571,122909,677610,800519,5.513103190165081
348683,122940,677687,800627,5.512339352529689
348994,123048,678425,801473,5.513498797217346
349061,123072,678482,801554,5.512886765470618
349113,123095,678557,801652,5.512465981558958
349151,123123,678607,801730,5.511618462837975
349152,123123,678609,801732,5.511634706756658
349207,123130,678799,801929,5.512864452204987
349230,123130,678820,801950,5.513035003654674
349241,123130,678837,801967,5.513173069113945
349292,123135,678856,801991,5.513103504283916
349321,123149,678890,802039,5.512752844115664
349336,123159,678905,802064,5.512427025227551
349358,123164,678909,802073,5.512235718229353
349423,123187,678968,802155,5.511685486293197
349436,123205,679013,802218,5.511245485166998
349505,123228,679098,802326,5.510906612133606
349514,123239,679110,802349,5.510512094385706
349630,123316,679325,802641,5.508814752343572
349665,123330,679389,802719,5.508708343468743
349687,123346,679428,802774,5.508309957355731
349707,123346,679449,802795,5.50848021014058
349765,123389,679522,802911,5.507152177260534
349870,123407,679564,802971,5.506689247773627
350110,123407,680142,803549,5.511372936705373
350119,123410,680156,803566,5.51135240256057
350712,123419,681445,804864,5.521394598886719
350833,123419,681659,805078,5.523128529642924
350907,123474,681769,805243,5.521559194648266
350910,123476,681775,805251,5.521518351744469
350954,123500,681816,805316,5.520777327935223
351109,123514,682124,805638,5.5226452062114415
351222,123550,682417,805967,5.523407527316876
351283,123576,682518,806094,5.523062730627307
351334,123635,682670,806305,5.521656488858333
351383,123649,682769,806418,5.521831959821753
351384,123649,682771,806420,5.52184813463918
351438,123672,682817,806489,5.521193156090304
351582,123672,683016,806688,5.522802251115855
351637,123707,683085,806792,5.521797473061347
351730,123747,683244,806991,5.521297485999661
351739,123749,683264,807013,5.521369869655512
351806,123755,683331,807086,5.52164356995677
351811,123758,683337,807095,5.521558202298033
351848,123783,683378,807161,5.520774258177617
352761,124346,685082,809428,5.509481607771862
353028,124430,685573,810003,5.509708269709877
353202,124430,685794,810224,5.511484368721369
353291,124451,685858,810309,5.511068613349832
353292,124451,685860,810311,5.511084683931829
353552,124551,686321,810872,5.5103612174932355
353560,124556,686343,810899,5.510316644722053
353664,124580,686539,811119,5.510828383368117
353740,124636,686705,811341,5.50968420039154
353771,124654,686746,811400,5.509217514078971
353924,124739,686935,811674,5.506978571256784
354054,124797,687074,811871,5.505532985568563
354092,124822,687155,811977,5.505079232827547
354117,124843,687189,812032,5.504425558501478
354149,124864,687234,812098,5.503860199897488
354232,124936,687363,812299,5.501720881091119
354381,125024,687546,812570,5.499312132070642
354394,125030,687561,812591,5.499168199632089
354406,125033,687577,812610,5.499164220645749
354496,125098,687753,812851,5.497713792386769
354526,125115,687802,812917,5.497358430244176
354547,125120,687838,812958,5.497426470588235
354600,125161,687930,813091,5.496360687434584
354603,125161,687937,813098,5.496416615399365
354654,125182,688036,813218,5.496285408445304
354730,125227,688251,813478,5.4960272145783255
354748,125245,688291,813536,5.4955567088506525
354755,125245,688291,813536,5.4955567088506525
354771,125255,688306,813561,5.495237715061275
354798,125277,688351,813628,5.4946318957190865
354801,125277,688360,813637,5.494703736519872
354874,125306,688429,813735,5.493982730276284
354998,125337,688525,813862,5.493389821042469
355168,125420,688727,814147,5.491365013554457
355217,125435,688760,814195,5.490971419460278
355228,125441,688766,814207,5.49075661067753
355280,125469,688835,814304,5.490081215280268
355337,125503,688911,814414,5.489199461367457
355359,125516,688968,814484,5.489085056885178
355439,125559,689121,814680,5.488423768905455
355452,125559,689128,814687,5.488479519588401
357285,125572,691605,817177,5.507637052846176
357382,125681,691727,817408,5.503831128014577
357426,125701,691808,817509,5.503599812252886
357458,125719,691850,817569,5.503145904755844
357480,125725,691909,817634,5.503352555179957
357533,125747,692018,817765,5.503256538923393
357907,125940,692496,818436,5.498618389709385
357965,125951,692645,818596,5.499321164579876
358082,126021,693065,819086,5.499599273137017
358149,126021,693217,819238,5.5008054213186695
358166,126024,693241,819265,5.500864914619438
358182,126024,693256,819280,5.5009839395670665
358367,126044,693510,819554,5.502126241629907
358392,126063,693572,819635,5.50178878814561
358445,126102,693633,819735,5.5005709663605655
358461,126102,693659,819761,5.500777148657436
358580,126118,693728,819846,5.500626397500754
358602,126131,693743,819874,5.5001783859638
358677,126151,693850,820001,5.500154576658132
358833,126226,694142,820368,5.499199847891877
358851,126232,694155,820387,5.499041447493504
358939,126290,694355,820645,5.4980996120041175
358961,126297,694365,820662,5.497874058766241
359020,126339,694431,820770,5.496568755491179
359023,126339,694440,820779,5.496639992401397
359045,126341,694447,820788,5.496608385243112
359062,126356,694473,820829,5.496161638545063
359228,126414,694834,821248,5.496495641305551
359262,126414,694866,821280,5.496748777825241
359267,126414,694866,821280,5.496748777825241
359287,126421,694893,821314,5.49665799194754
359329,126449,694949,821398,5.495883715964539
359339,126456,694956,821412,5.4956348453216926
359404,126489,695071,821560,5.495110246740824
359425,126497,695097,821594,5.494968260116841
359479,126548,695265,821813,5.494081297215286
359493,126559,695309,821868,5.493951437669387
359518,126581,695342,821923,5.493257281898547
359639,126581,695486,822067,5.4943948933884235
361978,127387,697853,825240,5.478212062455353
362008,127397,697920,825317,5.47830796643563
362029,127399,697920,825319,5.478221964065652
362073,127421,698005,825426,5.477943196176454
362101,127429,698034,825463,5.477826868295286
362121,127437,698047,825484,5.47758500278569
362202,127473,698183,825656,5.477104955559216
362243,127498,698257,825755,5.476611397825848
362251,127499,698267,825766,5.47664687566177
362251,127502,698309,825811,5.4768474220012235
362300,127543,698352,825895,5.475423974659527
362309,127543,698352,825895,5.475423974659527
362314,127547,698362,825909,5.475330662422479
362435,127556,699011,826567,5.480032299539026
362601,127556,699426,826982,5.48328577252344
362665,127603,699665,827268,5.483139111149424
362669,127603,699675,827278,5.483217479212871
362839,127631,699830,827461,5.483228996090292
362851,127631,699845,827476,5.483346522396596
362948,127651,699904,827555,5.482949604781788
363116,127758,700132,827890,5.480142143740509
363167,127787,700191,827978,5.479360185308365
363188,127812,700230,828042,5.478593559290207
363202,127813,700251,828064,5.478714997691941
363461,127988,700579,828567,5.473786604994218
363667,128147,700896,829043,5.469468657089124
363802,128232,701062,829294,5.467137687940608
363819,128254,701134,829388,5.466761270603646
363949,128255,701519,829774,5.469720478733772
363952,128255,701528,829783,5.4697906514365915
363962,128255,701544,829799,5.469915402908269
363971,128262,701550,829812,5.469663657201665
364094,128262,701849,830111,5.471994823096474
364990,128454,703370,831824,5.47565665530073
365270,128635,703751,832386,5.470913825941618
365290,128643,703777,832420,5.47077571263108
365359,128695,703908,832603,5.469583122887447
365426,128698,704064,832762,5.470667764844831
365434,128698,704064,832762,5.470667764844831
365450,128702,704073,832775,5.470567667946108
365465,128702,704096,832798,5.470746375347702
365521,128719,704183,832902,5.470699741296934
365530,128726,704203,832929,5.470557618507527
365532,128726,704208,832934,5.47059646069947
365553,128745,704238,832983,5.470022136782011
365586,128750,704254,833004,5.469933980582525
365756,128814,704482,833296,5.46898629031006
365763,128817,704500,833317,5.468998657009556
365792,128841,704542,833383,5.468305896414961
365820,128857,704570,833427,5.467844199383813
365850,128873,704649,833522,5.467778355435196
365946,128948,704778,833726,5.465598535843906
365986,128957,704868,833825,5.465914994920787
366183,129033,705225,834258,5.465462323591639
366377,129033,705622,834655,5.468539055900429
366386,129040,705642,834682,5.468397396156231
366414,129061,705679,834740,5.467794298819938
366417,129061,705681,834742,5.4678097953680815
366462,129096,705735,834831,5.466745677635248
366660,129179,706016,835195,5.465408464224061
366692,129206,706067,835273,5.464661083850595
366787,129224,706152,835376,5.464557667306383
366825,129258,706209,835467,5.463561249593836
367022,129328,706603,835931,5.463650562909811
367339,129589,707412,837001,5.4588892575758745
367448,129685,707601,837286,5.456305663723638
367590,129764,708030,837794,5.45628988009001
367857,129915,708510,838425,5.453642766424201
367887,129925,708536,838461,5.4534231287281125
368227,130069,708944,839013,5.450522415025871
368254,130078,709003,839081,5.450598871446363
368297,130107,709082,839189,5.449991161121231
368302,130109,709088,839197,5.449953500526481
368631,130205,709336,839541,5.447839944702585
368651,130219,709375,839594,5.447553736397914
368760,130274,709565,839839,5.44671231404578
368832,130315,709697,840012,5.4460115873076775
368845,130322,709717,840039,5.445872531115238
368855,130331,709744,840075,5.445703631522815
368858,130333,709746,840079,5.445635410832253
368901,130350,709797,840147,5.445316455696203
368929,130367,709821,840188,5.444790476117422
368932,130368,709824,840192,5.444771723122239
368953,130372,709837,840209,5.4447043843770135
368992,130394,709869,840263,5.44403116707824
369070,130399,709956,840355,5.444489604981634
369081,130399,709978,840377,5.444658317931886
369092,130406,709997,840403,5.444511755594068
369134,130429,710044,840473,5.443912013432596
369460,130561,710539,841100,5.4421994316832745
369527,130598,710673,841271,5.4416836398719735
369919,130804,711200,842004,5.437142595027675
369929,130808,711214,842022,5.437083358815975
369938,130813,711220,842033,5.43692140689381
369938,130988,711766,842754,5.4338259993281826
370094,131038,711881,842919,5.432630229399106
370118,131054,711922,842976,5.432279823584172
370273,131163,712251,843414,5.430273781478008
370364,131188,712443,843631,5.430702503277739
370409,131188,712443,843631,5.430702503277739
370661,131277,712713,843990,5.429077446925204
371390,131277,713550,844827,5.435453278182774
371620,131427,713966,845393,5.432414952787479
371729,131438,714146,845584,5.433329782863403
371838,131462,714235,845697,5.433014863610778
371948,131503,714417,845920,5.432704957301354
371993,131515,714489,846004,5.432756719765806
372001,131521,714492,846013,5.432531686954935
372011,131523,714507,846030,5.432563125841107
372098,131578,714592,846170,5.43093830275578
372103,131582,714598,846180,5.430818805003724
372168,131641,714725,846366,5.42934951876695
372235,131665,714860,846525,5.429385182090913
372259,131674,714880,846554,5.4291659705029085
372305,131713,714973,846686,5.428264484143554
372651,131721,715295,847016,5.430379362440309
372832,131740,715465,847205,5.430886594807955
372891,131779,715561,847340,5.430007816116377
373040,131810,715613,847423,5.4291252560503755
373110,131839,715757,847596,5.4290232783925845
373124,131848,715793,847641,5.428925732661853
373144,131849,715808,847657,5.42899832384015
373151,131849,715813,847662,5.429036246008692
373228,131880,716099,847979,5.42992872308159
373277,131926,716183,848109,5.428672134378363
373308,131939,716219,848158,5.428410098606174
373490,131951,716429,848380,5.429507923395806
373626,132069,716633,848702,5.426201455299881
373893,132193,717126,849319,5.424840952244067
373900,132197,717144,849341,5.424812968524248
373961,132208,717241,849449,5.425095304368873
374003,132223,717290,849513,5.424850442056223
374316,132412,717887,850299,5.421615865631514
374454,132469,717995,850464,5.420098287146427
374464,132484,718012,850496,5.419612934392077
374485,132484,718044,850528,5.419854472992965
374528,132523,718146,850669,5.419029149657041
374579,132567,718217,850784,5.417766110721371
374594,132570,718239,850809,5.417809459153655
374605,132570,718249,850819,5.4178848910009805
374653,132579,718305,850884,5.417939492679836
374682,132579,718339,850918,5.4181959435506375
374709,132607,718373,850980,5.417308286892848
374787,132645,718493,851138,5.416661012476912
374843,132645,718581,851226,5.417324437408119
375165,132841,718997,851838,5.412463019700243
376110,132843,721823,854666,5.433654765399758
376111,132843,721825,854668,5.433669820765867
376154,132877,721948,854825,5.4332051446074185
376225,132917,721998,854915,5.431946252172408
376286,132922,722091,855013,5.432441582281338
376742,133032,722453,855485,5.43067081604426
376767,133044,722518,855562,5.430669552929857
376919,133085,722781,855866,5.430972686628846
376928,133089,722788,855877,5.4308620547152655
376960,133103,722850,855953,5.430756632081922
376967,133106,722861,855967,5.430716872267215
377000,133135,722899,856034,5.4298193562924855
377004,133135,722908,856043,5.4298869568483115
377107,133232,723132,856364,5.427614987390417
377127,133260,723195,856455,5.426947321026565
377152,133293,723253,856546,5.42603887676022
377253,133326,723428,856754,5.426008430463676
377311,133342,723509,856851,5.4259648122872015
377536,133481,724148,857629,5.425101699867397
377537,133481,724150,857631,5.4251166832732745
377634,133539,724321,857860,5.424040916885704
377674,133563,724390,857953,5.423582878491798
377700,133582,724420,858002,5.423036037789522
377730,133608,724475,858083,5.422392371714269
377742,133621,724491,858112,5.421984568293906
380041,133740,729314,863054,5.453222670853895
380080,133759,729367,863126,5.452844294589523
380130,133784,729394,863178,5.452027148238952
380155,133798,729454,863252,5.451905110689248
380390,133890,729687,863577,5.4498991709612365
380419,133890,729687,863577,5.4498991709612365
380432,133890,729687,863577,5.4498991709612365
380506,133910,729737,863647,5.449458591591367
380621,133988,729972,863960,5.4480401229960895
380631,133988,729972,863960,5.4480401229960895
380667,134011,730029,864040,5.447530426606771
380721,134043,730110,864153,5.446834224838298
380757,134052,730167,864219,5.4468937427267035
380786,134068,730201,864269,5.446497299877674
380860,134133,730321,864454,5.444752596303669
380904,134151,730417,864568,5.444737646383553
380906,134152,730419,864571,5.444711968513328
380954,134169,730533,864702,5.444871766205308
381017,134214,730598,864812,5.44353048117186
381039,134214,730598,864812,5.44353048117186
381055,134214,730624,864838,5.443724201648114
381093,134232,730666,864898,5.443307110078074
381116,134243,730717,864960,5.443240988356934
381154,134262,730793,865055,5.443036749042916
381434,134327,731458,865785,5.445353503018753
381921,134343,732288,866631,5.450883187065943
381932,134343,732307,866650,5.451024616094624
382132,134473,732714,867187,5.448781539788657
382239,134528,732893,867421,5.447884455280685
382435,134529,733365,867894,5.451352496487746
382446,134536,733378,867914,5.451165487304514
382492,134554,733433,867987,5.450845013897766
382538,134575,733482,868057,5.450358536132268
382707,134658,733633,868291,5.448120423591617
382743,134658,733702,868360,5.448632832806072
382999,134792,734366,869158,5.448142322986527
383012,134799,734390,869189,5.448037448349023
383072,134838,734450,869288,5.446906658360403
383257,134892,734540,869432,5.445393351718412
383329,134907,734728,869635,5.4461814435129385
383354,134914,734748,869662,5.446047111493248
383645,135011,735375,870386,5.4467784106480215
383689,135042,735448,870490,5.4460686305001405
383726,135051,735531,870582,5.446320279005709
383748,135053,735538,870591,5.446291455946924
383956,135173,735962,871135,5.444593224978361
383970,135180,735985,871165,5.444481432164522
384801,135586,736960,872546,5.43536943342233
385395,135727,737339,873066,5.432515269622109
385410,135734,737389,873123,5.43260347444266
385573,135743,738316,874059,5.439072364689156
385583,135743,738332,874075,5.43919023448723
385620,135756,738359,874115,5.438868263649489
385748,135790,738545,874335,5.438876205906179
385873,135812,738698,874510,5.439121727093335
386175,135845,738827,874672,5.438750046008319
386196,135863,738887,874750,5.4384711069238865
386334,135973,739282,875255,5.4369764585616265
386343,135978,739293,875271,5.436857432820015
386592,136101,739557,875658,5.433883659929023
386615,136107,739564,875671,5.433695548355338
386662,136126,739595,875721,5.4331648619661195
386711,136154,739741,875895,5.4331198495820905
386859,136227,740103,876330,5.432865731462926
386873,136235,740152,876387,5.432906375013763
386927,136259,740197,876456,5.432279702625148
387270,136284,741300,877584,5.439376595932024
387284,136302,741334,877636,5.438907719622603
387294,136313,741357,877670,5.438637547409272
387335,136338,741422,877760,5.438117032668808
387379,136341,741538,877879,5.438848182131567
387401,136358,741579,877937,5.438470790125992
387713,136587,742107,878694,5.433218388279998
387736,136594,742130,878724,5.433108335651639
387904,136662,742325,878987,5.431831818647466
387909,136666,742330,878996,5.431709422972795
388339,136735,743001,879736,5.433875745054302
388509,136805,743176,879981,5.432374547713899
388520,136809,743189,879998,5.432310739790511
388525,136811,743196,880007,5.432282491904891
388604,136845,743315,880160,5.431802404179912
389086,136941,744374,881315,5.435727795181867
389372,137129,745514,882643,5.43658890533731
389553,137301,745885,883186,5.432480462633193
389584,137319,745936,883255,5.432139762159643
389585,137320,745940,883260,5.432129332944946
389602,137329,745965,883294,5.431955377232777
390646,138306,748129,886435,5.4092302575448645
390667,138315,748145,886460,5.4089939630553445
390681,138324,748173,886497,5.408844452155808
390826,138355,748226,886581,5.408015612012576
390865,138370,748264,886634,5.40770398207704
390900,138380,748350,886730,5.407934672640555
391066,138380,748765,887145,5.410933660933661
391084,138393,748803,887196,5.410699963148425
391225,138476,749187,887663,5.410229931540483
391333,138476,749744,888220,5.41425228920535
391363,138485,749799,888284,5.414297577354948
391610,138613,750186,888799,5.412089775129317
391632,138617,750205,888822,5.412070669542697
391700,138638,750364,889002,5.412397755305183
391811,138671,750525,889196,5.41227077038458
392247,138787,751413,890200,5.414145417077968
392253,138791,751436,890227,5.4141550965120215
393565,139463,754063,893526,5.40690362318321
393592,139486,754097,893583,5.406255824957343
393628,139497,754120,893617,5.405994394144677
393629,139497,754122,893619,5.406008731370567
393741,139563,754371,893934,5.405236344876507
393777,139568,754402,893970,5.405264817150063
393907,139569,754787,894356,5.407984581103253
393911,139569,754787,894356,5.407984581103253
393919,139573,754802,894375,5.407937065191692
394064,139616,754946,894562,5.407302887921155
394157,139688,755129,894817,5.405825840444419
394184,139695,755216,894911,5.406177744371667
394230,139709,755280,894989,5.406094095584393
394509,139812,755597,895409,5.4043787371613305
394539,139834,755630,895464,5.403764463578243
394580,139849,755672,895521,5.403485187595192
394610,139863,755692,895555,5.403087306864575
394648,139887,755750,895637,5.40257493548364
394661,139893,755764,895657,5.402443295947617
394697,139893,755805,895698,5.402736377088203
396546,140308,759417,899725,5.412499643641133
396582,140319,759440,899759,5.412239254840756
396605,140327,759474,899801,5.412172995930932
396630,140351,759504,899855,5.411461264971393
396746,140395,759778,900173,5.41171694148652
396810,140396,759843,900239,5.412141371549047
396863,140423,759933,900356,5.411741666251255
396921,140453,760037,900490,5.4113262087673455
397065,140484,760335,900819,5.412253352694969
397075,140488,760349,900837,5.412198906668185
397787,140583,760621,901204,5.410476373387963
397965,140708,761065,901773,5.408825368848964
398077,140806,761301,902107,5.406736928824055
398111,140829,761342,902171,5.406145041149195
398133,140848,761402,902250,5.405841758491423
398178,140864,761562,902426,5.406363584734212
398570,141008,762210,903218,5.405437989333938
398590,141015,762219,903234,5.405233485799383
398637,141017,762339,903356,5.40600778629527
398649,141023,762354,903377,5.4058841465576535
398680,141046,762459,903505,5.405747061242431
402292,141373,768029,909402,5.43264272527286
402321,141380,768051,909431,5.432529353515348
402455,141417,768287,909704,5.432776823154217
402577,141478,768544,910022,5.432250950677844
402611,141508,768599,910107,5.431487972411454
402633,141517,768636,910153,5.43140400093275
402960,141697,769279,910976,5.429042252129544
402963,141697,769281,910978,5.429056366754413
403357,141828,770113,911941,5.429908057647291
403407,141844,770177,912021,5.429746764050647
403434,141865,770210,912075,5.429175624713636
403793,141994,770947,912941,5.429433638041044
403826,142004,770995,912999,5.429389312977099
403835,142006,771011,913017,5.4294255172316666
403874,142018,771034,913052,5.429128701995522
403972,142079,771237,913316,5.428226550017948
404221,142186,771466,913652,5.425752183759301
404235,142186,771491,913677,5.425928009789994
404263,142204,771540,913744,5.425585778177829
404275,142204,771540,913744,5.425585778177829
405142,142465,772438,914903,5.421949250693153
405162,142467,772506,914973,5.422350439049043
405670,142487,773390,915877,5.42779341273239
406260,142861,774457,917318,5.421052631578948
406291,142861,774537,917398,5.421612616459355
406321,142880,774565,917445,5.421087625979843
406417,142949,774760,917709,5.41983504606538
406422,142950,774765,917715,5.419832109129066
406431,142950,774777,917727,5.419916054564533
406471,142963,774839,917802,5.419856886047439
406512,142991,774906,917897,5.4192641494919265
406560,143002,774985,917987,5.419399728675123
406613,143005,775068,918073,5.419866438236426
406623,143008,775075,918083,5.419801689415976
406657,143030,775121,918151,5.419289659511991
406669,143037,775127,918164,5.419066395408181
406679,143044,775162,918206,5.419045887978524
406770,143083,775373,918456,5.419043492238771
406797,143104,775414,918518,5.418534771914133
406816,143104,775429,918533,5.418639590787119
406827,143107,775454,918561,5.418700692488837
406867,143107,775554,918661,5.4193994703263995
406869,143107,775556,918663,5.41941344588315
406882,143110,775581,918691,5.4194745300817555
407042,143110,775857,918967,5.421403116483823
407141,143145,775942,919087,5.420671347235321
407170,143147,775957,919104,5.420700398890651
407479,143275,776669,919944,5.420827080788693
407497,143282,776693,919975,5.42072974972432
407566,143302,776772,920074,5.420524486748266
407593,143311,776806,920117,5.420421321461716
407969,143485,777265,920750,5.4170470780917865
408164,143491,777729,921220,5.420054219428396
408309,143550,777986,921536,5.419616858237548
408319,143553,778000,921553,5.419601122930207
408346,143565,778017,921582,5.419266534322432
408353,143566,778018,921584,5.419235752197595
408395,143587,778106,921693,5.419056042677958
408431,143602,778133,921735,5.418678012841047
408458,143629,778165,921794,5.417882182567587
408718,143768,778522,922290,5.415127149296088
408730,143775,778538,922313,5.414974786993566
408744,143775,778564,922339,5.415155625108676
408755,143775,778574,922349,5.415225178229873
408774,143775,778599,922374,5.415399061032864
408945,143887,778874,922761,5.413094998158277
409061,143961,779098,923059,5.411868492161071
409583,144176,780002,924178,5.410068249916768
409616,144176,780066,924242,5.410512151814449
409663,144205,780164,924369,5.410103671856039
409674,144205,780174,924379,5.410173017579141
409704,144205,780227,924432,5.410540549911584
409733,144223,780253,924476,5.410045554453866
409901,144281,780399,924680,5.408882666463359
410119,144297,780526,924823,5.409163045662765
410145,144302,780593,924895,5.4094399246025695
410208,144331,780655,924986,5.4087825900187765
410267,144371,780752,925123,5.407955891418637
410407,144394,780851,925245,5.407780101666274
410570,144394,781147,925541,5.409830048339959
410995,144593,781609,926202,5.405579799851998
411066,144593,781764,926357,5.406651774290595
411104,144608,781790,926398,5.406270745740208
411119,144608,781804,926412,5.406367559194512
411174,144626,781868,926494,5.406137209077206
411486,144829,782247,927076,5.401176559943106
411493,144832,782252,927084,5.40109920459567
411503,144835,782271,927106,5.401118514171299
411792,145055,783192,928247,5.399276136637827
411832,145063,783253,928316,5.399398881865121
411992,145144,783538,928682,5.3983492255966485
412013,145144,783570,928714,5.398569696301604
412033,145147,783620,928767,5.398802593233067
412073,145162,783653,928815,5.398472051914413
412082,145171,783670,928841,5.398254472311963
412200,145238,783830,929068,5.396865834010383
412208,145238,783847,929085,5.396982883267464
412297,145286,784195,929481,5.397595088308577
412522,145364,784760,930124,5.398585619548169
412533,145371,784770,930141,5.398394452813835
412888,145572,785515,931087,5.396058307916357
412913,145597,785560,931157,5.3954408401272005
412993,145682,785752,931434,5.393610741203443
413005,145689,785766,931455,5.3934476865103065
413025,145701,785799,931500,5.393229970967941
413178,145701,786144,931845,5.395597833920151
413254,145736,786179,931915,5.394542185870341
413297,145761,786218,931979,5.393884509573891
413318,145768,786241,932009,5.393783272048735
413451,145850,786367,932217,5.391614672608845
413535,145850,786367,932217,5.391614672608845
413601,145897,786460,932357,5.390515226495404
413653,145924,786532,932456,5.390011238727008
413676,145930,786560,932490,5.389981497978483
414817,146385,788087,934472,5.383659527957099
414849,146401,788145,934546,5.3834673260428545
414896,146409,788188,934597,5.383466863375886
415153,146504,788480,934984,5.381969092994048
415164,146504,788490,934994,5.382037350516027
415175,146515,788502,935017,5.381715182745794
415205,146535,788557,935092,5.38135599003651
415212,146535,788557,935092,5.38135599003651
415230,146546,788575,935121,5.381074884336659
415252,146552,788613,935165,5.381113870844478
415268,146552,788640,935192,5.381298105791801
415290,146568,788661,935229,5.380853938103815
415308,146585,788703,935288,5.3805164239178636
415337,146585,788741,935326,5.3807756591738585
415618,146671,789016,935687,5.3794956058116465
415653,146699,789064,935763,5.378796038146136
416341,146889,789701,936590,5.376175207129193
416363,146890,789732,936622,5.3763496493975085
416474,146915,789866,936781,5.376346867236157
416798,146995,790066,937061,5.374781455151536
416850,147008,790150,937158,5.374877557683935
416900,147025,790240,937265,5.374868219690529
416902,147025,790245,937270,5.374902227512328
416935,147031,790273,937304,5.374873326033286
416998,147055,790360,937415,5.374587739281221
417046,147096,790438,937534,5.373619948876924
417061,147100,790458,937558,5.373609789259008
417110,147128,790561,937689,5.373287205698439
417308,147177,790679,937856,5.3723000197041655
417407,147191,790845,938036,5.372916822360063
417438,147204,790899,938103,5.372809162794489
417463,147212,790930,938142,5.372727766758144
417487,147222,790975,938197,5.372668487046773
417522,147222,791035,938257,5.373076034831751
417723,147473,791521,938994,5.3672265431638335
417764,147491,791629,939120,5.3673037676875195
417778,147498,791647,939145,5.367171080285835
417789,147502,791666,939168,5.367154343669917
417912,147612,791819,939431,5.364191258163293
418061,147677,792134,939811,5.3639632441070715
418062,147680,792145,939825,5.363928764897075
418067,147683,792165,939848,5.363955228428458
418099,147689,792202,939891,5.363987839310985
418147,147704,792283,939987,5.363991496506527
418169,147719,792305,940024,5.363595745977159
418177,147719,792305,940024,5.363595745977159
418212,147757,792378,940135,5.362710396123365
418293,147757,792433,940190,5.363082628910982
418335,147793,792490,940283,5.3621619427171785
418378,147819,792521,940340,5.361428503778269
418458,147834,792651,940485,5.361763870286944
418533,147834,792748,940582,5.362420011634671
418549,147842,792772,940614,5.362292176783323
418675,147869,793039,940908,5.3631187064225765
418697,147876,793076,940952,5.363115042332765
418706,147877,793092,940969,5.363186972957255
418802,147925,793255,941180,5.362548588811898
418964,147925,793522,941447,5.364353557546054
419020,147939,793597,941536,5.364352875171523
419262,148079,793943,942022,5.361617785101196
419284,148092,794009,942101,5.361592793668801
419297,148092,794035,942127,5.361768360208519
419333,148097,794071,942168,5.361830421953179
419336,148098,794076,942174,5.361827978770814
419394,148142,794142,942284,5.360680968260183
419398,148142,794142,942284,5.360680968260183
419447,148193,794204,942397,5.359254485704453
419479,148218,794268,942486,5.358782334129458
419588,148259,794335,942594,5.357752311832671
419650,148259,794399,942658,5.3581839888303575
419706,148259,794591,942850,5.359479019823417
419733,148275,794622,942897,5.359109762266059
419892,148275,794766,943041,5.360080930703085
420069,148281,795141,943422,5.362393024055678
420108,148297,795223,943520,5.3623674113434525
420234,148391,795527,943918,5.361019199277584
420262,148410,795566,943976,5.360595647193585
420372,148445,795689,944134,5.3601603287412845
420434,148485,795826,944311,5.359639020776509
420541,148557,796080,944637,5.358751186413296
420544,148557,796087,944644,5.358798306373984
420615,148599,796180,944779,5.357909541786957
420633,148603,796196,944799,5.357872990451067
421150,148660,797392,946052,5.3638638503968785
421467,148847,797865,946712,5.360302861327403
421483,148853,797896,946749,5.360295056196382
421563,148880,797944,946824,5.359645351961311
421633,148905,798063,946968,5.359544676135791
421714,148944,798195,947139,5.359027553980019
421826,149014,798275,947289,5.357046988873528
421878,149035,798469,947504,5.357593853792733
421905,149053,798519,947572,5.357282308977344
421933,149071,798543,947614,5.356796425864186
421967,149106,798607,947713,5.35596823736134
422236,149241,799690,948931,5.3583800698199555
422290,149280,799754,949034,5.357408896034298
422337,149280,799754,949034,5.357408896034298
422348,149280,799771,949051,5.357522775991425
422356,149292,799781,949073,5.3571591244005035
422389,149292,799781,949073,5.3571591244005035
422409,149292,799802,949094,5.357299788334271
422430,149292,799831,949123,5.357494038528522
422467,149303,799874,949177,5.357387326443541
422513,149319,799978,949297,5.3575097609815225
422626,149359,800103,949462,5.356911870058048
422651,149368,800153,949521,5.356923839108778
422670,149377,800200,949577,5.356915723304123
422703,149389,800253,949642,5.3568401957306095
422747,149418,800346,949764,5.356422920933221
422780,149445,800389,949834,5.355742915453846
422813,149461,800447,949908,5.355557637109346
422880,149461,800599,950060,5.356574624818514
422919,149502,800691,950193,5.355720993699081
422982,149529,800768,950297,5.355268877609026
423191,149682,801131,950813,5.352220039817747
423257,149729,801286,951015,5.3515751791570105
423285,149739,801323,951062,5.35146488222841
423350,149770,801425,951195,5.351038258663284
423371,149772,801433,951205,5.35102021739711
423403,149785,801477,951262,5.350849551023133
423452,149800,801553,951353,5.350821094793058
423486,149820,801606,951426,5.350460552663196
423490,149821,801633,951454,5.35060505536607
423494,149821,801635,951456,5.350618404629524
423510,149821,801661,951482,5.350791945054431
423589,149840,801785,951625,5.3509410037373195
424086,149921,802087,952008,5.35006436723341
424141,149924,802137,952061,5.350290814012433
424387,150044,802451,952495,5.348104555996907
424403,150044,802477,952521,5.348277838500707
424485,150091,802644,952735,5.347715719130394
424525,150109,802697,952806,5.347427535990514
424767,150246,803090,953336,5.345167259028527
424814,150262,803157,953419,5.345043989831095
424846,150270,803207,953477,5.345092167431956
424935,150303,803292,953595,5.344484142033093
425014,150345,803416,953761,5.343815890119392
425031,150356,803450,953806,5.343651068131634
425050,150368,803471,953839,5.343364279633965
425070,150375,803496,953871,5.3432817955112215
425120,150401,803597,953998,5.343029634111475
425293,150401,803786,954187,5.3442862746923225
425330,150425,803843,954268,5.343812531161708
425366,150459,803910,954369,5.343050266185473
425407,150473,803978,954451,5.34300505738571
425458,150473,803978,954451,5.34300505738571
425507,150496,804038,954534,5.342587178396768
425518,150496,804048,954544,5.342653625345524
425521,150497,804051,954548,5.342638059230416
425636,150547,804224,954771,5.342012793346928
425870,150714,804674,955388,5.339079315790172
425885,150729,804693,955422,5.338674044145453
425925,150755,804760,955515,5.3381977380518055
425932,150764,804770,955534,5.337945398105648
425983,150782,805077,955859,5.339344218805958
426024,150807,805124,955931,5.338770746716001
426044,150827,805145,955972,5.338202046052762
426133,150869,805264,956133,5.337504722640171
426247,150928,805450,956378,5.336650588360013
426282,150956,805513,956469,5.336078062481783
426317,150977,805578,956555,5.335766375010763
426349,150988,805617,956605,5.335635944578377
426427,151022,805717,956739,5.335096873303227
426459,151032,805748,956780,5.334948885004502
426512,151035,805831,956866,5.335392458701626
426654,151035,806047,957082,5.336822590790214
426687,151061,806126,957187,5.33642700630871
426690,151062,806133,957195,5.336438018826707
426721,151073,806162,957235,5.336241419711
426785,151089,806254,957343,5.336285235854364
427602,151160,810528,961688,5.362053453294522
427726,151217,810680,961897,5.361037449493113
427744,151225,810691,961916,5.360826582906266
427745,151227,810699,961926,5.360808585768415
427787,151247,810759,962006,5.360496406540295
427846,151268,810846,962114,5.360327365999418
427894,151317,810987,962304,5.359523384682488
427922,151334,811057,962391,5.35938387936617
427976,151388,811193,962581,5.358370544560995
428035,151406,811291,962697,5.35838077751212
428085,151424,811367,962791,5.358245720625528
428103,151430,811400,962830,5.358251337251535
428125,151430,811415,962845,5.358350392920822
428172,151443,811505,962948,5.358484710419102
428314,151560,811806,963366,5.356334125098971
428643,151560,812150,963710,5.358603853259435
428665,151560,812190,963750,5.358867775138559
428748,151624,812306,963930,5.357370864770749
428787,151629,812322,963951,5.357299724986645
428832,151635,812383,964018,5.357490025389916
428845,151635,812409,964044,5.357661489761599
428860,151640,812413,964053,5.357511210762332
428872,151640,812434,964074,5.35764969664996
428935,151663,812542,964205,5.357549303389752
428990,151695,812650,964345,5.357131085401628
429133,151738,812746,964484,5.3562456339216284
429186,151753,812877,964630,5.356579441592588
429470,151913,813394,965307,5.354340971477096
429488,151920,813436,965356,5.354370721432333
429635,151957,813721,965678,5.3549425166329945
429668,151977,813768,965745,5.354547069622377
429682,151977,813790,965767,5.354691828368766
429806,152124,814018,966142,5.351016276195735
429979,152124,814158,966282,5.351936578054745
430591,152289,814732,967021,5.349907084556337
431070,152629,815636,968265,5.3439123626571625
431092,152637,815658,968295,5.3437764106998955
431127,152654,815726,968380,5.343626763792629
431177,152670,815811,968481,5.343623501670269
431231,152699,815906,968605,5.343230800463657
431272,152730,815968,968698,5.34255221632947
431282,152731,815973,968704,5.34254997348279
431443,152787,816354,969141,5.343085471931513
431774,152966,816803,969769,5.3397683145274115
431796,152970,816834,969804,5.339831339478329
431815,152981,816859,969840,5.339610801341343
431961,153006,817056,970062,5.340025881337986
431976,153012,817074,970086,5.339934122813897
431987,153019,817092,970111,5.339807474888739
432105,153055,817233,970288,5.339472738558035
432161,153068,817395,970463,5.34007761256435
432193,153100,817459,970559,5.339379490529066
432319,153108,817547,970655,5.339675261906628
433050,153120,818379,971499,5.344690438871473
433739,153473,819634,973107,5.340574563604021
434027,153482,821418,974900,5.351884911585723
434371,153488,822540,976028,5.3589857187532575
434686,153727,823213,976940,5.355031972262517
434733,153742,823279,977021,5.354938793563242
434740,153753,823291,977044,5.354633730723953
434808,153799,823396,977195,5.353714913621025
434809,153801,823399,977200,5.353664800618982
434819,153811,823422,977233,5.353466267042019
434828,153815,823449,977264,5.353502584273316
436292,154456,824903,979359,5.340698969285751
436308,154456,824929,979385,5.340867302014813
436386,154498,825051,979549,5.340205051198073
436453,154498,825124,979622,5.340677549223938
436488,154508,825176,979684,5.340668444352396
436520,154508,825206,979714,5.340862609055842
436575,154519,825237,979756,5.3406830227997855
436897,154703,825575,980278,5.336515775388971
437161,154870,826082,980952,5.334034997094337
437172,154876,826111,980987,5.334015599576436
437184,154876,826140,981016,5.334202846147886
437209,154892,826165,981057,5.333813237610722
437237,154892,826213,981105,5.334123130955763
437302,154947,826350,981297,5.333113903463765
437346,154973,826410,981383,5.332606324972737
437358,154981,826437,981418,5.332505274840142
437420,155005,826527,981532,5.332260249669366
437441,155009,826540,981549,5.332206517040946
437497,155025,826588,981613,5.331965811965812
437522,155037,826628,981665,5.331811116056167
437727,155179,827064,982243,5.329741782071028
437735,155179,827083,982262,5.329864221318606
437758,155196,827136,982332,5.3296218974715845
438228,155388,827601,982989,5.326029036991273
439728,155807,830347,986154,5.329330517884306
439741,155814,830362,986176,5.329187364421682
439750,155814,830382,986196,5.329315722592321
442117,155988,835328,991316,5.355078595789419
442137,156010,835351,991361,5.3544708672520995
442196,156063,835421,991484,5.353100991266348
442235,156063,835421,991484,5.353100991266348
442259,156072,835450,991522,5.352978112665949
442262,156072,835459,991531,5.353035778358707
442279,156086,835478,991564,5.352677370167728
443271,156459,836932,993391,5.3492096971091465
443336,156471,836965,993436,5.349010359747173
443388,156494,837035,993529,5.3486715145628585
444907,157334,840268,997602,5.340663810746564
444929,157334,840292,997626,5.340816352473083
444944,157342,840328,997670,5.340773601454157
445130,157450,840567,998017,5.338628135916164
445134,157450,840576,998026,5.338685296919657
445170,157471,840642,998113,5.3383924659143585
445181,157475,840645,998120,5.338275916812193
445199,157484,840668,998152,5.338116888064819
445218,157493,840694,998187,5.337976925958614
445270,157521,840787,998308,5.337618476266656
445286,157538,840828,998366,5.337302746004139
445434,157554,841168,998722,5.338918719930945
445464,157572,841209,998781,5.33856903510776
445477,157576,841218,998794,5.338490633091333
445606,157656,841444,999100,5.337215202719846
445610,157656,841454,999110,5.3372786319581875
445887,157856,842134,999990,5.334824143523211
446163,158060,842695,1000755,5.331488042515501
446519,158345,843459,1001804,5.326716978748935
446751,158354,844861,1003215,5.335267817674325
446865,158374,845133,1003507,5.336311515779105
446914,158388,845205,1003593,5.336294416243655
446939,158403,845254,1003657,5.336098432479183
446946,158411,845278,1003689,5.335980455902684
446971,158420,845296,1003716,5.335790935487943
447148,158496,845534,1004030,5.334733999596204
447277,158530,845639,1004169,5.33425219201413
447327,158569,845742,1004311,5.333589793717562
447389,158606,845800,1004406,5.3327112467371975
448416,159161,847324,1006485,5.323691105233066
448464,159168,847421,1006589,5.324066395255327
448583,159168,847678,1006846,5.3256810414153595
448599,159181,847695,1006876,5.325352900157682
448672,159222,847823,1007045,5.3247855195890015
448721,159237,847938,1007175,5.325006122948812
448723,159237,847940,1007177,5.325018682843812
448838,159302,848133,1007435,5.324057450628366
448892,159314,848208,1007522,5.324127195350063
449105,159432,849149,1008581,5.326088865472427
449158,159476,849232,1008708,5.325139832952921
449226,159476,849232,1008708,5.325139832952921
450288,159511,851024,1010535,5.335205722489358
450290,159511,851029,1010540,5.3352370682899615
450316,159520,851077,1010597,5.335236960882648
450412,159555,851184,1010739,5.334737237943029
450429,159568,851214,1010782,5.334490624686654
450453,159591,851290,1010881,5.334198043749335
450496,159626,851401,1011027,5.333723829451342
450553,159677,851548,1011225,5.332940874390175
450560,159680,851556,1011236,5.332890781563126
450594,159705,851645,1011350,5.332613255690179
450660,159733,851738,1011471,5.332260710059913
450672,159733,851767,1011500,5.332442263026425
450697,159749,851806,1011555,5.332152313942498
450717,159755,851826,1011581,5.33207724327877
450733,159762,851851,1011613,5.332000100148972
450920,159873,852268,1012141,5.3309064069605245
450989,159904,852345,1012249,5.330354462677606
451014,159914,852371,1012285,5.330183723751516
451173,159914,852371,1012285,5.330183723751516
451316,159989,852572,1012561,5.328941364718824
451483,160133,852899,1013032,5.326191353437455
451730,160226,853161,1013387,5.324735061725313
451745,160233,853180,1013413,5.324621020638695
451808,160254,853301,1013555,5.32467832316198
451815,160262,853307,1013569,5.324449963185284
451831,160262,853333,1013595,5.32461219752655
451840,160267,853353,1013620,5.324570872356754
451840,160267,853353,1013620,5.324570872356754
451855,160279,853392,1013671,5.324415550384018
451882,160294,853423,1013717,5.324110696595007
451883,160294,853425,1013719,5.324123173668385
452139,160356,853899,1014255,5.325020579211255
452311,160446,854239,1014685,5.324152674420054
452380,160446,854347,1014793,5.32482579808783
453140,160544,855427,1015971,5.3283025214271476
453172,160553,855493,1016046,5.328414915946759
453205,160562,855557,1016119,5.328514841618814
453354,160648,855834,1016482,5.32738658433345
453384,160661,855862,1016523,5.327129795034264
453406,160670,855917,1016587,5.327173710089002
453448,160682,855968,1016650,5.327093264958116
453464,160682,855968,1016650,5.327093264958116
453468,160684,855973,1016657,5.327058076722014
453495,160699,856008,1016707,5.326778635834697
453532,160716,856039,1016755,5.326408073869434
453610,160795,856210,1017005,5.324854628564321
453749,160845,856328,1017173,5.323932978954894
453820,160876,856438,1017314,5.323590840150178
454096,160981,856730,1017711,5.3219324019604795
454132,160998,856774,1017772,5.321643747127293
454732,161150,857205,1018355,5.319298789947254
454748,161152,857229,1018381,5.319381701747418
454789,161160,857248,1018408,5.319235542318193
454986,161309,857481,1018790,5.315766634223757
455002,161319,857497,1018816,5.315536297646278
455011,161322,857510,1018832,5.315518032258464
455035,161322,857525,1018847,5.315611013996851
455046,161322,857535,1018857,5.315673001822442
455428,161329,858283,1019612,5.320078845092946
455541,161334,858468,1019802,5.321060656774145
455710,161433,858726,1020159,5.319395662596867
455757,161447,858810,1020257,5.319454681722175
455770,161456,858855,1020311,5.319436874442572
455815,161470,858939,1020409,5.319495881587911
455872,161503,859110,1020613,5.319467749825081
456154,161647,859376,1021023,5.3163745692774995
456159,161648,859398,1021046,5.3164777788775615
456169,161648,859414,1021062,5.316576759378402
456361,161735,859787,1021522,5.316023124246453
456381,161735,859802,1021537,5.316115868550407
456394,161743,859857,1021600,5.316192972802533
456439,161750,859884,1021634,5.316129829984544
456534,161822,860002,1021824,5.314493702957571
456557,161824,860019,1021843,5.314533072968163
456618,161848,860103,1021951,5.314264000790866
456740,161889,860413,1022302,5.314833002859984
457181,162129,861218,1023347,5.311930623145766
457191,162133,861239,1023372,5.311929095248963
457263,162186,861365,1023551,5.310970120725587
457303,162197,861387,1023584,5.310745574825675
457356,162215,861473,1023688,5.310686434670036
457803,162342,862118,1024460,5.310504983306846
457839,162345,862164,1024509,5.310690196803105
457875,162371,862239,1024610,5.310301716439512
457893,162379,862271,1024650,5.31023716120927
457913,162388,862301,1024689,5.310127595635145
458078,162512,862633,1025145,5.308118785074333
458177,162514,862924,1025438,5.309844074972003
458186,162519,862934,1025453,5.309742245522062
458422,162690,863324,1026014,5.3065584854631505
458432,162690,863326,1026016,5.306570778781732
458463,162700,863381,1026081,5.306582667486171
458511,162703,863443,1026146,5.30686588446433
458603,162703,863626,1026329,5.307990633239707
458635,162723,863662,1026385,5.307559472231953
458665,162728,863681,1026409,5.307513150779214
458691,162761,863731,1026492,5.306744244628627
459080,162951,864324,1027275,5.304195739823628
459117,162978,864375,1027353,5.303629937783014
459289,163052,864677,1027729,5.303075092608493
459790,163270,865279,1028549,5.299681509156612
459803,163275,865292,1028567,5.299598836319094
459803,163275,865292,1028567,5.299598836319094
459830,163288,865322,1028610,5.299360638871197
460010,163288,865763,1029051,5.302061388467003
460161,163341,865879,1029220,5.301051175148921
460389,163345,865964,1029309,5.301441733753712
460410,163358,865985,1029343,5.3011483979970375
460553,163437,866112,1029549,5.2993630573248405
460628,163437,866209,1029646,5.299956558184499
460741,163540,866433,1029973,5.297988259752966
460788,163549,866443,1029992,5.297757858501122
460803,163552,866466,1030018,5.297801310898063
460882,163608,866592,1030200,5.296758104738155
460929,163616,866625,1030241,5.296700811656562
460938,163620,866654,1030274,5.296748563745264
461016,163661,866752,1030413,5.296020432479332
461035,163672,866822,1030494,5.296092184368738
461081,163696,866921,1030617,5.2959204867559375
461142,163710,867015,1030725,5.29604178119846
461150,163714,867036,1030750,5.296040656266416
461185,163731,867083,1030814,5.295777830710128
461249,163753,867189,1030942,5.29571366631451
461283,163761,867226,1030987,5.2956809008249826
461302,163768,867245,1031013,5.295570563235797
461322,163768,867266,1031034,5.295698793415075
461337,163768,867297,1031065,5.295888085584485
461381,163777,867339,1031116,5.295853508123852
461833,164091,868385,1032476,5.292094021000542
461845,164100,868400,1032500,5.291895185862279
461889,164108,868417,1032525,5.29174080483584
461892,164109,868420,1032529,5.29172684008799
462011,164120,868480,1032600,5.291737752863758
462070,164142,868613,1032755,5.291838773744685
462100,164155,868640,1032795,5.291584173494563
462128,164178,868678,1032856,5.29107432177271
462225,164187,868849,1033036,5.291825784014569
462246,164187,868879,1033066,5.292008502500198
462270,164209,868914,1033123,5.291512645470102
462399,164235,869036,1033271,5.291417785490304
462622,164235,869514,1033749,5.294328249155174
462697,164235,869681,1033916,5.295345084787043
462761,164272,869797,1034069,5.2948585273205415
462830,164308,869979,1034287,5.294806095868735
463093,164515,870322,1034837,5.290228854511747
463215,164624,870589,1035213,5.288347993002235
463232,164635,870609,1035244,5.2881161356941115
463352,164705,870797,1035502,5.287010108982726
464202,164724,872134,1036858,5.294516888856512
464213,164724,872144,1036868,5.294577596464389
464246,164740,872204,1036944,5.294427582857836
464679,164781,872618,1037399,5.29562267494432
464747,164806,872758,1037564,5.295668847007997
464829,164846,872972,1037818,5.295682030501195
464845,164846,872998,1037844,5.295839753466872
464990,164846,873314,1038160,5.297756694126639
465035,164853,873327,1038180,5.297610598533239
465196,164950,873724,1038674,5.296902091542892
465274,165000,873816,1038816,5.295854545454546
465327,165029,873873,1038902,5.295269316301983
465373,165074,874005,1039079,5.294625440711439
465423,165129,874098,1039227,5.293425140344821
465470,165154,874167,1039321,5.293041645978905
465543,165190,874247,1039437,5.292372419637992
465582,165201,874305,1039506,5.292371111555015
465686,165216,874372,1039588,5.292296145651753
465948,165288,874807,1040095,5.2926225739315615
465977,165297,874851,1040148,5.29260059166228
465993,165297,874877,1040174,5.29275788429312
466041,165310,874903,1040213,5.292498941382856
466048,165312,874903,1040215,5.292434910956253
466103,165343,874983,1040326,5.291926480104994
466181,165359,875084,1040443,5.292025229954221
466197,165361,875108,1040469,5.292106361233906
466284,165411,875266,1040677,5.291461873756885
466335,165436,875398,1040834,5.291460141686211
466527,165504,875888,1041392,5.292246713070379
466597,165563,876033,1041596,5.291236568556984
466608,165571,876052,1041623,5.291095662887825
466609,165571,876054,1041625,5.291107742297866
466761,165664,876246,1041910,5.2892964071856285
466783,165677,876280,1041957,5.289086596208285
466826,165691,876339,1042030,5.288995781303752
466889,165721,876410,1042131,5.288466760398501
466903,165727,876454,1042181,5.288540792990883
466930,165738,876469,1042207,5.28828029781945
467010,165761,876585,1042346,5.2882463305602645
467030,165767,876634,1042401,5.288350516085831
467091,165767,876735,1042502,5.288959805027539
467102,165772,876768,1042540,5.288999348502763
467133,165798,876793,1042591,5.28832072763242
467152,165798,876808,1042606,5.288411199170074
467165,165805,876865,1042670,5.288531708935195
467236,165810,876934,1042744,5.288788372233279
467257,165821,876976,1042797,5.288690817206506
467350,165900,877241,1043141,5.287769740807716
467518,165909,878204,1044113,5.293287283993032
467529,165909,878216,1044125,5.2933596127997875
467601,165941,878374,1044315,5.293290988965958
467605,165941,878384,1044325,5.293351251348371
468361,165955,880216,1046171,5.303943840197644
468404,165967,880250,1046217,5.303765206336199
469243,165967,882096,1048063,5.314887899401688
469247,165970,882097,1048067,5.314797855034042
469346,166016,882180,1048196,5.313825173477255
469435,166068,882300,1048368,5.3128838788929835
469680,166220,883066,1049286,5.312633858741427
469791,166272,883379,1049651,5.31285484026174
469794,166276,883392,1049668,5.312805215424956
470075,166277,884065,1050342,5.316820726859397
470091,166277,884065,1050342,5.316820726859397
470406,166431,884478,1050909,5.314382536907186
470496,166449,884726,1051175,5.315297778899242
470539,166463,884784,1051247,5.315199173389883
470605,166479,884920,1051399,5.3155052589215455
470662,166510,884976,1051486,5.314851960843193
470682,166519,885012,1051531,5.314780895873744
470728,166563,885077,1051640,5.313767163175495
470742,166563,885091,1051654,5.313851215456014
470883,166592,885191,1051783,5.313526459854015
470898,166599,885221,1051820,5.313483274209329
471345,166668,886861,1053529,5.321123431012552
471482,166675,887216,1053891,5.323029848507574
471735,166787,887546,1054333,5.321433924706362
471810,166807,887580,1054387,5.320999718237244
471890,166807,887869,1054676,5.3227322594375535
471905,166807,887895,1054702,5.322888128196059
471933,166813,887942,1054755,5.3229784249429
472097,166901,888207,1055108,5.3217596059939725
472118,166908,888225,1055133,5.321644259112805
472133,166914,889158,1056072,5.327042668679679
472212,166943,889296,1056239,5.3269439269690855
472266,166961,889356,1056317,5.326728996592019
472272,166961,889369,1056330,5.326806859086853
472307,166967,889389,1056356,5.3267352231279235
472416,166967,889580,1056547,5.327879161750525
472438,166967,889620,1056587,5.328118730048453
472474,166970,889658,1056628,5.328250583937234
472485,166970,889668,1056638,5.328310474935617
472497,166983,889701,1056684,5.3280932789565405
472559,167012,889766,1056778,5.3275573012717645
472588,167027,889810,1056837,5.327342285977716
472686,167028,890099,1057127,5.329040639892713
472731,167085,890207,1057292,5.327869048687794
472750,167094,890227,1057321,5.327701772654913
473153,167102,890866,1057968,5.331270720877069
473157,167102,890868,1057970,5.331282689614726
473213,167124,890946,1058070,5.331047605370863
473278,167171,891046,1058217,5.330146975252885
473314,167183,891085,1058268,5.329997667226931
473352,167198,891136,1058334,5.329824519432051
473410,167204,891224,1058428,5.330159565560632
473419,167208,891229,1058437,5.3300619587579545
473529,167251,891450,1058701,5.330012974511363
473585,167262,891551,1058813,5.330266288816348
473698,167306,892140,1059446,5.332384971250284
473770,167309,892324,1059633,5.333389118337926
474100,167529,892777,1060306,5.329089292003175
474186,167546,892859,1060405,5.329037995535554
474318,167593,893244,1060837,5.32984074513852
474338,167603,893303,1060906,5.329874763578218
474441,167630,893379,1061009,5.329469665334368
474456,167635,893390,1061025,5.3293763235601155
474533,167708,893520,1061228,5.327831707491592
474582,167715,893604,1061319,5.328110186924246
474612,167748,893673,1061421,5.327473352886472
474685,167748,893795,1061543,5.3282006342847605
474701,167760,893820,1061580,5.327968526466381
474803,167780,893908,1061688,5.327857909166766
474842,167798,893971,1061769,5.327661831487861
474852,167804,893984,1061788,5.327548806941432
474958,167818,894098,1061916,5.327783670404843
475089,167901,895222,1063123,5.331844360664916
475150,167924,895292,1063216,5.331530930659108
475266,167954,895363,1063317,5.331001345606535
475269,167954,895363,1063317,5.331001345606535
475287,167957,895393,1063350,5.331084741927993
475309,167957,895428,1063385,5.331293128598391
475375,167974,895556,1063530,5.331515591698715
475380,167978,895561,1063539,5.331418400028575
475422,168006,895657,1063663,5.331101270192732
475424,168010,895670,1063680,5.331051723111719
475435,168019,895690,1063709,5.330885197507425
475442,168027,895712,1063739,5.330762317960804
475470,168051,895741,1063792,5.3301735782589805
475472,168052,895747,1063799,5.330177564087307
475590,168052,895924,1063976,5.331230809511342
475614,168059,895952,1064011,5.331175361033923
475696,168113,896105,1064218,5.330373022907211
475714,168113,896115,1064228,5.330432506706798
475830,168181,896403,1064584,5.329989713463471
475848,168184,896421,1064605,5.330001664843267
475890,168197,896491,1064688,5.33000588595516
475977,168219,896621,1064840,5.330081619793246
476011,168240,896668,1064908,5.329695672848312
476027,168240,896693,1064933,5.329844270090347
476322,168292,897348,1065640,5.332089463551446
476410,168292,897688,1065980,5.33410976160483
476430,168299,897725,1066024,5.334107748709143
476573,168343,897949,1066292,5.334044183601338
476694,168366,898212,1066578,5.334877588111614
476722,168373,898240,1066613,5.33482209142796
476801,168402,898315,1066717,5.334348760703555
476877,168403,898658,1067061,5.336353865429951
476880,168405,898682,1067087,5.336433003770672
476907,168422,898720,1067142,5.336119984325088
476998,168473,898824,1067297,5.335121948324064
477190,168551,899212,1067763,5.334954998783751
477223,168571,899250,1067821,5.334547460713883
477274,168605,899317,1067922,5.333869102339788
477455,168618,899627,1068245,5.335296350330332
477502,168642,899666,1068308,5.334768325802588
477543,168653,899717,1068370,5.33472277397971
477601,168669,899760,1068429,5.334471657506715
477645,168676,899825,1068501,5.334635632810833
477901,168901,900436,1069337,5.331146648036424
477931,168929,900482,1069411,5.330535313652481
477962,168939,900527,1069466,5.330486151806273
478006,168946,900565,1069511,5.330490215808601
478061,168965,900624,1069589,5.3302399905305835
478080,168971,900660,1069631,5.330263773073486
478100,168972,900683,1069655,5.330368345051251
478996,168972,902396,1071368,5.3405061193570535
479043,168978,902428,1071406,5.340505864668773
479134,169063,902549,1071612,5.33853652188829
479145,169070,902566,1071636,5.338416040693204
479171,169092,902593,1071685,5.337881153454924
479212,169124,902669,1071793,5.337320545871668
479331,169177,902813,1071990,5.336499642386376
479341,169177,902829,1072006,5.336594217890139
479387,169203,902866,1072069,5.335992860646678
479403,169205,902916,1072121,5.336225288850803
479468,169253,903058,1072311,5.335550920810857
479633,169262,903997,1073259,5.340814831444742
479720,169289,904082,1073371,5.340465121774008
479722,169291,904087,1073378,5.340431564584059
479730,169291,904087,1073378,5.340431564584059
479863,169335,904389,1073724,5.340827354061476
479992,169416,904570,1073986,5.339342210889172
480025,169424,904620,1074044,5.339385211068089
480037,169426,904623,1074049,5.33933988880101
480501,169447,905137,1074584,5.341711567628816
480514,169456,905160,1074616,5.341563591728827
480870,169714,905764,1075478,5.33700225084554
480871,169714,905766,1075480,5.337014035377164
480899,169749,905828,1075577,5.336278858785619
481211,169897,906553,1076450,5.335897632094739
481214,169897,906559,1076456,5.335932947609434
481223,169904,906575,1076479,5.335807279404841
481224,169906,906580,1076486,5.335773898508587
481292,169906,906622,1076528,5.336021094016692
481464,169967,906999,1076966,5.3363241099742895
481493,169981,907044,1077025,5.336149334337367
481501,169986,907048,1077034,5.336015907192357
481511,169991,907055,1077046,5.335900135889547
481522,169998,907072,1077070,5.335780420946128
481646,170039,907152,1077191,5.334964331712136
481656,170039,907168,1077207,5.335058427772452
481682,170042,907191,1077233,5.335099563637219
481772,170107,907288,1077395,5.3336311850776275
481814,170158,907388,1077546,5.332620270572057
481912,170165,907556,1077721,5.33338818205859
481946,170172,907611,1077783,5.333491996333122
481962,170180,907636,1077816,5.333388177224116
481977,170186,907675,1077861,5.333429306758488
482085,170204,907723,1077927,5.333147282085028
482325,170270,907888,1078158,5.332049098490632
482535,170270,908308,1078578,5.33451576907265
482560,170295,908336,1078631,5.333897060982413
482579,170307,908364,1078671,5.333685638288503
482782,170466,908717,1079183,5.330781504816209
482893,170466,908974,1079440,5.332289136836671
482911,170473,908992,1079465,5.332175769769993
482969,170489,909078,1079567,5.332179788725372
483166,170603,909638,1080241,5.331899204586086
483333,170707,909886,1080593,5.330103627853574
483368,170728,909928,1080656,5.329694016212923
483377,170744,909952,1080696,5.329335145012417
483390,170750,909964,1080714,5.329218155197657
483449,170750,910058,1080808,5.329768667642752
483665,170946,910478,1081424,5.32611467948943
483737,170988,910618,1081606,5.325625190071818
483799,170988,910635,1081623,5.325724612253492
483802,170994,910643,1081637,5.32558452343357
483891,171006,910817,1081823,5.32622831947417
484031,171075,911047,1082122,5.325424521408739
484163,171075,911047,1082122,5.325424521408739
484199,171084,911078,1082162,5.325325571064506
484230,171101,911118,1082219,5.325030245293715
484498,171270,911669,1082939,5.322992935131664
484525,171281,911717,1082998,5.322931323380877
484565,171288,911738,1083026,5.322836392508524
484658,171342,911862,1083204,5.321882550688097
484727,171363,911942,1083305,5.32169721585173
484904,171431,912356,1083787,5.322001271648651
484916,171434,912377,1083811,5.322030635696536
485062,171494,912694,1084188,5.322017096808052
485149,171514,912811,1084325,5.322078664132374
485188,171528,912877,1084405,5.322029056480575
485209,171540,912918,1084458,5.321895767750962
485220,171542,912941,1084483,5.321967797973674
485251,171571,912979,1084550,5.321289728450612
485354,171582,913323,1084905,5.322953456656292
485441,171623,913512,1085135,5.322783076860327
485469,171629,913526,1085155,5.322678568307221
485641,171629,913902,1085531,5.324869340263009
485701,171664,913999,1085663,5.3243487277472274
485727,171674,914039,1085713,5.324271584514836
486728,171674,915741,1087415,5.33418572410499
486863,171730,915905,1087635,5.333401269434577
487059,171766,916886,1088652,5.337994713738458
487105,171784,916973,1088757,5.337941833930983
487134,171791,917016,1088807,5.3379746319655865
487183,171818,917115,1088933,5.337711997578833
487192,171828,917130,1088958,5.33748865144214
487235,171839,917212,1089051,5.3376241714628225
487238,171842,917222,1089064,5.337589180759069
487275,171864,917268,1089132,5.337173579109063
487322,171864,917372,1089236,5.337778708746451
487362,171872,917445,1089317,5.3379549897598215
487389,171882,917470,1089352,5.337789879103106
487445,171901,917549,1089450,5.337659466786115
487566,171934,917691,1089625,5.337460886153989
488001,171955,919105,1091060,5.345032130499258
488027,171980,919149,1091129,5.344510989649959
488028,171980,919149,1091129,5.344510989649959
488356,172176,919831,1092007,5.3423880215593345
488423,172193,919937,1092130,5.342476174989692
488823,172468,920724,1093192,5.338520769070204
488836,172468,920738,1093206,5.338601943548948
489189,172665,921408,1094073,5.3363912779080875
489216,172686,921447,1094133,5.33596817344776
489255,172695,921517,1094212,5.336095428356351
489376,172705,921847,1094552,5.337697229379578
489449,172743,921982,1094725,5.337304550690911
489463,172749,921998,1094747,5.337211792832376
489599,172824,922184,1095008,5.335971855760774
489610,172829,922206,1095035,5.3359447777861355
489627,172846,922238,1095084,5.335605105122479
489647,172846,922259,1095105,5.335726600557722
489692,172859,922355,1095214,5.335880688885161
489715,172870,922371,1095241,5.335633713194887
489814,172939,922505,1095444,5.334279717125692
489902,172986,922774,1095760,5.33438544159643
490773,173011,922984,1095995,5.334828421314252
490791,173021,922994,1096015,5.334577883609504
490921,173022,923379,1096401,5.336772202378889
490942,173035,923448,1096483,5.336770017626492
491081,173087,923955,1097042,5.33809587086263
491139,173098,924074,1097172,5.338444118360697
491171,173108,924127,1097235,5.3384418975437296
491265,173157,924275,1097432,5.3377859399273495
491267,173157,924280,1097437,5.337814815456493
491287,173169,924308,1097477,5.337606615502775
491736,173199,926018,1099217,5.3465551186785145
491752,173205,926056,1099261,5.346589301694523
492036,173205,926733,1099938,5.350497964839352
492070,173216,926771,1099987,5.350377563273601
492165,173216,926874,1100090,5.350972196563828
492185,173224,926892,1100116,5.350828984436337
492229,173239,926942,1100181,5.3506542983970125
492384,173240,927017,1100257,5.351056338028169
492435,173240,927105,1100345,5.351564303855922
492452,173250,927123,1100373,5.351359307359307
492486,173250,927141,1100391,5.3514632034632035
492759,173250,927160,1100410,5.351572871572872
492775,173258,927182,1100440,5.351452746770712
492943,173339,927482,1100821,5.350682766140338
492957,173352,927498,1100850,5.350373805897826
493028,173380,927670,1101050,5.350501787980159
493050,173400,927712,1101112,5.350126874279123
493106,173427,927803,1101230,5.349818655687984
493159,173427,927895,1101322,5.350349138254136
493222,173455,928052,1101507,5.350390591219624
493264,173475,928102,1101577,5.350061968583369
493479,173487,929157,1102644,5.355773055041588
493497,173502,929176,1102678,5.355419534068772
493557,173524,929274,1102798,5.355305317996358
493664,173531,929371,1102902,5.3556482703378645
493705,173573,929506,1103079,5.355130118163539
502111,173601,954654,1128255,5.4991273091744866
502132,173601,954702,1128303,5.49940380527762
502152,173606,954718,1128324,5.49933758049837
502342,173699,955003,1128702,5.498033955290474
502366,173712,955033,1128745,5.497795201252648
502389,173720,955066,1128786,5.497731982500576
502413,173740,955125,1128865,5.497438701508001
502509,173799,955313,1129112,5.496654180979177
502527,173814,955329,1129143,5.496271876833857
502625,173846,955523,1129369,5.496376102987702
502647,173855,955578,1129433,5.496407926145351
502955,173931,955830,1129761,5.4954550942615175
503010,173991,955992,1129983,5.49449109436695
503041,174004,956010,1130014,5.494184041746167
503061,174009,956065,1130074,5.494342246665402
503079,174016,956102,1130118,5.49433385435822
503153,174020,956122,1130142,5.494322491667624
503586,174099,957033,1131132,5.497062016438923
503629,174137,957097,1131234,5.496229979843457
503653,174137,957192,1131329,5.496775527314701
503970,174421,958127,1132548,5.493186026911897
503980,174434,958145,1132579,5.492879828473806
503993,174440,958153,1132593,5.492736757624398
503995,174440,958157,1132597,5.492759688144921
504017,174440,958170,1132610,5.49283421233662
504103,174446,958323,1132769,5.493522350756108
504115,174449,958343,1132792,5.493542525322587
504137,174451,958350,1132801,5.493519670279906
504157,174455,958369,1132824,5.493502622452781
504175,174470,958404,1132874,5.493230927953229
504330,174475,958625,1133100,5.494340163347184
504349,174475,958640,1133115,5.494426135549506
504395,174499,958707,1133206,5.49405440718858
504588,174609,958997,1133606,5.492254122067019
504612,174616,959011,1133627,5.49211412470793
504620,174619,959026,1133645,5.492105670058813
504731,174668,959155,1133823,5.4913035014999885
504741,174673,959163,1133836,5.491192113263069
504749,174679,959175,1133854,5.4910721952839205
504823,174696,959212,1133908,5.49074964509777
504833,174696,959222,1133918,5.4908068873929565
504843,174700,959227,1133927,5.490709788208357
504896,174702,959380,1134082,5.491522707238612
504925,174702,959405,1134107,5.491665808061728
504926,174702,959407,1134109,5.491677256127577
504941,174709,959427,1134136,5.491571699225569
504948,174713,959447,1134160,5.49156044484383
505000,174745,959508,1134253,5.490903888523277
505136,174814,959752,1134566,5.490132369261043
505874,174817,960582,1135399,5.494785976192246
505880,174829,960618,1135447,5.4946147378295365
505918,174829,960724,1135553,5.495221044563545
506021,174867,960842,1135709,5.494701687568266
506443,175081,961551,1136632,5.492035115175262
506464,175082,961593,1136675,5.492243634411304
506513,175120,961680,1136800,5.491548652352672
506522,175125,961690,1136815,5.491448965024982
506564,175138,961796,1136934,5.491646587262616
506626,175171,961930,1137101,5.491376997334034
506629,175172,961938,1137110,5.491391318247208
506673,175207,962046,1137253,5.490910751282768
507103,175418,962747,1138165,5.488302226681412
507163,175418,962747,1138165,5.488302226681412
507173,175418,962764,1138182,5.488399138058808
507219,175418,962866,1138284,5.4889806063231825
507543,175499,963382,1138881,5.489387403916831
507564,175510,963392,1138902,5.489100336163181
507587,175510,963409,1138919,5.4891971967409265
507678,175544,963490,1139034,5.488595451852527
507688,175548,963507,1139055,5.488567229475699
507762,175569,963590,1139159,5.488383484555929
507852,175653,963745,1139398,5.486641275696971
508334,175769,964212,1139981,5.485677224083883
508503,175873,964473,1140346,5.483917372194709
508643,175958,964705,1140663,5.482586753657123
509841,176215,967044,1143259,5.487864256731833
509891,176348,967080,1143428,5.4839295030281034
510251,176459,967352,1143811,5.482021319399974
510305,176506,967576,1144082,5.481830645983706
510354,176519,967608,1144127,5.481608212147134
510389,176530,967669,1144199,5.481612190562511
510722,176551,967988,1144539,5.482767019161602
510752,176562,968019,1144581,5.482601012675434
510916,176562,968372,1144934,5.48460031037256
510923,176567,968393,1144960,5.4845639332378076
510993,176648,968603,1145251,5.483237851546579
511008,176653,968626,1145279,5.48321285231499
511071,176681,968725,1145406,5.482904217205019
511079,176685,968739,1145424,5.482859325919009
511154,176722,968807,1145529,5.482096173651271
511288,176776,968949,1145725,5.481224826899579
511394,176845,969245,1146090,5.480759987559727
511535,176946,969412,1146358,5.478575384580607
511555,176953,969440,1146393,5.47851689431657
511623,177010,969567,1146577,5.477470199423761
511769,177045,969881,1146926,5.47816091954023
511772,177046,969884,1146930,5.478146922268789
511782,177046,969900,1146946,5.478237294262508
511828,177046,969950,1146996,5.478519706742881
511947,177085,970046,1147131,5.477855267244544
513411,177095,972122,1149217,5.489268471724216
513553,177192,972367,1149559,5.487646169127275
513569,177198,972399,1149597,5.487640944028714
513656,177205,972623,1149828,5.488688242431083
513671,177205,972623,1149828,5.488688242431083
513682,177207,972637,1149844,5.488705299452053
513718,177224,972708,1149932,5.488579424908591
513999,177224,973069,1150293,5.490616395070645
514029,177235,973100,1150335,5.490450531779841
514176,177235,973356,1150591,5.491894941744012
514185,177239,973362,1150601,5.491804851076795
514223,177253,973438,1150691,5.491799856702002
514807,177724,974288,1152012,5.482028313564854
514942,177754,974372,1152126,5.481575660744625
514963,177754,974402,1152156,5.481744433317957
515004,177774,974472,1152246,5.4815214823315
515040,177783,974531,1152314,5.481575853709297
515070,177810,974562,1152372,5.4809178336426525
515612,178007,975006,1153013,5.4773463964900255
515773,178057,975211,1153268,5.476959625288531
515895,178140,975478,1153618,5.475906590322219
515927,178144,975539,1153683,5.476126055326028
515937,178144,975561,1153705,5.476249550925094
516026,178161,975724,1153885,5.476641913774619
516048,178170,975782,1153952,5.476690800920469
516064,178177,975817,1153994,5.476672073275451
516113,178201,975877,1154078,5.476271176929423
517188,178589,977418,1156007,5.473002256577953
517217,178593,977440,1156033,5.47300286125436
517228,178598,977465,1156063,5.472989619144672
517287,178642,977573,1156215,5.472246168314282
517597,178658,978006,1156664,5.474179717672873
517668,178661,978130,1156791,5.474781849424328
517682,178668,978168,1156836,5.4747800389549335
517845,178777,978471,1157248,5.473136924772202
517855,178781,978482,1157263,5.473075998008737
517917,178795,978564,1157359,5.473106071198859
517956,178808,978635,1157443,5.473105230191043
518018,178810,978815,1157625,5.474050668307141
518050,178827,978917,1157744,5.47410066712521
518081,178828,978982,1157810,5.474433533898495
518299,178932,979298,1158230,5.473017682695102
518321,178953,979332,1158285,5.472565422205831
518425,179007,979530,1158537,5.472020647237259
518452,179007,979580,1158587,5.472299965923121
518462,179013,979588,1158601,5.472161239686503
518517,179013,979687,1158700,5.472714272147833
518534,179018,979704,1158722,5.472656380922589
518553,179030,979756,1158786,5.4725800145227055
518567,179043,979790,1158833,5.472372558547388
518724,179095,979917,1159012,5.471492783159776
518752,179104,979937,1159041,5.471329506878685
518772,179111,979960,1159071,5.471244088861098
518787,179125,980002,1159127,5.471050942079553
518796,179133,980031,1159164,5.470968498266651
518964,179175,980317,1159492,5.471282265941119
518975,179175,980327,1159502,5.47133807729873
519037,179189,980443,1159632,5.471557963937519
519166,179189,980630,1159819,5.472601554782939
519191,179207,980670,1159877,5.472275078540458
520310,179319,982459,1161778,5.478833810137242
520416,179419,982734,1162153,5.4773128821362285
520650,179556,983190,1162746,5.475673327541268
520750,179573,983274,1162847,5.475622727247415
520775,179593,983304,1162897,5.475179990311426
520776,179593,983304,1162897,5.475179990311426
520796,179593,983341,1162934,5.475386011704242
520799,179593,983350,1162943,5.475436125016008
520903,179631,983425,1163056,5.4746953476849765
520922,179638,983437,1163075,5.474548814838731
520953,179657,983488,1163145,5.4742537168048
520983,179663,983506,1163169,5.474171086979512
521022,179684,983538,1163222,5.473709400948332
521060,179704,983575,1163279,5.473306103369986
521071,179704,983593,1163297,5.473406268085296
521110,179743,983694,1163437,5.472780581163105
521308,179767,983947,1163714,5.473457308627279
521317,179774,983963,1163737,5.4733331849989435
521510,179856,984324,1164180,5.472844942620763
521810,179907,984736,1164643,5.4735835737353185
522043,179958,985833,1165791,5.478128229920315
522087,179974,985885,1165859,5.477930145465456
522092,179976,985897,1165873,5.477935947015157
522362,179983,986555,1166538,5.481378796886372
522375,179983,986569,1166552,5.481456582010523
522380,179987,986580,1166567,5.481395878591232
522406,179993,986623,1166616,5.4814520564688625
522441,180003,986641,1166644,5.48124753476331
522512,180034,986705,1166739,5.480659208816112
522602,180066,986750,1166816,5.4799351348949825
522642,180066,986792,1166858,5.48016838270412
522646,180069,986799,1166868,5.480115955550373
522707,180086,986934,1167020,5.480348278044934
523270,180405,988069,1168474,5.476949086776974
523298,180413,988087,1168500,5.476805995133389
523328,180427,988128,1168555,5.476608268163856
523341,180427,988142,1168569,5.476685861872115
523503,180480,988270,1168750,5.475786790780142
523576,180480,988491,1168971,5.47701130319149
524083,180561,989914,1170475,5.482435298874065
524084,180561,989916,1170477,5.48244637546314
524299,180673,990338,1171011,5.481383493936559
524332,180678,990354,1171032,5.481320359977419
524356,180692,990409,1171101,5.481200053129082
524370,180700,990449,1171149,5.481178749308246
524418,180737,990502,1171239,5.48034990068442
524449,180755,990560,1171315,5.480125031119471
524567,180755,990907,1171662,5.48204475671489
524578,180755,990925,1171680,5.482144339022434
524649,180778,990968,1171746,5.481684718273241
524696,180786,991018,1171804,5.481718717157302
524751,180825,991102,1171927,5.481000967786534
524766,180828,991113,1171941,5.480970867343553
524780,180836,991142,1171978,5.480888761087394
524790,180836,991158,1171994,5.480977239045322
524801,180848,991202,1172050,5.480856852163143
524824,180855,991226,1172081,5.480777418373836
524846,180868,991250,1172118,5.480516177543844
524857,180880,991270,1172150,5.480263157894737
524924,180880,991343,1172223,5.480666740380363
524963,180904,991404,1172308,5.480276831910848
525001,180924,991445,1172369,5.479897636576684
525199,180927,991719,1172646,5.481321195841416
525274,180962,991795,1172757,5.480681026955936
525294,180962,991825,1172787,5.480846807617069
525305,180962,991848,1172810,5.480973906123937
525740,181067,992166,1173233,5.47955176813003
525849,181067,992279,1173346,5.480175846509855
526184,181152,992845,1173997,5.480728890655361
526196,181160,992861,1174021,5.480575182159417
526233,181169,992996,1174165,5.481048082177415
526247,181177,993012,1174189,5.480894374009946
526325,181189,993045,1174234,5.480713509098234
526350,181209,993083,1174292,5.480318306485881
526363,181219,993096,1174315,5.480087628780646
526508,181219,993377,1174596,5.481638238816018
526573,181261,993510,1174771,5.481101836578194
526581,181266,993514,1174780,5.480972714132822
526737,181288,993713,1175001,5.481405277790036
526754,181296,993735,1175031,5.481284749801429
526924,181307,994307,1175614,5.484107067018924
527469,181363,994514,1175877,5.483555080143138
527480,181373,994523,1175896,5.483302365842766
528902,182382,996969,1179351,5.4663782610126
529061,182482,997471,1179953,5.466133646058242
529078,182491,997489,1179980,5.46596270501011
529223,182503,997727,1180230,5.466907393303123
529244,182503,997757,1180260,5.4670717741626165
529290,182522,997806,1180328,5.466771128959796
529306,182524,997830,1180354,5.466842716574258
529414,182525,997962,1180487,5.467535953978907
529835,182616,998756,1181372,5.469159328864941
529851,182616,998769,1181385,5.469230516493626
530269,182928,999720,1182648,5.4651010233534505
530366,182957,999922,1182879,5.465338850112322
530406,182997,1000005,1183002,5.46459778029148
530471,183009,1000121,1183130,5.464873312241474
530715,183143,1000853,1183996,5.464871712268555
530720,183148,1000868,1184016,5.464804420468692
530731,183148,1000878,1184026,5.464859021119532
530743,183157,1000902,1184059,5.464721523064911
530755,183165,1000914,1184079,5.464548358037835
530773,183171,1000941,1184112,5.464516763024714
530799,183183,1001015,1184198,5.464562759644727
530819,183194,1001066,1184260,5.464513029902726
530900,183226,1001147,1184373,5.464000742252737
531033,183355,1001365,1184720,5.461345477352676
531388,183451,1001796,1185247,5.460836953736965
531402,183459,1001819,1185278,5.460724194506675
531417,183474,1001843,1185317,5.460408559250902
531560,183564,1002070,1185634,5.458967989366107
531567,183567,1002085,1185652,5.458960488540969
531821,183632,1002615,1186247,5.459914394005402
531823,183632,1002620,1186252,5.459941622375185
531824,183632,1002620,1186252,5.459941622375185
531886,183632,1002684,1186316,5.4602901455084085
531940,183661,1002764,1186425,5.459863552958984
531970,183670,1002870,1186540,5.460173136603691
531980,183675,1002885,1186560,5.460106165781951
532004,183696,1002914,1186610,5.459639839735215
532032,183709,1002949,1186658,5.459444011997235
532037,183710,1002952,1186662,5.459430624353601
532080,183718,1002970,1186688,5.459290869702479
532104,183718,1003020,1186738,5.459563025941932
532131,183736,1003054,1186790,5.459213218966343
532171,183761,1003092,1186853,5.4586773036716165
532180,183763,1003108,1186871,5.4587049623700095
532197,183763,1003108,1186871,5.4587049623700095
532333,183795,1003209,1187004,5.458304088794581
532363,183803,1003279,1187082,5.458447359401098
532413,183817,1003317,1187134,5.458238356626428
532504,183880,1003479,1187359,5.457249293017185
532665,183976,1003732,1187708,5.455776840457451
532844,184077,1003992,1188069,5.454195798497368
532850,184081,1003995,1188076,5.454093578370391
532860,184081,1004011,1188092,5.454180496629201
532956,184124,1004154,1188278,5.453683387282483
532970,184132,1004172,1188304,5.453544196554645
533050,184150,1004248,1188398,5.453423839261472
533115,184179,1004359,1188538,5.453167842153557
533133,184184,1004376,1188560,5.453112105286018
533145,184188,1004395,1188583,5.45309683584164
533173,184204,1004444,1188648,5.452889188074092
533239,184240,1004567,1188807,5.452491315675206
533242,184240,1004576,1188816,5.452540165002171
533765,184266,1006337,1190603,5.461327645903205
533794,184276,1006358,1190634,5.461145238663743
533848,184308,1006432,1190740,5.460598563274519
533898,184332,1006481,1190813,5.460153418831239
533931,184346,1006523,1190869,5.4599665845746586
534012,184349,1006564,1190913,5.460100136154793
534033,184349,1006594,1190943,5.460262870967567
534070,184374,1006653,1191027,5.459842494060985
534272,184466,1006964,1191430,5.45880541671636
534322,184510,1007056,1191566,5.458002276299387
534394,184525,1007119,1191644,5.4579000135483
534402,184529,1007124,1191653,5.45780879970086
534424,184536,1007154,1191690,5.457764338665626
534427,184542,1007160,1191702,5.457619403712976
534479,184561,1007212,1191773,5.45733930787111
534642,184678,1007467,1192145,5.455262673409935
534672,184694,1007576,1192270,5.45538025057663
534703,184704,1007597,1192301,5.455198588011088
534875,184730,1007873,1192603,5.455924863314026
534919,184730,1007959,1192689,5.456390407621934
534986,184805,1008148,1192953,5.455198722978275
535167,184805,1008337,1193142,5.456221422580558
535215,184834,1008410,1193244,5.4557603038402025
535585,184926,1008734,1193660,5.454798135470404
535617,184937,1008753,1193690,5.4545764233225364
535956,184937,1009592,1194529,5.459113103381151
536007,184954,1009662,1194616,5.458989802869903
536089,185010,1009782,1194792,5.457986054807848
536111,185012,1009789,1194801,5.457964888763972
536219,185022,1010032,1195054,5.458983256045227
536300,185047,1010148,1195195,5.4588726107421355
536752,185047,1011508,1196555,5.466222094927235
536785,185047,1011583,1196630,5.466627397363913
536831,185061,1011629,1196690,5.466462409691939
536990,185125,1012322,1197447,5.4683160027008775
537469,185132,1013515,1198647,5.474553291705377
537481,185138,1013548,1198686,5.474554116388856
537535,185152,1013647,1198799,5.474674861735223
537593,185171,1013730,1198901,5.474561351399517
537614,185173,1013758,1198931,5.474653432195838
537642,185180,1013806,1198986,5.474705691759369
537767,185229,1013965,1199194,5.474115824195995
537897,185229,1014351,1199580,5.476199731143612
537918,185235,1014358,1199593,5.476060139822388
537949,185260,1014399,1199659,5.475542480837742
538063,185309,1014591,1199900,5.47513072759553
538089,185324,1014618,1199942,5.474833264984568
538130,185348,1014675,1200023,5.474431879491551
538262,185400,1014822,1200222,5.47368932038835
538287,185400,1014822,1200222,5.47368932038835
538467,185502,1015266,1200768,5.473073066597665
538877,185502,1015924,1201426,5.476620198164979
539036,185515,1016354,1201869,5.47855429480096
539116,185517,1016455,1201972,5.479039656743048
539123,185519,1016455,1201974,5.478980589589207
539273,185568,1016700,1202268,5.478854112778065
539357,185568,1016882,1202450,5.479834885325056
539382,185581,1016960,1202541,5.479871323034147
539431,185607,1017022,1202629,5.479437736723292
539462,185607,1017102,1202709,5.479868754949975
539592,185607,1017488,1203095,5.4819484178937214
539623,185617,1017547,1203164,5.481970940161731
539642,185622,1017568,1203190,5.481936408399866
539696,185645,1017613,1203258,5.481499636402812
539706,185645,1017641,1203286,5.481650461903095
539712,185648,1017650,1203298,5.481610359389813
539740,185655,1017679,1203334,5.4815598825778995
539770,185664,1017784,1203448,5.4818597035505
539799,185679,1017840,1203519,5.481718449582344
539918,185679,1018097,1203776,5.483102558716926
539944,185691,1018137,1203828,5.482963633132462
539969,185694,1018155,1203849,5.4829719861707975
539974,185695,1018159,1203854,5.482964000107703
540017,185721,1018232,1203953,5.482589475611267
540335,185905,1018692,1204597,5.479637449234824
540684,186046,1019363,1205409,5.479091192500779
540741,186060,1019423,1205483,5.479001397398688
540757,186062,1019447,1205509,5.479071492298266
540802,186083,1019507,1205590,5.478775600135424
540877,186108,1019600,1205708,5.478539342747222
540921,186130,1019646,1205776,5.47813893515285
541022,186173,1019885,1206058,5.478157412729021
541063,186187,1019945,1206132,5.478067749090967
541125,186199,1020032,1206231,5.478181945123229
541140,186207,1020049,1206256,5.478037882571547
541308,186255,1020446,1206701,5.478757617245175
541615,186430,1020780,1207210,5.475406318725527
541645,186440,1020812,1207252,5.4752842737609955
541656,186440,1020827,1207267,5.475364728599013
542709,186482,1022490,1208972,5.483049302345535
542798,186525,1022615,1209140,5.482455434928294
542858,186545,1022705,1209250,5.4823501031922595
545148,187392,1025222,1212614,5.471001963797814
545210,187392,1025286,1212678,5.471343493852459
545266,187404,1025438,1212842,5.471804230432648
545267,187406,1025439,1212845,5.471751171253855
545295,187413,1025467,1212880,5.471696200370305
545653,187514,1025793,1213307,5.470487536930576
545914,187600,1026033,1213633,5.4692590618336885
545936,187607,1026085,1213692,5.469332167776256
545962,187619,1026117,1213736,5.469152910952515
546015,187622,1026200,1213822,5.469507840231956
546049,187641,1026266,1213907,5.469305748743611
546462,187845,1026866,1214711,5.466560195906199
546491,187868,1026895,1214763,5.466045308408031
546520,187872,1026920,1214792,5.466061999659343
546551,187872,1026920,1214792,5.466061999659343
546605,187895,1026999,1214894,5.465813353202587
546667,187920,1027088,1215008,5.46555981268625
546716,187931,1027108,1215039,5.465346323916757
546733,187936,1027138,1215074,5.465360548271752
546767,187950,1027160,1215110,5.465070497472732
546801,187963,1027186,1215149,5.464830844368307
546876,187993,1027274,1215267,5.464426866957813
547115,188082,1028070,1216152,5.46607330845057
547175,188117,1028188,1216305,5.465683590531425
547609,188276,1028742,1217018,5.46401028277635
547750,188334,1028853,1217187,5.462916945426742
548122,188337,1029568,1217905,5.4666263134700035
548166,188363,1029665,1218028,5.4663867107659145
548251,188381,1029709,1218090,5.466097961047027
548385,188495,1030028,1218523,5.46448446908406
548406,188495,1030060,1218555,5.464654234860341
548569,188599,1030283,1218882,5.462823238723429
548577,188605,1030286,1218891,5.462665358818695
548685,188663,1030444,1219107,5.461823463000164
548713,188675,1030462,1219137,5.46157148535842
548831,188675,1030689,1219364,5.462774612428779
549823,188675,1032516,1221191,5.472457930303432
549891,188706,1032611,1221317,5.472062361557131
549956,188741,1032700,1221441,5.471519171775078
549987,188752,1032743,1221495,5.471428117317962
550006,188752,1032799,1221551,5.471724802915996
550062,188769,1032863,1221632,5.471571073640269
550084,188782,1032908,1221690,5.471432657774576
550123,188798,1032949,1221747,5.4711861354463505
550138,188807,1032966,1221773,5.471015375489256
550170,188815,1033019,1221834,5.471064269258268
550279,188872,1033160,1222032,5.470159684865941
550374,188917,1033286,1222203,5.469523653244546
550418,188941,1033348,1222289,5.469157038440572
550953,189305,1034199,1223504,5.463136208763635
550962,189307,1034215,1223522,5.4631630103482705
551037,189329,1034358,1223687,5.4632834906432715
551113,189372,1034488,1223860,5.462729442578628
551141,189384,1034517,1223901,5.462536433912052
551188,189427,1034593,1224020,5.461697646058904
551337,189489,1034765,1224254,5.460818306075814
551356,189489,1034795,1224284,5.460976626611571
551821,189734,1036074,1225808,5.460665985010594
551854,189753,1036117,1225870,5.460345817984432
551879,189764,1036143,1225907,5.46016631183997
551907,189784,1036172,1225956,5.459743708637188
551983,189810,1036260,1226070,5.45945945945946
552243,189946,1036637,1226583,5.457535299506175
552267,189960,1036667,1226627,5.457291008633397
552375,189992,1036778,1226770,5.456956082361363
552380,190001,1036787,1226788,5.456744964500187
552588,190037,1036915,1226952,5.456384809273984
552608,190046,1036949,1226995,5.4563053155551815
552633,190062,1036977,1227039,5.455993307447043
552662,190092,1037087,1227179,5.455710918923469
552686,190111,1037125,1227236,5.45536554959997
552727,190134,1037257,1227391,5.4553998758770135
552883,190257,1037558,1227815,5.453455063414224
552974,190257,1037802,1228059,5.454737539223261
552998,190261,1037819,1228080,5.454712211120514
553004,190263,1037827,1228090,5.454696919527181
553061,190281,1037959,1228240,5.454874632779942
553098,190288,1037997,1228285,5.454873665181199
553141,190288,1038043,1228331,5.455115404019171
553192,190297,1038069,1228366,5.454994035639028
553214,190299,1038073,1228372,5.454957724423145
553241,190317,1038141,1228458,5.454799098346443
553268,190317,1038179,1228496,5.454998765218031
553336,190340,1038266,1228606,5.454796679625932
553338,190340,1038270,1228610,5.454817694651676
553363,190343,1038293,1228636,5.454852555649538
553404,190352,1038341,1228693,5.454846810120198
553408,190354,1038344,1228698,5.454805257572733
553428,190354,1038359,1228713,5.4548840581232865
553445,190362,1038375,1228737,5.454738865950137
553530,190415,1038524,1228939,5.4540030984953916
553540,190442,1038562,1229004,5.453429390575608
553569,190454,1038610,1229064,5.453337813855314
554271,190454,1038610,1229064,5.453337813855314
554332,190498,1038724,1229222,5.4526766685214545
554409,190551,1039007,1229558,5.452645223588435
554464,190565,1039027,1229592,5.4523495920027285
554527,190603,1039117,1229720,5.451734757585138
554554,190618,1039154,1229772,5.451499858355454
554601,190634,1039250,1229884,5.4515458942266335
554693,190646,1039423,1230069,5.452110193762261
555263,190646,1040212,1230858,5.456248754235599
555317,190655,1040247,1230902,5.456174765938475
555341,190678,1040283,1230961,5.455705430096812
555380,190682,1040345,1231027,5.455916132618706
555668,190833,1040794,1231627,5.453951884632113
555733,190848,1040999,1231847,5.4545973759222
556153,191044,1041801,1232845,5.453199262997006
556413,191093,1042231,1233324,5.454051168802625
556549,191171,1042398,1233569,5.452699415706357
556558,191174,1042406,1233580,5.4526556958582235
556762,191183,1043599,1234782,5.458639104941339
556774,191187,1043624,1234811,5.458655661734323
556793,191187,1043639,1234826,5.458734118951602
556851,191193,1044186,1235379,5.46142379689633
557015,191193,1044471,1235664,5.4629144372440415
558012,191670,1046616,1238286,5.4605102519956175
558461,191670,1046616,1238286,5.4605102519956175
558560,191693,1046678,1238371,5.46017851460408
558616,191693,1046766,1238459,5.460637581966999
558618,191694,1046770,1238464,5.460629962335806
558632,191694,1046805,1238499,5.460812544993583
558914,191694,1047132,1238826,5.4625183886819615
559007,191694,1047405,1239099,5.463942533412626
559028,191700,1047421,1239121,5.463854981742306
559216,191764,1047738,1239502,5.463684528900107
559231,191768,1047768,1239536,5.463727003462517
559250,191788,1047794,1239582,5.463292802469393
559533,191798,1048457,1240255,5.466464718088822
559597,191834,1048571,1240405,5.466033132812744
559600,191834,1048580,1240414,5.466080048375158
559640,191848,1048619,1240467,5.4658844501897335
559666,191864,1048670,1240534,5.465694450235584
560700,192099,1050106,1242205,5.466483427815866
560716,192107,1050166,1242273,5.466568110480097
560787,192122,1050255,1242377,5.466604553356722
560881,192155,1050330,1242485,5.466056048502511
560903,192155,1050354,1242509,5.466180947672452
561642,192698,1051744,1244442,5.457991260936803
561658,192698,1051771,1244469,5.458131376558137
561682,192704,1051799,1244503,5.458106733643308
561802,192794,1051922,1244716,5.456196769609012
562044,192917,1052246,1245163,5.454397487002182
562297,193061,1052600,1245661,5.452162787927132
562335,193070,1052678,1245748,5.452312632723882
562414,193107,1052814,1245921,5.451972222653762
562717,193344,1053461,1246805,5.448635592519033
562905,193353,1054563,1247916,5.454081395168423
563010,193417,1054706,1248123,5.453016022376524
563031,193424,1054724,1248148,5.452911737943585
563052,193424,1054756,1248180,5.453077177599471
563085,193438,1054842,1248280,5.453127100156123
563131,193438,1054897,1248335,5.453411428984998
563148,193489,1054915,1248404,5.452067042570896
563176,193500,1054934,1248434,5.451855297157623
563203,193520,1054981,1248501,5.451534725093014
563689,193526,1056421,1249947,5.4588065686264375
563712,193530,1056458,1249988,5.458884927401437
563819,193582,1056584,1250166,5.458069448605759
563908,193609,1056699,1250308,5.45790226694007
564030,193627,1056840,1250467,5.458123092337329
564055,193638,1056876,1250514,5.457998946487776
564858,194089,1058371,1252460,5.453018975830676
565034,194216,1058747,1252963,5.4513891749392425
565044,194216,1058776,1252992,5.45153849322404
565055,194216,1058786,1253002,5.4515899822877625
565146,194243,1058859,1253102,5.451208022940338
565261,194298,1059229,1253527,5.451569239004004
565285,194298,1059259,1253557,5.451723641005054
565336,194298,1059381,1253679,5.4523515424759905
565357,194309,1059400,1253709,5.452140662552944
565659,194463,1059815,1254278,5.4499570612404415
565716,194485,1059931,1254416,5.4499370131372595
565764,194492,1060009,1254501,5.450141908150464
565833,194501,1060073,1254574,5.450218764942083
565845,194501,1060094,1254595,5.450326733538645
565916,194536,1060169,1254705,5.449731669202616
565958,194545,1060236,1254781,5.449823948186795
565979,194545,1060266,1254811,5.449978154154566
566076,194576,1060378,1254954,5.449685469944906
568206,194576,1068975,1263551,5.493868719677658
568222,194581,1068988,1263569,5.493794358133631
568265,194587,1069016,1263603,5.4937688540344425
568275,194587,1069026,1263613,5.493820244929004
568328,194627,1069116,1263743,5.493153570676217
568336,194631,1069129,1263760,5.493107470033037
568383,194652,1069163,1263815,5.492689517703389
568577,194772,1069355,1264127,5.49029121228924
568630,194811,1069473,1264284,5.48979780402544
568798,194904,1069783,1264687,5.488768829782868
568820,194918,1069840,1264758,5.4886670292122846
568910,194954,1069934,1264888,5.488135662771731
568979,194965,1070007,1264972,5.4882004462339395
569050,194999,1070100,1265099,5.487720449848461
569282,195008,1071489,1266497,5.494589965539875
569371,195044,1071610,1266654,5.494196181374459
569374,195044,1071619,1266663,5.494242324808761
569422,195060,1071687,1266747,5.494140264533989
569463,195073,1071734,1266807,5.494015061028436
569517,195087,1071780,1266867,5.493856587061157
569604,195087,1071892,1266979,5.494430689897328
569633,195103,1071948,1267051,5.494267130695069
570292,195446,1073016,1268462,5.49008933413833
570357,195509,1073176,1268685,5.489138607429837
570461,195554,1073268,1268822,5.488345930024443
570506,195578,1073342,1268920,5.48805080326008
570567,195603,1073423,1269026,5.487763480110223
570576,195603,1073439,1269042,5.48784527844665
570909,195806,1073985,1269791,5.484944281584834
570928,195812,1073999,1269811,5.4848477110698015
570966,195816,1074059,1269875,5.485042080320301
571000,195845,1074130,1269975,5.484592407260844
571042,195858,1074174,1270032,5.484453022087431
571120,195899,1074286,1270185,5.483876895747298
571706,196039,1075203,1271242,5.484638260754238
571778,196074,1075412,1271486,5.4847251547884985
571830,196097,1075453,1271550,5.484290937648205
572107,196218,1076103,1272321,5.484221631043024
572110,196218,1076112,1272330,5.484267498394643
572945,196460,1076964,1273424,5.481848722386236
573135,196561,1077433,1273994,5.481417982203998
573253,196587,1077842,1274429,5.482773530294475
573260,196591,1077853,1274444,5.4827179270668545
573340,196591,1077975,1274566,5.483338504814564
573427,196629,1078085,1274714,5.482838238510087
573477,196666,1078213,1274879,5.482457567652772
573556,196719,1078291,1275010,5.4813769895129605
573563,196723,1078294,1275017,5.481280785673256
573611,196750,1078398,1275148,5.481057179161373
573637,196763,1078459,1275222,5.48100506700955
573819,196892,1078880,1275772,5.4795522418381655
574115,197036,1079327,1276363,5.4778162366268095
574131,197036,1079356,1276392,5.477963417852576
574145,197044,1079410,1276454,5.478015062625606
574169,197044,1079440,1276484,5.478167312884432
574436,197067,1079937,1277004,5.480049932256542
574468,197069,1079984,1277053,5.480232811857776
574509,197081,1080072,1277153,5.480345644684165
574518,197087,1080086,1277173,5.480249838903632
574548,197096,1080118,1277214,5.480161951536307
574612,197112,1080185,1277297,5.4800570234181585
574656,197112,1080251,1277363,5.480391858435813
574787,197162,1080504,1277666,5.480285247664357
574802,197167,1080518,1277685,5.480217277739175
574851,197181,1080562,1277743,5.48005132340337
574935,197214,1080609,1277823,5.4793726611701
575017,197234,1080672,1277906,5.479136457203119
575040,197247,1080728,1277975,5.479059250584293
575051,197253,1080744,1277997,5.478973703821995
575064,197258,1080757,1278015,5.478900728994515
575124,197276,1080945,1278221,5.479353798738822
575178,197289,1080992,1278281,5.479230975878027
575301,197305,1081054,1278359,5.479100884417526
575925,197327,1082070,1279397,5.483638833003086
576133,197388,1082223,1279611,5.482719314244027
576326,197471,1082518,1279989,5.481908735966294
576337,197475,1082532,1280007,5.4818685909608815
576780,197636,1083072,1280708,5.480135198040843
576799,197636,1083097,1280733,5.480261693213787
576827,197655,1083160,1280815,5.480053628797653
577009,197692,1083298,1280990,5.479726038484107
577020,197702,1083320,1281022,5.479560146078441
577171,197740,1083445,1281185,5.479139273793871
577202,197749,1083496,1281245,5.4791478085856316
577211,197756,1083522,1281278,5.4790853374866
577314,197782,1083599,1281381,5.4787543861423185
577346,197794,1083666,1281460,5.478760730861401
577383,197806,1083717,1281523,5.478686187476619
577402,197806,1083747,1281553,5.478837851227971
577575,197878,1083988,1281866,5.478062240370329
577597,197878,1084009,1281887,5.478168366367155
577681,197920,1084103,1282023,5.477480800323363
577871,197920,1084524,1282444,5.479607922392886
577920,197933,1084552,1282485,5.4793894903831095
577934,197936,1084577,1282513,5.479432745938081
577961,197961,1084605,1282566,5.478882204070499
578020,197996,1084729,1282725,5.478539970504455
578158,198092,1084998,1283090,5.477242897239666
578210,198105,1085169,1283274,5.477746649504051
578239,198117,1085200,1283317,5.477571334110652
578287,198117,1085312,1283429,5.478136656622097
578368,198154,1085504,1283658,5.478082703351938
578438,198154,1085677,1283831,5.478955761680309
578469,198179,1085732,1283911,5.478542126057756
578472,198179,1085738,1283917,5.478572401717639
578577,198268,1086106,1284374,5.477969213387939
579018,198498,1087141,1285639,5.476836038650264
579043,198507,1087218,1285725,5.476975623025888
579053,198507,1087218,1285725,5.476975623025888
579168,198538,1087310,1285848,5.47658382778108
579197,198540,1087325,1285865,5.47660421073839
579627,198577,1087785,1286362,5.477900260352407
579650,198590,1087835,1286425,5.47779344377864
579677,198624,1087878,1286502,5.4770722571290475
579965,198871,1088574,1287445,5.47376942842345
580154,198996,1088868,1287864,5.471808478562383
580203,198997,1088883,1287880,5.4718563596436125
580248,199002,1088936,1287938,5.471985206178832
580514,199017,1089384,1288401,5.473823844194214
580573,199054,1089487,1288541,5.47332382167653
580588,199057,1089510,1288567,5.473356877678253
580603,199067,1089536,1288603,5.473212536482691
580611,199078,1089567,1288645,5.4730658334924
580651,199098,1089628,1288726,5.472822429155491
580846,199163,1089962,1289125,5.472713305182188
580854,199168,1089974,1289142,5.4726361664524426
580902,199203,1090054,1289257,5.4720762237516505
580967,199219,1090096,1289315,5.471847564740311
580994,199221,1090111,1289332,5.471867925570096
581016,199235,1090157,1289392,5.471714307225136
581029,199236,1090187,1289423,5.4718374189403525
581085,199258,1090242,1289500,5.471509299501149
581187,199354,1090415,1289769,5.4697422675241025
581502,199387,1091056,1290443,5.472051838886186
581560,199403,1091153,1290556,5.472099216160238
581686,199469,1091223,1290692,5.47063954799994
581727,199482,1091319,1290801,5.470764279483864
581763,199498,1091359,1290857,5.470526020310981
581776,199499,1091377,1290876,5.470588825006642
581792,199511,1091411,1290922,5.470430201843508
582244,199617,1092136,1291753,5.471157266164705
582356,199670,1092337,1292007,5.4707116742625335
582363,199675,1092340,1292015,5.4705897082759485
582382,199679,1092349,1292028,5.4705251929346606
582417,199690,1092500,1292190,5.470980019029496
582426,199693,1092515,1292208,5.470972943468224
582450,199706,1092562,1292268,5.470852152664417
582505,199709,1092753,1292462,5.4717263618565015
582555,199712,1092774,1292486,5.471749319019388
582790,199838,1093529,1293367,5.472077382679971
582796,199838,1093529,1293367,5.472077382679971
582817,199838,1093558,1293396,5.4722225002251825
582832,199845,1093579,1293424,5.4721359053266285
583157,200015,1094121,1294136,5.470194735394846
583331,200060,1094367,1294427,5.470193941817454
583574,200151,1094690,1294841,5.469320662899511
583577,200151,1094699,1294850,5.469365628950142
583590,200160,1094712,1294872,5.4691846522781775
583619,200167,1094723,1294890,5.469048344632232
583684,200188,1094851,1295039,5.469114032809159
583720,200207,1094923,1295130,5.468954631955926
583841,200266,1095100,1295366,5.468227257747197
583897,200292,1095307,1295599,5.468550915663132
583982,200349,1095469,1295818,5.4678036825739085
584017,200351,1095536,1295887,5.468083513433924
584060,200377,1095621,1295998,5.46779820039226
584155,200418,1095773,1296191,5.467438054466165
584209,200442,1095865,1296307,5.467242394308578
584229,200453,1095911,1296364,5.4671718557467335
584254,200466,1095961,1296427,5.467066734508595
584303,200480,1096024,1296504,5.466999201915403
584410,200581,1096350,1296931,5.465871642877441
584670,200727,1096879,1297606,5.464531428258281
584868,200727,1097156,1297883,5.465911412017317
584893,200728,1097214,1297942,5.466173129807501
584972,200776,1097312,1298088,5.465354424831653
585300,200776,1098190,1298966,5.469727457465035
585308,200781,1098200,1298981,5.469641051693138
585395,200800,1098269,1299069,5.4694671314741035
585926,201110,1099070,1300180,5.465019143752175
585953,201116,1099117,1300233,5.4650897989220155
585999,201128,1099180,1300308,5.465076965912255
586074,201172,1099280,1300452,5.4643787405802
586094,201184,1099300,1300484,5.4641522188643235
586169,201232,1099470,1300702,5.463693647133657
586211,201248,1099557,1300805,5.463691564636667
586222,201251,1099569,1300820,5.463669745740394
586265,201257,1099599,1300856,5.463655922526918
586277,201263,1099622,1300885,5.463607319775617
586315,201271,1099675,1300946,5.463653482121121
586347,201295,1099714,1301009,5.463195807148712
587249,201337,1100900,1302237,5.467946775803752
587278,201349,1100940,1302289,5.467819557087445
587289,201354,1100948,1302302,5.467723511824945
587370,201379,1100993,1302372,5.467268185858505
587387,201388,1101014,1302402,5.467128130772439
587397,201396,1101042,1302438,5.467049991062384
587441,201419,1101076,1302495,5.466594511937801
587458,201426,1101086,1302512,5.466454181684589
587528,201427,1101169,1302596,5.466839103000094
587734,201490,1101582,1303072,5.4671795126309
587753,201505,1101609,1303114,5.466906528373986
587772,201505,1101624,1303129,5.466980968214188
587836,201540,1101776,1303316,5.4667857497271015
587873,201547,1101853,1303400,5.466977925744367
587932,201580,1101975,1303555,5.466688163508285
587972,201580,1102042,1303622,5.467020537751761
587980,201580,1102059,1303639,5.467104871515032
587980,201580,1102059,1303639,5.467104871515032
588005,201589,1102098,1303687,5.467054253952349
588169,201602,1102521,1304123,5.468799912699279
588226,201621,1102560,1304181,5.4684779859240855
588296,201621,1102697,1304318,5.469157478635658
588318,201630,1102739,1304369,5.469121658483361
588327,201642,1102755,1304397,5.4688755318832385
588368,201664,1102829,1304493,5.468645866391622
588442,201683,1102866,1304549,5.468314136541007
588504,201701,1102995,1304696,5.468465699228065
589086,202156,1104071,1306227,5.461480242980668
589099,202159,1104099,1306258,5.461537700522856
589119,202162,1104134,1306296,5.461629782055975
589194,202182,1104271,1306453,5.461767120713021
589291,202278,1104375,1306653,5.459689140687568
589311,202288,1104408,1306696,5.4595823776002534
589340,202300,1104426,1306726,5.459347503707365
589435,202316,1104491,1306807,5.459237035133158
589473,202335,1104543,1306878,5.4589813922455335
589501,202349,1104602,1306951,5.458895274995181
589606,202393,1104870,1307263,5.459032674054932
589804,202505,1105138,1307643,5.457336855880102
589836,202525,1105178,1307703,5.456995432662635
589837,202526,1105186,1307712,5.457007989097696
590378,202616,1105965,1308581,5.458428751924823
590419,202657,1106026,1308683,5.457625445950547
590609,202712,1106465,1309177,5.458310312167015
590680,202712,1106592,1309304,5.4589368167646715
590682,202712,1106596,1309308,5.458956549192943
590760,202747,1106729,1309476,5.458670165279881
590786,202753,1106763,1309516,5.458676320449019
590974,202753,1107144,1309897,5.460555454173305
590993,202766,1107165,1309931,5.460308927532229
591005,202775,1107177,1309952,5.460125755147331
591448,202976,1107841,1310817,5.457990107204792
591466,202982,1107894,1310876,5.458089879890828
591483,202988,1107912,1310900,5.458017222692967
591686,203122,1108252,1311374,5.456090428412481
591811,203169,1108465,1311634,5.455876634722817
591867,203182,1108506,1311688,5.455729346103493
591914,203215,1108560,1311775,5.455109120881825
591997,203249,1108729,1311978,5.455028069018789
592053,203284,1108826,1312110,5.454566025855454
592178,203344,1109225,1312569,5.4549187583602174
592294,203349,1109253,1312602,5.4549223256568755
592580,203349,1109651,1313000,5.456879551903378
592606,203371,1109710,1313081,5.4565793549719475
592739,203477,1109845,1313322,5.454400251625491
592758,203482,1109883,1313365,5.454452973727406
592844,203482,1109883,1313365,5.454452973727406
592862,203493,1109917,1313410,5.454325210203791
592903,203516,1109984,1313500,5.454038011753376
592950,203526,1110037,1313563,5.454030443284887
593112,203638,1110193,1313831,5.451796815918444
593191,203677,1110464,1314141,5.452083445848083
593208,203686,1110496,1314182,5.451999646514733
593249,203709,1110548,1314257,5.451639348286036
593311,203709,1110705,1314414,5.4524100555203745
593410,203716,1110954,1314670,5.453444992047753
593487,203737,1111089,1314826,5.453545502289717
593734,203924,1111439,1315363,5.4502608815048745
593748,203932,1111477,1315409,5.450233411137046
593808,203948,1111589,1315537,5.450354992449055
594284,204084,1111981,1316065,5.4486436957331295
594285,204084,1111983,1316067,5.448653495619451
594344,204120,1112050,1316170,5.448020772094846
594421,204156,1112246,1316402,5.448020141460452
594484,204168,1112462,1316630,5.448757885662787
594797,204168,1113248,1317416,5.4526076564397945
594813,204175,1113267,1317442,5.4525137749479615
595066,204264,1113558,1317822,5.451562683585948
595089,204276,1113600,1317876,5.45144804088586
595100,204279,1113612,1317891,5.451426725214046
595205,204318,1113843,1318161,5.451516753296332
595622,204488,1114454,1318942,5.449972614529948
595722,204532,1114546,1319078,5.449249995110789
595750,204564,1114622,1319186,5.448769089380341
595858,204564,1115179,1319743,5.451491953618428
596108,204704,1115623,1320327,5.449932585586994
596156,204730,1115696,1320426,5.449597030234943
596217,204753,1115786,1320539,5.449424428457703
596255,204810,1115855,1320665,5.448244714613544
596286,204820,1115908,1320728,5.448237476808905
596298,204820,1115933,1320753,5.44835953520164
596359,204853,1116018,1320871,5.447896784523536
596399,204874,1116069,1320943,5.447587297558499
596434,204878,1116096,1320974,5.447612725622077
596513,204878,1116278,1321156,5.448501059166919
596610,204882,1116343,1321225,5.448711941507795
596666,204903,1116402,1321305,5.448441457665334
596687,204908,1116413,1321321,5.448362191812911
596696,204912,1116422,1321334,5.4482997579448735
596788,204915,1116474,1321389,5.44847375741161
596821,204930,1116525,1321455,5.448323817889035
596868,204954,1116629,1321583,5.448193253120213
596890,204962,1116656,1321618,5.448112333017828
596946,204989,1116765,1321754,5.447926474103489
596980,204995,1116797,1321792,5.4479231200761
597072,205040,1116952,1321992,5.447483417869684
597168,205069,1117042,1322111,5.4471519342270165
597280,205080,1117215,1322295,5.447703335283792
597292,205085,1117239,1322324,5.4476875441889945
599383,206648,1123256,1329904,5.435600634896055
599444,206682,1123365,1330047,5.435233837489476
599447,206686,1123381,1330067,5.4352060613684525
599586,206717,1123524,1330241,5.435082745976383
599618,206730,1123574,1330304,5.43498282784308
599707,206791,1123726,1330517,5.434114637484223
599729,206806,1123852,1330658,5.4343297583242265
599766,206809,1123899,1330708,5.4344781900207435
599788,206809,1123923,1330732,5.434594239128858
599798,206809,1123939,1330748,5.4346716052009345
599823,206819,1123995,1330814,5.434679599069718
599837,206825,1124011,1330836,5.434599298924211
599882,206845,1124107,1330952,5.434537939036477
599906,206854,1124128,1330982,5.434403008885494
599967,206859,1124134,1330993,5.434300658902925
600018,206870,1124149,1331019,5.434084207473292
600055,206873,1124189,1331062,5.43419875962547
600146,206909,1124412,1331321,5.434331034416096
600160,206913,1124445,1331358,5.434385466355425
600186,206921,1124494,1331415,5.434412166962271
600207,206926,1124535,1331461,5.434478992490069
600226,206931,1124541,1331472,5.4343766762833985
600245,206944,1124563,1331507,5.434141603525592
600256,206944,1124573,1331517,5.434189925777022
600271,206956,1124610,1331566,5.434053615261215
600291,206969,1124634,1331603,5.433828254472892
600349,206974,1124719,1331693,5.434107665697141
600372,206982,1124772,1331754,5.434153694524161
600450,207010,1124868,1331878,5.433882421139075
600498,207028,1124944,1331972,5.433777073632552
600661,207103,1125139,1332242,5.4327508534400755
600699,207111,1125161,1332272,5.432647227815036
600743,207131,1125224,1332355,5.432426821673241
600823,207131,1125346,1332477,5.43301582090561
600841,207139,1125371,1332510,5.432926682083045
600883,207151,1125425,1332576,5.432872638799716
600907,207165,1125468,1332633,5.432713054811383
600948,207188,1125526,1332714,5.432389906751356
601004,207219,1125659,1332878,5.432219053272142
601017,207224,1125681,1332905,5.432194147396054
601045,207226,1125720,1332946,5.4323299199907344
601076,207247,1125757,1333004,5.43195800180461
601121,207274,1125907,1333181,5.43197410191341
601148,207294,1125958,1333252,5.431696045230446
601185,207322,1126005,1333327,5.431189164681028
601207,207336,1126041,1333377,5.4309960643593005
601823,207681,1127161,1334842,5.427366971461039
601952,207681,1127348,1335029,5.428267390854243
602046,207717,1127530,1335247,5.428202795149169
602062,207717,1127556,1335273,5.428327965452996
602100,207738,1127614,1335352,5.42805841974025
602219,207767,1127735,1335502,5.427883157575553
602228,207769,1127751,1335520,5.427907916965476
602934,207802,1128856,1336658,5.4323634998700685
602935,207802,1128860,1336662,5.432382748962955
604241,208433,1132428,1340861,5.4330552263797
604246,208438,1132441,1340879,5.43298726719696
604411,208571,1132713,1341284,5.4308269126580395
604454,208575,1132761,1341336,5.430952894642215
604484,208584,1132807,1341391,5.430939094082
604487,208584,1132816,1341400,5.430982242166226
604522,208596,1132834,1341430,5.4307561027057085
604559,208605,1132908,1341513,5.430876536995758
604757,208623,1133404,1342027,5.432785455103224
604873,208686,1133591,1342277,5.432041440249945
605310,208686,1133591,1342277,5.432041440249945
605467,208686,1133770,1342456,5.432899188254123
605476,208688,1133790,1342478,5.432942957908456
605487,208695,1133811,1342506,5.432861352691727
606836,208786,1134695,1343481,5.434727424252584
609274,210259,1139717,1349976,5.420538478733372
609329,210259,1139795,1350054,5.42090944977385
609349,210266,1139815,1350081,5.420824098998412
609452,210267,1140028,1350295,5.421811316088592
609501,210296,1140141,1350437,5.421600981473732
609639,210359,1140352,1350711,5.4209803241125885
609768,210432,1140505,1350937,5.419826832420925
610185,210432,1141286,1351718,5.42353824513382
610304,210469,1141547,1352016,5.423824886325302
610505,210527,1141867,1352394,5.423850622485477
610519,210535,1141896,1352431,5.423782268981404
610569,210535,1142000,1352535,5.424276248604745
611261,210842,1142758,1353600,5.4199732501114575
611512,211053,1143232,1354285,5.416800519300839
611539,211062,1143286,1354348,5.416825387800741
611631,211088,1143450,1354538,5.416935117107557
611689,211108,1143574,1354682,5.4170093032949955
611702,211113,1143596,1354709,5.416985216448063
611849,211163,1143744,1354907,5.4164034418908615
612185,211357,1144539,1355896,5.415193251228963
612296,211357,1144717,1356074,5.416035428209144
612299,211358,1144720,1356078,5.416023997199065
612332,211367,1144784,1356151,5.416096173953361
612643,211401,1145338,1356739,5.417845705554846
612676,211424,1145390,1356814,5.417502270319358
612857,211433,1146438,1357871,5.422228318190633
612858,211433,1146440,1357873,5.422237777451959
612987,211494,1146721,1358215,5.42200251543779
613229,211536,1146852,1358388,5.421545268890402
613257,211538,1146926,1358464,5.421843829477446
613940,211887,1147985,1359872,5.4179114339246865
613983,211894,1148010,1359904,5.417850434651288
613989,211895,1148023,1359918,5.417886217230232
614125,211960,1148252,1360212,5.417305151915456
614593,212097,1148669,1360766,5.415772028835863
614702,212122,1148727,1360849,5.415407171344792
614750,212122,1148784,1360906,5.415675884632429
615156,212145,1149920,1362065,5.4204435645431195
615163,212154,1149932,1362086,5.420270181094865
615252,212211,1150075,1362286,5.419488150944107
615664,212487,1151178,1363665,5.417639667367886
615673,212492,1151187,1363679,5.417554543229863
616332,212492,1152598,1365090,5.424194793215745
616525,212492,1152598,1365090,5.424194793215745
617026,212623,1153095,1365718,5.423190341590515
617036,212633,1153123,1365756,5.423066974552397
617061,212644,1153159,1365803,5.422955738229153
617315,212755,1153685,1366440,5.422598763836338
617825,212853,1153979,1366832,5.421483371152862
617943,212914,1154144,1367058,5.420705073409922
617972,212914,1154208,1367122,5.421005664258809
618042,212922,1154470,1367392,5.4220324813781575
618532,212974,1155170,1368144,5.423995417280983
618661,212975,1155552,1368527,5.425763587275502
618671,212975,1155581,1368556,5.425899753492194
618692,212985,1155601,1368586,5.425738901800596
618872,213062,1155926,1368988,5.425303432803597
618889,213065,1155946,1369011,5.425320911458944
618903,213077,1155982,1369059,5.425184323038151
619048,213149,1156368,1369517,5.425162679627866
619196,213243,1156585,1369828,5.423788823079773
619267,213263,1156624,1369887,5.4234630479736285
619515,213433,1157087,1370520,5.421312543046295
619575,213454,1157159,1370613,5.421116493483374
619842,213454,1157679,1371133,5.423552615551828
623602,213610,1163625,1377235,5.447427554889752
623623,213617,1163658,1377275,5.447403530617882
623651,213628,1163673,1377301,5.447193251820923
623655,213628,1163675,1377303,5.447202613889565
623695,213636,1163721,1377357,5.4472139527046
623698,213636,1163730,1377366,5.447256080435881
623729,213646,1163792,1377438,5.447291313668405
623764,213654,1163867,1377521,5.447438381682534
623776,213659,1163880,1377539,5.4473717465681295
623814,213680,1163954,1377634,5.44718270310745
623839,213687,1163982,1377669,5.447135296017072
623903,213729,1164080,1377809,5.446523401129467
623914,213729,1164090,1377819,5.446570189351936
624069,213772,1164240,1378012,5.4461762999831596
624095,213778,1164274,1378052,5.446182488375792
624144,213793,1164342,1378135,5.4461184416702135
624240,213811,1164389,1378200,5.445879772322285
624383,213846,1164525,1378371,5.445624421312533
624408,213862,1164566,1378428,5.4454087215120035
624420,213867,1164582,1378449,5.445356226065733
624423,213869,1164606,1378475,5.4454175219410015
624716,214002,1165132,1379134,5.444491172979692
624761,214023,1165201,1379224,5.444279353153633
624816,214053,1165250,1379303,5.443745240664695
624877,214062,1165383,1379445,5.444137679737646
624943,214091,1165426,1379517,5.443601085519709
624965,214093,1165433,1379526,5.44358292891407
625342,214275,1166005,1380280,5.441628748104072
625374,214275,1166026,1380301,5.441726753004317
625397,214277,1166037,1380314,5.4417272969100745
625528,214300,1166147,1380447,5.441656556229585
625563,214339,1166269,1380608,5.441235612744298
625597,214361,1166327,1380688,5.440947747024879
625710,214423,1166502,1380925,5.4401906511894715
626917,215056,1169095,1384151,5.436235213153783
626928,215056,1169107,1384163,5.436291012573469
626943,215063,1169119,1384182,5.436169866504233
627086,215127,1169316,1384443,5.435468351252981
627102,215132,1169333,1384465,5.435421043824257
627110,215137,1169345,1384482,5.435350497589908
627130,215137,1169366,1384503,5.435448109809099
627456,215153,1169717,1384870,5.436675296184576
627474,215153,1169749,1384902,5.436824027552486
627547,215177,1169823,1385000,5.436561528416141
627577,215177,1169870,1385047,5.436779953247791
627599,215179,1169874,1385053,5.436748009796495
627652,215195,1170011,1385206,5.436980413113687
628245,215436,1170842,1386278,5.434755565457955
628295,215447,1170924,1386371,5.434858689143966
628346,215497,1171106,1386603,5.434442242815445
628401,215510,1171227,1386737,5.43467588510974
628462,215549,1171311,1386860,5.434082273636157
628490,215555,1171374,1386929,5.4342232840806295
628500,215566,1171417,1386983,5.434145458931371
628526,215572,1171449,1387021,5.4341426530347166
628850,215672,1172189,1387861,5.435054156311436
628887,215704,1172208,1387912,5.434335941846234
628897,215704,1172208,1387912,5.434335941846234
630748,215725,1176219,1391944,5.452400046355313
630804,215725,1176337,1392062,5.452947039054352
630944,215728,1176419,1392147,5.4532513164725955
630991,215728,1176465,1392193,5.453464547949269
631025,215735,1176529,1392264,5.453584258465247
631099,215773,1176623,1392396,5.453059465271373
631133,215782,1176678,1392460,5.453086911790604
631143,215786,1176693,1392479,5.453055341866479
631217,215810,1176792,1392602,5.452907650247903
631364,215957,1177055,1393012,5.450413739772269
631400,215985,1177103,1393088,5.4499293932449016
631478,216059,1177266,1393325,5.448817221221981
631489,216059,1177292,1393351,5.448937558722386
632074,216205,1177716,1393921,5.447219074489489
632116,216215,1177776,1393991,5.447244640751104
632193,216224,1177786,1394010,5.447064155690395
632198,216227,1177813,1394040,5.44711345021667
632204,216228,1177823,1394051,5.447134506169414
632325,216228,1178005,1394233,5.447976210296539
632466,216327,1178328,1394655,5.4469761056178845
632475,216332,1178347,1394679,5.446938039679751
632529,216335,1178510,1394845,5.447615965978691
632972,216516,1178936,1395452,5.445029466644497
633163,216536,1179337,1395873,5.446378431300107
633686,216712,1179950,1396662,5.444783860607627
633798,216712,1180134,1396846,5.4456329137288195
633846,216712,1180205,1396917,5.445960537487541
633901,216767,1180324,1397091,5.44512771777992
633925,216782,1180360,1397142,5.444917013405172
633984,216805,1180413,1397218,5.4445838426235555
634061,216816,1180433,1397249,5.444399859788946
634135,216816,1180433,1397249,5.444399859788946
634174,216816,1180573,1397389,5.4450455685927235
634211,216842,1180640,1397482,5.4447016721852775
634243,216855,1180675,1397530,5.444536671969749
634256,216865,1180697,1397562,5.444387061074862
634303,216866,1180877,1397743,5.44519196185663
634418,216866,1181135,1398001,5.446381636586648
634449,216879,1181154,1398033,5.446142780075526
634520,216879,1181228,1398107,5.446483984157065
634571,216901,1181265,1398166,5.446102138763767
634591,216912,1181301,1398213,5.445991922991812
634662,216961,1181448,1398409,5.445439502952143
634702,216978,1181507,1398485,5.445284775415019
634737,216978,1181590,1398568,5.445667302675847
634798,216999,1181704,1398703,5.445665648228793
634804,217002,1181724,1398726,5.445682528271629
634849,217020,1181785,1398805,5.445511934383927
634873,217020,1181787,1398807,5.445521150124413
634950,217041,1181977,1399018,5.445869674393317
635101,217050,1182208,1399258,5.446708131766874
635207,217120,1182362,1399482,5.44566138540899
635218,217126,1182390,1399516,5.445639858883782
635320,217219,1182573,1399792,5.44415083395099
636083,217231,1184145,1401376,5.451086631281907
636223,217273,1184231,1401504,5.450428723311226
636235,217275,1184273,1401548,5.450571855942929
636333,217303,1184388,1401691,5.450398751973052
636341,217310,1184396,1401706,5.450259997238968
636389,217310,1184461,1401771,5.4505591091068055
636401,217312,1184472,1401784,5.450559564128994
636471,217369,1184600,1401969,5.449719141183886
636674,217369,1185099,1402468,5.452014776716091
636684,217369,1185115,1402484,5.452088384268226
636702,217380,1185127,1402507,5.45186769712025
636730,217380,1185169,1402549,5.452060907167173
636750,217389,1185195,1402584,5.451954790720782
637333,217393,1186405,1403798,5.45742043212063
637358,217405,1186439,1403844,5.4572755916377265
637535,217453,1186658,1404111,5.457078081240544
637536,217453,1186658,1404111,5.457078081240544
637775,217542,1187028,1404570,5.456546322089528
637796,217562,1187073,1404635,5.456251551281934
637907,217645,1187286,1404931,5.455149440602817
638077,217645,1187571,1405216,5.456458912449172
638095,217658,1187592,1405250,5.45622949765228
638112,217662,1187613,1405275,5.456225707748711
638363,217743,1187962,1405705,5.455798808687305
638416,217768,1188088,1405856,5.455751074538041
638449,217768,1188117,1405885,5.455884243782374
638472,217782,1188147,1405929,5.455671267597873
638500,217782,1188181,1405963,5.455827387020047
638639,217822,1188453,1406275,5.456074225743956
638653,217822,1188480,1406302,5.456198180165456
638708,217848,1188536,1406384,5.45580404685836
638728,217848,1188566,1406414,5.455941757555727
638753,217868,1188603,1406471,5.455610736776396
638841,217919,1188790,1406709,5.455192066777105
638927,217932,1188862,1406794,5.455197033937192
638981,217951,1188962,1406913,5.455180292818111
639025,217974,1189014,1406988,5.45484323818437
639218,217974,1189458,1407432,5.4568801783698975
639238,217980,1189477,1407457,5.4568171391870814
639253,217991,1189486,1407477,5.456583069943255
639415,218081,1189708,1407789,5.45534915925734
639505,218108,1189800,1407908,5.455095640691767
639552,218115,1189843,1407958,5.455117713132981
641120,218260,1190360,1408620,5.453862365985522
641179,218308,1190421,1408729,5.452942631511442
641229,218319,1190531,1408850,5.453171734938325
641244,218329,1190568,1408897,5.453091435402535
641250,218334,1190573,1408907,5.4529894565207435
641289,218342,1190624,1408966,5.453023238772201
641346,218370,1190716,1409086,5.452745340477172
641391,218370,1190819,1409189,5.453217016989513
642199,218659,1191889,1410548,5.450903004221185
642204,218664,1191899,1410563,5.450824095415798
642208,218664,1191901,1410565,5.4508332418688035
642306,218681,1191955,1410636,5.450656435629981
642854,218740,1192135,1410875,5.450009143275121
642870,218740,1192161,1410901,5.450128005851696
642903,218768,1192267,1411035,5.449914978424633
642919,218775,1192364,1411139,5.450183978973832
642933,218779,1192397,1411176,5.450235168823333
643057,218831,1192553,1411384,5.449652928515612
643126,218855,1192640,1411495,5.449452834068219
643189,218855,1192767,1411622,5.450033126956204
643322,218893,1192881,1411774,5.449607799244379
643611,218938,1193261,1412199,5.450223350902996
643680,218945,1193366,1412311,5.450528671584188
643834,219023,1193586,1412609,5.449592051976277
643888,219028,1193692,1412720,5.449951604361086
643917,219046,1193729,1412775,5.4496726714936585
644069,219166,1193894,1413060,5.447441665221795
644322,219283,1194294,1413577,5.4463592708965125
644389,219309,1194483,1413792,5.446575379943368
644438,219321,1194577,1413898,5.4467059697885745
644461,219331,1194638,1413969,5.446735755547551
644712,219567,1195234,1414801,5.443595804469706
644720,219567,1195234,1414801,5.443595804469706
644742,219583,1195271,1414854,5.443367655966081
644824,219629,1195425,1415054,5.4429287571313445
645084,219629,1195743,1415372,5.444376653356342
645098,219629,1195769,1415398,5.4444950348087
645117,219638,1195792,1415430,5.444376656134184
645143,219638,1195815,1415453,5.444481373897049
645165,219651,1195830,1415481,5.444227433519538
645358,219651,1196082,1415733,5.445374708059604
645584,219698,1196369,1416067,5.4455161175795865
645632,219741,1196434,1416175,5.444746314979908
645664,219749,1196464,1416213,5.444684617449909
645684,219749,1196485,1416234,5.444780181024715
645773,219783,1196562,1416345,5.4442882297538935
645918,219783,1196812,1416595,5.445425715364701
645979,219827,1196955,1416782,5.444986284669308
646020,219859,1197004,1416863,5.4444166488522185
646063,219871,1197022,1416893,5.444201372623038
646149,219876,1197159,1417035,5.4447006494569665
646193,219885,1197211,1417096,5.444714282465834
646236,219910,1197282,1417192,5.444418171069983
646378,219910,1197421,1417331,5.445050247828657
646508,219911,1197806,1417717,5.4467761958246745
646559,219926,1197860,1417786,5.446650236897866
646579,219935,1197902,1417837,5.4466183190488096
646583,219936,1197914,1417850,5.44664811581551
646927,220062,1198256,1418318,5.445083658241768
646955,220076,1198290,1418366,5.444891764663116
647116,220076,1198639,1418715,5.446477580472201
647128,220085,1198661,1418746,5.446354817456892
647171,220106,1198720,1418826,5.44610324116562
647334,220120,1199127,1419247,5.447605851353807
647917,220120,1200341,1420461,5.453121024895512
647971,220144,1200427,1420571,5.4529171814812125
648002,220169,1200474,1420643,5.452511479817776
649541,220252,1203627,1423879,5.464772170059749
649546,220253,1203630,1423883,5.464760979419123
649627,220281,1203717,1423998,5.464461301701009
649655,220299,1203748,1424047,5.464155534069605
650105,220559,1204586,1425145,5.461513699282278
650170,220580,1204656,1425236,5.461311088947321
650195,220601,1204685,1425286,5.460922661275334
650233,220631,1204770,1425401,5.460565378391975
650250,220641,1204788,1425429,5.460399472446191
650293,220655,1204825,1425480,5.460220706532823
650295,220655,1204825,1425480,5.460220706532823
650849,220670,1206043,1426713,5.465369103185752
651208,220924,1206848,1427772,5.462729264362405
651357,220955,1207070,1428025,5.462967572582652
651399,220962,1207144,1428106,5.463129406866339
651518,221026,1207431,1428457,5.462846000018097
651673,221026,1207752,1428778,5.46429831784496
651696,221037,1207775,1428812,5.464130439700141
651711,221037,1207794,1428831,5.464216398159584
651761,221057,1207837,1428894,5.463916546411107
651814,221087,1207883,1428970,5.463383193041653
651842,221090,1207894,1428984,5.463358813153015
651852,221090,1207910,1429000,5.463431181871636
651855,221094,1207923,1429017,5.463391136801541
651863,221096,1207931,1429027,5.463377899193111
651929,221096,1208087,1429183,5.464083475051561
651969,221130,1208159,1429289,5.463568941346719
652334,221194,1208738,1429932,5.464605730716023
652364,221203,1208771,1429974,5.464532578672079
652373,221205,1208787,1429992,5.4645555028141315
652406,221222,1208839,1430061,5.464370632215602
652447,221234,1208865,1430099,5.4641917607601
652481,221271,1208911,1430182,5.463485951615892
652526,221276,1209015,1430291,5.463832498779804
652587,221276,1209057,1430333,5.464022306983134
653737,221583,1210636,1432219,5.463577982065411
653769,221595,1210698,1432293,5.463561903472551
653899,221595,1210698,1432293,5.463561903472551
654020,221595,1210880,1432475,5.464383221643088
654075,221610,1210951,1432561,5.464333739452191
654107,221618,1210974,1432592,5.464240269292206
654128,221619,1211062,1432681,5.464612691150127
654184,221641,1211183,1432824,5.464616203680727
654267,221680,1211342,1433022,5.464372067845543
654281,221680,1211389,1433069,5.464584085167809
654315,221702,1211435,1433137,5.46424930762916
654366,221721,1211468,1433189,5.463929893875637
654387,221727,1211490,1433217,5.463881259386543
654401,221740,1211537,1433277,5.463772887165148
654876,222027,1212286,1434313,5.460083683515969
656781,223063,1217019,1440082,5.4559429398869375
656868,223092,1217111,1440203,5.45564610116006
657276,223098,1218212,1441310,5.460434427919569
658131,223418,1219470,1442888,5.458244188024241
658213,223452,1219566,1443018,5.457843295204339
658239,223467,1219651,1443118,5.457857312265346
658324,223514,1219759,1443273,5.457192838032517
658340,223519,1219764,1443283,5.457093133022249
658353,223527,1219776,1443303,5.456951509213652
659585,223527,1219776,1443303,5.456951509213652
660084,223536,1220879,1444415,5.461666129840384
660094,223541,1220887,1444428,5.4615797549442835
660148,223551,1220968,1444519,5.461697778135638
660180,223566,1221009,1444575,5.4615147204852255
660227,223591,1221044,1444635,5.461060597251231
660571,223742,1221587,1445329,5.45980191470533
660572,223742,1221589,1445331,5.459810853572418
660585,223742,1221603,1445345,5.4598734256420345
660605,223746,1221632,1445378,5.459905428476934
660618,223751,1221679,1445430,5.459993474889497
660658,223784,1221800,1445584,5.459729024416402
660709,223793,1221846,1445639,5.459715004490757
660791,223822,1221941,1445763,5.459432048681542
660795,223828,1221946,1445774,5.459308040102221
660800,223830,1221958,1445788,5.459312871375597
660874,223844,1222088,1445932,5.45955218813102
660887,223844,1222095,1445939,5.45958345990958
660972,223850,1222227,1446077,5.460026803663167
661035,223883,1222308,1446191,5.459583800467208
661119,223905,1222531,1446436,5.460043321944575
661154,223928,1222590,1446518,5.45974598978243
661168,223932,1222606,1446538,5.459719914974189
661693,223947,1223267,1447214,5.4623058134290705
661771,223958,1223339,1447297,5.462359013743648
661864,223993,1223483,1447476,5.462148370708014
661898,223993,1223522,1447515,5.462322483291889
661947,224005,1223554,1447559,5.462172719358943
661988,224005,1223587,1447592,5.462320037499163
661998,224005,1223587,1447592,5.462320037499163
662057,224041,1223730,1447771,5.462080601318509
663167,224500,1225712,1450212,5.459741648106904
663176,224506,1225727,1450233,5.459662547994263
663501,224534,1226305,1450839,5.461555933622525
663521,224534,1226358,1450892,5.461791978052322
663555,224539,1226397,1450936,5.461844044909793
663565,224539,1226397,1450936,5.461844044909793
663584,224547,1226418,1450965,5.461742975858061
663599,224547,1226425,1450972,5.461774149732572
663620,224558,1226450,1451008,5.461617933896811
663672,224569,1226539,1451108,5.4617467237241115
663815,224569,1226815,1451384,5.462975744648638
663898,224585,1226862,1451447,5.462795823407618
663918,224594,1226895,1451489,5.462723848366386
663946,224601,1226923,1451524,5.462678260559837
663975,224610,1226942,1451552,5.462543965095054
664158,224611,1227170,1451781,5.4635347333834945
664166,224616,1227191,1451807,5.463506606831214
664218,224640,1227318,1451958,5.463488247863248
664253,224653,1227359,1452012,5.463354595754341
664273,224653,1227359,1452012,5.463354595754341
664564,224831,1228277,1453108,5.463112293233585
664603,224833,1228293,1453126,5.463134860096161
664652,224833,1228402,1453235,5.4636196643731125
664661,224840,1228418,1453258,5.463520725849493
664685,224849,1228487,1453336,5.463608910869072
664757,224867,1228539,1453406,5.463402811439651
664774,224872,1228558,1453430,5.463365825892063
664965,224971,1228825,1453796,5.462148454689715
665002,224994,1228870,1453864,5.461790092180236
665056,225001,1228919,1453920,5.4618379473869005
665129,225012,1228976,1453988,5.461824258261782
665159,225037,1229011,1454048,5.461373018659154
665172,225047,1229031,1454078,5.46121921198683
665543,225219,1229602,1454821,5.459583782895759
665601,225228,1229699,1454927,5.4597962953096415
665622,225236,1229738,1454974,5.459775524338916
665651,225258,1229782,1455040,5.459437622637154
665676,225286,1229831,1455117,5.45897658975702
665953,225401,1230536,1455937,5.459319168947786
666140,225401,1231064,1456465,5.461661660773466
666179,225413,1231094,1456507,5.461503994889381
666215,225451,1231181,1456632,5.460969345888907
666246,225472,1231239,1456711,5.46071796054499
666294,225492,1231285,1456777,5.460437620846859
666332,225508,1231319,1456827,5.460200968480054
666416,225508,1231628,1457136,5.461571208116785
666450,225527,1231686,1457213,5.461368261893255
666476,225540,1231728,1457268,5.46123969140729
666504,225540,1231748,1457288,5.461328367473619
666507,225540,1231757,1457297,5.461368271703467
666523,225546,1231807,1457353,5.461444672040293
666542,225553,1231835,1457388,5.461399316346934
666549,225557,1231843,1457400,5.46133793231866
666793,225757,1232276,1458033,5.458417679186027
666827,225768,1232309,1458077,5.458297898727897
667214,226014,1232940,1458954,5.455148796092278
667294,226053,1233004,1459057,5.454490761016221
667455,226068,1233376,1459444,5.455774368773997
668360,226123,1235306,1461429,5.462982536053387
668378,226123,1235316,1461439,5.463026759772336
668394,226123,1235342,1461465,5.463141741441604
676800,226123,1260518,1486641,5.574479376268668
676816,226123,1260544,1486667,5.5745943579379365
676827,226123,1260546,1486669,5.574603202681726
676958,226138,1260765,1486903,5.575201867885981
676967,226138,1260785,1486923,5.575290309457057
677097,226227,1260977,1487204,5.573945638672661
677380,226319,1261333,1487652,5.573252798041702
677396,226319,1261340,1487659,5.573283727835489
677429,226326,1261427,1487753,5.573495753912498
677559,226335,1261509,1487844,5.573636423884949
678154,226752,1262483,1489235,5.567681872706745
678185,226768,1262564,1489332,5.567646228744796
678204,226779,1262588,1489367,5.567481997892221
678237,226787,1262614,1489401,5.567400247809618
678257,226796,1262648,1489444,5.567329229792413
678312,226847,1262733,1489580,5.566452278407914
678323,226847,1262743,1489590,5.566496360983394
678366,226863,1262869,1489732,5.566659173157368
678391,226863,1262924,1489787,5.56690161022291
678427,226874,1262947,1489821,5.566733076509428
678439,226874,1262957,1489831,5.566777153838695
678526,226909,1263045,1489954,5.5663063166291336
678827,226909,1263644,1490553,5.568946141404704
678865,226916,1263674,1490590,5.568906555729874
679182,226942,1264655,1491597,5.57259123476483
679436,227138,1265122,1492260,5.569838600322271
679459,227147,1265142,1492289,5.569705961337812
679476,227155,1265163,1492318,5.569602253967555
679504,227174,1265198,1492372,5.5692904997931105
679672,227174,1265514,1492688,5.570681504045357
679846,227174,1265805,1492979,5.571962460492838
679868,227183,1265827,1493010,5.571838561864224
680289,227322,1266259,1493581,5.5703319520328
680350,227335,1266329,1493664,5.570321331955045
680365,227336,1266351,1493687,5.570393602421086
680421,227359,1266382,1493741,5.569966440739096
680502,227393,1266512,1493905,5.569705311948916
680591,227413,1266688,1494101,5.5699894025407515
680620,227422,1266734,1494156,5.5699712428876715
680676,227433,1266800,1494233,5.569992041612255
680678,227435,1266801,1494236,5.569947457515334
680768,227480,1266920,1494400,5.56936873571303
680840,227515,1267082,1494597,5.569224007208316
680873,227520,1267111,1494631,5.569229078762307
680932,227529,1267421,1494950,5.5703712493792
681122,227540,1267731,1495271,5.571464357915092
681144,227549,1267747,1495296,5.57131431032437
681208,227573,1267830,1495403,5.571091473944624
681353,227573,1268111,1495684,5.572326242568319
681442,227603,1268194,1495797,5.571956432911692
681447,227604,1268198,1495802,5.5719495263703624
681472,227614,1268235,1495849,5.571867284086216
681492,227614,1268256,1495870,5.571959545546408
682233,227951,1269665,1497616,5.569903180946782
682281,227977,1269714,1497691,5.569482886431526
682432,227986,1269848,1497834,5.5698507803110715
682454,227986,1269898,1497884,5.570070092023195
682460,227991,1269914,1497905,5.570018114750144
682469,227993,1269929,1497922,5.57003504493559
682490,227993,1269966,1497959,5.570197330619799
682619,227993,1270349,1498342,5.571877206756348
682666,227993,1270443,1498436,5.572289500116232
682688,227993,1270458,1498451,5.5723552916098305
682695,227997,1270494,1498491,5.57241542651877
682714,227997,1270509,1498506,5.572481216858116
682754,228008,1270551,1498559,5.57239658257605
683061,228146,1271233,1499379,5.572015288455638
683519,228298,1272326,1500624,5.573093062576107
683640,228340,1272465,1500805,5.572676710169046
684153,228564,1273408,1501972,5.571341068584729
684185,228598,1273501,1502099,5.570919255636532
684546,228837,1274208,1503045,5.568190458710785
684603,228842,1274362,1503204,5.568741751951128
684640,228857,1274404,1503261,5.568560280000175
684662,228868,1274432,1503300,5.568414981561424
684699,228868,1274457,1503325,5.568524214831257
684726,228868,1274483,1503351,5.568637817431882
685787,229274,1276324,1505598,5.566806528433228
685799,229286,1276348,1505634,5.566619854679309
685806,229290,1276358,1505648,5.566566357015134
685838,229290,1276431,1505721,5.566884731126521
685879,229307,1276522,1505829,5.566868870117354
686116,229421,1276921,1506342,5.5658418366235
686246,229422,1277306,1506728,5.567495706601808
686275,229434,1277324,1506758,5.567282965907407
686314,229449,1277359,1506808,5.56707154966899
686377,229486,1277446,1506932,5.566553079490688
687981,229775,1280654,1510429,5.5735132194538135
688123,229830,1281073,1510903,5.5740025236044035
688173,229851,1281139,1510990,5.573780405567085
688202,229851,1281177,1511028,5.573945730059909
688228,229866,1281211,1511077,5.573729912209722
688254,229886,1281275,1511161,5.573523398554066
688310,229919,1281346,1511265,5.5730322417895
688490,229997,1281644,1511641,5.572437901363931
688501,230009,1281667,1511676,5.572247172936711
688511,230019,1281680,1511699,5.572061438402915
688560,230023,1281789,1511812,5.572438408333079
688932,230205,1282204,1512409,5.569835581329684
688944,230207,1282225,1512432,5.569878413775428
689020,230213,1285276,1515489,5.582986191049159
689033,230217,1285300,1515517,5.5829934366271825
689057,230231,1285338,1515569,5.5828189948356215
689131,230272,1285495,1515767,5.5825067745969985
689365,230431,1285798,1516229,5.579969708936732
689597,230552,1286383,1516935,5.579578576633471
689670,230552,1286481,1517033,5.580003643429682
689871,230574,1286634,1517208,5.580134794035755
689896,230588,1286674,1517262,5.579969469356602
690209,230731,1287095,1517826,5.578335810966017
690374,230731,1287343,1518074,5.579410655698627
691275,231129,1288459,1519588,5.574631482851568
691342,231129,1288618,1519747,5.575319410372562
691355,231137,1288624,1519761,5.575152398793789
691386,231147,1288683,1519830,5.575166452517229
691674,231147,1289250,1520397,5.577619436981661
691694,231149,1289257,1520406,5.577601460529788
691769,231178,1289419,1520597,5.5776025400340865
691804,231178,1289431,1520609,5.577654448087621
691839,231190,1289483,1520673,5.5775898611531645
691873,231190,1289549,1520739,5.57787534062892
691905,231209,1289603,1520812,5.577650523984793
692154,231223,1290444,1521667,5.5809499919990655
692432,231223,1290463,1521686,5.581032163755336
692460,231223,1290500,1521723,5.581192182438598
692484,231223,1290549,1521772,5.581404099073189
692507,231227,1290593,1521820,5.581497835460392
692536,231238,1290630,1521868,5.581392331710186
692650,231251,1290870,1522121,5.582116401658804
692666,231251,1290870,1522121,5.582116401658804
693467,231470,1291568,1523038,5.579850520585821
693570,231518,1291705,1523223,5.579285411933413
693608,231528,1291752,1523280,5.579247434435576
693656,231528,1291895,1523423,5.57986507031547
693902,231745,1292965,1524710,5.579257373406114
694075,231745,1292965,1524710,5.579257373406114
694097,231765,1292991,1524756,5.578888097857744
694174,231791,1293121,1524912,5.578823163970991
694295,231823,1293205,1525028,5.578415429012652
694333,231835,1293227,1525062,5.578221580003019
694345,231844,1293245,1525089,5.578082676282328
694373,231857,1293289,1525146,5.577959690671405
694378,231862,1293294,1525156,5.5778609690246785
694586,231888,1293755,1525643,5.579223590698958
695359,232007,1294488,1526495,5.579521307546755
695464,232072,1294679,1526751,5.578781585025337
695503,232084,1294701,1526785,5.5785879250616155
695564,232103,1294784,1526887,5.578488860548981
695626,232135,1294890,1527025,5.578176492127426
695655,232147,1294925,1527072,5.5780389149978244
695896,232147,1295346,1527493,5.5798524210952545
695988,232208,1295512,1527720,5.57910149521119
696010,232210,1295562,1527772,5.579268765341716
696026,232212,1295586,1527798,5.579324065939745
696059,232219,1295631,1527850,5.57934966561737
696081,232228,1295657,1527885,5.5792453967652476
696102,232228,1295694,1527922,5.579404722944692
696111,232230,1295725,1527955,5.57949016061663
696167,232264,1295785,1528049,5.5789317328557155
696251,232281,1295844,1528125,5.578777429062214
696259,232287,1295864,1528151,5.57871942898225
696306,232307,1295950,1528257,5.57860934022651
696470,232411,1296204,1528615,5.577205898171774
696472,232413,1296212,1528625,5.577192325730488
696488,232426,1296251,1528677,5.57704817877518
696721,232476,1296821,1529297,5.578300555756293
696990,232619,1297379,1529998,5.577270128407396
697059,232684,1297539,1530223,5.576399752453972
697077,232703,1297608,1530311,5.576240959506324
697106,232705,1297623,1530328,5.576257493392922
697128,232706,1297655,1530361,5.576371043290676
697181,232746,1297758,1530504,5.575855224149931
697195,232753,1297788,1530541,5.575816423418817
697330,232797,1297941,1530738,5.575419786337453
697383,232813,1298007,1530820,5.575320106695073
697434,232875,1298080,1530955,5.574149221685453
697445,232881,1298103,1530984,5.5741043709018765
697508,232914,1298170,1531084,5.57360227380063
697524,232914,1298196,1531110,5.573713902985651
697636,232978,1298396,1531374,5.573041231360901
697672,232978,1298428,1531406,5.573178583385555
697735,233015,1298505,1531520,5.57262407999485
697823,233065,1298596,1531661,5.5718190204449405
698331,233081,1299482,1532563,5.57523779287029
699007,233507,1301374,1534881,5.573169112703259
699136,233609,1301641,1535250,5.571878651935499
699249,233626,1301702,1535328,5.571734310393535
699299,233651,1301797,1535448,5.571544739804238
699311,233661,1301824,1535485,5.571421846178866
699441,233768,1302231,1535999,5.5706127442592654
699540,233800,1302397,1536197,5.5705603079555175
699549,233802,1302412,1536214,5.570576812858744
699743,233856,1302765,1536621,5.570799979474549
699774,233870,1302808,1536678,5.57065036131184
699892,233939,1302995,1536934,5.569806659000851
699896,233939,1303002,1536941,5.569836581331031
699961,233939,1303002,1536941,5.569836581331031
699979,233944,1303024,1536968,5.5698115788393805
700017,233955,1303108,1537063,5.569908743134364
700084,233970,1303231,1537201,5.570077360345343
700103,233978,1303238,1537216,5.569916829787416
700205,234030,1303406,1537436,5.569397085843695
700233,234037,1303434,1537471,5.569350145489816
700306,234056,1303545,1537601,5.569372286974057
701009,234073,1304599,1538672,5.573470669406553
701117,234073,1304759,1538832,5.574154216846881
701137,234073,1304774,1538847,5.574218299419412
701165,234087,1304816,1538903,5.574064343598748
701187,234101,1304832,1538933,5.573799343018612
701227,234124,1304862,1538986,5.573379918333874
701246,234140,1304886,1539026,5.573101563167336
701352,234167,1305075,1539242,5.573266087877455
701501,234279,1305289,1539568,5.571515159275906
703378,234541,1306346,1540887,5.569798031047877
703399,234543,1306346,1540889,5.569750536149022
703457,234551,1306460,1541011,5.570046599673419
703494,234571,1306609,1541180,5.570206888319528
703501,234572,1306613,1541185,5.5702001943966035
703574,234603,1306778,1541381,5.570167474414223
703586,234603,1306787,1541390,5.570205837095007
703608,234620,1306820,1541440,5.569942886369448
703682,234674,1306901,1541575,5.569006366278327
703787,234695,1307226,1541921,5.569892839642941
703897,234695,1307424,1542119,5.570736487782015
703936,234695,1307494,1542189,5.571034747225122
703966,234714,1307582,1542296,5.570958698671575
704051,234763,1307707,1542470,5.570328373721583
704102,234773,1307821,1542594,5.570576684712467
704171,234774,1307890,1542664,5.570846856977348
704257,234865,1308111,1542976,5.569629361548124
704685,234865,1309019,1543884,5.573495412258105
704864,234906,1309198,1544104,5.573284633002137
704892,234915,1309209,1544124,5.573117936274823
705245,234982,1309441,1544423,5.572516192729656
705462,235094,1310069,1545163,5.572532689052038
705543,235127,1310221,1545348,5.572397045001212
706052,235130,1311038,1546168,5.575800620933101
706121,235179,1311184,1546363,5.5752596958061735
706201,235209,1311320,1546529,5.575126802120667
706280,235277,1311561,1546838,5.574539797770288
706563,235404,1311821,1547225,5.572636828601043
706565,235406,1311833,1547239,5.572640459461526
706584,235413,1311853,1547266,5.572559714204398
706648,235447,1311971,1547418,5.5722561765492875
706846,235447,1312311,1547758,5.573700238270184
706855,235447,1312311,1547758,5.573700238270184
707407,235690,1313028,1548718,5.570995799567228
707457,235722,1313095,1548817,5.570523752555977
708481,236205,1314272,1550477,5.564115916259182
708537,236219,1314362,1550581,5.564167149975235
708745,236331,1314730,1551061,5.563087364755364
708756,236338,1314744,1551082,5.562981831106297
708821,236338,1314887,1551225,5.563586896732645
708941,236338,1315045,1551383,5.564255430781339
708963,236349,1315086,1551435,5.564169935138291
708976,236354,1315108,1551462,5.564145307462535
708979,236354,1315117,1551471,5.564183385938042
709041,236381,1315159,1551540,5.56372551093362
709082,236397,1315192,1551589,5.563488538348626
709127,236415,1315239,1551654,5.563263752299981
709127,236415,1315239,1551654,5.563263752299981
709282,236557,1315667,1552224,5.561733535680618
709608,236725,1316365,1553090,5.560735030098215
709639,236753,1316442,1553195,5.560402613694441
709664,236761,1316486,1553247,5.560400572729462
709690,236771,1316519,1553290,5.560305104932614
709737,236806,1316622,1553428,5.55991824531473
709766,236839,1316657,1553496,5.559291332930809
709795,236848,1316688,1553536,5.559210970749173
709813,236874,1316723,1553597,5.558748532975337
710354,237249,1318137,1555386,5.555922258892556
710626,237378,1318662,1556040,5.555114627303288
710659,237387,1318688,1556075,5.555013543285858
710662,237387,1318690,1556077,5.555021968347045
710679,237392,1318742,1556134,5.5551240142886025
710686,237394,1318748,1556142,5.555102487847208
710729,237414,1318776,1556190,5.554752457732063
710764,237417,1318851,1556268,5.55499816778074
710803,237422,1318866,1556288,5.554944360674242
710831,237432,1318904,1556336,5.554870447117491
711687,237475,1320592,1558067,5.560972733971997
711786,237475,1320763,1558238,5.56169280976945
711924,237490,1321040,1558530,5.562507895069266
712078,237587,1321348,1558935,5.561533248873045
712124,237602,1321409,1559011,5.561438876777132
712132,237602,1321409,1559011,5.561438876777132
712144,237617,1321462,1559079,5.561310848971243
712366,237710,1321854,1559564,5.560784148752682
712511,237710,1322190,1559900,5.562197635774684
712557,237745,1322277,1560022,5.5617447264926705
713796,237745,1322277,1560022,5.5617447264926705
713846,237772,1322312,1560084,5.56126036707434
714088,237909,1322685,1560594,5.559625739253244
714115,237928,1322716,1560644,5.5593120607915
714415,237928,1323259,1561187,5.561594263810901
714433,237935,1323272,1561207,5.561485279593167
714453,237935,1323293,1561228,5.561573538991741
714494,237946,1323361,1561307,5.561602212266648
714505,237949,1323373,1561322,5.561582523986233
714518,237960,1323391,1561351,5.561401075811061
714710,237987,1323824,1561811,5.5625895532108895
714886,238039,1324375,1562414,5.563689143375665
714956,238070,1324453,1562523,5.563292308984752
714964,238077,1324462,1562539,5.563166538556853
715085,238077,1324676,1562753,5.564065407410208
715185,238135,1324801,1562936,5.563235139731665
715194,238135,1324801,1562936,5.563235139731665
715203,238140,1324805,1562945,5.563135130595448
715214,238146,1324819,1562965,5.563053756939021
715767,238429,1325833,1564262,5.56070360568555
716029,238575,1326126,1564701,5.558528764539453
716159,238635,1326528,1565163,5.558815764661512
716172,238641,1326540,1565181,5.558726287603555
716297,238703,1326678,1565381,5.557860605019627
716919,239205,1328101,1567306,5.5521456491294074
716955,239221,1328134,1567355,5.5519122485066115
716994,239232,1328200,1567432,5.551932851792403
716997,239232,1328209,1567441,5.5519704721776355
717134,239272,1328379,1567651,5.551752816877863
717194,239308,1328511,1567819,5.551469236297993
717202,239315,1328523,1567838,5.55135699809874
717234,239341,1328575,1567916,5.550971208443183
717265,239362,1328621,1567983,5.550676381380503
717336,239362,1328793,1568155,5.551394958264052
717548,239426,1328964,1568390,5.55062524537853
717564,239433,1328980,1568413,5.550529793303346
717617,239449,1329071,1568520,5.55053894566275
717712,239458,1329177,1568635,5.550772995681915
717734,239472,1329203,1568675,5.5505570588628315
717834,239563,1329426,1568989,5.5493794951641116
717848,239569,1329442,1569011,5.549307297688766
717949,239641,1329580,1569221,5.5482158729098945
718127,239792,1329940,1569732,5.546223393607794
718267,239858,1330199,1570057,5.545777084775159
718296,239878,1330233,1570111,5.5454564403571815
718323,239893,1330297,1570190,5.545376480347488
718381,239905,1330392,1570297,5.545495091807173
718411,239929,1330428,1570357,5.545090422583348
718461,239943,1330574,1570517,5.545375359981329
718719,240066,1331018,1571084,5.544383627835678
718732,240068,1331051,1571119,5.544474898778679
718926,240149,1331300,1571449,5.543641655805354
719103,240149,1331567,1571716,5.5447534655568
719135,240161,1331610,1571771,5.5446554602953855
719136,240161,1331610,1571771,5.5446554602953855
719199,240186,1331717,1571903,5.544523827367124
719370,240306,1332118,1572424,5.5434238013199835
719652,240454,1332671,1573125,5.542311627171933
719674,240468,1332723,1573191,5.542205199860272
719811,240516,1332876,1573392,5.541735269171282
719903,240530,1332954,1573484,5.541736997463934
719941,240553,1332989,1573542,5.541352633307421
720009,240598,1333102,1573700,5.540785875194308
720016,240598,1333102,1573700,5.540785875194308
720093,240617,1333163,1573780,5.540601869360851
720094,240617,1333163,1573780,5.540601869360851
720157,240664,1333298,1573962,5.540080776518299
720250,240724,1333390,1574114,5.539082102324654
720318,240745,1333540,1574285,5.539221998380029
720327,240747,1333555,1574302,5.539238287496833
720342,240754,1333584,1574338,5.5391976872658395
721171,241092,1336177,1577269,5.5421872148391484
721251,241092,1336271,1577363,5.5425771074942345
721320,241096,1336351,1577447,5.542816969174105
721330,241096,1336367,1577463,5.5428833327803035
721351,241113,1336400,1577513,5.542629389539345
721470,241113,1336627,1577740,5.543570856818173
721533,241128,1336682,1577810,5.5434540990677155
721549,241132,1336693,1577825,5.543407760065026
721561,241132,1336714,1577846,5.543494849294163
721587,241141,1336774,1577915,5.5435367689443105
721691,241212,1337008,1578220,5.542875147173441
721730,241236,1337079,1578315,5.542618017211361
721781,241236,1337195,1578431,5.543098874131556
721790,241236,1337211,1578447,5.5431651992239965
721868,241271,1337279,1578550,5.542642920201764
721998,241330,1337632,1578962,5.542750590477769
722096,241331,1337921,1579252,5.543925148447568
722689,241554,1338921,1580475,5.542946918701408
722728,241574,1338984,1580558,5.542748805748963
722801,241607,1339090,1580697,5.542430475938197
723638,241607,1340799,1582406,5.549503946491616
723675,241618,1340879,1582497,5.549582398662351
723845,241681,1341161,1582842,5.549302593087583
723865,241693,1341203,1582896,5.549200845700951
724027,241792,1341465,1583257,5.548012341185813
724299,241792,1342119,1583911,5.550717145314981
724333,241815,1342196,1584011,5.5505076194611584
724396,241815,1342322,1584137,5.551028678948783
724974,242004,1343015,1585019,5.549557032115172
724999,242017,1343049,1585066,5.549399422354628
725092,242078,1343189,1585267,5.5485793835044905
725186,242123,1343316,1585439,5.548072673806288
725625,242325,1344108,1586433,5.546716186939028
725689,242384,1344207,1586591,5.545774473562611
725815,242465,1344368,1586833,5.544585816509599
725942,242494,1344555,1587049,5.544693889333344
725954,242499,1344601,1587100,5.54476925678044
726143,242533,1344841,1587374,5.544981507671121
726162,242535,1344866,1587401,5.545038860370668
726221,242587,1344988,1587575,5.544353159897274
726319,242588,1345277,1587865,5.545521625142216
726390,242588,1345479,1588067,5.546354312661797
726410,242588,1345500,1588088,5.54644087918611
726704,242737,1345969,1588706,5.544968422613775
726720,242753,1345994,1588747,5.544705935662999
726851,242778,1346120,1588898,5.544653963703466
726955,242806,1346206,1589012,5.544368755302587
726981,242806,1346229,1589035,5.544463481133086
727024,242806,1346278,1589084,5.544665288337191
727038,242812,1346334,1589146,5.544758908126452
727061,242819,1346371,1589190,5.5447514403732825
727123,242843,1346490,1589333,5.544693485091191
727171,242843,1346563,1589406,5.544994090832349
727294,242970,1346769,1589739,5.542943573280652
727325,242985,1346825,1589810,5.5428318620490975
727376,243004,1346890,1589894,5.5426659643462655
727397,243018,1346938,1589956,5.542544173682608
727404,243018,1346938,1589956,5.542544173682608
727467,243038,1347050,1590088,5.542548901817823
727484,243042,1347065,1590107,5.542519399939105
727629,243104,1347416,1590520,5.542549690667369
727683,243115,1347440,1590555,5.542397630750879
727710,243121,1347474,1590595,5.542400697595025
727734,243131,1347518,1590649,5.542353710551102
727743,243136,1347532,1590668,5.542297315082917
727748,243136,1347540,1590676,5.542330218478547
727764,243138,1347547,1590685,5.542313418716943
727923,243145,1347808,1590953,5.543227292356413
727926,243145,1347817,1590962,5.54326430730634
727954,243172,1347850,1591022,5.54278453111378
727957,243172,1347859,1591031,5.542821541953844
727999,243188,1347931,1591119,5.542752931888087
728028,243197,1348036,1591233,5.542979559780754
728044,243197,1348036,1591233,5.542979559780754
728074,243219,1348069,1591288,5.542613858292321
728473,243285,1348836,1592121,5.5442629015352365
728481,243290,1348855,1592145,5.544227054132928
728609,243290,1349075,1592365,5.545131324756463
728639,243301,1349112,1592413,5.545032696125376
728783,243351,1349257,1592608,5.544489235713024
728784,243351,1349259,1592610,5.544497454294414
728797,243355,1349275,1592630,5.5444720675556285
728838,243370,1349368,1592738,5.54451247072359
728882,243415,1349501,1592916,5.544033851652528
728915,243425,1349524,1592949,5.543900585395913
729045,243500,1349654,1593154,5.542726899383983
729119,243523,1349740,1593263,5.542556555232976
729165,243550,1349817,1593367,5.54225826319031
729231,243562,1349852,1593414,5.542128903523539
729285,243588,1349990,1593578,5.542103880322512
729393,243588,1350547,1594135,5.544390528269044
729578,243621,1350688,1594309,5.544218273465752
729583,243623,1350693,1594316,5.544193282243467
729664,243623,1350748,1594371,5.5444190408951535
729985,243623,1351365,1594988,5.546951642496809
729991,243623,1351379,1595002,5.54700910833542
730066,243698,1351529,1595227,5.545917488038474
730109,243701,1351633,1595334,5.546275969323064
731534,244004,1354519,1598523,5.551216373502074
731871,244163,1355125,1599288,5.550083345961509
731874,244164,1355128,1599292,5.550072901820088
731957,244200,1355206,1599406,5.549574119574119
731968,244200,1355224,1599424,5.54964782964783
732074,244299,1355429,1599728,5.548238019803601
732075,244299,1355431,1599730,5.5482462064928635
732086,244306,1355438,1599744,5.548115887452621
734425,244323,1360492,1604815,5.568415581013658
734426,244323,1360494,1604817,5.568423766898737
734952,244334,1361497,1605831,5.572278111110202
735076,244362,1361601,1605963,5.57206521472242
735275,244460,1361826,1606286,5.570751861245194
735279,244467,1361836,1606303,5.570633255204179
735314,244467,1361905,1606372,5.5709155018877805
735366,244494,1361976,1606470,5.57059068934207
735451,244524,1362147,1606671,5.570606566226628
735481,244533,1362202,1606735,5.570626459414476
736380,245018,1363710,1608728,5.565754352741431
736557,245018,1363939,1608957,5.56668897795264
736618,245061,1364022,1609083,5.566050901612251
736621,245061,1364031,1609092,5.566087627162217
736793,245130,1364266,1609396,5.565479541467792
736814,245138,1364298,1609436,5.565428452545097
736866,245164,1364369,1609533,5.5651278327976375
736925,245183,1364458,1609641,5.565059567751435
737019,245232,1364653,1609885,5.564742774189339
737070,245259,1364727,1609986,5.564431886291635
737092,245266,1364754,1610020,5.564383159508452
738556,245270,1366836,1612106,5.572781016838586
738592,245278,1366853,1612131,5.572668563833691
738621,245289,1366893,1612182,5.572581730122427
738626,245291,1366897,1612188,5.572552600788451
738700,245334,1367025,1612359,5.572097630169483
738721,245334,1367062,1612396,5.572248444977052
739077,245456,1367383,1612839,5.570786617560785
739585,245456,1368287,1613743,5.574469558698912
739705,245526,1368527,1614053,5.5738577584451345
739713,245539,1368544,1614083,5.573631887398744
740458,245868,1369710,1615578,5.570916101322661
740467,245868,1369715,1615583,5.570936437437975
741243,246165,1370878,1617043,5.568939532427437
741316,246183,1370903,1617086,5.568633902422182
741330,246190,1370929,1617119,5.568581177139608
741447,246191,1371430,1617621,5.570593563534004
741498,246208,1371458,1617666,5.570322654016117
741511,246215,1371476,1617691,5.570237394147392
741531,246215,1371571,1617786,5.570623235789858
741553,246224,1371627,1617851,5.5706470530898695
741619,246224,1371724,1617948,5.571041003314056
741635,246224,1371750,1617974,5.571146598219507
741775,246239,1372100,1618339,5.572228607166209
741784,246242,1372113,1618355,5.572213513535465
741810,246257,1372132,1618389,5.571951254177546
741841,246280,1372176,1618456,5.5716095501055705
742386,246280,1373912,1620192,5.5786584375507555
742420,246280,1374014,1620294,5.57907260029235
742698,246534,1374596,1621130,5.575685301013248
742711,246534,1374626,1621160,5.57580698808278
742724,246535,1374629,1621164,5.575796540045024
743513,246560,1376302,1622862,5.582016547696301
743524,246564,1376311,1622875,5.581962492496877
743598,246589,1376389,1622978,5.581712890680444
743622,246598,1376417,1623015,5.581622722000989
743693,246627,1376592,1623219,5.581675972217154
743734,246635,1376637,1623272,5.581677377501165
743756,246635,1376677,1623312,5.5818395604841164
744505,246645,1378514,1625159,5.589061201321738
744593,246717,1378613,1625330,5.5878314019706785
744765,246750,1378855,1625605,5.58806484295846
744819,246763,1378935,1625698,5.588094649522011
744952,246817,1379073,1625890,5.587431173703594
744998,246854,1379179,1626033,5.58702309867371
745321,247008,1380072,1627080,5.587155071900505
745386,247040,1380161,1627201,5.5867916126943005
745431,247040,1380304,1627344,5.587370466321244
745452,247050,1380361,1627411,5.587375025298522
745470,247057,1380400,1627457,5.587374573478995
745521,247096,1380455,1627551,5.586715284747628
745701,247183,1380695,1627878,5.585719891740128
745762,247206,1380829,1628035,5.585742255446874
745777,247216,1380843,1628059,5.585572940262766
745845,247237,1380917,1628154,5.585397816669835
745982,247315,1381185,1628500,5.584719891636173
746037,247354,1381324,1628678,5.5844013033951345
746072,247373,1381419,1628792,5.584356417232277
746109,247389,1381469,1628858,5.584197357198582
746388,247485,1381908,1629393,5.583805079095702
746470,247510,1382018,1629528,5.583685507656257
746498,247538,1382079,1629617,5.5833003417657086
746515,247548,1382107,1629655,5.583187906991776
746609,247579,1382245,1629824,5.583046219590514
746633,247579,1382305,1629884,5.583288566477771
746813,247646,1382583,1630229,5.5829005919740275
746819,247646,1382597,1630243,5.582957124282242
747133,247689,1383399,1631088,5.585225827549871
747265,247761,1383700,1631461,5.584817626664407
747316,247761,1383816,1631577,5.585285819802148
747637,247761,1384433,1632194,5.587776122957205
747765,247770,1384834,1632604,5.5891915889736445
747768,247770,1384843,1632613,5.589227912983816
747800,247777,1384975,1632752,5.589602747631943
748251,247847,1385846,1633693,5.5915383280814375
748291,247865,1385892,1633757,5.591317854477236
748318,247874,1385914,1633788,5.591203595375069
748350,247889,1385954,1633843,5.591026628854044
748405,247936,1386083,1634019,5.590487061177078
748425,247936,1386104,1634040,5.590571760454311
748479,248002,1386227,1634229,5.589579922742558
748511,248029,1386397,1634426,5.589656854641998
748600,248080,1386555,1634635,5.589144630764269
748830,248176,1387203,1635379,5.589593675456128
748876,248201,1387297,1635498,5.589409389970226
748928,248237,1387369,1635606,5.588888844128796
748935,248239,1387369,1635608,5.588843815838768
748945,248239,1387385,1635624,5.588908269852843
748982,248265,1387445,1635710,5.588564638591827
748991,248269,1387460,1635729,5.588535016453927
749034,248286,1387527,1635813,5.588422222759237
749596,248307,1388090,1636397,5.590216949179846
749741,248403,1388312,1636715,5.58895021396682
749886,248519,1388675,1637194,5.587802139876629
749890,248519,1388684,1637203,5.5878383544115335
749896,248525,1388688,1637213,5.5877195453173725
749930,248547,1388717,1637264,5.58734162955095
749946,248547,1388743,1637290,5.587446237532539
750044,248548,1389032,1637580,5.58858651045271
750065,248563,1389076,1637639,5.588426274224241
750118,248581,1389107,1637688,5.588146318503828
750123,248585,1389112,1637697,5.588076513063942
750134,248592,1389119,1637711,5.587947319302311
750315,248592,1389308,1637900,5.5887076012100145
750623,248592,1390030,1638622,5.591611958550557
750633,248592,1390046,1638638,5.591676321040098
750694,248604,1390152,1638756,5.591832794323502
750828,248712,1390397,1639109,5.59038968767088
750905,248765,1390482,1639247,5.589540329226378
750919,248768,1390486,1639254,5.5894890018008745
750957,248786,1390585,1639371,5.58948252715185
751443,248935,1390898,1639833,5.587394299716793
751469,248962,1390956,1639918,5.5870213124894565
751610,248979,1391018,1639997,5.586888854080063
751709,249061,1391308,1640369,5.5862138191045565
753024,249416,1392786,1642202,5.584188664720788
753039,249425,1392797,1642222,5.584031271925428
753139,249463,1392998,1642461,5.5839864027932
753382,249484,1393383,1642867,5.585059562937904
753515,249579,1393616,1643195,5.5838672324193945
753549,249590,1393680,1643270,5.5838775591970835
753607,249635,1393771,1643406,5.583235523864842
753615,249641,1393809,1643450,5.583253552100817
753704,249694,1394026,1643720,5.582937515518995
753813,249694,1394139,1643833,5.5833900694450005
754007,249743,1394262,1644005,5.582787105144088
754226,249766,1394664,1644430,5.583882514033135
754301,249766,1394831,1644597,5.584551139866916
754328,249779,1394876,1644655,5.584440645530649
754353,249798,1394907,1644705,5.584139985107967
754365,249802,1394947,1644749,5.584210694870337
754411,249816,1394976,1644792,5.584013834181958
754491,249816,1395132,1644948,5.584638293784225
754512,249832,1395166,1644998,5.584416728041243
754548,249832,1395195,1645027,5.5845328060456625
754566,249840,1395205,1645045,5.584394012167787
754606,249861,1395251,1645112,5.584108764473047
754728,249914,1395371,1645285,5.583404691213778
754788,249939,1395471,1645410,5.583246312100153
754856,249950,1395565,1645515,5.583376675335067
755434,249950,1396447,1646397,5.586905381076215
755453,249962,1396487,1646449,5.586797193173362
755466,249966,1396494,1646460,5.5867357960682655
755476,249966,1396523,1646489,5.586851811846411
755638,250011,1397016,1647027,5.587818136002016
755801,250149,1397396,1647545,5.586254592263011
755871,250180,1397466,1647646,5.585842193620593
755906,250208,1397556,1647764,5.585576800102315
755947,250220,1397589,1647809,5.5854408120853645
756028,250237,1397761,1647998,5.585748710222709
756052,250243,1397795,1648038,5.585750650367842
756250,250257,1397920,1648177,5.5859376560895395
756307,250280,1398008,1648288,5.585775930957328
756312,250280,1398013,1648293,5.585795908582388
756339,250300,1398049,1648349,5.585493407910508
756388,250313,1398102,1648415,5.585415060344449
756426,250324,1398143,1648467,5.585333407903358
756485,250356,1398271,1648627,5.58513077377814
756526,250366,1398294,1648660,5.584999560643218
756665,250444,1398579,1649023,5.5843981089584895
756729,250480,1398849,1649329,5.584673427020121
756752,250488,1398908,1649396,5.5847306058573665
756808,250517,1398961,1649478,5.584295676540913
756823,250521,1399012,1649533,5.584410089373745
756932,250583,1399153,1649736,5.5835910656349395
756996,250605,1399232,1649837,5.5834161329582415
757026,250616,1399251,1649867,5.583246879688447
757073,250636,1399431,1650067,5.583519526325029
757084,250639,1399455,1650094,5.583548450161388
757208,250689,1400028,1650717,5.584720510273685
757229,250689,1400060,1650749,5.584848158475242
757241,250694,1400091,1650785,5.584860427453389
757322,250729,1400186,1650915,5.58445971546969
757587,250919,1400604,1651523,5.581896946823477
757608,250935,1400635,1651570,5.581664574491402
757647,250953,1400689,1651642,5.581479400525198
757678,250977,1400779,1651756,5.581304262940429
757726,250983,1400877,1651860,5.581561300964607
757919,251085,1401314,1652399,5.58103431108987
757941,251090,1401325,1652415,5.5809669839499785
758037,251090,1401536,1652626,5.581807320084432
758119,251117,1401618,1652735,5.581533707395358
758572,251279,1402810,1654089,5.582679014163539
758668,251339,1403035,1654374,5.582241514448613
758706,251357,1403095,1654452,5.582080467223909
758714,251357,1403105,1654462,5.5821202512760735
758760,251365,1403190,1654555,5.582280747120721
758768,251368,1403191,1654559,5.582218102542885
758818,251400,1403308,1654708,5.581972951471758
758848,251412,1403358,1654770,5.581905398310343
758899,251440,1403450,1654890,5.581649697741012
758917,251440,1403460,1654900,5.581689468660516
759086,251440,1403460,1654900,5.581689468660516
759127,251440,1403513,1654953,5.581900254533885
759167,251451,1403581,1655032,5.5819264986021135
759174,251453,1403599,1655052,5.581953685181724
759181,251457,1403603,1655060,5.581880798705146
759304,251511,1403838,1655349,5.581616708613142
759329,251515,1403874,1655389,5.581671073295827
759533,251658,1404280,1655938,5.580112692622527
759582,251695,1404357,1656052,5.579598323367568
759600,251704,1404376,1656080,5.579474303149731
759682,251728,1404434,1656162,5.579172757897413
759814,251787,1404572,1656359,5.578413500299857
760582,252184,1405544,1657728,5.573486026076198
760707,252228,1405741,1657969,5.573294796771175
760917,252370,1406246,1658616,5.572159923921227
760954,252400,1406347,1658747,5.5718977812995245
760975,252403,1406355,1658758,5.5718632504368015
760999,252424,1406424,1658848,5.571673058029347
761060,252424,1406517,1658941,5.572041485754128
761560,252594,1407446,1660040,5.571969247092172
761840,252769,1408029,1660798,5.5704180496817255
761862,252785,1408057,1660842,5.570176236722907
761881,252795,1408081,1660876,5.570050831701576
761910,252795,1408106,1660901,5.57014972606262
762064,252861,1408608,1661469,5.5706811252031745
762071,252862,1408638,1661500,5.570777736472858
762076,252865,1408648,1661513,5.570751191347162
762162,252887,1408827,1661714,5.570974387770032
762240,252922,1408941,1661863,5.570654193783064
762304,252943,1408979,1661922,5.570341934744191
762343,252959,1409054,1662013,5.570286093793856
762466,252961,1409417,1662378,5.571677056937631
762559,252961,1409569,1662530,5.572277940077719
762735,252987,1409754,1662741,5.572436528359165
762825,253019,1409844,1662863,5.572087471691849
762831,253027,1409854,1662881,5.571950819477763
762851,253043,1409877,1662920,5.571689396663808
762921,253043,1410147,1663190,5.572756408989776
762964,253062,1410228,1663290,5.572658083789743
763035,253098,1410400,1663498,5.572545022086307
763080,253125,1410441,1663566,5.5721125925925925
763134,253141,1410490,1663631,5.571953970316938
763236,253191,1410691,1663882,5.5716474914195215
763529,253255,1411483,1664738,5.5733667647233025
763567,253263,1411675,1664938,5.573948820001342
763699,253320,1411986,1665306,5.573922311700616
763977,253343,1412632,1665975,5.5759661802378595
764067,253345,1412896,1666241,5.5769642187530835
764158,253384,1413070,1666454,5.576792536229596
764382,253428,1413512,1666940,5.577568382341336
764836,253596,1414233,1667829,5.576716509724128
764918,253596,1414409,1668005,5.577410526979921
764925,253600,1414414,1668014,5.577342271293375
764951,253612,1414446,1668058,5.577204548680662
765032,253642,1414629,1668271,5.577266383327682
765174,253642,1414881,1668523,5.578259909636417
765805,253902,1415831,1669733,5.576289276965128
765841,253911,1415896,1669807,5.5763476178661024
766004,253924,1416304,1670228,5.57766890880736
766012,253928,1416314,1670242,5.577620427837812
766076,253959,1416413,1670372,5.577329411440429
766089,253959,1416413,1670372,5.577329411440429
766127,253970,1416484,1670454,5.5773674055990865
766170,254006,1416537,1670543,5.576785587742022
766393,254006,1417015,1671021,5.578667433052763
766448,254015,1417147,1671162,5.578989429758085
767852,254337,1419876,1674213,5.582656082284528
767892,254347,1419901,1674248,5.58253488344663
767918,254360,1419929,1674289,5.582359647743356
767931,254364,1419942,1674306,5.582322970231637
768056,254408,1420293,1674701,5.582737178076161
768209,254416,1420725,1675141,5.584259637758631
768305,254432,1420913,1675345,5.584647371399824
768322,254443,1420932,1675375,5.584480610588619
769921,254463,1422905,1677368,5.591795270825228
769976,254468,1423101,1677569,5.5924556329283055
769998,254486,1423131,1677617,5.592177958708927
770024,254504,1423163,1677667,5.591908182189671
770072,254512,1423199,1677711,5.591873860564531
770183,254512,1423377,1677889,5.59257323819702
770218,254530,1423461,1677991,5.592507759399678
770272,254530,1423571,1678101,5.5929399284956585
770302,254555,1423606,1678161,5.592528137337707
770370,254595,1423709,1678304,5.592054046623068
770427,254619,1423764,1678383,5.591742957124174
770500,254634,1423885,1678519,5.591888750127634
770525,254649,1423916,1678565,5.591681098296086
770555,254668,1423987,1678655,5.59154271443605
770632,254718,1424165,1678883,5.59114393172057
770652,254732,1424192,1678924,5.590942637752619
770786,254802,1424421,1679223,5.590305413615278
770838,254802,1424461,1679263,5.5904623982543304
770862,254810,1424486,1679296,5.590384992739688
770884,254822,1424511,1679333,5.5902198397312635
770900,254822,1424511,1679333,5.5902198397312635
770915,254822,1424511,1679333,5.5902198397312635
771056,254926,1424818,1679744,5.58914351615763
771077,254934,1424832,1679766,5.589023041257737
771088,254947,1424844,1679791,5.588785120044558
771347,255098,1425189,1680287,5.586829375377306
771403,255119,1425263,1680382,5.586659558872526
771427,255119,1425293,1680412,5.5867771510549975
771430,255119,1425302,1680421,5.58681242870974
771440,255119,1425318,1680437,5.586875144540391
771675,255139,1425694,1680833,5.587910903468305
771691,255166,1425832,1680998,5.587860451627568
771755,255176,1426159,1681335,5.5889229394613915
772623,255195,1428055,1683250,5.595936440760987
772715,255242,1428168,1683410,5.595348727873939
773093,255296,1428648,1683944,5.596045374780647
773127,255314,1428689,1684003,5.595811432197216
773240,255390,1428833,1684223,5.594710051294099
773257,255390,1428863,1684253,5.594827518696895
773271,255397,1428910,1684307,5.594858201153499
773307,255423,1428953,1684376,5.594457037933154
773415,255423,1429118,1684541,5.595103025177842
773424,255425,1429134,1684559,5.595121855730645
773454,255428,1429155,1684583,5.595138356014219
773514,255458,1429252,1684710,5.594860994762349
773605,255520,1429354,1684874,5.5939026299311205
773640,255533,1429417,1684950,5.593864588918065
773688,255543,1429444,1684987,5.593751345174785
773797,255576,1429615,1685191,5.593698156321407
773947,255636,1429742,1685378,5.592882066688573
774178,255636,1429992,1685628,5.593860019715533
774389,255744,1430329,1686073,5.592815471721722
774409,255752,1430352,1686104,5.59273045763083
774415,255756,1430354,1686110,5.592650807801186
774419,255761,1430364,1686125,5.592580573269576
774817,256072,1431279,1687351,5.589361585803992
774866,256084,1431313,1687397,5.589232439355836
774902,256097,1431363,1687460,5.589143957172477
774928,256104,1431406,1687510,5.58915909161903
774931,256104,1431415,1687519,5.589194233592603
775157,256106,1431450,1687556,5.589287248248772
775320,256195,1431755,1687950,5.588536076035832
775381,256257,1431855,1688112,5.587574193095213
775405,256274,1431887,1688161,5.587328406315116
775450,256310,1432037,1688347,5.587128867387149
775536,256361,1432148,1688509,5.586450357113602
775562,256370,1432178,1688548,5.586371260287865
776405,256718,1433431,1690149,5.5836793680225
776564,256718,1433575,1690293,5.5842402947981835
776694,256719,1433960,1690679,5.585718236671224
776705,256724,1433978,1690702,5.58567956248734
777037,256755,1434569,1691324,5.587306965784503
777077,256776,1434672,1691448,5.587251144966819
777188,256776,1434887,1691663,5.588088450634015
777214,256782,1434930,1691712,5.588125335888029
777280,256818,1434998,1691816,5.587606787686221
777347,256841,1435074,1691915,5.587402322837865
777411,256863,1435153,1692016,5.587231325648303
777434,256863,1435194,1692057,5.587390943810513
777493,256879,1435239,1692118,5.587218106579362
777516,256881,1435250,1692131,5.587217427524807
777539,256888,1435271,1692159,5.587146927844041
777693,257017,1435547,1692564,5.58541652886774
777724,257017,1435601,1692618,5.585626631701405
777768,257017,1435701,1692718,5.586015711023006
777791,257043,1435735,1692778,5.585582956937166
777835,257063,1435808,1692871,5.585432364828855
777900,257082,1435836,1692918,5.58512848040703
777924,257102,1435877,1692979,5.584853482275517
778112,257185,1436220,1693405,5.584384781383051
778141,257203,1436276,1693479,5.5842116927096495
778178,257221,1436385,1693606,5.584244676756564
778193,257227,1436417,1693644,5.584238824073678
778198,257229,1436424,1693653,5.58422261875605
778206,257229,1436424,1693653,5.58422261875605
778317,257229,1436639,1693868,5.58505844986374
778360,257232,1436708,1693940,5.58526155377247
778369,257234,1436715,1693949,5.585245340818088
778498,257242,1437060,1694302,5.586412794178244
778573,257267,1437148,1694415,5.58621198987822
778725,257429,1437576,1695005,5.584359182531883
779014,257472,1437890,1695362,5.584646097439721
779042,257484,1437936,1695420,5.584564477792795
779087,257510,1438028,1695538,5.584357889014019
779104,257515,1438038,1695553,5.584288293885793
779152,257550,1438117,1695667,5.583836148320715
779162,257554,1438125,1695679,5.583780488751874
779174,257555,1438144,1695699,5.58383257944905
779239,257555,1438372,1695927,5.584717827260197
779255,257563,1438384,1695947,5.584590954446097
779418,257572,1439311,1696883,5.587994813100803
779511,257572,1439454,1697026,5.588549997670555
779538,257588,1439529,1697117,5.588494029224964
779554,257590,1439538,1697128,5.588485577856283
780555,257938,1440713,1698651,5.585501166947096
781904,257938,1441688,1699626,5.589281145081376
781956,257955,1441757,1699712,5.589180283382761
782067,257955,1441972,1699927,5.590013762090287
783336,258620,1444158,1702778,5.584092490913309
783369,258644,1444202,1702846,5.583744451833408
783534,258717,1444490,1703207,5.583282119072191
783692,258789,1444643,1703432,5.582319959503688
783732,258808,1444680,1703488,5.582053105004482
783825,258876,1444839,1703715,5.581201038334956
783924,258956,1445016,1703972,5.580160336118877
783950,258969,1445094,1704063,5.580181411674756
784080,258970,1445479,1704449,5.581646522763254
784088,258970,1445479,1704449,5.581646522763254
784133,258989,1445545,1704534,5.58149187803343
784164,258998,1445586,1704584,5.581456227461216
784250,259024,1445798,1704822,5.581714435727964
784259,259028,1445819,1704847,5.581709313278873
785470,259231,1448404,1707635,5.587310159664546
785491,259239,1448474,1707713,5.587407758863443
785513,259252,1448489,1707741,5.587185441192354
785633,259348,1448804,1708152,5.586331878402764
785649,259348,1448830,1708178,5.586432129802428
785931,259348,1449106,1708454,5.587496336968089
785943,259359,1449123,1708482,5.587324904861601
786061,259359,1449317,1708676,5.58807290281039
786093,259384,1449390,1708774,5.587815748080066
786185,259384,1449395,1708779,5.587835024519631
786187,259386,1449395,1708781,5.587791939426183
786225,259400,1449461,1708861,5.587744795682344
786245,259400,1449482,1708882,5.587825751734773
786270,259420,1449542,1708962,5.587626243157813
786285,259425,1449559,1708984,5.587584080177315
786677,259633,1450618,1710251,5.587186528677017
786770,259649,1450882,1710531,5.587858994257632
786873,259700,1451050,1710750,5.587408548324991
786926,259718,1451200,1710918,5.587598857222064
786945,259726,1451217,1710943,5.587492203321962
786983,259735,1451276,1711011,5.587525747396385
787094,259835,1451576,1711411,5.5865299132141555
787111,259845,1451601,1711446,5.586411129711943
787173,259856,1451767,1711623,5.586813465919586
787252,259877,1451894,1711771,5.5868507024476965
787263,259890,1451914,1711804,5.586648197314249
787310,259927,1452016,1711943,5.586245368892035
787329,259929,1452036,1711965,5.586279330124765
787350,259929,1452066,1711995,5.586394746257632
787374,259929,1452098,1712027,5.5865178567993565
787471,259929,1452287,1712216,5.587244978436419
787497,259935,1452324,1712259,5.587258353049801
787511,259940,1452347,1712287,5.587239362929907
787564,259978,1452502,1712480,5.587018901599366
787664,260053,1452666,1712719,5.586038230668364
787673,260055,1452689,1712744,5.586083713060699
787736,260081,1452794,1712875,5.585928999042606
787810,260090,1452936,1713026,5.586281671729017
787900,260132,1453347,1713479,5.586959697384405
787934,260138,1453354,1713492,5.586857744735487
787967,260143,1453383,1713526,5.586861841371861
788019,260153,1453418,1713571,5.586781624659335
788066,260159,1453497,1713656,5.586956438178191
788250,260238,1453971,1714209,5.587081825098563
788302,260250,1454111,1714361,5.587362151777137
789075,260654,1455211,1715865,5.582922188034713
789100,260676,1455245,1715921,5.582581442096703
789113,260683,1455277,1715960,5.582554290076453
789140,260685,1455292,1715977,5.582569000901471
789216,260724,1455349,1716073,5.581952562863411
789271,260727,1455388,1716115,5.582037917055004
789293,260740,1455410,1716150,5.581843982511314
789345,260769,1455477,1716246,5.581480160601912
789389,260810,1455558,1716368,5.580913308538783
789510,260810,1455740,1716550,5.5816111345423876
789576,260816,1455754,1716570,5.581536408809275
789674,260816,1456044,1716860,5.582648303785044
789696,260827,1456088,1716915,5.582581557890863
789698,260831,1456093,1716924,5.58251511515119
789760,260881,1456182,1717063,5.581786331699127
789783,260890,1456214,1717104,5.58171643221281
789796,260896,1456235,1717131,5.581668557586164
789831,260911,1456291,1717202,5.581562295188781
789986,260911,1456367,1717278,5.581853582256018
790042,260966,1456530,1717496,5.581301778775779
790045,260967,1456533,1717500,5.581291887480027
790055,260971,1456543,1717514,5.5812446593682825
790065,260971,1456559,1717530,5.5813059688624405
790306,260990,1457046,1718036,5.582765623203954
790329,260990,1457075,1718065,5.582876738572359
790408,261016,1457269,1718285,5.583063873479021
790601,261036,1457343,1718379,5.582919597296924
790768,261036,1457636,1718672,5.5840420478401445
790809,261048,1457678,1718726,5.583946247433422
791051,261048,1458125,1719173,5.5856585762005455
791062,261057,1458142,1719199,5.585531129216991
791096,261071,1458212,1719283,5.585499729958517
791135,261071,1458261,1719332,5.5856874183651195
791222,261080,1458753,1719833,5.58737934732649
791304,261142,1458878,1720020,5.586531465639384
791305,261142,1458880,1720022,5.586539124307848
791331,261146,1458897,1720043,5.586518652401339
791892,261289,1459729,1721018,5.586645438575677
791970,261326,1459796,1721122,5.5861108347428114
792029,261347,1459920,1721267,5.5861364392933535
792174,261426,1460223,1721649,5.585607399417044
792384,261592,1460769,1722361,5.584150126915196
792403,261597,1460797,1722394,5.58415042985967
792408,261599,1460801,1722400,5.584123027993226
792455,261630,1460912,1722542,5.583885640025991
792464,261632,1460935,1722567,5.583930864726027
792517,261659,1461044,1722703,5.5837712442530165
792533,261659,1461070,1722729,5.583870610221701
792707,261781,1461524,1723305,5.583002586131156
792723,261788,1461560,1723348,5.5829908169969595
792793,261804,1461664,1723468,5.583046859482667
792802,261806,1461680,1723486,5.583065323178231
792929,261806,1461896,1723702,5.583890361565434
794271,262605,1465110,1727715,5.579139772662364
794313,262615,1465133,1727748,5.579014907754698
794323,262618,1465141,1727759,5.578981638730019
794388,262662,1465264,1727926,5.578515354333707
794400,262667,1465284,1727951,5.578485306490728
794416,262677,1465301,1727978,5.578337654229339
794427,262677,1465311,1727988,5.578375723797667
794470,262695,1465396,1728091,5.578317059708026
794489,262707,1465437,1728144,5.578218319268234
794512,262720,1465479,1728199,5.578102161997564
794560,262729,1465514,1728243,5.57804429659459
794612,262742,1465565,1728307,5.5779624117956015
794617,262744,1465573,1728317,5.577950400389733
794647,262765,1465614,1728379,5.577660647346488
794701,262774,1465726,1728500,5.577895834443286
795082,262936,1466187,1729123,5.576212462348252
795525,262936,1467052,1729988,5.579502236285636
795619,262948,1467085,1730033,5.579373107990934
795662,262967,1467201,1730168,5.579411104815433
796717,263291,1469583,1732874,5.581592230649737
796892,263350,1470008,1733358,5.581955572432125
797081,263375,1470214,1733589,5.582207878500237
797675,263375,1470734,1734109,5.584182249644043
797696,263377,1470734,1734111,5.584139845164915
797746,263377,1470846,1734223,5.584565091105146
797823,263399,1470969,1734368,5.58456562097806
797834,263399,1470995,1734394,5.584664330540359
797849,263399,1471039,1734438,5.584831377491942
797968,263410,1471298,1734708,5.58558141300634
798021,263413,1471392,1734805,5.585874653111274
798099,263446,1471615,1735061,5.586021423745284
798118,263447,1471649,1735096,5.586129278374777
798697,263521,1471857,1735378,5.585349934160845
798713,263527,1471874,1735401,5.585287276066589
798740,263551,1471908,1735459,5.584907664930127
798796,263557,1471952,1735509,5.584947468669016
798891,263612,1472096,1735708,5.584328482770132
798921,263621,1472128,1735749,5.584259220623546
799109,263680,1472348,1736028,5.5838440533980584
799112,263683,1472354,1736037,5.583803278937209
799146,263692,1472390,1736082,5.583749222577856
799164,263702,1472414,1736116,5.5836284897346244
799594,263869,1474091,1737960,5.586450094554495
799670,263901,1474207,1738108,5.586212253837614
799728,263901,1474252,1738153,5.586382772327502
799768,263927,1474316,1738243,5.586074937387989
800353,264240,1475501,1739741,5.583942627914017
800463,264263,1475774,1740037,5.584489693979104
800496,264290,1475850,1740140,5.584206742593364
800584,264346,1476025,1740371,5.583685775460949
800608,264346,1476046,1740392,5.583765216799195
800762,264360,1476288,1740648,5.584384929641398
800772,264360,1476300,1740660,5.58443032228779
801602,264673,1477583,1742256,5.582673714356961
801619,264694,1477631,1742325,5.582412143834012
801637,264704,1477645,1742349,5.5822541404738875
801705,264713,1477788,1742501,5.582604556633033
801728,264713,1477816,1742529,5.58271033156664
801788,264726,1477852,1742578,5.5825721689596035
801824,264740,1477893,1742633,5.582431819898769
801836,264746,1477930,1742676,5.582445060548602
801929,264806,1478094,1742900,5.581799506053488
801951,264812,1478130,1742942,5.5818089814660965
801960,264815,1478134,1742949,5.581760851915488
802142,264915,1478310,1743225,5.580318215276598
802216,264928,1478481,1743409,5.580689847807706
802283,264981,1478620,1743601,5.580098195719693
802392,265053,1478816,1743869,5.579321871474762
802393,265053,1478818,1743871,5.57932941713544
802395,265057,1478828,1743885,5.579282946686939
802575,265105,1478958,1744063,5.57876313158937
802580,265106,1478966,1744072,5.578772264679034
802615,265116,1478987,1744103,5.578641047692331
802651,265135,1479087,1744222,5.578618439662813
802734,265213,1479328,1744541,5.577886453529804
802767,265229,1479386,1744615,5.57776864520848
802879,265286,1479576,1744862,5.577286400337749
802883,265288,1479580,1744868,5.577259431259612
802903,265304,1479614,1744918,5.57705123179447
802924,265315,1479655,1744970,5.576974539698095
802944,265315,1479676,1744991,5.5770536908957276
804286,265338,1482949,1748287,5.588905471511808
804367,265379,1483081,1748460,5.588539409674466
804383,265379,1483107,1748486,5.588637382762012
804528,265384,1483366,1748750,5.589508033641817
804532,265385,1483382,1748767,5.589547261525708
804589,265431,1483465,1748896,5.5888912749452775
804599,265433,1483473,1748906,5.5888793028749255
804616,265435,1483497,1748932,5.588927609395897
804698,265465,1483556,1749021,5.588518260410977
804742,265478,1483573,1749051,5.588308635743828
804810,265486,1483707,1749193,5.5886449756296
804944,265540,1483978,1749518,5.588529035173608
804968,265547,1484035,1749582,5.588596369004357
804984,265547,1484061,1749608,5.588694280108606
805026,265547,1484191,1749738,5.589183835629851
805465,265771,1484863,1750634,5.587001591595772
805472,265773,1484863,1750636,5.586959548185858
805534,265827,1485107,1750934,5.5867425054640805
805660,265838,1485431,1751269,5.587730121352101
805685,265845,1485491,1751336,5.587808685512234
805740,265845,1485590,1751435,5.588181082961876
805775,265860,1485642,1751502,5.588061385691717
805862,265927,1485882,1751809,5.587555983408981
808153,265949,1489206,1755155,5.599592403054721
808242,265949,1489352,1755301,5.6001413804902445
808284,265959,1489396,1755355,5.600096255437868
808313,265971,1489414,1755385,5.5999112685217565
808331,265982,1489448,1755430,5.599807505771067
808372,265992,1489506,1755498,5.599815032031039
808383,265995,1489518,1755513,5.599796988665201
808392,265997,1489520,1755517,5.599762403335376
808442,266011,1489588,1755599,5.599723319712343
808559,266023,1489836,1755859,5.600402972675295
808604,266044,1489952,1755996,5.600396926824135
808613,266044,1489956,1756000,5.600411961931109
808898,266044,1490556,1756600,5.602667227977327
808913,266051,1490577,1756628,5.6025987498637475
809103,266051,1490895,1756946,5.603794009419246
809137,266071,1490963,1757034,5.6036283548376185
809235,266088,1491028,1757116,5.603514626740026
809322,266124,1491211,1757335,5.603444259067202
809323,266124,1491213,1757337,5.603451774360824
809412,266163,1491501,1757664,5.603712762480134
809458,266180,1491559,1757739,5.603572770305808
809485,266192,1491588,1757780,5.603429103804772
809530,266196,1491755,1757951,5.603972261040737
809605,266261,1491925,1758186,5.603242682931409
809642,266287,1492004,1758291,5.602992260230503
809670,266331,1492104,1758435,5.602442073960598
809721,266354,1492161,1758515,5.602172297018254
809884,266409,1492326,1758735,5.601635079895949
810189,266570,1492856,1759426,5.6002400870315485
810223,266607,1492962,1759569,5.599860468779889
810296,266641,1493063,1759704,5.599525204300914
810318,266648,1493081,1759729,5.599445711199784
810726,266648,1494188,1760836,5.603597251807627
810743,266657,1494224,1760881,5.603543128438406
810767,266665,1494246,1760911,5.60345752160951
811056,266705,1494912,1761617,5.605114264824431
811089,266730,1494966,1761696,5.604791362051513
811130,266753,1494998,1761751,5.604428066413498
811142,266753,1495023,1761776,5.604521786071759
811239,266854,1495249,1762103,5.603247468653271
811260,266872,1495281,1762153,5.602989448124943
811298,266887,1495308,1762195,5.602775706572444
811345,266910,1495427,1762337,5.602738750889813
811361,266910,1495434,1762344,5.602764976958525
811403,266921,1495497,1762418,5.602770108009486
811440,266935,1495537,1762472,5.602626107479349
811448,266939,1495546,1762485,5.602575869393382
811486,266945,1495591,1762536,5.602618516922962
811512,266968,1495640,1762608,5.6023193791016155
811735,266968,1496118,1763086,5.604109855862875
811853,267003,1496207,1763210,5.603708572562855
811868,267004,1496267,1763271,5.603912300939312
811965,267035,1496391,1763426,5.603726103319789
812013,267035,1496534,1763569,5.604261613646151
812110,267057,1496576,1763633,5.603957207637321
812111,267057,1496578,1763635,5.603964696675241
812132,267057,1496607,1763664,5.604073287725092
812180,267057,1496715,1763772,5.604477695772813
812207,267071,1496787,1763858,5.604453497384591
812470,267100,1497249,1764349,5.605574691126919
812490,267106,1497263,1764369,5.605501186794756
812499,267108,1497278,1764386,5.605515372059242
812504,267110,1497285,1764395,5.605499606903523
812646,267186,1497440,1764626,5.604485264946517
812703,267208,1497491,1764699,5.6042146941708335
812729,267230,1497543,1764773,5.6039479100400404
813054,267230,1498149,1765379,5.606215619503798
813063,267230,1498149,1765379,5.606215619503798
813101,267259,1498221,1765480,5.6058766963881475
813246,267339,1498471,1765810,5.605134305133183
813870,267359,1499329,1766688,5.607924176855838
813886,267361,1499353,1766714,5.607971992923425
813964,267374,1499437,1766811,5.608013494206617
814094,267443,1499738,1767181,5.607692106355373
814122,267447,1499755,1767202,5.607671800394097
814309,267474,1500099,1767573,5.6083918436932185
814341,267498,1500136,1767634,5.608026975902623
814346,267500,1500140,1767640,5.608
814359,267510,1500163,1767673,5.6078763410713615
814851,267593,1500932,1768525,5.609010699084057
814941,267605,1501190,1768795,5.60972328618673
814958,267605,1501235,1768840,5.609891444479737
815043,267641,1501305,1768946,5.609398410557426
815316,267674,1501457,1769131,5.609274714764975
815357,267692,1501505,1769197,5.60907684951362
815427,267725,1501614,1769339,5.60879260435148
815454,267729,1501660,1769389,5.608880621822814
815463,267735,1501675,1769410,5.608810951127047
815498,267753,1501732,1769485,5.608646775199531
815503,267756,1501735,1769491,5.608595138857766
815546,267769,1501774,1769543,5.60846849336555
815586,267770,1501778,1769548,5.608462486462263
815621,267783,1501829,1769612,5.608380666435136
815760,267884,1502094,1769978,5.60725537919398
815786,267891,1502173,1770064,5.6074037574983855
815792,267892,1502183,1770075,5.607420154390575
815816,267896,1502196,1770092,5.607384955355809
815874,267930,1502273,1770203,5.606960773336319
815902,267949,1502321,1770270,5.606742327831043
815912,267954,1502330,1770284,5.606671294326638
816252,268171,1503264,1771435,5.60561731134239
816566,268354,1503858,1772212,5.604008138503619
816766,268413,1504215,1772628,5.604106358484872
816981,268459,1504618,1773077,5.604647264572989
817101,268522,1504768,1773290,5.603890928862439
817124,268531,1504808,1773339,5.603852069221058
817151,268536,1504842,1773378,5.603874340870497
817239,268542,1505066,1773608,5.604583268166619
817252,268542,1505080,1773622,5.60463540153868
817323,268578,1505329,1773907,5.604811265256275
817341,268578,1505362,1773940,5.604934134590324
817434,268578,1505505,1774083,5.6054665683712
817498,268611,1505605,1774216,5.6051501986143535
817662,268696,1506105,1774801,5.60523788965969
818417,268724,1507635,1776359,5.6103474196573435
818477,268737,1507653,1776390,5.610143002266156
818610,268785,1507776,1776561,5.6095987499302415
818647,268785,1507812,1776597,5.60973268597578
818695,268792,1507835,1776627,5.60967216286199
818739,268816,1507903,1776719,5.6094242902208205
818762,268829,1507966,1776795,5.609387380081762
818829,268839,1508087,1776926,5.6096288112959805
818912,268895,1508227,1777122,5.608981200840477
818933,268918,1508263,1777181,5.6086353460906295
819069,268939,1508317,1777256,5.608398186949457
819120,268950,1508397,1777347,5.608466257668712
819242,269049,1508574,1777623,5.607060423937647
819349,269107,1508735,1777842,5.606450222402241
819510,269107,1509122,1778229,5.607888312084041
819532,269127,1509184,1778311,5.607701939976294
819545,269128,1509206,1778334,5.607762848904611
819557,269131,1509223,1778354,5.607763505504754
819565,269131,1509242,1778373,5.607834103094776
819589,269148,1509272,1778420,5.607591362373118
819638,269163,1509337,1778500,5.6075203501224165
819929,269352,1509806,1779158,5.605326858534557
819947,269352,1509826,1779178,5.605401110814102
819973,269357,1509861,1779218,5.605426998370192
820027,269357,1509861,1779218,5.605426998370192
820380,269357,1510160,1779517,5.606537049343436
820574,269463,1510611,1780074,5.606005277162356
821440,270232,1513092,1783324,5.5992332514284024
821568,270332,1513300,1783632,5.597931432460826
822757,270725,1514898,1785623,5.5957078215901745
822778,270725,1514960,1785685,5.595936836272971
822801,270730,1515004,1785734,5.595996010785654
822845,270755,1515072,1785827,5.595730457424609
822882,270770,1515093,1785863,5.595498024153341
822929,270770,1515187,1785957,5.595845182258005
823922,270835,1516392,1787227,5.598951391068363
824030,270835,1516949,1787784,5.601007993796961
824041,270835,1516959,1787794,5.601044916646667
824094,270860,1517025,1787885,5.600771616333161
824105,270862,1517048,1787910,5.600815175255296
824117,270864,1517060,1787924,5.600818122747947
824188,270864,1517187,1788051,5.601286992734361
826069,270874,1521248,1792122,5.616072417433936
826087,270874,1521279,1792153,5.616186861788138
826316,270950,1521727,1792677,5.616264993541244
826323,270953,1521737,1792690,5.616239716851262
826749,271088,1522415,1793503,5.61594390013575
826789,271110,1522488,1793598,5.615757441628859
826946,271165,1522785,1793950,5.6157136798628144
826981,271189,1522854,1794043,5.61547112899122
827187,271189,1523523,1794712,5.617938043209717
827197,271193,1523538,1794731,5.61791049178998
827272,271193,1523705,1794898,5.618526289395375
827322,271223,1523763,1794986,5.618118669876817
827352,271237,1523815,1795052,5.618020402821149
827353,271237,1523817,1795054,5.618027776446429
827363,271243,1523839,1795082,5.617984611584446
827410,271255,1523879,1795134,5.617883541317211
827454,271255,1523906,1795161,5.617983078652928
827475,271263,1523953,1795216,5.617990658512219
827581,271311,1524088,1795399,5.617494314642606
827616,271317,1524118,1795435,5.617480659155158
827644,271317,1524183,1795500,5.617720231316135
827664,271321,1524200,1795521,5.6177000674477835
827971,271432,1524661,1796093,5.617101152406496
827975,271436,1524686,1796122,5.617110479081625
827999,271440,1524708,1796148,5.61710875331565
828093,271464,1524891,1796355,5.617286270002652
828167,271492,1525033,1796525,5.617229973627215
828556,271519,1525170,1796689,5.617175961903219
828610,271547,1525212,1796759,5.616751427929604
828792,271659,1525567,1797226,5.615742530157293
828810,271659,1525577,1797236,5.615779341012078
828850,271682,1525605,1797287,5.61540698316414
828859,271684,1525620,1797304,5.615420856583384
828891,271686,1525627,1797313,5.6154052840411355
828917,271701,1525668,1797369,5.615246171342763
828930,271707,1525676,1797383,5.61515161552702
828968,271718,1525714,1797432,5.615064147388101
829022,271756,1525807,1797563,5.614621204315636
829057,271763,1525887,1797650,5.614770958519004
829084,271766,1525939,1797705,5.614900318656491
829154,271766,1526067,1797833,5.615371312084661
830860,272467,1528823,1801290,5.611039135014516
831027,272555,1529009,1801564,5.609909926436866
831180,272656,1529228,1801884,5.608635056628132
831181,272656,1529230,1801886,5.608642391878411
831234,272671,1529330,1802001,5.608700595222814
831307,272672,1529407,1802079,5.608962416383053
831377,272672,1529487,1802159,5.609255809177327
831450,272673,1529580,1802253,5.609576305684831
831678,272786,1529930,1802716,5.608535628661295
831685,272787,1529934,1802721,5.608529731988694
831733,272795,1530027,1802822,5.608706171300794
831781,272806,1530085,1802891,5.60869262406252
831885,272835,1530197,1803032,5.608506973078967
831981,272835,1530408,1803243,5.6092803342679645
832067,272846,1530472,1803318,5.6092887562947595
832422,272986,1530811,1803797,5.607653872359755
832441,272997,1530831,1803828,5.607501181331663
832451,273004,1530860,1803864,5.607463626906566
832666,273133,1531228,1804361,5.606162565490073
832886,273308,1531762,1805070,5.604526761016874
832897,273308,1531762,1805070,5.604526761016874
832922,273338,1531812,1805150,5.604094564239147
833111,273377,1532061,1805438,5.604205913445535
833127,273377,1532087,1805464,5.60430102020287
833208,273418,1532176,1805594,5.60378614429189
833678,273658,1533050,1806708,5.602065351643292
833751,273681,1533111,1806792,5.601817444396944
833778,273692,1533138,1806830,5.601690951872908
833791,273697,1533156,1806853,5.601654384227814
833825,273713,1533180,1806893,5.601414620423582
833841,273713,1533206,1806919,5.601509610431364
834033,273833,1533615,1807448,5.600548509493012
834063,273853,1533681,1807534,5.600380496105575
834143,273898,1533781,1807679,5.599825482478879
834417,273999,1534497,1808496,5.600374453921365
834690,274237,1535372,1809609,5.598704769961748
834724,274252,1535453,1809705,5.598693901958782
834775,274287,1535581,1809868,5.59844615311699
834888,274322,1535738,1810060,5.598304182675833
834926,274335,1535807,1810142,5.598290411358375
835061,274380,1536055,1810435,5.598276113419345
835364,274570,1536936,1811506,5.597610809629603
835427,274605,1537037,1811642,5.597265162688225
835470,274605,1537099,1811704,5.597490941534204
835561,274613,1537139,1811752,5.597473535484482
835642,274634,1537304,1811938,5.597646322014026
835662,274643,1537319,1811962,5.59751750454226
835741,274684,1537429,1812113,5.597082465669642
835751,274691,1537445,1812136,5.5969980814806455
836051,274691,1537988,1812679,5.598974848102049
836090,274703,1538039,1812742,5.598915920102802
836105,274710,1538059,1812769,5.5988460558407045
836114,274714,1538075,1812789,5.598822775686714
836149,274727,1538211,1812938,5.599052877947926
836194,274757,1538298,1813055,5.598758175405904
836222,274757,1538318,1813075,5.598830966999931
836238,274757,1538370,1813127,5.5990202251444
836247,274764,1538392,1813156,5.598957650929525
836301,274790,1538490,1813280,5.598784526365589
836367,274814,1538578,1813392,5.598615791044124
836424,274814,1538698,1813512,5.599052450020741
836457,274833,1538758,1813591,5.5988836857291515
836484,274833,1538808,1813641,5.599065614391285
836965,274963,1539317,1814280,5.598269585362394
837120,274977,1539625,1814602,5.599104652389109
837966,275274,1540918,1816192,5.597760776535379
838265,275404,1541368,1816772,5.596752407372442
838346,275436,1541506,1816942,5.596603203648034
838378,275453,1541559,1817012,5.596450211106795
838481,275502,1541731,1817233,5.596079157320092
839407,275624,1543531,1819155,5.6001327895974224
839451,275647,1543695,1819342,5.600260478075219
839477,275653,1543730,1819383,5.600265551254657
839490,275661,1543740,1819401,5.600139301533405
843250,275676,1549824,1825500,5.6219039742306185
843259,275679,1549843,1825522,5.621911716162638
843342,275679,1550152,1825831,5.62303258499922
843623,275683,1550821,1826504,5.625377698298408
843633,275688,1550835,1826523,5.625326455993732
843701,275750,1550995,1826745,5.624641885766093
843984,275892,1551375,1827267,5.623124266017137
844099,275933,1551585,1827518,5.623049798320607
844109,275933,1551616,1827549,5.623162144433612
844323,275933,1551925,1827858,5.624281981495508
844330,275933,1551925,1827858,5.624281981495508
844338,275941,1551989,1827930,5.6243508576108665
844344,275945,1552001,1827946,5.624312815959702
844592,276023,1552243,1828266,5.623600207229107
844899,276083,1552585,1828668,5.623616810886581
844908,276087,1552606,1828693,5.623611397856473
844948,276099,1552644,1828743,5.623504612475959
844959,276108,1552670,1828778,5.623415475103945
845039,276152,1552759,1828911,5.622841768301515
845192,276246,1552946,1829192,5.621605380711395
845202,276257,1552971,1829228,5.621472035097753
845217,276264,1552993,1829257,5.621409231749341
845245,276276,1553028,1829304,5.621291751726535
845304,276314,1553131,1829445,5.620891449582721
845334,276325,1553160,1829485,5.620772640911969
845358,276334,1553197,1829531,5.620723472319729
845483,276334,1553568,1829902,5.6220660505041
845532,276346,1553647,1829993,5.622107792405173
845775,276346,1554061,1830407,5.623605914324796
845798,276353,1554085,1830438,5.623550314271964
845909,276353,1554342,1830695,5.624480284274099
846085,276431,1554772,1831203,5.624448777452601
846128,276451,1554823,1831274,5.6242263547608795
846148,276468,1554858,1831326,5.624007118364513
846235,276484,1554950,1831434,5.624014409513752
846291,276500,1555004,1831504,5.623884267631103
846481,276500,1555574,1832074,5.62594575045208
846492,276503,1555586,1832089,5.625928109279104
846498,276503,1555591,1832094,5.625946192265545
846542,276510,1555697,1832207,5.626187118006582
846587,276524,1555738,1832262,5.626050541725131
846710,276586,1555951,1832537,5.625559500480863
849677,277771,1559801,1837572,5.6154206162630365
849721,277791,1559896,1837687,5.6153583089444945
849757,277791,1559947,1837738,5.61554190020555
849804,277825,1560017,1837842,5.615106631872582
850993,277825,1562008,1839833,5.62227301358769
851018,277833,1562024,1839857,5.622168712859883
851028,277846,1562034,1839880,5.6219416511304825
851050,277849,1562117,1839966,5.622179673131809
851081,277884,1562190,1840074,5.62173424882325
851140,277889,1562478,1840367,5.622669483138951
851171,277902,1562517,1840419,5.622546797072349
851325,277938,1562850,1840788,5.623016643999741
851340,277945,1562885,1840830,5.623000953426038
851374,277976,1562932,1840908,5.62254295334849
851472,278019,1563170,1841189,5.622529395472971
851487,278032,1563182,1841214,5.622309662197157
851553,278073,1563302,1841375,5.62191223168017
851663,278166,1563523,1841689,5.620827132000317
851681,278178,1563575,1841753,5.620771592289829
851711,278203,1563620,1841823,5.6204282484372925
851802,278203,1563864,1842067,5.621305305837823
851902,278208,1564085,1842293,5.621998648493213
851936,278222,1564143,1842365,5.621924218789312
851977,278237,1564199,1842436,5.621822403203025
852005,278250,1564240,1842490,5.621707097933513
852010,278255,1565751,1844006,5.627036351548041
852045,278256,1565899,1844155,5.627548013340234
852154,278282,1566316,1844598,5.628520709208645
852183,278299,1566375,1844674,5.628388891084769
852192,278301,1566398,1844699,5.6284310872041425
852227,278308,1566437,1844745,5.6284296534774425
852369,278400,1566703,1845103,5.627525143678161
852383,278400,1566729,1845129,5.6276185344827585
852410,278405,1566743,1845148,5.627567752015948
852446,278416,1566808,1845224,5.627578874777312
852675,278545,1567246,1845791,5.626545082482184
852716,278552,1567290,1845842,5.626561647376432
852732,278553,1567327,1845880,5.626674277426558
852749,278559,1567357,1845916,5.626660779224509
852774,278575,1567388,1845963,5.626448891680876
852892,278635,1567492,1846127,5.62561056579396
852941,278635,1567601,1846236,5.626001758573044
853194,278635,1567981,1846616,5.627365549912969
853211,278638,1568008,1846646,5.6274018619140245
853223,278643,1568029,1846672,5.627376248461292
853674,278650,1568963,1847613,5.630586757581195
853722,278653,1569029,1847682,5.630762991964917
853762,278662,1569123,1847785,5.630918460356992
853788,278676,1569144,1847820,5.630710933126641
853831,278698,1569243,1847941,5.630621676510057
853841,278698,1569259,1847957,5.6306790863228295
853849,278701,1569277,1847978,5.630683061775882
853854,278706,1569288,1847994,5.630621515144991
853909,278719,1569341,1848060,5.630549047607088
853963,278733,1569438,1848171,5.6306142437386315
853989,278747,1569475,1848222,5.630464184367903
854019,278762,1569532,1848294,5.63036568829324
854025,278762,1569580,1848342,5.6305378781899975
854118,278765,1569783,1848548,5.631205495668395
854171,278786,1569824,1848610,5.630928382343447
854251,278813,1569886,1848699,5.630605459573262
854280,278829,1569927,1848756,5.63042940296741
854307,278836,1569963,1848799,5.630417162776686
854370,278846,1570016,1848862,5.63040531332707
854388,278850,1570055,1848905,5.6304644073874845
854465,278851,1570164,1849015,5.630835105486443
854503,278877,1570203,1849080,5.630449983325982
854593,278889,1570570,1849459,5.631523652779421
854625,278934,1570600,1849534,5.630722679917113
854814,279063,1570851,1849914,5.629019253716903
854882,279063,1570929,1849992,5.629298760494942
854893,279063,1570946,1850009,5.629359678638874
854992,279133,1571053,1850186,5.628331297266894
855022,279141,1571069,1850210,5.628227311645369
855061,279156,1571123,1850279,5.628118328103283
855163,279248,1571464,1850712,5.627485246089497
855247,279290,1571623,1850913,5.627208278133839
855354,279297,1571781,1851078,5.627632949870568
855824,279485,1572387,1851872,5.626015707461939
855862,279488,1572478,1851966,5.626280913670712
855886,279490,1572575,1852065,5.626587713335003
855892,279493,1572580,1852073,5.626545208645655
855977,279537,1572707,1852244,5.626113895477164
856006,279562,1572737,1852299,5.625718087579857
856016,279566,1572746,1852312,5.625669788171666
856087,279566,1572873,1852439,5.626124063727349
856100,279566,1572873,1852439,5.626124063727349
856162,279566,1572928,1852494,5.626320797235715
856213,279609,1573001,1852610,5.625716625716626
856220,279615,1573017,1852632,5.625653130196878
856274,279643,1573098,1852741,5.625379501721838
856320,279643,1573217,1852860,5.625805044288611
856522,279652,1574404,1854056,5.629868550913278
856600,279703,1574521,1854224,5.6292603225564255
857233,279762,1575773,1855535,5.632548380409062
857260,279783,1575806,1855589,5.6322435601877165
857336,279837,1575979,1855816,5.631774926117704
857363,279860,1576011,1855871,5.631426427499464
857364,279860,1576013,1855873,5.631433573929822
857511,279860,1576269,1856129,5.6323483170156505
857548,279867,1576309,1856176,5.632350366424052
857659,279882,1576558,1856440,5.632938166798866
858194,279914,1577363,1857277,5.635170087955586
858251,279923,1577392,1857315,5.635092507582442
858288,279930,1577438,1857368,5.635115921837603
858399,279964,1577586,1857550,5.63496020916975
858410,279964,1577598,1857562,5.63500307182352
858419,279964,1577609,1857573,5.635042362589476
858603,280054,1577883,1857937,5.634209830961172
858626,280063,1577944,1858007,5.634246580233733
858643,280069,1577977,1858046,5.634243704230029
858867,280132,1578158,1858290,5.633622720717376
858868,280132,1578158,1858290,5.633622720717376
858961,280132,1578301,1858433,5.634133194351234
858963,280132,1578306,1858438,5.634151043079691
858998,280144,1578321,1858465,5.633963247472728
859005,280146,1578323,1858469,5.633930164985401
859063,280146,1578420,1858566,5.634276413013215
859232,280241,1578715,1858956,5.633419092852224
859253,280260,1578752,1859012,5.6331692000285445
859311,280276,1578878,1859154,5.633297178495483
859341,280285,1578931,1859216,5.633305385589668
859359,280297,1578953,1859250,5.633142702205161
859565,280297,1579460,1859757,5.634951497875468
859592,280300,1579499,1859799,5.635030324652158
859621,280308,1579517,1859825,5.6349337157697965
859654,280320,1579559,1859879,5.6348423230593605
859726,280347,1579707,1860054,5.634827552996822
859776,280372,1579766,1860138,5.6345355456322315
860095,280506,1580180,1860686,5.633319786386031
860106,280506,1580192,1860698,5.633362566219618
860125,280506,1580217,1860723,5.633451690872922
860181,280506,1580287,1860793,5.633701239902177
860228,280520,1580369,1860889,5.63371239127335
860264,280535,1580420,1860955,5.633592956315611
860295,280544,1580444,1860988,5.633497775749971
860635,280625,1580746,1861371,5.632947884187082
860674,280625,1580812,1861437,5.633183073496659
861041,280758,1581208,1861966,5.6319250030275185
861262,280761,1581255,1862016,5.632032226698152
861307,280790,1581400,1862190,5.631966950389971
861320,280791,1581404,1862195,5.631961138355574
861329,280794,1581419,1862213,5.63195438648974
861405,280840,1581497,1862337,5.631309642501068
861454,280853,1581548,1862401,5.631230572577113
861476,280865,1581573,1862438,5.631078988125968
861594,280865,1581750,1862615,5.6317091841276055
861831,280949,1582028,1862977,5.631014881704509
861907,280979,1582143,1863122,5.630822944063436
861920,280979,1582174,1863153,5.630933272593325
861951,280987,1582205,1863192,5.630883279297619
862015,281032,1582270,1863302,5.630212929488457
862064,281058,1582340,1863398,5.629941150936817
862116,281066,1582407,1863473,5.630019283726954
862141,281080,1582439,1863519,5.629852710971965
862672,281221,1582906,1864127,5.628690602764374
863460,281579,1584632,1866211,5.62766399482916
863530,281579,1584741,1866320,5.628051097560543
863619,281632,1584886,1866518,5.627506817407113
863654,281655,1584921,1866576,5.627171539649571
863664,281665,1584958,1866623,5.627103118953366
863732,281708,1585051,1866759,5.626574325187783
863781,281718,1585162,1866880,5.626768612584216
863819,281739,1585374,1867113,5.62710167921374
863864,281740,1585510,1867250,5.627564421097466
863943,281745,1585687,1867432,5.628092778931303
864260,281890,1586137,1868027,5.626794139557983
864289,281912,1586179,1868091,5.626504015437441
864306,281919,1586209,1868128,5.6264707238603995
864794,282115,1587037,1869152,5.625496694610354
864804,282120,1587058,1869178,5.625471430596909
864807,282120,1587067,1869187,5.625503331915497
864837,282137,1587167,1869304,5.625518808238551
864940,282167,1587276,1869443,5.625306999046664
864941,282167,1587278,1869445,5.625314087047741
865240,282412,1587854,1870266,5.622473549282608
865498,282448,1588123,1870571,5.622709312864669
865502,282451,1588131,1870582,5.622677915815487
865531,282463,1588193,1870656,5.622658542888803
865628,282463,1588262,1870725,5.6229028226705795
865632,282463,1588268,1870731,5.622924064390735
865754,282534,1588413,1870947,5.622024251948438
865821,282559,1588543,1871102,5.621986912467839
865853,282582,1588600,1871182,5.621731037362606
865999,282626,1588759,1871385,5.621418411611105
866035,282656,1588885,1871541,5.621267547831994
866042,282656,1588900,1871556,5.621320615872297
866045,282656,1588909,1871565,5.621352456696479
866064,282656,1588949,1871605,5.621493971470621
866103,282668,1589053,1871721,5.621623247060155
866132,282675,1589064,1871739,5.621522950384717
866153,282679,1589119,1871798,5.621637970984756
866263,282679,1589277,1871956,5.622196908861288
866303,282726,1589371,1872097,5.6215947595905575
866872,282940,1590125,1873065,5.620007775500106
866879,282942,1590133,1873075,5.619996324335022
866936,282989,1590244,1873233,5.619455173169275
866977,283012,1590298,1873310,5.619189292326827
866995,283022,1590323,1873345,5.61907908219149
867391,283123,1590608,1873731,5.6180811873284755
868456,283600,1592542,1876142,5.615451339915373
868477,283606,1592580,1876186,5.61546652750647
868637,283606,1592946,1876552,5.616757050273971
868718,283639,1593074,1876713,5.616554846124828
868765,283649,1593143,1876792,5.6166000937778735
868786,283663,1593173,1876836,5.6164286494890066
868794,283663,1593202,1876865,5.61653088347793
868821,283679,1593259,1876938,5.616415032483899
868859,283704,1593326,1877030,5.616156275554804
868893,283720,1593384,1877104,5.616043987029466
868965,283720,1593587,1877307,5.616759481178627
869048,283749,1593701,1877450,5.616587195020951
869068,283764,1593733,1877497,5.616403067337647
869105,283770,1593746,1877516,5.616330126510907
869257,283837,1593959,1877796,5.615754817025264
869270,283848,1593981,1877829,5.615614695188975
869297,283858,1594011,1877869,5.615522550007398
869417,283897,1594095,1877992,5.615047006484747
869455,283918,1594144,1878062,5.614804274473616
869511,283918,1594228,1878146,5.61510013454589
869666,284018,1594617,1878635,5.614492743417671
869717,284058,1594683,1878741,5.613934478169951
869729,284058,1594704,1878762,5.614008406733836
869855,284071,1594864,1878935,5.614314731176361
869957,284156,1595138,1879294,5.6135995720660485
870278,284224,1595666,1879890,5.614114219770322
870353,284257,1595790,1880047,5.61389869026972
870358,284257,1595790,1880047,5.61389869026972
870410,284261,1595913,1880174,5.614252394806182
870531,284286,1596084,1880370,5.614360186572677
870533,284286,1596089,1880375,5.614377774494699
870948,284296,1597077,1881373,5.617655542111039
870973,284305,1597149,1881454,5.617730957950089
870988,284314,1597173,1881487,5.617637541591339
871148,284344,1597255,1881599,5.617333230171904
871385,284504,1597622,1882126,5.6154641059528165
872002,284645,1598107,1882752,5.614386340880746
872007,284646,1598111,1882757,5.614380669322597
872095,284663,1598288,1882951,5.6146671678440825
872182,284688,1598386,1883074,5.6145183499128875
872284,284727,1598556,1883283,5.614346373894994
872737,284832,1599455,1884287,5.6154329569711265
872742,284834,1599463,1884297,5.615421613992711
873736,284834,1600733,1885567,5.619880351362548
873930,284948,1600999,1885947,5.618565492651291
874070,285091,1601280,1886371,5.616732902827518
874079,285102,1601312,1886414,5.616628434735638
874093,285111,1601350,1886461,5.616584417998604
874148,285114,1601389,1886503,5.61666210708699
874193,285147,1601484,1886631,5.616345253500826
874628,285147,1602251,1887398,5.619035094179494
874775,285147,1602449,1887596,5.61972947286838
874949,285147,1602931,1888078,5.62141982907062
874950,285147,1602933,1888080,5.62142684299677
874979,285147,1602968,1888115,5.621549586704401
875010,285170,1603038,1888208,5.621341655854403
875015,285170,1603060,1888230,5.621418802819371
875111,285202,1603128,1888330,5.621026500515424
875133,285202,1603167,1888369,5.621163245699539
875944,285241,1604833,1890074,5.626235358871972
876503,285493,1605923,1891416,5.625087129982171
876636,285519,1606016,1891535,5.624900619573478
876687,285577,1606147,1891724,5.624216936237862
876836,285682,1606503,1892185,5.6233959437416425
876885,285721,1606630,1892351,5.623072857787842
877013,285759,1607009,1892768,5.623651398556126
877069,285771,1607162,1892933,5.62395064579681
877162,285771,1607314,1893085,5.624482540215767
877320,285771,1607563,1893334,5.625353867257349
877490,285780,1608542,1894322,5.628602421443068
877491,285780,1608542,1894322,5.628602421443068
879339,285781,1612557,1898338,5.64263194544074
879356,285787,1612566,1898353,5.642544972304549
879447,285790,1612779,1898569,5.6432310437734
879464,285791,1612797,1898588,5.64327428085559
879534,285791,1612925,1898716,5.643722160599879
879690,285856,1613089,1898945,5.643012565767379
879719,285878,1613131,1899009,5.642725218449828
879848,285879,1613513,1899392,5.6440417099542115
879862,285883,1613546,1899429,5.644078171839529
879893,285883,1613596,1899479,5.644253068563014
880130,285888,1613991,1899879,5.645536014103425
880153,285898,1614064,1899962,5.645593883133145
880179,285904,1614101,1900005,5.645604818400582
880206,285913,1614146,1900059,5.6455844959830435
880234,285928,1614192,1900120,5.645449203995412
880527,286087,1614761,1900848,5.644300509984725
881059,286127,1616549,1902676,5.649760421071762
881151,286197,1616769,1902966,5.649147265694609
881328,286297,1617082,1903379,5.648267358721887
881370,286312,1617190,1903502,5.648348654614546
881375,286314,1617202,1903516,5.648351111017973
881436,286314,1617320,1903634,5.648763245946758
881451,286314,1617325,1903639,5.648780709291198
881713,286364,1617518,1903882,5.648468382897292
881799,286415,1617751,1904166,5.648276102857741
881807,286428,1617775,1904203,5.648103537363665
883344,286433,1620980,1907413,5.659194296746534
883463,286464,1621367,1907831,5.659932836237712
883526,286477,1621390,1907867,5.659756280608915
883542,286485,1621407,1907892,5.6596575736949575
883562,286506,1621427,1907933,5.659312544937977
883574,286506,1621442,1907948,5.6593648998624815
883729,286595,1621809,1908404,5.658887977808406
883775,286613,1621921,1908534,5.658923356581871
883807,286613,1621990,1908603,5.659164099325571
883822,286620,1622012,1908632,5.659102644616565
883831,286626,1622031,1908657,5.6590504699503885
883924,286651,1622245,1908896,5.659303473561927
883972,286669,1622297,1908966,5.65912951871322
884022,286669,1622476,1909145,5.659753932235435
884187,286703,1622625,1909328,5.659602445736529
884201,286708,1622653,1909361,5.659601406308858
884225,286737,1622718,1909455,5.659255694242459
884277,286769,1622792,1909561,5.658882236224976
884422,286783,1623029,1909812,5.659432393133484
884431,286793,1623043,1909836,5.659283873734714
884595,286848,1623254,1910102,5.658934348505132
884638,286874,1623375,1910249,5.658843255227033
884662,286884,1623427,1910311,5.658827261192677
884726,286940,1623525,1910465,5.658064403708092
884736,286943,1623544,1910487,5.658071463670485
884964,287106,1624043,1911149,5.656597214965901
884999,287116,1624109,1911225,5.656630072862536
885590,287125,1624850,1911975,5.659033521985198
885591,287125,1624852,1911977,5.659040487592512
885660,287134,1624884,1912018,5.658974555434048
885756,287141,1625097,1912238,5.6595783952831535
885780,287152,1625117,1912269,5.659431241990305
885822,287165,1625191,1912356,5.659432730311842
886015,287165,1625635,1912800,5.6609788797381295
886073,287197,1625829,1913026,5.6610236179347275
886125,287212,1625915,1913127,5.6610273943985625
886165,287237,1626015,1913252,5.660882824984246
886185,287240,1626030,1913270,5.6608759225734575
886248,287251,1626157,1913408,5.6611012668363205
886270,287262,1626199,1913461,5.66103069671589
886368,287263,1626488,1913751,5.6620170366528235
886473,287271,1626645,1913916,5.662405881554351
886490,287290,1626697,1913987,5.662212398621602
886529,287317,1626747,1914064,5.661854328146264
886573,287342,1626877,1914219,5.661814144816978
886773,287507,1627322,1914829,5.660112623344823
886821,287507,1627465,1914972,5.660610002539069
886852,287516,1627541,1915057,5.660697143811127
886925,287548,1627618,1915166,5.660334970161504
887023,287549,1627907,1915456,5.6613203314913285
887048,287560,1627944,1915504,5.6612324384476285
887053,287566,1627947,1915513,5.6611247504920605
887478,287893,1628632,1916525,5.657073982347608
887734,287903,1628907,1916810,5.657832672809939
887753,287909,1628934,1916843,5.657808543671785
888404,288136,1629614,1917750,5.655711191937141
888413,288140,1629633,1917773,5.6556986187270075
888682,288140,1630149,1918289,5.657489414867773
888976,288161,1630528,1918689,5.658392357050399
889052,288176,1630657,1918833,5.658545472211427
889089,288176,1630725,1918901,5.6587814391205375
889189,288190,1630768,1918958,5.6586557479440645
889962,288190,1632418,1920608,5.664381137444047
889989,288208,1632450,1920658,5.664138400044412
890007,288208,1632460,1920668,5.664173097207573
890152,288208,1632796,1921004,5.665338921889746
890186,288217,1632855,1921072,5.665366720214283
890297,288217,1633033,1921250,5.665984310432764
890300,288217,1633042,1921259,5.666015536904485
890362,288224,1633268,1921492,5.666662040635061
890370,288228,1633275,1921503,5.666607685582248
890479,288321,1633533,1921854,5.665674716721987
890491,288321,1633548,1921869,5.665726742068736
890551,288389,1633739,1922128,5.665053105354226
890563,288389,1633768,1922157,5.665153663974701
890569,288395,1633773,1922168,5.665053138924045
890602,288410,1633808,1922218,5.664879858534725
890642,288432,1633839,1922271,5.664555250457647
890688,288454,1633874,1922328,5.664244558924473
890696,288459,1633885,1922344,5.664184511490368
890709,288459,1633911,1922370,5.6642746456168815
890733,288464,1633922,1922386,5.664214598702091
890749,288464,1633948,1922412,5.664304731266293
890783,288464,1633988,1922452,5.6644433967496814
890819,288493,1634035,1922528,5.664036909041121
890850,288502,1634077,1922579,5.6640057954537575
890890,288531,1634155,1922686,5.663706846058136
890964,288588,1634355,1922943,5.663281217514242
890997,288609,1634438,1923047,5.663156727614177
891045,288616,1634508,1923124,5.663261912021509
891069,288630,1634555,1923185,5.663150053701972
891307,288762,1634832,1923594,5.6615205601845116
891323,288762,1634858,1923620,5.661610599732652
891392,288797,1634929,1923726,5.661170303015613
891416,288797,1634961,1923758,5.661281107490729
891552,288892,1635168,1924060,5.660135967766501
891850,288898,1635721,1924619,5.661932585203082
891872,288901,1635739,1924640,5.661936095755985
891895,288908,1635762,1924670,5.661878521882398
891908,288908,1635769,1924677,5.6619027510487765
891955,288932,1635871,1924803,5.661785472014176
891986,288962,1635960,1924922,5.661505665104754
892049,288962,1636142,1925104,5.662135505706632
892052,288962,1636147,1925109,5.662152809019871
892070,288969,1636167,1925136,5.662084860313736
892094,288969,1636222,1925191,5.6622751921486385
892095,288969,1636224,1925193,5.662282113306271
892428,288969,1636973,1925942,5.664874086839765
892454,288973,1636986,1925959,5.664840659854034
892466,288980,1637022,1926002,5.664828015779639
892505,288990,1637057,1926047,5.664753105643794
892538,288990,1637113,1926103,5.664946883975224
892852,289197,1637734,1926931,5.663039381459697
893227,289250,1638360,1927610,5.664165946413138
893332,289251,1638457,1927708,5.664481713114216
893429,289310,1638602,1927912,5.663827728042584
893467,289319,1638681,1928000,5.6639245953428565
893558,289330,1638850,1928180,5.664293367435109
893577,289338,1638888,1928226,5.664268087841902
893633,289359,1639009,1928368,5.664275173746108
893652,289367,1639042,1928409,5.664232618093978
893770,289412,1639182,1928594,5.663835639158017
894148,289625,1639971,1929596,5.662394475615019
897823,289639,1645928,1935567,5.682687759590387
897871,289653,1645987,1935640,5.682616786292564
897903,289653,1646036,1935689,5.68278595422799
898019,289653,1646334,1935987,5.683814771467929
898067,289687,1646388,1936075,5.683334081267023
899933,289721,1650358,1940079,5.696369955923112
899946,289731,1650373,1940104,5.696225119162257
899949,289731,1650382,1940113,5.696256182458901
899989,289749,1650451,1940200,5.696140452598629
900211,289958,1650943,1940901,5.69373150594224
900255,289965,1650985,1940950,5.693738899522356
900434,290032,1651137,1941169,5.692947674739339
900461,290041,1651222,1941263,5.69306408404329
900519,290041,1651259,1941300,5.693191652214687
900617,290041,1651549,1941590,5.694191510855362
900638,290055,1651568,1941623,5.693982175794246
900643,290063,1651577,1941640,5.693856162281987
900694,290066,1651756,1941822,5.69441437465956
900702,290071,1651762,1941833,5.694336903723571
901210,290391,1653360,1943751,5.6935648832091905
901538,290443,1653965,1944408,5.694628550180242
901553,290443,1653972,1944415,5.694652651294747
901587,290443,1653990,1944433,5.694714625589186
901614,290455,1654022,1944477,5.694589523334079
901641,290455,1654041,1944496,5.694654937942194
901715,290455,1654173,1944628,5.695109397324887
901908,290455,1654617,1945072,5.6966380334303075
902066,290472,1655102,1945574,5.697974331432978
902087,290472,1655139,1945611,5.698101710319755
902140,290509,1655224,1945733,5.697668574811796
902219,290551,1655448,1945999,5.697615909083087
902303,290553,1655782,1946335,5.698726222066198
902358,290569,1655820,1946389,5.698543203163449
902608,290794,1656342,1947136,5.695929076941065
902624,290794,1656368,1947162,5.696018487314044
902644,290794,1656389,1947183,5.6960907033845265
902722,290836,1656790,1947626,5.696646907535518
902791,290856,1656838,1947694,5.696420221690459
902824,290868,1656856,1947724,5.696247094902155
902891,290919,1657015,1947934,5.695795049481127
903409,291065,1658184,1949249,5.696954288560974
903482,291088,1658295,1949383,5.6968854779310725
903484,291088,1658300,1949388,5.696902654867257
903638,291160,1658587,1949747,5.696479598845995
903641,291161,1658590,1949751,5.696470337716933
903664,291174,1658639,1949813,5.696384292553593
903820,291253,1658913,1950166,5.695779957631338
904051,291253,1659204,1950457,5.696779088970757
904126,291253,1659301,1950554,5.697112132750564
904188,291260,1659463,1950723,5.697531415230379
904252,291277,1659591,1950868,5.697638330523866
904549,291277,1660307,1951584,5.700096471743392
904567,291277,1660317,1951594,5.7001308033246705
904710,291309,1660428,1951737,5.699885688392738
905095,291629,1661358,1952987,5.696820275075524
905142,291639,1661387,1953026,5.696724374997857
905160,291639,1661418,1953057,5.696830670795058
905214,291665,1661511,1953176,5.6966416950954
905259,291701,1661619,1953320,5.696308891639041
905357,291710,1661732,1953442,5.696520516951767
905380,291730,1661786,1953516,5.696315085867069
905541,291730,1662173,1953903,5.697641654954924
905762,291750,1662712,1954462,5.69909854327335
905792,291772,1662739,1954511,5.698761361611121
905930,291884,1662948,1954832,5.697290704526456
905933,291884,1662961,1954845,5.697335242767675
905988,291905,1663036,1954941,5.697182302461417
906017,291922,1663117,1955039,5.697127999945191
906136,291926,1663141,1955067,5.697132149928406
906189,291964,1663234,1955198,5.696709183323971
906225,291975,1663261,1955236,5.69658703656135
906265,291995,1663368,1955363,5.696563297316735
906280,291995,1663391,1955386,5.696642065788798
906323,292039,1663505,1955544,5.696174141124986
906368,292046,1663642,1955688,5.69650671469563
906439,292081,1663728,1955809,5.6961185424591125
906925,292377,1664599,1956976,5.693330870759328
906944,292377,1664620,1956997,5.693402695834488
907032,292419,1664744,1957163,5.693009004202874
907051,292419,1664777,1957196,5.693121855966951
907098,292455,1664864,1957319,5.692718537894719
907334,292643,1665312,1957955,5.690592291631783
907350,292648,1665356,1958004,5.6906454170197645
907431,292709,1665592,1958301,5.690265758825318
907481,292709,1665699,1958408,5.6906313095941705
907752,292728,1666193,1958921,5.691949523106775
907796,292748,1666237,1958985,5.69171095959665
907853,292748,1666237,1958985,5.69171095959665
907891,292766,1666306,1959072,5.691596701802805
907956,292797,1666389,1959186,5.691277574565313
908128,292830,1666477,1959307,5.690936720964382
908586,292830,1667722,1960552,5.695188334528566
908614,292837,1667746,1960583,5.6951341531295565
908878,292869,1668414,1961283,5.6967927640002864
909319,292934,1668634,1961568,5.696279708057105
909380,292964,1668756,1961720,5.696112832976065
909563,293009,1668902,1961911,5.695736308441037
909590,293025,1668963,1961988,5.6956334783721525
909610,293035,1668992,1962027,5.695538075656492
909611,293035,1668994,1962029,5.695544900779771
909677,293035,1669091,1962126,5.695875919258792
909770,293056,1669278,1962334,5.6961058637257045
909805,293067,1669352,1962419,5.696144567624468
909818,293073,1669391,1962464,5.696161024727628
910276,293188,1670453,1963641,5.697549012920038
910500,293351,1670738,1964089,5.695354711591234
910929,293377,1671546,1964923,5.6976041066613945
910962,293382,1671575,1964957,5.697605851756413
910966,293386,1671593,1964979,5.697589523699154
911214,293526,1671875,1965401,5.695832737134019
911252,293526,1671911,1965437,5.695955383850153
911255,293526,1671918,1965444,5.695979231822735
911363,293550,1672001,1965551,5.6957962868335885
911407,293575,1672100,1965675,5.695648471429788
911469,293642,1672222,1965864,5.694764372943925
911504,293651,1672361,1966012,5.695063187252895
911528,293667,1672394,1966061,5.694865272570633
911563,293690,1672447,1966137,5.6945997480336406
911572,293694,1672463,1966157,5.694576668232923
911606,293701,1672515,1966216,5.6946179958529255
911727,293701,1672711,1966412,5.6952853412143645
911761,293712,1672771,1966483,5.695276325107589
911854,293733,1672924,1966657,5.69539003108265
912227,293825,1673457,1967282,5.695420743639922
914024,293973,1676914,1970887,5.704312981124117
914048,293993,1676970,1970963,5.704115404108261
914182,294079,1677161,1971240,5.703096786917801
914318,294093,1677214,1971307,5.703005511861894
914349,294100,1677263,1971363,5.703036382182931
914677,294126,1677870,1971996,5.704595989473899
914709,294134,1677908,1972042,5.70457002590656
914861,294220,1678268,1972488,5.704126164094895
914884,294222,1678307,1972529,5.704219942764308
914916,294238,1678360,1972598,5.704089886418478
914962,294243,1678368,1972611,5.704020146613513
915077,294292,1678504,1972796,5.7035325459067865
915146,294353,1678738,1973091,5.703145542936542
915183,294366,1678769,1973135,5.702998987654825
915388,294366,1679438,1973804,5.705271668603031
916675,294923,1682091,1977014,5.703492097937428
916922,295020,1682612,1977632,5.703382821503627
916949,295031,1682665,1977696,5.703349817476807
917006,295049,1682767,1977816,5.703347579554582
917070,295087,1682948,1978035,5.703226506081258
917270,295087,1683388,1978475,5.7047175917610735
917323,295087,1683464,1978551,5.704975142923951
917340,295087,1683502,1978589,5.70510391850539
917381,295087,1683513,1978600,5.705141195647386
917448,295113,1683671,1978784,5.705173950317336
917479,295127,1683703,1978830,5.705011740708238
917551,295181,1683829,1979010,5.704394930568024
917588,295190,1683979,1979169,5.704729157491785
917752,295200,1684371,1979571,5.7058638211382116
917810,295224,1684445,1979669,5.705650624610465
917943,295224,1684445,1979669,5.705650624610465
918233,295224,1685012,1980236,5.707571200173428
918253,295224,1685049,1980273,5.707696528737501
918331,295224,1685159,1980383,5.708069127171233
918395,295249,1685305,1980554,5.708080298324465
918474,295296,1685411,1980707,5.707530748807976
918484,295296,1685427,1980723,5.707584931729519
918538,295330,1685512,1980842,5.707215657061592
918647,295395,1685757,1981152,5.70678921444168
918655,295395,1685757,1981152,5.70678921444168
918673,295395,1685767,1981162,5.7068230674182026
918713,295404,1685810,1981214,5.706794762427049
919770,295703,1686830,1982533,5.7044737456163785
941564,295705,1752206,2047911,5.9255203665815595
941595,295705,1752286,2047991,5.925790906477739
941678,295722,1752447,2048169,5.925994684196644
941820,295729,1752624,2048353,5.9264529349505795
941940,295769,1752865,2048634,5.926466262522442
942042,295783,1752974,2048757,5.926554264443866
942120,295831,1753095,2048926,5.926001669872326
942153,295848,1753137,2048985,5.925803115113166
942158,295850,1753143,2048993,5.925783336150076
942402,295989,1753381,2049370,5.923804600846653
942423,296011,1753469,2049480,5.923661620683015
943205,296206,1754675,2050881,5.923833413232683
943261,296212,1754701,2050913,5.923801196440388
943284,296224,1754764,2050988,5.923773900831803
943424,296224,1755129,2051353,5.925006076482662
943441,296229,1755153,2051382,5.924987087692292
943457,296229,1755179,2051408,5.925074857627038
943740,296229,1755627,2051856,5.926587201118054
943802,296268,1755707,2051975,5.926077065359742
943858,296302,1755809,2052111,5.925741304479889
943902,296331,1755842,2052173,5.925272752428872
944010,296402,1756065,2052467,5.924605771890878
944028,296405,1756071,2052476,5.924566049830468
944047,296421,1756110,2052531,5.924377827481859
944089,296436,1756163,2052599,5.92425683790093
944155,296497,1756341,2052838,5.923638350472348
944174,296508,1756366,2052874,5.923502907172825
944187,296511,1756403,2052914,5.923567759712118
944349,296586,1756648,2053234,5.922895888544975
944538,296610,1756782,2053392,5.922868413067665
944611,296620,1757030,2053650,5.923504820983076
944703,296653,1757085,2053738,5.923031285710914
944760,296678,1757255,2053933,5.923105184745752
945290,296936,1758253,2055189,5.9213197456691
945351,296950,1758400,2055350,5.9215356120559015
945415,296975,1758538,2055513,5.92150180991666
945504,296975,1758680,2055655,5.921979964643488
945783,297157,1759157,2056314,5.919958136607921
945828,297179,1759288,2056467,5.919960697088287
945948,297269,1759474,2056743,5.918794088855548
946018,297276,1759629,2056905,5.919176119161991
946038,297295,1759667,2056962,5.91892564624363
946045,297299,1759674,2056973,5.918869555565273
946131,297336,1759872,2057208,5.918798934538704
946280,297455,1760403,2057858,5.918216200769864
946324,297461,1760429,2057890,5.918184232554856
946483,297589,1760693,2058282,5.916525812446024
946505,297599,1760738,2058337,5.916478213972494
947069,297599,1762192,2059791,5.9213639830779
947074,297601,1762204,2059805,5.92136451154398
947538,297625,1763037,2060662,5.923685846283075
947574,297651,1763086,2060737,5.923333030965796
947708,297689,1763322,2061011,5.923369691187784
947762,297705,1763384,2061089,5.923259602626762
947781,297710,1763391,2061101,5.923183635081119
947817,297724,1763456,2061180,5.923123429753732
947889,297774,1763637,2061411,5.9227367063612
948005,297783,1763822,2061605,5.92317895917497
948135,297784,1764207,2061991,5.924451951750262
948191,297798,1764255,2062053,5.924334616082042
948197,297805,1764264,2062069,5.924225583855208
948281,297834,1764429,2062263,5.92420274381031
948385,297834,1764802,2062636,5.92545511929464
948467,297834,1764937,2062771,5.925908391923017
948513,297856,1764975,2062831,5.925598275676837
949279,297911,1765815,2063726,5.927323932315356
949384,297946,1765905,2063851,5.926929712095481
949578,297946,1766302,2064248,5.928262168312378
949669,298014,1766483,2064497,5.92751682806848
949723,298044,1766590,2064634,5.927279193676101
950065,298167,1766937,2065104,5.9259978468442185
950068,298167,1766946,2065113,5.926028031271066
950895,298484,1768413,2066897,5.924649227429276
950910,298491,1768455,2066946,5.924650994502347
951093,298553,1768735,2067288,5.924358489112486
951103,298561,1768763,2067324,5.924293527955761
951114,298568,1768788,2067356,5.924238364459687
951145,298572,1768808,2067380,5.924225982342618
951147,298572,1768813,2067385,5.92424272872205
951389,298572,1768986,2067558,5.924822153450424
951421,298585,1769020,2067605,5.92467806487265
951460,298600,1769039,2067639,5.924444072337575
951534,298663,1769148,2067811,5.92355932941141
951548,298667,1769181,2067848,5.923590487064189
951575,298685,1769250,2067935,5.923464519477041
952551,298990,1770515,2069505,5.921652898090237
952582,298990,1770575,2069565,5.921853573698117
952623,299012,1770649,2069661,5.921665351223362
952653,299021,1770694,2069715,5.9216376107363695
952853,299174,1771174,2070348,5.920213654929907
953320,299174,1772015,2071189,5.92302472808466
953353,299189,1772065,2071254,5.922894892526129
953413,299207,1772168,2071375,5.922882820254873
953437,299207,1772200,2071407,5.922989769624373
953566,299275,1772385,2071660,5.922262133489266
953637,299275,1772557,2071832,5.922836855734692
953663,299281,1772591,2071872,5.92283172002232
953718,299311,1772677,2071988,5.922525400002004
953811,299331,1772915,2072246,5.922924788946016
953842,299346,1772962,2072308,5.9227850046434565
954280,299547,1773538,2073085,5.9207336411314415
954308,299560,1773593,2073153,5.920660301775938
954318,299564,1773625,2073189,5.920688066656875
954339,299569,1773635,2073204,5.9206226278419996
954364,299569,1773677,2073246,5.92076282926471
954379,299569,1773684,2073253,5.920786196168495
954412,299606,1773751,2073357,5.920278632604154
954425,299606,1773774,2073380,5.920355400092121
954453,299621,1773801,2073422,5.920149121723778
954461,299631,1773808,2073439,5.919974902463363
954561,299649,1774131,2073780,5.920697215742418
954613,299669,1774246,2073915,5.920685823358439
954718,299669,1774502,2074171,5.921540099242831
954731,299686,1774529,2074215,5.921294288021462
954766,299690,1774571,2074261,5.9213554005806
954786,299690,1774592,2074282,5.921425472988755
954905,299788,1774821,2074609,5.920253645909776
954966,299804,1774849,2074653,5.920031086976825
955286,299986,1775326,2075312,5.918029508043709
955309,300007,1775379,2075386,5.917791918188575
955330,300029,1775404,2075433,5.917441314006313
955415,300044,1775546,2075590,5.91761874925011
955443,300052,1775600,2075652,5.917640942236679
955511,300073,1775695,2075768,5.917543397773208
955601,300127,1775898,2076025,5.917155071019935
955621,300127,1775919,2076046,5.917225041399141
955658,300143,1775980,2076123,5.917112842878228
955986,300181,1776547,2076728,5.918252654231947
956027,300181,1776619,2076800,5.918492509519257
956045,300181,1776652,2076833,5.918602443192607
956090,300201,1776721,2076922,5.918437979886809
956103,300209,1776764,2076973,5.918423498296187
956148,300219,1776803,2077022,5.918356266592054
956228,300246,1776875,2077121,5.918063854306135
956272,300262,1776950,2077212,5.9179982815008225
956295,300262,1776967,2077229,5.918054898721783
956337,300304,1777091,2077395,5.917640124673664
956825,300304,1777937,2078241,5.920457269966434
957221,300320,1779000,2079320,5.923681406499734
957221,300436,1779386,2079822,5.922679039795497
957350,300436,1779613,2080049,5.9234346083691705
957392,300451,1779661,2080112,5.923298641042965
957480,300489,1779807,2080296,5.923035452212893
957516,300503,1779853,2080356,5.922912583235442
957530,300507,1779870,2080377,5.92289031536703
957551,300524,1779897,2080421,5.9226451132022735
957577,300524,1779897,2080421,5.9226451132022735
957601,300541,1779942,2080483,5.9224598307718415
957642,300548,1779997,2080545,5.922504891065653
957648,300552,1780016,2080568,5.922489286379728
957659,300552,1780042,2080594,5.922575793872608
957696,300556,1780084,2080640,5.922636713291367
957714,300566,1780094,2080660,5.9224729343971045
957814,300621,1780320,2080941,5.92214116778269
957955,300683,1780555,2081238,5.92170159270727
957969,300689,1780562,2081251,5.9216067099228775
958366,300743,1781260,2082003,5.9228643725706
958374,300746,1781270,2082016,5.922838541493486
958398,300755,1781309,2082064,5.922790976043624
958423,300766,1781348,2082114,5.922704029045836
958437,300766,1781355,2082121,5.922727302953127
958456,300771,1781393,2082164,5.92275518583906
958477,300776,1781401,2082177,5.922683325797271
958504,300796,1781433,2082229,5.922395909520073
958547,300813,1781636,2082449,5.922736051965839
958638,300835,1781721,2082556,5.922585470440607
958650,300841,1781739,2082580,5.922527182132755
958673,300853,1781788,2082641,5.922453822963374
958696,300862,1781822,2082684,5.9223896670234195
958739,300876,1781926,2082802,5.92245975086082
958787,300884,1781963,2082847,5.922425253586099
958803,300884,1781992,2082876,5.922521636245198
958812,300889,1782007,2082896,5.922473071464893
958848,300914,1782051,2082965,5.922127252304645
958851,300915,1782062,2082977,5.922144127079076
958879,300933,1782105,2083038,5.921932789026129
959027,301027,1782347,2083374,5.920887495141632
959069,301059,1782416,2083475,5.920487346334108
959161,301100,1782537,2083637,5.920083028894055
959194,301130,1782594,2083724,5.919682529140238
959261,301140,1782787,2083927,5.9201268512983996
959390,301190,1782893,2084083,5.919495999203161
959466,301227,1783036,2084263,5.919243626899315
960447,301303,1783229,2084532,5.9183911212301235
960884,301579,1784072,2085651,5.915769997247819
963176,302083,1785619,2087702,5.911021143195744
963373,302104,1785674,2087778,5.9107923099330035
963452,302104,1785894,2087998,5.9115205359743666
963550,302104,1786184,2088288,5.912480470301618
963598,302130,1786267,2088397,5.912246384006885
963806,302259,1786718,2088977,5.911215216089513
964008,302361,1786972,2089333,5.91006115206657
964041,302388,1787015,2089403,5.90967564850457
964053,302391,1787044,2089435,5.909712921350173
964066,302396,1787068,2089464,5.909694572679533
964087,302408,1787125,2089533,5.909648554271051
964116,302414,1787160,2089574,5.909647040150258
964186,302442,1787222,2089664,5.909304924580581
964202,302447,1787243,2089690,5.9092766666556455
964823,302466,1787957,2090423,5.911266059656292
964862,302478,1788019,2090497,5.91123651968077
968616,304348,1795041,2099389,5.897988486863722
968663,304379,1795106,2099485,5.897601345690735
968664,304379,1795112,2099491,5.897621057957349
968777,304456,1795291,2099747,5.896717423864204
968877,304497,1795553,2100050,5.89678387636003
968901,304499,1795555,2100054,5.896751713470324
969678,304499,1796693,2101192,5.900488999963875
969681,304499,1796702,2101201,5.900518556711188
969774,304540,1796797,2101337,5.900036120049911
969805,304551,1796845,2101396,5.899980627218429
972352,305441,1803689,2109130,5.905196093517242
972365,305444,1803693,2109137,5.905151189743456
972435,305488,1803800,2109288,5.904650919185042
972443,305488,1803829,2109317,5.9047458492641285
972444,305488,1803829,2109317,5.9047458492641285
973038,305488,1805438,2110926,5.910012831927932
973342,305627,1805839,2111466,5.908636998694487
973367,305636,1805898,2111534,5.908656048371265
973408,305645,1805945,2111590,5.908635835691734
973451,305657,1806040,2111697,5.908714670365802
973547,305657,1806260,2111917,5.9094344314051375
973589,305663,1806326,2111989,5.909534356464472
973590,305663,1806328,2111991,5.909540899618207
973675,305689,1806399,2112088,5.909270533123534
973733,305713,1806485,2112198,5.909087935416551
973795,305757,1806627,2112384,5.908702008457697
973810,305771,1806649,2112420,5.9085034224959205
974696,305771,1810431,2116202,5.920872155959852
974892,305827,1810703,2116530,5.920677376425234
975082,305827,1811273,2117100,5.922541175239596
975092,305827,1811301,2117128,5.922632730269074
994876,305829,1870647,2176476,6.116643614568925
994992,305884,1870810,2176694,6.1160766826640165
995010,305886,1870824,2176710,6.116082462093721
995046,305897,1870928,2176825,6.116202512610454
995106,305921,1871014,2176935,6.1160038049038805
995122,305929,1871037,2176966,6.115919053113631
995350,305981,1871164,2177145,6.115294740523105
995359,305988,1871197,2177185,6.115262690040132
995361,305988,1871202,2177190,6.115279030550218
995389,306004,1871241,2177245,6.115086730892407
995440,306035,1871308,2177343,6.114686228699332
995465,306042,1871326,2177368,6.11460518490926
995510,306071,1871578,2177649,6.1148491689836675
995526,306071,1871604,2177675,6.114934116593862
995556,306079,1871645,2177724,6.1149082426432395
995645,306125,1871726,2177851,6.114253981216823
995690,306150,1871819,2177969,6.114058468071207
995708,306156,1871859,2178015,6.114069298004939
995797,306182,1872049,2178231,6.114170656668256
995814,306183,1872060,2178243,6.114186613887773
995838,306194,1872101,2178295,6.114100864158018
996124,306283,1872375,2178658,6.113218820502607
996202,306329,1872494,2178823,6.11268929810759
996221,306337,1872552,2178889,6.112718999010894
996280,306337,1872552,2178889,6.112718999010894
996383,306380,1872678,2179058,6.112272341536654
996426,306380,1872786,2179166,6.11262484496377
996468,306388,1872814,2179202,6.112556627544159
996478,306388,1872814,2179202,6.112556627544159
996482,306388,1872842,2179230,6.112648014935311
996557,306408,1872945,2179353,6.112585180543589
996841,306582,1874663,2181245,6.11471971609553
997240,306654,1875354,2182008,6.115537380891819
997320,306678,1875474,2182152,6.115450081192652
997397,306725,1875573,2182298,6.114835764936018
997538,306777,1875817,2182594,6.114594640406549
997607,306777,1875949,2182726,6.115024920381906
997618,306785,1875962,2182747,6.114907834476914
997647,306792,1876002,2182794,6.114898693577407
998057,306792,1876857,2183649,6.117685598059923
998168,306792,1877073,2183865,6.118389658139717
998198,306800,1877126,2183926,6.118402868318123
998234,306817,1877169,2183986,6.118204010859894
998243,306819,1877189,2184008,6.118229314351458
998277,306840,1877230,2184070,6.117944205449094
998775,306930,1877788,2184718,6.117968266379957
998795,306934,1877815,2184749,6.11797650309187
998844,306957,1877914,2184871,6.117840609596784
998883,306977,1877978,2184955,6.117650508018516
998924,307000,1878073,2185073,6.117501628664495
999366,307016,1879105,2186121,6.120544206165151
999383,307024,1879123,2186147,6.120443352962635
999389,307030,1879139,2186169,6.120375859036576
999412,307039,1879161,2186200,6.120268109262993
999456,307042,1879277,2186319,6.120586108740824
999905,307047,1879813,2186860,6.122232101274398
999921,307057,1879843,2186900,6.122130418782181
999958,307087,1879890,2186977,6.121685385574772
999996,307107,1879946,2187053,6.121469064527998
1000047,307119,1879968,2187087,6.121301515047913
1000089,307121,1880053,2187174,6.121538416454753
1001238,307168,1882659,2189827,6.129085712053339
1001280,307183,1882730,2189913,6.129017556310083
1001501,307278,1882934,2190212,6.127786564609246
1001854,307386,1883562,2190948,6.127676602057348
1001880,307401,1883604,2191005,6.127514224091659
1001896,307413,1883640,2191053,6.127392140215281
1001929,307418,1883669,2191087,6.127386815345881
1001961,307435,1883721,2191156,6.12721713532942
1001974,307446,1883766,2191212,6.127144278995336
1002025,307484,1883852,2191336,6.126666753392047
1002087,307509,1883915,2191424,6.126373537034689
1002096,307511,1883930,2191441,6.12638247087096
1002156,307523,1884010,2191533,6.126403553555344
1002166,307528,1884024,2191552,6.12634947061731
1002232,307528,1884180,2191708,6.126856741499961
1002242,307528,1884196,2191724,6.126908769282797
1002272,307537,1884239,2191776,6.126869287272751
1002345,307551,1884355,2191906,6.126967559851862
1002742,307720,1884898,2192618,6.125367216950474
1002751,307724,1884907,2192631,6.125316842365236
1002802,307778,1884998,2192776,6.124537816218183
1002813,307787,1885015,2192802,6.124413961603317
1002924,307840,1885257,2193097,6.12414566008316
1002958,307847,1885312,2193159,6.124185065958089
1002971,307857,1885334,2193191,6.124057598170579
1002983,307867,1885345,2193212,6.123894408949319
1003169,307947,1885602,2193549,6.123138072460521
1003195,307966,1885654,2193620,6.122929154517057
1003212,307966,1885672,2193638,6.122987602527552
1003221,307966,1885672,2193638,6.122987602527552
1003224,307967,1885675,2193642,6.1229774618709145
1003233,307969,1885691,2193660,6.122989651555838
1003295,307988,1885784,2193772,6.122913879761549
1003392,307991,1886192,2194183,6.124178953281103
1003439,308004,1886234,2194238,6.124056830430773
1003455,308004,1886234,2194238,6.124056830430773
1003476,308013,1886270,2194283,6.123994766454663
1003484,308023,1886295,2194318,6.123877113072725
1003615,308036,1886532,2194568,6.124388058538613
1003654,308051,1886604,2194655,6.1243235697985074
1003657,308052,1886610,2194662,6.124323166218691
1003684,308067,1886638,2194705,6.124115857914025
1003698,308071,1886667,2194738,6.124130476416151
1003731,308092,1886735,2194827,6.1239337600457
1003845,308173,1887001,2195174,6.123187300639576
1003869,308173,1887022,2195195,6.123255444182326
1003974,308225,1887321,2195546,6.123192473031065
1009118,308319,1916897,2225216,6.217252261456479
1009158,308328,1917067,2225395,6.217622142653278
1009304,308421,1917329,2225750,6.216596794641092
1009382,308487,1917515,2226002,6.215869712500041
1009386,308487,1917520,2226007,6.215885920638471
1009540,308608,1917740,2226348,6.214161654914973
1009556,308608,1917766,2226374,6.214245904189133
1009588,308625,1917844,2226469,6.214156338598623
1009595,308630,1917863,2226493,6.214117227748437
1009655,308642,1918116,2226758,6.214695342824372
1009682,308647,1918182,2226829,6.214808502917572
1009752,308683,1918279,2226962,6.21439794222552
1009833,308729,1918447,2227176,6.214016175999015
1009896,308729,1918574,2227303,6.214427540010819
1009909,308735,1918585,2227320,6.2143423972014835
1009930,308740,1918602,2227342,6.214296819330181
1010065,308797,1918831,2227628,6.213891326664443
1010424,308805,1919882,2228687,6.2171337899321575
1010439,308805,1919910,2228715,6.217224462039151
1010725,308815,1920289,2229104,6.218250408820815
1010748,308821,1920309,2229130,6.21819435854427
1011749,308827,1922006,2230833,6.223568535134557
1011808,308871,1922095,2230966,6.222970107261608
1011857,308881,1922150,2231031,6.222946701156756
1011910,308887,1922308,2231195,6.2233373369549385
1011955,308929,1922397,2231326,6.222779344121141
1011985,308939,1922440,2231379,6.222717105965903
1012038,308988,1922549,2231537,6.222083058241744
1012464,308988,1923362,2232350,6.224714228384274
1012509,308988,1923465,2232453,6.225047574663094
1012546,309025,1923557,2232582,6.224599951460238
1012682,309057,1923808,2232865,6.224767599504299
1012705,309066,1923871,2232937,6.224790174266985
1012730,309073,1923886,2232959,6.224697725132898
1012753,309079,1923915,2232994,6.224670715254029
1012760,309082,1923925,2233007,6.22464265146466
1012780,309082,1923946,2233028,6.224710594599491
1012793,309088,1923964,2233052,6.224647996687028
1012874,309088,1924019,2233107,6.224825939538254
1012899,309107,1924077,2233184,6.22463095303568
1013055,309172,1924274,2233446,6.223959478866133
1013066,309181,1924291,2233472,6.2238332885914724
1013094,309193,1924381,2233574,6.22388281752821
1013253,309203,1924692,2233895,6.224687341325925
1013279,309205,1924707,2233912,6.224695590304167
1013283,309205,1924712,2233917,6.2247117608059375
1013314,309213,1924718,2233931,6.224570118332671
1013397,309242,1924851,2234093,6.224416476416528
1013555,309320,1925447,2234767,6.224773697142118
1013605,309363,1925540,2234903,6.2242091006358224
1013646,309371,1925599,2234970,6.224238858845852
1013765,309371,1925826,2235197,6.224972605706418
1013858,309439,1926011,2235450,6.224202508410381
1014082,309439,1926324,2235763,6.2252140163327825
1014144,309509,1926476,2235985,6.224297193296479
1014183,309528,1926513,2236041,6.224034659223075
1015008,309528,1928061,2237589,6.229035822284252
1015071,309545,1928170,2237715,6.229045857629747
1015132,309585,1928266,2237851,6.228551124893002
1015145,309590,1928276,2237866,6.228482832132821
1015893,309590,1930123,2239713,6.234448787105527
1016052,309643,1930574,2240217,6.234838184619061
1016080,309656,1930612,2240268,6.234699150024543
1016129,309660,1930718,2240378,6.234960924885358
1016180,309687,1930756,2240443,6.234540035584316
1016189,309690,1930782,2240472,6.234563595853919
1016226,309718,1930838,2240556,6.234180770894814
1016247,309729,1930878,2240607,6.234088509632614
1016358,309831,1931167,2240998,6.232968941132424
1016423,309831,1931357,2241188,6.233582178671599
1016629,309934,1931703,2241637,6.232626946382133
1016653,309938,1931732,2241670,6.232640076402377
1016679,309938,1931758,2241696,6.232723964147668
1016690,309941,1931763,2241704,6.2326797680848935
1016768,309996,1931836,2241832,6.231809442702486
1016795,310004,1931952,2241956,6.23202281260887
1016906,310004,1932168,2242172,6.232719577811899
1016929,310004,1932242,2242246,6.232958284409233
1017133,310076,1932525,2242601,6.232423663875953
1017190,310076,1932525,2242601,6.232423663875953
1018167,310591,1934064,2244655,6.227044569868412
1018437,310748,1934590,2245338,6.225591154247171
1018509,310778,1934703,2245481,6.2253537895217805
1018554,310796,1934768,2245564,6.22520238355706
1018609,310827,1934898,2245725,6.22499975870822
1018682,310862,1935081,2245943,6.224887570690531
1019892,310981,1938176,2249157,6.232457931513501
1020009,311045,1938280,2249325,6.23150991014162
1020174,311054,1939219,2250273,6.234348376809171
1020206,311072,1939265,2250337,6.234135505606419
1020325,311149,1939491,2250640,6.233319085068568
1020343,311152,1939522,2250674,6.23335861572479
1020505,311268,1939951,2251219,6.232413868434918
1020816,311352,1940165,2251517,6.231419743569979
1020847,311363,1940205,2251568,6.23132806402816
1020870,311369,1940221,2251590,6.231259373926114
1020916,311382,1940260,2251642,6.231124470907117
1021110,311537,1940689,2252226,6.229401323117318
1021138,311558,1940740,2252298,6.229145135095231
1021179,311559,1940892,2252451,6.229613010697813
1021215,311566,1940932,2252498,6.22960143276224
1021271,311570,1941064,2252634,6.229945116667202
1021341,311625,1941168,2252793,6.229179302045728
1021366,311629,1941189,2252818,6.229166733519666
1021761,311787,1941828,2253615,6.228059540647942
1021764,311787,1941834,2253621,6.228078784554841
1021793,311796,1941871,2253667,6.228017678225506
1021820,311803,1941902,2253705,6.227977280526487
1021931,311833,1942195,2254028,6.228317721344437
1021969,311845,1942222,2254067,6.228164633070917
1022003,311856,1942272,2254128,6.2281052793597045
1022427,311967,1942545,2254512,6.226764369308293
1022445,311967,1942604,2254571,6.226953491875744
1022465,311979,1942679,2254658,6.226954378339568
1022703,311996,1943475,2255471,6.229166399569225
1022900,312016,1943863,2255879,6.230010640479976
1023492,312022,1943926,2255948,6.2300927498702015
1023590,312037,1944277,2256314,6.230918128298888
1023710,312093,1944485,2256578,6.230466559647285
1023907,312177,1944860,2257037,6.229991319027347
1023993,312177,1944959,2257136,6.230308446810623
1024024,312177,1945039,2257216,6.230564711685998
1024045,312184,1945075,2257259,6.230540322373985
1024429,312305,1945314,2257619,6.228891628376107
1024495,312335,1945392,2257727,6.228543070741352
1024498,312337,1945407,2257744,6.228551212312342
1024562,312337,1945582,2257919,6.229111504560779
1024611,312372,1945677,2258049,6.22871768276286
1024713,312417,1946012,2258429,6.228892793926067
1024747,312431,1946054,2258485,6.228748107582154
1024778,312441,1946113,2258554,6.228737585656172
1024907,312500,1946361,2258861,6.2283552
1024958,312519,1946449,2258968,6.228258121906188
1024963,312521,1946461,2258982,6.22825666115237
1025033,312582,1946606,2259188,6.227505102661062
1025093,312596,1946666,2259262,6.227418137148268
1025123,312607,1946707,2259314,6.227330162152479
1025178,312624,1946738,2259362,6.227090690414044
1025361,312624,1947104,2259728,6.228261425866216
1025372,312627,1947116,2259743,6.228240043246425
1025404,312636,1947177,2259813,6.2282558630484015
1026697,312675,1948041,2260716,6.230242264331974
1026706,312676,1948046,2260722,6.230238329772672
1026729,312689,1948088,2260777,6.2301136272782225
1026751,312689,1948112,2260801,6.230190380857657
1026776,312705,1948159,2260864,6.230021905629907
1027067,312833,1948438,2261271,6.228364654624032
1027262,312853,1948890,2261743,6.229411257044043
1027267,312854,1948893,2261747,6.229400934621261
1027283,312858,1948910,2261768,6.229375627281386
1027452,312961,1949353,2262314,6.22874096133384
1027506,312969,1949414,2262383,6.228776652000677
1027736,313062,1949623,2262685,6.227593895138982
1027840,313150,1949819,2262969,6.226469742934696
1027892,313174,1949870,2263044,6.226155427972948
1028308,313196,1950503,2263699,6.2277391792998635
1028426,313231,1950680,2263911,6.227608378481057
1028467,313244,1950751,2263995,6.227576585664849
1028538,313244,1950923,2264167,6.2281256783849015
1028569,313256,1950968,2264224,6.228030748014404
1028739,313260,1951104,2264364,6.228385366787972
1028759,313273,1951122,2264395,6.228184363159289
1028767,313273,1951122,2264395,6.228184363159289
1028802,313281,1951263,2264544,6.228475394294579
1029154,313328,1952079,2265407,6.230145406730327
1029184,313348,1952121,2265469,6.229881792767147
1029506,313390,1952760,2266150,6.2310858674495035
1029677,313451,1953043,2266494,6.230776102165889
1029708,313463,1953102,2266565,6.2307257953889295
1029761,313491,1953178,2266669,6.230411718358741
1029783,313525,1953230,2266755,6.229901921696834
1030397,313592,1955845,2269437,6.236909742595475
1030419,313594,1955852,2269446,6.23689228747999
1030432,313596,1955877,2269473,6.23693223127846
1030627,313664,1955990,2269654,6.235940369312385
1030752,313718,1956298,2270016,6.235848755889047
1030761,313718,1956318,2270036,6.235912507411115
1030873,313762,1956419,2270181,6.23535992248902
1030904,313784,1956467,2270251,6.235075720878056
1031028,313844,1956613,2270457,6.234348912198417
1031063,313853,1956645,2270498,6.234272095535171
1031274,313925,1957105,2271030,6.234307557537629
1031308,313948,1957157,2271105,6.2340164613248055
1031366,313955,1957202,2271157,6.234020799159115
1032097,314560,1959299,2273859,6.228697227873855
1032343,314573,1959716,2274289,6.229765428056445
1032373,314585,1959733,2274318,6.22958183003004
1032663,314767,1960142,2274909,6.227279225585909
1032682,314773,1960161,2274934,6.227220886162409
1032701,314777,1960204,2274981,6.227278358965235
1033036,314955,1960661,2275616,6.2252099506278675
1033071,314961,1960668,2275629,6.225113585491537
1033637,314983,1961321,2276304,6.226751919944886
1034216,315309,1962163,2277472,6.222984437488305
1034665,315507,1962925,2278432,6.221494293312034
1034904,315507,1963384,2278891,6.222949094631815
1034949,315542,1963472,2279014,6.222537728733418
1034964,315546,1963509,2279055,6.222576106177863
1035390,315546,1964322,2279868,6.225152592648932
1036743,315554,1967423,2282977,6.234821932220792
1036974,315568,1967780,2283348,6.2356766212036705
1037105,315667,1968299,2283966,6.235365115770733
1037122,315690,1968332,2284022,6.2350153631727325
1037198,315731,1968477,2284208,6.234664952126969
1037291,315744,1968650,2284394,6.234956167021385
1037444,315769,1968790,2284559,6.23490589639895
1037838,315769,1969563,2285332,6.237353888443767
1037861,315784,1969602,2285386,6.23718111113926
1038163,315784,1969764,2285548,6.2376941200314135
1038186,315793,1969826,2285619,6.237712678875086
1038276,315824,1969862,2285686,6.237214397892497
1038330,315847,1969965,2285812,6.2370863107770536
1038362,315865,1970010,2285875,6.236873347790986
1038388,315888,1970071,2285959,6.236612343615459
1038521,315912,1970161,2286073,6.23642343437413
1038527,315916,1970164,2286080,6.236353967510351
1038560,315924,1970212,2286136,6.236347982426153
1038623,315962,1970316,2286278,6.235927105158215
1038648,315969,1970373,2286342,6.235969351423716
1038681,315990,1970455,2286445,6.2358144245071045
1038694,315996,1970464,2286460,6.2357245028418085
1038837,316011,1970607,2286618,6.235881029457835
1038904,316052,1970726,2286778,6.235448597066306
1039043,316146,1970894,2287040,6.234126005073605
1039053,316152,1970906,2287058,6.2340456489283635
1039076,316169,1970936,2287105,6.233805338284272
1039077,316169,1970938,2287107,6.233811664015131
1039085,316176,1970958,2287134,6.233736906027023
1039126,316176,1971029,2287205,6.233961464500784
1039146,316178,1971036,2287214,6.2339441706886625
1039156,316178,1971052,2287230,6.2339947750950415
1039254,316178,1971342,2287520,6.234911979960655
1039754,316207,1971902,2288109,6.236111155034519
1039864,316211,1972238,2288449,6.23709485122276
1039910,316237,1972315,2288552,6.236825545397914
1040155,316248,1972942,2289190,6.238591232197516
1040714,316559,1974214,2290773,6.236480403337135
1040730,316559,1974252,2290811,6.236600444151011
1040807,316559,1974408,2290967,6.237093243281663
1041643,316567,1976092,2292659,6.242255194003166
1041943,316631,1976250,2292881,6.2414924628352875
1041978,316635,1976288,2292923,6.241533627046915
1042579,317097,1977408,2294505,6.235971958107456
1042582,317097,1977413,2294510,6.235987726153196
1042793,317157,1977541,2294698,6.235211582906889
1042850,317192,1977629,2294821,6.2348010038084185
1043125,317256,1978276,2295532,6.235582620974859
1043171,317265,1978300,2295565,6.235481379918995
1043213,317284,1978404,2295688,6.235435761021671
1043226,317285,1978415,2295700,6.23545077769198
1043250,317285,1978436,2295721,6.235516964243503
1043290,317297,1978496,2295793,6.235470237663766
1043373,317318,1978653,2295971,6.235552348117661
1043407,317329,1978714,2296043,6.235528426333553
1043856,317329,1979255,2296584,6.237233281546912
1043959,317329,1979424,2296753,6.237765851844616
1044218,317329,1979920,2297249,6.239328898398822
1044564,317329,1980250,2297579,6.240368828565936
1044589,317344,1980289,2297633,6.240196758092165
1044648,317366,1980383,2297749,6.240060371936503
1044747,317385,1980587,2297972,6.240329568190053
1044824,317411,1980748,2298159,6.240325634587333
1044917,317467,1980908,2298375,6.239728853707629
1044955,317485,1980950,2298435,6.2395073783013375
1044966,317489,1980960,2298449,6.2394602647650785
1044984,317490,1980965,2298455,6.239456360830262
1045042,317491,1981031,2298522,6.239644588350536
1045065,317494,1981062,2298556,6.239683269605095
1045081,317501,1981137,2298638,6.239781921946703
1045121,317535,1981210,2298745,6.2393436943958935
1045144,317539,1981255,2298794,6.239406813021392
1045204,317539,1981297,2298836,6.239539080238963
1045248,317564,1981348,2298912,6.239208474512225
1045273,317573,1981423,2298996,6.239267821886622
1045640,317577,1981728,2299305,6.24014963300239
1045799,317613,1982024,2299637,6.24037429198427
1045827,317630,1982053,2299683,6.240131599659982
1045844,317637,1982090,2299727,6.240110566464234
1045868,317650,1982124,2299774,6.2399622225720135
1045889,317657,1982157,2299814,6.239928602234485
1045921,317669,1982182,2299851,6.239771586147846
1046009,317677,1982306,2299983,6.24000478473418
1046095,317677,1982306,2299983,6.24000478473418
1046190,317679,1982585,2300264,6.240843744786404
1046211,317690,1982612,2300302,6.240712644401776
1046372,317809,1982830,2300639,6.239061826442926
1046376,317813,1982834,2300647,6.238995887518761
1046444,317866,1982921,2300787,6.238229316756117
1046478,317866,1982967,2300833,6.238374031824732
1046533,317876,1983052,2300928,6.238445179881463
1046669,317965,1983216,2301181,6.2372147877911095
1046688,317965,1983231,2301196,6.237261962794647
1046872,318054,1983628,2301682,6.236764826098713
1046880,318060,1983665,2301725,6.236763503741432
1046916,318088,1983715,2301803,6.236371695882901
1046962,318128,1983828,2301956,6.235942765176281
1047005,318156,1983909,2302065,6.2356485497680385
1047005,318241,1984017,2302258,6.2343224160306185
1047119,318298,1984202,2302500,6.2337872057003185
1047172,318317,1984265,2302582,6.233613033548318
1047196,318336,1984302,2302638,6.23335720747889
1047275,318375,1984445,2302820,6.2330427954456225
1047688,318375,1985408,2303783,6.236067530427954
1047710,318375,1985432,2303807,6.2361429132312525
1047749,318409,1985475,2303884,6.235612058704371
1047786,318434,1985531,2303965,6.235298366380475
1047827,318443,1985599,2304042,6.235335680168822
1047856,318449,1985623,2304072,6.2352935634905435
1047969,318522,1985841,2304363,6.23454894795336
1048092,318549,1985927,2304476,6.234290485922103
1048317,318652,1986205,2304857,6.233147759938742
1048337,318667,1986222,2304889,6.232907706163488
1048432,318667,1986442,2305109,6.233598082010374
1049643,318667,1989230,2307897,6.242347026833654
1050051,318961,1989971,2308932,6.2389163565451575
1050358,318968,1990562,2309530,6.240632289132452
1050443,319022,1990672,2309694,6.239920757816075
1050499,319022,1990756,2309778,6.240184062541141
1050676,319129,1991074,2310203,6.239088268380498
1050711,319140,1991087,2310227,6.238913956257442
1050721,319142,1991089,2310231,6.238881125016451
1050735,319146,1991122,2310268,6.238906331271581
1050744,319152,1991136,2310288,6.238832907204091
1050836,319214,1991314,2310528,6.238178776620073
1050883,319214,1991386,2310600,6.2384043306371275
1051224,319493,1991939,2311432,6.234687457941176
1051268,319513,1991995,2311508,6.2344724627792925
1051278,319516,1992001,2311517,6.234432704465504
1051302,319521,1992014,2311535,6.234375831322511
1051348,319551,1992147,2311698,6.23420674634096
1051365,319559,1992172,2311731,6.234128908902582
1051897,319594,1993455,2313049,6.237460653203752
1051898,319594,1993457,2313051,6.237466911143513
1052057,319594,1993778,2313372,6.238471310475165
1052123,319612,1993879,2313491,6.238435978624081
1052143,319615,1993927,2313542,6.238527603522988
1052169,319634,1994004,2313638,6.238397667332011
1052201,319654,1994053,2313707,6.238160636187878
1052229,319679,1994095,2313774,6.237804172310349
1052314,319711,1994233,2313944,6.237611467856908
1052370,319727,1994342,2314069,6.237640236827043
1052560,319824,1994671,2314495,6.236777102406323
1052643,319862,1994941,2314803,6.236880279620586
1052663,319873,1994967,2314840,6.236747083998962
1052710,319875,1995059,2314934,6.236995701445878
1052742,319898,1995126,2315024,6.23675671620329
1054698,319898,1998787,2318685,6.248200989065264
1054742,319911,1998825,2318736,6.248065868319626
1054742,319911,1998858,2318769,6.248169022009247
1054782,319931,1998906,2318837,6.247928459574096
1054812,319947,1998984,2318931,6.247859801779669
1054832,319955,1999019,2318974,6.247812973699427
1055022,320035,1999225,2319260,6.246894870873498
1055218,320187,1999536,2319723,6.244900636190726
1055350,320259,1999722,2319981,6.244077449814057
1055368,320267,1999756,2320023,6.244027639438344
1055395,320270,1999786,2320056,6.244062821993943
1055535,320321,1999931,2320252,6.243521342653151
1055799,320384,2000394,2320778,6.24373876348382
1055908,320478,2000618,2321096,6.242606356754598
1056059,320582,2000964,2321546,6.241660480001997
1056089,320592,2001006,2321598,6.241596795927534
1056114,320597,2001051,2321648,6.241639815718799
1056117,320597,2001060,2321657,6.2416678883458045
1056161,320614,2001105,2321719,6.241477290448951
1056243,320652,2001460,2322112,6.241844741339521
1056273,320661,2001572,2322233,6.242018829854581
1056282,320662,2001589,2322251,6.242052379140652
1056306,320678,2001625,2322303,6.241853198535603
1056360,320685,2001727,2322412,6.242035018787907
1056378,320688,2001756,2322444,6.242067055829966
1056389,320696,2001777,2322473,6.241976825404745
1056402,320703,2001789,2322492,6.241877999270353
1056482,320703,2001922,2322625,6.242292713195698
1056845,320778,2002238,2323016,6.241818329187164
1056991,320802,2002435,2323237,6.24196544909321
1057127,320880,2002799,2323679,6.241582523061581
1057158,320893,2002849,2323742,6.241485479583537
1057294,320893,2003208,2324101,6.242604232563503
1057300,320893,2003219,2324112,6.2426385119027215
1057305,320897,2003232,2324129,6.242601208487459
1057326,320904,2003254,2324158,6.2425335926009025
1057415,320975,2003407,2324382,6.2416294103902175
1057537,320975,2003594,2324569,6.2422120102811745
1057556,320983,2003629,2324612,6.2421654729378195
1058107,321012,2004069,2325081,6.242972225337371
1058169,321047,2004133,2325180,6.24249097484169
1058184,321052,2004180,2325232,6.24254014925931
1058201,321059,2004223,2325282,6.242537975886052
1058274,321071,2004346,2325417,6.242687754421919
1058282,321073,2004352,2325425,6.242667555353456
1058405,321153,2004517,2325670,6.2416262653626156
1058425,321153,2004538,2325691,6.241691654756456
1058446,321174,2004573,2325747,6.241392516206169
1058478,321182,2004593,2325775,6.241299325616006
1058500,321198,2004631,2325829,6.241106731673298
1058749,321200,2004910,2326110,6.241936488169365
1058798,321208,2004945,2326153,6.241889990286668
1058834,321226,2005030,2326256,6.241804835225044
1059032,321327,2005320,2326647,6.24074540888254
1059055,321336,2005347,2326683,6.240654641870192
1059086,321340,2005378,2326718,6.240673430011825
1059115,321357,2005442,2326799,6.24054244967435
1059142,321381,2005476,2326857,6.240182213634284
1061541,321412,2010627,2332039,6.255606511269026
1061556,321412,2010650,2332062,6.2556780705138575
1062029,321835,2012188,2334023,6.252234840834589
1062043,321835,2012236,2334071,6.252383985582674
1062071,321842,2012261,2334103,6.252325675331374
1062323,322023,2012847,2334870,6.250631166096832
1062354,322035,2012864,2334899,6.2504510379306595
1062392,322067,2012922,2334989,6.250010091068008
1062401,322069,2012938,2335007,6.250020958241867
1062433,322095,2013002,2335097,6.249715146152533
1062459,322104,2013032,2335136,6.249633658694086
1062584,322160,2013222,2335382,6.249137074745468
1062604,322160,2013263,2335423,6.2492643407002735
1063030,322160,2014076,2336236,6.251787931462627
1063052,322160,2014121,2336281,6.251927613608145
1063118,322160,2014121,2336281,6.251927613608145
1063157,322201,2014224,2336425,6.25145173354521
1063177,322203,2014231,2336434,6.251434654550081
1063192,322211,2014248,2336459,6.251332201569779
1063227,322226,2014307,2336533,6.251224295991013
1063274,322262,2014374,2336636,6.2507338749216474
1063380,322282,2014713,2336995,6.2513978441240905
1063768,322392,2015078,2337470,6.250397032184422
1063818,322417,2015170,2337587,6.250197725306048
1063916,322459,2015296,2337755,6.24977438992244
1063982,322491,2015501,2337992,6.249789916617828
1064019,322508,2015540,2338048,6.249581405732571
1064040,322517,2015557,2338074,6.2494597184024405
1064195,322523,2015673,2338196,6.249703121947892
1064282,322523,2015904,2338427,6.250419349937834
1064333,322549,2015995,2338544,6.250197644388915
1064454,322623,2016186,2338809,6.249356059549381
1064462,322623,2016186,2338809,6.249356059549381
1064602,322623,2016447,2339070,6.250165053328498
1064607,322630,2016474,2339104,6.250113132690698
1064727,322702,2016703,2339405,6.249428265086674
1064787,322712,2016796,2339508,6.249522794318153
1065016,322851,2017212,2340063,6.248120650083165
1065198,322913,2017556,2340469,6.247986299715404
1065282,322952,2017751,2340703,6.247835591666873
1065327,322960,2017837,2340797,6.247947114193709
1065384,322969,2017906,2340875,6.247986648873422
1065800,323003,2018614,2341617,6.249520902282641
1065891,323060,2018868,2341928,6.2492044821395405
1065967,323126,2019069,2342195,6.248550101198913
1066003,323126,2019110,2342236,6.248676986686308
1066028,323126,2019153,2342279,6.248810061709674
1066055,323140,2019197,2342337,6.248675496688742
1066076,323153,2019214,2342367,6.248476727741967
1066280,323172,2019587,2342759,6.2492635500600295
1066480,323222,2019693,2342915,6.248624784204045
1066501,323229,2019760,2342989,6.248696744413404
1066548,323236,2019819,2343055,6.2487439517875485
1066570,323243,2019842,2343085,6.248679785795826
1066580,323246,2019850,2343096,6.248646541643207
1066590,323246,2019850,2343096,6.248646541643207
1066628,323274,2019917,2343191,6.24831257694711
1066691,323284,2019991,2343275,6.248348201581273
1066802,323284,2020207,2343491,6.249016344761881
1066833,323284,2020267,2343551,6.249201940089828
1066861,323298,2020349,2343647,6.249184962480436
1066889,323307,2020368,2343675,6.249069769599792
1066988,323327,2020589,2343916,6.2493667401732615
1067073,323364,2020693,2344057,6.24897329325466
1067152,323441,2020860,2344301,6.248001953988517
1067202,323475,2020931,2344406,6.247564726794961
1067217,323478,2020955,2344433,6.247580979231972
1067421,323540,2021188,2344728,6.2471039129628485
1067422,323540,2021192,2344732,6.247116276194597
1067442,323549,2021221,2344770,6.247032134236236
1067476,323564,2021272,2344836,6.246900149584008
1067562,323640,2021401,2345041,6.245831788406872
1067604,323658,2021455,2345113,6.24565127387551
1067692,323665,2021506,2345171,6.2456737676301115
1068139,323700,2022370,2346070,6.247667593450726
1068211,323727,2022571,2346298,6.247767408958783
1069515,324161,2024279,2348440,6.244671629221282
1069746,324161,2024570,2348731,6.245569331289082
1069834,324164,2024819,2348983,6.246279660912378
1069845,324164,2024829,2348993,6.246310509495194
1069901,324185,2024892,2349077,6.246100220553079
1069992,324215,2024994,2349209,6.245836867510757
1070016,324235,2025040,2349275,6.245593473869262
1070080,324252,2025119,2349371,6.245509665322033
1070123,324269,2025352,2349621,6.245900779908039
1070198,324301,2025495,2349796,6.245725421753248
1070273,324346,2025587,2349933,6.245142532974047
1070344,324397,2025676,2350073,6.2444350595104146
1070345,324397,2025678,2350075,6.244441224795544
1070389,324412,2025736,2350148,6.244331282443313
1070452,324412,2025863,2350275,6.244722759947227
1070494,324432,2025919,2350351,6.244510405878581
1070497,324432,2025921,2350353,6.244516570498594
1070507,324438,2025949,2350387,6.244487390502962
1070543,324447,2025978,2350425,6.244403554355565
1070578,324473,2026023,2350496,6.244041877136156
1070599,324481,2026040,2350521,6.243940323162219
1071410,324486,2027744,2352230,6.249095492563623
1071461,324497,2027854,2352351,6.249222643044466
1071500,324503,2027903,2352406,6.249258096227154
1071547,324515,2028025,2352540,6.249402955179267
1071576,324530,2028063,2352593,6.249231195883278
1071991,324548,2028898,2353446,6.251457411538509
1072125,324615,2029174,2353789,6.251017359025307
1072142,324623,2029187,2353810,6.250903355584786
1072501,324623,2029904,2354527,6.25311207154145
1072781,324623,2030367,2354990,6.2545383413991
1072878,324640,2030567,2355207,6.254826885165106
1073001,324685,2030704,2355389,6.254381939418205
1073105,324730,2030831,2355561,6.253906322175346
1073270,324852,2031106,2355958,6.252404171745903
1073416,324931,2031336,2356267,6.251591876429149
1073490,324963,2031412,2356375,6.25121013776953
1073551,324976,2031492,2356468,6.251206242922554
1073587,324988,2031529,2356517,6.251089270988468
1073618,324992,2031567,2356559,6.2511292585663645
1073718,325010,2031750,2356760,6.25134611242731
1073722,325010,2031756,2356766,6.251364573397741
1073728,325019,2031769,2356788,6.251231466468115
1073767,325019,2031885,2356904,6.251588368679985
1073849,325056,2032021,2357077,6.251295161449105
1073868,325067,2032104,2357171,6.251338954738562
1073895,325082,2032158,2357240,6.251216616115318
1073957,325139,2032307,2357446,6.250578983142594
1074136,325148,2033346,2358494,6.253601436884127
1074218,325190,2033508,2358698,6.253291921645807
1074281,325190,2033609,2358799,6.2536025093022545
1074347,325232,2033752,2358984,6.253234614060117
1074540,325232,2034196,2359428,6.254599793378265
1074578,325243,2034256,2359499,6.254572734847483
1074664,325267,2034371,2359638,6.254464793538847
1074733,325293,2034517,2359810,6.254413713175507
1074751,325300,2034554,2359854,6.254392868121734
1074765,325300,2034580,2359880,6.254472794343683
1074788,325317,2034638,2359955,6.2543242437376465
1074793,325324,2034653,2359977,6.2542357772559045
1074820,325324,2034706,2360030,6.254398691765747
1074821,325324,2034706,2360030,6.254398691765747
1074848,325345,2034759,2360104,6.254157893927984
1074861,325350,2034777,2360127,6.254117104656523
1074936,325379,2034929,2360308,6.2540268425436185
1074974,325391,2034980,2360371,6.253952936620865
1075402,325391,2035888,2361279,6.256743425601814
1075406,325392,2035891,2361283,6.256733416924817
1075415,325394,2035905,2361299,6.256737985334702
1075538,325394,2036242,2361636,6.2577736528639125
1075628,325455,2036392,2361847,6.257061652148531
1075631,325456,2036395,2361851,6.257051644461924
1075799,325456,2036723,2362179,6.2580594611867655
1075808,325460,2036732,2362192,6.2580102009463525
1075838,325472,2036783,2362255,6.2579361665519615
1075872,325500,2036844,2362344,6.257585253456221
1075901,325517,2036899,2362416,6.257427415465244
1075929,325524,2036933,2362457,6.257397304039026
1075976,325535,2037056,2362591,6.257563702827653
1076009,325545,2037103,2362648,6.257515858022701
1076014,325547,2037111,2362658,6.2575019889601196
1076026,325549,2037153,2362702,6.257592559031052
1076076,325569,2037199,2362768,6.257349440517985
1076105,325572,2037279,2362851,6.257537503225093
1076277,325602,2037355,2362957,6.2571943661279725
1076286,325616,2037367,2362983,6.256962188590241
1076302,325616,2037393,2363009,6.257042037246327
1076311,325620,2037409,2363029,6.2570143111602485
1076461,325742,2037799,2363541,6.2558681410441395
1076467,325743,2037803,2363546,6.2558612157437
1076627,325743,2038079,2363822,6.256708509469122
1076692,325783,2038240,2364023,6.256434497809892
1076700,325783,2038240,2364023,6.256434497809892
1076711,325783,2038252,2364035,6.256471332144403
1076727,325783,2038278,2364061,6.256551139869177
1076809,325809,2038406,2364215,6.256444726818473
1076953,325882,2038583,2364465,6.255586377891384
1077004,325882,2038707,2364589,6.255966883718647
1077028,325893,2038735,2364628,6.255841641274897
1077298,325948,2039526,2365474,6.257212806950802
1077307,325950,2039542,2365492,6.257223500536893
1077354,325950,2039626,2365576,6.257481208774352
1077382,325965,2039649,2365614,6.257263816667433
1077396,325965,2039682,2365647,6.2573650545303945
1077407,325965,2039692,2365657,6.257395732670686
1077425,325971,2039716,2365687,6.25735418181372
1077489,325987,2039818,2365805,6.257359956071868
1079165,326019,2041985,2368004,6.263392624356249
1079223,326065,2042083,2368148,6.262809562510542
1079224,326065,2042083,2368148,6.262809562510542
1079348,326124,2042227,2368351,6.262118090051636
1079430,326202,2042448,2368650,6.261298213990104
1079432,326202,2042453,2368655,6.2613135419157455
1079456,326208,2042495,2368703,6.261327128703159
1079476,326208,2042590,2368798,6.261618353933686
1079642,326298,2042846,2369144,6.26067582394008
1079661,326313,2042875,2369188,6.260476904076761
1079669,326313,2042875,2369188,6.260476904076761
1079679,326313,2042907,2369220,6.2605749694311905
1079710,326322,2042962,2369284,6.260570847200005
1079734,326334,2042982,2369316,6.2604019195057825
1079914,326457,2043383,2369840,6.259271512021491
1080006,326507,2043587,2370094,6.258937786938718
1080014,326509,2043593,2370102,6.258917824623517
1080146,326552,2043855,2370407,6.258895979813322
1080435,326564,2044439,2371003,6.260454306047206
1080565,326614,2044658,2371272,6.260166434996663
1080795,326620,2048301,2374921,6.271205070112057
1080835,326629,2048331,2374960,6.271124119413769
1080876,326661,2048424,2375085,6.270794493373865
1080938,326690,2048549,2375239,6.27062046588509
1081108,326690,2048770,2375460,6.271296948177171
1081231,326732,2048858,2375590,6.270760133687548
1081305,326773,2049011,2375784,6.270441560349234
1081418,326775,2049344,2376119,6.271422232422921
1081495,326814,2049547,2376361,6.271294987362842
1081609,326814,2049839,2376653,6.272188461938595
1081767,326905,2050115,2377020,6.271286765268197
1081954,326923,2050457,2377380,6.271987593408846
1082126,326923,2050833,2377756,6.2731377113265205
1082197,326942,2051015,2377957,6.2733298260853605
1082282,326944,2051243,2378187,6.273988817656846
1082285,326944,2051252,2378196,6.274016345306841
1082465,326972,2051393,2378365,6.273910304246235
1082686,326972,2051952,2378924,6.275619930758597
1082712,326984,2051979,2378963,6.275472194358134
1082790,326994,2052073,2379067,6.275567747420442
1082922,327037,2052274,2379311,6.275357222577262
1083320,327223,2052870,2380093,6.2736115737585685
1083345,327234,2052918,2380152,6.27354736977209
1083605,327326,2053582,2380908,6.273812651607266
1083629,327337,2053626,2380963,6.273736241243734
1083668,327347,2053684,2381031,6.273721769254033
1083679,327352,2053694,2381046,6.273656492094137
1083706,327364,2053730,2381094,6.273536491489596
1083728,327371,2053793,2381164,6.273594790008889
1083839,327453,2053983,2381436,6.272604007292649
1084012,327559,2054324,2381883,6.271615189935249
1084088,327601,2054475,2382076,6.2712720657140855
1084105,327607,2054490,2382097,6.271202996272973
1084110,327608,2054493,2382101,6.271193011159679
1084158,327608,2054566,2382174,6.271415838441063
1084173,327614,2054603,2382217,6.271413920040047
1084187,327621,2054607,2382228,6.271292133288159
1084429,327767,2055045,2382812,6.269834974234746
1084556,327858,2055340,2383198,6.268994503718073
1084686,327932,2055851,2383783,6.269138113999244
1084723,327932,2055956,2383888,6.269458302330971
1084877,327989,2056141,2384130,6.2689327995755955
1084879,327989,2056151,2384140,6.268963288402965
1084892,327997,2056170,2384167,6.268868312819935
1085058,328156,2056611,2384767,6.26717475834664
1085300,328170,2056780,2384950,6.267422372550812
1085330,328181,2056813,2384994,6.267312854796591
1085394,328227,2057038,2385265,6.267120011455487
1085397,328231,2057045,2385276,6.267064963394683
1085440,328267,2057096,2385363,6.266533035608209
1085493,328298,2057165,2385463,6.266151484322171
1085551,328355,2057278,2385633,6.265407866485968
1085861,328402,2057915,2386317,6.266450874233409
1085886,328408,2057960,2386368,6.26647341112275
1086407,328682,2058819,2387501,6.263862943513791
1086458,328682,2058935,2387617,6.2642158682252145
1086527,328702,2059028,2387730,6.264117650637964
1086563,328726,2059059,2387785,6.263754616306589
1086574,328726,2059069,2387795,6.2637850367783505
1086585,328732,2059091,2387823,6.263737634303931
1086661,328788,2059186,2387974,6.262959718724527
1086760,328926,2059390,2388316,6.260952311462153
1086790,328955,2059449,2388404,6.260579714550622
1086825,328984,2059506,2388490,6.260201104005058
1087765,329188,2062577,2391765,6.265650631250228
1087820,329193,2062861,2392054,6.266418180216469
1087862,329203,2062993,2392196,6.266628797428942
1087885,329209,2063046,2392255,6.266675576913146
1087996,329209,2063303,2392512,6.267456236008129
1088093,329253,2063497,2392750,6.267207891803568
1088107,329253,2063523,2392776,6.267286858434091
1088157,329262,2063601,2392863,6.2673524427355725
1088206,329295,2063696,2392991,6.2670128608086975
1088216,329300,2063711,2393011,6.2669632553902215
1088276,329322,2063842,2393164,6.266942384656962
1088285,329324,2063858,2393182,6.266952909596628
1088304,329332,2063891,2393223,6.266900878141207
1088373,329358,2064000,2393358,6.2667371067349205
1088390,329358,2064045,2393403,6.266873736177654
1088451,329379,2064091,2393470,6.266613839983727
1088452,329379,2064091,2393470,6.266613839983727
1088488,329386,2064139,2393525,6.266626389706909
1088497,329393,2064159,2393552,6.266553934054458
1088564,329426,2064238,2393664,6.266165997826523
1088710,329456,2064609,2394065,6.266721504540818
1088791,329476,2064774,2394250,6.26684189440202
1088802,329476,2064797,2394273,6.266911702218067
1088835,329484,2064864,2394348,6.266962887423972
1089010,329543,2065173,2394716,6.266778538764289
1089033,329543,2065190,2394733,6.266830125355416
1089089,329574,2065284,2394858,6.2665258788618035
1089217,329613,2065517,2395130,6.26649130950539
1089265,329646,2065600,2395246,6.266115772677357
1089268,329646,2065609,2395255,6.266143074692246
1089318,329653,2065652,2395305,6.2661404567833445
1089324,329653,2065666,2395319,6.26618292568246
1089389,329673,2065759,2395432,6.266084878045821
1089961,329756,2066482,2396238,6.266700226834387
1089992,329756,2066521,2396277,6.2668184961001465
1090180,329756,2067015,2396771,6.268316573466442
1090211,329772,2067048,2396820,6.268112514100651
1090225,329776,2067064,2396840,6.268085003153656
1090260,329808,2067139,2396947,6.267704240042692
1090329,329808,2067223,2397031,6.267958933682627
1090371,329808,2067272,2397080,6.2681075049725905
1090383,329815,2067286,2397101,6.268016918575565
1090392,329815,2067286,2397101,6.268016918575565
1090425,329824,2067313,2397137,6.267927743281265
1090453,329840,2067350,2397190,6.2677358719379095
1090501,329840,2067421,2397261,6.267951127819549
1090755,329840,2068058,2397898,6.269882367208344
1090855,329867,2068340,2398207,6.270224059999939
1090877,329878,2068369,2398247,6.270102886521684
1091078,330029,2068765,2398794,6.2684339861042515
1091301,330047,2069329,2399376,6.2698009677409585
1091309,330054,2069345,2399399,6.269716470638138
1091330,330085,2069390,2399475,6.269263977460351
1091398,330118,2069570,2399688,6.269182534730006
1091439,330118,2069593,2399711,6.269252206786664
1091771,330118,2070215,2400333,6.271136381536299
1091786,330118,2070234,2400352,6.271193936713539
1091849,330159,2070349,2400508,6.270763480626002
1091898,330175,2070436,2400611,6.270723101385629
1091936,330190,2070482,2400672,6.270577546261244
1092027,330190,2070662,2400852,6.271122686937824
1092028,330190,2070664,2400854,6.271128744056452
1092756,330219,2071162,2401381,6.272086100436377
1092898,330281,2071395,2401676,6.271614170963513
1092931,330292,2071423,2401715,6.2714900754483915
1093172,330297,2071924,2402221,6.272911954998078
1093234,330340,2072029,2402369,6.272413271175153
1093364,330412,2072363,2402775,6.272057310267182
1093373,330414,2072379,2402793,6.2720677695255045
1093393,330433,2072457,2402890,6.271943177588195
1093421,330435,2072472,2402907,6.271950610558809
1093532,330435,2072736,2403171,6.272749557401607
1093544,330437,2072744,2403181,6.272735801378175
1093665,330437,2073084,2403521,6.273764741841864
1093791,330465,2073221,2403686,6.273647738792308
1093831,330497,2073277,2403774,6.273209741692058
1095961,330497,2081874,2412371,6.299222080684545
1096138,330497,2082141,2412638,6.300029954886126
1096200,330509,2082228,2412737,6.300064446051393
1096225,330524,2082277,2412801,6.299926782926504
1096336,330533,2082373,2412906,6.300045683789516
1096602,330533,2083214,2413747,6.302590059086385
1096611,330534,2083231,2413765,6.302622423109272
1096654,330544,2083277,2413821,6.302570913403359
1096924,330544,2083659,2414203,6.303726584055376
1096966,330553,2083709,2414262,6.303706213527029
1096998,330561,2083773,2414334,6.303747266011417
1097048,330585,2083849,2414434,6.303519518429451
1097074,330591,2083886,2414477,6.303517034644016
1097122,330605,2083976,2414581,6.303522330273287
1097132,330605,2083991,2414596,6.303567701637906
1097607,330952,2085254,2416206,6.3007747347047305
1097620,330966,2085279,2416245,6.300583745762404
1097632,330969,2085297,2416266,6.300581021183253
1097798,331088,2085646,2416734,6.299370560092785
1097852,331088,2085783,2416871,6.299784347363842
1097870,331095,2085804,2416899,6.2997145834277175
1097891,331101,2085839,2416940,6.299706131965775
1097913,331114,2085861,2416975,6.299525239041539
1097945,331138,2085909,2417047,6.299213620907295
1097985,331166,2085970,2417136,6.298865221671307
1098017,331184,2086014,2417198,6.298655732160974
1098128,331184,2086052,2417236,6.298770472003478
1098243,331184,2086310,2417494,6.299549495144693
1099707,331184,2088396,2419580,6.30584810860428
1099797,331255,2088564,2419819,6.305003698057388
1099814,331264,2088597,2419861,6.304932017967542
1100435,331264,2089330,2420594,6.307144754636785
1100455,331271,2089339,2420610,6.307038648115893
1100466,331273,2089362,2420635,6.307069999667948
1100591,331300,2089761,2421061,6.307760338062179
1100669,331316,2089810,2421126,6.307603617090632
1100744,331331,2089940,2421271,6.307710416471746
1100966,331348,2090505,2421853,6.3090919516641115
1101010,331373,2090600,2421973,6.308902656523012
1101152,331409,2090738,2422147,6.308633742596006
1101208,331409,2090782,2422191,6.308766509056785
1101357,331463,2091039,2422502,6.308514072460576
1101371,331463,2091074,2422537,6.308619664939978
1101518,331565,2091497,2423062,6.307954699681812
1101574,331591,2091577,2423168,6.307701354982494
1101606,331593,2091624,2423217,6.307805050166921
1102112,331645,2092200,2423845,6.308552820033469
1102171,331683,2092274,2423957,6.308053171250863
1102177,331687,2092276,2423963,6.307983128672514
1102384,331868,2092687,2424555,6.305781214217701
1102471,331960,2092794,2424754,6.304355946499578
1102517,331998,2092887,2424885,6.303914481412539
1102587,332036,2093016,2425052,6.303581539351154
1102594,332041,2093025,2425066,6.303513722702919
1103010,332041,2093767,2425808,6.305748386494439
1103045,332048,2093794,2425842,6.30569676673252
1103079,332058,2093832,2425890,6.305621307121045
1103652,332066,2094635,2426701,6.307887588611902
1103657,332068,2094639,2426707,6.307861642796054
1103723,332077,2094680,2426757,6.307814151537143
1103764,332080,2094757,2426837,6.307989038785835
1103862,332080,2095047,2427127,6.308862322331969
1103912,332094,2095128,2427222,6.3088402681168585
1104026,332116,2095220,2427336,6.308699370099604
1104031,332116,2095231,2427347,6.3087324910573415
1104127,332146,2095345,2427491,6.308505898008707
1104187,332167,2095454,2427621,6.308435214816644
1104272,332204,2095602,2427806,6.308178107427966
1104285,332212,2095651,2427863,6.308173696314402
1104375,332212,2095917,2428129,6.308974389847447
1104827,332220,2096741,2428961,6.311302751188971
1104845,332220,2096741,2428961,6.311302751188971
1105397,332432,2098125,2430557,6.3114411368339995
1105405,332432,2098129,2430561,6.311453169369976
1106192,332629,2098675,2431304,6.309356670645073
1106206,332635,2098736,2431371,6.309426247989538
1106245,332635,2098784,2431419,6.309570550302885
1106268,332651,2098810,2431461,6.3093452296851655
1106371,332708,2099023,2431731,6.3089045048511005
1106380,332710,2099038,2431748,6.308911664813201
1106487,332751,2099217,2431968,6.308672250421487
1106588,332803,2099295,2432098,6.307920902155329
1106722,332906,2099821,2432727,6.30754927817462
1106732,332906,2099837,2432743,6.30759733978961
1106799,332920,2099881,2432801,6.30746425567704
1106906,333032,2100058,2433090,6.305874510557544
1107210,333084,2100240,2433324,6.305436466476925
1107417,333094,2100476,2433570,6.305955676175494
1107431,333105,2100508,2433613,6.3058435027994175
1107509,333110,2100632,2433742,6.306121101137762
1107561,333119,2100681,2433800,6.306097820898838
1107577,333135,2100719,2433854,6.305909015864439
1107606,333154,2100792,2433946,6.305768503454859
1107762,333202,2101245,2434447,6.306219650542314
1108036,333203,2101402,2434605,6.306671908716308
1108286,333284,2101668,2434952,6.30593727871725
1108337,333323,2101726,2435049,6.305373466577464
1108430,333368,2101858,2435226,6.304918288497996
1108490,333377,2101889,2435266,6.304841065820377
1108591,333434,2102018,2435452,6.30415014665571
1108773,333490,2102236,2435726,6.3037452397373235
1108801,333496,2102293,2435789,6.303802744260801
1108828,333496,2102293,2435789,6.303802744260801
1108869,333505,2102402,2435907,6.303959460877648
1108885,333518,2102443,2435961,6.303836674482337
1108971,333572,2102628,2436200,6.303370786516854
1109006,333581,2102764,2436345,6.303608418944724
1109066,333605,2102850,2436455,6.303412718634313
1109094,333618,2102883,2436501,6.3032660108267535
1109166,333618,2103086,2436704,6.303874491184528
1109744,333618,2103968,2437586,6.306518233428652
1109783,333618,2103991,2437609,6.306587174552932
1109817,333618,2104088,2437706,6.306877926250982
1109910,333705,2104272,2437977,6.305785049669618
1110153,333849,2104724,2438573,6.304419063708443
1110154,333849,2104729,2438578,6.304434040539285
1110376,333980,2105073,2439053,6.302991197077669
1110472,333980,2105215,2439195,6.303416372237859
1110493,333995,2105267,2439262,6.303288971391788
1110514,334007,2105314,2439321,6.303203226279689
1110598,334031,2105401,2439432,6.303010798398951
1110622,334041,2105457,2439498,6.302989752754901
1110693,334041,2105653,2439694,6.303576507075479
1110732,334041,2105689,2439730,6.303684278277218
1110766,334045,2105743,2439788,6.3037704500890595
1110792,334045,2105766,2439811,6.303839303087908
1110827,334045,2105817,2439862,6.30399197712883
1110892,334093,2105926,2440019,6.303412522860401
1111015,334163,2106155,2440318,6.302777387083549
1111111,334193,2106274,2440467,6.302567677958545
1111129,334193,2106304,2440497,6.302657446445616
1111157,334201,2106339,2440540,6.302611302778867
1111269,334220,2106558,2440778,6.302908264017713
1111330,334280,2106647,2440927,6.3020431973196125
1111499,334302,2106796,2441098,6.302074172454846
1111542,334310,2106847,2441157,6.302075917561544
1111585,334324,2106913,2441237,6.302009427980043
1111620,334327,2106998,2441325,6.30220712057357
1111623,334327,2107007,2441334,6.302234040325789
1111633,334338,2107019,2441357,6.302062583373711
1111840,334473,2107294,2441767,6.300341133664003
1111871,334484,2107338,2441822,6.300265483550783
1112102,334484,2107338,2441822,6.300265483550783
1112133,334492,2107391,2441883,6.300273250182366
1112390,334662,2107911,2442573,6.298626674077129
1112421,334672,2107993,2442665,6.298683487115743
1112484,334672,2108175,2442847,6.2992273031505475
1113047,334672,2109629,2444301,6.303571855428599
1113477,334946,2110296,2445242,6.300406632710945
1113510,334972,2110337,2445309,6.300040003343563
1113575,334989,2110394,2445383,6.299890444163839
1114097,334995,2110407,2445402,6.299816415170375
1114204,335042,2110538,2445580,6.299323666883555
1114656,335042,2111370,2446412,6.30180693763767
1114684,335054,2111425,2446479,6.301745390295296
1114694,335054,2111453,2446507,6.3018289589140855
1114708,335059,2111486,2446545,6.301833408444483
1114990,335059,2111813,2446872,6.302809355964174
1115111,335059,2112027,2447086,6.303448049448008
1115120,335059,2112027,2447086,6.303448049448008
1115430,335072,2112107,2447179,6.303442245248783
1115455,335075,2112125,2447200,6.303439528463777
1115482,335084,2112166,2447250,6.303392582158503
1115519,335100,2112232,2447332,6.303288570575948
1115629,335100,2112390,2447490,6.303760071620411
1115664,335131,2112460,2447591,6.303385840163996
1115764,335196,2112666,2447862,6.302778076110694
1115776,335203,2112685,2447888,6.302703138098406
1115821,335203,2112789,2447992,6.303013397851451
1115822,335203,2112791,2447994,6.303019364385164
1115883,335243,2112864,2448107,6.302485063073651
1116083,335243,2113304,2448547,6.303797543871162
1116174,335274,2113532,2448806,6.303894724911565
1116224,335274,2113614,2448888,6.304139300989639
1117126,335279,2114837,2450116,6.307692995982451
1117149,335292,2114894,2450186,6.307618434081338
1117717,335646,2115924,2451570,6.304034607890456
1117743,335652,2115961,2451613,6.304032152348266
1117776,335674,2116020,2451694,6.303794753242729
1117814,335710,2116113,2451823,6.303395788031336
1117855,335739,2116190,2451929,6.303080666827506
1117887,335755,2116238,2451993,6.302923262497952
1118040,335767,2116484,2452251,6.303430652803879
1118063,335775,2116510,2452285,6.303357903357903
1118200,335870,2116749,2452619,6.302286598981749
1118246,335905,2116896,2452801,6.302067548860541
1118661,335905,2117894,2453799,6.305038626992751
1118728,335937,2118009,2453946,6.304780360603328
1120597,335937,2122016,2457953,6.316708192309868
1120622,335949,2122050,2457999,6.316583767178947
1120640,335963,2122074,2458037,6.316391983641056
1120681,335986,2122135,2458121,6.31614114873834
1121384,335991,2123197,2459188,6.319207954974985
1121406,335998,2123234,2459232,6.319186423728713
1121428,336015,2123282,2459297,6.319009568025237
1121456,336025,2123309,2459334,6.318901867420579
1121482,336025,2123348,2459373,6.319017930213525
1121518,336041,2123390,2459431,6.3188420460598556
1121600,336076,2123529,2459605,6.318597579119009
1121606,336083,2123549,2459632,6.318525483288354
1121640,336116,2123611,2459727,6.318089588118387
1121643,336117,2123614,2459731,6.318079716289268
1121875,336117,2124172,2460289,6.319739852491841
1121882,336117,2124186,2460303,6.319781504654629
1121910,336138,2124217,2460355,6.319478904497558
1121918,336138,2124232,2460370,6.319523529026768
1121936,336138,2124242,2460380,6.31955327871291
1121973,336138,2124277,2460415,6.319657402614403
1122296,336203,2126544,2462747,6.325178537966645
1122344,336226,2126621,2462847,6.3249748680946745
1122479,336304,2126807,2463111,6.324060968647414
1122511,336310,2126869,2463179,6.324132496803545
1122520,336313,2126904,2463217,6.324180153606908
1123541,336313,2128110,2464423,6.327766098842448
1123604,336372,2128261,2464633,6.327105109818891
1123626,336375,2128286,2464661,6.3271230026012635
1124007,336637,2129187,2465824,6.324875162266774
1124359,336650,2129720,2466370,6.326214169018268
1124379,336656,2129776,2466432,6.326267762939024
1124386,336658,2129777,2466435,6.326233150556351
1124408,336658,2129792,2466450,6.3262777061587725
1124424,336665,2129813,2466478,6.3262085455868595
1124449,336675,2129868,2466543,6.326184005346402
1124602,336675,2130022,2466697,6.326641419766838
1124605,336677,2130038,2466715,6.3266513602057755
1124618,336679,2130044,2466723,6.326631598644406
1124662,336691,2130158,2466849,6.326744700630549
1124709,336709,2130247,2466956,6.326670804760194
1124714,336711,2130259,2466970,6.326668864397065
1125368,336809,2132805,2469614,6.3323871986793705
1125369,336809,2132807,2469616,6.332393136762972
1125541,336809,2133187,2469996,6.333521372647406
1125565,336820,2133218,2470038,6.333406567305979
1125615,336834,2133306,2470140,6.333404585047828
1125671,336834,2133498,2470332,6.333974598763783
1125916,336971,2133783,2470754,6.332245208044609
1125961,336991,2133894,2470885,6.33219878275681
1126032,337028,2133986,2471014,6.331776588295335
1126088,337028,2134052,2471080,6.331972417721969
1126355,337201,2134536,2471737,6.3301591632290535
1126390,337214,2134594,2471808,6.330087125682801
1126661,337249,2135135,2472384,6.331034339612571
1126953,337428,2136035,2473463,6.330343065779959
1126967,337428,2136061,2473489,6.330420119255071
1126981,337432,2136094,2473526,6.330442874416178
1126995,337436,2136127,2473563,6.3304656290378025
1127093,337492,2136257,2473749,6.329800410083795
1127113,337492,2136302,2473794,6.329933746577697
1127577,337812,2137058,2474870,6.326175505902691
1127578,337812,2137061,2474873,6.326184386581886
1127770,337910,2137391,2475301,6.325326270308662
1128196,338098,2137833,2475931,6.323116374542292
1128238,338098,2137921,2476019,6.323376654106206
1128258,338122,2137950,2476072,6.323013586811861
1128329,338139,2138076,2476215,6.323068323973278
1128911,338139,2139607,2477746,6.327596047779168
1129083,338139,2139987,2478126,6.328719845980499
1129095,338139,2140013,2478152,6.32879673743638
1129246,338290,2140400,2478690,6.327115788229034
1129348,338322,2140582,2478904,6.327055290522047
1129362,338331,2140588,2478919,6.326904717569481
1129595,338393,2140880,2479273,6.326608410930486
1129759,338456,2141092,2479548,6.326057153662514
1130290,338466,2141691,2480157,6.327639999290918
1130333,338485,2141766,2480251,6.327506388761688
1130371,338486,2141775,2480261,6.327514284194915
1130443,338486,2141912,2480398,6.327919027670273
1130470,338504,2141941,2480445,6.327668210715383
1130502,338516,2141998,2480514,6.327612284205178
1130582,338534,2142103,2480637,6.327586003178411
1130624,338542,2142151,2480693,6.327578262076788
1130661,338579,2142200,2480779,6.327031505202626
1130839,338692,2142559,2481251,6.325980536888973
1130860,338703,2142604,2481307,6.325907948851944
1130883,338721,2142637,2481358,6.325669208581694
1130948,338742,2142731,2481473,6.325554551841814
1130985,338745,2142762,2481507,6.3255900456095295
1131003,338750,2142786,2481536,6.325567527675277
1131027,338750,2142834,2481584,6.325709225092251
1131231,338795,2143274,2482069,6.326167741554627
1131268,338812,2143338,2482150,6.326039219390104
1131286,338819,2143356,2482175,6.325961649140101
1131615,338826,2143719,2482545,6.326902303837368
1131627,338835,2143731,2482566,6.32676966665191
1131637,338838,2143740,2482578,6.326740212136773
1131725,338921,2143943,2482864,6.3257897858202945
1131873,338966,2144130,2483096,6.325501672734139
1132181,338979,2144480,2483459,6.32629159918461
1132266,339048,2144660,2483708,6.325535027488733
1132286,339060,2144686,2483746,6.32538783696101
1132754,339100,2145643,2484743,6.327463874963137
1132770,339100,2145669,2484769,6.327540548510764
1132849,339125,2145761,2484886,6.327345374124586
1132878,339134,2145812,2484946,6.327327840912441
1132914,339144,2145857,2485001,6.327273960323638
1133106,339296,2146256,2485552,6.325615391870225
1133898,339339,2148146,2487485,6.330383480825959
1134031,339360,2148414,2487774,6.330781471004244
1134324,339360,2149073,2488433,6.332723361621876
1134358,339368,2149111,2488479,6.3326860517196675
1134362,339370,2149114,2488484,6.332657571382267
1134530,339370,2149377,2488747,6.33343253675929
1134552,339370,2149430,2488800,6.33358870848926
1134664,339449,2149628,2489077,6.332697989977876
1134766,339511,2149852,2489363,6.332201313064967
1134784,339523,2149870,2489393,6.33203052517797
1134882,339543,2150000,2489543,6.332040419033819
1134897,339551,2150018,2489569,6.331944244016363
1134920,339561,2150074,2489635,6.331922688412392
1135133,339634,2150321,2489955,6.33128897577981
1135430,339816,2150664,2490480,6.328907408715304
1135443,339828,2150679,2490507,6.328728062431583
1135498,339844,2150742,2490586,6.328615482397806
1135833,339934,2151796,2491730,6.330040537280766
1135854,339955,2151831,2491786,6.329752467238311
1135877,339976,2151865,2491841,6.3294614913993925
1135936,339994,2151962,2491956,6.329411695500509
1135951,339997,2151985,2491982,6.329423494913191
1135981,340013,2152017,2492030,6.329219765126627
1135982,340013,2152020,2492033,6.329228588318682
1136000,340013,2152036,2492049,6.329275645342972
1136365,340063,2153019,2493082,6.331235682799952
1136410,340085,2153115,2493200,6.331108399370746
1136617,340148,2153241,2493389,6.330306219645566
1136683,340159,2153333,2493492,6.330371973106694
1137337,340159,2154934,2495093,6.335078595597941
1137388,340179,2155063,2495242,6.335085352123441
1137404,340182,2155097,2495279,6.335129430716499
1137436,340199,2155135,2495334,6.334924558861137
1137439,340199,2155144,2495343,6.334951013965355
1137482,340217,2155224,2495441,6.334850992160885
1137632,340328,2155529,2495857,6.333681037117134
1137710,340361,2155696,2496057,6.3335576050135005
1137808,340400,2155903,2496303,6.333440070505288
1137818,340403,2155915,2496318,6.333419505703533
1137831,340403,2155920,2496323,6.333434194175727
1137860,340411,2155949,2496360,6.333370543255065
1137890,340430,2156025,2496455,6.333240313720882
1137934,340437,2156077,2496514,6.333262835708222
1137939,340437,2156082,2496519,6.333277522713454
1137955,340441,2156099,2496540,6.333253045314754
1138292,340654,2156694,2497348,6.331039705977326
1138709,340654,2157657,2498311,6.333866621263804
1138739,340663,2157766,2498429,6.334019250696436
1138795,340663,2157810,2498473,6.334148410599331
1138840,340683,2157869,2498552,6.333949742135651
1138966,340683,2158156,2498839,6.334792167498819
1139132,340790,2158716,2499506,6.334446433287361
1139176,340796,2158820,2499616,6.3346400779351875
1139208,340812,2158865,2499677,6.334474725068366
1139444,340874,2159109,2499983,6.334038383684294
1139451,340874,2159114,2499988,6.3340530518608045
1139482,340905,2159178,2500083,6.333664803977648
1139492,340906,2159198,2500104,6.33370489225769
1139493,340906,2159198,2500104,6.33370489225769
1139764,340906,2159711,2500617,6.335209705901334
1139856,340937,2159826,2500763,6.33497097704268
1139899,340957,2159857,2500814,6.334690298190094
1139927,340957,2159905,2500862,6.334831078405782
1140050,340957,2160242,2501199,6.335819472836751
1140054,340964,2160247,2501211,6.335704062598984
1140118,340975,2160389,2501364,6.335916122882909
1140837,341119,2161625,2502744,6.3368648477510785
1140882,341133,2161689,2502822,6.336792394755125
1140987,341133,2161945,2503078,6.337542835199175
1141021,341145,2161972,2503117,6.337399053188527
1141040,341150,2161979,2503129,6.337326689139674
1141402,341156,2163004,2504160,6.340219723528239
1141866,341156,2163861,2505017,6.3427317708028
1141985,341156,2164131,2505287,6.343523197598753
1142101,341225,2164403,2505628,6.343037585171075
1142105,341229,2164411,2505640,6.342986674637853
1142268,341309,2164684,2505993,6.342299792856327
1142282,341313,2164717,2506030,6.342322150049954
1142306,341320,2164838,2506158,6.342546583850932
1142321,341320,2164862,2506182,6.342616899097621
1142370,341337,2164935,2506272,6.3425148753284875
1142551,341400,2165248,2506648,6.342261277094318
1142607,341420,2165425,2506845,6.342408177611153
1142622,341420,2165428,2506848,6.342416964442622
1142714,341436,2165675,2507111,6.342843168265795
1142803,341480,2165824,2507304,6.342462223263442
1143234,341480,2167294,2508774,6.346767014173597
1143483,341529,2167801,2509330,6.347340928588787
1143505,341541,2167846,2509387,6.347249671342532
1143630,341592,2168209,2509801,6.3473646923815545
1143832,341592,2168303,2509895,6.347639874470128
1143848,341602,2168347,2509949,6.347582859585131
1143879,341609,2168382,2509991,6.347555245909797
1143931,341622,2168406,2510028,6.3473839506823335
1145273,341622,2171702,2513324,6.35703204126198
1145293,341629,2171719,2513348,6.356951546853458
1145337,341638,2171761,2513399,6.356907018540092
1145368,341649,2171799,2513448,6.3568135718237135
1145370,341649,2171799,2513448,6.3568135718237135
1145428,341652,2171851,2513503,6.35690995515905
1145494,341734,2172027,2513761,6.355899617831413
1145573,341749,2172086,2513835,6.355793286885989
1145612,341749,2172122,2513871,6.355898627355164
1145978,341779,2172512,2514291,6.3564818201235305
1146014,341797,2172582,2514379,6.356351869677031
1146156,341909,2172879,2514788,6.355138355527348
1146236,341951,2173096,2515047,6.354992381949461
1146290,341980,2173236,2515216,6.354862857477046
1146313,341988,2173284,2515272,6.3548545563002214
1146343,341988,2173339,2515327,6.355015380656631
1146347,341988,2173349,2515337,6.355044621448706
1146470,342035,2173561,2515596,6.354791176341602
1146499,342035,2173591,2515626,6.354878886663646
1146683,342127,2173905,2516032,6.354087809497643
1146729,342127,2173937,2516064,6.354181342016269
1146763,342147,2173977,2516124,6.353926820927847
1146809,342172,2174053,2516225,6.353684696585343
1146838,342182,2174096,2516278,6.353624679264251
1146944,342219,2174187,2516406,6.35320365029411
1146982,342234,2174237,2516471,6.353071290403642
1147383,342234,2175000,2517234,6.355300759129718
1147410,342255,2175049,2517304,6.355053980219427
1147445,342277,2175091,2517368,6.354768214048855
1147477,342281,2175152,2517433,6.3548721664363494
1147487,342285,2175172,2517457,6.354856333172648
1147522,342288,2175247,2517535,6.355019749450755
1147610,342288,2175477,2517765,6.355691698219044
1147636,342299,2175503,2517802,6.355563410936053
1147661,342316,2175524,2517840,6.355309129576181
1147727,342336,2175582,2517918,6.35510726303982
1147954,342353,2176158,2518511,6.356474165554267
1148003,342366,2176252,2518618,6.35650736346483
1148044,342378,2176349,2518727,6.356567886955354
1148047,342378,2176358,2518736,6.356594173691066
1148070,342382,2176388,2518770,6.35660753193801
1148115,342382,2176446,2518828,6.356776933366824
1148344,342486,2176787,2519273,6.355842282604253
1148377,342497,2176884,2519381,6.3559213657345905
1148729,342511,2177733,2520244,6.358140322500591
1148767,342532,2177801,2520333,6.357949038338024
1148876,342588,2178039,2520627,6.357604469508564
1148903,342600,2178093,2520693,6.357539404553415
1148909,342603,2178108,2520711,6.357527517272178
1148974,342650,2178256,2520906,6.357087406975047
1149048,342672,2178371,2521043,6.3570148713638694
1149104,342711,2178520,2521231,6.356726221218461
1149489,342895,2179075,2521970,6.354933726067746
1149623,342966,2179267,2522233,6.3541779651627275
1149675,342999,2179339,2522338,6.353776541622571
1149804,343000,2179721,2522721,6.354871720116618
1149915,343000,2179978,2522978,6.3556209912536445
1150133,343109,2180289,2523398,6.354508334086252
1150174,343129,2180350,2523479,6.3543157238239845
1150270,343220,2180522,2523742,6.353132101858866
1150308,343231,2180578,2523809,6.35309164964703
1150311,343231,2180587,2523818,6.353117871054771
1150630,343302,2181102,2524404,6.35330408794589
1150654,343311,2181125,2524436,6.353204528838283
1150739,343359,2181261,2524620,6.352712467126244
1150825,343378,2181412,2524790,6.352800703597785
1150826,343379,2181414,2524793,6.352788027223563
1151463,343577,2182351,2525928,6.351854169516586
1151538,343620,2182477,2526097,6.351425993830394
1151599,343630,2182515,2526145,6.351351744609027
1152307,343908,2183249,2527157,6.348351884806402
1152792,344061,2183649,2527710,6.346691429717405
1152824,344083,2183686,2527769,6.3463931667649955
1153710,344223,2185034,2529257,6.347728071627985
1153719,344225,2185057,2529282,6.347758007117438
1153726,344226,2185068,2529294,6.347771522197626
1153736,344228,2185086,2529314,6.347786931917217
1153762,344241,2185113,2529354,6.347625645986388
1154072,344406,2185867,2530273,6.346773865728239
1154158,344469,2186016,2530485,6.346045652874424
1154172,344480,2186035,2530515,6.345898165350674
1154314,344589,2186378,2530967,6.344886226780309
1154347,344595,2186387,2530982,6.3448018688605465
1154445,344595,2186677,2531272,6.345643436497918
1154481,344603,2186710,2531313,6.345591883994046
1154508,344608,2186761,2531369,6.345647808524468
1154610,344608,2187107,2531715,6.346651847896741
1154696,344663,2187284,2531947,6.346152618644879
1154714,344680,2187329,2532009,6.345970175235
1154758,344694,2187365,2532059,6.345816869455227
1154803,344722,2187405,2532127,6.3454174668283425
1154851,344734,2187480,2532214,6.345414145399062
1154881,344734,2187521,2532255,6.345533077677282
1154949,344794,2187677,2532471,6.344881291437786
1154969,344794,2187698,2532492,6.344942197370024
1155085,344794,2187892,2532686,6.345504852172602
1155113,344801,2187928,2532729,6.345480436541657
1155123,344805,2187938,2532743,6.345435826046606
1155147,344812,2187969,2532781,6.34539691194042
1155165,344818,2188005,2532823,6.345390901867072
1155247,344855,2188275,2533130,6.345493033303852
1155282,344865,2188298,2533163,6.345375726733649
1155315,344870,2188314,2533184,6.3453301243947
1155530,344870,2188811,2533681,6.346771247136602
1155601,344900,2189003,2533903,6.3467758770658165
1155633,344921,2189095,2534016,6.346656190837902
1155662,344930,2189123,2534053,6.346571768184849
1155761,344963,2189225,2534188,6.346260323570934
1155845,344998,2189301,2534299,6.345836787459637
1155882,345013,2189347,2534360,6.345694220217789
1155885,345015,2189350,2534365,6.345666130458096
1155952,345015,2189410,2534425,6.3458400359404665
1156242,345253,2190017,2535270,6.343223664964533
1156309,345253,2190129,2535382,6.343548064752515
1156375,345291,2190200,2535491,6.343055567622672
1156497,345372,2190395,2535767,6.342132541144042
1156550,345372,2190550,2535922,6.342581332592103
1156574,345383,2190583,2535966,6.342474875717682
1156579,345383,2190594,2535977,6.342506724418978
1156688,345460,2190854,2536314,6.341845655068604
1156936,345460,2192141,2537601,6.345571122561223
1156953,345464,2192167,2537631,6.34557291063613
1156997,345502,2192227,2537729,6.345048653842814
1157057,345521,2192350,2537871,6.345055727437695
1157082,345531,2192378,2537909,6.3449531301098885
1157103,345546,2192399,2537945,6.344738471867711
1157106,345547,2192400,2537947,6.344723004395929
1157116,345547,2192416,2537963,6.344769307793151
1157218,345625,2192654,2538279,6.344026039783002
1157279,345654,2192868,2538522,6.344112899026194
1157289,345657,2192887,2538544,6.344112805469005
1157325,345657,2192923,2538580,6.344216954958239
1157365,345673,2193007,2538680,6.344166307463991
1157397,345692,2193044,2538736,6.343924649688161
1157557,345789,2193408,2539197,6.34319773040785
1157948,345816,2194478,2540294,6.3457966086011055
1158023,345833,2194593,2540426,6.345817200787663
1158082,345849,2194646,2540495,6.3456768705417685
1158147,345867,2194675,2540542,6.345430468937482
1158239,345867,2194860,2540727,6.345965356625523
1158299,345902,2195258,2541160,6.346473856757116
1158348,345919,2195342,2541261,6.346404794185922
1158392,345940,2195465,2541405,6.346375093946927
1158413,345943,2195475,2541418,6.346348965002905
1158439,345951,2195523,2541474,6.346340955800099
1158453,345951,2195530,2541481,6.346361189879492
1158468,345961,2195545,2541506,6.3462211058471905
1158503,345986,2195610,2541596,6.345950414178608
1158529,345996,2195640,2541636,6.345853709291437
1158565,346021,2195702,2541723,6.345574401553663
1158803,346142,2196113,2542255,6.344543568824355
1158882,346210,2196275,2542485,6.343765344732965
1158886,346214,2196288,2542502,6.343729600767156
1159058,346233,2196461,2542694,6.343881143622936
1159445,346521,2197106,2543627,6.340469985946018
1159449,346521,2197115,2543636,6.340495958397904
1159474,346546,2197157,2543703,6.340159747912254
1159562,346593,2197280,2543873,6.339654868967348
1159582,346596,2197339,2543935,6.339770222391487
1159598,346602,2197373,2543975,6.3397585703487
1159620,346602,2197420,2544022,6.339894172566805
1160000,346654,2197594,2544248,6.3394450951092445
1160063,346696,2197662,2544358,6.338873249186607
1160089,346719,2197717,2544436,6.338611382704726
1160103,346733,2197741,2544474,6.338424666818561
1160170,346739,2197794,2544533,6.338467838922071
1160276,346739,2197857,2544596,6.338649531780388
1160282,346741,2197865,2544606,6.338636042463972
1160437,346755,2198195,2544950,6.339331804876642
1160461,346766,2198239,2545005,6.3392575973423
1160696,346811,2198951,2545762,6.34048804680359
1162520,346863,2201473,2548336,6.346808394092192
1162579,346865,2201543,2548408,6.346973606446312
1162590,346865,2201543,2548408,6.346973606446312
1162596,346866,2201551,2548417,6.346978372051455
1162626,346869,2201590,2548459,6.347035912693265
1162776,346883,2201835,2548718,6.347486039961601
1162856,346883,2201991,2548874,6.347935759319425
1163014,346936,2202181,2549117,6.347513662462241
1163065,346936,2202356,2549292,6.348018078262273
1163200,346964,2202533,2549497,6.348015932488673
1163897,346977,2204415,2551392,6.353202085440822
1163950,346992,2204527,2551519,6.353250219025223
1164066,347043,2204742,2551785,6.352936091492985
1164171,347076,2204854,2551930,6.352654749968306
1164213,347095,2204892,2551987,6.3524164854002505
1165988,347828,2207238,2555066,6.345774348241084
1166307,347968,2207899,2555867,6.345120815707191
1166317,347972,2207908,2555880,6.345073741565414
1166320,347972,2207928,2555900,6.345131217454278
1166387,348017,2208165,2556182,6.344991767643535
1166449,348017,2208292,2556309,6.345356692345489
1166493,348045,2208360,2556405,6.34504158944964
1166825,348045,2208982,2557027,6.3468287146777
1166856,348056,2209068,2557124,6.346875215482566
1166959,348123,2209173,2557296,6.345955308899441
1167089,348198,2209676,2557874,6.346033004210248
1167106,348198,2209676,2557874,6.346033004210248
1167297,348330,2209979,2558309,6.344498033474005
1167348,348346,2210048,2558394,6.344404701073071
1167358,348349,2210067,2558416,6.344404605725867
1167386,348350,2210116,2558466,6.344527056121716
1167453,348388,2210259,2558647,6.344245496400565
1167490,348402,2210306,2558708,6.3441254642625475
1167510,348408,2210311,2558719,6.3440305618699915
1167516,348411,2210323,2558734,6.344010378547176
1167591,348450,2210413,2558863,6.343558616731238
1167615,348469,2210436,2558905,6.343278742154969
1167637,348469,2210489,2558958,6.343430836028456
1167690,348482,2210535,2559017,6.343326197622833
1167933,348486,2210775,2559261,6.343942080887037
1168021,348500,2210815,2559315,6.343802008608321
1168243,348594,2211174,2559768,6.343121224117454
1168272,348594,2211209,2559803,6.343221627451993
1168292,348594,2211224,2559818,6.343264657452509
1168477,348705,2211484,2560189,6.341991081286475
1168528,348705,2211600,2560305,6.342323740697725
1168555,348724,2211639,2560363,6.342090019614366
1168566,348726,2211669,2560395,6.342139674128112
1168590,348726,2211724,2560450,6.342297391074942
1170929,348726,2214897,2563623,6.351396225116567
1170963,348735,2214960,2563695,6.351412963998452
1171018,348742,2215060,2563802,6.351572222445246
1171162,348742,2215235,2563977,6.352074026070849
1171270,348807,2215445,2564252,6.351492372572798
1171321,348807,2215539,2564346,6.351761862577299
1171885,348964,2216272,2565236,6.351004688162676
1235247,348964,2406354,2755318,6.8957084398390665
1235479,349023,2406618,2755641,6.895299163665432
1235522,349032,2406686,2755718,6.895316188773522
1235667,349057,2406963,2756020,6.895615902273841
1235690,349069,2407019,2756088,6.895539277334853
1235758,349091,2407109,2756200,6.8953625272493415
1235978,349091,2407109,2756200,6.8953625272493415
1236399,349097,2407626,2756723,6.896724979017293
1236407,349097,2407645,2756742,6.896779405151004
1236426,349097,2407685,2756782,6.896893986485131
1236483,349097,2407835,2756932,6.897323666488111
1236655,349227,2408172,2757399,6.895721121219149
1236701,349232,2408276,2757508,6.895920190589637
1236773,349232,2408276,2757508,6.895920190589637
1236824,349232,2408400,2757632,6.896275255417602
1236933,349349,2408790,2758139,6.895081995368528
1236951,349349,2408833,2758182,6.8952050814515
1237104,349385,2408959,2758344,6.894855245645921
1237222,349387,2409307,2758694,6.895811807537201
1237247,349402,2409340,2758742,6.895610214022816
1237317,349402,2409468,2758870,6.8959765542269365
1237354,349423,2409545,2758968,6.8957824756813375
1237498,349432,2410370,2759802,6.897965841708831
1237500,349434,2410375,2759809,6.897940669768826
1237540,349448,2410448,2759896,6.897873217188251
1237624,349507,2410600,2760107,6.897143690970424
1237702,349510,2410901,2760411,6.897945695402134
1238644,349864,2412473,2762337,6.895459378501361
1238700,349894,2412513,2762407,6.894982480408352
1238790,349901,2412772,2762673,6.895584751115315
1238805,349908,2412785,2762693,6.895483955782663
1238830,349918,2412805,2762723,6.895344052035048
1238855,349930,2412843,2762773,6.895216186094362
1238895,349969,2413062,2763031,6.895073563658496
1239298,350087,2413492,2763579,6.893977782665452
1239342,350104,2413616,2763720,6.893997212256929
1239395,350142,2413763,2763905,6.893668854350521
1239400,350143,2413768,2763911,6.8936634460777455
1239624,350354,2414388,2764742,6.891281389680152
1239645,350354,2414418,2764772,6.891367017359585
1239716,350399,2414574,2764973,6.890927200134704
1239734,350404,2414596,2765000,6.890891656487939
1239769,350427,2414672,2765099,6.890656256509915
1239823,350464,2414769,2765233,6.89020555606282
1239863,350464,2414817,2765281,6.890342517348429
1239961,350464,2415107,2765571,6.891169991782323
1239990,350472,2415171,2765643,6.891195302335136
1240046,350498,2415271,2765769,6.890969420652899
1240066,350507,2415299,2765806,6.890872364888576
1240097,350507,2415361,2765868,6.891049251512809
1240121,350530,2415387,2765917,6.890671269220894
1240203,350570,2415485,2766055,6.890164589097755
1240273,350594,2415537,2766131,6.889841240865502
1240305,350603,2415588,2766191,6.889809841900954
1240802,350958,2416773,2767731,6.88621715418939
1240855,350992,2416891,2767883,6.8858862880065645
1240875,350998,2416909,2767907,6.885819862221437
1240946,350998,2417036,2768034,6.886181687644944
1241183,351057,2417668,2768725,6.886824646709794
1241637,351058,2418192,2769250,6.888297660215691
1241639,351059,2418193,2769252,6.888280887258267
1241669,351070,2418234,2769304,6.88818184407668
1241765,351118,2418418,2769536,6.887764227410728
1241786,351132,2418449,2769581,6.887577890935603
1241822,351146,2418507,2769653,6.887468460412478
1241915,351146,2418659,2769805,6.887901328792013
1242039,351151,2418850,2770001,6.88834717827943
1242145,351249,2419040,2770289,6.886966226238367
1242174,351268,2419104,2770372,6.886775908992564
1243331,351802,2421007,2772809,6.881731769574931
1243362,351802,2421056,2772858,6.881871052467012
1243411,351819,2421197,2773016,6.8819392926476395
1243435,351826,2421221,2773047,6.88187058375447
1243506,351831,2421452,2773283,6.882429348181371
1243570,351837,2421526,2773363,6.882522304362531
1243585,351844,2421534,2773378,6.882408112686305
1243751,351916,2421825,2773741,6.881826913240659
1243756,351916,2421831,2773747,6.881843962763841
1243784,351916,2421873,2773789,6.881963309426113
1243800,351916,2421900,2773816,6.882040032280431
1243810,351917,2421903,2773820,6.882029001156523
1244039,352024,2422226,2774250,6.880854714451288
1244059,352030,2422241,2774271,6.880780047155072
1244076,352045,2422285,2774330,6.880611853598261
1244210,352106,2422427,2774533,6.879823121446383
1244253,352133,2422480,2774613,6.879446118370048
1244411,352244,2422795,2775039,6.878172516778142
1244424,352250,2422822,2775072,6.878132008516679
1244539,352364,2423043,2775407,6.876533925145588
1244965,352465,2423426,2775891,6.8756500645454155
1245053,352491,2423597,2776088,6.875628030219211
1245155,352506,2423719,2776225,6.875681548682859
1245186,352522,2423793,2776315,6.875579396463199
1245209,352524,2423804,2776328,6.875571592288752
1245282,352577,2423934,2776511,6.874906757956418
1245306,352591,2423970,2776561,6.8747358837860295
1245362,352613,2424073,2776686,6.874599064696991
1245376,352616,2424114,2776730,6.874656850511605
1245406,352619,2424135,2776754,6.874657916901812
1245419,352625,2424166,2776791,6.874628855015952
1246614,352782,2425725,2778507,6.875988570845451
1246707,352836,2425866,2778702,6.875335850083325
1246793,352915,2425996,2778911,6.874165167249904
1246839,352915,2426115,2779030,6.874502358924953
1246871,352942,2426180,2779122,6.874160626958537
1246879,352945,2426189,2779134,6.87412769694995
1246900,352945,2426221,2779166,6.874218362634405
1246917,352954,2426235,2779189,6.874082741660386
1246975,352978,2426312,2779290,6.873833496705177
1247075,353072,2426474,2779546,6.872462273983777
1247117,353072,2426523,2779595,6.872601055875289
1248170,353072,2428228,2781300,6.877430099243214
1248261,353111,2428352,2781463,6.87702167307164
1248415,353216,2428594,2781810,6.875662484145678
1248428,353224,2428616,2781840,6.8755690440060695
1248442,353231,2428632,2781863,6.875478086577905
1248448,353236,2428639,2781875,6.87540058204713
1248565,353257,2428888,2782145,6.875696730708804
1250913,353623,2431633,2785256,6.876342884936783
1251024,353623,2431811,2785434,6.876846245860705
1251114,353663,2431922,2785585,6.87638231876108
1251195,353663,2431977,2785640,6.87653783403975
1251404,353663,2432303,2785966,6.8774596155096805
1251409,353666,2432317,2785983,6.8774408622824925
1251736,353813,2433290,2787103,6.877333506682909
1251758,353838,2433333,2787171,6.8769691214623645
1252023,353931,2433826,2787757,6.876555034738409
1252074,353942,2434029,2787971,6.876914861757011
1252107,353948,2434072,2788020,6.876919773526055
1252172,353948,2434193,2788141,6.877261631652107
1252364,353948,2434653,2788601,6.87856125758586
1252447,353977,2434789,2788766,6.878381928769383
1252528,353989,2434966,2788955,6.878648771571998
1252534,353989,2434975,2788964,6.878674196090839
1252569,354003,2435020,2789023,6.878529278000469
1252773,354003,2435375,2789378,6.8795320943607825
1252788,354009,2435399,2789408,6.879483289972854
1252842,354045,2435523,2789568,6.879134008388764
1252890,354101,2435623,2789724,6.878328499495907
1253245,354295,2436043,2790338,6.875747611453732
1253340,354329,2436168,2790497,6.875440621569219
1253435,354379,2436234,2790613,6.874656793997387
1253496,354394,2436297,2790691,6.874543587081045
1253605,354394,2436501,2790895,6.875119217593977
1253625,354398,2436521,2790919,6.8750980536007535
1253655,354407,2436565,2790972,6.8750476147480155
1253666,354407,2436575,2790982,6.875075830894988
1253811,354484,2436868,2791352,6.874409000124124
1253812,354484,2436870,2791354,6.874414642127713
1253821,354486,2436890,2791376,6.874432276592024
1253847,354493,2436946,2791439,6.874454502627697
1253961,354523,2437075,2791598,6.874236650372472
1254037,354562,2437172,2791734,6.8737540966036965
1254081,354575,2437243,2791818,6.873702319678489
1254269,354637,2437559,2792196,6.8733916652802725
1254297,354659,2437607,2792266,6.873100640333391
1254334,354659,2437682,2792341,6.87331211107007
1254362,354659,2437724,2792383,6.873430534682611
1254703,354659,2438403,2793062,6.875345049752015
1255044,354906,2439317,2794223,6.873135421773653
1255280,355004,2439598,2794602,6.872029610933962
1255299,355014,2439640,2794654,6.871954345462433
1255329,355014,2439695,2794709,6.872109268930239
1255346,355022,2439719,2794741,6.872022015537065
1255447,355061,2439987,2795048,6.872021990587533
1255543,355137,2440175,2795312,6.871080737856095
1255607,355145,2440226,2795371,6.871069563136184
1255626,355153,2440253,2795406,6.870990812410426
1255649,355174,2440277,2795451,6.8706521310681525
1255663,355174,2440286,2795460,6.8706774707608105
1255925,355260,2441024,2796284,6.8710915948882505
1255964,355260,2441047,2796307,6.87115633620447
1256203,355445,2441534,2796979,6.868950189199454
1256296,355445,2441686,2797131,6.86937782216658
1256489,355485,2442036,2797521,6.8695894341533394
1256516,355495,2442081,2797576,6.869522778098145
1257278,355495,2443676,2799171,6.874009479739518
1257300,355495,2443722,2799217,6.874138876777451
1257323,355517,2443762,2799279,6.873826005507472
1257364,355531,2443797,2799328,6.873653774213782
1257444,355538,2443845,2799383,6.873653449139051
1257498,355538,2443964,2799502,6.873988153165063
1257712,355547,2444500,2800047,6.875321687428103
1257760,355555,2444562,2800117,6.875341367720887
1257770,355555,2444572,2800127,6.875369492764833
1257841,355577,2444741,2800318,6.8754193887681145
1257882,355593,2444822,2800415,6.875337815986254
1257899,355600,2444858,2800458,6.875303712035995
1257961,355600,2444972,2800572,6.875624296962879
1258013,355620,2445015,2800635,6.875358528766661
1258039,355627,2445036,2800663,6.875282247973298
1258085,355627,2445155,2800782,6.8756168682355385
1258206,355682,2445367,2801049,6.875149712383534
1258217,355683,2445389,2801072,6.875192235782986
1258228,355683,2445415,2801098,6.875265334581636
1258274,355683,2445470,2801153,6.875419966655702
1258280,355683,2445489,2801172,6.875473385008561
1258769,356076,2446865,2802941,6.871749289477528
1258803,356091,2446918,2803009,6.871608661830824
1258808,356091,2446926,2803017,6.87163112799818
1258858,356099,2447311,2803410,6.872557912265971
1258907,356108,2447383,2803491,6.872586406371101
1258922,356109,2447429,2803538,6.872696281194803
1258944,356113,2447466,2803579,6.872722983996653
1258977,356135,2447511,2803646,6.872424782736884
1258986,356137,2447533,2803670,6.87244796244142
1259009,356152,2447572,2803724,6.872268020395786
1259025,356158,2447600,2803758,6.872230863830098
1259027,356158,2447605,2803763,6.872244902543254
1259081,356210,2447709,2803919,6.871533645883047
1259111,356226,2447756,2803982,6.871356947555765
1259152,356234,2447807,2804041,6.87134580079386
1259167,356241,2447833,2804074,6.871283765765311
1259319,356275,2448193,2804468,6.871638481510069
1259341,356275,2448247,2804522,6.871790049821065
1259502,356378,2448584,2804962,6.870749597337658
1259518,356385,2448608,2804993,6.8706819871767895
1259801,356385,2449281,2805666,6.872570394376868
1259815,356397,2449296,2805693,6.872381080648827
1259836,356399,2449296,2805695,6.872342514990222
1259904,356418,2449406,2805824,6.872284789208177
1259920,356435,2449439,2805874,6.872049602311782
1260031,356435,2449617,2806052,6.872548992102347
1260044,356442,2449635,2806077,6.872464524382648
1260075,356462,2449709,2806171,6.87228652703514
1260743,356932,2450854,2807786,6.866445149216097
1260875,356932,2451222,2808154,6.8674761579236385
1260969,356963,2451341,2808304,6.867213128531528
1260998,356970,2451382,2808352,6.867193321567639
1261064,356970,2451449,2808419,6.867381012410006
1261086,356970,2451481,2808451,6.867470655797406
1261115,356984,2451526,2808510,6.867327387221836
1261120,356988,2451539,2808527,6.86728685558058
1261172,357021,2451614,2808635,6.866862173373555
1261191,357035,2451644,2808679,6.8666769364348035
1261368,357041,2452036,2809077,6.8676594564769875
1261534,357041,2452399,2809440,6.868676146436964
1262777,357558,2454895,2812453,6.865725280933443
1262876,357585,2455257,2812842,6.866219220604891
1262927,357593,2455296,2812889,6.866174673441594
1263109,357723,2455756,2813479,6.864965350284997
1263120,357730,2455764,2813494,6.864853381041567
1263214,357773,2455921,2813694,6.864467134188438
1263284,357773,2456001,2813774,6.864690739658946
1263311,357780,2456022,2813802,6.864615126614121
1263312,357780,2456034,2813814,6.864648666778467
1263603,357882,2456742,2814624,6.864670477978775
1263612,357884,2456765,2814649,6.864696382067932
1263628,357884,2456791,2814675,6.864769031306233
1263790,357966,2457104,2815070,6.864070889414078
1263794,357967,2457110,2815077,6.864068475585738
1263809,357967,2457122,2815089,6.864101998228887
1263816,357978,2457132,2815110,6.863919011782847
1263861,358000,2457228,2815228,6.863765363128492
1263927,358022,2457340,2815362,6.863656423348286
1264007,358023,2457394,2815417,6.863788080654036
1264010,358023,2457399,2815422,6.863802046237253
1264031,358023,2457442,2815465,6.863922150252916
1264042,358023,2457454,2815477,6.863955667652637
1264049,358023,2457454,2815477,6.863955667652637
1264315,358037,2457642,2815679,6.8642123579406595
1264333,358037,2457675,2815712,6.8643045271857375
1264463,358100,2457890,2815990,6.863697291259425
1264503,358109,2457949,2816058,6.863689547037355
1264527,358116,2457972,2816088,6.863619609288611
1264613,358129,2458105,2816234,6.86374183604232
1264674,358129,2458226,2816355,6.864079703123735
1264860,358207,2458500,2816707,6.863349962451879
1265547,358474,2459100,2817574,6.859911736973951
1265576,358484,2459126,2817610,6.859792905680588
1265648,358526,2459284,2817810,6.859429999497944
1265870,358676,2459851,2818527,6.858142167304196
1266010,358741,2460046,2818787,6.857443113555462
1266119,358741,2460244,2818985,6.857995043778102
1266129,358741,2460260,2819001,6.858039644200133
1266211,358770,2460435,2819205,6.857973074671795
1266331,358808,2460656,2819464,6.857862700943123
1266369,358808,2460735,2819543,6.858082874406367
1266390,358829,2460757,2819586,6.857742824576609
1266674,358992,2461263,2820255,6.856038574675758
1266745,359022,2461407,2820429,6.8558667713956245
1266798,359048,2461492,2820540,6.855607049753793
1267050,359067,2461905,2820972,6.85639448905079
1267203,359165,2462294,2821459,6.855606754555706
1267211,359170,2462312,2821482,6.855561433304564
1267220,359172,2462335,2821507,6.855587295223458
1267233,359172,2462340,2821512,6.855601216130434
1267557,359207,2462872,2822079,6.8564142680961115
1267627,359228,2462936,2822164,6.856191610898928
1267717,359235,2463195,2822430,6.856778988684288
1267790,359256,2463295,2822551,6.8566565346159845
1267803,359263,2463312,2822575,6.856570256330321
1267954,359310,2463523,2822833,6.85626061061479
1268176,359328,2463774,2823102,6.856615682607534
1268341,359399,2464151,2823550,6.856310117724312
1268375,359417,2464217,2823634,6.856150376860304
1268421,359433,2464293,2823726,6.856056622513792
1268556,359490,2464637,2824127,6.855926451361651
1268574,359495,2464744,2824239,6.8561287361437575
1268618,359529,2464828,2824357,6.855714003599154
1268647,359548,2464939,2824487,6.855660440330637
1268838,359632,2465350,2824982,6.855201984250567
1269045,359667,2465425,2825092,6.854743415437057
1269082,359679,2465505,2825184,6.8547371406170505
1269102,359686,2465544,2825230,6.854712165611116
1269173,359727,2465643,2825370,6.8542061062972754
1269184,359737,2465651,2825388,6.854037810956338
1269191,359739,2465652,2825391,6.854002485135056
1269451,359739,2466148,2825887,6.855381262526443
1269491,359743,2466191,2825934,6.85542456698254
1269501,359747,2466202,2825949,6.855378919073682
1269521,359756,2466236,2825992,6.855301926861539
1269633,359810,2466436,2826246,6.854828937494789
1269649,359814,2466467,2826281,6.854838888981529
1269653,359814,2466476,2826290,6.854863901904873
1269792,359814,2466476,2826290,6.854863901904873
1270391,360220,2467917,2828137,6.8511381933263005
1270402,360220,2467939,2828159,6.851199267114541
1270438,360222,2468009,2828231,6.851355552964561
1270462,360237,2468048,2828285,6.851178529690176
1270483,360239,2468071,2828310,6.851204339341382
1270512,360250,2468091,2828341,6.851050659264399
1270534,360250,2468144,2828394,6.851197779319917
1270564,360253,2468187,2828440,6.851260086661319
1270594,360259,2468211,2828470,6.851212599824016
1270704,360310,2468326,2828636,6.850562016041742
1270709,360312,2468338,2828650,6.850557294788961
1270838,360409,2468532,2828941,6.849251822235294
1270937,360464,2468833,2829297,6.849041790581029
1270981,360473,2468911,2829384,6.849087171577344
1271025,360488,2468984,2829472,6.849004682541444
1271075,360502,2469068,2829570,6.848971711668729
1271116,360526,2469156,2829682,6.8487598675268915
1271411,360526,2469863,2830389,6.8507208911423865
1271511,360526,2470204,2830730,6.851666731386918
1271520,360528,2470229,2830757,6.851698065060134
1271574,360528,2470298,2830826,6.8518894510273824
1271594,360531,2470322,2830853,6.851899004523883
1271608,360542,2470356,2830898,6.851784258144682
1271639,360542,2470410,2830952,6.851934032650842
1272329,360793,2471205,2831998,6.849370691781714
1272367,360793,2471267,2832060,6.849542535470477
1272402,360805,2471337,2832142,6.849508737406633
1274924,361769,2476595,2838364,6.845791098739803
1274948,361780,2476634,2838414,6.845690751285312
1275056,361780,2476777,2838557,6.846086019127647
1275113,361780,2476897,2838677,6.846417712421914
1275146,361790,2476911,2838701,6.846267171563614
1275177,361809,2476948,2838757,6.846009911306794
1275180,361809,2476957,2838766,6.846034786309904
1275253,361811,2476966,2838777,6.846021818021011
1275710,362097,2477873,2839970,6.843119385137132
1275723,362097,2477899,2839996,6.843191189101263
1275825,362139,2478209,2840348,6.843253557335719
1275843,362152,2478256,2840408,6.84313768804259
1275896,362152,2478342,2840494,6.843375157392476
1276705,362764,2480686,2843450,6.838291561455933
1276755,362765,2480768,2843533,6.838498752636004
1277370,362928,2481466,2844394,6.837350659083896
1277375,362930,2481474,2844404,6.837335023282726
1277405,362936,2481499,2844435,6.837290872219896
1277452,362953,2481586,2844539,6.837210327507969
1277461,362965,2481605,2844570,6.837036628876063
1277485,362981,2481634,2844615,6.836815150104275
1278540,362981,2484340,2847321,6.844270085762065
1278975,362994,2485095,2848089,6.846104894295774
1278997,362998,2485153,2848151,6.846189235202398
1279035,363011,2485220,2848231,6.846128629710946
1279057,363014,2485276,2848290,6.846226316340417
1279079,363018,2485296,2848314,6.846205973257525
1279638,363018,2486879,2849897,6.850566638568886
1279668,363018,2486940,2849958,6.850734674313671
1279767,363051,2487038,2850089,6.850381902267174
1279816,363072,2487093,2850165,6.850137162876785
1281370,363307,2488704,2852011,6.850140514771254
1281878,363307,2489606,2852913,6.852623263520934
1281989,363307,2489863,2853170,6.853330654240078
1281992,363308,2489866,2853174,6.853320048003347
1282035,363338,2490005,2853343,6.85313674870231
1282180,363390,2490139,2853529,6.852524835576102
1282309,363426,2490385,2853811,6.852522934517618
1282330,363431,2490405,2853836,6.8524836901640205
1282353,363438,2490435,2853873,6.852434252884949
1282362,363440,2490451,2853891,6.85244056790667
1282362,363440,2490451,2853891,6.85244056790667
1282378,363449,2490475,2853924,6.852336916596276
1282381,363453,2490486,2853939,6.8522917681240765
1282427,363460,2490515,2853975,6.852239586199307
1282462,363476,2490601,2854077,6.8521745589805105
1282497,363483,2490743,2854226,6.852433263728978
1282514,363491,2490774,2854265,6.8523677340016675
1282659,363531,2492114,2855645,6.85529982312375
1282741,363570,2492237,2855807,6.854902769755481
1282916,363622,2492373,2855995,6.854296494711541
1283889,364035,2494043,2858078,6.851107723158488
1283911,364040,2494078,2858118,6.851109768157345
1283973,364040,2494245,2858285,6.85156850895506
1284056,364143,2494425,2858568,6.850124813603447
1284120,364153,2494612,2858765,6.8504502228458914
1284417,364264,2495067,2859331,6.849611819998683
1284437,364269,2495101,2859370,6.8496111390208885
1285338,364410,2496619,2861029,6.851126478417167
1285339,364410,2496621,2861031,6.851131966740759
1285613,364410,2497005,2861415,6.852185724870338
1285666,364430,2497076,2861506,6.852004500178361
1285829,364439,2498010,2862449,6.854398129728158
1285915,364439,2498149,2862588,6.854779537865047
1285919,364439,2498151,2862590,6.854785025751909
1285933,364439,2498177,2862616,6.854856368281111
1285971,364439,2498272,2862711,6.855117042907043
1286064,364469,2498465,2862934,6.855082325245768
1286105,364469,2498488,2862957,6.85514543074994
1286360,364681,2498976,2863657,6.852498484977281
1286388,364694,2499018,2863712,6.852369383647661
1286673,364694,2499618,2864312,6.854014598540146
1286712,364694,2499734,2864428,6.85433267341936
1286799,364706,2499815,2864521,6.854329240538955
1286820,364706,2499844,2864550,6.854408756642337
1286842,364709,2499892,2864601,6.854483985862702
1286871,364722,2499933,2864655,6.854352081859608
1286934,364722,2500014,2864736,6.854574168818991
1287038,364748,2500318,2865066,6.854919012578548
1287048,364748,2500349,2865097,6.855004002763552
1287112,364759,2500461,2865220,6.8551043291598015
1287112,364759,2500461,2865220,6.8551043291598015
1287335,364962,2500888,2865850,6.852461352140771
1287439,365050,2501099,2866149,6.851387481166963
1287578,365050,2501352,2866402,6.8520805369127515
1287973,365050,2502010,2867060,6.853883029721956
1288026,365050,2502297,2867347,6.854669223394056
1288027,365050,2502310,2867360,6.8547048349541155
1288050,365050,2502344,2867394,6.854797972880427
1288114,365058,2502493,2867551,6.8550559089240615
1288125,365066,2502522,2867588,6.854985125977221
1288144,365078,2502557,2867635,6.85485567467774
1288162,365091,2502595,2867686,6.8547156736265755
1288191,365115,2502626,2867741,6.854349999315284
1288244,365118,2502709,2867827,6.854521004168515
1288294,365154,2502793,2867947,6.854075266873703
1288346,365166,2502816,2867982,6.853913014902811
1288454,365166,2503373,2868539,6.85543834858667
1288545,365166,2503552,2868718,6.8559285366107465
1288700,365269,2503791,2869060,6.8546495870166915
1288745,365282,2503836,2869118,6.8545288297808264
1288884,365282,2503836,2869118,6.8545288297808264
1288894,365286,2503850,2869136,6.8544920966037575
1288959,365289,2503897,2869186,6.85456446813345
1288975,365289,2503897,2869186,6.85456446813345
1289030,365302,2503938,2869240,6.854432770693837
1289156,365363,2504243,2869606,6.854123159706922
1289267,365363,2504281,2869644,6.854227165859706
1289272,365365,2504286,2869651,6.854203330915659
1289346,365407,2504425,2869832,6.853795904293021
1289352,365407,2504441,2869848,6.853839691084188
1289358,365407,2504457,2869864,6.853883477875355
1289389,365416,2504468,2869884,6.853744773080543
1289407,365430,2504494,2869924,6.853553348110445
1289442,365447,2504588,2870035,6.853491751197848
1290179,365889,2505902,2871791,6.848803872212611
1290379,365889,2506342,2872231,6.850006422712899
1290415,365917,2506398,2872315,6.849635299808426
1290426,365922,2506420,2872342,6.849601827711917
1290492,365922,2506542,2872464,6.849935232098644
1290508,365927,2506558,2872485,6.849885359648236
1290838,365927,2507231,2873158,6.851724524290364
1290849,365932,2507243,2873175,6.8516636970803315
1290880,365932,2507317,2873249,6.851865920444236
1290905,365940,2507338,2873278,6.8517735147838446
1290925,365940,2507359,2873299,6.851830901240641
1290951,365975,2507435,2873410,6.851383291208416
1290953,365977,2507435,2873412,6.851345849602571
1290987,365988,2507497,2873485,6.851309332546422
1291046,366007,2507577,2873584,6.85117224533957
1291063,366024,2507649,2873673,6.851050750770441
1291089,366038,2507700,2873738,6.8509280457220285
1291571,366109,2508650,2874759,6.852194291863898
1291602,366109,2508699,2874808,6.852328131785889
1291713,366109,2508914,2875023,6.852915388586459
1291738,366113,2508952,2875065,6.8529443095437745
1291769,366124,2508981,2875105,6.852817624629907
1291823,366137,2509022,2875159,6.85268628955828
1291916,366137,2509228,2875365,6.853248920486047
1291966,366137,2509335,2875472,6.853541160822315
1292308,366352,2510201,2876553,6.851882888588024
1292622,366359,2511038,2877397,6.854036614359139
1292730,366359,2511595,2877954,6.855556980994052
1292734,366362,2511596,2877958,6.8555035729688125
1292777,366364,2511627,2877991,6.855550763721326
1293044,366364,2512284,2878648,6.857344062189516
1293052,366367,2512290,2878657,6.85730428777701
1293299,366367,2512645,2879012,6.858273261510998
1293309,366367,2512661,2879028,6.8583169335666145
1295096,366367,2512661,2879028,6.8583169335666145
1295832,366567,2514111,2880678,6.858530636964048
1296417,366588,2514587,2881175,6.8594362063133545
1296427,366588,2514599,2881187,6.8594689406090765
1296456,366588,2514637,2881225,6.8595725992121945
1296462,366591,2514649,2881240,6.859549197879926
1296546,366625,2514749,2881374,6.859185816570065
1296702,366625,2514892,2881517,6.859575860893283
1296756,366642,2514966,2881608,6.859459636375538
1296799,366667,2515032,2881699,6.859171946207321
1296807,366671,2515047,2881718,6.859138028368756
1296814,366671,2515047,2881718,6.859138028368756
1296857,366696,2515147,2881843,6.858943102733599
1297585,366718,2516747,2883465,6.862894649294553
1297597,366722,2516771,2883493,6.862885237318732
1297833,366724,2517043,2883767,6.863589511458208
1297865,366740,2517092,2883832,6.863423678900584
1297906,366761,2517125,2883886,6.863120669864026
1297943,366782,2517182,2883964,6.8628831294883605
1298425,366782,2518337,2885119,6.866032138981739
1298453,366799,2518371,2885170,6.865806613431334
1298485,366799,2518419,2885218,6.865937475293008
1298552,366799,2518571,2885370,6.866351871188307
1298609,366828,2518663,2885491,6.8660598427600945
1298667,366828,2518732,2885560,6.8662479418146924
1298716,366840,2518815,2885655,6.866249591102388
1298720,366840,2518832,2885672,6.866295932831752
1298775,366867,2518915,2885782,6.8660168398902055
1298795,366867,2518939,2885806,6.866082258693205
1298879,366891,2519012,2885903,6.865832086368976
1298906,366898,2519037,2885935,6.86576923286581
1299099,366898,2519415,2886313,6.866799491956892
1299314,366903,2519556,2886459,6.867090211854359
1299323,366907,2519576,2886483,6.867069856939224
1299369,366907,2519631,2886538,6.867219758685444
1299427,366942,2519748,2886690,6.866883594682538
1299437,366942,2519764,2886706,6.866927198303819
1299530,366942,2519916,2886858,6.867341432705986
1300050,367324,2520976,2888300,6.8630854504470165
1300135,367329,2521064,2888393,6.8632315989208585
1300164,367334,2521084,2888418,6.863192625784708
1300197,367349,2521140,2888489,6.863064823914043
1300235,367361,2521224,2888585,6.863069296958577
1300339,367420,2521417,2888837,6.862492515377497
1300356,367429,2521447,2888876,6.86240607028841
1300605,367511,2521697,2889208,6.8615551643352175
1300635,367511,2521752,2889263,6.861704819719682
1300657,367516,2521784,2889300,6.861698538294932
1300698,367539,2521825,2889364,6.861380697014466
1300746,367551,2521877,2889428,6.8612981599832406
1300768,367551,2521937,2889488,6.861461402635281
1300861,367572,2521989,2889561,6.861210864810159
1300876,367572,2522040,2889612,6.861349613137018
1300935,367611,2522190,2889801,6.861029729795899
1300947,367611,2522205,2889816,6.861070533797955
1300957,367618,2522213,2889831,6.860961650408848
1301043,367664,2522343,2890007,6.860456830149267
1301091,367672,2522425,2890097,6.860530581605344
1301166,367675,2522528,2890203,6.86075474263956
1301212,367684,2522575,2890259,6.860714635393435
1301273,367712,2522725,2890437,6.860600143590636
1301313,367730,2522792,2890522,6.8604465232643514
1301458,367740,2522986,2890726,6.860787512916735
1301549,367772,2523227,2890999,6.860845850146286
1301599,367772,2523339,2891111,6.8611503866526
1301604,367776,2523343,2891119,6.861086639693727
1301658,367789,2523393,2891182,6.860980072813488
1301677,367789,2523408,2891197,6.861020857067503
1301696,367789,2523433,2891222,6.861088830824196
1301722,367789,2523459,2891248,6.861159523531155
1301731,367790,2523476,2891266,6.86118709045923
1301753,367798,2523502,2891300,6.8611085432764725
1301762,367800,2523517,2891317,6.861112017400761
1301807,367805,2523621,2891426,6.861301504873507
1301881,367817,2523784,2891601,6.861520810620498
1302208,367817,2524607,2892424,6.863758336346607
1302260,367851,2524744,2892595,6.86349636129846
1302266,367851,2524792,2892643,6.86362684891437
1302282,367851,2524818,2892669,6.863697529706322
1302287,367851,2524824,2892675,6.86371384065831
1302359,367851,2525011,2892862,6.864222198661958
1302400,367877,2525063,2892940,6.86387841588357
1302404,367879,2525065,2892944,6.8638465364970545
1302451,367897,2525278,2893175,6.864089677273802
1302776,368079,2525817,2893896,6.862160025429324
1303340,368302,2526575,2894877,6.860063208996965
1303404,368350,2526693,2895043,6.8594896158544865
1303540,368400,2526873,2895273,6.859047231270358
1303565,368400,2526917,2895317,6.859166666666667
1303643,368403,2527071,2895474,6.859528831198443
1304569,368403,2528993,2897396,6.864745943979827
1304625,368420,2529111,2897531,6.864749470712773
1304629,368420,2529118,2897538,6.86476847076706
1304808,368530,2529303,2897833,6.863221447371991
1304831,368530,2529342,2897872,6.863327273220634
1304834,368530,2529351,2897881,6.86335169457032
1304894,368530,2529454,2897984,6.8636311833500665
1304903,368534,2529463,2897997,6.863581107848937
1305035,368559,2529507,2898066,6.863234923038102
1305043,368562,2529512,2898074,6.863192624307444
1305056,368562,2529538,2898100,6.863263168747728
1305097,368590,2529604,2898194,6.862920860576793
1305226,368677,2529862,2898539,6.862001155482984
1305283,368691,2529899,2898590,6.861840945398721
1305374,368705,2529977,2898682,6.861791947491898
1305438,368720,2530136,2898856,6.861944022564548
1305445,368720,2530136,2898856,6.861944022564548
1305587,368720,2530323,2899043,6.862451182469083
1305805,368810,2530845,2899655,6.86219191453594
1305828,368822,2530874,2899696,6.862047274837185
1306177,368944,2531238,2900182,6.8607647773103775
1306204,368958,2531263,2900221,6.860572206050553
1306208,368960,2531267,2900227,6.860545858629662
1306306,368995,2531424,2900419,6.860320600550143
1306325,369000,2531431,2900431,6.860246612466125
1306336,369011,2531447,2900458,6.860085471706806
1306351,369016,2531459,2900475,6.86002503956468
1306440,369088,2531665,2900753,6.859244949713889
1306567,369090,2532040,2901130,6.860223793654664
1306886,369095,2532620,2901715,6.86170227177285
1307189,369241,2533330,2902571,6.860911978897251
1307213,369241,2533385,2902626,6.861060933103312
1307219,369248,2533390,2902638,6.860944405927723
1307257,369264,2533479,2902743,6.860888145066944
1307261,369264,2533481,2902745,6.860893561246154
1307304,369274,2533564,2902838,6.860932532482655
1307572,369432,2534088,2903520,6.8594166179432206
1307641,369456,2534313,2903769,6.85958003118098
1307660,369461,2534351,2903812,6.859590051453333
1307714,369502,2534437,2903939,6.859061655958561
1307755,369527,2534504,2904031,6.858778925491236
1307771,369532,2534547,2904079,6.858802485305738
1307801,369545,2534578,2904123,6.858645090584368
1308087,369545,2535088,2904633,6.8600251660826155
1308258,369564,2535201,2904765,6.859978244634218
1308283,369586,2535232,2904818,6.859653774764196
1308671,369589,2536005,2905594,6.861689606562966
1308684,369589,2536028,2905617,6.861751837852317
1308721,369602,2536093,2905695,6.861686354511068
1308752,369611,2536156,2905767,6.861689722437914
1308809,369629,2536295,2905924,6.861731628200168
1308874,369654,2536410,2906064,6.861578665454722
1308878,369654,2536417,2906071,6.861597602081947
1308909,369658,2536496,2906154,6.861737065070957
1308945,369658,2536525,2906183,6.861815515963404
1309016,369685,2536730,2906415,6.861868888377943
1309039,369702,2536770,2906472,6.861661554441144
1309063,369719,2536786,2906505,6.861389325406592
1309066,369719,2536798,2906517,6.861421782488863
1309079,369719,2536825,2906544,6.861494810923972
1309215,369725,2537393,2907118,6.862919737642843
1309263,369733,2537443,2907176,6.862906475754126
1309292,369744,2537508,2907252,6.862878099441776
1309343,369757,2537590,2907347,6.862858580094494
1309404,369798,2537735,2907533,6.862489791724131
1309542,369866,2538058,2907924,6.862101409699729
1309559,369866,2538103,2907969,6.862223075384058
1309574,369872,2538124,2907996,6.862168533979323
1309587,369879,2538150,2908029,6.862108959957175
1309708,369879,2538332,2908211,6.862601012763633
1309726,369896,2538360,2908256,6.862361312368882
1309849,369945,2538481,2908426,6.861779453702577
1309931,370011,2538666,2908677,6.861055482134315
1309954,370018,2538714,2908732,6.861055408115281
1310008,370018,2538825,2908843,6.8613553935213965
1310031,370035,2538850,2908885,6.861107733052279
1310108,370052,2539019,2909071,6.861249229837969
1310280,370109,2539179,2909288,6.860624842951671
1310591,370238,2539515,2909753,6.859141957335551
1310618,370242,2539540,2909782,6.859135376321433
1310645,370258,2539577,2909835,6.858938902062886
1310652,370258,2539591,2909849,6.8589767135348865
1310670,370258,2539611,2909869,6.859030729923459
1311061,370266,2540702,2910968,6.861829063430075
1312087,370288,2541981,2912269,6.864875448299702
1312096,370288,2541990,2912278,6.864899753705224
1312112,370289,2542014,2912303,6.864946028642493
1312915,370289,2543960,2914249,6.870201383243899
1313005,370299,2544060,2914359,6.870285904093719
1313324,370400,2544355,2914755,6.869208963282937
1313335,370405,2544376,2914781,6.8691729323308275
1313409,370425,2544535,2914960,6.869231288384963
1313498,370452,2544603,2915055,6.868914191312235
1313511,370469,2544645,2915114,6.868712361898027
1313527,370469,2544671,2915140,6.868782543208743
1313543,370469,2544697,2915166,6.868852724519461
1313578,370484,2544758,2915242,6.868739270791721
1314767,370484,2546749,2917233,6.8741133220328
1315304,370695,2547352,2918047,6.871827243421142
1315315,370695,2547370,2918065,6.871875800860546
1315426,370695,2547679,2918374,6.872709370236987
1315470,370705,2547813,2918518,6.872885447997734
1315564,370761,2547980,2918741,6.872297787523499
1315645,370761,2548110,2918871,6.872648417713838
1315692,370764,2548165,2918929,6.872741150705031
1316050,370846,2548534,2919380,6.872216499571251
1316081,370846,2548554,2919400,6.8722704303133915
1316114,370866,2548652,2919518,6.87216407004147
1316118,370869,2548654,2919523,6.872113873092656
1316166,370885,2548688,2919573,6.871909082330102
1316171,370888,2548700,2919588,6.871885852332779
1317358,370891,2551434,2922325,6.879201706161648
1317470,370969,2551786,2922755,6.8787041504815765
1317572,371003,2552021,2923024,6.878707180265389
1317615,371011,2552088,2923099,6.878739444383051
1317647,371023,2552141,2923164,6.878659813542557
1317725,371023,2552305,2923328,6.879101834657151
1317760,371041,2552392,2923433,6.879002590010268
1317800,371054,2552436,2923490,6.878880162995143
1317816,371060,2552458,2923518,6.878828221850914
1317819,371061,2552462,2923523,6.878820463481746
1317875,371061,2552654,2923715,6.8793378986204425
1318203,371112,2552897,2924009,6.8790472956951
1318516,371112,2553683,2924795,6.881165254694
1318652,371112,2553816,2924928,6.881523637069133
1318705,371146,2553871,2925017,6.881041423051845
1318722,371146,2553905,2925051,6.881133031206049
1318940,371180,2554050,2925230,6.88089336709952
1319078,371207,2554123,2925330,6.88058953629646
1319148,371231,2554243,2925474,6.880467956609227
1319186,371238,2554302,2925540,6.880497147382542
1319222,371263,2554349,2925612,6.880160425358842
1319279,371314,2554471,2925785,6.879543997802399
1319331,371341,2554574,2925915,6.879321163028052
1319350,371348,2554628,2925976,6.879336902312655
1319602,371502,2555219,2926721,6.878076026508605
1319624,371502,2555224,2926726,6.878089485386351
1319718,371539,2555400,2926939,6.877878230818299
1320184,371545,2556251,2927796,6.880057597330068
1320214,371559,2556303,2927862,6.879938313968979
1320362,371560,2556737,2928297,6.881087845839165
1320375,371560,2556744,2928304,6.88110668532673
1320386,371565,2556777,2928342,6.8811029025877035
1320432,371568,2556847,2928415,6.881235736123671
1320490,371578,2556930,2928508,6.8812739182621145
1320500,371578,2556946,2928524,6.881316977861983
1321090,372004,2558931,2930935,6.878772808894528
1321299,372052,2559143,2931195,6.8784551621816306
1321353,372085,2559238,2931323,6.878100434040609
1321617,372085,2559907,2931992,6.8798984103094725
1321628,372086,2559930,2932016,6.879941733900227
1321669,372086,2559983,2932069,6.880084174088786
1321696,372113,2560019,2932132,6.879681709588216
1321789,372155,2560109,2932264,6.879147129556233
1321863,372155,2560205,2932360,6.879405086590265
1321904,372168,2560294,2932462,6.879403925109091
1321919,372174,2560318,2932492,6.8793575048230124
1321980,372188,2560412,2932600,6.879351295581802
1322017,372201,2560438,2932639,6.879180872700503
1322055,372216,2560508,2932724,6.879091710189782
1322114,372216,2560620,2932836,6.8793926107421495
1322457,372315,2560906,2933221,6.87833152035239
1322519,372326,2561015,2933341,6.8784210611131105
1322580,372361,2561162,2933523,6.878169303444776
1322716,372379,2561512,2933891,6.878776730159327
1322745,372390,2561537,2933927,6.87864067241333
1322961,372503,2561841,2934344,6.877370115140012
1323061,372565,2561957,2934522,6.876536980124274
1323080,372571,2561981,2934552,6.87649065547238
1323173,372590,2562087,2934677,6.876424488043157
1323223,372610,2562171,2934781,6.876280829822066
1323561,372629,2562927,2935556,6.877959042371903
1323616,372651,2563022,2935673,6.8778079221577295
1323634,372654,2563070,2935724,6.877881359115963
1323763,372690,2563241,2935931,6.877675816362124
1323826,372697,2563282,2935979,6.87765664869854
1323857,372713,2563323,2936036,6.877471405612361
1323915,372729,2563392,2936121,6.877361300033
1324046,372757,2563522,2936279,6.8771934531075205
1324075,372778,2563581,2936359,6.876964305833499
1324108,372796,2563671,2936467,6.876873678902134
1324110,372799,2563682,2936481,6.876847845621904
1324127,372799,2563727,2936526,6.876968554100198
1324146,372805,2563746,2936551,6.876908839741956
1325262,372911,2565477,2938388,6.879595935759471
1325286,372918,2565523,2938441,6.8795901511860515
1325352,372959,2565693,2938652,6.879289680635137
1325384,372968,2565736,2938704,6.8792389695630725
1325419,372968,2565748,2938716,6.8792711439051075
1325429,372977,2565775,2938752,6.879177536416455
1325465,373011,2565804,2938815,6.878628244207276
1325495,373022,2565941,2938963,6.878792671745902
1325821,373025,2566878,2939903,6.881249246029086
1325846,373041,2566940,2939981,6.88112030581089
1325866,373047,2566960,2940007,6.881063244041636
1326015,373051,2573550,2946601,6.898654607546957
1326637,373381,2575058,2948439,6.896596238158878
1326728,373381,2575278,2948659,6.897185448643611
1326892,373417,2575416,2948833,6.896890071957088
1326987,373429,2575549,2948978,6.897024601731521
1327124,373453,2575753,2949206,6.8971276171298666
1327302,373559,2576243,2949802,6.896482215660712
1327323,373564,2576251,2949815,6.89641132443169
1327381,373581,2576297,2949878,6.896220632205599
1327390,373587,2576309,2949896,6.896141996375677
1327400,373594,2576335,2949929,6.896082378196652
1327403,373597,2576345,2949942,6.896053769168382
1327420,373597,2576375,2949972,6.89613406959906
1327437,373597,2576420,2950017,6.896254520245077
1328514,373681,2578033,2951714,6.899020822573265
1328516,373681,2578037,2951718,6.8990315268905835
1328545,373709,2578071,2951780,6.89860559954403
1328563,373716,2578090,2951806,6.898527223881236
1328593,373716,2578090,2951806,6.898527223881236
1328614,373725,2578112,2951837,6.8984199612014185
1328616,373725,2578114,2951839,6.898425312729948
1328662,373729,2578208,2951937,6.898602998429343
1328685,373738,2578228,2951966,6.898490386313407
1328716,373767,2578347,2952114,6.898273523344757
1328762,373773,2578406,2952179,6.8983206384623825
1328944,373773,2578950,2952723,6.89977606729218
1328954,373773,2578966,2952739,6.899818874022468
1329061,373823,2579123,2952946,6.899315986442781
1329177,373823,2579307,2953130,6.899808197997448
1329190,373823,2579330,2953153,6.899869724441781
1329219,373834,2579350,2953184,6.89972019666483
1329351,373910,2579613,2953523,6.8990211548233535
1329539,373966,2579845,2953811,6.898608429643336
1329669,373967,2580230,2954197,6.899619485141737
1329711,373986,2580275,2954261,6.899389281951731
1329717,373991,2580282,2954273,6.8993157589353755
1329784,373991,2580342,2954333,6.899476190603517
1329794,373991,2580354,2954345,6.899508276937145
1329827,373991,2580386,2954377,6.899593840493488
1329894,373991,2580567,2954558,6.900077809359049
1329904,373991,2580583,2954574,6.90012059113722
1330031,374030,2580814,2954844,6.900018715076331
1330141,374042,2581039,2955081,6.900398885686634
1330165,374042,2581072,2955114,6.900487111073088
1330274,374118,2581301,2955419,6.899697421669099
1330516,374118,2581885,2956003,6.901258426485761
1331162,374427,2582870,2957297,6.898193773419118
1331195,374454,2582933,2957387,6.897864624226207
1331292,374520,2583082,2957602,6.897046886681619
1331551,374719,2583726,2958445,6.895102730312581
1331770,374807,2584026,2958833,6.894284258298271
1331807,374827,2584081,2958908,6.894063127789621
1332049,374926,2584401,2959327,6.893096237657565
1332117,374943,2584441,2959384,6.892890386005339
1332199,374957,2584553,2959510,6.892931722837552
1332208,374959,2584575,2959534,6.892953629596836
1332331,374993,2584773,2959766,6.892856666657778
1332358,374998,2584823,2959821,6.892898095456509
1332407,375015,2584852,2959867,6.892662960148261
1332424,375026,2584865,2959891,6.892495453648547
1332840,375026,2585520,2960546,6.8942419992213875
1333094,375166,2585839,2961005,6.8925195780001385
1333138,375193,2585919,2961112,6.892236795462602
1333919,375193,2587062,2962255,6.895283227565546
1333970,375220,2587170,2962390,6.89507488939822
1333998,375230,2587210,2962440,6.894997734722703
1334315,375458,2587945,2963403,6.892768298984174
1334807,375634,2588425,2964059,6.890816592747195
1334828,375654,2588456,2964110,6.890532245097883
1334967,375662,2588771,2964433,6.8912240258530275
1334971,375667,2588790,2964457,6.891182882712616
1335052,375667,2588979,2964646,6.891685987856266
1335168,375667,2589277,2964944,6.892479243585409
1335176,375671,2589298,2964969,6.892461755099542
1335203,375692,2589331,2965023,6.892164326096909
1335212,375694,2589347,2965041,6.892170223639451
1335232,375702,2589374,2965076,6.892095330873937
1335260,375727,2589414,2965141,6.891743207169035
1335299,375753,2589455,2965208,6.891375451426868
1335384,375758,2589554,2965312,6.8915472192208815
1335421,375771,2589648,2965419,6.8915589547889535
1335465,375791,2589707,2965498,6.891349180794644
1335498,375799,2589774,2965573,6.891380764717309
1335534,375816,2589830,2965646,6.891218042872044
1335649,375846,2589901,2965747,6.890856893514897
1335666,375860,2589936,2965796,6.8906933432661095
1335711,375869,2589984,2965853,6.890656053039756
1335912,376016,2590345,2966361,6.888922279902983
1335968,376042,2590466,2966508,6.888767744028592
1336242,376081,2591029,2967110,6.8895503894107915
1336341,376142,2591318,2967460,6.889201418613183
1336347,376144,2591337,2967481,6.889215300523204
1336377,376153,2591369,2967522,6.889135537932703
1336448,376175,2591495,2967670,6.889067588223567
1336481,376186,2591526,2967712,6.888948552046062
1336507,376197,2591547,2967744,6.888802941012289
1336542,376218,2591608,2967826,6.888580557017474
1336599,376218,2591728,2967946,6.888899521022386
1336805,376218,2592177,2968395,6.890092978007432
1336916,376273,2592358,2968631,6.889566883619074
1336930,376286,2592397,2968683,6.88943250612566
1337314,376416,2593721,2970137,6.890570538978152
1337476,376416,2593988,2970404,6.891279860579784
1337548,376439,2594120,2970559,6.891209465544218
1337555,376444,2594132,2970576,6.891149812455505
1337655,376444,2594233,2970677,6.891418112654206
1337794,376444,2594556,2971000,6.892276142002529
1337827,376448,2594586,2971034,6.892282599455967
1337830,376448,2594593,2971041,6.892301194321659
1345490,376463,2657463,3033926,7.05902837729073
1345619,376464,2657845,3034309,7.0600243316758045
1346023,376476,2658801,3035277,7.06233863513212
1346090,376494,2658857,3035351,7.06214972881374
1346091,376494,2658860,3035354,7.062157697068214
1346108,376499,2658890,3035389,7.06214359135084
1346117,376499,2658901,3035400,7.062172807895904
1346119,376501,2658913,3035414,7.062167165558657
1346384,376507,2659413,3035920,7.063382619712249
1346507,376554,2659560,3036114,7.0628913781290334
1346618,376590,2659676,3036266,7.062524230595608
1346652,376607,2659696,3036303,7.062258534759046
1346659,376612,2659708,3036320,7.062196637388081
1346803,376619,2660020,3036639,7.062893799834846
1346824,376625,2660052,3036677,7.0628662462661795
1346837,376633,2660067,3036700,7.062756051647094
1346859,376633,2660127,3036760,7.062915357921372
1346894,376661,2660218,3036879,7.062631915701386
1346953,376689,2660299,3036988,7.06232196852045
1346969,376706,2660349,3037055,7.062135989339167
1347005,376727,2660395,3037122,7.061864427025406
1347099,376727,2660564,3037291,7.062313027736265
1347115,376745,2660597,3037342,7.062063199246174
1347120,376748,2660606,3037354,7.062030853514816
1347145,376757,2660641,3037398,7.061955053257139
1347308,376860,2660960,3037820,7.060871411134108
1347337,376865,2660980,3037845,7.060830801480637
1347370,376880,2661043,3037923,7.060716939078752
1347454,376948,2661329,3038277,7.060201937667795
1347512,376985,2661465,3038450,7.059869756091091
1347542,376999,2661540,3038539,7.059806524685742
1347546,376999,2661547,3038546,7.0598250923742505
1347881,376999,2662198,3039197,7.061551887405537
1347971,377037,2662329,3039366,7.061187628800356
1348069,377068,2662400,3039468,7.06079540029915
1348087,377085,2662420,3039505,7.060530119203893
1348140,377099,2662490,3039589,7.060453620932434
1348247,377134,2662583,3039717,7.0600449707531014
1348248,377134,2662585,3039719,7.060050273907948
1348256,377135,2662591,3039726,7.060047463110027
1348367,377135,2662807,3039942,7.060620202314821
1348911,377283,2663329,3040612,7.059234049771657
1348962,377325,2663456,3040781,7.05878486715696
1349187,377426,2663934,3041360,7.05816239474758
1349251,377428,2664070,3041498,7.058485327002766
1349792,377666,2664973,3042639,7.056428166686967
1350433,377666,2665943,3043609,7.058996573692098
1350443,377671,2665957,3043628,7.058940188682742
1350484,377671,2665980,3043651,7.059001088248767
1350495,377677,2665994,3043671,7.058926013498307
1350556,377687,2666067,3043754,7.058932396402312
1350567,377692,2666075,3043767,7.058860129417621
1350584,377693,2666088,3043781,7.058875859494351
1350635,377710,2666192,3043902,7.058833496597919
1350751,377740,2666287,3044027,7.05852438184995
1350793,377752,2666359,3044111,7.05849075583981
1350825,377775,2666426,3044201,7.058238369399775
1350835,377775,2666455,3044230,7.058315134670108
1350892,377779,2666467,3044246,7.0582721644135855
1351088,377828,2667056,3044884,7.058915697089681
1351111,377837,2667101,3044938,7.058866654139218
1351768,377984,2667558,3045542,7.057330469014562
1351805,377997,2667587,3045584,7.05716447485033
1352029,378093,2667981,3046074,7.056414691623489
1352199,378093,2668202,3046295,7.0569992038995695
1352218,378094,2668237,3046331,7.057073108803631
1352250,378107,2668306,3046413,7.057012961939345
1352423,378257,2668818,3047075,7.055568039719027
1352852,378257,2669652,3047909,7.057772889860598
1352885,378271,2669697,3047968,7.057630640466756
1353285,378362,2670315,3048677,7.05756656323838
1353314,378377,2670356,3048733,7.057395137653716
1353361,378383,2670385,3048768,7.057359870818721
1353386,378387,2670450,3048837,7.057457047942979
1353418,378411,2670483,3048894,7.057096648881771
1353423,378413,2670491,3048904,7.0570804914207494
1353455,378430,2670520,3048950,7.056840102528869
1353470,378447,2670550,3048997,7.05660237761166
1353492,378447,2670574,3049021,7.05666579468195
1353510,378453,2670607,3049060,7.056641115277194
1353519,378458,2670628,3049086,7.056603374747
1353562,378473,2670671,3049144,7.056437315211389
1353580,378490,2670696,3049186,7.056186425004624
1353593,378496,2670707,3049203,7.056103631214068
1353604,378503,2670714,3049217,7.05599163018523
1353800,378503,2671042,3049545,7.056858201916497
1353805,378505,2671054,3049559,7.0568526175347746
1353847,378519,2671113,3049632,7.056747481632362
1353874,378533,2671145,3049678,7.056571025511646
1354064,378533,2671466,3049999,7.057419036121025
1354074,378533,2671482,3050015,7.057461304562614
1354081,378534,2671491,3050025,7.057466436304269
1354626,378702,2672287,3050989,7.056437515513517
1354646,378725,2672330,3051055,7.056122516337712
1354654,378725,2672330,3051055,7.056122516337712
1354718,378748,2672475,3051223,7.056076863772218
1354802,378816,2672636,3051452,7.055235259334347
1354807,378818,2672643,3051461,7.05521648918478
1354808,378818,2672648,3051466,7.055229688135199
1354852,378833,2672780,3051613,7.055298772810183
1355114,379005,2673415,3052420,7.053772377673118
1355146,379007,2673462,3052469,7.053859163551069
1355456,379098,2674025,3053123,7.053651034824768
1355476,379098,2674046,3053144,7.053706429472062
1355498,379104,2674099,3053203,7.053734595256183
1355623,379162,2674333,3053495,7.053272743576624
1355654,379176,2674416,3053592,7.053231217165643
1355692,379202,2674473,3053675,7.052897927753546
1355705,379210,2674487,3053697,7.0527860552200625
1355714,379213,2674499,3053712,7.0527619042596115
1355831,379273,2674638,3053911,7.052012666337967
1355886,379285,2674719,3054004,7.05200311111697
1355926,379289,2674815,3054104,7.05218184550567
1356341,379533,2675647,3055180,7.049840198349024
1356640,379614,2676065,3055679,7.049437059750168
1356674,379640,2676107,3055747,7.049064903592877
1356704,379675,2676172,3055847,7.048586290906696
1356739,379685,2676222,3055907,7.0485323360153815
1356776,379697,2676272,3055969,7.048441257107641
1356808,379709,2676320,3056029,7.048344916765207
1356830,379711,2676327,3056038,7.048326227051626
1356853,379724,2676350,3056074,7.048145495149108
1356860,379727,2676366,3056093,7.048131947425388
1356897,379728,2676425,3056153,7.048268760797202
1356979,379781,2676516,3056297,7.0475247576893
1357005,379787,2676555,3056342,7.047516107713007
1357118,379861,2676748,3056609,7.046651275071671
1357131,379867,2676780,3056647,7.046624213211466
1357142,379876,2676794,3056670,7.046494119133612
1357967,380040,2677659,3057699,7.045729396905589
1357988,380044,2677676,3057720,7.045699971582238
1358012,380054,2677721,3057775,7.0456329889963
1358035,380061,2677779,3057840,7.045655828932724
1358486,380061,2678720,3058781,7.048131747272149
1358524,380061,2678777,3058838,7.048281723197066
1358589,380072,2678870,3058942,7.04832242311983
1358799,380121,2679127,3059248,7.048089950305298
1358804,380123,2679153,3059276,7.048121266011265
1358807,380124,2679156,3059280,7.048110616535657
1358875,380124,2679298,3059422,7.048484178846903
1358901,380134,2679343,3059477,7.048417137114807
1359027,380192,2679622,3059814,7.048075709115395
1359086,380192,2679743,3059935,7.048393969362849
1359104,380192,2679776,3059968,7.048480767612154
1359124,380196,2679796,3059992,7.048459215772917
1359135,380207,2679814,3060021,7.048302635143488
1359407,380344,2680199,3060543,7.046776076394001
1359425,380353,2680237,3060590,7.046709241152298
1359521,380359,2680330,3060689,7.046842588186424
1359530,380362,2680366,3060728,7.046881654844595
1359562,380377,2680429,3060806,7.046769389316388
1359569,380384,2680444,3060828,7.046679145284765
1359587,380390,2680477,3060867,7.046654749073319
1360022,380414,2680885,3061299,7.047282697271919
1360057,380417,2680969,3061386,7.0474479321376275
1360094,380430,2681015,3061445,7.047328023552296
1360112,380433,2681040,3061473,7.047338164670258
1360425,380539,2681396,3061935,7.046310627820013
1360535,380539,2681736,3062275,7.047204097346133
1360670,380607,2682363,3062970,7.047592398458252
1360910,380721,2682716,3063437,7.0464093128563965
1360972,380780,2682820,3063600,7.045590629759967
1361082,380833,2682983,3063816,7.045038113818918
1361230,380885,2683313,3064198,7.044942699239928
1361281,380903,2683382,3064285,7.044790931024434
1361282,380903,2683384,3064287,7.0447961817050535
1361290,380908,2683391,3064299,7.044722085122917
1361321,380920,2683432,3064352,7.044607791662291
1361393,380920,2683569,3064489,7.044967447233015
1361520,380993,2683790,3064783,7.044197662424244
1361688,381026,2684110,3065136,7.044427414402167
1361706,381033,2684152,3065185,7.044408227108938
1362067,381145,2684442,3065587,7.043099083026145
1362119,381145,2684482,3065627,7.04320402996235
1362122,381146,2684485,3065631,7.043193421943298
1362497,381337,2685219,3066556,7.041590509182167
1362670,381346,2686212,3067558,7.044028257802625
1362775,381434,2686394,3067828,7.042880288595144
1362799,381439,2686418,3067857,7.042850888346498
1363052,381565,2687200,3068765,7.0425746596254895
1363500,381960,2687870,3069830,7.037045763954341
1363547,381978,2687937,3069915,7.036889559084555
1363629,382021,2688114,3070135,7.036560817337267
1364129,382021,2688703,3070724,7.038102617395379
1365442,382028,2691998,3074026,7.046598678630886
1365445,382028,2692007,3074035,7.04662223711351
1365546,382081,2692232,3074313,7.046233652026665
1365562,382090,2692261,3074351,7.046143578737993
1365614,382132,2692352,3074484,7.045607277066563
1365723,382142,2692735,3074877,7.046425150860151
1365728,382142,2692758,3074900,7.046485337911038
1365740,382148,2692777,3074925,7.046424421951705
1365763,382150,2692792,3074942,7.046426795760827
1365875,382150,2693056,3075206,7.047117623969646
1366359,382378,2694048,3076426,7.045509940425443
1366390,382381,2694128,3076509,7.045663879742979
1366427,382404,2694182,3076586,7.045381324463134
1366488,382404,2694300,3076704,7.0456898986412275
1366541,382429,2694378,3076807,7.045433269966451
1366594,382429,2694456,3076885,7.045637229394214
1366623,382451,2694494,3076945,7.045331297342666
1366655,382462,2694586,3077048,7.045369213150588
1366656,382462,2694588,3077050,7.045374442428267
1366667,382470,2694593,3077063,7.045240149554213
1366680,382475,2694603,3077078,7.04517419439179
1366697,382477,2694631,3077108,7.045210561680833
1366731,382482,2694695,3077177,7.045285791226776
1366760,382482,2694735,3077217,7.0453903713115915
1366791,382493,2694771,3077264,7.0452818744395325
1366880,382547,2694938,3077485,7.044723916276954
1366929,382547,2695021,3077568,7.044940883081034
1367076,382556,2695180,3077736,7.045190769455975
1367110,382560,2695249,3077809,7.045297469677959
1367165,382587,2695341,3077928,7.045040735832634
1367166,382587,2695343,3077930,7.045045963401789
1367265,382616,2695403,3078019,7.044668806322789
1367298,382621,2695432,3078053,7.044652541287593
1367423,382695,2695653,3078348,7.043867832085604
1367441,382702,2695683,3078385,7.043817382715533
1367585,382742,2695815,3078557,7.043426119945028
1367608,382756,2695839,3078595,7.043231196898285
1367618,382760,2695854,3078614,7.043196781272861
1367651,382760,2695929,3078689,7.043392726512697
1367669,382770,2695946,3078716,7.043253128510594
1367739,382808,2696166,3078974,7.043128670247226
1367790,382846,2696270,3079116,7.042701242797365
1368117,382992,2697033,3080025,7.0420087103647075
1368171,382992,2697093,3080085,7.0421653716004515
1368229,383003,2697182,3080185,7.0421954919413166
1368251,383007,2697224,3080231,7.042231604122118
1368311,383007,2697264,3080271,7.04233604085565
1368654,383253,2697912,3081165,7.039506540066222
1368717,383294,2698025,3081319,7.0390483545268125
1368744,383306,2698054,3081360,7.03890364356415
1368814,383306,2698175,3081481,7.03921931824704
1368852,383319,2698232,3081551,7.039129289182117
1368858,383323,2698255,3081578,7.039115837035607
1369220,383386,2699009,3082395,7.039925818887492
1370220,383386,2700215,3083601,7.043071473658402
1370265,383403,2700381,3083784,7.043192150296163
1370534,383465,2700788,3084253,7.0431147562359016
1370541,383468,2700804,3084272,7.043101380036926
1370596,383468,2700900,3084368,7.043351726871603
1370627,383478,2700975,3084453,7.043363634941248
1370664,383501,2701006,3084507,7.043022052093736
1370748,383520,2701039,3084559,7.042759178139341
1370785,383527,2701094,3084621,7.042774041984006
1370850,383547,2701192,3084739,7.042662307357378
1370888,383569,2701280,3084849,7.042487792287698
1370900,383577,2701298,3084875,7.042387838686887
1370960,383592,2701371,3084963,7.042302759181631
1370986,383605,2701398,3085003,7.042134487298132
1371018,383609,2701415,3085024,7.04210537291878
1371045,383624,2701470,3085094,7.04197339061164
1371071,383637,2701529,3085166,7.04188855610903
1371107,383646,2701571,3085217,7.04183283547854
1371164,383667,2701635,3085302,7.041614212324751
1371178,383667,2701657,3085324,7.041671553717156
1371252,383667,2701841,3085508,7.042151136271819
1371457,383684,2702350,3086034,7.043165730132088
1371502,383714,2702416,3086130,7.042787075790823
1371721,383815,2702805,3086620,7.041947292315308
1371771,383833,2702907,3086740,7.041882797987666
1371805,383833,2702979,3086812,7.0420703795661135
1371850,383841,2703032,3086873,7.042061687000607
1371956,383885,2703381,3087266,7.042163668807064
1372086,383886,2703766,3087652,7.043148226296348
1372111,383901,2703787,3087688,7.042927733973082
1372149,383917,2703826,3087743,7.0427357996650315
1372161,383919,2703858,3087777,7.042782461925563
1372223,383940,2703986,3087926,7.042730634995051
1372254,383940,2704134,3088074,7.043116111892483
1372263,383945,2704157,3088102,7.043084295927802
1372288,383953,2704190,3088143,7.043023495063198
1372396,383953,2704333,3088286,7.043395936481809
1372458,383985,2704442,3088427,7.043092829146972
1372628,383985,2704787,3088772,7.043991301743557
1372742,384048,2705094,3089142,7.043635170603674
1372809,384074,2705191,3089265,7.043410905190146
1372828,384074,2705212,3089286,7.0434655821534395
1372864,384088,2705275,3089363,7.043372872883298
1372926,384127,2705379,3089506,7.042928510622789
1372959,384136,2705426,3089562,7.042885852927088
1373013,384168,2705557,3089725,7.042640199079569
1373187,384261,2706087,3090348,7.042314989030893
1373238,384275,2706150,3090425,7.042222366794613
1373309,384275,2706277,3090552,7.042552859280463
1373331,384279,2706281,3090560,7.042489961720521
1373466,384369,2706556,3090925,7.04155642104332
1373543,384426,2706752,3091178,7.041022199330951
1373636,384447,2706938,3091385,7.041121402950211
1373667,384462,2707015,3091477,7.0410469695314495
1374376,384776,2708075,3092851,7.038055907852881
1374542,384812,2708177,3092989,7.037662546906022
1374586,384830,2708234,3093064,7.037481485331186
1374604,384830,2708244,3093074,7.037507470831276
1374689,384896,2708439,3093335,7.036807345360825
1374709,384896,2708496,3093392,7.036955437312937
1374741,384905,2708570,3093475,7.03698315168678
1374751,384905,2708586,3093491,7.03702472038555
1374769,384905,2708613,3093518,7.037094867564724
1374973,384996,2708792,3093788,7.035896476846513
1375100,384996,2709062,3094058,7.036597782834107
1375315,385014,2709173,3094187,7.036557112208906
1375328,385022,2709195,3094217,7.036468045981788
1375355,385030,2709219,3094249,7.036384177856271
1375356,385030,2709221,3094251,7.036389372256707
1375371,385035,2709248,3094283,7.036368122378485
1375570,385078,2709333,3094411,7.035803135988034
1375611,385078,2709401,3094479,7.035979723588468
1375680,385132,2709558,3094690,7.035400849578846
1375691,385132,2709584,3094716,7.035468358900325
1375803,385183,2709804,3094987,7.035107987631853
1375887,385183,2710140,3095323,7.035980300272858
1375914,385203,2710166,3095369,7.0356824843004855
1375916,385204,2710168,3095372,7.035669411532591
1375965,385219,2710246,3095465,7.035597932604571
1375973,385222,2710258,3095480,7.0355742922263005
1375976,385222,2710267,3095489,7.035597655377938
1376012,385232,2710338,3095570,7.035599327158699
1376176,385248,2710605,3095853,7.036000186892599
1376516,385300,2710916,3096216,7.035857773163769
1376570,385300,2711035,3096335,7.036166623410329
1377530,385606,2712262,3097868,7.03376503477643
1377577,385606,2712334,3097940,7.033951753862751
1377611,385622,2712398,3098020,7.033825870930601
1377639,385629,2712445,3098074,7.0338200705859775
1377671,385635,2712509,3098144,7.033876593151556
1377689,385659,2712560,3098219,7.033571108155132
1377717,385659,2712627,3098286,7.033744836759936
1377921,385757,2712982,3098739,7.032878210894423
1378024,385789,2713193,3098982,7.032841786572453
1378106,385828,2713366,3099194,7.0325792840333
1378127,385841,2713422,3099263,7.032487475410856
1378243,385883,2713622,3099505,7.032240342279914
1378585,385883,2713951,3099834,7.03309293231368
1378624,385883,2713951,3099834,7.03309293231368
1378897,385905,2714819,3100724,7.034941242015522
1379022,385959,2715067,3101026,7.034599530001891
1379125,385959,2715422,3101381,7.035519316818625
1379295,385968,2716398,3102366,7.037883969655516
1379336,385968,2716455,3102423,7.038031650292252
1379439,386025,2716605,3102630,7.037380998639985
1379442,386025,2716614,3102639,7.037404313192151
1379598,386053,2716881,3102934,7.0375855128699945
1379637,386070,2717048,3103118,7.037708187634367
1379740,386113,2717174,3103287,7.037250753017899
1379805,386113,2717295,3103408,7.037564132779782
1379954,386161,2717376,3103537,7.036899117207589
1380116,386161,2717737,3103898,7.03783396044655
1380255,386224,2717930,3104154,7.037185674634409
1380527,386312,2718273,3104585,7.036470521236721
1380585,386319,2718332,3104651,7.036495745743802
1380594,386321,2718357,3104678,7.036524030534193
1380682,386352,2718581,3104933,7.036539218122334
1380688,386355,2718588,3104943,7.036502698295609
1381550,386355,2720321,3106676,7.040988210324701
1381580,386366,2720376,3106742,7.040930102545255
1381595,386372,2720407,3106779,7.040900996966654
1383132,386754,2721628,3108382,7.0371036886496325
1383133,386755,2721634,3108389,7.037101007097516
1383138,386757,2721641,3108398,7.037082716020654
1383279,386759,2722058,3108817,7.038124516817967
1383299,386767,2722091,3108858,7.038064260911608
1383325,386775,2722160,3108935,7.038097084868464
1383334,386782,2722180,3108962,7.038021417749533
1383456,386842,2722302,3109144,7.0372451802027705
1383527,386909,2722439,3109348,7.036380647645829
1383529,386912,2722450,3109362,7.0363545198908275
1383783,386959,2723147,3110106,7.037301109419861
1383859,386974,2723275,3110249,7.037359099060919
1383865,386974,2723294,3110268,7.037408197966789
1383924,386982,2723331,3110313,7.037358326743879
1383949,386982,2723358,3110340,7.0374280974308885
1383958,386984,2723374,3110358,7.0374330721683584
1384070,386984,2723806,3110790,7.038549397391106
1384083,386988,2723820,3110808,7.038512822103011
1384128,387018,2723903,3110921,7.038181686639898
1384131,387018,2723912,3110930,7.038204941372236
1384223,387018,2723967,3110985,7.0383470536254125
1384563,387135,2724511,3111646,7.037625117852945
1384567,387135,2724517,3111652,7.037640616322472
1384581,387143,2724531,3111674,7.0375313514644455
1384588,387144,2724581,3111725,7.037642324303102
1385275,387615,2726153,3113768,7.03314629206816
1385356,387615,2726442,3114057,7.033891877249332
1385366,387620,2726451,3114071,7.033824364067901
1385380,387620,2726458,3114078,7.03384242299159
1385394,387623,2726475,3114098,7.033831841763775
1385482,387623,2726815,3114438,7.034708982697105
1385568,387681,2726926,3114607,7.033942855079305
1385628,387696,2727038,3114734,7.033959597210186
1385648,387702,2727070,3114772,7.033933278652161
1385662,387711,2727098,3114809,7.033842217528004
1385664,387713,2727098,3114811,7.033805933770599
1385792,387755,2727269,3115024,7.033485061443438
1385819,387764,2727302,3115066,7.03340691760968
1386039,387789,2727475,3115264,7.033399606487033
1386128,387789,2727661,3115450,7.033879248766726
1386164,387794,2727698,3115492,7.033883969323919
1386212,387798,2727748,3115546,7.033940350388605
1386462,387798,2728332,3116130,7.035446289047391
1386484,387800,2728339,3116139,7.035428055698814
1386628,387928,2728654,3116582,7.033918665319337
1386653,387940,2728697,3116637,7.033811929679848
1386664,387940,2728707,3116647,7.033837706861886
1386689,387973,2728782,3116755,7.033432738876159
1386879,388064,2729029,3117093,7.032419910117919
1386882,388064,2729038,3117102,7.032443102168714
1403218,388976,2760239,3149215,7.096167886964748
1403282,388976,2760414,3149390,7.0966177861873225
1403323,388976,2760511,3149487,7.096867158899264
1403344,388993,2760523,3149516,7.096587856336747
1403349,388994,2760528,3149522,7.096582466567607
1403560,389116,2760836,3149952,7.095149004409996
1403565,389118,2760841,3149959,7.0951253861296575
1403607,389132,2760900,3150032,7.0950217406946745
1403623,389134,2760940,3150074,7.09508806734955
1403639,389143,2760961,3150104,7.094977938701197
1403724,389143,2760961,3150104,7.094977938701197
1403740,389143,2760987,3150130,7.095044752186214
1403838,389143,2761069,3150212,7.095255471638961
1403869,389159,2761096,3150255,7.095033135556418
1403955,389219,2761227,3150446,7.094275973166778
1404552,389253,2762467,3151720,7.0968418997413
1404611,389258,2762554,3151812,7.096974243303927
1404688,389286,2762666,3151952,7.09675148862276
1405394,389286,2763804,3153090,7.099674789229512
1405399,389304,2763830,3153134,7.09941331196186
1405412,389310,2763851,3153161,7.099357838226606
1405419,389313,2763854,3153167,7.099310837295441
1405436,389334,2763909,3153243,7.0990691796760625
1405525,389378,2763997,3153375,7.098492981113468
1405564,389382,2764065,3153447,7.0985946962109185
1405715,389417,2764184,3153601,7.098262274117463
1405756,389428,2764238,3153666,7.098200437564839
1405783,389446,2764310,3153756,7.098057240284917
1405815,389470,2764361,3153831,7.097750789534496
1405831,389476,2764394,3153870,7.097726175682198
1405842,389493,2764418,3153911,7.097478003455775
1405903,389552,2764528,3154080,7.0966854232554315
1405925,389552,2764578,3154130,7.096813775824537
1405988,389567,2764691,3154258,7.096830583699338
1406080,389597,2764851,3154448,7.096694789744274
1406099,389605,2764864,3154469,7.096582436057032
1406122,389611,2764883,3154494,7.096521915448999
1406252,389612,2765268,3154880,7.097491863700297
1406280,389620,2765298,3154918,7.097423130229454
1406499,389655,2765484,3155139,7.097262963390691
1406559,389670,2765606,3155276,7.097302845997896
1406680,389725,2765782,3155507,7.096752838539996
1406684,389727,2765785,3155512,7.0967241171384075
1406808,389772,2765885,3155657,7.096161345607175
1406935,389779,2766133,3155912,7.0966701643751975
1406988,389836,2766238,3156074,7.095901866425882
1407033,389862,2766311,3156173,7.095615884595062
1407160,389862,2766450,3156312,7.0959724210105115
1407169,389866,2766468,3156334,7.0959457865010025
1407737,390201,2767234,3157435,7.091816781607428
1407744,390204,2767254,3157458,7.091813512931697
1407772,390204,2767292,3157496,7.091910897889309
1407780,390213,2767307,3157520,7.0917857682855265
1407793,390219,2767318,3157537,7.091704914419852
1407825,390219,2767445,3157664,7.092030372688157
1407849,390229,2767495,3157724,7.091976762362613
1407924,390229,2767662,3157891,7.0924047162051
1407980,390245,2767713,3157958,7.092244615562019
1408000,390245,2767754,3157999,7.092349677766531
1408196,390245,2768082,3158327,7.093190175402632
1408215,390257,2768100,3158357,7.093018190576979
1408272,390281,2768167,3158448,7.092753682603048
1408336,390302,2768247,3158549,7.0925770300946445
1408362,390314,2768282,3158596,7.092448643912337
1408411,390333,2768358,3158691,7.092298114686691
1408469,390346,2768455,3158801,7.092310411788516
1408497,390366,2768495,3158861,7.0920495125087735
1408660,390467,2768714,3159181,7.090775917042926
1408682,390474,2768752,3159226,7.090746118819691
1408689,390479,2768769,3159248,7.090698859605766
1408800,390495,2768878,3159373,7.09068746078695
1409088,390495,2769717,3160212,7.092836015826067
1409138,390525,2769801,3160326,7.0925062415978495
1409221,390572,2769950,3160522,7.092034247206661
1409417,390572,2770423,3160995,7.0932452915211535
1409422,390572,2770445,3161017,7.093301619163688
1409620,390575,2770605,3161180,7.093656788068873
1409675,390581,2770754,3161335,7.093929300196374
1409780,390581,2771010,3161591,7.094584734024441
1409811,390590,2771073,3161663,7.094582554596892
1409832,390590,2771102,3161692,7.094656801249392
1409852,390599,2771123,3161722,7.094547093054514
1409882,390618,2771156,3161774,7.094286489613894
1409888,390624,2771181,3161805,7.0942415212582945
1409912,390638,2771223,3161861,7.094094788525438
1410315,390915,2772383,3163298,7.092035352953967
1410329,390915,2772409,3163324,7.092101863576481
1410380,390923,2772456,3163379,7.092076956331554
1410419,390951,2772531,3163482,7.091760860056631
1410499,391003,2772672,3163675,7.091178328555024
1410522,391021,2772694,3163715,7.090908160942763
1410539,391025,2772703,3163728,7.09085864075187
1410810,391025,2773816,3164841,7.0937050060737805
1410834,391031,2773875,3164906,7.093747043073312
1410905,391059,2773955,3165014,7.093443700311206
1410927,391059,2773979,3165038,7.093505072124667
1411096,391122,2774284,3165406,7.093142293197519
1411121,391138,2774318,3165456,7.092939064984737
1411150,391157,2774358,3165515,7.092696794381795
1411165,391160,2774381,3165541,7.092701196441354
1411198,391173,2774416,3165589,7.092554956502622
1411252,391173,2774535,3165708,7.092859169727972
1411296,391182,2774608,3165790,7.092882596847503
1411404,391232,2774758,3165990,7.092359520693604
1411481,391259,2774826,3166085,7.092043889086257
1411496,391259,2774882,3166141,7.092187016784279
1411633,391291,2775073,3166364,7.0920951414676034
1411794,391370,2775249,3166619,7.091113268773794
1411851,391388,2775355,3166743,7.0910579782722
1411868,391396,2775390,3166786,7.091002462978671
1411899,391396,2775470,3166866,7.091206859548897
1411926,391421,2775534,3166955,7.090917452052905
1411944,391427,2775543,3166970,7.090831751514331
1412034,391479,2775666,3167145,7.090204072249086
1412065,391479,2775726,3167205,7.090357337175174
1412207,391479,2775913,3167392,7.090835012861482
1412288,391486,2775953,3167439,7.090810399350168
1412741,391549,2776125,3167674,7.09010877310375
1412743,391549,2776125,3167674,7.09010877310375
1412788,391554,2776181,3167735,7.090161254897153
1412933,391554,2776462,3168016,7.090878908145492
1413003,391554,2776590,3168144,7.091205810692778
1413041,391562,2776657,3168219,7.091232039881296
1413072,391584,2776738,3168322,7.091040491950642
1413085,391584,2776758,3168342,7.091091566560431
1413122,391586,2776801,3168387,7.091165159122134
1413157,391589,2776886,3168475,7.091327897361775
1413331,391667,2777078,3168745,7.090405880505633
1413344,391670,2777117,3168787,7.090451145096638
1413385,391679,2777182,3168861,7.090454172932427
1413440,391679,2777289,3168968,7.090727355819434
1413460,391694,2777321,3169015,7.090537511424735
1413478,391709,2777349,3169058,7.0903374699075075
1413488,391709,2777365,3169074,7.090378316556423
1413985,391709,2778699,3170408,7.093783905909744
1414039,391742,2778771,3170513,7.093370126256567
1414374,391742,2779422,3171164,7.095031934283278
1414404,391751,2779480,3171231,7.095016987831556
1414423,391772,2779569,3171341,7.094863849381784
1414435,391772,2779603,3171375,7.09495063455275
1414443,391777,2779617,3171394,7.094895820836854
1414463,391777,2779638,3171415,7.094949422758355
1414471,391780,2779661,3171441,7.0949538006023785
1414492,391793,2779702,3171495,7.094823031549823
1414499,391795,2779702,3171497,7.09478681453311
1414516,391795,2779729,3171524,7.094855728123125
1414538,391801,2779768,3171569,7.0948466185640156
1414544,391805,2779771,3171576,7.094781843008639
1414560,391812,2779783,3171595,7.094685716619195
1414628,391875,2779959,3171834,7.093994258373206
1414651,391882,2779983,3171865,7.093928784685186
1414691,391889,2780001,3171890,7.093848002878366
1414712,391890,2780048,3171938,7.093949832861262
1415140,392344,2781257,3173601,7.08882256387252
1415150,392356,2781273,3173629,7.08864653528938
1415175,392377,2781331,3173708,7.088414968257569
1415190,392382,2781344,3173726,7.08835777380206
1415235,392404,2781423,3173827,7.088161690502646
1415242,392404,2781430,3173834,7.0881795292606595
1415288,392404,2781583,3173987,7.088569433542982
1415308,392413,2781604,3174017,7.088460372107957
1415326,392427,2781624,3174051,7.088258453164538
1415373,392439,2781691,3174130,7.088212435563234
1415648,392548,2782397,3174945,7.088042736174939
1415676,392569,2782434,3175003,7.087757820918106
1415826,392636,2782611,3175247,7.086999154433114
1415846,392636,2782632,3175268,7.087052639085565
1415896,392653,2782689,3175342,7.086890969889445
1415984,392657,2782805,3175462,7.087114198906424
1416144,392750,2783097,3175847,7.086179503500955
1416218,392751,2783176,3175927,7.0863626063332745
1416392,392784,2783470,3176254,7.08651574402216
1416432,392825,2783547,3176372,7.085972124992045
1416869,393067,2784333,3177400,7.083609155691015
1416920,393085,2784424,3177509,7.0835162878257885
1417041,393085,2784764,3177849,7.084381240698576
1417057,393085,2784790,3177875,7.084447384153554
1417424,393265,2785591,3178856,7.083241580105018
1417494,393266,2785873,3179139,7.083940640685948
1417536,393275,2785902,3179177,7.083852266225923
1417604,393305,2785992,3179297,7.083540763529577
1417648,393308,2786108,3179416,7.083781667293826
1417668,393308,2786129,3179437,7.0838350605632225
1417965,393539,2787065,3180604,7.082055399846013
1418464,393609,2787380,3180989,7.081596203338846
1418499,393609,2787473,3181082,7.08183247842402
1418528,393622,2787530,3181152,7.081743398488905
1418694,393636,2787930,3181566,7.082507697466695
1418751,393683,2788060,3181743,7.081992364415024
1418770,393693,2788092,3181785,7.08189375985857
1418806,393701,2788132,3181833,7.081851455800214
1418822,393701,2788158,3181859,7.081917495764552
1418960,393749,2788300,3182049,7.081414809942374
1419067,393749,2788396,3182145,7.081658620085384
1419397,393874,2788923,3182797,7.080749173593586
1419410,393879,2788933,3182812,7.080684677273985
1419453,393902,2789060,3182962,7.080593650197257
1419655,393902,2789154,3183056,7.080832288234129
1421420,393922,2792678,3186600,7.089418717411061
1421577,393956,2792902,3186858,7.089375463249703
1421590,393956,2792928,3186884,7.0894414604676665
1421639,393956,2793033,3186989,7.089707987694057
1421685,393976,2793102,3187078,7.089523219688509
1421811,394037,2793460,3187497,7.089334250336897
1421892,394073,2793526,3187599,7.088854095560975
1421995,394074,2793896,3187970,7.089775016875003
1422006,394074,2793911,3187985,7.089813080791933
1422030,394078,2793938,3188016,7.0898096315957755
1422053,394078,2793953,3188031,7.089847695126346
1422130,394085,2794094,3188179,7.090079551365822
1422163,394104,2794160,3188264,7.089905202687615
1422191,394107,2794195,3188302,7.089940041663812
1424014,394120,2797897,3192017,7.099099259108901
1426347,394539,2801244,3195783,7.100043341722872
1426369,394546,2801289,3195835,7.100031428527979
1426379,394546,2801315,3195861,7.100097327054386
1426387,394550,2801327,3195877,7.100055759726271
1426414,394565,2801357,3195922,7.099861873202134
1426519,394629,2801529,3196158,7.099146286765544
1426540,394643,2801545,3196188,7.098934986810865
1426550,394647,2801561,3196208,7.0989035771208195
1427418,394650,2802716,3197366,7.101776257443304
1427485,394683,2802796,3197479,7.101385162269467
1427513,394697,2802864,3197561,7.101305558441032
1427657,394710,2803298,3198008,7.10217121430924
1427710,394741,2803522,3198263,7.10218092369427
1428874,394764,2805376,3200140,7.106463608637059
1428910,394778,2805412,3200190,7.106302782829844
1432671,394784,2811510,3206294,7.121641201264489
1432817,394817,2811747,3206564,7.121646231038683
1432828,394824,2811751,3206575,7.121530099487367
1432846,394824,2811801,3206625,7.121656738192208
1432904,394841,2811869,3206710,7.121522334306721
1432966,394841,2811933,3206774,7.121684424869757
1432985,394845,2811972,3206817,7.121711051171979
1433058,394845,2812108,3206953,7.122055490129038
1433201,394849,2812382,3207231,7.1226772766298
1433232,394849,2812402,3207251,7.122727928904467
1433302,394886,2812523,3207409,7.122366961604109
1434246,394899,2814599,3209498,7.12738953504567
1434337,394899,2814819,3209718,7.127946639520485
1434357,394908,2814861,3209769,7.127890546658969
1434583,394998,2815296,3210294,7.127367733507511
1434600,395004,2815315,3210319,7.127307571568895
1434674,395021,2815451,3210472,7.12734512848684
1434731,395021,2815601,3210622,7.127724855134284
1434796,395056,2815654,3210710,7.1272275322992185
1434885,395077,2815729,3210806,7.127038526666953
1434918,395102,2815800,3210902,7.126767265161908
1435028,395102,2815998,3211100,7.1272684015773144
1435072,395130,2816048,3211178,7.126889884341862
1435159,395130,2816267,3211397,7.127444132310885
1435289,395131,2816652,3211783,7.128400454532801
1435316,395139,2816705,3211844,7.128390262667062
1435567,395272,2817131,3212403,7.127069461029367
1435578,395281,2817148,3212429,7.126950194924623
1435597,395292,2817182,3212474,7.126837881869605
1435610,395295,2817199,3212494,7.126826800237797
1435730,395324,2817344,3212668,7.126670781434975
1435739,395324,2817344,3212668,7.126670781434975
1435754,395324,2817351,3212675,7.1266884884297435
1435808,395331,2817458,3212789,7.126832957698738
1435873,395336,2817521,3212857,7.126902179411943
1435879,395340,2817526,3212866,7.126842717660748
1438097,396090,2822852,3218942,7.126794415410639
1438113,396090,2822878,3218968,7.12686005705774
1438184,396102,2823014,3219116,7.126987493120459
1438245,396119,2823110,3219229,7.1269239799151265
1438274,396133,2823151,3219284,7.126775603143389
1438806,396384,2824084,3220468,7.124616533462501
1438836,396400,2824126,3220526,7.124434914228052
1438967,396409,2824860,3221269,7.126124785259669
1438983,396409,2824886,3221295,7.1261903740833334
1439018,396419,2824918,3221337,7.1260913326556
1439037,396434,2824945,3221379,7.125889807635066
1439051,396442,2824960,3221402,7.125783847321928
1439074,396456,2824982,3221438,7.125587707084771
1439130,396473,2825010,3221483,7.1253527982990015
1439184,396507,2825152,3221659,7.125099935183994
1439324,396507,2825517,3222024,7.126020473787348
1439797,396652,2825837,3222489,7.124222240150056
1439815,396666,2825857,3222523,7.124021216842381
1439834,396677,2825876,3222553,7.123871563009703
1440139,396677,2826715,3223392,7.125986633961636
1440160,396677,2826744,3223421,7.126059741300857
1440192,396693,2826795,3223488,7.125900885571462
1440226,396708,2826884,3223592,7.125855793177854
1440343,396731,2827105,3223836,7.125999732816442
1440346,396731,2827118,3223849,7.126032500611245
1440616,396765,2827640,3224405,7.126737489445894
1440673,396817,2827709,3224526,7.125977465683174
1441065,396818,2828228,3225046,7.1272674122645645
1441109,396830,2828378,3225208,7.127429881813371
1441137,396844,2828430,3225274,7.127309471731965
1441170,396844,2828461,3225305,7.127387588069872
1441225,396860,2828564,3225424,7.1273597742276875
1441386,396860,2828951,3225811,7.128334929194175
1441389,396860,2828960,3225820,7.128357607216651
1441532,396917,2829226,3226143,7.12800409153551
1441641,396972,2829522,3226494,7.1277621595477765
1441683,396997,2829629,3226626,7.127582828081824
1441782,397038,2829757,3226795,7.127169187835925
1441820,397044,2829800,3226844,7.127169784708999
1441828,397044,2829800,3226844,7.127169784708999
1441839,397056,2829815,3226871,7.126992162314636
1441895,397072,2829881,3226953,7.126871197163235
1441944,397082,2829978,3227060,7.126935998106185
1442060,397166,2830335,3227501,7.126327530553975
1442094,397167,2830374,3227541,7.126407783123976
1442116,397169,2830378,3227547,7.126381968381218
1442131,397169,2830406,3227575,7.1264524673375815
1442242,397169,2830670,3227839,7.127117171783296
1442317,397169,2830767,3227936,7.127361400310699
1442326,397169,2830778,3227947,7.127389096329271
1442390,397169,2830918,3228087,7.127741591111088
1442423,397174,2830934,3228108,7.127692145004456
1442861,397359,2831481,3228840,7.125750266132138
1442871,397367,2831493,3228860,7.125637005589292
1442884,397374,2831526,3228900,7.1255945280768245
1442905,397386,2831583,3228969,7.125522791442074
1442935,397394,2831639,3229033,7.12552026452337
1442936,397394,2831641,3229035,7.125525297311988
1442967,397413,2831692,3229105,7.125312961579012
1442980,397420,2831717,3229137,7.125250364853303
1443019,397438,2831809,3229247,7.125159144319365
1443032,397447,2831849,3229296,7.1250984407983955
1443135,397447,2831986,3229433,7.1254431408464525
1443145,397451,2832003,3229454,7.1254142020022595
1443245,397486,2832188,3229674,7.125252210140735
1443276,397494,2832248,3229742,7.125259752348463
1443303,397510,2832297,3229807,7.1250962239943645
1443485,397510,2832841,3230351,7.126464743025332
1443529,397521,2832922,3230443,7.12647130591843
1443771,397521,2833095,3230616,7.126906503052669
1443929,397521,2833597,3231118,7.128169329419075
1443968,397525,2833677,3231202,7.128298849128986
1444643,397819,2834519,3232338,7.125147366013187
1444729,397885,2834628,3232513,7.1242394159116325
1444738,397889,2834643,3232532,7.124205494497209
1444847,397923,2834763,3232686,7.12389834214157
1444864,397930,2834796,3232726,7.123855954564873
1444886,397935,2834817,3232752,7.123819216706246
1444951,397944,2834913,3232857,7.123899342621073
1445218,397944,2835570,3233514,7.125550328689464
1445242,397960,2835625,3233585,7.125402050457333
1445327,397993,2835822,3233815,7.125306223978813
1445359,398015,2835890,3233905,7.125083225506576
1445369,398015,2835916,3233931,7.1251485496777756
1445378,398018,2835926,3233944,7.125119969448618
1445643,398045,2836641,3234686,7.126432940999133
1445673,398053,2836697,3234750,7.126430399971863
1445700,398055,2836712,3234767,7.1264322769466535
1445805,398107,2836903,3235010,7.125981206057668
1445871,398127,2837020,3235147,7.125917106852839
1445924,398140,2837085,3235225,7.125847691766715
1445963,398167,2837133,3235300,7.125485035173684
1445974,398167,2837145,3235312,7.1255151732815625
1446030,398168,2837150,3235318,7.125509835044504
1446049,398171,2837167,3235338,7.125498843461728
1446050,398171,2837169,3235340,7.125503866429248
1446054,398176,2837180,3235356,7.125442015591095
1446126,398176,2837367,3235543,7.125911657156634
1446151,398192,2837412,3235604,7.125738337284526
1446208,398192,2837491,3235683,7.125936734037851
1446245,398192,2837526,3235718,7.126024631333628
1446384,398279,2837824,3236103,7.1252162428850125
1446417,398294,2837847,3236141,7.125005649093383
1446518,398332,2838159,3236491,7.125109205386462
1446521,398332,2838168,3236500,7.12513179960435
1446843,398450,2838875,3237325,7.124796084828711
1446941,398479,2839105,3237584,7.124854760225759
1446970,398496,2839140,3237636,7.124638641291255
1447110,398603,2839531,3238134,7.1237070468611625
1447177,398603,2839683,3238286,7.124088378662479
1447199,398605,2839690,3238295,7.12407019480438
1447232,398622,2839738,3238360,7.123886789991521
1447429,398640,2840099,3238739,7.124470700381297
1448131,398674,2840894,3239568,7.125857216673272
1448242,398674,2841130,3239804,7.126449179028479
1448395,398694,2841401,3240095,7.1267714086492395
1448757,398832,2841849,3240681,7.1254287519557105
1448789,398839,2841919,3240758,7.125479203387833
1448896,398894,2842088,3240982,7.124920404919603
1448954,398926,2842186,3241112,7.124594536330046
1448978,398926,2842218,3241144,7.124674751708337
1448997,398941,2842240,3241181,7.124462013179894
1451608,399829,2847376,3247205,7.121484434595789
1451641,399838,2847389,3247227,7.121356649443024
1451686,399872,2847451,3247323,7.1209061899807935
1451759,399872,2847587,3247459,7.121246298815621
1451771,399885,2847607,3247492,7.121064806131763
1451894,399894,2848071,3247965,7.122064847184504
1452016,399930,2848179,3248109,7.121693796414372
1452043,399946,2848219,3248165,7.121508903702
1452161,399946,2848396,3248342,7.121951463447566
1452189,399946,2848434,3248380,7.122046476274297
1452667,400375,2850186,3250561,7.118791133312519
1452849,400375,2850460,3250835,7.119475491726506
1452963,400430,2850652,3251082,7.1189770996179105
1453435,400442,2851646,3252088,7.121246023144425
1453450,400449,2851676,3252125,7.121196456977043
1453546,400522,2852019,3252541,7.120754914836139
1453637,400556,2852287,3252843,7.120819560810474
1453653,400558,2852304,3252862,7.120826447106286
1453674,400571,2852360,3252931,7.120735150572558
1453696,400571,2852412,3252983,7.120864965262088
1453740,400593,2852483,3253076,7.120651134692818
1453752,400593,2852506,3253099,7.120708549575255
1453759,400595,2852513,3253108,7.120690472921529
1453783,400624,2852573,3253197,7.120324793322417
1453783,400624,2852573,3253197,7.120324793322417
1453855,400673,2852697,3253370,7.119763497914758
1453994,400741,2852981,3253722,7.119264063322695
1454007,400747,2852991,3253738,7.119182426817917
1454069,400755,2853099,3253854,7.119309802747314
1454237,400804,2853306,3254110,7.118955898643726
1454463,400857,2853823,3254680,7.119304390343689
1454476,400860,2853852,3254712,7.119323454572669
1454660,400982,2854224,3255206,7.118085101076856
1455139,401179,2854735,3255914,7.11586349235628
1455184,401203,2854783,3255986,7.115557460936234
1455243,401218,2854947,3256165,7.115700192912581
1455299,401233,2854980,3256213,7.115516420633398
1455495,401325,2855214,3256539,7.1144683236778175
1455544,401340,2855304,3256644,7.1144266706533115
1455580,401340,2855329,3256669,7.114488961977376
1455636,401340,2855521,3256861,7.11496735934619
1455712,401375,2855807,3257182,7.115059483027094
1455723,401375,2855825,3257200,7.115104328869511
1455789,401375,2855922,3257297,7.115345998131423
1456036,401375,2856743,3258118,7.117391466832762
1456440,401388,2857464,3258852,7.118957218451972
1456505,401388,2857585,3258973,7.119258672406748
1456527,401388,2857624,3259012,7.119355835251676
1456997,401388,2859070,3260458,7.12295833457901
1457022,401401,2859083,3260484,7.122760032984472
1457051,401408,2859136,3260544,7.122767857142857
1457062,401415,2859173,3260588,7.12273582202957
1457530,401634,2859973,3261607,7.1208438528610625
1457578,401634,2860077,3261711,7.1211027950820895
1457696,401695,2860340,3262035,7.120676134878453
1458166,401700,2861143,3262843,7.122586507343789
1458184,401705,2861241,3262946,7.122741813021994
1458222,401723,2861278,3263001,7.122514767638398
1458244,401729,2861311,3263040,7.122490534663915
1458267,401737,2861399,3263136,7.122567749547589
1458270,401737,2861406,3263143,7.122585173882416
1458343,401772,2861468,3263240,7.122119012773414
1458357,401775,2861489,3263264,7.1221181009271355
1458441,401796,2861654,3263450,7.122156517237603
1458571,401873,2861781,3263654,7.1211079122011185
1458596,401881,2861823,3263704,7.121070665196911
1458686,401888,2862082,3263970,7.121591090054941
1458757,401888,2862209,3264097,7.121907098495103
1458795,401914,2862259,3264173,7.12157078379952
1458863,401917,2862431,3264348,7.121945575827845
1458892,401947,2862669,3264616,7.1220061351372195
1458903,401956,2862686,3264642,7.121888962971071
1458921,401956,2862706,3264662,7.121938719660858
1458937,401956,2862732,3264688,7.122003403357581
1458973,401980,2862786,3264766,7.121712523011095
1458994,401996,2862821,3264817,7.121516134488901
1458998,401996,2862827,3264823,7.121531060010548
1459005,401997,2862831,3264828,7.121523294949962
1459044,402008,2863045,3265053,7.121860758989871
1459738,402057,2863157,3265214,7.121271362020808
1459784,402094,2863224,3265318,7.120782702552139
1459814,402106,2863248,3265354,7.120629883662517
1459830,402106,2863274,3265380,7.120694543229894
1459888,402128,2863372,3265500,7.12054868101699
1459919,402151,2863409,3265560,7.1202334446513875
1459942,402161,2863465,3265626,7.1201956430384845
1460087,402269,2863780,3266049,7.119067091921078
1460130,402296,2863857,3266153,7.118780698788951
1460225,402362,2863977,3266339,7.117911234162272
1460243,402362,2864020,3266382,7.118018103101187
1461320,402362,2865717,3268079,7.122235698202116
1461347,402369,2865751,3268120,7.122196292457918
1461749,402401,2866485,3268886,7.123453967559723
1461764,402409,2866498,3268907,7.123344656804395
1461801,402431,2866576,3269007,7.123149061578258
1461838,402443,2866594,3269037,7.12298139115353
1461857,402457,2866636,3269093,7.1228379677828935
1461987,402501,2866821,3269322,7.122518950263478
1462139,402546,2867020,3269566,7.122217088233395
1462168,402548,2867035,3269583,7.1222189651917285
1462344,402548,2867756,3270304,7.124010055943639
1462389,402565,2867850,3270415,7.123942717325153
1462561,402565,2867850,3270415,7.123942717325153
1462673,402652,2868042,3270694,7.122880303587217
1462699,402664,2868080,3270744,7.122762402400016
1462711,402668,2868089,3270757,7.12271399763577
1462712,402668,2868091,3270759,7.12271896450674
1462985,402733,2868425,3271158,7.122398710808402
1462992,402733,2868425,3271158,7.122398710808402
1463028,402740,2868498,3271238,7.122456175199881
1463031,402743,2868511,3271254,7.122435399249645
1463108,402771,2868633,3271404,7.122243160505597
1463128,402786,2868662,3271448,7.122049922291241
1463188,402829,2868787,3271616,7.121599984112366
1463853,402835,2870077,3272912,7.124696215572133
1463879,402845,2870127,3272972,7.124643473296181
1463973,402892,2870378,3273270,7.124435332545695
1464351,403089,2871021,3274110,7.122548618295215
1464372,403091,2871021,3274112,7.122513278639315
1464767,403142,2871450,3274592,7.122676377058208
1464790,403157,2871501,3274658,7.122537869862113
1464944,403278,2871905,3275183,7.1214026056467254
1464949,403283,2871918,3275201,7.121346548205603
1465040,403283,2872138,3275421,7.1218920708286735
1465203,403292,2873065,3276357,7.124031718953017
1465228,403300,2873093,3276393,7.123959831391024
1465283,403300,2873232,3276532,7.124304487974213
1465327,403321,2873328,3276649,7.124171565576798
1465490,403330,2874257,3277587,7.126315919966281
1465773,403498,2874706,3278204,7.124461583452706
1465857,403542,2874950,3278492,7.1242894172106
1465959,403578,2875101,3278679,7.124028068923479
1466022,403606,2875265,3278871,7.123940179283757
1466030,403609,2875269,3278878,7.123897138071747
1466051,403622,2875301,3278923,7.1237469711760015
1466067,403633,2875316,3278949,7.12358999388058
1466269,403725,2875528,3279253,7.122491795157595
1466479,403759,2875623,3279382,7.122127308617269
1466522,403783,2875689,3279472,7.121867438698509
1466694,403783,2876065,3279848,7.122798631938442
1466770,403791,2876225,3280016,7.123053758008474
1466948,403932,2876848,3280780,7.1221096620223205
1466962,403944,2876870,3280814,7.121952547877924
1466996,403944,2876902,3280846,7.122031766779553
1467061,403984,2877011,3280995,7.12159639985742
1467380,403984,2877597,3281581,7.1230469523545485
1467784,403988,2878561,3282549,7.125362634533699
1467785,403988,2878563,3282551,7.125367585175797
1467795,403992,2878581,3282573,7.125341590922592
1467807,404000,2878607,3282607,7.125264851485149
1467902,404021,2878679,3282700,7.125072706616735
1467905,404021,2878688,3282709,7.1250949826865435
1467919,404024,2878718,3282742,7.125116329722987
1467942,404035,2878743,3282778,7.124984221663965
1468009,404093,2878839,3282932,7.124199132377942
1468121,404173,2878987,3283160,7.123155183547639
1468173,404188,2879060,3283248,7.123071442002237
1468218,404216,2879174,3283390,7.122860055020088
1468238,404237,2879218,3283455,7.122598871454122
1468275,404248,2879268,3283516,7.122528744730957
1468334,404248,2879360,3283608,7.122756327798777
1468355,404253,2879368,3283621,7.12268801963127
1468358,404253,2879377,3283630,7.122710282916886
1468380,404267,2879424,3283691,7.122579879139281
1468391,404270,2879443,3283713,7.122574022311821
1468399,404270,2879451,3283721,7.122593811066861
1468637,404375,2879659,3284034,7.1212587326120556
1468846,404434,2879972,3284406,7.1209937839054085
1468999,404450,2880278,3284728,7.121468661144765
1469045,404473,2880366,3284839,7.121281272173915
1469118,404482,2880727,3285209,7.122015318357801
1469144,404498,2880761,3285259,7.121817660408704
1469160,404503,2880774,3285277,7.121761766909022
1469250,404539,2880865,3285404,7.121352947429049
1469274,404546,2880904,3285450,7.121326128549041
1469279,404548,2880907,3285455,7.121298337898098
1469770,404619,2881330,3285949,7.1210941651281825
1469788,404619,2881350,3285969,7.121143594344309
1470118,404725,2881613,3286338,7.119928346408055
1470699,405005,2882499,3287504,7.117193614893643
1470812,405042,2882618,3287660,7.116837266258807
1470837,405048,2882660,3287708,7.116835535541466
1470884,405067,2882711,3287778,7.116627619628358
1471446,405410,2883810,3289220,7.113317382402999
1471480,405435,2883877,3289312,7.113044014453611
1471633,405435,2884369,3289804,7.114257525867278
1471691,405448,2884397,3289845,7.114098478719836
1471792,405496,2884582,3290078,7.113712589026772
1471891,405543,2884700,3290243,7.11317912033989
1472044,405543,2885192,3290735,7.1143923085838
1472074,405548,2885200,3290748,7.114324321658596
1472131,405548,2885245,3290793,7.114435282629923
1472196,405579,2885432,3291011,7.114352567563903
1472242,405586,2885521,3291107,7.114449216688939
1472252,405586,2885537,3291123,7.11448866578235
1472517,405658,2885786,3291444,7.113839736921249
1472573,405667,2885895,3291562,7.113950604806405
1472625,405702,2885994,3291696,7.11358090421048
1472646,405702,2886042,3291744,7.113699217652366
1472661,405702,2886073,3291775,7.113775628416917
1472682,405716,2886103,3291819,7.1136040974474755
1472715,405751,2886185,3291936,7.113192573770613
1472737,405753,2886192,3291945,7.113174763957383
1472747,405757,2886202,3291959,7.113129286740586
1472843,405757,2886351,3292108,7.113496501600712
1472870,405758,2886407,3292165,7.113616983522198
1472889,405758,2886434,3292192,7.113683525648293
1472893,405759,2886437,3292196,7.113673387404839
1472927,405781,2886483,3292264,7.113401071021068
1472942,405785,2886515,3292300,7.113409810613995
1472956,405794,2886552,3292346,7.113343223408922
1472972,405804,2886570,3292374,7.11321228967679
1473016,405814,2886668,3292482,7.113278497045444
1473132,405843,2886922,3292765,7.113396066951998
1473139,405846,2886930,3292776,7.113363196877633
1473153,405846,2886956,3292802,7.113427260586528
1473182,405852,2886976,3292828,7.11337137675803
1473592,405852,2887831,3293683,7.115478056040133
1473618,405867,2887862,3293729,7.11529146247416
1473642,405872,2887891,3293763,7.115275259195017
1473669,405872,2887922,3293794,7.115351637954824
1473724,405907,2888131,3294038,7.115253001303254
1473793,405968,2888248,3294216,7.1144720766168765
1473829,405988,2888281,3294269,7.114202882843828
1473906,406043,2888426,3294469,7.113596343244435
1474164,406053,2889133,3295186,7.1151623063984255
1474181,406057,2889167,3295224,7.115175948204316
1474217,406057,2889209,3295266,7.115279381958691
1474295,406073,2889298,3295371,7.115218199683309
1474328,406086,2889335,3295421,7.115081534453293
1474852,406096,2890587,3296683,7.117989342421496
1474888,406099,2890618,3296717,7.118013095328972
1474908,406100,2890658,3296758,7.118094065501108
1474965,406115,2890780,3296895,7.118131563719636
1474998,406123,2890822,3296945,7.118094764394038
1475047,406145,2890897,3297042,7.11789385564269
1475049,406145,2890902,3297047,7.117906166516884
1475071,406150,2890916,3297066,7.117853009971685
1475072,406150,2890918,3297068,7.1178579342607415
1475538,406470,2891580,3298050,7.1138829433906565
1475563,406479,2891618,3298097,7.113818918074489
1475638,406508,2891767,3298275,7.113677959597351
1475645,406519,2891774,3298293,7.113502689911173
1475663,406532,2891808,3298340,7.1133588499798295
1475997,406613,2892751,3299364,7.114260980342488
1476039,406617,2892778,3299395,7.114257397009963
1476056,406619,2892806,3299425,7.114291265287653
1476060,406619,2892808,3299427,7.114296183896965
1476155,406623,2892885,3299508,7.114415564294199
1476170,406626,2892913,3299539,7.114431934996778
1476203,406634,2892965,3299599,7.114419846840156
1476211,406634,2892965,3299599,7.114419846840156
1476340,406637,2893264,3299901,7.115102659128412
1476471,406697,2893493,3300190,7.114616040934652
1476485,406703,2893506,3300209,7.114543044924675
1476566,406703,2893550,3300253,7.114651231980093
1476883,406862,2894002,3300864,7.11298179726787
1476934,406862,2894002,3300864,7.11298179726787
1476955,406862,2894031,3300893,7.113053074506835
1476965,406862,2894047,3300909,7.113092399880058
1477005,406877,2894106,3300983,7.112975174315579
1477118,406877,2894226,3301103,7.113270103741425
1477145,406877,2894280,3301157,7.1134028219830565
1477178,406896,2894370,3301266,7.11329184853132
1477193,406899,2894393,3301292,7.113295928473651
1477227,406902,2894424,3301326,7.113319669109515
1477290,406916,2894509,3301425,7.113283822705423
1477309,406916,2894524,3301440,7.113320685350294
1477409,406940,2894640,3301580,7.113186219098639
1477566,407003,2894941,3301944,7.112824721193701
1477684,407097,2895244,3302341,7.111926641562085
1477699,407097,2895254,3302351,7.111951205732295
1477728,407097,2895284,3302381,7.112024898242925
1477837,407172,2895422,3302594,7.1110538052714825
1477866,407179,2895444,3302623,7.1109855861918225
1478317,407480,2896466,3303946,7.108240895258663
1478397,407547,2896654,3304201,7.107533609620486
1478411,407554,2896680,3304234,7.107475328422737
1478652,407607,2896836,3304443,7.106933884844961
1478712,407625,2896887,3304512,7.106745170193192
1478745,407634,2897007,3304641,7.106882644725416
1478755,407634,2897023,3304657,7.106921895622053
1478847,407634,2897078,3304712,7.1070568205792455
1478969,407696,2897213,3304909,7.106307150425807
1479011,407717,2897283,3305000,7.106112818450052
1479316,407719,2898191,3305910,7.108304984560445
1480048,407752,2899122,3306874,7.11001294904746
1480118,407762,2899295,3307057,7.110262849407253
1480167,407770,2899366,3307136,7.1102974716139
1480196,407772,2899381,3307153,7.110299382988533
1480226,407784,2899425,3307209,7.110198046024366
1480271,407791,2899530,3307321,7.110333479650115
1480303,407797,2899639,3307436,7.110496153723544
1480327,407805,2899660,3307465,7.11040816076311
1480338,407812,2899679,3307491,7.110332702323619
1480437,407870,2899944,3307814,7.109971314389389
1480453,407870,2899970,3307840,7.110035060190747
1480490,407875,2900067,3307942,7.110185718663806
1480522,407882,2900099,3307981,7.110142148954845
1480617,407882,2900380,3308262,7.110831073692882
1480646,407882,2900427,3308309,7.110946303097465
1480698,407882,2900467,3308349,7.111044370675833
1480712,407885,2900490,3308375,7.111048457285754
1480785,407901,2900586,3308487,7.111004876183191
1480787,407901,2900588,3308489,7.111009779333711
1480830,407905,2900667,3308572,7.111133719861242
1480883,407905,2900835,3308740,7.11154558046604
1480907,407916,2900863,3308779,7.11142244972004
1480987,407956,2901137,3309093,7.1113968173038264
1481174,408026,2901271,3309297,7.1105052129030994
1481233,408028,2901355,3309383,7.110676228101993
1481247,408032,2901371,3309403,7.110645733667948
1481286,408039,2901426,3309465,7.1106585399925
1481319,408055,2901622,3309677,7.110860055629756
1481326,408058,2901625,3309683,7.110815129221827
1481489,408058,2902043,3310101,7.111839493405349
1481672,408140,2902454,3310594,7.111417650806096
1481742,408140,2902555,3310695,7.11166511491155
1482010,408172,2902984,3311156,7.112158599805964
1482061,408199,2903105,3311304,7.111984595748642
1482088,408210,2903138,3311348,7.111873790450994
1482319,408210,2903388,3311598,7.112486220327773
1482335,408210,2903454,3311664,7.112647901815242
1482349,408218,2903473,3311691,7.112555056366941
1482398,408257,2903552,3311809,7.112069113328125
1484572,408379,2907143,3315522,7.118737741166906
1484634,408379,2907207,3315586,7.118894458334047
1484703,408379,2907291,3315670,7.11910014961592
1484730,408390,2907335,3315725,7.119016136536154
1484742,408397,2907353,3315750,7.118938190045471
1484795,408422,2907375,3315797,7.118556297163228
1484816,408432,2907400,3315832,7.118443216985937
1484977,408432,2907737,3316169,7.119268323735652
1485257,408432,2908495,3316927,7.121124201825518
1485354,408487,2908686,3317173,7.1206329699598765
1485355,408487,2908686,3317173,7.1206329699598765
1485801,408768,2909474,3318242,7.117665766400501
1485851,408768,2909581,3318349,7.117927528573666
1485980,408768,2909964,3318732,7.118864490371066
1486002,408782,2909996,3318778,7.118698964240108
1486059,408794,2910110,3318904,7.118768866470643
1486088,408794,2910182,3318976,7.118944994300308
1486108,408794,2910206,3319000,7.119003703576863
1486335,408835,2910422,3319257,7.118818105103526
1486364,408835,2910461,3319296,7.1189134981104845
1486374,408839,2910491,3319330,7.118917226585526
1486436,408865,2910653,3319518,7.11886074865787
1486629,408878,2910902,3319780,7.119243392894702
1486800,408924,2911300,3320224,7.119415832770882
1487294,408924,2912381,3321305,7.122059355772711
1487325,408941,2912412,3321353,7.121839091702715
1487440,409016,2912659,3321675,7.121137070432453
1487442,409016,2912664,3321680,7.121149294893109
1487461,409016,2912691,3321707,7.121215306980656
1487745,409016,2913013,3322029,7.122002562246954
1487755,409016,2913039,3322055,7.122066129442369
1487900,409062,2913205,3322267,7.12167104253145
1487939,409071,2913266,3322337,7.121663476511412
1487970,409093,2913321,3322414,7.121414934990332
1487990,409093,2913348,3322441,7.121480934653
1488387,409097,2913381,3322478,7.121491968897352
1488706,409318,2913944,3323262,7.1190223738022755
1488844,409357,2914269,3323626,7.119138062864444
1488878,409359,2914308,3323667,7.1191985518823335
1488892,409362,2914342,3323704,7.119229435072136
1488979,409379,2914423,3323802,7.119131660392936
1488994,409379,2914448,3323827,7.119192728498531
1489022,409399,2914520,3323919,7.119020808551071
1489042,409408,2914547,3323955,7.118930260278256
1489092,409438,2914622,3324060,7.11859182586863
1489105,409442,2914629,3324071,7.118539377982718
1489123,409453,2914645,3324098,7.1183872141613325
1489383,409457,2915362,3324819,7.120068774010457
1489428,409481,2915429,3324910,7.119815082995304
1489475,409481,2915533,3325014,7.1200690630334496
1489488,409488,2915556,3325044,7.120003516586567
1489503,409498,2915598,3325096,7.119932209681122
1489508,409500,2915605,3325105,7.11991452991453
1489528,409506,2915655,3325161,7.119932308684122
1489566,409506,2915703,3325209,7.120049523083911
1489571,409506,2915725,3325231,7.120103246350481
1490630,409521,2917035,3326556,7.123041309236889
1490689,409523,2917078,3326601,7.123111522429753
1490898,409595,2917367,3326962,7.122564972716952
1490961,409615,2917405,3327020,7.122309973999975
1490962,409615,2917407,3327022,7.122314856633668
1491027,409624,2917719,3327343,7.1229200437474365
1491074,409625,2917806,3327431,7.123115044247788
1491090,409634,2917833,3327467,7.123024455977776
1491371,409779,2918433,3328212,7.12196818284978
1492593,410200,2920322,3330522,7.1192637737688935
1492604,410202,2920345,3330547,7.119285132690723
1492631,410210,2920432,3330642,7.119358377416445
1492690,410239,2920531,3330770,7.1190964291547125
1492737,410253,2920553,3330806,7.11890711341538
1492758,410262,2920593,3330855,7.118848443189962
1492789,410270,2920654,3330924,7.1188583128183875
1493238,410270,2921195,3331465,7.1201769566383115
1493260,410277,2921216,3331493,7.120106659647019
1494859,410277,2923209,3333486,7.124964353351516
1494862,410277,2923218,3333495,7.124986289750583
1494872,410277,2923234,3333511,7.125025287793369
1495932,410781,2925225,3336006,7.1211302372797185
1496050,410781,2925402,3336183,7.121561123810498
1496239,410785,2925821,3336606,7.122511776233309
1496311,410804,2925931,3336735,7.122450122199394
1496328,410807,2925964,3336771,7.122478438780255
1496520,410817,2926039,3336856,7.122487628311389
1496530,410817,2926054,3336871,7.122524140919193
1496582,410832,2926127,3336959,7.122441776687308
1496583,410833,2926132,3336965,7.122436610496235
1497010,411077,2926777,3337854,7.119778046448719
1497060,411096,2926877,3337973,7.119692237336292
1497083,411106,2926910,3338016,7.1195993247483615
1497094,411106,2926920,3338026,7.1196236493751
1497286,411188,2927403,3338591,7.1193784838078935
1497624,411188,2928178,3339366,7.121263266437737
1497642,411192,2928198,3339390,7.121242631179595
1497663,411196,2928241,3339437,7.12127793071917
1497723,411207,2928336,3339543,7.1213184600456705
1497747,411211,2928344,3339555,7.121268643105364
1497752,411213,2928352,3339565,7.121253462317583
1497801,411213,2928368,3339581,7.12129237159331
1497817,411219,2928386,3339605,7.121232238782741
1497830,411224,2928414,3339638,7.121213742388576
1497870,411246,2928512,3339758,7.121071086405704
1497913,411254,2928599,3339853,7.121144110452422
1497935,411256,2928603,3339859,7.121119205555663
1497938,411259,2928609,3339868,7.12108184866471
1497971,411268,2928662,3339930,7.1210548839199745
1498890,411549,2929717,3341266,7.118756211289543
1498974,411583,2929814,3341397,7.118403821343447
1499064,411593,2930036,3341629,7.11877024147641
1499108,411608,2930097,3341705,7.118659015373851
1499248,411624,2930242,3341866,7.118734573299904
1499390,411624,2930494,3342118,7.119346782500535
1499532,411677,2930747,3342424,7.119044785110657
1499534,411677,2930757,3342434,7.119069075998902
1499556,411691,2930798,3342489,7.118926573570955
1499664,411747,2930986,3342733,7.118414948985664
1499858,411747,2931480,3343227,7.11961471486131
1499923,411754,2931518,3343272,7.119585966377983
1500125,411849,2932107,3343956,7.119373848182222
1500641,411852,2933333,3345185,7.122298786942882
1500699,411868,2933434,3345302,7.122267328367341
1500730,411882,2933448,3345330,7.122059230556324
1500819,411884,2933709,3345593,7.122658321274922
1500863,411887,2933825,3345712,7.122888073670691
1501308,411951,2934420,3346371,7.123225820546619
1501330,411967,2934446,3346413,7.123012280109815
1501457,412063,2934648,3346711,7.121843019149984
1501602,412063,2934984,3347047,7.122658428444194
1501643,412090,2935124,3347214,7.122531485840471
1501669,412098,2935172,3347270,7.122509694296017
1501742,412130,2935262,3347392,7.1221750418557255
1502021,412176,2936014,3348190,7.123204650440589
1502136,412206,2936204,3348410,7.123147164281937
1502392,412222,2936852,3349074,7.124442654686067
1502438,412235,2936930,3349165,7.124407194925225
1502467,412243,2936974,3349217,7.124375671630568
1502476,412253,2936983,3349236,7.124224687267285
1502506,412261,2936999,3349260,7.124125250751344
1502530,412272,2937043,3349315,7.124041894671479
1502618,412334,2937207,3349541,7.123368434327511
1502620,412337,2937212,3349549,7.123328733535918
1502889,412347,2937725,3350072,7.124400080514712
1502926,412367,2937763,3350130,7.124146694570613
1502933,412370,2937774,3350144,7.1241215413342385
1503031,412418,2937895,3350313,7.123585779476162
1503033,412418,2937900,3350318,7.123597903098313
1503193,412418,2938176,3350594,7.124267127041012
1503232,412434,2938227,3350661,7.124114403759147
1503236,412439,2938242,3350681,7.124064407100201
1503248,412445,2938256,3350701,7.123994714446774
1503515,412484,2939006,3351490,7.1251393993463985
1503565,412484,2939110,3351594,7.125391530338146
1503751,412484,2939447,3351931,7.126208531724867
1503792,412513,2939514,3352027,7.125869972582683
1503843,412556,2939568,3352124,7.125258146772802
1503874,412575,2939607,3352182,7.125024540992547
1505437,412591,2941435,3354026,7.129178775106583
1505733,412725,2942130,3354855,7.128548064691986
1505798,412778,2942238,3355016,7.127894412977436
1505806,412780,2942247,3355027,7.127881680313969
1505837,412784,2942264,3355048,7.127853792782666
1505889,412814,2942389,3355203,7.127638597528184
1505891,412814,2942391,3355205,7.127643442325115
1505924,412814,2942455,3355269,7.127798475826886
1505973,412819,2942556,3355375,7.127956804313755
1505990,412830,2942579,3355409,7.127822590412518
1505997,412841,2942594,3355435,7.127669005743131
1506006,412841,2942614,3355455,7.127717450543914
1506113,412875,2942765,3355640,7.127496215561611
1506324,413029,2943152,3356181,7.125775671926184
1506372,413048,2943239,3356287,7.1256585191067385
1506415,413048,2943288,3356336,7.125777149386996
1506432,413054,2943317,3356371,7.125743849472466
1506522,413074,2943492,3356566,7.12582249185376
1506531,413080,2943499,3356579,7.125735934927859
1506760,413080,2944054,3357134,7.127079500338917
1506881,413080,2944268,3357348,7.1275975597947125
1507128,413115,2944722,3357837,7.128092661849606
1507199,413115,2944849,3357964,7.128400082301538
1507220,413122,2944911,3358033,7.128429374373671
1507239,413130,2944945,3358075,7.128373635417423
1507310,413142,2945105,3358247,7.128553862836506
1507348,413161,2945174,3358335,7.1283930477465205
1507447,413251,2945409,3358660,7.127409250068361
1507461,413260,2945424,3358684,7.127290325702948
1507472,413260,2945434,3358694,7.1273145235444995
1507535,413274,2945549,3358823,7.127351345596384
1507798,413313,2945733,3359046,7.127123995615913
1507831,413313,2945782,3359095,7.127242549835113
1507997,413342,2946111,3359453,7.1275384548388505
1508071,413359,2946164,3359523,7.127373542126819
1508123,413379,2946337,3359716,7.127447209461535
1508392,413379,2946853,3360232,7.128695458646908
1508417,413383,2946897,3360280,7.128732918383195
1508431,413389,2946925,3360314,7.128697183524477
1508642,413489,2947471,3360960,7.12829361845176
1508672,413507,2947513,3361020,7.128084893363353
1508731,413528,2947624,3361152,7.127991333114082
1509430,413741,2948622,3362363,7.1267338745737066
1509571,413741,2949041,3362782,7.127746585424215
1509650,413773,2949157,3362930,7.127475693194095
1509696,413804,2949240,3363044,7.12714231858561
1510012,413811,2950018,3363829,7.128901841662015
1510036,413826,2950054,3363880,7.128730432597275
1510186,413889,2950344,3364233,7.128346005813153
1510223,413916,2950417,3364333,7.12805738362373
1510352,413967,2950557,3364524,7.127517410808108
1510518,413967,2950873,3364840,7.128280756678673
1510527,413971,2950879,3364850,7.128226373344993
1510538,413981,2950893,3364874,7.128088004038832
1511060,414253,2951724,3365977,7.125413696460859
1511092,414271,2951784,3366055,7.125248931255144
1511104,414279,2951809,3366088,7.125171683816944
1511120,414285,2951830,3366115,7.125119181239968
1511157,414313,2951894,3366207,7.124792125759993
1511167,414316,2951916,3366232,7.124793635775592
1511191,414326,2951969,3366295,7.124749593315409
1511217,414349,2952032,3366381,7.12450615302559
1511232,414356,2952052,3366408,7.1244340615316295
1511514,414356,2952379,3366735,7.12522323798859
1511525,414356,2952389,3366745,7.125247371825194
1511549,414380,2952452,3366832,7.124986727158647
1511568,414383,2952490,3366873,7.125026847143826
1511810,414554,2953055,3367609,7.1234507446557025
1511830,414563,2953082,3367645,7.12336122615863
1511857,414565,2953113,3367678,7.123401637861373
1511919,414575,2953155,3367730,7.123331122233613
1512032,414606,2953283,3367889,7.123107239162
1512230,414606,2953518,3368124,7.123674042343816
1512477,414606,2954339,3368945,7.125654235587522
1512514,414615,2954408,3369023,7.125665979281984
1512534,414639,2954444,3369083,7.125340356309946
1512789,414639,2955036,3369675,7.126768104302779
1512790,414639,2955038,3369677,7.126772927775728
1512806,414653,2955063,3369716,7.126592596701339
1512863,414680,2955148,3369828,7.126333558406482
1513008,414680,2955484,3370164,7.127143821742066
1513317,414683,2955927,3370610,7.128160546730876
1513352,414686,2956012,3370698,7.12831395320797
1513475,414764,2956277,3371041,7.127612328938866
1513642,414784,2956564,3371348,7.127960577071439
1513650,414784,2956591,3371375,7.1280256711927175
1513690,414784,2956691,3371475,7.128266760530782
1513704,414784,2956717,3371501,7.1283294437586795
1513713,414786,2956732,3371518,7.128331235866206
1513740,414789,2956788,3371577,7.1284146879497765
1513922,414789,2957194,3371983,7.129393498863277
1514196,414798,2958877,3373675,7.133296206828384
1514399,414905,2959096,3374001,7.131984430170762
1514484,414933,2959270,3374203,7.131922503151111
1514498,414938,2959305,3374243,7.13192091348587
1514518,414945,2959329,3374274,7.131858439070238
1514567,414983,2959463,3374446,7.131528279471689
1514605,414995,2959571,3374566,7.131582308220581
1514638,415010,2959593,3374603,7.131377557167297
1514719,415046,2959759,3374805,7.1311589558747706
1514742,415059,2959814,3374873,7.131068113208002
1514795,415062,2959897,3374959,7.131216541143251
1514885,415094,2960121,3375215,7.13120642553253
1514925,415129,2960175,3375304,7.130735265423519
1514992,415136,2960266,3375402,7.1308342326370155
1515031,415158,2960297,3375455,7.130531026741626
1515048,415175,2960384,3375559,7.130448606009514
1515073,415193,2960433,3375626,7.130257494707281
1515139,415226,2960546,3375772,7.129962959930255
1515145,415227,2960565,3375792,7.1299915467924775
1515218,415227,2960565,3375792,7.1299915467924775
1515244,415227,2960591,3375818,7.1300541631444965
1515247,415227,2960600,3375827,7.13007583803558
1515259,415227,2960621,3375848,7.1301264127814425
1515277,415236,2960645,3375881,7.130029669874481
1515314,415244,2960706,3375950,7.130039205864504
1515356,415255,2960725,3375980,7.129896087945961
1515385,415265,2960749,3376014,7.129782187278003
1515404,415279,2960802,3376081,7.129669451140077
1515424,415279,2960839,3376118,7.129758547867819
1515433,415288,2960861,3376149,7.129657009111749
1515487,415308,2960969,3376277,7.129573713966502
1515502,415316,2960987,3376303,7.129479721465101
1516105,415415,2961419,3376834,7.128820577013348
1516149,415418,2961535,3376953,7.129048332041462
1516176,415423,2961543,3376966,7.128981784831365
1516221,415431,2961604,3377035,7.1289913367081414
1516228,415434,2961616,3377050,7.128968741123741
1516270,415434,2961665,3377099,7.129086690063885
1516312,415442,2961727,3377169,7.129098646742506
1516337,415456,2961776,3377232,7.128976353693291
1516350,415463,2961790,3377253,7.1288899372507295
1516379,415473,2961828,3377301,7.128809814356168
1516442,415500,2961917,3377417,7.128560770156438
1516454,415503,2961933,3377436,7.128547808319073
1516490,415512,2961992,3377504,7.128535397292978
1516507,415525,2962016,3377541,7.1283701341676196
1516682,415542,2962138,3377680,7.128372101977658
1516736,415562,2962228,3377790,7.128245604747306
1516771,415571,2962368,3377939,7.128428114570074
1516926,415672,2962519,3378191,7.127059315999153
1517115,415676,2963050,3378726,7.128268170401948
1517383,415742,2963522,3379264,7.12827186091374
1517430,415777,2963643,3379420,7.127962826226559
1517962,415777,2964308,3380085,7.129562241297618
1518199,415853,2964566,3380419,7.128879676231746
1518229,415857,2964589,3380446,7.1288664132141575
1518296,415857,2964662,3380519,7.129041954325646
1518316,415865,2964687,3380552,7.128964928522477
1518499,415903,2964789,3380692,7.12855882261008
1518777,415903,2965458,3381361,7.130167370757124
1519053,416004,2966154,3382158,7.130109325871866
1519069,416004,2966180,3382184,7.130171825270911
1519104,416004,2966246,3382250,7.130330477591562
1519171,416053,2966384,3382437,7.129822402434305
1520768,416114,2969474,3385588,7.136203059738437
1520787,416125,2969503,3385628,7.1360841093421445
1520835,416125,2969576,3385701,7.136259537398618
1521305,416125,2970370,3386495,7.1381676179032745
1521369,416143,2970449,3386592,7.1380486996056645
1521438,416143,2970449,3386592,7.1380486996056645
1521491,416177,2970532,3386709,7.137664983889066
1521541,416196,2970562,3386758,7.137411219713789
1521589,416215,2970653,3386868,7.137304037576733
1522005,416215,2971308,3387523,7.138877743473926
1522038,416230,2971348,3387578,7.138716574970569
1522086,416231,2971366,3387597,7.138742669335056
1522208,416297,2971536,3387833,7.138019250679203
1522234,416297,2971591,3387888,7.138151367893595
1522270,416297,2971663,3387960,7.138324321337891
1522738,416669,2973050,3389719,7.135280042431762
1522790,416669,2973108,3389777,7.135419241652246
1522802,416673,2973125,3389798,7.135391542048561
1522848,416708,2973207,3389915,7.134989009090298
1522851,416708,2973216,3389924,7.135010606947791
1522878,416719,2973269,3389988,7.134949450349036
1522980,416761,2973455,3390216,7.134676709193038
1523015,416761,2973604,3390365,7.135034228250724
1523245,416851,2973854,3390705,7.134093477045755
1523353,416852,2974014,3390866,7.134460192106551
1523383,416852,2974069,3390921,7.134592133419055
1523412,416864,2974115,3390979,7.1344971021724115
1523558,416956,2974535,3391491,7.133930198869905
1524015,417103,2974931,3392034,7.132365386966768
1524026,417105,2974961,3392066,7.132403111926253
1524085,417147,2975096,3392243,7.132008620462331
1524086,417147,2975098,3392245,7.132013414935263
1524101,417156,2975141,3392297,7.131962623095437
1524479,417335,2975647,3392982,7.130116093785568
1524582,417335,2975784,3393119,7.130444367234955
1526897,417475,2978674,3396149,7.134975747050722
1526999,417479,2978721,3396200,7.135019965076087
1527021,417479,2978754,3396233,7.135099010968216
1527033,417486,2978770,3396256,7.135017701192376
1527118,417550,2978945,3396495,7.134343192432044
1527141,417562,2978994,3396556,7.134255511756338
1527180,417565,2979031,3396596,7.134292864583957
1527193,417567,2979056,3396623,7.1343185644459455
1527242,417571,2979084,3396655,7.134317277780306
1527307,417592,2979150,3396742,7.134116553956972
1527308,417594,2979154,3396748,7.134091964922868
1527411,417672,2979340,3397012,7.133205002968837
1527485,417706,2979454,3397160,7.132897300972454
1527501,417706,2979480,3397186,7.132959545709183
1527557,417743,2979595,3397338,7.132603059775986
1527642,417835,2979769,3397604,7.131449016956454
1528071,417986,2980535,3398521,7.130705334628432
1528100,418003,2980573,3398576,7.130506240385834
1528140,418008,2980586,3398594,7.130452048764617
1528157,418017,2980613,3398630,7.130363119203286
1528162,418017,2980624,3398641,7.130389433922544
1528179,418017,2980663,3398680,7.130482731563549
1528253,418019,2980844,3398863,7.130881610644492
1528291,418032,2980904,3398936,7.130803383473036
1528427,418128,2981206,3399334,7.129888455209888
1528647,418252,2981585,3399837,7.128680795310005
1528670,418252,2981614,3399866,7.12875013149967
1528728,418252,2981711,3399963,7.128982049099586
1528783,418292,2981782,3400074,7.128470063974448
1528794,418295,2981806,3400101,7.128476314562689
1528934,418295,2982171,3400466,7.129348904481287
1528983,418322,2982230,3400552,7.129029790448506
1529711,418322,2983852,3402174,7.132907186330147
1529879,418322,2984205,3402527,7.133751033892552
1529909,418333,2984260,3402593,7.133694927246954
1529932,418348,2984280,3402628,7.133486953445457
1530042,418348,2984684,3403032,7.134452656639927
1530049,418356,2984695,3403051,7.1343425216801
1530064,418356,2984751,3403107,7.134476378969108
1530131,418385,2984858,3403243,7.134237604120607
1530151,418398,2984909,3403307,7.134137830486761
1530185,418413,2984957,3403370,7.133996792642676
1530249,418446,2985076,3403522,7.1337185682262465
1530270,418447,2985112,3403559,7.133787552545484
1530289,418447,2985127,3403574,7.133823399379133
1530391,418454,2985323,3403777,7.134172453841999
1530399,418457,2985335,3403792,7.134149984347257
1530465,418457,2985430,3403887,7.134377008868294
1530499,418479,2985476,3403955,7.134111867023196
1530504,418479,2985480,3403959,7.134121425447872
1530515,418479,2985495,3403974,7.134157269540407
1530534,418479,2985531,3404010,7.1342432953624915
1530644,418499,2985682,3404181,7.134263164308637
1530692,418506,2985792,3404298,7.134406675173116
1530695,418508,2985793,3404301,7.134374970131993
1530702,418508,2985798,3404306,7.134386917334914
1530730,418509,2985849,3404358,7.134491731360616
1530832,418541,2985914,3404455,7.134101557553501
1530926,418611,2986089,3404700,7.133326644545891
1530933,418611,2986109,3404720,7.13337442159905
1531013,418622,2986165,3404787,7.133320752373263
1531037,418627,2986176,3404803,7.133261829743423
1531088,418638,2986247,3404885,7.133243996006096
1531150,418680,2986352,3405032,7.132779210853157
1531159,418682,2986372,3405054,7.132792907266135
1531170,418682,2986372,3405054,7.132792907266135
1531232,418720,2986497,3405217,7.132444115399312
1531244,418731,2986554,3405285,7.132392872751241
1531280,418741,2986577,3405318,7.132277469844128
1531304,418755,2986609,3405364,7.132115437427613
1531449,418759,2987168,3405927,7.133382207904785
1531498,418790,2987259,3406049,7.13307146780009
1531712,418790,2987568,3406358,7.133809307767616
1531875,418790,2987838,3406628,7.134454022302347
1531914,418794,2987889,3406683,7.134507657702833
1531934,418800,2987910,3406710,7.13445558739255
1531969,418800,2987944,3406744,7.134536771728749
1532157,418922,2988472,3407394,7.133719403612128
1532209,418927,2988551,3407478,7.133822837869127
1532346,418935,2988599,3407534,7.1338011863415565
1532563,419031,2988958,3407989,7.133023571048443
1532608,419051,2989082,3408133,7.132979040737285
1532625,419056,2989089,3408145,7.1329106372418005
1532629,419057,2989095,3408152,7.132907933765574
1532669,419069,2989154,3408223,7.1328444719127395
1532690,419074,2989221,3408295,7.132919245765664
1532720,419074,2989282,3408356,7.1330648047838805
1532784,419109,2989397,3408506,7.132743510638044
1532848,419122,2989457,3408579,7.132665429159052
1532851,419122,2989466,3408588,7.1326869026202395
1532878,419132,2989493,3408625,7.132581143887845
1533962,419630,2991105,3410735,7.127957962967376
1533978,419635,2991118,3410753,7.127904011819796
1534081,419707,2991284,3410991,7.127076746396892
1534395,419707,2992112,3411819,7.1290495512345515
1534503,419707,2992305,3412012,7.129509395840431
1534561,419732,2992332,3412064,7.129149076077116
1534598,419757,2992408,3412165,7.128905533439585
1534601,419757,2992417,3412174,7.12892697441615
1535784,419919,2994316,3414235,7.130699015762564
1535834,419919,2994423,3414342,7.130953826809456
1535897,419946,2994497,3414443,7.13067156253423
1535930,419951,2994526,3414477,7.130655719357734
1535935,419958,2994529,3414487,7.130544006781631
1535955,419958,2994560,3414518,7.130617823687131
1535981,419983,2994617,3414600,7.130329084748668
1535999,419993,2994636,3414629,7.130204551028231
1536084,420050,2994859,3414909,7.129767884775622
1536192,420050,2995052,3415102,7.1302273538864425
1536425,420140,2995227,3415367,7.129116484981196
1536434,420142,2995252,3415394,7.129142051972904
1536456,420144,2995259,3415403,7.129124776267185
1536478,420160,2995284,3415444,7.128912795125666
1536663,420267,2995662,3415929,7.127997201778869
1536684,420267,2995691,3415958,7.128066205531246
1536748,420276,2995827,3416103,7.12823715843874
1536765,420277,2995853,3416130,7.128282061592712
1536780,420286,2995891,3416177,7.128219831257763
1536805,420293,2995960,3416253,7.128265281601169
1537118,420302,2996546,3416848,7.129506878387446
1537152,420302,2996622,3416924,7.1296877007485095
1537172,420302,2996652,3416954,7.129759077996298
1537675,420302,2998384,3418686,7.133879924435287
1537955,420391,2998731,3419122,7.133195049370705
1538767,420404,3000425,3420829,7.137003929553477
1538942,420470,3000644,3421114,7.136404499726496
1539014,420486,3000718,3421204,7.136308937752981
1539162,420521,3000969,3421490,7.136311860763196
1539231,420547,3001081,3421628,7.1361369835000605
1539234,420548,3001084,3421632,7.1361271483873425
1539273,420567,3001148,3421715,7.135956934329132
1539373,420567,3001489,3422056,7.13676774449731
1539401,420573,3001532,3422105,7.1367681710428394
1539424,420578,3001604,3422182,7.136854519256833
1539445,420608,3001681,3422289,7.1365285491479
1539580,420628,3001986,3422614,7.136914328099889
1539590,420628,3002002,3422630,7.136952366461577
1539614,420628,3002034,3422662,7.137028443184952
1539931,420628,3003104,3423732,7.139572258622821
1539933,420628,3003109,3423737,7.139584145610849
1539974,420635,3003197,3423832,7.139674539684049
1540017,420652,3003222,3423874,7.139445432328861
1540020,420652,3003222,3423874,7.139445432328861
1540065,420652,3003359,3424011,7.139771117218033
1540073,420657,3003363,3424020,7.139695761630022
1540103,420679,3003439,3424118,7.139503041511461
1540211,420686,3003547,3424233,7.1396409673723396
1540594,420752,3004464,3425216,7.1407004601285315
1540656,420767,3004497,3425264,7.140524328191137
1540678,420769,3004501,3425270,7.140499894241258
1540704,420792,3004575,3425367,7.140285461700793
1540737,420804,3004626,3425430,7.1402030398950584
1540770,420814,3004666,3425480,7.140128417780777
1540850,420858,3004797,3425655,7.139693198180859
1541057,420872,3005167,3426039,7.140334828641487
1541061,420872,3005169,3426041,7.140339580680112
1541063,420874,3005181,3426055,7.14033416176813
1541073,420878,3005191,3426069,7.140290060302511
1541802,420878,3006028,3426906,7.142278760115758
1541808,420878,3006035,3426913,7.142295392013838
1541845,420888,3006112,3427000,7.1423086426792874
1541888,420899,3006179,3427078,7.142281164840021
1541935,420919,3006224,3427143,7.142048707708609
1541946,420919,3006234,3427153,7.142072465248658
1541962,420919,3006260,3427179,7.1421342348527865
1542040,420933,3006413,3427346,7.142260169670708
1542066,420940,3006441,3427381,7.142207915617428
1542159,420940,3006593,3427533,7.142569012210767
1542285,421056,3006827,3427883,7.141156995744034
1542285,421056,3006827,3427883,7.141156995744034
1542305,421061,3006849,3427910,7.141124445151653
1542356,421075,3006955,3428030,7.141138752003799
1542472,421169,3007160,3428329,7.140031673746169
1542510,421174,3007220,3428394,7.140089369239317
1542824,421334,3007807,3429141,7.138771141184903
1542841,421340,3007825,3429165,7.138712203920824
1542874,421347,3007873,3429220,7.138707526100815
1542961,421414,3008070,3429484,7.138040027146701
1543304,421437,3008629,3430066,7.138976881479319
1543344,421455,3008684,3430139,7.138802481878255
1543432,421455,3008914,3430369,7.139348210366468
1543485,421469,3008978,3430447,7.139262911388501
1543537,421504,3009127,3430631,7.139023591709687
1543596,421564,3009319,3430883,7.138462961732976
1543707,421564,3009534,3431098,7.138972967331176
1551935,421564,3034219,3455783,7.197528726361834
1552090,421710,3034599,3456309,7.1959379668492565
1552100,421710,3034635,3456345,7.196023333570463
1552154,421734,3034725,3456459,7.195827227588954
1552185,421743,3034787,3456530,7.195820677521619
1552625,421928,3035792,3457720,7.1950474962552855
1552644,421928,3035812,3457740,7.195094897707666
1552925,421928,3036173,3458101,7.195950493923134
1553329,422058,3037599,3459657,7.1971127191049575
1553351,422075,3037650,3459725,7.196943671148492
1553450,422075,3037819,3459894,7.197344073920512
1553558,422096,3037918,3460014,7.197220537508055
1553567,422102,3037948,3460050,7.197189304954726
1553860,422183,3038253,3460436,7.196530888264094
1553894,422183,3038326,3460509,7.19670379906344
1553914,422191,3038347,3460538,7.196617170901322
1553930,422191,3038362,3460553,7.196652699844384
1553954,422195,3038379,3460574,7.1966247823872855
1553982,422195,3038426,3460621,7.196736105354161
1554008,422207,3038464,3460671,7.196621562408961
1554055,422207,3038558,3460765,7.196844202014652
1554126,422228,3038721,3460949,7.1968723059579185
1554163,422249,3038769,3461018,7.196628055957504
1554344,422304,3038947,3461251,7.196112279305903
1554444,422321,3039274,3461595,7.196596901409118
1554471,422321,3039324,3461645,7.196715294763935
1554567,422321,3039473,3461794,7.197068106961292
1554649,422353,3039585,3461938,7.196787994876324
1555096,422467,3040510,3462977,7.197035508098858
1555125,422476,3040527,3463003,7.196922428729679
1555231,422562,3040838,3463400,7.196193694653092
1555344,422604,3040932,3463536,7.1957009398869864
1555389,422604,3041027,3463631,7.195925736623411
1556729,423053,3042332,3465385,7.191373184920093
1556876,423075,3042437,3465512,7.191247414760976
1557852,423075,3044007,3467082,7.19495834071973
1557871,423087,3044050,3467137,7.194855904341187
1557885,423095,3044093,3467188,7.194821493990712
1557894,423101,3044098,3467199,7.194731281656153
1557999,423127,3044347,3467474,7.194877660844144
1558008,423137,3044362,3467499,7.194743073756254
1558020,423137,3044371,3467508,7.194764343463228
1558126,423177,3044516,3467693,7.194426918287147
1558181,423206,3044610,3467816,7.194156037485291
1558226,423232,3044725,3467957,7.193985804476032
1558489,423232,3045216,3468448,7.195145924693785
1558582,423308,3045358,3468666,7.194189573549283
1558912,423572,3046045,3469617,7.191327566505812
1559107,423572,3046515,3470087,7.19243717715052
1559162,423594,3046604,3470198,7.19227373381115
1559214,423604,3046671,3470275,7.192262112727925
1559223,423607,3046688,3470295,7.19225130840614
1559294,423643,3046858,3470501,7.192041412226804
1559328,423656,3046889,3470545,7.191893895046925
1559407,423656,3047046,3470702,7.192264478728025
1559437,423672,3047067,3470739,7.192042429048887
1559482,423693,3047118,3470811,7.191806331471136
1559646,423706,3047198,3470904,7.191774485138279
1559686,423707,3047354,3471061,7.1921256906305535
1559695,423707,3047354,3471061,7.1921256906305535
1559864,423827,3047845,3471672,7.191247844049577
1560277,423972,3048803,3472775,7.1910479937354355
1560573,424023,3049491,3473514,7.191805633184992
1560577,424023,3049511,3473534,7.1918528004377125
1561512,424156,3050798,3474954,7.19263195616707
1561593,424170,3050933,3475103,7.192712827404107
1561645,424171,3051017,3475188,7.19289390363792
1561678,424180,3051071,3475251,7.192868593521618
1561703,424180,3051098,3475278,7.192932245744731
1561716,424180,3051114,3475294,7.19296996558065
1561756,424180,3051214,3475394,7.193205714555142
1562020,424252,3051740,3475992,7.193224781497789
1562164,424252,3051990,3476242,7.193814053911354
1562176,424256,3052005,3476261,7.193781584703575
1562214,424298,3052089,3476387,7.19326746767602
1562226,424310,3052110,3476420,7.19311352548844
1562293,424317,3052166,3476483,7.193126836775336
1562315,424333,3052197,3476530,7.19292866687248
1562398,424343,3052324,3476667,7.1930584456442075
1562438,424367,3052377,3476744,7.192776535404497
1562656,424395,3052949,3477344,7.193649783809894
1562747,424428,3053109,3477537,7.193467443241256
1562768,424436,3053138,3477574,7.193400182830863
1562809,424443,3053195,3477638,7.193415841467523
1562838,424455,3053252,3477707,7.193346762318738
1562886,424455,3053395,3477850,7.193683664935034
1562907,424459,3053412,3477871,7.193655924364897
1562915,424461,3053430,3477891,7.193664435601858
1563095,424564,3053634,3478198,7.192399732431388
1563192,424564,3053703,3478267,7.192562252098623
1563224,424586,3053743,3478329,7.192283777609248
1563340,424592,3054023,3478615,7.192841598522818
1563351,424597,3054041,3478638,7.19279928967939
1563432,424619,3054111,3478730,7.192591476123301
1565284,424620,3058153,3482773,7.20209363666337
1565894,424948,3058926,3483874,7.19835368092096
1565904,424948,3058942,3483890,7.198391332586575
1566212,424948,3059664,3484612,7.200090363997477
1566533,424948,3060281,3485229,7.201542306352778
1566584,424981,3060442,3485423,7.2013619432398155
1566601,424981,3060446,3485427,7.201371355425302
1566621,424981,3060467,3485448,7.201420769399102
1566634,424986,3060508,3485494,7.201432517777056
1566654,424992,3060534,3485526,7.201392026202846
1566669,424992,3060541,3485533,7.201408497101122
1566693,424999,3060559,3485558,7.2013322384287966
1566781,424999,3060679,3485678,7.201614592034335
1567226,425101,3061158,3486259,7.201013406225814
1567249,425101,3061186,3486287,7.201079272925728
1567334,425151,3061306,3486457,7.2005146406806055
1567342,425151,3061322,3486473,7.200552274368401
1567392,425183,3061401,3486584,7.200196150833876
1567442,425183,3061485,3486668,7.20039371282483
1567677,425183,3062199,3487382,7.202072989747943
1567725,425183,3062399,3487582,7.202543375440692
1567767,425183,3062463,3487646,7.202693898862372
1567783,425195,3062506,3487701,7.202591752019662
1567814,425195,3062555,3487750,7.202706993261915
1567866,425195,3062682,3487877,7.20300567974694
1568022,425234,3062876,3488110,7.202801281176952
1568070,425238,3063056,3488294,7.203156820415861
1568075,425240,3063068,3488308,7.203151161696924
1568096,425250,3063129,3488379,7.203125220458554
1568183,425260,3063291,3488551,7.203336782203828
1568233,425304,3063413,3488717,7.202878411677294
1568239,425307,3063431,3488738,7.202869926899863
1568294,425307,3063515,3488822,7.203067431290809
1568305,425311,3063538,3488849,7.203053765362288
1568339,425311,3063538,3488849,7.203053765362288
1568426,425369,3063680,3489049,7.202405440923058
1568459,425403,3063741,3489144,7.201973187777237
1568496,425415,3063800,3489215,7.201908724422035
1568551,425427,3063887,3489314,7.201910080930453
1568594,425433,3063923,3489356,7.201893130058082
1569651,425433,3065242,3490675,7.2049935007392465
1569681,425433,3065303,3490736,7.205136884068701
1569686,425433,3065308,3490741,7.205148636800624
1569913,425481,3065535,3491016,7.204869312613254
1569922,425483,3065560,3491043,7.204894202588587
1569927,425485,3065567,3491052,7.20487678766584
1569998,425523,3065691,3491214,7.204524784794241
1570026,425523,3065786,3491309,7.2047480394714265
1570066,425544,3065825,3491369,7.204484142650348
1570115,425569,3065895,3491464,7.204225401756237
1570126,425572,3065907,3491479,7.204202814094912
1570151,425585,3065957,3491542,7.204100238495248
1570219,425631,3066121,3491752,7.203706966832773
1570273,425668,3066189,3491857,7.203240553670936
1571039,425668,3067084,3492752,7.205343131266621
1571122,425714,3067227,3492941,7.204900473087566
1571157,425730,3067268,3492998,7.204726000046978
1571427,425739,3067770,3493509,7.205752820389957
1571432,425740,3067773,3493513,7.205742941701508
1571527,425807,3068016,3493823,7.205179811510849
1571556,425817,3068097,3493914,7.205200825706818
1571574,425823,3068114,3493937,7.205139224513472
1571590,425823,3068139,3493962,7.205197934353006
1571804,425865,3068258,3494123,7.204766768811712
1571869,425865,3068379,3494244,7.205050896410834
1571960,425885,3068807,3494692,7.20571750589948
1572147,425894,3069900,3495794,7.208131600820861
1572173,425904,3069972,3495876,7.208131409895188
1572193,425915,3069998,3495913,7.208006292335325
1572438,425969,3070958,3496927,7.209346220030096
1572708,426002,3071515,3497517,7.210095257768743
1572878,426119,3071705,3497824,7.208561458184216
1572894,426125,3071718,3497843,7.208490466412438
1573191,426269,3072190,3498459,7.207162613279408
1573502,426441,3072594,3499035,7.205203064433298
1573504,426441,3072599,3499040,7.205214789384698
1573510,426441,3072610,3499051,7.205240584277778
1573696,426550,3072889,3499439,7.204053452115813
1573747,426577,3073006,3499583,7.2038717511727075
1574237,426766,3073631,3500397,7.202145906656106
1574253,426774,3073667,3500441,7.202095254162625
1574366,426808,3073820,3500628,7.201880002249255
1574447,426808,3073864,3500672,7.20198309310041
1574505,426814,3073954,3500768,7.2020927148594005
1574508,426814,3073963,3500777,7.202113801327979
1574578,426842,3074108,3500950,7.201981060907783
1575031,427037,3075109,3502146,7.201036444148867
1575172,427104,3075409,3502513,7.200609219300217
1575212,427120,3075539,3502659,7.20064384716239
1575249,427144,3075631,3502775,7.200454647612983
1575287,427170,3075701,3502871,7.200180256104127
1575318,427193,3075792,3502985,7.200005618069585
1575425,427256,3075936,3503192,7.199280993128242
1575466,427282,3075986,3503268,7.198959937465187
1575472,427282,3076034,3503316,7.199072275452745
1575501,427287,3076075,3503362,7.199083988045506
1575608,427322,3076207,3503529,7.198803244391817
1575643,427322,3076241,3503563,7.1988828096845
1575705,427331,3076276,3503607,7.198813098043437
1575849,427331,3076526,3503857,7.199398124638746
1576049,427490,3076827,3504317,7.197424501157922
1576205,427572,3077183,3504755,7.196876783325381
1576215,427575,3077195,3504770,7.1968543530374784
1576260,427622,3077297,3504919,7.196301874085057
1576278,427631,3077331,3504962,7.196229927203594
1576308,427654,3077366,3505020,7.195924742899634
1576337,427663,3077385,3505048,7.195817734992272
1576401,427663,3077560,3505223,7.196226935694694
1576408,427667,3077568,3505235,7.196178335012989
1576474,427696,3077650,3505346,7.195882121880962
1576495,427707,3077708,3505415,7.195832661144195
1576595,427749,3077804,3505553,7.195350544361296
1576613,427749,3077835,3505584,7.19542301676918
1576732,427821,3078027,3505848,7.194660851150364
1576767,427821,3078087,3505908,7.194801096720357
1577253,428030,3079156,3507186,7.193785482326005
1577480,428097,3079800,3507897,7.1941639394810055
1577501,428097,3079832,3507929,7.194238688895274
1577507,428099,3079839,3507938,7.194221430089769
1577540,428122,3079889,3508011,7.193951724041278
1577561,428128,3079939,3508067,7.1939676919052244
1577571,428128,3079949,3508077,7.193991049405785
1577717,428196,3080338,3508534,7.193757064521854
1577902,428281,3080774,3509055,7.193347358393204
1578029,428311,3080879,3509190,7.193088666879907
1578251,428406,3081341,3509747,7.192571999458457
1578279,428418,3081380,3509798,7.192461567907977
1578296,428432,3081400,3509832,7.192273219554095
1578297,428433,3081406,3509839,7.192270436684383
1578401,428455,3081490,3509945,7.1920971864023056
1578531,428456,3081875,3510331,7.192978975670781
1578575,428456,3081914,3510370,7.193070000186717
1578620,428478,3081978,3510456,7.192850041309005
1578647,428497,3082011,3510508,7.192608116276193
1578700,428522,3082120,3510642,7.1924428617433875
1578727,428553,3082175,3510728,7.192050924856436
1578974,428558,3082658,3511216,7.1930940502802425
1579123,428696,3082939,3511635,7.191434023177263
1579166,428698,3083044,3511742,7.191645400724986
1581217,429618,3085384,3515002,7.181691642342733
1581255,429618,3085420,3515038,7.1817754377144345
1581270,429618,3085446,3515064,7.181835956593997
1581285,429618,3085465,3515083,7.1818801819290625
1581329,429636,3085498,3515134,7.181656099581971
1581366,429674,3085598,3515272,7.181253694661534
1581800,429682,3086356,3516038,7.182884086370851
1581890,429689,3086615,3516304,7.183369832599857
1582113,429751,3086871,3516622,7.1829291845743235
1582140,429759,3086897,3516656,7.182855972766132
1582147,429759,3086902,3516661,7.182867607193799
1582344,429759,3087366,3517125,7.183947282081353
1582649,429907,3087936,3517843,7.182800000930434
1582705,429915,3087998,3517913,7.182810555574939
1582727,429923,3088031,3517954,7.182753655887217
1582730,429923,3088040,3517963,7.182774589868418
1583018,429923,3088607,3518530,7.184093430684099
1583051,429957,3088664,3518621,7.183657900673788
1583118,429977,3088761,3518738,7.183549352639792
1583139,429977,3088790,3518767,7.183616798107805
1583163,429985,3088816,3518801,7.183543611986464
1583178,429985,3088842,3518827,7.183604079212065
1583690,430102,3090062,3520164,7.184486470651148
1583696,430102,3090110,3520212,7.184598072085226
1584124,430222,3090560,3520782,7.183640074194253
1585179,430222,3093266,3523488,7.189929850170377
1585191,430235,3093294,3523529,7.189777679640197
1585238,430244,3093499,3523743,7.190103755078513
1585269,430255,3093581,3523836,7.190110515856875
1585373,430330,3093778,3524108,7.189315176724839
1585394,430343,3093835,3524178,7.1892304510588065
1585441,430360,3093868,3524228,7.189023143414816
1585444,430361,3093871,3524232,7.189013409672345
1585777,430408,3094723,3525131,7.190207895764019
1585821,430425,3094815,3525240,7.190137654643666
1586200,430630,3095549,3526179,7.1884192926642365
1586220,430639,3095576,3526215,7.188331758154742
1586332,430709,3095776,3526485,7.187627841535701
1586333,430710,3095784,3526494,7.187629727658981
1586383,430727,3095878,3526605,7.187564280855391
1586889,430920,3096375,3527295,7.185498468393205
1586920,430939,3096434,3527373,7.1853185717700185
1587089,430974,3096713,3527687,7.185382412860172
1587118,430986,3096747,3527733,7.185261238184071
1587449,430989,3097080,3528069,7.185983865017437
1587468,430989,3097080,3528069,7.185983865017437
1587470,430989,3097085,3528074,7.1859954662415975
1590302,431107,3101222,3532329,7.193624784566245
1590308,431107,3101238,3532345,7.193661898322226
1590378,431133,3101335,3532468,7.193453064367608
1590387,431135,3101360,3532495,7.19347768100479
1590730,431169,3102128,3533297,7.194691640632791
1591032,431169,3102290,3533459,7.1950673633772375
1591117,431169,3102738,3533907,7.1961063991149645
1591181,431180,3102852,3534032,7.196187207198849
1591215,431213,3102929,3534142,7.1958150612342395
1591224,431213,3102955,3534168,7.195875356262451
1591248,431225,3102980,3534205,7.1957330859759985
1591261,431225,3102994,3534219,7.195765551626181
1591473,431265,3103098,3534363,7.195339292546346
1591504,431268,3103115,3534383,7.195328658745838
1591648,431359,3103397,3534756,7.19446447158863
1591703,431362,3103436,3534798,7.194504847436724
1591724,431362,3103438,3534800,7.194509483913743
1591774,431400,3103548,3534948,7.19413073713491
1591805,431401,3103610,3535011,7.194257778725594
1591984,431519,3103941,3535460,7.193057547871589
1592081,431574,3104067,3535641,7.192432815693253
1592090,431574,3104067,3535641,7.192432815693253
1592156,431598,3104181,3535779,7.192296998595916
1592211,431616,3104242,3535858,7.192138382265718
1592249,431645,3104298,3535943,7.191784915845197
1592255,431645,3104311,3535956,7.191815033186994
1592340,431698,3104446,3536144,7.191244805396365
1592385,431733,3104529,3536262,7.190854069529084
1592396,431737,3104542,3536279,7.190817557911414
1592422,431752,3104580,3536332,7.190655746817617
1592455,431756,3104641,3536397,7.190730412547828
1592469,431757,3104649,3536406,7.190732286911388
1592516,431779,3104728,3536507,7.1905488687499854
1592627,431819,3104907,3536726,7.190297323647176
1592640,431819,3104934,3536753,7.190359849844495
1592726,431829,3105403,3537232,7.191279418473516
1592821,431840,3105496,3537336,7.191311596887736
1592874,431844,3105557,3537401,7.191386241327887
1593086,431904,3106000,3537904,7.191412906571831
1593102,431915,3106019,3537934,7.191273745991688
1593139,431923,3106063,3537986,7.191242420524029
1593381,431923,3106647,3538570,7.192594513373912
1593437,431965,3106756,3538721,7.1921475119512
1593453,431970,3106763,3538733,7.192080468551056
1593765,432129,3107183,3539312,7.190406105584212
1593871,432176,3107304,3539480,7.189904113139091
1593898,432188,3107361,3539549,7.189836367506733
1594061,432235,3107468,3539703,7.189302115747221
1594142,432265,3107603,3539868,7.189115473147259
1594190,432276,3107684,3539960,7.189119914128936
1594202,432282,3107699,3539981,7.189054829948969
1594283,432310,3107811,3540121,7.1888482801693225
1594323,432326,3107852,3540178,7.1886770631421655
1594782,432436,3108251,3540687,7.187771138388109
1594787,432437,3108254,3540691,7.187761454269639
1595113,432448,3109065,3541513,7.189453992156283
1595119,432448,3109084,3541532,7.189497928074589
1595296,432448,3109398,3541846,7.19022402693503
1595396,432466,3109519,3541985,7.190204547871971
1595468,432483,3109769,3542252,7.190499973409359
1595544,432499,3109906,3542405,7.190550729597063
1595573,432509,3109969,3542478,7.190530139257218
1595880,432509,3110716,3543225,7.192257270946963
1596054,432606,3111034,3543640,7.1913796849789415
1596094,432628,3111073,3543701,7.19110413565465
1596105,432633,3111092,3543725,7.191064944190573
1596107,432634,3111098,3543732,7.191062191136156
1596186,432665,3111206,3543871,7.19079657471716
1596204,432672,3111284,3543956,7.190860513275645
1596230,432672,3111333,3544005,7.190973763035278
1596265,432672,3111416,3544088,7.19116559426078
1596772,433005,3112214,3545219,7.187478204639669
1596852,433005,3112308,3545313,7.187695292202169
1597320,433005,3113305,3546310,7.189997806029954
1597341,433008,3113328,3546336,7.190001108524553
1598818,433008,3116252,3549260,7.196753870598234
1598863,433008,3116313,3549321,7.196894745593615
1598898,433011,3116397,3549408,7.197038874301115
1598937,433040,3116480,3549520,7.196748568261593
1600659,433229,3133575,3566804,7.2330684233973255
1600674,433230,3133598,3566828,7.233104817302587
1600694,433230,3133629,3566859,7.233176372827367
1600771,433253,3133861,3567114,7.233327870782198
1600772,433253,3133863,3567116,7.233332487022595
1600782,433257,3133897,3567154,7.233344181398108
1600874,433334,3134042,3567376,7.232393488625402
1600985,433334,3134257,3567591,7.232889641708243
1601100,433359,3134384,3567743,7.232765443892939
1601586,433359,3135830,3569189,7.236102169333047
1601628,433375,3135908,3569283,7.236014998557831
1601637,433377,3135924,3569301,7.236018524287168
1602675,433912,3137128,3571040,7.229871494680949
1602729,433915,3137264,3571179,7.230134934261319
1602755,433922,3137309,3571231,7.230122003493715
1602814,433945,3137399,3571344,7.2299461913376115
1602840,433951,3137433,3571384,7.229924576737926
1602845,433951,3137433,3571384,7.229924576737926
1602898,433967,3137539,3571506,7.2299022736751875
1602995,433967,3137770,3571737,7.230434572214016
1603020,433975,3137818,3571793,7.2304118900858345
1603061,433986,3137844,3571830,7.230288534653192
1603123,434013,3137896,3571909,7.229958549628698
1603166,434045,3137998,3572043,7.229660519070603
1603180,434049,3138031,3572080,7.229669922059491
1603467,434053,3151227,3585280,7.260005114582781
1603539,434059,3151644,3585703,7.260865458382386
1603669,434059,3152030,3586089,7.261754738411137
1603732,434083,3152086,3586169,7.2614822510902295
1603850,434083,3152302,3586385,7.261979851779499
1604794,434083,3154391,3588474,7.266792295482661
1605198,434311,3155111,3589422,7.264635249855519
1605242,434331,3155209,3589540,7.264526363533802
1605382,434331,3155574,3589905,7.265366736429129
1605395,434331,3155578,3589909,7.265375945995105
1605405,434331,3155594,3589925,7.26541278425901
1605438,434344,3155667,3590011,7.265363398596504
1605607,434373,3155770,3590143,7.26511546527984
1606148,434373,3157559,3591932,7.269234045394166
1606218,434385,3157642,3592027,7.269224305627496
1606381,434415,3157766,3592181,7.269007746049285
1606399,434415,3157776,3592191,7.269030765512241
1606555,434436,3158112,3592548,7.269452807778361
1606564,434441,3158135,3592576,7.269422084932131
1606603,434464,3158197,3592661,7.269179955071076
1606770,434464,3158490,3592954,7.269854349267143
1606786,434464,3158519,3592983,7.269921098180747
1606813,434488,3158559,3593047,7.269611588812579
1606911,434516,3158630,3593146,7.269306538769573
1606950,434528,3158648,3593176,7.269147212607703
1607020,434528,3158776,3593304,7.26944178510936
1607031,434535,3158789,3593324,7.269354597443244
1607161,434535,3159175,3593710,7.270242903333449
1607195,434535,3159215,3593750,7.270334955757304
1607234,434543,3159329,3593872,7.270463452408622
1607280,434543,3159472,3594015,7.270792533765358
1607291,434545,3159495,3594040,7.2708119987573205
1607411,434571,3159556,3594127,7.270517360799501
1607445,434580,3159598,3594178,7.270463435961158
1607566,434664,3159965,3594629,7.269902729464598
1607569,434664,3159974,3594638,7.269923435113099
1607584,434664,3159974,3594638,7.269923435113099
1607719,434708,3160085,3594793,7.269442936407888
1607728,434710,3160105,3594815,7.269455499068345
1607801,434710,3160227,3594937,7.269736145936371
1607851,434726,3160379,3595105,7.269818230333589
1607862,434736,3160395,3595131,7.26968781053329
1607876,434746,3160439,3595185,7.269621802155742
1607981,434746,3160695,3595441,7.2702106517368765
1608002,434763,3160738,3595501,7.270025278140044
1608055,434784,3160811,3595595,7.269842036505483
1608220,434784,3161172,3595956,7.270672333848531
1608229,434784,3161189,3595973,7.270711433723412
1608250,434784,3161218,3596002,7.270778133509973
1608969,434784,3162598,3597382,7.273952123353205
1609103,434858,3162962,3597820,7.273551366193102
1609133,434874,3163002,3597876,7.2733757364202045
1609142,434876,3163016,3597892,7.273374479161876
1609288,434880,3163211,3598091,7.27375597866078
1609320,434904,3163277,3598181,7.273506337030701
1609431,434904,3163541,3598445,7.2741133675477805
1609452,434918,3163612,3598530,7.274042463176967
1609496,434918,3163669,3598587,7.274173522365135
1609509,434918,3163683,3598601,7.2742057123411765
1609516,434921,3163689,3598610,7.274169331901656
1609548,434935,3163707,3598642,7.27397657121179
1609589,434965,3163790,3598755,7.273665697240008
1609676,434965,3164009,3598974,7.274169186026462
1609677,434965,3164013,3598978,7.27417838216868
1609805,435007,3164118,3599125,7.27371743443209
1609810,435007,3164123,3599130,7.2737289285000015
1610007,435075,3164466,3599541,7.2733804516462675
1610053,435075,3164609,3599684,7.273709130609665
1610213,435172,3165023,3600195,7.27303916612282
1610327,435204,3165321,3600525,7.273189125099953
1610451,435240,3165440,3600680,7.272860950280305
1610467,435240,3165466,3600706,7.272920687436817
1610581,435271,3165808,3601079,7.273188427439457
1610704,435321,3165952,3601273,7.272683835606369
1610843,435429,3166249,3601678,7.271562068672504
1611206,435601,3167128,3602729,7.270708744929419
1611230,435609,3167165,3602774,7.270660156241033
1611257,435618,3167207,3602825,7.270606356945764
1611310,435665,3167317,3602982,7.270074483835057
1611358,435665,3167434,3603099,7.27034303880275
1611384,435680,3167478,3603158,7.270193720161586
1611401,435688,3167531,3603219,7.270181873267108
1611419,435695,3167561,3603256,7.270133923960569
1611461,435695,3167691,3603386,7.270432297823018
1611722,435814,3168050,3603864,7.269270835723496
1611743,435818,3168067,3603885,7.269243124423498
1611860,435878,3168219,3604097,7.268591211302245
1611964,435921,3168332,3604253,7.268133446197821
1613639,435936,3170523,3606459,7.272909326139617
1613748,435946,3171075,3607021,7.27400870750047
1613757,435952,3171097,3607049,7.273959059712996
1613849,436002,3171217,3607219,7.273400122017789
1613908,436065,3171378,3607443,7.272718516734891
1613984,436107,3171558,3607665,7.272430848392711
1614019,436116,3171602,3607718,7.272381659925341
1614049,436121,3171623,3607744,7.272346435966165
1614053,436121,3171629,3607750,7.272360193615992
1614122,436150,3171703,3607853,7.272046314341396
1614149,436154,3171720,3607874,7.272018598935238
1614265,436170,3171850,3608020,7.2720498888048235
1614275,436177,3171869,3608046,7.271976743386285
1614282,436179,3171878,3608057,7.271964033114845
1614286,436179,3171887,3608066,7.271984666845492
1614375,436179,3171972,3608151,7.272179540968272
1614401,436198,3172005,3608203,7.271938431629673
1614425,436198,3172056,3608254,7.272055351010321
1614436,436207,3172069,3608276,7.271935113375072
1614485,436245,3172149,3608394,7.271485060000687
1614531,436256,3172205,3608461,7.2714300777525125
1614540,436258,3172221,3608479,7.271433417839902
1614611,436292,3172289,3608581,7.271022617879769
1614632,436304,3172313,3608617,7.270877644944809
1614647,436311,3172329,3608640,7.270797664968337
1614744,436314,3172397,3608711,7.270903523609144
1615188,436420,3173044,3609464,7.270620044910865
1615216,436435,3173075,3609510,7.2704411882640025
1615227,436442,3173085,3609527,7.270347491762937
1615249,436451,3173115,3609566,7.270266307099766
1615425,436452,3173471,3609923,7.271065317606518
1615485,436489,3173546,3610035,7.27062079456756
1615525,436512,3173626,3610138,7.270420973535664
1615639,436512,3173879,3610391,7.271000568140166
1615699,436532,3173928,3610460,7.270779690835952
1615707,436532,3173946,3610478,7.270820924926466
1615849,436613,3174203,3610816,7.270060671578721
1615873,436632,3174238,3610870,7.269824474614778
1615908,436635,3174323,3610958,7.269969196239422
1615957,436660,3174382,3611042,7.26968808684102
1616383,436660,3175195,3611855,7.27154994732744
1616409,436670,3175237,3611907,7.271479607025901
1616437,436670,3175305,3611975,7.2716353310280075
1616467,436692,3175380,3612072,7.271440740842516
1616476,436696,3175396,3612092,7.271410775459358
1616502,436696,3175419,3612115,7.2714634436770655
1616618,436753,3175650,3612403,7.271043358603146
1616656,436776,3175752,3612528,7.270894005165119
1616661,436778,3175757,3612535,7.270872159312053
1616717,436810,3175857,3612667,7.2705684393672305
1616866,436875,3176162,3613037,7.270184835479256
1616881,436879,3176180,3613059,7.270159472073503
1616888,436883,3176189,3613072,7.2701135086510575
1616911,436899,3176234,3613133,7.269950263104287
1616940,436910,3176273,3613183,7.269856492183745
1616992,436910,3176313,3613223,7.269948044219634
1617023,436921,3176367,3613288,7.269888606864857
1617160,436921,3176565,3613486,7.2703417780330994
1617208,436943,3176677,3613620,7.270232043996585
1617224,436948,3176693,3613641,7.27018546829371
1617244,436959,3176734,3613693,7.27009627905593
1617326,436985,3176916,3613901,7.270080208702816
1617346,436993,3176949,3613942,7.2700226319414725
1617363,436996,3176975,3613971,7.270032219974554
1617383,437007,3176991,3613998,7.269885837068972
1617525,437007,3177175,3614182,7.270306882956108
1617552,437007,3177225,3614232,7.270421297599352
1617742,437116,3177512,3614628,7.269264909085917
1617809,437125,3177837,3614962,7.269858736059479
1617977,437244,3178170,3615414,7.268641765238631
1618154,437350,3178581,3615931,7.267819823939637
1618164,437350,3178596,3615946,7.267854121413056
1618277,437350,3178931,3616281,7.268620098319424
1618284,437353,3178940,3616293,7.268590817943401
1618324,437366,3179009,3616375,7.268532533393085
1618348,437389,3179059,3616448,7.268264633998569
1618363,437397,3179073,3616470,7.268163704826508
1618385,437417,3179113,3616530,7.26792282878809
1618500,437482,3179312,3616794,7.267297854540301
1618520,437482,3179333,3616815,7.26734585651524
1618606,437488,3179507,3616995,7.267643912518744
1618798,437577,3180011,3617588,7.267317523544428
1618852,437595,3180090,3617685,7.267199122476263
1618858,437596,3180107,3617703,7.267221363997843
1618911,437624,3180253,3617877,7.267090013344789
1618940,437633,3180264,3617897,7.2669656995701875
1618943,437634,3180267,3617901,7.266955949492042
1618964,437647,3180302,3617949,7.266820062744632
1618983,437659,3180331,3617990,7.266687078296116
1619261,437803,3180604,3618407,7.264920523614502
1619443,437803,3181148,3618951,7.266163091618833
1619455,437803,3181153,3618956,7.266174512280638
1619484,437803,3181184,3618987,7.266245320383826
1619505,437803,3181221,3619024,7.266329833281179
1619804,437951,3181815,3619766,7.265230585156787
1619944,438005,3181938,3619943,7.2646157007340095
1620044,438046,3182153,3620199,7.2644265670728645
1620915,438046,3182388,3620434,7.264963040411281
1620995,438106,3182605,3620711,7.264463394703565
1620999,438109,3182606,3620715,7.264415933021234
1621077,438109,3182716,3620825,7.264667012090598
1621221,438116,3183173,3621289,7.26559404358663
1621249,438119,3183202,3621321,7.265610484822616
1621262,438124,3183215,3621339,7.2655572395029715
1621270,438124,3183220,3621344,7.265568651797208
1621275,438129,3183225,3621354,7.265497148100217
1621293,438129,3183328,3621457,7.265732238678563
1621320,438133,3183345,3621478,7.265704706105224
1622669,438133,3184320,3622453,7.267930057767847
1622686,438134,3184323,3622457,7.267920316615465
1622697,438137,3184335,3622472,7.2678979405984885
1622727,438144,3184365,3622509,7.267850295793164
1623081,438151,3185222,3623373,7.269690129658497
1623107,438156,3185245,3623401,7.269659664594346
1623192,438188,3185304,3623492,7.26926342117995
1623231,438206,3185375,3623581,7.269126849016216
1623497,438242,3185798,3624040,7.269494936587548
1624259,438242,3187393,3625635,7.273134478210669
1624296,438269,3187449,3625718,7.272814184895577
1624351,438300,3187562,3625862,7.272557608943646
1624541,438390,3187980,3626370,7.272018066105522
1624675,438427,3188212,3626639,7.271933525991784
1624824,438435,3188513,3626948,7.272487369849578
1624932,438458,3188584,3627042,7.272267811284091
1624993,438480,3188738,3627218,7.272254150702427
1625059,438531,3188910,3627441,7.271800625269365
1626286,438531,3190883,3629414,7.27629973707674
1626389,438536,3190892,3629428,7.27623729864823
1626514,438628,3191107,3629735,7.275201309537922
1626544,438642,3191156,3629798,7.275080817614365
1626555,438642,3191166,3629808,7.275103615248882
1626604,438642,3191271,3629913,7.275342990411315
1626633,438650,3191352,3630002,7.2753949618146585
1626899,438653,3191551,3630204,7.275798866074095
1627047,438683,3191650,3630333,7.27552697505944
1627073,438683,3191707,3630390,7.275656909431183
1627112,438696,3191768,3630464,7.275580356328756
1627185,438710,3191884,3630594,7.275612591461329
1627255,438710,3192012,3630722,7.2759043559526795
1627308,438727,3192108,3630835,7.275841240680423
1627348,438742,3192136,3630878,7.27565630826317
1627390,438742,3192136,3630878,7.27565630826317
1627510,438794,3192273,3631067,7.275106314124623
1627853,438794,3192855,3631649,7.276432676836967
1627853,438794,3192855,3631649,7.276432676836967
1627903,438807,3192976,3631783,7.276492854489559
1627925,438814,3193013,3631827,7.276461097412571
1628094,438822,3193286,3632108,7.276950563098477
1628234,438822,3193371,3632193,7.277144263505476
1628311,438859,3193507,3632366,7.276840625348916
1628351,438863,3193602,3632465,7.276990769328925
1628360,438865,3193618,3632483,7.276994064233876
1628400,438878,3193679,3632557,7.2769175032697015
1628421,438890,3193701,3632591,7.276768666408439
1628431,438893,3193716,3632609,7.276753103831686
1628497,438904,3193845,3632749,7.276864644660336
1628540,438909,3193854,3632763,7.2768022528587935
1628597,438909,3193915,3632824,7.27694123383207
1628642,438909,3194014,3632923,7.277166793116568
1628651,438911,3194037,3632948,7.277186035437708
1628849,438924,3194321,3633245,7.277617537432448
1628920,438924,3194501,3633425,7.278027631207225
1628955,438924,3194513,3633437,7.27805497079221
1629012,438948,3194559,3633507,7.277761830558517
1629468,439138,3195069,3634207,7.2757743579467045
1629592,439199,3195270,3634469,7.275221482744724
1629600,439200,3195283,3634483,7.275234517304189
1631276,439200,3197482,3636682,7.2802413479052825
1631314,439203,3197582,3636785,7.2804193049683175
1631393,439210,3197865,3637075,7.280947610482457
1631449,439224,3197969,3637193,7.280952315902592
1631999,439224,3199134,3638358,7.283604721053495
1632006,439224,3199134,3638358,7.283604721053495
1632304,439225,3199532,3638757,7.284494279697194
1632343,439237,3199573,3638810,7.284388610249136
1632411,439270,3199748,3639018,7.28423976142236
1632483,439302,3199812,3639114,7.2838548424546214
1632550,439305,3199848,3639153,7.28388704886127
1632760,439305,3200433,3639738,7.28521869771571
1632774,439313,3200451,3639764,7.285127005119357
1632870,439353,3200623,3639976,7.2848552303045615
1634591,439993,3202519,3642512,7.278568068128356
1634643,440000,3202546,3642546,7.278513636363637
1634689,440018,3202657,3642675,7.278468153575536
1634717,440027,3202694,3642721,7.278403370702252
1634778,440048,3202790,3642838,7.2782741882703705
1634858,440078,3202919,3642997,7.278071160112526
1634976,440137,3203101,3643238,7.277509048319046
1635026,440165,3203204,3643369,7.277280110867515
1635074,440182,3203261,3643443,7.277128551371932
1635093,440182,3203282,3643464,7.277176258911087
1635162,440186,3203362,3643548,7.277291872072261
1635245,440218,3203515,3643733,7.277110431649773
1635426,440292,3203780,3644072,7.276489238959599
1636203,440292,3204918,3645210,7.279073887329318
1636474,440326,3204991,3645317,7.278677616129867
1636489,440329,3205009,3645338,7.278668904387401
1636538,440339,3205077,3645416,7.278658033923863
1636568,440348,3205132,3645480,7.278634171155541
1636584,440350,3205161,3645511,7.278666969456115
1636587,440350,3205170,3645520,7.27868740774384
1636598,440352,3205178,3645530,7.278672516532229
1636630,440361,3205237,3645598,7.2786577376289
1636657,440374,3205292,3645666,7.278567762856118
1636665,440377,3205311,3645688,7.278561323593194
1636784,440482,3205708,3646190,7.277727580241645
1636851,440502,3205750,3646252,7.277492497196381
1636888,440502,3205798,3646300,7.2776014637845
1636889,440502,3205802,3646304,7.277610544333511
1636949,440505,3205810,3646315,7.277579142120975
1636964,440505,3205817,3646322,7.277595032973519
1637057,440529,3205905,3646434,7.277398309759403
1637106,440560,3206015,3646575,7.277135917922644
1637124,440566,3206033,3646599,7.277077668272177
1637197,440597,3206190,3646787,7.276921994475678
1637476,440763,3206594,3647357,7.2750979551368875
1637611,440820,3206691,3647511,7.274377296855859
1637631,440820,3206712,3647532,7.274424935347761
1637641,440826,3206747,3647573,7.274405320920272
1637642,440826,3206752,3647578,7.274416663263963
1637929,440878,3206878,3647756,7.2738444649086595
1637979,440878,3206977,3647855,7.274069016825516
1638005,440912,3207052,3647964,7.273678194288203
1638058,440924,3207119,3648043,7.273632190581597
1639075,441485,3208981,3650466,7.268607087443515
1639147,441503,3209106,3650609,7.268593871389323
1639342,441577,3209464,3651041,7.268186522395868
1639345,441577,3209471,3651048,7.268202374670782
1639379,441614,3209533,3651147,7.267733812786732
1639421,441626,3209595,3651221,7.2676767219321325
1639458,441647,3209739,3651386,7.2676572013395315
1639482,441666,3209765,3651431,7.2674034224957325
1639517,441672,3209811,3651483,7.267408846383741
1639538,441678,3209849,3651527,7.267396157381622
1639605,441718,3209972,3651690,7.267016512797758
1639753,441828,3210231,3652059,7.265793476194356
1639774,441834,3210261,3652095,7.265762707261098
1639811,441852,3210336,3652188,7.265636457456343
1639842,441852,3210367,3652219,7.265706616695183
1639876,441873,3210415,3652288,7.265469942721099
1640029,441873,3210569,3652442,7.265818459150028
1640041,441878,3210587,3652465,7.265776979166195
1640283,441878,3211073,3652951,7.266876830256315
1640330,441878,3211167,3653045,7.267089558656462
1640339,441880,3211190,3653070,7.2671087172988145
1640585,442013,3211445,3653458,7.26549897853683
1640740,442063,3211709,3653772,7.265274406589106
1640775,442080,3211758,3653838,7.265105863192183
1640782,442083,3211774,3653857,7.265092754075592
1640817,442086,3211858,3653944,7.265233461362722
1640823,442086,3211874,3653960,7.265269653415851
1640916,442126,3211941,3654067,7.264763890836549
1641013,442161,3212176,3654337,7.264720316807678
1641072,442182,3212237,3654419,7.264513254723168
1641093,442190,3212272,3654462,7.26446097831249
1641144,442202,3212344,3654546,7.26442666473693
1641170,442204,3212410,3654614,7.2645430615733915
1641222,442238,3212553,3654791,7.264307906602327
1641482,442418,3213121,3655539,7.262636239935988
1641832,442427,3213512,3655939,7.263372262542747
1642307,442427,3215122,3657549,7.267011280957084
1642367,442484,3215181,3657665,7.2662084956744195
1642388,442484,3215210,3657694,7.266274034767359
1642482,442514,3215285,3657799,7.265950907767889
1642517,442518,3215345,3657863,7.2660208172322935
1643543,442518,3216646,3659164,7.268960810633692
1643548,442524,3216659,3659183,7.268891630736412
1643604,442534,3216676,3659210,7.268765789747229
1643632,442547,3216718,3659265,7.2686471719388
1643645,442550,3216725,3659275,7.268613715964298
1644278,442550,3217613,3660163,7.27062026889617
1644303,442562,3217665,3660227,7.27054062481641
1644496,442631,3217775,3660406,7.269655762926682
1644596,442639,3217828,3660467,7.269644111793132
1644605,442647,3217840,3660487,7.269539836483699
1644661,442665,3217933,3660598,7.269454327764788
1644671,442665,3217949,3660614,7.2694904724791884
1644681,442674,3217961,3660635,7.269369784536702
1644694,442674,3217975,3660649,7.269401410518801
1644723,442680,3218013,3660693,7.269388723231228
1644766,442692,3218056,3660748,7.269288805761116
1644830,442728,3218145,3660873,7.268898736921993
1644925,442728,3218248,3660976,7.269131385410455
1645120,442778,3218450,3661228,7.268766740894986
1645154,442791,3218527,3661318,7.2687272324866585
1645229,442855,3218702,3661557,7.2680719422835915
1646282,442855,3220407,3663262,7.271921960912714
1646317,442873,3220458,3663331,7.271741560221553
1646439,442885,3220570,3663455,7.271797419194599
1648280,443627,3224264,3667891,7.267961598369801
1648290,443627,3224264,3667891,7.267961598369801
1648389,443663,3224417,3668080,7.267716712910475
1649239,443832,3225120,3668952,7.2665332828637865
1649268,443844,3225154,3668998,7.266413424536549
1649352,443882,3225294,3669176,7.266106758102379
1649472,443922,3225578,3669500,7.266091790900203
1649488,443928,3225624,3669552,7.266097204952154
1649676,443928,3225903,3669831,7.266725685246256
1649703,443928,3225929,3669857,7.266784253302338
1649705,443930,3225929,3669859,7.266751514878472
1649710,443931,3225933,3669864,7.2667441561864345
1649734,443931,3225988,3669919,7.26686804931397
1649751,443931,3226023,3669954,7.266946890395129
1649803,443951,3226075,3670026,7.2667366443594
1649818,443956,3226105,3670061,7.266722377893305
1650085,443956,3226894,3670850,7.2684995810395625
1650160,443956,3227061,3671017,7.268875744443143
1650447,443960,3240263,3684223,7.298547166411389
1650456,443964,3240273,3684237,7.298503932751304
1650752,444072,3240769,3684841,7.2978458448179575
1650785,444079,3240799,3684878,7.297798364705379
1650818,444084,3240815,3684899,7.297752227056143
1653174,444095,3243959,3688054,7.304651031873811
1653266,444095,3244149,3688244,7.3050788682601695
1653358,444095,3244204,3688299,7.305202715635168
1653517,444181,3244594,3688775,7.304666340973612
1653545,444188,3244622,3688810,7.304614262429422
1653564,444197,3244641,3688838,7.304509035405462
1653679,444290,3244951,3689241,7.303677778027865
1653711,444300,3244975,3689275,7.303567409408058
1653807,444300,3245074,3689374,7.303790231825343
1653966,444300,3245342,3689642,7.304393427864055
1654007,444310,3245378,3689688,7.304310053791272
1654010,444311,3245391,3689702,7.304322872942601
1654014,444311,3245393,3689704,7.3043273742941315
1654274,444385,3245605,3689990,7.303588104909031
1654322,444387,3245627,3690014,7.303604740912763
1654342,444387,3245658,3690045,7.303674499929116
1654460,444387,3246008,3690395,7.3044621017266484
1654501,444397,3246122,3690519,7.30455426116738
1654517,444397,3246148,3690545,7.304612767412921
1654564,444417,3246250,3690667,7.304513553711942
1654580,444424,3246277,3690701,7.304459255125736
1655197,444515,3246785,3691300,7.304106723057715
1655260,444530,3246916,3691446,7.304154950172092
1655284,444542,3246934,3691476,7.3039982723792125
1655384,444574,3247113,3691687,7.3038751703878315
1655575,444640,3247496,3692136,7.303652392947103
1655737,444728,3247812,3692540,7.302917738482848
1655877,444745,3247950,3692695,7.302948880819346
1656031,444822,3248347,3693169,7.302577210659544
1656142,444822,3248452,3693274,7.3028132601355145
1656247,444853,3248747,3693600,7.3029674971282645
1656291,444853,3248856,3693709,7.303212521889253
1656324,444862,3248890,3693752,7.3031411988436865
1656993,444920,3249772,3694692,7.304171536455992
1657047,444954,3249837,3694791,7.3037594897450075
1657291,444959,3250497,3695456,7.305160700199345
1657381,444995,3250569,3695564,7.304731513837234
1657565,444998,3250933,3695931,7.305500249439324
1657654,445023,3251055,3696078,7.305363992422864
1657687,445039,3251090,3696129,7.305179995461072
1657798,445087,3251182,3696269,7.30459887617477
1658252,445460,3252477,3697937,7.301389574821533
1658267,445466,3252489,3697955,7.301318170185828
1658514,445473,3253304,3698777,7.303032955981619
1658541,445484,3253320,3698804,7.3028885436962945
1658572,445484,3253361,3698845,7.302980578427059
1658681,445506,3253575,3699081,7.303100294945523
1658700,445512,3253582,3699094,7.303017651600855
1658983,445512,3254030,3699542,7.30402323618668
1659021,445527,3254051,3699578,7.303824459572596
1659032,445529,3254064,3699593,7.303820851167937
1659081,445542,3254121,3699663,7.303735674751202
1659188,445581,3254256,3699837,7.303399381930558
1659204,445581,3254282,3699863,7.30345773271302
1659239,445597,3254351,3699948,7.303350336739251
1660315,445597,3254351,3699948,7.303350336739251
1660340,445630,3254403,3700033,7.302926194376501
1660446,445726,3254578,3700304,7.301745915652217
1660495,445735,3254613,3700348,7.301677005395582
1660521,445735,3254639,3700374,7.301735336018037
1660601,445797,3254785,3700582,7.301047337689576
1660697,445797,3254923,3700720,7.301356895627382
1660702,445798,3254928,3700726,7.301351733296246
1660704,445798,3254938,3700736,7.301374164980552
1660731,445818,3254988,3700806,7.301158768824947
1660751,445824,3255007,3700831,7.301103125897215
1660798,445857,3255110,3700967,7.300793752256889
1660818,445857,3255131,3700988,7.30084085256035
1660832,445863,3255158,3701021,7.300803161509253
1661529,445863,3257053,3702916,7.305053345982959
1661704,445912,3257228,3703140,7.304643068587524
1662029,445912,3257834,3703746,7.306002081128115
1662137,445938,3258003,3703941,7.305955087927021
1662165,445946,3258043,3703989,7.305913720495306
1662256,445970,3258255,3704225,7.305995919008005
1662395,446015,3258409,3704424,7.305604071611941
1662430,446020,3258513,3704533,7.305755347293843
1662496,446038,3258562,3704600,7.30557037741179
1662512,446043,3258592,3704635,7.305555742383582
1662542,446065,3258635,3704700,7.30529182966608
1662585,446065,3258661,3704726,7.305350117135395
1662588,446065,3258670,3704735,7.305370293567081
1662661,446088,3258819,3704907,7.3053276483563785
1662716,446124,3258862,3704986,7.304834530309959
1662746,446138,3258900,3705038,7.304690476937629
1662773,446138,3258938,3705076,7.304775652376619
1662810,446147,3258954,3705101,7.3046641577775935
1663010,446313,3259193,3705506,7.302482786743832
1663257,446410,3259827,3706237,7.3023162563562645
1663278,446417,3259847,3706264,7.302246554230686
1663292,446417,3259873,3706290,7.302304795740306
1663315,446423,3259896,3706319,7.302258172181989
1663379,446423,3260115,3706538,7.302748738304254
1663438,446459,3260236,3706695,7.302430906309426
1663445,446459,3260241,3706700,7.302442105546086
1663499,446459,3260417,3706876,7.302836318676519
1663526,446470,3260436,3706906,7.302698949537483
1664522,446614,3262240,3708854,7.304383651206635
1687676,446616,3331696,3778312,7.459867089401186
1687691,446625,3331702,3778327,7.459730198712567
1688250,446625,3333285,3779910,7.463274559193954
1688266,446625,3333311,3779936,7.463332773579625
1688293,446645,3333343,3779988,7.46307022355562
1688659,446664,3334112,3780776,7.464474414772625
1688681,446668,3334131,3780799,7.464450106119086
1689062,446668,3336033,3782701,7.468708302363276
1689180,446668,3336210,3782878,7.469104569837105
1689210,446675,3336229,3782904,7.469030055409414
1689211,446675,3336231,3782906,7.469034532937818
1689216,446675,3336233,3782908,7.469039010466223
1689225,446675,3336233,3782908,7.469039010466223
1689228,446676,3336236,3782912,7.469029005364067
1689317,446693,3336281,3782974,7.468845493437327
1689395,446693,3336533,3783226,7.4694096392824605
1689481,446693,3336675,3783368,7.469727530988845
1689497,446696,3336695,3783391,7.4697221376506615
1689662,446696,3336943,3783639,7.470277325071189
1689674,446707,3336963,3783670,7.470138144242199
1689682,446711,3336971,3783682,7.470089162792052
1689858,446763,3337305,3784068,7.469967298097649
1689890,446773,3337341,3784114,7.469880677659572
1689907,446773,3337386,3784159,7.46998139995031
1689949,446792,3337450,3784242,7.469806979534101
1690417,446946,3337870,3784816,7.4681728888948555
1690428,446954,3337880,3784834,7.468061590230762
1690530,446954,3338210,3785164,7.468799921244692
1690552,446955,3338232,3785187,7.4688324327952476
1690592,446955,3338332,3785287,7.4690561689655555
1690625,446964,3338391,3785355,7.469037774854351
1690705,446964,3338485,3785449,7.46924808261963
1690820,447015,3338719,3785734,7.46891938749259
1691102,447015,3338995,3786010,7.469536816437927
1691214,447070,3339198,3786268,7.469071957411591
1691493,447149,3339718,3786867,7.468915283272466
1691513,447149,3339739,3786888,7.468962247483501
1691612,447149,3339996,3787145,7.469536999970927
1691618,447149,3340014,3787163,7.469577255008956
1691699,447170,3340085,3787255,7.469385244985129
1691795,447200,3340202,3787402,7.4691457960644
1691796,447200,3340204,3787404,7.469150268336315
1691855,447212,3340309,3787521,7.4691846372637585
1693319,447216,3342391,3789607,7.473773299703052
1693324,447219,3342417,3789636,7.473781301778323
1693393,447254,3342501,3789755,7.473384251454431
1693412,447261,3342517,3789778,7.473303060181863
1693426,447261,3342532,3789793,7.473336597646564
1693636,447473,3342995,3790468,7.470830642295736
1693652,447473,3343021,3790494,7.4708887463601155
1693661,447475,3343037,3790512,7.4708911112352645
1693706,447483,3343074,3790557,7.470840233036785
1693735,447495,3343100,3790595,7.470697996625661
1693744,447505,3343117,3790622,7.470569043921297
1693865,447505,3343261,3790766,7.470890828035441
1693866,447505,3343263,3790768,7.470895297259249
1693870,447510,3343267,3790777,7.470820763781815
1693914,447535,3343340,3790875,7.470566547867764
1693971,447557,3343388,3790945,7.470306575475303
1694058,447587,3343509,3791096,7.470076208647704
1694323,447706,3343870,3791576,7.468896999370123
1694330,447709,3343881,3791590,7.468871521457018
1694341,447709,3343896,3791605,7.4689050253624565
1694547,447733,3344228,3791961,7.4692461802011465
1694563,447733,3344254,3791987,7.469304250524308
1694585,447735,3344261,3791996,7.469286519928082
1694597,447738,3344295,3792033,7.469312410382858
1694995,447986,3345260,3793246,7.467331568397227
1695059,448039,3345398,3793437,7.46675624220213
1695182,448045,3346007,3794052,7.468015489515562
1695341,448055,3346324,3794379,7.468556315630893
1695358,448062,3346341,3794403,7.46847757676393
1695367,448064,3346358,3794422,7.4684821811169835
1695439,448122,3346463,3794585,7.467749853834447
1695476,448122,3346499,3794621,7.467830189100289
1695496,448122,3346520,3794642,7.467877051338698
1695522,448131,3346561,3794692,7.467818561982992
1695531,448133,3346579,3794712,7.467825400048646
1695614,448169,3346796,3794965,7.467709725572273
1695636,448183,3346832,3795015,7.4675567792620425
1695794,448242,3346949,3795191,7.466834879373196
1695854,448254,3347120,3795374,7.46701646834161
1695954,448322,3347322,3795644,7.466334464960452
1695960,448328,3347340,3795668,7.4662746917435445
1695995,448364,3347388,3795752,7.465782266194432
1696177,448364,3347932,3796296,7.466995566102542
1696198,448369,3347940,3796309,7.466930140130116
1696265,448416,3348054,3796470,7.466401734104046
1696353,448416,3348394,3796810,7.467159958609862
1696357,448416,3348404,3796820,7.467182259330621
1696413,448434,3348519,3796953,7.4671389769732
1696414,448434,3348519,3796953,7.4671389769732
1696560,448492,3348752,3797244,7.466692828411655
1696656,448541,3348905,3797446,7.466218249836693
1696676,448546,3348913,3797459,7.466152858346747
1696684,448549,3348935,3797484,7.466151970018883
1696732,448553,3348955,3797508,7.466129977951323
1696869,448660,3349214,3797874,7.464926670530023
1696990,448667,3349408,3798075,7.4652425964022315
1697102,448701,3349585,3798286,7.465071394982405
1697123,448702,3349586,3798288,7.465056986596895
1697151,448709,3349614,3798323,7.465002930629874
1697224,448777,3349815,3798592,7.464319695528069
1697249,448791,3349843,3798634,7.464149236504297
1697331,448843,3349976,3798819,7.463580806651769
1697398,448843,3350128,3798971,7.463919455132419
1697453,448861,3350189,3799050,7.463756040288642
1697536,448905,3350371,3799276,7.46342990164957
1697582,448905,3350514,3799419,7.4637484545727935
1697612,448907,3350529,3799436,7.463748616083064
1697623,448910,3350559,3799469,7.4637655654808315
1697759,448965,3350906,3799871,7.463624113238225
1697889,448966,3351291,3800257,7.464465015168186
1698018,448966,3351573,3800539,7.465093125091878
1698048,448966,3351607,3800573,7.465168854657145
1698062,448973,3351627,3800600,7.4650970102879235
1698374,448978,3352487,3801465,7.466929337294923
1698388,448985,3352496,3801481,7.466832967693798
1698439,449024,3352597,3801621,7.466409367873432
1698483,449051,3352669,3801720,7.466120774700424
1698510,449060,3352731,3801791,7.466109205896762
1698549,449066,3352769,3801835,7.466094070804737
1698594,449069,3352869,3801938,7.4662668765824405
1698720,449069,3353206,3802275,7.467017318051346
1698918,449139,3353605,3802744,7.466741921765868
1698937,449146,3353635,3802781,7.46669234502812
1698990,449156,3353735,3802891,7.466748746537951
1699068,449183,3353845,3803028,7.466544815810037
1699070,449183,3353850,3803033,7.466555947130679
1699161,449185,3353875,3803060,7.466578358582766
1699164,449185,3353884,3803069,7.466598394870711
1699341,449185,3354113,3803298,7.467108207086167
1699481,449255,3354340,3803595,7.466450011686013
1699631,449296,3354455,3803751,7.466024625191411
1699666,449311,3354489,3803800,7.465851047492716
1699723,449370,3354645,3804015,7.465217971827225
1699752,449386,3354683,3804069,7.465036739017237
1699850,449387,3354972,3804359,7.465663225682986
1699871,449391,3354994,3804385,7.465645729442735
1699877,449393,3354997,3804390,7.465619179648993
1700005,449436,3355250,3804686,7.465467830792371
1700076,449486,3355399,3804885,7.464968875560084
1700561,449495,3356832,3806327,7.468007430560963
1700803,449495,3357320,3806815,7.469093093360327
1701194,449782,3357862,3807644,7.46553219115038
1701220,449796,3357932,3807728,7.465455450915526
1701254,449807,3357996,3807803,7.465415166949381
1701290,449818,3358019,3807837,7.4652837369780665
1701914,449818,3359057,3808875,7.4675913369407185
1702014,449818,3359297,3809115,7.468124886065031
1702173,449818,3359297,3809115,7.468124886065031
1702451,449818,3359966,3809784,7.4696121542490514
1702468,449818,3360011,3809829,7.46971219470986
1702523,449850,3360105,3809955,7.4693897965988665
1702567,449872,3360153,3810025,7.4691312195468935
1702601,449881,3360195,3810076,7.469075155429992
1702696,449960,3360366,3810326,7.468143835007556
1702761,450002,3360535,3810537,7.467822365233932
1702780,450002,3360556,3810558,7.467869031693192
1702916,450009,3360807,3810816,7.468310633787325
1702917,450009,3360809,3810818,7.468315078142882
1702925,450009,3360809,3810818,7.468315078142882
1702954,450022,3360849,3810871,7.468188221909151
1703231,450149,3361216,3811365,7.466896516486763
1703238,450149,3361238,3811387,7.466945389193356
1703592,450328,3361872,3812200,7.465385230321011
1703621,450328,3361889,3812217,7.465422980583042
1704183,450335,3362774,3813109,7.467272141849956
1705202,450349,3364265,3814614,7.47035077240096
1705217,450349,3364291,3814640,7.470408505403587
1705367,450442,3364645,3815087,7.469652030672095
1705374,450442,3364657,3815099,7.469678671171871
1705430,450477,3364732,3815209,7.4692648015325975
1705471,450488,3364762,3815250,7.469149011738382
1705507,450488,3364803,3815291,7.469240024151587
1705661,450608,3365239,3815847,7.468218495898874
1707293,451436,3372891,3824327,7.471471039084167
1707342,451458,3372966,3824424,7.471273075236234
1707812,451458,3374412,3825870,7.474476030992916
1708177,451666,3375403,3827069,7.473228004764582
1708255,451724,3375496,3827220,7.472474342740258
1708274,451734,3375533,3827267,7.472390831772681
1708354,451746,3375656,3827402,7.472464615071301
1708396,451774,3375738,3827512,7.472182994151943
1708427,451793,3375803,3827596,7.472012625250945
1708453,451803,3375837,3827640,7.471922497194574
1708612,451899,3376161,3828060,7.471052159885284
1710927,451899,3379191,3831090,7.477757197957951
1711139,451908,3380453,3832361,7.480400878054826
1711321,452013,3380823,3832836,7.479481784815923
1711360,452023,3380914,3832937,7.479517635164583
1711414,452023,3381104,3833127,7.479937967758278
1711421,452033,3381116,3833149,7.479799041220442
1711451,452033,3381171,3833204,7.4799207137532
1711495,452048,3381242,3833290,7.479829575620288
1711527,452076,3381300,3833376,7.479494598253391
1711530,452076,3381309,3833385,7.4795145064104265
1711612,452112,3381404,3833516,7.479129065364335
1712143,452112,3382013,3834125,7.480476076724352
1712148,452114,3382025,3834139,7.480469527597022
1712225,452167,3382175,3834342,7.479924452691152
1712256,452185,3382228,3834413,7.479743910125281
1712282,452185,3382283,3834468,7.479865541758351
1712320,452204,3382341,3834545,7.479679525170056
1712373,452208,3382436,3834644,7.479823444078831
1712419,452220,3382532,3834752,7.479837247357481
1712435,452231,3382571,3834802,7.479741548014179
1712512,452231,3382727,3834958,7.480086504463427
1712704,452301,3382871,3835172,7.47924722695727
1712927,452301,3383349,3835650,7.4803040453149565
1712937,452305,3383356,3835661,7.480253368855086
1712972,452312,3383414,3835726,7.48026583420294
1713352,452312,3384130,3836442,7.481848812324237
1713364,452317,3384138,3836455,7.481783793224663
1713571,452385,3384726,3837111,7.481958950893597
1713668,452385,3384915,3837300,7.482376736629199
1713796,452385,3385332,3837717,7.483298517855366
1713982,452514,3385610,3838124,7.481779569250896
1714990,452559,3386809,3839368,7.483685000187821
1715013,452587,3386862,3839449,7.483339114910503
1715069,452587,3386932,3839519,7.4834937813061355
1715105,452606,3387009,3839615,7.483349756742067
1715178,452612,3387051,3839663,7.483343349270457
1715247,452658,3387197,3839855,7.482905416451272
1715299,452683,3387267,3839950,7.4826467969859705
1715309,452683,3387283,3839966,7.482682141807843
1715388,452729,3387440,3840169,7.482268641946948
1715402,452729,3387466,3840195,7.482326071446716
1715421,452740,3387493,3840233,7.482203913946194
1715453,452745,3387578,3840323,7.482309026052193
1715567,452781,3387693,3840474,7.481968103785274
1715592,452788,3387722,3840510,7.481916481885563
1715597,452790,3387730,3840520,7.481901102056141
1715605,452790,3387749,3840539,7.481943064113607
1715619,452792,3387822,3840614,7.482071238007738
1715645,452799,3387927,3840726,7.482187460661353
1715889,452938,3388282,3841220,7.480675059279637
1715918,452959,3388344,3841303,7.480465119359589
1715974,452959,3388536,3841495,7.480888998783555
1716005,452985,3388587,3841572,7.480572204377628
1716036,452996,3388667,3841663,7.4805671573258925
1716190,453026,3388900,3841926,7.480586103225863
1718584,453033,3394067,3847100,7.491875867762393
1718701,453073,3394566,3847639,7.492315807827878
1718728,453073,3394595,3847668,7.492379815173273
1718770,453076,3394729,3847805,7.492625961207391
1719784,453083,3396451,3849534,7.496310830465941
1720051,453083,3397068,3850151,7.497672611861403
1720116,453099,3397133,3850232,7.497551307771591
1720124,453106,3397156,3850262,7.497486239423004
1720221,453111,3397374,3850485,7.497884624297358
1720252,453120,3397422,3850542,7.497841631355932
1720353,453197,3397740,3850937,7.497269399400261
1720679,453206,3398062,3851268,7.4978310084155995
1720706,453217,3398094,3851311,7.497719635406439
1720767,453240,3398153,3851393,7.497469331921278
1720811,453254,3398226,3851480,7.497398809497544
1720883,453265,3398295,3851560,7.497369088722932
1720884,453265,3398297,3851562,7.497373501152747
1720914,453273,3398375,3851648,7.497413258676339
1721010,453323,3398655,3851978,7.497203980384847
1721062,453323,3398782,3852105,7.497484133829521
1721095,453333,3398847,3852180,7.497462130486861
1721118,453349,3398881,3852230,7.497272520729063
1721126,453354,3398891,3852245,7.497211891810815
1721148,453364,3398930,3852294,7.497132546915944
1721196,453374,3399023,3852397,7.497172312483733
1721205,453377,3399030,3852407,7.497138143311195
1723827,453577,3406759,3860336,7.51087246487366
1723849,453592,3406801,3860393,7.510716679306514
1723893,453603,3406838,3860441,7.510616111445471
1723930,453617,3406903,3860520,7.5105276036832835
1723950,453617,3406924,3860541,7.510573898244554
1723989,453640,3406997,3860637,7.510354025218235
1724432,453701,3409196,3862897,7.514191064158995
1724461,453701,3409234,3862935,7.514274819760151
1724482,453720,3409273,3862993,7.514046107731641
1724503,453727,3409310,3863037,7.514011729520174
1724755,453763,3409655,3863418,7.514175902398389
1724790,453768,3409686,3863454,7.514161421695668
1724828,453781,3409742,3863523,7.5140695621896905
1725070,453928,3410407,3864335,7.51310119666555
1725164,453928,3410576,3864504,7.513473502405668
1725224,453953,3410679,3864632,7.513286617777611
1725245,453961,3410699,3864660,7.513198270335998
1725682,454004,3411470,3865474,7.514184897049365
1725742,454004,3411562,3865566,7.514387538435785
1725763,454004,3411587,3865591,7.51444260402992
1725796,454034,3411674,3865708,7.514137707748759
1725841,454041,3411782,3865823,7.514259725443297
1725858,454056,3411803,3865859,7.514057737371601
1725887,454078,3411839,3865917,7.513772964116297
1726210,454363,3412868,3867231,7.511324645712789
1726344,454390,3413014,3867404,7.511199630273554
1726387,454400,3413099,3867499,7.51122139084507
1726419,454407,3413180,3867587,7.511283937087237
1726563,454536,3413451,3867987,7.509748402766777
1726599,454559,3413551,3868110,7.509588414265255
1726617,454565,3413604,3868169,7.509605886946861
1726637,454565,3413625,3868190,7.509652084960346
1726841,454616,3413891,3868507,7.509394741936052
1726875,454628,3413920,3868548,7.509260318326192
1727030,454723,3414188,3868911,7.508280865493938
1727070,454734,3414229,3868963,7.508189403035621
1727156,454734,3414388,3869122,7.5085390579987425
1727241,454768,3414466,3869234,7.508149210146712
1727276,454784,3414510,3869294,7.507981811145511
1727478,454949,3414910,3869859,7.506138050638643
1727600,455020,3415071,3870091,7.505320645246363
1727656,455020,3415197,3870217,7.505597556151378
1727691,455042,3415257,3870299,7.505366537594332
1727752,455072,3415368,3870440,7.5051156740032345
1727822,455073,3415463,3870536,7.505307939605294
1727860,455080,3415518,3870598,7.505313351498637
1727948,455086,3415561,3870647,7.50530888667197
1727965,455096,3415601,3870697,7.505231863167332
1727969,455098,3415604,3870702,7.50520547222796
1728167,455239,3416472,3871711,7.504787595087415
1728170,455239,3416479,3871718,7.504802971625893
1728201,455239,3416535,3871774,7.504925983933714
1728443,455242,3417043,3872285,7.505992417219852
1728475,455266,3417082,3872348,7.505682392271771
1728509,455276,3417125,3872401,7.505611980425061
1728703,455281,3417694,3872975,7.5067793296886975
1728708,455283,3417702,3872985,7.506763924855529
1728742,455293,3417754,3873047,7.506713259373634
1728748,455293,3417770,3873063,7.506748401578764
1729018,455302,3419436,3874738,7.510259124712828
1729272,455372,3420379,3875751,7.511175478509878
1729347,455408,3420511,3875919,7.510871570108562
1729505,455451,3420691,3876142,7.510557667015771
1729549,455451,3420725,3876176,7.5106323182954915
1729705,455468,3420862,3876330,7.510652779119499
1729994,455477,3421449,3876926,7.511793131157007
1730105,455477,3421758,3877235,7.512471540824235
1730130,455488,3421803,3877291,7.512388910355487
1730152,455500,3421829,3877329,7.512248079034029
1730280,455502,3422207,3877709,7.513044948210985
1730309,455514,3422238,3877752,7.512915080546372
1730419,455546,3422911,3878457,7.5138646810640415
1730445,455570,3422951,3878521,7.513556643325943
1730454,455583,3422969,3878552,7.5133817548064785
1730462,455585,3422973,3878558,7.513357551280222
1730497,455593,3423050,3878643,7.513394630734011
1730539,455603,3423089,3878692,7.51331532057515
1730550,455603,3423099,3878702,7.513337269508761
1730685,455627,3423194,3878821,7.51315001086415
1730738,455633,3423282,3878915,7.513244211898612
1730765,455643,3423296,3878939,7.513110044486583
1730791,455643,3423356,3878999,7.513241726527127
1730942,455733,3423578,3879311,7.512245108429717
1730953,455736,3423583,3879319,7.512206628398897
1731033,455776,3423667,3879443,7.5117316401039105
1731108,455780,3423823,3879603,7.512007986309184
1731127,455780,3423838,3879618,7.5120408969239545
1731240,455780,3423838,3879618,7.5120408969239545
1731274,455780,3423911,3879691,7.512201061915837
1731294,455780,3423935,3879715,7.512253718899469
1731315,455780,3423966,3879746,7.512321734169994
1731471,455780,3424404,3880184,7.513282724121287
1731492,455792,3424461,3880253,7.5132099729701265
1731523,455792,3424510,3880302,7.513317478147927
1731565,455807,3424590,3880397,7.513245737779367
1731598,455812,3424619,3880431,7.513226944442007
1731628,455824,3424660,3880484,7.51311909859946
1731635,455827,3424677,3880504,7.513106946275671
1731828,455876,3425018,3880894,7.51304740762839
1731871,455889,3425088,3880977,7.51298671387114
1731891,455891,3425119,3881010,7.51302175300675
1731913,455907,3425198,3881105,7.512931365388116
1731991,455930,3425337,3881267,7.512857236856535
1731995,455932,3425340,3881272,7.512830860742391
1732069,455952,3425405,3881357,7.512643874793838
1732083,455952,3425425,3881377,7.512687739060252
1732219,456091,3425829,3881920,7.511283932373145
1732309,456143,3425961,3882104,7.510717033912611
1732394,456170,3426073,3882243,7.510518008637131
1732440,456170,3426226,3882396,7.510853409912971
1732546,456222,3426523,3882745,7.5106483247191065
1732561,456222,3426544,3882766,7.510694354941235
1732582,456226,3426557,3882783,7.510656998943506
1732697,456291,3426795,3883086,7.5101086806445885
1732746,456304,3426883,3883187,7.510087573196816
1732868,456363,3427095,3883458,7.509581188659028
1734075,456727,3430833,3887560,7.5117805603785195
1734148,456751,3430876,3887627,7.511479996759722
1734341,456823,3431196,3888019,7.510996600433866
1734393,456841,3431282,3888123,7.510888908832613
1734637,456921,3431614,3888535,7.510300467695728
1734644,456921,3431625,3888546,7.510324541879231
1734663,456927,3431646,3888573,7.510271881504048
1734672,456942,3431665,3888607,7.510066923154361
1734710,456957,3431704,3888661,7.509905746054881
1734980,456959,3432497,3889456,7.511608262448053
1735117,456991,3432728,3889719,7.511587755557549
1735185,457034,3432890,3889924,7.511235487950568
1735250,457076,3433028,3890104,7.510847211404668
1735267,457085,3433044,3890129,7.5107343273133
1735279,457092,3433064,3890156,7.510663061265566
1735502,457156,3433324,3890480,7.510180332315446
1735575,457183,3433398,3890581,7.509898662023741
1735597,457192,3433439,3890631,7.509840504645751
1735665,457231,3433578,3890809,7.509503948769877
1735700,457252,3433608,3890860,7.509224672609414
1735725,457267,3433655,3890922,7.509081127656271
1735810,457294,3433916,3891210,7.509208517933758
1735835,457303,3433954,3891257,7.509143828052736
1735855,457313,3433986,3891299,7.509049600601776
1735866,457321,3434009,3891330,7.5089685363235015
1735894,457331,3434045,3891376,7.50888306281446
1735922,457343,3434085,3891428,7.508773502600892
1735961,457343,3434129,3891472,7.508869710479881
1735963,457345,3434138,3891483,7.508856552493194
1736078,457366,3434222,3891588,7.508695443036868
1736126,457393,3434322,3891715,7.508470833615731
1736177,457409,3434415,3891824,7.508411509174502
1736203,457422,3434484,3891906,7.508348964413605
1736212,457425,3434493,3891918,7.508319396622397
1736237,457436,3434509,3891945,7.50817382103726
1736275,457460,3434552,3892012,7.5078739124732214
1736291,457467,3434567,3892034,7.507791818863437
1736309,457467,3434596,3892063,7.507855211414157
1736319,457471,3434611,3892082,7.507822353766687
1736365,457471,3434754,3892225,7.508134941887027
1736387,457489,3434806,3892295,7.507953196688882
1736403,457489,3434832,3892321,7.508010028656427
1736409,457489,3434834,3892323,7.508014400346238
1736436,457508,3434864,3892372,7.5077681701740735
1736618,457508,3435270,3892778,7.508655586350403
1736681,457522,3435381,3892903,7.508668435616211
1736685,457522,3435390,3892912,7.508688106801421
1736815,457607,3435632,3893239,7.507822214258086
1736863,457645,3435710,3893355,7.507369249090452
1736873,457649,3435738,3893387,7.507364814519424
1737180,457649,3436336,3893985,7.508671492781586
1737264,457670,3436443,3894113,7.508560753381257
1737452,457782,3436734,3894516,7.507359398141474
1737548,457782,3436998,3894780,7.50793609185158
1737559,457782,3437008,3894790,7.507957936310296
1737580,457784,3437031,3894815,7.50797537703371
1737589,457786,3437062,3894848,7.508010293019009
1737595,457786,3437073,3894859,7.508034321713639
1737617,457786,3437126,3894912,7.508150096333221
1737640,457802,3437153,3894955,7.507946666899664
1737656,457802,3437179,3894981,7.508003460011096
1737750,457833,3437275,3895108,7.507704774448325
1737851,457880,3437485,3895365,7.507392766663755
1737884,457885,3437501,3895386,7.507345730914968
1737891,457889,3437514,3895403,7.507308539842626
1737918,457898,3437556,3895454,7.507252706934732
1737947,457909,3437671,3895580,7.507323507509134
1738001,457951,3437814,3895765,7.506947249814936
1738109,457951,3437957,3895908,7.5072595102969535
1738136,457966,3437998,3895964,7.507103147395221
1738183,457971,3438013,3895984,7.507053940096644
1738194,457973,3438034,3896007,7.507067010500619
1738428,458097,3438428,3896525,7.505895039696833
1738436,458097,3438445,3896542,7.505932149741212
1738506,458108,3438580,3896688,7.506046609096545
1738563,458139,3438668,3896807,7.505730793492805
1738604,458159,3438759,3896918,7.50560176707213
1738669,458159,3438977,3897136,7.5060775844193826
1738980,458166,3439643,3897809,7.507416525887997
1739101,458235,3439945,3898180,7.506945126408938
1739143,458247,3439961,3898208,7.506783459575295
1739186,458276,3440045,3898321,7.506491721146209
1739258,458297,3440082,3898379,7.506228493749687
1739400,458297,3440269,3898566,7.506636526095523
1739414,458311,3440281,3898592,7.506433404391341
1739415,458311,3440283,3898594,7.506437768240343
1739628,458434,3441013,3899447,7.506016133183839
1739662,458434,3441115,3899549,7.506238629770043
1739694,458440,3441175,3899615,7.506271267777681
1739713,458440,3441175,3899615,7.506271267777681
1739738,458448,3441232,3899680,7.50626461452553
1739754,458448,3441258,3899706,7.506321327609674
1739784,458456,3441314,3899770,7.506312492365679
1739859,458495,3441448,3899943,7.505966259174037
1739899,458512,3441492,3900004,7.505783927138221
1739909,458519,3441514,3900033,7.505717320329147
1739926,458525,3441568,3900093,7.50573687367101
1739962,458534,3441589,3900123,7.505635350922724
1740049,458562,3441726,3900288,7.505475813521399
1740144,458616,3441877,3900493,7.504921328518848
1740263,458616,3442134,3900750,7.505481710188916
1740324,458628,3442334,3900962,7.505721412560943
1740344,458639,3442360,3900999,7.505598084768194
1740404,458652,3442453,3901105,7.505588114736227
1740428,458652,3442478,3901130,7.505642622293155
1740442,458652,3442492,3901144,7.505673146525035
1740485,458660,3442568,3901228,7.505707931801334
1740497,458660,3442588,3901248,7.505751537086295
1740573,458660,3442658,3901318,7.505904155583656
1740598,458669,3442684,3901353,7.50581356054148
1740626,458687,3442719,3901406,7.5055953188121745
1740646,458687,3442740,3901427,7.505641101666278
1740725,458717,3442903,3901620,7.505505573152946
1740761,458721,3442926,3901647,7.505490265324674
1740845,458782,3443145,3901927,7.504969680589038
1740923,458849,3443315,3902164,7.504244315668117
1741031,458871,3443397,3902268,7.504063233457769
1741034,458871,3443402,3902273,7.504074129766318
1741059,458879,3443490,3902369,7.50413507700287
1741064,458881,3443498,3902379,7.5041198044809
1741241,458881,3443812,3902693,7.504804077745646
1741842,458881,3444700,3903581,7.506739219972062
1741869,458890,3444745,3903635,7.506690056440541
1741948,458894,3447981,3906875,7.513676360989684
1741968,458910,3448010,3906920,7.513477588198121
1742021,458930,3448105,3907035,7.513357156864881
1742093,458979,3448225,3907204,7.512816490514816
1742111,458979,3448302,3907281,7.512984254181564
1742352,458999,3448767,3907766,7.51366996442258
1742356,458999,3448772,3907771,7.5136808576925
1742478,458999,3449008,3908007,7.514195020032723
1743035,459022,3450438,3909460,7.516933828879662
1743078,459030,3450505,3909535,7.516948783303923
1743092,459038,3450534,3909572,7.516880955389314
1743276,459038,3450901,3909939,7.517680453470083
1743386,459045,3451062,3910107,7.517916544129661
1743434,459068,3451134,3910202,7.517696724668241
1743840,459203,3451779,3910982,7.516891222400551
1743960,459232,3451920,3911152,7.516723573270156
1743976,459232,3451946,3911178,7.51678018953383
1744004,459251,3451986,3911237,7.516556305810983
1744059,459288,3452196,3911484,7.516408005434498
1744623,459326,3453168,3912494,7.5179023177438244
1744690,459360,3453322,3912682,7.517681121560432
1744721,459360,3453361,3912721,7.517766022291885
1744765,459371,3453443,3912814,7.5177645084256515
1744790,459371,3453473,3912844,7.517829815116757
1744914,459371,3453676,3913047,7.518271723726574
1745100,459440,3453978,3913418,7.517799930349991
1745109,459440,3453989,3913429,7.517823872540484
1745147,459469,3454061,3913530,7.517506077667917
1745207,459476,3454121,3913597,7.517522133909061
1745239,459476,3454185,3913661,7.517661423012301
1745250,459490,3454211,3913701,7.5174889551459225
1745284,459499,3454263,3913762,7.517454880206485
1745322,459499,3454373,3913872,7.51769427136947
1745335,459505,3454397,3913902,7.51764833897346
1745538,459551,3454575,3914126,7.5172831742287585
1745597,459551,3454676,3914227,7.517502953970288
1745618,459551,3454708,3914259,7.5175725871557235
1745641,459566,3454729,3914295,7.517372912704595
1745717,459587,3454832,3914419,7.5172535341513145
1745736,459596,3454864,3914460,7.5171759545339825
1745779,459609,3454957,3914566,7.517165677782637
1745806,459609,3455003,3914612,7.517265762854948
1745832,459620,3455044,3914664,7.517175057656325
1745887,459628,3455116,3914744,7.517200866787924
1745901,459628,3455142,3914770,7.517257434272934
1746310,459692,3455366,3915058,7.516698137013479
1746563,459795,3455682,3915477,7.5157015626529216
1746707,459819,3455935,3915754,7.5158595012385305
1746732,459823,3456000,3915823,7.515935479521468
1746777,459840,3456075,3915915,7.515820720250522
1746794,459842,3456103,3915945,7.515848922021042
1746797,459842,3456116,3915958,7.515877192600937
1746980,459969,3456475,3916444,7.514582504473127
1747134,459969,3456731,3916700,7.515139063719512
1747169,459972,3456821,3916793,7.5152857130434025
1747282,460021,3456940,3916961,7.514743892126663
1747399,460055,3457245,3917300,7.514851485148514
1747440,460108,3457339,3917447,7.514190146661218
1747447,460109,3457345,3917454,7.514186855723318
1747465,460118,3457363,3917481,7.514078997126824
1747620,460118,3457684,3917802,7.514776644252127
1747813,460118,3458128,3918246,7.515741614107686
1747824,460118,3458140,3918258,7.515767694374052
1748219,460118,3458798,3918916,7.517197762313145
1748250,460142,3458847,3918989,7.5169121705908175
1748290,460154,3458941,3919095,7.516920422293406
1748316,460159,3458979,3919138,7.516921325020265
1748393,460217,3459108,3919325,7.516254288737704
1748597,460311,3459427,3919738,7.515412405960318
1748624,460321,3459467,3919788,7.515336037243576
1748646,460328,3459489,3919817,7.515269546931753
1748842,460398,3459691,3920089,7.5145656584085945
1748848,460400,3459702,3920102,7.514556907037359
1750164,461214,3463887,3925101,7.5103682889071015
1750172,461214,3463909,3925123,7.510415989107009
1750217,461219,3464092,3925311,7.51073134454565
1750285,461255,3464179,3925434,7.510333763319639
1750311,461273,3464218,3925491,7.510125240367418
1750330,461286,3464242,3925528,7.509965617859636
1750347,461295,3464258,3925553,7.509853781202918
1750378,461301,3464278,3925579,7.509799458488059
1750401,461311,3464308,3925619,7.5097016979868245
1750410,461316,3464329,3925645,7.509665825594603
1750513,461316,3464684,3926000,7.510435363178385
1751072,461316,3466267,3927583,7.513866850488602
1751085,461318,3466292,3927610,7.513888467391257
1751136,461348,3466365,3927713,7.51355809497386
1751176,461358,3466396,3927754,7.5134624304769835
1751240,461427,3466545,3927972,7.51266180782659
1751286,461430,3466646,3928076,7.512831848817806
1751320,461437,3466701,3928138,7.512837072016332
1751389,461457,3466751,3928208,7.512619810729928
1751445,461457,3466876,3928333,7.512890691873783
1751491,461471,3466922,3928393,7.51276244877793
1751728,461534,3467845,3929379,7.513736799455728
1751763,461534,3467994,3929528,7.514059635909814
1751847,461559,3468121,3929680,7.513927796879705
1751918,461567,3468171,3929738,7.513905890152459
1752206,461576,3469949,3931525,7.517611400939391
1752207,461576,3469951,3931527,7.517615733920308
1752332,461654,3470218,3931872,7.516923930042846
1752342,461659,3470242,3931901,7.516894504385271
1752400,461685,3470368,3932053,7.516744100414785
1752444,461709,3470476,3932185,7.516587287663875
1752483,461716,3470577,3932293,7.516692079113568
1752598,461796,3470776,3932572,7.515820838638707
1752656,461796,3470813,3932609,7.51590096059732
1752676,461796,3470837,3932633,7.515952931597502
1752725,461848,3470953,3932801,7.515357866657428
1752743,461859,3470975,3932834,7.515226508523164
1752755,461866,3471012,3932878,7.515192718234293
1752776,461868,3471012,3932880,7.5151601756345965
1752819,461877,3471074,3932951,7.5151479722956545
1752835,461882,3471134,3933016,7.515196522055417
1752878,461909,3471215,3933124,7.514932594948355
1752899,461909,3471245,3933154,7.514997542806051
1752900,461909,3471251,3933160,7.515010532377589
1752970,461909,3471360,3933269,7.515246509593881
1753730,462127,3472825,3934952,7.514871453085407
1753774,462134,3472858,3934992,7.514829032272025
1753829,462134,3472965,3935099,7.515060566848576
1753892,462179,3473102,3935281,7.514625285874088
1753973,462179,3473146,3935325,7.514720487084008
1753997,462179,3473195,3935374,7.514826506613239
1754015,462188,3473226,3935414,7.514747245709538
1754054,462202,3473270,3935472,7.514614822090774
1754067,462216,3473286,3935502,7.5144218287553874
1754075,462221,3473294,3935515,7.51435785046547
1754090,462224,3474230,3936454,7.5163340717920315
1754174,462249,3474334,3936583,7.5161525498162245
1754187,462267,3474349,3936616,7.515892330622779
1754314,462329,3474559,3936888,7.51533864412572
1754343,462329,3474599,3936928,7.515425162600659
1754539,462477,3475006,3937483,7.513900150710198
1754586,462490,3475107,3937597,7.513907327726005
1754607,462498,3475156,3937654,7.513883303279149
1754615,462500,3475163,3937663,7.513865945945946
1754646,462500,3475212,3937712,7.513971891891892
1754666,462501,3475254,3937755,7.5140464561157705
1754678,462506,3475275,3937781,7.514010629051299
1754698,462513,3475303,3937816,7.51395744552045
1754808,462565,3475554,3938119,7.513655378163069
1754815,462567,3475557,3938124,7.513629376933504
1755006,462697,3475806,3938503,7.512056486210198
1755011,462702,3475816,3938518,7.511996922425233
1755017,462702,3475832,3938534,7.512031501917001
1755071,462705,3476067,3938772,7.512490679806788
1755099,462705,3476122,3938827,7.512609546039053
1755105,462705,3476127,3938832,7.512620352060168
1755260,462705,3476353,3939058,7.513108784214564
1755262,462705,3476358,3939063,7.5131195902356795
1755269,462709,3476367,3939076,7.513074091923865
1755330,462727,3476486,3939213,7.513039005720436
1755630,462732,3476703,3939435,7.513426778351183
1755657,462741,3476791,3939532,7.513470818449197
1755660,462744,3476797,3939541,7.513435074252719
1755692,462758,3476834,3939592,7.513287722740611
1755748,462758,3476946,3939704,7.513529749890871
1755940,462805,3477134,3939939,7.513172934605287
1755962,462805,3477172,3939977,7.513255042620542
1756015,462844,3477245,3940089,7.512779683867566
1756046,462868,3477297,3940165,7.512502484509622
1756058,462874,3477310,3940184,7.512433189161629
1756276,463028,3477682,3940710,7.510738011524141
1756330,463045,3477779,3940824,7.510671748966083
1756350,463053,3477824,3940877,7.510639170894044
1756884,463302,3478683,3941985,7.508456686998977
1756923,463311,3478728,3942039,7.508407959232567
1756938,463323,3478744,3942067,7.5082480256753925
1756988,463339,3478916,3942255,7.508359969698212
1756994,463339,3478930,3942269,7.508390185156009
1757048,463366,3479035,3942401,7.508179279446485
1757089,463374,3479094,3942468,7.508176980149944
1757248,463445,3479462,3942907,7.50782077700698
1757388,463445,3479725,3943170,7.508388266137298
1757407,463452,3479770,3943222,7.508371956534873
1757505,463474,3480186,3943660,7.50891312134014
1757510,463476,3480203,3943679,7.508917398096126
1757550,463489,3480257,3943746,7.508823294619721
1757552,463492,3480260,3943752,7.508781165586461
1757577,463492,3480302,3943794,7.508871782037231
1757603,463508,3480334,3943842,7.508681619303227
1757627,463514,3480359,3943873,7.50863835828044
1757662,463528,3480451,3943979,7.508610051604218
1757708,463542,3480537,3944079,7.508568802826928
1757739,463552,3480576,3944128,7.508490956785862
1757748,463554,3480596,3944150,7.508501706381565
1757791,463568,3480632,3944200,7.5083526041486905
1757962,463568,3480976,3944544,7.509094674351983
1757976,463568,3480990,3944558,7.509124874883512
1757997,463579,3481018,3944597,7.509007094799376
1758012,463579,3481043,3944622,7.509061023040302
1758267,463772,3481495,3945267,7.506910723372692
1758287,463784,3481558,3945342,7.506852327807772
1758351,463825,3481650,3945475,7.506387107206382
1758420,463844,3481685,3945529,7.506155086623951
1758444,463847,3481716,3945563,7.506173371823037
1758452,463852,3481732,3945584,7.506126954287144
1758505,463855,3481815,3945670,7.506257343350832
1758521,463855,3481841,3945696,7.5063133953498395
1758539,463861,3481892,3945753,7.506326248596023
1758566,463873,3481927,3945800,7.506207518006006
1759047,463933,3483639,3947572,7.508926935570438
1759052,463937,3483651,3947588,7.508888060232316
1759282,464031,3483969,3948000,7.5080522637496205
1759345,464067,3484069,3948136,7.507685312681143
1759430,464067,3484357,3948424,7.508305912723809
1759925,464301,3485162,3949463,7.506255640198923
1759987,464305,3485219,3949524,7.506313737737048
1760768,464618,3486219,3950837,7.503409252332023
1760788,464627,3486254,3950881,7.50333923771111
1760811,464635,3486316,3950951,7.503343484670763
1760846,464638,3486401,3951039,7.503477976403135
1761048,464640,3486873,3951513,7.504461518595042
1761246,464643,3487027,3951670,7.5047445027687925
1761259,464651,3487037,3951688,7.504636813436321
1761599,464769,3487783,3952552,7.504336562894685
1761612,464776,3487796,3952572,7.5042515104050125
1761697,464800,3487945,3952745,7.504184595524957
1761727,464809,3487993,3952802,7.504142561783442
1761818,464811,3488260,3953071,7.5046846998027155
1761838,464818,3488299,3953117,7.504655585627063
1761846,464818,3488299,3953117,7.504655585627063
1761862,464825,3488361,3953186,7.504675953315764
1761886,464838,3488394,3953232,7.504537064525706
1761914,464846,3488408,3953254,7.504438028938616
1761961,464870,3488485,3953355,7.504216232495106
1762033,464907,3488604,3953511,7.503874968542095
1762303,464956,3488880,3953836,7.5036777673586315
1762343,464961,3488975,3953936,7.503801394095419
1762369,464965,3489050,3954015,7.503898142870969
1763063,465222,3490177,3955399,7.502175305553048
1763456,465356,3490581,3955937,7.500883194801399
1763485,465374,3490612,3955986,7.500659684468836
1763557,465374,3490808,3956182,7.501080851100405
1763574,465379,3490838,3956217,7.50106472359088
1763664,465457,3491013,3956470,7.50018369043757
1763666,465457,3491018,3956475,7.500194432568422
1763727,465457,3491119,3956576,7.5004114236116335
1763969,465467,3491693,3957160,7.5014834563997015
1763984,465480,3491719,3957199,7.501329810088511
1764006,465485,3491769,3957254,7.501356649516096
1764126,465548,3491897,3957445,7.50061647778532
1764150,465559,3491942,3957501,7.500535914889412
1764167,465559,3491987,3957546,7.500632572885499
1764203,465559,3492059,3957618,7.500787225679237
1764223,465572,3492096,3957668,7.500657256020551
1764251,465580,3492115,3957695,7.500569182525022
1764279,465585,3492145,3957730,7.50055306764608
1764282,465585,3492150,3957735,7.500563806823673
1764291,465589,3492171,3957760,7.500544471626263
1764309,465604,3492200,3957804,7.500365117138169
1764310,465604,3492202,3957806,7.500369412633912
1764310,465604,3492202,3957806,7.500369412633912
1764406,465658,3492349,3958007,7.4998153151025
1764436,465670,3492423,3958093,7.499780960766208
1764480,465692,3492538,3958230,7.499673604012953
1764504,465700,3492583,3958283,7.499641400042946
1764620,465713,3492813,3958526,7.499925920040884
1764669,465713,3492900,3958613,7.500112730372568
1764677,465714,3492908,3958622,7.5001138037508
1764795,465765,3493138,3958903,7.4997863729563194
1764819,465774,3493207,3958981,7.499789597530133
1764828,465778,3493216,3958994,7.499744513480671
1765088,465783,3493248,3959031,7.499732708149503
1765357,465815,3493644,3959459,7.500067623412728
1765421,465840,3493721,3959561,7.499830413876009
1765453,465849,3493788,3959637,7.499829343843176
1765715,465972,3494046,3960018,7.498403337539595
1765798,465987,3494197,3960184,7.498486009266353
1765841,465987,3494269,3960256,7.498640520014507
1766128,466193,3494660,3960853,7.4961657510945034
1766158,466202,3494717,3960919,7.496143302688534
1766169,466202,3494729,3960931,7.496169042603849
1766227,466202,3494826,3961028,7.496377106919319
1766325,466237,3494973,3961210,7.496129650799915
1766362,466261,3495050,3961311,7.4959089437032045
1766410,466290,3495121,3961411,7.495595015977181
1766414,466299,3495133,3961432,7.495476078653396
1766454,466317,3495221,3961538,7.495375463472273
1766508,466317,3495340,3961657,7.495630654683402
1766542,466322,3495373,3961695,7.495621051548072
1766617,466367,3495472,3961839,7.495110074254825
1766643,466367,3495527,3961894,7.495228007127434
1766672,466367,3495607,3961974,7.495399545851229
1766709,466395,3495658,3962053,7.495058909293625
1766831,466432,3495761,3962193,7.494685184549945
1766987,466500,3495910,3962410,7.493912111468382
1767024,466503,3495935,3962438,7.493917509640881
1767312,466503,3496502,3963005,7.495132935908236
1767330,466507,3496526,3963033,7.495120116096865
1767342,466514,3496545,3963059,7.495048380112923
1767370,466532,3496576,3963108,7.494825649687481
1767434,466539,3496672,3963211,7.4949189671174326
1767487,466556,3496773,3963329,7.4948623530723
1767516,466563,3496806,3963369,7.4948206351553806
1767639,466596,3496905,3963501,7.494502738986189
1768207,466855,3497710,3964565,7.492069272043782
1768222,466861,3497768,3964629,7.492097219515016
1768325,466948,3498023,3964971,7.491247419412868
1768407,466971,3498154,3965125,7.491158979893826
1768429,466977,3498234,3965211,7.491234043646689
1768459,466977,3498311,3965288,7.491398933994608
1768500,467000,3498385,3965385,7.491188436830835
1768515,467006,3498414,3965420,7.491154289238254
1768813,467093,3499177,3966270,7.491392506417352
1768839,467104,3499225,3966329,7.49131884976365
1768987,467104,3499660,3966764,7.4922501198876486
1769012,467111,3499696,3966807,7.492214912515441
1769104,467111,3499858,3966969,7.492561725157404
1769191,467111,3499970,3967081,7.49280149686049
1769212,467111,3499970,3967081,7.49280149686049
1769237,467120,3500042,3967162,7.49281126905292
1769247,467120,3500058,3967178,7.492845521493407
1769258,467120,3500068,3967188,7.49286692926871
1769267,467121,3500085,3967206,7.4928872818819965
1769323,467157,3500213,3967370,7.492583863668959
1769354,467162,3500254,3967416,7.492591435091039
1769389,467162,3500368,3967530,7.492835461788416
1769392,467162,3500377,3967539,7.492854727053999
1769420,467169,3500405,3967574,7.4928023905695795
1769564,467263,3500796,3968059,7.492131840098617
1769673,467263,3501000,3968263,7.4925684250625455
1769906,467338,3501252,3968590,7.491905216353047
1769918,467343,3501270,3968613,7.491863577714869
1770005,467395,3501335,3968730,7.4911691395928495
1771838,467395,3503825,3971220,7.496496539329689
1771864,467409,3503852,3971261,7.4963297668637106
1771865,467409,3503855,3971264,7.496336185225359
1771902,467417,3503931,3971348,7.496370478609037
1771924,467417,3503977,3971394,7.496468891803251
1771970,467417,3504037,3971454,7.496597256839182
1772428,467417,3505282,3972699,7.499260831334761
1772520,467454,3505459,3972913,7.499045895425004
1772527,467457,3505473,3972930,7.49902771805749
1772886,467457,3506532,3973989,7.501293167072052
1772924,467511,3506622,3974133,7.500619236766622
1772936,467513,3506664,3974177,7.5006769865223
1772937,467513,3506670,3974183,7.500689820390021
1773119,467522,3506901,3974423,7.501039523273771
1773143,467530,3506918,3974448,7.500947532778645
1773188,467569,3507015,3974584,7.5005293336384575
1773200,467573,3507031,3974604,7.5004993872614545
1773306,467573,3507094,3974667,7.50063412558039
1773318,467581,3507135,3974716,7.5005934800601395
1773331,467590,3507155,3974745,7.500491883915396
1773357,467609,3507214,3974823,7.500313295937418
1773358,467609,3507214,3974823,7.500313295937418
1773458,467628,3507439,3975067,7.5004897054924
1773477,467628,3507470,3975098,7.500555997502288
1773503,467628,3507514,3975142,7.500650089387291
1773604,467654,3507762,3975416,7.500763384895671
1773658,467683,3507848,3975531,7.500482164200966
1773674,467683,3507874,3975557,7.500537757412606
1773693,467690,3507915,3975605,7.500513160426778
1773714,467707,3508011,3975718,7.500445791916734
1773754,467712,3508028,3975740,7.500401956759715
1773759,467712,3508032,3975744,7.500410509031199
1773788,467721,3508065,3975786,7.500336739209914
1773836,467735,3508165,3975900,7.500326039317135
1774074,467736,3508885,3976621,7.501849333812236
1774150,467764,3508967,3976731,7.501575580848462
1774157,467766,3508979,3976745,7.5015691606487005
1774178,467775,3509008,3976783,7.501486825931271
1774190,467795,3509033,3976828,7.50121955129918
1774318,467795,3509253,3977048,7.501689842773009
1774415,467821,3509343,3977164,7.501465304037228
1774541,467904,3509533,3977437,7.500540709205307
1774562,467904,3509558,3977462,7.500594138968677
1774648,467909,3509587,3977496,7.500575966694378
1774664,467909,3509613,3977522,7.500631533054504
1774683,467909,3509653,3977562,7.50071701976239
1774692,467913,3509675,3977588,7.5006999164374575
1774736,467922,3509759,3977681,7.500735165262586
1774872,468009,3510076,3978085,7.500018162043892
1775023,468009,3510316,3978325,7.500530972694969
1775086,468009,3510454,3978463,7.500825838819339
1775140,468044,3510516,3978560,7.50039739853518
1775161,468044,3510546,3978590,7.500461495073113
1775174,468053,3510573,3978626,7.50037495753686
1775184,468060,3510608,3978668,7.500337563560227
1775199,468060,3510655,3978715,7.500437978037004
1775440,468060,3511140,3979200,7.5014741699782075
1775459,468067,3511173,3979240,7.501432487229392
1775533,468089,3511349,3979438,7.501455919707577
1775970,468360,3512220,3980580,7.4989751473225725
1776264,468529,3512684,3981213,7.4972605751191495
1776287,468534,3512725,3981259,7.4972680744620455
1776309,468553,3512781,3981334,7.4970835743235025
1776327,468553,3512824,3981377,7.497175346225507
1776353,468572,3512866,3981438,7.496960979315879
1776362,468572,3512888,3981460,7.497007930478134
1776484,468615,3513013,3981628,7.496586750317425
1776509,468617,3513046,3981663,7.496625175783209
1776545,468621,3513163,3981784,7.496810855680817
1776670,468622,3513533,3982155,7.497584407048752
1776960,468660,3513762,3982422,7.497465113301754
1776966,468665,3513771,3982436,7.497404329318383
1777020,468665,3513880,3982545,7.497636904825408
1777076,468665,3513970,3982635,7.4978289396477225
1777097,468665,3513999,3982664,7.497890817534913
1777634,468699,3515161,3983860,7.4998261144145815
1777658,468709,3515190,3983899,7.4997279762069855
1777711,468746,3515281,3984027,7.499330127617089
1777720,468748,3515297,3984045,7.499332263817659
1777733,468752,3515308,3984060,7.499291736355258
1777829,468757,3515510,3984267,7.499642672002765
1777884,468778,3515597,3984375,7.499492296993459
1778195,468811,3515907,3984718,7.499625648715581
1778212,468827,3515963,3984790,7.499489150582198
1778247,468842,3516047,3984889,7.499428378856843
1778304,468842,3516047,3984889,7.499428378856843
1778321,468842,3516092,3984934,7.49952436001894
1778354,468853,3516127,3984980,7.49942306010626
1778364,468859,3516143,3985002,7.4993612152054245
1778634,468935,3516374,3985309,7.498638404043204
1778695,468950,3516440,3985390,7.498539289902975
1778759,468950,3516592,3985542,7.498863418274869
1778815,468953,3516676,3985629,7.498994568752092
1778852,468974,3516712,3985686,7.498735537577776
1778858,468977,3516728,3985705,7.498721685711666
1778922,469029,3516770,3985799,7.497979869048609
1778960,469029,3516818,3985847,7.498082208136384
1779010,469065,3516903,3985968,7.497687953695117
1779607,469065,3518177,3987242,7.500403995181904
1779643,469078,3518234,3987312,7.500317644400291
1779661,469094,3518268,3987362,7.500134301440649
1779716,469138,3518382,3987520,7.499673869948714
1779739,469163,3518419,3987582,7.499353103292459
1781162,469169,3521585,3990754,7.506005298730308
1781230,469188,3521673,3990861,7.505888897414256
1781314,469240,3521832,3991072,7.505395959423749
1781324,469244,3521848,3991092,7.505366078202385
1781340,469244,3521874,3991118,7.505421486476119
1782082,469401,3522225,3991626,7.503658918493995
1782191,469453,3522394,3991847,7.5031877525545685
1782199,469457,3522410,3991867,7.5031579037057705
1782308,469525,3522687,3992212,7.502661200149086
1782342,469547,3522728,3992275,7.502396991142526
1782468,469547,3523063,3992610,7.5031104447478105
1782548,469547,3523219,3992766,7.503442679859524
1782624,469573,3523397,3992970,7.503406286136554
1786973,470959,3532558,4003517,7.500776076049083
1787131,471030,3532861,4003891,7.5002887289556925
1787132,471030,3532863,4003893,7.500292974969748
1787218,471030,3533005,4004035,7.5005944419676025
1787236,471030,3533025,4004055,7.500636902108146
1787243,471034,3533035,4004069,7.500594436919628
1787264,471034,3533078,4004112,7.500685725446571
1787524,471097,3533319,4004416,7.500194227515777
1787609,471102,3533435,4004537,7.500360856035424
1787677,471118,3533605,4004723,7.500466974303678
1787723,471129,3533681,4004810,7.500453166754753
1787992,471129,3534197,4005326,7.501548408185444
1788005,471133,3534255,4005388,7.501607826240149
1788021,471141,3534266,4005407,7.501503796103502
1788022,471141,3534268,4005409,7.501508041117202
1788032,471145,3534277,4005422,7.501463456048563
1788232,471145,3534277,4005422,7.501463456048563
1788248,471145,3534303,4005448,7.501518640758153
1788549,471145,3534902,4006047,7.502790011567564
1788573,471156,3534975,4006131,7.502769783256501
1789413,471454,3536163,4007617,7.500547243209306
1789421,471460,3536194,4007654,7.500517541254825
1789438,471465,3536224,4007689,7.5005016279045105
1789563,471465,3536595,4008060,7.501288536794884
1789634,471493,3536735,4008228,7.501139995715737
1790411,471496,3537870,4009366,7.503499499465531
1790420,471498,3537886,4009384,7.5035016055211265
1790431,471498,3537902,4009400,7.503535539917454
1790445,471503,3537976,4009479,7.503612914445932
1790942,471695,3538511,4010206,7.501692831172686
1790976,471709,3538572,4010281,7.501599503083469
1790996,471709,3538613,4010322,7.501686421077402
1791011,471709,3538639,4010348,7.501741539805261
1791041,471720,3538673,4010393,7.501638683965064
1791547,471720,3539301,4011021,7.502969982192826
1791735,471781,3539542,4011323,7.502510698820004
1791766,471785,3539577,4011362,7.502521275581038
1791821,471798,3539602,4011400,7.502367538650016
1791853,471810,3539635,4011445,7.502246667090566
1792011,471812,3539880,4011692,7.50273413986927
1792448,472144,3541017,4013161,7.499866566132367
1792502,472144,3541136,4013280,7.500118607882341
1792513,472144,3541146,4013290,7.500139787861331
1792910,472195,3541827,4014022,7.500771926852254
1792964,472195,3541946,4014141,7.50102394138015
1792998,472217,3541992,4014209,7.500771890889146
1793133,472320,3542245,4014565,7.499671832655826
1793152,472334,3542283,4014617,7.499529993606219
1793202,472370,3542333,4014703,7.499064292821306
1793204,472370,3542333,4014703,7.499064292821306
1793231,472370,3542352,4014722,7.4991045155280815
1793248,472378,3542375,4014753,7.499026203591192
1793431,472441,3542566,4015007,7.498430491849776
1793614,472505,3542789,4015294,7.497886794848732
1793882,472505,3543509,4016014,7.499410588247743
1794304,472545,3544182,4016727,7.500199980954195
1794338,472546,3544220,4016766,7.500264524511899
1794442,472571,3544454,4017025,7.500362908430691
1794466,472571,3544469,4017040,7.500394649692851
1794524,472595,3544553,4017148,7.500191495889715
1794590,472632,3544684,4017316,7.49988151458217
1794688,472662,3544932,4017594,7.49993018266753
1794693,472664,3544939,4017603,7.499913257620635
1794707,472672,3544968,4017640,7.4998476744973255
1794737,472672,3544988,4017660,7.4998899871369575
1794752,472678,3545015,4017693,7.499851907641142
1794775,472683,3545043,4017726,7.499831811171546
1794823,472699,3545147,4017846,7.499797968686204
1794847,472714,3545181,4017895,7.499631912742165
1795065,472714,3545781,4018495,7.500901179148491
1795083,472714,3545813,4018527,7.500968873356829
1795348,472714,3546638,4019352,7.502714114665527
1795351,472714,3546647,4019361,7.502733153661622
1795382,472723,3546707,4019430,7.502717236098095
1795436,472748,3546785,4019533,7.502485467944867
1795437,472748,3546787,4019535,7.502489698528603
1796159,473140,3547833,4020973,7.498484592298262
1796231,473172,3547905,4021077,7.498129644188583
1796252,473180,3547960,4021140,7.498119109007143
1796414,473214,3548051,4021265,7.4977726779004845
1796479,473235,3548091,4021326,7.497524485720625
1796559,473235,3548185,4021420,7.4977231185351885
1796725,473235,3548600,4021835,7.498600061280336
1796734,473240,3548619,4021859,7.498560983855971
1796764,473262,3548677,4021939,7.498334960339093
1796765,473262,3548677,4021939,7.498334960339093
1796855,473289,3548765,4022054,7.498093131258068
1796860,473291,3548789,4022080,7.498112155101196
1796870,473295,3548798,4022093,7.498067801265595
1797049,473453,3549189,4022642,7.496391405271484
1797052,473454,3549192,4022646,7.4963819082740875
1797072,473454,3549221,4022675,7.496443160264778
1797118,473472,3549314,4022786,7.49635458907813
1797143,473486,3549365,4022851,7.496240649142742
1797174,473512,3549404,4022916,7.495911402456538
1797250,473512,3549552,4023064,7.496223960533207
1797574,473512,3550119,4023631,7.497421395867476
1798746,473840,3550694,4024534,7.493445044740841
1798770,473840,3550743,4024583,7.493548455174743
1799015,473879,3551219,4025098,7.493936215785042
1799030,473879,3551226,4025105,7.493950987488367
1799119,473925,3551407,4025332,7.4936055283008915
1799137,473925,3551417,4025342,7.493626628685973
1799142,473925,3551427,4025352,7.493647729071055
1799227,473930,3551487,4025417,7.49369527145359
1800054,474152,3553628,4027780,7.4947021208388875
1800100,474188,3553721,4027909,7.494329253376298
1800156,474209,3553799,4028008,7.494161856902758
1800184,474216,3553827,4028043,7.4941102788602665
1800285,474265,3554026,4028291,7.4937556007717205
1800298,474272,3554050,4028322,7.49369560083665
1800350,474272,3554090,4028362,7.49377994062479
1800496,474336,3554277,4028613,7.493163074276462
1800578,474371,3554451,4028822,7.492977015879976
1800710,474387,3554544,4028931,7.492920337193051
1800728,474403,3554574,4028977,7.49273086384361
1800775,474403,3554697,4029100,7.492990137077548
1800777,474403,3554699,4029102,7.49299435290249
1800793,474403,3554699,4029102,7.49299435290249
1800849,474410,3554859,4029269,7.493221053519108
1800972,474523,3555254,4029777,7.492269078632648
1801008,474532,3555286,4029818,7.492194414707543
1801039,474553,3555357,4029910,7.492012483326414
1801271,474553,3555680,4030233,7.492693123844965
1801328,474587,3555760,4030347,7.492324905654812
1801523,474670,3556097,4030767,7.491724777213643
1801623,474670,3556438,4031108,7.492443171045148
1801630,474674,3556449,4031123,7.492403207253821
1801639,474677,3556465,4031142,7.492389561744091
1801665,474691,3556503,4031194,7.4922486417480005
1801758,474691,3556503,4031194,7.4922486417480005
1801880,474753,3556753,4031506,7.491796786960799
1801887,474753,3556758,4031511,7.4918073187531204
1801923,474766,3556784,4031550,7.491656942578028
1801926,474766,3556793,4031559,7.491675899285122
1801980,474780,3556877,4031657,7.4916319137284635
1802009,474786,3556898,4031684,7.491581470388764
1802047,474786,3557008,4031794,7.491813153715569
1802132,474794,3557230,4032024,7.492154492264014
1802488,474930,3557628,4032558,7.490847072200114
1802510,474930,3557688,4032618,7.4909734066072895
1803313,475156,3558658,4033814,7.489451885275573
1803533,475156,3559436,4034592,7.491089242269907
1803595,475188,3559625,4034813,7.490982516393512
1803753,475208,3559783,4034991,7.4909997306442655
1803785,475224,3559910,4035134,7.49101476356413
1803794,475226,3559934,4035160,7.491033739736462
1803987,475226,3560312,4035538,7.491829150761953
1804036,475244,3560355,4035599,7.491635875466076
1804041,475244,3560364,4035608,7.49165481310653
1804048,475244,3560374,4035618,7.491675854929257
1804062,475251,3560387,4035638,7.491592863560519
1804732,475524,3562039,4037563,7.490765976060094
1804875,475611,3562235,4037846,7.48980784716922
1806120,475674,3564192,4039866,7.492930031912612
1806131,475682,3564221,4039903,7.492864981226954
1806179,475696,3564274,4039970,7.492755877703408
1806206,475698,3564334,4040032,7.492850505993299
1806230,475698,3564367,4040065,7.492919877737556
1806244,475703,3564394,4040097,7.492897879559305
1806265,475703,3564437,4040140,7.492988272094143
1806295,475716,3564484,4040200,7.492882307931623
1806888,475716,3565782,4041498,7.495610826627652
1806899,475723,3565797,4041520,7.495532063827059
1807092,475765,3566105,4041870,7.495517745105252
1807106,475765,3566129,4041894,7.495568190177924
1807113,475767,3566155,4041922,7.4955913293692085
1807145,475782,3566203,4041985,7.495455902072798
1808275,476022,3567021,4043043,7.493395263244135
1808311,476038,3567129,4043167,7.4933702771627475
1808320,476040,3567145,4043185,7.493372405680195
1808400,476040,3567239,4043279,7.493569868078313
1808442,476045,3567294,4043339,7.4936066968458865
1808638,476054,3568442,4044496,7.495876518210119
1808833,476054,3568912,4044966,7.496863801165414
1808846,476058,3568927,4044985,7.496832318751077
1808866,476061,3568944,4045005,7.496820785571597
1808894,476072,3568980,4045052,7.496723184728361
1808963,476108,3569089,4045197,7.4963852739294445
1809071,476198,3569333,4045531,7.495480871402232
1809085,476202,3569366,4045568,7.4954872092095375
1809144,476235,3569450,4045685,7.495144204016924
1809166,476236,3569515,4045751,7.495264952670524
1809194,476254,3569547,4045801,7.495048860482012
1809288,476311,3569744,4046055,7.494565525465505
1809343,476331,3569811,4046142,7.494391505066854
1809484,476369,3569970,4046339,7.494127451618389
1809529,476385,3570011,4046396,7.49396181659792
1809542,476385,3570015,4046400,7.493970213167921
1809595,476388,3570098,4046486,7.494097248461339
1809731,476465,3570307,4046772,7.4933247982538065
1809751,476477,3570342,4046819,7.493209535822296
1809956,476495,3570700,4047195,7.493677793051344
1809977,476507,3570745,4047252,7.493583515037555
1810006,476531,3570807,4047338,7.493336215272459
1810031,476546,3570862,4047408,7.493215765109769
1810075,476574,3570925,4047499,7.492907712128652
1810220,476675,3571151,4047826,7.491794199402109
1810231,476677,3571174,4047851,7.491811016684253
1810729,476808,3571650,4048458,7.4907509941108374
1810737,476808,3571650,4048458,7.4907509941108374
1810758,476822,3571671,4048493,7.490575099303304
1810766,476825,3571693,4048518,7.490574109998427
1810779,476835,3571720,4048555,7.49047364392295
1810877,476897,3571897,4048794,7.4898709784293045
1810904,476904,3571946,4048850,7.489863788099911
1811067,476904,3572367,4049271,7.490746565346485
1811085,476908,3572387,4049295,7.490725674553583
1811167,476928,3572572,4049500,7.490799449812131
1811182,476934,3572596,4049530,7.490755534308731
1811191,476938,3572609,4049547,7.490719967794556
1811755,476938,3573590,4050528,7.4927768389182665
1811804,476947,3573688,4050635,7.492840923624637
1811851,476947,3573782,4050729,7.493038010512699
1812042,477023,3574232,4051255,7.4927875595097095
1812098,477026,3574316,4051342,7.4929165286588155
1812662,477093,3576756,4053849,7.4969785765039525
1812680,477099,3576775,4053874,7.496924118474363
1812718,477110,3576855,4053965,7.496918949508499
1812905,477119,3577933,4055052,7.4990369278942985
1812938,477128,3577980,4055108,7.498993980650894
1813189,477231,3578633,4055864,7.498743794933691
1813243,477231,3578743,4055974,7.498974291276133
1813320,477231,3578952,4056183,7.499412234326773
1813428,477282,3579094,4056376,7.498908402160567
1813447,477282,3579104,4056386,7.498929354134453
1813615,477373,3579375,4056748,7.498067548855926
1813668,477373,3579568,4056941,7.49847184486764
1813701,477400,3579633,4057033,7.498183912861332
1813737,477406,3579726,4057132,7.498284479038806
1813773,477418,3579774,4057192,7.498196548936153
1813796,477418,3579857,4057275,7.498370400780867
1813818,477426,3579894,4057320,7.498322253082153
1814137,477468,3580404,4057872,7.498730804996356
1814335,477563,3580704,4058267,7.4978672970895985
1815125,477971,3581882,4059853,7.493931640204113
1815168,477993,3581954,4059947,7.493737355986385
1815498,478005,3582664,4060669,7.495034570768088
1816273,478474,3584366,4062840,7.491245083327412
1816316,478479,3584460,4062939,7.4913632573216375
1816370,478479,3584570,4063049,7.4915931524685515
1816434,478495,3584640,4063135,7.491488939278362
1816484,478500,3584736,4063236,7.491611285266457
1816534,478500,3584902,4063402,7.491958202716823
1816554,478500,3584926,4063426,7.492008359456635
1816747,478573,3585116,4063689,7.491262566003515
1816769,478585,3585149,4063734,7.491143683985081
1816792,478608,3585211,4063819,7.490913231705279
1816844,478629,3585330,4063959,7.490833192305523
1816858,478629,3585356,4063985,7.4908875141288975
1817616,478966,3586879,4065845,7.488796699556962
1817676,478980,3586920,4065900,7.488663409745709
1817702,479001,3586956,4065957,7.488410253840806
1817722,479010,3586989,4065999,7.4883384480491015
1817742,479019,3587032,4066051,7.488287520954284
1817809,479026,3587087,4066113,7.488292911031969
1817870,479059,3587210,4066269,7.488033832993431
1817982,479112,3587385,4066497,7.487570755898412
1818029,479121,3587410,4066531,7.48748228526823
1818060,479137,3587471,4066608,7.4873595652182985
1818707,479476,3589266,4068742,7.485809508713679
1818773,479522,3589414,4068936,7.485400044210693
1818821,479551,3589500,4069051,7.4851267122787775
1820899,479707,3595970,4075677,7.496179959850492
1820914,479707,3596001,4075708,7.496244582630648
1821062,479774,3596347,4076121,7.495918911820983
1821188,479794,3596623,4076417,7.496181694643951
1821350,479850,3596857,4076707,7.495794519120558
1821362,479860,3596881,4076741,7.49568832576168
1821388,479868,3596975,4076843,7.4957592504605435
1821407,479879,3597000,4076879,7.495639525797128
1821492,479904,3597250,4077154,7.4957699873307995
1821510,479911,3597296,4077207,7.495756504851942
1821589,479943,3597538,4077481,7.495760954946733
1821618,479943,3597565,4077508,7.495817211627214
1821688,479970,3597698,4077668,7.495672646207055
1821865,479970,3598096,4078066,7.496501864699877
1821952,479970,3598327,4078297,7.4969831447798825
1821985,479982,3598354,4078336,7.496851965282032
1823720,480423,3599740,4080163,7.492855254640181
1823755,480445,3599765,4080210,7.492564185286557
1823801,480460,3599847,4080307,7.492500936602423
1824736,480460,3601267,4081727,7.495456437580652
1824744,480465,3601284,4081749,7.495413817863945
1825700,480677,3603407,4084084,7.496524693297162
1825738,480690,3603452,4084142,7.496415569285818
1825759,480690,3603484,4084174,7.496482140256714
1825789,480707,3603581,4084288,7.496418816451602
1826149,480707,3603581,4084288,7.496418816451602
1826176,480718,3603596,4084314,7.496278483435195
1826490,480772,3604152,4084924,7.496592979624437
1827009,480801,3604608,4085409,7.4970892323435265
1827023,480808,3604627,4085435,7.497019600339429
1827058,480822,3604691,4085513,7.496934416478448
1827063,480822,3604700,4085522,7.496953134423966
1827098,480829,3604781,4085610,7.497012451412041
1827125,480844,3604828,4085672,7.496876325793813
1827128,480844,3604833,4085677,7.496886724176656
1827156,480865,3604863,4085728,7.496621712954779
1827173,480874,3604918,4085792,7.49659578184722
1827456,480874,3605591,4086465,7.49799531686055
1827468,480874,3605616,4086490,7.498047305531179
1827535,480919,3605741,4086660,7.497605625895421
1827549,480931,3605762,4086693,7.497462213914262
1827561,480931,3605796,4086727,7.4975329101264006
1827922,480986,3606107,4087093,7.497322167381171
1827946,480994,3606131,4087125,7.497247366911021
1827980,481004,3606194,4087198,7.497222476320363
1828004,481014,3606229,4087243,7.497139376400687
1828114,481053,3606393,4087446,7.4968724859838725
1828144,481065,3606444,4087509,7.496791493872969
1828201,481079,3606512,4087591,7.496714676799445
1828221,481087,3606521,4087608,7.496608721499438
1828248,481109,3606566,4087675,7.496359452847484
1828259,481109,3606589,4087698,7.4964072590618755
1828291,481132,3606630,4087762,7.496134117040646
1828630,481132,3607469,4088601,7.4978779212357525
1828811,481149,3607587,4088736,7.49785825180973
1828827,481149,3607613,4088762,7.497912289124574
1828859,481175,3607677,4088852,7.4976401517119555
1828882,481176,3607730,4088906,7.49773471661097
1828901,481184,3607751,4088935,7.497653704196316
1828933,481184,3607799,4088983,7.4977534581365965
1828945,481184,3607822,4089006,7.497801256899647
1829953,481193,3609060,4090253,7.500233793924683
1830077,481193,3609416,4090609,7.500973621810791
1830117,481193,3609451,4090644,7.5010463576984705
1830130,481199,3609493,4090692,7.501040110224668
1830151,481210,3609523,4090733,7.5009309864716025
1830204,481210,3609599,4090809,7.501088921676607
1830316,481223,3609901,4091124,7.501513851166715
1830337,481231,3609923,4091154,7.501434861843896
1830494,481356,3610167,4091523,7.499993767606512
1830527,481378,3610212,4091590,7.499744483545156
1830673,481421,3610353,4091774,7.499367497471028
1830766,481493,3610610,4092103,7.498779836882364
1830916,481577,3610860,4092437,7.497990975482633
1830925,481577,3610874,4092451,7.49802004663844
1831124,481719,3611244,4092963,7.4965778804655825
1831221,481719,3611313,4093032,7.496721117497961
1831252,481733,3611374,4093107,7.4966298758856045
1831268,481733,3611400,4093133,7.496683847691563
1831278,481733,3611421,4093154,7.496727440304069
1831372,481733,3611548,4093281,7.496991071817791
1831379,481733,3611564,4093297,7.497024285236843
1831402,481748,3611629,4093377,7.496925778622848
1833180,481755,3614128,4095883,7.50200413073035
1833241,481755,3614271,4096026,7.502300962107295
1833391,481794,3614409,4096203,7.501980099378573
1833591,481821,3614948,4096769,7.502678380560416
1833728,481905,3615490,4097395,7.502495305091252
1833758,481924,3615532,4097456,7.502286667607341
1833828,481939,3615671,4097610,7.502341582648427
1833858,481964,3615753,4097717,7.5021225651708425
1834002,481964,3616003,4097967,7.502641276111909
1834132,481964,3616389,4098353,7.503442165804915
1834234,481964,3616822,4098786,7.504340573154842
1834267,481969,3616890,4098859,7.504403810203561
1834343,481969,3616960,4098929,7.504549047760333
1834379,481983,3616995,4098978,7.50440368228755
1834447,482015,3617137,4099152,7.504200076761097
1834476,482027,3617155,4099182,7.504050602974522
1834691,482106,3617620,4099726,7.503785474563685
1834757,482134,3617767,4099901,7.50365458565461
1834818,482134,3617885,4100019,7.503899330891412
1834937,482181,3618238,4100419,7.503899987763931
1834994,482215,3618337,4100552,7.503576205634416
1835026,482224,3618392,4100616,7.503550217326388
1835185,482229,3618705,4100934,7.504121485850083
1835189,482229,3618714,4100943,7.504140149182235
1835280,482243,3618792,4101035,7.504084040618526
1835289,482245,3618812,4101057,7.504094391854762
1835300,482250,3618848,4101098,7.504091238983929
1835314,482256,3618863,4101119,7.504028980458512
1835436,482275,3618996,4101271,7.504009123425432
1835465,482283,3619052,4101335,7.50400076303747
1835494,482283,3619098,4101381,7.504096142721182
1835581,482320,3619218,4101538,7.503769281804611
1835587,482322,3619223,4101545,7.503748533137613
1835626,482322,3619246,4101568,7.503796219123324
1835648,482335,3619307,4101642,7.50372044326039
1835677,482349,3619352,4101701,7.503595944015641
1835695,482357,3619393,4101750,7.503556494463644
1835745,482366,3619414,4101780,7.503460028277283
1835976,482370,3619919,4102289,7.504444720857433
1836027,482389,3620010,4102399,7.504337785480183
1836678,482429,3620728,4103157,7.50520387455978
1836689,482432,3620747,4103179,7.505196587291058
1836813,482490,3620968,4103458,7.504752430102179
1837205,482495,3622067,4104562,7.506952403651852
1837220,482498,3622090,4104588,7.506953396698018
1837243,482507,3622150,4104657,7.506937723183291
1837264,482513,3622184,4104697,7.506914839600176
1837450,482513,3622536,4105049,7.507644353623633
1837489,482526,3622568,4105094,7.507508403692237
1837517,482526,3622605,4105131,7.507585083498092
1837844,482577,3623145,4105722,7.507910654672726
1837877,482582,3623161,4105743,7.5078660206970005
1837924,482582,3623361,4105943,7.508280458036147
1838187,482648,3623577,4106225,7.5077012646897945
1838231,482669,3623707,4106376,7.507643954759887
1838409,482692,3623994,4106686,7.507880801836368
1838479,482712,3624050,4106762,7.5076857422231065
1838597,482749,3624269,4107018,7.507563972167731
1839015,482980,3625172,4108152,7.505842892045219
1839034,482980,3625219,4108199,7.505940204563336
1839323,483150,3626171,4109321,7.5052695850150055
1839364,483157,3626236,4109393,7.50529538017663
1839414,483186,3626391,4109577,7.505165712582732
1839458,483204,3626476,4109680,7.505062044188376
1839496,483215,3626536,4109751,7.505015365830944
1839626,483215,3626922,4110137,7.505814182092857
1840069,483226,3627959,4111185,7.507789315972237
1840074,483229,3627970,4111199,7.507765469373734
1840107,483238,3628076,4111314,7.507844995633621
1877409,483243,3738596,4221839,7.736472126859572
1877430,483255,3738620,4221875,7.736329681017268
1877450,483256,3738626,4221882,7.736326088036154
1877481,483256,3738706,4221962,7.7364916317645305
1877494,483256,3738711,4221967,7.736501978247554
1877516,483260,3738802,4222062,7.736626246740885
1878575,483260,3740127,4223387,7.739368042047759
1878594,483269,3740148,4223417,7.739267364552661
1878692,483297,3740911,4224208,7.740397726449781
1879504,483297,3742618,4225915,7.7439297160958995
1879554,483311,3742667,4225978,7.74380678279617
1879622,483311,3742667,4225978,7.74380678279617
1879664,483331,3742760,4226091,7.7436787625871295
1879944,483407,3743267,4226674,7.743510127077183
1880032,483407,3743399,4226806,7.74378318890707
1880073,483419,3743456,4226875,7.743708873668598
1880122,483453,3743526,4226979,7.74330907037499
1880142,483453,3743547,4227000,7.743352507896321
1880166,483462,3743562,4227024,7.743239385928987
1880177,483464,3743579,4227043,7.743242516505883
1880254,483464,3743598,4227062,7.743281816226234
1880555,483602,3744192,4227794,7.742300486763909
1880594,483606,3744265,4227871,7.742387398005815
1880612,483606,3744292,4227898,7.742443228578637
1880670,483625,3744375,4228000,7.742310674592918
1880687,483631,3744397,4228028,7.742260111531312
1880801,483635,3744692,4228327,7.742806041746358
1880868,483651,3744823,4228474,7.742820752980972
1880896,483662,3744861,4228523,7.742723224069701
1880914,483675,3744880,4228555,7.742554401199152
1880949,483697,3744952,4228649,7.742351099965474
1880982,483697,3744989,4228686,7.742427594134345
1881049,483712,3745024,4228736,7.742259857105054
1881144,483712,3745129,4228841,7.742476928420217
1881242,483712,3745211,4228923,7.742646450780629
1881292,483742,3745381,4229123,7.742517705719164
1881690,483802,3746680,4230482,7.744242479361391
1881763,483847,3746762,4230609,7.743691704195748
1881884,483847,3746906,4230753,7.743989318937598
1882296,484029,3747803,4231832,7.742930692169271
1883041,484444,3749055,4233499,7.738882099891835
1883065,484450,3749080,4233530,7.738837857364021
1883096,484475,3749134,4233609,7.738549976778987
1883119,484475,3749195,4233670,7.738675886268641
1883137,484475,3749205,4233680,7.738696527168584
1883348,484521,3749681,4234202,7.738944235647165
1883466,484537,3749967,4234504,7.739278940514347
1883500,484552,3750005,4234557,7.739117783024319
1884205,484686,3751087,4235773,7.739210540432363
1884599,484686,3751860,4236546,7.740805387405454
1885034,484686,3752627,4237313,7.742387855229984
1885099,484704,3752730,4237434,7.742312834224599
1885125,484730,3752782,4237512,7.742004827429703
1885146,484730,3752811,4237541,7.742064654549956
1885217,484746,3752974,4237720,7.7421453709777905
1885567,484936,3753495,4238431,7.740186333866737
1885573,484936,3753508,4238444,7.7402131415279545
1885773,485011,3753912,4238923,7.73984919929651
1886201,485011,3754820,4239831,7.741721321784454
1886204,485012,3754823,4239835,7.741711545281354
1886237,485042,3754905,4239947,7.741401775516347
1886244,485042,3754956,4239998,7.741506921050136
1886283,485062,3755009,4240071,7.74129698883854
1886391,485062,3755312,4240374,7.74192165125283
1887154,485062,3756903,4241965,7.74520164432588
1887504,485072,3757532,4242604,7.7463386878648945
1887516,485084,3757586,4242670,7.746258379991919
1887585,485122,3757657,4242779,7.745797964223432
1887607,485139,3757709,4242848,7.745633725592047
1887634,485148,3757737,4242885,7.745547750377204
1887762,485225,3757979,4243204,7.744817352774486
1887796,485237,3758011,4243248,7.744691769176711
1887822,485246,3758058,4243304,7.7446449841935845
1889286,485246,3760144,4245390,7.748943834673547
1889323,485252,3760179,4245431,7.748920148706239
1889372,485284,3760272,4245556,7.748600819314051
1889423,485299,3760354,4245653,7.748530287513471
1889595,485299,3760730,4246029,7.7493050675975015
1890867,486348,3764326,4250674,7.739984537820655
1890915,486369,3764487,4250856,7.739981372168045
1891008,486369,3764630,4250999,7.740275387617221
1891040,486380,3764694,4251074,7.740231917430815
1891159,486380,3764964,4251344,7.740787038940746
1891283,486414,3765133,4251547,7.740593403972747
1891458,486539,3765421,4251960,7.739196652272479
1891507,486559,3765490,4252049,7.739020344911922
1891644,486589,3766043,4252632,7.73967968860784
1891649,486595,3766051,4252646,7.739600694622839
1892130,486680,3767708,4254388,7.741653653324566
1892381,486878,3768144,4255022,7.739400835527586
1892424,486897,3768197,4255094,7.7392076763668705
1892431,486902,3768216,4255118,7.7391672246160415
1892472,486902,3768295,4255197,7.739329474925139
1892482,486902,3768305,4255207,7.7393500129389485
1892608,486958,3768709,4255667,7.739289630727907
1892617,486963,3768717,4255680,7.73922659421763
1892658,486973,3768739,4255712,7.739112846092083
1892684,486982,3768772,4255754,7.739037582497915
1892710,486988,3768800,4255788,7.7389997289460934
1893718,486988,3770047,4257035,7.741560366990562
1893768,486988,3770226,4257214,7.741927932515791
1893769,486988,3770228,4257216,7.741932039393168
1893925,487071,3770593,4257664,7.741362142274945
1894455,487078,3772402,4259480,7.744964872155999
1894627,487078,3772523,4259601,7.745213292326897
1894718,487078,3772550,4259628,7.745268724927014
1894733,487094,3772582,4259676,7.7450800050914195
1895018,487094,3773182,4260276,7.746311800186412
1895031,487099,3773186,4260285,7.746240497311635
1895047,487099,3773212,4260311,7.746293874551169
1895109,487099,3773229,4260328,7.746328775053942
1895116,487102,3773257,4260359,7.746338549215564
1895157,487102,3773306,4260408,7.746439144162824
1895694,487102,3773915,4261017,7.747689395650192
1895728,487113,3773989,4261102,7.747666352571169
1895793,487113,3774070,4261183,7.7478326384227065
1895799,487118,3774077,4261195,7.747767481390546
1896598,487152,3775544,4262696,7.750238118698065
1896713,487152,3775847,4262999,7.750860101159391
1896800,487152,3775959,4263111,7.751090008867869
1896817,487164,3776069,4263233,7.751124877864538
1897000,487173,3777137,4264310,7.753173923842249
1897036,487188,3777213,4264401,7.753091209143082
1897086,487205,3777277,4264482,7.752952042774602
1897097,487208,3777296,4264504,7.752943301423622
1897188,487282,3777433,4264715,7.752047069253533
1897208,487282,3777454,4264736,7.752090165448344
1897240,487310,3777527,4264837,7.751794545566478
1897250,487311,3777544,4264855,7.751813523601971
1897268,487322,3777571,4264893,7.751693951842929
1897576,487325,3777931,4265256,7.752384958703124
1897596,487327,3777938,4265265,7.752367506828064
1897599,487329,3777945,4265274,7.752350055096249
1897622,487336,3777997,4265333,7.752345404402712
1897631,487336,3778008,4265344,7.752367976098626
1897710,487364,3778145,4265509,7.752203691696556
1898014,487450,3778793,4266243,7.752165350292338
1898145,487477,3779083,4266560,7.752330879200454
1898156,487484,3779109,4266593,7.752272895110403
1898177,487489,3779125,4266614,7.752226204078451
1898234,487564,3779279,4266843,7.751349566415896
1898268,487573,3779302,4266875,7.751253658426533
1898456,487578,3779577,4267155,7.751738183429113
1898458,487578,3779581,4267159,7.751746387244707
1898549,487619,3779771,4267390,7.751484253074634
1898571,487619,3779795,4267414,7.751533471829441
1898591,487619,3779795,4267414,7.751533471829441
1898611,487619,3779832,4267451,7.7516093507431005
1898614,487619,3779838,4267457,7.751621655431802
1898660,487647,3779895,4267542,7.751293456127075
1898780,487673,3780021,4267694,7.7511385703124835
1898782,487675,3780034,4267709,7.751133439278208
1899148,487864,3780947,4268811,7.75000204975157
1899177,487876,3780967,4268843,7.749852421516943
1899202,487882,3780998,4268880,7.749820653354704
1899379,487882,3781379,4269261,7.750601579890219
1899407,487884,3781425,4269309,7.750664092284231
1899418,487884,3781442,4269326,7.750698936632478
1899449,487890,3781538,4269428,7.750800385332759
1899526,487890,3781655,4269545,7.7510401934862365
1899988,488132,3782727,4270859,7.7493936066473825
1899993,488134,3782731,4270865,7.749370050027246
1900028,488145,3782786,4270931,7.749308094930809
1900064,488155,3782850,4271005,7.749280453954174
1900077,488161,3782861,4271022,7.749207740888764
1900456,488259,3783053,4271312,7.748045606942217
1900840,488260,3784458,4272718,7.750907303485848
1900893,488279,3784540,4272819,7.750773635564912
1900916,488279,3784581,4272860,7.750857603951839
1900960,488295,3784643,4272938,7.750730603426208
1901001,488308,3784684,4272992,7.750608222679129
1901046,488313,3784771,4273084,7.7507070260263395
1901127,488321,3784820,4273141,7.750680392610598
1901537,488321,3785675,4273996,7.752431290073537
1901589,488337,3785750,4274087,7.752330869870602
1901696,488363,3786009,4274372,7.752448486064669
1901755,488380,3786136,4274516,7.752438674802408
1901795,488387,3786243,4274630,7.752546648457064
1901866,488441,3786360,4274801,7.751929096861238
1901936,488441,3786497,4274938,7.752209581095772
1901971,488459,3786543,4275002,7.752018081353809
1901991,488465,3786567,4275032,7.7519719938992555
1902036,488502,3786671,4275173,7.751597741667383
1902200,488502,3786956,4275458,7.752181157907235
1902205,488507,3786961,4275468,7.752112047524395
1902220,488507,3786981,4275488,7.752152988595864
1902233,488514,3786990,4275504,7.752060329898427
1902267,488515,3787059,4275574,7.752185705658987
1902424,488581,3787258,4275839,7.751545803050057
1902464,488609,3787349,4275958,7.7512878395608755
1902537,488639,3787436,4276075,7.750989994658633
1902727,488639,3787757,4276396,7.751646921346843
1902741,488650,3787789,4276439,7.751537910569938
1902772,488655,3787821,4276476,7.751524081407128
1902795,488655,3787889,4276544,7.751663238890424
1902839,488658,3788001,4276659,7.751844848544381
1902873,488680,3788082,4276762,7.751661619055414
1902939,488689,3788106,4276795,7.751567970631629
1902946,488693,3788108,4276801,7.751508615838573
1903219,488693,3788127,4276820,7.751547495053131
1903293,488726,3788313,4277039,7.751404672556811
1904042,488726,3790160,4278886,7.755183886267561
1904275,488737,3790476,4279213,7.755655904914095
1904328,488757,3790559,4279316,7.755508361005571
1904344,488766,3790577,4279343,7.755402380689328
1919208,488837,3902361,4391198,7.982949326667171
1919272,488895,3902606,4391501,7.982503400525675
1919321,488918,3902664,4391582,7.982246511684986
1919592,489009,3903458,4392467,7.9823847822841705
1919875,489055,3904025,4393080,7.982793346351637
1920075,489167,3904367,4393534,7.9816647484396945
1920301,489167,3904404,4393571,7.981740387229719
1920335,489180,3904430,4393610,7.9815814219714625
1920370,489180,3904494,4393674,7.981712253158347
1920379,489184,3904505,4393689,7.9816694740629295
1920447,489189,3904610,4393799,7.981802534398771
1920533,489210,3904702,4393912,7.981647963042456
1920539,489210,3904721,4393931,7.981686801169232
1920763,489260,3905304,4394564,7.982062706945182
1920848,489300,3905379,4394679,7.981563458001227
1920871,489314,3905411,4394725,7.981400491300065
1920910,489314,3905417,4394731,7.981412753364915
1920920,489314,3905427,4394741,7.981433190139665
1921020,489390,3905615,4395005,7.980577862236662
1922215,489390,3907331,4396721,7.984084268170579
1922248,489398,3907373,4396771,7.984039575151512
1923007,489420,3908311,4397731,7.985597237546483
1923018,489423,3908323,4397746,7.98557280716272
1923112,489472,3908400,4397872,7.98493070083682
1923127,489472,3908400,4397872,7.98493070083682
1923208,489472,3908455,4397927,7.985043066814853
1923222,489477,3908468,4397945,7.984988058683044
1923315,489493,3908516,4398009,7.9848251149658935
1923379,489515,3908657,4398172,7.984754297621115
1923399,489515,3908678,4398193,7.984797197225825
1923492,489570,3908896,4398466,7.984345446003636
1923516,489581,3908944,4398525,7.984264095216114
1923700,489672,3909283,4398955,7.983472610237056
1923808,489672,3909840,4399512,7.984610106356908
1923829,489672,3909883,4399555,7.984697920240487
1923841,489672,3909904,4399576,7.984740806090608
1924300,489858,3910695,4400553,7.983323738716118
1924598,489858,3911254,4401112,7.9844648857423985
1924706,489929,3911444,4401373,7.983695596708911
1924948,489949,3911759,4401708,7.9840126217218526
1924976,489961,3911812,4401773,7.983925251193463
1924981,489961,3911838,4401799,7.983978316641529
1925109,490010,3912068,4402078,7.9836493132793205
1925165,490044,3912130,4402174,7.983221914766837
1925170,490044,3912141,4402185,7.983244361730783
1925202,490048,3912194,4402242,7.983287351443124
1925219,490056,3912219,4402275,7.983208041529948
1925439,490157,3912642,4402799,7.98242603900383
1925475,490157,3912718,4402875,7.982581091364604
1925536,490179,3912804,4402983,7.982398266755614
1925569,490179,3912836,4403015,7.982463549030048
1925767,490285,3913264,4403549,7.981610695819779
1925778,490289,3913293,4403582,7.981604727007948
1926047,490289,3913721,4404010,7.982477681530689
1926094,490313,3913795,4404108,7.982237876621668
1926107,490313,3913800,4404113,7.982248074189345
1926115,490316,3913833,4404149,7.982266538314067
1926140,490323,3913863,4404186,7.982213765211911
1926216,490381,3913973,4404354,7.981493981210528
1926547,490429,3914157,4404586,7.9810879862324615
1926558,490429,3914184,4404613,7.9811430400730785
1926581,490429,3914246,4404675,7.981269460003385
1926907,490679,3914893,4405572,7.978521599660878
1926928,490696,3914941,4405637,7.97834300666808
1926961,490706,3915072,4405778,7.978447379897536
1926975,490706,3915100,4405806,7.978504440540772
1927044,490728,3915216,4405944,7.978383136890497
1927133,490776,3915345,4406121,7.977865665802729
1927162,490776,3915392,4406168,7.977961432506887
1927200,490776,3915495,4406271,7.978171304220255
1927207,490776,3915517,4406293,7.978216131188159
1927302,490776,3915620,4406396,7.978426002901528
1927313,490781,3915626,4406407,7.97835694535852
1927354,490808,3915698,4406506,7.97806474222099
1927414,490808,3915790,4406598,7.9782521882283906
1927416,490810,3915790,4406600,7.978219677675679
1927439,490820,3915825,4406645,7.978128438123956
1927460,490829,3915868,4406697,7.978069755454547
1927503,490838,3915951,4406789,7.978092568220064
1927555,490853,3916083,4406936,7.978117684928074
1927605,490870,3916151,4407021,7.977979913215312
1927717,490940,3916462,4407402,7.977475862630872
1927868,491046,3916704,4407750,7.976246624552486
1927922,491046,3916767,4407813,7.976374922105057
1927991,491104,3917013,4408117,7.975933814426273
1927992,491104,3917015,4408119,7.97593788688343
1928152,491152,3917344,4408496,7.975828256832915
1928197,491181,3917402,4408583,7.975475435735503
1928240,491206,3917469,4408675,7.97520592175177
1928407,491230,3917907,4409137,7.975707916861755
1928420,491230,3917933,4409163,7.975760845225251
1928482,491296,3918123,4409419,7.97507612518726
1928545,491323,3918232,4409555,7.974859715502836
1928586,491357,3918328,4409685,7.974503263411329
1928616,491370,3918363,4409733,7.974363514256059
1928647,491377,3918396,4409773,7.974317072227638
1929756,491392,3919958,4411350,7.977252376921073
1929796,491399,3920013,4411412,7.977250665955771
1929827,491420,3920051,4411471,7.976987098612185
1929851,491437,3920087,4411524,7.976784409802273
1930062,491545,3920512,4412057,7.97589640826374
1930104,491575,3920583,4412158,7.975554086355083
1930119,491578,3920606,4412184,7.975552201278332
1930187,491612,3920709,4412321,7.9752101250579726
1930191,491613,3920712,4412325,7.975200004881889
1930234,491631,3920746,4412377,7.974977167835226
1930254,491638,3920771,4412409,7.974914469589414
1930278,491652,3920804,4412456,7.974754501151221
1930472,491699,3920950,4412649,7.974289148442441
1930543,491721,3921224,4412945,7.974489598776542
1930739,491721,3921552,4413273,7.975156643706492
1930748,491723,3921568,4413291,7.975156744752635
1930765,491733,3921617,4413350,7.975094207628937
1931476,491764,3922244,4414008,7.975866472535606
1931481,491769,3922259,4414028,7.975815881033575
1931538,491780,3922345,4414125,7.975812355118142
1931592,491822,3922476,4414298,7.975397603197905
1931648,491825,3922678,4414503,7.975759670614548
1931661,491832,3922691,4414523,7.975672587387563
1931694,491837,3922720,4414557,7.975650469566137
1931722,491849,3922781,4414630,7.975579903588296
1931850,491852,3923282,4415134,7.9765498564608865
1932055,491877,3923447,4415324,7.976479892330806
1932104,491877,3923556,4415433,7.976701492446282
1932206,491894,3923722,4415616,7.976763286399102
1932270,491935,3923807,4415742,7.976271255348776
1932279,491935,3923807,4415742,7.976271255348776
1932543,492059,3924177,4416236,7.975013158991096
1932551,492064,3924189,4416253,7.974956509722313
1932685,492064,3924458,4416522,7.975503186577356
1932690,492064,3924481,4416545,7.97554992846459
1932772,492081,3924633,4416714,7.975583288117201
1932792,492092,3924662,4416754,7.975463937637677
1932956,492192,3925007,4417199,7.974544486704375
1933041,492192,3925169,4417361,7.97487362655224
1933052,492192,3925179,4417371,7.9748939438268
1933070,492206,3925189,4417395,7.9746874276217685
1933083,492209,3925214,4417423,7.974689613558468
1933115,492228,3925253,4417481,7.974461022127957
1933116,492228,3925257,4417485,7.974469148443404
1933413,492422,3926051,4418473,7.972939876772362
1933436,492425,3926110,4418535,7.973011118444433
1933814,492435,3926533,4418968,7.973708205143826
1933843,492446,3926553,4418999,7.973570706229719
1933870,492446,3926585,4419031,7.97363568797391
1933963,492463,3926748,4419211,7.973691424533417
1934031,492513,3926848,4419361,7.973084974406767
1934049,492513,3926858,4419371,7.973105278439351
1934091,492524,3926947,4419471,7.97310790946228
1934136,492547,3926994,4419541,7.972831019171775
1934198,492580,3927099,4419679,7.972510049129076
1934228,492582,3927188,4419770,7.97265835942036
1934230,492582,3927190,4419772,7.972662419658047
1934392,492682,3927376,4420058,7.971421728417113
1934416,492688,3927400,4420088,7.971373364076251
1934622,492762,3927976,4420738,7.971345193014072
1934632,492762,3928010,4420772,7.971414191841092
1934661,492775,3928040,4420815,7.971264776013394
1934690,492789,3928087,4420876,7.971133690078309
1934762,492845,3928284,4421129,7.9706276821312985
1934870,492857,3928577,4421434,7.971028107544379
1934891,492857,3928607,4421464,7.9710889771272395
1934936,492857,3928744,4421601,7.971366948222304
1934944,492857,3928744,4421601,7.971366948222304
1935009,492857,3928744,4421601,7.971366948222304
1935474,493054,3929724,4422778,7.970169596028021
1935716,493054,3929897,4422951,7.970520470374442
1936026,493054,3930816,4423870,7.972384363578837
1936165,493063,3931605,4424668,7.97383904288093
1936173,493063,3931605,4424668,7.97383904288093
1936208,493075,3931702,4424777,7.973841707650966
1936427,493192,3932174,4425366,7.972907103116028
1936865,493212,3932591,4425803,7.973429275848925
1936887,493218,3932658,4425876,7.973468121601401
1936995,493241,3932731,4425972,7.973244316672782
1937008,493241,3932735,4425976,7.973252426298706
1937472,493314,3933409,4426723,7.973438823953912
1937510,493325,3933437,4426762,7.973317792530279
1937631,493325,3933777,4427102,7.974006993361375
1937696,493325,3933855,4427180,7.974165104140273
1937778,493344,3933949,4427293,7.97404853408575
1937809,493366,3934042,4427408,7.973881459200674
1937975,493377,3934349,4427726,7.974325921151574
1937982,493378,3934365,4427743,7.974342187937038
1937993,493385,3934393,4427778,7.974285801149204
1938335,493410,3935146,4428556,7.975407875803085
1939345,494028,3936873,4430901,7.968926862445044
1939362,494034,3936891,4430925,7.968866515260084
1939414,494068,3937010,4431078,7.968558983783609
1939450,494076,3937039,4431115,7.9684886535674675
1939540,494109,3937155,4431264,7.968191229060794
1939653,494109,3937155,4431264,7.968191229060794
1939686,494109,3937189,4431298,7.968260039788792
1939788,494132,3937380,4431512,7.968275683420624
1939854,494166,3937498,4431664,7.967966229971305
1939960,494166,3937561,4431727,7.968093717495741
1940079,494235,3937707,4431942,7.967276700355094
1940096,494244,3937733,4431977,7.96718422479585
1940113,494267,3937789,4432056,7.966926782488008
1940155,494276,3937825,4432101,7.966854550898688
1940173,494287,3937867,4432154,7.966762225184963
1940319,494324,3938000,4432324,7.966434969776907
1940347,494326,3938015,4432341,7.96643308262159
1940375,494334,3938071,4432405,7.966417442457933
1940389,494341,3938097,4432438,7.966357231142066
1940495,494393,3938179,4432572,7.965685193762857
1940632,494431,3938405,4432836,7.965530073963809
1940645,494434,3938410,4432844,7.965491855333573
1940666,494434,3938450,4432884,7.965572755918889
1940696,494445,3938505,4432950,7.96550678032946
1940718,494445,3938555,4433000,7.965607903811344
1940785,494454,3938612,4433066,7.965578193320309
1940805,494454,3938655,4433109,7.965665157931779
1941371,494462,3939634,4434096,7.9675162095368295
1941503,494479,3939867,4434346,7.967713492382892
1942651,494482,3941740,4436222,7.971452954809275
1942682,494482,3941789,4436271,7.971552048406211
1942703,494482,3941835,4436317,7.971645075048232
1942724,494484,3941835,4436319,7.9716128327711315
1942761,494488,3941887,4436375,7.971653508275226
1942932,494546,3942066,4436612,7.971080546602338
1943003,494592,3942283,4436875,7.970777934135611
1943042,494600,3942346,4436946,7.970776384957541
1943088,494614,3942368,4436982,7.970595252055138
1943107,494624,3942392,4437016,7.970482629229475
1943146,494642,3942440,4437082,7.970289623606568
1943175,494642,3942512,4437154,7.970435183425589
1943196,494648,3942564,4437212,7.97044362860054
1943253,494670,3942693,4437363,7.970349930256535
1943460,494787,3942978,4437765,7.969041223799332
1943489,494807,3943046,4437853,7.968856544066677
1943521,494829,3943095,4437924,7.968601274379634
1943529,494830,3943103,4437933,7.968601337833195
1943538,494838,3943128,4437966,7.968523031780098
1943632,494896,3943222,4438118,7.967779088939898
1944719,494929,3945462,4440391,7.971773729161153
1944748,494942,3945489,4440431,7.971618896759621
1944792,494965,3945592,4440557,7.971456567636095
1944859,494989,3945669,4440658,7.971225623195667
1944911,495018,3945759,4440777,7.9709404506502795
1945622,495238,3946719,4441957,7.969337974872688
1945713,495249,3946766,4442015,7.9692558692698015
1945714,495249,3946766,4442015,7.9692558692698015
1945800,495344,3946968,4442312,7.9681352756871995
1945873,495382,3947101,4442483,7.9677925318239256
1945919,495387,3947133,4442520,7.967776707907151
1946085,495393,3947416,4442809,7.968251469035695
1946122,495393,3947484,4442877,7.96838873379317
1946217,495426,3947696,4443122,7.968285879223133
1946838,495686,3948849,4444535,7.966432378562235
1946888,495697,3948923,4444620,7.966404880400729
1946906,495697,3948940,4444637,7.966439175544738
1948622,495725,3952387,4448112,7.9729426597407835
1948654,495733,3952456,4448189,7.972953182459106
1948767,495754,3952717,4448471,7.973141921194786
1948773,495758,3952728,4448486,7.973099778520972
1948915,495762,3953138,4448900,7.973862458195667
1949179,495762,3953807,4449569,7.975211896030757
1949218,495782,3953967,4449749,7.975212895990577
1949328,495782,3954307,4450089,7.975898681275238
1949389,495794,3954365,4450159,7.975822619878417
1949414,495809,3954423,4450232,7.975698303177231
1949537,495831,3954713,4450544,7.975929298490817
1949548,495834,3954732,4450566,7.975919360108423
1949574,495838,3954761,4450599,7.975913504007357
1949588,495838,3954787,4450625,7.975965940488627
1949680,495904,3954928,4450832,7.975188746208944
1949745,495921,3954983,4450904,7.975026264263865
1949955,495921,3955630,4451551,7.976330907543741
1949971,495929,3955640,4451569,7.976222402803627
1949996,495932,3955672,4451604,7.976238677883258
1949999,495932,3955682,4451614,7.976258841938008
1950009,495932,3955684,4451616,7.976262874748958
1950202,495993,3955911,4451904,7.975739576969836
1950333,496057,3956166,4452223,7.975224621364077
1950342,496060,3956180,4452240,7.975204612345281
1950437,496082,3956330,4452412,7.975153301268742
1950444,496082,3956330,4452412,7.975153301268742
1950576,496135,3956478,4452613,7.974599655335745
1950659,496135,3956615,4452750,7.9748757898555835
1950670,496137,3956640,4452777,7.9748940312857135
1950742,496178,3956801,4452979,7.974559533070793
1950772,496196,3956826,4453022,7.974320631363413
1950814,496216,3956864,4453080,7.9740758056975185
1950815,496216,3956866,4453082,7.974079836200365
1950858,496224,3956964,4453188,7.974148771522538
1950897,496224,3957017,4453241,7.974255578126008
1950904,496225,3957025,4453250,7.9742556300065495
1951097,496238,3957314,4453552,7.97462910941927
1951274,496347,3957648,4453995,7.9735507618661945
1951278,496354,3957659,4454013,7.973460473774765
1951324,496354,3957802,4454156,7.973748574606027
1951350,496358,3957851,4454209,7.9737830356315405
1951381,496376,3957901,4454277,7.973594613760536
1951401,496380,3957905,4454285,7.973538418147387
1951447,496386,3957937,4454323,7.973506505018272
1951846,496652,3958718,4455370,7.970808533943284
1952062,496652,3959571,4456223,7.9725260343258455
1952089,496667,3959636,4456303,7.972416125895218
1952122,496667,3959668,4456335,7.972480555382178
1952142,496693,3959762,4456455,7.972252477888756
1952222,496693,3959856,4456549,7.972441729599572
1952272,496707,3959933,4456640,7.9723720422703925
1952310,496741,3960006,4456747,7.971973322113536
1953908,496830,3963099,4459929,7.976770726405411
1953924,496839,3963114,4459953,7.976656421899247
1954628,496839,3963977,4460816,7.978393403094363
1954708,496915,3964284,4461199,7.9777909702866685
1954760,496927,3964333,4461260,7.9776969253029115
1954809,496927,3964349,4461276,7.977729123191133
1954863,496928,3964493,4461421,7.978002849507373
1954871,496931,3964499,4461430,7.977966759972713
1954893,496948,3964547,4461495,7.9777904328018225
1954979,496948,3964617,4461565,7.977931292610092
1955240,497020,3964749,4461769,7.977041165345459
1955622,497020,3965504,4462524,7.978560218904672
1955661,497034,3965547,4462581,7.978421999299846
1955706,497046,3965624,4462670,7.9783842944113825
1955726,497046,3965648,4462694,7.978432579680754
1955735,497048,3965663,4462711,7.978430654584668
1955765,497059,3965718,4462777,7.978364741408967
1955794,497067,3965769,4462836,7.978338936199748
1955854,497067,3965809,4462876,7.978419408248787
1955876,497079,3965868,4462947,7.978345494378157
1956294,497090,3966272,4463362,7.978981673338832
1956381,497156,3966421,4463577,7.978222127460998
1956405,497156,3966453,4463609,7.978286493575458
1956471,497167,3966539,4463706,7.978282951201508
1956584,497232,3966807,4464039,7.977778984457959
1956600,497232,3966833,4464065,7.97783127393249
1956726,497267,3967101,4464368,7.977808702367139
1956745,497272,3967139,4464411,7.97780490355379
1956770,497281,3967191,4464472,7.977765086540608
1956817,497297,3967230,4464527,7.977586834426912
1957080,497362,3967909,4465271,7.9779094502595695
1957127,497382,3967947,4465329,7.977665054223916
1957175,497393,3968039,4465432,7.977673590098775
1957210,497393,3968073,4465466,7.977741946509099
1957211,497393,3968075,4465468,7.977745967474411
1957241,497418,3968171,4465589,7.977538006264349
1957274,497418,3968235,4465653,7.97766667068743
1957338,497458,3968370,4465828,7.977296575791323
1957356,497458,3968403,4465861,7.977362913049946
1957362,497466,3968411,4465877,7.977250706580953
1957477,497510,3968691,4466201,7.977107997829189
1957588,497523,3968821,4466344,7.977160854875051
1957659,497533,3968970,4466503,7.977299998191075
1957665,497540,3968981,4466521,7.977209872573059
1957861,497540,3969309,4466849,7.977869116050971
1957955,497558,3969518,4467076,7.9780005547092
1957966,497558,3969528,4467086,7.978020652868611
1958027,497564,3969645,4467209,7.978159593539726
1958109,497580,3969806,4467386,7.978226616825435
1958186,497621,3969959,4467580,7.977876737517106
1958194,497621,3969975,4467596,7.977908890501004
1958240,497637,3970021,4467658,7.9777448220289084
1958294,497649,3970067,4467716,7.977644886255172
1958408,497655,3970378,4468033,7.978173634345079
1958811,497737,3971272,4469009,7.978655394314668
1958850,497745,3971316,4469061,7.978615556158274
1958879,497757,3971361,4469118,7.9785136120637175
1959131,497836,3971643,4469479,7.977813978900683
1959215,497894,3971805,4469699,7.977210008556038
1959366,497903,3972099,4470002,7.977656290482282
1959733,497903,3972416,4470319,7.97829296067708
1959769,497913,3972480,4470393,7.978261262509715
1959842,497916,3972501,4470417,7.978255368375389
1959967,497918,3972980,4470898,7.9791853277045615
1960007,497947,3973074,4471021,7.978909402004631
1960041,497973,3973133,4471106,7.978611290170351
1960078,497992,3973186,4471178,7.978413307844303
1960690,497992,3973925,4471917,7.979897267425983
1960706,497992,3973951,4471943,7.979949477100034
1960716,497995,3973963,4471958,7.979925501260053
1960938,498086,3974318,4472404,7.979180302196809
1960970,498094,3974365,4472459,7.979146506482712
1960973,498094,3974374,4472468,7.979164575361277
1961027,498106,3974461,4472567,7.979147008869598
1961479,498106,3975293,4473399,7.9808173360690295
1961528,498106,3975402,4473508,7.981036164992993
1961591,498106,3975599,4473705,7.981431663139975
1961613,498112,3975631,4473743,7.981399765514583
1962191,498146,3976416,4474562,7.982430853605168
1962216,498155,3976451,4474606,7.982356896949745
1962263,498164,3976493,4474657,7.982296994564039
1962287,498170,3976521,4474691,7.982257060842684
1962356,498170,3976716,4474886,7.98264849348616
1962386,498179,3976749,4474928,7.982570521840543
1962397,498184,3976766,4474950,7.982524529089654
1962489,498221,3976850,4475071,7.982100312913346
1963051,498360,3977174,4475534,7.980524119110683
1963055,498360,3977176,4475536,7.980528132273858
1963064,498360,3977176,4475536,7.980528132273858
1963114,498391,3977250,4475641,7.980180219947792
1963129,498397,3977285,4475682,7.980154374926013
1963215,498444,3977446,4475890,7.97972490390094
1963331,498496,3977555,4476051,7.979111166388496
1963346,498505,3977582,4476087,7.9790212736080885
1963479,498552,3977755,4476307,7.9786160721449315
1963481,498552,3977757,4476309,7.978620083762577
1963499,498552,3977777,4476329,7.978660199939023
1963538,498564,3977799,4476363,7.978512287289094
1963620,498564,3977975,4476539,7.9788653011448885
1963788,498574,3978163,4476737,7.979082342841785
1963800,498577,3978183,4476760,7.979074445872954
1963849,498608,3978249,4476857,7.978710730674197
1963857,498609,3978260,4476869,7.978716790110086
1963879,498609,3978320,4476929,7.97883712488142
1963932,498637,3978418,4477055,7.978585624412148
1963958,498647,3979447,4478094,7.980489203785443
1964031,498698,3979521,4478219,7.979821455069
1965050,498698,3981026,4479724,7.982839313572543
1965096,498734,3981112,4479846,7.982435526753741
1965172,498786,3981241,4480027,7.981861960840922
1965242,498786,3981336,4480122,7.982052423283733
1965303,498804,3981357,4480161,7.981806481102798
1965327,498819,3981387,4480206,7.981626602034004
1965508,498865,3981970,4480835,7.982059274553236
1965591,498917,3982118,4481035,7.981523980942722
1965605,498938,3982153,4481091,7.981258192400659
1965610,498938,3982153,4481091,7.981258192400659
1965613,498938,3982158,4481096,7.981268213685869
1965644,498946,3982214,4481160,7.981252480228322
1965723,498981,3982340,4481321,7.980945166248815
1965759,498995,3982361,4481356,7.980763334301947
1966078,498995,3982947,4481942,7.98193769476648
1966116,499018,3983015,4482033,7.9817060707228995
1966139,499032,3983048,4482080,7.981548277465173
1966549,499032,3983903,4482935,7.983261594446849
1966598,499033,3983994,4483027,7.983427949654632
1966623,499047,3984033,4483080,7.983282135750741
1967063,499177,3984335,4483512,7.9818080560602755
1967096,499177,3984367,4483544,7.981872161577957
1967341,499177,3985381,4484558,7.983903505169509
1967384,499187,3985432,4484619,7.983845733162122
1967478,499196,3985727,4484923,7.98429274273031
1967489,499199,3985739,4484938,7.984268798615382
1967501,499206,3985763,4484969,7.984204917408845
1967527,499206,3985803,4485009,7.984285044650906
1968088,499389,3986500,4485889,7.982754926520208
1968102,499389,3986526,4485915,7.982806990141953
1968249,499466,3986979,4486445,7.982483292156022
1968273,499473,3987018,4486491,7.9824495017748704
1968791,499485,3988788,4488273,7.9858013754166794
1968815,499485,3988838,4488323,7.985901478522878
1969202,499541,3989399,4488940,7.9861292666668
1970223,500068,3991329,4491397,7.981572506139165
1970274,500071,3991337,4491408,7.981540621231785
1970539,500071,3992162,4492233,7.983190386965051
1970650,500090,3992206,4492296,7.982975064488392
1970696,500120,3992279,4492399,7.982642165880189
1970711,500127,3992311,4492438,7.982594421017062
1970714,500127,3992320,4492447,7.982612416446223
1970815,500173,3992550,4492723,7.982338111013589
1970846,500184,3992598,4492782,7.982258528861379
1971040,500184,3993155,4493339,7.983372119060186
1971099,500199,3993226,4493425,7.983274656686639
1971128,500210,3993275,4493485,7.9831970572359605
1971254,500254,3993431,4493685,7.982806734179037
1971307,500254,3993489,4493743,7.982922675280958
1971387,500254,3993645,4493899,7.983234516865433
1971455,500302,3993801,4494103,7.982780400638014
1971472,500308,3993835,4494143,7.98275262438338
1971497,500309,3993864,4494173,7.982794632916858
1971869,500443,3994920,4495363,7.982767268200375
1971877,500443,3994939,4495382,7.982805234562178
1971995,500498,3995267,4495765,7.982583346986401
1972123,500575,3995484,4496059,7.981788942715877
1972166,500575,3995592,4496167,7.982004694601208
1972177,500577,3995615,4496192,7.982018750362082
1972250,500577,3995693,4496270,7.98217457054559
1972360,500649,3995927,4496576,7.981494020761052
1972371,500651,3995950,4496601,7.981508076484417
1972469,500700,3996123,4496823,7.981072498502097
1972524,500703,3996162,4496865,7.98110256978688
1972575,500703,3996162,4496865,7.98110256978688
1972835,500703,3996480,4497183,7.981737676826382
1972841,500706,3996492,4497198,7.981713820086038
1972887,500706,3996552,4497258,7.98183365088495
1972930,500732,3996617,4497349,7.981549012246072
1973124,500741,3997735,4498476,7.983638248116292
1973126,500741,3997737,4498478,7.983642242197064
1973152,500761,3997769,4498530,7.983387284552911
1973343,500761,3998218,4498979,7.984283919873952
1973354,500766,3998248,4499014,7.9842641073874825
1973432,500766,3998376,4499142,7.984519715795401
1973448,500766,3998402,4499168,7.98457163625326
1973658,500832,3998621,4499453,7.98395669605776
1973664,500834,3998632,4499466,7.983946776776337
1973700,500847,3998662,4499509,7.9837994437423
1973711,500854,3998683,4499537,7.983729789519501
1973906,500942,3999024,4499966,7.9830080129036896
1974045,500970,3999102,4500072,7.982717527995688
1974119,500979,3999520,4500499,7.983408486184052
1974143,500995,3999567,4500562,7.983247337797782
1974190,501022,3999653,4500675,7.982988770952174
1974346,501022,3999915,4500937,7.983511702080946
1974412,501038,4000044,4501082,7.98351422447
1974434,501045,4000080,4501125,7.98347453821513
1974487,501067,4000151,4501218,7.983265710972784
1974562,501086,4000220,4501306,7.983100705268158
1974630,501091,4000298,4501389,7.9831767084222225
1974666,501097,4000369,4501466,7.98322280915671
1974701,501105,4000390,4501495,7.983137266640724
1974739,501105,4000496,4501601,7.98334879915387
1974781,501114,4000554,4501668,7.983321160454508
1974845,501114,4000684,4501798,7.983580582462274
1974859,501120,4000707,4501827,7.983530890804598
1974887,501127,4000744,4501871,7.98349320631297
1974907,501137,4000763,4501900,7.983371812498379
1974931,501142,4000801,4501943,7.983367987516512
1974946,501142,4000827,4501969,7.98341986901916
1974954,501143,4000839,4501982,7.983427883857502
1974980,501164,4000867,4502031,7.9831492285958285
1975019,501189,4000944,4502133,7.982904652735794
1975115,501240,4001267,4502507,7.982736812704493
1975245,501240,4001653,4502893,7.983506902880856
1975262,501249,4001696,4502945,7.983449343539838
1975304,501265,4001770,4503035,7.983342144374732
1975381,501284,4001829,4503113,7.983157252176411
1975472,501284,4001877,4503161,7.983253006279873
1975481,501284,4001886,4503170,7.983270960174273
1975551,501322,4001991,4503313,7.982875277765587
1975909,501420,4002545,4503965,7.982419927406166
1975955,501453,4002609,4504062,7.9820222433607935
1976021,501457,4002742,4504199,7.982223799847245
1976034,501457,4002746,4504203,7.982231776602979
1976069,501488,4002865,4504353,7.98197564049389
1976072,501488,4002870,4504358,7.981985610822193
1976138,501508,4002931,4504439,7.981788924603396
1976148,501508,4002960,4504468,7.981846750201393
1976344,501511,4003229,4504740,7.982335382474163
1976366,501519,4003248,4504767,7.982245936843868
1976412,501519,4003298,4504817,7.982345633964018
1976472,501519,4003408,4504927,7.982564967628345
1976486,501525,4003435,4504960,7.982523303923035
1976509,501525,4003469,4504994,7.982591097153681
1976549,501525,4003569,4505094,7.982790489008524
1976713,501525,4003854,4505379,7.983358755794826
1976906,501525,4003948,4505473,7.983546184138378
1977178,501686,4004514,4506200,7.9821123172661785
1977179,501686,4004516,4506202,7.982116303823507
1977306,501736,4004687,4506423,7.981661670679401
1977309,501736,4004696,4506432,7.981679608399636
1977340,501746,4004741,4506487,7.981610217121811
1977364,501758,4004768,4506526,7.9814731404382195
1977405,501766,4004902,4506668,7.981612943085024
1977421,501766,4004928,4506694,7.981664760067442
1977695,501794,4005050,4506844,7.981462512505131
1977820,501836,4005222,4507058,7.981137263966715
1977846,501839,4005282,4507121,7.981209112882817
1978543,501839,4007177,4509016,7.98498522434486
1978623,501861,4007385,4509246,7.9850496452204895
1978674,501882,4007495,4509377,7.9849347057674915
1978692,501882,4007505,4509387,7.984954630769782
1978772,501882,4007819,4509701,7.985580275841731
1978991,502002,4008245,4510247,7.984519981992103
1979037,502049,4008363,4510412,7.984007537112912
1981191,502740,4010214,4512954,7.9767155985201095
1981211,502761,4010248,4513009,7.976450042863309
1981341,502819,4010429,4513248,7.975889932560225
1981373,502830,4010506,4513336,7.975868583815604
1981484,502841,4010609,4513450,7.97589894221036
1981547,502862,4010697,4513559,7.975740859321245
1981589,502862,4010731,4513593,7.975808472304529
1981913,503010,4011323,4514333,7.974638675175444
1981922,503010,4011328,4514338,7.9746486153356795
1981933,503013,4011340,4514353,7.974624910290589
1982364,503013,4012810,4515823,7.977547299970379
1982374,503013,4012826,4515839,7.9775791082934235
1982531,503086,4013093,4516179,7.976952250708626
1982692,503086,4013480,4516566,7.977721502884199
1982713,503095,4013528,4516623,7.977674196722289
1982842,503133,4013908,4517041,7.977826936416415
1982879,503133,4013944,4517077,7.97789848807373
1983055,503247,4014214,4517461,7.976627779201863
1983272,503400,4014593,4517993,7.974956297179181
1983402,503431,4014702,4518133,7.974681733941692
1983445,503455,4014749,4518204,7.974394931026606
1983455,503455,4014764,4518219,7.974424725149219
1983595,503509,4014919,4518428,7.97387732890574
1983693,503556,4015052,4518608,7.97339719911986
1983833,503665,4015310,4518975,7.9721838920711185
1983835,503665,4015315,4518980,7.972193819304498
1983843,503665,4015315,4518980,7.972193819304498
1983873,503679,4015405,4519084,7.972150913577894
1983889,503685,4015439,4519124,7.972123450172231
1984173,503694,4015626,4519320,7.972352261492096
1984258,503742,4015880,4519622,7.972096827344156
1984285,503750,4015909,4519659,7.972027791563275
1984370,503768,4015983,4519751,7.97188983817948
1984390,503768,4016004,4519772,7.971931524034873
1984591,503768,4016551,4520319,7.973017341315844
1984607,503768,4016577,4520345,7.973068952374903
1984618,503770,4016597,4520367,7.9730769994243404
1984694,503816,4016769,4520585,7.972690426663703
1984733,503826,4016804,4520630,7.97260165215769
1984840,503892,4017003,4520895,7.9719523231168585
1984866,503899,4017053,4520952,7.9719408055979475
1984876,503899,4017053,4520952,7.9719408055979475
1984930,503902,4017189,4521091,7.972163238089946
1984975,503904,4017201,4521105,7.972155410554391
1984985,503904,4017217,4521121,7.972187162634152
1985097,503904,4017471,4521375,7.972691226900362
1985233,503993,4017837,4521830,7.9720095318784185
1985285,504010,4017907,4521917,7.971879526199877
1985309,504011,4017959,4521970,7.971966881675201
1985311,504012,4017960,4521972,7.9719530487369346
1985338,504012,4018010,4522022,7.972052252724142
1985735,504204,4018633,4522837,7.970252120173581
1985756,504204,4018679,4522883,7.970343353087243
1985830,504277,4018844,4523121,7.969516753688945
1986253,504294,4019651,4523945,7.970848354332988
1986753,504338,4020443,4524781,7.971723328402778
1986763,504340,4020490,4524830,7.971784907007177
1986895,504351,4020764,4525115,7.972154313166822
1986936,504358,4020864,4525222,7.972241939257432
1986956,504358,4020864,4525222,7.972241939257432
1987245,504498,4021442,4525940,7.971175306938779
1987268,504513,4021474,4525987,7.971001738310014
1987293,504516,4021518,4526034,7.971041552696049
1987435,504535,4021690,4526225,7.971082283686959
1987447,504535,4021719,4526254,7.9711397623554365
1987478,504545,4021764,4526309,7.971070964928797
1987667,504577,4022109,4526686,7.971249184960868
1987722,504577,4022285,4526862,7.971597991981402
1987889,504577,4022578,4527155,7.972178676396268
1987920,504595,4022614,4527209,7.971965635806934
1988247,504597,4023181,4527778,7.973057707437817
1988472,504617,4023322,4527939,7.973021122950674
1988520,504629,4023397,4528026,7.972980149773398
1989578,505164,4025900,4531064,7.969491095960915
1989607,505172,4025947,4531119,7.969457927201033
1989610,505173,4025950,4531123,7.9694480900602365
1989637,505190,4025985,4531175,7.96924919337279
1989664,505207,4026024,4531231,7.96905822761759
1989672,505207,4026053,4531260,7.969115629830941
1989759,505207,4026253,4531460,7.96951150716439
1990137,505207,4026938,4532145,7.970867387031454
1990161,505207,4026998,4532205,7.970986150231489
1990243,505262,4027167,4532429,7.970452953121351
1990275,505282,4027217,4532499,7.9702364224334135
1990317,505305,4027309,4532614,7.970055708928271
1990559,505305,4027893,4533198,7.971211446552083
1990705,505305,4028092,4533397,7.971605268105401
1990729,505319,4028113,4533432,7.971425970525549
1990790,505319,4028231,4533550,7.971659486383849
1990836,505345,4028253,4533598,7.971292879122184
1990854,505358,4028266,4533624,7.9711135472279055
1991258,505363,4028995,4534358,7.972477209451424
1991344,505383,4029183,4534566,7.972533702162519
1991566,505460,4029375,4534835,7.9716990464131685
1991594,505469,4029420,4534889,7.971646134579965
1991644,505493,4029480,4534973,7.971386349563693
1991664,505493,4029480,4534973,7.971386349563693
1991716,505505,4029613,4535118,7.971460222945371
1991896,505604,4029861,4535465,7.970389870333304
1992176,505690,4030194,4535884,7.969692894856533
1992432,505697,4030373,4536070,7.969936543028731
1992525,505715,4030716,4536431,7.970331115351532
1992612,505734,4030816,4536550,7.970229409136028
1992702,505775,4030967,4536742,7.969881864465425
1992788,505818,4031063,4536881,7.969394129904432
1992818,505831,4031092,4536923,7.969246645618794
1992875,505846,4031203,4537049,7.969229765580829
1992891,505853,4031238,4537091,7.9691886773430225
1992947,505890,4031355,4537245,7.9688370989740855
1992956,505892,4031375,4537267,7.968845128999866
1992972,505892,4031401,4537293,7.968896523368624
1993005,505906,4031453,4537359,7.968778784991678
1993237,505922,4031561,4537483,7.968740240590447
1993477,506112,4032026,4538138,7.966667457005564
1993516,506112,4032079,4538191,7.966772176909458
1994483,506689,4034274,4540963,7.962031936750156
1995015,506689,4035592,4542281,7.964633137881422
1995072,506711,4035662,4542373,7.964425481191449
1995095,506720,4035704,4542424,7.964366908746448
1995111,506720,4035729,4542449,7.964416245658351
1995149,506720,4035835,4542555,7.964625434164825
1995199,506731,4035873,4542604,7.964527530385944
1995218,506738,4035929,4542667,7.964528020397128
1995254,506750,4035947,4542697,7.9643749383325115
1995321,506790,4036073,4542863,7.963994948598039
1995488,506808,4036434,4543242,7.964424397404934
1995593,506808,4036690,4543498,7.964929519660306
1996112,506808,4037175,4543983,7.965886489558176
1996191,506868,4037346,4544214,7.965280901536495
1996228,506868,4037394,4544262,7.965375600748124
1996297,506879,4037432,4544311,7.965277709275783
1996340,506895,4037481,4544376,7.965122954458024
1996487,506950,4037697,4544647,7.964684880165697
1996495,506951,4037715,4544666,7.964704675599811
1996522,506966,4037745,4544711,7.964528193212168
1996706,506966,4038151,4545117,7.965329035872228
1996739,506982,4038194,4545176,7.965162471251444
1997099,507142,4038731,4545873,7.963708389366292
1997169,507142,4038885,4546027,7.9640120518513555
1997206,507164,4038943,4546107,7.963780946597156
1997214,507164,4038943,4546107,7.963780946597156
1997309,507206,4039122,4546328,7.9634744068484995
1997332,507211,4039181,4546392,7.963512226667008
1997364,507211,4039215,4546426,7.963579259913527
1999128,507337,4042710,4550047,7.968490372277205
1999158,507337,4042751,4550088,7.96857118641061
1999159,507337,4042753,4550090,7.96857512856346
1999175,507337,4042779,4550116,7.968626376550498
1999299,507342,4042909,4550251,7.968804080876411
1999389,507348,4042951,4550299,7.968792623603522
1999590,507469,4043368,4550837,7.967714284025231
1999797,507569,4043808,4551377,7.967011381703768
1999867,507569,4043936,4551505,7.96726356416566
2000013,507601,4044087,4551688,7.96705877253985
2000027,507607,4044102,4551709,7.966994150986886
2000093,507626,4044245,4551871,7.96697765677881
2000128,507634,4044287,4551921,7.966934838879981
2000169,507634,4044364,4551998,7.967086522967334
2000195,507654,4044416,4552070,7.966875076331517
2000358,507663,4045348,4553011,7.968569700766059
2000586,507827,4045907,4553734,7.9670970625823365
2000610,507827,4045937,4553764,7.967156137818588
2000794,507910,4046401,4554311,7.966767734441141
2000847,507922,4046500,4554422,7.966774425994543
2000916,507936,4046581,4554517,7.966714310464311
2000965,507948,4046656,4554604,7.966673754006315
2000974,507951,4046683,4554634,7.9666798569153325
2001190,508097,4047134,4555231,7.965278283477367
2001226,508105,4047201,4555306,7.965284734454492
2001399,508231,4047575,4555806,7.964045876776505
2001420,508231,4047604,4555835,7.9641029374438
2001442,508236,4047618,4555854,7.964052133260926
2001445,508236,4047627,4555863,7.964069841569665
2001479,508236,4047699,4555935,7.964211508039572
2001499,508243,4047782,4556025,7.964265125146829
2001512,508249,4047803,4556052,7.964212423438118
2001620,508373,4048109,4556482,7.962871749679861
2001630,508373,4048125,4556498,7.962903222633774
2001665,508380,4048180,4556560,7.962901766395216
2001691,508382,4048218,4556600,7.962945186887026
2001709,508382,4048228,4556610,7.962964857134989
2001745,508404,4048279,4556683,7.962720592284875
2001763,508404,4048309,4556713,7.962779600475213
2001803,508417,4048336,4556753,7.96262910170195
2001890,508466,4048553,4557019,7.962288530599883
2001956,508517,4048648,4557165,7.961676797432534
2001986,508522,4048660,4557182,7.9616221127109545
2001998,508528,4048681,4557209,7.961569471100903
2002055,508547,4048740,4557287,7.961388032964504
2002450,508731,4049299,4558030,7.9596073366867754
2002496,508737,4049349,4558086,7.959611744378726
2002948,508737,4050181,4558918,7.961247167003776
2003065,508820,4050415,4559235,7.960408395896388
2003077,508820,4050469,4559289,7.960514523800165
2003110,508820,4050536,4559356,7.960646201014111
2003134,508829,4050560,4559389,7.960552562845278
2003203,508860,4050690,4559550,7.960323075109067
2005800,508982,4054773,4563755,7.966436927042607
2005830,508997,4054824,4563821,7.966302355416633
2005921,509012,4054961,4563973,7.966336746481419
2006051,509012,4055347,4564359,7.967095078308566
2006070,509018,4055373,4564391,7.967052245696616
2006108,509033,4055441,4564474,7.966951062111887
2007350,509040,4057455,4566495,7.970797972654409
2007393,509040,4057510,4566550,7.970906019173346
2007524,509115,4057693,4566808,7.970091236753975
2007661,509222,4057965,4567187,7.968950673772932
2007691,509235,4058036,4567271,7.968886663328326
2007788,509235,4058216,4567451,7.969240134711872
2007815,509247,4058245,4567492,7.9691092927400655
2007848,509254,4058300,4567554,7.96910775369462
2007859,509259,4058307,4567566,7.969043256967476
2007877,509266,4058338,4567604,7.968994592217034
2007921,509276,4058367,4567643,7.968895058867883
2008017,509335,4058554,4567889,7.968339108837995
2008080,509335,4058602,4567937,7.968433349367312
2008117,509335,4058703,4568038,7.968631647147752
2008137,509335,4058724,4568059,7.968672877379328
2008205,509375,4058843,4568218,7.968280736196319
2008236,509387,4058913,4568300,7.968230441687754
2008260,509387,4058934,4568321,7.968271667710405
2008262,509389,4058939,4568328,7.9682501977859745
2008297,509405,4058984,4568389,7.96808825983255
2008326,509428,4059055,4568483,7.967867883194485
2008341,509434,4059078,4568512,7.967819187568949
2008392,509434,4059202,4568636,7.968062594958326
2008401,509434,4059228,4568662,7.968113631991582
2008452,509441,4059329,4568770,7.9682024022408875
2008489,509454,4059386,4568840,7.968110958006022
2008519,509454,4059447,4568901,7.968230694037145
2008628,509454,4059645,4569099,7.968619345416858
2009353,509595,4061351,4570946,7.969762262188601
2009390,509623,4061440,4571063,7.969499021825938
2009406,509632,4061466,4571098,7.969409299259073
2009421,509632,4061476,4571108,7.969428921260831
2009423,509632,4061481,4571113,7.96943873226171
2009503,509690,4061627,4571317,7.96881830132041
2009532,509696,4061691,4571387,7.968850059643395
2009544,509702,4061703,4571405,7.968779796822457
2009547,509702,4061712,4571414,7.968797454198728
2009843,509829,4062213,4572042,7.967795084234125
2011380,509829,4065423,4575252,7.974091312969643
2011451,509829,4065550,4575379,7.974340416100301
2011474,509840,4065616,4575456,7.974297818923584
2011506,509849,4065648,4575497,7.974219818024553
2011890,509881,4066490,4576371,7.975370723757112
2011901,509881,4066500,4576381,7.97539033617648
2011908,509883,4066505,4576388,7.975368859130428
2011931,509889,4066566,4576455,7.975394644716792
2012103,509889,4066942,4576831,7.976132060115044
2012138,509909,4067008,4576917,7.975948649661018
2012304,509909,4067324,4577233,7.976568368081364
2012617,509909,4068110,4578019,7.978109819595261
2012635,509920,4068171,4578091,7.978057342328208
2012649,509922,4068183,4578105,7.978049584054032
2012669,509922,4068204,4578126,7.978090766823161
2012687,509922,4068237,4578159,7.9781554826032215
2012731,509938,4068347,4578285,7.978120869595911
2018492,512163,4079502,4591665,7.965241534433374
2018539,512186,4079601,4591787,7.9650771399452545
2018564,512197,4079680,4591877,7.965060318588356
2018579,512197,4080619,4592816,7.9668935975806185
2020298,512198,4097901,4610099,8.00061890128427
2020313,512198,4097925,4610123,8.000665758163835
2020373,512245,4097973,4610218,8.000025378481
2021012,512379,4098363,4610742,7.998694325879867
2021125,512388,4098492,4610880,7.99880559263683
2021130,512390,4098500,4610890,7.998789984191729
2021163,512408,4098572,4610980,7.998649513668795
2021273,512408,4098912,4611320,7.999313047415341
2021294,512408,4098955,4611363,7.9993969649185805
2021406,512488,4099291,4611779,7.998803874432181
2021478,512488,4099494,4611982,7.9991999812678545
2021673,512488,4099781,4612269,7.999759994380356
2022070,512548,4099950,4612498,7.99915325003707
2022255,512557,4101015,4613572,8.00109061041016
2022283,512572,4101041,4613613,8.000907189624092
2022306,512578,4101085,4613663,8.000899375314587
2022412,512610,4101290,4613900,8.00079982832953
2022481,512647,4101436,4614083,8.00050717160151
2022495,512652,4101451,4614103,8.000458400630448
2022535,512668,4101600,4614268,8.000499348506246
2022567,512689,4101679,4614368,8.000325733534364
2022707,512689,4101875,4614564,8.000708031574698
2022732,512689,4101917,4614606,8.00078995258334
2022756,512697,4101948,4614645,8.00072557475468
2022810,512708,4101986,4614694,8.000628037791492
2022849,512708,4102102,4614810,8.000854287430663
2022881,512708,4102151,4614859,8.000949858398933
2022910,512723,4102196,4614919,8.000803552795563
2022936,512731,4102235,4614966,8.000754781747155
2022975,512731,4102270,4615001,8.00082304366227
2023203,512731,4102744,4615475,8.001747505027003
2023287,512759,4102815,4615574,8.001449023810405
2023697,512895,4103361,4616256,8.00039189307753
2024034,512912,4103753,4616665,8.000890991047196
2024112,512967,4103907,4616874,8.000333354777208
2024126,512967,4103933,4616900,8.000384040298888
2024608,512967,4105088,4618055,8.002635647127398
2024711,512992,4105369,4618361,8.00279341588173
2024731,513008,4105400,4618408,8.002604247886973
2025072,513145,4106317,4619462,8.002254723323817
2025634,513316,4107131,4620447,8.001174714990377
2025875,513466,4107557,4621023,7.999666969185886
2025914,513474,4107601,4621075,7.999628024009005
2026149,513502,4108108,4621610,8.000179161911735
2026156,513505,4108121,4621626,8.00015773945726
2026267,513505,4108299,4621804,8.00050437678309
2026289,513507,4108306,4621813,8.000486848280548
2026476,513586,4108574,4622160,7.99977803133263
2026493,513601,4108629,4622230,7.99965148042936
2026585,513643,4108737,4622380,7.999207620857288
2026598,513643,4108737,4622380,7.999207620857288
2026634,513664,4108803,4622467,7.999009079865437
2026678,513692,4108896,4622588,7.9987541172531404
2026680,513692,4108896,4622588,7.9987541172531404
2026713,513695,4108914,4622609,7.9987424444466075
2026732,513695,4108961,4622656,7.998833938426499
2026788,513710,4109035,4622745,7.998744427789998
2026897,513710,4109239,4622949,7.999141539000603
2026943,513721,4109299,4623020,7.999087053089128
2026944,513721,4109301,4623022,7.999090946252927
2026981,513726,4109364,4623090,7.999135726048516
2026990,513728,4109380,4623108,7.99913572941323
2027250,513728,4109698,4623426,7.999754734022673
2027260,513728,4109710,4623438,7.999778092687181
2027315,513734,4109746,4623480,7.999754736887183
2027339,513745,4109766,4623511,7.999622380753097
2027348,513753,4109782,4623535,7.9995289565219085
2027455,513774,4109902,4623676,7.999435549482847
2027543,513797,4109995,4623792,7.999258461999584
2027616,513824,4110103,4623927,7.999048312262564
2027705,513873,4110347,4624220,7.998760394105158
2028245,513880,4111681,4625561,8.001247372927532
2028294,513890,4111753,4625643,8.001231781120474
2028362,513896,4111844,4625740,8.001315441256597
2028377,513900,4111880,4625780,8.001323214633198
2028395,513905,4111904,4625809,8.001292067600042
2029018,514198,4112920,4627118,7.998708668645152
2029019,514198,4112922,4627120,7.998712558197426
2029029,514201,4112943,4627144,7.998706731414369
2029113,514216,4113064,4627280,7.998708713847877
2029166,514221,4113085,4627306,7.998671777309756
2029319,514221,4113239,4627460,7.998971259439035
2029514,514221,4113491,4627712,7.9994613211051275
2029530,514229,4113536,4627765,7.999424380966457
2031236,514229,4116993,4631222,8.006147066773753
2031351,514258,4117080,4631338,8.005864760489871
2031481,514258,4117466,4631724,8.00661535649421
2031500,514258,4117481,4631739,8.006644524732721
2031535,514266,4117504,4631770,8.006564696091129
2031568,514271,4117520,4631791,8.006517964263978
2031575,514272,4117524,4631796,8.00651017360463
2031585,514280,4117532,4631812,8.006401182235358
2031604,514302,4117594,4631896,8.006179248768234
2031674,514324,4117668,4631992,8.005980665883762
2031719,514335,4117727,4632062,8.00592415449075
2031891,514335,4118103,4632438,8.006655195543761
2031920,514335,4118139,4632474,8.00672518883607
2032094,514385,4118255,4632640,8.006172419491238
2032131,514394,4118281,4632675,8.00608288588125
2032168,514402,4118380,4632782,8.006150831450888
2032215,514436,4118514,4632950,8.005882169988103
2032471,514499,4118769,4633268,8.00539748376576
2032499,514502,4118782,4633284,8.00537607239622
2032550,514513,4118860,4633373,8.005356521603925
2032560,514513,4118870,4633383,8.005375957458801
2032594,514529,4118942,4633471,8.005266952883122
2032624,514550,4118998,4633548,8.005049072004665
2032671,514572,4119072,4633644,8.004850633147548
2032691,514587,4119106,4633693,8.004683367438354
2032738,514587,4119200,4633787,8.00486603820151
2032756,514587,4119217,4633804,8.004899074403356
2032852,514587,4119317,4633904,8.005093405002459
2032868,514598,4119367,4633965,8.005019452077155
2032891,514609,4119394,4634003,8.00490080818641
2032984,514616,4119444,4634060,8.004889082344894
2033000,514625,4119464,4634089,8.004787952392519
2033043,514646,4119557,4634203,8.004642025780829
2033068,514658,4119598,4634256,8.004535050460694
2033094,514658,4119650,4634308,8.00463608843154
2033117,514658,4119695,4634353,8.00472352513708
2033192,514676,4119791,4634467,8.004630097381654
2033217,514682,4119827,4634509,8.004606728037896
2033299,514682,4119827,4634509,8.004606728037896
2033366,514682,4119949,4634631,8.00484376760796
2033485,514739,4120052,4634791,8.00415744678371
2033501,514739,4120078,4634817,8.0042079578194
2033545,514752,4120190,4634942,8.004223393012557
2033548,514752,4120199,4634951,8.004240877160264
2033566,514760,4120252,4635012,8.004219442070092
2033675,514804,4120381,4635185,8.00378590686941
2033726,514821,4120483,4635304,8.003719739482266
2033863,514932,4120713,4635645,8.002441099018899
2033887,514936,4120726,4635662,8.00240418226731
2035056,514936,4123252,4638188,8.0073096462473
2035144,514988,4123363,4638351,8.0067166613591
2035209,515003,4123445,4638448,8.00664267975138
2035750,515003,4123918,4638921,8.007561121003178
2035873,515090,4124155,4639245,8.006668737502183
2036075,515090,4124249,4639339,8.006851229882157
2036117,515090,4124311,4639401,8.006971597196607
2036136,515095,4124318,4639413,8.00690746367175
2036162,515095,4124357,4639452,8.006983177860395
2036195,515108,4124388,4639496,8.006841283769617
2036232,515121,4124406,4639527,8.006674160051716
2036404,515130,4125398,4640528,8.00846000038825
2036416,515135,4125414,4640549,8.008413328544945
2036432,515147,4125456,4640603,8.008308308113994
2036494,515173,4125593,4640766,8.008170071024685
2036742,515267,4125841,4641108,8.007190446894523
2036818,515297,4125895,4641192,8.006829071389898
2036840,515307,4125949,4641256,8.006778483505949
2036871,515329,4125987,4641316,8.006510404033152
2037161,515546,4126607,4642153,8.004342968425707
2037213,515571,4126743,4642314,8.004218623623128
2037228,515585,4126772,4642357,8.004057526886934
2037231,515585,4126781,4642366,8.004074982786543
2037237,515589,4126783,4642372,8.004016765291734
2037276,515592,4126814,4642406,8.004030318546448
2037296,515592,4126838,4642430,8.004076866980093
2037324,515607,4126887,4642494,8.003939046599445
2037601,515703,4127169,4642872,8.002995910436821
2037671,515756,4127275,4643031,8.002379031945338
2038304,516110,4128918,4645028,8.000073627715022
2039007,516116,4129753,4645869,8.001598477861567
2039055,516126,4129824,4645950,8.00158100928843
2039060,516126,4129824,4645950,8.00158100928843
2039085,516141,4129880,4646021,8.001456966216596
2039096,516143,4129915,4646058,8.001493772074793
2039312,516185,4130212,4646397,8.00141809622519
2039333,516185,4130242,4646427,8.001476214922944
2039541,516301,4130748,4647049,8.00065853058584
2039588,516338,4130874,4647212,8.000329241698267
2039607,516338,4130904,4647242,8.000387343174433
2039672,516338,4131032,4647370,8.00063524280607
2039728,516338,4131224,4647562,8.001007092253523
2039760,516364,4131270,4647634,8.00069330937091
2039788,516376,4131301,4647677,8.000567415991448
2039833,516376,4131404,4647780,8.000766883046463
2039937,516400,4131634,4648034,8.00084043377227
2040006,516443,4131731,4648174,8.000362092234768
2040104,516483,4131906,4648389,8.000081319230256
2040174,516508,4132023,4648531,7.999920620784189
2040201,516524,4132067,4648591,7.999757997692266
2040260,516530,4132310,4648840,8.00013551971812
2040333,516530,4132432,4648962,8.00037171122684
2040403,516569,4132578,4649147,8.000050332095034
2040843,516638,4133978,4650616,8.001691706765666
2040916,516661,4134113,4650774,8.001596791706747
2041082,516661,4134402,4651063,8.002156152680385
2041140,516675,4134505,4651180,8.002138675182659
2041360,516764,4134721,4651485,8.00117848766555
2041383,516766,4134732,4651498,8.001168807545389
2042359,516766,4136302,4653068,8.004206933118665
2042384,516771,4136331,4653102,8.004185606390452
2042410,516784,4136402,4653186,8.00412164463296
2042446,516798,4136453,4653251,8.00400349846555
2042488,516805,4136547,4653352,8.004076972939503
2042541,516816,4136634,4653450,8.0040749512399
2043398,517127,4138225,4655352,8.002337916991378
2043418,517135,4138272,4655407,8.00230500739652
2043428,517135,4138301,4655436,8.002361085596604
2043442,517138,4138313,4655451,8.002337867261737
2043487,517157,4138415,4655572,8.002241098931272
2043647,517184,4138674,4655858,8.002324124489544
2043650,517184,4138683,4655867,8.002341526419997
2043653,517187,4138685,4655872,8.002298975032241
2043769,517228,4138835,4656063,8.001954650560295
2044088,517228,4139421,4656649,8.003087613199595
2044171,517277,4139537,4656814,8.00255375746457
2044210,517277,4139585,4656862,8.002646551074182
2044219,517277,4139611,4656888,8.00269681427939
2044234,517288,4139624,4656912,8.002551770000464
2044261,517300,4139681,4656981,8.002476319350473
2045573,517305,4142975,4660280,8.008766588376297
2045705,517325,4143358,4660683,8.00919731310105
2045798,517377,4143482,4660859,8.008632003355387
2045853,517412,4143632,4661044,8.00838016899492
2045904,517420,4143653,4661073,8.008296934791852
2045953,517442,4143743,4661185,8.00813037983001
2046213,517442,4144061,4661503,8.008744941462039
2049030,517707,4149856,4667563,8.01583907499802
2049049,517711,4149866,4667577,8.015796457869351
2049078,517725,4149903,4667628,8.01565116615964
2049092,517729,4149937,4667666,8.015654908262817
2049136,517743,4150009,4667752,8.015577226539035
2049142,517746,4150025,4667771,8.015561684687086
2050077,517746,4151445,4669191,8.018304342283669
2051284,517906,4155805,4673711,8.024245712542431
2051962,517991,4157223,4675214,8.025666469108536
2052058,518016,4157321,4675337,8.025468325302693
2052269,518025,4158570,4676595,8.027739973939482
2052558,518025,4158927,4676952,8.02842912986825
2052581,518032,4158939,4676971,8.028343808876672
2052652,518092,4159165,4677257,8.027850265975927
2052944,518219,4160097,4678316,8.027681347075271
2053122,518307,4160389,4678696,8.026881751548792
2053144,518307,4160455,4678762,8.027009089207748
2053280,518376,4160754,4679130,8.026517431362564
2053318,518382,4160800,4679182,8.026513266278537
2053354,518402,4160838,4679240,8.026276904795893
2054236,518425,4164590,4683015,8.033158123161499
2054292,518436,4164677,4683113,8.03315549074524
2054336,518449,4164768,4683217,8.033129584587877
2054508,518573,4165253,4683826,8.032143979728987
2054574,518591,4165307,4683898,8.031969316860494
2054659,518591,4165448,4684039,8.032241207425505
2054684,518607,4165526,4684133,8.032143800604311
2054694,518607,4165542,4684149,8.032174652482515
2054751,518628,4165616,4684244,8.031992102238984
2054946,518628,4165868,4684496,8.032477999645218
2054968,518637,4166026,4684663,8.032643255301878
2055053,518654,4166119,4684773,8.032559278439962
2055174,518654,4166333,4684987,8.032971884917497
2055190,518654,4166343,4684997,8.032991165594018
2055194,518656,4166346,4685002,8.032965973593287
2055279,518676,4166558,4685234,8.03306495769999
2055319,518677,4166599,4685276,8.033128517362444
2055384,518677,4166720,4685397,8.03336180320315
2055408,518685,4166767,4685452,8.033328513452288
2055739,518685,4167103,4685788,8.033976305464781
2055795,518716,4167372,4686088,8.034014759521588
2055874,518718,4167631,4686349,8.034483091005132
2055913,518722,4167656,4686378,8.034469330392772
2055933,518722,4167677,4686399,8.03450981450565
2055989,518731,4167763,4686494,8.034536204699545
2056187,518731,4168277,4687008,8.0355270843655
2056686,518731,4169389,4688120,8.037670777339315
2056712,518740,4169431,4688171,8.03761229132128
2056737,518756,4169488,4688244,8.037474265357895
2056886,518756,4169858,4688614,8.038187510120364
2056891,518758,4169866,4688624,8.038171941444759
2056933,518772,4169911,4688683,8.038041760156677
2056961,518781,4169942,4688723,8.037962068772758
2056975,518788,4169968,4688756,8.037903729461746
2057079,518806,4170107,4688913,8.037892776876134
2057094,518817,4170130,4688947,8.037766688446986
2057234,518948,4170319,4689267,8.036101883040304
2057250,518948,4170348,4689296,8.036157765325235
2057315,518968,4170436,4689404,8.03601763499869
2057356,518992,4170524,4689516,8.035815580972347
2057400,519004,4170699,4689703,8.035966967499288
2057549,519010,4170950,4689960,8.036357680969537
2058570,519020,4172149,4691169,8.038512966745019
2058583,519027,4172179,4691206,8.038462353596248
2058632,519027,4172240,4691267,8.038579881200786
2058642,519027,4172259,4691286,8.038616488159576
2058652,519027,4172293,4691320,8.03868199534899
2058739,519072,4172485,4691557,8.038354987362062
2058771,519077,4172522,4691599,8.038348838418964
2058794,519096,4172552,4691648,8.038112410806479
2058888,519136,4172688,4691824,8.03775503914196
2058923,519149,4172714,4691863,8.037603847835593
2058972,519170,4172799,4691969,8.037442456228211
2058973,519170,4172801,4691971,8.037446308530924
2058989,519183,4172816,4691999,8.037273947721708
2059095,519215,4172906,4692121,8.036951937058829
2059100,519215,4172906,4692121,8.036951937058829
2059125,519215,4172933,4692148,8.037003938638136
2059127,519215,4172945,4692160,8.037027050451162
2059145,519226,4172954,4692180,8.036874116473365
2059188,519235,4173043,4692278,8.036906217801189
2059284,519278,4173282,4692560,8.036700957868424
2059302,519278,4173335,4692613,8.036803022658383
2059364,519291,4173389,4692680,8.036705816199396
2059393,519292,4173423,4692715,8.036755813684787
2059407,519304,4173449,4692753,8.036620168533268
2059421,519312,4173464,4692776,8.036525248790708
2059566,519406,4173810,4693216,8.035736976469275
2059605,519418,4173872,4693290,8.035670692967898
2059637,519418,4173921,4693339,8.03576502932128
2059646,519418,4173932,4693350,8.035786206869997
2059746,519435,4174178,4693613,8.03599680421997
2059834,519468,4174313,4693781,8.035746186483093
2061298,519468,4176399,4695867,8.039761833260181
2061359,519468,4176520,4695988,8.039994763873809
2061970,519570,4177818,4697388,8.040914602459726
2062059,519638,4178003,4697641,8.040218382797255
2062115,519664,4178043,4697707,8.039893084762461
2062240,519664,4178323,4697987,8.040431894454878
2062289,519680,4178368,4698048,8.04027093596059
2062321,519687,4178443,4698130,8.040306953993461
2062354,519697,4178529,4698226,8.040317723596635
2062572,519697,4179133,4698830,8.041479939272307
2062639,519697,4179206,4698903,8.041620405736419
2062795,519744,4179539,4699283,8.041533909001355
2062836,519748,4179590,4699338,8.041570145532065
2062867,519753,4179651,4699404,8.041610149436368
2062876,519759,4179678,4699437,8.041569265755859
2063151,519774,4179997,4699771,8.04195092482502
2063154,519774,4180006,4699780,8.041968240042788
2063439,519906,4180380,4700286,8.040645809050098
2063479,519930,4180423,4700353,8.040357355797896
2063645,519930,4180838,4700768,8.04115554016887
2063723,519938,4180998,4700936,8.041339544330286
2063732,519940,4181012,4700952,8.041335538716005
2063772,519951,4181079,4701030,8.04129427580676
2063839,520000,4181214,4701214,8.040796153846154
2064039,520052,4181867,4701919,8.041247798297093
2064186,520139,4182345,4702484,8.040821780331797
2064279,520183,4182477,4702660,8.040395399311397
2064331,520202,4182549,4702751,8.040240137485053
2064343,520207,4182581,4702788,8.040224372221058
2064345,520209,4182584,4702793,8.04019922761813
2064503,520297,4182859,4703156,8.039367899488177
2064518,520297,4182887,4703184,8.03942171490514
2064539,520308,4182952,4703260,8.03937667689138
2064554,520316,4182975,4703291,8.039297273195519
2064689,520353,4183058,4703411,8.038885141432836
2064717,520360,4183086,4703446,8.038830809439618
2064762,520386,4183163,4703549,8.0385771331281
2064791,520389,4183187,4703576,8.038576910734086
2064796,520390,4183193,4703583,8.038572993331924
2064894,520404,4183443,4703847,8.038837134226485
2064945,520404,4183469,4703873,8.03888709541049
2065016,520404,4183579,4703983,8.039098469650503
2065293,520483,4184125,4704608,8.038927304061804
2065475,520518,4184272,4704790,8.038669171863413
2065516,520524,4184344,4704868,8.03871483351392
2065542,520536,4184364,4704900,8.038567937664254
2065567,520536,4184407,4704943,8.038650544823028
2065640,520539,4184428,4704967,8.038644558813077
2065702,520563,4184472,4705035,8.03835846958005
2065805,520563,4184827,4705390,8.039040423541435
2067050,520563,4186847,4707410,8.042920837631565
2067089,520586,4186905,4707491,8.042676906409316
2067113,520586,4186956,4707542,8.042774872931657
2067128,520589,4186976,4707565,8.04276694282822
2067173,520603,4187079,4707682,8.042748505098896
2067336,520603,4187432,4708035,8.04342656496409
2067353,520611,4187446,4708057,8.043329856649207
2067697,520854,4188215,4709069,8.041053730987954
2067922,520854,4188794,4709648,8.042165366878242
2067949,520859,4188823,4709682,8.04214384315141
2068206,520868,4189146,4710014,8.042625002879808
2068244,520868,4189206,4710074,8.042740195212607
2068393,520868,4189625,4710493,8.043544621669982
2068823,520911,4189967,4710878,8.043537187734564
2068843,520917,4189990,4710907,8.0434886939762
2069050,520982,4190167,4711149,8.042824896061669
2069079,520998,4190209,4711207,8.042658513084504
2069086,521001,4190227,4711228,8.042646751157868
2069108,521007,4190274,4711281,8.042644340671046
2069152,521045,4190347,4711392,8.042197890777189
2069183,521061,4190394,4711455,8.042041142975583
2069465,521061,4190670,4711731,8.042570831438162
2069625,521101,4190835,4711936,8.042270116541706
2069867,521222,4191155,4712377,8.041017071420622
2069872,521224,4191163,4712387,8.041001565545715
2069873,521224,4191165,4712389,8.041005402667567
2069895,521231,4191185,4712416,8.040935784709658
2069978,521300,4191410,4712710,8.040303088432765
2070015,521308,4191470,4712778,8.040294796933866
2070145,521309,4191855,4713164,8.041017899173044
2070232,521318,4191976,4713294,8.04111118357701
2070263,521328,4192017,4713345,8.0410355860418
2070350,521357,4192143,4713500,8.040829987896968
2070478,521366,4192399,4713765,8.041182202138229
2070566,521388,4192586,4713974,8.041201561984549
2070826,521388,4193307,4714695,8.042584409307464
2070926,521388,4193648,4715036,8.043238432798606
2070937,521396,4193683,4715079,8.043182149460295
2071639,521415,4195335,4716750,8.046057363136848
2071665,521421,4195368,4716789,8.046028065613008
2071794,521421,4195751,4717172,8.046762596826749
2071809,521421,4195763,4717184,8.046785610859555
2071862,521438,4195831,4717269,8.046653676947212
2071889,521438,4195844,4717282,8.046678608003253
2071947,521438,4195941,4717379,8.04686463203679
2071959,521444,4195959,4717403,8.046806560244244
2072011,521480,4196045,4717525,8.046415969931733
2072022,521482,4196068,4717550,8.046429215198224
2072063,521493,4196126,4717619,8.04637070871517
2072283,521493,4196835,4718328,8.04773026675334
2072285,521493,4196840,4718333,8.047739854609745
2072364,521524,4196936,4718460,8.047445563387303
2072397,521524,4196936,4718460,8.047445563387303
2072408,521524,4196946,4718470,8.047464737960286
2072421,521524,4196960,4718484,8.047491582362461
2072429,521524,4196980,4718504,8.047529931508425
2072453,521524,4196995,4718519,8.047558693367899
2072493,521547,4197056,4718603,8.04732075920291
2072497,521547,4197065,4718612,8.047338015557562
2072506,521550,4197078,4718628,8.047316652286455
2072537,521573,4197141,4718714,8.04708257520999
2072755,521573,4197745,4719318,8.04824061061443
2072884,521575,4197927,4719502,8.048558692421992
2072901,521582,4197975,4719557,8.04854270277732
2074099,521582,4200571,4722153,8.053519868400366
2074154,521592,4200626,4722218,8.053470912130555
2074278,521599,4201079,4722678,8.054231315627522
2074374,521599,4201228,4722827,8.054516975684386
2074585,521652,4201570,4723222,8.054354243825385
2074614,521673,4201659,4723332,8.054200619928576
2074622,521673,4201682,4723355,8.054244708850181
2074632,521673,4201698,4723371,8.05427537940434
2074706,521710,4201877,4723587,8.05404726763911
2074716,521714,4201892,4723606,8.054014268353926
2074921,521768,4202354,4724122,8.054066175004984
2074974,521796,4202438,4724234,8.053794969681638
2075156,521935,4202808,4724743,8.05235901022158
2075166,521935,4202824,4724759,8.052389665379788
2075214,521952,4202855,4724807,8.052186791122555
2075258,521952,4202992,4724944,8.052449267365581
2075432,521952,4203283,4725235,8.053006789896388
2075548,521976,4203419,4725395,8.052897068064432
2075561,521979,4203427,4725406,8.052866111471918
2075708,522034,4203597,4725631,8.05234333395909
2075712,522034,4203599,4725633,8.052347165127175
2075829,522064,4203700,4725764,8.0520779061571
2075843,522068,4203733,4725801,8.052079422603953
2075882,522081,4203788,4725869,8.051984270639997
2075914,522084,4203818,4725902,8.05199546433141
2075982,522108,4203909,4726017,8.051799627663241
2076020,522134,4203953,4726087,8.051482952652002
2076237,522218,4204198,4726416,8.050657005311958
2076302,522218,4204341,4726559,8.050930837313153
2076308,522218,4204355,4726573,8.050957646040542
2076381,522260,4204450,4726710,8.050492092061425
2076411,522277,4204514,4726791,8.050352590675063
2076425,522277,4204549,4726826,8.050419604922292
2076486,522339,4204726,4727065,8.049802905775751
2076749,522353,4205304,4727657,8.050693687984944
2076836,522391,4205478,4727869,8.050441144659843
2076848,522398,4205489,4727887,8.050354327543367
2076859,522398,4205507,4727905,8.050388784030567
2076890,522398,4205507,4727905,8.050388784030567
2076958,522405,4205592,4727997,8.050443621328279
2076964,522408,4205603,4728011,8.050418446884427
2077073,522408,4205801,4728209,8.050797460988345
2077094,522411,4205811,4728222,8.050770370455446
2077134,522430,4205872,4728302,8.050594337997435
2077139,522436,4205886,4728322,8.050528677196825
2077451,522609,4206371,4728980,8.048791735312633
2077459,522614,4206375,4728989,8.048722384015736
2077579,522667,4206667,4729334,8.048464892560656
2077780,522735,4206952,4729687,8.047963117066965
2077801,522747,4207009,4729756,8.047887410162087
2077924,522783,4207090,4729873,8.04748815474107
2079747,522783,4210805,4733588,8.054594353680208
2079753,522784,4210820,4733604,8.054607639101427
2079782,522796,4210849,4733645,8.054478228601596
2079838,522847,4210962,4733809,8.053908696043012
2079928,522854,4211090,4733944,8.054045680056001
2080105,522854,4211471,4734325,8.054774372960711
2080346,523010,4211958,4734968,8.05330299611862
2080411,523046,4212080,4735126,8.05298195569797
2080431,523046,4212095,4735141,8.053010633863943
2080793,523286,4212864,4736150,8.050786759057189
2080811,523286,4212907,4736193,8.050868932094495
2080855,523324,4212968,4736292,8.050400898869533
2081144,523324,4213564,4736888,8.051539772683844
2081170,523336,4213603,4736939,8.051429674243698
2081261,523336,4213783,4737119,8.051773621535686
2081291,523345,4213818,4737163,8.051702032120303
2081340,523357,4213877,4737234,8.051630149209814
2081496,523362,4214141,4737503,8.052057657988161
2081580,523371,4214264,4737635,8.052154208009233
2081608,523379,4214293,4737672,8.052086537671553
2081617,523386,4214321,4737707,8.05203234324189
2081629,523392,4214367,4737759,8.052027925531915
2081630,523392,4214369,4737761,8.0520317467596
2081637,523396,4214371,4737767,8.051974031135126
2081827,523396,4214941,4738337,8.053063072702122
2082140,523598,4215611,4739209,8.051235871794773
2082259,523644,4215736,4739380,8.050767315198875
2082428,523644,4216104,4739748,8.05147008272796
2082815,523765,4216558,4740323,8.050476835985604
2082938,523827,4216746,4740573,8.049882881180237
2082959,523830,4216764,4740594,8.049871141400835
2083019,523859,4216831,4740690,8.04955341036424
2083037,523859,4216864,4740723,8.049616404414165
2083087,523887,4216931,4740818,8.049314069637155
2083111,523896,4216969,4740865,8.049248324094858
2083335,523971,4217229,4741200,8.048592383929645
2083517,524012,4217508,4741520,8.048495072631924
2083628,524088,4217790,4741878,8.047866007235426
2083783,524172,4218153,4742325,8.047268835420434
2083823,524189,4218211,4742400,8.047118501151303
2083870,524208,4218360,4742568,8.047111070414797
2083926,524221,4218425,4742646,8.047035506017501
2083972,524246,4218468,4742714,8.046733785284008
2084057,524309,4218604,4742913,8.046026293655077
2084132,524317,4218773,4743090,8.046225851917828
2084287,524317,4219094,4743411,8.046838076964889
2084296,524319,4219109,4743428,8.046835991066507
2084305,524321,4219125,4743446,8.046835812412626
2084375,524330,4219172,4743502,8.046787328590773
2084399,524341,4219221,4743562,8.046711967975039
2084439,524341,4219300,4743641,8.046862633286354
2084448,524346,4219308,4743654,8.046801158013983
2084591,524434,4219599,4744033,8.046005789098341
2084613,524434,4219644,4744078,8.046091595891951
2084657,524446,4219678,4744124,8.045972321268538
2084658,524446,4219680,4744126,8.045976134816549
2084938,524495,4219906,4744401,8.045655344664867
2084975,524498,4220000,4744498,8.045788544474908
2085129,524552,4220142,4744694,8.045230978053654
2085189,524601,4220282,4744883,8.044746388207418
2085223,524609,4220324,4744933,8.044703769855264
2085244,524609,4220356,4744965,8.044764767665061
2085269,524625,4220395,4745020,8.044593757445794
2085351,524628,4220887,4745515,8.04548556310376
2085496,524633,4221157,4745790,8.045923531306647
2085556,524633,4221197,4745830,8.045999775080865
2085917,524884,4222003,4746887,8.043687748150067
2085932,524886,4222016,4746902,8.043681866157604
2086102,524910,4222391,4747301,8.044028500123831
2086144,524924,4222469,4747393,8.043962554579329
2086194,524974,4222545,4747519,8.043341194040085
2086352,525062,4222928,4747990,8.042722573715103
2086450,525074,4223019,4748093,8.042712074869447
2086474,525076,4223067,4748143,8.04277285573898
2086509,525076,4223127,4748203,8.042887124911442
2086538,525076,4223152,4748228,8.042934737066634
2086593,525092,4223272,4748364,8.042918193383255
2086835,525242,4223916,4749158,8.041847377018593
2086865,525246,4224006,4749252,8.041957482779498
2086889,525261,4224069,4749330,8.041847767110065
2086905,525261,4224095,4749356,8.041897266311414
2086919,525261,4224121,4749382,8.041946765512764
2087902,525853,4227672,4753525,8.039646060781244
2087933,525863,4227709,4753572,8.03956353651046
2088103,525863,4227930,4753793,8.039983798061472
2088199,525891,4228164,4754055,8.040000684552503
2088238,525891,4228187,4754078,8.040044419851261
2088251,525901,4228221,4754122,8.039956189472923
2088275,525901,4228276,4754177,8.04006077189433
2088718,525901,4229141,4755042,8.041705568158266
2088734,525901,4229167,4755068,8.041755007121113
2088944,525917,4229349,4755266,8.041856414605347
2089089,525917,4229630,4755547,8.042390719448125
2089200,525917,4229846,4755763,8.042801430644
2089467,526108,4230355,4756463,8.040849027195938
2089481,526120,4230427,4756547,8.04080247852201
2089488,526120,4230427,4756547,8.04080247852201
2089499,526120,4230437,4756557,8.040821485592641
2089620,526120,4230612,4756732,8.041154109328671
2089636,526127,4230640,4756767,8.041100342692923
2091951,526135,4233658,4759793,8.046714246343619
2091956,526139,4233667,4759806,8.04667017651229
2091979,526158,4233692,4759850,8.04642711885023
2091981,526158,4233696,4759854,8.046434721129394
2092002,526164,4233733,4759897,8.046413285591564
2092017,526164,4233733,4759897,8.046413285591564
2092043,526174,4233788,4759962,8.046364890701556
2092097,526179,4233799,4759978,8.046309335796373
2092126,526181,4233835,4760016,8.046347169510112
2092220,526225,4233897,4760122,8.045792199154354
2092231,526225,4233907,4760132,8.04581120243242
2092335,526283,4234064,4760347,8.045222817381523
2092364,526305,4234102,4760407,8.044958721653794
2092391,526305,4234135,4760440,8.04502142293917
2092461,526355,4234271,4760626,8.044515583589023
2096136,526355,4240242,4766597,8.055859638456935
2096399,526355,4240733,4767088,8.056792468961062
2096455,526361,4240767,4767128,8.05676522386727
2096473,526366,4240818,4767184,8.056785582655415
2096530,526391,4240888,4767279,8.056535921016886
2096563,526397,4240936,4767333,8.05653527660682
2096731,526455,4241105,4767560,8.055968696279834
2096982,526581,4241510,4768091,8.054810181149719
2097098,526646,4241865,4768511,8.054490112903165
2097122,526647,4241901,4768548,8.054543175979356
2097982,526943,4243290,4770233,8.052654651451865
2098033,526943,4243406,4770349,8.052874789113813
2098127,526979,4243555,4770534,8.05260740940341
2098147,526979,4243598,4770577,8.052689006582805
2098208,526979,4243681,4770660,8.052846508115124
2098406,526979,4243860,4770839,8.053186180094462
2098495,526997,4243903,4770900,8.052992711533463
2098545,527013,4244026,4771039,8.052981615254273
2098665,527013,4244518,4771531,8.053915178562958
2098725,527038,4244638,4771676,8.053760829389912
2098791,527055,4244776,4771831,8.053762890020966
2098999,527125,4245243,4772368,8.053579321792744
2099093,527125,4245395,4772520,8.053867678444393
2099101,527128,4245415,4772543,8.053859783581975
2099165,527146,4245472,4772618,8.05369290481195
2099183,527146,4245515,4772661,8.053774476141335
2099193,527146,4245531,4772677,8.053804828263896
2099350,527225,4245778,4773003,8.053066527573616
2099376,527235,4245804,4773039,8.052963099945945
2099407,527258,4245870,4773128,8.052736990240073
2099484,527258,4245987,4773245,8.05295889298977
2099526,527282,4246046,4773328,8.052704245546026
2099747,527363,4246504,4773867,8.052335867324784
2099749,527365,4246504,4773869,8.05230532932599
2099991,527365,4247088,4774453,8.053412721739212
2100010,527365,4247135,4774500,8.053501844073839
2100052,527365,4247236,4774601,8.05369336228229
2100066,527367,4247254,4774621,8.053696951079608
2100088,527384,4247284,4774668,8.05349422811462
2100113,527395,4247314,4774709,8.053383137875786
2100180,527445,4247436,4774881,8.052851008161989
2100189,527447,4247452,4774899,8.052850807758883
2100205,527447,4247478,4774925,8.052900101811177
2100268,527462,4247571,4775033,8.05284740891287
2100275,527465,4247577,4775042,8.052812982851943
2100296,527480,4247607,4775087,8.052640858421173
2100309,527484,4247643,4775127,8.052648042405078
2100327,527484,4247663,4775147,8.052685958247075
2100331,527484,4247667,4775151,8.052693541415474
2100454,527513,4247876,4775389,8.052647043769538
2100501,527521,4247967,4775488,8.052697428159258
2100577,527543,4248082,4775625,8.05257960014634
2100680,527543,4248251,4775794,8.052899953179173
2100709,527550,4248279,4775829,8.052846175717942
2100784,527556,4248458,4776014,8.053093889558644
2100809,527564,4248495,4776059,8.053041905816166
2100821,527564,4248530,4776094,8.05310824847791
2100891,527567,4248708,4776275,8.053399852530578
2100901,527567,4248724,4776291,8.05343018043206
2100929,527575,4248764,4776339,8.053383879069326
2100972,527584,4248886,4776470,8.053477740037605
2101089,527623,4249092,4776715,8.053272886132712
2101128,527623,4249208,4776831,8.05349274008146
2101131,527623,4249217,4776840,8.053509797715414
2101204,527638,4249431,4777069,8.053686428953183
2101219,527638,4249454,4777092,8.05373001944515
2103558,527649,4254516,4782165,8.063155620497717
2103585,527659,4254544,4782203,8.063055875101155
2103625,527678,4254625,4782303,8.062919052907265
2103674,527716,4254686,4782402,8.06245404725269
2103703,527733,4254734,4782467,8.062285284414656
2103712,527733,4254738,4782471,8.062292864005094
2103725,527740,4254749,4782489,8.062206768484481
2103794,527745,4254841,4782586,8.06230471155577
2103820,527745,4254870,4782615,8.062359662336924
2103858,527745,4254961,4782706,8.062532094098476
2103884,527764,4254992,4782756,8.062300573741293
2103913,527774,4255035,4782809,8.062229287535953
2104024,527774,4255299,4783073,8.062729501642748
2104047,527774,4255346,4783120,8.062818554911761
2104057,527774,4255375,4783149,8.062873502673494
2104075,527795,4255444,4783239,8.062683428224974
2104191,527888,4255702,4783590,8.06175173521656
2105073,527888,4259477,4787365,8.068902873336768
2105122,527898,4259572,4787470,8.068929982686049
2105145,527924,4259629,4787553,8.06864056189906
2105157,527924,4259652,4787576,8.06868412877611
2105177,527930,4259666,4787596,8.068618945693558
2105181,527930,4259683,4787613,8.068651146932359
2105448,527994,4260159,4788153,8.068574642893669
2105918,527994,4260967,4788961,8.070104963313977
2106068,528031,4261249,4789280,8.070073537349133
2106117,528043,4261296,4789339,8.06997914942533
2106271,528043,4261594,4789637,8.070543497404568
2106317,528054,4261878,4789932,8.07091320205888
2106480,528054,4262098,4790152,8.07132982611627
2107246,528054,4262993,4791047,8.073024728531552
2107262,528057,4263022,4791079,8.073033782337891
2108323,528358,4264430,4792788,8.071099519643878
2108331,528364,4264440,4792804,8.071026792135724
2108398,528382,4264510,4792892,8.070884322327407
2108539,528454,4264720,4793174,8.070182078288743
2108616,528454,4264865,4793319,8.070456463571096
2108727,528515,4265062,4793577,8.069897732325478
2108737,528520,4265079,4793599,8.069853553318701
2108785,528554,4265251,4793805,8.069659864460396
2108797,528556,4265263,4793819,8.06965203308637
2108903,528623,4265572,4794195,8.06921378751965
2108919,528628,4265608,4794236,8.069205566106978
2108968,528640,4265652,4794292,8.069105629539951
2109044,528670,4265767,4794437,8.068865265666673
2109111,528704,4265934,4794638,8.068662238227818
2109738,528927,4267415,4796342,8.068060431779811
2109748,528931,4267424,4796355,8.068016433145344
2109981,528934,4267776,4796710,8.0686361625458
2109982,528934,4267778,4796712,8.068639943735892
2110069,528934,4267943,4796877,8.068951891918463
2110086,528934,4267978,4796912,8.069018062745068
2110110,528942,4268025,4796967,8.068984879249522
2110177,528958,4268191,4797149,8.069054631936751
2110354,529024,4268686,4797710,8.068983637793371
2110365,529026,4268722,4797748,8.069021182323743
2110389,529028,4268726,4797754,8.068998238278503
2110421,529028,4268775,4797803,8.069090860975223
2111365,529028,4270864,4799892,8.07303961227005
2111395,529028,4270925,4799953,8.07315491807617
2111739,529055,4271716,4800771,8.074238028182325
2111865,529070,4272090,4801160,8.074716011113841
2111988,529156,4272340,4801496,8.073876134826024
2112255,529205,4272641,4801846,8.073697338460521
2112291,529224,4272708,4801932,8.073534080087072
2112305,529232,4272737,4801969,8.073466834960849
2112380,529232,4272904,4802136,8.073782386552589
2112405,529232,4272904,4802136,8.073782386552589
2112417,529238,4272937,4802175,8.073753207441642
2112600,529277,4273322,4802599,8.073885696903512
2112617,529277,4273367,4802644,8.073970718546244
2112649,529277,4273427,4802704,8.074084080736553
2112963,529277,4274271,4803548,8.075678708880227
2112993,529293,4274310,4803603,8.075508272355766
2113032,529310,4274371,4803681,8.075364153331696
2113054,529322,4274423,4803745,8.075279319582409
2113118,529336,4274522,4803858,8.075252769507458
2113274,529403,4274738,4804141,8.07463879124221
2113299,529408,4274751,4804159,8.074587085952611
2113420,529419,4274991,4804410,8.074872643407208
2113541,529448,4275318,4804766,8.07504797449419
2113678,529543,4275531,4805074,8.07400154472819
2113749,529573,4275701,4805274,8.073865170618593
2113754,529575,4275708,4805283,8.073847896898457
2113866,529631,4275974,4805605,8.073496453190995
2113971,529643,4276180,4805823,8.073702475063392
2114021,529675,4276266,4805941,8.07337707084533
2114087,529721,4276387,4806108,8.072904415720728
2114127,529742,4276439,4806181,8.072682551128663
2114153,529744,4276477,4806221,8.072723806215832
2114244,529744,4276592,4806336,8.072940892204537
2114290,529761,4276671,4806432,8.072830955846127
2114430,529820,4276932,4806752,8.072424597032954
2114528,529840,4277068,4806908,8.072376566510645
2114594,529886,4277173,4807059,8.071873950245902
2114602,529886,4277173,4807059,8.071873950245902
2114630,529896,4277216,4807112,8.071802768845208
2114670,529896,4277216,4807112,8.071802768845208
2114789,529896,4277486,4807382,8.072312302791492
2114886,529928,4277595,4807523,8.072030539997886
2114940,529949,4277682,4807631,8.071874840786567
2115190,530129,4278175,4808304,8.070064078743098
2115206,530129,4278201,4808330,8.070113123409586
2115256,530138,4278269,4808407,8.07010438791409
2115286,530159,4278298,4808457,8.069839425530832
2115307,530170,4278346,4808516,8.069762529000132
2115603,530170,4278916,4809086,8.070837655846239
2115617,530178,4278989,4809167,8.07085356238848
2115710,530244,4279193,4809437,8.07023370372885
2115781,530244,4279389,4809633,8.07060334487519
2115823,530269,4279441,4809710,8.07032091259342
2115831,530274,4279458,4809732,8.070276875728396
2115958,530376,4279704,4810080,8.069188651070185
2116246,530376,4280271,4810647,8.070257703968505
2116281,530393,4280319,4810712,8.070089537380772
2116544,530473,4280626,4811099,8.06945122560432
2116587,530479,4280688,4811167,8.069476831316603
2116661,530520,4280939,4811459,8.069326321345095
2116700,530526,4281047,4811573,8.069438632602361
2117620,530984,4282639,4813623,8.065476549199223
2117776,530984,4282901,4813885,8.065969972729874
2118168,530984,4283634,4814618,8.067350428638152
2118198,530995,4283689,4814684,8.067286885940545
2118201,530995,4283694,4814689,8.067296302225069
2118269,531033,4283830,4814863,8.066975122073393
2118499,531040,4284045,4815085,8.06727365170232
2118626,531045,4284431,4815476,8.06792456383169
2118645,531052,4284452,4815504,8.067857761575137
2118855,531082,4284883,4815965,8.068213571538859
2118859,531082,4284892,4815974,8.068230518074422
2119007,531133,4285021,4816154,8.067698674343339
2119020,531135,4285071,4816206,8.067762433279675
2119039,531138,4285082,4816220,8.067737574792238
2119048,531143,4285095,4816238,8.06768610336576
2119072,531143,4285120,4816263,8.0677331716694
2127903,531153,4311601,4842754,8.117436972021244
2128019,531196,4311780,4842976,8.11711684575938
2128281,531357,4312318,4843675,8.115669879196096
2128405,531435,4312516,4843951,8.114851298841815
2128438,531444,4312579,4844023,8.114832418843754
2128451,531446,4312585,4844031,8.114813170105712
2128592,531520,4312819,4844339,8.11412364539434
2128619,531530,4312865,4844395,8.114057532030177
2128637,531530,4312892,4844422,8.11410832878671
2128741,531544,4313209,4844753,8.114490992279096
2128886,531607,4313587,4845194,8.11424040691714
2128941,531607,4313671,4845278,8.114398418380496
2128969,531623,4313704,4845327,8.114216277324344
2129274,531700,4313974,4845674,8.113548993793492
2129367,531700,4314117,4845817,8.11381794244875
2129370,531700,4314126,4845826,8.113834869287192
2129542,531795,4314546,4846341,8.113175189687755
2129546,531797,4314555,4846352,8.113161601137277
2129568,531801,4314568,4846369,8.11312502232978
2129715,531864,4314704,4846568,8.112419716318458
2129756,531879,4314741,4846620,8.112260495338225
2129771,531879,4314769,4846648,8.112313138890613
2129806,531879,4314803,4846682,8.112377063204224
2129832,531890,4314833,4846723,8.11226569403448
2129910,531949,4314945,4846894,8.111576485715736
2129924,531958,4314957,4846915,8.11146180713515
2129980,531968,4315052,4847020,8.111487909047161
2130080,532013,4315253,4847266,8.111179614031988
2131800,532058,4332491,4864549,8.142892316251237
2131817,532065,4332510,4864575,8.142820895943165
2131833,532070,4332526,4864596,8.142774446971263
2131849,532080,4332568,4864648,8.14270034581266
2132512,532093,4334436,4866529,8.14601206931871
2132580,532113,4334522,4866635,8.14586751310342
2132614,532120,4334578,4866698,8.145865594226866
2132656,532128,4334677,4866805,8.145929174935354
2132673,532133,4334690,4866823,8.145877064568444
2132704,532133,4334752,4866885,8.14599357679377
2132748,532142,4334819,4866961,8.145981711648394
2132782,532152,4334858,4867010,8.145901922758911
2132787,532152,4334869,4867021,8.145922593544702
2132815,532169,4334898,4867067,8.145716868137754
2132840,532169,4334941,4867110,8.145797669537309
2132948,532169,4335498,4867667,8.146844329526898
2133472,532169,4336762,4868931,8.149219514853364
2133490,532169,4336772,4868941,8.149238305876517
2133613,532240,4336973,4869213,8.148528859161281
2133632,532250,4336991,4869241,8.148409581963364
2133706,532259,4337121,4869380,8.148516042002107
2133742,532277,4337166,4869443,8.148325026255126
2133769,532295,4337198,4869493,8.148109600879211
2133807,532302,4337399,4869701,8.148380054931224
2134037,532377,4337976,4870353,8.148315949036116
2134070,532382,4338005,4870387,8.14829389423384
2134108,532393,4338066,4870459,8.148240115854266
2134405,532531,4338491,4871022,8.146926657790814
2134440,532539,4338539,4871078,8.146894405855722
2134475,532539,4338591,4871130,8.146992051286384
2134544,532546,4338742,4871288,8.14716850750921
2134571,532548,4338816,4871364,8.147276865183983
2134661,532588,4338887,4871475,8.146798275590138
2134687,532596,4338929,4871525,8.146754763460484
2134785,532596,4339285,4871881,8.147423187556797
2134794,532600,4339304,4871904,8.147397671798723
2134816,532600,4339328,4871928,8.147442733758918
2134881,532600,4339518,4872118,8.14779947427713
2134927,532624,4339576,4872200,8.147541229835682
2135028,532624,4339755,4872379,8.147877301811409
2135116,532674,4339973,4872647,8.147521748761907
2135941,532674,4341521,4874195,8.150427841418955
2136123,532716,4341839,4874555,8.150382192387688
2136271,532760,4341972,4874732,8.14995870560853
2136338,532765,4342023,4874788,8.149977945247905
2136599,532881,4342458,4875339,8.14902013770429
2136626,532900,4342489,4875389,8.14878776505911
2136634,532907,4342492,4875399,8.148686356155952
2137166,532913,4343174,4876087,8.149874369737649
2137199,532930,4343233,4876163,8.149725104610361
2137270,532952,4343301,4876253,8.149516279139585
2137313,532988,4343352,4876340,8.149061517332473
2137366,532988,4343378,4876366,8.149110298918549
2137385,532988,4343400,4876388,8.14915157564523
2137488,533066,4343595,4876661,8.148324972892663
2137509,533068,4343618,4876686,8.148337547930096
2137543,533074,4343641,4876715,8.148288980516776
2137579,533090,4343734,4876824,8.148218874861655
2137709,533090,4344120,4877210,8.14894295522332
2137973,533232,4344648,4877880,8.147763074984248
2138028,533247,4344761,4878008,8.147745791349974
2138063,533259,4344823,4878082,8.147678707719889
2138107,533288,4344905,4878193,8.147389403099263
2138116,533299,4344936,4878235,8.147279481116597
2138446,533402,4345105,4878507,8.146023074529154
2138490,533446,4345178,4878624,8.145488015656692
2138656,533446,4345536,4878982,8.146159123885079
2138677,533452,4345591,4879043,8.146170602041046
2138687,533461,4345614,4879075,8.146076282989759
2138718,533477,4345655,4879132,8.145908820811394
2138776,533499,4345706,4879205,8.145668501721653
2138789,533499,4345721,4879220,8.145696617988037
2138871,533538,4345829,4879367,8.145303614737845
2138916,533546,4346049,4879595,8.145593819464489
2138937,533565,4346077,4879642,8.145356235885037
2139009,533632,4346287,4879919,8.144727077836412
2139030,533636,4346339,4879975,8.144763471729794
2139051,533642,4346396,4880038,8.14477870932198
2139057,533650,4346402,4880052,8.144667853462007
2139098,533676,4346463,4880139,8.144385357407865
2139201,533720,4346754,4880474,8.144259162107472
2139355,533802,4346953,4880755,8.143380879052533
2139357,533802,4346955,4880757,8.143384625760113
2139423,533819,4347071,4880890,8.143342593650656
2139436,533821,4347121,4880942,8.143405748368835
2139566,533821,4347507,4881328,8.14412883719449
2139820,533821,4348144,4881965,8.145322121085533
2139917,533859,4348289,4882148,8.145013945629838
2139926,533861,4348309,4882170,8.145020894952056
2139987,533899,4348402,4882301,8.144615367326029
2140055,533931,4348502,4882433,8.144314527532584
2140089,533931,4348566,4882497,8.144434393208112
2140196,533949,4348614,4882563,8.14424973171595
2140318,534091,4348888,4882979,8.142597422536609
2140339,534096,4348907,4883003,8.142556768820587
2140403,534107,4348964,4883071,8.14249579204167
2140411,534108,4348967,4883075,8.142486163847012
2140445,534108,4349007,4883115,8.142561055067514
2140509,534131,4349110,4883241,8.14240326811213
2140710,534131,4349455,4883586,8.143049177074538
2140713,534131,4349462,4883593,8.143062282473775
2140750,534134,4349488,4883622,8.14306522333347
2140811,534169,4349574,4883743,8.14269266842516
2140841,534171,4349611,4883782,8.142731447420395
2140844,534172,4349626,4883798,8.142744284612448
2140866,534183,4349652,4883835,8.14262528010064
2140904,534195,4349682,4883877,8.142498525819223
2140921,534198,4349748,4883946,8.14257634809565
2140975,534198,4349748,4883946,8.14257634809565
2141031,534198,4349863,4884061,8.142791624079461
2141344,534198,4350325,4884523,8.14365647194486
2141398,534209,4350355,4884564,8.143544942148111
2141422,534209,4350417,4884626,8.14366100159301
2141446,534209,4350470,4884679,8.143760213699133
2141499,534214,4350532,4884746,8.143800050167162
2141525,534215,4350574,4884789,8.143863425774267
2141553,534222,4350602,4884824,8.143809128040402
2141561,534222,4350617,4884839,8.143837206255078
2141579,534222,4350617,4884839,8.143837206255078
2141609,534222,4350664,4884886,8.14392518466106
2141748,534338,4350827,4885165,8.142462261714495
2141836,534371,4351185,4885556,8.142629371728631
2141868,534393,4351225,4885618,8.142369005582035
2141925,534455,4351324,4885779,8.141609677147748
2142113,534463,4351861,4886324,8.14249255795069
2142132,534466,4351865,4886331,8.14245433760052
2142195,534495,4351958,4886453,8.142186549920954
2142273,534545,4352148,4886693,8.141780392670402
2142344,534545,4352320,4886865,8.142102161651499
2142361,534545,4352324,4886869,8.14210964465106
2142362,534545,4352326,4886871,8.142113386150838
2142393,534551,4352367,4886918,8.142098695914889
2142405,534561,4352386,4886947,8.141981925355573
2142451,534561,4352529,4887090,8.14224943458277
2142532,534570,4352652,4887222,8.14234244345923
2142544,534573,4352668,4887241,8.142326679424512
2142624,534587,4352821,4887408,8.14239964683017
2142732,534595,4353065,4887660,8.142734219362321
2142734,534597,4353065,4887662,8.142703756287446
2143019,534646,4353352,4887998,8.142494285938733
2143068,534660,4353424,4888084,8.14241574084465
2143085,534666,4353442,4888108,8.142358032865378
2143193,534688,4353564,4888252,8.142251181997725
2143238,534708,4353640,4888348,8.142088766205106
2143519,534708,4354313,4889021,8.143347397084016
2143539,534730,4354353,4889083,8.143087165485385
2143683,534730,4354528,4889258,8.143414433452396
2143700,534740,4354567,4889307,8.14333507872985
2143744,534766,4354647,4889413,8.14308875283769
2143760,534766,4354673,4889439,8.143137372233836
2143898,534784,4354987,4889771,8.143450439803734
2143907,534787,4355009,4889796,8.143445895281673
2143923,534787,4355034,4889821,8.14349264286529
2143982,534834,4355098,4889932,8.142896674482175
2144073,534834,4355367,4890201,8.143399634279048
2144117,534854,4355435,4890289,8.14322226252398
2144262,534854,4355716,4890570,8.143747639542754
2144381,534854,4356019,4890873,8.14431414928186
2144392,534854,4356029,4890883,8.14433284597292
2144411,534859,4356049,4890908,8.14429410367966
2144447,534894,4356131,4891025,8.143914495208396
2144592,534894,4356412,4891306,8.144439832938863
2144777,534894,4356734,4891628,8.145041821370215
2144965,534985,4357178,4892163,8.144486294008244
2145757,534985,4359111,4894096,8.148099479424657
2145784,535003,4359176,4894179,8.147946833942987
2145794,535003,4359192,4894195,8.147976740317343
2145906,535013,4359297,4894310,8.148020702300691
2145944,535020,4359353,4894373,8.148018765653621
2145980,535033,4359414,4894447,8.147934800283346
2146022,535033,4359478,4894511,8.148054419073215
2146034,535035,4359486,4894521,8.148038913342118
2146087,535048,4359543,4894591,8.147947473871502
2146105,535051,4359567,4894618,8.147946644338576
2146163,535066,4359654,4894720,8.147880822178946
2146425,535157,4360355,4895512,8.147805223513847
2146466,535174,4360423,4895597,8.147673466947198
2146546,535174,4360517,4895691,8.147849110756502
2146899,535366,4361183,4896549,8.1461710306594
2146919,535375,4361221,4896596,8.146105066542143
2146981,535405,4361308,4896713,8.145811114950364
2147030,535420,4361402,4896822,8.145758469986179
2147038,535423,4361416,4896839,8.145738976472808
2147303,535565,4361656,4897221,8.144027335617526
2147575,535646,4362138,4897784,8.14369564973882
2147798,535646,4362616,4898262,8.144588030154244
2147885,535646,4362746,4898392,8.144830727756764
2148302,535646,4363709,4899355,8.146628556920055
2148321,535661,4363728,4899389,8.14643589882407
2148429,535661,4364065,4899726,8.147065028068125
2148464,535674,4364131,4899805,8.146990520353798
2148491,535685,4364161,4899846,8.146879229397873
2148649,535727,4364396,4900123,8.146679185480664
2148673,535740,4364424,4900164,8.146533766379214
2148715,535747,4364448,4900195,8.146472122102411
2148721,535748,4364473,4900221,8.146503580041363
2148745,535748,4364534,4900282,8.14661743954247
2148749,535748,4364544,4900292,8.146636105034457
2148822,535748,4364666,4900414,8.146863824036673
2148893,535766,4364779,4900545,8.146801028807353
2148901,535775,4364804,4900579,8.146710839438198
2148911,535775,4364830,4900605,8.14675936727171
2148921,535780,4364845,4900625,8.146711336742692
2149293,535780,4365563,4901343,8.14805143902348
2149314,535780,4365593,4901373,8.148107432154989
2149328,535780,4365647,4901427,8.148208219791705
2149611,535789,4367392,4903181,8.151328228089788
2149624,535797,4367405,4903202,8.151230783300392
2149651,535797,4367459,4903256,8.151331567739275
2149738,535797,4367596,4903393,8.151587261593477
2150024,535913,4368074,4903987,8.150714761537786
2150059,535924,4368119,4904043,8.1506314328151
2187361,535924,4478644,5014568,8.356864032959898
2187487,535961,4478890,5014851,8.356746106526408
2187787,536044,4479756,5015800,8.357067703397483
2187908,536044,4479952,5015996,8.357433345023916
2188006,536044,4480242,5016286,8.357974345389557
2189338,536541,4483542,5020083,8.356382830016718
2189359,536541,4483617,5020158,8.35652261430161
2189380,536541,4483649,5020190,8.356582255596496
2189627,536671,4484188,5020859,8.355562346390991
2189629,536671,4484193,5020864,8.35557166308595
2189697,536688,4484306,5020994,8.355517544644188
2190131,536688,4485072,5021760,8.356944817100437
2190155,536703,4485099,5021802,8.356761560863271
2190189,536718,4485133,5021851,8.356591357100005
2190245,536733,4485262,5021995,8.35659815960636
2190248,536734,4485265,5021999,8.356588179619699
2190288,536738,4485342,5022080,8.356669361960584
2190319,536747,4485456,5022203,8.356741630600636
2190337,536756,4485520,5022276,8.356720744621391
2190888,536998,4486649,5023647,8.355057188294928
2191382,536998,4487730,5024728,8.357070231174045
2191491,537023,4487905,5024928,8.357007055563729
2192188,537023,4489800,5026823,8.360535768486638
2192236,537042,4489867,5026909,8.360364738698276
2192346,537094,4489960,5027054,8.359728464663542
2192393,537105,4490051,5027156,8.359726682864617
2192417,537110,4490108,5027218,8.359754985012382
2192442,537110,4490135,5027245,8.359805254044796
2192795,537131,4490944,5028075,8.360984564286925
2192940,537191,4491160,5028351,8.360452799842141
2193339,537497,4492108,5029605,8.35745687882909
2193351,537497,4492141,5029638,8.357518274520602
2194131,537497,4493602,5031099,8.360236429226582
2194166,537509,4493679,5031188,8.360193038628191
2194203,537532,4493742,5031274,8.359952523756725
2194212,537538,4493767,5031305,8.359905718293405
2194634,537538,4494480,5032018,8.361232136146654
2194684,537547,4494554,5032101,8.361229808742305
2194788,537556,4494794,5032350,8.361536286452017
2194807,537565,4494844,5032409,8.361489308269698
2194849,537579,4494907,5032486,8.361388744724032
2195129,537671,4495298,5032969,8.360685251761765
2195155,537671,4495315,5032986,8.360716869609854
2195183,537680,4495335,5033015,8.36061411992263
2195593,537680,4496190,5033870,8.362204285076626
2195690,537730,4496370,5034100,8.361761478809068
2195702,537739,4496388,5034127,8.361655003635592
2195771,537761,4496451,5034212,8.36143007767391
2195783,537765,4496462,5034227,8.361388338772512
2195878,537811,4496655,5034466,8.361032035417647
2196092,537943,4496971,5034914,8.359567835253921
2196128,537955,4497033,5034988,8.359496612170163
2196144,537961,4497045,5035006,8.359425683274438
2196176,537965,4497062,5035027,8.359395127935832
2196381,538043,4497277,5035320,8.358582864194869
2196511,538043,4497663,5035706,8.359300278973985
2196553,538055,4497723,5035778,8.359225358002435
2196624,538086,4497871,5035957,8.359018818553167
2196659,538113,4497962,5036075,8.358768511446481
2196799,538113,4498259,5036372,8.359320440130604
2196823,538118,4498284,5036402,8.359289226526524
2198115,538200,4501202,5039402,8.363437383872167
2198125,538200,4501207,5039407,8.363446674098848
2198223,538252,4501425,5039677,8.36304370443584
2198426,538348,4502143,5040491,8.362886088552386
2198631,538377,4502349,5040726,8.36281824817925
2198647,538377,4502364,5040741,8.362846109696365
2198685,538393,4502445,5040838,8.362748029784933
2198745,538422,4502540,5040962,8.362474044522697
2198946,538432,4503550,5041982,8.364194550101034
2199026,538432,4503672,5042104,8.364421133959349
2199062,538465,4503808,5042273,8.364161087535866
2199144,538495,4503882,5042377,8.363832533264004
2199218,538511,4504226,5042737,8.364222829245827
2199273,538541,4504313,5042854,8.363918438893231
2199434,538541,4504677,5043218,8.364594339149665
2199561,538563,4504928,5043491,8.364718705146844
2199802,538567,4505346,5043913,8.36543271310719
2199807,538572,4505351,5043923,8.365364333830945
2199882,538601,4505440,5044041,8.365079158783589
2199900,538601,4505504,5044105,8.365197985150418
2199974,538610,4505710,5044320,8.365440671357755
2200060,538649,4505865,5044514,8.365122742268156
2200146,538665,4505984,5044649,8.365095189032145
2200172,538671,4506020,5044691,8.36506884536201
2200454,538680,4507759,5046439,8.368157347590406
2200541,538757,4507919,5046676,8.367258337246662
2200561,538766,4507962,5046728,8.367198375547083
2200582,538773,4507979,5046752,8.367121218026886
2200874,538773,4508480,5047253,8.368051108722968
2200912,538801,4508555,5047356,8.36775544217624
2200940,538808,4508614,5047422,8.36775623227569
2201313,538808,4509239,5048047,8.368916200204897
2201346,538817,4509292,5048109,8.36887477566595
2201453,538835,4509522,5048357,8.36902205684486
2201487,538839,4509533,5048372,8.36898034477831
2201509,538839,4509568,5048407,8.36904529924523
2201598,538842,4509988,5048830,8.369778153892979
2201626,538842,4510008,5048850,8.369815270524569
2201635,538844,4510022,5048866,8.369810186250566
2201643,538844,4510022,5048866,8.369810186250566
2201664,538844,4510068,5048912,8.36989555418637
2201709,538855,4510157,5049012,8.369889859052993
2201892,538917,4510512,5049429,8.369585669036233
2201943,538917,4510634,5049551,8.369812048979712
2201977,538917,4510652,5049569,8.369845449299243
2202330,539067,4511384,5050451,8.368874369976274
2202359,539067,4511414,5050481,8.368930021685616
2202414,539067,4511510,5050577,8.369108107155512
2202449,539070,4511544,5050614,8.369124603483778
2202465,539074,4511561,5050635,8.369094039037313
2202509,539085,4511605,5050690,8.369004887911926
2202713,539136,4512047,5051183,8.369033045465336
2202894,539136,4512370,5051506,8.369632152184236
2202976,539163,4512616,5051779,8.36966928368601
2202981,539165,4512624,5051789,8.369653074661745
2203278,539334,4513493,5052827,8.368641695127694
2203309,539336,4513551,5052887,8.368718201640537
2203357,539365,4513662,5053027,8.368474038916133
2203360,539365,4513669,5053034,8.368487017140527
2203468,539370,4513969,5053339,8.368965645104474
2203491,539381,4514025,5053406,8.368898793246332
2203498,539385,4514033,5053418,8.36885156242758
2203580,539405,4514146,5053551,8.368750753144669
2203668,539419,4514186,5053605,8.368607705698167
2203737,539430,4514286,5053716,8.36862243479228
2203762,539442,4514322,5053764,8.36850300866451
2203824,539469,4514429,5053898,8.3682825148433
2203853,539488,4514474,5053962,8.368071208256717
2203881,539500,4514530,5054030,8.367988878591289
2204059,539509,4514986,5054495,8.368694498145537
2204082,539513,4515024,5054537,8.368702885750668
2204406,539634,4515505,5055139,8.367717749437581
2204425,539645,4515560,5055205,8.367649102650816
2204438,539645,4515560,5055205,8.367649102650816
2204454,539645,4515586,5055231,8.367697282472736
2204479,539666,4515613,5055279,8.367421701570972
2204507,539666,4515677,5055343,8.367540293440758
2204531,539674,4515725,5055399,8.367505197582243
2204577,539681,4515778,5055459,8.367494871970663
2204591,539681,4515804,5055485,8.367543048578698
2204602,539683,4515826,5055509,8.367552804146138
2204710,539721,4515950,5055671,8.367193420304194
2204750,539724,4516019,5055743,8.367274755245273
2205930,539735,4518195,5057930,8.371135835178375
2205940,539739,4518205,5057944,8.371092324253018
2205968,539748,4518247,5057995,8.371030554999741
2206059,539821,4518555,5058376,8.370469099942389
2206094,539829,4518624,5058453,8.370472871965012
2206098,539829,4518631,5058460,8.370485839034213
2206130,539841,4518699,5058540,8.37042573646685
2206390,539847,4519415,5059262,8.371659007089045
2206785,539847,4519895,5059742,8.372548147901165
2207353,539847,4521286,5061133,8.375124803879618
2207541,539847,4521565,5061412,8.375641616976662
2208854,539858,4526535,5066393,8.384677081751127
2208877,539870,4526563,5066433,8.384542575064367
2208894,539878,4526572,5066450,8.38443500198193
2208930,539904,4526633,5066537,8.38414421823139
2208962,539920,4526676,5066596,8.38397540376352
2208997,539920,4526767,5066687,8.384143947251445
2209715,540111,4527798,5067909,8.383087920816276
2209732,540120,4527825,5067945,8.382998222617196
2209860,540170,4528070,5068240,8.382675824277543
2209979,540221,4528295,5068516,8.382300947204941
2210086,540230,4528456,5068686,8.382459322880996
2210106,540244,4528485,5068729,8.382295777463517
2210160,540253,4528585,5068838,8.382341236420714
2210172,540257,4528601,5068858,8.382308790075834
2211636,540257,4530687,5070944,8.386169915429138
2212475,540257,4532533,5072790,8.389586807760011
2212582,540257,4532749,5073006,8.389986617480199
2213416,540278,4534564,5074842,8.393019889760456
2213426,540278,4534580,5074858,8.393049504144162
2213453,540280,4534609,5074889,8.393072110757386
2214021,540280,4536000,5076280,8.395646701710225
2214258,540280,4536362,5076642,8.396316724661286
2214624,540545,4537436,5077981,8.394187347954379
2214826,540596,4537908,5078504,8.39426854804697
2217141,540682,4544979,5085661,8.406011296843616
2217411,540819,4545236,5086055,8.404357095442283
2217436,540837,4545275,5086112,8.4041494942099
2217455,540850,4545336,5086186,8.40406027549228
2217598,540905,4545582,5086487,8.403660531886375
2217786,540942,4546259,5087201,8.404337248725371
2217832,540969,4546344,5087313,8.40407491002257
2217849,540980,4546361,5087341,8.40393545047876
2217880,540994,4546399,5087393,8.403788212068896
2217897,541000,4546454,5087454,8.403796672828095
2218270,541233,4547024,5088257,8.401232001744166
2218291,541233,4547067,5088300,8.40131144996702
2218392,541261,4547559,5088820,8.40178582975681
2218414,541261,4547593,5088854,8.401848646032136
2218435,541276,4547647,5088923,8.401715575787584
2218448,541276,4547677,5088953,8.401771000376888
2218514,541301,4547821,5089122,8.401648990118252
2218623,541335,4547926,5089261,8.401315266886494
2218677,541358,4548038,5089396,8.40116521784106
2218700,541365,4548079,5089444,8.40113232292446
2218706,541365,4548095,5089460,8.401161877845816
2218750,541393,4548151,5089544,8.400830819755704
2218759,541393,4548173,5089566,8.400871455670835
2219129,541541,4548812,5090353,8.399755512509671
2219148,541553,4548840,5090393,8.399621089717904
2219494,541575,4549957,5091532,8.401342381018326
2219596,541598,4550068,5091666,8.401190550925225
2219655,541626,4550181,5091807,8.400964872439653
2219978,541640,4550571,5092211,8.40146776456687
2220479,541797,4551714,5093511,8.401142863471005
2220547,541828,4551797,5093625,8.400815387909079
2220554,541834,4551803,5093637,8.400733434963476
2220619,541891,4551967,5093858,8.400152429178561
2220620,541891,4551973,5093864,8.400163501515987
2221041,542057,4552836,5094893,8.399183111739172
2221097,542062,4552894,5094956,8.399212636192908
2221184,542121,4553077,5095198,8.398636097845316
2221199,542124,4553109,5095233,8.39864864864865
2221209,542128,4553123,5095251,8.398612504795915
2221441,542200,4553358,5095558,8.39793065289561
2221575,542211,4553695,5095906,8.398381810771083
2221863,542404,4554059,5096463,8.396064557046039
2222431,542404,4555450,5097854,8.39862906615733
2222442,542404,4555460,5097864,8.398647502599538
2222449,542411,4555480,5097891,8.398575987581372
2222471,542411,4555485,5097896,8.398585205683514
2222535,542411,4555586,5097997,8.398771411346747
2222563,542427,4555616,5098043,8.398578979291223
2222597,542447,4555657,5098104,8.398344907428744
2222608,542451,4555673,5098124,8.398312474306435
2222790,542451,4555947,5098398,8.398817589054126
2222797,542451,4555998,5098449,8.398911606762638
2222901,542500,4556154,5098654,8.398440552995392
2222970,542500,4556262,5098762,8.398639631336405
2223166,542500,4556590,5099090,8.399244239631336
2223434,542509,4558243,5100752,8.402151853701966
2224064,542564,4559069,5101633,8.402822524163048
2224175,542564,4559107,5101671,8.402892561983471
2224221,542578,4559150,5101728,8.402754995595103
2224240,542578,4559177,5101755,8.402804758025574
2224520,542578,4559640,5102218,8.4036580915555
2224587,542598,4559731,5102329,8.403516046870795
2224849,542608,4560325,5102933,8.404455887122932
2224903,542637,4560447,5103084,8.404231558113436
2224942,542669,4560529,5103198,8.403887084023594
2225052,542703,4560716,5103419,8.403705157332832
2225106,542703,4560885,5103588,8.404016561544712
2225146,542730,4560940,5103670,8.403699813903783
2225172,542756,4560974,5103730,8.403359889158295
2225368,542851,4561312,5104163,8.402511923161235
2226219,542910,4562696,5105606,8.404148017166749
2226370,542910,4562945,5105855,8.404606656720267
2226616,542914,4563281,5106195,8.405163617073791
2226717,542950,4563336,5106286,8.40470761580256
2226748,542960,4563362,5106322,8.404600707234419
2227039,542965,4564447,5107412,8.406521598998093
2227550,543318,4565947,5109265,8.40382059861812
2228317,543353,4566942,5110295,8.405110489865704
2228446,543380,4567164,5110544,8.405101402333543
2228515,543380,4567276,5110656,8.405307519599544
2228529,543388,4567305,5110693,8.405237141784507
2228545,543388,4567328,5110716,8.40527946881418
2228911,543575,4567978,5111553,8.403583682104586
2228943,543579,4567999,5111578,8.403560476030163
2229141,543579,4568156,5111735,8.40384930249329
2229200,543615,4568244,5111859,8.403454650809856
2229530,543615,4568966,5112581,8.404782796648364
2229576,543632,4569025,5112657,8.40462849869029
2229694,543632,4569202,5112834,8.404954086587987
2229703,543641,4569223,5112864,8.404853570646805
2229729,543651,4569277,5112928,8.404798298908675
2229760,543651,4569308,5112959,8.404855320784842
2229797,543670,4569374,5113044,8.40468298784189
2230030,543670,4569729,5113399,8.405335957474204
2230054,543676,4569751,5113427,8.405283661592566
2230114,543698,4569865,5113563,8.405153228446675
2230135,543698,4569902,5113600,8.405221280931693
2230221,543752,4570074,5113826,8.404702879253778
2230256,543754,4570107,5113861,8.40473265484024
2231040,543791,4571742,5115533,8.407167459557073
2231071,543800,4571802,5115602,8.407138653916881
2231102,543809,4571865,5115674,8.407115365872944
2231778,544007,4572339,5116346,8.404926774839295
2231788,544007,4572355,5116362,8.404956186225546
2231895,544028,4572531,5116559,8.404955259655752
2231904,544029,4572548,5116577,8.40497105852813
2231931,544052,4572622,5116674,8.404751751670796
2232010,544077,4572724,5116801,8.40455303201569
2232096,544078,4572988,5117066,8.405022809229559
2232115,544092,4573003,5117095,8.40483410893746
2232172,544156,4573125,5117281,8.404069788810562
2232184,544157,4573129,5117286,8.404061695429812
2232252,544157,4573241,5117398,8.404267518381644
2232257,544157,4573267,5117424,8.404315298709747
2232325,544184,4573472,5117656,8.404275024624024
2232337,544190,4573495,5117685,8.40422462742792
2232346,544192,4573515,5117707,8.40423049217923
2232379,544198,4573559,5117757,8.404218685110934
2232415,544207,4573654,5117861,8.4042542635431
2232477,544211,4573797,5118008,8.404455257243974
2232528,544211,4573885,5118096,8.404616959230886
2232547,544230,4573930,5118160,8.404406225309152
2232568,544237,4573964,5118201,8.404360600253199
2232688,544247,4574190,5118437,8.40462143107817
2232695,544249,4574195,5118444,8.404599732842872
2232773,544249,4574352,5118601,8.404888203744976
2232794,544249,4574382,5118631,8.404943325573404
2233335,544284,4575670,5119954,8.40676926016565
2233402,544284,4575792,5120076,8.406993407853253
2233602,544284,4576358,5120642,8.408033306141647
2233615,544290,4576369,5120659,8.407960829704752
2233937,544318,4576893,5121211,8.408490992397827
2233950,544325,4576936,5121261,8.408461856427685
2236253,545590,4582687,5128277,8.39950695577265
2236292,545603,4582782,5128385,8.399480941270484
2236306,545603,4582784,5128387,8.399484606939478
2236634,545607,4583657,5129264,8.401023080715607
2238590,545607,4587318,5132925,8.407733038615707
2238631,545616,4587383,5132999,8.407713483475558
2238695,545636,4587485,5133121,8.407592240981167
2238774,545662,4587603,5133265,8.407407882535342
2238861,545667,4587793,5133460,8.40767904234634
2238946,545704,4587897,5133601,8.40729956166713
2238948,545704,4587897,5133601,8.40729956166713
2238959,545711,4587920,5133631,8.407233865544217
2239140,545756,4588110,5133866,8.406888792793849
2239169,545768,4588128,5133896,8.406736928511748
2239218,545768,4588233,5134001,8.40692931795195
2239294,545775,4588344,5134119,8.40702487288718
2239398,545797,4588425,5134222,8.406834409130134
2239424,545814,4588457,5134271,8.406631196708036
2239425,545818,4588466,5134284,8.406586078143263
2239446,545832,4588515,5134347,8.406460229521171
2239457,545832,4588539,5134371,8.406504199094227
2239580,545832,4588904,5134736,8.407172903017779
2239724,545887,4589052,5134939,8.406596969702521
2239734,545887,4589068,5134955,8.406626279797834
2239735,545887,4589070,5134957,8.406629943559748
2239744,545890,4589083,5134973,8.40660755829929
2239871,545890,4589474,5135364,8.40732381981718
2239901,545890,4589521,5135411,8.407409917748996
2239938,545891,4589565,5135456,8.40747511865922
2239995,545915,4589639,5135554,8.407241054010239
2240042,545946,4589704,5135650,8.406882731991809
2240072,545955,4589747,5135702,8.406822906649815
2240104,545959,4589808,5135767,8.406873043580196
2240137,545965,4589931,5135896,8.407005943604444
2240156,545976,4589965,5135941,8.406898838044164
2240211,545983,4590072,5136055,8.406987030731726
2240219,545993,4590098,5136091,8.406880674294358
2240297,546004,4590208,5136212,8.406912769869818
2240297,546004,4590208,5136212,8.406912769869818
2240363,546004,4590320,5136324,8.407117896572187
2240709,546205,4591065,5137270,8.405388086890452
2240715,546209,4591076,5137285,8.405346671329106
2240766,546224,4591209,5137433,8.405359339758048
2240775,546228,4591227,5137455,8.40533074100925
2240846,546247,4591362,5137609,8.40528552101888
2241136,546299,4591615,5137914,8.404948572118931
2241163,546304,4591679,5137983,8.40498879744611
2241488,546500,4592164,5138664,8.402861848124429
2241540,546552,4592358,5138910,8.402417336319326
2241663,546638,4592583,5139221,8.401507030246709
2241697,546645,4592638,5139283,8.401500059453577
2241726,546657,4592717,5139374,8.401460147770905
2241966,546697,4592888,5139585,8.401158228415374
2242064,546697,4593010,5139707,8.401381386764514
2242095,546708,4593050,5139758,8.401285512558806
2242208,546708,4593170,5139878,8.401505008157919
2242243,546723,4593240,5139963,8.401402538396958
2242287,546732,4593297,5140029,8.401368494984746
2242527,546864,4593585,5140449,8.399867243043975
2242792,546864,4594041,5140905,8.400701088387606
2242829,546864,4594077,5140941,8.400766918283157
2242948,546864,4594340,5141204,8.401247842242313
2242983,546874,4594363,5141237,8.401136276363477
2242993,546874,4594381,5141255,8.401169190709377
2243097,546878,4594438,5141316,8.401211970494334
2243131,546886,4594509,5141395,8.401218901196959
2243175,546899,4594604,5141503,8.401192907648396
2243261,546945,4594721,5141666,8.40070025322473
2243316,546957,4594768,5141725,8.400601875467359
2243319,546959,4594768,5141727,8.40057115798442
2243334,546973,4594811,5141784,8.400434756377372
2243363,546983,4594849,5141832,8.400350650751486
2243397,547015,4594914,5141929,8.399978062758791
2243536,547105,4595218,5142323,8.399151899543963
2243575,547105,4595271,5142376,8.399248773087432
2243584,547107,4595308,5142415,8.399285697313323
2243611,547116,4595342,5142458,8.399209673999664
2243667,547134,4595371,5142505,8.398986354348295
2243830,547140,4596301,5143441,8.400593997879884
2244138,547194,4596992,5144186,8.401027789047394
2244158,547200,4597010,5144210,8.400968567251462
2245711,547207,4598842,5146049,8.40420901048415
2245747,547209,4598885,5146094,8.404256874430063
2245782,547221,4598941,5146162,8.404174912877979
2245796,547229,4598973,5146202,8.404110527768083
2245936,547229,4599169,5146398,8.40446869592072
2245986,547256,4599223,5146479,8.404152718289064
2245995,547259,4599241,5146500,8.404139539048238
2246008,547261,4599259,5146520,8.404141716658048
2246042,547265,4599278,5146543,8.40411500826839
2246070,547274,4599343,5146617,8.404095571870764
2246263,547274,4599787,5147061,8.404906865665096
2246283,547285,4599829,5147114,8.404814676082845
2246291,547289,4599848,5147137,8.404787963945923
2246404,547358,4600055,5147413,8.404106635876337
2246525,547417,4600362,5147779,8.403761666152128
2246595,547425,4600443,5147868,8.403786820112344
2246652,547448,4600513,5147961,8.403561616811094
2246857,547485,4600654,5148139,8.403251230627323
2246952,547534,4600814,5148348,8.402791424824759
2247163,547649,4601141,5148790,8.401624032911592
2247183,547653,4601195,5148848,8.401661270914246
2247325,547709,4601419,5149128,8.401211227129735
2247406,547756,4601553,5149309,8.400734998795084
2247431,547759,4601571,5149330,8.400721850302778
2247810,547766,4602000,5149766,8.4013976771103
2247841,547788,4602038,5149826,8.40112963409202
2247946,547839,4602166,5150005,8.400581192649666
2247957,547848,4602192,5150040,8.400490647040785
2247970,547856,4602221,5150077,8.400420913524721
2247981,547863,4602242,5150105,8.400351912795717
2248124,547939,4602501,5150440,8.399659451143284
2248144,547944,4602529,5150473,8.399633904194589
2248171,547950,4602573,5150523,8.399622228305502
2248184,547950,4602573,5150523,8.399622228305502
2248204,547950,4602594,5150544,8.399660552970161
2248234,547951,4602687,5150638,8.399814946956935
2248427,547951,4602939,5150890,8.400274842093545
2248468,547974,4603007,5150981,8.400046352564173
2248486,547978,4603020,5150998,8.400008759475746
2248589,548002,4603151,5151153,8.39987992744552
2248614,548007,4603206,5151213,8.399903650865774
2248736,548059,4603468,5151527,8.399584716244053
2248875,548087,4603631,5151718,8.39945300654823
2248970,548087,4603803,5151890,8.399766825339773
2248994,548092,4603831,5151923,8.399741284309933
2249142,548092,4604266,5152358,8.400534946687783
2249220,548126,4604368,5152494,8.400199954025169
2249291,548154,4604621,5152775,8.400232416437717
2249327,548167,4604691,5152858,8.400160899871754
2249558,548172,4605503,5153675,8.401565567011813
2249603,548197,4605619,5153816,8.401394024410932
2249829,548298,4606215,5154513,8.400933434008513
2250567,548670,4607509,5156179,8.397596004884539
2250762,548670,4607979,5156649,8.39845262179452
2251481,548670,4609100,5157770,8.400495744254288
2251492,548670,4609122,5157792,8.400535841216032
2251598,548712,4609263,5157975,8.400149805362377
2251636,548712,4609348,5158060,8.400304713583811
2251746,548712,4609688,5158400,8.40092434646955
2251756,548713,4609723,5158436,8.400972821857692
2251769,548713,4609730,5158443,8.400985578982091
2251814,548713,4609867,5158580,8.40123525413103
2252696,548713,4613642,5162355,8.408114989074434
2252715,548718,4613688,5162406,8.408122204848391
2252796,548724,4613826,5162550,8.40828175913574
2252846,548750,4613875,5162625,8.407972665148064
2253146,548750,4614418,5163168,8.408962186788155
2253156,548750,4614424,5163174,8.408973120728929
2254622,549501,4617318,5166819,8.402747219750282
2254711,549560,4617505,5167065,8.402185384671373
2254759,549560,4617570,5167130,8.402303661110707
2254938,549715,4617968,5167683,8.400658523052854
2255113,549780,4618257,5168037,8.400190985485104
2255119,549784,4618276,5168060,8.400164428211808
2255380,549830,4618524,5168354,8.39991270028918
2255474,549894,4618691,5168585,8.399238762379658
2255763,550094,4619278,5169372,8.397252106003702
2255843,550130,4619492,5169622,8.397091596531729
2256386,550243,4620007,5170250,8.396303087908434
2256516,550243,4620393,5170636,8.397004596151156
2256541,550266,4620418,5170684,8.396699051004424
2256628,550266,4620583,5170849,8.39699890598365
2256695,550308,4620780,5171088,8.396716020846508
2256790,550360,4620941,5171301,8.396215204593357
2256902,550384,4621125,5171509,8.396183391959068
2257065,550384,4621546,5171930,8.396948312450943
2257116,550417,4621646,5172063,8.39662655768263
2257192,550428,4621789,5172217,8.396718553561955
2257477,550562,4622220,5172782,8.395457732280834
2257619,550625,4622381,5173006,8.394789557321225
2257642,550635,4622408,5173043,8.394686135098569
2257710,550659,4622458,5173117,8.394411060202412
2257735,550659,4622501,5173160,8.394489148456667
2258922,550674,4625220,5175894,8.399198073633402
2259021,550674,4625513,5176187,8.39973014887211
2259027,550674,4625532,5176206,8.399764652044585
2259034,550683,4625539,5176222,8.39964008331472
2259039,550689,4625547,5176236,8.399563092780136
2259431,550689,4626651,5177340,8.401567854088242
2259436,550692,4626662,5177354,8.401542059808387
2259446,550696,4626672,5177368,8.401499193747549
2259495,550705,4626754,5177459,8.401510790713722
2259531,550710,4626762,5177472,8.401449038513919
2259584,550746,4626849,5177595,8.401057837914392
2259841,550751,4627268,5178019,8.40174234817549
2260073,550809,4627998,5178807,8.40218297086649
2260105,550826,4628038,5178864,8.401996274685654
2260132,550845,4628069,5178914,8.4017627463261
2260272,550845,4628332,5179177,8.4022401946101
2260294,550859,4628390,5179249,8.402131943019901
2261501,550859,4632492,5183351,8.409578494678312
2261628,550902,4632591,5183493,8.409101800320203
2261657,550904,4632606,5183510,8.409098499920132
2261678,550906,4632606,5183512,8.409067971668488
2261691,550915,4632619,5183534,8.408954194385704
2261752,550922,4632736,5183658,8.40905972170289
2262048,551051,4633352,5184403,8.408209040542527
2262091,551076,4633433,5184509,8.407974580638605
2262124,551089,4633481,5184570,8.407863339678347
2262144,551096,4633503,5184599,8.407796463774007
2262198,551099,4633639,5184738,8.40799747413804
2262229,551108,4633677,5184785,8.40792911734179
2262231,551108,4633682,5184790,8.407938189973652
2262638,551288,4634592,5185880,8.406843609873604
2262713,551290,4634775,5186065,8.407145059768906
2263272,551290,4636358,5187648,8.41001650673874
2263451,551376,4636752,5188128,8.409419343605816
2263462,551378,4636775,5188153,8.409430553993811
2263495,551399,4636851,5188250,8.409248112528314
2263514,551409,4636908,5188317,8.409198979342014
2265236,551409,4654191,5205600,8.440542319766271
2265315,551472,4654297,5205769,8.439770287521398
2265387,551504,4654456,5205960,8.439568887986306
2265425,551504,4654547,5206051,8.439733891322637
2265738,551504,4655009,5206513,8.440571600568626
2266195,551586,4656215,5207801,8.441503228870928
2266355,551586,4656491,5208077,8.44200360415239
2266374,551594,4656505,5208099,8.441906547206822
2266949,551947,4657674,5209621,8.438625447733207
2267146,552009,4657811,5209820,8.437925830919424
2267159,552016,4657819,5209835,8.437833323671777
2267310,552016,4658142,5210158,8.438418451639082
2267371,552016,4658260,5210276,8.438632213559027
2267382,552019,4658281,5210300,8.438624395174804
2267521,552094,4658594,5210688,8.438044970602832
2267618,552119,4658802,5210921,8.438039625515513
2267669,552143,4658847,5210990,8.437754349869508
2268623,552454,4660454,5212908,8.435913216303982
2268915,552569,4660773,5213342,8.434734847593694
2268943,552583,4660838,5213421,8.434638778246887
2268960,552589,4660856,5213445,8.434579769050778
2269025,552601,4660901,5213502,8.434478041118275
2269092,552602,4660939,5213541,8.434531543497853
2269117,552619,4660977,5213596,8.43434083880576
2269224,552619,4661174,5213793,8.434697323110498
2269371,552619,4661430,5214049,8.435160571750156
2269410,552634,4661457,5214091,8.434980475323632
2269461,552649,4661568,5214217,8.434952383881994
2269684,552705,4661814,5214519,8.434542839308492
2269757,552743,4661991,5214734,8.43428320213915
2269895,552783,4662127,5214910,8.433918915740897
2269921,552795,4662178,5214973,8.433828091788095
2269930,552795,4662191,5214986,8.433851608643348
2269963,552795,4662222,5215017,8.433907687298184
2269965,552795,4662225,5215020,8.433913114264781
2269975,552795,4662241,5215036,8.433942058086632
2270185,552969,4662555,5215524,8.431856035329286
2270195,552969,4662567,5215536,8.431877736364967
2270197,552969,4662569,5215538,8.431881353204249
2270268,552969,4662741,5215710,8.432192401382355
2270392,552976,4662893,5215869,8.432360536442811
2270429,552989,4662948,5215937,8.43226176289221
2270442,552993,4662956,5215949,8.432215235997562
2270453,552998,4662990,5215988,8.432200478121079
2270471,553008,4663015,5216023,8.432093206608222
2270593,553039,4663140,5216179,8.431846578631887
2270616,553045,4663186,5216231,8.431838277174553
2270757,553086,4663274,5216360,8.431372336309362
2270862,553112,4663439,5216551,8.431274316955697
2270959,553187,4663731,5216918,8.430659071887083
2270968,553189,4663752,5216941,8.430666553384105
2271110,553189,4663943,5217132,8.431011824168593
2271347,553189,4664305,5217494,8.431666211728722
2271369,553202,4664332,5217534,8.431516878102393
2272008,553421,4666155,5219576,8.431474410981874
2272037,553426,4666217,5219643,8.431510265148367
2272066,553439,4666237,5219676,8.43134835094744
2272088,553446,4666261,5219707,8.431285075689408
2272121,553470,4666312,5219782,8.431011617612517
2272137,553470,4666338,5219808,8.431058593961732
2272140,553470,4666347,5219817,8.431074855005692
2272188,553492,4666414,5219906,8.430860789315835
2272195,553495,4666431,5219926,8.430845807098528
2272208,553500,4666444,5219944,8.430793134598012
2272299,553500,4666492,5219992,8.430879855465221
2272308,553500,4666503,5220003,8.43089972899729
2272311,553501,4666506,5220007,8.430889917091388
2272321,553501,4666522,5220023,8.430918823994897
2272410,553501,4666668,5220169,8.431182599489432
2272539,553502,4667050,5220552,8.431857518130016
2272607,553549,4667150,5220699,8.431322249701472
2272623,553549,4667176,5220725,8.431369219346436
2272696,553577,4667247,5220824,8.431071016317514
2273225,553577,4667247,5220824,8.431071016317514
2273278,553615,4667354,5220969,8.430685584747524
2273338,553625,4667486,5221111,8.430771731767894
2273402,553656,4667570,5221226,8.430451399424914
2273564,553656,4668072,5221728,8.4313580996142
2273587,553670,4668106,5221776,8.431206314230499
2273602,553677,4668129,5221806,8.431141261060148
2273632,553688,4668172,5221860,8.431051422461747
2273702,553722,4668303,5222025,8.430770314345466
2273764,553730,4668350,5222080,8.430733389919276
2273767,553730,4668359,5222089,8.430749643327976
2275325,554170,4672015,5226185,8.430653048703466
2275343,554170,4672035,5226205,8.430689138711948
2277940,554170,4676240,5230410,8.438277062995109
2277950,554174,4676249,5230423,8.438232396323176
2277963,554201,4676331,5230532,8.437969256641544
2278026,554222,4676465,5230687,8.437891314310871
2278349,554394,4676910,5231304,8.43607614801026
2278458,554472,4677143,5231615,8.435309627898253
2278472,554478,4677171,5231649,8.435268847456527
2278485,554489,4677207,5231696,8.435166432517146
2278664,554565,4677338,5231903,8.434246661797985
2278684,554565,4677359,5231924,8.43428452931577
2278699,554574,4677406,5231980,8.434232401807513
2278721,554574,4677459,5232033,8.43432797065856
2278756,554593,4677537,5232130,8.434179659678358
2278822,554596,4677565,5232161,8.434184523509005
2279034,554703,4678178,5232881,8.433662698777544
2279064,554718,4678276,5232994,8.433611312414596
2279121,554730,4678322,5233052,8.433511798532619
2279383,554843,4678957,5233800,8.432938687160151
2279399,554843,4678970,5233813,8.432962117211536
2279421,554843,4679011,5233854,8.433036011988976
2279454,554848,4679015,5233863,8.432967227060384
2279470,554848,4679041,5233889,8.433014086740874
2279489,554852,4679073,5233925,8.433010965086185
2279537,554852,4679185,5234037,8.433212820716156
2279537,554852,4679230,5234082,8.433293923424625
2279558,554852,4679260,5234112,8.433347991896937
2279586,554869,4679292,5234161,8.433147283412842
2279632,554869,4679324,5234193,8.433204954682997
2279666,554891,4679384,5234275,8.432978729155817
2279678,554897,4679412,5234309,8.432938004710785
2279692,554905,4679441,5234346,8.432868689235095
2279694,554905,4679443,5234348,8.432872293455636
2279787,554948,4679566,5234514,8.432440516949336
2279816,554948,4679583,5234531,8.432471150450132
2279869,554964,4679645,5234609,8.432339755371519
2279887,554964,4679699,5234663,8.432437058980403
2279909,554964,4679752,5234716,8.432532560670602
2280021,554965,4679887,5234852,8.43276062454389
2280066,554965,4679930,5234895,8.432838106907642
2280093,554970,4679938,5234908,8.43277654647999
2280448,554970,4680884,5235854,8.434481143124854
2280464,554979,4680907,5235886,8.43438580558904
2280473,554979,4680947,5235926,8.434457880388267
2280488,554988,4680982,5235970,8.43438416686487
2280503,555000,4680997,5235997,8.434228828828829
2280549,555015,4681059,5236074,8.43411259155158
2280590,555041,4681106,5236147,8.433802187586142
2280623,555054,4681168,5236222,8.433716359129022
2280664,555063,4681223,5236286,8.433678699535008
2280703,555063,4681339,5236402,8.433887684821363
2280803,555091,4681394,5236485,8.43356134399585
2280808,555091,4681394,5236485,8.43356134399585
2280864,555091,4681438,5236529,8.433640610278315
2280890,555110,4681468,5236578,8.433405991605268
2280926,555122,4681612,5236734,8.433483090203595
2280927,555122,4681616,5236738,8.433490295826862
2280944,555131,4681674,5236805,8.433458048640771
2281007,555166,4681756,5236922,8.433074071538963
2281022,555178,4681798,5236976,8.432967444675402
2281039,555178,4681843,5237021,8.433048499760437
2281140,555255,4682040,5237295,8.432233838506631
2282094,556025,4685349,5241374,8.426507800908233
2282113,556034,4685382,5241416,8.426430757831355
2282150,556058,4685464,5241522,8.42621453157764
2282436,556075,4685848,5241923,8.426647484601897
2282501,556104,4685950,5242054,8.426391466344425
2282579,556123,4686085,5242208,8.426346329858683
2282601,556125,4686092,5242217,8.4263286131715
2282612,556125,4686092,5242217,8.4263286131715
2282646,556125,4686110,5242235,8.426360979995504
2282667,556136,4686140,5242276,8.426248255822317
2282677,556136,4686148,5242284,8.426262640792899
2282799,556171,4686348,5242519,8.426091975309753
2283000,556307,4686709,5243016,8.424680976511171
2283039,556307,4686709,5243016,8.424680976511171
2283088,556307,4686818,5243125,8.42487691148952
2283283,556397,4687240,5243637,8.424272596725
2283394,556397,4687278,5243675,8.424340893283034
2283423,556397,4687313,5243710,8.424403798007537
2283572,556468,4687541,5244009,8.42373865163855
2283583,556468,4687551,5244019,8.423756622123824
2283591,556468,4687551,5244019,8.423756622123824
2283618,556487,4687582,5244069,8.423524718457035
2283661,556515,4687635,5244150,8.42319614026576
2283758,556602,4687836,5244438,8.422240667478738
2283821,556602,4687836,5244438,8.422240667478738
2283849,556608,4687881,5244489,8.422230726112453
2283914,556629,4687982,5244611,8.422094429144009
2283931,556629,4688027,5244656,8.42217527293763
2286244,556668,4691656,5248324,8.428104363821882
2286251,556680,4691662,5248342,8.427933462671552
2286337,556713,4691712,5248425,8.4275236971294
2286415,556746,4691812,5248558,8.427203787723666
2286461,556792,4691942,5248734,8.426741045129958
2286487,556804,4691982,5248786,8.426631274200616
2286525,556804,4692042,5248846,8.426739032047184
2286532,556804,4692042,5248846,8.426739032047184
2286553,556811,4692082,5248893,8.426704932194227
2286576,556816,4692090,5248906,8.426643630930146
2286614,556828,4692108,5248936,8.426494357323985
2286646,556848,4692170,5249018,8.426303048587766
2286657,556853,4692179,5249032,8.426243550811435
2286713,556853,4692267,5249120,8.42640158174599
2286726,556861,4692298,5249159,8.4263361952085
2286795,556889,4692405,5249294,8.42610466358646
2286840,556889,4692447,5249336,8.426180082565825
2286849,556891,4692467,5249358,8.426185734730854
2286886,556902,4692530,5249432,8.426132425453671
2286910,556908,4692553,5249461,8.426082943681902
2286917,556912,4692558,5249470,8.426031401729537
2286929,556917,4692594,5249511,8.42602039442143
2286968,556922,4692660,5249582,8.426063254818448
2286977,556924,4692676,5249600,8.426061724759572
2287059,556970,4692828,5249798,8.425638723809183
2287092,556975,4692932,5249907,8.425749809237399
2287119,556993,4692970,5249963,8.425545742944704
2287809,557262,4693683,5250945,8.422758056354104
2287880,557262,4693810,5251072,8.422985956336516
2287902,557267,4693831,5251098,8.422948066187303
2287932,557267,4693857,5251124,8.422994722457997
2287962,557282,4693885,5251167,8.42281825000628
2287965,557283,4693889,5251172,8.422810313610858
2288127,557334,4694258,5251592,8.422701647486068
2288167,557345,4694319,5251664,8.42264486090303
2288184,557345,4694364,5251709,8.422725600839696
2288328,557365,4694602,5251967,8.422850376324313
2288354,557375,4694645,5252020,8.422776407266204
2288367,557375,4694668,5252043,8.422817672123795
2288410,557375,4694776,5252151,8.42301143754205
2288460,557378,4694797,5252175,8.423003778405318
2288480,557383,4694815,5252198,8.42296051368628
2288516,557401,4694888,5252289,8.422819478257125
2288585,557443,4694984,5252427,8.422357084042673
2288590,557446,4694995,5252441,8.422331490404451
2288619,557448,4695010,5252458,8.422328181283277
2288980,557623,4695761,5253384,8.421031772362332
2288999,557626,4695787,5253413,8.42103309386578
2289166,557702,4696019,5253721,8.420301523035599
2289218,557726,4696089,5253815,8.42006469126417
2289265,557763,4696174,5253937,8.41965852880166
2289267,557763,4696179,5253942,8.419667493182589
2289393,557790,4696349,5254139,8.41956471073343
2289643,557828,4696717,5254545,8.419650860121758
2289883,557950,4697445,5255395,8.419114616005018
2290069,557950,4697797,5255747,8.419745496908325
2290165,557970,4697981,5255951,8.419773464523182
2290241,557996,4698186,5256182,8.419748528663288
2290273,558019,4698253,5256272,8.419521557509691
2290607,558034,4698912,5256946,8.4204761717028
2290794,558103,4699110,5257213,8.41978989541357
2290801,558103,4699110,5257213,8.41978989541357
2291379,558304,4699873,5258177,8.418125250759443
2291923,558319,4700527,5258846,8.419070459719265
2292134,558414,4700833,5259247,8.41818614862808
2292179,558428,4700890,5259318,8.418077173780684
2292199,558441,4700912,5259353,8.417920603967115
2292209,558445,4700921,5259366,8.417876424715057
2292306,558479,4701005,5259484,8.417514355956088
2292442,558479,4701373,5259852,8.418173288521144
2292515,558484,4701529,5260013,8.41837724984064
2292546,558512,4701583,5260095,8.41805189503538
2292592,558512,4701638,5260150,8.418150370985762
2292754,558518,4701958,5260476,8.418632882019917
2292785,558537,4702029,5260566,8.418473619473732
2292826,558549,4702097,5260646,8.418414498996507
2292844,558558,4702124,5260682,8.41832719252074
2292868,558572,4702153,5260725,8.41816811440602
2293320,558572,4702984,5261556,8.419655836669222
2293382,558572,4703111,5261683,8.419883202165522
2293402,558572,4703126,5261698,8.419910056357999
2293457,558576,4703304,5261880,8.420168428289077
2293474,558586,4703319,5261905,8.420044541037548
2293484,558590,4703335,5261925,8.420012889597022
2293506,558592,4703342,5261934,8.419995273831347
2293517,558595,4703350,5261945,8.419964374904895
2293548,558602,4703383,5261985,8.41991793799521
2293581,558625,4703434,5262059,8.419662564332066
2293588,558625,4703438,5262063,8.419669724770642
2293696,558667,4703511,5262178,8.419167410997964
2293768,558683,4703579,5262262,8.419048011126167
2293921,558750,4703827,5262577,8.418482326621923
2293936,558750,4703858,5262608,8.418537807606263
2293941,558754,4703863,5262617,8.418486489582177
2294053,558819,4704021,5262840,8.417790017876987
2294199,558819,4704224,5263043,8.41815328397925
2294220,558822,4704234,5263056,8.418125986450068
2294450,558826,4704552,5263378,8.418634780772548
2294475,558848,4704602,5263450,8.418392836692625
2294508,558853,4704631,5263484,8.418369410202683
2294519,558857,4704654,5263511,8.41835031143924
2294604,558908,4704833,5263741,8.417902409698913
2294622,558908,4704865,5263773,8.417959664202337
2294659,558908,4704901,5263809,8.41802407551869
2294662,558908,4704906,5263814,8.41803302153485
2294669,558909,4704910,5263819,8.418025116790032
2294684,558916,4704929,5263845,8.417953681769712
2294720,558916,4704967,5263883,8.418021670519362
2294731,558918,4704975,5263893,8.418005861324916
2294920,559035,4705481,5264516,8.417149194594256
2294952,559046,4705522,5264568,8.417056914815596
2295045,559046,4705708,5264754,8.417389624467397
2295146,559125,4705945,5265070,8.416624189581936
2295717,559132,4706836,5265968,8.418112359872087
2295748,559148,4706878,5266026,8.41794659016933
2295849,559245,4707125,5266370,8.416928179956907
2295970,559251,4707370,5266621,8.417275963744364
2295989,559264,4707401,5266665,8.417135735538135
2296001,559264,4707433,5266697,8.417192953596155
2296023,559268,4707446,5266714,8.417155996767203
2296061,559268,4707552,5266820,8.417345530228799
2296153,559268,4707607,5266875,8.417443873062647
2296206,559283,4707679,5266962,8.417346853024318
2296391,559367,4708183,5267550,8.416983840662748
2296415,559387,4708257,5267644,8.416815192344478
2296450,559390,4708342,5267732,8.41692200432614
2297287,559390,4710051,5269441,8.419977117932033
2297352,559429,4710194,5269623,8.419645745930225
2297473,559451,4710284,5269735,8.419475521538079
2297487,559458,4710314,5269772,8.419423799463052
2297698,559458,4710847,5270305,8.420376507262386
2297758,559477,4710924,5270401,8.420228177387095
2297784,559479,4710939,5270418,8.420224887797398
2297912,559479,4711159,5270638,8.420618110778063
2297927,559479,4711185,5270664,8.42066458258487
2298041,559536,4711373,5270909,8.420142761144948
2298109,559565,4711478,5271043,8.419894024822854
2298200,559610,4711580,5271190,8.419399224459891
2298213,559610,4711585,5271195,8.419408159253766
2298243,559610,4711626,5271236,8.419481424563536
2298310,559610,4711778,5271388,8.419753042297314
2298335,559618,4711826,5271444,8.419718450800367
2298378,559618,4711859,5271477,8.41977741959694
2298485,559618,4712075,5271693,8.420163397174502
2298535,559618,4712244,5271862,8.420465388890278
2299864,559639,4717253,5276892,8.4290998304264
2300072,559700,4717396,5277096,8.428436662497766
2300107,559712,4717439,5277151,8.428332785432508
2300114,559716,4717453,5277169,8.428297565193777
2300154,559719,4717482,5277201,8.428304202644542
2300188,559728,4717549,5277277,8.428288382928852
2300209,559728,4717594,5277322,8.428368779121287
2300326,559758,4717668,5277426,8.428049264146292
2301023,559758,4719563,5279321,8.431434655690495
2301251,559767,4720936,5280703,8.43375190034425
2301257,559772,4720941,5280713,8.433685500525215
2301329,559804,4721057,5280861,8.43341062228923
2301586,559804,4721389,5281193,8.434003687004738
2302145,559804,4722972,5282776,8.436831462440425
2302211,559844,4723055,5282899,8.436376919284658
2302507,559984,4723293,5283277,8.434692776936483
2303278,559999,4724409,5284408,8.436459707963765
2303383,560014,4724493,5284507,8.436383733263812
2303416,560035,4724539,5284574,8.436149526368888
2303426,560035,4724555,5284590,8.436178096011856
2303455,560045,4724636,5284681,8.43617209331393
2303571,560074,4724711,5284785,8.43586918871435
2303921,560074,4725111,5285185,8.43658338005335
2303976,560096,4725192,5285288,8.436396617722677
2303988,560096,4725213,5285309,8.436434111295206
2304151,560096,4725631,5285727,8.437180411929383
2304170,560096,4725646,5285742,8.43720719305262
2304176,560096,4725657,5285753,8.437226832542992
2304190,560096,4725683,5285779,8.437273253156603
2304200,560096,4725705,5285801,8.437312532137348
2304292,560119,4725902,5286021,8.43731778425656
2304318,560119,4725945,5286064,8.437394553657349
2304368,560119,4726027,5286146,8.437540951119315
2304369,560119,4726029,5286148,8.43754452178912
2304618,560300,4726502,5286802,8.435663037658397
2304628,560308,4726509,5286817,8.435555087558985
2304686,560333,4726601,5286934,8.435342912161161
2304721,560346,4726645,5286991,8.435225735527691
2304842,560423,4726849,5287272,8.434430778180053
2305548,560423,4727987,5288410,8.436461387202167
2305571,560436,4728008,5288444,8.4363031639652
2306340,560778,4729671,5290449,8.434123663909782
2306527,560782,4730223,5291005,8.435047843903691
2306576,560789,4730271,5291060,8.435028147841702
2307136,560941,4731030,5291971,8.434095564417648
2307439,561160,4731752,5292912,8.43209066932782
2307446,561161,4731782,5292943,8.432129103768794
2307496,561164,4731900,5293064,8.432294302556828
2307605,561164,4732091,5293255,8.432634666514602
2307665,561211,4732193,5293404,8.432110204539825
2307854,561226,4732833,5294059,8.43302519840492
2308232,561226,4733518,5294744,8.434245740575099
2308384,561292,4733832,5295124,8.43381341618979
2308474,561324,4733926,5295250,8.433500081949106
2308498,561333,4733964,5295297,8.43343256142076
2308505,561333,4733978,5295311,8.433457502053148
2308511,561337,4733984,5295321,8.433408095315292
2308561,561344,4734083,5295427,8.433479292555011
2308591,561358,4734127,5295485,8.433347346969313
2308597,561360,4734136,5295496,8.433333333333334
2308659,561360,4734191,5295551,8.4334313096765
2308944,561387,4734739,5296126,8.434001856117082
2309371,561387,4735282,5296669,8.434969103310195
2309405,561387,4735346,5296733,8.435083106662605
2309417,561395,4735369,5296764,8.43500387427747
2309437,561408,4735418,5296826,8.434895833333334
2309493,561412,4735463,5296875,8.434915890647154
2309504,561412,4735475,5296887,8.434937265323862
2309542,561436,4735524,5296960,8.434663968822804
2309801,561436,4735856,5297292,8.435255309598958
2309855,561448,4735940,5297388,8.435224633447799
2309949,561448,4736109,5297557,8.435525640842963
2309960,561455,4736142,5297597,8.435479245887917
2309996,561455,4736211,5297666,8.435602140866143
2310448,561769,4736927,5298696,8.43216161803161
2310477,561791,4736968,5298759,8.431904391490786
2310477,561808,4737130,5298938,8.431937601458149
2310545,561808,4737222,5299030,8.432101358471222
2310581,561808,4737256,5299064,8.432161877367356
2310598,561816,4737286,5299102,8.432095205547723
2310880,561816,4737613,5299429,8.43267724664303
2310889,561816,4737629,5299445,8.432705725718028
2310904,561830,4737669,5299499,8.432566790666217
2311016,561876,4737955,5299831,8.432385437356285
2311056,561895,4738029,5299924,8.432232000640688
2311062,561895,4738044,5299939,8.43225869601972
2311174,561908,4738348,5300256,8.432604625668258
2311246,561942,4738447,5300389,8.43227059020326
2311311,561978,4738544,5300522,8.431903028232423
2311345,561978,4738562,5300540,8.431935057956006
2311404,562000,4738660,5300660,8.431779359430605
2311431,562000,4738736,5300736,8.431914590747331
2311434,562001,4738738,5300739,8.431903146079812
2311439,562001,4738743,5300744,8.431912042861134
2311467,562008,4738765,5300773,8.431846165890876
2311471,562008,4738775,5300783,8.431863959231897
2311494,562023,4738815,5300838,8.431710090156452
2312172,562023,4740318,5302341,8.43438435793553
2312285,562040,4740401,5302441,8.434276919792186
2312480,562081,4740837,5302918,8.43443738535905
2312490,562089,4740873,5302962,8.434381388000833
2312512,562091,4740877,5302968,8.434358493553535
2312557,562097,4740909,5303006,8.434325392236572
2312614,562128,4741056,5303184,8.434121765861157
2312638,562160,4741105,5303265,8.433728831649352
2312658,562160,4741132,5303292,8.433776860680233
2313413,562160,4742690,5304850,8.43654831364736
2313461,562194,4742751,5304945,8.436146597082146
2313491,562203,4742786,5304989,8.436073802523287
2313714,562203,4743264,5305467,8.436924029220762
2313745,562219,4743289,5305508,8.436728392316873
2313806,562219,4743407,5305626,8.436938274942683
2314069,562219,4743857,5306076,8.437738674786871
2314099,562228,4743892,5306120,8.437665857979326
2314149,562228,4743976,5306204,8.437815263558557
2314251,562228,4743976,5306204,8.437815263558557
2314310,562247,4744085,5306332,8.43772398963445
2314313,562247,4744094,5306341,8.437739996834132
2314329,562247,4744120,5306367,8.437786239855438
2314343,562249,4744157,5306406,8.437822032586986
2314345,562249,4744161,5306410,8.437829146872648
2314373,562275,4744216,5306491,8.437536792494775
2314393,562275,4744252,5306527,8.43760081810502
2314451,562298,4744348,5306646,8.437426418020339
2314553,562376,4744553,5306929,8.436620695050998
2314603,562403,4744624,5307027,8.436341911405167
2314646,562418,4744701,5307119,8.436253818334405
2314676,562424,4744734,5307158,8.43622249406142
2315003,562499,4745631,5308130,8.43669233189748
2315067,562506,4745766,5308272,8.436827340508367
2315363,562659,4746443,5309102,8.435736387403383
2315368,562659,4746454,5309113,8.435755937432797
2315518,562666,4746768,5309434,8.436209047641052
2315944,563039,4747523,5310562,8.431961196293685
2315967,563050,4747536,5310586,8.431819554213657
2316021,563090,4747627,5310717,8.431382194675807
2316050,563098,4747672,5310770,8.431342324071476
2316081,563114,4747750,5310864,8.43124127618919
2316091,563114,4747766,5310880,8.431269689618798
2316305,563276,4748357,5311633,8.429894048388357
2316324,563278,4748361,5311639,8.429871218119649
2316339,563278,4748389,5311667,8.429920927144323
2316484,563332,4748569,5311901,8.42943237735474
2316554,563347,4748622,5311969,8.4293020110163
2316601,563357,4748721,5312078,8.429328116984435
2316602,563359,4748722,5312081,8.429299966806246
2316681,563359,4748887,5312246,8.429592852870018
2316689,563362,4748901,5312263,8.429572814637835
2316716,563366,4748918,5312284,8.429543138918572
2316737,563381,4748952,5312333,8.429379052541709
2318256,563381,4753025,5316406,8.436608618324012
2318302,563390,4753055,5316445,8.436527094907612
2318315,563396,4753100,5316496,8.436517121172319
2318337,563401,4753125,5316526,8.436486623204432
2318376,563401,4753161,5316562,8.436550520854595
2318382,563401,4753174,5316575,8.436573595006044
2318619,563401,4753687,5317088,8.43748413652088
2318639,563407,4753713,5317120,8.437440429387637
2318750,563407,4753977,5317384,8.437909007165334
2318770,563407,4753998,5317405,8.437946280397652
2318794,563417,4754025,5317442,8.437844438488721
2318810,563422,4754042,5317464,8.437799730929925
2318859,563433,4754172,5317605,8.437865726714623
2318889,563445,4754222,5317667,8.437774760624373
2318912,563449,4754267,5317716,8.43779472498842
2318980,563449,4754309,5317758,8.437869265896293
2319117,563519,4754668,5318187,8.43745818685794
2319157,563546,4754749,5318295,8.437197673304398
2319173,563555,4754766,5318321,8.437093096503446
2319200,563571,4754810,5318381,8.436931637717342
2319327,563635,4755153,5318788,8.43658218527948
2319424,563635,4755480,5319115,8.437162347973423
2319689,563687,4756050,5319737,8.43739522110675
2319916,563687,4756087,5319774,8.437460860371093
2319948,563694,4756115,5319809,8.437405755604992
2320005,563711,4756211,5319922,8.43732160628407
2320135,563711,4756597,5320308,8.438006354319855
2320156,563726,4756631,5320357,8.437842143168844
2320165,563728,4756651,5320379,8.437847685408565
2320985,563919,4757189,5321108,8.43594381462586
2321121,563927,4757959,5321886,8.437189565316078
2321227,564007,4758157,5322164,8.43634387516467
2321258,564027,4758201,5322228,8.436122738805057
2321280,564044,4758243,5322287,8.435942940621654
2321362,564068,4758384,5322452,8.43583397746371
2321395,564071,4758415,5322486,8.435844069274967
2321566,564188,4758701,5322889,8.43460158670514
2321937,564364,4759366,5323730,8.43314952760984
2321957,564373,4759391,5323764,8.433059341960016
2322075,564373,4759568,5323941,8.433372964333872
2322166,564373,4759827,5324200,8.433831880688835
2322286,564459,4760082,5324541,8.43299867660893
2322380,564493,4760228,5324721,8.432749387503476
2322433,564493,4760421,5324914,8.433091287225883
2322569,564559,4760544,5325103,8.432323282420437
2322593,564571,4760571,5325142,8.432191876663873
2322636,564588,4760636,5325224,8.43205310775291
2322681,564597,4760806,5325403,8.432219795712694
2322697,564597,4760832,5325429,8.432265846258481
2322791,564617,4760889,5325506,8.43206810988688
2322821,564620,4760906,5325526,8.432053416457086
2322928,564620,4761084,5325704,8.432368672735645
2322931,564620,4761086,5325706,8.432372214941022
2323018,564628,4761168,5325796,8.432397968219783
2323049,564637,4761238,5325875,8.432387533937733
2324513,564637,4763324,5327961,8.436081942911995
2324609,564637,4763424,5328061,8.436259047848441
2324680,564662,4763511,5328173,8.436039613078266
2324758,564681,4763583,5328264,8.435883268606522
2324774,564681,4763598,5328279,8.435909832276984
2324775,564681,4763600,5328281,8.435913374099712
2324826,564716,4763705,5328421,8.43557646675497
2324952,564772,4763989,5328761,8.435242894477772
2324960,564777,4763995,5328772,8.435178840498109
2324980,564783,4764053,5328836,8.435191923269645
2325021,564802,4764121,5328923,8.435028558680742
2325116,564869,4764355,5329224,8.434442322025106
2325151,564884,4764393,5329277,8.434285623243001
2325167,564884,4764419,5329303,8.43433165039194
2325173,564887,4764438,5329325,8.434320492417067
2325207,564902,4764480,5329382,8.434170882737183
2325239,564911,4764524,5329435,8.434114400321466
2325300,564944,4764619,5329563,8.433789897759778
2325321,564951,4764667,5329618,8.43377036238541
2325412,564980,4764813,5329793,8.433595879500158
2325423,564980,4764822,5329802,8.433611809267585
2325449,564984,4764863,5329847,8.433624669017176
2325486,565007,4764924,5329931,8.433389320840273
2325511,565010,4764967,5329977,8.43342064742217
2325531,565021,4765004,5330025,8.433321947325851
2325565,565042,4765053,5330095,8.433095238937991
2327926,567058,4774765,5341823,8.420240963005549
2328082,567170,4775008,5342178,8.419006647037044
2328101,567176,4775017,5342193,8.418933452755406
2328228,567230,4775256,5342486,8.41855332052254
2328253,567247,4775297,5342544,8.41837330122504
2328350,567247,4775366,5342613,8.418494941357116
2328492,567247,4775505,5342752,8.418739984521734
2328554,567305,4775606,5342911,8.418057306034672
2329371,567637,4776399,5344036,8.414530765260192
2329404,567637,4776458,5344095,8.41463470492586
2329425,567639,4776481,5344120,8.414645575797294
2329437,567643,4776504,5344147,8.41462679888592
2329629,567743,4776891,5344634,8.413826326348365
2329643,567743,4776917,5344660,8.413872121717045
2329836,567866,4777226,5345092,8.412593816146767
2329969,567892,4777294,5345186,8.412328400470512
2330061,567892,4777494,5345386,8.412680580110303
2330091,567892,4777601,5345493,8.412868996217592
2330100,567894,4777617,5345511,8.412867542182168
2330244,567977,4777805,5345782,8.411969146637981
2330311,567977,4777932,5345909,8.412192747241525
2330349,567984,4777950,5345934,8.412120763965182
2330404,568002,4778029,5346031,8.41199326762934
2330449,568029,4778081,5346110,8.411684966788668
2330515,568032,4778234,5346266,8.411909892400429
2330535,568036,4778300,5346336,8.411966847171659
2330545,568041,4778317,5346358,8.411922730929634
2330692,568083,4778426,5346509,8.41149268680809
2330711,568089,4778445,5346534,8.411437292396085
2330738,568089,4778532,5346621,8.411590437413857
2330746,568089,4778549,5346638,8.411620362302386
2331034,568089,4779116,5347205,8.412618445349231
2331096,568099,4779250,5347349,8.412706236060968
2331195,568110,4779344,5347454,8.412708806393129
2331252,568127,4779407,5347534,8.412567964557221
2331668,568149,4779873,5348022,8.413062418485291
2331689,568149,4779905,5348054,8.413118741738522
2331926,568186,4780106,5348292,8.412924640874643
2331938,568192,4780127,5348319,8.412872761320116
2332215,568314,4780713,5349027,8.412097889546976
2332240,568314,4780738,5349052,8.412141879313197
2332253,568324,4780783,5349107,8.41207304284176
2332256,568325,4780792,5349117,8.412074077332512
2332378,568369,4781022,5349391,8.411827527539327
2332408,568386,4781076,5349462,8.411670941930307
2332543,568420,4781252,5349672,8.411477428661906
2332579,568446,4781320,5349766,8.411212322718429
2332602,568455,4781385,5349840,8.411193498166082
2332634,568482,4781454,5349936,8.4109153851837
2332656,568482,4781507,5349989,8.411008615928033
2332690,568491,4781566,5350057,8.410979241535927
2332894,568540,4781725,5350265,8.4105339993668
2332951,568586,4781863,5350449,8.410096273914588
2332967,568586,4781889,5350475,8.410142001385895
2333004,568586,4781970,5350556,8.410284460046501
2333392,568689,4782407,5351096,8.409529637464415
2333426,568689,4782430,5351119,8.409570081362572
2333459,568689,4782503,5351192,8.409698446778467
2333589,568689,4782503,5351192,8.409698446778467
2333656,568713,4782643,5351356,8.409589722759986
2333720,568751,4782746,5351497,8.409208950841405
2334041,568863,4783355,5352218,8.408623869015914
2334445,568944,4783891,5352835,8.408368837706346
2334503,568954,4783926,5352880,8.40828256765925
2334547,568975,4783990,5352965,8.408084713739619
2334550,568975,4783999,5352974,8.408100531657805
2334860,568975,4784448,5353423,8.40888967002065
2334878,568982,4784465,5353447,8.408816096115519
2335273,569094,4785034,5354128,8.408161041936832
2335303,569107,4785053,5354160,8.40800236159457
2335348,569122,4785073,5354195,8.407815898875812
2335357,569125,4785093,5354218,8.4078067208434
2335368,569128,4785118,5354246,8.407806328277646
2335406,569135,4785136,5354271,8.4077345445281
2335584,569202,4785299,5354501,8.40703124725493
2335646,569220,4785401,5354621,8.40694459084361
2335736,569227,4785660,5354887,8.407296210474907
2335880,569238,4785861,5355099,8.407486850842705
2335901,569246,4785886,5355132,8.407412612473342
2335942,569278,4785986,5355264,8.407115679861157
2336778,569284,4787672,5356956,8.409988687544354
2336809,569288,4787730,5357018,8.410031477916274
2336886,569346,4787897,5357243,8.4094680563313
2336916,569358,4787968,5357326,8.409415517126307
2336939,569362,4787987,5357349,8.409389808241505
2336978,569362,4788021,5357383,8.409449524204284
2337247,569362,4788537,5357899,8.410355801757055
2337333,569362,4788636,5357998,8.410529680589853
2337453,569362,4788838,5358200,8.410884463662837
2338233,569769,4790210,5359979,8.407284355589722
2338315,569769,4790345,5360114,8.407521293717279
2338939,569769,4791223,5360992,8.409062269095019
2339015,569787,4791455,5361242,8.409203790188263
2339130,569820,4791661,5361481,8.409078305429786
2339161,569820,4791691,5361511,8.409130953634481
2339301,569880,4791813,5361693,8.408459675721204
2339349,569880,4791850,5361730,8.408524601670527
2339378,569891,4791900,5361791,8.408450036936888
2339478,569891,4791961,5361852,8.408557074949421
2339644,569891,4792376,5362267,8.409285284378942
2339671,569891,4792408,5362299,8.409341435467484
2339677,569891,4792408,5362299,8.409341435467484
2340018,570104,4792949,5363053,8.407148520269986
2340056,570143,4793040,5363183,8.406733047674004
2340123,570189,4793259,5363448,8.40643891762205
2340148,570195,4793314,5363509,8.406446917282684
2340152,570196,4793322,5363518,8.406446204463027
2340223,570218,4793493,5363711,8.40642175448688
2340347,570289,4793871,5364160,8.406037991264078
2340355,570295,4793883,5364178,8.405970594166178
2340407,570311,4793957,5364268,8.405864519534079
2340430,570316,4794000,5364316,8.405866221533325
2340475,570333,4794088,5364421,8.405769962460527
2340506,570341,4794124,5364465,8.405715177411409
2340578,570373,4794254,5364627,8.405471507241753
2340732,570403,4794305,5364708,8.405118837032765
2340752,570403,4794326,5364729,8.405155653108416
2340776,570414,4794361,5364775,8.405054925019371
2340895,570414,4794900,5365314,8.405999852738537
2340954,570414,4794976,5365390,8.406133089300052
2340979,570422,4795007,5365429,8.406069541497347
2341424,570422,4795666,5366088,8.407224826531936
2341459,570427,4795684,5366111,8.40718268945895
2341503,570437,4795716,5366153,8.407091405361152
2341513,570443,4795722,5366165,8.407013496528137
2341546,570453,4795806,5366259,8.407013373582048
2341633,570479,4795975,5366454,8.40692646004498
2341659,570479,4796030,5366509,8.407022870254645
2341707,570479,4796095,5366574,8.407136809593341
2341721,570479,4796121,5366600,8.40718238532882
2341740,570484,4796136,5366620,8.407134994145322
2341833,570506,4796340,5366846,8.407168373338756
2341851,570506,4796393,5366899,8.407261273325785
2341867,570506,4796419,5366925,8.407306846904326
2341890,570512,4796444,5366956,8.407262248646829
2341996,570573,4796758,5367331,8.406913751614605
2342004,570583,4796771,5367354,8.406789196313245
2342345,570655,4797041,5367696,8.406201645477566
2342363,570662,4797087,5367749,8.406179139315391
2342711,570670,4797890,5368560,8.40746841432001
2343465,570687,4799165,5369852,8.409452116484168
2343510,570701,4799212,5369913,8.409328177101495
2343583,570726,4799262,5369988,8.409047423807571
2343810,570726,4799299,5370025,8.409112253515698
2343940,570726,4799685,5370411,8.409788585065337
2343954,570726,4799711,5370437,8.409834141076454
2344256,570947,4800339,5371286,8.407678821326673
2344278,570947,4800391,5371338,8.40776989808161
2344510,570956,4801790,5372746,8.410087642480331
2344554,570977,4801846,5372823,8.409876404828916
2344560,570983,4801857,5372840,8.409807297240024
2344795,571087,4802580,5373667,8.40954180361311
2344810,571104,4802600,5373704,8.409326497450552
2344939,571125,4802891,5374016,8.409526811118406
2345013,571125,4803120,5374245,8.409927774130006
2345014,571125,4803122,5374247,8.40993127599037
2345092,571143,4803200,5374343,8.409802798948775
2345121,571163,4803228,5374391,8.40955734177459
2345141,571174,4803254,5374428,8.409440905923589
2345170,571176,4803269,5374445,8.40943772147289
2345217,571188,4803289,5374477,8.409296063642794
2345252,571188,4803374,5374562,8.40944487629292
2345438,571303,4803768,5375071,8.408441755075678
2345469,571318,4803824,5375142,8.408319009728382
2345501,571320,4803871,5375191,8.408371840649723
2345521,571325,4803909,5375234,8.408364766113857
2345556,571328,4803994,5375322,8.408469390612748
2345567,571328,4804004,5375332,8.40848689369329
2345731,571328,4804287,5375615,8.408982230872633
2345764,571333,4804316,5375649,8.408959398459393
2345792,571345,4804361,5375706,8.408861546001102
2345830,571358,4804415,5375773,8.408764732444457
2345840,571358,4804441,5375799,8.408810238064401
2346176,571438,4805061,5376499,8.408718006152899
2346194,571438,4805071,5376509,8.408735505864152
2346201,571438,4805083,5376521,8.408756505517658
2346238,571464,4805159,5376623,8.408506922570801
2346317,571530,4805364,5376894,8.40789459870873
2346330,571536,4805376,5376912,8.407827328462249
2347511,571564,4806829,5378393,8.409957590051159
2347540,571568,4806890,5378458,8.410005458668085
2347615,571604,4807068,5378672,8.409787195331033
2347652,571627,4807163,5378790,8.409615011187364
2347813,571652,4807458,5379110,8.40976328255652
2347818,571652,4807458,5379110,8.40976328255652
2348066,571716,4807692,5379408,8.409231156728167
2348204,571783,4807981,5379764,8.408751222054521
2348234,571789,4808042,5379831,8.408769668531574
2348272,571789,4808133,5379922,8.408928818147952
2348287,571794,4808169,5379963,8.408918246781184
2348360,571832,4808246,5380078,8.408494103163166
2348404,571835,4808362,5380197,8.408652845663521
2348440,571855,4808414,5380269,8.408449694415543
2348451,571855,4808426,5380281,8.408470678755979
2348629,571903,4808844,5380747,8.40849584632359
2348818,571987,4809072,5381059,8.407659614641592
2348887,572005,4809305,5381310,8.40780237934983
2349187,572005,4809527,5381532,8.408190487845387
2349243,572011,4809600,5381611,8.408229911662538
2349245,572012,4809604,5381616,8.408222205128563
2349420,572055,4809956,5382011,8.408205504715456
2349553,572125,4810550,5382675,8.408214987983396
2349569,572133,4810567,5382700,8.408127131278915
2349602,572138,4810583,5382721,8.4080816166729
2349630,572151,4810655,5382806,8.408016415247024
2349655,572151,4810682,5382833,8.408063605586637
2349706,572151,4810830,5382981,8.408322278559332
2349864,572167,4811366,5383533,8.409023938815066
2349892,572167,4811387,5383554,8.40906064138617
2349939,572184,4811498,5383682,8.409004795660138
2349966,572213,4811567,5383780,8.408699208161996
2349978,572221,4811579,5383800,8.408602620316277
2350008,572221,4811609,5383830,8.408655047612722
2350749,572221,4813355,5385576,8.411706316265919
2350839,572256,4813620,5385876,8.411654923670525
2350854,572268,4813648,5385916,8.411527466152222
2350997,572268,4813916,5386184,8.411995778201822
2351077,572290,4814054,5386344,8.41191354033794
2351134,572322,4814156,5386478,8.41162142989436
2351172,572328,4814262,5386590,8.411718455151592
2351233,572329,4814316,5386645,8.411798109129538
2351264,572329,4814365,5386694,8.411883724221559
2351316,572329,4814423,5386752,8.41198506453456
2352172,572329,4815866,5388195,8.414506341632173
2352185,572331,4815891,5388222,8.414520618313528
2352414,572401,4816420,5388821,8.414415767966862
2352576,572401,4816922,5389323,8.41529277551926
2352596,572401,4816943,5389344,8.415329463086193
2352636,572427,4817148,5389575,8.415305357713734
2352649,572430,4817175,5389605,8.415308421990462
2352650,572430,4817175,5389605,8.415308421990462
2352761,572437,4817387,5389824,8.41557586249666
2352816,572483,4817438,5389921,8.41498874202378
2352881,572513,4817539,5390052,8.414724207135908
2352981,572553,4817604,5390157,8.414249859838304
2353004,572555,4817631,5390186,8.414267624944328
2354025,572555,4818840,5391395,8.416379212477404
2354030,572558,4818846,5391404,8.416345592935564
2354119,572558,4819073,5391631,8.416742059319754
2354174,572561,4819112,5391673,8.41676607383318
2354196,572566,4819154,5391720,8.416765927421467
2354206,572570,4819175,5391745,8.41674380425101
2354222,572570,4819201,5391771,8.416789213545941
2354294,572597,4819341,5391938,8.4166368318381
2354416,572627,4819439,5392066,8.416367024258374
2354543,572703,4819631,5392334,8.41558539068243
2354631,572773,4819790,5392563,8.414834498134514
2354937,572873,4820284,5393157,8.414227935336454
2354953,572873,4820310,5393183,8.414273320613818
2355119,572873,4820910,5393783,8.415320673168399
2355274,572873,4821136,5394009,8.415715175963957
2355288,572881,4821150,5394031,8.41562209254627
2355389,572899,4821204,5394103,8.41545193829977
2355410,572899,4821250,5394149,8.415532231684818
2355815,572977,4822288,5395265,8.41619820690883
2356017,573028,4822449,5395477,8.41573012139023
2356658,573028,4823419,5396447,8.417422883349504
2356688,573037,4823531,5396568,8.417486130913012
2356770,573095,4823710,5396805,8.416946579537424
2356904,573110,4823950,5397060,8.41714505068835
2356992,573166,4824113,5397279,8.416607056245486
2357037,573187,4824177,5397364,8.416410351246626
2357043,573191,4824186,5397377,8.416367319096079
2357060,573193,4824214,5397407,8.416386801653195
2357092,573201,4824249,5397450,8.416330397190514
2357478,573504,4825238,5398742,8.413608274746123
2357498,573520,4825269,5398789,8.413427604965825
2357556,573559,4825429,5398988,8.413134481369832
2357696,573646,4825699,5399345,8.412329206514121
2357725,573649,4825710,5399359,8.412304388223461
2357787,573649,4825774,5399423,8.41241595470401
2357790,573649,4825778,5399427,8.412422927609043
2358194,573649,4826395,5400044,8.413498498210577
2358285,573649,4826706,5400355,8.414040641576992
2358330,573653,4826749,5400402,8.414056929886186
2358397,573657,4826843,5400500,8.414162121267587
2358422,573661,4826889,5400550,8.414183638071963
2358481,573670,4827028,5400698,8.414293932051528
2358564,573730,4827133,5400863,8.413596988130305
2358692,573730,4827513,5401243,8.41425932058634
2358960,573875,4828386,5402261,8.413654541494228
2358975,573883,4828426,5402309,8.413606954727706
2359711,574259,4829448,5403707,8.409877772921277
2359718,574263,4829455,5403718,8.40983138387812
2359851,574263,4829917,5404180,8.410635893310207
2359867,574265,4829930,5404195,8.410629239114346
2359879,574265,4829939,5404204,8.410644911321429
2359931,574277,4829998,5404275,8.410571901712936
2359981,574277,4830089,5404366,8.410730361828874
2360027,574277,4830208,5404485,8.41093757890356
2360092,574277,4830299,5404576,8.411096039019498
2360271,574377,4830793,5405170,8.410491715371611
2360327,574377,4830871,5405248,8.410627514681124
2360355,574385,4830899,5405284,8.410559119754172
2360405,574411,4830971,5405382,8.410303772037791
2360464,574411,4831220,5405631,8.410737259558053
2360583,574411,4831370,5405781,8.41099839661845
2360674,574414,4831465,5405879,8.411119854321099
2360711,574429,4831519,5405948,8.41099422208837
2361709,574434,4832718,5407152,8.413008282935898
2361724,574440,4832742,5407182,8.412962189262586
2362146,574440,4833455,5407895,8.414203398092054
2362186,574468,4833524,5407992,8.413913394653836
2362236,574486,4833625,5408111,8.413825576254252
2362262,574505,4833672,5408177,8.413629124202574
2362317,574535,4833712,5408247,8.413259418486254
2362342,574546,4833751,5408297,8.413166221677638
2362360,574547,4833783,5408330,8.413207274600685
2364144,574705,4836998,5411703,8.41648845929651
2364171,574718,4837054,5411772,8.416395519193761
2364190,574725,4837102,5411827,8.41637652790465
2364240,574766,4837266,5412032,8.416061492851004
2364620,574766,4837982,5412748,8.417307217197955
2364635,574775,4837991,5412766,8.417191074768388
2364663,574792,4838024,5412816,8.41699954070342
2364739,574814,4838086,5412900,8.416785255752295
2364746,574814,4838100,5412914,8.416809611456923
2364931,574824,4838368,5413192,8.417129417004162
2365031,574848,4838463,5413311,8.416943261523047
2365056,574861,4838492,5413353,8.416803366379003
2365291,574861,4839183,5414044,8.418005396087054
2365588,574996,4839813,5414809,8.417124640867067
2365630,575007,4839892,5414899,8.417101009205105
2365727,575033,4840013,5415046,8.41693085440314
2365762,575046,4840082,5415128,8.416860564198343
2365772,575046,4840098,5415144,8.41688838805939
2365797,575058,4840128,5415186,8.4167649176257
2365827,575058,4840158,5415216,8.416817086276515
2365860,575067,4840192,5415259,8.416744483686248
2366278,575067,4841326,5416393,8.418716427824931
2366305,575075,4841373,5416448,8.41868104160327
2366338,575080,4841389,5416469,8.418635668080963
2366366,575082,4841404,5416486,8.418632473282072
2366556,575187,4841735,5416922,8.417671122608821
2366573,575195,4841749,5416944,8.417578386460244
2366648,575195,4841749,5416944,8.417578386460244
2366654,575198,4841757,5416955,8.41754839203196
2367920,575199,4841766,5416965,8.417549404640829
2368070,575231,4842078,5417309,8.417623528634584
2368321,575231,4842584,5417815,8.41850317524612
2368363,575250,4842674,5417924,8.41838157322903
2368421,575256,4842700,5417956,8.418338965608354
2368432,575256,4842717,5417973,8.418368517668656
2369009,575559,4843756,5419315,8.415741913513646
2369071,575559,4843820,5419379,8.415853109759382
2369177,575586,4844062,5419648,8.415878773979909
2369202,575595,4844138,5419733,8.415879220632563
2369814,575595,4844877,5420472,8.417163109478018
2369914,575613,4845095,5420708,8.417278622963693
2369934,575616,4845113,5420729,8.417266024571937
2369956,575623,4845132,5420755,8.417196672127417
2371307,575623,4848231,5423854,8.422580404188158
2371332,575633,4848280,5423913,8.422519209287863
2371343,575645,4848323,5423968,8.422418330742037
2371383,575668,4848397,5424065,8.422210371255654
2371459,575692,4848614,5424306,8.422236195743558
2371479,575700,4848652,5424352,8.42218516588501
2371503,575700,4848714,5424414,8.422292860865033
2371562,575736,4848841,5424577,8.421986813400586
2371595,575748,4848901,5424649,8.421915490805006
2371613,575748,4848911,5424659,8.421932859514927
2371675,575789,4849072,5424861,8.421612778292047
2371769,575811,4849247,5425058,8.421594933059632
2372319,575811,4850412,5426223,8.423618166377508
2372350,575813,4850465,5426278,8.423680951975728
2372375,575823,4850493,5426316,8.423583288614731
2372427,575826,4850514,5426340,8.423575871877963
2372612,575826,4850836,5426662,8.424135068579744
2372630,575843,4850874,5426717,8.42395236201534
2372633,575843,4850883,5426726,8.423967991275399
2373164,575843,4851492,5427335,8.42502557120604
2373268,575902,4851680,5427582,8.424488888734542
2373320,575947,4851821,5427768,8.424075479167353
2373334,575958,4851838,5427796,8.423944107035583
2373485,575976,4852093,5428069,8.424123574593386
2373501,575976,4852119,5428095,8.42416871536314
2373739,576069,4852765,5428834,8.423930119482215
2374866,576519,4855633,5432152,8.422329532938203
2374888,576525,4855657,5432182,8.422283508954512
2375543,576985,4856890,5433875,8.417705832907268
2375548,576987,4856897,5433884,8.417688786749094
2375630,577033,4857012,5434045,8.41721703958006
2375646,577033,4857038,5434071,8.41726209766166
2376270,577033,4857916,5434949,8.418783674417234
2376285,577037,4857947,5434984,8.418779038432545
2376561,577046,4859645,5436691,8.42159030649203
2376600,577059,4859706,5436765,8.421506293117341
2376745,577163,4860065,5437228,8.420610815315603
2376765,577172,4860099,5437271,8.420538418357093
2376833,577198,4860257,5437455,8.420432849732673
2376836,577199,4860260,5437459,8.4204234588071
2376952,577199,4860454,5437653,8.420759564725511
2376968,577199,4860480,5437679,8.420804609848597
2377000,577199,4860528,5437727,8.420887770075831
2377192,577206,4860604,5437810,8.420917315481821
2377235,577221,4860648,5437869,8.420774711938755
2377250,577227,4860683,5437910,8.42074781671682
2377291,577246,4860749,5437995,8.42058498456464
2377296,577248,4860756,5438004,8.420567936138367
2377399,577309,4860996,5438305,8.420093918508112
2377491,577365,4861168,5438533,8.41957513877703
2377572,577403,4861321,5438724,8.419286009944528
2377699,577403,4861747,5439150,8.420023796204731
2377716,577418,4861798,5439216,8.419893387459345
2378019,577530,4862026,5439556,8.41865530794937
2399813,577530,4927404,5504934,8.531858085294271
2400932,577530,4929448,5506978,8.535397295378596
2400974,577530,4929519,5507049,8.535520232715184
2400995,577544,4929580,5507124,8.53541894643525
2400996,577544,4929582,5507126,8.53542240937487
2401040,577563,4929646,5507209,8.535252431336495
2401061,577563,4929676,5507239,8.535304373722001
2401341,577649,4929891,5507540,8.534405841609697
2401386,577665,4929935,5507600,8.534245626790614
2401547,577723,4930246,5507969,8.53392715886333
2401615,577748,4930344,5508092,8.533727507494618
2401862,577748,4931165,5508913,8.535148542271024
2401863,577748,4931174,5508922,8.535164119996955
2401992,577748,4931557,5509305,8.535827038778152
2402234,577748,4931730,5509478,8.536126477287675
2402247,577752,4931748,5509500,8.536098533626886
2402890,577946,4932255,5510201,8.534110453225734
2402911,577955,4932279,5510234,8.534019084530803
2402926,577959,4932297,5510256,8.533991165463295
2403037,577959,4932475,5510434,8.534299145787157
2404820,577962,4934973,5512935,8.538576930663261
2404875,577977,4935103,5513080,8.53858025492364
2404910,577977,4935131,5513108,8.538628699757949
2404949,577985,4935226,5513211,8.538674879105859
2404978,578006,4935252,5513258,8.538409635886133
2404986,578011,4935281,5513292,8.538385947672277
2405100,578020,4935322,5513342,8.53832393342791
2407151,579064,4941425,5520489,8.533469530138293
2407190,579084,4941504,5520588,8.533311229458938
2407540,579084,4942143,5521227,8.534414696313489
2407555,579093,4942167,5521260,8.534323502442613
2407570,579093,4942174,5521267,8.534335590311056
2407597,579102,4942200,5521302,8.534247852709886
2408435,579537,4943538,5523075,8.530150792788035
2408543,579537,4943681,5523218,8.530397541485703
2408796,579537,4944123,5523660,8.531160219278494
2409042,579537,4944553,5524090,8.531902190886862
2409076,579541,4944587,5524128,8.5319019706975
2409092,579549,4944618,5524167,8.531837687581206
2409685,579549,4945916,5525465,8.534077360154189
2409765,579552,4946051,5525603,8.5342661227983
2409785,579561,4946094,5525655,8.534207788308738
2409811,579568,4946119,5525687,8.534147848052342
2409837,579576,4946147,5525723,8.534078360732673
2409979,579724,4946443,5526167,8.532410250395015
2410144,579729,4946782,5526511,8.53292141673092
2410398,579918,4947444,5527362,8.531282008835731
2411198,579918,4948361,5528279,8.532863266875662
2411509,580056,4949226,5529282,8.532324465224047
2411531,580068,4949245,5529313,8.532180709847811
2411604,580068,4949339,5529407,8.532342759814366
2413123,580682,4951796,5532478,8.527552085306588
2413255,580753,4952026,5532779,8.526905586368043
2413320,580753,4952169,5532922,8.527151818415058
2413465,580785,4952308,5533093,8.52692132200384
2413512,580821,4952347,5533168,8.526459959264558
2413680,580841,4952765,5533606,8.526886015277848
2413774,580881,4952984,5533865,8.52667585959947
2413814,580893,4953029,5533922,8.526577183749847
2414006,581039,4953325,5534364,8.524944108743131
2414119,581128,4953534,5534662,8.52399815531174
2414135,581135,4953571,5534706,8.523959148906881
2414231,581135,4953670,5534805,8.524129505192425
2414273,581152,4953725,5534877,8.52397479489015
2414555,581152,4954001,5535153,8.524449713672155
2414588,581157,4954030,5535187,8.524426273795205
2414675,581201,4954132,5535333,8.523956428154804
2415117,581201,4955180,5536381,8.525759590916051
2415321,581201,4955864,5537065,8.526936464321293
2415394,581226,4955953,5537179,8.526722823824123
2415396,581226,4955958,5537184,8.526731426329862
2415406,581226,4955974,5537200,8.526758954348223
2415424,581226,4955984,5537210,8.526776159359699
2415528,581261,4956103,5537364,8.526467456099756
2415589,581286,4956180,5537466,8.526233213942879
2415726,581341,4956322,5537663,8.525670819708226
2415811,581341,4956552,5537893,8.526066456692371
2415984,581403,4956915,5538318,8.525781600714135
2416096,581421,4957202,5538623,8.526011272382663
2416112,581421,4957228,5538649,8.526055990409704
2416149,581421,4957329,5538750,8.526229702745514
2416186,581426,4957358,5538784,8.526206258406058
2416235,581426,4957463,5538889,8.526386848885327
2416405,581426,4957808,5539234,8.526980217602928
2416434,581441,4957878,5539319,8.526880629332984
2416548,581441,4958037,5539478,8.527154087861021
2416852,581471,4958407,5539878,8.527350461157994
2416947,581471,4958511,5539982,8.527529317885158
2416951,581471,4958520,5539991,8.527544795871162
2416962,581473,4958529,5540002,8.527530942967257
2417065,581521,4958726,5540247,8.527165828921053
2417153,581533,4958908,5540441,8.5273028357806
2417349,581612,4959449,5541061,8.527074750864838
2417355,581612,4959460,5541072,8.527093663817116
2417396,581642,4959548,5541190,8.526805148183934
2417650,581722,4960064,5541786,8.5265195402615
2417675,581735,4960103,5541838,8.526396039433763
2417714,581764,4960185,5541949,8.526111962926548
2417731,581764,4960220,5541984,8.52617212477912
2418052,581767,4960618,5542385,8.526812280517802
2418080,581786,4960667,5542453,8.52661803481005
2418114,581790,4960716,5542506,8.526643634301037
2418179,581801,4960819,5542620,8.526659459162154
2418196,581807,4960837,5542644,8.526602464391113
2418285,581840,4961027,5542867,8.526445414546954
2418318,581840,4961091,5542931,8.526555410422109
2419395,582475,4962953,5545428,8.52045667196017
2419441,582475,4963042,5545517,8.52060946821752
2419545,582512,4963144,5545656,8.520243359793445
2419823,582640,4963597,5546237,8.519149045722916
2419831,582640,4963619,5546259,8.519186804888095
2419863,582650,4963687,5546337,8.519157298549729
2419927,582668,4963789,5546457,8.5190691783314
2419944,582670,4963815,5546485,8.51908455901282
2419994,582693,4963955,5546648,8.518988558297423
2420605,582957,4964781,5547738,8.51654753266536
2420614,582959,4964795,5547754,8.516542329735024
2420628,582963,4964828,5547791,8.516540500855115
2420798,582963,4965173,5548136,8.51713230513772
2420819,582972,4965187,5548159,8.517024831381267
2420843,582978,4965210,5548188,8.516976626905304
2420860,582981,4965240,5548221,8.51698425849213
2420887,582981,4965290,5548271,8.51707002458056
2420904,582987,4965311,5548298,8.517018389775416
2420977,583007,4965409,5548416,8.516894308301616
2421006,583014,4965459,5548473,8.51687781082444
2421061,583032,4965542,5548574,8.51675722773364
2421072,583032,4965554,5548586,8.516777809794316
2421118,583075,4965699,5548774,8.516398405007932
2421136,583084,4965723,5548807,8.51630811341076
2421437,583084,4965725,5548809,8.516311543448285
2421511,583104,4965792,5548896,8.516134343101745
2421557,583113,4965900,5549013,8.516188114482098
2421568,583116,4965944,5549060,8.516219757303864
2421680,583117,4966104,5549221,8.516479540126596
2421715,583126,4966151,5549277,8.516428696370939
2421791,583156,4966443,5549599,8.516491299069203
2421800,583158,4966458,5549616,8.516487812908338
2421820,583176,4966496,5549672,8.516290107960547
2421859,583187,4966565,5549752,8.516247790159932
2422490,583187,4967876,5551063,8.518495782656334
2422542,583211,4968012,5551223,8.51837842564698
2422584,583223,4968133,5551356,8.518410625095376
2422828,583432,4968805,5552237,8.516510921581263
2422872,583460,4968868,5552328,8.516210194357797
2422895,583472,4968881,5552353,8.516057325801409
2423069,583542,4969042,5552584,8.5153116656556
2423232,583545,4969346,5552891,8.515788842334352
2423242,583547,4969353,5552900,8.515771651640742
2423267,583559,4969398,5552957,8.51567365082194
2423326,583566,4969500,5553066,8.51574629090797
2423345,583584,4969537,5553121,8.515547033503317
2423857,583713,4970173,5553886,8.514754682523774
2423878,583732,4970202,5553934,8.51452721454366
2423897,583742,4970225,5553967,8.514420754374363
2424073,583751,4971242,5554993,8.516031664185586
2424281,583873,4971607,5555480,8.514877379156083
2424338,583873,4971652,5555525,8.514954450711027
2424354,583880,4971681,5555561,8.514902034664658
2424562,583922,4971913,5555835,8.514686893112437
2424597,583922,4971947,5555869,8.514745120067406
2424615,583922,4971964,5555886,8.514774233544891
2424635,583922,4971985,5555907,8.514810197252373
2424706,583959,4972146,5556105,8.514546397949172
2424727,583964,4972154,5556118,8.514487194416095
2424734,583968,4972167,5556135,8.514451134308729
2424774,583998,4972260,5556258,8.514172993743129
2424810,583998,4972285,5556283,8.514215802108911
2424811,583998,4972287,5556285,8.514219226778174
2424921,584007,4972619,5556626,8.514656502404938
2424972,584019,4972724,5556743,8.514661338072905
2424995,584019,4972758,5556777,8.514719555356931
2425013,584022,4972780,5556802,8.514713486820702
2425206,584038,4973306,5557344,8.515380848506434
2425212,584038,4973320,5557358,8.515404819549413
2425427,584047,4974591,5558638,8.517449794280255
2425473,584069,4974643,5558712,8.517217999928091
2425504,584076,4974670,5558746,8.517162150131147
2425515,584076,4974692,5558768,8.517199816462242
2425524,584078,4974714,5558792,8.517208318067107
2425560,584088,4974792,5558880,8.517196038953035
2425659,584137,4974951,5559088,8.516753775227386
2425836,584137,4975364,5559501,8.517460801147676
2425879,584164,4975405,5559569,8.5171373107552
2425970,584164,4975432,5559596,8.517183530652352
2426351,584378,4975933,5560311,8.514921848529548
2426367,584378,4975959,5560337,8.51496634027975
2426377,584378,4975959,5560337,8.51496634027975
2426778,584477,4976289,5560766,8.514088663882411
2426796,584477,4976316,5560793,8.514134859027815
2426819,584483,4976355,5560838,8.514114182961695
2427085,584546,4977010,5561556,8.514317093949835
2427106,584552,4977033,5561585,8.514269047065103
2427131,584552,4977060,5561612,8.514315236283513
2427198,584552,4977133,5561685,8.5144401182444
2427240,584575,4977212,5561787,8.514240260017962
2427262,584584,4977255,5561839,8.514182735073145
2427605,584584,4977837,5562421,8.515178314835849
2427693,584584,4978252,5562836,8.515888221367673
2427999,584718,4978772,5563490,8.514825950287147
2428215,584769,4978890,5563659,8.51428512797361
2428368,584843,4979235,5564078,8.513797720071883
2428406,584846,4979282,5564128,8.513834411109933
2428505,584878,4979378,5564256,8.513532736741679
2429857,584892,4980338,5565230,8.514970285112465
2429872,584892,4980359,5565251,8.515006189176805
2429961,584941,4980516,5565457,8.514561297635145
2429984,584952,4980555,5565507,8.514467853772617
2430054,584988,4980666,5565654,8.51413362325381
2430382,584988,4981299,5566287,8.515215696732241
2430406,584988,4981320,5566308,8.51525159490451
2430420,584988,4981327,5566315,8.515263560961934
2430429,584998,4981343,5566341,8.515145350924277
2430471,585019,4981464,5566483,8.51504651985662
2430480,585021,4981484,5566505,8.515051596438418
2431478,585021,4982688,5567709,8.51710964221797
2431594,585072,4983115,5568187,8.51709704104794
2431660,585109,4983261,5568370,8.516807979367947
2431735,585121,4983421,5568542,8.51690675945659
2431762,585121,4983457,5568578,8.516968285192293
2431778,585121,4983483,5568604,8.517012720445857
2431883,585121,4983739,5568860,8.51745023678863
2431917,585130,4983788,5568918,8.51740297028011
2431934,585138,4983849,5568987,8.517390769356972
2431998,585164,4984000,5569164,8.517270372066635
2432065,585164,4984073,5569237,8.517395123418392
2432074,585167,4984086,5569253,8.517373672814768
2432133,585167,4984155,5569322,8.517491587871497
2432150,585181,4984174,5569355,8.517320282100751
2432261,585181,4984389,5569570,8.517687689791705
2432343,585190,4984539,5569729,8.517813017994156
2432753,585203,4985380,5570583,8.519060907069854
2433321,585203,4986771,5571974,8.52143786002464
2433328,585203,4986771,5571974,8.52143786002464
2433338,585207,4986791,5571998,8.521413790334018
2433368,585207,4986868,5572075,8.521545367707494
2433388,585208,4986882,5572090,8.521554729258657
2433473,585245,4987043,5572288,8.521291083221557
2433517,585245,4987115,5572360,8.521414108621176
2433587,585245,4987236,5572481,8.52162085963998
2434023,585469,4988114,5573583,8.519860146310052
2434089,585490,4988228,5573718,8.519749269842354
2434116,585490,4988298,5573788,8.519868827819433
2434129,585490,4988321,5573811,8.51990811115476
2434577,585632,4990311,5575943,8.521240301076444
2434600,585632,4990363,5575995,8.521329094038578
2434635,585632,4990512,5576144,8.521583520026228
2434702,585685,4990656,5576341,8.521058248034352
2434830,585761,4991105,5576866,8.520719201175906
2434909,585761,4991209,5576970,8.520896747991074
2434998,585761,4991294,5577055,8.521041858368857
2435033,585761,4991306,5577067,8.521062344539837
2435047,585761,4991339,5577100,8.521118681510035
2435053,585761,4991350,5577111,8.521137460500102
2435997,585761,4993433,5579194,8.52469351834622
2436033,585770,4993459,5579229,8.524606927633712
2436055,585774,4993480,5579254,8.52458456674417
2436102,585774,4993594,5579368,8.524779181049347
2436122,585774,4993630,5579404,8.52484063819835
2436201,585815,4993899,5579714,8.524703191280524
2436230,585827,4993934,5579761,8.524588317028748
2436240,585827,4993950,5579777,8.524615628846059
2436382,585897,4994255,5580152,8.524117720350164
2436619,585897,4994655,5580552,8.524800434206012
2436685,585909,4994756,5580665,8.52479821951873
2436755,585957,4994944,5580901,8.524420733944641
2436865,585976,4995009,5580985,8.524255259601075
2437021,585976,4995152,5581128,8.524499296899531
2437127,586013,4995355,5581368,8.524307481233352
2437409,586115,4995756,5581871,8.523508185253748
2437425,586115,4995782,5581897,8.52355254514899
2437562,586139,4995927,5582066,8.523450922050912
2437578,586139,4995953,5582092,8.523495280129799
2437594,586139,4995968,5582107,8.523520871329156
2437622,586160,4995997,5582157,8.523264978845367
2437657,586173,4996036,5582209,8.523142485239
2437680,586173,4996084,5582257,8.523224372326942
2437690,586180,4996104,5582284,8.523156709543144
2437716,586194,4996161,5582355,8.52305038946151
2437754,586216,4996215,5582431,8.522822645577738
2437800,586242,4996314,5582556,8.522613528201664
2437913,586270,4996562,5582832,8.522629505176795
2437984,586291,4996734,5583025,8.522617607979655
2438007,586291,4996763,5583054,8.522667071471334
2438094,586336,4996868,5583204,8.522192053702996
2438244,586381,4997044,5583425,8.521838190528001
2438298,586381,4997140,5583521,8.522001906610207
2438615,586520,4997525,5584045,8.520638682397871
2438737,586559,4997843,5584402,8.520614294555195
2438766,586575,4997890,5584465,8.520462004006308
2438810,586589,4997932,5584521,8.520330248265822
2438814,586589,4997935,5584524,8.520335362579251
2439579,586773,4999169,5585942,8.519766587760515
2441071,587582,5002556,5590138,8.51380062697632
2441142,587594,5002694,5590288,8.513861611929325
2441189,587606,5002739,5590345,8.513764325074964
2441235,587636,5002801,5590437,8.5134351877693
2441263,587650,5002865,5590515,8.513341274568196
2441303,587650,5002914,5590564,8.513424657534246
2441321,587658,5002935,5590593,8.513344496288658
2441340,587666,5002967,5590633,8.51328305534096
2441411,587666,5003094,5590760,8.513499164491394
2441448,587666,5003142,5590808,8.513580843540378
2441450,587666,5003142,5590808,8.513580843540378
2441491,587674,5003236,5590910,8.51362490088042
2441576,587752,5003364,5591116,8.512712844873349
2441592,587752,5003379,5591131,8.512738365841376
2441635,587771,5003452,5591223,8.512587385223156
2441655,587777,5003471,5591248,8.512532814315634
2441732,587780,5003538,5591318,8.512603354996768
2441768,587801,5003585,5591386,8.512379189555649
2441956,587827,5003754,5591581,8.512290180614364
2441961,587828,5003760,5591588,8.512285906761841
2441979,587828,5003789,5591617,8.512335240920814
2442284,587828,5004699,5592527,8.513883312805786
2442804,588079,5005678,5593757,8.511914215607087
2442813,588081,5005694,5593775,8.511912474642099
2442823,588090,5005716,5593806,8.511819619446003
2442915,588134,5005845,5593979,8.511402163452546
2443215,588134,5006067,5594201,8.51177962845202
2443249,588134,5006133,5594267,8.511891847776187
2443264,588134,5006159,5594293,8.511936055388738
2443269,588134,5006170,5594304,8.511954758609432
2443301,588134,5006219,5594353,8.512038072956162
2443344,588143,5006260,5594403,8.511977529274343
2443346,588143,5006265,5594408,8.511986030608202
2443383,588154,5006304,5594458,8.51189314363245
2443398,588154,5006348,5594502,8.511967953971238
2443409,588154,5006374,5594528,8.512012160080523
2443453,588154,5006536,5594690,8.512287598146063
2443461,588154,5006551,5594705,8.512313101670651
2443578,588158,5006620,5594778,8.512372525749884
2443651,588183,5006723,5594906,8.512185833320583
2443669,588188,5006758,5594946,8.512172978707488
2443793,588238,5006951,5595189,8.51177754582329
2443805,588249,5006974,5595223,8.511657478380753
2443832,588249,5007024,5595273,8.5117424764003
2444109,588249,5007246,5595495,8.512119867607085
2444298,588301,5007614,5595915,8.51199301038074
2444315,588310,5007666,5595976,8.51195118219986
2444341,588331,5007706,5596037,8.511715343913545
2444350,588333,5007721,5596054,8.511711904652637
2444474,588391,5007854,5596245,8.511098912117962
2445286,588391,5009561,5597952,8.514000044188304
2445470,588532,5009965,5598497,8.512646720993931
2445537,588558,5010072,5598630,8.51245246857574
2445629,588558,5010127,5598685,8.512545917309764
2446016,588687,5010997,5599684,8.512158413554232
2446032,588687,5011020,5599707,8.51219748355238
2446079,588693,5011359,5600052,8.512686578573213
2446105,588700,5011411,5600111,8.512673687786648
2446148,588712,5011439,5600151,8.51254773131854
2446168,588712,5011460,5600172,8.512583402410687
2446329,588712,5011847,5600559,8.513240769680252
2446609,588712,5012310,5601022,8.51402723233092
2447355,588814,5013150,5601964,8.513978947511438
2447440,588821,5013340,5602161,8.514200410651116
2447471,588828,5013357,5602185,8.514128064562147
2447759,588828,5013924,5602752,8.515090994314129
2447832,588828,5014046,5602874,8.515298185548241
2447909,588853,5014147,5603000,8.515108184895041
2447937,588870,5014190,5603060,8.514935384719887
2447970,588870,5014263,5603133,8.515059350960314
2449088,588877,5016297,5605174,8.518412164170106
2449221,588877,5016517,5605394,8.518785756618104
2449296,588877,5016623,5605500,8.518965760252142
2449358,588877,5016640,5605517,8.518994628759486
2449407,588894,5016672,5605566,8.518803044350935
2449414,588898,5016676,5605574,8.518751974026062
2449421,588900,5016681,5605581,8.518731533367294
2449502,588963,5016839,5605802,8.518088572626803
2449526,588976,5016891,5605867,8.517988848442041
2449537,588984,5016909,5605893,8.517903712155169
2449553,588989,5016948,5605937,8.517897617782335
2449702,589050,5017155,5606205,8.517366946778711
2449713,589050,5017155,5606205,8.517366946778711
2449849,589050,5017597,5606647,8.518117307529073
2449901,589061,5017626,5606687,8.518007472910275
2449963,589082,5017743,5606825,8.517902431240472
2450196,589171,5018373,5607544,8.517685018441165
2450283,589216,5018588,5607804,8.5173993917341
2450325,589242,5018651,5607893,8.517130482891579
2450380,589243,5018757,5608000,8.517295920358833
2450383,589243,5018766,5608009,8.517311194193228
2450403,589256,5018788,5608044,8.517160622887166
2450437,589278,5018834,5608112,8.516920706355913
2450444,589282,5018845,5608127,8.516881560950445
2451247,589282,5020791,5610073,8.520183884795395
2451256,589282,5020803,5610085,8.520204248560113
2451259,589282,5020812,5610094,8.52021952138365
2451490,589319,5020911,5610230,8.519852575599971
2451778,589440,5021395,5610835,8.518924742128121
2451789,589442,5021418,5610860,8.51893485703428
2451808,589454,5021479,5610933,8.51886491566772
2451841,589464,5021528,5610992,8.518803523200738
2451879,589476,5021603,5611079,8.518757337024747
2451886,589476,5021603,5611079,8.518757337024747
2451991,589542,5021710,5611252,8.517985147792693
2452459,589680,5022474,5612154,8.517287342287343
2452473,589690,5022496,5612186,8.517180213332429
2452512,589716,5022603,5612319,8.516986142482144
2452610,589716,5022725,5612441,8.517193021725712
2452969,589716,5023784,5613500,8.518988801389144
2452994,589725,5023819,5613544,8.518918139810928
2453059,589725,5023897,5613622,8.519050404849718
2453102,589743,5023958,5613701,8.51889382324165
2453119,589751,5023977,5613728,8.51881048103352
2453140,589763,5024030,5613793,8.518727014071754
2453232,589807,5024106,5613913,8.518220367001408
2453239,589807,5024123,5613930,8.518249189989268
2453248,589809,5024144,5613953,8.518255909964074
2453331,589828,5024278,5614106,8.518208698128946
2453544,589893,5024699,5614592,8.517983769937938
2453627,589910,5024752,5614662,8.517828143276093
2453640,589915,5024774,5614689,8.517793241399184
2453675,589927,5024816,5614743,8.517691171958564
2453743,589927,5024908,5614835,8.517847123457647
2453767,589943,5024948,5614891,8.517683911835551
2453768,589943,5024957,5614900,8.517699167546695
2453790,589943,5024981,5614924,8.517739849443082
2454013,589943,5025459,5615402,8.518550097212781
2454030,589943,5025486,5615429,8.518595864346217
2454058,589943,5025526,5615469,8.51866366750686
2454073,589950,5025572,5615522,8.518640562759556
2454130,589950,5025651,5615601,8.518774472412916
2454157,589962,5025685,5615647,8.518658828873724
2454200,589964,5025697,5615661,8.518650290526201
2454232,589964,5025779,5615743,8.518789282057888
2454256,589974,5025830,5615804,8.51873133392319
2454266,589985,5025852,5615837,8.518609795164284
2454315,589985,5025961,5615946,8.518794545624042
2454346,590024,5026092,5616116,8.518453486637831
2454486,590065,5026296,5616361,8.518207316143137
2454504,590065,5026323,5616388,8.518253073813902
2454526,590069,5026349,5616418,8.518239392342252
2454555,590084,5026374,5616458,8.518065224612089
2454589,590084,5026412,5616496,8.518129622223277
2454987,590249,5027321,5617570,8.517288466392996
2455020,590261,5027360,5617621,8.517181382473177
2455050,590275,5027412,5617687,8.517067468552794
2455065,590275,5027438,5617713,8.517111515818899
2455309,590370,5027910,5618280,8.516540474617612
2455882,590467,5029202,5619669,8.517329503596306
2455977,590468,5029543,5620011,8.517892586897172
2456219,590468,5030393,5620861,8.519332122993964
2456394,590549,5030634,5621183,8.518571701924818
2456403,590555,5030664,5621219,8.5185359534675
2456416,590566,5030706,5621272,8.518448403734721
2456464,590566,5030818,5621384,8.518638052309141
2456468,590566,5030828,5621394,8.518654985217571
2456494,590566,5030847,5621413,8.518687157743589
2456638,590566,5031042,5621608,8.519017349457977
2456804,590597,5031322,5621919,8.519044289083757
2456848,590599,5031384,5621983,8.519120418422652
2456896,590611,5031469,5622080,8.519091246184036
2456898,590611,5031479,5622090,8.519108177802309
2456938,590611,5031521,5622132,8.519179290599057
2457052,590611,5031774,5622385,8.519607660541372
2457086,590621,5031872,5622493,8.519629339288647
2457324,590623,5032870,5623493,8.521290230824063
2457337,590639,5032952,5623591,8.521198227682222
2457822,590763,5034375,5625138,8.521818394178377
2457909,590784,5034819,5625603,8.522267021449464
2457949,590795,5034890,5625685,8.522228522583976
2457977,590834,5034956,5625790,8.521777690518826
2458546,590847,5035734,5626581,8.522906945452883
2458570,590856,5035780,5626636,8.52285497650866
2458588,590864,5035815,5626679,8.522798816648162
2458597,590866,5035830,5626696,8.52279535461509
2458619,590867,5035835,5626702,8.52278939253673
2458868,590867,5036171,5627038,8.523358048427141
2458993,590880,5036312,5627192,8.523409152450583
2459089,590921,5036406,5627327,8.522976844620516
2459284,590921,5036805,5627726,8.523652061781524
2459396,590967,5036917,5627884,8.523178113160295
2459427,590981,5036959,5627940,8.52304727224733
2459683,591002,5037460,5628462,8.523592136744037
2459813,591002,5037846,5628848,8.524245264821438
2459845,591002,5037867,5628869,8.524280797696116
2459853,591002,5037885,5628887,8.52431125444584
2459926,591025,5037970,5628995,8.524123345036166
2459946,591025,5037991,5629016,8.524158876528066
2460024,591025,5038148,5629173,8.524424516729411
2460034,591035,5038165,5629200,8.524309051071425
2460046,591048,5038190,5629238,8.524163858096127
2460084,591065,5038210,5629275,8.523952526371888
2460138,591084,5038312,5629396,8.523851093922353
2460299,591084,5038632,5629716,8.52439247213594
2460819,591282,5039212,5630494,8.522518865786544
2460897,591301,5039363,5630664,8.522500384744825
2460915,591301,5039390,5630691,8.522546046768058
2461004,591317,5039544,5630861,8.522575877236745
2461020,591320,5039553,5630873,8.522547859027261
2461022,591320,5039553,5630873,8.522547859027261
2461055,591320,5039555,5630875,8.522551241290671
2461148,591368,5039696,5631064,8.522097915342055
2461309,591401,5039970,5631371,8.522085691434407
2461358,591424,5040058,5631482,8.5219030678498
2461486,591424,5040397,5631821,8.522476260686073
2461489,591424,5040403,5631827,8.522486405692025
2461513,591434,5040442,5631876,8.522408248426705
2461720,591527,5040768,5632295,8.521619469610009
2461722,591527,5040770,5632297,8.521622850689825
2461762,591557,5040856,5632413,8.521336067361219
2461795,591568,5040938,5632506,8.52131623076299
2461820,591568,5040993,5632561,8.52140920401374
2461887,591568,5041053,5632621,8.521510629378195
2461908,591576,5041082,5632658,8.521444412890313
2462058,591637,5041331,5632968,8.520986686092993
2462063,591639,5041338,5632977,8.520969712949958
2462111,591675,5041496,5633171,8.520718299742256
2462359,591825,5041906,5633731,8.519251467917035
2462434,591838,5041968,5633806,8.519169096948827
2462437,591838,5041977,5633815,8.519184303812867
2462476,591840,5042125,5633965,8.51940558258989
2462499,591852,5042152,5634004,8.519278468265716
2462608,591852,5042397,5634249,8.519692423105777
2462649,591882,5042471,5634353,8.51938562078252
2462742,591946,5042663,5634609,8.518788876012339
2462782,591962,5042736,5634698,8.51868194242198
2462946,591967,5043091,5635058,8.519209685675046
2462959,591969,5043102,5635071,8.519199485108173
2463027,591989,5043165,5635154,8.519018089863156
2463043,591992,5043194,5635186,8.519023905728456
2463046,591992,5043203,5635195,8.519039108636603
2463083,592005,5043236,5635241,8.518907779495105
2463118,592014,5043281,5635295,8.518854283851395
2463248,592014,5043667,5635681,8.519506295459228
2463343,592014,5043811,5635825,8.519749532950234
2463358,592024,5043830,5635854,8.519637717389836
2463372,592024,5043830,5635854,8.519637717389836
2463392,592024,5043860,5635884,8.519688391011176
2463431,592035,5043923,5635958,8.519636507976724
2463494,592057,5043996,5636053,8.519443229283667
2463563,592057,5044219,5636276,8.519819882207287
2463622,592096,5044371,5636467,8.51951541641896
2463685,592156,5044453,5636609,8.518790656516188
2463801,592156,5044614,5636770,8.519062544329534
2463814,592167,5044643,5636810,8.51895326825034
2463828,592171,5044676,5636847,8.518951451523293
2463846,592171,5044719,5636890,8.51902406568373
2463889,592193,5044827,5637020,8.51888995648378
2463912,592205,5044863,5637068,8.518778125817917
2463970,592218,5044917,5637135,8.518682309554928
2464398,592218,5045825,5638043,8.520215528741106
2464712,592330,5046340,5638670,8.5194739418905
2464755,592365,5046400,5638765,8.519071856034708
2464788,592381,5046445,5638826,8.51891772355967
2464810,592387,5046465,5638852,8.518865201295775
2464845,592387,5046579,5638966,8.51905764306104
2466403,593584,5050038,5643622,8.507705733308175
2466500,593651,5050318,5643969,8.507217203373699
2466518,593655,5050355,5644010,8.507222208184889
2466721,593709,5050543,5644252,8.506765098726817
2466739,593720,5050571,5644291,8.506654652024523
2466809,593720,5050666,5644386,8.506814660109143
2466822,593726,5050691,5644417,8.506770799998652
2466843,593735,5050712,5644447,8.506677221319276
2466848,593738,5050723,5644461,8.50665276603485
2466920,593765,5050840,5644605,8.506462994619083
2466932,593767,5050854,5644621,8.5064579203627
2467003,593776,5051025,5644801,8.506616973404112
2467027,593790,5051058,5644848,8.506471985045218
2467236,593885,5051690,5645575,8.506175438005675
2467245,593888,5051723,5645611,8.506188035454496
2467298,593916,5051782,5645698,8.50588635429926
2467319,593928,5051839,5645767,8.50581046860899
2467330,593937,5051862,5645799,8.505720303668571
2467340,593941,5051887,5645828,8.505705112123932
2467734,593941,5052660,5646601,8.50700658819647
2467791,593941,5052733,5646674,8.507129496027384
2467799,593953,5052750,5646703,8.50698624301923
2467854,593964,5052847,5646811,8.506992006249536
2468029,594106,5053159,5647265,8.505483869881806
2468088,594132,5053269,5647401,8.505296802730706
2468167,594136,5053411,5647547,8.505478543633108
2468356,594197,5053535,5647732,8.504814059983474
2468388,594212,5053589,5647801,8.504690245232341
2468397,594214,5053609,5647823,8.50469527813212
2468560,594282,5053828,5648110,8.504090650566566
2468570,594285,5053836,5648121,8.504061182765845
2468614,594285,5053954,5648239,8.504259740696805
2468651,594287,5053999,5648286,8.504306841643853
2468846,594287,5054398,5648685,8.504978234422088
2469042,594287,5054726,5649013,8.50553015630495
2469112,594293,5054874,5649167,8.505693319625168
2469132,594293,5054895,5649188,8.505728655730422
2469137,594296,5054902,5649198,8.505697497543311
2469185,594325,5054969,5649294,8.505395196231019
2469212,594325,5055008,5649333,8.505460816893114
2469519,594328,5055605,5649933,8.506422379561455
2469522,594329,5055609,5649938,8.506414797191455
2469561,594340,5055694,5650034,8.50640037688865
2469633,594353,5055834,5650187,8.506449870699736
2469654,594361,5055872,5650233,8.50639930951055
2469724,594361,5055968,5650329,8.506560827510553
2469756,594387,5056005,5650392,8.506250977898238
2469808,594401,5056080,5650481,8.50617680656661
2469996,594401,5056461,5650862,8.506817787991608
2470162,594455,5056646,5651101,8.506356242272334
2470221,594464,5056686,5651150,8.506294746191527
2470245,594473,5056738,5651211,8.506253437918964
2470341,594541,5056960,5651501,8.505653941443903
2471283,594852,5057971,5652823,8.502906605340488
2471358,594852,5058201,5653053,8.503293256137662
2471563,594975,5058632,5653607,8.502259758813395
2471578,594980,5058647,5653627,8.502213519782178
2471925,595236,5059400,5654636,8.499821919373156
2471925,595236,5059400,5654636,8.499821919373156
2472061,595315,5059685,5655000,8.49917270688627
2472093,595326,5059712,5655038,8.499061018668764
2472149,595327,5059770,5655097,8.499144167827094
2472163,595327,5059796,5655123,8.499187841304023
2472217,595341,5059866,5655207,8.499105554631715
2472261,595341,5060009,5655350,8.499345753106203
2472270,595343,5060029,5655372,8.499350794415992
2472325,595346,5060068,5655414,8.49937347357671
2472396,595346,5060195,5655541,8.49958679490582
2472438,595371,5060337,5655708,8.499468398695939
2472589,595448,5060553,5656001,8.4987320471309
2472643,595460,5060591,5656051,8.498624592751822
2472734,595532,5060819,5656351,8.497979957416225
2472779,595552,5060960,5656512,8.49793133093332
2472809,595552,5060990,5656542,8.497981704368383
2472861,595562,5061055,5656617,8.497948156531143
2472893,595562,5061121,5656683,8.498058976227496
2473083,595562,5061439,5657001,8.498592925673565
2473107,595562,5061494,5657056,8.498685275420527
2473114,595562,5061501,5657063,8.498697029024687
2473689,595562,5063023,5658585,8.501252598386062
2474243,595732,5063543,5659275,8.499699529318553
2474328,595758,5063617,5659375,8.49945279794816
2474336,595761,5063632,5659393,8.499435176186424
2474353,595769,5063654,5659423,8.499357972637046
2474672,595769,5064206,5659975,8.500284506243192
2474692,595769,5064237,5660006,8.500336539833391
2474721,595781,5064280,5660061,8.50023750337792
2474748,595800,5064313,5660113,8.500021819402484
2474759,595800,5064323,5660123,8.500038603558242
2474798,595800,5064439,5660239,8.500233299765021
2474936,595800,5064731,5660531,8.500723397113125
2474967,595816,5064756,5660572,8.500537078561166
2475094,595883,5064920,5660803,8.499856515456893
2475109,595886,5064946,5660832,8.49985735526594
2475308,595958,5065189,5661147,8.49923820134976
2475672,596233,5065944,5662177,8.496584388988868
2475703,596239,5065972,5662211,8.496545848225292
2475744,596248,5066014,5662262,8.4964880385343
2475842,596249,5066303,5662552,8.496958485464965
2475917,596285,5066449,5662734,8.4966903410282
2476031,596355,5066693,5663048,8.496102153918388
2476090,596373,5066789,5663162,8.496006693797339
2476122,596373,5066820,5663193,8.496058674688491
2476405,596397,5067425,5663822,8.496731204214642
2476434,596406,5067453,5663859,8.496649933099265
2476552,596446,5067638,5664084,8.496390285122207
2476647,596503,5067815,5664318,8.495875125523257
2476687,596503,5067866,5664369,8.495960623835924
2476979,596503,5068367,5664870,8.49680051902505
2477132,596596,5068769,5665365,8.49614982333103
2477182,596624,5068853,5665477,8.495891885006301
2477227,596646,5068992,5665638,8.495811586770044
2477476,596773,5069535,5666308,8.494913476313439
2477560,596773,5069721,5666494,8.495225152612468
2478335,597342,5072049,5669391,8.49103026406983
2479254,597362,5073421,5670783,8.493042744600427
2480021,597388,5074671,5672059,8.494765546010298
2480261,597404,5075356,5672760,8.495684662305575
2481507,597411,5077379,5674790,8.498971394902338
2481546,597451,5077461,5674912,8.498539629191347
2481566,597451,5077482,5674933,8.498574778517401
2481653,597451,5077677,5675128,8.49890116511647
2481796,597538,5078036,5675574,8.498264545518444
2482038,597538,5078620,5676158,8.49924188921876
2482062,597538,5078645,5676183,8.499283727562096
2482065,597538,5078660,5676198,8.499308830568097
2482100,597545,5078715,5676260,8.499301307851292
2482180,597600,5078903,5676503,8.498833668005355
2482271,597659,5079183,5676842,8.498463170470117
2482332,597704,5079306,5677010,8.498029124784175
2482607,597705,5079322,5677027,8.498041676077664
2491310,601922,5094419,5696341,8.46358664411668
2491340,601931,5094452,5696383,8.463514921145446
2491372,601948,5094506,5696454,8.463365606331443
2491447,601999,5094586,5696585,8.462781499637043
2491480,601999,5094618,5696617,8.462834655871522
2491740,602149,5095159,5697308,8.461624946649417
2491765,602153,5095176,5697329,8.461596969540963
2491819,602156,5095328,5697484,8.461807239320043
2491825,602160,5095330,5697490,8.461754351003055
2491907,602208,5095449,5697657,8.4612774988044
2491968,602247,5095544,5697791,8.46088731035605
2492189,602247,5095594,5697841,8.460970332770442
2492214,602257,5095640,5697897,8.460906224419144
2492341,602292,5095957,5698249,8.460940872533588
2492371,602297,5096021,5698318,8.46097689345954
2492380,602297,5096052,5698349,8.46102836308333
2492432,602329,5096159,5698488,8.46075649686467
2492436,602329,5096161,5698490,8.460759817309144
2492474,602329,5096216,5698545,8.4608511295322
2492542,602388,5096386,5698774,8.460304654143178
2492672,602389,5096771,5699160,8.4609297314526
2492722,602402,5096849,5699251,8.460876623915592
2492790,602412,5096889,5699301,8.460802573653911
2492792,602414,5096889,5699303,8.460774483992736
2492876,602414,5097139,5699553,8.461189480988157
2492940,602433,5097182,5699615,8.460994002652576
2492954,602440,5097229,5699669,8.460973706925172
2492983,602440,5097264,5699704,8.461031803997079
2493040,602454,5097338,5699792,8.460958015051771
2493326,602492,5098267,5700759,8.461966299967468
2493356,602511,5098315,5700826,8.461779121045092
2493380,602514,5098386,5700900,8.461854828269551
2493441,602520,5098534,5701054,8.46201619863241
2493462,602520,5098571,5701091,8.462077607382328
2493552,602566,5098773,5701339,8.461766843798024
2494150,602577,5099471,5702048,8.462770733034949
2494179,602577,5099471,5702048,8.462770733034949
2494253,602581,5099495,5702076,8.462754384887674
2494272,602597,5099551,5702148,8.462622615114247
2494364,602649,5099706,5702355,8.46214960947417
2494371,602649,5099718,5702367,8.462169521562302
2494411,602653,5099766,5702419,8.462193003270539
2494414,602654,5099780,5702434,8.462202192302714
2494430,602654,5099806,5702460,8.462245334802391
2494444,602661,5099855,5702516,8.46222835059843
2494464,602670,5099891,5702561,8.462161713707335
2494482,602670,5099907,5702577,8.462188262233063
2494748,602670,5100109,5702779,8.462523437370368
2494983,602670,5100505,5703175,8.463180513382117
2494998,602670,5100534,5703204,8.463228632584997
2495018,602679,5100577,5703256,8.463173596558034
2495039,602679,5100607,5703286,8.463223374300416
2495124,602683,5104110,5706793,8.468979546461407
2495154,602694,5104137,5706831,8.468869774711544
2495423,602710,5104764,5707474,8.46968525493189
2495605,602752,5105029,5707781,8.469534734019962
2495655,602752,5105213,5707965,8.469840000530898
2495676,602752,5105261,5708013,8.469919635272882
2495700,602761,5105302,5708063,8.469861188763042
2495710,602764,5105324,5708088,8.46985553218175
2495783,602787,5105461,5708248,8.46975963317059
2495805,602802,5105498,5708300,8.469610253449723
2496266,602802,5106702,5709504,8.471607592542824
2496270,602802,5106704,5709506,8.47161091038185
2496284,602804,5106736,5709540,8.471635888282094
2496297,602806,5106765,5709571,8.471655889291082
2496316,602813,5106788,5709601,8.47159566897197
2496410,602864,5106994,5709858,8.471220706494334
2496419,602869,5107008,5709877,8.47117367122874
2496501,602920,5107159,5710079,8.470707556558084
2496531,602928,5107218,5710146,8.47069301807181
2496550,602932,5107249,5710181,8.470688236816091
2496604,602944,5107369,5710313,8.470718673707674
2496716,602958,5107587,5710545,8.470883544127451
2496963,603083,5108004,5711087,8.469819245443828
2496995,603098,5108050,5711148,8.4696848605036
2497019,603100,5108054,5711154,8.469663405737025
2497077,603135,5108142,5711277,8.469317814419657
2497133,603142,5108212,5711354,8.469335579349472
2497410,603142,5108434,5711576,8.46970365187634
2497628,603142,5109019,5712161,8.470673572724168
2497676,603142,5109019,5712161,8.470673572724168
2499275,603157,5112192,5715349,8.475723567827282
2499283,603157,5112210,5715367,8.475753410803488
2499308,603163,5112224,5715387,8.47569230871257
2499360,603191,5112358,5715549,8.475521020704884
2499558,603270,5112633,5715903,8.474866974986325
2499565,603275,5112646,5715921,8.4748182835357
2499617,603303,5112722,5716025,8.474550930461145
2501854,603337,5123636,5726973,8.492162754811988
2502066,603408,5123942,5727350,8.491670644074988
2502455,603541,5124485,5728026,8.490699057727644
2502481,603541,5124502,5728043,8.49072722482814
2502541,603562,5124572,5728134,8.490547781338122
2502764,603666,5124841,5728507,8.489530634489933
2502779,603667,5124850,5728517,8.489531480104096
2502943,603676,5125783,5729459,8.49095044361545
2503047,603742,5125935,5729677,8.490273991208165
2503089,603748,5126020,5729768,8.490330402750816
2503099,603753,5126029,5729782,8.490274996563164
2504877,603756,5128532,5732288,8.494378523774506
2505097,603782,5129162,5732944,8.495056162654732
2505106,603790,5129177,5732967,8.494968449295285
2505186,603822,5129411,5733233,8.494905783492486
2505292,603837,5129613,5733450,8.495029287705126
2505328,603848,5129675,5733523,8.494977212808521
2505390,603881,5129877,5733758,8.49484749478788
2505486,603881,5129976,5733857,8.495011434372003
2505495,603887,5129983,5733870,8.494938622623106
2505528,603911,5130033,5733944,8.4946838193045
2505550,603919,5130090,5734009,8.494665675363748
2505600,603927,5130190,5734117,8.494718732562047
2505660,603952,5130259,5734211,8.494481349511219
2505663,603952,5130268,5734220,8.494496251357724
2505681,603959,5130299,5734258,8.494449126513555
2505699,603963,5130313,5734276,8.494416048665233
2505845,604012,5130514,5734526,8.494059720667801
2505859,604012,5130523,5734535,8.494074621034018
2505915,604066,5130783,5734849,8.493745716527664
2505950,604079,5130830,5734909,8.49364073242076
2505964,604085,5130877,5734962,8.493634173998693
2506141,604085,5131257,5735342,8.494263224546215
2506734,604085,5132329,5736414,8.496037809248698
2506766,604100,5132358,5736458,8.495874855156432
2506837,604100,5132485,5736585,8.496085085250787
2506979,604183,5132802,5736985,8.495442605965412
2506993,604183,5132811,5736994,8.495457502114425
2507030,604183,5132859,5737042,8.495536948242503
2507048,604183,5132879,5737062,8.495570050795868
2507076,604184,5132905,5737089,8.495599022814242
2507105,604191,5132969,5737160,8.49560652177871
2507155,604204,5133026,5737230,8.495518070055809
2507280,604215,5133149,5737364,8.495566975331629
2507296,604215,5133175,5737390,8.495610006371905
2507350,604215,5133240,5737455,8.495717583972592
2507352,604215,5133240,5737455,8.495717583972592
2507385,604222,5133321,5737543,8.495753216532997
2507413,604229,5133349,5737578,8.495701133179638
2507554,604304,5133745,5738049,8.495302033413646
2507615,604309,5133846,5738155,8.495398877064549
2507723,604316,5134174,5738490,8.495843234334355
2508075,604422,5134600,5739022,8.495058088554023
2508825,604431,5135514,5739945,8.496443762811635
2508862,604437,5135566,5740003,8.496445452545096
2509477,604845,5136797,5741642,8.492749382073093
2509501,604849,5136799,5741648,8.492696524256468
2509538,604857,5136817,5741674,8.492613956687283
2509542,604857,5136822,5741679,8.492622223103973
2509576,604872,5136848,5741720,8.492454601965374
2509591,604872,5136855,5741727,8.492466174661747
2509616,604883,5136872,5741755,8.492339840927915
2509628,604891,5136887,5741778,8.492252323145824
2510036,604921,5138127,5743048,8.493881019174404
2510077,604930,5138179,5743109,8.493840609657315
2510113,604941,5138219,5743160,8.493752283280518
2510330,604941,5138888,5743829,8.494858176251899
2510659,605110,5140002,5745112,8.494326651352647
2510669,605110,5140014,5745124,8.494346482457734
2510744,605155,5140222,5745377,8.494058546983831
2511421,605282,5141467,5746749,8.49433321988759
2511435,605295,5141504,5746799,8.494211913199349
2511464,605295,5141540,5746835,8.49427138833131
2511642,605333,5141908,5747241,8.494346087194982
2511759,605358,5142010,5747368,8.494163784074878
2511787,605375,5142051,5747426,8.493992979558126
2511850,605395,5142097,5747492,8.493788353058747
2512020,605395,5142442,5747837,8.494358228924916
2512375,605447,5142750,5748197,8.494137389399897
2512408,605462,5142793,5748255,8.493997971796743
2512518,605517,5142976,5748493,8.493528670541043
2512544,605529,5143022,5748551,8.49343631766604
2512726,605529,5143262,5748791,8.493832665322387
2513042,605576,5143710,5749286,8.493913233021123
2513181,605588,5143838,5749426,8.49395628711269
2513204,605592,5143882,5749474,8.493972839799733
2513338,605615,5143984,5749599,8.493818680184607
2513339,605615,5143986,5749601,8.493821982612715
2513718,605733,5144803,5750536,8.493516120138741
2513719,605733,5144805,5750538,8.493519421923521
2513754,605736,5144889,5750625,8.493616030746068
2513785,605756,5144921,5750677,8.493388427023422
2513801,605756,5144947,5750703,8.493431348595804
2513839,605770,5144982,5750752,8.493292833913861
2514473,606086,5146883,5752969,8.492001135152437
2514492,606086,5146936,5753022,8.492088581488435
2514532,606099,5146976,5753075,8.491972433546335
2514593,606106,5146991,5753097,8.491899106756904
2514640,606121,5147042,5753163,8.491773094811101
2514661,606128,5147094,5753222,8.491760816197239
2514693,606140,5147111,5753251,8.491620747682054
2514727,606141,5147193,5753334,8.491742020420991
2514749,606157,5147227,5753384,8.49157396516084
2515587,606171,5148607,5754778,8.493654430845421
2515598,606171,5148629,5754800,8.49369072423458
2515634,606182,5148658,5754840,8.493584435037661
2515662,606182,5148716,5754898,8.49368011587279
2515678,606190,5148735,5754925,8.493599366535244
2515746,606190,5148777,5754967,8.493668651742853
2515825,606235,5148947,5755182,8.493318597573548
2515864,606235,5149063,5755298,8.493509942514041
2515872,606235,5149086,5755321,8.49354788159707
2516137,606235,5149875,5756110,8.494849357097495
2516552,606235,5150728,5756963,8.496256402220261
2517400,606496,5151993,5758489,8.494685867672663
2517422,606498,5152024,5758522,8.494708968537406
2518886,606498,5154110,5760608,8.4981483863096
2518919,606508,5154142,5760650,8.49806103134666
2518957,606519,5154220,5760739,8.498035510841374
2518992,606519,5154253,5760772,8.498089919689242
2519044,606525,5154414,5760939,8.498271299616668
2519199,606563,5154561,5761124,8.497981248444102
2519256,606595,5154633,5761228,8.497651645661438
2519296,606608,5154664,5761272,8.497520639358532
2519383,606627,5154849,5761476,8.497559455810572
2519534,606627,5155098,5761725,8.497969922209199
2521010,606663,5158192,5764855,8.502565674847485
2521217,606699,5158762,5765461,8.503000664250312
2521227,606699,5158764,5765463,8.503003960777914
2521348,606779,5159042,5765821,8.502341050036339
2521478,606779,5159428,5766207,8.502977195980744
2521520,606796,5159502,5766298,8.502860928549298
2521553,606803,5159542,5766345,8.502828759910548
2521839,606803,5160509,5767312,8.504422357832773
2521852,606805,5160538,5767343,8.50444211896738
2521883,606812,5160617,5767429,8.504474202883266
2521902,606820,5160640,5767460,8.50439998681652
2521990,606833,5160721,5767554,8.504351279511827
2522019,606854,5160760,5767614,8.504121254865256
2522266,606854,5161115,5767969,8.504706239062443
2522341,606873,5161260,5768133,8.504678903164253
2523561,606878,5162778,5769656,8.507110160526498
2523589,606900,5162812,5769712,8.506857801944307
2523748,606958,5163151,5770109,8.506603422312581
2539694,607074,5194393,5801467,8.5564412246283
2539805,607101,5194708,5801809,8.556579547719407
2540031,607116,5194747,5801863,8.556432378655808
2540053,607133,5194785,5801918,8.556255383910939
2540066,607140,5194804,5801944,8.556188029120136
2540082,607140,5194830,5801970,8.556230852851073
2540153,607152,5194960,5802112,8.556275858434132
2540181,607159,5194979,5802138,8.55620850551503
2542034,607203,5200557,5807760,8.564774877594479
2542078,607208,5200743,5807951,8.565010671796156
2542339,607208,5201221,5808429,8.565797881450838
2542363,607214,5201244,5808458,8.565751119045345
2542421,607228,5201350,5808578,8.565728194352038
2542444,607232,5201387,5808619,8.565732701833895
2542460,607236,5201458,5808694,8.565793200666628
2542730,607317,5201780,5809097,8.565180951628227
2542751,607324,5201804,5809128,8.565121747205774
2542754,607327,5201814,5809141,8.565095903854102
2542810,607327,5201904,5809231,8.565244094202958
2542853,607334,5201962,5809296,8.565240872402994
2542889,607343,5202014,5809357,8.565199565978368
2542911,607345,5202021,5809366,8.565182886168488
2542929,607345,5202048,5809393,8.565227341955561
2543732,607345,5203994,5811339,8.568431451646099
2543821,607374,5204184,5811558,8.568335160872872
2543909,607391,5204294,5811685,8.56827644795527
2543988,607438,5204436,5811874,8.567847253546864
2545410,607516,5207190,5814706,8.571280427182165
2545431,607516,5207236,5814752,8.571356145352551
2545441,607516,5207262,5814778,8.57139894257929
2545461,607518,5207304,5814822,8.571439858572091
2545464,607518,5207311,5814829,8.571451380864435
2545487,607539,5207381,5814920,8.571270321740663
2545607,607637,5207701,5815338,8.570414573174444
2545610,607643,5207704,5815347,8.570334884134269
2545641,607643,5207764,5815407,8.570433626323352
2545677,607647,5207877,5815524,8.570563172368168
2545717,607665,5207923,5815588,8.570384998313216
2545737,607665,5207938,5815603,8.570409682966766
2545799,607704,5208039,5815743,8.57002586785672
2545821,607704,5208085,5815789,8.570101562602845
2545841,607708,5208105,5815813,8.57007806380696
2545980,607753,5208242,5815995,8.569668928002
2546033,607756,5208325,5816081,8.569763194439874
2546057,607756,5208373,5816129,8.56984217350384
2546451,607756,5209146,5816902,8.571114065513134
2546480,607767,5209165,5816932,8.570990198546482
2546505,607784,5209211,5816995,8.570826148763377
2547387,608241,5211232,5819473,8.567709181064743
2547477,608248,5211491,5819739,8.568036393050203
2547491,608254,5211504,5819758,8.567973248018097
2547559,608276,5211646,5819922,8.567896810000724
2547629,608286,5211674,5819960,8.567801987880701
2548064,608286,5212442,5820728,8.569064551871982
2548093,608304,5212479,5820783,8.568871814092953
2548257,608338,5212762,5821100,8.56885810191045
2548275,608339,5212796,5821135,8.56889990613786
2548435,608369,5213014,5821383,8.568835690181452
2548485,608384,5213107,5821491,8.568777285398696
2548498,608390,5213120,5821510,8.568714147175331
2548544,608426,5213192,5821618,8.568325482474451
2548569,608436,5213220,5821656,8.568230676685797
2548598,608438,5213235,5821673,8.568227165298683
2548709,608438,5213451,5821889,8.568582172711107
2548745,608441,5213483,5821924,8.568592517598255
2548755,608441,5213495,5821936,8.568612240135034
2548816,608441,5213613,5822054,8.568806178413356
2548828,608441,5213634,5822075,8.568840692852717
2548867,608456,5213680,5822136,8.568705050159748
2548880,608463,5213691,5822154,8.568624550712205
2548911,608475,5213709,5822184,8.568485147294465
2548985,608492,5213745,5822237,8.568304924304675
2549055,608492,5213896,5822388,8.568553078758637
2549110,608508,5213974,5822482,8.568455961137733
2549143,608517,5214015,5822532,8.568396610119356
2549165,608525,5214054,5822579,8.568348054722485
2549216,608539,5214136,5822675,8.568285680950604
2549233,608539,5214181,5822720,8.568359628552978
2549248,608539,5214212,5822751,8.568410570234612
2549332,608539,5214348,5822887,8.56863405632178
2549422,608573,5214441,5823014,8.568308156950769
2549440,608573,5214462,5823035,8.56834266390392
2549901,608573,5215370,5823943,8.569834678830642
2550062,608636,5215575,5824211,8.56928443273155
2550161,608636,5215831,5824467,8.56970504538016
2550164,608637,5215836,5824473,8.569699180299587
2550413,608796,5216302,5825098,8.568226466665353
2550424,608796,5216312,5825108,8.56824289252886
2551833,608797,5216321,5825118,8.568243601726026
2551866,608801,5216351,5825152,8.568236583054233
2551925,608823,5216443,5825266,8.568078078522001
2551940,608823,5216469,5825292,8.568120783873145
2552008,608866,5216554,5825420,8.567655280472222
2552011,608868,5216566,5825434,8.567646846278668
2552039,608873,5216601,5825474,8.567633972930315
2552106,608909,5216762,5825671,8.567391843444588
2552433,608909,5217331,5826240,8.568326301631279
2552512,608909,5217448,5826357,8.56851844856949
2552574,608924,5217559,5826483,8.568489663734718
2552597,608924,5217593,5826517,8.568545499931027
2552661,608939,5217677,5826616,8.568472375722363
2552714,608939,5217764,5826703,8.568615247175826
2552735,608939,5217812,5826751,8.568694072805322
2552786,608958,5217904,5826862,8.56857780011101
2553167,608958,5219067,5828025,8.57048761983585
2553483,608958,5219852,5828810,8.571776707096385
2553633,609024,5220031,5829055,8.571141695565364
2553692,609045,5220179,5829224,8.57108916418327
2553737,609054,5220264,5829318,8.571102069767212
2553740,609055,5220267,5829322,8.571092922642455
2553781,609057,5220453,5829510,8.57137016732424
2553858,609088,5220497,5829585,8.571006160029421
2553870,609088,5220512,5829600,8.571030787012715
2553901,609088,5220660,5829748,8.571273773247873
2553904,609088,5220669,5829757,8.571288549437847
2553933,609094,5220716,5829810,8.571281280065145
2553941,609094,5220716,5829810,8.571281280065145
2554000,609115,5220762,5829877,8.571061293844348
2554187,609183,5220992,5830175,8.570482104720584
2554317,609183,5221378,5830561,8.571115740261957
2554330,609183,5221391,5830574,8.57113708031905
2554344,609183,5221417,5830600,8.571179760433235
2554355,609183,5221427,5830610,8.571196175861768
2554442,609197,5221516,5830713,8.571145294543474
2554496,609197,5221625,5830822,8.571324218602522
2554516,609197,5221666,5830863,8.571391520312805
2554634,609197,5221882,5831079,8.571746085420644
2554678,609208,5221925,5831133,8.571661895444578
2554819,609208,5221925,5831133,8.571661895444578
2554852,609219,5221994,5831213,8.571620386100893
2554930,609219,5222151,5831370,8.571878093099526
2555547,609235,5223048,5832283,8.573125312892397
2555771,609270,5223531,5832801,8.573425574868285
2555788,609277,5223551,5832828,8.573359900340895
2555818,609295,5223624,5832919,8.573226433829262
2555863,609304,5223684,5832988,8.573198272126886
2555870,609306,5223692,5832998,8.573183260955908
2555885,609306,5223718,5833024,8.573225932454301
2555919,609327,5223782,5833109,8.573035496539624
2555928,609328,5223806,5833134,8.57306081453667
2556041,609354,5223963,5833317,8.572952667907325
2556078,609354,5224031,5833385,8.5730642614966
2556111,609385,5224113,5833498,8.572762703381278
2556945,609514,5224735,5834249,8.571968814498108
2557160,609514,5225232,5834746,8.572784218246012
2557432,609531,5225975,5835506,8.573764090751743
2557441,609535,5225988,5835523,8.57372915419131
2558506,609540,5227312,5836852,8.575830954490272
2558528,609540,5227347,5836887,8.575888374840043
2558664,609564,5227539,5837103,8.575865700730358
2558692,609564,5227559,5837123,8.575898511066926
2558816,609564,5227915,5837479,8.576482535057844
2558826,609564,5227931,5837495,8.5765087833271
2558846,609564,5227952,5837516,8.576543234180496
2558877,609571,5227981,5837552,8.576492320008661
2559056,609587,5228173,5837760,8.57658217776954
2559059,609588,5228178,5837766,8.576576310557295
2559077,609588,5228188,5837776,8.576592715079693
2559094,609595,5228201,5837796,8.57651555540974
2559155,609602,5228264,5837866,8.576520418240097
2559224,609607,5228371,5837978,8.576625596490853
2559251,609611,5228392,5838003,8.576603768632785
2559342,609611,5228507,5838118,8.576792413522721
2559363,609621,5228519,5838140,8.576671407317004
2559394,609630,5228545,5838175,8.576587438282237
2559727,609740,5228879,5838619,8.575587955522026
2559778,609756,5228973,5838729,8.575517092082734
2559831,609797,5229059,5838856,8.57508154353006
2559857,609803,5229093,5838896,8.57505292692886
2560186,609803,5229437,5839240,8.575617043537012
2560204,609815,5229468,5839283,8.575499126784353
2560217,609819,5229484,5839303,8.575469114606138
2560313,609819,5229583,5839402,8.575631457858806
2560536,609854,5229712,5839566,8.575350821672073
2560575,609860,5229784,5839644,8.575384514478733
2560589,609860,5229834,5839694,8.575466500508313
2560593,609861,5229837,5839698,8.575457358316076
2560610,609866,5229885,5839751,8.575465758051768
2560769,609866,5230206,5840072,8.575992103183323
2561170,610012,5230717,5840729,8.574777217497362
2561175,610016,5230726,5840742,8.574735744636206
2561229,610030,5230756,5840786,8.574588135009753
2561234,610030,5230761,5840791,8.574596331327967
2561488,610030,5231357,5841387,8.57557333245906
2561660,610030,5231733,5841763,8.576189695588742
2561679,610030,5231785,5841815,8.576274937298166
2561795,610105,5232162,5842267,8.57583858516157
2561958,610140,5232385,5842525,8.575712131641918
2561974,610149,5232409,5842558,8.575624970294141
2562151,610211,5232793,5843004,8.575382941310465
2562181,610239,5232880,5843119,8.575132038430844
2562242,610293,5233069,5843362,8.574682980142326
2562275,610293,5233112,5843405,8.574753438102682
2562293,610294,5233123,5843417,8.574757412001428
2562499,610294,5233792,5844086,8.575853604983827
2562557,610331,5233874,5844205,8.575468065688947
2562637,610353,5234145,5844498,8.575602970739883
2562676,610356,5234185,5844541,8.575626355766143
2562698,610356,5234209,5844565,8.575665677080261
2562728,610356,5234256,5844612,8.57574268132041
2562767,610374,5234327,5844701,8.575606103798654
2563021,610590,5234901,5845491,8.57351250429912
2563031,610593,5234916,5845509,8.573494946715734
2564105,610922,5235890,5846812,8.570472171570184
2564159,610928,5236017,5846945,8.570595880365607
2564164,610928,5236022,5846950,8.570604064636095
2564199,610949,5236105,5847054,8.570445323586748
2564213,610951,5236122,5847073,8.570445092977996
2564255,610960,5236141,5847101,8.570349941076339
2564289,610960,5236190,5847150,8.5704301427262
2564309,610960,5236211,5847171,8.570464514861857
2564320,610960,5236223,5847183,8.570484156082232
2564368,610999,5236285,5847284,8.570038576167882
2564451,611033,5236436,5847469,8.569808831928881
2564494,611042,5236498,5847540,8.569784073762523
2564562,611042,5236618,5847660,8.569980459608342
2564759,611107,5237136,5848243,8.569916561256866
2564789,611124,5237180,5848304,8.569750165269241
2565023,611124,5237507,5848631,8.570285244893016
2565053,611142,5237541,5848683,8.570088457347065
2565450,611142,5238159,5849301,8.571099678961682
2565487,611142,5238246,5849388,8.571242035402575
2565595,611165,5238354,5849519,8.571096185154582
2565598,611166,5238360,5849526,8.571091978284132
2565603,611172,5238376,5849548,8.571034013338307
2565619,611175,5238407,5849582,8.57104266372152
2565652,611190,5238430,5849620,8.570869942243819
2565672,611198,5238454,5849652,8.570797024859374
2565793,611217,5238698,5849915,8.570929800709077
2566299,611364,5239393,5850757,8.570005757617393
2566494,611407,5239576,5850983,8.569702342302264
2566503,611410,5239583,5850993,8.569671742366006
2566637,611439,5239770,5851209,8.569571126473777
2566650,611441,5239801,5851242,8.569593795640136
2566683,611446,5239817,5851263,8.56954988666211
2566786,611446,5239986,5851432,8.569826280652748
2566840,611459,5240066,5851525,8.569774915407248
2566861,611459,5240088,5851547,8.569810894925089
2566861,611459,5240088,5851547,8.569810894925089
2566905,611492,5240149,5851641,8.56944816939551
2566937,611500,5240171,5851671,8.569372035977105
2567023,611529,5240282,5851811,8.569147170453077
2567031,611533,5240295,5851828,8.569112378236333
2567201,611533,5240580,5852113,8.569578420134318
2567234,611544,5240608,5852152,8.569470062661068
2567266,611544,5240657,5852201,8.569550187721571
2567273,611544,5240664,5852208,8.569561634158784
2567299,611552,5240690,5852242,8.569492046465387
2567315,611557,5240709,5852266,8.569453051800568
2567641,611557,5241649,5853206,8.570990112123646
2567650,611559,5241671,5853230,8.570998055788566
2567837,611631,5241961,5853592,8.570463236820894
2567860,611634,5242034,5853668,8.570540552029481
2567876,611634,5242060,5853694,8.57058306111171
2568254,611788,5242653,5854441,8.569394953807528
2568540,611788,5243163,5854951,8.570228575911917
2568571,611796,5243179,5854975,8.570142661933062
2569183,611796,5243918,5855714,8.571350580912592
2569426,611921,5244744,5856665,8.570949517993336
2569452,611928,5244797,5856725,8.570938084219058
2569459,611928,5244797,5856725,8.570938084219058
2569500,611947,5244864,5856811,8.570781456564049
2569513,611960,5244881,5856841,8.570627165174194
2569597,611994,5244957,5856951,8.570275198776459
2569611,612000,5244970,5856970,8.570212418300654
2569876,612061,5245141,5857202,8.569637666833861
2569895,612065,5245150,5857215,8.569596366398994
2570403,612065,5246052,5858117,8.571070066087753
2570452,612095,5246152,5858247,8.570813354136204
2570471,612104,5246172,5858276,8.570720008364592
2570537,612104,5246284,5858388,8.570902983806674
2570614,612147,5246439,5858586,8.570554131605643
2570684,612147,5246709,5858856,8.57099520213282
2570783,612167,5246746,5858913,8.570775621684932
2570888,612167,5247002,5859169,8.571193808225534
2570983,612167,5247105,5859272,8.571362062966479
2571016,612199,5247198,5859397,8.571065944243621
2571032,612205,5247227,5859432,8.571029312076837
2571056,612205,5247248,5859453,8.5710636143122
2571061,612213,5247269,5859482,8.57098591503284
2571085,612218,5247347,5859565,8.57104332116991
2571125,612230,5247392,5859622,8.570948826421443
2571328,612254,5247764,5860018,8.57122044118944
2571427,612290,5247848,5860138,8.570853680445541
2571443,612302,5247888,5860190,8.570751034620171
2571473,612323,5247983,5860306,8.570612242231633
2571497,612323,5247995,5860318,8.570631839731645
2571513,612323,5248022,5860345,8.570675934106672
2571547,612346,5248091,5860437,8.57046669693278
2571565,612349,5248095,5860444,8.570431241007988
2571612,612365,5248175,5860540,8.57033795203841
2571646,612397,5248264,5860661,8.570035450859491
2571716,612397,5248534,5860931,8.570476341327604
2571745,612413,5248573,5860986,8.570316110206674
2571785,612427,5248598,5861025,8.57016101510874
2571823,612456,5248647,5861103,8.569835220815863
2571859,612473,5248742,5861215,8.569752462557533
2571864,612473,5248744,5861217,8.569755728007602
2572447,612473,5249958,5862431,8.571737856199375
2572596,612531,5250321,5862852,8.57151882925109
2572761,612551,5250369,5862920,8.571317327047055
2572774,612557,5250396,5862953,8.57127744846602
2572784,612561,5250405,5862966,8.571236170765035
2572819,612575,5250445,5863020,8.571105578908705
2572822,612575,5250454,5863029,8.571120270987226
2572840,612582,5250481,5863063,8.571066404171196
2572870,612593,5250536,5863129,8.571002280470067
2572883,612593,5250557,5863150,8.571036560979312
2572902,612599,5250596,5863195,8.571016276552852
2572925,612604,5250607,5863211,8.570964277086013
2572992,612622,5250652,5863274,8.570785900604287
2573113,612622,5250796,5863418,8.571020955825942
2573113,612626,5250800,5863426,8.570971522592904
2573274,612711,5251001,5863712,8.570110541511413
2573351,612711,5251174,5863885,8.570392893223723
2573385,612720,5251240,5863960,8.570374722548635
2573442,612723,5251428,5864151,8.570639587546085
2573670,612830,5251983,5864813,8.570048790039651
2573935,612951,5252510,5865461,8.569216788943978
2574003,613019,5252640,5865659,8.568478301651336
2574009,613023,5252650,5865673,8.568438704583677
2574975,613277,5254644,5867921,8.56814131297929
2574979,613279,5254648,5867927,8.568119893229673
2575001,613288,5254703,5867991,8.568083836631404
2575061,613300,5254862,5868162,8.568175444317626
2575067,613300,5254864,5868164,8.568178705364422
2575092,613313,5254942,5868255,8.56812426933719
2575224,613384,5255153,5868537,8.567476491072476
2575246,613389,5255164,5868553,8.567424587007592
2575388,613413,5255383,5868796,8.567446402342304
2575395,613420,5255395,5868815,8.567368197972026
2575408,613420,5255423,5868843,8.567413843696
2575482,613423,5255448,5868871,8.567412698904345
2576136,613601,5256771,5870372,8.567083495626637
2576152,613601,5256806,5870407,8.567140535950887
2576168,613608,5256828,5870436,8.567078656080103
2576169,613608,5256828,5870436,8.567078656080103
2576222,613620,5256890,5870510,8.567012157361233
2576249,613637,5256950,5870587,8.566872597317307
2576301,613643,5257007,5870650,8.566881721131017
2576303,613644,5257012,5870656,8.566875908507212
2576315,613644,5257012,5870656,8.566875908507212
2576441,613680,5257449,5871129,8.567085451701212
2576454,613692,5257471,5871163,8.566953781375673
2576526,613733,5257621,5871354,8.566625878028393
2576607,613733,5257823,5871556,8.56695501138117
2576646,613751,5257877,5871628,8.566791744534836
2576740,613822,5258008,5871830,8.5660142516886
2576747,613822,5258008,5871830,8.5660142516886
2576757,613826,5258028,5871854,8.56599101374005
2576846,613878,5258140,5872018,8.565447857717658
2576919,613894,5258259,5872153,8.565418459864407
2576941,613894,5258274,5872168,8.565442894050113
2577045,613933,5258448,5872381,8.565182194148221
2577075,613933,5258448,5872381,8.565182194148221
2577097,613944,5258480,5872424,8.56508085427987
2577131,613944,5258498,5872442,8.565110172914794
2577141,613944,5258514,5872458,8.565136233923615
2577569,613944,5259421,5873365,8.566613567361193
2577652,613944,5259558,5873502,8.566836714749227
2577975,614058,5259946,5874004,8.565878141804195
2578877,614068,5261197,5875265,8.567775881498466
2578903,614068,5261236,5875304,8.567839392379996
2579016,614068,5261356,5875424,8.568034810477016
2579034,614068,5261383,5875451,8.568078779548845
2579089,614087,5261488,5875575,8.567984666667753
2579108,614087,5261510,5875597,8.568020492210387
2579961,614758,5263376,5878134,8.561703955052232
2581298,614758,5266672,5881430,8.56706541435817
2581638,614888,5267061,5881949,8.565886795644085
2581648,614891,5267075,5881966,8.565867771686364
2581733,614906,5267151,5882057,8.565782412271144
2582189,615175,5268378,5883553,8.564031373186491
2582225,615194,5268436,5883630,8.563861155993068
2582241,615199,5268476,5883675,8.563856573238903
2582272,615208,5268503,5883711,8.563775178476222
2582339,615214,5268537,5883751,8.563746923834634
2598675,615214,5300650,5915864,8.615945020757005
2598864,615379,5301068,5916447,8.614314105616213
2598881,615379,5301072,5916451,8.614320605675527
2598958,615438,5301195,5916633,8.61369463699024
2599023,615438,5301316,5916754,8.613891244934502
2599160,615438,5301678,5917116,8.614479443908241
2599172,615438,5301693,5917131,8.614503816793894
2599510,615564,5302042,5917606,8.613307470872241
2599656,615570,5302290,5917860,8.613626395048492
2599700,615575,5302324,5917899,8.613611663891483
2599715,615581,5302360,5917941,8.613586189307338
2599733,615588,5302374,5917962,8.613510984619584
2599933,615643,5302561,5918204,8.613045222637146
2600026,615657,5302639,5918296,8.612976056473004
2600299,615721,5302778,5918499,8.612306547933237
2600306,615722,5302785,5918507,8.612303929370723
2600385,615722,5303078,5918800,8.612779793478225
2600575,615722,5303396,5919118,8.613296260325276
2600653,615753,5303483,5919236,8.613003915531065
2600709,615753,5303675,5919428,8.613315728871804
2600873,615791,5303807,5919598,8.61299856607193
2600887,615798,5303837,5919635,8.6129493762565
2600888,615798,5303840,5919638,8.612954247983916
2600931,615814,5303940,5919754,8.612892854011113
2600965,615814,5303989,5919803,8.61297242349151
2601044,615834,5304027,5919861,8.6127544110913
2601843,615844,5306886,5922730,8.617256967673631
2601844,615844,5306894,5922738,8.61726995797637
2601903,615854,5306974,5922828,8.61725993498459
2601934,615863,5307034,5922897,8.617231429717323
2601960,615869,5307077,5922946,8.617217297834442
2602035,615882,5307228,5923110,8.617280582968815
2602046,615882,5307240,5923122,8.617300067220668
2603089,615909,5309220,5925129,8.620137065702888
2603520,615909,5310690,5926599,8.622523781922329
2603536,615909,5310717,5926626,8.622567619567176
2603559,615915,5310788,5926703,8.622598897575152
2603633,615948,5310882,5926830,8.62228954392254
2603704,615992,5310989,5926981,8.621847361654048
2603746,616003,5311035,5927038,8.621768075804825
2603822,616003,5311153,5927156,8.621959633313475
2603854,616012,5311194,5927206,8.621900222722934
2603882,616032,5311229,5927261,8.621677120669057
2603887,616035,5311237,5927272,8.621648120642496
2603946,616077,5311334,5927411,8.621217802320164
2604356,616077,5312189,5928266,8.62260561585646
2604421,616077,5312338,5928415,8.622847468741732
2604435,616087,5312379,5928466,8.622774056261534
2604440,616089,5312385,5928474,8.622755803138832
2604455,616089,5312411,5928500,8.622798004833717
2604604,616146,5312670,5928816,8.622420660038367
2604635,616152,5312745,5928897,8.62245841935107
2605880,616157,5314763,5930920,8.625663588987871
2605991,616157,5315020,5931177,8.62608069047337
2606007,616167,5315040,5931207,8.62597315338212
2606025,616167,5315050,5931217,8.625989382748507
2606080,616171,5315109,5931280,8.626029138015259
2606104,616175,5315144,5931319,8.626029942792226
2606115,616186,5315177,5931363,8.62592950829782
2606162,616187,5315288,5931475,8.626095649534962
2606169,616191,5315300,5931491,8.626059127770448
2606223,616200,5315348,5931548,8.626011035378124
2606235,616200,5315377,5931577,8.626058098020124
2606343,616200,5315682,5931882,8.626553067185979
2606440,616249,5315801,5932050,8.626060245128187
2606459,616254,5315839,5932093,8.62605192014981
2606514,616265,5315944,5932209,8.626068330993972
2606592,616274,5316336,5932610,8.626578437513183
2606618,616282,5316351,5932633,8.626490794798485
2606632,616292,5316375,5932667,8.626389763294023
2606717,616313,5316465,5932778,8.626241860872641
2606773,616329,5316571,5932900,8.626189908311957
2606981,616506,5316858,5933364,8.624178840108613
2608310,616506,5321888,5938394,8.632337722585019
2608348,616527,5321951,5938478,8.632145875200925
2608434,616587,5322169,5938756,8.631659441408917
2608501,616614,5322280,5938894,8.631461497792785
2615807,616939,5334312,5951251,8.646417230876958
2615814,616940,5334326,5951266,8.646425908516225
2615814,616940,5334505,5951445,8.646716050183162
2615846,616953,5334597,5951550,8.646682972608934
2615923,616961,5334809,5951770,8.646914472713835
2615961,616988,5334882,5951870,8.646654391981691
2615978,616988,5334907,5951895,8.646694911408325
2616008,616988,5334968,5951956,8.646793778809313
2616037,616988,5334999,5951987,8.646844022898339
2616070,616988,5335065,5952053,8.646950994184651
2616083,616988,5335079,5952067,8.646973685063568
2616205,616989,5335401,5952390,8.647481559638827
2616373,617038,5335745,5952783,8.647352351070762
2616754,617053,5336373,5953426,8.648159882538453
2616774,617061,5336401,5953462,8.648093138279684
2616795,617072,5336422,5953494,8.64797300801203
2617497,617072,5338093,5955165,8.650680957813675
2617509,617075,5338133,5955208,8.650703723210306
2617532,617083,5338151,5955234,8.6506207430767
2617587,617098,5338205,5955303,8.650497976010293
2617706,617098,5338355,5955453,8.650741049233671
2617809,617208,5338600,5955808,8.649596246322147
2617834,617229,5338634,5955863,8.649357045764214
2617919,617286,5338784,5956070,8.648801365979464
2617962,617319,5338875,5956194,8.648486438939997
2618029,617345,5338982,5956327,8.648295523572719
2618188,617416,5339200,5956616,8.647654093836247
2618391,617433,5339541,5956974,8.64796828157873
2618511,617433,5339743,5957176,8.648295442582434
2618556,617437,5339780,5957217,8.648299340661476
2618575,617444,5339844,5957288,8.648304947493214
2618756,617459,5340217,5957676,8.648698941954041
2618855,617459,5340386,5957845,8.648972644337519
2618930,617516,5340588,5958104,8.648501415347942
2619222,617665,5341181,5958846,8.647375195291946
2619396,617732,5341370,5959102,8.646743247880957
2619519,617818,5341597,5959415,8.645907047059167
2619599,617818,5341753,5959571,8.64615954860493
2619632,617833,5341807,5959640,8.64603703589805
2619723,617874,5341916,5959790,8.645639725898809
2620667,617874,5343999,5961873,8.649010963400304
2620711,617909,5344074,5961983,8.648642437640493
2620885,617957,5344234,5962191,8.648229569371331
2620955,617972,5344353,5962325,8.64821221673474
2620987,617984,5344409,5962393,8.648134903169014
2621027,618025,5344495,5962520,8.647700335746936
2621092,618025,5344495,5962520,8.647700335746936
2621108,618025,5344520,5962545,8.647740787184985
2621133,618034,5344542,5962576,8.647650452887705
2621161,618034,5344608,5962642,8.64775724312902
2621164,618034,5344617,5962651,8.647771805434653
2621187,618042,5344677,5962719,8.647756948556895
2621219,618074,5344759,5962833,8.647441892071177
2621536,618153,5345001,5963154,8.646728237183998
2621556,618153,5345022,5963175,8.646762209355936
2621580,618153,5345068,5963221,8.646836624589705
2621597,618159,5345081,5963240,8.646773726500786
2621627,618168,5345130,5963298,8.64672710331172
2621655,618175,5345158,5963333,8.646674485380354
2621663,618178,5345187,5963365,8.646679435372983
2621696,618194,5345247,5963441,8.646552700285024
2621745,618194,5345369,5963563,8.646750049337262
2621801,618216,5345452,5963668,8.64657660105853
2621849,618227,5345570,5963797,8.646613622504356
2621926,618268,5345689,5963957,8.646232701676295
2622174,618360,5346504,5964864,8.646264312051231
2622203,618360,5346543,5964903,8.64632738210751
2622598,618361,5347067,5965428,8.647160800891388
2622614,618361,5347093,5965454,8.647202847527577
2622654,618362,5347277,5965639,8.647486423810001
2623095,618390,5347650,5966040,8.647698054625721
2623249,618414,5347999,5966413,8.647926793377898
2623266,618434,5348048,5966482,8.64772635398442
2623275,618440,5348072,5966512,8.647681262531531
2623369,618444,5348262,5966706,8.647932553311213
2623427,618444,5348317,5966761,8.648021486181449
2623620,618444,5348761,5967205,8.648739416988443
2623640,618461,5348779,5967240,8.64853078852183
2623700,618481,5348819,5967300,8.648315793047805
2623747,618482,5348940,5967422,8.648497450208737
2623902,618482,5349284,5967766,8.64905365071255
2623908,618484,5349288,5967772,8.649032149578646
2624045,618560,5349563,5968123,8.648414058458355
2624057,618560,5349597,5968157,8.648469024831867
2624067,618565,5349607,5968172,8.64841528376161
2624121,618585,5349650,5968235,8.648205177946442
2624666,618585,5351386,5969971,8.651011582886749
2624731,618585,5351507,5970092,8.651207190604364
2624795,618608,5351623,5970231,8.65107305434136
2624817,618608,5351655,5970263,8.651124783384631
2624861,618646,5351787,5970433,8.650806761863812
2624892,618664,5351833,5970497,8.650629420816468
2624922,618679,5351861,5970540,8.650464942239838
2624937,618679,5351888,5970567,8.650508583611211
2625032,618679,5352133,5970812,8.650904588647748
2625409,618781,5352447,5971228,8.649986020902388
2625440,618798,5352496,5971294,8.649827568932027
2625503,618798,5352584,5971382,8.649969780122108
2625564,618833,5352700,5971533,8.649668004130355
2625846,618833,5353027,5971860,8.650196418096643
2625900,618833,5353105,5971938,8.650322461795025
2625915,618837,5353117,5971954,8.65028593959314
2626007,618837,5353172,5972009,8.650374815985469
2626026,618850,5353194,5972044,8.650228649915165
2626056,618860,5353226,5972086,8.650140581068417
2626078,618867,5353260,5972127,8.65009767849958
2626109,618881,5353279,5972160,8.649932701117017
2626617,618881,5354181,5973062,8.651390170323536
2626624,618883,5354202,5973085,8.651396144343924
2626889,618966,5354515,5973481,8.650741720869966
2626953,618966,5354616,5973582,8.650904896230164
2627002,618977,5354667,5973644,8.650833552781444
2627076,619023,5354827,5973850,8.650449175555673
2627134,619023,5354924,5973947,8.650605874095147
2627192,619041,5355066,5974107,8.650583725472142
2627871,619289,5356452,5975741,8.649357569729156
2627902,619294,5356488,5975782,8.649345868036828
2627914,619297,5356531,5975828,8.649373402422425
2627989,619297,5356637,5975934,8.649544564239775
2627994,619300,5356640,5975940,8.649507508477313
2628102,619345,5356817,5976162,8.649164843504025
2628139,619354,5356922,5976276,8.64920869163677
2628187,619376,5357049,5976425,8.649106520110562
2628212,619387,5357098,5976485,8.649032026826523
2628232,619387,5357143,5976530,8.649104679303893
2628237,619390,5357157,5976547,8.649085390464812
2628280,619406,5357226,5976632,8.648973371262144
2628351,619452,5357289,5976741,8.64843280835319
2628639,619452,5357889,5977341,8.64940140640437
2628743,619452,5358084,5977536,8.649716200771005
2628833,619459,5358343,5977802,8.650036564163246
2628878,619477,5358422,5977899,8.649912748980189
2628941,619489,5358550,5978039,8.649951815125046
2629049,619489,5358855,5978344,8.650444156393414
2629073,619497,5358904,5978401,8.650411543558725
2629320,619557,5359102,5978659,8.649893391568492
2629358,619572,5359172,5978744,8.649796956608755
2629409,619598,5359268,5978866,8.649588927013967
2629456,619614,5359430,5979044,8.649627025858035
2629616,619646,5359667,5979313,8.649562814897537
2629652,619658,5359705,5979363,8.649456635757144
2629659,619658,5359720,5979378,8.64948084265837
2629785,619661,5360106,5979767,8.650061888677842
2629808,619665,5360143,5979808,8.650065761338787
2629948,619665,5360406,5980071,8.650490184212437
2629989,619683,5360474,5980157,8.650348646001262
2630012,619693,5360505,5980198,8.650259079899241
2630041,619698,5360526,5980224,8.650223173223086
2630132,619698,5360574,5980272,8.65030063030702
2630135,619698,5360583,5980281,8.650315153510258
2630280,619742,5360752,5980494,8.649973698732698
2630301,619748,5360790,5980538,8.649951270516404
2630309,619752,5360795,5980547,8.649903509791013
2630359,619783,5360868,5980651,8.649588646348803
2630371,619783,5360902,5980685,8.649643504258748
2630547,619835,5361234,5981069,8.649453483588374
2630640,619856,5361417,5981273,8.64945568002891
2630651,619863,5361432,5981295,8.649382202196291
2630736,619882,5361557,5981439,8.64931874130883
2630886,619945,5361992,5981937,8.649141456096912
2630941,619972,5362048,5982020,8.648855109585595
2630993,619980,5362083,5982063,8.648799961289074
2631009,619980,5362109,5982089,8.648841898125745
2631034,619997,5362130,5982127,8.648638622444947
2631205,619997,5362474,5982471,8.64919346383934
2631402,620071,5362824,5982895,8.648725710442836
2631469,620109,5362978,5983087,8.648444063866192
2631499,620115,5363033,5983148,8.648449077993599
2632625,620123,5364936,5985059,8.65140625327556
2633396,620123,5366067,5986190,8.653230084999267
2633421,620130,5366117,5986247,8.653213035976327
2633551,620206,5366366,5986572,8.652554151362612
2633579,620210,5366383,5986593,8.65252575740475
2633608,620214,5366439,5986653,8.652560245334675
2633661,620239,5366559,5986798,8.652404960023475
2635672,620242,5377051,5997293,8.669279087839907
2635750,620272,5377127,5997399,8.668982317434931
2636291,620277,5378445,5998722,8.671037294628045
2636561,620290,5378814,5999104,8.671450450595689
2636578,620291,5378852,5999143,8.671497732515867
2636820,620291,5379299,5999590,8.672218362026856
2636832,620297,5379336,5999633,8.672194126362049
2636852,620307,5379355,5999662,8.6720849514837
2636880,620313,5379403,5999716,8.672078450717622
2636989,620369,5379554,5999923,8.671539035638467
2637033,620388,5379618,6000006,8.671376622371806
2637066,620390,5379684,6000074,8.671455052466996
2637465,620390,5380517,6000907,8.6727977562501
2637533,620390,5380733,6001123,8.673145924337916
2637544,620392,5380756,6001148,8.673155037460187
2637593,620399,5380885,6001284,8.67326510842216
2637662,620429,5381013,6001442,8.673052033351116
2637875,620429,5381499,6001928,8.67383536230576
2638157,620429,5381826,6002255,8.674362416972771
2639029,620839,5383338,6004177,8.671069311045215
2639060,620843,5383378,6004221,8.671077873149894
2639100,620865,5383454,6004319,8.670893028275067
2639105,620871,5383462,6004333,8.670822119248603
2639167,620887,5383546,6004433,8.670733966084006
2639480,620985,5384199,6005184,8.670417159834779
2639530,620985,5384306,6005291,8.6705894667343
2639596,620998,5384447,6005445,8.670635010096651
2639760,621007,5385380,6006387,8.672011748659838
2639763,621007,5385389,6006396,8.672026241250098
2639896,621020,5385475,6006495,8.671983188947216
2639937,621034,5385522,6006556,8.671863376240271
2640142,621043,5386721,6007764,8.673668328924084
2640151,621043,5386728,6007771,8.673679600285327
2640389,621119,5386944,6008063,8.67296604998398
2640450,621148,5387066,6008214,8.672757539266005
2640458,621148,5387091,6008239,8.672797787322828
2640492,621167,5387132,6008299,8.672598512155346
2640713,621301,5387405,6008706,8.671167437361278
2640832,621301,5387565,6008866,8.671424961492095
2640972,621301,5387885,6009186,8.671940009753726
2641003,621310,5387948,6009258,8.671915790829054
2641025,621310,5387953,6009263,8.671923838341568
2641059,621322,5388028,6009350,8.671877062135254
2641077,621337,5388074,6009411,8.671741744013314
2641287,621338,5388634,6009972,8.672629068236612
2641314,621363,5388667,6010030,8.672333241599516
2642154,621750,5390434,6012184,8.669777241656615
2642490,621864,5391053,6012917,8.669183294096458
2642526,621868,5391091,6012959,8.669188638103263
2642598,621895,5391224,6013119,8.669026121772967
2642632,621906,5391239,6013145,8.668896907249648
2642730,621906,5391529,6013435,8.669363215662818
2642746,621906,5391555,6013461,8.669405022623998
2642774,621912,5391650,6013562,8.669474137820142
2642830,621927,5391737,6013664,8.669404930160614
2642854,621927,5391758,6013685,8.669438696181384
2642886,621931,5391809,6013740,8.669464940644541
2642977,621954,5391911,6013865,8.669308341131337
2642990,621960,5391926,6013886,8.66924882629108
2643116,621961,5392143,6014104,8.669583784192257
2643230,622018,5392383,6014401,8.669175168564253
2643307,622041,5392564,6014605,8.66914560294257
2643443,622082,5392803,6014885,8.668958433132609
2643472,622088,5392904,6014992,8.66903717801983
2644085,622094,5393995,6016089,8.670707320758599
2644140,622117,5394107,6016224,8.670566790491177
2644474,622293,5394763,6017056,8.66916870348855
2644501,622302,5394847,6017149,8.669178308923962
2644530,622320,5394893,6017213,8.669001478339117
2644547,622320,5394942,6017262,8.669080215966062
2644568,622320,5394988,6017308,8.66915413292197
2644760,622433,5395267,6017700,8.668028526765129
2644781,622449,5395307,6017756,8.667869978102624
2644854,622487,5395391,6017878,8.667475786642933
2644879,622493,5395423,6017916,8.667443649968755
2645000,622493,5395782,6018275,8.668020363281194
2645058,622505,5395842,6018347,8.667949655022852
2645129,622535,5395935,6018470,8.667681335185973
2645214,622580,5396170,6018750,8.667432297857303
2645384,622712,5396611,6019323,8.66630320276468
2645395,622721,5396629,6019350,8.666206856682207
2645483,622721,5396969,6019690,8.666752847583428
2645494,622722,5396978,6019700,8.666753382729372
2646174,622934,5397623,6020557,8.664839292766167
2646258,622984,5397895,6020879,8.664580470766504
2646320,623001,5397996,6020997,8.664506156490921
2646414,623001,5398123,6021124,8.664710008491157
2646529,623037,5398222,6021259,8.664368247792668
2646555,623046,5398257,6021303,8.664299265222793
2646582,623049,5398286,6021335,8.664304091652502
2646683,623104,5398534,6021638,8.663937320254725
2646697,623110,5398560,6021670,8.663895620355957
2646716,623115,5398567,6021682,8.663837333397527
2646867,623181,5398759,6021940,8.663227858358969
2646912,623196,5398898,6022094,8.663242382813754
2647068,623272,5399273,6022545,8.662787675364848
2647106,623290,5399337,6022627,8.662640183542171
2647135,623303,5399399,6022702,8.662558980142885
2647150,623308,5399416,6022724,8.662516765387256
2647158,623308,5399416,6022724,8.662516765387256
2647215,623341,5399522,6022863,8.662228218583408
2647248,623346,5399543,6022889,8.662192426036261
2647347,623451,5399713,6023164,8.661006237859912
2647357,623451,5399729,6023180,8.66103190146459
2647367,623454,5399774,6023228,8.661062403962442
2647426,623479,5399903,6023382,8.660922019827453
2647436,623479,5399905,6023384,8.66092522763397
2647578,623493,5400198,6023691,8.661200687096727
2647811,623579,5400606,6024185,8.660660477662013
2667595,623579,5459954,6083533,8.755833663417146
2667861,623583,5460782,6084365,8.75710530915692
2667918,623606,5460851,6084457,8.756892974089409
2667941,623606,5460926,6084532,8.757013242335706
2667984,623613,5461043,6084656,8.757102562005603
2667993,623615,5461060,6084675,8.75710173745019
2668003,623615,5461076,6084691,8.757127394305781
2668014,623624,5461113,6084737,8.757060344053468
2668110,623656,5461227,6084883,8.75679380940775
2668123,623661,5461259,6084920,8.75677491457699
2668154,623670,5461300,6084970,8.756714288004874
2668169,623675,5461311,6084986,8.756661722852447
2668188,623677,5461333,6085010,8.756668916763005
2668197,623679,5461349,6085028,8.756666490293885
2668487,623714,5461516,6085230,8.756442856822197
2668679,623714,5461939,6085653,8.757121052277165
2668716,623722,5461992,6085714,8.75709370520841
2668733,623728,5462004,6085732,8.75702870482005
2668742,623733,5462065,6085798,8.757056304540564
2668749,623736,5462071,6085807,8.757023804943117
2668922,623736,5462260,6085996,8.75732681775623
2668963,623740,5462340,6086080,8.75739891621509
2668969,623740,5462355,6086095,8.75742296469683
2669109,623774,5462575,6086349,8.757298316377407
2670861,623776,5466135,6089911,8.762977414969477
2670889,623785,5466175,6089960,8.762915106967945
2670890,623785,5466177,6089962,8.762918313200862
2670927,623797,5466209,6090006,8.762801039440715
2671011,623820,5466306,6090126,8.762633451957296
2671100,623861,5466412,6090273,8.762227483365686
2671441,623861,5467091,6090952,8.763315866835722
2671448,623861,5467099,6090960,8.76332869020503
2671761,623861,5467694,6091555,8.76428242829733
2671807,623866,5467722,6091588,8.764257068024223
2671879,623913,5467858,6091771,8.763814826746678
2671925,623916,5467974,6091890,8.763958609812859
2671928,623916,5467983,6091899,8.763973034831611
2672028,624002,5468253,6092255,8.763197874365787
2672302,624105,5468733,6092838,8.762520729684908
2672334,624124,5468802,6092926,8.762364530125424
2672343,624124,5468807,6092931,8.762372541353962
2672472,624124,5469190,6093314,8.762986201459967
2672599,624205,5469456,6093661,8.7622752140723
2672608,624212,5469472,6093684,8.762202585019192
2672608,624212,5469472,6093684,8.762202585019192
2672987,624367,5470008,6094375,8.760885825163726
2673007,624375,5470031,6094406,8.76081041041041
2673484,624385,5471118,6095503,8.762411012436237
2675711,625241,5474378,6099619,8.755628629600427
2675736,625249,5474433,6099682,8.755604567140452
2675811,625319,5474587,6099906,8.75487071398758
2675918,625349,5474659,6100008,8.75456585042912
2675931,625355,5474676,6100031,8.754509038865924
2675946,625361,5474712,6100073,8.754482610843976
2675955,625363,5474728,6100091,8.754480197901058
2676012,625391,5474830,6100221,8.75425134036147
2676030,625404,5474861,6100265,8.754118937518788
2676045,625404,5474880,6100284,8.754149317880922
2676048,625404,5474889,6100293,8.754163708578774
2676078,625413,5474948,6100361,8.754132069528456
2676129,625413,5474974,6100387,8.754173642057328
2676345,625413,5475336,6100749,8.754752459574712
2676686,625439,5476017,6101456,8.755477352707459
2677104,625646,5476682,6102328,8.753643434146467
2677361,625646,5477397,6103043,8.754786252928973
2677438,625655,5477451,6103106,8.754746625536438
2677634,625655,5477924,6103579,8.755502633240365
2677679,625679,5477969,6103648,8.755238708666905
2677968,625692,5478153,6103845,8.755350875510635
2678097,625692,5478536,6104228,8.75596299776887
2678156,625710,5478601,6104311,8.755814994166627
2678175,625724,5478644,6104368,8.75568781123946
2678326,625766,5478842,6104608,8.755416561462273
2678329,625767,5478845,6104612,8.755407364082798
2678594,625767,5479670,6105437,8.756725746164307
2678637,625798,5479757,6105555,8.756430988913355
2678649,625804,5479785,6105589,8.756391777617273
2678788,625804,5480108,6105912,8.756907913659868
2679580,625813,5482045,6107858,8.759877151800938
2679600,625823,5482080,6107903,8.759793104440073
2679738,625888,5482265,6108153,8.759178958535712
2679780,625909,5482322,6108231,8.758976145094575
2679809,625925,5482341,6108266,8.758782601749411
2679915,625925,5482404,6108329,8.758883252785877
2679934,625934,5482426,6108360,8.758792460546958
2680037,625934,5482595,6108529,8.759062457064163
2680065,625944,5482624,6108568,8.758968853443758
2680244,626012,5482926,6108938,8.758499837063827
2680314,626054,5483073,6109127,8.758147060796672
2680345,626054,5483127,6109181,8.758233315337016
2680485,626133,5483416,6109549,8.757589841135989
2680714,626214,5484126,6110340,8.757590855522233
2680731,626225,5484151,6110376,8.757476945187433
2680852,626319,5484451,6110770,8.756641583601967
2680883,626321,5484509,6110830,8.756706225721315
2680906,626328,5484538,6110866,8.756654660178054
2680966,626344,5484655,6110999,8.756617769149221
2680983,626344,5484673,6111017,8.756646507350593
2681013,626357,5484722,6111079,8.756542993851749
2681049,626375,5484794,6111169,8.756406306126522
2681111,626416,5484876,6111292,8.755964087762765
2681116,626418,5484884,6111302,8.755948903128582
2681198,626448,5484966,6111414,8.75566048578653
2681233,626460,5485008,6111468,8.755559812278518
2681256,626473,5485034,6111507,8.755419627023032
2681345,626519,5485185,6111704,8.755017804727391
2681760,626538,5486281,6112819,8.756501600860602
2681933,626612,5486663,6113275,8.756077125876939
2681949,626618,5486682,6113300,8.756023606088558
2682041,626618,5486828,6113446,8.756256602906396
2682217,626705,5487174,6113879,8.755593141908873
2682355,626738,5487344,6114082,8.755403374296755
2682517,626738,5487846,6114584,8.756204346951996
2682558,626738,5487903,6114641,8.756295294046316
2682570,626738,5487903,6114641,8.756295294046316
2682788,626738,5488046,6114784,8.756523459563645
2682827,626749,5488121,6114870,8.75648943995124
2682867,626768,5488158,6114926,8.756283026574426
2682883,626768,5488184,6114952,8.756324509228294
2683112,626790,5488621,6115411,8.756714370044193
2683242,626790,5488860,6115650,8.75709567797827
2683484,626858,5489272,6116130,8.756802976112612
2683499,626862,5489282,6116144,8.75676305151692
2683934,626862,5490049,6116911,8.757986606302504
2683955,626875,5490101,6116976,8.757887936191425
2684030,626895,5490216,6117111,8.75779197473261
2684266,626908,5490888,6117796,8.758682294690768
2684290,626922,5490930,6117852,8.75855369567506
2684318,626937,5490961,6117898,8.758393586596421
2684353,626940,5491019,6117959,8.75844418923661
2684376,626954,5491044,6117998,8.758288486874635
2684382,626954,5491057,6118011,8.758309222048188
2684394,626957,5491084,6118041,8.758310378542706
2684403,626957,5491084,6118041,8.758310378542706
2685332,627342,5493071,6120413,8.756102731843237
2685366,627342,5493159,6120501,8.756243006207141
2685386,627342,5493187,6120529,8.756287638959291
2685481,627376,5493270,6120646,8.755945397975058
2685505,627378,5493312,6120690,8.755984430439065
2685520,627385,5493368,6120753,8.755975995600787
2685535,627393,5493380,6120773,8.75588347335721
2685555,627393,5493415,6120808,8.755939259762222
2685572,627400,5493454,6120854,8.755903729678037
2685585,627400,5493467,6120867,8.755924450111571
2685762,627516,5493760,6121276,8.754772786669982
2686565,627516,5495706,6123222,8.75787390281682
2686716,627528,5495814,6123342,8.757878532910086
2686741,627551,5495898,6123449,8.757691406754192
2686776,627561,5495938,6123499,8.75761559434063
2686797,627561,5495988,6123549,8.757695267870375
2686836,627585,5496051,6123636,8.75746074236956
2686917,627585,5496108,6123693,8.757551566720046
2687018,627632,5496211,6123843,8.757059869477656
2687022,627632,5496220,6123852,8.757074209090677
2687128,627678,5496377,6124055,8.756682566538894
2687149,627684,5496430,6124114,8.756683299239745
2687196,627690,5496496,6124186,8.756704742787045
2687230,627711,5496521,6124232,8.756451615472725
2687261,627728,5496572,6124300,8.756295720439425
2687295,627731,5496632,6124363,8.756349455419599
2687409,627748,5496919,6124667,8.756569515155762
2687456,627770,5497032,6124802,8.756442646192077
2687523,627774,5497330,6125104,8.756861545715497
2687631,627795,5497469,6125264,8.756790034963643
2687669,627814,5497531,6125345,8.756623777105958
2687721,627851,5497687,6125538,8.75635620553284
2687820,627879,5497747,6125626,8.756061279322926
2688060,628051,5498137,6126188,8.754284285830291
2688094,628060,5498238,6126298,8.754319650988759
2688104,628060,5498254,6126314,8.754345126261821
2688223,628060,5498524,6126584,8.754775021494762
2688392,628162,5498875,6127037,8.753912207360521
2688418,628168,5498912,6127080,8.753887495065014
2688419,628168,5498914,6127082,8.753890678926657
2688774,628277,5499170,6127447,8.752779426908832
2688804,628286,5499203,6127489,8.752706569937894
2688831,628307,5499236,6127543,8.752466548995953
2688858,628325,5499268,6127593,8.752266740938209
2688867,628327,5499292,6127619,8.752277078654904
2689438,628327,5500190,6128517,8.753706270779388
2689483,628338,5500271,6128609,8.753681935518781
2689484,628338,5500273,6128611,8.753685118519014
2690391,628351,5502509,6130860,8.757062533520278
2690394,628352,5502512,6130864,8.75705337135873
2690403,628356,5502522,6130878,8.757013540095105
2690425,628362,5502552,6130914,8.756977665740449
2690428,628362,5502558,6130920,8.756987214376426
2690501,628374,5502815,6131189,8.757228975100816
2690530,628380,5502889,6131269,8.757263121041408
2690633,628384,5503148,6131532,8.757619544736976
2690718,628435,5503277,6131712,8.757114100901445
2690753,628446,5503310,6131756,8.757013331296564
2690783,628462,5503379,6131841,8.756900178531081
2690814,628482,5503439,6131921,8.756716978370104
2690862,628492,5503479,6131971,8.756641293763485
2691634,628596,5504897,6133493,8.757448345201052
2691672,628615,5505007,6133622,8.757358637639891
2691681,628615,5505023,6133638,8.757384090421004
2691687,628615,5505036,6133651,8.75740477080566
2691813,628615,5505425,6134040,8.758023591546495
2691836,628624,5505451,6134075,8.75793956323653
2691868,628630,5505487,6134117,8.757913239902646
2691992,628630,5505690,6134320,8.758236164357411
2692012,628633,5505726,6134359,8.758251634896673
2692115,628679,5505986,6134665,8.758024365375652
2692186,628679,5506096,6134775,8.758199335431913
2692231,628713,5506208,6134921,8.757903844838584
2692247,628713,5506234,6134947,8.757945199160826
2692301,628742,5506352,6135094,8.757728925377977
2692439,628793,5506552,6135345,8.757336675185634
2692474,628793,5506604,6135397,8.757419373307274
2692628,628793,5506977,6135770,8.758012573295186
2692684,628793,5507065,6135858,8.758152523962575
2692909,628838,5507377,6136215,8.75802193887774
2694146,629515,5509497,6139012,8.751970961772157
2694294,629565,5509618,6139183,8.751468077164391
2694379,629595,5509794,6139389,8.7513306173016
2694392,629607,5509825,6139432,8.751213058304625
2694424,629607,5509873,6139480,8.751289296338827
2694599,629686,5510177,6139863,8.750674145526501
2694661,629737,5510291,6140028,8.750146489725076
2694974,629737,5511077,6140814,8.751394629821656
2695020,629737,5511200,6140937,8.75158994945509
2695180,629789,5511448,6141237,8.751261136666407
2695367,629821,5511754,6141575,8.751302354160945
2695416,629837,5511831,6141668,8.751202295197011
2695505,629869,5511910,6141779,8.750883120140855
2695742,629926,5512077,6142003,8.750356391068157
2695843,629979,5512247,6142226,8.749890075700936
2695928,630000,5512368,6142368,8.749790476190476
2696091,630000,5512786,6142786,8.750453968253968
2696101,630000,5512801,6142801,8.750477777777778
2696155,630001,5512921,6142922,8.750654364040692
2696278,630001,5513258,6143259,8.751189283826534
2696375,630039,5513375,6143414,8.750847169778378
2696424,630069,5513481,6143550,8.75059874394709
2696510,630103,5513692,6143795,8.750461432495957
2696581,630103,5513819,6143922,8.750662986845008
2696668,630103,5513949,6144052,8.750869302320414
2696673,630103,5513953,6144056,8.750875650488888
2696856,630150,5514161,6144311,8.750553042926287
2696886,630163,5514188,6144351,8.750415368722061
2697097,630208,5514802,6145010,8.750764826850817
2697130,630208,5514866,6145074,8.75086638062354
2697201,630208,5515038,6145246,8.751139306387733
2697236,630217,5515065,6145282,8.751057175544297
2697242,630217,5515077,6145294,8.751076216604757
2697276,630238,5515148,6145386,8.750897280075145
2697354,630254,5515357,6145611,8.751006736966366
2697355,630254,5515364,6145618,8.751017843599564
2697366,630254,5515374,6145628,8.75103371021842
2697367,630254,5515376,6145630,8.751036883542191
2697422,630266,5515440,6145706,8.75097181190164
2698534,630292,5517806,6148098,8.754364643688957
2698586,630301,5517917,6148218,8.754415747396878
2698621,630320,5517973,6148293,8.754240703134915
2698643,630324,5518004,6148328,8.754234330280935
2698679,630332,5518095,6148427,8.75426759231643
2698689,630337,5518126,6148463,8.754247331189507
2698736,630371,5518280,6148651,8.754019458382444
2698856,630457,5518495,6148952,8.753166353930562
2698893,630457,5518547,6149004,8.753248833782479
2698955,630457,5518729,6149186,8.753537513264188
2698963,630457,5518748,6149205,8.753567650133157
2698985,630468,5518793,6149261,8.753486299066726
2699005,630468,5518820,6149288,8.75352912439648
2699045,630483,5518911,6149394,8.753465200489149
2699136,630492,5519058,6149550,8.753573399821093
2699149,630492,5519077,6149569,8.753603535017097
2699153,630492,5519079,6149571,8.753606707142993
2699525,630558,5519699,6150257,8.753673730251618
2699583,630589,5519760,6150349,8.753340131210662
2699597,630601,5519794,6150395,8.753227476645295
2699752,630611,5520037,6150648,8.75347401171245
2699773,630623,5520082,6150705,8.753378801597785
2699881,630623,5520639,6151262,8.754262055142295
2699913,630627,5520678,6151305,8.754268371002192
2699975,630643,5520805,6151448,8.75424764882826
2700104,630643,5521032,6151675,8.754607598910953
2700259,630643,5521354,6151997,8.755118188896095
2700288,630655,5521372,6152027,8.75498013969603
2700396,630655,5521588,6152243,8.755322640746526
2700430,630667,5521628,6152295,8.755219473985479
2700444,630671,5521661,6152332,8.755216269655653
2700469,630671,5521769,6152440,8.755387515836308
2700637,630679,5522039,6152718,8.755704566031214
2700641,630679,5522044,6152723,8.755712493994567
2700664,630695,5522098,6152793,8.75557599156486
2700890,630695,5522623,6153318,8.75640840659907
2700941,630695,5522747,6153442,8.756605015102387
2701022,630705,5522774,6153479,8.75650898597601
2701099,630707,5522892,6153599,8.756668310324763
2701259,630820,5523268,6154088,8.75569576107289
2701285,630825,5523300,6154125,8.755677089525621
2701330,630851,5523321,6154172,8.755349519934184
2701355,630855,5523346,6154201,8.755333634511892
2701392,630862,5523401,6154263,8.755323668250742
2701410,630862,5523433,6154295,8.755374392497885
2701455,630874,5523459,6154333,8.755249067167137
2701475,630883,5523502,6154385,8.75519232567687
2701501,630889,5523539,6154428,8.755167707790118
2701537,630898,5523568,6154466,8.755088778217715
2701554,630905,5523586,6154491,8.755020169439138
2701773,630914,5524886,6155800,8.756955781612074
2701786,630932,5524910,6155842,8.756743991428554
2701873,630932,5525022,6155954,8.75692150659659
2701885,630937,5525036,6155973,8.756874299652738
2702251,630939,5526090,6157029,8.758517067418563
2702271,630939,5526111,6157050,8.758550351143295
2702282,630949,5526135,6157084,8.758449573578847
2702325,630949,5526276,6157225,8.758673046474438
2702350,630949,5526310,6157259,8.758726933555645
2702520,630949,5526655,6157604,8.759273728938473
2702887,631136,5527373,6158509,8.757816065000254
2702969,631196,5527547,6158743,8.757259234849396
2702999,631233,5527591,6158824,8.75681562909417
2703750,631300,5530766,6162066,8.760915571043878
2703791,631321,5530830,6162151,8.76072552631704
2703794,631321,5530832,6162153,8.760728694277555
2703867,631338,5530896,6162234,8.760594166674586
2703889,631338,5530901,6162239,8.760602086362614
2703924,631352,5530971,6162323,8.760518696384901
2703947,631352,5530988,6162340,8.7605456227271
2703956,631358,5531011,6162369,8.76049879782944
2704274,631586,5531523,6163109,8.758146950692383
2704544,631586,5531905,6163491,8.75875177727182
2704556,631586,5531920,6163506,8.758775527006614
2704641,631586,5532117,6163703,8.759087440190251
2704671,631593,5532173,6163766,8.759079027158313
2704723,631644,5532329,6163973,8.758618778932437
2704786,631644,5532377,6164021,8.758694771105242
2704795,631644,5532399,6164043,8.758729600851112
2704933,631664,5532487,6164151,8.75859159299881
2704968,631667,5532572,6164239,8.758684560060917
2705098,631745,5532716,6164461,8.757831086910066
2705270,631745,5533096,6164841,8.758432595430119
2705296,631763,5533132,6164895,8.758240036216113
2705305,631765,5533149,6164914,8.758239218696826
2705477,631765,5533341,6165106,8.758543129169865
2705520,631788,5533383,6165171,8.758290755759843
2705675,631788,5533704,6165492,8.75879883758476
2705748,631814,5533831,6165645,8.75863940969969
2705760,631814,5533841,6165655,8.758655237142577
2705768,631821,5533880,6165701,8.758619925580188
2705781,631821,5533887,6165708,8.75863100466746
2705807,631832,5533934,6165766,8.758552906468807
2705838,631832,5533975,6165807,8.758617797135948
2705869,631844,5534028,6165872,8.758535334671217
2706146,631844,5534736,6166580,8.75965586442223
2706325,631844,5535097,6166941,8.760227207981718
2706343,631866,5535149,6167015,8.76000449462386
2706364,631866,5535179,6167045,8.760051973044918
2706388,631872,5535202,6167074,8.760005190924744
2706407,631879,5535224,6167103,8.759942963763631
2706451,631883,5535319,6167202,8.760037855109253
2707720,631883,5538170,6170053,8.764549766333324
2708283,632013,5540114,6172127,8.76582285490963
2708413,632032,5540322,6172354,8.765888436028556
2708452,632051,5540447,6172498,8.765822694687612
2708478,632058,5540490,6172548,8.765793645519873
2708495,632065,5540507,6172572,8.765723461985713
2708506,632067,5540516,6172583,8.76570996429176
2708515,632067,5540520,6172587,8.765716292734789
2708544,632077,5540550,6172627,8.765625074160269
2708570,632092,5540599,6172691,8.765494579902926
2708647,632108,5540758,6172866,8.76552424585672
2708671,632117,5540791,6172908,8.765451648982705
2708739,632148,5540984,6173132,8.76532710694331
2709521,632148,5542385,6174533,8.767543360099218
2709764,632148,5542799,6174947,8.768198270025374
2709782,632157,5542815,6174972,8.76809874762124
2709802,632157,5542844,6175001,8.768144622301106
2709848,632166,5542909,6175075,8.768122613364211
2709868,632181,5542941,6175122,8.767965187185316
2709982,632181,5543112,6175293,8.76823567933867
2710016,632181,5543144,6175325,8.768286297753333
2710948,632420,5544175,6176595,8.766602890484172
2711028,632432,5544376,6176808,8.76675437043034
2711045,632439,5544393,6176832,8.766684217766457
2711051,632440,5544400,6176840,8.766681424324837
2711071,632440,5544438,6176878,8.76674150907596
2711368,632467,5544602,6177069,8.766626559172257
2711405,632474,5544655,6177129,8.766613331140885
2711486,632499,5544766,6177265,8.766442318485879
2711675,632588,5545058,6177646,8.765670547022706
2711736,632632,5545141,6177773,8.765192086394618
2711762,632643,5545164,6177807,8.765076038144736
2711787,632670,5545270,6177940,8.764869521235399
2711815,632686,5545335,6178021,8.764750602984735
2712150,632894,5546169,6179063,8.763187832401634
2712233,632894,5546444,6179338,8.763622344342023
2712243,632894,5546461,6179355,8.763649205080156
2712264,632901,5546514,6179415,8.76363601890343
2713307,632901,5548521,6181422,8.76680713097309
2713317,632908,5548534,6181442,8.766730709676605
2713349,632917,5548629,6181546,8.766756146540542
2713430,632946,5548738,6181684,8.766526686320791
2713511,632949,5548926,6181875,8.766782157804183
2713599,632993,5549051,6182044,8.76637024422071
2713799,633098,5549574,6182672,8.76574242850238
2713820,633098,5549618,6182716,8.765811928011145
2713876,633098,5549702,6182800,8.765944608891514
2713943,633113,5549741,6182854,8.765798522538631
2713967,633115,5549771,6182886,8.765818216279822
2713991,633128,5549806,6182934,8.765693509053461
2714003,633135,5549832,6182967,8.765637660214646
2714074,633167,5549968,6183135,8.765409441742857
2714219,633245,5550278,6183523,8.764819303744996
2714261,633263,5550354,6183617,8.764690184015173
2714282,633263,5550394,6183657,8.764753348924538
2714295,633267,5550469,6183736,8.76481642024612
2714355,633280,5550665,6183945,8.764945995452248
2714370,633286,5550705,6183991,8.76492611553074
2714437,633336,5550846,6184182,8.764456781234605
2714480,633346,5550894,6184240,8.764394185800494
2714739,633346,5551390,6184736,8.765177328032387
2714790,633356,5551445,6184801,8.765125774445968
2714795,633356,5551450,6184806,8.76513366890027
2714806,633357,5551458,6184815,8.765132460839622
2714835,633357,5551505,6184862,8.76520666859291
2715035,633409,5551619,6185028,8.764667063461365
2715126,633409,5551715,6185124,8.764818624301203
2715453,633651,5552531,6186182,8.762758995093513
2715462,633657,5552551,6186208,8.762707584702765
2715657,633675,5552640,6186315,8.762599124156704
2715682,633688,5552693,6186381,8.76250299832094
2716065,633755,5553018,6186773,8.762089450970802
2716077,633755,5553039,6186794,8.762122586804049
2716110,633766,5553107,6186873,8.762077801586074
2716619,633766,5553927,6187693,8.76337165452233
2716674,633779,5554040,6187819,8.763370196866731
2716755,633793,5554105,6187898,8.763279177901934
2716789,633804,5554175,6187979,8.763237530845498
2716800,633812,5554215,6188027,8.763190031113327
2716806,633812,5554233,6188045,8.763218430701848
2716814,633812,5554233,6188045,8.763218430701848
2716836,633824,5554266,6188090,8.763104584237896
2716861,633833,5554303,6188136,8.76303852907627
2717082,633847,5554348,6188195,8.762915971835474
2717128,633866,5554552,6188418,8.762975139856058
2717154,633880,5554628,6188508,8.762901495551208
2717163,633882,5554648,6188530,8.762905398796622
2717254,633887,5554787,6188674,8.763055560375903
2717349,633902,5554975,6188877,8.763144776321893
2718199,633902,5556331,6190233,8.765283908238182
2719038,633902,5558177,6192079,8.768196030301214
2719085,633922,5558227,6192149,8.76799827108067
2719098,633926,5558235,6192161,8.76795556579159
2719140,633939,5558308,6192247,8.767890916949423
2719162,633941,5558315,6192256,8.767874297450394
2719168,633943,5558321,6192264,8.767856100627343
2719208,633969,5558382,6192351,8.76759273718431
2719248,633974,5558423,6192397,8.767588260717316
2719328,633990,5558529,6192519,8.767534188236407
2722733,633990,5564298,6198288,8.776633700847016
2723292,633990,5565881,6199871,8.779130585655926
2723336,634001,5565966,6199967,8.779112335784959
2723361,634010,5566032,6200042,8.77909181243198
2723436,634052,5566183,6200235,8.77874843072808
2723453,634060,5566201,6200261,8.778666056840047
2723471,634060,5566221,6200281,8.778697599596253
2723502,634068,5566264,6200332,8.778654655336652
2723572,634073,5566363,6200436,8.77874156445709
2724023,634199,5566963,6201162,8.77794351615187
2724063,634207,5567040,6201247,8.77795420107315
2724102,634224,5567188,6201412,8.777952269229798
2724163,634228,5567297,6201525,8.778068770221434
2724190,634235,5567327,6201562,8.77801918847115
2724224,634257,5567373,6201630,8.777787237665489
2724265,634269,5567472,6201741,8.777777252238403
2724280,634282,5567497,6201779,8.777636760935987
2724542,634282,5567829,6202111,8.77816018742452
2724573,634285,5567850,6202135,8.778151777197948
2724618,634303,5567912,6202215,8.77800041935794
2724647,634315,5567931,6202246,8.777864310319005
2724910,634413,5568378,6202791,8.777212951184795
2725108,634413,5568675,6203088,8.777681100481862
2725125,634413,5568690,6203103,8.777704744385755
2725137,634419,5568729,6203148,8.777683203056656
2725147,634422,5568741,6203163,8.77766061076066
2725211,634443,5568846,6203289,8.777535570571352
2726634,634443,5572018,6206461,8.782535231691421
2726731,634494,5572204,6206698,8.78212244717838
2726983,634576,5572479,6207055,8.781420980308111
2727107,634635,5572834,6207469,8.781163976143768
2727126,634646,5572891,6207537,8.781101590492968
2727144,634650,5572917,6207567,8.781087213424723
2727164,634650,5572958,6207608,8.781151815961554
2727173,634652,5572980,6207632,8.781158808291789
2727261,634698,5573096,6207794,8.780705154262343
2727264,634698,5573105,6207803,8.780719334234549
2727326,634726,5573226,6207952,8.780522619208918
2727375,634735,5573276,6208011,8.78047689193128
2727385,634735,5573292,6208027,8.780502099301284
2727652,634783,5574031,6208814,8.781002326779388
2727678,634802,5574077,6208879,8.780811969716542
2727705,634811,5574116,6208927,8.78074891581904
2727768,634820,5574246,6209066,8.780829211430012
2727794,634830,5574291,6209121,8.780761778743916
2728145,634940,5574720,6209660,8.779916212555516
2728149,634940,5574725,6209665,8.779924087315337
2728276,634971,5575098,6210069,8.780082869926343
2728293,634971,5575121,6210092,8.780119092053022
2728333,634990,5575189,6210179,8.779963463991558
2728402,635043,5575340,6210383,8.779468476937781
2729227,635110,5579237,6214347,8.784678244713515
2729255,635123,5579285,6214408,8.784574011648138
2729280,635128,5579313,6214441,8.784548941315766
2729456,635128,5579816,6214944,8.785340907659558
2729491,635128,5579898,6215026,8.78547001549294
2729531,635128,5579965,6215093,8.785575506039727
2729638,635203,5580067,6215270,8.784698749848474
2729662,635203,5580097,6215300,8.784745978844558
2729872,635231,5580198,6215429,8.784517758106894
2729879,635235,5580203,6215438,8.784470314135714
2729957,635244,5580327,6215571,8.78454105823904
2729987,635260,5580395,6215655,8.78442684884929
2729998,635262,5580416,6215678,8.784432250000787
2730119,635286,5580647,6215933,8.784464005188214
2730157,635293,5580699,6215992,8.784449065234467
2730275,635304,5580953,6216257,8.784696775087202
2730372,635356,5581136,6216492,8.784265828921109
2730645,635361,5581929,6217290,8.785444810115823
2730660,635361,5581936,6217297,8.78545582747446
2730729,635367,5582126,6217493,8.785671903010385
2730751,635378,5582166,6217544,8.785582755462103
2730761,635378,5582183,6217561,8.785609511188616
2730762,635378,5582185,6217563,8.785612658921146
2730860,635378,5582475,6217853,8.786069080138123
2730869,635380,5582498,6217878,8.786077622839874
2730898,635380,5582528,6217908,8.786124838679216
2730946,635380,5582601,6217981,8.786239730554943
2730956,635380,5582617,6217997,8.786264912335925
2731234,635380,5582636,6218016,8.78629481570084
2731275,635380,5582700,6218080,8.786395542824767
2731356,635434,5582870,6218304,8.785916397296965
2731370,635434,5582896,6218330,8.785957314213592
2731389,635435,5582936,6218371,8.786006436535601
2731427,635465,5582998,6218463,8.785689219705255
2731544,635477,5583230,6218707,8.785888395646106
2731555,635482,5583254,6218736,8.785857034502945
2731583,635501,5583294,6218795,8.785657300303225
2731643,635517,5583483,6219000,8.78573350516194
2732854,635517,5586271,6221788,8.790120484581845
2733307,635728,5587122,6222850,8.788541640450005
2733342,635740,5587219,6222959,8.788528329191179
2733508,635740,5587633,6223373,8.789179538805172
2733538,635766,5587683,6223449,8.788898745764952
2733612,635769,5587704,6223473,8.788890304497388
2733868,635971,5588375,6224346,8.787153816762086
2734268,636281,5589306,6225587,8.784335851612731
2734660,636281,5590412,6226693,8.786074077333756
2734714,636304,5590550,6226854,8.78597337121879
2734843,636369,5590791,6227160,8.785454665453534
2734972,636431,5591012,6227443,8.784946050710918
2735008,636441,5591079,6227520,8.784913291255592
2735058,636441,5591149,6227590,8.78502327788436
2735064,636441,5591165,6227606,8.785048417685221
2735896,636489,5592699,6229188,8.786796001187765
2735980,636489,5593035,6229524,8.787323897192254
2736253,636489,5593833,6230322,8.78857765020291
2736321,636489,5593975,6230464,8.788800749109567
2736337,636497,5593998,6230495,8.788726419763172
2736463,636551,5594211,6230762,8.788315468831248
2736543,636570,5594338,6230908,8.788252666635248
2736577,636570,5594372,6230942,8.78830607788617
2736887,636570,5595291,6231861,8.789749752580235
2737022,636570,5595955,6232525,8.790792842892376
2737039,636582,5595986,6232568,8.790675828094416
2737155,636582,5596170,6232752,8.790964871768287
2737248,636602,5596372,6232974,8.791005997467806
2737336,636602,5596492,6233094,8.791194498289356
2737352,636610,5596502,6233112,8.791099731389705
2737360,636610,5596521,6233131,8.791129576978056
2737395,636613,5596605,6233218,8.791220097610323
2737434,636651,5596703,6233354,8.790849303621608
2737504,636667,5596827,6233494,8.790823146165891
2737537,636685,5596877,6233562,8.79065314873132
2737575,636701,5596956,6233657,8.790556320784795
2737610,636703,5597053,6233756,8.790681055374327
2737683,636706,5597115,6233821,8.79073701205894
2737843,636706,5597481,6234187,8.791311845655608
2737874,636715,5597522,6234237,8.791251973017756
2737885,636715,5597534,6234249,8.791270819754521
2738310,636824,5598273,6235097,8.790926535432082
2738340,636844,5598301,6235145,8.790694424380225
2738374,636844,5598349,6235193,8.790769796056805
2738394,636855,5598374,6235229,8.790657213965503
2738438,636877,5598441,6235318,8.790458754202145
2738439,636877,5598447,6235324,8.790468175173542
2738512,636877,5598586,6235463,8.790686427677558
2738604,636877,5598586,6235463,8.790686427677558
2738622,636884,5598615,6235499,8.790635343327827
2738655,636905,5598656,6235561,8.790409872743973
2738716,636917,5598797,6235714,8.790465633669694
2738717,636917,5598799,6235716,8.790468773796272
2738749,636924,5598835,6235759,8.790428685369054
2738845,637048,5599109,6236157,8.789147756526981
2738848,637048,5599118,6236166,8.78916188419083
2738911,637089,5599248,6236337,8.788800308905035
2738958,637119,5599306,6236425,8.788477505772077
2739041,637119,5599488,6236607,8.788763166692565
2739283,637119,5600072,6237191,8.78967979294292
2739335,637143,5600160,6237303,8.789486818500713
2739366,637150,5600232,6237382,8.789503256689947
2739416,637165,5600311,6237476,8.789420322836314
2739422,637165,5600327,6237492,8.789445434071238
2739747,637165,5601048,6238213,8.790577009094976
2739800,637165,5601130,6238295,8.790705704173957
2739806,637167,5601139,6238306,8.790692236101368
2739830,637167,5601155,6238322,8.79071734725747
2739860,637176,5601198,6238374,8.79066066518513
2740058,637246,5601424,6238670,8.79004968254018
2740118,637279,5601496,6238775,8.789707490753658
2740153,637288,5601567,6238855,8.789694769083994
2740286,637325,5601656,6238981,8.789324128192053
2740317,637336,5601671,6239007,8.789195965707256
2740372,637353,5601822,6239175,8.789198450466225
2740433,637353,5601864,6239217,8.789264348014365
2740451,637353,5601918,6239271,8.789349073433403
2740483,637368,5601953,6239321,8.78919713572065
2740517,637374,5601997,6239371,8.789183430764355
2740589,637423,5602133,6239556,8.788721147495462
2740656,637470,5602272,6239742,8.788291213704174
2740764,637470,5602829,6240299,8.7891649803128
2740797,637488,5602897,6240385,8.789023479657656
2740829,637510,5602976,6240486,8.78884409656319
2740858,637524,5603041,6240565,8.788753050865536
2740863,637525,5603047,6240572,8.78874867652249
2740910,637547,5603082,6240629,8.7885002988015
2741042,637590,5603434,6241024,8.788459668438966
2741074,637601,5603501,6241102,8.78841312984139
2741159,637601,5603698,6241299,8.788722100498587
2741184,637611,5603736,6241347,8.788643859657377
2741214,637612,5603790,6241402,8.788714766974273
2741227,637612,5603804,6241416,8.788736723901057
2741249,637612,5603827,6241439,8.788772795995056
2741297,637625,5603906,6241531,8.7887175063713
2741352,637645,5604016,6241661,8.78861435438214
2741436,637676,5604109,6241785,8.788332946512021
2741492,637705,5604236,6241941,8.788132443684775
2741521,637705,5604263,6241968,8.788174783010954
2742037,637964,5605015,6242979,8.785785718316394
2742291,637964,5605759,6243723,8.786951928321974
2742314,637971,5605785,6243756,8.786896269579652
2742454,638002,5605988,6243990,8.786787502233535
2742536,638030,5606074,6244104,8.78653668322806
2742555,638046,5606111,6244157,8.786374336646574
2742701,638116,5606334,6244450,8.785759955870093
2742887,638200,5606619,6244819,8.785050141021623
2742965,638200,5606758,6244958,8.7852679410843
2742986,638209,5606778,6244987,8.785175389253364
2743017,638222,5606825,6245047,8.78507008533081
2743118,638253,5607091,6245344,8.78506015639566
2743155,638253,5607127,6245380,8.78511656036086
2743268,638308,5607287,6245595,8.784610250850687
2743361,638343,5607571,6245914,8.784573497320405
2743398,638358,5607638,6245996,8.784472036067536
2743541,638397,5607880,6246277,8.78431446263062
2743572,638427,5607965,6246392,8.784034823088623
2743852,638427,5608428,6246855,8.784760043043292
2743855,638428,5608431,6246859,8.784750982099782
2743886,638428,5608485,6246913,8.784835564856177
2743902,638428,5608511,6246939,8.784876289887036
2743914,638433,5608547,6246980,8.784863877650436
2745063,638436,5611195,6249631,8.788970233508136
2745134,638448,5611309,6249757,8.788983597724481
2745477,638448,5612437,6250885,8.790750382176778
2745512,638470,5612492,6250962,8.79053361943396
2745516,638470,5613431,6251901,8.792004322834275
2745761,638540,5614125,6252665,8.792127353024085
2745800,638561,5614217,6252778,8.791982285169311
2745862,638565,5614360,6252925,8.792151151409803
2746002,638565,5614623,6253188,8.79256301237932
2746033,638573,5614678,6253251,8.792538989277656
2746155,638573,5614865,6253438,8.79283182972033
2746211,638606,5614988,6253594,8.792570066676479
2747418,638606,5619090,6257696,8.798993432570317
2747471,638609,5619173,6257782,8.799082067430932
2747477,638612,5619179,6257791,8.799050127463937
2747499,638623,5619216,6257839,8.798956504854978
2747518,638623,5619251,6257874,8.799011310272258
2747529,638623,5619261,6257884,8.79902696896291
2747536,638625,5619267,6257892,8.799008807985906
2747606,638670,5619473,6258143,8.798711384596114
2747636,638673,5619505,6258178,8.798720158829322
2747928,638758,5620193,6258951,8.79862639685139
2748047,638817,5620528,6259345,8.798338178226315
2748177,638853,5620785,6259638,8.798244666613446
2748233,638866,5620888,6259754,8.798226858214399
2748241,638866,5620888,6259754,8.798226858214399
2748251,638866,5620892,6259758,8.798233119308275
2748343,638866,5620947,6259813,8.798319209349065
2748384,638882,5621009,6259891,8.798195910981997
2748435,638894,5621064,6259958,8.798116745500819
2748471,638901,5621121,6260022,8.798109566270831
2748846,638901,5621121,6260022,8.798109566270831
2748868,638903,5621128,6260031,8.798092981250676
2749350,638920,5621668,6260588,8.798704063106491
2749428,638933,5621706,6260639,8.798584515121304
2749456,638940,5621736,6260676,8.798535073715842
2749491,638943,5621820,6260763,8.798625229480564
2749572,638980,5621956,6260936,8.798328586184232
2749630,638986,5622046,6261032,8.798386819116537
2749695,638986,5622150,6261136,8.798549576986037
2749710,638987,5622197,6261184,8.798609361379809
2750059,639072,5622569,6261641,8.798021193230184
2750158,639080,5622740,6261820,8.798178631783188
2750219,639080,5622883,6261963,8.798402390936971
2750264,639095,5622980,6262075,8.798347663492908
2750269,639097,5622988,6262085,8.79833264746979
2750276,639099,5622989,6262088,8.798306678620996
2750974,639104,5624880,6263984,8.801196675345484
2751034,639114,5625014,6264128,8.801268631261403
2751100,639151,5625161,6264312,8.800989124635649
2751244,639156,5625435,6264591,8.801348966449506
2751446,639156,5625529,6264685,8.80149603539668
2751567,639204,5625762,6264966,8.801199617023673
2751689,639204,5626038,6265242,8.801631404058798
2753259,639272,5635601,6274873,8.81565436934513
2753286,639275,5635626,6274901,8.815652105901217
2753344,639309,5635774,6275083,8.815414768132468
2753359,639315,5635794,6275109,8.815363318551887
2753372,639316,5635823,6275139,8.81539489078953
2754123,639683,5636817,6276500,8.811891202361169
2754131,639683,5636846,6276529,8.81193653731614
2754210,639735,5637059,6276794,8.811553221255677
2754320,639735,5637262,6276997,8.811870540145529
2754337,639740,5637296,6277036,8.811854816019007
2754522,639744,5637731,6277475,8.812479679371748
2754568,639772,5637851,6277623,8.81228156280675
2754720,639777,5638313,6278090,8.812934819476162
2754936,639890,5638632,6278522,8.811877041366484
2755078,639942,5638859,6278801,8.811515731113133
2755111,639955,5638911,6278866,8.811417990327445
2755153,639978,5638977,6278955,8.811204447652887
2755543,640108,5639297,6279405,8.80991488936242
2755854,640179,5639929,6280108,8.809925036591329
2755869,640183,5639952,6280135,8.809905917526708
2755889,640188,5639994,6280182,8.809902716077152
2756059,640244,5640292,6280536,8.809597590918463
2756089,640257,5640327,6280584,8.809473383344502
2756093,640257,5640335,6280592,8.809485878326985
2756668,640400,5641141,6281541,8.80877732667083
2756934,640400,5641859,6282259,8.809898500936914
2757776,640625,5643070,6283695,8.808694634146342
2757791,640637,5643090,6283727,8.80856085427473
2758006,640670,5643352,6284022,8.808516084723804
2758300,640741,5644164,6284905,8.808807302794733
2758330,640761,5644213,6284974,8.808608826067754
2758353,640771,5644236,6285007,8.808507251420554
2758358,640773,5644248,6285021,8.808498485423074
2758371,640779,5644263,6285042,8.808439415149373
2758539,640779,5644526,6285305,8.808849853069468
2758592,640779,5644612,6285391,8.808984064708737
2758712,640792,5644709,6285501,8.808956728548422
2759009,640801,5645417,6286218,8.809937874628785
2759073,640819,5645484,6286303,8.80979496550508
2759115,640822,5645520,6286342,8.809809900409162
2759206,640822,5645568,6286390,8.8098848042046
2759236,640835,5645622,6286457,8.80979035165058
2759305,640852,5645665,6286517,8.809623750881638
2759309,640852,5645670,6286522,8.809631552995075
2759560,640852,5646229,6287081,8.810503829277275
2759563,640855,5646244,6287099,8.810485991370903
2759710,640905,5646360,6287265,8.809979638167903
2759926,640989,5646657,6287646,8.809288458928313
2759931,640990,5646678,6287668,8.809307477495748
2759996,641000,5646728,6287728,8.809248049921997
2760029,641008,5646854,6287862,8.809334672890198
2760054,641022,5646888,6287910,8.809195316229395
2760082,641022,5646953,6287975,8.80929671680535
2760130,641022,5647061,6288083,8.809465197762323
2760135,641022,5647061,6288083,8.809465197762323
2760373,641022,5647874,6288896,8.810733484966194
2760393,641026,5647881,6288907,8.810689426013921
2760402,641030,5647908,6288938,8.81067656739934
2760489,641056,5648073,6289129,8.8105766110917
2760735,641099,5648412,6289511,8.810514444726945
2760754,641112,5648450,6289562,8.810395063577035
2760820,641112,5648635,6289747,8.81068362470208
2760949,641112,5648862,6289974,8.81103769700146
2761015,641118,5649030,6290148,8.811217279814324
2761137,641203,5649242,6290445,8.8103798640992
2761195,641222,5649377,6290599,8.810329339916597
2761227,641222,5649456,6290678,8.81045254217728
2761530,641309,5649906,6291215,8.809959005721112
2761531,641309,5649910,6291219,8.809965242964001
2761634,641309,5650047,6291356,8.810178868532955
2761643,641311,5650056,6291367,8.810165426758624
2761704,641320,5650155,6291475,8.810196157924281
2761733,641331,5650202,6291533,8.810118332031353
2761753,641338,5650215,6291553,8.81004244251861
2761903,641402,5650632,6292034,8.809813502296532
2761912,641406,5650652,6292058,8.809789743158
2761922,641406,5650668,6292074,8.809814688356516
2762095,641505,5650997,6292502,8.80896797374923
2762371,641609,5651512,6293121,8.808342775740366
2762391,641609,5651555,6293164,8.808409794750386
2762420,641627,5651618,6293245,8.808260874308594
2762427,641627,5651633,6293260,8.80828425237716
2762485,641655,5651759,6293414,8.80809625110067
2762562,641670,5651833,6293503,8.808005672697805
2762822,641724,5652266,6293990,8.807939238675816
2762887,641755,5652448,6294203,8.807797368154514
2763042,641879,5652771,6294650,8.806599063063288
2763083,641893,5652835,6294728,8.80650669192529
2763249,641950,5653012,6294962,8.806000467326117
2763373,642022,5653212,6295234,8.805324428134861
2765169,642022,5656817,6298839,8.810939500515559
2765208,642045,5656926,6298971,8.810793635960096
2765267,642059,5657081,6299140,8.810842928765114
2765286,642075,5657110,6299185,8.810668535607212
2765298,642080,5657143,6299223,8.8106513207077
2765355,642102,5657194,6299296,8.81042887267132
2765447,642102,5657384,6299486,8.810724775814434
2765492,642106,5657484,6299590,8.810825626921412
2765561,642147,5657564,6299711,8.810387652671428
2765600,642173,5657654,6299827,8.8101710909677
2765648,642185,5657729,6299914,8.810123251088083
2765659,642185,5657741,6299926,8.810141937292213
2765695,642238,5657847,6300085,8.809579937655512
2765763,642293,5657980,6300273,8.809032637752551
2765823,642318,5658077,6300395,8.80884079225555
2765927,642358,5658187,6300545,8.808463504774597
2765948,642360,5658187,6300547,8.808436079457003
2766215,642360,5658818,6301178,8.809418394669656
2766227,642360,5658839,6301199,8.809451086618095
2766246,642365,5658895,6301260,8.809469694021312
2766262,642380,5658949,6301329,8.809348049441141
2766363,642414,5659116,6301530,8.809141768392346
2766390,642437,5659149,6301586,8.808877757663398
2766767,642437,5659807,6302244,8.809901982606855
2767355,642495,5660613,6303108,8.810361170125837
2767372,642510,5660642,6303152,8.810200619445611
2767420,642524,5660739,6303263,8.810159620496666
2767463,642527,5660809,6303336,8.810227430131341
2767513,642527,5660930,6303457,8.810415749065799
2767552,642542,5660969,6303511,8.81027076829219
2767591,642542,5661018,6303560,8.810347027898565
2767617,642542,5661044,6303586,8.8103874921795
2767858,642587,5661291,6303878,8.810154889532468
2767861,642589,5661304,6303893,8.810147699384832
2767889,642594,5661333,6303927,8.810124277537605
2768077,642594,5661612,6304206,8.81055845526102
2768080,642594,5661625,6304219,8.810578685764261
2768117,642609,5661663,6304272,8.81043216014715
2768142,642620,5661748,6304368,8.81041361924621
2768191,642620,5661857,6304477,8.810583237372008
2768253,642640,5661933,6304573,8.810427299887962
2768765,642850,5662642,6305492,8.808652096134402
2768942,642896,5662862,6305758,8.80836402777432
2768986,642919,5662933,6305852,8.808159348222716
2769097,642947,5663018,6305965,8.807907961309407
2769128,642955,5663070,6306025,8.807879245048253
2769196,642955,5663190,6306145,8.80806588330443
2769257,642975,5663290,6306265,8.807947431859715
2769310,642988,5663376,6306364,8.807903102390714
2769423,642988,5663709,6306697,8.808420996970394
2769550,643045,5663923,6306968,8.807973003444548
2769635,643045,5663923,6306968,8.807973003444548
2769672,643055,5663971,6307026,8.807910676380715
2769686,643055,5663992,6307047,8.8079433329964
2769887,643154,5664265,6307419,8.807012006455686
2770041,643191,5664694,6307885,8.807172364041163
2770079,643203,5664762,6307965,8.807113772790238
2770106,643218,5664832,6308050,8.807017216557995
2770280,643218,5665247,6308465,8.807662409944996
2770684,643218,5665864,6309082,8.808621649269766
2771009,643254,5665962,6309216,8.808281021182923
2771029,643254,5665991,6309245,8.808326104462623
2771037,643254,5666008,6309262,8.808352532592101
2771523,643339,5666303,6309642,8.807647290153403
2771616,643387,5666425,6309812,8.80717981556979
2771626,643387,5666435,6309822,8.807195358314669
2774529,643637,5672529,6316166,8.813242557528545
2776466,643637,5676626,6320263,8.819607946715307
2777164,643637,5678522,6322159,8.822553706514697
2777211,643649,5678860,6322509,8.822914352387714
2777248,643672,5678906,6322578,8.822670552703862
2777260,643690,5678939,6322629,8.822475104475757
2777371,643722,5679222,6322944,8.822476162069961
2777836,643722,5680746,6324468,8.824843643684696
2777875,643731,5680818,6324549,8.8248321115497
2777907,643745,5680880,6324625,8.824736502807788
2777914,643745,5680885,6324630,8.824744269858407
2778112,643745,5681024,6324769,8.824960193865584
2778139,643745,5681086,6324831,8.825056505293245
2778230,643745,5681182,6324927,8.825205632665108
2778258,643749,5681229,6324978,8.825223806172902
2778274,643754,5681244,6324998,8.825178561997285
2778351,643766,5681344,6325110,8.825169393848075
2778452,643822,5681532,6325354,8.824693781821683
2778590,643890,5681804,6325694,8.824184255074625
2778667,643890,5681823,6325713,8.824213763220426
2779994,644211,5682918,6327129,8.821516552806456
2780011,644216,5682936,6327152,8.821476026674283
2780063,644252,5682994,6327246,8.82107312045597
2780088,644255,5683051,6327306,8.821120519049135
2780104,644267,5683063,6327330,8.8209748442804
2780120,644267,5683089,6327356,8.821015200219785
2780178,644281,5683138,6327419,8.820899576427056
2780215,644305,5683185,6327490,8.820643949682216
2780236,644316,5683231,6327547,8.820564753940612
2780261,644316,5683288,6327604,8.820653219848646
2780382,644316,5683528,6327844,8.821025707882468
2780396,644316,5683575,6327891,8.821098653455758
2780464,644364,5683760,6328124,8.82072865647367
2780805,644364,5684102,6328466,8.82125941238182
2780836,644364,5684151,6328515,8.821335456356966
2781338,644666,5684872,6329538,8.818321425358247
2781624,644666,5685382,6330048,8.819112532691348
2781716,644666,5685565,6330231,8.819396400616753
2781727,644667,5685577,6330244,8.819401334332298
2781798,644697,5685688,6330385,8.819163110732639
2782058,644750,5686367,6331117,8.819491275688252
2782090,644750,5686465,6331215,8.819643272586275
2782199,644829,5686762,6331591,8.819023337970222
2782367,644829,5687078,6331907,8.81951339037171
2782487,644870,5687235,6332105,8.819196117046847
2782750,644870,5687685,6332555,8.819893932110348
2782813,644895,5687799,6332694,8.819728793059335
2783399,645246,5688954,6334200,8.816721064524227
2783417,645265,5688985,6334250,8.816509496098503
2783487,645308,5689123,6334431,8.816135860705275
2784508,645308,5690332,6335640,8.818009384665928
2784561,645344,5690430,6335774,8.817669336044032
2784677,645344,5690648,6335992,8.818007140377844
2784707,645351,5690702,6336053,8.817995168520696
2784892,645351,5690980,6336331,8.818425941851798
2784897,645353,5690987,6336340,8.818409459629072
2784941,645387,5691109,6336496,8.818133925846043
2784948,645388,5691112,6336500,8.818124910906308
2784984,645400,5691177,6336577,8.818061667183143
2785085,645401,5691526,6336927,8.818588753348694
2785135,645414,5691570,6336984,8.818479301657542
2785270,645464,5691707,6337171,8.818008440439746
2785301,645464,5691756,6337220,8.818084354820718
2786102,645464,5692673,6338137,8.81950503823606
2786164,645491,5692741,6338232,8.819241476643361
2786201,645516,5692881,6338397,8.81911679958359
2786231,645522,5692927,6338449,8.819106087786318
2786425,645601,5693304,6338905,8.818610875757628
2786570,645601,5693585,6339186,8.819046129110705
2787068,645830,5694242,6340072,8.816936345477911
2787085,645833,5694258,6340091,8.816920163571698
2787728,646179,5695285,6341464,8.813788439426228
2787986,646179,5695852,6342031,8.814665905267736
2788034,646192,5695937,6342129,8.814620112907619
2788067,646215,5696006,6342221,8.814413159706909
2788135,646215,5696118,6342333,8.814586476637032
2788150,646219,5696130,6342349,8.814550485207027
2788275,646287,5696359,6342646,8.813977381565776
2788295,646287,5696383,6342670,8.814014516770413
2788345,646307,5696455,6342762,8.813853168850098
2788391,646342,5696536,6342878,8.813501211432957
2788401,646346,5696546,6342892,8.813462139473286
2788441,646373,5696623,6342996,8.813213113790335
2788468,646384,5696662,6343046,8.813123468402683
2788477,646384,5696682,6343066,8.813154409762618
2788580,646409,5696771,6343180,8.81295124294371
2789148,646409,5698162,6344571,8.815103131299225
2789156,646413,5698172,6344585,8.815064053476647
2789210,646432,5698325,6344757,8.81504164397802
2789247,646436,5698390,6344826,8.815087649821482
2789369,646467,5698707,6345174,8.815155297950243
2789490,646467,5698947,6345414,8.815526546598667
2789696,646473,5699751,6346224,8.816688399979581
2789715,646478,5699796,6346274,8.816689817750952
2789807,646505,5700122,6346627,8.816825855948522
2790003,646505,5700450,6346955,8.8173331992792
2790264,646578,5701222,6347800,8.817531682179103
2790369,646583,5701611,6348194,8.818065120796557
2791833,646583,5703697,6350280,8.82129131140163
2791845,646590,5703711,6350301,8.821217463926136
2791871,646598,5703773,6350371,8.821204210343986
2792143,646727,5704272,6350999,8.82021625817385
2792175,646740,5704325,6351065,8.820120914123141
2792232,646777,5704423,6351200,8.819767864348918
2792252,646777,5704444,6351221,8.819800333035962
2792793,646777,5704917,6351694,8.82053165155842
2793042,646777,5705253,6352030,8.821051150551117
2793137,646809,5705426,6352235,8.820882207885171
2793148,646809,5705436,6352245,8.820897668399791
2793150,646809,5705438,6352247,8.820900760502713
2793326,646820,5705995,6352815,8.821611885841502
2793342,646827,5706020,6352847,8.821555068047562
2793375,646833,5706075,6352908,8.821558269290527
2793457,646886,5706230,6353116,8.82107511988202
2794048,647035,5707009,6354044,8.820247745485174
2794077,647041,5707054,6354095,8.82023550285067
2794153,647078,5707159,6354237,8.819893428612934
2794161,647078,5707177,6354255,8.819921245970347
2794352,647165,5707530,6354695,8.819281017978414
2794474,647181,5707871,6355052,8.819589882892112
2794527,647201,5707948,6355149,8.819436311130545
2794543,647215,5707979,6355194,8.81929343417566
2794570,647237,5708014,6355251,8.819047736764121
2794642,647245,5708125,6355370,8.819110228738731
2794649,647248,5708132,6355380,8.819080167107508
2794672,647249,5708157,6355406,8.819105166636025
2794703,647270,5708196,6355466,8.81887929303073
2794978,647357,5709326,6356683,8.819439660033026
2794981,647357,5709333,6356690,8.819450473231926
2795016,647365,5709355,6356720,8.819375468244344
2795042,647365,5709439,6356804,8.819505225027612
2795066,647365,5709479,6356844,8.819567013972025
2795124,647380,5709591,6356971,8.81953566684173
2795352,647404,5710164,6357568,8.820093789967316
2795419,647448,5710425,6357873,8.819897505282277
2795618,647545,5710890,6358435,8.819294411971368
2795961,647545,5711472,6359017,8.820193191206789
2795985,647551,5711494,6359045,8.820145440281923
2796114,647617,5711752,6359369,8.819644944465633
2796222,647617,5712309,6359926,8.820505020714403
2796297,647617,5712476,6360093,8.820762889176782
2796390,647617,5712662,6360279,8.821050095967216
2796647,647815,5713120,6360935,8.81906099735264
2796670,647815,5713164,6360979,8.819128917978126
2796706,647831,5713210,6361041,8.818982111075265
2796747,647839,5713267,6361106,8.818961192518511
2796820,647839,5713376,6361215,8.819129444198326
2796824,647839,5713385,6361224,8.819143336538863
2796863,647851,5713445,6361296,8.819072595396163
2798043,647851,5715632,6363483,8.822448371616312
2798183,647851,5715895,6363746,8.82285432915902
2798212,647858,5715914,6363772,8.822788327071674
2798244,647870,5715958,6363828,8.82269282417769
2799186,647870,5717884,6365754,8.82566564279871
2799546,647933,5718544,6366477,8.825826127084127
2799575,647941,5718574,6366515,8.825763456857954
2799614,647958,5718633,6366591,8.825622957043512
2799774,647974,5718973,6366947,8.82592974409467
2799818,647974,5719095,6367069,8.82611802325402
2799827,647974,5719103,6367077,8.826130369428403
2799893,648031,5719299,6367330,8.825656488655635
2799962,648051,5719421,6367472,8.825572370075811
2799992,648061,5719442,6367503,8.82546859014815
2799998,648064,5719453,6367517,8.825444709164527
2800015,648070,5719499,6367569,8.825433980897126
2800195,648159,5719764,6367923,8.824630993321083
2800206,648159,5719776,6367935,8.82464950729682
2800243,648159,5719877,6368036,8.824805333259278
2800305,648183,5719962,6368145,8.824609716700376
2801009,648183,5720825,6369008,8.825941130822622
2801041,648210,5720858,6369068,8.825624411841842
2801063,648210,5720911,6369121,8.825706175467827
2801116,648210,5720989,6369199,8.825826506841919
2801120,648210,5720998,6369208,8.825840391231237
2801126,648210,5721012,6369222,8.825861989170177
2801212,648251,5721158,6369409,8.825529000340918
2801214,648251,5721163,6369414,8.825536713402679
2802678,648251,5723249,6371500,8.828754602769607
2802744,648260,5723354,6371614,8.828794002406442
2802854,648283,5723474,6371757,8.828665875859771
2802855,648283,5723476,6371759,8.828668960932186
2802875,648285,5723483,6371768,8.828652521653286
2802885,648285,5723509,6371794,8.828692627470943
2802923,648310,5723583,6371893,8.828466320124631
2803113,648400,5723918,6372318,8.82775755706354
2803211,648434,5724135,6372569,8.827629334673999
2803254,648464,5724250,6372714,8.827398282711146
2803426,648504,5724727,6373231,8.827589344090399
2803450,648504,5724752,6373256,8.827627894353775
2803604,648582,5725099,6373681,8.827101276322809
2803672,648582,5725211,6373793,8.827273960732798
2803702,648585,5725317,6373902,8.827396563287772
2803761,648610,5725409,6374019,8.827198162223832
2804169,648610,5726516,6375126,8.828904888916298
2804195,648622,5726547,6375169,8.82878934109543
2804205,648629,5726560,6375189,8.828714103131373
2804242,648634,5726614,6375248,8.828729298803331
2804271,648642,5726661,6375303,8.828692869101909
2804298,648651,5726693,6375344,8.828619704586904
2804438,648651,5726954,6375605,8.8290220781283
2805008,648655,5727968,6376623,8.830530867718586
2805025,648665,5728011,6376676,8.830461023795024
2805075,648680,5728075,6376755,8.830355491151261
2805491,648680,5728817,6377497,8.831499352531294
2805551,648688,5728923,6377611,8.831553844066793
2805586,648699,5728981,6377680,8.831493496983963
2805615,648714,5729021,6377735,8.831350949725149
2805619,648716,5729030,6377746,8.831337596112936
2806121,648876,5729670,6378546,8.830146283727553
2806202,648876,5729861,6378737,8.830440638889403
2806209,648880,5729873,6378753,8.83040469732462
2806263,648892,5729952,6378844,8.830363142094525
2806566,648992,5730511,6379503,8.829863850401853
2806601,649002,5730541,6379543,8.829774022268037
2806707,649002,5730760,6379762,8.830111463446954
2806708,649002,5730762,6379764,8.830114545101557
2806910,649024,5731046,6380070,8.83025281037373
2807167,649110,5731470,6380580,8.829736100198733
2807194,649128,5731522,6380650,8.829571363429093
2807216,649128,5731559,6380687,8.829628362973097
2807252,649128,5731592,6380720,8.829679200404234
2807351,649128,5731771,6380899,8.829954954954955
2807610,649250,5732267,6381517,8.829059684251058
2807701,649273,5732483,6381756,8.829079601338728
2807867,649324,5732802,6382126,8.828877417129199
2807870,649324,5732811,6382135,8.828891277698037
2807970,649324,5732930,6382254,8.829074545219337
2808236,649324,5733389,6382713,8.82978143423006
2808248,649325,5733416,6382741,8.82980941747199
2808308,649328,5733462,6382790,8.829839464800532
2808329,649328,5733494,6382822,8.829888746519478
2808391,649347,5733577,6382924,8.829758203241102
2808574,649347,5733806,6383153,8.830110865223062
2808584,649347,5733822,6383169,8.83013550536154
2809412,649371,5735402,6384773,8.832242277527023
2809492,649413,5735524,6384937,8.831858924906031
2809672,649460,5735624,6385084,8.831373756659378
2809772,649465,5735637,6385102,8.83132578352952
2809788,649465,5735668,6385133,8.831373515123987
2809814,649479,5735714,6385193,8.831253974339432
2809818,649481,5735719,6385200,8.831234477990888
2809897,649499,5735860,6385359,8.831206822489333
2809906,649499,5735871,6385370,8.831223758620105
2809928,649510,5735901,6385411,8.831120383057998
2810013,649510,5736058,6385568,8.831362103739743
2811326,649510,5739360,6388870,8.836445936167264
2811382,649510,5739448,6388958,8.836581422918815
2811406,649510,5739478,6388988,8.836627611584117
2811564,649511,5739776,6389287,8.837072813239498
2811627,649527,5739909,6389436,8.837059891274727
2811745,649570,5740299,6389869,8.837075295965024
2811771,649586,5740348,6389934,8.836933061981016
2811849,649629,5740422,6390051,8.836462042181
2811877,649629,5740469,6390098,8.836534391167882
2811968,649645,5740587,6390232,8.83649839527742
2812004,649666,5740651,6390317,8.836311273792996
2812032,649684,5740715,6390399,8.836164966352873
2814254,649803,5743123,6392926,8.838252516531934
2814312,649818,5743221,6393039,8.83819931119175
2814335,649826,5743251,6393077,8.838136670431776
2814367,649846,5743306,6393152,8.837949298756936
2814561,649909,5743573,6393482,8.837503404322758
2814621,649938,5743637,6393575,8.837207549027754
2814626,649940,5743640,6393580,8.837184970920392
2814676,649952,5743771,6393723,8.837223364186894
2816018,649957,5747062,6397019,8.842218792935533
2816050,649957,5747111,6397068,8.842294182538229
2816071,649969,5747168,6397137,8.842218628888455
2816138,649969,5747320,6397289,8.842452486195496
2816170,649969,5747351,6397320,8.842500180777852
2816202,649981,5747409,6397390,8.84242616322631
2816244,650010,5747478,6397488,8.842137813264412
2816390,650010,5747732,6397742,8.842528576483438
2816418,650018,5747778,6397796,8.84249051564726
2816419,650018,5747780,6397798,8.84249359248513
2816600,650068,5748067,6398135,8.842254964096064
2816613,650068,5748089,6398157,8.842288806709451
2816655,650077,5748154,6398231,8.84226637767526
2816719,650077,5748328,6398405,8.842534038275465
2817590,650077,5748563,6398640,8.842895533913675
2817629,650089,5748591,6398680,8.84277537383343
2817688,650100,5748675,6398775,8.842754960775265
2817696,650104,5748688,6398792,8.842720549327492
2817743,650104,5748782,6398886,8.842865141577347
2817752,650106,5748796,6398902,8.84285947214762
2817783,650116,5748830,6398946,8.84277575078909
2817792,650116,5748850,6398966,8.842806514529714
2817809,650122,5748862,6398984,8.84274336201513
2818010,650122,5749207,6399329,8.843274031643292
2818036,650122,5749230,6399352,8.843309409618502
2818180,650122,5749425,6399547,8.843609353321376
2818409,650162,5749641,6399803,8.843397491702069
2818847,650212,5750183,6400395,8.843551026434454
2818937,650258,5750434,6400692,8.843311424080904
2818967,650258,5750501,6400759,8.843414460106604
2818990,650263,5750528,6400791,8.843387983016102
2819291,650263,5751127,6401390,8.844309148759809
2819342,650281,5751230,6401511,8.844222728328216
2819380,650305,5751315,6401620,8.84402703346891
2819507,650305,5751692,6401997,8.844606761442707
2819597,650312,5751784,6402096,8.84465302808498
2819628,650331,5751835,6402166,8.844473045264643
2819728,650395,5751970,6402365,8.84381029989468
2819768,650395,5752061,6402456,8.843950214869425
2820294,650534,5752445,6402979,8.842650806875582
2820320,650542,5752463,6403005,8.842569734160131
2820331,650549,5752479,6403028,8.842499181460582
2820365,650569,5752591,6403160,8.84239949951504
2820378,650583,5752620,6403203,8.84225379390485
2820411,650602,5752694,6403296,8.842109307994749
2820425,650607,5752719,6403326,8.842079780881546
2820431,650611,5752722,6403333,8.842030030233119
2820491,650630,5752791,6403421,8.841877872216159
2820754,650630,5753383,6404013,8.842787759556122
2820854,650659,5753524,6404183,8.842610338134108
2820896,650675,5753657,6404332,8.842597302800938
2821057,650675,5754006,6404681,8.843133668882315
2821104,650705,5754099,6404804,8.842868888359549
2821823,650705,5755479,6406184,8.844989665055593
2821948,650805,5755721,6406526,8.84400242776254
2821972,650823,5755750,6406573,8.843802385594854
2822030,650869,5755872,6406741,8.843364793837162
2822043,650872,5755910,6406782,8.843382416204722
2822052,650874,5755924,6406798,8.843376751875171
2822083,650893,5755960,6406853,8.84317391645017
2822529,651041,5756608,6407649,8.842158942370757
2822549,651041,5756653,6407694,8.842228062441537
2822597,651076,5756755,6407831,8.841909393066247
2822618,651076,5756808,6407884,8.841990796773342
2822665,651087,5756838,6407925,8.841887489690318
2823298,651314,5757482,6408796,8.839794630546864
2823382,651314,5757606,6408920,8.839985014908324
2823453,651314,5757802,6409116,8.84028594502805
2824080,651597,5758493,6410090,8.83750692529278
2824178,651608,5758734,6410342,8.837727590821476
2824187,651608,5758750,6410358,8.837752145461689
2824407,651608,5759274,6410882,8.838556309928668
2824457,651640,5759336,6410976,8.838217420661715
2827281,651645,5763570,6415215,8.844647008724076
2827662,651846,5764150,6415996,8.842809497948902
2827778,651846,5764416,6416262,8.843217569794092
2827877,651859,5764495,6416354,8.843162401685026
2827935,651879,5764614,6416493,8.843073637899058
2827944,651879,5764633,6416512,8.843102784412444
2827963,651889,5764674,6416563,8.843030025050277
2827964,651889,5764676,6416565,8.843033093057254
2828141,652040,5765021,6417061,8.841514324274584
2828156,652047,5765045,6417092,8.84145621404592
2828233,652054,5765194,6417248,8.841589806979176
2828265,652060,5765252,6417312,8.841597399012361
2828328,652076,5765291,6417367,8.841440261564603
2828373,652084,5765330,6417414,8.841391599855234
2828426,652113,5765426,6417539,8.841145629668478
2828456,652113,5765446,6417559,8.84117629919968
2828609,652113,5765737,6417850,8.841622540878651
2828629,652124,5765773,6417897,8.841528604989236
2828671,652147,5765835,6417982,8.84131185146907
2828751,652215,5766011,6418226,8.840659905092647
2828863,652244,5766166,6418410,8.840504473785884
2828912,652271,5766258,6418529,8.840279577046964
2828914,652271,5766268,6418539,8.840294908098015
2828927,652278,5766276,6418554,8.840212302116582
2829774,652304,5767924,6420228,8.842386371998332
2830306,652309,5769251,6421560,8.844352906367995
2830441,652339,5769404,6421743,8.844180709723013
2830513,652415,5769563,6421978,8.843394158626028
2830675,652415,5769889,6422304,8.843893840576934
2830695,652415,5769920,6422335,8.84394135634527
2830710,652421,5769957,6422378,8.84391673474643
2830737,652431,5770001,6422432,8.843848621540056
2830888,652475,5770282,6422757,8.843682899727959
2830989,652514,5770448,6422962,8.843408723797497
2831018,652514,5770498,6423012,8.84348535050589
2831668,652779,5771378,6424157,8.84124336107626
2832020,652883,5771826,6424709,8.840521195987643
2832029,652886,5771842,6424728,8.840505080519417
2832066,652893,5771919,6424812,8.840528233569666
2832519,653097,5773017,6426114,8.839448045236772
2832751,653097,5773340,6426437,8.839942611893791
2832852,653128,5773566,6426694,8.839869060888525
2832864,653128,5773585,6426713,8.839898151663993
2832980,653128,5773710,6426838,8.840089538344705
2833051,653133,5773827,6426960,8.840201000408799
2833060,653135,5773850,6426985,8.840209145123136
2833121,653149,5773944,6427093,8.84016357676426
2833258,653172,5774167,6427339,8.840193700893487
2833305,653184,5774271,6427455,8.84019051293357
2833454,653195,5775133,6428328,8.841361308644432
2833488,653203,5775175,6428378,8.841317324017188
2833896,653389,5775643,6429032,8.839516735053698
2833899,653390,5775646,6429036,8.839507797793049
2833938,653416,5775703,6429119,8.839243299827368
2833983,653433,5775761,6429194,8.83910209615982
2834100,653478,5775918,6429396,8.838733668157152
2834209,653577,5776178,6429755,8.83779263958187
2834223,653577,5776213,6429790,8.837846191037935
2834230,653577,5776221,6429798,8.83785843137075
2834252,653578,5776271,6429849,8.837921411063407
2834254,653578,5776277,6429855,8.837930591298973
2834323,653578,5776389,6429967,8.838101955696184
2834366,653609,5776488,6430097,8.837834240348588
2834400,653624,5776572,6430196,8.83775993537569
2834682,653755,5777364,6431119,8.837200480302254
2835701,653755,5778869,6432624,8.839502565945958
2835717,653755,5778895,6432650,8.839542336196281
2835722,653757,5778903,6432660,8.839527530871562
2835918,653757,5779175,6432932,8.839943587602122
2835940,653779,5779236,6433015,8.839739422648938
2835972,653805,5779280,6433085,8.839455189238382
2836075,653832,5779468,6433300,8.8393776994702
2836125,653836,5779509,6433345,8.839386329293584
2836141,653850,5779544,6433394,8.839250592643573
2836410,653938,5779932,6433870,8.838654429013149
2836549,654012,5780076,6434088,8.837874534412213
2836556,654020,5780086,6434106,8.83778171921348
2836590,654036,5780148,6434184,8.83766031227639
2836608,654037,5780183,6434220,8.83770031359082
2836634,654037,5780247,6434284,8.837798167381967
2836682,654057,5780329,6434386,8.837653293214506
2836748,654078,5780370,6434448,8.837432232852963
2836906,654118,5780782,6434900,8.837521670401976
2836949,654121,5780886,6435007,8.837640130801487
2837046,654121,5780955,6435076,8.837745615872294
2837156,654136,5781038,6435174,8.837669842356942
2837354,654228,5781241,6435469,8.836737345390292
2837376,654242,5781258,6435500,8.83657423399904
2837604,654242,5781981,6436223,8.837679329667004
2837646,654257,5782050,6436307,8.837582173366124
2837670,654273,5782082,6436355,8.837414962867182
2837721,654273,5782108,6436381,8.837454701630666
2838280,654273,5783691,6437964,8.839874180961159
2838353,654300,5783885,6438185,8.839805899434511
2838372,654305,5783904,6438209,8.839767386769168
2838385,654312,5783913,6438225,8.83968657154385
2838445,654331,5784004,6438335,8.839568964331509
2838456,654335,5784026,6438361,8.839548549290502
2838648,654335,5784486,6438821,8.840251553103533
2838748,654335,5784547,6438882,8.840344777522217
2838770,654335,5784592,6438927,8.840413549634361
2838781,654335,5784603,6438938,8.840430360595109
2838873,654335,5784982,6439317,8.84100957460628
2838888,654335,5784996,6439331,8.841030970374502
2838936,654347,5785140,6439487,8.841088902371371
2839087,654347,5785380,6439727,8.841455680243051
2839317,654426,5785694,6440120,8.840868180665193
2839344,654426,5785762,6440188,8.840972088517265
2839371,654442,5785804,6440246,8.840820118513177
2839379,654448,5785824,6440272,8.840769625699826
2839472,654481,5785901,6440382,8.840441510143151
2839506,654481,5785965,6440446,8.840539297550272
2839547,654504,5786056,6440560,8.840367667730067
2839616,654504,5786140,6440644,8.840496009191693
2839656,654504,5786204,6440708,8.840593793162455
2839682,654508,5786254,6440762,8.840616157480122
2840212,654508,5788070,6442578,8.843390760693529
2840373,654517,5788985,6443502,8.844667136224116
2840409,654531,5789041,6443572,8.844563511888666
2840451,654543,5789111,6443654,8.844508305795035
2840539,654572,5789290,6443862,8.844389921964275
2840567,654572,5789329,6443901,8.844449502881272
2840598,654572,5789378,6443950,8.844524360956472
2840600,654572,5789383,6443955,8.844531999535574
2840629,654587,5789464,6444051,8.84445306735392
2840725,654658,5789654,6444312,8.843784082681339
2840788,654658,5789734,6444392,8.843906283891743
2840822,654658,5789830,6444488,8.844052925344226
2840877,654661,5789869,6444530,8.844071970073061
2841331,654872,5790520,6445392,8.842216494215663
2841710,654967,5790798,6445765,8.841358419584498
2841733,654971,5790846,6445817,8.841377709852802
2841943,654978,5791265,6446243,8.84192293481613
2842375,654987,5791761,6446748,8.842558707272053
2842398,654989,5791768,6446757,8.842542393841729
2842585,654993,5792208,6447201,8.843160155910063
2842610,654993,5792208,6447201,8.843160155910063
2842662,655000,5792289,6447289,8.843189312977099
2842935,655160,5792724,6447884,8.841693632089871
2842982,655191,5792798,6447989,8.841388236407399
2843483,655534,5793776,6449310,8.83825400360622
2843940,655548,5794522,6450070,8.83920323149487
2843966,655564,5794547,6450111,8.839025632890152
2844057,655564,5794727,6450291,8.83930020562447
2844076,655564,5794808,6450372,8.839423763354914
2844083,655567,5794830,6450397,8.839416871196994
2844281,655567,5794993,6450560,8.839665510924132
2844922,655567,5795964,6451531,8.84114667150726
2844993,655567,5796207,6451774,8.841517343002318
2853824,655567,5822698,6478265,8.88192663755192
2853836,655575,5822705,6478280,8.881828928802959
2853878,655600,5822796,6478396,8.88162904209884
2853889,655601,5822841,6478442,8.881684134099856
2853906,655605,5822861,6478466,8.881660451033778
2853912,655609,5822870,6478479,8.88161998996353
2853942,655618,5822926,6478544,8.881583483064833
2854019,655618,5823071,6478689,8.881804648438573
2854199,655632,5823244,6478876,8.88187885887205
2854261,655652,5823331,6478983,8.881740618498839
2854320,655662,5823348,6479010,8.881631084308683
2854377,655680,5823396,6479076,8.88146046852123
2854416,655693,5823445,6479138,8.881359111657437
2854436,655700,5823464,6479164,8.881293274363276
2854490,655733,5823573,6479306,8.88101254626502
2854570,655793,5823734,6479527,8.88044550643267
2854824,655915,5824053,6479968,8.879280089645762
2854850,655926,5824089,6480015,8.87918606672094
2854958,655993,5824272,6480265,8.87855815534617
2855051,656029,5824553,6480582,8.87849927366016
2855063,656037,5824562,6480599,8.878404724123792
2855100,656044,5824617,6480661,8.878393827243295
2855104,656046,5824621,6480667,8.87837285800081
2855140,656058,5824679,6480737,8.87829886991699
2855188,656065,5824691,6480756,8.878222432228513
2855223,656072,5824708,6480780,8.878153617285907
2855257,656082,5824753,6480835,8.878086885480778
2855412,656082,5825305,6481387,8.878928243725632
2855426,656082,5825331,6481413,8.878967872918324
2855429,656084,5825343,6481427,8.878959096701033
2855569,656084,5825604,6481688,8.879356911614977
2856269,656307,5826551,6482858,8.877782805912476
2856295,656307,5826572,6482879,8.87781480313329
2856866,656307,5827470,6483777,8.879183065242334
2858343,656307,5830394,6486701,8.883638297321223
2858441,656317,5830573,6486890,8.883775675473894
2858500,656339,5830638,6486977,8.88357693204274
2858550,656339,5830822,6487161,8.883857274975279
2858568,656348,5830841,6487189,8.883764405467831
2858759,656489,5831201,6487690,8.882404731838614
2858875,656489,5831385,6487874,8.882685010716097
2858878,656489,5831394,6487883,8.882698720009017
2858892,656489,5831420,6487909,8.88273832463301
2858898,656492,5831428,6487920,8.882709918780426
2858925,656503,5831464,6487967,8.882615921023971
2858964,656516,5831542,6488058,8.882558840911722
2859416,656516,5832374,6488890,8.883826136758282
2859479,656529,5832429,6488958,8.883734001087538
2859501,656540,5832459,6488999,8.88363085265178
2859548,656554,5832559,6489113,8.88359373334105
2859617,656554,5832691,6489245,8.883794783064303
2859648,656575,5832748,6489323,8.883597456497734
2859675,656591,5832784,6489375,8.883435807070155
2859722,656611,5832860,6489471,8.883280968488192
2859760,656628,5832923,6489551,8.883146926418002
2859828,656659,5833085,6489744,8.882974268227498
2859895,656677,5833194,6489871,8.882896766599105
2859897,656677,5833196,6489873,8.882899812236458
2859930,656677,5833260,6489937,8.88299727263175
2860006,656725,5833365,6490090,8.882507899044501
2860059,656730,5833410,6490140,8.882508793568133
2860105,656745,5833504,6490249,8.882449047956209
2860120,656745,5833552,6490297,8.882522135684322
2860157,656754,5833613,6490367,8.8824932927702
2860164,656757,5833622,6490379,8.882466422131778
2860288,656768,5834025,6490793,8.882931263398948
2860329,656774,5834098,6490872,8.882961262169331
2860408,656785,5834137,6490922,8.882871868267394
2860438,656794,5834187,6490981,8.88282627429605
2860555,656845,5834439,6491284,8.882520229277835
2860685,656862,5834692,6491554,8.882675508706548
2860721,656862,5834732,6491594,8.882736404298011
2860941,656934,5834979,6491913,8.882138844998128
2861095,656976,5835153,6492129,8.881835866150361
2861164,657009,5835263,6492272,8.881557178059966
2861192,657009,5835289,6492298,8.881596751338261
2861676,657009,5836121,6493130,8.882863096243735
2861702,657025,5836175,6493200,8.882728967695293
2861737,657025,5836268,6493293,8.882870514820592
2861750,657042,5836284,6493326,8.882665035111911
2861777,657055,5836327,6493382,8.882554732861024
2861839,657083,5836396,6493479,8.882281233877608
2861885,657101,5836546,6493647,8.882266196520778
2861896,657101,5836558,6493659,8.882284458553556
2863141,657101,5838578,6495679,8.885358567404403
2865628,657150,5842323,6499473,8.890394887012098
2865640,657153,5842366,6499519,8.890419734825832
2865652,657162,5842381,6499543,8.890320803698327
2865793,657240,5842649,6499889,8.889673483050332
2866297,657393,5843728,6501121,8.889245854458444
2866302,657393,5843730,6501123,8.88924889677864
2866334,657403,5843768,6501171,8.889171482332754
2866377,657424,5843865,6501289,8.889035082382145
2866877,657546,5844716,6502262,8.888680031511104
2866895,657546,5844748,6502294,8.888728697307869
2866914,657553,5844766,6502319,8.888661446301667
2867032,657553,5844982,6502535,8.888989936932841
2867105,657626,5845155,6502781,8.88826627900965
2867108,657626,5845164,6502790,8.88827996459994
2867909,657626,5846081,6503707,8.889674374188369
2868007,657655,5846272,6503927,8.88957280032844
2868262,657718,5846457,6504175,8.889002581653536
2868302,657748,5846552,6504300,8.888741584923102
2868319,657748,5846608,6504356,8.888826723912501
2868351,657755,5846646,6504401,8.888789898974542
2868357,657757,5846650,6504407,8.888768952667931
2868432,657766,5846808,6504574,8.888887537513341
2868442,657766,5846812,6504578,8.888893618703309
2868467,657766,5846812,6504578,8.888893618703309
2868510,657766,5846884,6504650,8.889003080122718
2868763,657766,5847326,6505092,8.8896750516141
2868823,657780,5847425,6505205,8.88963635257989
2869001,657850,5847812,6505662,8.889278710952345
2869080,657854,5847926,6505780,8.889397951521158
2869134,657862,5847964,6505826,8.88934761393727
2869138,657866,5847971,6505837,8.889304204807665
2869144,657866,5847984,6505850,8.88932396567082
2869149,657871,5847996,6505867,8.889274645029193
2869165,657871,5848022,6505893,8.889314166455126
2869257,657887,5848092,6505979,8.889204377043473
2869380,657972,5848310,6506282,8.888387347789875
2869388,657972,5848310,6506282,8.888387347789875
2869392,657973,5848313,6506286,8.888378398505713
2869451,657973,5848504,6506477,8.888668683973355
2869615,658052,5849075,6507127,8.888469300298457
2869628,658056,5849094,6507150,8.888444144571283
2869658,658070,5849116,6507186,8.888288479948942
2869702,658099,5849203,6507302,8.888029004754603
2869758,658143,5849312,6507455,8.887600415107356
2869773,658143,5849333,6507476,8.887632323066567
2869775,658143,5849333,6507476,8.887632323066567
2869837,658167,5849402,6507569,8.88741307297388
2869855,658167,5849432,6507599,8.887458654110583
2870015,658196,5849594,6507790,8.88731320153875
2870031,658196,5849620,6507816,8.887352703450036
2870072,658196,5849705,6507901,8.887481844313852
2870076,658196,5849714,6507910,8.887495518052374
2870107,658202,5849772,6507974,8.887502620775992
2870129,658206,5849803,6508009,8.887495708030617
2870320,658206,5850082,6508288,8.887919587484769
2870374,658223,5850201,6508424,8.887870827971675
2870408,658224,5850281,6508505,8.887978864337976
2870444,658234,5850308,6508542,8.887884855537695
2870476,658259,5850373,6508632,8.887646048136068
2870518,658271,5850408,6508679,8.887537199724733
2870679,658271,5850795,6509066,8.888125103490811
2870700,658273,5850806,6509079,8.888114809509124
2870702,658274,5850814,6509088,8.888113460352375
2870721,658289,5850844,6509133,8.887956505425429
2871911,658313,5855292,6513605,8.894389143158346
2871972,658321,5855380,6513701,8.894414730807615
2872158,658321,5855741,6514062,8.894963095511157
2872162,658321,5855743,6514064,8.894966133542756
2872194,658349,5855807,6514156,8.894685037875048
2872216,658349,5855807,6514156,8.894685037875048
2872258,658349,5855907,6514256,8.894836932994506
2872279,658356,5855936,6514292,8.894786407354076
2872296,658361,5855949,6514310,8.8947386008588
2872322,658361,5855949,6514310,8.8947386008588
2872409,658367,5856006,6514373,8.894744116883137
2872421,658367,5856039,6514406,8.894794240902112
2872505,658405,5856152,6514557,8.894452502638954
2872593,658417,5856254,6514671,8.894445313532305
2872677,658435,5856301,6514736,8.894273542566845
2872762,658476,5856437,6514913,8.893926278254636
2872779,658481,5856480,6514961,8.893924046403768
2872795,658481,5856506,6514987,8.893963531218061
2872823,658481,5856553,6515034,8.894034907613127
2872884,658492,5856615,6515107,8.89398048875309
2872911,658492,5856653,6515145,8.894038196363812
2872930,658492,5856673,6515165,8.894068568790509
2872971,658506,5856786,6515292,8.894051079261237
2873079,658585,5857022,6515607,8.893342545001785
2873097,658585,5857065,6515650,8.893407836497946
2873113,658585,5857091,6515676,8.89344731507702
2873119,658587,5857094,6515681,8.893424862622554
2873134,658587,5857106,6515693,8.89344308344987
2875485,659578,5862303,6521881,8.887960180600324
2875496,659583,5862319,6521902,8.887917062750253
2875528,659587,5862347,6521934,8.887905613664309
2876477,659639,5864638,6524277,8.890678083012071
2876514,659664,5864699,6524363,8.89043361468869
2876532,659670,5864732,6524402,8.890402777146148
2876579,659672,5864828,6524500,8.890521350004244
2876623,659702,5864877,6524579,8.8901913288121
2876665,659711,5864927,6524638,8.89014583658602
2876688,659721,5864949,6524670,8.890044427871782
2876716,659739,5865005,6524744,8.889886758248338
2876748,659767,5865051,6524818,8.889579199929672
2876934,659792,5865264,6525056,8.88956519630429
2876984,659798,5865306,6525104,8.889548013179791
2876989,659799,5865310,6525109,8.889540602516828
2877031,659831,5865354,6525185,8.889176167836915
2877113,659836,5865426,6525262,8.8892179268788
2877145,659839,5865472,6525311,8.889247225459544
2877287,659862,5865780,6525642,8.889404148140066
2877299,659862,5865817,6525679,8.88946022047034
2877305,659862,5865817,6525679,8.88946022047034
2877468,659862,5866037,6525899,8.889793623515219
2877824,659963,5866759,6526722,8.889527140157858
2877850,659975,5866804,6526779,8.889433690670101
2877872,659975,5866854,6526829,8.889509451115572
2877873,659975,5866856,6526831,8.88951248153339
2877944,659976,5866959,6526935,8.889655078366486
2877953,659976,5866971,6526947,8.889673260845848
2877975,659976,5867010,6526986,8.889732353903778
2878040,659995,5867093,6527088,8.889602193956016
2878043,659995,5867098,6527093,8.889609769770983
2878066,659995,5867143,6527138,8.889677952105698
2878251,660004,5868212,6528216,8.891176417112623
2878297,660004,5868324,6528328,8.89134611305386
2878564,660004,5869113,6529117,8.89254156035418
2878631,660024,5869213,6529237,8.892423608838467
2878654,660036,5869236,6529272,8.892296783811792
2878688,660036,5869300,6529336,8.892393748219794
2878790,660073,5869428,6529501,8.892089208314838
2878803,660073,5869455,6529528,8.892130112881453
2878829,660073,5869507,6529580,8.892208892046789
2878885,660080,5869537,6529617,8.892160041207127
2878914,660082,5869552,6529634,8.892155823064407
2878976,660111,5869701,6529812,8.891990892440816
2879116,660176,5869838,6530014,8.89132291994862
2879383,660180,5882068,6542248,8.909794298524645
2879474,660238,5882255,6542493,8.909294830046134
2879527,660257,5882378,6542635,8.909224741274988
2879730,660384,5882902,6543286,8.908304865048214
2879797,660403,5882947,6543350,8.90811671055401
2879811,660407,5882971,6543378,8.90809909646627
2879824,660413,5882982,6543395,8.908034820634967
2879844,660417,5882991,6543408,8.907994494387637
2879916,660459,5883157,6543616,8.907679356326433
2879948,660459,5883205,6543664,8.907752033055798
2880964,660849,5884407,6545256,8.904313996086852
2880971,660854,5884417,6545271,8.904261758270358
2880992,660854,5884463,6545317,8.904331365172943
2882456,660854,5886549,6547403,8.907487886885757
2882475,660858,5886561,6547419,8.907452130412283
2882771,660858,5887131,6547989,8.908314645506296
2882835,660880,5887229,6548109,8.908166384214987
2882865,660887,5887268,6548155,8.908131042069218
2882912,660933,5887379,6548312,8.907678993180852
2882953,660946,5887409,6548355,8.90754917950937
2882972,660950,5887499,6548449,8.907631439594523
2883022,660961,5887648,6548609,8.907708624260735
2883067,660977,5887709,6548686,8.907585286628732
2883232,660986,5888649,6549635,8.908886118616733
2883260,660995,5888706,6549701,8.908851050310517
2883295,660998,5888710,6549708,8.908816668129102
2883365,661030,5888878,6549908,8.908639547373038
2883400,661057,5889020,6550077,8.9084904932555
2883518,661110,5889261,6550371,8.908140854018242
2883605,661126,5889415,6550541,8.908158202823667
2883618,661134,5889427,6550561,8.908068560987637
2883665,661143,5889546,6550689,8.90812728865011
2883687,661151,5889566,6550717,8.908049749603343
2883757,661151,5889836,6550987,8.908458128324694
2883787,661163,5889858,6551021,8.908329715970192
2884001,661163,5890167,6551330,8.908797074246442
2884024,661182,5890199,6551381,8.90858946553294
2884068,661199,5890253,6551452,8.908442087782952
2884143,661295,5890527,6551822,8.907563190406702
2884158,661301,5890557,6551858,8.907527736991174
2884183,661311,5890593,6551904,8.907447479325159
2884192,661314,5890608,6551922,8.907429753490778
2884216,661314,5890663,6551977,8.907512921244674
2884642,661314,5891476,6552790,8.908742291861355
2884701,661327,5891558,6552885,8.908691161860926
2884722,661327,5891587,6552914,8.908735013087323
2884738,661327,5891613,6552940,8.908774327979955
2884769,661327,5891708,6553035,8.908917978549189
2884799,661342,5891741,6553083,8.908765812544795
2884817,661342,5891751,6553093,8.908780933314382
2884872,661354,5891838,6553192,8.90875083540736
2884961,661354,5892101,6553455,8.909148504431817
2884974,661364,5892149,6553513,8.909086373010929
2884991,661372,5892184,6553556,8.909031528398542
2885015,661372,5892209,6553581,8.909069328607803
2885020,661373,5892215,6553588,8.909064930077278
2885126,661412,5892570,6553982,8.909076339709591
2885178,661420,5892678,6554098,8.909131867799582
2885198,661420,5892731,6554151,8.909211998427626
2885225,661438,5892789,6554227,8.909057235901173
2885245,661438,5892813,6554251,8.909093520481134
2885595,661491,5893518,6555009,8.909445479983855
2885610,661494,5893530,6555024,8.909423214723036
2885640,661502,5893557,6555059,8.909356283125373
2886625,661507,5895560,6557067,8.912316876465404
2886636,661507,5895570,6557077,8.91233199346341
2886669,661526,5895695,6557221,8.912264975223952
2886704,661533,5895705,6557238,8.912185786650099
2886801,661533,5895774,6557307,8.912290089836787
2887157,661646,5897537,6559183,8.913432560613984
2887324,661646,5897830,6559476,8.913875395604295
2887353,661653,5897863,6559516,8.913830965778134
2887373,661653,5897892,6559545,8.913874795398797
2887394,661663,5897908,6559571,8.913764257635684
2887513,661697,5898454,6560151,8.914131392465132
2887543,661706,5898492,6560198,8.91406757683926
2887657,661706,5898651,6560357,8.914307864822142
2887757,661706,5898752,6560458,8.914460500584852
2888795,661711,5900073,6561784,8.916389481208563
2889296,661976,5901145,6563121,8.914439496295937
2889310,661981,5901171,6563152,8.914411440811746
2889890,661997,5901922,6563919,8.915330432011022
2889932,662018,5901967,6563985,8.915115601086375
2889958,662028,5902022,6564050,8.915064015419288
2890169,662102,5902524,6564626,8.914825812337073
2890258,662163,5902644,6564807,8.914185782050643
2890350,662169,5902709,6564878,8.91420317169786
2890365,662177,5902741,6564918,8.914143801430736
2890814,662177,5903282,6565459,8.914960803531383
2890837,662182,5903323,6565505,8.914955405009499
2890914,662207,5903385,6565592,8.914712469061788
2890916,662207,5903390,6565597,8.91472001957092
2891447,662207,5903999,6566206,8.915639671583055
2891505,662229,5904104,6566333,8.915502039324766
2891513,662229,5904124,6566353,8.915532240357942
2891542,662232,5904135,6566367,8.915508462291161
19,23,8,31,0.34782608695652173
75,53,32,85,0.6037735849056604
149,91,138,229,1.5164835164835164
177,124,152,276,1.2258064516129032
213,150,162,312,1.08
216,155,166,321,1.070967741935484
240,156,180,336,1.1538461538461537
241,157,181,338,1.1528662420382165
253,170,189,359,1.111764705882353
525,430,583,1013,1.3558139534883722
552,452,611,1063,1.3517699115044248
586,471,641,1112,1.3609341825902335
656,475,818,1293,1.7221052631578948
668,489,825,1314,1.687116564417178
787,593,936,1529,1.5784148397976392
922,765,1428,2193,1.8666666666666667
1241,999,1742,2741,1.7437437437437437
1283,1027,1773,2800,1.7263875365141188
1288,1034,1780,2814,1.7214700193423598
1322,1068,1846,2914,1.7284644194756553
1399,1083,1987,3070,1.83471837488458
1401,1088,1992,3080,1.8308823529411764
2327,1619,3383,5002,2.089561457689932
2336,1628,3401,5029,2.089066339066339
2358,1632,3403,5035,2.085171568627451
2390,1678,3484,5162,2.0762812872467222
2400,1683,3499,5182,2.079025549613785
2492,1747,3597,5344,2.058958214081282
2543,1766,3633,5399,2.0571913929784826
2634,1843,3736,5579,2.0271296798697773
2679,1889,3782,5671,2.0021175224986765
2762,1960,3891,5851,1.985204081632653
2811,1991,3961,5952,1.9894525364138624
2876,2025,4001,6026,1.9758024691358025
3161,2240,4386,6626,1.9580357142857143
3457,2472,4899,7371,1.9817961165048543
3573,2507,5010,7517,1.998404467491025
3601,2539,5039,7578,1.9846396218983853
3812,2681,5429,8110,2.024990675121223
3865,2709,5475,8184,2.0210409745293467
3884,2721,5488,8209,2.0169055494303563
4068,2878,5737,8615,1.9933981931897151
4116,2902,5780,8682,1.9917298414886286
4119,2902,5789,8691,1.9948311509303929
4310,3023,5947,8970,1.9672510750909693
4342,3049,5970,9019,1.9580190226303706
4376,3086,6006,9092,1.9462086843810757
4389,3099,6024,9123,1.9438528557599226
6266,3491,6951,10442,1.99112002291607
6646,3697,7461,11158,2.0181228022721127
6650,3698,7469,11167,2.019740400216333
6661,3708,7488,11196,2.0194174757281553
6677,3719,7503,11222,2.01747781661737
6685,3725,7506,11231,2.01503355704698
6773,3773,7578,11351,2.0084813146037637
7368,4278,8464,12742,1.978494623655914
7683,4473,8836,13309,1.9754080035770176
7739,4516,8925,13441,1.9763064658990257
8674,5021,9840,14861,1.9597689703246366
8865,5164,10137,15301,1.9630131680867544
8974,5254,10392,15646,1.9779215835553863
9002,5282,10431,15713,1.974820143884892
9029,5302,10451,15753,1.9711429649188985
9200,5382,10599,15981,1.9693422519509476
9305,5511,10791,16302,1.9580838323353293
9359,5542,10857,16399,1.9590400577408877
9444,5611,11018,16629,1.9636428444127607
10012,6102,11911,18013,1.9519829564077351
10212,6241,12226,18467,1.9589809325428618
10219,6243,12226,18469,1.9583533557584494
10233,6252,12243,18495,1.9582533589251438
10282,6287,12295,18582,1.9556227135358677
10579,6642,12928,19570,1.9464016862390847
10758,6809,13164,19973,1.933323542370392
10793,6820,13182,20002,1.9328445747800587
10841,6832,13257,20089,1.9404274004683841
10859,6842,13274,20116,1.9400760011692488
10890,6862,13313,20175,1.940104925677645
11004,6912,13414,20326,1.9406828703703705
11071,6949,13535,20484,1.9477622679522233
11097,6970,13571,20541,1.9470588235294117
11131,6993,13610,20603,1.9462319462319462
11274,7082,13782,20864,1.946060434905394
11341,7125,13840,20965,1.942456140350877
11471,7201,14033,21234,1.948757117067074
11542,7252,14154,21406,1.9517374517374517
11616,7315,14226,21541,1.944771018455229
11617,7315,14228,21543,1.9450444292549556
11629,7334,14238,21572,1.9413689664575948
11972,7453,14504,21957,1.9460619884610224
12503,7669,14896,22565,1.9423653670621985
12556,7709,14968,22677,1.941626670125827
12568,7723,14981,22704,1.9397902369545514
12630,7742,15026,22768,1.9408421596486696
12664,7778,15063,22841,1.936616096682952
12698,7809,15112,22921,1.935202970930977
12766,7809,15112,22921,1.935202970930977
12817,7851,15230,23081,1.9398802700292956
12827,7855,15242,23097,1.9404201145767028
12846,7870,15252,23122,1.937992376111817
12881,7886,15301,23187,1.9402739031194522
12925,7920,15458,23378,1.9517676767676768
12940,7928,15476,23404,1.9520686175580222
12967,7958,15516,23474,1.9497361146016587
13107,8004,15598,23602,1.948775612193903
13151,8023,15612,23635,1.9459055216253272
13355,8199,15985,24184,1.9496280034150506
13417,8238,16072,24310,1.9509589706239379
13447,8259,16098,24357,1.949146385760988
13682,8425,16467,24892,1.9545400593471811
13717,8443,16537,24980,1.9586639819969205
13780,8510,16680,25190,1.9600470035252644
14070,8573,16884,25457,1.9694389361950309
14102,8591,16938,25529,1.9715981841461996
14210,8700,17166,25866,1.973103448275862
14466,8780,17272,26052,1.9671981776765375
14583,8876,17666,26542,1.9903109508787742
14598,8876,17666,26542,1.9903109508787742
14687,8919,17769,26688,1.9922637066935756
14780,8997,17880,26877,1.9873291097032344
14886,9064,17996,27060,1.9854368932038835
14927,9102,18045,27147,1.9825313117996044
15003,9153,18315,27468,2.000983284169125
15019,9153,18341,27494,2.00382388287993
15087,9211,18461,27672,2.0042340679622193
15121,9221,18474,27695,2.003470339442577
15134,9232,18483,27715,2.0020580589254764
15188,9302,18603,27905,1.9998924962373683
15486,9409,19346,28755,2.056116484217239
15520,9426,19388,28814,2.0568639932102695
15551,9458,19440,28898,2.0554028335800383
15581,9492,19466,28958,2.050779603876949
15669,9514,19558,29072,2.055707378599958
16004,9739,19984,29723,2.0519560529828524
16113,9814,20116,29930,2.0497248828204606
16155,9849,20170,30019,2.0479236470707685
16263,9926,20309,30235,2.046040701188797
16282,9933,20317,30250,2.0454042081949058
16325,9957,20352,30309,2.0439891533594454
16366,9975,20372,30347,2.0423057644110276
16373,9976,20376,30352,2.042502004811548
16412,10025,20460,30485,2.0408977556109726
16475,10063,20526,30589,2.0397495776607375
16591,10121,20690,30811,2.044264400750914
16618,10134,20714,30848,2.044010262482731
16822,10232,20971,31203,2.049550430023456
16845,10248,20999,31247,2.0490827478532396
16912,10302,21111,31413,2.049213744903902
17065,10472,21433,31905,2.046695951107716
17068,10474,21439,31913,2.0468779835783844
17113,10482,21451,31933,2.046460599122305
17160,10495,21496,31991,2.048213434969033
17179,10499,21533,32032,2.0509572340222877
17188,10506,21547,32053,2.050923281934133
17251,10540,21642,32182,2.0533206831119544
17262,10560,21666,32226,2.0517045454545455
17269,10566,21668,32234,2.050728752602688
17325,10624,21735,32359,2.045839608433735
17353,10647,21763,32410,2.0440499671268904
17386,10660,21787,32447,2.0438086303939964
17508,10740,21894,32634,2.0385474860335195
17614,10826,22157,32983,2.0466469610197673
17702,10909,22342,33251,2.0480337336144467
17737,10929,22391,33320,2.0487693293073472
17738,10929,22393,33322,2.0489523286668496
17742,10929,22402,33331,2.04977582578461
17774,10958,22430,33388,2.0469063697755066
17802,10970,22453,33423,2.046763901549681
17836,10985,22484,33469,2.0467910787437416
17867,10997,22508,33505,2.046740020005456
17937,11051,22605,33656,2.045516242873948
17943,11057,22611,33668,2.0449489011485937
17991,11079,22708,33787,2.0496434696272225
18323,11264,23145,34409,2.054776278409091
18346,11271,23153,34424,2.0542099192618224
18364,11281,23163,34444,2.053275418845847
18739,11281,23163,34444,2.053275418845847
18745,11284,23174,34458,2.0537043601559732
19033,11411,23614,35025,2.069406712820962
19048,11421,23627,35048,2.068733035636109
20871,12555,26208,38763,2.0874551971326163
20873,12559,26210,38769,2.086949597897922
20904,12584,26255,38839,2.0863795295613476
20919,12593,26268,38861,2.0859207496228063
20967,12630,26300,38930,2.0823436262866193
21383,12828,26757,39585,2.085827876520112
21404,12841,26766,39607,2.084417101471848
21529,12899,26949,39848,2.08923172338941
21955,13037,27295,40332,2.093656516069648
21964,13047,27301,40348,2.092511688510769
21997,13057,27325,40382,2.0927471854177835
22003,13064,27327,40391,2.091778934476424
22119,13103,27413,40516,2.0921163092421584
22135,13105,27418,40523,2.0921785578023657
22175,13127,27471,40598,2.0927096823341205
22209,13160,27506,40666,2.0901215805471125
22220,13167,27521,40688,2.090149616465406
22385,13260,27676,40936,2.0871794871794873
22390,13268,27682,40950,2.086373228821224
22407,13278,27696,40974,2.0858563036601896
22428,13301,27742,41043,2.0857078415156756
22487,13362,27872,41234,2.0859152821433917
22638,13448,28035,41483,2.0846966091612136
22711,13479,28262,41741,2.0967430818309962
22822,13562,28436,41998,2.0967408936734997
23269,13743,29294,43037,2.1315578840136795
23380,13793,29422,43215,2.1331109983324876
23410,13823,29453,43276,2.1307241553931853
23435,13840,29478,43318,2.1299132947976878
23479,13849,29582,43431,2.1360387031554624
23756,14034,30105,44139,2.145147498931167
23779,14046,30126,44172,2.1448099102947458
24134,14206,30331,44537,2.135083767422216
24151,14217,30347,44564,2.134557220229303
24201,14252,30394,44646,2.1326129666011786
24802,14781,31447,46228,2.127528583992964
24930,14916,31651,46567,2.121949584338965
24984,14961,31743,46704,2.1217164628032887
25078,15020,31860,46880,2.1211717709720372
25131,15076,31961,47037,2.1199920403289996
25631,15327,32809,48136,2.1406015528152933
25652,15348,32834,48182,2.13930153765963
25678,15358,32877,48235,2.1407084255762467
25700,15375,32905,48280,2.1401626016260162
25713,15383,32918,48301,2.139894688942339
25748,15407,32950,48357,2.1386382813007074
25800,15471,33048,48519,2.136125654450262
25821,15481,33070,48551,2.136166914282023
25826,15481,33070,48551,2.136166914282023
26011,15501,34128,49629,2.2016644087478228
26039,15518,34155,49673,2.2009923959273103
27854,16306,35930,52236,2.203483380350791
27862,16317,35937,52254,2.202426916712631
27890,16334,35985,52319,2.203073343945145
27920,16358,36023,52381,2.202164078738232
27925,16375,36035,52410,2.200610687022901
27989,16401,36129,52530,2.2028534845436254
27994,16404,36134,52538,2.2027554255059743
28075,16420,36173,52593,2.2029841656516442
28190,16506,36307,52813,2.199624379013692
28217,16516,36394,52910,2.203560184063938
28271,16565,36479,53044,2.202173256866888
28277,16577,36489,53066,2.201182361102733
28320,16597,36518,53115,2.2002771585226246
28379,16644,36611,53255,2.1996515260754625
28404,16654,36685,53339,2.202774108322325
28487,16693,36811,53504,2.2051758222009226
28537,16728,36896,53624,2.205643232902917
28593,16752,36983,53735,2.207676695319962
28679,16800,37077,53877,2.2069642857142857
28711,16820,37122,53942,2.2070154577883474
28716,16824,37128,53952,2.2068473609129815
28745,16858,37177,54035,2.20530312018033
29308,17239,38250,55489,2.2188061952549454
29324,17242,38273,55515,2.219754088852801
29336,17253,38279,55532,2.2186866052280765
29352,17268,38302,55570,2.218091267083623
29419,17301,38392,55693,2.2190624819374603
29436,17305,38407,55712,2.219416353655013
29497,17350,38480,55830,2.2178674351585013
29617,17431,38590,56021,2.213871837530836
29636,17431,38605,56036,2.2147323733578106
29639,17434,38611,56045,2.2146954227371802
29745,17500,38736,56236,2.2134857142857145
29790,17518,38779,56297,2.213665943600868
30487,17880,40312,58192,2.254586129753915
30544,17910,40352,58262,2.2530429927414852
30552,17916,40355,58271,2.2524559053360127
30574,17950,40385,58335,2.2498607242339834
30584,17965,40401,58366,2.248872808238241
30729,18008,40529,58537,2.2506108396268325
30738,18015,40531,58546,2.24984734943103
31539,18280,41183,59463,2.2528993435448577
31544,18286,41186,59472,2.2523241824346494
31554,18291,41203,59494,2.2526379093543274
31666,18370,41352,59722,2.2510615133369622
31926,18578,41835,60413,2.2518570352029283
31956,18598,41874,60472,2.2515324228411657
32360,18829,42611,61440,2.2630516756067767
32518,18924,43190,62114,2.282287042908476
32548,18931,43207,62138,2.2823411335904074
32626,18997,43309,62306,2.2797810180554823
32844,19199,43633,62832,2.2726704515860203
32916,19238,43737,62975,2.273469175589978
34201,19238,43737,62975,2.273469175589978
34221,19248,43759,63007,2.2734310058187863
34374,19248,44251,63499,2.298992103075644
34435,19289,44331,63620,2.298252890248328
34450,19296,44352,63648,2.298507462686567
35987,19756,45495,65251,2.3028447054059527
36005,19765,45520,65285,2.3030609663546673
36075,19818,45595,65413,2.300686244827934
36086,19828,45600,65428,2.299778091587654
36478,20099,46596,66695,2.318324294741032
36741,20233,47054,67287,2.3256066821529187
36752,20236,47073,67309,2.3262008302035975
36830,20256,47170,67426,2.3286927330173777
36897,20280,47284,67564,2.3315581854043392
36943,20316,47322,67638,2.3292971057294745
37920,20901,48791,69692,2.334385914549543
37923,20903,48795,69698,2.3343539204898818
37972,20941,48866,69807,2.333508428441813
37980,20947,48879,69826,2.333460638754953
37990,20953,48887,69840,2.333174247124517
38107,20986,48942,69928,2.332126179357667
38120,20996,48956,69952,2.33168222518575
38166,21010,48993,70003,2.3318895763921943
38198,21020,49004,70024,2.331303520456708
38300,21093,49182,70275,2.3316740150760915
38340,21126,49242,70368,2.33087191138881
38377,21150,49310,70460,2.3314420803782507
38417,21179,49354,70533,2.3303272109164737
38449,21212,49410,70622,2.3293418819536114
38766,21476,50109,71585,2.333255727323524
38856,21525,50168,71693,2.33068524970964
38926,21596,50367,71963,2.332237451379885
38967,21611,50398,72009,2.3320531210957385
38969,21613,50398,72011,2.3318373201314024
41801,22846,53420,76266,2.3382649041407686
41832,22868,53455,76323,2.3375459156900473
41842,22868,53471,76339,2.3382455833479097
41918,22928,53563,76491,2.336139218422889
41942,22934,53569,76503,2.3357896572774046
41960,22939,53574,76513,2.33549849601116
42025,22964,53646,76610,2.336091273297335
42146,23011,53854,76865,2.3403589587588542
42328,23089,54016,77105,2.3394690112174628
43017,23531,55182,78713,2.3450767073222556
43040,23552,55216,78768,2.344429347826087
43045,23557,55234,78791,2.344695844122766
43160,23637,55405,79042,2.3439945847611794
43207,23671,55493,79164,2.344345401546196
43238,23703,55532,79235,2.342825802641016
43251,23723,55556,79279,2.3418623276988577
43280,23743,55579,79322,2.3408583582529587
43527,23858,55819,79677,2.3396345041495517
43639,23923,55965,79888,2.339380512477532
43802,24110,56196,80306,2.330817088345085
43907,24194,56463,80657,2.3337604364718527
43922,24201,56476,80677,2.333622577579439
43945,24205,56495,80700,2.334021896302417
44165,24257,56641,80898,2.335037308818073
44356,24412,56921,81333,2.331681140422743
44366,24412,56937,81349,2.3323365557922333
44685,24596,57339,81935,2.3312327207676047
44750,24638,57455,82093,2.331966880428606
44764,24647,57483,82130,2.332251389621455
44789,24665,57515,82180,2.331846746401784
44810,24674,57537,82211,2.331887817135446
45166,24969,58104,83073,2.3270455364652167
45178,24975,58118,83093,2.327047047047047
45221,24997,58191,83188,2.3279193503220386
45243,25010,58216,83226,2.327708916433427
45411,25157,58628,83785,2.330484556982152
45413,25158,58632,83790,2.330550918196995
45443,25180,58646,83826,2.3290706910246226
46036,25493,59405,84898,2.330247518926764
46250,25592,59615,85207,2.329438887152235
46274,25611,59638,85249,2.3286088009058608
46733,25750,60008,85758,2.3304077669902914
46772,25756,60046,85802,2.331340270228296
46783,25762,60050,85812,2.3309525657945813
46831,25799,60207,86006,2.3336951044614134
47329,26017,60596,86613,2.329092516431564
47509,26108,60850,86958,2.330703232725601
47537,26110,60889,86999,2.332018383761011
47725,26110,61168,87278,2.342703944848717
47833,26155,61285,87440,2.343146625884152
47863,26182,61318,87500,2.3419906806202735
47999,26260,61523,87783,2.342840822543793
48497,26475,61956,88431,2.340169971671388
48502,26479,61966,88445,2.3401941160919972
48572,26512,62023,88535,2.3394312009656004
48662,26577,62206,88783,2.340595251533281
48665,26578,62209,88787,2.34062006170517
48738,26608,62277,88885,2.3405366806975345
49958,26661,63747,90408,2.3910205918757734
49981,26674,63770,90444,2.390717552673015
50003,26674,63775,90449,2.3909050011246906
50356,26818,64367,91185,2.400141695875904
50388,26835,64403,91238,2.3999627352338364
50408,26844,64410,91254,2.3994188645507375
50636,26853,65783,92636,2.4497449074591295
50728,26898,65859,92757,2.448472005353558
50824,26922,66039,92961,2.4529752618676177
50892,26925,66211,93136,2.4590900649953573
50906,26925,66213,93138,2.4591643454038996
51188,27038,66655,93693,2.4652341149493306
51409,27189,67063,94252,2.4665489720107394
51771,27355,67483,94838,2.4669347468470115
51815,27384,67547,94931,2.4666593631317557
51939,27507,67755,95262,2.463191187697677
51944,27516,67759,95275,2.462530891117895
52001,27546,67817,95363,2.46195454875481
52094,27618,67961,95579,2.4607502353537547
52105,27626,67980,95606,2.4607254036052995
52221,27684,68116,95800,2.4604825892212108
52259,27698,68182,95880,2.4616217777456857
52285,27706,68214,95920,2.4620659784884142
52307,27720,68235,95955,2.4615800865800868
52503,27808,68419,96227,2.460407077100115
54851,28224,71114,99338,2.519628684807256
55275,28350,71372,99722,2.5175308641975307
55384,28398,71440,99838,2.5156701176139165
55388,28398,71442,99840,2.5157405451088106
55675,28458,71560,100018,2.5145828940895356
56076,28710,72029,100739,2.508847091605712
56105,28730,72061,100791,2.508214410024365
56175,28744,72085,100829,2.5078277205677706
56370,28805,72276,101081,2.5091477174101717
56398,28828,72308,101136,2.5082558623560427
56437,28860,72351,101211,2.506964656964657
56665,28887,72921,101808,2.5243535154221624
56810,29001,73143,102144,2.522085445329471
56886,29010,76191,105201,2.626370217166494
58005,29537,77565,107102,2.6260283711954497
58024,29537,77575,107112,2.6263669296137047
58072,29574,77681,107255,2.626665314127274
58339,29662,77943,107605,2.627705481761176
58446,29768,78130,107898,2.624630475678581
58785,30002,78775,108777,2.62565828944737
59143,30141,79288,109429,2.6305696559503664
59410,30145,91518,121663,3.03592635594626
59416,30151,91521,121672,3.0354217107226957
59423,30155,91534,121689,3.0354501741004807
59460,30184,91589,121773,3.0343559501722766
59524,30211,91663,121874,3.0340935420873194
59546,30226,91676,121902,3.0330179315820818
59617,30226,91848,122074,3.0387083967445245
59807,30297,92095,122392,3.03973990824174
59896,30340,92209,122549,3.039189189189189
59916,30343,92227,122570,3.0394819233431103
60357,30393,92578,122971,3.046030335932616
60399,30441,92660,123101,3.0439210275615123
60409,30447,92672,123119,3.0437153085689888
60417,30447,92672,123119,3.0437153085689888
60445,30484,92705,123189,3.041103529720509
60473,30491,92730,123221,3.041225279590699
60493,30512,92755,123267,3.0399514944939696
60501,30517,92759,123276,3.0395844938886523
60508,30526,92782,123308,3.0394417873288346
60678,30599,93054,123653,3.0410797738488187
60693,30607,93086,123693,3.0413304146110365
61081,30748,93485,124233,3.040360348640562
61107,30770,93534,124304,3.0397790055248617
61550,31000,94169,125169,3.037709677419355
61560,31000,94171,125171,3.0377741935483873
61634,31044,94308,125352,3.037881716273676
61763,31046,94689,125735,3.0499581266507763
61777,31052,94712,125764,3.0501094937524154
61802,31069,94735,125804,3.049180855515144
61852,31109,94863,125972,3.0493747790028607
61996,31191,95031,126222,3.046744253149947
62157,31200,95946,127146,3.0751923076923076
62318,31307,96333,127640,3.0770434727057845
62373,31356,96381,127737,3.0737657864523538
62543,31356,96726,128082,3.0847684653654803
62942,31692,97437,129129,3.074498296099962
62977,31701,97573,129274,3.077915523169616
62987,31705,97584,129289,3.0778741523419018
63006,31719,97611,129330,3.077366877896529
63012,31720,97621,129341,3.0775851197982345
63092,31744,97700,129444,3.0777469758064515
63190,31746,97988,129734,3.086625086625087
63211,31765,98019,129784,3.085754761529986
63239,31769,98063,129832,3.0867512354811293
63240,31769,98065,129834,3.086814189933583
63274,31785,98088,129873,3.085983954695611
63395,31855,98232,130087,3.083723120389264
63405,31860,98236,130096,3.083364720652856
63623,31882,98357,130239,3.085032306630701
64002,31997,98532,130529,3.0794136950339093
64011,32008,98550,130558,3.0789177705573607
64322,32144,99260,131404,3.087979094076655
64338,32152,99277,131429,3.087739487434685
64349,32152,99287,131439,3.088050510077134
64370,32165,99343,131508,3.0885434478470386
64415,32187,99458,131645,3.090005281635443
64439,32223,99511,131734,3.08819787108587
64471,32231,99537,131768,3.0882380317086033
64574,32312,99628,131940,3.0833127011636545
64851,32485,100080,132565,3.0808065260889643
65617,32726,100734,133460,3.078103037340341
65633,32744,100757,133501,3.077113364280479
65673,32785,100804,133589,3.0746987951807228
65814,32900,101111,134011,3.0732826747720363
65864,32917,101254,134171,3.076039736306468
65904,32929,101314,134243,3.0767408667132314
66180,33100,101800,134900,3.0755287009063443
66188,33106,101820,134926,3.0755754243943696
66579,33437,102318,135755,3.0600233274516255
66634,33477,102417,135894,3.0593243122143563
66667,33483,102421,135904,3.0588955589403577
66718,33486,102600,136086,3.063967030998029
66819,33543,102819,136362,3.0652893301135857
69416,34724,105843,140567,3.0481223361363896
69491,34771,105973,140744,3.0477409335365677
69821,35014,106403,141417,3.0388701662192266
69886,35031,106614,141645,3.0434186863064143
69908,35048,106663,141711,3.0433405615156355
69941,35064,106710,141774,3.043292265571526
70206,35284,107098,142382,3.0353134565242037
70263,35306,107150,142456,3.034894918710701
70305,35330,107235,142565,3.0352391735069344
70373,35358,107362,142720,3.036427399739804
70510,35460,107611,143071,3.034715172024817
70646,35538,107935,143473,3.0371714784174686
70736,35591,108138,143729,3.038352392458768
70880,35735,108411,144146,3.0337484259129703
71152,35866,108711,144577,3.0310321753192437
71184,35906,108761,144667,3.0290480699604525
71185,35906,108763,144669,3.0291037709575
71287,35952,108931,144883,3.029900979083222
71315,35966,108965,144931,3.0296669076349887
71346,35980,109000,144980,3.0294608115619788
71512,36048,109221,145269,3.0298768308921438
71540,36062,109255,145317,3.02964339193611
71945,36292,109969,146261,3.0301168301554062
71963,36292,109979,146271,3.0303923729747604
72039,36337,110076,146413,3.0293089688196604
72100,36353,110119,146472,3.0291585288696945
72109,36362,110130,146492,3.0287112920081403
72228,36422,110368,146790,3.030256438416342
72261,36452,110412,146864,3.0289696038626137
72266,36463,110427,146890,3.0284672133395496
72270,36465,110432,146897,3.0284382284382283
72281,36471,110453,146924,3.0285158070795974
72292,36476,110460,146936,3.0282925759403443
72310,36483,110472,146955,3.0280404571992436
72340,36503,110507,147010,3.027340218612169
73402,36989,111848,148837,3.023817891805672
73407,36990,111858,148848,3.024006488240065
73537,37041,111947,148988,3.02224561971869
73625,37114,112115,149229,3.0208277199978446
73648,37120,112126,149246,3.0206357758620688
73791,37171,112353,149524,3.022598262086035
73802,37182,112375,149557,3.0222957344951857
73803,37183,112379,149562,3.0223220288841675
73853,37200,112439,149639,3.02255376344086
73914,37200,112557,149757,3.025725806451613
73976,37251,112654,149905,3.024187270140399
73991,37259,112668,149927,3.0239136852840924
74024,37286,112714,150000,3.022957678485222
74169,37332,112855,150187,3.0230097503482267
74250,37368,112932,150300,3.0221579961464355
74367,37402,113025,150427,3.02189722474734
74376,37418,113040,150458,3.021005932973435
74449,37443,113127,150570,3.021312394840157
74527,37520,113287,150807,3.0193763326226013
74838,37618,113487,151105,3.0168270508798978
74860,37631,113514,151145,3.016502351784433
74946,37675,113735,151410,3.018845388188454
74952,37681,113746,151427,3.0186566173933813
75075,37766,113933,151699,3.0168140655616162
76071,38210,115437,153647,3.021120125621565
76076,38214,115447,153661,3.0210655780603966
76130,38241,115489,153730,3.0200308569336576
76251,38241,115703,153944,3.0256269449020685
76308,38279,115815,154094,3.025549256772643
76337,38289,115822,154111,3.0249418893154694
76350,38303,115847,154150,3.024488943424797
76398,38333,115920,154253,3.0240262958808337
76418,38355,115940,154295,3.022813192543345
76438,38368,115965,154333,3.0224405754795662
76468,38387,115982,154369,3.0213874488759216
76530,38414,116075,154489,3.021684802415786
76558,38427,116112,154539,3.021625419626825
76614,38475,116220,154695,3.020662768031189
76775,38608,116424,155032,3.015540820555325
76809,38613,116442,155055,3.01561650221428
76888,38636,116477,155113,3.0147271974324465
77036,38636,116477,155113,3.0147271974324465
77065,38645,116515,155160,3.015008409884849
77156,38672,116640,155312,3.0161357054199422
77189,38688,116690,155378,3.0161807278742763
77748,39046,117915,156961,3.0198996055934026
77940,39067,117977,157044,3.019863311746487
80378,40676,122863,163539,3.02052807552365
80391,40676,122863,163539,3.02052807552365
80403,40685,122883,163568,3.020351480889763
80445,40710,122930,163640,3.019651191353476
80465,40735,123002,163737,3.0195654842273227
80923,40910,124004,164914,3.031141530188218
81139,41054,124277,165331,3.027159351098553
81591,41432,124929,166361,3.0152780459548176
81634,41467,124975,166442,3.0138423324571346
81747,41499,125081,166580,3.0140726282561023
83076,42382,129228,171610,3.0491246283799724
83094,42400,129253,171653,3.0484198113207546
83097,42401,129256,171657,3.0484186693710056
83106,42406,129269,171675,3.0483657972928357
83147,42445,129339,171784,3.0472140417010247
83201,42484,129419,171903,3.0462997834478864
83265,42517,129557,172074,3.0471811275489804
83363,42595,129718,172313,3.045380913252729
83459,42660,129983,172643,3.046952648851383
83521,42672,130070,172742,3.0481346081739784
83539,42683,130092,172775,3.047864489375161
83548,42685,130108,172793,3.0480965210261215
83581,42705,130143,172848,3.047488584474886
83602,42705,130175,172880,3.04823791125161
83608,42705,130180,172885,3.048354993560473
83615,42706,130184,172890,3.0483772771975834
83648,42715,130204,172919,3.048203207304226
83707,42733,130280,173013,3.0486977277513865
83739,42767,130320,173087,3.0472092968877873
83880,42857,130576,173433,3.0467834892782975
83916,42871,130602,173473,3.0463949989503396
83953,42884,130673,173557,3.0471271336629044
83980,42891,130687,173578,3.046956237905388
84031,42932,130763,173695,3.045816640268331
84139,42966,130849,173815,3.0454079970209
84295,43067,131105,174172,3.044210184131702
84387,43148,131246,174394,3.0417632335218316
84492,43200,131588,174788,3.0460185185185185
84579,43277,131818,175095,3.045913533747718
84657,43305,131895,175200,3.0457222029788706
84686,43305,131895,175200,3.0457222029788706
84781,43387,132003,175390,3.0424551132827804
84813,43408,132043,175451,3.0419047180243273
84893,43436,132109,175545,3.0414633023298645
84984,43436,132289,175725,3.045607330325076
85035,43451,132321,175772,3.045292398333755
85062,43465,132363,175828,3.045277809731968
85083,43471,132429,175900,3.046375744749373
85306,43619,132759,176378,3.043604851096999
85360,43656,132833,176489,3.0427203591717062
85418,43669,132926,176595,3.043944216721244
85539,43716,133002,176718,3.0424101015646445
85565,43731,133036,176767,3.042144016830166
85573,43739,133044,176783,3.0417705022977204
85707,43811,133297,177108,3.0425463924585148
85862,43880,133542,177422,3.0433454876937103
85873,43887,133573,177460,3.0435664319730216
86267,44032,133950,177982,3.04210574127907
86378,44032,134128,178160,3.0461482558139537
86434,44071,134214,178285,3.045404007170248
86453,44091,134243,178334,3.0446803202467625
86473,44116,134283,178399,3.0438616375011334
86506,44138,134330,178468,3.0434093071729573
86528,44143,134334,178477,3.0431552001449833
86542,44155,134351,178506,3.042713169516476
86597,44203,134485,178688,3.0424405583331446
86627,44217,134511,178728,3.0420652690141803
87137,44334,134786,179120,3.0402399963910316
87175,44393,134853,179246,3.037708647759782
87184,44398,134865,179263,3.03763683048786
87211,44425,134912,179337,3.0368486212718064
87239,44437,134949,179386,3.0368611742466864
87240,44437,134951,179388,3.036906181785449
87335,44482,135011,179493,3.035182770558878
87424,44526,135120,179646,3.0346314512868884
87431,44529,135131,179660,3.034674032652878
87976,44853,136543,181396,3.0442333846119545
88177,44968,136773,181741,3.041562889165629
88373,45093,137081,182174,3.0399618566074555
88395,45100,137139,182239,3.040776053215078
88412,45114,137170,182284,3.0405195726382055
88423,45128,137211,182339,3.040484843112923
88455,45144,137265,182409,3.0406034024455075
88563,45170,137335,182505,3.040402922293558
88693,45172,137719,182891,3.048769149030373
88704,45178,137742,182920,3.048873345433618
88894,45326,138019,183345,3.045029342981953
88905,45341,138037,183378,3.044418958558479
88920,45341,138042,183383,3.0445292340265984
88954,45347,138075,183422,3.0448541248594174
88970,45358,138098,183456,3.0446227787821334
89198,45596,138573,184169,3.0391481708921835
89303,45657,138673,184330,3.037277963948573
89312,45660,138687,184347,3.0373850197109067
89361,45706,138759,184465,3.035903382488076
89444,45722,138993,184715,3.0399588819386727
89667,45722,139471,185193,3.050413367744193
89697,45748,139505,185253,3.0494229255923755
89742,45762,139549,185311,3.0494515099864516
89824,45845,139686,185531,3.046918966081361
89868,45858,139749,185607,3.0474290200183174
90043,45936,140066,186002,3.04915534656914
90102,46012,140214,186226,3.0473354777014694
90133,46024,140258,186282,3.047496958108813
90261,46026,140595,186621,3.054686481553904
90336,46053,140656,186709,3.0542201376674702
90347,46060,140675,186735,3.054168475900999
90362,46061,140684,186745,3.0542975619287467
90396,46076,140735,186811,3.0544101050438406
90465,46121,140820,186941,3.0532729125561024
90518,46144,140873,187017,3.052899618585298
90527,46144,140882,187026,3.0530946601941746
90539,46153,140888,187041,3.0526292982038004
90554,46164,140907,187071,3.052313491031973
90712,46297,141245,187542,3.0508456271464675
90785,46333,141337,187670,3.050460794681976
90792,46333,141337,187670,3.050460794681976
90891,46368,141473,187841,3.0510912698412698
90923,46383,141521,187904,3.051139426082832
90958,46405,141559,187964,3.050511798297597
90982,46425,141596,188021,3.0499946149703825
91040,46477,141636,188113,3.047442821180369
91096,46497,141661,188158,3.0466696776136093
91129,46539,141707,188246,3.0449085713057866
91188,46595,141760,188355,3.04238652215903
91238,46612,141821,188433,3.0425856002746072
91249,46618,141850,188468,3.0428160796258954
91433,46675,142160,188835,3.045741831815747
91439,46678,142171,188849,3.0457817387205965
91568,46750,142326,189076,3.0444064171122993
91581,46757,142334,189091,3.0441217357828774
91691,46780,142607,189387,3.0484608807182556
91888,46874,142972,189846,3.0501344028672612
91898,46887,143006,189893,3.0500138631177087
91997,46904,143094,189998,3.050784581272386
92001,46907,143097,190004,3.0506534205982048
92015,46922,143130,190052,3.0503814841652104
92046,46937,143155,190092,3.0499392803119076
92069,46943,143162,190105,3.0496985706069064
92262,47009,143486,190495,3.052309132293816
92459,47118,143756,190874,3.050978394668704
92497,47149,143815,190964,3.0502237587223484
114291,47151,209191,256342,4.436618523467159
114412,47275,209461,256736,4.430692755156002
114474,47314,209560,256874,4.4291330261656165
114498,47342,209598,256940,4.427316125216509
114588,47404,209740,257144,4.424521137456755
114610,47415,209793,257208,4.4246124644099964
114661,47465,209883,257348,4.421847677235858
114790,47582,210111,257693,4.41576646631079
114869,47609,210230,257839,4.415761725724128
114899,47647,210273,257920,4.413142485361093
114915,47647,210299,257946,4.413688165047117
114946,47668,210324,257992,4.412268188302425
115099,47709,210448,258157,4.411075478421262
115110,47712,210455,258167,4.410944835680751
115239,47713,210837,258550,4.418858591997988
115392,47836,211034,258870,4.411614683501965
115678,47974,211547,259521,4.409617709592696
117170,49074,214643,263717,4.373863960549374
117412,49230,215337,264567,4.374101157830591
117423,49230,215359,264589,4.3745480398131225
117656,49337,215746,265083,4.372904716541338
118057,49459,216053,265512,4.368325279524455
118587,49974,217354,267328,4.349341657661984
118653,50024,217427,267451,4.346453702222933
119057,50235,217950,268185,4.338608539862646
120122,50736,218936,269672,4.315200252286345
120143,50757,218980,269737,4.31428177394251
120524,50879,219501,270380,4.314176772342224
120568,50919,219580,270499,4.312339205404662
121049,51180,221091,272271,4.3198710433763186
121343,51312,221359,272671,4.31398113501715
121437,51350,221448,272798,4.312521908471275
121647,51418,221806,273224,4.313781166128593
121708,51437,221831,273268,4.312673756245505
121726,51450,221868,273318,4.312303206997084
121750,51477,221900,273377,4.310663014550188
121785,51490,221937,273427,4.310293260827345
122033,51567,222158,273725,4.308142804506758
122087,51610,222247,273857,4.306277853129239
122105,51610,222257,273867,4.306471614028289
122179,51641,222377,274018,4.306210181832265
122190,51645,222380,274025,4.305934746829315
122226,51676,222427,274103,4.304261165724902
122396,51762,222626,274388,4.30095436806924
122402,51770,222636,274406,4.300482905157427
122525,51855,222801,274656,4.296615562626555
122534,51864,222823,274687,4.296294153941076
122955,51870,223340,275210,4.305764411027569
122969,51870,223349,275219,4.305937921727395
122984,51880,223378,275258,4.305666923670008
123026,51895,223437,275332,4.305559302437614
123039,51907,223481,275388,4.3054116015181
123081,51930,223546,275476,4.30475640284999
123082,51930,223548,275478,4.304794916233391
123108,51942,223577,275519,4.304358707789458
123468,51942,223577,275519,4.304358707789458
123493,51958,223609,275567,4.303649101197121
123540,51972,223647,275619,4.303220965135073
123637,52064,223843,275907,4.299381530424093
123676,52110,223930,276040,4.297255805027826
123685,52117,223940,276057,4.296870502906921
123973,52332,224564,276896,4.291141175571352
124011,52350,224620,276970,4.290735434574976
124049,52358,224677,277035,4.291168493830933
124189,52490,224808,277298,4.282872928176795
124724,52881,225632,278513,4.266787693122294
124731,52884,225651,278535,4.26690492398457
124763,52904,225697,278601,4.26616134885831
124795,52925,225734,278659,4.265167690127539
124804,52925,225743,278668,4.26533774208786
124914,52964,225847,278811,4.264160561891096
124934,52975,225867,278842,4.263652666352053
125050,53055,226079,279134,4.261219489209311
125117,53077,226168,279245,4.2611300563332515
125123,53086,226186,279272,4.2607467128809855
125436,53234,226500,279734,4.254799564188301
125576,53237,226758,279995,4.259406052181753
125685,53321,226979,280300,4.256840644399017
125686,53321,226981,280302,4.256878153072898
125705,53326,226997,280323,4.256779057120354
125754,53351,227078,280429,4.256302599763829
125884,53352,227463,280815,4.263439046333783
125904,53363,227484,280847,4.262953731986583
125935,53386,227531,280917,4.261997527441651
125960,53402,227557,280959,4.26120744541403
126090,53403,227942,281345,4.268336984813587
126168,53457,228057,281514,4.266176553117459
126204,53460,228089,281549,4.266535727646839
126259,53494,228133,281627,4.264646502411486
126273,53502,228151,281653,4.264345258121192
126319,53547,228249,281796,4.262591741834276
126339,53547,228270,281817,4.262983920667825
126358,53555,228310,281865,4.263094015498086
126366,53566,228328,281894,4.262554605533361
126386,53578,228362,281940,4.2622344992347605
126452,53641,228552,282193,4.260770679144684
126509,53650,228734,282384,4.263448275862069
126537,53666,228769,282435,4.262829351917415
126806,53834,229302,283136,4.2594271278374265
126839,53858,229334,283192,4.258123212893164
127020,53980,229841,283821,4.257891811782142
127276,54057,230082,284139,4.256285032465731
127466,54178,230531,284709,4.255066632212337
127476,54184,230545,284729,4.25485383138934
127510,54215,230611,284826,4.253638291985613
127649,54304,231081,285385,4.255321891573365
127665,54304,231107,285411,4.25580067766647
127680,54305,231113,285418,4.25583279624344
127842,54402,231328,285730,4.252196610418735
127888,54429,231392,285821,4.251263113413805
127962,54466,231503,285969,4.250413101751551
128046,54508,231592,286100,4.24877082263154
128163,54579,231733,286312,4.245827149636307
128310,54621,232013,286634,4.247688617930833
128347,54636,232056,286692,4.247309466285965
128415,54658,232164,286822,4.247575835193384
128441,54658,232164,286822,4.247575835193384
128509,54716,232339,287055,4.246271657284889
128529,54716,232360,287076,4.246655457270268
128594,54747,232460,287207,4.246077410634372
128633,54755,232504,287259,4.246260615468907
128684,54755,232504,287259,4.246260615468907
128784,54826,232689,287515,4.244135993871521
128815,54853,232728,287581,4.2427579166134946
128869,54853,232847,287700,4.244927351284342
128991,54938,232998,287936,4.241108158287524
129029,54947,233065,288012,4.241632846197245
129640,55294,234118,289412,4.234057944804138
129984,55456,234650,290106,4.2312824581650315
129999,55468,234682,290150,4.230943967693085
130079,55493,234813,290306,4.2313985547726745
130151,55513,234996,290509,4.233170608686254
130215,55532,235043,290575,4.232568609090254
130316,55607,235488,291095,4.234862517308972
130335,55627,235531,291158,4.234112930771029
130355,55639,235548,291187,4.233505275076834
130359,55645,235562,291207,4.233300386377931
130391,55659,235614,291273,4.2331698377620866
130411,55659,235635,291294,4.233547135234194
130435,55666,235647,291313,4.233230338087881
130541,55716,235834,291550,4.23278770909613
130591,55749,235985,291734,4.232990726291055
130664,55765,236105,291870,4.2339280910965655
131110,55942,236724,292666,4.2315970111901615
131123,55954,236739,292693,4.230957572291525
131190,55987,236842,292829,4.230303463303981
131246,56019,236906,292925,4.229029436441207
131271,56031,236944,292975,4.228801913226607
131278,56038,236952,292990,4.228416431707056
131397,56043,236975,293018,4.228449583355638
131426,56075,237005,293080,4.226571555951851
131488,56095,237162,293257,4.227863445939923
131495,56095,237162,293257,4.227863445939923
131613,56140,237294,293434,4.226825792661204
131654,56170,237348,293518,4.225529642157736
131664,56170,237350,293520,4.225565248353213
131677,56176,237358,293534,4.225256337225861
132207,56176,239174,295350,4.257583309598405
132395,56229,239502,295731,4.259403510643974
132439,56257,239550,295807,4.258136765202552
132461,56271,239586,295857,4.257717118942262
132469,56277,239599,295876,4.257494180571103
132488,56294,239622,295916,4.256617046221622
132510,56300,239651,295951,4.256678507992895
132546,56314,239667,295981,4.25590439322371
132575,56322,239695,296017,4.2557970242534005
132592,56324,239707,296031,4.255858958880761
133060,56528,240500,297028,4.254528729125389
133079,56537,240518,297055,4.254169835682827
133174,56592,240635,297227,4.252102770709641
133183,56596,240653,297249,4.252120291186657
133291,56669,241137,297806,4.255183610086643
133292,56669,241139,297808,4.255218902751063
133331,56684,241179,297863,4.254798532213676
133501,56743,241341,298084,4.2532294732389895
133664,56752,242268,299020,4.268889202142656
133673,56761,242282,299043,4.268458977114568
133681,56768,242285,299053,4.267985484780158
133782,56778,242454,299232,4.270210292719011
133815,56783,242483,299266,4.270344997622528
133855,56810,242613,299423,4.27060376694244
133930,56845,242684,299529,4.26922332658985
134090,56959,243081,300040,4.267648659562141
134152,57001,243196,300197,4.266521639971229
134231,57051,243307,300358,4.264728050340923
134241,57051,243309,300360,4.26476310669401
134335,57073,243332,300405,4.263522155835509
134347,57081,243369,300450,4.263572817575025
134409,57153,243486,300639,4.260248805836964
134444,57165,243534,300699,4.260194174757282
134452,57168,243551,300719,4.260267982087881
134462,57168,243561,300729,4.260442905121747
134497,57175,243616,300791,4.260883253170092
134967,57535,244702,302237,4.253098114191362
134992,57541,244730,302271,4.2531412384213
135046,57553,244817,302370,4.25376609386131
135155,57597,244912,302509,4.252165911418998
135186,57611,244952,302563,4.251826908055754
135228,57629,245053,302682,4.2522514706137535
135334,57644,245101,302745,4.251977655957255
135369,57650,245188,302838,4.25304423243712
135378,57654,245206,302860,4.253061366080411
135432,57674,245305,302979,4.253303048167285
136073,57934,246015,303949,4.2464701211723686
136087,57945,246066,304011,4.246544136681336
136112,57969,246092,304061,4.245234521899636
136306,58086,246355,304441,4.241211307371828
136476,58136,246445,304581,4.23911173799367
138013,58793,248998,307791,4.235164050142024
138123,58865,249164,308029,4.232803873269345
138214,58954,249281,308235,4.228398412321471
138252,58980,249346,308326,4.227636486944727
138288,58998,249416,308414,4.227533136716499
138291,58998,249422,308420,4.227634835079155
138472,59174,249789,308963,4.2212627167337
138473,59174,249791,308965,4.221296515361477
138817,59310,250123,309433,4.2172146349688076
138836,59318,250142,309460,4.216966182271823
138865,59318,250178,309496,4.217573080683772
138907,59343,250217,309560,4.216453499149015
138956,59382,250292,309674,4.214947290424708
138978,59400,250329,309729,4.214292929292929
139088,59456,250418,309874,4.211820505920344
139119,59471,250470,309941,4.211632560407594
139150,59529,250582,310111,4.209410539400964
139192,59529,250582,310111,4.209410539400964
139228,59549,250618,310167,4.208601319921409
139236,59557,250682,310239,4.209110599929479
139267,59560,250699,310259,4.2091840161182
139323,59580,250727,310307,4.20824102047667
139444,59617,250865,310482,4.207944042806582
139480,59652,250903,310555,4.206112116944947
139522,59685,251012,310697,4.205612800536148
139559,59707,251026,310733,4.2042976535414605
139574,59721,251043,310764,4.203596724770182
139586,59727,251074,310801,4.203693471964104
139638,59765,251130,310895,4.201957667531164
139682,59782,251169,310951,4.2014151416814425
139944,59911,251644,311555,4.200297107375941
140100,59964,251756,311720,4.198452404776199
140109,59971,251773,311744,4.198245818812426
140406,60087,251955,312042,4.193169903639722
140438,60087,252004,312091,4.193985387854278
140464,60098,252033,312131,4.193700289527106
140465,60098,252035,312133,4.193733568504776
140515,60115,252119,312234,4.193944938867172
140857,60264,252519,312783,4.19021306252489
141050,60380,252847,313227,4.187595230208679
141393,60672,253683,314355,4.181220332278481
141439,60692,253763,314455,4.181160614248995
141584,60732,254025,314757,4.18272080616479
141724,60761,254118,314879,4.182255064926515
141725,60761,254120,314881,4.182287980777144
141737,60769,254147,314916,4.182181704487485
141773,60794,254202,314996,4.1813665822285095
141884,60794,254380,315174,4.184294502746981
141968,60838,254514,315352,4.183470857030145
142017,60856,254601,315457,4.183663073484948
142039,60872,254637,315509,4.1831548166644765
142075,60900,254708,315608,4.182397372742201
142091,60910,254741,315651,4.182252503693975
143555,61558,256179,317737,4.1615874459859
143645,61578,256429,318007,4.164295690019163
143806,61578,256766,318344,4.169768423787716
143917,61641,257068,318709,4.170406060901024
144550,61837,257760,319597,4.168378155473261
144585,61847,257778,319625,4.1679952139958285
144586,61847,257780,319627,4.168027551861853
144610,61855,257806,319661,4.167908819012206
144637,61864,257829,319693,4.167674253200569
144655,61880,257838,319718,4.166742081447964
144676,61884,257863,319747,4.166876737121065
144685,61893,257897,319790,4.166820157368361
144692,61897,257905,319802,4.1666801298932095
144707,61907,257943,319850,4.166620899090572
144856,62008,258200,320208,4.163978841439814
144861,62008,258205,320213,4.16405947619662
144941,62072,258300,320372,4.161296558834901
144961,62084,258325,320409,4.160894916564654
144984,62101,258362,320463,4.160351685158049
145002,62101,258383,320484,4.1606898439638655
145014,62101,258398,320499,4.16093138596802
145071,62162,258521,320683,4.158826936070268
145084,62172,258534,320706,4.15836711059641
145145,62174,258587,320761,4.159085791488404
145163,62192,258611,320803,4.158267944430151
145181,62199,258634,320833,4.158169745494301
145195,62199,258643,320842,4.158314442354379
148870,63826,262987,326813,4.120374142199104
149033,63974,263357,327331,4.116625504111045
149043,63980,263385,327365,4.11667708658956
149065,63997,263418,327415,4.116099192149632
149113,64013,263439,327452,4.115398434692953
149122,64023,263459,327482,4.11506802242944
149157,64045,263497,327542,4.114247794519478
149826,64109,264373,328482,4.123804770001092
149835,64117,264378,328495,4.123368217477424
149989,64257,264643,328900,4.118508489347464
150018,64270,264687,328957,4.118360043566205
150290,64376,265144,329520,4.11867776811234
150307,64386,265169,329555,4.118426365980182
150413,64439,265356,329795,4.117940998463664
150434,64443,265408,329851,4.118492311034558
150471,64464,265435,329899,4.117569496152892
150643,64623,265743,330366,4.112204633025393
150751,64623,266300,330923,4.120823855283723
150858,64674,266461,331135,4.120063704116028
150886,64686,266486,331172,4.119685867111895
151156,64740,266814,331554,4.121316033364226
151243,64808,266988,331796,4.119676583137884
151260,64822,267001,331823,4.118987380827497
151272,64829,267004,331833,4.118588903114347
151432,64923,267276,332199,4.116815304283536
151437,64925,267279,332204,4.116734693877551
151592,65014,267512,332526,4.114682991355708
151629,65040,267572,332612,4.113960639606396
151652,65054,267597,332651,4.113459587419682
151716,65086,267703,332789,4.113065789878007
151824,65157,267797,332954,4.110026551253127
151942,65233,268156,333389,4.1107414958686554
151992,65276,268207,333483,4.108814878362645
152029,65296,268301,333597,4.108995956873315
152091,65349,268394,333743,4.107086565976526
152245,65440,268601,334041,4.104538508557457
152325,65519,268766,334285,4.1021077855278625
152369,65526,268810,334336,4.1023410554589015
152409,65541,268852,334393,4.102042995987245
152510,65619,268984,334603,4.099178591566467
152526,65627,269041,334668,4.0995474423636615
152579,65634,269060,334694,4.0993997013742876
152617,65664,269106,334770,4.098227339181286
152796,65796,269423,335219,4.094823393519363
152806,65814,269437,335251,4.093916188045097
152828,65828,269464,335292,4.093455672358267
153003,65883,269597,335480,4.092057131581743
153031,65890,269625,335515,4.092047351646684
153139,65890,270182,336072,4.100500834724541
153183,65914,270215,336129,4.099508450405073
153479,66078,270880,336958,4.099397681527892
153619,66159,271164,337323,4.098671382578334
153664,66182,271253,337435,4.098591762110543
153681,66182,271298,337480,4.099271705297513
153711,66191,271407,337598,4.100361076279253
153760,66226,271483,337709,4.099341648295232
153777,66245,271530,337775,4.098875386821647
154431,66652,272724,339376,4.091760187241193
154474,66664,272771,339435,4.091728669146766
154509,66676,272789,339465,4.09126222328874
154529,66686,272825,339511,4.091188555318958
154544,66702,272863,339565,4.090776888249228
154596,66727,272924,339651,4.090158406641989
154616,66735,272942,339677,4.0899378137409155
154686,66771,273029,339800,4.089035659193362
154709,66783,273052,339835,4.088645313927197
157070,68936,282627,351563,4.099846234188233
157100,68945,282659,351604,4.099775183116977
157139,68955,282678,351633,4.099456167065478
157148,68961,282698,351659,4.099389510012906
157418,69029,283476,352505,4.106621854582857
157432,69042,283513,352555,4.1063845195678
157453,69070,283550,352620,4.105255537860142
157499,69097,283643,352740,4.104997322604454
157518,69109,283674,352783,4.104733102779667
157527,69111,283689,352800,4.104831358249772
157574,69175,283782,352957,4.102378026743766
157601,69197,283814,353011,4.101536193765626
157608,69200,283834,353034,4.101647398843931
157671,69200,283834,353034,4.101647398843931
157749,69236,283955,353191,4.1012623490669595
157757,69240,283965,353205,4.101169844020797
157763,69245,283970,353215,4.100945916672684
158555,69715,285433,355148,4.094283870042315
158692,69830,285697,355527,4.091321781469283
158710,69830,285707,355537,4.091464986395532
158748,69846,285741,355587,4.0910145176531225
158897,69931,285955,355886,4.089102114941872
158964,69965,286044,356009,4.088387050668191
159114,70104,286417,356521,4.085601392217277
159236,70104,286604,356708,4.088268857697136
159297,70155,286721,356876,4.086964578433469
159309,70166,286734,356900,4.086509135478722
159378,70174,286922,357096,4.088722318807536
159514,70271,287399,357670,4.089866374464573
159573,70297,287487,357784,4.089605530819238
159595,70303,287507,357810,4.089540986871115
159708,70345,287768,358113,4.090809581349065
159735,70357,287804,358161,4.090623534260983
159767,70380,287846,358226,4.089883489627735
159811,70398,287937,358335,4.090130401431859
159830,70412,287954,358366,4.089558597966255
159837,70418,287970,358388,4.089437359765969
159883,70453,288158,358611,4.090074233886421
159899,70455,288182,358637,4.090298772265985
159944,70475,288265,358740,4.09031571479248
159954,70486,288282,358768,4.089918565388872
160185,70549,288510,359059,4.089498079349105
160254,70584,288587,359171,4.088561147002154
160391,70708,288804,359512,4.0844600328109975
160489,70739,288876,359615,4.083687923210676
160607,70808,289033,359841,4.081925771099311
160700,70808,289033,359841,4.081925771099311
161080,70881,289186,360067,4.079880362861698
161111,70902,289214,360116,4.079066881047079
161295,71002,289478,360480,4.077040083377933
161434,71128,289631,360759,4.071968844899336
161501,71171,289747,360918,4.071138525523036
161502,71171,289749,360920,4.071166626856444
161674,71287,290148,361435,4.070139015528778
161705,71298,290202,361500,4.070268450727931
161712,71298,290202,361500,4.070268450727931
161861,71413,290413,361826,4.066668533740355
161873,71419,290436,361855,4.066648930956748
161911,71450,290530,361980,4.0662001399580125
161934,71460,290586,362046,4.066414777497901
161969,71479,290632,362111,4.065977419941521
161977,71490,290651,362141,4.065617568890754
162131,71626,291040,362666,4.063328958757993
162160,71639,291058,362697,4.062842864919946
162203,71649,291090,362739,4.06272243855462
162238,71678,291144,362822,4.06183208236837
162260,71680,291151,362831,4.06181640625
162515,71893,291583,363476,4.055791245322911
162570,71900,291618,363518,4.055883171070932
162746,71981,291923,363904,4.055556327364165
162833,71996,291998,363994,4.0557530973943
162936,72002,292006,364008,4.0555262353823505
162974,72025,292060,364085,4.054980909406456
163033,72047,292139,364186,4.054839202187461
163056,72078,292191,364269,4.053816698576542
163076,72078,292212,364290,4.054108049612919
163076,72078,292212,364290,4.054108049612919
163110,72090,292251,364341,4.053974198918019
163217,72138,292370,364508,4.052926335634479
163271,72147,292407,364554,4.052933593912429
163291,72147,292428,364575,4.053224666306291
163323,72158,292452,364610,4.052939383020593
163388,72158,292530,364688,4.054020344244575
163534,72197,292674,364871,4.053824951175256
165034,72644,295392,368036,4.066295908815594
165150,72740,295748,368488,4.065823480890844
165472,72926,296084,369010,4.060060883635466
165501,72948,296109,369057,4.059179141306136
165510,72952,296127,369079,4.059203311766641
165551,73015,296215,369230,4.056906115181812
165644,73043,296361,369404,4.057349780266418
165810,73116,296702,369818,4.057962689425024
166519,73460,297732,371192,4.052981214266268
166591,73504,297825,371329,4.051820309098825
166664,73539,297929,371468,4.051306109683297
166691,73556,297953,371509,4.050696068301702
166721,73570,298005,371575,4.0506320511077885
166733,73580,298023,371603,4.050326175591193
166738,73580,298023,371603,4.050326175591193
166780,73603,298083,371686,4.049875684415038
166811,73603,298139,371742,4.050636522967814
166845,73621,298174,371795,4.050121568574184
166903,73642,298216,371858,4.049536949023655
166907,73645,298222,371867,4.049453459162197
166945,73664,298258,371922,4.048897697654214
167539,74046,299485,373531,4.044580395970073
167570,74067,299533,373600,4.044081709803287
167738,74157,299759,373916,4.042221233329288
167767,74175,299776,373951,4.041469497809235
167778,74190,299809,373999,4.041097182908747
167948,74199,300785,374984,4.0537608323562315
167989,74216,300879,375095,4.054098846609896
168019,74244,300921,375165,4.0531356069177304
168084,74264,300977,375241,4.052798125605946
168175,74351,301134,375485,4.050167448991943
168184,74361,301137,375498,4.049663129866462
168199,74365,301159,375524,4.049741141666106
168228,74394,301211,375605,4.0488614673226335
168291,74422,301249,375671,4.04784875440058
168387,74453,301337,375790,4.0473453050918025
168416,74468,301370,375838,4.0469731965407965
168466,74509,301456,375965,4.0459004952421855
168739,74584,301780,376364,4.046176123565376
168757,74600,301788,376388,4.045415549597855
168772,74603,301792,376395,4.045306489015187
168815,74640,301889,376529,4.044600750267953
168842,74650,301955,376605,4.044943067649029
168852,74660,301974,376634,4.044655772836861
168881,74670,302004,376674,4.04451586982724
168942,74699,302088,376787,4.044070201742995
168950,74703,302097,376800,4.043974137584836
168987,74751,302187,376938,4.042581370148894
169210,74856,302400,377256,4.039756332157743
169349,74938,302641,377579,4.038551869545491
169460,74938,302950,377888,4.0426752782300035
169722,75012,303383,378395,4.044459553138164
169739,75027,303409,378436,4.043997494235408
169740,75027,303411,378438,4.04402415130553
169800,75036,303442,378478,4.043952236259929
169918,75036,303658,378694,4.046830854523162
169947,75039,303672,378711,4.046855635069764
170139,75123,304011,379134,4.04684317718941
170304,75132,304950,380082,4.058856412713624
170522,75141,306243,381384,4.075577913522578
170577,75165,306355,381520,4.07576664671057
170630,75190,306408,381598,4.07511637185796
170650,75210,306446,381656,4.07453796037761
170688,75242,306513,381755,4.073695542383243
170704,75246,306534,381780,4.073758073518858
170736,75261,306565,381826,4.07335804732863
170900,75269,306650,381919,4.074054391582192
170935,75290,306680,381970,4.073316509496613
170958,75297,306704,382001,4.073256570646905
170969,75298,306720,382018,4.073414964540891
171871,75348,307898,383246,4.08634602112863
171893,75366,307925,383291,4.085728312501659
171900,75368,307931,383299,4.085699501114531
172281,75668,308794,384462,4.08090606332928
172295,75668,308829,384497,4.081368610244754
172341,75706,308883,384589,4.08003328666156
172393,75772,309024,384796,4.078340284009925
172413,75777,309052,384829,4.078440687807646
172423,75783,309066,384849,4.078302521673726
172447,75789,309094,384883,4.078349100792991
172462,75794,309108,384902,4.078264770298441
172509,75810,309131,384941,4.077707426460889
172961,75956,309817,385773,4.078900942651009
173127,75970,310218,386188,4.083427668816638
173237,76025,310334,386359,4.0819993423216046
174066,76389,312901,389290,4.0961525874144185
175358,77091,315199,392290,4.088661452050174
175391,77105,315247,392352,4.088541599118086
175411,77127,315270,392397,4.087673577346455
175424,77134,315281,392415,4.087445225192522
175510,77184,315390,392574,4.086209577114428
175546,77205,315427,392632,4.085577358979341
175580,77226,315502,392728,4.08543754694015
175644,77236,315637,392873,4.086656481433528
175752,77263,315717,392980,4.086263800266622
176950,77877,317699,395576,4.07949715577128
176960,77883,317712,395595,4.079349793921652
176978,77893,317741,395634,4.079198387531614
177238,78087,318269,396356,4.075825681611536
177298,78140,318384,396524,4.07453288968518
177334,78149,318479,396628,4.075279274206964
177746,78456,319551,398007,4.072996329152646
177872,78496,319607,398103,4.0716342233999185
177908,78507,319676,398183,4.071942629319678
178074,78507,320091,398598,4.077228782146815
178195,78538,320300,398838,4.078280577554814
178321,78623,320502,399125,4.0764407361713495
178338,78623,320547,399170,4.077013087773298
178539,78738,321452,400190,4.082552261931977
178551,78748,321480,400228,4.082389394016356
179616,79319,323320,402639,4.076198640930924
179647,79346,323386,402732,4.075643384669674
179843,79407,323653,403060,4.075874922865743
179868,79421,323685,403106,4.075559360874328
179921,79445,323762,403207,4.075297375542829
179948,79467,323807,403274,4.074735424767513
180010,79504,323897,403401,4.0739711209498894
180030,79520,323928,403448,4.0735412474849095
180102,79553,324057,403610,4.073473030558244
180106,79553,324061,403614,4.073523311503023
180155,79577,324096,403673,4.0727345841135
180158,79580,324102,403682,4.072656446343302
180164,79584,324113,403697,4.07258996783273
180202,79647,324194,403841,4.07038557635567
180287,79647,324194,403841,4.07038557635567
180293,79651,324209,403860,4.070369486886542
180581,79651,324776,404427,4.0774880415813985
180698,79708,324963,404671,4.076918251618407
180734,79738,325056,404794,4.0765507035541395
180746,79747,325074,404821,4.076316350458325
180802,79774,325131,404905,4.075651214681475
180824,79776,325138,404914,4.075636782992379
180842,79776,325148,404924,4.075762133975131
180954,79861,325291,405152,4.073214710559597
180968,79868,325306,405174,4.073045525116442
180979,79872,325317,405189,4.072979266826923
181033,79925,325483,405408,4.072355333124804
181223,80021,325708,405729,4.0702815510928385
181253,80040,325741,405781,4.069727636181909
181281,80050,325759,405809,4.0694440974391
181331,80053,325780,405833,4.0695539205276505
181445,80067,325816,405883,4.069291967976819
181492,80088,325853,405941,4.068686944361203
181531,80101,325895,405996,4.068550954420044
182575,81149,327988,409137,4.041799652491097
182603,81177,328055,409232,4.0412308905231775
182614,81186,328067,409253,4.040930702337842
182622,81191,328079,409270,4.040829648606373
182635,81196,328089,409285,4.0407039755652985
182654,81204,328111,409315,4.040576818875917
182675,81225,328146,409371,4.039963065558633
182843,81354,328469,409823,4.0375273496078865
182853,81354,328485,409839,4.037724020945498
184034,81357,329963,411320,4.055741976719889
184095,81415,330032,411447,4.0537001780998585
184108,81422,330051,411473,4.053585026160006
184142,81437,330084,411521,4.053243611626165
184420,81706,330651,412357,4.046838665459085
184717,81885,331038,412923,4.042718446601942
184731,81892,331061,412953,4.042653739070971
184798,81931,331177,413108,4.042145219758089
184854,81955,331257,413212,4.041937648709657
184876,81966,331287,413253,4.041761218066028
184983,82037,331435,413472,4.040067286712094
185059,82073,331544,413617,4.0396232622177815
185092,82082,331591,413673,4.039752929996832
185097,82086,331597,413683,4.039629169407695
185122,82095,331673,413768,4.040112065290213
185128,82100,331677,413777,4.039914738124239
185129,82100,331679,413779,4.03993909866017
185210,82142,331739,413881,4.038603881083977
185240,82157,331788,413945,4.0384629429020045
186389,82294,334302,416596,4.062288866746057
186396,82304,334308,416612,4.061868195956454
186456,82337,334399,416736,4.0613454461542196
186457,82339,334400,416739,4.061258941692272
186525,82393,334486,416879,4.059640988918962
186585,82421,334568,416989,4.059256742820398
186588,82421,334577,416998,4.059365938292426
186699,82457,334654,417111,4.058527474926326
186771,82472,334717,417189,4.05855320593656
186778,82477,334728,417205,4.058440534937013
186911,82559,334854,417413,4.055935755035793
187021,82616,335502,418118,4.060980923792002
187141,82732,335727,418459,4.058006575448436
187174,82748,335819,418567,4.058333736162807
187210,82761,335849,418610,4.058058747477677
187234,82778,335877,418655,4.057563603856097
187427,82922,336165,419087,4.053990497093654
187466,82935,336175,419110,4.053475613432206
187480,82943,336178,419121,4.053120817911095
187607,83018,336397,419415,4.052097135560962
187665,83042,336470,419512,4.0518051106668915
187686,83053,336498,419551,4.05160560124258
187701,83059,336513,419572,4.051493516656834
187769,83091,336665,419756,4.051762525423933
187913,83239,336960,420199,4.048102451975637
187946,83262,337001,420263,4.047476640003843
188040,83335,337159,420494,4.045827083458331
188049,83339,337169,420508,4.045752888803562
188064,83339,337197,420536,4.046088865957115
188121,83378,337288,420666,4.045287725778983
188126,83383,337311,420694,4.04532098869074
188184,83442,337420,420862,4.043766927925985
188313,83471,337539,421010,4.043787662781086
188333,83491,337581,421072,4.043322034710328
188522,83495,338112,421607,4.0494879932930115
188544,83511,338149,421660,4.049155201111231
188698,83632,338375,422007,4.0459991390855174
188701,83634,338388,422022,4.046057823373269
188766,83634,338388,422022,4.046057823373269
188895,83682,338524,422206,4.045362204536221
188998,83737,338732,422469,4.045189103980319
189019,83747,338765,422512,4.0451001229894805
189246,83835,339388,423223,4.048285322359397
189266,83842,339436,423278,4.0485198349276015
189494,84030,339910,423940,4.045102939426395
189594,84059,339964,424023,4.044349801924839
189601,84066,339987,424053,4.044286631932053
189886,84099,340154,424253,4.04468543026671
189925,84140,340257,424397,4.043938673639173
190000,84167,340327,424494,4.043473095156059
190038,84183,340384,424567,4.043381680386776
190073,84194,340408,424602,4.0431384659239376
190075,84195,340414,424609,4.043161707939902
190103,84220,340450,424670,4.04238898123961
190117,84223,340486,424709,4.042672429146433
190161,84254,340521,424775,4.041600398794123
190178,84266,340539,424805,4.041238459165025
190216,84292,340642,424934,4.041213875575381
190243,84317,340675,424992,4.040407035354673
190338,84389,340789,425178,4.038310680301935
190367,84398,340806,425204,4.038081471124908
190428,84438,340867,425305,4.036890973258486
190501,84493,341020,425513,4.036073994295386
190559,84509,341104,425613,4.03630382562804
190575,84517,341121,425638,4.03612291018375
190586,84526,341136,425662,4.035870619690983
190773,84599,341267,425866,4.033936571354271
190920,84693,341438,426131,4.031478398450876
190947,84714,341494,426208,4.031140071298723
191313,84929,342116,427045,4.028258898609427
191328,84933,343051,427984,4.039077861373082
191347,84947,343082,428029,4.0387771198512015
191357,84947,343116,428063,4.039177369418579
191402,84958,343197,428155,4.039607806210127
191440,84970,343305,428275,4.0403083441214545
191634,84975,343697,428672,4.044683730508973
191653,84997,343785,428782,4.0446721648999375
191719,85015,343879,428894,4.044921484443922
191912,85081,344065,429146,4.043969864011942
192087,85191,344376,429567,4.04239884494841
192092,85198,344379,429577,4.042101927275288
192110,85208,344389,429597,4.041744906581542
192156,85234,344482,429716,4.041603116127367
192306,85353,344779,430132,4.03944793973264
192342,85365,344792,430157,4.039032390323904
192366,85368,344810,430178,4.03910130259582
192382,85375,344821,430196,4.038898975109809
192387,85375,344832,430207,4.039027818448023
192431,85405,344902,430307,4.0384286634272
192611,85538,345116,430654,4.034651266103954
192724,85560,345284,430844,4.0355773726040205
192737,85560,345310,430870,4.035881252921926
193307,85760,345899,431659,4.033337220149254
193335,85762,345924,431686,4.033534665702759
193411,85796,346008,431804,4.032915287425987
193454,85815,346107,431922,4.03317601817864
193573,85889,346296,432185,4.031901640489469
193671,85890,346585,432475,4.035219466759809
193968,85894,346600,432494,4.0352061843667775
194001,85912,346643,432555,4.0348612533755475
194064,85948,346762,432710,4.034555777912226
194081,85956,346782,432738,4.034412955465587
194326,86016,347736,433752,4.042689732142857
194431,86077,347893,433970,4.041648756346063
194461,86107,347958,434065,4.04099550559188
194770,86229,348282,434511,4.039035591274398
195077,86413,348845,435258,4.036950458842998
196390,87113,351447,438560,4.034380632052621
196405,87116,352383,439499,4.044985995683915
196691,87223,352639,439862,4.042958852596219
196698,87226,352648,439874,4.042922981679775
196827,87227,353030,440257,4.047256010180334
196849,87239,353059,440298,4.047031717465813
196858,87241,353074,440315,4.0471108767666575
196864,87241,353076,440317,4.047133801767518
196889,87254,353124,440378,4.047080936117542
196931,87269,353154,440423,4.046729079054418
196967,87283,353218,440501,4.046813239691578
197006,87291,353228,440519,4.04655691881179
197102,87335,353322,440657,4.045594549722334
197172,87374,353450,440824,4.045253736809578
197183,87383,353463,440846,4.0449858668162
197211,87401,353509,440910,4.0446791226645
197345,87435,353600,441035,4.044147080688512
197449,87490,353750,441240,4.0433192364841695
197588,87572,353921,441493,4.0414858630612525
197634,87588,353992,441580,4.041558204320227
197935,87589,353993,441582,4.04152347897567
197976,87618,354059,441677,4.040939076445479
198213,87700,354963,442663,4.047468643101483
198250,87731,355019,442750,4.046676773318439
198282,87740,355065,442805,4.046785958513791
198330,87751,355139,442890,4.047121970119998
198338,87751,355158,442909,4.047338491869039
198394,87766,355209,442975,4.047227855889524
198423,87772,355233,443005,4.047224627443832
198553,87773,355618,443391,4.051564832009843
198629,87773,355736,443509,4.052909208982261
198632,87775,355736,443511,4.052816861293079
198740,87775,356293,444068,4.059162631728852
198831,87775,356537,444312,4.061942466533751
198847,87775,356563,444338,4.062238678439191
198886,87784,356590,444374,4.062129773079377
198951,87809,356673,444482,4.061918482160143
199127,87810,357029,444839,4.06592643206924
199167,87816,357075,444891,4.066172451489478
199562,87952,357419,445371,4.063796161542659
199601,87991,357496,445487,4.062870066256776
199659,88026,357591,445617,4.06233385590621
199660,88028,357595,445623,4.06228699959104
199805,88096,357808,445904,4.0615691972393755
199814,88111,357859,445970,4.061456571824176
199986,88187,358159,446346,4.061358250082212
200046,88212,358287,446499,4.061658277785336
200078,88231,358341,446572,4.061395654588523
200160,88276,358508,446784,4.061217091848294
200182,88276,358561,446837,4.0618174815351855
200964,88676,359562,448238,4.054783706978212
200975,88676,359572,448248,4.054896477062565
201018,88688,359667,448355,4.055418996933069
201032,88688,359693,448381,4.055712159480426
201054,88695,359716,448411,4.055651389593551
201059,88695,359716,448411,4.055651389593551
201071,88706,359726,448432,4.055261199918833
201115,88733,359821,448554,4.055097877903373
201184,88745,359920,448665,4.055665107893402
201902,88990,360897,449887,4.055478143611642
202057,89089,361142,450231,4.053721559339537
202111,89127,361270,450397,4.053429376058882
202272,89253,361584,450837,4.051225168901886
202311,89272,361623,450895,4.050799802849718
202358,89286,361664,450950,4.050623838003719
202407,89289,361766,451055,4.05163010001232
202466,89289,361957,451246,4.053769221292656
202485,89289,361997,451286,4.054217204806863
202574,89331,362378,451709,4.056576104599747
202612,89353,362440,451793,4.05627119402818
202908,89592,363031,452623,4.052047057773016
202951,89614,363082,452696,4.051621398442208
202974,89631,363142,452773,4.0515223527574165
203151,89690,363312,453002,4.050752592262237
203343,89857,363587,453444,4.046284652280846
203407,89891,363692,453583,4.045922283654648
203480,89930,363762,453692,4.044946069164906
203491,89941,363780,453721,4.044651493757018
203495,89941,363789,453730,4.044751559355578
203619,90009,363924,453933,4.043195680431957
203707,90053,364046,454099,4.042574928097898
203751,90085,364112,454197,4.041871565743464
203775,90105,364148,454253,4.041373952610843
203811,90121,364181,454302,4.041022625137315
203852,90162,364270,454432,4.040172134602161
203884,90171,364331,454502,4.040445376007807
203917,90180,364376,454556,4.040541139942338
204128,90295,364706,455001,4.039049781272496
204154,90306,364747,455053,4.039011804309792
204233,90334,364846,455180,4.0388558018022005
204277,90347,364875,455222,4.038595636822473
204328,90347,364875,455222,4.038595636822473
204494,90397,365354,455751,4.041660674579909
205340,90723,366618,457341,4.041070070434179
205398,90746,366708,457454,4.041037621492959
205483,90795,366765,457560,4.039484553114158
205542,90827,366861,457688,4.039118323846433
205629,90836,366915,457751,4.039312607336298
205645,90850,366940,457790,4.038965327462851
205679,90860,367040,457900,4.039621395553599
205880,91123,367514,458637,4.0331639651899085
205892,91129,367532,458661,4.033095940918917
206037,91195,367700,458895,4.03201929930369
206133,91224,368027,459251,4.034322108217136
206140,91226,368045,459271,4.03443097362594
206154,91233,368063,459296,4.034318722392117
206178,91265,368126,459391,4.033594477620118
206199,91278,368150,459428,4.033282937838252
206215,91278,368175,459453,4.033556826398475
206292,91287,368185,459472,4.0332687020057625
206361,91327,368303,459630,4.032794244856396
206388,91344,368354,459698,4.032602031879488
206873,91715,369530,461245,4.02911192280434
207098,91851,370172,462023,4.03013576335587
207156,91880,370262,462142,4.0298432738354375
207176,91896,370291,462187,4.029457212501089
207211,91919,370361,462280,4.029210500549397
207213,91920,370364,462284,4.029199303742384
207229,91936,370402,462338,4.028911416637661
207304,91978,370551,462529,4.028691643653917
207331,91997,370582,462579,4.028196571627336
207362,92010,370608,462618,4.027910009781546
207525,92058,370714,462772,4.0269612635512395
208070,92058,372450,464508,4.045818940233331
208086,92060,372474,464534,4.045991744514447
208101,92060,372474,464534,4.045991744514447
208165,92074,372613,464687,4.04688620023025
208450,92206,373056,465262,4.045897230115177
208552,92238,373354,465592,4.047724365229081
208561,92244,373363,465607,4.047558648801006
208729,92314,373556,465870,4.046580150356393
210553,92368,376076,468444,4.0714966222068245
210674,92460,376265,468725,4.069489508976855
210679,92460,376288,468748,4.0697382651957605
210706,92476,376324,468800,4.069423417967905
210756,92502,376392,468894,4.069014724005967
210812,92522,376462,468984,4.068891723049653
210841,92538,376518,469056,4.068793360565389
210898,92572,376563,469135,4.067785075400769
210928,92594,376602,469196,4.0672397779553755
211569,92594,377572,470166,4.077715618722595
211588,92604,377592,470196,4.077491253077621
211603,92613,377613,470226,4.077321758284474
211650,92637,377939,470576,4.079784535336852
211759,92675,378055,470730,4.079363366603722
211769,92676,378075,470751,4.079535154732617
211801,92698,378166,470864,4.079548641826145
211833,92719,378208,470927,4.079077643201502
212357,92834,379357,472191,4.086401533920762
212371,92859,379388,472247,4.085635210372716
212516,92859,379669,472528,4.088661303697003
212533,92867,379696,472563,4.0885998255569795
212573,92914,379767,472681,4.087295778892309
212609,92918,379818,472736,4.087668697130804
212768,93009,380046,473055,4.086120697996968
213071,93199,380898,474097,4.086932263221708
213322,93413,381369,474782,4.082611627931873
213335,93422,381390,474812,4.0824431076191905
213618,93508,381752,475260,4.082559780981306
213710,93540,381910,475450,4.082852255719478
213742,93549,381932,475481,4.082694630621385
213893,93549,382172,475721,4.085260131054314
213960,93562,382232,475794,4.085333789358928
214116,93680,382469,476149,4.082717762596071
214130,93680,382495,476175,4.082995303159692
214691,93852,383298,477150,4.084068533435622
215471,94256,384355,478611,4.077777542013241
215595,94315,384756,479071,4.079478343847744
215699,94392,384926,479318,4.077951521315366
215702,94396,384938,479334,4.077905843467944
215723,94396,384975,479371,4.078297809229205
215737,94406,384985,479391,4.07797173908438
215742,94408,384992,479400,4.077959494958054
216212,94408,386438,480846,4.0932759935598675
216318,94445,386523,480968,4.092572396632961
216321,94448,386532,480980,4.092537692698627
216359,94484,386611,481095,4.091814487108929
216405,94506,386678,481184,4.09157090555097
216487,94573,386798,481371,4.089941103697672
216659,94607,386870,481477,4.089232297821514
216745,94619,387337,481956,4.093649267060527
216774,94626,387369,481995,4.093684610994864
225605,94637,413849,508486,4.373014782801652
225827,94737,414234,508971,4.372462712562146
225855,94746,414279,509025,4.3725223228421255
226375,94949,414854,509803,4.369229797048942
226384,94952,414873,509825,4.3692918527255875
226430,94981,414917,509898,4.368421052631579
226500,95012,414987,509999,4.367732496947754
226603,95023,415331,510354,4.370847058080675
226632,95042,415367,510409,4.370352054881
226689,95065,415422,510487,4.3698732446221005
226826,95098,415734,510832,4.371637679025847
226964,95170,415912,511082,4.37020069349585
226977,95180,415927,511107,4.369899138474469
226999,95195,415953,511148,4.369483691370345
227110,95245,416118,511363,4.368922253136647
227118,95245,416118,511363,4.368922253136647
227843,95544,417666,513210,4.371451896508415
227869,95568,417714,513282,4.370856353591161
228251,95757,418280,514037,4.368140188184676
228372,95784,418449,514233,4.368673264845904
228391,95803,418496,514299,4.368297443712619
228403,95807,418515,514322,4.368313380024424
228433,95824,418546,514370,4.367861913508098
228444,95824,418568,514392,4.368091501085323
228473,95834,418610,514444,4.368073961224618
228500,95856,418644,514500,4.367426139208813
228707,95871,418875,514746,4.3691522984009765
228723,95879,418896,514775,4.369006768948362
228738,95879,418919,514798,4.3692466546376165
228859,95879,419115,514994,4.371290897902565
228936,95936,419260,515196,4.370205136757838
228969,95962,419301,515263,4.3694483232946375
228978,95964,419317,515281,4.369523988162228
229257,96104,419975,516079,4.3700054108049615
229292,96114,419988,516102,4.369685997877521
229377,96189,420120,516309,4.367651186726133
229400,96206,420146,516352,4.367149658025487
229436,96236,420190,516426,4.366245479862006
229480,96255,420221,516476,4.365705677627136
229507,96276,420268,516544,4.365241597075076
229625,96367,420481,516848,4.363329770564612
229633,96373,420486,516859,4.363109999688709
229670,96384,420536,516920,4.3631308100929616
229867,96393,421702,518095,4.374819748321974
229884,96400,421719,518119,4.374678423236515
230156,96583,422263,518846,4.37202199144777
230201,96613,422346,518959,4.371523500978129
230212,96620,422364,518984,4.371393086317533
230247,96636,422388,519024,4.3709176704333785
230371,96678,422702,519380,4.372266699766234
230430,96706,422829,519535,4.372314023948876
230488,96707,422895,519602,4.372951285842803
230533,96757,422976,519733,4.371528674927912
230580,96771,422998,519769,4.371123580411487
230601,96778,423004,519782,4.3708694124697764
230610,96786,423009,519795,4.3705597917054115
230786,96904,423324,520228,4.368488400891604
231026,96904,424174,521078,4.377259968628746
231451,96937,425146,522083,4.385796960912757
231484,96951,425186,522137,4.38557621891471
231770,97100,425547,522647,4.382564366632338
231857,97114,425645,522759,4.382941697386577
232097,97288,426172,523460,4.380519694104104
232125,97295,426209,523504,4.380584819363791
232200,97345,426296,523641,4.379228517129796
232340,97395,426491,523886,4.378982493967863
232408,97445,426588,524033,4.377731027759249
232417,97447,426604,524051,4.377805371124817
232450,97469,426657,524126,4.3773610070894335
233154,97518,427471,524989,4.383508685575996
233211,97537,427576,525113,4.383731301967458
233823,97709,428143,525852,4.3818174374929635
233843,97747,428225,525972,4.380952868118714
233867,97759,428243,526002,4.380599228715515
233869,97759,428243,526002,4.380599228715515
233883,97759,428269,526028,4.380865188882865
234023,97843,428445,526288,4.378902936336784
234491,98249,429798,528047,4.374578876120877
234509,98249,429808,528057,4.3746806583273115
234582,98277,429940,528217,4.374777414858003
234625,98309,430012,528321,4.374085790721094
234764,98418,430269,528687,4.371852709870145
234773,98422,430287,528709,4.371857917945174
234822,98443,430361,528804,4.371677011062239
235011,98575,430648,529223,4.368734466142531
235067,98612,430718,529330,4.367805135277654
235091,98626,430743,529369,4.36743860645266
235165,98650,430804,529454,4.366994424733908
235542,98829,431283,530112,4.363931639498528
235608,98869,431354,530223,4.362884220534243
235631,98879,431393,530272,4.362837407336239
235637,98882,431405,530287,4.3628263991424125
235695,98914,431517,530431,4.362547263279212
235784,98966,431861,530827,4.363730978315785
236019,99023,432561,531584,4.368288175474385
236061,99062,432622,531684,4.367184187680443
236240,99249,432984,532233,4.362603149653901
236261,99249,433013,532262,4.362895344033693
236321,99268,433068,532336,4.362614336946448
236516,99402,433404,532806,4.36011347860204
236525,99409,433421,532830,4.359977466828959
236649,99484,433608,533092,4.358570222347312
236671,99490,433626,533116,4.35848829028043
236675,99499,433632,533131,4.358154353310083
236830,99566,433818,533384,4.357089769600064
236832,99566,433823,533389,4.357139987545949
236858,99584,433870,533454,4.356824389460154
236887,99593,433913,533506,4.356862430090469
236907,99607,433934,533541,4.35646089130282
237051,99716,434198,533914,4.354346343615869
237096,99748,434262,534010,4.3535910494446
237533,100122,435357,535479,4.3482651165577995
237615,100171,435512,535683,4.347685457867048
237629,100187,435539,535726,4.347260622635671
237673,100202,435608,535810,4.347298457116624
237847,100237,435900,536137,4.3486935961770605
237903,100258,435983,536241,4.348610584691496
237911,100263,435998,536261,4.348543331039367
238064,100263,436490,536753,4.353450425381247
238080,100263,436516,536779,4.353709743374924
238132,100290,436584,536874,4.353215674543823
238150,100304,436602,536906,4.352787525921199
238182,100316,436620,536936,4.352446269787472
238354,100316,436996,537312,4.356194425615056
238381,100340,437026,537366,4.355451465018936
238397,100345,437042,537387,4.355393891075789
238558,100404,437370,537774,4.356101350543803
238583,100420,437400,537820,4.355706034654451
238600,100441,437428,537869,4.3550741231170536
238765,100569,437756,538325,4.352792610048822
238781,100585,437793,538378,4.3524680618382465
238816,100603,437834,538437,4.35209685595857
238851,100610,437915,538525,4.352599145214193
238859,100610,437915,538525,4.352599145214193
238903,100618,437946,538564,4.352561171957304
238970,100644,437976,538620,4.35173482770955
239015,100686,438038,538724,4.350535327652305
239261,100701,438453,539154,4.354008401108231
240028,100940,439244,540184,4.351535565682584
240197,100986,439417,540403,4.351266512189809
240540,101009,439976,540985,4.3558098783276735
240587,101014,439991,541005,4.355742768329143
240760,101031,440163,541194,4.356712296225911
240884,101031,440519,541550,4.360235967178391
240961,101042,440539,541581,4.359959224876784
241080,101109,441011,542120,4.361738322008921
241091,101113,441035,542148,4.361803131150297
241114,101113,441052,542165,4.361971259877563
241144,101140,441083,542223,4.361113308285545
241165,101160,441122,542282,4.360636615262949
241212,101200,441194,542394,4.359624505928854
241226,101206,441220,542426,4.359622947256091
241261,101214,441224,542438,4.3593178809255635
241275,101214,441250,542464,4.35957476238465
241399,101281,441597,542878,4.360116902479241
241495,101298,441645,542943,4.3598590297932835
242236,101497,443192,544689,4.36655270599131
242258,101504,443202,544706,4.3663500945775535
242512,101732,443825,545557,4.362688239688594
242689,101804,444235,546039,4.363630112765707
242762,101836,444317,546153,4.363064142346518
242947,101905,444542,546447,4.362317845051764
243002,101932,444634,546566,4.3620649060157755
243123,102019,444878,546897,4.360736725511915
243203,102063,444956,547019,4.359621018390602
243207,102066,444959,547025,4.359522269903787
243233,102072,445002,547074,4.359687279567364
243249,102072,445028,547100,4.359942001724273
243265,102072,445054,547126,4.360196723881182
243368,102159,445205,547364,4.357961608864613
243479,102233,445395,547628,4.356665655903671
243591,102314,445695,548009,4.356148718650429
243839,102531,446765,549296,4.357365089582663
243861,102546,446810,549356,4.357166539894291
243875,102549,446821,549370,4.357146339798535
244097,102690,447155,549845,4.354416204109456
244106,102690,447171,549861,4.354572012854222
244143,102715,447233,549948,4.354115757192231
244181,102715,447324,550039,4.355001703743367
244369,102857,447832,550689,4.353928269344818
244446,102860,447848,550708,4.353956834532374
244484,102881,447922,550803,4.35378738542588
244517,102881,447986,550867,4.354409463360581
244578,102918,448077,550995,4.353728210808605
246055,103622,450297,553919,4.345573333848025
246078,103626,450319,553945,4.345617895122846
246136,103693,450422,554115,4.343803342559285
246163,103699,450457,554156,4.343889526417805
246373,103736,450549,554285,4.343227037865351
246429,103751,450622,554373,4.343302715154553
246465,103760,450654,554414,4.343234387047032
246626,103777,450986,554763,4.345722077146188
246737,103800,451088,554888,4.345741811175337
246863,103807,451541,555348,4.349812633059428
246930,103842,451639,555481,4.349290267907013
246933,103844,451654,555498,4.349350949501175
246973,103852,451714,555566,4.349593652505488
246992,103852,451714,555566,4.349593652505488
247030,103871,451756,555627,4.349202376024107
247046,103871,451782,555653,4.349452686505376
247562,103882,453004,556886,4.360755472555399
247655,103942,453209,557151,4.3602105020107365
247676,103950,453245,557195,4.360221260221261
247702,103978,453287,557265,4.359451037719517
247738,104005,453361,557366,4.359030815826162
247756,104013,453402,557415,4.35908972916847
247767,104019,453437,557456,4.3591747661484925
247848,104068,453577,557645,4.358467540454319
248297,104068,453577,557645,4.358467540454319
248323,104083,453614,557697,4.358194902145403
248350,104102,453682,557784,4.358052679103187
248380,104113,453708,557821,4.3578419601778835
248446,104128,453796,557924,4.358059311616472
248455,104130,453811,557941,4.358119658119658
248492,104150,453857,558007,4.357724435909746
248643,104188,453973,558161,4.357248435520406
248669,104201,454018,558219,4.357136687747718
248682,104205,454047,558252,4.357247732834317
248962,104332,454503,558835,4.35631445769275
249020,104377,454581,558958,4.355183613248129
249059,104390,454603,558993,4.354851997317751
249083,104408,454632,559040,4.354378974791204
249124,104416,454669,559085,4.35439970885688
249131,104416,454669,559085,4.35439970885688
249262,104416,454669,559085,4.35439970885688
249321,104439,454717,559156,4.353900362891257
249360,104450,454765,559215,4.35390138822403
249494,104489,454942,559431,4.35397027438295
249579,104511,455062,559573,4.354201950033968
249590,104516,455083,559599,4.35419457307972
249665,104562,455204,559766,4.353436238786557
249797,104632,455537,560169,4.3537063231133875
249966,104727,455810,560537,4.352363764836193
249974,104731,455823,560554,4.352321662163066
249996,104746,455872,560618,4.352166192503771
249996,104761,455902,560663,4.351829402163019
250030,104777,455945,560722,4.351575250293481
250079,104806,455977,560783,4.350676487987329
250367,104959,456429,561388,4.348640897874408
250504,104974,456776,561750,4.351325090022291
250538,104980,456820,561800,4.351495522956753
250595,104988,456870,561858,4.351640187449994
250604,104991,456887,561878,4.351677762855864
250626,105005,456940,561945,4.351602304652159
250734,105143,457232,562375,4.348668004527168
250774,105143,457281,562424,4.349134036502668
250783,105154,457301,562455,4.348869277440706
250796,105159,457319,562478,4.348833670917373
250820,105169,457338,562507,4.348600823436564
250829,105169,457360,562529,4.348810010554441
250890,105234,457457,562691,4.347045631639964
250901,105234,457467,562701,4.347140657962256
250965,105285,457601,562886,4.346307641164459
250987,105287,457608,562895,4.346291564960536
251037,105314,457673,562987,4.345794481265549
251150,105400,457843,563243,4.343861480075901
251506,105691,458601,564292,4.3390733364241045
251559,105724,458695,564419,4.338608073852673
251596,105737,458743,564480,4.33852861344657
251705,105747,459295,565042,4.343338345295848
251798,105799,459409,565208,4.342281117968979
251803,105805,459418,565223,4.342119937621096
251857,105805,459496,565301,4.3428571428571425
251877,105811,459546,565357,4.343083422328491
251940,105853,459656,565509,4.342399365157341
251957,105861,459670,565531,4.342203455474632
251978,105878,459722,565600,4.341997393226166
252013,105902,459782,565684,4.341579951275707
252411,105973,461070,567043,4.350825210195049
252426,106004,461102,567106,4.349854722463303
252459,106018,461144,567162,4.3496764700333905
252524,106052,461253,567305,4.3493097725644025
252597,106101,461419,567520,4.348865703433521
252694,106202,461518,567720,4.345662040262895
252708,106215,461584,567799,4.3457515416843195
252728,106220,461618,567838,4.34586706834871
253005,106220,462326,568546,4.352532479758991
253015,106228,462354,568582,4.352468275784163
253031,106239,462365,568604,4.3521211607789985
253042,106239,462365,568604,4.3521211607789985
253094,106262,462405,568667,4.351555589015828
253376,106271,464144,570415,4.367550884060562
253407,106280,464185,570465,4.367566804666917
253424,106289,464206,570495,4.367394556351081
253466,106312,464301,570613,4.367343291444051
253487,106312,464333,570645,4.3676442922718035
253536,106352,464397,570749,4.366603354896946
253549,106361,464409,570770,4.3663466872255805
253568,106376,464451,570827,4.366125817853651
253676,106438,464641,571079,4.365367631860802
253706,106463,464664,571127,4.364558579036848
253820,106525,464847,571372,4.363736212156771
253952,106545,464936,571481,4.363752405087053
253970,106565,464971,571536,4.36326185895932
254261,106754,465872,572626,4.363976993836297
254683,106925,466414,573339,4.362066869300912
254990,107078,467081,574159,4.3620631689049105
255009,107084,467117,574201,4.362154943782451
255031,107098,467160,574258,4.361986218230032
255059,107109,467195,574304,4.361865016011726
255122,107135,467354,574489,4.362290567974985
255138,107135,467361,574496,4.362355906099781
255230,107140,467411,574551,4.3626190031734176
255275,107170,467472,574642,4.361966968368013
255494,107184,467567,574751,4.36228354978355
255529,107211,467634,574845,4.361809888910653
255530,107211,467636,574847,4.361828543712865
255553,107220,467656,574876,4.361648946092147
255940,107363,468088,575451,4.359863267606158
255993,107397,468173,575570,4.35927446762945
256009,107397,468173,575570,4.35927446762945
256046,107416,468223,575639,4.358968868697401
256056,107427,468248,575675,4.3587552477496345
256066,107431,468265,575696,4.358751198443652
256259,107431,468517,575948,4.361096890096899
256268,107441,468547,575988,4.360970206904255
256302,107462,468611,576073,4.360713554558821
256413,107462,468868,576330,4.363105097615901
257116,107701,469700,577401,4.361147993054846
257206,107726,469785,577511,4.360924939197594
257236,107741,469827,577568,4.360707622910498
257315,107789,469994,577783,4.360315059978291
257379,107811,470031,577842,4.359768483735426
257434,107851,470152,578003,4.3592734420635875
257461,107869,470211,578080,4.35909297388499
257533,107923,470326,578249,4.357977446883426
257552,107923,470341,578264,4.3581164348655985
257819,108033,471020,579053,4.359964085048087
257839,108039,471034,579073,4.359851535093808
257942,108108,471210,579318,4.358696858696859
258064,108153,471293,579446,4.35765073553207
258071,108157,471294,579451,4.357498821158131
258230,108240,471715,579955,4.358046932742055
258496,108361,472053,580414,4.356299775749577
258534,108378,472073,580451,4.355800992821421
258544,108382,472081,580463,4.355714048458231
258808,108542,472591,581133,4.353992003095576
258819,108542,472617,581159,4.354231541707358
258824,108544,472622,581166,4.354197376179245
258885,108544,472723,581267,4.355127874410377
259058,108614,472966,581580,4.3545583442281846
259088,108621,472989,581610,4.354489463363438
259354,108827,473615,582442,4.351999044354802
259359,108830,473629,582459,4.3520077184599835
259503,108881,473773,582654,4.351291777261414
259531,108887,473796,582683,4.351263236198995
259594,108912,473882,582794,4.351054061995005
259778,109026,474198,583224,4.34940289472236
259904,109057,474463,583520,4.3505964770716234
260170,109096,474887,583983,4.352927696707487
260184,109106,474906,584012,4.352702876102139
260208,109117,474926,584043,4.35244737300329
260238,109124,474958,584082,4.352461420035922
260351,109191,475128,584319,4.351347638541638
260721,109401,475705,585106,4.348269211433168
260739,109406,475727,585133,4.348271575599145
260829,109409,476147,585556,4.351991152464605
260874,109409,476205,585614,4.3525212733870156
261170,109564,476678,586242,4.350680880581213
261293,109669,476886,586555,4.348412039865413
261413,109734,477166,586900,4.34838791987898
261490,109744,477219,586963,4.348474631870535
261508,109750,477255,587005,4.348564920273349
261517,109752,477277,587029,4.348686128726584
261536,109756,477293,587049,4.348673421043041
261537,109756,477295,587051,4.348691643281461
261858,109907,477865,587772,4.347903227273968
261866,109907,477885,587792,4.348085199304867
262000,110022,478123,588145,4.345703586555416
262067,110063,478351,588414,4.346156292305316
262181,110081,478586,588667,4.347580418055795
262277,110112,478655,588767,4.346983071781459
262330,110144,478748,588892,4.346564497385241
262364,110159,478795,588954,4.346399295563685
262381,110177,478849,589026,4.34617932962415
262522,110179,479266,589445,4.349885186832337
262575,110199,479414,589613,4.350438751712811
262730,110217,479948,590165,4.354573250950398
262742,110224,479954,590178,4.35435113949775
262764,110228,479975,590203,4.3543836411801
262798,110232,480029,590261,4.354715509108063
262905,110242,480256,590498,4.356379601240906
263005,110349,480490,590839,4.354275978939547
263247,110516,481135,591651,4.3535325201780735
263257,110522,481142,591664,4.353359512133331
263268,110534,481156,591690,4.353013552391119
263275,110540,481162,591702,4.352831554188529
263697,110540,481875,592415,4.3592817079790125
263805,110581,481995,592576,4.358750599108346
263835,110606,482019,592625,4.357982387935555
263841,110607,482031,592638,4.358051479562777
263847,110609,482040,592649,4.358054046234936
263881,110634,482117,592751,4.357765243957553
263914,110644,482131,592775,4.357497921260981
264289,110822,482632,593454,4.3550197614192125
264348,110894,482809,593703,4.353788302342778
264375,110908,482836,593744,4.353482165398348
264410,110926,482872,593798,4.353100265041559
264457,110938,482939,593877,4.353233337539887
264466,110953,482951,593904,4.352752967472713
264672,111074,483337,594411,4.3514863964564165
264830,111085,483653,594738,4.353900166539137
264871,111099,483763,594862,4.354341623236933
264923,111148,483898,595046,4.35363659265124
265120,111294,484134,595428,4.350045824572753
265218,111328,484378,595706,4.350909025582064
265221,111329,484384,595713,4.35092383835299
265488,111414,484874,596288,4.352002441344894
265509,111422,484891,596313,4.35184254456032
265631,111461,485145,596606,4.352598666798253
265683,111474,485209,596683,4.35266519547159
267466,111483,487701,599184,4.374666989585856
268492,111794,488691,600485,4.37135266651162
268533,111801,488779,600580,4.3718660834876255
268541,111801,488779,600580,4.3718660834876255
268808,111801,489568,601369,4.378923265444853
268992,111801,489935,601736,4.382205883668304
269098,111870,490090,601960,4.380888531331009
269110,111877,490119,601996,4.380873638013175
269123,111887,490131,602018,4.380589344606612
269204,111932,490225,602157,4.37966801272201
269266,111944,490357,602301,4.380377688844423
270341,112341,491889,604230,4.37853499612786
270361,112355,491939,604294,4.378434426594277
270368,112355,491951,604306,4.378541230919852
270456,112393,492071,604464,4.378128531136281
270544,112407,492111,604518,4.377939096319624
270694,112420,492419,604839,4.380172567158868
270720,112428,492461,604889,4.380234461166258
270789,112481,492572,605053,4.3791573688000645
270832,112521,492673,605194,4.378498235884857
270870,112551,492728,605279,4.377819832786915
270948,112592,492834,605426,4.377167116669035
270974,112602,492879,605481,4.3771780252571
271093,112686,493287,605973,4.377535807464991
271183,112757,493427,606184,4.376021000913469
271216,112787,493458,606245,4.375131885766977
271237,112794,493495,606289,4.375188396545916
271251,112798,493528,606326,4.375325803649001
271570,112798,494114,606912,4.3805209312221844
271590,112810,494133,606943,4.380223384451733
271802,112878,494300,607178,4.37906412232676
271817,112895,494330,607225,4.378670445989636
271830,112895,494350,607245,4.378847601753842
272251,113042,494774,607816,4.376904159515932
272352,113109,494951,608060,4.375876367044179
272781,113279,495615,608894,4.375171037879925
272789,113282,495623,608905,4.375125792270617
272805,113282,495649,608931,4.375355307992444
272815,113289,495666,608955,4.3752350184042585
272839,113303,495707,609010,4.375056265059178
272863,113314,495735,609049,4.37487865577069
273250,113562,496364,609926,4.370863493069865
273261,113564,496387,609951,4.3709890458243805
273336,113610,496522,610132,4.370407534548015
273364,113634,496547,610181,4.3697044898533886
273798,113794,497100,610894,4.368420127598995
274010,113803,498362,612165,4.379163993919317
274142,113898,498568,612466,4.377320058297776
274235,113918,498909,612827,4.379544935831037
274250,113933,498921,612854,4.379073666102007
274261,113949,498935,612884,4.378581646175043
274284,113960,498956,612916,4.378343278343278
274307,113976,498997,612973,4.378088369481294
274507,114075,499338,613413,4.377278106508876
274578,114090,499427,613517,4.377482689105093
274644,114138,499558,613696,4.376789500429305
274721,114153,499771,613924,4.378080295743432
274771,114165,499867,614032,4.378460999430649
274847,114207,500169,614376,4.379495127268907
274874,114212,500183,614395,4.3794259797569435
274896,114219,500213,614432,4.379420236563094
275186,114303,500331,614634,4.377234193328259
275200,114315,500344,614659,4.376888422341775
275233,114336,500388,614724,4.376469353484467
275357,114384,500475,614859,4.375393411665967
275756,114578,501114,615692,4.373562114891166
275776,114578,501135,615713,4.373745396149348
275804,114583,501146,615729,4.373650541528848
275862,114603,501277,615880,4.374030348245683
275880,114612,501295,615907,4.373843925592434
275951,114612,501467,616079,4.375344641049803
276014,114637,501522,616159,4.374870242591833
276399,114992,502417,617409,4.369147418950884
276450,115019,502495,617514,4.368799937401647
276539,115096,502696,617792,4.367623549037325
276551,115103,502722,617825,4.367583816234156
276653,115161,503044,618205,4.368180199894061
276749,115198,503289,618487,4.368903974027327
276852,115253,503569,618822,4.369248522815024
276898,115263,503628,618891,4.369381327919627
277443,115469,504386,619855,4.368150759078194
277474,115485,504439,619924,4.368004502749275
277497,115488,504449,619937,4.367977625380992
277606,115578,504644,620222,4.36626347574798
277827,115582,504690,620272,4.36651035628385
277834,115582,504701,620283,4.366605526812133
277849,115594,504714,620308,4.366264685018254
277913,115612,504799,620411,4.366320105179393
278007,115630,504988,620618,4.367274928651734
278020,115641,505011,620652,4.3670583962435465
278047,115656,505043,620699,4.366768693366535
278130,115673,505192,620865,4.367415040675006
278180,115688,505217,620905,4.367064864117281
278217,115708,505341,621049,4.367381684931034
278231,115717,505369,621086,4.367283977289421
278235,115720,505371,621091,4.367188040096785
278274,115758,505473,621231,4.366635567304203
278296,115770,505514,621284,4.366537099421266
278363,115800,505655,621455,4.366623488773748
280493,115805,514247,630052,4.440628642977419
280504,115812,514262,630074,4.440489759265016
280645,115913,514429,630342,4.438061304599139
280847,116031,514834,630865,4.437038377674932
280872,116051,514878,630929,4.436652850901758
280898,116068,514902,630970,4.436209808043561
281257,116337,515692,632029,4.432742807533287
281261,116340,515693,632033,4.432637098160564
281315,116340,515771,632111,4.433307546845453
281636,116357,516371,632728,4.437816375465164
284003,117618,520230,637848,4.423047492730705
284046,117626,520255,637881,4.422959209698536
284078,117651,520299,637950,4.422393349822781
284103,117668,520378,638046,4.422425808206139
284386,117721,520938,638659,4.425191766974456
284892,117930,521571,639501,4.422716865937421
284893,117930,521573,639503,4.422733825150513
284942,117956,521721,639677,4.423013666112788
285016,117996,521813,639809,4.422293976066985
285091,118041,521912,639953,4.421446785438958
285343,118207,522491,640698,4.420135863358346
285571,118391,523030,641421,4.41781892204644
285700,118391,523413,641804,4.421053965250737
285942,118398,523917,642315,4.425049409618405
286348,118672,524802,643474,4.422290009437778
286376,118679,524815,643494,4.422138710302581
286441,118712,524903,643615,4.42165071770335
286444,118718,524906,643624,4.421452517731094
286646,118729,524989,643718,4.421741950155396
286653,118734,524999,643733,4.421639968332576
286698,118742,525060,643802,4.421855788179414
286814,118742,525060,643802,4.421855788179414
286854,118768,525265,644033,4.4226138353765325
286863,118778,525282,644060,4.422384616679857
287138,118960,525781,644741,4.41981338264963
287158,118960,525812,644772,4.420073974445192
287195,118974,525866,644840,4.4200077327819525
287211,118991,525901,644892,4.419670395239976
287217,118994,525903,644897,4.419575776929929
287282,119012,525932,644944,4.419151009982187
287353,119025,526045,645070,4.4196177273682
287394,119037,526090,645127,4.41955022387997
287471,119115,526215,645330,4.417705578642488
287492,119136,526259,645395,4.417296199301639
287527,119164,526295,645459,4.41656037058172
287625,119215,526456,645671,4.4160214738078265
287684,119235,526584,645819,4.416354258397282
287742,119250,526671,645921,4.4165283018867925
287746,119252,526674,645926,4.416479388186362
287837,119273,527101,646374,4.41928181566658
287864,119280,527125,646405,4.4192236753856475
287875,119283,527137,646420,4.419213131795813
287969,119317,527220,646537,4.418649479956754
287996,119327,527247,646574,4.418505451406639
288024,119346,527296,646642,4.418212591959513
288043,119354,527317,646671,4.418092397406036
288159,119359,527345,646704,4.418141908025369
288190,119380,527383,646763,4.417683028983079
288255,119400,527421,646821,4.417261306532663
288367,119457,527522,646979,4.415999062424136
289129,119854,528720,648574,4.411367163382115
289138,119855,528736,648591,4.411463852154687
289183,119867,528808,648675,4.41162288202758
289194,119875,528824,648699,4.411461939520334
289227,119899,528861,648760,4.410887496976622
289290,119932,528942,648874,4.410349197878798
289320,119941,528957,648898,4.410143320465895
289341,119955,528979,648934,4.409812012838148
289439,119981,529391,649372,4.412290279294222
289490,120024,529464,649488,4.41131773645271
289571,120075,529615,649690,4.4107016448053304
290396,120276,530443,650719,4.410214839203166
290424,120304,530496,650800,4.40962894001862
290460,120318,530524,650842,4.40934855965026
290529,120346,530628,650974,4.409186844598076
290578,120347,530643,650990,4.409274846901044
291137,120347,532226,652573,4.422428477652122
291201,120378,532296,652674,4.42187110601605
291219,120384,532329,652713,4.421924840510367
291283,120428,532418,652846,4.4210482612017135
291329,120428,532561,652989,4.42223569269605
291343,120445,532604,653049,4.421968533355473
291359,120452,532634,653086,4.42196061501677
291429,120494,532744,653238,4.421332182515312
291514,120569,532868,653437,4.419610347601788
291576,120599,532933,653532,4.419049909203228
291737,120614,533305,653919,4.421584559006417
291775,120623,533355,653978,4.42166916757169
291787,120632,533373,654005,4.4214884939319585
292741,120999,534924,655923,4.420896040463144
292760,121004,534962,655966,4.421027404052759
292775,121004,534981,655985,4.421184423655417
292872,121063,535103,656166,4.420037501135773
292946,121085,535164,656249,4.419738200437709
292977,121098,535201,656299,4.4195692744719155
293921,121554,536828,658382,4.416374615397272
293973,121582,536899,658481,4.415941504499021
294044,121582,537026,658608,4.4169860670164995
294062,121582,537046,658628,4.417150565050748
294117,121644,537160,658804,4.41583637499589
294125,121653,537174,658827,4.415624768809647
294127,121653,537179,658832,4.415665869316827
294178,121669,537245,658914,4.415627645497209
294189,121684,537277,658961,4.41534630682752
294210,121689,537361,659050,4.415855171790383
294222,121697,537380,659077,4.415721012021661
294241,121702,537404,659106,4.415736799723915
294242,121702,537406,659108,4.415753233307587
294264,121724,537452,659176,4.4153330485360325
295593,121724,542482,664206,4.456656041536591
295655,121778,542571,664349,4.455410665309005
295666,121788,542592,664380,4.455217262784511
295683,121797,542628,664425,4.4551836252124435
295730,121800,542683,664483,4.455525451559934
295788,121811,542774,664585,4.455870159509404
296114,121999,543452,665451,4.45456110295986
296267,122022,543687,665709,4.455647342282539
296275,122022,543687,665709,4.455647342282539
296378,122092,543923,666015,4.455025718310782
296995,122252,544389,666641,4.453006903772535
297237,122279,544892,667171,4.45613719444876
297248,122292,544901,667193,4.455737088280509
297272,122293,544912,667205,4.455790601260906
297331,122319,544973,667292,4.455342179056402
297357,122327,545000,667327,4.455271526318802
297448,122366,545124,667490,4.454864913456352
297541,122423,545237,667660,4.453713762936703
297587,122432,545261,667693,4.453582396759018
297619,122447,545311,667758,4.453445164030152
297726,122485,545401,667886,4.452798301832877
298175,122491,545936,668427,4.4569478573936046
298188,122494,545975,668469,4.457157085244992
298202,122501,546001,668502,4.4571146357988916
298628,122525,546790,669315,4.462681085492757
298763,122569,547027,669596,4.463012670414216
298830,122579,547220,669799,4.464223072467552
299273,122827,548020,670847,4.461722585425028
299340,122863,548097,670960,4.461041973580329
299380,122877,548170,671047,4.461127794461127
299495,122952,548408,671360,4.460342247381091
299496,122952,548410,671362,4.4603585138916
299514,122974,548462,671436,4.459983411127555
299596,123006,548634,671640,4.460221452612068
299760,123063,548843,671906,4.459853895971982
299925,123185,549100,672285,4.457523237407152
300018,123246,549191,672437,4.456055368936923
300049,123251,549227,672478,4.45616668424597
300090,123284,549287,672571,4.455460562603419
300096,123286,549301,672587,4.455501841247181
300103,123299,549339,672638,4.4553402703995975
300169,123314,549421,672735,4.455463288839872
300200,123333,549469,672802,4.4551660950435
300357,123402,549686,673088,4.454433477577349
300369,123407,549727,673134,4.454585234224963
300375,123415,549737,673152,4.454377506786047
300403,123443,549779,673222,4.453707379114247
300438,123472,549899,673371,4.453633212388234
300496,123513,550000,673513,4.4529725615927065
300504,123516,550001,673517,4.452872502347874
300691,123600,550279,673879,4.452095469255664
300698,123602,550279,673881,4.452023430041585
300717,123602,550279,673881,4.452023430041585
300844,123604,550654,674258,4.4549852755574255
300851,123604,550674,674278,4.455147082618685
300926,123710,550938,674648,4.453463745857246
301108,123749,551003,674752,4.452585475438186
301569,123980,551569,675549,4.448854653976448
301611,123989,551630,675619,4.449023703715652
301660,124001,551708,675709,4.449222183692067
301745,124028,551778,675806,4.448818008836715
302124,124231,553477,677708,4.455224541378561
302171,124260,553529,677789,4.454603251247384
302197,124265,553564,677829,4.454705669335694
302211,124273,553593,677866,4.454652257529793
302265,124319,553698,678017,4.453848566992978
302272,124321,553698,678019,4.453776916208846
302300,124336,553738,678074,4.4535613177197275
302314,124336,553764,678100,4.453770428516279
302335,124347,553791,678138,4.453593572824435
302344,124354,553804,678158,4.453447416247165
302365,124366,553863,678229,4.453492111992023
302497,124444,554043,678487,4.452147150525538
302802,124444,554882,679326,4.458889138889782
302931,124495,555249,679744,4.460010442186433
303125,124607,555694,680301,4.459572897188761
303426,124645,556255,680900,4.46271410806691
303461,124669,556330,680999,4.462456585037178
303497,124696,556380,681076,4.461891319689485
303525,124706,556432,681138,4.461950507593861
303545,124715,556464,681179,4.461885098023494
303554,124718,556472,681190,4.461841915361054
303621,124724,556539,681263,4.462164459125749
303671,124759,556609,681368,4.461473721334733
303761,124761,556873,681634,4.46351824688805
303786,124778,556929,681707,4.463358925451602
303816,124794,556947,681741,4.46293091013991
303903,124805,557131,681936,4.4640118584992585
303994,124805,557310,682115,4.465446095909619
304079,124861,557418,682279,4.464308310841656
304111,124868,557455,682323,4.464354358202262
304155,124900,557578,682478,4.464195356285028
304185,124915,557657,682572,4.46429171836849
304221,124936,557792,682728,4.46462188640584
304223,124936,557792,682728,4.46462188640584
304233,124936,557808,682744,4.464749951975412
305655,125017,560559,685576,4.483862194741516
306100,125171,560986,686157,4.4817569564835305
306103,125174,560992,686166,4.481697477111861
306279,125303,561366,686669,4.48006831440588
306311,125310,561449,686759,4.480480408586705
306343,125319,561490,686809,4.480485800237793
306438,125374,561612,686986,4.479493355879209
306479,125411,561687,687098,4.47876980488155
306675,125569,561988,687557,4.475531381152992
306678,125572,561994,687566,4.47547223903418
306690,125572,562027,687599,4.4757350364730994
306732,125584,562072,687656,4.475665689896802
306808,125646,562178,687824,4.4743008133963675
307006,125728,562259,687987,4.47202691524561
307117,125739,562286,688025,4.471850420315097
307202,125810,562473,688283,4.470813130911692
307216,125818,562502,688320,4.4707593508083106
307247,125828,562559,688387,4.470857042947515
307257,125828,562587,688415,4.471079568935372
307377,125956,562877,688833,4.468838324494268
307486,126009,563015,689024,4.468053869168076
307493,126009,563015,689024,4.468053869168076
307530,126025,563106,689131,4.468208688752232
307561,126025,563155,689180,4.4685975004959335
307755,126164,563472,689636,4.466186867886243
307817,126197,563588,689785,4.465938176026372
307833,126205,563613,689818,4.465853175389248
307861,126209,563630,689839,4.465846334255085
307920,126257,563693,689950,4.464647504692809
308038,126333,563873,690206,4.463386446929939
308040,126337,563878,690215,4.463284706776321
308068,126337,563925,690262,4.46365672764115
308138,126365,563973,690338,4.4630475210699165
308238,126423,564196,690619,4.462763895810098
308268,126447,564246,690693,4.46231227312629
308883,126938,565394,692332,4.454095700263121
309038,126944,565464,692408,4.454436601966221
309059,126957,565492,692449,4.454201028694755
309109,126974,565554,692528,4.454092963913872
309144,126984,565606,692590,4.4541517041517045
309311,127080,565818,692898,4.452455146364495
309346,127089,565957,693046,4.45323356073303
309384,127106,566002,693108,4.452991990936699
309402,127115,566024,693139,4.452849781693742
309412,127119,566040,693159,4.452835532060511
309517,127174,566297,693471,4.452930630474783
309529,127180,566316,693496,4.4528699481050475
309716,127253,566541,693794,4.452083644393452
309728,127262,566581,693843,4.452083104147349
309872,127339,566754,694093,4.450749573971839
309913,127356,566804,694160,4.4505480699770725
309941,127364,566823,694187,4.450417700449107
309995,127380,566857,694237,4.450125608415764
310027,127407,566898,694305,4.4495043443452875
310138,127476,567048,694524,4.448272616021839
310190,127489,567093,694582,4.448171999152868
310227,127494,567117,694611,4.448185796978682
310303,127526,567195,694721,4.447681257155404
310352,127538,567274,694812,4.447882199814957
310516,127634,567531,695165,4.446550292241879
310570,127644,567581,695225,4.4465936510921
310601,127667,567609,695276,4.44601189030838
310784,127716,567984,695700,4.447242318895048
311316,127832,568533,696365,4.4475014080981286
311321,127838,568557,696395,4.447480404887435
311351,127864,568601,696465,4.446920165175499
311363,127864,568624,696488,4.447100043796534
311419,127921,568785,696706,4.446377060842239
311497,127966,568879,696845,4.445548036197115
311522,127980,568919,696899,4.445374277230817
311720,127987,569071,697058,4.446318766749748
311925,128016,569232,697248,4.446569178852643
311964,128043,569307,697350,4.446217286380357
312666,128197,570824,699021,4.452709501782413
312690,128206,570848,699054,4.452584122427967
312758,128243,571035,699278,4.452757655388599
312767,128252,571054,699306,4.452593331877866
312777,128253,571059,699312,4.452597600056139
312792,128256,571085,699341,4.4526961701596806
312884,128265,571147,699412,4.452867111059136
313197,128454,571744,700198,4.450962990642565
313235,128479,571798,700277,4.450517205146366
313292,128507,571868,700375,4.450092212875563
313301,128518,571896,700414,4.449929192797896
313314,128519,571922,700441,4.450096872835923
313554,128684,572335,701019,4.447600323272512
314134,128706,573080,701786,4.452628471089149
314147,128711,573100,701811,4.452610887958294
314167,128718,573125,701843,4.452562967106387
314198,128750,573212,701962,4.452132038834952
314218,128760,573235,701995,4.451964895930413
314380,128890,573650,702540,4.450694390565599
314693,128890,574436,703326,4.456792613856777
315042,129042,575096,704138,4.456657522357062
315155,129077,575248,704325,4.456626664704014
315311,129107,575439,704546,4.457070491917556
315330,129113,575453,704566,4.456971799896215
315660,129224,575614,704838,4.454389277533585
315703,129249,575697,704946,4.4541698581807205
315880,129378,575977,705355,4.4518929029665015
315972,129400,576041,705441,4.451630602782071
316008,129409,576069,705478,4.451537373752985
316144,129475,576219,705694,4.450426723305657
316186,129491,576298,705789,4.45048690642593
316190,129491,576307,705798,4.450556409325745
316221,129506,576325,705831,4.450179914444118
316262,129518,576392,705910,4.450284902484596
316317,129542,576452,705994,4.449923576909419
316333,129558,576505,706063,4.449783108723506
316396,129588,576563,706151,4.449200543260178
316442,129608,576598,706206,4.448784025677427
316454,129611,576627,706238,4.448904799746935
316780,129771,576936,706707,4.445800679658784
316840,129790,577100,706890,4.446413437090685
316918,129825,577168,706993,4.445738494126709
316959,129867,577238,707105,4.444839720637267
317389,130088,577929,708017,4.44260039357973
317441,130108,578002,708110,4.442478556276324
317485,130126,578043,708169,4.442179118700337
317881,130234,578321,708555,4.44062994302563
317890,130238,578338,708576,4.440624088207743
320229,131048,580701,711749,4.431208412184849
320270,131058,580752,711810,4.431259442384288
320276,131062,580757,711819,4.431162350643207
320410,131124,580964,712088,4.4306458009212655
320756,131217,581202,712419,4.429319371727749
321032,131334,581882,713216,4.430551113953737
321448,131351,582607,713958,4.435497255445333
321468,131360,582650,714010,4.435520706455542
321500,131374,582664,714038,4.4351545967999755
321706,131475,583232,714707,4.436067693477847
321726,131481,583252,714733,4.436017371331219
321775,131518,583334,714852,4.435392873979227
322086,131657,583660,715317,4.433186233926035
322271,131668,583971,715639,4.43517787161649
322285,131668,583997,715665,4.435375337971261
322335,131689,584084,715773,4.435328691082779
322411,131707,584210,715917,4.4356791970054745
322426,131707,584238,715945,4.435891790109865
322501,131714,584461,716175,4.437349104878752
322516,131714,584468,716182,4.437402250330261
322678,131808,584778,716586,4.436589584850692
322730,131826,584846,716672,4.4364996282979074
322771,131846,584912,716758,4.436327230253478
322776,131852,584919,716771,4.436178442496132
322843,131877,584982,716859,4.435815191428376
322887,131902,585040,716942,4.435414171127049
322943,131915,585122,717037,4.4355986809688055
323022,131966,585256,717222,4.434899898458694
323251,132075,585606,717681,4.433889835320841
323459,132214,585954,718168,4.431860468634184
323483,132218,585971,718189,4.431854966797259
323509,132226,585989,718215,4.431722959175956
323516,132228,585997,718225,4.431716429198052
323534,132233,586035,718268,4.431836228475494
323555,132243,586060,718303,4.4316901461703075
323581,132250,586085,718335,4.43164461247637
323711,132251,586470,718721,4.434522234236414
323724,132256,586492,718748,4.434520929107186
323842,132297,586802,719099,4.435489844818854
323853,132304,586830,719134,4.435466803724755
323982,132380,587016,719396,4.434325426801632
324030,132405,587103,719508,4.434145236207092
324083,132430,587164,719594,4.433768783508269
324142,132471,587292,719763,4.433362773739158
324156,132487,587309,719796,4.43295568621827
324174,132508,587364,719872,4.432668216258641
324290,132579,587591,720170,4.432006577210569
324300,132585,587600,720185,4.431873892220085
324493,132585,587852,720437,4.433774559716408
324677,132693,588291,720984,4.433474260134295
324770,132707,588369,721076,4.433594309267786
324786,132707,588395,721102,4.433790229603563
324826,132744,588480,721224,4.433194720665341
324885,132763,588553,721316,4.433110128574979
324912,132777,588593,721370,4.43294395866754
325054,132845,588804,721649,4.432263163837555
325065,132851,588821,721672,4.43219095076439
325091,132854,588844,721698,4.432263989040601
325101,132858,588853,721711,4.432198286892773
325290,132912,589073,721985,4.432052786806308
325440,133002,589317,722319,4.430888257319439
325478,133015,589400,722415,4.431079201593805
325504,133024,589430,722454,4.431004931440943
325518,133024,589456,722480,4.431200384892952
326036,133241,590554,723795,4.432224315338372
326099,133290,590687,723977,4.431592767649486
326119,133300,590705,724005,4.431395348837209
326136,133309,590718,724027,4.431193692848945
326152,133309,590744,724053,4.431388728442941
326157,133311,590747,724058,4.431344750245666
326222,133320,590783,724103,4.431315631563156
326253,133326,590819,724145,4.431386226242443
326280,133341,590849,724190,4.431112711019116
326317,133364,590894,724258,4.4306859422332865
326483,133375,591201,724576,4.432622305529522
326520,133391,591247,724638,4.432435471658508
332281,135867,602151,738018,4.4319150345558525
332331,135897,602226,738123,4.43148855383121
332339,135902,602233,738135,4.431377021677386
332391,135923,602276,738199,4.431008732885531
332405,135927,602309,738236,4.431121116481641
332427,135944,602352,738296,4.430883304890249
332445,135944,602362,738306,4.430956864591303
332455,135944,602378,738322,4.431074560112988
332512,135944,602528,738472,4.432177955628788
332529,135955,602566,738521,4.432098856239197
332536,135956,602570,738526,4.432095678013475
332539,135956,602579,738535,4.432161875901027
332565,135956,602618,738574,4.432448733413752
332573,135956,602618,738574,4.432448733413752
332658,136000,602806,738806,4.432397058823529
332741,136022,602847,738869,4.431981591213186
332992,136272,603429,739701,4.428121697780909
333084,136272,603434,739706,4.428158389104144
333116,136280,603459,739739,4.4280818902260055
333123,136286,603465,739751,4.4279309686981785
333194,136308,603627,739935,4.428404789153975
333231,136334,603687,740021,4.428000352076518
333246,136344,603716,740060,4.427888282579358
333319,136369,603809,740178,4.427758508165345
333340,136381,603866,740247,4.427786861806263
333351,136388,603886,740274,4.4277062498166995
333430,136445,603960,740405,4.426398915313863
333464,136454,603969,740423,4.426172922743196
333551,136520,604118,740638,4.425124523879285
333615,136557,604256,740813,4.4249361072665625
333623,136565,604272,740837,4.424794054113426
334191,136959,605269,742228,4.419344475353938
334238,136999,605352,742351,4.418659990218907
334299,137007,605498,742505,4.419467618442853
334300,137007,605500,742507,4.419482216237126
334314,137016,605535,742551,4.419447363811526
334365,137034,605584,742618,4.419224426054848
334418,137052,605644,742696,4.419081808364708
334420,137055,605648,742703,4.41901426434643
334474,137085,605787,742872,4.419061166429588
334797,137241,606678,743919,4.420530307998339
334907,137279,606798,744077,4.420180799685312
335663,137700,608223,745923,4.4170152505446625
335694,137700,608272,745972,4.417371096586783
335743,137700,608381,746081,4.418162672476398
335780,137711,608411,746122,4.418027608542528
335806,137723,608438,746161,4.417838705227159
335876,137784,608536,746320,4.416594089299193
335895,137784,608551,746335,4.416702955350403
335899,137786,608556,746342,4.4166751339033
335907,137790,608568,746358,4.416634008273459
336093,137898,608807,746705,4.414908120494858
336095,137898,608809,746707,4.41492262396844
336139,137912,608899,746811,4.415127037531179
336140,137912,608899,746811,4.415127037531179
336191,137927,608981,746908,4.415241395810828
336229,137957,609029,746986,4.414629196053843
336331,138033,609239,747272,4.413719907558337
336411,138046,609281,747327,4.413608507309158
336468,138046,609431,747477,4.414695101632789
336648,138099,609525,747624,4.413681489366324
336808,138172,609728,747900,4.41281880554671
336824,138183,609821,748004,4.413140545508492
337196,138389,610551,748940,4.4118463172651
337208,138390,610584,748974,4.412052893995231
337752,138405,611238,749643,4.416299989162241
337792,138412,611256,749668,4.416206687281449
338035,138487,611587,750074,4.416205131167547
338041,138488,611594,750082,4.4162237883426725
338052,138488,611609,750097,4.416332100976258
338104,138507,611681,750188,4.416246110304894
338129,138519,611697,750216,4.415979035366989
338248,138592,612018,750610,4.415969175709997
338271,138594,612029,750623,4.415984818967632
338299,138617,612062,750679,4.415490163544154
338326,138617,612112,750729,4.415850869662451
338409,138693,612330,751023,4.4150029201185355
338493,138735,612422,751157,4.414329477060583
338518,138752,612486,751238,4.414249884686347
338534,138759,612502,751261,4.414142506071678
338763,138807,612710,751517,4.414114561945723
338779,138811,612719,751530,4.414052200474026
339276,139188,613882,753070,4.41045205046412
339292,139208,613912,753120,4.41003390609735
339350,139220,614022,753242,4.410443901738256
339423,139279,614130,753409,4.409351014869435
339735,139514,614760,754274,4.406439497111401
340119,139647,616081,755728,4.41170236381734
340178,139661,616236,755897,4.412369952957518
340318,139722,616546,756268,4.412662286540416
340378,139727,616806,756533,4.414365154909216
340420,139736,616825,756561,4.414216808839526
340490,139744,617087,756831,4.415838962674605
340793,139956,617946,757902,4.415287661836577
340837,139956,618012,757968,4.415759238617851
341025,139965,618283,758248,4.417411495731075
341147,140044,618436,758480,4.4160121104795635
341276,140044,618819,758863,4.418746965239496
341294,140056,618834,758890,4.418475466956075
341384,140102,618999,759101,4.418202452498893
341401,140141,619029,759170,4.4171869759741975
341412,140141,619039,759180,4.41725833267923
341514,140166,619217,759383,4.417740393533382
341568,140178,619315,759493,4.418061322033415
341631,140205,619427,759632,4.41800934346136
341722,140267,619529,759796,4.416783705361917
341731,140269,619545,759814,4.416834795999116
341748,140282,619596,759878,4.416789039220998
341785,140292,619655,759947,4.416894762352807
341818,140303,619683,759986,4.416748038174522
341871,140336,619786,760122,4.416443392999658
341967,140342,619879,760221,4.416917245015747
342016,140371,619934,760305,4.416396549144767
342038,140385,619959,760344,4.4161342023720485
342071,140390,619988,760378,4.416183488852482
342080,140392,620004,760396,4.4162345432788195
342222,140476,620144,760620,4.414590392664939
342261,140498,620176,760674,4.414126891486
342294,140507,620188,760695,4.4139295551111335
342712,140542,620568,761110,4.415534146376173
342833,140604,621011,761615,4.416737788398623
342860,140625,621042,761667,4.416298666666667
342955,140627,621321,761948,4.418219829762421
342986,140667,621429,762096,4.417731237603703
343066,140707,621492,762199,4.416923109724463
343659,140992,622505,763497,4.415179584657285
343730,140992,622677,763669,4.416399512029051
343856,141053,622789,763842,4.415283616796524
343866,141061,622795,763856,4.415075747371705
344010,141082,623032,764114,4.416098439205569
344094,141102,623148,764250,4.416294595399073
344126,141120,623189,764309,4.416021825396825
344180,141189,623309,764498,4.414713610833705
344241,141211,623354,764565,4.414344491576435
344331,141255,623461,764716,4.413726947718665
344477,141259,623656,764915,4.414982408200539
344504,141278,623687,764965,4.414608077690794
344522,141287,623729,765016,4.414624133855202
344549,141298,623782,765080,4.414655550680123
344707,141315,624267,765582,4.417556522662138
344712,141320,624275,765595,4.4174568355505235
344739,141322,624301,765623,4.417578296372822
344752,141333,624350,765683,4.417581173540504
344887,141393,624444,765837,4.416371390380005
344907,141399,624462,765861,4.416311289330193
344918,141401,624485,765886,4.416411482238456
345165,141465,624679,766144,4.41578482310112
345188,141479,624719,766198,4.415630588285187
345257,141514,624826,766340,4.415294599827579
345280,141525,624839,766364,4.41504327857269
345309,141538,624877,766415,4.414906244259492
345429,141578,625078,766656,4.415078613908941
345467,141602,625135,766737,4.414732842756458
345485,141617,625165,766782,4.414477075492349
345588,141617,625520,767137,4.416983836686273
345866,141770,626036,767806,4.4158566692530155
345905,141790,626094,767884,4.4156428521052264
345994,141822,626185,768007,4.415288178138794
346041,141835,626276,768111,4.415525081961434
346071,141852,626336,768188,4.415418887290979
346216,141852,626672,768524,4.417787553224487
346795,141927,626879,768806,4.416911510847125
346798,141927,626888,768815,4.416974923728396
346807,141934,626914,768848,4.416940268011893
346849,141945,626977,768922,4.417041811969424
346883,141960,627025,768985,4.416913214990138
346927,141985,627077,769062,4.416501743141882
347318,142183,627976,770159,4.416674285955423
347647,142264,628265,770529,4.416191025136366
347726,142314,628418,770732,4.415714546706578
347780,142314,628537,770851,4.416550725859719
348756,142639,629782,772421,4.41521603488527
348910,142705,630085,772790,4.415297291615571
348943,142715,630148,772863,4.415429352205445
348960,142732,630220,772952,4.415407897318051
348960,142732,630265,772997,4.415723173499986
349070,142752,630343,773095,4.41565091907644
349091,142760,630378,773138,4.415648641075932
349155,142799,630513,773312,4.415388062941617
349234,142850,630608,773458,4.4144767238361915
349245,142850,630617,773467,4.414539726986349
349265,142852,630624,773476,4.414526922969227
349280,142855,630647,773502,4.414595218928284
349376,142890,630735,773625,4.414129750157464
349429,142919,630817,773736,4.413807821213415
349762,142991,631085,774076,4.4134595883657015
349771,142998,631111,774109,4.413425362592484
349808,143013,631259,774272,4.413997328914155
349863,143047,631426,774473,4.414115640314023
349995,143126,631742,774868,4.413887064544527
350016,143133,631760,774893,4.413796958073959
350023,143133,631760,774893,4.413796958073959
350315,143278,632493,775771,4.414446041960384
350470,143365,632679,776044,4.413064555505179
350581,143365,632943,776308,4.414906009137516
350628,143390,633012,776402,4.414617476811493
350714,143408,633093,776501,4.41462819368515
350725,143408,633103,776511,4.414697924801963
350731,143413,633112,776525,4.414606765077085
350793,143449,633243,776692,4.414412090708196
350952,143528,633921,777449,4.4167061479293235
351016,143587,634053,777640,4.415810623524414
351110,143621,634188,777809,4.415705224166382
351138,143634,634214,777848,4.4154865839564446
351147,143643,634232,777875,4.415335240840139
351184,143678,634362,778040,4.4151644649842
351189,143679,634369,778048,4.4151824553344605
351235,143702,634522,778224,4.4155404935213145
351404,143807,634782,778589,4.414124486290653
351451,143807,634876,778683,4.4147781401461685
351502,143831,634911,778742,4.414284820379473
351504,143831,634916,778747,4.414319583399963
351526,143839,634953,778792,4.414331300968444
351808,143916,635203,779119,4.413706606631647
351953,143957,636542,780499,4.421750939516661
352003,143963,636586,780549,4.4218722866292035
352581,144060,637308,781368,4.423906705539358
352601,144060,637339,781399,4.424121893655421
352722,144105,637476,781581,4.423691058603102
352735,144120,637508,781628,4.423452678323619
352741,144128,637512,781640,4.4232349023090585
352762,144134,637527,781661,4.423154842022007
353331,144148,638304,782452,4.428115547909093
353584,144151,638743,782894,4.431068809789735
353603,144175,638774,782949,4.430546211201665
353709,144191,638975,783166,4.43144856475092
353773,144199,639047,783246,4.431702022898911
353780,144202,639048,783250,4.431616759823026
353811,144220,639101,783321,4.431431146858966
353866,144236,639129,783365,4.431133697551235
353950,144323,639325,783648,4.429820610713469
353957,144323,639325,783648,4.429820610713469
354065,144337,639377,783714,4.429751207244157
354316,144458,639762,784220,4.428705921444295
354359,144487,639839,784326,4.428349955359305
354401,144499,639855,784354,4.42809292797874
354444,144511,639950,784461,4.4283826144722545
354475,144528,640005,784533,4.428242278312853
354484,144531,640022,784553,4.428267984031107
354515,144540,640073,784613,4.428345094783451
354606,144554,640151,784705,4.428455801984033
354625,144554,640178,784732,4.428642583394441
354745,144554,640670,785224,4.432046155761861
354746,144554,640672,785226,4.432059991421891
354763,144555,640698,785253,4.432209193732489
354807,144570,640759,785329,4.432171266514492
354838,144581,640795,785376,4.432083053789917
355097,144795,641424,786219,4.4298767222625095
355114,144795,641424,786219,4.4298767222625095
355259,144918,641780,786698,4.4285734001297286
355287,144928,641805,786733,4.4284403289909475
355344,144950,641904,786854,4.42845119006554
355410,144990,641976,786966,4.427726050072419
355428,144997,642010,787007,4.427746780967882
355442,145005,642028,787033,4.42762663356436
355562,145045,642111,787156,4.426977834465166
355582,145054,642145,787199,4.426937554290126
355624,145064,642168,787232,4.426790933656869
355628,145064,642175,787239,4.426839188220372
355656,145085,642212,787297,4.426453458317538
355659,145085,642221,787306,4.426515490919116
355670,145094,642255,787349,4.426475250527244
355736,145117,642369,787486,4.426559259080604
355746,145120,642378,787498,4.426529768467475
355836,145164,642461,787625,4.425759830260946
355846,145164,642477,787641,4.425870050425726
355847,145164,642479,787643,4.425883827946323
356438,145189,643204,788393,4.430115229115153
356457,145203,643245,788448,4.429970455155885
356516,145238,643369,788607,4.429756675250279
356534,145250,643396,788646,4.429576592082616
356569,145264,643437,788701,4.429431930829386
356653,145298,643584,788882,4.4294071494445895
356705,145310,643756,789066,4.430225036129654
356716,145310,643766,789076,4.430293854517927
356731,145313,643789,789102,4.430360669726728
356764,145343,643846,789189,4.429838382309433
356782,145343,643889,789232,4.430134234190845
356802,145352,643924,789276,4.430100721008311
356829,145355,643959,789314,4.430250077396718
356853,145368,644001,789369,4.430142809971933
356906,145395,644138,789533,4.43026238866536
356907,145397,644145,789542,4.430249592495031
356929,145418,644171,789589,4.429788609388109
356940,145418,644197,789615,4.429967404310333
357097,145428,644366,789794,4.430824875539786
357113,145439,644385,789824,4.430620397554988
357315,145495,644541,790036,4.429987284786419
357331,145495,644548,790043,4.4300353964053745
360736,145767,650045,795812,4.459479854836829
360756,145773,650109,795882,4.459735341935749
360764,145776,650131,795907,4.459794479200966
360845,145810,650269,796079,4.459700980728345
360967,145861,650384,796245,4.458930077265341
360980,145871,650403,796274,4.458754653083889
361073,145904,650513,796417,4.458500109661147
361105,145932,650577,796509,4.458083216840721
361143,145945,650621,796566,4.457987598067765
361374,145958,650979,796937,4.460043300127434
361379,145960,650987,796947,4.46003699643738
361429,145971,651097,797068,4.460454473833844
361434,145971,651102,797073,4.460488727212939
361635,146124,651496,797620,4.4585146861569624
361676,146147,651587,797734,4.4584356846189115
361743,146197,651724,797921,4.457847972256612
361759,146197,651750,797947,4.4580258144831975
378095,147324,682736,830060,4.634248323423203
378122,147324,682790,830114,4.634614862479976
378146,147328,682811,830139,4.634631570373588
378199,147370,682962,830332,4.634335346407003
378219,147370,682983,830353,4.634477844880234
378248,147392,683091,830483,4.634518834129397
378264,147395,683120,830515,4.63462125580922
378272,147395,683120,830515,4.63462125580922
378394,147407,683232,830639,4.6350037650857825
378492,147408,683521,830929,4.6369328666015415
378498,147412,683533,830945,4.636888448701598
378508,147416,683558,830974,4.636932219026429
378526,147416,683568,830984,4.637000054268193
378555,147428,683594,831022,4.636798979841007
378564,147446,683602,831048,4.636287183104323
378632,147467,683664,831131,4.6360473868729954
381449,147767,689424,837191,4.665615462180324
381469,147767,689445,837212,4.665757577808306
381492,147777,689476,837253,4.6656516237303505
381591,147799,689511,837310,4.665193945831839
381709,147799,689688,837487,4.666391518210543
381724,147799,689716,837515,4.66658096468853
381733,147801,689731,837532,4.666619305688053
381754,147801,689760,837561,4.666815515456594
381772,147812,689782,837594,4.6666170540957435
382030,147978,690091,838069,4.663470245577045
382053,147985,690151,838136,4.6636551001790725
382084,147985,690200,838185,4.66398621481907
382094,147988,690212,838200,4.663972754547666
382114,147991,690227,838218,4.663979566324979
382132,148010,690258,838268,4.663590297952841
382145,148011,690262,838273,4.663585814567837
382168,148023,690300,838323,4.66346446160394
382199,148040,690375,838415,4.663435557957309
382229,148059,690427,838486,4.663188323573711
382301,148059,690630,838689,4.664559398618119
382329,148097,690736,838833,4.664078273023762
382655,148111,691544,839655,4.669092775013334
382720,148132,691614,839746,4.668903410471741
382731,148132,691624,839756,4.668970917830044
383184,148292,692818,841110,4.671985002562511
383215,148292,692888,841180,4.672457044210072
383263,148297,692956,841253,4.672758046352927
383332,148314,693182,841496,4.673746241083108
383491,148383,693307,841690,4.672415303639905
383704,148513,693970,842483,4.672789587443524
384479,149167,696213,845380,4.66733929086192
385011,149429,697135,846564,4.6653260076691945
385049,149437,697190,846627,4.665444300942872
385120,149438,697293,846731,4.666102330063304
385181,149438,697394,846832,4.6667781956396635
385222,149454,697429,846883,4.666512773160973
385234,149461,697443,846904,4.666387887141127
385296,149495,697528,847023,4.665895180440818
385541,149638,697807,847445,4.6633007658482475
385568,149659,697832,847491,4.662813462604989
385576,149669,697856,847525,4.662662274752955
385585,149669,697882,847551,4.662835991421069
385591,149671,697894,847565,4.662853859465093
385604,149671,697908,847579,4.662947397959525
385933,149769,698154,847923,4.661538769705346
386002,149819,698225,848044,4.660456951388008
386008,149824,698241,848065,4.660408212302435
386013,149826,698248,848074,4.660392722224447
386098,149850,698334,848184,4.6602202202202205
386261,149930,698541,848471,4.659114253318215
386348,149982,698629,848611,4.6580856369431
386355,149988,698654,848642,4.6580659786116225
386360,149988,698656,848644,4.658079313011708
386399,149988,698691,848679,4.658312665013201
386723,150063,698896,848959,4.6573505794233085
386842,150098,699279,849377,4.658816240056496
386875,150119,699361,849480,4.658710756133467
386886,150119,699373,849492,4.658790692717111
386931,150128,699468,849596,4.659144196951934
387027,150222,699637,849859,4.657353783067727
390788,150320,705643,855963,4.694272219265566
390799,150322,705657,855979,4.694302896448956
390806,150325,705670,855995,4.69429569266589
390857,150329,705677,856006,4.694217349945785
390872,150332,705705,856037,4.6943099273607745
390895,150338,705715,856053,4.694189093908393
390977,150377,705850,856227,4.693869408220672
391104,150404,706249,856653,4.6956796361798885
391179,150455,706383,856838,4.694978565019441
391676,150683,707489,858172,4.695214456839856
391697,150690,707495,858185,4.695036166965293
391733,150701,707525,858226,4.694892535550527
392890,151301,709362,860663,4.6884158069014745
392960,151337,709447,860784,4.687862188361075
392962,151342,709456,860798,4.687766779876043
393188,151451,710044,861495,4.688275415811054
393248,151460,710102,861562,4.688379770236366
393318,151505,710222,861727,4.687779281211841
393345,151525,710254,861779,4.687371720838145
393592,151715,710601,862316,4.683788682727482
393612,151715,710622,862337,4.683927100154896
393640,151732,710651,862383,4.683593441067145
393672,151746,710727,862473,4.683662172314262
393726,151746,710864,862610,4.68456499677092
393791,151758,710897,862655,4.68441202440728
393797,151766,710920,862686,4.684316645361939
394127,151945,711463,863408,4.682371910888809
395976,152807,714628,867435,4.676670571374348
395981,152812,714633,867445,4.6765502709211315
396322,153071,715535,868606,4.674530120009669
396335,153081,715545,868626,4.674290081721441
396357,153088,715562,868650,4.6741873954849495
396370,153095,715586,868681,4.674130441882491
397151,153368,716456,869824,4.6714829690678625
397176,153381,716488,869869,4.671295662435373
397247,153421,716610,870031,4.670872957417824
397278,153431,716672,870103,4.670972619614028
397283,153434,716683,870117,4.670952983041568
397851,153661,717943,871604,4.672252555951087
397858,153667,717954,871621,4.672141709020154
397881,153675,717987,871662,4.6721132259638845
397921,153720,718069,871789,4.671278948737966
397941,153727,718087,871814,4.671183331490239
397962,153739,718144,871883,4.67118948347524
398039,153740,718253,871993,4.671868088981397
398128,153782,718372,872154,4.671365959605155
398163,153782,718401,872183,4.6715545382424475
398169,153782,718417,872199,4.671658581628539
398796,154058,719267,873325,4.668806553376001
399158,154107,720249,874356,4.673694251396757
399168,154114,720256,874370,4.673527388816071
399211,154147,720315,874462,4.672909625227867
399499,154147,720915,875062,4.676802013662283
399567,154192,720984,875176,4.675884611393587
399608,154210,721074,875284,4.6759224434213085
399620,154219,721092,875311,4.675766280419404
399663,154245,721130,875375,4.675224480534215
399774,154245,721308,875553,4.676378488767869
399798,154254,721334,875588,4.676274197103479
399814,154257,721366,875623,4.676390698639284
399833,154267,721423,875690,4.676457051734979
399934,154308,721664,875972,4.67677631749488
399964,154308,721684,875992,4.676905928402935
399996,154322,721739,876061,4.676838039942458
400024,154324,721774,876098,4.67700422487753
400115,154326,721799,876125,4.677105607609865
400130,154326,721825,876151,4.677274082137812
400177,154366,721973,876339,4.677020846559476
400605,154534,722713,877247,4.676724863136915
400639,154540,722779,877319,4.676970363659894
400871,154549,724168,878717,4.685685446039767
401124,154647,724450,879097,4.684539628961441
401231,154679,724583,879262,4.684430336374039
401417,154852,724947,879799,4.681547542169297
401690,154852,724966,879818,4.681670239971069
401698,154852,724966,879818,4.681670239971069
401720,154860,724974,879834,4.681480046493607
401801,154860,725029,879889,4.68183520599251
401855,154876,725078,879954,4.681667914977143
402041,154963,725343,880306,4.680749598291205
402130,155071,725481,880552,4.678379580966138
402135,155074,725487,880561,4.678327766098766
402147,155079,725495,880574,4.678228515788727
402213,155104,725537,880641,4.677745254796782
402266,155146,725618,880764,4.6770010183955755
402727,155181,726787,881968,4.683479291923625
402974,155258,727328,882586,4.684641049092479
402987,155265,727352,882617,4.684584420184845
403790,155306,729257,884563,4.695613820457677
403799,155307,729275,884582,4.695699485535101
403806,155312,729279,884591,4.695574070258576
403849,155312,729387,884699,4.696269444730607
403873,155312,729412,884724,4.696430411043576
403956,155375,729534,884909,4.695311343523733
403983,155386,729582,884968,4.695287863771511
404001,155411,729645,885056,4.694937938755944
404011,155411,729679,885090,4.695156713488749
404221,155630,730135,885765,4.691479791813918
404277,155646,730244,885890,4.691697827120517
404543,155646,730703,886349,4.694646826773576
404612,155673,730848,886521,4.694764024590006
404660,155713,730927,886640,4.694065363842454
404676,155722,730948,886670,4.6939289246220826
404767,155729,731056,886785,4.694411445523955
404792,155744,731095,886839,4.694209728785699
404898,155816,731292,887108,4.693304923756226
404919,155821,731328,887149,4.693385358841234
404927,155827,731331,887158,4.6932238957305215
404948,155836,731359,887195,4.693132523935419
404955,155836,731359,887195,4.693132523935419
405241,155930,731666,887596,4.692272173411146
406101,156236,733045,889281,4.691908394992192
406231,156236,733431,889667,4.694379016359866
406277,156250,733456,889706,4.6941184
406322,156265,733535,889800,4.694173359357501
406618,156419,733759,890178,4.69098383188743
406624,156422,733771,890193,4.690970579585992
406635,156422,733793,890215,4.69111122476378
406648,156429,733819,890248,4.691067513057042
407048,156775,734714,891489,4.686423217987562
407090,156789,734777,891566,4.686406571889609
407125,156802,734803,891605,4.686183849695794
407171,156821,734852,891673,4.685928542733435
407201,156834,734893,891727,4.685801548133695
407214,156839,734915,891754,4.685792436830125
407245,156868,734966,891834,4.685251294081648
407293,156889,735047,891936,4.685140449617245
407295,156891,735047,891938,4.685080724834439
407297,156891,735057,891948,4.685144463353539
407302,156893,735061,891954,4.685110234363547
407334,156906,735096,892002,4.6849451263814
407594,157049,735628,892677,4.684066756235315
407618,157051,735630,892681,4.684019840688694
407860,157222,736253,893475,4.68288789100762
407932,157262,736346,893608,4.6822881560707605
408099,157285,736630,893915,4.683409098133961
408107,157292,736634,893926,4.683226101772499
408174,157334,736752,894086,4.682725920652879
408338,157377,737026,894403,4.683187505162762
411950,157396,742904,900300,4.71996747058375
412099,157453,743158,900611,4.719871961791773
412150,157470,743207,900677,4.719673588620054
412243,157470,743350,900820,4.720581698101226
412326,157470,743532,901002,4.721737473804534
412390,157483,743661,901144,4.722166837055428
412426,157489,743696,901185,4.722209170164265
412474,157501,743754,901255,4.722217636713418
412506,157503,743761,901264,4.722202116785077
412522,157503,743768,901271,4.722246560382977
412705,157505,743995,901500,4.723627821339005
412730,157511,744020,901531,4.723606605252966
412756,157511,744059,901570,4.723854207007765
412780,157517,744081,901598,4.723813937543249
412793,157525,744110,901635,4.723758133629582
412825,157530,744198,901728,4.724166825366597
412841,157540,744218,901758,4.723993906309508
414030,158011,745738,903749,4.71953218446817
414262,158020,747140,905160,4.728135679027971
414274,158025,747149,905174,4.728043031165955
414416,158142,747450,905592,4.7264483818340475
414459,158159,747501,905660,4.726262811474529
414472,158172,747528,905700,4.726045064866095
414484,158172,747560,905732,4.726247376273929
414954,158246,748280,906526,4.728587136483703
414978,158257,748302,906559,4.728397480048276
415052,158257,748302,906559,4.728397480048276
415082,158267,748334,906601,4.728300909223022
415097,158273,748363,906636,4.728304890916328
415100,158273,748369,906642,4.728342800098564
415149,158273,748478,906751,4.729031483575847
415189,158295,748541,906836,4.728772229065984
415277,158341,748679,907020,4.7282699995579165
415334,158368,748744,907112,4.72787431804405
415393,158407,748813,907220,4.727145896330339
415456,158442,748879,907321,4.726518221178728
416429,158876,750528,909404,4.7239860016616735
416499,158917,750638,909555,4.723459415921519
416519,158917,750669,909586,4.723654486304171
416575,158963,750754,909717,4.722822291979894
416581,158972,750761,909733,4.7225989482424575
416595,158975,750773,909748,4.722585312155999
416662,159032,750908,909940,4.721741536294582
416664,159033,750912,909945,4.721736997981551
416726,159052,750989,910041,4.721657068128662
416765,159064,751011,910075,4.721439169139466
416853,159108,751175,910283,4.721164240641577
416915,159157,751314,910471,4.720584077357578
416930,159160,751336,910496,4.720633324956019
417194,159160,752005,911165,4.7248366423724555
417457,159326,752384,911710,4.722292657821071
417554,159363,752527,911890,4.722093585085622
417696,159463,752827,912290,4.721013652069759
417765,159523,753016,912539,4.720422760354306
417868,159523,753371,912894,4.722648144781631
418724,159880,754457,914337,4.718895421566175
418731,159884,754465,914349,4.718827399864902
418804,159926,754553,914479,4.718138389004915
418838,159942,754612,914554,4.718035287791825
418877,159942,754728,914670,4.718760550699629
419211,160037,755657,915694,4.721764341995914
419239,160056,755705,915761,4.721503723696706
419294,160078,755770,915848,4.721260885318407
419391,160106,755975,916081,4.7217156134061185
419677,160123,756356,916479,4.72359373731444
419758,160171,756502,916673,4.723089697885385
419780,160186,756530,916716,4.722822219170214
419886,160228,756882,917110,4.72378111191552
420006,160276,757181,917457,4.724231949886446
420043,160306,757256,917562,4.723815702469028
420214,160372,757534,917906,4.723605118100417
420252,160390,757588,917978,4.723411684020201
420377,160453,757817,918270,4.722984300698647
420403,160462,757910,918372,4.723298974211963
420576,160462,758099,918561,4.724476823173088
420727,160521,758209,918730,4.723425595404962
420871,160525,758404,918929,4.724522660021804
420979,160599,758633,919232,4.723771629960336
421117,160688,758884,919572,4.722717315543164
421836,160959,759993,920952,4.72165582539653
421837,160959,759995,920954,4.721668250921042
421874,160983,760077,921060,4.721473695980321
421883,160988,760098,921086,4.721457499937884
421903,161003,760131,921134,4.721222585914548
421926,161008,760203,921211,4.721523154128987
421954,161037,760246,921283,4.72093990821985
422070,161081,760368,921449,4.720407745171684
422080,161085,760384,921469,4.720389856287054
422387,161091,761124,922215,4.724807717377135
422627,161091,761702,922793,4.728395751469666
422726,161137,761835,922972,4.727871314471536
422868,161175,761971,923146,4.727600434310532
422910,161194,762038,923232,4.727458838418303
422916,161194,762051,923245,4.727539486581386
422946,161199,762063,923262,4.7274672919807195
423000,161199,762063,923262,4.7274672919807195
423016,161199,762089,923288,4.727628583303867
423158,161262,762306,923568,4.727127283550992
423188,161262,762383,923645,4.727604767397155
423225,161262,762419,923681,4.727828006597958
423242,161268,762430,923698,4.727720316491802
423263,161290,762518,923808,4.7276210552421105
423273,161295,762549,923844,4.727666697665768
423317,161319,762600,923919,4.7272794897067305
423457,161403,762833,924236,4.726262832785016
423465,161404,762844,924248,4.726301702560035
423474,161407,762845,924252,4.726220052414083
423723,161464,763069,924533,4.725938908982807
423746,161480,763115,924595,4.725755511518455
423841,161489,763221,924710,4.72614853024045
423848,161493,763230,924723,4.726087198825955
423952,161583,763424,925007,4.724655440238144
424086,161649,763706,925355,4.724470921564625
424097,161654,763728,925382,4.72446088559516
424647,161908,764639,926547,4.722675840600835
424691,161958,764745,926703,4.721872337272626
424716,161974,764776,926750,4.721597293392767
425068,162107,765195,927302,4.720308191503143
425162,162142,765268,927410,4.719739487609626
425225,162161,765348,927509,4.719679824372075
425785,162445,765975,928420,4.715288251408169
427741,162586,769880,932466,4.735217054358924
427855,162586,770051,932637,4.736268805432202
427901,162594,770103,932697,4.73635558507694
427932,162607,770150,932757,4.73626596640981
427973,162628,770489,933117,4.7377388887522445
428071,162676,770609,933285,4.737078610243675
428102,162683,770644,933327,4.7370899233478605
428210,162692,770940,933632,4.738647259852974
428410,162754,771583,934337,4.740792853017437
428540,162788,771819,934607,4.741252426468781
428566,162789,771861,934650,4.741481304019313
428632,162837,772015,934852,4.741029372931213
428862,162904,772170,935074,4.740030938466827
429043,162983,772430,935413,4.739328641637472
429187,162991,772741,935732,4.741004104521108
429220,163015,772792,935807,4.740618961445266
429236,163015,772805,935820,4.740698708707788
429246,163020,772811,935831,4.740590111642743
429255,163028,772817,935845,4.74039428809775
429286,163046,772877,935923,4.740238950970892
429388,163122,773167,936289,4.7398082416841385
429870,163357,774087,937444,4.7386215466738495
429875,163360,774093,937453,4.73857125367287
429931,163397,774171,937568,4.737975605427272
429940,163400,774179,937579,4.737937576499388
430005,163432,774278,937710,4.73761564442704
430040,163452,774372,937824,4.737611041773731
430664,163462,775400,938862,4.743610135689028
430708,163471,775448,938919,4.743642603275199
430756,163474,775516,938990,4.743971518406597
430780,163501,775576,939077,4.743555085289998
430843,163508,775695,939203,4.74407980037674
430878,163511,775779,939290,4.744506485802178
430891,163512,775809,939321,4.74466094231616
430984,163535,775850,939385,4.744244351362093
431013,163542,775873,939415,4.744181922686527
431068,163551,775952,939503,4.7444038862495495
431115,163582,776017,939599,4.74390214082234
431139,163592,776072,939664,4.7439483593329745
431181,163607,776125,939732,4.743837366371855
431302,163607,776365,939972,4.745304296270942
431317,163618,776390,940008,4.745138065494016
431357,163640,776457,940097,4.7449095575653875
431535,163720,776607,940327,4.743507207427315
431560,163732,776645,940377,4.743391639997069
431580,163737,776661,940398,4.743344509793144
431588,163740,776673,940413,4.743330890436058
431618,163764,776758,940522,4.743154783713148
431640,163775,776772,940547,4.742921691344833
431729,163801,776888,940689,4.742877027612774
431752,163808,776933,940741,4.742949062316859
431825,163849,777040,940889,4.742415272598551
431836,163856,777054,940910,4.742298115418416
431845,163862,777073,940935,4.74224042181836
431956,163890,777188,941078,4.7421319177497105
432045,163919,777318,941237,4.742086030295451
432122,163953,777424,941377,4.741749159820192
432154,163966,777522,941488,4.741970896405352
432160,163966,777533,941499,4.742037983484381
432368,164084,777895,941979,4.740833963092075
432481,164122,778016,942138,4.740473550163903
432497,164122,778042,942164,4.740631968901183
432599,164179,778205,942384,4.739978925441134
432739,164182,778287,942469,4.740391760363499
432895,164269,778490,942759,4.739116936244818
432909,164281,778525,942806,4.73898381431815
433178,164367,778908,943275,4.738834437569585
433189,164368,778925,943293,4.738909033388494
433366,164422,779138,943560,4.738648112782961
433690,164509,779648,944157,4.7392422299083945
433783,164577,779833,944410,4.738408161529254
433807,164586,779864,944450,4.738337404153452
433816,164593,779880,944473,4.7382330961827055
433831,164594,779927,944521,4.738489859897688
433843,164600,779936,944536,4.738371810449575
433865,164614,779983,944597,4.738254340457069
433915,164626,780001,944627,4.738018296016425
433954,164661,780098,944759,4.737600281791074
433964,164669,780124,944793,4.73752801073669
434030,164756,780295,945051,4.736064240452548
434051,164767,780333,945100,4.735978685052225
434132,164768,780517,945285,4.737066663429792
434157,164779,780553,945332,4.736968909873224
434238,164839,780714,945553,4.736221403915335
434513,164969,781399,946368,4.736641429601925
434550,164997,781446,946443,4.73612247495409
434748,165029,781649,946678,4.736434202473505
434833,165097,781761,946858,4.735161753393459
434866,165107,781773,946880,4.734947640015263
434894,165116,781818,946934,4.7349620872598654
434948,165116,781887,947003,4.735379975290099
435032,165150,781977,947127,4.73495004541326
435159,165190,782207,947397,4.735195835098977
435200,165195,782355,947550,4.735948424589122
435234,165233,782414,947647,4.735216330878214
435255,165249,782443,947692,4.734933343015691
435332,165316,782558,947874,4.7337099857243095
435357,165320,782575,947895,4.7336982821195255
435400,165335,782652,947987,4.733734538966341
435574,165393,782802,948195,4.73298144419655
435704,165394,783187,948581,4.735280602682081
435744,165406,783232,948638,4.735209121797275
435764,165415,783262,948677,4.735132847686123
436024,165513,783450,948963,4.733465045041779
436043,165517,783453,948970,4.733368777829468
436311,165558,783873,949431,4.734733446888703
436360,165586,783976,949562,4.734554853671204
436624,165754,784482,950236,4.732808861324614
436790,165754,784897,950651,4.7353125716423135
436821,165757,784943,950700,4.735504382921988
436833,165769,784967,950736,4.735306360055257
438629,165889,788452,954341,4.75288897998059
438666,165900,788466,954366,4.7526582278481015
438698,165924,788503,954427,4.752193775463465
438809,165924,788681,954605,4.753266555772522
439029,165924,789459,955383,4.757955449482896
439052,165928,789504,955432,4.758111952172026
439065,165931,789509,955440,4.758056059446396
439089,165953,789548,955501,4.75766030141064
439115,165962,789629,955591,4.757890360443957
439464,166089,789988,956077,4.756413729988139
439485,166094,790009,956103,4.75639698002336
439541,166127,790168,956295,4.7564092531617375
439563,166133,790248,956381,4.756719014283736
439674,166144,790456,956600,4.757656009244992
439704,166159,790484,956643,4.757395025246902
439774,166209,790596,956805,4.756637727198888
440537,166364,791289,957653,4.756371570772523
440539,166366,791290,957656,4.756320402005217
440694,166468,791551,958019,4.754973928923277
440713,166469,791575,958044,4.755089536189921
440732,166483,791601,958084,4.754845840115808
441291,166483,793184,959667,4.764354318458942
441324,166511,793300,959811,4.764249809321907
441468,166511,793550,960061,4.765751211631664
441488,166527,793581,960108,4.7654794717973665
441566,166592,793804,960396,4.764958701498271
441595,166592,793835,960427,4.765144784863619
441653,166614,793943,960557,4.765163791758195
441673,166621,793968,960589,4.765113641137671
441695,166621,794028,960649,4.7654737398047065
441709,166621,794054,960675,4.7656297825604215
441840,166634,794291,960925,4.766680269332789
441936,166676,794469,961145,4.766547073363892
441979,166704,794509,961213,4.765986419042134
442015,166722,794574,961296,4.765861733904344
442094,166754,794708,961462,4.765750746608777
442125,166754,794762,961516,4.766074576921693
442149,166776,794792,961568,4.765625749508323
442194,166806,794849,961655,4.765110367732576
442260,166824,794909,961733,4.764955881647724
442331,166883,795021,961904,4.763942402761216
442363,166896,795068,961964,4.763852938356821
442384,166912,795122,962034,4.763719804447852
442416,166924,795158,962082,4.7635930123888715
442457,166959,795241,962200,4.763091537443325
442548,167024,795487,962511,4.762710748155953
442635,167066,795675,962741,4.762638717632552
442650,167080,795717,962797,4.762491022264784
442683,167091,795753,962844,4.762392947555524
442707,167100,795773,962873,4.762256134051466
442740,167105,795802,962907,4.762287184704228
442790,167122,795831,962953,4.761976280800852
442806,167126,795838,962964,4.761904192046719
442811,167128,795843,962971,4.761877124120435
442875,167128,795944,963072,4.762481451342683
443126,167234,796594,963828,4.763349558104213
443183,167280,796677,963957,4.762535868005739
443241,167292,796737,964029,4.762552901513521
443528,167510,797116,964626,4.758617395976359
443545,167526,797139,964665,4.758300204147416
444015,167716,797606,965322,4.755694149633905
444113,167736,797657,965393,4.755431153717747
444175,167774,797782,965556,4.755099121437172
444231,167774,797866,965640,4.75559979496227
444264,167808,797908,965716,4.75488653699466
444265,167808,797910,965718,4.754898455377575
444280,167818,797915,965733,4.754644912941401
444308,167833,797955,965788,4.754458300810925
444367,167854,798029,965883,4.7543043359109705
444510,167891,798135,966026,4.753887939198647
444546,167916,798189,966105,4.753501750875437
444694,167974,798302,966276,4.752533130127282
444801,168006,798372,966378,4.752044569836792
444892,168045,798546,966591,4.751977148977953
445010,168139,798885,967024,4.751336691665824
445086,168176,798944,967120,4.75064218437827
445089,168177,798947,967124,4.750631774856252
445102,168177,798974,967151,4.750792319996195
445169,168198,799080,967278,4.750829379659687
445185,168205,799117,967322,4.750851639368627
445213,168223,799166,967389,4.750634574344769
445279,168250,799220,967470,4.750193164933135
445365,168299,799406,967705,4.749915329265177
445385,168307,799434,967741,4.749855918054507
445421,168319,799495,967814,4.749879692726311
445572,168322,799815,968137,4.751696153800454
445583,168322,799825,968147,4.751755563740925
445730,168381,799991,968372,4.751076427863001
445800,168416,800218,968634,4.751436918107543
446161,168659,800921,969580,4.748759330957731
446250,168659,801067,969726,4.749624982953771
446631,168659,802969,971628,4.760902175395325
446684,168662,803052,971714,4.761309601451424
447768,169195,804629,973824,4.755631076568457
447799,169217,804677,973894,4.755296453666003
447828,169242,804707,973949,4.75477127426998
447861,169272,804769,974041,4.754294862706177
447900,169288,804819,974107,4.754140872359529
447920,169291,804854,974145,4.754263368991854
447955,169319,804912,974231,4.75381971308595
447977,169335,804934,974269,4.7535004576726605
448074,169339,804999,974338,4.753772019440294
448101,169351,805037,974388,4.753659559140483
448163,169395,805116,974511,4.752891171522182
448174,169398,805128,974526,4.7528778379910035
448229,169401,805178,974579,4.753088824741294
448636,169630,806039,975669,4.751747921947769
448766,169631,806424,976055,4.7539895420058835
448771,169636,806429,976065,4.753878893631069
448795,169641,806437,976078,4.75378593618288
452555,169651,812526,982177,4.789397056309718
452608,169666,812570,982236,4.789232963587283
452657,169714,812621,982335,4.788178936328175
452934,169837,813269,983106,4.7885266461371785
452957,169846,813356,983202,4.788785134769144
453011,169859,813397,983256,4.78866000624047
453041,169866,813451,983317,4.788780568212591
453043,169867,813452,983319,4.788758263818163
453194,169909,813573,983482,4.788286671100413
453264,169934,813696,983630,4.788306048230489
453297,169945,813764,983709,4.788396245844243
453311,169953,813787,983740,4.788306178767071
453411,169984,813926,983910,4.788250658885542
453459,169984,814038,984022,4.788909544427711
453480,169993,814092,984085,4.7889736636214435
453520,170005,814110,984115,4.788741507602718
453787,170005,814727,984732,4.792370812623158
453816,170018,814774,984792,4.792280817325224
453845,170020,814789,984809,4.792312669097753
453900,170038,814819,984857,4.79198179230525
454204,170093,814998,985091,4.791484658392761
454249,170115,815055,985170,4.791200070540516
454368,170168,815173,985341,4.790401250528889
454431,170186,815263,985449,4.790423419082651
454432,170186,815268,985454,4.790452798702596
454445,170195,815278,985473,4.79025823320309
455135,170488,815967,986455,4.786067054572756
455265,170488,815967,986455,4.786067054572756
455345,170521,816227,986748,4.786665571982336
455604,170646,816720,987366,4.786048310537605
455648,170659,816811,987470,4.786216958964953
455752,170685,817025,987710,4.786741658610891
455784,170701,817086,987787,4.786650341825766
455838,170701,817086,987787,4.786650341825766
455905,170749,817248,987997,4.786253506609117
456114,170871,817853,988724,4.786376857395345
456125,170871,817865,988736,4.786447085813275
456136,170871,817882,988753,4.786546576072007
456185,170883,817914,988797,4.786397710714349
456187,170886,817928,988814,4.7863956087684185
456255,170900,817956,988856,4.7861673493270915
456283,170913,818016,988929,4.7861543592354
456305,170915,818020,988935,4.786121756428634
456389,170961,818175,989136,4.785740607506975
456418,170982,818198,989180,4.785287340187856
456473,171004,818293,989297,4.785227246146289
456516,171044,818371,989415,4.784564205701457
456529,171054,818393,989447,4.78441310931051
456537,171059,818403,989462,4.784331721803588
456687,171110,818696,989806,4.784618081935597
456720,171122,818734,989856,4.784504622433118
456841,171214,819093,990307,4.78403051152359
456899,171244,819197,990441,4.783799724369905
456963,171296,819416,990712,4.783626004109845
456964,171296,819418,990714,4.783637679805716
457043,171351,819545,990896,4.782843403306663
457069,171364,819623,990987,4.782935739128405
457533,171715,820348,992063,4.7773811257024725
457585,171728,820393,992121,4.777281514953881
457588,171729,820396,992125,4.777271165615592
457612,171751,820464,992215,4.777055155428498
457623,171751,820488,992239,4.777194892606157
457656,171776,820531,992307,4.77674995342772
457661,171780,820534,992314,4.776656188147631
457685,171807,820559,992366,4.776051034009091
457703,171810,820607,992417,4.776247017053723
457710,171817,820622,992439,4.776139730061636
457978,171974,821483,993457,4.776786025794597
458071,171974,821626,993600,4.777617546838475
458318,171974,821981,993955,4.779681812366985
458352,171986,822039,994025,4.779685555801054
458449,172007,822159,994166,4.779799659316191
458458,172009,822174,994183,4.779831287897727
458480,172009,822209,994218,4.780034765622729
458698,172138,822665,994803,4.779101651000941
459510,172629,823881,996510,4.772552699720209
459535,172655,823963,996618,4.77230893979323
459622,172685,824056,996741,4.772018415033153
459643,172696,824114,996810,4.772050308055774
459717,172712,824327,997039,4.772841493353097
459726,172714,824343,997057,4.772878863323181
460395,173012,825511,998523,4.7714089196125125
460556,173052,825778,998830,4.771848924022837
460591,173074,825860,998934,4.77171614453933
460681,173086,825896,998982,4.771593311995193
461033,173086,826759,999845,4.776579272731475
461072,173100,826853,999953,4.776735990756788
461126,173110,826878,999988,4.7766044711455145
461136,173110,826890,1000000,4.776673791231009
461201,173156,827034,1000190,4.776236457298621
461232,173163,827112,1000275,4.776493823738328
461244,173169,827131,1000300,4.776438046070601
461280,173183,827172,1000355,4.776288665746638
461347,173202,827280,1000482,4.776388263414972
461404,173225,827350,1000575,4.776158175782942
461415,173229,827356,1000585,4.77608252659774
461438,173248,827388,1000636,4.775743442925748
461465,173270,827422,1000692,4.775333294857736
461552,173311,827529,1000840,4.77482098655019
461778,173475,827890,1001365,4.772387952154489
461783,173479,827891,1001370,4.77228367698684
461892,173547,828044,1001591,4.771295383959388
461942,173568,828097,1001665,4.771023460545723
461967,173593,828125,1001718,4.7704976583157155
461991,173599,828147,1001746,4.770459507255226
462009,173602,828179,1001781,4.770561399062223
462062,173636,828239,1001875,4.769972816696998
462084,173636,828239,1001875,4.769972816696998
462195,173709,828424,1002133,4.769033268282012
462196,173709,828433,1002142,4.769085079069018
462446,173790,828699,1002489,4.768392887968237
463254,174052,829796,1003848,4.767517753315102
463363,174111,829935,1004046,4.766700553095439
463429,174143,829998,1004141,4.766186410019352
463565,174231,830274,1004505,4.765363224684471
463601,174249,830326,1004575,4.765169384042376
463672,174261,830494,1004755,4.765805315015982
463702,174270,830532,1004802,4.765777242210363
463774,174332,830637,1004969,4.764684624739004
463831,174362,830713,1005075,4.764300707723013
463852,174366,830722,1005088,4.764243029030889
463968,174366,830916,1005282,4.765355631258387
463988,174366,830937,1005303,4.765476067581983
464270,174467,831112,1005579,4.763720359724188
464343,174505,831171,1005676,4.763021116873442
464466,174535,831254,1005789,4.762677972899419
464493,174550,831309,1005859,4.76258378688055
464565,174571,831417,1005988,4.762629531823728
464651,174581,831492,1006073,4.762786328409162
464660,174581,831492,1006073,4.762786328409162
464804,174639,831637,1006276,4.7620348261270395
464818,174643,831670,1006313,4.762114714016594
466045,175117,833169,1008286,4.75778479530828
466292,175280,833827,1009107,4.757114331355545
466469,175344,834280,1009624,4.757961492836937
466613,175371,834582,1009953,4.758951023829481
466956,175371,835164,1010535,4.762269702516379
466985,175389,835211,1010600,4.76204893123286
467047,175389,835368,1010757,4.76294408429263
468646,175495,837255,1012750,4.770819681472407
468799,175532,837372,1012904,4.7704805961306205
469003,175541,838565,1014106,4.777032146336183
469016,175549,838590,1014139,4.776956861047343
469064,175565,838624,1014189,4.776715176715177
469192,175668,838806,1014474,4.774950474759205
469200,175668,838821,1014489,4.775035863105403
469439,175786,839162,1014948,4.773770379893734
469491,175801,839235,1015036,4.7737783061529795
469504,175812,839281,1015093,4.773741269082884
469632,175846,839467,1015313,4.7738760051408615
469733,175952,839705,1015657,4.772352687096481
470162,175952,840539,1016491,4.777092616168046
470179,175955,840565,1016520,4.777158932681652
470247,175978,840652,1016630,4.7770289468001685
470338,175978,840872,1016850,4.778279103069702
470360,175984,840881,1016865,4.778167333393945
470408,176028,841027,1017055,4.777802395073511
470427,176030,841057,1017087,4.777918536613077
470436,176030,841069,1017099,4.777986706811339
470463,176039,841102,1017141,4.77792989053562
470499,176065,841163,1017228,4.777570783517451
470566,176109,841271,1017380,4.77699038663555
470600,176125,841301,1017426,4.77672675656494
470604,176125,841306,1017431,4.776755145493258
470679,176153,841435,1017588,4.776728185157221
470697,176158,841459,1017617,4.776728845695342
470709,176166,841466,1017632,4.776551661501085
470763,176184,841569,1017753,4.7766482768015255
471136,176198,842180,1018378,4.77973643287665
471281,176198,842461,1018659,4.781331229639383
471392,176243,842632,1018875,4.781080667033584
471459,176268,842788,1019056,4.7812875848140335
471559,176273,842884,1019157,4.78169657292949
471569,176281,842909,1019190,4.781621388578463
471586,176293,842921,1019214,4.781363979284486
471601,176297,842932,1019229,4.781317889697499
471764,176311,843339,1019650,4.783246649386595
471797,176316,843355,1019671,4.7832017514008935
471886,176374,843469,1019843,4.782275165273793
472867,176449,843663,1020112,4.781341917494574
472940,176471,843763,1020234,4.781312510270809
473002,176492,843821,1020313,4.7810722299027715
473024,176504,843856,1020360,4.780945474323528
473080,176545,843925,1020470,4.780226004701351
473137,176582,844007,1020589,4.779688756498397
473188,176615,844096,1020711,4.77929960648869
473272,176665,844334,1020999,4.77929414428438
473301,176672,844377,1021049,4.779348170621264
473328,176693,844416,1021109,4.7790008659086665
473373,176704,844517,1021221,4.779274945671858
473452,176732,844622,1021354,4.779111875608265
473619,176738,844909,1021647,4.7805735042831765
473693,176742,844929,1021671,4.780578470312659
473702,176748,844934,1021682,4.780444474619232
473944,176782,845083,1021865,4.7803679107601456
473973,176792,845187,1021979,4.7806857776369975
473990,176799,845201,1022000,4.780575681989151
473993,176803,845214,1022017,4.7805410541676325
474009,176811,845226,1022037,4.780392622630945
474143,176900,845575,1022475,4.779960429621255
474158,176908,845610,1022518,4.779942116806476
474339,176926,845727,1022653,4.780117111108599
474369,176936,845776,1022712,4.780123886603065
474399,176945,845828,1022773,4.780174630534912
474408,176957,845852,1022809,4.7799860983176705
474448,176990,845906,1022896,4.7793999660997795
474487,177001,845969,1022970,4.779458873113711
474516,177010,846002,1023012,4.779402293655726
474549,177049,846054,1023103,4.778643200469927
474640,177049,846081,1023130,4.778795700625251
474659,177055,846126,1023181,4.778887916184236
475436,177089,847230,1024319,4.784204552513143
475477,177104,847289,1024393,4.784132487126208
475613,177253,847683,1024936,4.782333726368524
475680,177274,847760,1025034,4.782201563681081
475778,177319,847961,1025280,4.782121487263068
475886,177322,848211,1025533,4.78345044608114
475936,177335,848377,1025712,4.784035864324584
475984,177373,848545,1025918,4.783958099598022
476142,177373,849047,1026420,4.786788293595982
476234,177431,849226,1026657,4.786232394564648
476455,177431,849276,1026707,4.7865141942501594
476463,177432,849288,1026720,4.786554849181658
476533,177460,849433,1026893,4.78661670235546
476569,177479,849494,1026973,4.786447974126516
476597,177481,849509,1026990,4.786478552633803
476768,177599,849912,1027511,4.785567486303414
476849,177608,850035,1027643,4.786017521733255
477093,177810,850466,1028276,4.783004330465103
477101,177810,850486,1028296,4.783116810078173
477172,177858,850589,1028447,4.782405064714547
477252,177902,850678,1028580,4.78172252138818
477323,177932,850848,1028780,4.781871726277454
477378,177936,850886,1028822,4.781977789767107
477419,177952,850919,1028871,4.781733276389138
477444,177959,850955,1028914,4.781747481161391
477519,177998,851076,1029074,4.78137956606254
477584,178032,851156,1029188,4.7809157904197
477594,178032,851172,1029204,4.781005661903478
477735,178113,851399,1029512,4.7801058878352505
477770,178117,851421,1029538,4.780122054604558
477790,178131,851454,1029585,4.779931623355845
478033,178135,851694,1029829,4.781171583349707
478052,178150,851716,1029866,4.7808925063149035
479053,178470,853098,1031568,4.780063876281728
479082,178473,853120,1031593,4.78010679486533
479085,178474,853133,1031607,4.780152851395721
479158,178495,853253,1031748,4.780262752458052
479286,178597,853459,1032056,4.778686092151604
479296,178601,853468,1032069,4.778629458961596
479300,178607,853490,1032097,4.778592104452793
479445,178641,853540,1032181,4.7779625058077375
479481,178653,853579,1032232,4.777859873609735
479492,178662,853587,1032249,4.777663968835007
479502,178666,853594,1032260,4.777596185060392
479519,178680,853613,1032293,4.777328184463846
479605,178731,853756,1032487,4.776765082722079
479608,178731,853765,1032496,4.776815437724849
479633,178740,853785,1032525,4.776686807653575
479686,178756,853856,1032612,4.776656447895455
479730,178768,853916,1032684,4.776671440078761
479772,178805,853955,1032760,4.7759011213332965
479787,178805,853965,1032770,4.775957048180979
479832,178840,854058,1032898,4.775542384254082
480266,179008,854656,1033664,4.774401144082946
480328,179008,854720,1033728,4.774758670003576
480728,179108,855329,1034437,4.775492998637693
480738,179113,855342,1034455,4.775432269014533
480825,179158,855420,1034578,4.774668169995199
480852,179178,855449,1034627,4.774297067720368
480869,179184,855483,1034667,4.774326948834718
482106,179934,857530,1037464,4.765803016661665
482116,179938,857539,1037477,4.765747090664562
482517,180152,858088,1038240,4.763133354056574
482621,180185,858168,1038353,4.762704997641313
482699,180225,858277,1038502,4.762252739631017
482723,180242,858309,1038551,4.761981114279691
482771,180263,858408,1038671,4.761975557934795
482857,180316,858562,1038878,4.761429934115664
482860,180317,858565,1038882,4.7614201655972535
482886,180349,858616,1038965,4.760858113990097
483894,180641,859571,1040212,4.758449078559131
484018,180641,859927,1040568,4.7604198382427025
484095,180701,860013,1040714,4.759315111703865
484120,180709,860044,1040753,4.759275963012357
484224,180802,860169,1040971,4.7575192752292566
484246,180816,860234,1041050,4.757510397309972
484371,180873,860539,1041412,4.757697389881298
484384,180878,860552,1041430,4.757637744778249
484490,180911,860878,1041789,4.758571894467445
484508,180918,860894,1041812,4.75847621574415
484562,180928,860941,1041869,4.758472983728334
484582,180933,860971,1041904,4.758507292754777
484603,180949,861014,1041963,4.758324168688415
484647,180956,861069,1042025,4.7584440416454825
484678,180956,861069,1042025,4.7584440416454825
484733,180980,861144,1042124,4.7582274284451325
484736,180980,861149,1042129,4.758255055807272
484777,181006,861195,1042201,4.757825707435113
485074,181204,861522,1042726,4.754431469503984
485101,181222,861557,1042779,4.754152365606825
485154,181242,861587,1042829,4.753793270875404
485159,181246,861609,1042855,4.753809739249418
485171,181256,861628,1042884,4.7536522928896146
485288,181301,861922,1043223,4.754094020441145
485426,181400,862188,1043588,4.752965821389195
485507,181413,862305,1043718,4.753270162557259
485779,181430,863048,1044478,4.7569200242517775
485799,181430,863069,1044499,4.757035771371879
485810,181443,863082,1044525,4.756766587854036
485822,181453,863093,1044546,4.756565060924868
486052,181533,863665,1045198,4.757619826698176
486068,181535,863689,1045224,4.757699617153717
486177,181614,863823,1045437,4.756367901152995
486205,181627,863858,1045485,4.756220165504027
486224,181630,863861,1045491,4.756158123657986
486682,181723,865013,1046736,4.760063393186333
486924,181920,865552,1047472,4.757871591908531
487018,181986,865784,1047770,4.75742090050883
487096,181999,865822,1047821,4.757289875219095
487117,181999,865851,1047850,4.757449216753939
487128,182012,865865,1047877,4.75718633936224
487215,182054,865980,1048034,4.7567205334680915
487231,182065,865996,1048061,4.756521022711669
487285,182079,866045,1048124,4.7564244091850245
487393,182101,866167,1048268,4.756519733554456
487416,182108,866179,1048287,4.7564027939464495
487560,182204,866354,1048558,4.7548571930363766
487811,182338,866855,1049193,4.754110498085972
487844,182350,866939,1049289,4.754258294488621
488104,182350,867257,1049607,4.756002193583767
488135,182362,867274,1049636,4.755782454678058
488224,182387,867429,1049816,4.755980415270825
488343,182459,867627,1050086,4.75518883694419
488348,182461,867632,1050093,4.755164117263416
488370,182461,867667,1050128,4.755355939077392
488398,182461,867732,1050193,4.755712179589063
488485,182502,867910,1050412,4.7556191165028325
488502,182509,867937,1050446,4.755584656099152
488518,182514,867950,1050464,4.755525603515347
488536,182521,867992,1050513,4.7555733312879065
488636,182529,868210,1050739,4.756559231683733
488679,182543,868268,1050811,4.756512164257189
488734,182561,868329,1050890,4.756377320457272
488922,182570,869431,1052001,4.762178890288657
488953,182592,869461,1052053,4.7617694093936205
489091,182654,869673,1052327,4.761313740733846
489108,182669,869701,1052370,4.761076044649065
489162,182728,869839,1052567,4.7602939888796465
489163,182728,869845,1052573,4.7603268245698525
490107,182748,871914,1054662,4.771127454199225
490128,182756,871935,1054691,4.7710335091597535
490220,182808,872066,1054874,4.77039298061354
490247,182821,872101,1054922,4.770245212530289
490558,182917,872708,1055625,4.771060098295949
490594,182928,872731,1055659,4.770898932913496
490599,182928,872742,1055670,4.7709590658619785
490607,182931,872757,1055688,4.770962822047657
490610,182931,872766,1055697,4.771012020925923
490653,182952,872863,1055815,4.770994577812759
490675,182952,872913,1055865,4.771267873540601
490704,182964,872959,1055923,4.771206357534815
490925,183107,873337,1056444,4.769544583221832
491015,183118,873425,1056543,4.7697386384735525
491387,183410,874323,1057733,4.767041055558584
491398,183414,874332,1057746,4.766986162452158
491436,183432,874368,1057800,4.766714640847835
491674,183575,874634,1058209,4.764450497072041
491684,183575,874650,1058225,4.764537654909438
491889,183668,874850,1058518,4.763214060152014
491914,183678,874873,1058551,4.763079955138885
491936,183691,874907,1058598,4.762927960542433
491967,183715,874943,1058658,4.762501701004273
492002,183722,875018,1058740,4.762728470188654
492020,183741,875061,1058802,4.76246999853054
492455,183749,875821,1059570,4.7663987287005645
492790,183749,876472,1060221,4.769941605124382
494387,184392,878980,1063372,4.7669096273157185
494572,184404,879246,1063650,4.768041907984642
494682,184455,879398,1063853,4.767547640345883
494732,184471,879444,1063915,4.767383491172054
494765,184479,879488,1063967,4.7674152613576615
494774,184481,879504,1063985,4.767450306535633
494791,184497,879549,1064046,4.767280768792989
494854,184502,879726,1064228,4.768110914786831
494910,184502,879814,1064316,4.768587874386186
495092,184541,879957,1064498,4.768354999701963
495120,184548,879979,1064527,4.768293343737131
495199,184579,880168,1064747,4.76851646178601
495227,184604,880217,1064821,4.768136118393968
495260,184611,880265,1064876,4.768215328447384
495314,184663,880381,1065044,4.767500798752322
495317,184663,880386,1065049,4.767527875102213
495334,184679,880414,1065093,4.76726644610378
495405,184683,880484,1065167,4.767542220994894
495432,184714,880551,1065265,4.767104821507845
495481,184728,880640,1065368,4.767225325884544
495515,184747,880697,1065444,4.767043578515484
495618,184817,880834,1065651,4.765979320084192
495660,184817,880922,1065739,4.766455466759011
495684,184843,880990,1065833,4.766152897323675
495741,184912,881082,1065994,4.7648719390845375
496116,185123,881796,1066919,4.763297915440004
496408,185408,882570,1067978,4.760150586813945
496501,185454,882710,1068164,4.759724783504265
496603,185505,882846,1068351,4.759149349074149
496644,185522,882907,1068429,4.759042054311618
496680,185529,882926,1068455,4.758964905755973
496723,185545,882968,1068513,4.758780888733192
496739,185545,882994,1068539,4.758921016465009
496905,185545,883408,1068953,4.761152281117788
496920,185552,883442,1068994,4.761155902388548
496967,185571,883529,1069100,4.761137246660308
496984,185573,883553,1069126,4.761215262996234
497007,185601,883575,1069176,4.760615513925033
497158,185656,883778,1069434,4.760298616796656
497170,185656,883778,1069434,4.760298616796656
497270,185698,883841,1069539,4.759561223061099
497302,185720,883888,1069608,4.759250484600474
497472,185752,884255,1070007,4.760406348249279
497858,185914,884648,1070562,4.75837215056424
497873,185917,884672,1070589,4.758424458225982
497912,185917,884695,1070612,4.758548169344385
497933,185917,884732,1070649,4.758747182882685
497999,185921,884759,1070680,4.758790023719752
498201,185921,884853,1070774,4.759295614804137
498233,185938,884900,1070838,4.759113252804698
498289,185957,884928,1070885,4.758777566856854
498319,185981,884984,1070965,4.758464574338239
498337,185981,885027,1071008,4.758695780751797
498522,186085,885317,1071402,4.757594647607276
498592,186109,885451,1071560,4.757701132132245
498627,186112,885536,1071648,4.758081155433287
498682,186125,885664,1071789,4.758436534586971
498855,186125,885664,1071789,4.758436534586971
498895,186141,885701,1071842,4.758226290822549
498964,186183,885802,1071985,4.757695385722649
498980,186197,885816,1072013,4.75741284768283
499069,186255,885956,1072211,4.756683042065985
499083,186255,885991,1072246,4.75687095648439
499694,186544,886749,1073293,4.753564842610858
499700,186544,886762,1073306,4.753634531263402
499732,186561,886790,1073351,4.753351450731932
499862,186561,887176,1073737,4.7554204790926295
500039,186561,887443,1074004,4.756851646378396
500468,186667,888126,1074793,4.757809361054712
500498,186680,888158,1074838,4.7576494536104565
500539,186702,888263,1074965,4.7576512303028355
500548,186702,888274,1074976,4.7577101477220385
500603,186705,888313,1075018,4.757842585897539
500627,186726,888337,1075063,4.757436029262127
500634,186730,888343,1075073,4.757366250736357
500635,186730,888345,1075075,4.7573769613881005
500655,186736,888366,1075102,4.757336560706023
500698,186750,888423,1075173,4.757285140562249
500719,186760,888457,1075217,4.757212465195973
500763,186787,888516,1075303,4.7568406794905425
500783,186790,888534,1075324,4.756860645644842
500870,186798,888756,1075554,4.757845373076799
501008,186869,889076,1075945,4.757750081607972
501026,186869,889086,1075955,4.757803595031814
501080,186894,889182,1076076,4.75768082442454
501121,186921,889273,1076194,4.75748043291016
501211,186963,889400,1076363,4.757090975219696
501241,186982,889424,1076406,4.756735942497139
501300,187001,889488,1076489,4.756594884519334
501523,187072,889741,1076813,4.7561420201847415
501574,187117,889811,1076928,4.7553723071661045
501599,187128,889859,1076987,4.755349279637468
501636,187143,889906,1077049,4.755219270824984
501677,187157,889961,1077118,4.755157434667151
501724,187179,890002,1077181,4.75481758103206
501817,187239,890215,1077454,4.7544315019840955
501978,187248,891129,1078377,4.759084209177134
502003,187264,891166,1078430,4.75887517088175
502260,187281,891864,1079145,4.762170214810899
502283,187281,891881,1079162,4.762260987500067
503455,187633,892432,1080065,4.756263557050199
503808,187681,892683,1080364,4.756384503492629
503861,187742,892784,1080526,4.755377060007883
503943,187772,893060,1080832,4.756087169546046
503952,187772,893067,1080839,4.756124448799608
504237,187772,893667,1081439,4.759319813390708
504343,187875,893868,1081743,4.757780439121756
504368,187885,893927,1081812,4.75784123266892
504678,187898,894007,1081905,4.757937817326422
504696,187904,894025,1081929,4.757881684264305
504851,187904,894101,1082005,4.758286146117166
504860,187910,894135,1082045,4.758315150870097
504910,187936,894171,1082107,4.757848416482207
504959,187953,894225,1082178,4.757705383792756
504989,187963,894264,1082227,4.757659752185271
505015,187966,894290,1082256,4.757722141238309
505045,187968,894327,1082295,4.7578683605720125
505078,187988,894369,1082357,4.757585590569611
505094,187988,894407,1082395,4.757787731131774
505189,187988,894510,1082498,4.758335638445007
505309,188033,894746,1082779,4.758451973855653
505513,188119,895113,1083232,4.75822750493039
505539,188131,895169,1083300,4.758221664691093
505819,188214,895816,1084030,4.759560925329678
505867,188246,895913,1084159,4.759267129182028
505891,188254,895967,1084221,4.759351726922137
505958,188261,896262,1084523,4.760741736206649
506215,188416,896643,1085059,4.758847443953805
506228,188416,896657,1085073,4.758921747622282
506443,188437,896765,1085202,4.758964534565929
506496,188439,896918,1085357,4.759725959063676
506535,188448,896993,1085441,4.759896629308881
506545,188448,897009,1085457,4.759981533367295
506797,188591,897520,1086111,4.759081822568415
506901,188607,897565,1086172,4.758916689200295
507026,188688,897787,1086475,4.758050326464852
507069,188699,897831,1086530,4.758006136757482
507232,188808,898144,1086952,4.756917079784755
507740,188930,898926,1087856,4.757984438680993
507824,188983,899061,1088044,4.757364419021817
507886,188983,899125,1088108,4.757703073821455
507901,188994,899138,1088132,4.7574949469295325
507939,189005,899327,1088332,4.758218036559879
507966,189013,899413,1088426,4.758471639516858
508006,189019,899425,1088444,4.7583840777911215
508172,189019,899741,1088760,4.760055867399574
508176,189019,899750,1088769,4.760103481660574
508200,189019,899765,1088784,4.7601828387622405
508331,189100,900891,1089991,4.764098360655738
508346,189104,900911,1090015,4.764103350537271
508432,189172,901020,1090192,4.762967035290635
508467,189172,901080,1090252,4.76328420696509
510251,189933,903692,1093625,4.75795148815635
510322,189968,903778,1093746,4.757527583593026
511081,189995,904711,1094706,4.761762151635569
511476,189995,905369,1095364,4.765225400668439
511522,190003,905411,1095414,4.765245811908233
511557,190018,905445,1095463,4.765048574345588
511577,190018,905466,1095484,4.765159090191456
511730,190018,905620,1095638,4.7659695397278155
511859,190026,905965,1095991,4.7675844358140465
511905,190055,906039,1096094,4.7672463234326905
511929,190065,906093,1096158,4.767279614868597
511983,190070,906214,1096284,4.767790813910665
512026,190085,906277,1096362,4.7677460083646785
512062,190085,906302,1096387,4.767877528474104
512080,190085,906345,1096430,4.768103743062314
512472,190086,906864,1096950,4.770809002241091
513991,190902,910121,1101023,4.7674775539281935
514180,190975,910336,1101311,4.766780992276476
514270,191002,910428,1101430,4.76658883153056
514317,191002,910522,1101524,4.767080972974105
514568,191162,910921,1102083,4.765178225798015
514727,191172,911232,1102404,4.76655577176574
514784,191172,911311,1102483,4.766969012198439
514793,191174,911333,1102507,4.767034220134537
514861,191193,911406,1102599,4.766942304373068
514911,191212,911506,1102718,4.766991611405142
514920,191216,911525,1102741,4.766991255961845
514958,191238,911579,1102817,4.766725232432885
515046,191286,911700,1102986,4.766161663686836
515068,191293,911738,1103031,4.766185903300173
515084,191293,911764,1103057,4.766321820453441
515358,191305,912136,1103441,4.76796738192938
515379,191309,912169,1103478,4.76804018629547
515439,191334,912204,1103538,4.767600112891593
515684,191449,912853,1104302,4.768126237274679
515710,191463,912883,1104346,4.767934274507346
515745,191466,912968,1104434,4.7683035108060965
515792,191491,913044,1104535,4.76807787311153
517104,191508,916326,1107834,4.784792280218059
517127,191516,916379,1107895,4.784869149313895
517136,191518,916402,1107920,4.784939274637371
517163,191531,916447,1107978,4.784849449958492
517180,191531,916492,1108023,4.785084398870157
517369,191567,916879,1108446,4.786205348520361
517395,191590,916925,1108515,4.785870870087165
517440,191625,917032,1108657,4.785555120678408
517468,191642,917073,1108715,4.785344548689745
517566,191643,917362,1109005,4.786827590885135
517648,191661,917421,1109082,4.786685867234335
517671,191678,917447,1109125,4.786396978265633
517978,191683,918294,1109977,4.790690880255422
518016,191696,918361,1110057,4.790715507887488
518735,191728,919450,1111178,4.795595844112492
518745,191735,919465,1111200,4.795498996010118
518875,191759,919532,1111291,4.795248202170432
518923,191759,919603,1111362,4.795618458586038
519265,191823,919868,1111691,4.795399925973423
519281,191829,919881,1111710,4.795317704830865
519285,191833,919888,1111721,4.795254205480809
519293,191836,919901,1111737,4.795246981796952
519396,191886,920072,1111958,4.794888631791793
519426,191895,920184,1112079,4.7952474009223796
519441,191906,920216,1112122,4.7951392869425655
519626,192021,920586,1112607,4.794194384989142
519632,192021,920595,1112616,4.794241254862749
519687,192021,920679,1112700,4.79467870701642
519721,192038,920699,1112737,4.794358408231704
519734,192043,920708,1112751,4.794280447608088
519825,192074,920809,1112883,4.794032508304091
519841,192074,920835,1112909,4.794167872799026
519928,192124,920972,1113096,4.79363327850763
519936,192124,920972,1113096,4.79363327850763
519948,192130,920985,1113115,4.7935512413470045
520830,192792,924098,1116890,4.793238308643512
520845,192792,924098,1116890,4.793238308643512
520880,192805,924164,1116969,4.793257436269807
521069,192830,924370,1117200,4.79370429912358
521164,192830,924651,1117481,4.795161541253954
521487,193133,925662,1118795,4.792873304924585
521545,193147,925733,1118880,4.792893495627682
521545,193164,925895,1119059,4.793310347683834
522225,193388,926528,1119916,4.791031501437525
522262,193391,926575,1119966,4.791200210971555
522341,193450,926806,1120256,4.790933057637632
522371,193461,926873,1120334,4.791006972981634
522381,193461,926883,1120344,4.791058662986338
522402,193468,926924,1120392,4.791097235718569
522995,193468,928222,1121690,4.797806355573015
523028,193475,928247,1121722,4.797761984752552
523073,193501,928301,1121802,4.797396395884259
523090,193501,928336,1121837,4.797577273502463
523103,193506,928352,1121858,4.797535993715957
523352,193683,928800,1122483,4.79546475426341
523682,193683,929473,1123156,4.798939504241467
523702,193696,929502,1123198,4.7987671402610275
523709,193698,929507,1123205,4.798743404681515
523737,193705,929553,1123258,4.798807464959603
523744,193708,929559,1123267,4.798764119189708
523962,193804,930075,1123879,4.799049555220739
523964,193804,930077,1123881,4.799059874925182
524122,193874,930381,1124255,4.7988951587113275
524364,194002,930700,1124702,4.797373222956464
524462,194065,930907,1124972,4.7968824878262435
524489,194076,930973,1125049,4.796950679115398
524550,194112,931049,1125161,4.796452563468513
524614,194137,931192,1125329,4.796571493326877
524660,194164,931288,1125452,4.796398920500196
524669,194174,931302,1125476,4.79622400527362
524679,194179,931310,1125489,4.796141704303761
524764,194203,931397,1125600,4.7959969722403875
524834,194203,931498,1125701,4.796517046595572
524865,194215,931533,1125748,4.796400895914322
524899,194219,931582,1125801,4.796554405078803
525069,194219,931927,1126146,4.798330750338535
525189,194235,932113,1126348,4.798893093417767
525196,194238,932116,1126354,4.798834419629527
525197,194238,932116,1126354,4.798834419629527
525216,194246,932141,1126387,4.798765482944308
525231,194246,932169,1126415,4.798909630056732
525236,194248,932181,1126429,4.798921996622874
525351,194300,932352,1126652,4.7985177560473495
526189,194709,933337,1128046,4.793496962133235
526209,194729,933358,1128087,4.79311247939444
526317,194729,933915,1128644,4.795972864853206
526343,194735,933930,1128665,4.795902123398465
526673,194735,934652,1129387,4.799609726037949
526737,194767,934750,1129517,4.799324320855176
526780,194794,934794,1129588,4.798884975923283
527765,194895,936701,1131596,4.806182816388311
527819,194895,936820,1131715,4.806793401575207
527828,194900,936837,1131737,4.806757311441765
527939,194900,936875,1131775,4.806952283222166
528199,194950,937321,1132271,4.808007181328546
528248,194970,937437,1132407,4.808108939836898
528281,195004,937528,1132532,4.807737277184057
528284,195004,937537,1132541,4.807783430083486
528331,195006,937623,1132629,4.808175133072829
528366,195021,937662,1132683,4.808005291737813
528396,195034,937753,1132787,4.808151399243209
528451,195034,937831,1132865,4.808551329511777
528459,195034,937831,1132865,4.808551329511777
528508,195072,937918,1132990,4.8080606135170605
528542,195081,937973,1133054,4.80812072933807
528582,195086,938015,1133101,4.808212788206227
528645,195123,938078,1133201,4.807623909021489
528660,195123,938104,1133227,4.807757158305274
528778,195240,938370,1133610,4.806238475722188
528791,195247,938400,1133647,4.8062198138767815
528913,195318,938511,1133829,4.805041010045157
529000,195325,938735,1134060,4.80601561500064
529015,195331,938758,1134089,4.805985737030989
529016,195331,938760,1134091,4.805995976061148
529044,195339,938778,1134117,4.805891296668868
529302,195443,939112,1134555,4.805042902534243
529328,195449,939185,1134634,4.805268893675588
529481,195470,939486,1134956,4.80629252570727
529502,195472,939486,1134958,4.806243349431121
530739,195560,940288,1135848,4.808181632235631
530869,195561,940673,1136234,4.810125740817443
530904,195564,940758,1136322,4.810486592624409
531153,195575,940829,1136404,4.81057906174102
531214,195637,941006,1136643,4.809959261284931
531232,195641,941026,1136667,4.809963146784161
531252,195641,941047,1136688,4.810070486247771
531339,195654,941127,1136781,4.810159771842129
531353,195665,941161,1136826,4.810063118084481
531576,195665,941639,1137304,4.812506069046584
531624,195687,941701,1137388,4.812281858273672
531639,195687,941720,1137407,4.812378952102081
531659,195702,941749,1137451,4.812158281468764
531709,195738,941817,1137555,4.8116206357477855
531720,195738,941827,1137565,4.8116717244479865
531748,195758,941865,1137623,4.811374247795748
531784,195768,941936,1137704,4.811491152793102
531800,195768,941962,1137730,4.811623963058314
531813,195768,941983,1137751,4.811731232887908
531845,195783,942018,1137801,4.811541349351067
531876,195808,942090,1137898,4.811294737702239
532038,195885,942333,1138218,4.8106440003063025
532070,195885,942354,1138239,4.810751206064783
532119,195928,942429,1138357,4.810078191988894
532174,195965,942530,1138495,4.809685403005639
532198,195986,942585,1138571,4.809450675048217
532393,196030,942767,1138797,4.809299597000459
532406,196030,942781,1138811,4.809371014640616
532509,196076,942904,1138980,4.8088700299883715
532702,196165,943193,1139358,4.808161496699207
533145,196165,944058,1140223,4.812571049881478
533189,196203,944119,1140322,4.811949868248702
533210,196203,944169,1140372,4.812204706350056
533479,196349,945241,1141590,4.81408614253192
533513,196363,945263,1141626,4.813854952307715
533543,196377,945291,1141668,4.813654348523503
533572,196384,945302,1141686,4.813538781163435
533622,196415,945376,1141791,4.813155818038338
533637,196420,945407,1141827,4.813191121067101
533677,196426,945443,1141869,4.813227373158339
533830,196523,945627,1142150,4.811787933219012
533840,196525,945633,1142158,4.811769494975194
533861,196546,945668,1142214,4.811433455781343
533871,196550,945677,1142227,4.8113813279063855
533891,196557,945700,1142257,4.811326994205244
533912,196569,945763,1142332,4.811353773992847
533917,196571,945771,1142342,4.811345518921916
533990,196571,945893,1142464,4.811966159809941
534039,196578,945941,1142519,4.812038987068746
534065,196584,945975,1142559,4.812065071419851
534087,196600,946013,1142613,4.811866734486267
534155,196629,946104,1142733,4.81161985261584
534320,196704,946477,1143181,4.811681511306328
534360,196740,946548,1143288,4.811161939615737
534448,196811,946817,1143628,4.810793095914354
534477,196814,946840,1143654,4.8108366274756875
534492,196826,946864,1143690,4.8106652576387265
534493,196826,946866,1143692,4.81067541889791
534673,196954,947262,1144216,4.8095595925952255
535510,197002,948923,1145925,4.816819118587628
535520,197002,948952,1145954,4.816966325214972
535568,197013,949058,1146071,4.817235410861212
535646,197065,949226,1146291,4.816816786339532
535660,197076,949258,1146334,4.816710304654042
535671,197076,949268,1146344,4.816761046499828
535691,197083,949305,1146388,4.816777702795269
535734,197100,949343,1146443,4.816555048198884
535754,197100,949378,1146478,4.816732623033993
535833,197104,952614,1149718,4.833052601672214
536087,197338,953170,1150508,4.830139152114646
536128,197358,953237,1150595,4.82998915676081
536210,197415,953356,1150771,4.829197376085911
536369,197480,953603,1151083,4.828858618594288
536797,197480,954511,1151991,4.833456552562285
536837,197488,954565,1152053,4.833534189419104
536865,197502,954617,1152119,4.833454851090115
536938,197540,954752,1152292,4.833208464108535
536970,197573,954833,1152406,4.832811163468692
537057,197636,954981,1152617,4.83201947013702
537124,197636,955103,1152739,4.832636766580987
537385,197642,955301,1152943,4.833491869137127
537424,197649,955347,1152996,4.833553420457478
537442,197656,955361,1153017,4.833453069980168
537551,197680,955573,1153253,4.833938688789964
537585,197698,955643,1153341,4.833852643931653
537789,197841,955913,1153754,4.831723454693416
537840,197851,956027,1153878,4.832055435656125
537847,197858,956044,1153902,4.831970403016305
537908,197880,956159,1154039,4.832014352132606
538074,198023,956386,1154409,4.829671300808492
538256,198068,956661,1154729,4.829962437142799
538277,198077,956690,1154767,4.8298893864507235
538317,198098,956793,1154891,4.829897323546931
538482,198107,957732,1155839,4.834417764137562
538538,198107,957820,1155927,4.834861968532157
538566,198116,957831,1155947,4.834697853782632
538602,198130,957865,1155995,4.834527835259678
538616,198139,957880,1156019,4.83438394258576
538621,198141,957887,1156028,4.834370473551663
538699,198141,958026,1156167,4.835071994185959
538734,198166,958083,1156249,4.834749654330208
538769,198168,958180,1156348,4.8351903435468895
538832,198205,958244,1156449,4.834610630407911
538860,198220,958282,1156502,4.8344364847139545
538921,198227,958345,1156572,4.834583583467439
538993,198278,958525,1156803,4.834247874196834
539162,198368,958792,1157160,4.83340054847556
539565,198666,959931,1158597,4.831883664039141
539626,198698,960050,1158748,4.831704395615457
539880,198730,960655,1159385,4.833970714034117
539912,198739,960722,1159461,4.8340889307081145
539935,198753,960769,1159522,4.833984895825472
539987,198756,960790,1159546,4.834017589406106
540049,198784,960855,1159639,4.833663675144881
540070,198799,960884,1159683,4.833444836241631
540098,198817,960927,1159744,4.833223517103669
540150,198829,960976,1159805,4.8331782587047165
540182,198845,961019,1159864,4.833005607382635
540203,198855,961035,1159890,4.8328430263257145
540309,198912,961181,1160093,4.8321921251608755
540441,198985,961408,1160393,4.8315601678518485
540516,199023,961552,1160575,4.831361199459359
540597,199034,961585,1160619,4.831259985731081
540615,199038,961598,1160636,4.831228207678936
541216,199038,962486,1161524,4.835689667299712
541379,199038,962904,1161942,4.83778976878787
541479,199133,963165,1162298,4.836792495467853
541481,199133,963165,1162298,4.836792495467853
541542,199155,963279,1162434,4.836830609324395
541622,199197,963401,1162598,4.836423239305812
541719,199197,963470,1162667,4.83676963006471
541748,199210,963512,1162722,4.836664826062949
541782,199215,963545,1162760,4.836709083151369
541813,199230,963601,1162831,4.836626010139035
541837,199233,963619,1162852,4.83664352792961
541870,199248,963670,1162918,4.836535373002489
541871,199248,963674,1162922,4.836555448486308
541891,199248,963695,1162943,4.836660844776359
541911,199248,963716,1162964,4.836766241066409
541954,199258,963799,1163057,4.836940047576509
542216,199385,964053,1163438,4.835133034079796
542217,199385,964055,1163440,4.835143064924643
542248,199404,964091,1163495,4.834862891416421
542275,199418,964121,1163539,4.834673901052062
542594,199646,964677,1164323,4.831937529427086
542619,199655,964695,1164350,4.83180987202925
542709,199700,964777,1164477,4.831131697546319
543036,199761,965539,1165300,4.833470997842421
543039,199761,965548,1165309,4.83351605168176
543139,199835,965744,1165579,4.832706983261191
543151,199835,965753,1165588,4.8327520204168435
543174,199841,965773,1165614,4.832707002066643
543334,199841,966049,1165890,4.834088100039532
543341,199843,966061,1165904,4.83409976831813
543405,199853,966110,1165963,4.834103065753329
543448,199874,966192,1166066,4.834005423416753
543521,199902,966298,1166200,4.833858590709448
543542,199904,966306,1166210,4.833850248119097
543660,199904,966522,1166426,4.834930766768049
543700,199920,966546,1166466,4.834663865546219
543896,199920,966874,1166794,4.8363045218087235
543911,199920,966881,1166801,4.836339535814326
543940,199932,966899,1166831,4.836139287357701
544027,199964,967018,1166982,4.8359604728851195
544194,200000,967081,1167081,4.835405
544290,200055,967227,1167282,4.834805428507161
544316,200067,967268,1167335,4.834720368676494
544875,200067,968851,1168918,4.842632718039456
545285,200277,969496,1169773,4.840775525896633
545329,200290,969558,1169848,4.84077088222078
545388,200290,969650,1169940,4.8412302161865295
545421,200295,969679,1169974,4.84125415012856
545432,200295,969696,1169991,4.841339024938216
545467,200295,969756,1170051,4.841638583089942
545744,200352,969921,1170273,4.841084690943939
546018,200352,970305,1170657,4.843001317680882
546179,200352,970654,1171006,4.844743251876697
546289,200356,970990,1171346,4.846323544091517
546314,200362,971021,1171383,4.84633313702199
546335,200370,971053,1171423,4.846299346209513
546368,200391,971083,1171474,4.845941184983357
546415,200408,971149,1171557,4.8458594467286735
547474,200443,972439,1172882,4.851449040375568
547484,200443,972468,1172911,4.851593719910398
547552,200443,972560,1173003,4.852052703262274
547554,200443,972562,1173005,4.852062681161228
547577,200451,972599,1173050,4.852053619088954
547605,200466,972660,1173126,4.851994851994852
547671,200511,972755,1173266,4.851379724803128
547687,200519,972786,1173305,4.851340770700033
547715,200541,972824,1173365,4.850998050274009
547724,200545,972839,1173384,4.8509760901543295
547832,200545,973396,1173941,4.853753521653494
547975,200602,973607,1174209,4.8534261871765985
548266,200696,974237,1174933,4.854292063618607
548405,200696,974560,1175256,4.855901462909077
548453,200696,974703,1175399,4.856613983337984
548506,200739,974787,1175526,4.8559921091566665
548547,200756,974838,1175594,4.855834943912012
548573,200756,974864,1175620,4.85596445436251
548576,200756,974873,1175629,4.856009284903067
548589,200760,974879,1175639,4.855942418808527
548660,200778,975020,1175798,4.856209345645439
548706,200780,975137,1175917,4.856743699571671
548966,200850,975546,1176396,4.857087378640776
549063,200919,975824,1176743,4.856802990259756
549110,200968,975943,1176911,4.856210939054974
549130,200969,975958,1176927,4.856261413451826
549179,200986,976029,1177015,4.856203914700527
549191,200994,976041,1177035,4.856070330457626
549194,200997,976043,1177040,4.85600780111146
549301,201033,976103,1177136,4.8554366696015085
549321,201044,976129,1177173,4.855300332265574
549401,201110,976340,1177450,4.854756103624882
549424,201117,976400,1177517,4.8548854646797635
549430,201119,976409,1177528,4.854881935570483
549483,201140,976495,1177635,4.854802625037287
549483,201140,976495,1177635,4.854802625037287
550061,201331,977186,1178517,4.853629098350478
550091,201342,977205,1178547,4.853458294841613
550107,201349,977234,1178583,4.853433590432533
550450,201349,978362,1179711,4.859035803505356
550485,201373,978420,1179793,4.858744717514265
550544,201410,978570,1179980,4.85859689191202
550668,201456,978669,1180125,4.857978913509649
550711,201475,978766,1180241,4.858002233527733
550722,201475,978776,1180251,4.8580518674773545
550793,201517,979019,1180536,4.858245210081532
550802,201519,979035,1180554,4.858276390811785
550862,201537,979123,1180660,4.858279124924952
550867,201539,979130,1180669,4.858265645855145
550897,201542,979168,1180710,4.8583818757380595
551058,201621,979357,1180978,4.857415646187649
551455,201743,979853,1181596,4.8569367958243905
551473,201755,979874,1181629,4.8567520011895615
551670,201835,980218,1182053,4.856531325092278
551740,201887,980347,1182234,4.855919400456691
551748,201895,980383,1182278,4.855905297308007
552234,202125,981431,1183556,4.85556462585034
552253,202130,981469,1183599,4.855632513728788
552451,202212,981684,1183896,4.854726722449707
552581,202213,982069,1184282,4.85660664744601
552604,202231,982098,1184329,4.856317775217449
552712,202295,982278,1184573,4.855671173286537
552782,202306,982450,1184756,4.8562573527231025
552794,202314,982476,1184790,4.856193837302411
552832,202322,982532,1184854,4.856278605391406
552857,202336,982581,1184917,4.856184761980073
552877,202336,982602,1184938,4.856288549739048
552907,202350,982654,1185004,4.85620953792933
552930,202357,982699,1185056,4.856263929589784
552977,202371,982787,1185158,4.856362818783324
553562,202529,983199,1185728,4.854608475823215
553997,202542,983953,1186495,4.85801957124942
554085,202607,984118,1186725,4.857275414965919
554143,202643,984192,1186835,4.856777682920209
554259,202699,984354,1187053,4.856235107227959
554400,202750,984472,1187222,4.855595561035758
554509,202764,984571,1187335,4.85574855497031
554594,202818,984705,1187523,4.855116409786113
554635,202842,984761,1187603,4.854818035712525
554782,202994,985019,1188013,4.852453767106417
555031,202994,985355,1188349,4.854108988443008
555077,203044,985493,1188537,4.853593309824472
555170,203083,985773,1188856,4.854039973803814
555197,203103,985799,1188902,4.853689999655347
555262,203147,985930,1189077,4.85328358282426
555324,203175,986019,1189194,4.853052787006275
555402,203216,986234,1189450,4.8531316431777025
555729,203374,987196,1190570,4.85409147678661
555749,203383,987239,1190622,4.854088099792018
556091,203618,987729,1191347,4.850892357257217
556210,203680,987827,1191507,4.84989689709348
556565,203774,988260,1192034,4.849784565253663
556597,203786,988308,1192094,4.849734525433543
556701,203786,988638,1192424,4.851353871217846
556738,203799,988696,1192495,4.851329005539772
558337,203912,991771,1195683,4.863720624583154
558429,203974,991949,1195923,4.863114906801847
558664,203998,992639,1196637,4.865925156128982
558673,204003,992644,1196647,4.865830404454837
558688,204003,992670,1196673,4.865957853560977
558731,204024,992743,1196767,4.865814806101243
558764,204051,992806,1196857,4.865479708504246
558827,204071,992844,1196915,4.865189076350878
558852,204083,992896,1196979,4.865157803442717
558945,204129,992986,1197115,4.864502349004796
559075,204129,993372,1197501,4.866393310112723
559183,204153,993508,1197661,4.866487389359941
559281,204189,993692,1197881,4.866530518294326
559320,204216,993746,1197962,4.86615152583539
559346,204235,993782,1198017,4.865875094866208
559438,204307,993917,1198224,4.864821078083472
559482,204337,993994,1198331,4.86448367158175
559551,204352,994174,1198526,4.865007438145944
559570,204353,994208,1198561,4.865150010031661
559579,204358,994222,1198580,4.865099482281095
559906,204395,994754,1199149,4.866821595440202
560003,204437,994867,1199304,4.866374482114295
560008,204437,994890,1199327,4.866486986210911
560144,204539,995090,1199629,4.865037963420179
560268,204539,995293,1199832,4.866030439182747
560283,204539,995349,1199888,4.8663042256000075
560295,204551,995381,1199932,4.86617518369502
560319,204569,995412,1199981,4.86589854767829
560440,204601,995492,1200093,4.865528516478414
560450,204608,995500,1200108,4.865401157335001
560489,204615,995524,1200139,4.865352002541358
560535,204639,995653,1200292,4.86541177390429
560563,204642,995667,1200309,4.8654088603512475
560574,204649,995671,1200320,4.865261985155071
560598,204655,995681,1200336,4.865168209914246
560703,204672,996010,1200682,4.866371560350219
560706,204673,996013,1200686,4.866362441553112
560744,204691,996112,1200803,4.866418162010055
560748,204693,996116,1200809,4.8663901550126285
560751,204694,996119,1200813,4.866381037060197
560797,204694,996174,1200868,4.866649730817708
560878,204734,996307,1201041,4.866348530288081
560883,204736,996315,1201051,4.866340067208503
560909,204746,996387,1201133,4.866454045500278
560934,204754,996460,1201214,4.866620432323667
561126,204842,996832,1201674,4.866345768934106
561270,204875,996974,1201849,4.866255033557047
561312,204909,997041,1201950,4.865774563342752
561313,204909,997043,1201952,4.865784323772992
561520,205097,997447,1202544,4.863293953592691
562368,205376,998694,1204070,4.862759037083204
562472,205409,998818,1204227,4.862581483771402
562504,205417,998885,1204302,4.862718275507869
562538,205417,998903,1204320,4.862805902140524
562688,205480,999084,1204564,4.862195834144442
562804,205480,999382,1204862,4.863646096943741
562819,205484,999387,1204871,4.86357575285667
562831,205484,999387,1204871,4.86357575285667
562847,205484,999410,1204894,4.863687683712601
562874,205503,999437,1204940,4.863369391201101
562906,205511,999450,1204961,4.863243330040728
562999,205603,999577,1205180,4.861684897593907
563002,205603,999579,1205182,4.861694625078428
563026,205617,999611,1205228,4.861519232359192
563077,205617,999735,1205352,4.862122295335502
563098,205624,999802,1205426,4.862282612924561
563364,205638,999990,1205628,4.862865812738891
563394,205651,1000043,1205694,4.862816130240067
563402,205654,1000055,1205709,4.862803543816312
563471,205679,1000125,1205804,4.86255281287832
564820,205715,1001064,1206779,4.866266436574873
564833,205715,1001091,1206806,4.866397686119146
564914,205742,1001134,1206876,4.865968057081199
564933,205751,1001174,1206925,4.865949618713882
564999,205782,1001251,1207033,4.865590770815718
565124,205881,1001497,1207378,4.864445966359208
565140,205881,1001523,1207404,4.864572252903376
565143,205882,1001528,1207410,4.864572910696419
565162,205890,1001545,1207435,4.864466462674243
565186,205896,1001568,1207464,4.864436414500524
565219,205909,1001597,1207506,4.864270138750613
565239,205911,1001604,1207515,4.864256887684485
565244,205913,1001611,1207524,4.864243636875768
565256,205921,1001634,1207555,4.864166355058494
565459,206051,1002003,1208054,4.8628883140581705
565462,206051,1002012,1208063,4.862931992564947
565491,206062,1002041,1208103,4.862813133911153
565514,206073,1002065,1208138,4.862670024699985
565942,206073,1002973,1209046,4.867076230267915
566024,206099,1003056,1209155,4.866864953250622
566054,206118,1003098,1209216,4.866620091403953
566108,206139,1003140,1209279,4.866328060192394
566130,206153,1003176,1209329,4.86617221190087
566151,206166,1003232,1209398,4.866136996400958
566231,206231,1003410,1209641,4.865466394479976
566467,206250,1004076,1210326,4.868247272727273
566523,206250,1004142,1210392,4.868567272727272
566527,206252,1004150,1210402,4.868558850338421
566930,206275,1004774,1211049,4.8710410859289786
566945,206285,1004813,1211098,4.870994013137165
567056,206410,1005079,1211489,4.869332881158859
567092,206427,1005161,1211588,4.8693291090797235
567283,206448,1005561,1212009,4.870771332248315
567329,206464,1005643,1212107,4.870791033787973
567370,206486,1005707,1212193,4.870582024931473
567390,206489,1005724,1212213,4.8705935909418905
567451,206525,1005829,1212354,4.870252996005326
567485,206543,1005895,1212438,4.870148104753006
567555,206568,1005946,1212514,4.869805584601681
567568,206573,1005969,1212542,4.869799054087417
567569,206573,1005971,1212544,4.869808735894817
567576,206577,1005973,1212550,4.869724122240133
567588,206585,1005996,1212581,4.869646876588329
567689,206636,1006161,1212797,4.8692435006484835
567741,206663,1006285,1212948,4.869207356904719
567771,206663,1006346,1213009,4.869502523431867
567834,206708,1006472,1213180,4.869051996052402
567906,206708,1006675,1213383,4.870034057704588
567959,206708,1006843,1213551,4.870846798382259
568035,206747,1006972,1213719,4.8705519306205165
568107,206775,1007117,1213892,4.870593640430419
569255,207128,1008640,1215768,4.869645822872813
569265,207129,1008656,1215785,4.869699559211892
569392,207212,1008841,1216053,4.868641777503234
569406,207215,1008866,1216081,4.868691938324928
569465,207238,1008919,1216157,4.86840733842249
569513,207255,1008993,1216248,4.868365057537816
569565,207263,1009152,1216415,4.868944288174927
569779,207306,1009270,1216576,4.868503564778637
569781,207306,1009275,1216581,4.86852768371393
569805,207311,1009288,1216599,4.868472970561138
569808,207312,1009291,1216603,4.868463957706259
569873,207360,1009438,1216798,4.868045910493827
569960,207409,1009854,1217263,4.868901542363157
570158,207423,1009979,1217402,4.869175549481012
577464,207749,1022010,1229759,4.919446062315583
577487,207769,1022058,1229827,4.9192035385452115
577574,207800,1022157,1229957,4.918946102021174
577594,207800,1022178,1229978,4.9190471607314725
577615,207807,1022234,1230041,4.919150942942249
577627,207807,1022244,1230051,4.919199064516595
577673,207836,1022328,1230164,4.918916838276333
577745,207858,1022496,1230354,4.919204456888838
577830,207905,1022729,1230634,4.919213102137996
577840,207915,1022755,1230670,4.919101555924296
578004,208022,1022921,1230943,4.917369316706886
578021,208032,1022937,1230969,4.91720985233041
578037,208040,1022971,1231011,4.9171841953470485
578074,208055,1023009,1231064,4.917012328470837
578388,208214,1023460,1231674,4.915423554612082
578470,208214,1023636,1231850,4.9162688387908595
578755,208357,1023999,1232356,4.914636897248473
578993,208461,1024208,1232669,4.913187598639554
579070,208461,1024227,1232688,4.913278742786421
579600,208700,1025244,1233944,4.912525155725922
579615,208709,1025277,1233986,4.9124714315146925
579624,208714,1025285,1233999,4.912392077196547
579722,208715,1025574,1234289,4.913753204130034
579861,208808,1025743,1234551,4.91237404697138
579863,208808,1025748,1234556,4.912397992414084
580029,208808,1026064,1234872,4.913911344392935
580075,208812,1026097,1234909,4.913975250464532
580234,208845,1026396,1235241,4.914630467571644
580295,208875,1026517,1235392,4.914503889886296
580311,208875,1026543,1235418,4.914628366247756
580376,208875,1026664,1235539,4.915207660083782
580390,208876,1026672,1235548,4.915222428617936
582705,210309,1032396,1242705,4.908948261843288
582736,210329,1032435,1242764,4.908666898050198
582756,210335,1032456,1242791,4.908626714526826
582786,210338,1032560,1242898,4.909051146250321
582853,210388,1032696,1243084,4.908530904804456
582870,210395,1032726,1243121,4.908510183226788
582892,210395,1032750,1243145,4.908624254378669
582956,210454,1032994,1243448,4.9084075379893
582965,210454,1032994,1243448,4.9084075379893
582993,210458,1033011,1243469,4.9083950241853485
583012,210462,1033021,1243483,4.908349250696087
583110,210463,1033310,1243773,4.90969909200192
583170,210511,1033451,1243962,4.909249397893697
583267,210543,1033574,1244117,4.909087454819206
583331,210577,1033727,1244304,4.909021403097205
583418,210609,1033860,1244469,4.908907026765238
583503,210668,1034020,1244688,4.90829171967266
583627,210705,1034186,1244891,4.908217650269334
583659,210710,1034239,1244949,4.908352712258554
583694,210719,1034379,1245098,4.908807463968603
583799,210780,1034490,1245270,4.9079134642755475
583828,210799,1034543,1245342,4.907722522402858
584114,210799,1035053,1245852,4.910141888718637
584255,210846,1035400,1246246,4.910693112508656
584826,211041,1036103,1247144,4.9094867821892425
584849,211048,1036124,1247172,4.9094234486941355
584858,211058,1036139,1247197,4.9092619090486975
584892,211058,1036203,1247261,4.909565143230771
585172,211283,1036736,1248019,4.90685952016963
585195,211293,1036782,1248075,4.906844997231333
585215,211293,1036806,1248099,4.906958583578254
585341,211386,1036986,1248372,4.905651273026596
585360,211395,1037030,1248425,4.905650559379361
585378,211395,1037057,1248452,4.9057782823624025
585493,211401,1037309,1248710,4.906831093514222
585531,211424,1037392,1248816,4.906689874375663
585537,211427,1037412,1248839,4.906714847204945
585560,211427,1037446,1248873,4.90687565921098
585755,211530,1037855,1249385,4.906419893159363
585790,211536,1037934,1249470,4.906654186521443
585829,211536,1037970,1249506,4.906824370319946
585896,211536,1038122,1249658,4.907542924135845
585906,211551,1038155,1249706,4.907350946107558
585933,211561,1038216,1249777,4.907407319874646
585989,211594,1038287,1249881,4.906977513540081
585992,211594,1038287,1249881,4.906977513540081
586026,211605,1038351,1249956,4.90702488126462
586084,211646,1038509,1250155,4.906820823450478
586108,211659,1038543,1250202,4.906680084475501
586164,211694,1038644,1250338,4.906345952176254
586605,211922,1039681,1251603,4.905960683647757
586940,212107,1040131,1252238,4.903803269104745
586977,212118,1040194,1252312,4.903845972524727
587010,212123,1040210,1252333,4.903805810779595
587069,212152,1040317,1252469,4.90363984313134
587165,212152,1040416,1252568,4.90410648968664
587187,212154,1040420,1252574,4.904079112342921
587232,212167,1040496,1252663,4.9041368356059145
587815,212171,1041706,1253877,4.909747326448949
587908,212221,1041800,1254021,4.909033507522818
587909,212221,1041800,1254021,4.909033507522818
588005,212221,1041899,1254120,4.909500002356035
588146,212278,1042139,1254417,4.909312316867504
588183,212283,1042169,1254452,4.909338006340593
588273,212326,1042318,1254644,4.9090455243352205
588285,212336,1042334,1254670,4.908889684273981
588325,212349,1042392,1254741,4.908862297444301
588919,212349,1044001,1256350,4.916439446383077
588976,212351,1044161,1256512,4.917146611035503
588983,212354,1044163,1256517,4.917086563003287
589026,212354,1044196,1256550,4.9172419638904845
589031,212354,1044201,1256555,4.917265509479454
589057,212367,1044232,1256599,4.917110473849515
589112,212397,1044281,1256678,4.916646656967848
589201,212470,1044432,1256902,4.915668094319198
589239,212500,1044494,1256994,4.915265882352942
589241,212500,1044499,1256999,4.9152894117647055
590405,212523,1046353,1258876,4.923481223208782
590464,212544,1046399,1258943,4.923211193917495
590517,212591,1046497,1259088,4.922583740609904
590549,212609,1046574,1259183,4.922529149753774
590707,212664,1046762,1259426,4.922140089530903
590727,212670,1046780,1259450,4.922085860723186
590730,212675,1046795,1259470,4.922040672387445
590776,212709,1046858,1259567,4.921550098961492
590872,212786,1047197,1259983,4.921362307670617
590903,212807,1047255,1260062,4.9211492103173295
590987,212825,1047313,1260138,4.921005520967931
591037,212852,1047422,1260274,4.920893390712796
591070,212858,1047437,1260295,4.920825151039661
591107,212880,1047507,1260387,4.92064543404735
591173,212898,1047634,1260532,4.920825935424475
591305,212943,1047894,1260837,4.921007030050295
591388,212951,1048084,1261035,4.921714384999366
607334,213070,1079323,1292393,5.065579387055897
607458,213077,1079475,1292552,5.066126329918292
607505,213091,1079553,1292644,5.066159528088939
607523,213107,1079581,1292688,5.065910551976237
607678,213150,1079731,1292881,5.065592305887872
607722,213165,1079746,1292911,5.065306218187788
607758,213170,1079807,1292977,5.065473565698738
607793,213204,1079874,1293078,5.064980019136602
607801,213207,1079880,1293087,5.064936892315918
608016,213226,1080358,1293584,5.066727322183974
608067,213253,1080400,1293653,5.066282772106371
609476,213256,1080407,1293663,5.066244326068199
609494,213256,1080450,1293706,5.066445961661102
609504,213262,1080456,1293718,5.066331554613574
609633,213341,1080683,1294024,5.065519520392236
609770,213418,1081015,1294433,5.065247542381617
609772,213421,1081026,1294447,5.065227882916864
609791,213427,1081046,1294473,5.065179194759801
609831,213445,1081092,1294537,5.064967556044882
609858,213456,1081129,1294585,5.064879881568098
609865,213460,1081141,1294601,5.064841188044599
609966,213500,1081451,1294951,5.065344262295082
611922,213781,1084831,1298612,5.0744967981251845
612059,213781,1085029,1298810,5.075422979591264
612064,213783,1085041,1298824,5.075431629268931
612076,213790,1085055,1298845,5.07533093222321
612782,213790,1086193,1299983,5.080653912718088
612841,213790,1086269,1300059,5.08100940174938
613000,213895,1086766,1300661,5.08083872928306
613049,213905,1086862,1300767,5.081049998831257
613081,213925,1086898,1300823,5.080743251139418
613130,213956,1087009,1300965,5.080525902522014
613147,213971,1087028,1300999,5.080258539708652
613157,213979,1087035,1301014,5.0801013183536705
613208,213979,1087159,1301138,5.080680814472448
613228,213991,1087184,1301175,5.0805127318438625
613244,213995,1087195,1301190,5.080469169840417
613395,213995,1087435,1301430,5.081590691371294
613465,214054,1087561,1301615,5.080778682014818
613535,214054,1087831,1301885,5.082040045969708
613559,214073,1087869,1301942,5.081766500212544
613803,214178,1088176,1302354,5.080708569507606
613809,214179,1088186,1302365,5.080731537639077
613918,214218,1088351,1302569,5.080576795600743
613940,214227,1088387,1302614,5.080531398936642
614139,214336,1088840,1303176,5.08006121230218
614148,214338,1088860,1303198,5.080107120529258
614172,214346,1088908,1303254,5.080141453537738
614421,214346,1088990,1303336,5.080524012577794
614428,214346,1088990,1303336,5.080524012577794
614449,214346,1089022,1303368,5.080673303910499
614461,214349,1089042,1303391,5.08069550126196
614472,214353,1089055,1303408,5.080661339006219
614668,214519,1089444,1303963,5.07854315934719
614744,214558,1089585,1304143,5.078277202434773
614745,214560,1089588,1304148,5.07824384787472
614831,214603,1089725,1304328,5.077864708321878
614842,214603,1089725,1304328,5.077864708321878
614920,214649,1089796,1304445,5.077107277462275
614926,214654,1089813,1304467,5.077068212099472
615106,214754,1090259,1305013,5.07678087486147
615144,214772,1090313,1305085,5.0766068202559
615249,214841,1090500,1305341,5.0758467890207175
615378,214894,1090749,1305643,5.075753627369773
615403,214911,1090797,1305708,5.075575470776275
615418,214920,1090808,1305728,5.075414107574912
615462,214935,1090918,1305853,5.075571684462744
615480,214943,1090943,1305886,5.075499085804143
615485,214945,1090955,1305900,5.075507688013213
615680,214980,1091207,1306187,5.075853567773747
615820,215052,1091317,1306369,5.074665662258431
615853,215057,1091346,1306403,5.074682526027983
615979,215121,1091671,1306792,5.074683550188034
615992,215124,1091681,1306805,5.074659266283632
616113,215124,1091895,1307019,5.075654041390082
616146,215132,1091936,1307068,5.075655876392169
616157,215146,1091949,1307095,5.075386016937336
616185,215156,1091973,1307129,5.075261670601796
616198,215160,1091981,1307141,5.075204498977505
616370,215161,1092101,1307262,5.0757386329306895
616416,215161,1092244,1307405,5.07640325151863
616538,215198,1092555,1307753,5.076975622450023
616618,215268,1092740,1308008,5.076184105394207
616671,215271,1092834,1308105,5.076550022994272
616744,215272,1092927,1308199,5.07695845256234
616803,215296,1093048,1308344,5.07695451843044
617255,215296,1093880,1309176,5.080818965517241
617277,215312,1093910,1309222,5.08058073864903
617304,215324,1093936,1309260,5.080418346306032
617346,215346,1094063,1309409,5.08048907339816
617590,215453,1094523,1309976,5.080100996505038
617684,215501,1094672,1310173,5.079660883244161
617740,215525,1094743,1310268,5.079424660712214
618929,215525,1096734,1312259,5.088662568147547
619438,215742,1097337,1313079,5.086339238534917
619447,215746,1097353,1313099,5.086319097457195
619526,215775,1097441,1313216,5.086043332174719
619574,215790,1097530,1313320,5.0861022290189535
620030,215901,1097891,1313792,5.085159401762845
620070,215901,1097940,1313841,5.085386357636139
620219,215973,1098153,1314126,5.0846772513230825
620369,216000,1098493,1314493,5.0856157407407405
620423,216016,1098609,1314625,5.085776053625658
620598,216068,1099041,1315109,5.086551456023104
620604,216069,1099088,1315157,5.086745437799962
620620,216074,1099105,1315179,5.086706406138638
620705,216112,1099208,1315320,5.086288591100911
620736,216124,1099249,1315373,5.0861958875460385
621086,216180,1099951,1316131,5.088125636044038
621110,216194,1099992,1316186,5.087985790539978
621136,216213,1100069,1316282,5.08789480743526
621174,216224,1100147,1316371,5.087996707118544
621190,216224,1100173,1316397,5.0881169527897
621225,216235,1100250,1316485,5.088214211390386
621354,216299,1100468,1316767,5.087716540529545
621522,216348,1100864,1317212,5.088394623476991
621805,216505,1101605,1318110,5.08812729498164
621835,216521,1101637,1318158,5.0878990952378755
621868,216531,1101660,1318191,5.087770342352827
621885,216550,1101710,1318260,5.087554837220042
621901,216555,1101726,1318281,5.087511255801067
621914,216555,1101733,1318288,5.087543580152848
621915,216555,1101735,1318290,5.087552815681929
621918,216555,1101744,1318299,5.08759437556279
621927,216559,1101765,1318324,5.087597375311116
621948,216571,1101822,1318393,5.087578669350929
621977,216583,1101863,1318446,5.087486090782749
621980,216583,1101863,1318446,5.087486090782749
621988,216596,1101879,1318475,5.087254612273542
622022,216619,1101935,1318554,5.0869729802094925
622037,216627,1101952,1318579,5.086863595027397
622067,216643,1101989,1318632,5.086658696565317
622206,216719,1102131,1318850,5.085530110419484
622248,216731,1102191,1318922,5.085525374773336
622261,216739,1102200,1318939,5.085379188793895
622274,216745,1102210,1318955,5.085284550970034
622340,216770,1102257,1319027,5.084914886746321
622394,216803,1102382,1319185,5.084717462396738
622529,216861,1102544,1319405,5.084104564675068
622533,216866,1102547,1319413,5.084001180452446
622544,216876,1102557,1319433,5.083812870027113
622565,216885,1102607,1319492,5.083832445766189
622873,216946,1103291,1320237,5.085555852608484
622951,216987,1103368,1320355,5.084949789618733
622960,216991,1103389,1320380,5.084952832145112
623015,217004,1103492,1320496,5.085122854878251
623296,217160,1104081,1321241,5.084182169828698
623328,217190,1104147,1321337,5.083783783783784
623407,217228,1104268,1321496,5.083451488758355
623527,217317,1104392,1321709,5.081940207162808
623564,217342,1104464,1321806,5.081686926594951
623752,217342,1104743,1322085,5.082970617736103
623786,217349,1104787,1322136,5.0830093536202146
623969,217349,1105016,1322365,5.084062958651754
623978,217352,1105031,1322383,5.0840617983731455
624075,217384,1105231,1322615,5.084233430243256
624107,217402,1105291,1322693,5.084088462847628
624178,217402,1105463,1322865,5.084879623922503
624282,217429,1105539,1322968,5.0845977307534875
624286,217431,1105542,1322973,5.084564758475103
624344,217454,1105617,1323071,5.0843718671535125
624399,217482,1105672,1323154,5.083970167646058
624615,217610,1106397,1324007,5.084311382748955
624684,217641,1106469,1324110,5.083918011771679
624687,217641,1106478,1324119,5.083959364274195
624689,217641,1106478,1324119,5.083959364274195
624728,217653,1106540,1324193,5.083963924228014
624765,217665,1106594,1324259,5.08393172995199
624877,217736,1106787,1324523,5.083160340963368
624964,217824,1106898,1324722,5.081616350815337
625133,217862,1107174,1325036,5.081996860397867
625143,217862,1107174,1325036,5.081996860397867
625159,217876,1107184,1325060,5.08171620554811
625163,217883,1107194,1325077,5.081598839744267
625167,217883,1107196,1325079,5.081608018982665
625169,217883,1107201,1325084,5.081630967078661
625265,217932,1107364,1325296,5.081236348952884
625291,217953,1107400,1325353,5.080911939730125
625335,217967,1107459,1325426,5.080856276408814
625369,217985,1107509,1325494,5.080666100878501
625387,217985,1107562,1325547,5.0809092368740965
625460,217988,1107583,1325571,5.080935647833826
625527,217988,1107656,1325644,5.081270528652953
625569,218005,1107704,1325709,5.081094470310314
625587,218013,1107738,1325751,5.081063973249302
625697,218067,1107900,1325967,5.080548638721127
625721,218076,1107937,1326013,5.080508630018892
626157,218314,1108801,1327115,5.0789275996958505
626202,218333,1108842,1327175,5.078673402554813
626324,218371,1108948,1327319,5.078275045679143
626333,218371,1108970,1327341,5.078375791657317
626359,218384,1108997,1327381,5.078197120668181
626385,218397,1109036,1327433,5.078073416759388
626667,218512,1109331,1327843,5.076750933587172
627043,218681,1109795,1328476,5.0749493554538345
627050,218681,1109800,1328481,5.074972219808762
627594,218839,1110312,1329151,5.073647750172501
627703,218839,1110503,1329342,5.074520537929711
627712,218843,1110524,1329367,5.074523745333413
627746,218868,1110584,1329452,5.074218250269569
627787,218869,1110664,1329533,5.074560581900589
627880,218939,1110821,1329760,5.073655219033612
627891,218942,1110829,1329771,5.073622237852947
627918,218946,1110875,1329821,5.07373964356508
627972,218954,1110911,1329865,5.073718680636115
627997,218971,1110988,1329959,5.073676422905316
628034,219004,1111039,1330043,5.073144782743694
628159,219114,1111271,1330385,5.071656763146125
636990,219114,1137762,1356876,5.192557298940278
636998,219117,1137777,1356894,5.192554662577527
637011,219126,1137790,1356916,5.192400719220905
637048,219141,1137819,1356960,5.192177639054307
637114,219165,1137933,1357098,5.192129217712682
637682,219165,1139324,1358489,5.198476034038282
637713,219195,1139366,1358561,5.197956157759073
637816,219262,1139580,1358842,5.197343816986072
637831,219266,1139592,1358858,5.197303731540686
637861,219274,1139626,1358900,5.197269170079444
637867,219278,1139636,1358914,5.197219967347386
637896,219286,1139717,1359003,5.197399742801638
637935,219297,1139775,1359072,5.197403521252001
638005,219321,1139879,1359200,5.197308967221561
638147,219367,1140024,1359391,5.196880114146612
638280,219420,1140163,1359583,5.196258317382189
638321,219432,1140251,1359683,5.196375186846039
638334,219439,1140259,1359698,5.1962458815433905
638343,219442,1140272,1359714,5.196234084632842
638379,219442,1140308,1359750,5.196398137093173
638457,219481,1140469,1359950,5.196208327827922
638570,219553,1140612,1360165,5.195155611629083
639102,219573,1142420,1361993,5.202916569887919
639123,219584,1142441,1362025,5.20275156659866
639134,219586,1142464,1362050,5.2028089222445875
640612,219746,1144200,1363946,5.2069207175557235
640634,219761,1144237,1363998,5.206733678860217
640637,219761,1144244,1364005,5.206765531645742
640659,219761,1144284,1364045,5.2069475475630345
640704,219761,1144326,1364087,5.207138664276191
640723,219773,1144369,1364142,5.2070500015925525
640725,219775,1144369,1364144,5.2070026163121375
640727,219776,1144377,1364153,5.207015324694234
640906,219843,1144529,1364372,5.206119821872882
641070,219920,1144812,1364732,5.205583848672244
641291,220159,1145401,1365560,5.202608115044127
641351,220175,1145513,1365688,5.20273873055524
641390,220204,1145597,1365801,5.202435014804454
641430,220240,1145686,1365926,5.201988739556847
641457,220272,1145740,1366012,5.2014781724413455
641489,220291,1145778,1366069,5.201202046384101
641520,220291,1145858,1366149,5.201565202391382
641537,220300,1145887,1366187,5.201484339536995
641590,220321,1145963,1366284,5.2013335088348365
642013,220338,1146770,1367108,5.204594758961233
642045,220347,1146824,1367171,5.204627247024012
642074,220365,1146861,1367226,5.204370022462732
642181,220372,1146958,1367330,5.204644873214383
642190,220374,1146974,1367348,5.204670242406092
642370,220508,1147243,1367751,5.20272733869066
642395,220515,1147261,1367776,5.2026438110786115
642830,220515,1148028,1368543,5.206122032514795
643592,220515,1149623,1370138,5.213355100560053
643631,220529,1149651,1370180,5.213151104843354
643660,220554,1149681,1370235,5.212696210451862
643968,220565,1150392,1370957,5.215659782830458
644028,220577,1150551,1371128,5.216096873200741
644064,220584,1150599,1371183,5.216148950059841
644102,220591,1150617,1371208,5.21606502531835
644137,220618,1150707,1371325,5.21583461004995
644161,220618,1150762,1371380,5.216083909744445
644422,220737,1151194,1371931,5.215228982907261
644453,220737,1151248,1371985,5.215473617925404
644468,220744,1151268,1372012,5.215398833037365
644896,221227,1152448,1373675,5.209346056313199
644932,221236,1152469,1373705,5.209229058561898
645032,221236,1152810,1374046,5.210770399030899
645062,221253,1152851,1374104,5.2105553371027735
645083,221277,1152878,1374155,5.210112212294996
645127,221308,1152932,1374240,5.209626403022033
646440,221411,1157810,1379221,5.229234319884739
646462,221413,1157817,1379230,5.22921869989567
646485,221427,1157841,1379268,5.228996463845872
646515,221427,1157858,1379285,5.229073238584274
646571,221444,1157911,1379355,5.228911146836221
646740,221444,1158279,1379723,5.230572966528784
646857,221479,1158348,1379827,5.23005792874268
646894,221504,1158434,1379938,5.229855894250217
647081,221611,1158855,1380466,5.229230498486086
647097,221613,1158879,1380492,5.229291602929431
647103,221617,1158894,1380511,5.22926490296322
647222,221617,1159164,1380781,5.230483221052537
647235,221624,1159208,1380832,5.230516550554092
647519,221660,1159494,1381154,5.2309573220247225
647523,221661,1159500,1381161,5.23096079147888
647557,221672,1159555,1381227,5.230949330542423
647635,221688,1159584,1381272,5.2307026090722095
647794,221688,1159584,1381272,5.2307026090722095
648049,221849,1159955,1381804,5.228578898259627
648070,221849,1159987,1381836,5.228723140514494
648092,221851,1159994,1381845,5.228707555972251
648344,221885,1160341,1382226,5.229470221060459
648386,221914,1160479,1382393,5.229408689852826
648461,221914,1160646,1382560,5.230161233631046
648486,221928,1160706,1382634,5.230101654590678
648518,221955,1160768,1382723,5.229744768083621
649106,222013,1161574,1383587,5.232008936413633
649113,222015,1161575,1383590,5.231966308582753
649163,222034,1161641,1383675,5.231815848023276
649170,222035,1161647,1383682,5.231819307766793
649173,222036,1161650,1383686,5.23180925615666
649392,222167,1162108,1384275,5.230785850283795
649501,222278,1162356,1384634,5.229289448348465
649566,222318,1162465,1384783,5.228838870446838
649594,222339,1162526,1384865,5.228619360526044
649626,222350,1162597,1384947,5.228680008994828
649629,222350,1162606,1384956,5.228720485720711
649910,222433,1162884,1385317,5.228019223766258
649948,222443,1162934,1385377,5.22800897308524
650969,222710,1163876,1386586,5.225970993668897
651016,222731,1163977,1386708,5.225931729305755
651027,222733,1164000,1386733,5.225988066429312
651061,222750,1164023,1386773,5.225692480359147
651254,222750,1164467,1387217,5.227685746352413
651263,222752,1164490,1387242,5.227742062921994
651456,222752,1164584,1387336,5.228164056888378
652975,223479,1166928,1390407,5.221644986777281
653021,223479,1166960,1390439,5.221788176965173
653394,223479,1167585,1391064,5.224584860322446
653456,223496,1167715,1391211,5.224769123384759
653653,223532,1168143,1391675,5.2258423849829105
653689,223532,1168194,1391726,5.22607054023585
654961,224648,1171723,1396371,5.215817634699619
654970,224650,1171739,1396389,5.215842421544625
655038,224650,1171851,1396501,5.216340974849766
655076,224663,1171918,1396581,5.21633735862158
656283,225043,1175640,1400683,5.224068289171403
656353,225043,1175768,1400811,5.224637069360078
656367,225061,1175802,1400863,5.224370281834703
656422,225080,1175884,1400964,5.224293584503288
656676,225201,1176359,1401560,5.22359580996532
656797,225203,1176716,1401919,5.225134656287882
656876,225231,1176853,1402084,5.225093348606542
656965,225289,1176995,1402284,5.224378464993852
657481,225576,1177719,1403295,5.2209410575593145
657583,225646,1178004,1403650,5.220584455297235
657612,225657,1178023,1403680,5.220414168406032
657657,225658,1178159,1403817,5.220993716154535
657666,225661,1178167,1403828,5.220959758221403
657708,225691,1178253,1403944,5.220646813563678
657763,225739,1178341,1404080,5.219926552345851
657773,225739,1178370,1404109,5.220055019292191
657851,225756,1178418,1404174,5.219874554829108
657981,225807,1178596,1404403,5.219483895539111
658453,225839,1179570,1405409,5.223057133621739
658550,225871,1179681,1405552,5.222808594286119
659745,226274,1180994,1407268,5.219309332932639
659756,226283,1181020,1407303,5.219216644644096
659820,226302,1181126,1407428,5.219246847133476
659831,226302,1181141,1407443,5.219313130241889
659853,226304,1181162,1407466,5.219359799208145
659900,226344,1181220,1407564,5.218693669812321
659945,226355,1181312,1407667,5.2188465021757855
659960,226365,1181327,1407692,5.218682216773795
660120,226457,1181492,1407949,5.2172906997796495
660313,226457,1181936,1408393,5.219251336898396
661232,226528,1183257,1409785,5.223446991100438
661351,226592,1183544,1410136,5.223238243185991
661392,226598,1183616,1410214,5.223417682415556
661614,226711,1184060,1410771,5.22277260476995
661654,226735,1184089,1410824,5.222347674598099
661675,226747,1184130,1410877,5.222252113589154
661748,226773,1184202,1410975,5.221970869547962
661815,226799,1184257,1411056,5.22161473375103
661830,226799,1184282,1411081,5.221724963513949
661871,226820,1184342,1411162,5.221506040031743
661950,226823,1184600,1411423,5.222574430282643
662039,226872,1184778,1411650,5.222231037765789
663111,227125,1187169,1414294,5.22694111172262
663171,227145,1187270,1414415,5.2269255321490675
663178,227149,1187290,1414439,5.2269215360842445
663199,227158,1187324,1414482,5.226864121008285
663218,227172,1187357,1414529,5.226687267797088
663232,227184,1187374,1414558,5.226486020142263
663262,227193,1187409,1414602,5.226433032707874
663291,227202,1187460,1414662,5.226450471386696
663292,227202,1187462,1414664,5.226459274126108
663446,227264,1187866,1415130,5.226811109546607
663466,227270,1187884,1415154,5.226752321027853
663504,227292,1187941,1415233,5.22649719303803
664090,227455,1188835,1416290,5.226682200874898
664436,227463,1189157,1416620,5.227913990407231
664487,227495,1189228,1416723,5.227490714081628
664897,227495,1190083,1417578,5.231249038440406
664942,227524,1190215,1417739,5.231162426820907
664963,227533,1190253,1417786,5.231122518491823
664998,227539,1190335,1417874,5.231344956249258
665204,227624,1190699,1418323,5.230990580958071
665238,227624,1190699,1418323,5.230990580958071
665327,227659,1190887,1418546,5.2310121717129565
665373,227670,1190972,1418642,5.231132779900734
665455,227679,1191122,1418801,5.231584818977596
665511,227686,1191147,1418833,5.23153377897631
665573,227694,1191288,1418982,5.231969221850378
665575,227697,1191300,1418997,5.231952990157973
665787,227762,1191738,1419500,5.232382926036828
665910,227846,1191997,1419843,5.231590635780308
666227,228024,1192479,1420503,5.229620566256184
666425,228024,1192618,1420642,5.230230151212153
666509,228024,1192742,1420766,5.230773953618917
666574,228034,1192792,1420826,5.230763833463431
666970,228064,1193841,1421905,5.234675354286516
666973,228064,1193850,1421914,5.234714816893503
666993,228066,1193857,1421923,5.2346996045004515
667073,228156,1194044,1422200,5.2334543031960585
667080,228156,1194044,1422200,5.2334543031960585
667162,228185,1194288,1422473,5.233858492013059
667292,228185,1194288,1422473,5.233858492013059
667317,228195,1194334,1422529,5.233830714958698
667385,228234,1194446,1422680,5.23342709675158
667462,228237,1194599,1422836,5.234028663187827
667573,228237,1194704,1422941,5.234488711295715
667577,228237,1194709,1422946,5.234510618348471
667914,228447,1195307,1423754,5.232316467276874
668152,228598,1195688,1424286,5.230526951241918
668172,228609,1195717,1424326,5.230402127650268
668186,228620,1195739,1424359,5.2302466975767645
668202,228620,1195765,1424385,5.230360423410025
668265,228641,1195799,1424440,5.230028735003783
668309,228668,1195864,1424532,5.229695453670824
668332,228676,1195932,1424608,5.229809861988141
668350,228676,1195975,1424651,5.229997900960311
668357,228676,1195975,1424651,5.229997900960311
668399,228701,1196038,1424739,5.229701662869861
668423,228706,1196116,1424822,5.229928379666472
668435,228706,1196139,1424845,5.230028945458361
668491,228724,1196256,1424980,5.230128888966615
668530,228739,1196281,1425020,5.22989520807558
668562,228743,1196342,1425085,5.2300704283846935
668585,228749,1196381,1425130,5.230103738158419
668613,228762,1196409,1425171,5.2299289217614815
668650,228787,1196455,1425242,5.229558497641912
668732,228832,1196548,1425380,5.228936512375891
668753,228838,1196571,1425409,5.228899920467755
668878,228848,1197042,1425890,5.230729567223659
669052,228906,1197231,1426137,5.230229876018977
669614,229011,1197710,1426721,5.229923453458568
669641,229024,1197763,1426787,5.229858006147827
669658,229032,1197807,1426839,5.22986744210416
669723,229049,1197871,1426920,5.229758697920532
670101,229262,1198498,1427760,5.227634758485924
670143,229283,1198565,1427848,5.227448175398961
672499,229397,1201606,1431003,5.238106862775014
672660,229472,1201837,1431309,5.237401513038628
672705,229488,1201902,1431390,5.237319598410374
672929,229659,1202179,1431838,5.2346261195947035
672990,229681,1202250,1431931,5.234433845202695
673188,229715,1202730,1432445,5.235748645060183
673268,229760,1202881,1432641,5.235380396935933
673298,229770,1202929,1432699,5.235361448404927
673346,229777,1202941,1432718,5.235254181227886
673604,229808,1203215,1433023,5.2357402701385505
673781,229896,1203508,1433404,5.235010613494798
674044,229959,1203936,1433895,5.235437621489048
674055,229966,1203973,1433939,5.235439151874625
674073,229975,1204010,1433985,5.235395151646918
674109,229975,1204039,1434014,5.235521252310034
674122,229984,1204069,1434053,5.235446813691388
674131,229986,1204089,1434075,5.235488247110694
674174,229994,1204176,1434170,5.2356844091585
674628,230220,1204812,1435032,5.233307271305708
674638,230224,1204821,1435045,5.233255438181945
674648,230224,1204831,1435055,5.233298874139968
674678,230224,1204851,1435075,5.233385746056015
674860,230279,1205070,1435349,5.233086820769588
674893,230303,1205132,1435435,5.232810688527723
675102,230362,1205333,1435695,5.232343007961383
675998,230553,1206855,1437408,5.234609829410157
676098,230558,1206868,1437426,5.234552693899149
676129,230568,1206930,1437498,5.234594566461955
676162,230584,1206990,1437574,5.234491551885647
676196,230591,1207015,1437606,5.234441066650477
676253,230600,1207126,1437726,5.234718126626192
677272,230808,1208423,1439231,5.235620082492808
677546,230922,1209126,1440048,5.236079715228518
677576,230931,1209164,1440095,5.236040202484725
677619,230970,1209212,1440182,5.235363900073603
677627,230970,1209212,1440182,5.235363900073603
677647,230993,1209255,1440248,5.235028767105497
677746,231137,1209453,1440590,5.232623941644999
677811,231137,1209596,1440733,5.233242622340863
677859,231156,1209625,1440781,5.23293792936372
677888,231162,1209645,1440807,5.232888623562697
678286,231217,1210803,1442020,5.236652149279681
678436,231265,1211049,1442314,5.236628975417811
678490,231294,1211090,1442384,5.236149662334518
678538,231304,1211197,1442501,5.2363858817832805
678584,231321,1211284,1442605,5.236377155554403
678606,231329,1211312,1442641,5.236317106804594
678734,231414,1211521,1442935,5.235296913756298
678823,231436,1211595,1443031,5.235118996180369
678844,231444,1211617,1443061,5.235033096558995
679182,231578,1211958,1443536,5.233476409676221
679193,231578,1211968,1443546,5.233519591671056
679299,231629,1212085,1443714,5.232872395080063
679300,231629,1212087,1443716,5.232881029577471
679307,231631,1212087,1443718,5.232835846669919
679317,231631,1212103,1443734,5.2329049220527475
679443,231684,1212250,1443934,5.232342328343779
679480,231708,1212307,1444015,5.23204636870544
679520,231722,1212357,1444079,5.231946038787858
679550,231738,1212404,1444142,5.231787622228551
679582,231750,1212462,1444212,5.231766990291262
679661,231833,1212623,1444456,5.230588397682815
679949,231842,1214401,1446243,5.238054364610381
679958,231845,1214416,1446261,5.238051284263193
679989,231845,1214455,1446300,5.238219500097047
680002,231851,1214468,1446319,5.238140012335508
680044,231863,1214530,1446393,5.238136313253947
680174,231864,1214915,1446779,5.239774177966394
680225,231914,1215010,1446924,5.2390541321351884
680302,231914,1215029,1446943,5.239136059056374
680328,231928,1215066,1446994,5.23897933841537
680398,231948,1215186,1447134,5.239044958352734
680439,231964,1215231,1447195,5.2388775844527595
680585,232056,1215651,1447707,5.23861050780846
680620,232086,1215740,1447826,5.238316830829951
680693,232131,1215833,1447964,5.237701987239964
680871,232282,1216193,1448475,5.235846944662092
680895,232292,1216237,1448529,5.2358109620649875
680918,232305,1216292,1448597,5.235754719011644
680942,232326,1216370,1448696,5.235617193082135
680946,232330,1216378,1448708,5.235561485817587
681100,232413,1216720,1449133,5.235163265393933
681198,232490,1216889,1449379,5.234156307798185
681286,232543,1217094,1449637,5.233844923304507
681723,232543,1217094,1449637,5.233844923304507
681754,232561,1217146,1449707,5.233663425939861
681824,232561,1217283,1449844,5.23425251869402
681836,232561,1217308,1449869,5.234360017371786
682124,232760,1217666,1450426,5.231422924901186
682136,232765,1217682,1450447,5.231379288123215
682359,232844,1217905,1450749,5.230562093075192
682447,232904,1218016,1450920,5.229691203242537
682484,232940,1218098,1451038,5.229234996136344
682487,232940,1218103,1451043,5.229256460891216
682507,232949,1218137,1451086,5.229200382916432
682526,232957,1218150,1451107,5.22907661070498
682592,232982,1218270,1451252,5.2290305688851495
682681,233015,1218564,1451579,5.229551745595777
682692,233018,1218576,1451594,5.229535915680334
682746,233038,1218684,1451722,5.229550545404612
682833,233055,1218837,1451892,5.229825577653344
682909,233081,1218895,1451976,5.229491035305323
683394,233410,1220008,1453418,5.22688830812733
683402,233410,1220027,1453437,5.226969709952444
683426,233422,1220052,1453474,5.226808098636804
683470,233464,1220121,1453585,5.2261633485248264
683501,233477,1220173,1453650,5.226095075746219
684237,233561,1221739,1455300,5.2309204019506685
684311,233603,1221885,1455488,5.230604915176603
684342,233623,1221955,1455578,5.230456761534609
685646,233855,1223865,1457720,5.233435248337645
685733,233892,1223965,1457857,5.233034904998888
685772,233902,1224024,1457926,5.23306341972279
685810,233911,1224103,1458014,5.2331998067641115
685886,233981,1224219,1458200,5.232129959270197
686207,233981,1224836,1458817,5.234766925519594
686574,234169,1225629,1459798,5.233950693729742
686595,234178,1225646,1459824,5.23382213529879
687228,234455,1226240,1460695,5.230172101256104
687258,234473,1226282,1460755,5.229949717024988
687271,234490,1226302,1460792,5.229655848863491
687414,234610,1226591,1461201,5.228212778653936
687551,234641,1227143,1461784,5.2298745743497514
687569,234646,1227156,1461802,5.2298185351550845
687661,234693,1227259,1461952,5.2292100744376695
687722,234711,1227322,1462033,5.229077461218264
687748,234724,1227370,1462094,5.228992348460319
687767,234729,1227408,1462137,5.229042853673811
687789,234745,1227457,1462202,5.228895184135977
687864,234745,1227554,1462299,5.229308398474941
688161,234891,1227971,1462862,5.22783333546198
688186,234899,1228015,1462914,5.227842604693932
688461,234900,1228031,1462931,5.22788846317582
688878,234902,1228992,1463894,5.231935019710347
688941,234922,1229104,1464026,5.2319663547901
689214,235100,1229521,1464621,5.2297788175244575
689250,235120,1229574,1464694,5.229559373936713
689603,235142,1230382,1465524,5.232506315332863
689615,235147,1230398,1465545,5.2324630975517445
689669,235188,1230488,1465676,5.231933602054527
689682,235192,1230512,1465704,5.231946664852546
689717,235225,1230586,1465811,5.231527261132958
690152,235225,1231353,1466578,5.234787968965883
690181,235237,1231397,1466634,5.234707975361019
690320,235347,1231692,1467039,5.233514767555992
690874,235544,1232185,1467729,5.231230683014639
690888,235550,1232232,1467782,5.231296964551051
691342,235564,1232743,1468307,5.233155320846988
691361,235575,1232767,1468342,5.23301284092115
691375,235580,1232796,1468376,5.233024874777146
691568,235580,1232890,1468470,5.233423889973682
691571,235583,1232896,1468479,5.233382714372429
691585,235594,1232917,1468511,5.233227501549275
691620,235616,1232981,1468597,5.233010491647426
691679,235638,1233067,1468705,5.232886885816379
691728,235647,1233119,1468766,5.2329076966819015
691998,235734,1233435,1469169,5.232316933492835
692046,235743,1233516,1469259,5.232460772960385
693781,236212,1234874,1471086,5.227820771171659
693800,236234,1234905,1471139,5.227465140496288
694699,236698,1236434,1473132,5.223677428622126
694715,236705,1236454,1473159,5.223607443864726
694732,236711,1236472,1473183,5.223551081276324
694739,236716,1236482,1473198,5.223482992277666
694762,236737,1236506,1473243,5.223121016148722
694807,236746,1236616,1473362,5.223387089961393
695091,236864,1236862,1473726,5.221823493650365
695124,236864,1236935,1473799,5.222131687381789
695135,236873,1236952,1473825,5.222005040675805
695147,236873,1236986,1473859,5.222148577507778
695152,236873,1237012,1473885,5.222258340967523
695156,236882,1237024,1473906,5.222110586705617
695169,236891,1237033,1473924,5.221950179618474
695186,236894,1237055,1473949,5.2219769179464235
697408,237017,1239459,1476476,5.229409704789108
697445,237039,1239514,1476553,5.229156383548699
697465,237050,1239539,1476589,5.229019194262814
697546,237085,1239668,1476753,5.228791361747897
697561,237092,1239692,1476784,5.228738211327249
697949,237175,1240718,1477893,5.2312343206493095
714285,237175,1272831,1510006,5.366632233582798
714293,237182,1272860,1510042,5.36659611606277
714358,237206,1272958,1510164,5.366466278256031
714481,237259,1273164,1510423,5.366135741952887
714482,237259,1273166,1510425,5.366144171559351
714744,237478,1273695,1511173,5.363423138143323
714761,237495,1273727,1511222,5.363173961557085
714786,237518,1273752,1511270,5.36275987504105
714798,237524,1273783,1511307,5.362754921607921
714868,237550,1273899,1511449,5.362656282887813
714909,237561,1273921,1511482,5.362500578798708
714958,237570,1273941,1511511,5.362381613840132
716839,237979,1277603,1515582,5.368553527832288
717093,237979,1278240,1516219,5.371230234600532
717141,238024,1278395,1516419,5.370865963096159
717262,238024,1278609,1516633,5.371765032097604
717291,238039,1278637,1516676,5.371544158730292
717312,238039,1278669,1516708,5.371678590483072
717341,238054,1278728,1516782,5.371587959034505
717404,238064,1278802,1516866,5.371673163519054
717428,238081,1278850,1516931,5.371491215174667
717441,238090,1278873,1516963,5.37138477046495
717599,238250,1279195,1517445,5.36912906610703
717616,238273,1279228,1517501,5.368749291778758
717619,238273,1279237,1517510,5.368787063578332
717643,238273,1279269,1517542,5.368921363310153
717833,238391,1279547,1517938,5.367429978480732
717837,238391,1279556,1517947,5.367467731583827
717990,238444,1279848,1518292,5.367499287044337
718034,238474,1279924,1518398,5.36714274931439
718141,238524,1280052,1518576,5.366554309000352
718155,238524,1280066,1518590,5.366613003303651
718240,238530,1280164,1518694,5.366888860939924
718634,238543,1280924,1519467,5.369782387242552
718839,238602,1281381,1519983,5.370369904694847
718921,238627,1281491,1520118,5.370268242906293
718952,238634,1281543,1520177,5.370328620397764
718969,238644,1281562,1520206,5.370183201756592
718989,238663,1281584,1520247,5.3698478607911575
719031,238685,1281653,1520338,5.369641996773991
719082,238724,1281711,1520435,5.369007724401401
719144,238727,1281725,1520452,5.3689988983231896
719154,238727,1281741,1520468,5.369065920486581
719201,238758,1281832,1520590,5.368749947645734
719375,238853,1282007,1520860,5.367347280544938
719388,238855,1282033,1520888,5.367411190889871
719395,238862,1282044,1520906,5.367299947249877
719633,238945,1282303,1521248,5.36651949193329
719763,238946,1282688,1521634,5.368108275509948
719772,238952,1282739,1521691,5.368186916200743
720355,238952,1283953,1522905,5.373267434463825
720375,238961,1283996,1522957,5.373245006507338
720413,238961,1284087,1523048,5.373625821786819
720478,238990,1284169,1523159,5.373316875183062
720489,238992,1284192,1523184,5.3733681462141
721465,238992,1285762,1524754,5.379937403762469
721472,238992,1285767,1524759,5.379958324964853
721508,239010,1285831,1524841,5.379820927994644
721633,239068,1286053,1525121,5.379444342195526
721634,239068,1286055,1525123,5.379452708016129
721658,239068,1286087,1525155,5.379586561145783
721773,239091,1286216,1525307,5.379608600909277
722079,239202,1286699,1525901,5.379131445389253
722102,239213,1286749,1525962,5.379093109488196
722116,239224,1286792,1526016,5.379025515834532
722144,239242,1286823,1526065,5.3787503866377975
722250,239277,1287004,1526281,5.378720060849977
722274,239277,1287025,1526302,5.3788078252402025
722290,239290,1287067,1526357,5.378691127920097
722292,239292,1287067,1526359,5.378646172876652
722299,239295,1287072,1526367,5.378599636432019
722314,239297,1287117,1526414,5.378742733924788
722320,239301,1287119,1526420,5.378661184031826
722574,239348,1287816,1527164,5.380517071377241
722649,239348,1287913,1527261,5.380922339021007
723156,239691,1288701,1528392,5.3765097563112505
723195,239696,1288717,1528413,5.376464354849476
723294,239737,1288805,1528542,5.375911936830777
723492,239836,1289101,1528937,5.374927033472873
723523,239848,1289119,1528967,5.374733164337414
723547,239864,1289157,1529021,5.374533068738952
723587,239877,1289192,1529069,5.374387707033188
723608,239878,1289234,1529112,5.374540391365611
723624,239878,1289247,1529125,5.374594585581003
723777,239956,1289460,1529416,5.373735184783877
723945,239967,1289647,1529614,5.37426812853434
723989,239980,1289688,1529668,5.3741478456538045
724003,239984,1289721,1529705,5.374195779718648
724237,240148,1290019,1530167,5.371766577277346
724279,240181,1290110,1530291,5.371407396921488
724281,240183,1290110,1530293,5.371362669297993
724296,240190,1290129,1530319,5.371285232524252
724333,240214,1290205,1530419,5.371064967071028
724336,240214,1290212,1530426,5.37109410775392
724566,240308,1290420,1530728,5.369858681358923
724607,240308,1290420,1530728,5.369858681358923
724632,240315,1290449,1530764,5.369822940723633
724643,240320,1290459,1530779,5.369752829560586
725341,240333,1292342,1532675,5.377297333283402
725383,240386,1292440,1532826,5.376519431248076
725408,240397,1292485,1532882,5.376460604749643
725443,240409,1292548,1532957,5.376454292476571
727006,240552,1294249,1534801,5.380329409025907
727241,240664,1294964,1535628,5.380796463118705
727852,240930,1295788,1536718,5.37827584775661
727950,240975,1295996,1536971,5.3781346612719165
727996,240997,1296104,1537101,5.378091843466931
728169,241064,1296462,1537526,5.3780821690505425
728351,241191,1296879,1538070,5.376979240518925
729082,241278,1297636,1538914,5.378177869511518
729111,241299,1297691,1538990,5.377937745286967
729226,241299,1297949,1539248,5.379006958172226
729337,241299,1298206,1539505,5.380072026821495
729394,241299,1298296,1539595,5.380445008060539
729510,241299,1298421,1539720,5.38096303755921
729531,241301,1298421,1539722,5.380918437967518
729538,241305,1298431,1539736,5.380870682331489
729559,241313,1298501,1539814,5.3809823755868935
729563,241317,1298514,1539831,5.380947053046408
729621,241330,1298542,1539872,5.380773215099656
729730,241330,1298740,1540070,5.381593668420835
729811,241354,1298857,1540211,5.381543293253893
729982,241416,1299032,1540448,5.380886105311992
730043,241449,1299175,1540624,5.380742931219429
730089,241481,1299247,1540728,5.380328058936314
730128,241481,1299363,1540844,5.380808427992265
730195,241481,1299436,1540917,5.381110729208509
730242,241512,1299547,1541059,5.380879625028984
730266,241533,1299583,1541116,5.380560834337337
730399,241602,1299685,1541287,5.379446362198989
730441,241631,1299740,1541371,5.379028353150051
730445,241631,1299744,1541375,5.379044907317356
730556,241631,1299782,1541413,5.37920217190675
730810,241631,1300419,1542050,5.381838423050023
730851,241637,1300440,1542077,5.381791695808175
730955,241666,1300525,1542191,5.381497604131321
733577,242148,1307972,1550120,5.4015395543221505
733606,242159,1308052,1550211,5.401624552463464
733813,242269,1308482,1550751,5.40094688135915
733928,242293,1308753,1551046,5.4015303785086655
733966,242296,1308853,1551149,5.401876217519067
734000,242316,1308874,1551190,5.401517027352713
734032,242334,1308961,1551295,5.401474824003235
734136,242378,1309130,1551508,5.40119152728383
734177,242394,1309192,1551586,5.401090786075563
734267,242470,1309355,1551825,5.4000701117664045
734273,242470,1309366,1551836,5.400115478203489
734283,242470,1309382,1551852,5.40018146574834
734320,242484,1309429,1551913,5.400063509344946
734341,242500,1309463,1551963,5.399847422680413
734489,242592,1309682,1552274,5.398702347975201
734497,242596,1309685,1552281,5.398625698692476
734555,242609,1309717,1552326,5.398468317333652
734863,242692,1309962,1552654,5.397631565935424
734876,242698,1309983,1552681,5.397584652531129
735016,242698,1310244,1552942,5.398660063123717
735047,242698,1310392,1553090,5.399269874494228
735071,242726,1310458,1553184,5.398918945642412
735174,242751,1310536,1553287,5.398684248468595
735198,242759,1310573,1553332,5.3986587520957
735214,242759,1310596,1553355,5.398753496265844
735243,242766,1310637,1553403,5.3987667136254665
735280,242789,1310692,1553481,5.39848180930767
735281,242789,1310694,1553483,5.398490046913163
735312,242789,1310743,1553532,5.398691868247738
735538,242791,1310778,1553569,5.398791553228909
735546,242791,1310778,1553569,5.398791553228909
735573,242806,1310812,1553618,5.398598057708623
735671,242807,1311101,1553908,5.399766069347259
735698,242807,1311139,1553946,5.399922572248741
735711,242814,1311147,1553961,5.399799846796313
735762,242840,1311241,1554081,5.399608795915006
735811,242854,1311340,1554194,5.3997051726551755
735871,242854,1311382,1554236,5.399878116069737
735879,242857,1311402,1554259,5.399893764643391
735997,242857,1311629,1554486,5.400828471075571
736142,242905,1311845,1554750,5.400650460056401
736167,242921,1311873,1554794,5.400410009838589
736187,242921,1311894,1554815,5.400496457696123
736467,242937,1312341,1555278,5.401980760444066
736514,242945,1312352,1555297,5.401848154932186
736526,242951,1312369,1555320,5.401784722022136
736544,242958,1312389,1555347,5.401711406909836
737654,243420,1314368,1557788,5.399589187412702
737657,243421,1314375,1557796,5.399595762074759
737680,243424,1314401,1557825,5.3996360260286576
737701,243432,1314456,1557888,5.399684511485754
737709,243432,1314456,1557888,5.399684511485754
737710,243432,1314458,1557890,5.399692727332479
737977,243538,1315139,1558677,5.400138787376098
738017,243568,1315216,1558784,5.399789791762465
738022,243570,1315220,1558790,5.399761875436219
738023,243570,1315222,1558792,5.399770086628074
739621,243577,1318397,1561974,5.412649798626307
739657,243602,1318441,1562043,5.412274940271426
739829,243665,1318682,1562347,5.411864650237006
739902,243707,1318811,1562518,5.41146130394285
739934,243713,1318861,1562574,5.41153323786585
739981,243713,1318955,1562668,5.411918937438709
740001,243718,1318983,1562701,5.411922796018349
740058,243753,1319071,1562824,5.411506730173578
740647,243786,1319627,1563413,5.4130548924056345
740692,243817,1319779,1563596,5.412990070421669
740715,243828,1319799,1563627,5.412827895073576
740793,243852,1320079,1563931,5.413443400095139
740811,243861,1320143,1564004,5.41350605467869
740868,243865,1320155,1564020,5.4134664671027
740902,243865,1320231,1564096,5.413778114940643
740938,243879,1320277,1564156,5.413655952337019
741075,243905,1320497,1564402,5.413980853201042
741113,243934,1320571,1564505,5.413640574909607
741389,244073,1321051,1565124,5.412524121881568
741394,244073,1321062,1565135,5.412569190365177
741397,244073,1321071,1565144,5.41260606457904
741413,244073,1321097,1565170,5.412712590085753
741437,244084,1321125,1565209,5.412583372937186
741446,244085,1321151,1565236,5.4126677182129175
741493,244102,1321250,1565352,5.412696331861271
741539,244115,1321345,1565460,5.412797247199066
741728,244147,1321690,1565837,5.413500882664952
741931,244147,1322189,1566336,5.415544733295924
742439,244163,1323075,1567238,5.418818576115136
742605,244163,1323391,1567554,5.420112793502701
742636,244185,1323483,1567668,5.420001228576694
742669,244198,1323535,1567733,5.419925634116577
742705,244212,1323590,1567802,5.419840138895713
742728,244227,1323611,1567838,5.419593247265864
742819,244264,1323833,1568097,5.419681164641536
742919,244314,1323999,1568313,5.419251455094673
743075,244343,1324113,1568456,5.419074825143343
743100,244343,1324138,1568481,5.41917714033142
743103,244343,1324158,1568501,5.41925899248188
743116,244357,1324207,1568564,5.419149031949156
743133,244360,1324222,1568582,5.419143886069733
743163,244378,1324289,1568667,5.419018896954718
743509,244378,1324619,1568997,5.420369264009035
743515,244381,1324634,1569015,5.420364103592341
743531,244390,1324670,1569060,5.42031179671836
743563,244414,1324802,1569216,5.420319621625603
743609,244442,1324867,1569309,5.419964654191997
743831,244655,1325355,1570010,5.417240604116
743851,244664,1325370,1570034,5.417102638720858
743885,244679,1325404,1570083,5.416909501837101
743888,244679,1325411,1570090,5.416938110749186
745520,245553,1333017,1578570,5.4286325151800225
745540,245591,1333074,1578665,5.428024642596838
745568,245610,1333114,1578724,5.427767599039127
745594,245619,1333156,1578775,5.427739710690134
745720,245741,1333384,1579125,5.4259728738794095
745747,245748,1333440,1579188,5.4260461936618
745805,245768,1333580,1579348,5.4261742781810485
745858,245792,1333690,1579482,5.42609198021091
745975,245859,1333822,1579681,5.425150187709216
745997,245865,1333842,1579707,5.425099139771826
746008,245865,1333852,1579717,5.425139812498729
746572,246116,1334582,1580698,5.42257309561345
746606,246139,1334651,1580790,5.422346722786718
746626,246149,1334686,1580835,5.422268625913572
746754,246185,1334922,1581107,5.422434348152812
746822,246195,1335054,1581249,5.422750258941083
746834,246198,1335085,1581283,5.422810095939041
746865,246206,1335111,1581317,5.422739494569588
747707,246467,1336286,1582753,5.42176437413528
747736,246484,1336336,1582820,5.421593288002467
747737,246484,1336336,1582820,5.421593288002467
747979,246631,1336773,1583404,5.420133722038186
747999,246632,1336813,1583445,5.420273930390217
748069,246641,1336860,1583501,5.420266703427249
748116,246670,1336918,1583588,5.419864596424373
748149,246675,1337022,1583697,5.420176345393736
748166,246682,1337059,1583741,5.420172529815714
748280,246708,1337337,1584045,5.420728148256238
749028,246721,1339171,1585892,5.427876021903283
749239,246784,1339296,1586080,5.426996887966805
749256,246794,1339324,1586118,5.426890443041565
749421,246829,1339633,1586462,5.427372796551459
749584,246935,1339854,1586789,5.425937999878511
749677,246963,1339938,1586901,5.425662953559845
749678,246963,1339940,1586903,5.425671051938955
749708,246976,1340075,1587051,5.425932074371599
749717,246980,1340084,1587064,5.425880638108349
749777,247003,1340130,1587133,5.425561632854662
749833,247020,1340180,1587200,5.425390656626994
749904,247073,1340267,1587340,5.42457897058764
749916,247073,1340296,1587369,5.4246963448049765
750076,247073,1340572,1587645,5.425813423563077
750221,247150,1340877,1588027,5.425357070604896
750275,247175,1340962,1588137,5.425152220086983
750299,247186,1340995,1588181,5.425044298625327
750330,247198,1341062,1588260,5.425051982621219
750371,247207,1341123,1588330,5.4251012309521975
750424,247239,1341236,1588475,5.424856110888654
750678,247239,1341832,1589071,5.427266733808177
750681,247239,1341837,1589076,5.427286957154818
750809,247337,1342156,1589493,5.426426292871669
750910,247397,1342399,1589796,5.426092474848119
750940,247397,1342476,1589873,5.426403715485637
751123,247529,1342830,1590359,5.424940108027746
751211,247574,1342955,1590529,5.424458949647378
751285,247584,1343084,1590668,5.4247608892335535
751501,247744,1343521,1591265,5.423021344613795
751583,247784,1343595,1591379,5.422444548477706
751653,247806,1343669,1591475,5.422261769287265
751670,247812,1343724,1591536,5.422352428453828
752097,247927,1344152,1592079,5.42156360541611
752265,247974,1344543,1592517,5.422112802148613
752267,247974,1344547,1592521,5.422128932871995
752402,248006,1344698,1592704,5.42203817649573
752465,248021,1344829,1592850,5.422238439486979
752505,248023,1344832,1592855,5.422206811465066
752567,248076,1345077,1593153,5.422035988971122
752604,248083,1345130,1593213,5.422096637012613
752703,248167,1345371,1593538,5.421232476517829
752732,248190,1345412,1593602,5.420895281840526
752733,248192,1345417,1593609,5.420871744455905
752766,248225,1345479,1593704,5.420400846006647
752810,248247,1345594,1593841,5.4203837307198075
752836,248259,1345668,1593927,5.420419803511655
752897,248279,1345756,1594035,5.420337604066393
752961,248319,1345868,1594187,5.419915511902029
752985,248319,1345898,1594217,5.420036324244218
752995,248324,1345919,1594243,5.420011758831205
753416,248426,1346702,1595128,5.420938227077681
753616,248426,1347142,1595568,5.422709378245433
753898,248576,1347693,1596269,5.4216537397013385
754042,248576,1347868,1596444,5.422357749742534
754084,248594,1347950,1596544,5.422294987006927
754178,248594,1348077,1596671,5.422805860157526
754204,248606,1348149,1596755,5.422833720827334
754275,248633,1348270,1596903,5.422731495819139
754284,248635,1348291,1596926,5.422772336959801
754874,249083,1350254,1599337,5.4208998606890075
754963,249097,1350335,1599432,5.420920364356054
755014,249118,1350435,1599553,5.420864811053397
755196,249118,1350979,1600097,5.42304851516149
755207,249131,1350991,1600122,5.422813700422669
755292,249196,1351103,1600299,5.421848665307629
755358,249247,1351236,1600483,5.421272873896175
755568,249266,1351864,1601130,5.423379040863977
755588,249275,1351899,1601174,5.423323638551801
755630,249283,1351922,1601205,5.423241857647734
755650,249290,1351945,1601235,5.42318183641542
756459,249897,1354294,1604191,5.419408796424126
756466,249901,1354301,1604202,5.419350062624799
756554,249961,1354467,1604428,5.418713319277807
756565,249961,1354477,1604438,5.4187533255187805
756586,249972,1354505,1604477,5.418626886211256
756652,250011,1354703,1604714,5.418573582762359
757026,250108,1355277,1605385,5.41876709261599
757135,250156,1355402,1605558,5.4182270263355665
757178,250189,1355526,1605715,5.418007985962612
757199,250200,1355584,1605784,5.418001598721023
757235,250216,1355634,1605850,5.417854973303066
757269,250216,1355652,1605868,5.417926911148768
757394,250227,1355816,1606043,5.418344143517686
758418,250604,1357099,1607703,5.415312604746932
758418,250604,1357099,1607703,5.415312604746932
758741,250785,1357535,1608320,5.413142731822079
758779,250798,1357627,1608425,5.413228973117808
758812,250810,1357661,1608471,5.413105538056696
758831,250824,1357699,1608523,5.412954900647466
758922,250891,1357857,1608748,5.412139136118872
759015,250915,1358091,1609006,5.412554052169061
759025,250920,1358124,1609044,5.412577714012434
759099,250944,1358223,1609167,5.412454571537873
759217,250988,1358404,1609392,5.412226879372719
759594,251101,1358707,1609808,5.410997964962306
759614,251105,1358765,1609870,5.411142749049202
760860,251157,1360743,1611900,5.417897968203156
761101,251177,1361208,1612385,5.419317851554879
761230,251178,1361590,1612768,5.4208171097787226
761326,251209,1361844,1613053,5.421159273752135
761462,251214,1362068,1613282,5.421943044575541
761553,251221,1362109,1613330,5.421955170945104
761713,251253,1362346,1613599,5.422207894035096
761945,251269,1362454,1613723,5.422292443556507
761973,251279,1362510,1613789,5.422299515677793
762016,251285,1362587,1613872,5.422476470939372
762035,251291,1362614,1613905,5.422454445244756
762198,251296,1362879,1614175,5.42340108875589
762265,251305,1363204,1614509,5.424500109428782
762279,251305,1363230,1614535,5.4246035693679
762318,251317,1363260,1614577,5.424463924048115
762458,251317,1363625,1614942,5.425916273073449
762884,251708,1364362,1616070,5.42041571980231
763153,251769,1364824,1616593,5.420937446627662
763209,251769,1364894,1616663,5.421215479268695
765165,251769,1368555,1620324,5.435756586394671
765199,251780,1368570,1620350,5.435578679799825
765223,251784,1368583,1620367,5.435543958313475
765285,251823,1368653,1620476,5.434980124929018
765382,251858,1368765,1620623,5.434669536008386
765401,251863,1368803,1620666,5.43471252228394
765470,251911,1368900,1620811,5.434062029843873
765478,251917,1368917,1620834,5.434000087330351
765490,251923,1368940,1620863,5.433961964568539
765542,251950,1369034,1620984,5.433752728716015
765596,251970,1369150,1621120,5.433781799420566
765657,252017,1369237,1621254,5.433113639159263
765714,252046,1369332,1621378,5.432865429326393
765727,252051,1369354,1621405,5.432844940111327
765898,252060,1370349,1622409,5.436598428945489
766026,252062,1370727,1622789,5.4380549229951365
766111,252062,1371175,1623237,5.439832263490729
766115,252062,1371184,1623246,5.439867968991756
766230,252153,1371372,1623525,5.4386503432439826
766241,252157,1371385,1623542,5.43861562439274
766261,252167,1371407,1623574,5.438487193010981
766290,252205,1371498,1623703,5.438028587855118
766300,252205,1371514,1623719,5.438092028310303
766542,252309,1371829,1624138,5.437098954060299
766544,252309,1371834,1624143,5.43711877103076
767536,252670,1373300,1625970,5.435152570546562
767565,252692,1373338,1626030,5.434829753217356
767728,252701,1374267,1626968,5.438312472051951
767805,252755,1374351,1627106,5.4374829380229865
767836,252764,1374411,1627175,5.437526704752259
767880,252782,1374455,1627237,5.437313574542491
767897,252788,1374484,1627272,5.437299238887922
767945,252829,1374559,1627388,5.436714142760522
768011,252844,1374604,1627448,5.436569584407777
768446,252855,1375025,1627880,5.43799806213047
768653,252928,1375608,1628536,5.438733552631579
768690,252933,1375671,1628604,5.438875117125879
768752,252952,1375764,1628716,5.438834245232297
768754,252954,1375764,1628718,5.438791242676534
768813,253000,1375851,1628851,5.438146245059288
768855,253009,1375933,1628942,5.438276899240739
768941,253032,1376023,1629055,5.438138259192513
769100,253131,1376400,1629531,5.437500740723183
769121,253138,1376423,1629561,5.437441237585823
769169,253147,1376444,1629591,5.437330878896452
769191,253158,1376476,1629634,5.437221024024522
769195,253158,1376478,1629636,5.437228924229138
769203,253168,1376491,1629659,5.4370655059091195
769279,253215,1376766,1629981,5.4371423493868845
769331,253228,1376788,1630016,5.4369501003048635
769363,253245,1376834,1630079,5.436766767359671
769466,253328,1377122,1630450,5.436122339417672
769490,253328,1377152,1630480,5.436240762963431
769508,253332,1377155,1630487,5.436166769298786
769518,253332,1377171,1630503,5.436229927525934
769524,253338,1377186,1630524,5.436160386519195
769563,253363,1377244,1630607,5.4358529066990835
769584,253363,1377273,1630636,5.435967366979393
769611,253363,1377323,1630686,5.436164712290271
769784,253472,1377661,1631133,5.435160491099609
769803,253481,1377683,1631164,5.4350543038728745
769863,253497,1377736,1631233,5.434920334362931
770144,253656,1378251,1631907,5.433543854669316
770322,253751,1378622,1632373,5.432971692722393
770991,253935,1379285,1633220,5.431645893634197
771106,253972,1379383,1633355,5.431240451703338
771131,253983,1379435,1633418,5.431209962871531
771318,254060,1379625,1633685,5.430311737384869
771331,254065,1379640,1633705,5.4302639088422255
771362,254077,1379691,1633768,5.430208165241246
771423,254090,1379831,1633921,5.430481325514582
771502,254138,1379972,1634110,5.4300104667542834
771578,254187,1380141,1634328,5.42962858053323
771629,254205,1380219,1634424,5.429550952971027
771782,254205,1380373,1634578,5.430156763242265
771912,254205,1380759,1634964,5.43167522275329
771947,254219,1380806,1635025,5.431560976952942
772022,254273,1380883,1635156,5.430710299559922
772042,254273,1380904,1635177,5.430792887959004
772075,254278,1380920,1635198,5.430749022723162
772114,254278,1380968,1635246,5.430937792494828
772233,254324,1381502,1635826,5.432055173715418
772257,254341,1381556,1635897,5.4319044117936155
772280,254347,1381581,1635928,5.43187456506269
772331,254347,1381697,1636044,5.432330634920011
772359,254354,1381725,1636079,5.432291216179026
772394,254373,1381808,1636181,5.432211752033432
772661,254519,1382787,1637306,5.432942137915048
772695,254519,1382805,1637324,5.43301285955076
772719,254523,1382827,1637350,5.4330139122986925
772750,254534,1382842,1637376,5.432838049140782
772783,254553,1382889,1637442,5.432617175990854
772804,254566,1382902,1637468,5.432390814169999
773015,254690,1383208,1637898,5.430947426282932
773128,254721,1383297,1638018,5.430635872189572
773157,254730,1383368,1638098,5.430722726023633
773169,254730,1383389,1638119,5.430805166254466
773655,254730,1384835,1639565,5.436481765006085
773726,254735,1384952,1639687,5.436834357273245
773731,254735,1384974,1639709,5.436920721534143
773746,254740,1385026,1639766,5.437018136138808
773838,254809,1385247,1640056,5.436413156521159
773885,254838,1385345,1640183,5.4361790627771365
773908,254844,1385372,1640216,5.4361570215504385
773930,254855,1385431,1640286,5.436153891428459
773951,254862,1385449,1640311,5.43607520932897
773976,254867,1385486,1640353,5.436113737753416
774162,254993,1385869,1640862,5.434929586302369
774268,255092,1386058,1641150,5.433561224969814
774343,255092,1386225,1641317,5.43421589073746
774361,255107,1386244,1641351,5.4339708436068
774411,255121,1386293,1641414,5.433864715174368
774470,255149,1386309,1641458,5.433331112408828
774490,255158,1386347,1641505,5.433288393857923
774525,255175,1386397,1641572,5.433122367003037
774676,255227,1386670,1641897,5.4330850576153775
774984,255227,1387392,1642619,5.43591391192938
775010,255236,1387438,1642674,5.435902458900782
775059,255236,1387543,1642779,5.43631384287483
775253,255360,1387797,1643157,5.434668703007519
775284,255360,1387847,1643207,5.4348645050125315
775410,255427,1388047,1643474,5.434221910761196
775430,255427,1388076,1643503,5.434335446135295
775455,255444,1388109,1643553,5.434102973645887
775465,255444,1388125,1643569,5.434165609683531
775590,255446,1388494,1643940,5.435567595499636
775616,255460,1388524,1643984,5.435387144758475
775662,255484,1388557,1644041,5.435005714643578
775835,255616,1388925,1644541,5.433638739359038
775882,255640,1388956,1644596,5.433249882647473
775913,255640,1388956,1644596,5.433249882647473
776063,255695,1389220,1644915,5.433113670584095
776176,255760,1389488,1645248,5.43278073193619
776214,255783,1389577,1645360,5.432640167642103
776234,255789,1389609,1645398,5.432637838218219
776282,255827,1389661,1645488,5.43203414807663
776444,255912,1389996,1645908,5.431538966519741
776499,255936,1390057,1645993,5.431267973243311
776858,256089,1390621,1646710,5.430225429440546
776867,256091,1390644,1646735,5.4302728327039995
776969,256091,1390644,1646735,5.4302728327039995
776999,256101,1390665,1646766,5.430142795225321
777034,256113,1390762,1646875,5.430267108659068
777068,256124,1390812,1646936,5.430229107775921
777120,256161,1390968,1647129,5.430053755255484
777331,256220,1391304,1647524,5.430114745140894
777381,256244,1391384,1647628,5.429918359064017
777439,256267,1391481,1647748,5.4298095345869735
777524,256304,1391642,1647946,5.429653848554842
777769,256304,1392656,1648960,5.433610088020476
777777,256304,1392685,1648989,5.4337232349085465
777802,256316,1392737,1649053,5.433671717723435
777849,256341,1392838,1649179,5.433535798019045
777892,256364,1392914,1649278,5.433344775397481
777906,256364,1392949,1649313,5.433481300026525
777976,256364,1393077,1649441,5.433980590098454
778062,256408,1393220,1649628,5.433605815731179
778127,256441,1393275,1649716,5.433121068783853
778150,256456,1393326,1649782,5.433002152416009
778235,256488,1393561,1650049,5.433240541467827
778245,256488,1393577,1650065,5.433302922553882
778256,256498,1393593,1650091,5.433153474880895
778284,256505,1393623,1650128,5.433122161361377
778303,256510,1393630,1650140,5.433043546060582
778336,256515,1393659,1650174,5.433050698789544
778428,256565,1393863,1650428,5.432787013037632
778608,256642,1394188,1650830,5.432423375752994
778640,256654,1394214,1650868,5.432270683488276
779065,256843,1394686,1651529,5.430111001662494
779075,256843,1394702,1651545,5.4301732965274505
779106,256880,1394773,1651653,5.42966754905014
779136,256890,1394807,1651697,5.429588539841956
779185,256890,1394916,1651806,5.430012845965199
779290,256958,1395021,1651979,5.428984503304042
779508,257071,1395508,1652579,5.428492517631316
779529,257071,1395537,1652608,5.4286053269330266
779556,257085,1395570,1652655,5.428438065231344
779574,257092,1395591,1652683,5.428371944673502
779580,257093,1395595,1652688,5.428366388816499
779688,257128,1395895,1653023,5.428794219221555
779691,257128,1395904,1653032,5.428829221243894
779723,257145,1395933,1653078,5.428583095140874
779963,257208,1396101,1653309,5.427906596995427
780341,257417,1396894,1654311,5.426580218089715
780529,257565,1397245,1654810,5.424824801506416
780703,257637,1397429,1655066,5.424022947014598
780712,257637,1397429,1655066,5.424022947014598
780764,257673,1397501,1655174,5.423544570055846
780789,257690,1397541,1655231,5.4233420000776125
782510,258355,1399412,1657767,5.416624412146078
782604,258427,1399585,1658012,5.415784728375905
782869,258427,1400374,1658801,5.418837814934198
782901,258438,1400430,1658868,5.418823857172707
782952,258453,1400482,1658935,5.418710558592858
783723,258468,1401598,1660066,5.422713836915982
783747,258481,1401645,1660126,5.42262293940367
783792,258519,1401753,1660272,5.422243626193819
783885,258537,1401915,1660452,5.4224927186437535
783925,258566,1401963,1660529,5.4220701871089005
784026,258620,1402187,1660807,5.421804191477844
784037,258620,1402199,1660819,5.421850591601578
784062,258634,1402248,1660882,5.421746560777005
784075,258635,1402270,1660905,5.421810659810157
784108,258645,1402325,1660970,5.421813682847145
784111,258645,1402338,1660983,5.42186394478919
784130,258656,1402408,1661064,5.421903996041074
784144,258664,1402445,1661109,5.421879349271642
784235,258664,1402493,1661157,5.422064918195033
784283,258668,1402513,1661181,5.42205839145159
784302,258678,1402538,1661216,5.421945430225995
784325,258691,1402580,1661271,5.421835317038474
784406,258691,1402769,1661460,5.422565918412315
784421,258696,1402780,1661476,5.42250363360856
784611,258790,1403107,1661897,5.421797596506821
784646,258794,1403134,1661928,5.421818125613422
784775,258826,1403289,1662115,5.421746656054647
784858,258877,1403464,1662341,5.4213545428910255
784908,258907,1403533,1662440,5.4209928661642985
785096,258969,1403773,1662742,5.420621773262437
785130,258986,1403841,1662827,5.420528522777293
785153,259011,1403878,1662889,5.420148179034867
785254,259055,1404141,1663196,5.420242805581826
785347,259121,1404330,1663451,5.419591619359296
785481,259198,1404552,1663750,5.418838108318737
785510,259198,1404569,1663767,5.418903695244562
785598,259269,1404727,1663996,5.418029151190463
786448,259446,1405422,1664868,5.4170116324784345
786912,259470,1406255,1665725,5.419720969668941
786932,259479,1406297,1665776,5.419694850064938
786957,259490,1406332,1665822,5.4195999845851475
786970,259490,1406345,1665835,5.41965008285483
787018,259515,1406502,1666017,5.419732963412519
787045,259532,1406532,1666064,5.419493549928332
787077,259556,1406597,1666153,5.419242860885512
787117,259581,1406678,1666259,5.419032980071731
787200,259630,1406829,1666459,5.41859184223703
787277,259647,1406998,1666645,5.418887951719065
788105,259959,1408290,1668249,5.417354275097227
788139,259980,1408331,1668311,5.417074390337718
788249,260073,1408552,1668625,5.415987049789867
788496,260205,1408962,1669167,5.414815241828558
788836,260377,1409369,1669746,5.412801437915023
788885,260379,1409398,1669777,5.41287123769582
788906,260379,1409441,1669820,5.413036381582232
788978,260382,1409625,1670007,5.41368066917068
789295,260485,1410592,1671077,5.415252317791811
789325,260506,1410621,1671127,5.4149271034064475
789358,260535,1410666,1671201,5.414497092521159
789428,260572,1410818,1671390,5.414311591421948
789449,260582,1410906,1671488,5.414441519368183
789466,260594,1410928,1671522,5.414276614196797
789631,260715,1411204,1671919,5.412822430623478
789650,260715,1411234,1671949,5.412937498801373
789674,260728,1411256,1671984,5.412751986744807
789694,260753,1411322,1672075,5.412486145892856
789710,260760,1411344,1672104,5.4124252185918085
789725,260772,1411360,1672132,5.412237510162134
789757,260780,1411391,1672171,5.41219035202086
789815,260782,1411426,1672208,5.412283056345913
789868,260819,1411511,1672330,5.411841161878544
789894,260839,1411540,1672379,5.411537385130291
790025,260941,1412056,1672997,5.411399511767028
790143,260941,1412403,1673344,5.412729314289437
790315,261005,1412556,1673561,5.411988276086665
790340,261012,1412613,1673625,5.41206151441313
790841,261177,1413748,1674925,5.412988126825869
790844,261177,1413755,1674932,5.413014928573343
790857,261177,1413769,1674946,5.413068532068291
790885,261201,1413819,1675020,5.412762585135585
791012,261301,1414055,1675356,5.411594291640675
791032,261310,1414082,1675392,5.411511231870192
791042,261310,1414097,1675407,5.4115686349546515
791084,261318,1414145,1675463,5.411586649216663
791155,261363,1414296,1675659,5.411232653436025
791196,261387,1414357,1675744,5.410969175972792
791227,261395,1414400,1675795,5.410968075135331
791322,261447,1414547,1675994,5.410454126457752
791333,261447,1414559,1676006,5.410500024861635
791918,261704,1415800,1677504,5.409928774493321
792528,262027,1416578,1678605,5.406229129059219
792562,262042,1416612,1678654,5.4060494119263325
792917,262146,1416987,1679133,5.405335194891396
792930,262146,1416994,1679140,5.405361897568531
792936,262151,1416999,1679150,5.405277874202273
792977,262165,1417079,1679244,5.405294375679438
793038,262208,1417187,1679395,5.404819837686111
793065,262221,1417219,1679440,5.404673920090305
793101,262277,1417332,1679609,5.403950784857231
794099,262289,1418524,1680813,5.408248153754065
794108,262293,1418540,1680833,5.408226677799255
794251,262384,1418895,1681279,5.407703975852186
794356,262417,1419007,1681424,5.407450736804399
794372,262417,1419007,1681424,5.407450736804399
794639,262427,1419517,1681944,5.409188078970533
794702,262442,1419630,1682072,5.409309485524421
794863,262442,1420017,1682459,5.410784097057635
794876,262450,1420023,1682473,5.410642027052772
795014,262530,1420297,1682827,5.4100369481583055
795300,262569,1421225,1683794,5.412767691540129
795318,262569,1421225,1683794,5.412767691540129
795335,262579,1421267,1683846,5.412721504766185
795515,262664,1421558,1684222,5.412077787591752
795537,262664,1421582,1684246,5.412169159077757
795578,262675,1421666,1684341,5.412262301322928
795646,262709,1421864,1684573,5.412315527827368
795662,262719,1421893,1684612,5.412219900349803
795994,262964,1423238,1686202,5.412292176875922
796065,262994,1423382,1686376,5.412222332068413
796117,262994,1423422,1686416,5.412374426793007
796153,263011,1423490,1686501,5.4122831364467645
796223,263024,1423571,1686595,5.412323590242716
796236,263025,1423589,1686614,5.4123714475810285
796257,263035,1423600,1686635,5.412207500902921
796261,263035,1423606,1686641,5.412230311555496
796348,263063,1423793,1686856,5.412365098854647
796390,263072,1423851,1686923,5.412400407493005
796465,263082,1424008,1687090,5.412791449053907
796474,263088,1424025,1687113,5.412732621784346
796760,263088,1424535,1687623,5.4146711366538955
818554,263088,1489913,1753001,5.66317353889193
818599,263125,1489994,1753119,5.662685035629454
818635,263136,1490032,1753168,5.662592727714946
818975,263191,1490340,1753531,5.662579647480347
819044,263223,1490419,1753642,5.6621913738541085
819074,263239,1490456,1753695,5.661987775367631
819121,263248,1490497,1753745,5.661949948337689
820007,263274,1494253,1757527,5.675657299999241
820145,263328,1494491,1757819,5.675397223234901
820158,263340,1494512,1757852,5.675218348902559
820266,263360,1494586,1757946,5.675068347509113
820284,263365,1494684,1758049,5.675332713154747
821061,263365,1495822,1759187,5.67965371252824
821115,263378,1495887,1759265,5.679620165693414
821126,263382,1495897,1759279,5.679571876589896
821729,263499,1496311,1759810,5.678621171237841
821754,263516,1496356,1759872,5.678425598445635
822071,263542,1497337,1760879,5.6815877545135125
824008,263556,1501420,1764976,5.69677791437114
824037,263579,1501470,1765049,5.696470507893269
824064,263579,1501496,1765075,5.696569150046097
824123,263609,1501594,1765203,5.696292615199026
824302,263698,1501985,1765683,5.695852831648325
824556,263842,1502300,1766142,5.693938038674661
824593,263857,1502342,1766199,5.693773521263411
824601,263862,1502361,1766223,5.693737635582236
824604,263863,1502367,1766230,5.693738796269276
824612,263863,1502367,1766230,5.693738796269276
824624,263863,1502401,1766264,5.693867651015868
824921,263903,1502552,1766455,5.693576806629709
825005,263942,1502664,1766606,5.693159860878526
825101,264016,1502880,1766896,5.692382279861826
825270,264096,1503068,1767164,5.6913698049194235
826313,264103,1505068,1769171,5.698791759275737
826403,264113,1505324,1769437,5.699545270395626
826422,264124,1505347,1769471,5.69939498114522
826428,264124,1505360,1769484,5.699444200451303
826446,264140,1505381,1769521,5.699178465965018
826450,264141,1505390,1769531,5.699190962402656
826715,264269,1505768,1770037,5.6978608917428835
826728,264272,1505784,1770056,5.6978567536477565
826740,264294,1505816,1770110,5.697503537726925
827006,264297,1506015,1770312,5.69819180694446
827174,264389,1506326,1770715,5.697385292126374
827267,264389,1506469,1770858,5.697926161829728
827270,264389,1506478,1770867,5.697960202580289
827316,264389,1506533,1770922,5.698168229389271
827452,264417,1506638,1771055,5.697961931343295
827474,264419,1506645,1771064,5.69794530650218
827801,264676,1507446,1772122,5.695438951775
827805,264676,1507456,1772132,5.695476733817951
827873,264721,1507615,1772336,5.69510919043068
827901,264738,1507648,1772386,5.694868133777546
827921,264752,1507669,1772421,5.694646310509458
828302,264918,1508126,1773044,5.692803056039982
828635,265080,1508863,1773943,5.692104270408933
828781,265103,1509043,1774146,5.692289412039849
828790,265105,1509059,1774164,5.692306821825315
828833,265114,1509142,1774256,5.692426654194045
828930,265114,1509331,1774445,5.693139555059333
828986,265124,1509426,1774550,5.6932831429821515
829549,265124,1510880,1776004,5.6987673692310015
829648,265205,1511171,1776376,5.698124092683019
829790,265208,1511307,1776515,5.698572441253657
829826,265209,1511347,1776556,5.698701778597258
829968,265237,1511562,1776799,5.6989107854484855
829981,265245,1511585,1776830,5.698825614054931
830006,265256,1511620,1776876,5.698721235334922
830024,265270,1511659,1776929,5.698567497266936
830034,265276,1511678,1776954,5.698510230853903
830050,265276,1511704,1776980,5.698608241981936
830186,265342,1511997,1777339,5.698295030564329
830322,265432,1512311,1777743,5.697545887458935
830338,265437,1512325,1777762,5.697491306788428
830429,265485,1512508,1777993,5.697150498144905
831121,265862,1513196,1779058,5.691659582791072
831141,265866,1513234,1779100,5.691716879931996
831175,265870,1513300,1779170,5.691879489976304
831189,265876,1513361,1779237,5.691980472099776
831253,265917,1513495,1779412,5.691606779559035
831702,266120,1514252,1780372,5.690109724936119
831705,266120,1514261,1780381,5.690143544265744
831952,266258,1514611,1780869,5.688508889873732
832104,266295,1514878,1781173,5.688721155109935
832120,266295,1514904,1781199,5.688818791190221
832132,266295,1514941,1781236,5.688957734842937
833330,266295,1517537,1783832,5.698706321936198
833346,266302,1517558,1783860,5.698635383887466
833544,266383,1517841,1784224,5.697964960226441
833713,266454,1517961,1784415,5.696897025377739
833764,266516,1518034,1784550,5.695845652793828
833815,266551,1518131,1784682,5.695461656493504
833852,266557,1518226,1784783,5.695689852451821
833868,266557,1518252,1784809,5.695787392565192
834150,266557,1518579,1785136,5.697014147067982
834182,266579,1518632,1785211,5.696742804196879
834254,266611,1518743,1785354,5.696475389237503
834315,266653,1518824,1785477,5.69588191394809
834330,266657,1518840,1785497,5.695856474797211
834371,266678,1518915,1785593,5.695689183209714
834442,266696,1518963,1785659,5.695484746677866
834464,266700,1518980,1785680,5.69546306711661
834474,266700,1518992,1785692,5.695508061492314
834527,266727,1519102,1785829,5.695343928436191
834555,266742,1519133,1785875,5.695139872985881
834613,266752,1519178,1785930,5.695095069577735
834626,266753,1519181,1785934,5.695084966242179
834640,266763,1519205,1785968,5.694961445177929
835827,266814,1521891,1788705,5.703939823247656
836057,266838,1522189,1789027,5.704543580749369
836100,266861,1522280,1789141,5.704392923656885
836159,266884,1522365,1789249,5.704219810854154
836177,266890,1522418,1789308,5.704290156993518
836276,266895,1522582,1789477,5.7047977669120815
836852,266901,1523241,1790142,5.707138601953534
836905,266932,1523310,1790242,5.706734299372124
836972,266932,1523383,1790315,5.707007777261625
839146,267087,1526941,1794028,5.717017301478545
839219,267122,1527019,1794141,5.716560223418513
839246,267143,1527051,1794194,5.716230633031747
839254,267143,1527056,1794199,5.716249349599278
839519,267235,1527360,1794595,5.715419013228058
839557,267247,1527378,1794625,5.715229731297264
839566,267247,1527378,1794625,5.715229731297264
839616,267263,1527501,1794764,5.71534780347448
839638,267277,1527573,1794850,5.7153178163478335
839644,267281,1527591,1794872,5.715299628480887
839675,267286,1527623,1794909,5.71531243686538
839707,267296,1527726,1795022,5.715483957859452
839717,267300,1527740,1795040,5.715450804339693
840468,267710,1528691,1796401,5.7102498972769045
840499,267729,1528728,1796457,5.709982855798214
840517,267734,1528779,1796513,5.710066708001225
840577,267755,1528900,1796655,5.71007077365502
840604,267773,1528932,1796705,5.709806440529852
840918,267898,1529652,1797550,5.709829860618593
840935,267901,1529678,1797579,5.7098629717694225
841004,267947,1529772,1797719,5.7092335424542915
841100,267977,1529891,1797868,5.709038462256089
841181,268025,1530057,1798082,5.7086353884898795
841236,268041,1530117,1798158,5.708518472920187
841369,268064,1530208,1798272,5.70836815088934
841454,268099,1530379,1798478,5.708260754422806
841746,268103,1531454,1799557,5.7121852422389905
842009,268285,1532016,1800301,5.710404979778966
842055,268309,1532062,1800371,5.7100656332810305
842146,268309,1532158,1800467,5.71042342970232
842267,268309,1532333,1800642,5.7110756627619645
842296,268315,1532354,1800669,5.711026219182677
842320,268326,1532402,1800728,5.710970983057922
842342,268334,1532424,1800758,5.710882705881476
842382,268362,1532654,1801016,5.711143902638972
842505,268493,1532856,1801349,5.709109734704443
842598,268526,1533002,1801528,5.708951833342023
842636,268545,1533065,1801610,5.708782513172839
842646,268549,1533079,1801628,5.708749613664545
842651,268549,1533086,1801635,5.708775679671121
842670,268549,1533117,1801666,5.708891114843102
842783,268549,1533237,1801786,5.70933796067012
842815,268566,1533294,1801860,5.709188802752396
842858,268572,1533387,1801959,5.709407533175462
842880,268572,1533425,1801997,5.709549022236123
842936,268587,1533466,1802053,5.7093828070606545
842960,268591,1533468,1802059,5.70930522616171
842972,268591,1533497,1802088,5.709413197017026
843092,268615,1533631,1802246,5.709401932133351
843146,268620,1533765,1802385,5.709794505249051
843166,268623,1533815,1802438,5.709916872345257
843208,268633,1533854,1802487,5.709849497269509
843243,268641,1533898,1802539,5.709843248052233
843372,268710,1534153,1802863,5.709326039224443
843389,268716,1534165,1802881,5.709243215885917
843413,268733,1534181,1802914,5.708941588863295
843443,268733,1534236,1802969,5.709146252972281
843950,268763,1535710,1804473,5.713993369623051
844057,268763,1535806,1804569,5.714350561647251
844081,268773,1535826,1804599,5.714212365081314
844103,268773,1535879,1804652,5.714409557507636
844124,268775,1535902,1804677,5.714452609059622
844131,268779,1535915,1804694,5.7144159327923685
844218,268796,1535996,1804792,5.714355868390899
844360,268796,1536248,1805044,5.715293382341999
844654,268874,1537053,1805927,5.716629350550815
844692,268880,1537098,1805978,5.716669146087474
844713,268892,1537116,1806008,5.716480966335927
844879,268892,1537405,1806297,5.717555747288874
845195,268899,1538183,1807082,5.720300187059082
845451,269046,1538558,1807604,5.71856857191707
845621,269170,1538741,1807911,5.716614035739496
845854,269300,1539330,1808630,5.716041589305608
845920,269315,1539362,1808677,5.71584204370347
845931,269317,1539385,1808702,5.715884997976363
846501,269365,1541028,1810393,5.720965975535055
846568,269416,1541138,1810554,5.720291296730706
846594,269426,1541173,1810599,5.720208888525978
846629,269436,1541196,1810632,5.72008194896005
846657,269452,1541229,1810681,5.719864762555112
846778,269490,1541335,1810825,5.719451556644032
846791,269495,1541345,1810840,5.719382548841351
846794,269496,1541348,1810844,5.719372458218304
846812,269500,1541369,1810869,5.719365491651206
846844,269509,1541407,1810916,5.7193154959574635
846919,269531,1541499,1811030,5.719190000408116
846974,269553,1541556,1811109,5.71893468074924
847023,269575,1541617,1811192,5.718694240934805
847058,269588,1541648,1811236,5.71853346588127
847102,269608,1541772,1811380,5.718569181923385
847135,269619,1541811,1811430,5.7184805225151045
847182,269619,1541915,1811534,5.718866252007462
847207,269636,1541951,1811587,5.718639202480381
847266,269666,1542065,1811731,5.718425756305948
847348,269681,1542133,1811814,5.718359839959063
847380,269692,1542195,1811887,5.718356495557896
847414,269723,1542267,1811990,5.71796620977818
847537,269742,1542547,1812289,5.718601478449778
847551,269742,1542594,1812336,5.718775719020397
847563,269745,1542615,1812360,5.718789968303398
847652,269797,1542773,1812570,5.718273368495573
847784,269847,1543008,1812855,5.718084692436825
847883,269858,1543047,1812905,5.717996131298683
847949,269858,1543159,1813017,5.718411164390161
848251,270087,1543779,1813866,5.715858223461329
848336,270134,1543902,1814036,5.715319063872005
848404,270173,1543986,1814159,5.7148049583044935
848409,270174,1543992,1814166,5.714806013902152
848609,270201,1544531,1814732,5.7162297696899715
848636,270221,1544557,1814778,5.715902909100329
848642,270224,1544566,1814790,5.7158727574160695
848700,270249,1544683,1814932,5.715776931644521
848861,270249,1545070,1815319,5.71720894434392
848871,270249,1545086,1815335,5.717268149003327
848901,270262,1545137,1815399,5.717181845764481
848908,270267,1545151,1815418,5.717127877247314
848912,270267,1545161,1815428,5.71716487769502
848960,270285,1545254,1815539,5.7171282165122
849072,270290,1545433,1815723,5.7176847090162415
849089,270296,1545449,1815745,5.717616982863231
849137,270304,1545485,1815789,5.717580945897952
849199,270304,1545502,1815806,5.717643838049011
849217,270308,1545522,1815830,5.717633218402711
849236,270308,1545562,1815870,5.717781197744795
849240,270308,1545567,1815875,5.717799695162555
849260,270309,1545636,1815945,5.718033805755635
849299,270322,1545685,1816007,5.717940086267489
849353,270325,1545821,1816146,5.718379728105059
849368,270334,1545826,1816160,5.718207846589774
849395,270334,1545865,1816199,5.718352112571855
849425,270346,1545937,1816283,5.7183646142350915
849739,270530,1546530,1817060,5.716667282741286
849814,270546,1546589,1817135,5.716547278466509
849838,270546,1546619,1817165,5.71665816533972
849863,270557,1546658,1817215,5.716569891002635
849919,270585,1546712,1817297,5.7161779108228465
849964,270586,1546882,1817468,5.716785051702601
849996,270601,1546943,1817544,5.716693582063629
850031,270611,1546967,1817578,5.716571018916452
850097,270645,1547108,1817753,5.716373847660219
850113,270651,1547136,1817787,5.716350576942261
850136,270651,1547151,1817802,5.7164059988693925
850317,270669,1547521,1818190,5.717392830357373
850368,270683,1547594,1818277,5.717366809145753
850395,270698,1547630,1818328,5.71718298620603
850602,270817,1547913,1818730,5.715715778551568
850754,270893,1548304,1819197,5.715555588368839
850792,270933,1548394,1819327,5.71504394075288
850848,270956,1548448,1819404,5.714758115708824
850957,271050,1548672,1819722,5.7136026563364695
850995,271074,1548721,1819795,5.713277555206328
851558,271533,1550336,1821869,5.709567529545212
851581,271563,1550387,1821950,5.709124586191786
851621,271596,1550436,1822032,5.708611319754341
851864,271690,1550756,1822446,5.707814052780742
851874,271690,1550782,1822472,5.707909750082815
851886,271695,1550800,1822495,5.7078709582436185
851915,271705,1550821,1822526,5.707738171914392
851954,271714,1550882,1822596,5.707773614903906
851964,271718,1550902,1822620,5.707763195666095
851990,271729,1550928,1822657,5.707627820365143
852038,271738,1551032,1822770,5.707821504537459
852350,271874,1551769,1823643,5.707677085708821
852376,271908,1551846,1823754,5.7072465686923515
852408,271932,1551886,1823818,5.706889957783564
852462,271955,1551982,1823937,5.706760309610046
852502,271971,1552066,1824037,5.706733438491604
852511,271974,1552076,1824050,5.70670725878209
852568,271996,1552192,1824188,5.706672156943484
852676,272004,1552489,1824493,5.707596211820414
852698,272012,1552515,1824527,5.707523932767672
852725,272024,1552572,1824596,5.707481692791813
852732,272024,1552587,1824611,5.707536834985149
852782,272053,1552639,1824692,5.707119568613469
852797,272065,1552654,1824719,5.706922977964824
852835,272078,1552677,1824755,5.706734833393365
852894,272090,1552692,1824782,5.706538277775736
852990,272133,1552860,1824993,5.706253927307603
853056,272133,1552957,1825090,5.706610370664344
853079,272136,1553030,1825166,5.706815709792163
853119,272137,1553214,1825351,5.707470869451783
853552,272233,1554108,1826341,5.708742143678393
855071,272233,1558181,1830414,5.723703592143495
855075,272233,1558190,1830423,5.723736652059082
855110,272233,1558256,1830489,5.723979091440053
855134,272247,1558298,1830545,5.7238390138367
855271,272275,1558471,1830746,5.723885777247268
855297,272289,1558489,1830778,5.723657584404805
855323,272301,1558511,1830812,5.723486142173551
855403,272359,1558712,1831071,5.723005298154274
855519,272456,1558914,1831370,5.721709193411046
855529,272456,1558930,1831386,5.721767918489591
855659,272524,1559140,1831664,5.721110801250532
855688,272539,1559165,1831704,5.7208876527763
855710,272555,1559202,1831757,5.720687567646897
855815,272640,1559574,1832214,5.720268485915493
855978,272750,1559876,1832626,5.71906874427131
856011,272754,1559906,1832660,5.719094862036854
856054,272776,1559965,1832741,5.718849898818078
856056,272777,1559971,1832748,5.718850929513852
856248,272941,1560358,1833299,5.716832575538303
856398,273009,1560771,1833780,5.7169214201729615
856828,273191,1562433,1835624,5.719196459619827
856957,273227,1562604,1835831,5.71906875967602
856991,273251,1562672,1835923,5.718815301682336
857624,273309,1563925,1837234,5.722186243409475
857657,273339,1563965,1837304,5.721704550027622
857855,273359,1564285,1837644,5.722456549811786
857953,273376,1564390,1837766,5.722484782863162
858308,273554,1565158,1838712,5.721568684793496
858328,273554,1565179,1838733,5.721645452086243
858333,273557,1565184,1838741,5.721600982610571
858373,273560,1565213,1838773,5.721644246234829
858405,273582,1565253,1838835,5.721330350680966
858449,273617,1565380,1838997,5.721062653270812
858480,273628,1565466,1839094,5.721146958644583
858514,273657,1565526,1839183,5.720759929400673
858544,273657,1565573,1839230,5.720931677245603
858622,273707,1565665,1839372,5.720222719915823
858730,273707,1566222,1839929,5.722257742768727
858737,273707,1566227,1839934,5.7222760104783585
858761,273724,1566266,1839990,5.7220631000569915
858814,273730,1566281,1840011,5.721992474336025
858837,273750,1566312,1840062,5.721687671232877
858869,273763,1566403,1840166,5.7217483735932175
858874,273763,1566403,1840166,5.7217483735932175
858924,273781,1566504,1840285,5.721741099638032
858973,273794,1566561,1840355,5.721677611635025
859014,273827,1566641,1840468,5.721280224375244
859062,273836,1566733,1840569,5.721428154077623
859107,273845,1566769,1840614,5.721371578812832
859128,273845,1566799,1840644,5.721481129836222
859144,273845,1566825,1840670,5.721576074056491
859197,273886,1566915,1840801,5.721048173327588
859217,273886,1566930,1840816,5.721102940639536
860088,273915,1567136,1841051,5.721249292663782
860101,273918,1567146,1841064,5.721223139771756
860141,273928,1567198,1841126,5.721204112029438
860285,273934,1567472,1841406,5.722079040936868
860320,273936,1567539,1841475,5.72228184685474
860364,273967,1567587,1841554,5.721809561005522
860411,273975,1567678,1841653,5.721974632721964
860429,273982,1567709,1841691,5.721941587403552
860453,273994,1567781,1841775,5.721953765410921
861028,274181,1568543,1842724,5.720830400355969
861223,274181,1569013,1843194,5.722544596452709
861419,274187,1569480,1843667,5.724122587868863
861425,274192,1569482,1843674,5.724025500379296
861458,274192,1569514,1843706,5.724142206920698
861533,274240,1569634,1843874,5.72357788798133
861663,274278,1570000,1844278,5.724119324189326
861744,274293,1570134,1844427,5.724294823418753
861777,274296,1570152,1844448,5.724297838831044
862166,274436,1570688,1845124,5.723330758355318
862189,274441,1570731,1845172,5.723383167966886
862286,274441,1570911,1845352,5.724039046643905
862333,274488,1571020,1845508,5.723456034507884
862359,274492,1571039,1845531,5.723441848942774
862392,274501,1571092,1845593,5.723447273416126
862407,274508,1571111,1845619,5.723370539292115
862420,274514,1571127,1845641,5.7233037295001346
862494,274549,1571200,1845749,5.722840003059563
862503,274549,1571212,1845761,5.722883711104393
862527,274556,1571251,1845807,5.722879849648159
862572,274592,1571358,1845950,5.722519228528143
862643,274640,1571419,1846059,5.721741188464899
862649,274640,1571419,1846059,5.721741188464899
863290,274658,1572377,1847035,5.72485418229216
863319,274675,1572420,1847095,5.7246564121234185
863507,274675,1572699,1847374,5.725672158004915
863518,274675,1572709,1847384,5.725708564667334
863669,274693,1572964,1847657,5.72626168122231
863886,274792,1573320,1848112,5.725494191970654
863902,274792,1573346,1848138,5.725588808990072
863941,274810,1573438,1848248,5.725548560823842
863982,274814,1573461,1848275,5.725548916721856
863995,274819,1573478,1848297,5.72550660616624
864003,274819,1573507,1848326,5.725612130165673
864106,274921,1573706,1848627,5.724211682628828
864135,274929,1573735,1848664,5.724150598881893
864145,274936,1573743,1848679,5.724033956993628
864274,275001,1573976,1848977,5.723528278078989
864290,275001,1573991,1848992,5.723582823335188
864303,275003,1574016,1849019,5.723632105831573
864406,275029,1574093,1849122,5.7233709899683305
864667,275155,1574445,1849600,5.722029401610001
864752,275212,1574618,1849830,5.72147290089095
864796,275212,1574780,1849992,5.722061538014331
864807,275212,1574790,1850002,5.722097873639231
864828,275220,1574804,1850024,5.721982414068745
864863,275225,1574908,1850133,5.722256335725316
864883,275225,1574908,1850133,5.722256335725316
864897,275229,1574941,1850170,5.7222930723143275
865052,275229,1575285,1850514,5.723542940605823
865070,275242,1575306,1850548,5.723348907506849
865670,275395,1575736,1851131,5.721730605130812
865912,275436,1575868,1851304,5.72135813764359
866059,275490,1576070,1851560,5.720969908163636
866097,275490,1576106,1851596,5.721100584413227
866131,275525,1576154,1851679,5.720548044642047
866181,275562,1576238,1851800,5.7200847722109724
866244,275593,1576349,1851942,5.719844117956552
866268,275604,1576382,1851986,5.71973556261883
866362,275626,1576437,1852063,5.719478568785238
866367,275628,1576449,1852077,5.719480604292742
866434,275634,1576482,1852116,5.719475826639674
866442,275637,1576496,1852133,5.719464367991235
866609,275637,1576789,1852426,5.720527360260053
866786,275795,1577127,1852922,5.718475679399554
866875,275813,1577170,1852983,5.7182583852102695
866975,275838,1577264,1853102,5.718080902558748
867034,275844,1577303,1853147,5.718097910413132
867186,275906,1577468,1853374,5.717411002297884
867254,275961,1577629,1853590,5.716854917905066
867264,275961,1577645,1853606,5.716912897112273
867537,275966,1578438,1854404,5.71968285948269
867614,275966,1578555,1854521,5.720106824753774
868277,275979,1580423,1856402,5.726606009877563
868315,275993,1580478,1856471,5.726514802911668
868326,275993,1580488,1856481,5.726551035714674
868337,275996,1580513,1856509,5.726579370715518
868398,275996,1580656,1856652,5.727097494166582
868429,276028,1580719,1856747,5.726661787934558
868583,276028,1581017,1857045,5.727741388554784
868610,276037,1581049,1857086,5.727670565902397
868617,276037,1581071,1857108,5.727750265362976
868799,276112,1581356,1857468,5.7272266326708
868839,276126,1581395,1857521,5.7270774936079905
869065,276184,1581907,1858091,5.727728615705471
869103,276195,1581948,1858143,5.7276489436810945
869160,276233,1582045,1858278,5.727212172332777
869229,276236,1582200,1858436,5.7277110876207304
869252,276251,1582221,1858472,5.727476099634028
869268,276256,1582251,1858507,5.727481032086181
869301,276285,1582356,1858641,5.727259894673978
869718,276445,1582977,1859422,5.726191466657021
869963,276456,1583604,1860060,5.728231617327893
869984,276456,1583648,1860104,5.728390774662152
870037,276459,1583731,1860190,5.7286288382725825
870248,276561,1584151,1860712,5.728034683125965
870290,276569,1584219,1860788,5.728114864644989
870398,276569,1584362,1860931,5.728631914639746
870419,276585,1584409,1860994,5.728470452121409
870451,276605,1584445,1861050,5.728186402993439
870512,276625,1584567,1861192,5.728213285133303
870632,276678,1584703,1861381,5.727607543787363
870820,276706,1584870,1861576,5.7276314933539565
870844,276706,1584902,1861608,5.727747139563291
870879,276716,1584934,1861650,5.72765579149742
870886,276720,1584942,1861662,5.727601908065915
871077,276785,1585326,1862111,5.72764420037213
871146,276818,1585428,1862246,5.727329870167402
871595,276818,1585969,1862787,5.72928422284678
871615,276826,1585982,1862808,5.729165613056577
871616,276826,1585984,1862810,5.729172837811477
871683,276846,1586081,1862927,5.72910932431749
871816,276908,1586481,1863389,5.729271093648432
871854,276923,1586503,1863426,5.729040202511167
871925,276961,1586555,1863516,5.728441910593911
871927,276961,1586560,1863521,5.728459963677197
872982,277284,1588943,1866227,5.730381125488669
873253,277395,1589345,1866740,5.7295373024027105
873256,277399,1589359,1866758,5.72950515322694
873324,277399,1589401,1866800,5.729656559684786
873483,277495,1589725,1867220,5.728841961116417
873500,277505,1589748,1867253,5.7287184014702435
873547,277519,1589846,1867365,5.728782533808496
873640,277529,1590040,1867569,5.729275138814322
873848,277591,1590465,1868056,5.72952653364122
873921,277635,1590548,1868183,5.728917463576278
873957,277654,1590592,1868246,5.728683901546529
874143,277749,1590858,1868607,5.727682187874664
874177,277749,1590907,1868656,5.727858606151598
874206,277770,1590934,1868704,5.727522770637578
874224,277770,1590954,1868724,5.727594772653634
874293,277809,1591113,1868922,5.72736304439381
874301,277813,1591131,1868944,5.727345372606753
874318,277828,1591152,1868980,5.727111738197734
874389,277862,1591230,1869092,5.7266916670865395
875611,278325,1596193,1874518,5.734996856193299
875925,278526,1596820,1875346,5.733109296798145
875962,278526,1596856,1875382,5.733238548645369
876004,278534,1596884,1875418,5.733174405997113
876022,278541,1596913,1875454,5.73313443981317
876047,278572,1596973,1875545,5.732711830334707
876187,278624,1597117,1875741,5.732158751579189
876247,278662,1597216,1875878,5.731732349584802
876274,278671,1597331,1876002,5.731959909714322
876920,278999,1598297,1877296,5.72868361535346
876926,279001,1598303,1877304,5.7286640549675445
876958,279013,1598356,1877369,5.728607627601582
877066,279085,1598559,1877644,5.7278571044663815
877076,279085,1598588,1877673,5.727961015461239
877116,279097,1598675,1877772,5.7280264567515955
877302,279097,1599027,1878124,5.729287667011827
877312,279097,1599043,1878140,5.729344994750929
877396,279158,1599202,1878360,5.728662621167941
877407,279160,1599222,1878382,5.728693222524717
877410,279160,1599231,1878391,5.728725462100588
877446,279173,1599253,1878426,5.728537501835779
877565,279243,1599383,1878626,5.727567029433146
877590,279259,1599422,1878681,5.7273785267439905
877623,279275,1599464,1878739,5.727200787754006
877634,279284,1599481,1878765,5.727077097148422
877671,279290,1599494,1878784,5.7270006086863114
877792,279290,1599638,1878928,5.727516201797415
877854,279320,1599762,1879082,5.727344980667335
877856,279320,1599766,1879086,5.72735930115996
877874,279337,1599799,1879136,5.727128880169831
877899,279345,1599829,1879174,5.727072258318566
877925,279356,1599862,1879218,5.7269648763584815
877938,279356,1599875,1879231,5.727011411961798
878006,279419,1600041,1879460,5.726314244915343
878037,279420,1600106,1879526,5.726526376064705
878040,279420,1600115,1879535,5.726558585641686
878241,279571,1600472,1880043,5.724742551981429
878409,279580,1601435,1881015,5.72800271836326
878446,279580,1601470,1881050,5.728127906144931
878602,279580,1601613,1881193,5.728639387652908
878670,279585,1601718,1881303,5.728912495305543
878718,279588,1601780,1881368,5.729072778516961
878747,279598,1601807,1881405,5.7289644418057355
878758,279598,1601817,1881415,5.7290002074406825
878791,279617,1601864,1881481,5.728779008429387
879616,279859,1603170,1883029,5.728491847680439
879660,279889,1603202,1883091,5.727992168323871
879758,279889,1603492,1883381,5.729028293359153
879767,279893,1603511,1883404,5.729014301893938
879784,279898,1603541,1883439,5.729019142687694
879870,279947,1603655,1883602,5.728423594466095
879890,279957,1603703,1883660,5.728390431387678
880360,280211,1604563,1884774,5.726266991659856
880434,280237,1604735,1884972,5.726349482759236
881131,280237,1606630,1886867,5.733111616239112
881420,280441,1607366,1887807,5.731565641257876
881489,280497,1607514,1888011,5.730948994106889
882007,280516,1609277,1889793,5.736845670122204
882015,280516,1609277,1889793,5.736845670122204
882070,280545,1609359,1889904,5.736544939314548
882183,280559,1609423,1889982,5.736486799568005
882339,280650,1609783,1890433,5.73590949581329
882599,280650,1610101,1890751,5.737042579725637
882741,280683,1610399,1891082,5.737429769526477
882748,280683,1610399,1891082,5.737429769526477
882808,280686,1610407,1891093,5.737396948903757
882812,280689,1610409,1891098,5.73734275301134
882910,280689,1610699,1891388,5.73837592495609
882915,280691,1610702,1891393,5.738345725370603
882932,280697,1610744,1891441,5.7383726936874995
882951,280708,1610766,1891474,5.738226199467062
885473,281736,1615960,1897696,5.735724224096317
885899,281736,1616773,1898509,5.7386099043075784
886164,281749,1617585,1899334,5.741227120593152
886230,281768,1617699,1899467,5.741244570000852
886295,281768,1617820,1899588,5.741674001306039
886348,281798,1617941,1899739,5.741492132662404
886371,281806,1618003,1899809,5.7415491508342615
886426,281832,1618073,1899905,5.741267847511993
887114,281852,1618880,1900732,5.74372365638704
887148,281859,1618969,1900828,5.743896771080576
887312,281920,1619183,1901103,5.743413024971623
887578,282100,1619721,1901821,5.741655441332861
887611,282125,1619775,1901900,5.741338059370846
888019,282146,1620861,1903007,5.7447598052072335
888069,282187,1620985,1903172,5.744364552583924
888096,282204,1621024,1903228,5.744156709330839
888109,282204,1621050,1903254,5.744248841263767
888120,282204,1621068,1903272,5.7443126249096395
888152,282212,1621090,1903302,5.744227743682055
888422,282219,1621748,1903967,5.746416789797994
888609,282228,1622841,1905069,5.750106297036439
888616,282231,1622853,1905084,5.750087694122899
888729,282257,1623010,1905267,5.750114257573771
888794,282257,1623010,1905267,5.750114257573771
888806,282263,1623047,1905310,5.750123112133011
888934,282287,1623288,1905575,5.750487978546657
888972,282305,1623357,1905662,5.750365739182799
889209,282335,1623727,1906062,5.751065223936104
889235,282345,1623777,1906122,5.75103862296127
889252,282351,1623831,1906182,5.751107663865189
889273,282361,1623869,1906230,5.75103856410765
889309,282378,1623955,1906333,5.750996890692618
889327,282387,1623969,1906356,5.750863177129259
889406,282423,1624126,1906549,5.7506860276960445
889419,282431,1624145,1906576,5.750590409692987
889440,282456,1624193,1906649,5.75025136658453
889505,282503,1624280,1906783,5.749602659086806
889524,282511,1624324,1906835,5.7495955909681395
889554,282520,1624357,1906877,5.749529236868186
889601,282529,1624399,1906928,5.749494742132666
889634,282540,1624522,1907062,5.749706236285128
889662,282540,1624588,1907128,5.7499398315282795
890046,282701,1625301,1908002,5.749187303900587
890240,282760,1625649,1908409,5.749218418446739
890277,282771,1625672,1908443,5.749076107521634
890304,282775,1625689,1908464,5.749054902307488
890504,282856,1626013,1908869,5.748554034561756
890674,282856,1626298,1909154,5.749561614390361
890708,282856,1626395,1909251,5.749904545068869
890739,282870,1626443,1909313,5.749789656025736
890782,282878,1626461,1909339,5.749690679374147
890794,282878,1626484,1909362,5.749771986510086
890825,282878,1626533,1909411,5.749945206060564
890988,282980,1626751,1909731,5.74864301364054
892107,283108,1628667,1911775,5.752811647851703
892351,283244,1628908,1912152,5.750900283854204
892401,283259,1628984,1912243,5.750864050215527
892422,283261,1628984,1912245,5.750823445514913
892450,283261,1629005,1912266,5.750897582088604
892482,283270,1629064,1912334,5.750923147527094
892485,283271,1629075,1912346,5.750941677757342
892526,283271,1629098,1912369,5.751022872090683
892592,283296,1629208,1912504,5.750903648480741
892768,283306,1629409,1912715,5.751410136036653
892898,283307,1629794,1913101,5.752748784887066
893308,283307,1630649,1913956,5.755766712435626
893453,283307,1630930,1914237,5.756758569325855
893466,283307,1630956,1914263,5.75685034256125
893502,283329,1631001,1914330,5.756562159185964
893629,283334,1631251,1914585,5.757342923899002
893685,283334,1631443,1914777,5.758020569363366
893775,283396,1631622,1915018,5.757392482603848
893797,283405,1631644,1915049,5.7572872743953
893887,283458,1631766,1915224,5.75664119552103
894013,283467,1632092,1915559,5.757608469416193
894040,283485,1632124,1915609,5.757355768382807
894050,283485,1632150,1915635,5.757447483993862
894057,283489,1632169,1915658,5.757433269015729
894146,283504,1632569,1916073,5.758539562052034
895704,284165,1636004,1920169,5.757232593739553
895716,284175,1636028,1920203,5.75711445412158
895764,284204,1636126,1920330,5.756871824464118
895775,284204,1636136,1920340,5.756907010457277
895816,284211,1636162,1920373,5.756856701535127
896453,284408,1637100,1921508,5.756167196422042
896480,284416,1637146,1921562,5.756167022952296
896518,284419,1637193,1921612,5.756271557104132
896648,284420,1637578,1921998,5.757604950425427
896742,284477,1637744,1922221,5.7570348393719
896750,284479,1637761,1922240,5.757054123502965
896763,284484,1637785,1922269,5.757037302625104
896874,284484,1638001,1922485,5.757796572039201
897095,284567,1638391,1922958,5.75748769182653
897177,284591,1638449,1923040,5.757205955212919
897626,284670,1640110,1924780,5.761443074437067
897748,284725,1640223,1924948,5.760727017297392
897763,284728,1640234,1924962,5.76070495349948
897809,284753,1640320,1925073,5.760501206308625
898035,284753,1640357,1925110,5.760631143482246
898072,284781,1640446,1925227,5.760377272360165
898194,284876,1640648,1925524,5.759165391257951
898268,284896,1640732,1925628,5.75905593620128
898628,285013,1641639,1926652,5.7598741110054625
898658,285013,1641694,1926707,5.760067084659296
898731,285029,1641799,1926828,5.760112128941266
898898,285029,1642092,1927121,5.761140094516699
899123,285091,1642673,1927764,5.761925139692239
899143,285091,1642694,1927785,5.761998800383036
899183,285105,1642721,1927826,5.761810561021378
899201,285105,1642774,1927879,5.761996457445503
899293,285156,1642893,1928049,5.7613832428565415
899309,285159,1642916,1928075,5.761403287288846
899345,285188,1642959,1928147,5.7609682034307195
899374,285214,1643027,1928241,5.7606814532245965
899405,285225,1643071,1928296,5.760613550705584
899454,285225,1643176,1928401,5.760981681128933
899483,285240,1643216,1928456,5.760818959472725
899596,285268,1643464,1928732,5.761122873929077
899681,285295,1643537,1928832,5.760833523195289
899697,285319,1643563,1928882,5.7604400688352335
899842,285319,1643899,1929218,5.761617698085301
899927,285361,1643972,1929333,5.761025508040692
900062,285423,1644115,1929538,5.760275100464924
900110,285458,1644168,1929626,5.759754499786308
900186,285491,1644205,1929696,5.75921832912421
900212,285500,1644222,1929722,5.759096322241681
900248,285500,1644254,1929754,5.759208406304729
900265,285507,1644266,1929773,5.759109233749085
901286,285510,1645469,1930979,5.763262232496235
902120,285644,1646086,1931730,5.762718628782681
902411,285745,1646795,1932540,5.763162959981802
902421,285745,1646795,1932540,5.763162959981802
902474,285766,1646889,1932655,5.763068384622383
902496,285768,1646893,1932661,5.763042048094958
902641,285807,1647014,1932821,5.76267901066104
902682,285821,1647057,1932878,5.7625471886250486
902759,285848,1647234,1933082,5.762622092860541
902762,285848,1647243,1933091,5.7626535781254375
902815,285889,1647323,1933212,5.762106971586874
902848,285908,1647413,1933321,5.762038837668061
902889,285908,1647543,1933451,5.762493529387076
903136,286029,1647937,1933966,5.761433281240714
903214,286040,1648054,1934094,5.7616207523423295
903246,286042,1648101,1934143,5.7617447787387865
903277,286042,1648181,1934223,5.762024457946735
903383,286140,1648458,1934598,5.761019081568463
904173,286571,1649613,1936184,5.756384979638554
904314,286675,1649920,1936595,5.7553675765239385
904359,286696,1649989,1936685,5.755186678572425
904430,286722,1650104,1936826,5.755065882631957
905625,286722,1651820,1938542,5.761050773920383
905641,286722,1651846,1938568,5.76114145409142
905818,286793,1652221,1939014,5.761022758575
905984,286959,1652655,1939614,5.759202534159932
906147,287046,1652962,1940008,5.758526507946462
906200,287049,1653045,1940094,5.758755473804124
906462,287233,1653685,1940918,5.757294600550773
906536,287244,1653858,1941102,5.757676400551447
906580,287247,1653974,1941221,5.758020101167288
906593,287255,1653996,1941251,5.757936328349376
906629,287266,1654025,1941291,5.757816796975625
906682,287294,1654109,1941403,5.75754801701393
906846,287310,1654376,1941686,5.7581566948592116
906903,287361,1654498,1941859,5.757559306934483
907053,287405,1654631,1942036,5.757140620378908
907080,287417,1654660,1942077,5.75700115163682
907125,287429,1654705,1942134,5.756917360461192
907155,287448,1654776,1942224,5.756783835685063
907232,287475,1654854,1942329,5.756514479519958
907250,287475,1654864,1942339,5.756549265153492
908969,287660,1671962,1959622,5.812285336856011
909034,287690,1672072,1959762,5.812061594076958
909058,287698,1672119,1959817,5.812063344201211
909101,287721,1672247,1959968,5.812043611693272
909120,287728,1672263,1959991,5.811957821275649
909382,287940,1672870,1960810,5.809786761130791
909442,287967,1673276,1961243,5.8106519149763685
909684,287967,1673860,1961827,5.81267992513031
909709,287993,1673911,1961904,5.812332244186491
909863,288049,1674097,1962146,5.811847984197133
910192,288049,1674441,1962490,5.813042225454697
910382,288155,1674761,1962916,5.812014367267617
910391,288160,1674780,1962940,5.811979455857856
910439,288164,1674830,1962994,5.8120722921669605
910453,288168,1674863,1963031,5.8121061325338
910486,288175,1674931,1963106,5.812200919580116
910516,288202,1674974,1963176,5.811805608566214
910551,288211,1675045,1963256,5.811870469898789
910576,288228,1675083,1963311,5.8116595195470255
910610,288228,1675101,1963329,5.811721970106999
910729,288228,1675328,1963556,5.812509541057774
910757,288237,1675365,1963602,5.812456416074272
910772,288237,1675388,1963625,5.8125362115203805
910779,288237,1675403,1963640,5.812588252028712
910785,288240,1675418,1963658,5.812579794615598
910877,288272,1675474,1963746,5.812128822778487
910936,288291,1675549,1963840,5.812005924569272
911012,288320,1675665,1963985,5.811823668146504
911218,288382,1676079,1964461,5.812009764825821
911331,288440,1676213,1964653,5.811305644154763
911344,288446,1676245,1964691,5.811295701795137
911411,288446,1676372,1964818,5.811735992178779
911431,288448,1676379,1964827,5.811719963390281
911452,288467,1676407,1964874,5.811434236845116
911468,288475,1676431,1964906,5.811356270040731
911513,288488,1676487,1964975,5.811288511133912
911533,288494,1676545,1965039,5.811368693976305
911660,288599,1676738,1965337,5.809923111306692
911727,288615,1676772,1965387,5.809718829582662
911789,288622,1676934,1965556,5.810139213226989
911977,288630,1677471,1966101,5.811838686207255
912003,288643,1677531,1966174,5.811784799908538
912051,288661,1677641,1966302,5.811803464964092
912112,288661,1677683,1966344,5.811948964356113
912824,288755,1677956,1966711,5.81100240688473
912833,288767,1677975,1966742,5.810826721889967
912859,288780,1678031,1966811,5.810759055336242
912872,288787,1678040,1966827,5.810649371335967
912909,288811,1678102,1966913,5.810381183542178
913172,288853,1678510,1967363,5.8109488217190055
913174,288853,1678515,1967368,5.810966131561728
913239,288906,1678648,1967554,5.810360463264868
913293,288932,1678731,1967663,5.810124873672698
913323,288940,1678787,1967727,5.810157818232159
913372,288940,1678896,1967836,5.810535059181837
914011,289090,1679270,1968360,5.8088138641945415
914040,289094,1679280,1968374,5.808768082353836
914228,289094,1679661,1968755,5.810085992791272
914238,289102,1679689,1968791,5.810022068335743
914240,289102,1679694,1968796,5.810039363269711
914247,289102,1679701,1968803,5.810063576177266
914281,289126,1679777,1968903,5.809844150992992
914287,289130,1679783,1968913,5.809784525991768
914427,289226,1680044,1969270,5.808758548678196
914504,289230,1680160,1969390,5.809079279466169
914593,289278,1680309,1969587,5.808630452367619
915101,289463,1680737,1970200,5.806396672459002
915120,289476,1680797,1970273,5.806343185618151
915224,289491,1681002,1970493,5.806750468926495
915295,289520,1681254,1970774,5.807039237358386
915326,289536,1681279,1970815,5.806804680592396
915329,289536,1681292,1970828,5.806849580017683
915344,289543,1681327,1970870,5.80683007359874
915371,289552,1681361,1970913,5.806767005581036
916028,289700,1681817,1971517,5.805374525371073
916064,289721,1681883,1971604,5.80518153671981
916507,289794,1684070,1973864,5.811265933732237
916655,289843,1684201,1974044,5.810735467132206
916687,289846,1684219,1974065,5.810737426081436
916745,289857,1684321,1974178,5.810868807722429
916843,289858,1684610,1974468,5.811845800357417
916872,289884,1684638,1974522,5.811421120172207
917135,289884,1685129,1975013,5.813114901132867
917174,289896,1685151,1975047,5.812950161437205
917260,289912,1685270,1975182,5.8130398189795525
917349,289957,1685418,1975375,5.812648082301859
917435,289963,1685446,1975409,5.812624369316085
917436,289963,1685448,1975411,5.812631266747826
917446,289969,1685464,1975433,5.812566170866541
917491,289988,1685520,1975508,5.812378443245928
917731,290121,1685807,1975928,5.810703120422168
917860,290197,1686014,1976211,5.809894657766965
917870,290206,1686026,1976232,5.809755828618292
917890,290210,1686030,1976240,5.809689535164192
918058,290252,1686316,1976568,5.809834213028679
918105,290262,1686369,1976631,5.809816648407301
918125,290262,1686406,1976668,5.809944119450703
918270,290318,1686763,1977081,5.810053114171357
918283,290327,1686817,1977144,5.810059002435185
919056,290702,1688092,1978794,5.80695007258292
919108,290746,1688263,1979009,5.806659420937863
927811,295065,1703258,1998323,5.772484028942776
928041,295208,1703681,1998889,5.771120701336007
928043,295209,1703682,1998891,5.771104539495747
928053,295209,1703704,1998913,5.7711790629689474
928093,295231,1703792,1999023,5.771047078389465
928146,295258,1703841,1999099,5.770685298958877
928207,295258,1703962,1999220,5.771095110039355
928430,295308,1704494,1999802,5.771919487450391
928457,295324,1704563,1999887,5.771840419336051
928484,295333,1704597,1999930,5.771779652121504
928487,295334,1704600,1999934,5.771770266884273
928512,295343,1704628,1999971,5.771689188502859
928520,295347,1704638,1999985,5.77164487873586
928617,295412,1704810,2000222,5.770957171678876
928628,295421,1704824,2000245,5.7708287494795565
928771,295495,1705026,2000521,5.77006717541752
928967,295495,1705298,2000793,5.770987664765901
929006,295518,1705360,2000878,5.770748313131518
929126,295585,1705594,2001179,5.770231912986112
929396,295591,1705970,2001561,5.7713868148894925
929576,295680,1706154,2001834,5.7702719155844155
929577,295680,1706156,2001836,5.770278679653679
929588,295688,1706176,2001864,5.770190200481589
929612,295705,1706209,2001914,5.769970071523985
929930,295946,1706708,2002654,5.766957485487217
929948,295946,1706741,2002687,5.767068992316166
930015,295977,1706848,2002825,5.766826476381611
930110,296024,1706918,2002942,5.766147339404913
930274,296034,1707310,2003344,5.767276731726761
930579,296201,1707861,2004062,5.765885327868576
931028,296201,1708402,2004603,5.767711790304556
931048,296213,1708465,2004678,5.767690817080952
931129,296213,1708595,2004808,5.76812969045923
931142,296215,1708600,2004815,5.76810762452948
931239,296218,1708668,2004886,5.768278767664356
931243,296218,1708668,2004886,5.768278767664356
931272,296236,1708705,2004941,5.7680531738208725
931356,296238,1709039,2005277,5.769141703630189
931918,296389,1709351,2005740,5.767255195030855
932488,296432,1710326,2006758,5.769707723862471
932542,296438,1710453,2006891,5.7700193632395305
932583,296470,1710527,2006997,5.7696461699328765
932953,296549,1710864,2007413,5.769245554697537
933176,296619,1711316,2007935,5.769407893627853
933234,296624,1711864,2008488,5.771158099142348
933270,296635,1711968,2008603,5.771294688758912
933397,296700,1712175,2008875,5.7707280080889785
933398,296700,1712177,2008877,5.7707347489046175
933407,296702,1712197,2008899,5.770763257409792
933498,296742,1712332,2009074,5.770440315155927
933938,296844,1713699,2010543,5.773062618749242
933969,296856,1713733,2010589,5.7729437841916615
934159,296954,1714143,2011097,5.772419297264896
935214,296954,1716849,2013803,5.781531819743125
935256,296977,1716896,2013873,5.7812423184287
935287,296981,1716916,2013897,5.78123179597348
935324,296985,1716960,2013945,5.7813020859639375
935373,297028,1717089,2014117,5.780899443823478
935420,297028,1717183,2014211,5.781215912304564
935431,297038,1717205,2014243,5.781095348069944
935577,297114,1717438,2014552,5.78040078892277
935586,297116,1717454,2014570,5.780415729883278
935629,297132,1717503,2014635,5.780269375227172
935668,297137,1717538,2014675,5.780289899945143
935673,297142,1717543,2014685,5.780209462142679
935791,297195,1717771,2014966,5.7799458268140445
935851,297205,1717810,2015015,5.77988257263505
935889,297213,1717912,2015125,5.780070185355284
935899,297213,1717928,2015141,5.780124018801331
936209,297248,1718577,2015825,5.781626789751319
936226,297248,1718622,2015870,5.781778178490688
936247,297265,1718634,2015899,5.781487898003465
936271,297273,1718662,2015935,5.781426500220336
936295,297298,1718710,2016008,5.781101790123041
936323,297298,1718747,2016045,5.781226244374332
936753,297328,1719214,2016542,5.782213582306409
936817,297352,1719310,2016662,5.782069735532298
936843,297364,1719350,2016714,5.781970917797716
937063,297491,1719726,2017217,5.780766476969051
937068,297494,1719733,2017227,5.780731712236213
937109,297508,1719798,2017306,5.780678166637536
937130,297509,1719799,2017308,5.780662097617215
937161,297509,1719879,2017388,5.780930997045467
937386,297608,1720359,2017967,5.7806208166447135
937711,297659,1720442,2018101,5.779909224985638
937819,297724,1720671,2018395,5.779416506563126
937883,297750,1720778,2018528,5.779271200671705
937933,297767,1720868,2018635,5.779243502470052
937934,297767,1720871,2018638,5.7792535774615725
937990,297779,1720940,2018719,5.779252398590901
938050,297804,1721040,2018844,5.77910303421042
938183,297804,1721704,2019508,5.781332688613988
938217,297812,1721758,2019570,5.781358709521443
938235,297819,1721791,2019610,5.781333628814817
938261,297832,1721828,2019660,5.781205511832174
938283,297834,1721832,2019666,5.7811801204697915
938405,297893,1721946,2019839,5.780417801022515
938634,298002,1722404,2020406,5.77984040375568
938648,298011,1722432,2020443,5.779759807523884
938739,298070,1722648,2020718,5.779340423390479
938770,298093,1722682,2020775,5.779008564441298
938967,298093,1723146,2021239,5.780565125648707
938998,298101,1723210,2021311,5.780624687605878
939039,298132,1723275,2021407,5.780241637932191
939112,298162,1723362,2021524,5.779951838262421
939128,298171,1723405,2021576,5.7799215886186115
939228,298233,1723526,2021759,5.779125717140625
939353,298260,1723693,2021953,5.779162475692349
939410,298332,1723807,2022139,5.778149846479761
939450,298358,1723858,2022216,5.777817253098626
939477,298365,1723906,2022271,5.777842575369095
939530,298365,1724061,2022426,5.7783620732994825
939588,298376,1724163,2022539,5.778490897391211
939598,298380,1724177,2022557,5.778460352570548
939611,298387,1724188,2022575,5.778361657847024
939657,298395,1724236,2022631,5.778367599993297
939709,298406,1724265,2022671,5.778251777779267
939800,298419,1724310,2022729,5.778150855005881
939808,298419,1724327,2022746,5.778207821888016
939855,298442,1724446,2022888,5.778161250762293
939883,298456,1724493,2022949,5.778047685420966
939911,298470,1724557,2023027,5.777991087881529
939934,298470,1724602,2023072,5.778141856803029
939970,298485,1724657,2023142,5.778035747189976
940311,298652,1725169,2023821,5.776519159423008
940329,298662,1725186,2023848,5.776382666693453
940354,298662,1725213,2023875,5.7764730698917175
940374,298665,1725237,2023902,5.776495404550249
940404,298674,1725269,2023943,5.776428480550701
940579,298758,1725507,2024265,5.775600988090695
940644,298782,1725631,2024413,5.775552074756846
940654,298790,1725652,2024442,5.775467719803206
940657,298790,1725659,2024449,5.775491147628769
940688,298790,1725708,2024498,5.775655142407711
940751,298804,1725823,2024627,5.775769400677367
941501,298814,1726736,2025550,5.778631523288735
941542,298822,1726830,2025652,5.778791387514976
941793,299025,1727261,2026286,5.776309673104255
941837,299030,1727332,2026362,5.77645052335886
942014,299112,1727811,2026923,5.776468346305063
942021,299112,1727811,2026923,5.776468346305063
942150,299112,1728038,2027150,5.777227259354356
942181,299112,1728118,2027230,5.777494717697719
942201,299116,1728144,2027260,5.777504379571805
942213,299116,1728178,2027294,5.777618047847658
942555,299333,1729042,2028375,5.776316009260589
942575,299354,1729076,2028430,5.776024372482078
942684,299360,1729315,2028675,5.776706974879743
942687,299360,1729324,2028684,5.776737039016568
942823,299378,1729674,2029052,5.7775588052562314
943165,299378,1730003,2029381,5.778657750402501
943171,299379,1730015,2029394,5.778678531226305
943210,299393,1730097,2029490,5.778682200318645
943220,299396,1730116,2029512,5.778687758019479
943256,299410,1730174,2029584,5.778611268828697
944127,299410,1730409,2029819,5.7793961457533145
944416,299452,1731073,2030525,5.780802933358268
944419,299459,1731086,2030545,5.7807112158926595
944470,299496,1731173,2030669,5.7802875497502475
944996,299497,1732186,2031683,5.783650587485017
945044,299541,1732326,2031867,5.783268400652999
945064,299546,1732344,2031890,5.78323195769598
945123,299577,1732492,2032069,5.7831275431692015
945126,299577,1732501,2032078,5.7831575855289294
945179,299602,1732552,2032154,5.782845241353529
945188,299606,1732567,2032173,5.78281810110612
945236,299616,1732638,2032254,5.782862063441205
945325,299678,1732748,2032426,5.782032715114223
945341,299678,1732774,2032452,5.782119474903062
945363,299678,1732819,2032497,5.782269636076055
945481,299678,1732996,2032674,5.782860270023158
945512,299689,1733038,2032727,5.782788157056149
945534,299690,1733088,2032778,5.782935700223565
945570,299722,1733147,2032869,5.782515130687771
945590,299731,1733175,2032906,5.782434916641923
945634,299741,1733244,2032985,5.782472201000197
946044,299741,1734099,2033840,5.785324663626264
946348,299877,1734503,2034380,5.78404812639849
948639,300012,1737714,2037726,5.792148314067437
948766,300108,1738004,2038112,5.791261812414198
948787,300122,1738049,2038171,5.791141602415018
948909,300257,1738359,2038616,5.789570268136963
948923,300263,1738386,2038649,5.789544499322261
948957,300272,1738453,2038725,5.789594101348111
948960,300273,1738456,2038729,5.789584811155182
949005,300282,1738675,2038957,5.790140601168235
949045,300297,1738734,2039031,5.7900478526259
949061,300297,1738760,2039057,5.790134433577425
949169,300319,1738842,2039161,5.7899833177388045
949178,300320,1738859,2039179,5.790020644645711
949187,300322,1738882,2039204,5.79005867036048
949196,300327,1738892,2039219,5.789995571493739
949227,300327,1738933,2039260,5.790132089355935
949250,300344,1738966,2039310,5.7899142316810055
949287,300344,1739001,2039345,5.7900307647231175
949315,300372,1739081,2039453,5.789757367530928
949345,300372,1739142,2039514,5.789960449043186
949474,300447,1739334,2039781,5.789154160301151
949533,300452,1739622,2040074,5.7900163753278395
949776,300452,1740036,2040488,5.791394299255788
949937,300452,1740423,2040875,5.79268235857974
949988,300471,1740491,2040962,5.7925423751377005
950383,300471,1740971,2041442,5.7941398670753586
950400,300471,1741016,2041487,5.794289631944514
950411,300478,1741041,2041519,5.794237847696005
950422,300478,1741067,2041545,5.794324376493454
950484,300510,1741129,2041639,5.793913680077202
950542,300517,1741218,2041735,5.794074877627555
950752,300693,1741754,2042447,5.792466070044863
950999,300700,1742236,2042936,5.793934153641503
951018,300706,1742260,2042966,5.793898359194695
951181,300739,1742381,2043120,5.793664938701
951936,300775,1743903,2044678,5.798031751309118
951947,300778,1743922,2044700,5.798037090478692
951974,300790,1743939,2044729,5.797862295953988
952069,300870,1744109,2044979,5.796885698142055
952111,300881,1744128,2045009,5.796736915923571
952249,300881,1744420,2045301,5.797707399270808
952271,300893,1744446,2045339,5.79756258869432
952331,300903,1744539,2045442,5.797678986251383
952377,300916,1744821,2045737,5.798365656861051
952403,300934,1744860,2045794,5.798148431217476
952443,300950,1744923,2045873,5.798049509885363
952466,300952,1744962,2045914,5.7981405672665405
952519,300952,1745020,2045972,5.79833328902948
952526,300957,1745026,2045983,5.798256893841978
952648,301042,1745217,2046259,5.797254203732369
952653,301044,1745225,2046269,5.797242263589376
952708,301057,1745266,2046323,5.797128118595482
952817,301057,1745464,2046521,5.7977858013598755
952863,301066,1745494,2046560,5.797712129566275
952893,301075,1745553,2046628,5.797734783691771
952931,301086,1745581,2046667,5.797615963545299
952951,301087,1745626,2046713,5.7977461663904455
952961,301087,1745642,2046729,5.797799307176995
953153,301171,1746123,2047294,5.797779334663696
953316,301241,1746406,2047647,5.797371539730648
953343,301255,1746436,2047691,5.7972017061957475
953796,301511,1747242,2048753,5.794952754625868
953801,301511,1747247,2048758,5.794969337768771
953809,301511,1747265,2048776,5.795029037083224
953890,301543,1747369,2048912,5.794758956434074
953907,301555,1747403,2048958,5.794641110245229
953934,301567,1747434,2049001,5.79451332539701
954012,301569,1747524,2049093,5.7947733354555675
954037,301576,1747574,2049150,5.794804626362841
954093,301576,1747662,2049238,5.795096426771361
954113,301576,1747683,2049259,5.795166060959758
954285,301605,1748382,2049987,5.79692644352713
954330,301632,1748423,2050055,5.79654347018884
954374,301643,1748460,2050103,5.796454749488634
954437,301643,1748540,2050183,5.796719963665658
954509,301692,1748664,2050356,5.796189491269241
954572,301714,1748751,2050465,5.796055204597732
954625,301749,1748873,2050622,5.795787227132484
954710,301819,1749042,2050861,5.795002965353407
954800,301901,1749213,2051114,5.793995382592307
954833,301916,1749272,2051188,5.7939029398905655
954895,301916,1749289,2051205,5.793959246942858
954943,301916,1749362,2051278,5.794201036049762
954947,301918,1749365,2051283,5.794172589908518
955369,301918,1750078,2051996,5.796534158281387
955381,301926,1750111,2052037,5.796489868378345
956092,301958,1750737,2052695,5.797948721345353
956118,301965,1750793,2052758,5.797999768185054
956178,302000,1750926,2052926,5.79776821192053
956253,302072,1751079,2053151,5.796892793771021
956275,302072,1751125,2053197,5.797045075346275
956507,302133,1751387,2053520,5.796741832239444
956531,302142,1751408,2053550,5.796638666587234
956551,302142,1751429,2053571,5.796708170330507
956638,302156,1751518,2053674,5.796734137333034
956641,302156,1751527,2053683,5.796763923271422
956940,302407,1752097,2054504,5.793837444239055
956974,302407,1752199,2054606,5.79417473801863
957284,302423,1752632,2055055,5.795299960651141
957314,302457,1752698,2055155,5.794866708325481
957454,302457,1752959,2055416,5.795729640907633
957495,302469,1753001,2055470,5.7956385613071095
957525,302469,1753001,2055470,5.7956385613071095
957538,302475,1753013,2055488,5.79556326969171
957568,302484,1753069,2055553,5.795575964348528
957966,302728,1753708,2056436,5.793015512275046
958047,302757,1753819,2056576,5.792827250897584
958436,302821,1754538,2057359,5.793977300121194
958476,302848,1754578,2057426,5.793592825443787
958495,302850,1754598,2057448,5.793620604259535
958737,302861,1755171,2058032,5.795302135302994
958847,302884,1755637,2058521,5.796400602210747
958912,302884,1755728,2058612,5.7967010472656195
958948,302892,1755765,2058657,5.796670100233746
959073,302939,1756132,2059071,5.796982230746123
959240,303014,1756519,2059533,5.796824569161821
959508,303169,1757084,2060253,5.79572449689777
959591,303229,1757189,2060418,5.794923968353951
959615,303246,1757217,2060463,5.79469143863398
959632,303252,1757235,2060487,5.794636144196906
959694,303296,1757338,2060634,5.794135102342266
959909,303360,1757545,2060905,5.793595068565401
959911,303360,1757549,2060909,5.793608254219409
959980,303378,1757591,2060969,5.793402949455794
960025,303383,1757607,2060990,5.793360208053846
960038,303396,1757647,2061043,5.79324381336603
960047,303398,1757672,2061070,5.793288024311301
960579,303431,1758957,2062388,5.796892868559903
960615,303441,1759024,2062465,5.796922630758533
960659,303467,1759084,2062551,5.796623685606672
960660,303468,1759089,2062557,5.796621060540156
960686,303472,1759125,2062597,5.796663283597828
960717,303490,1759173,2062663,5.796477643414939
960838,303490,1759317,2062807,5.796952123628456
961596,303836,1760831,2064667,5.795333666846588
961872,304031,1761401,2065432,5.793491453174183
961955,304058,1761475,2065533,5.793220372428944
962016,304058,1761517,2065575,5.793358503969637
962073,304082,1761651,2065733,5.793341927506396
962106,304103,1761733,2065836,5.7932115105737205
962149,304111,1761849,2065960,5.793440552955993
962868,304111,1763229,2067340,5.7979783697399965
962889,304111,1763277,2067388,5.798136206845527
962939,304111,1763376,2067487,5.7984617458756835
962983,304120,1763412,2067532,5.798408522951466
963007,304130,1763465,2067595,5.798392134942294
963062,304133,1763504,2067637,5.798463172362092
963090,304141,1763558,2067699,5.798488201196156
963165,304183,1763645,2067828,5.797973588267589
963168,304183,1763647,2067830,5.7979801632569865
963191,304195,1763710,2067905,5.797958546327192
963250,304234,1763783,2068017,5.7974552482628505
963296,304234,1763902,2068136,5.797846394551562
963319,304238,1763910,2068148,5.797796461980424
963373,304242,1763962,2068204,5.797891152437862
963416,304266,1764034,2068300,5.797670459400656
963442,304273,1764084,2068357,5.797701406302893
963465,304281,1764135,2068416,5.7977165843414475
963609,304376,1764525,2068901,5.7971883459931135
963655,304387,1764581,2068968,5.797162822328155
963657,304390,1764585,2068975,5.797118827819574
963662,304396,1764599,2068995,5.797050552569679
963702,304429,1764689,2069118,5.79671778969809
964699,304674,1767066,2071740,5.7998582091021875
964853,304688,1767308,2071996,5.800385968597385
964977,304714,1767414,2072128,5.800238912554067
965055,304746,1767518,2072264,5.799971123493007
965062,304746,1767540,2072286,5.800043314760489
965093,304767,1767611,2072378,5.799876627062641
965365,304918,1767982,2072900,5.7982211610990495
965375,304921,1768001,2072922,5.798226425861125
965446,304985,1768064,2073049,5.797216256537207
965674,305099,1768612,2073711,5.796846269571516
965707,305125,1768675,2073800,5.79655878738222
965739,305125,1768724,2073849,5.796719377304384
965760,305132,1768777,2073909,5.796760090714838
965767,305136,1768792,2073928,5.796733259923444
965802,305136,1768858,2073994,5.796949556918882
965843,305154,1768909,2074063,5.796774743244395
965988,305158,1769468,2074626,5.798530597264368
966612,305189,1770313,2075502,5.800710379469771
966645,305194,1770381,2075575,5.800838155402793
967154,305214,1771486,2076700,5.804078449874514
968147,305249,1772721,2077970,5.807458828693951
968209,305249,1772848,2078097,5.807874882472998
968224,305250,1772870,2078120,5.807927927927928
1005526,305255,1883390,2188645,6.16989074708031
1005577,305273,1883471,2188744,6.169792284283248
1005583,305273,1883490,2188763,6.169854523655875
1005872,305285,1884074,2189359,6.171524968472084
1005873,305285,1884076,2189361,6.171531519727468
1005929,305313,1884154,2189467,6.17122100925935
1005983,305343,1884253,2189596,6.1709389113226765
1006093,305364,1884316,2189680,6.170720844631325
1006158,305385,1884410,2189795,6.170604319138137
1006183,305401,1884464,2189865,6.170457857046965
1006188,305403,1884468,2189871,6.170430545868901
1006303,305404,1884590,2189994,6.170809812576128
1006309,305404,1884604,2190008,6.1708556534950425
1006333,305404,1884664,2190068,6.171052114576103
1006446,305483,1884852,2190335,6.170071657015284
1006932,305583,1885132,2190715,6.168968823527487
1006964,305591,1885203,2190794,6.169039664126234
1006971,305596,1885219,2190815,6.168991086270763
1006971,305600,1885223,2190823,6.1689234293193715
1007086,305625,1885314,2190939,6.168716564417178
1007175,305641,1885383,2191024,6.1686193933405535
1007286,305641,1885598,2191239,6.169322832996882
1007306,305651,1885640,2191291,6.169258402557165
1007425,305670,1885685,2191355,6.169022148068178
1007442,305672,1885706,2191378,6.169050485487713
1007455,305684,1885738,2191422,6.168912995119142
1007986,305694,1886337,2192031,6.17067067067067
1008252,305705,1887167,2192872,6.173163670859162
1008341,305734,1887354,2193088,6.173189766267409
1008474,305784,1887524,2193308,6.172736310598331
1008490,305784,1887551,2193335,6.172824608220181
1008531,305810,1887602,2193412,6.172466564206533
1008669,305909,1887859,2193768,6.171309114802114
1008703,305920,1887938,2193858,6.171345449790795
1008743,305939,1887975,2193914,6.17108312441369
1009382,306172,1889784,2195956,6.172295311132305
1011672,306199,1893121,2199320,6.182649192192006
1012115,306199,1893986,2200185,6.185474152430282
1015869,308026,1901051,2209077,6.171722516930389
1015919,308026,1901133,2209159,6.171988728224241
1015945,308033,1901185,2209218,6.172017283862443
1016068,308102,1901415,2209517,6.171381555458907
1016127,308102,1901516,2209618,6.171709368975209
1016148,308104,1901527,2209631,6.171705008698361
1016230,308104,1901662,2209766,6.172143172435281
1016332,308142,1902057,2210199,6.172663901707654
1016361,308142,1902091,2210233,6.172774240447586
1016521,308174,1902307,2210481,6.1728341780941935
1016904,308259,1902614,2210873,6.1721279832867815
1016917,308259,1902628,2210887,6.172173399641211
1017065,308304,1902760,2211064,6.17170065908973
1017073,308306,1902766,2211072,6.171680084072317
1017199,308306,1903155,2211461,6.172941817544907
1017440,308310,1903573,2211883,6.174217508351983
1017741,308448,1904167,2212615,6.1733809264446515
1017742,308448,1904169,2212617,6.173387410519763
1017838,308498,1904351,2212849,6.1729768102224325
1017925,308550,1904416,2212966,6.172147139847675
1017939,308551,1904437,2212988,6.172195196256048
1017986,308561,1904506,2213067,6.172218783319992
1018011,308568,1904521,2213089,6.1721273754893575
1018039,308588,1904593,2213181,6.171960672482403
1018233,308636,1904738,2213374,6.171470599670809
1018493,308640,1905455,2214095,6.173713711767755
1018577,308678,1905553,2214231,6.173271175788362
1018589,308678,1905574,2214252,6.17333920784766
1018723,308752,1905763,2214515,6.172471757267969
1018801,308781,1905902,2214683,6.172342210174849
1018817,308788,1905926,2214714,6.172280010881252
1018822,308790,1905934,2214724,6.172265941254574
1018868,308844,1906033,2214877,6.171507298182902
1018905,308847,1906064,2214911,6.171547724277716
1018993,308898,1906175,2215073,6.170888124882647
1019042,308898,1906175,2215073,6.170888124882647
1019541,308903,1907282,2216185,6.174371890205016
1019561,308903,1907303,2216206,6.174439872710851
1019562,308903,1907305,2216208,6.174446347235216
1019567,308904,1907312,2216216,6.174449019760185
1019666,308958,1907581,2216539,6.174240511655306
1019784,308987,1907764,2216751,6.17425328573694
1019797,308988,1907775,2216763,6.174268903646744
1019830,308988,1907839,2216827,6.174476031431642
1019834,308990,1907843,2216833,6.174449011294864
1020229,308991,1908367,2217358,6.176124870950934
1020275,309011,1908438,2217449,6.175954901281831
1020314,309032,1908490,2217522,6.175703487017525
1020358,309058,1908596,2217654,6.17552692374894
1020368,309062,1908609,2217671,6.175489060447418
1020377,309065,1908621,2217686,6.175467943636452
1020390,309070,1908639,2217709,6.175426278836509
1020408,309070,1908649,2217719,6.175458633966415
1020574,309132,1908821,2217953,6.174776470892693
1020648,309144,1908879,2218023,6.174724400279481
1020699,309144,1908995,2218139,6.175099629945915
1020810,309172,1909309,2218481,6.175556001190276
1020928,309211,1909521,2218732,6.175462709929466
1021126,309211,1909684,2218895,6.17598985805809
1021131,309211,1909684,2218895,6.17598985805809
1021137,309211,1909695,2218906,6.176025432471678
1021148,309211,1909707,2218918,6.176064240922865
1021152,309214,1909708,2218922,6.176007554638535
1021173,309233,1909749,2218982,6.175760672373259
1021181,309233,1909749,2218982,6.175760672373259
1021214,309240,1909804,2219044,6.175798732376148
1021632,309486,1910692,2220178,6.173759071492733
1021985,309486,1910991,2220477,6.174725189507765
1021995,309488,1911008,2220496,6.174740216098847
1022101,309573,1911201,2220774,6.173668246261786
1022165,309573,1911376,2220949,6.174233541038785
1022168,309573,1911385,2220958,6.174262613341603
1022506,309751,1911982,2221733,6.172641896232781
1022532,309765,1912040,2221805,6.172550158991494
1022579,309787,1912090,2221877,6.1722732070745385
1022613,309808,1912137,2221945,6.172006533078552
1022636,309831,1912196,2222027,6.17173878662884
1022718,309861,1912332,2222193,6.171580160136319
1022765,309871,1912343,2222214,6.17141649266953
1022882,309942,1912532,2222474,6.170612566222068
1022904,309951,1912587,2222538,6.170610838487374
1022924,309951,1912616,2222567,6.170704401663489
1023627,309956,1913678,2223634,6.1740311528087854
1023676,310010,1913792,2223802,6.173323441179317
1023792,310061,1914007,2224068,6.173001441651804
1023922,310137,1914135,2224272,6.171901450004353
1024085,310217,1914301,2224518,6.170844924681755
1024141,310253,1914397,2224650,6.170438319693927
1024700,310253,1915980,2226233,6.175540607181881
1024754,310256,1916116,2226372,6.175919240884947
1024909,310353,1916508,2226861,6.175252051695972
1024942,310360,1916595,2226955,6.175393091893286
1025001,310385,1916687,2227072,6.175192100133705
1025013,310391,1916724,2227115,6.175191935333176
1025031,310401,1916738,2227139,6.175038095882423
1025161,310402,1917123,2227525,6.1762585292620535
1025182,310409,1917145,2227554,6.176190123353382
1025858,310839,1919033,2229872,6.173720157380509
1025895,310839,1919134,2229973,6.174045084432777
1025990,310850,1919227,2230077,6.17412578414026
1026046,310863,1919268,2230131,6.173999478870114
1026157,310938,1919551,2230489,6.1734204246505735
1026287,310939,1919936,2230875,6.174638755511531
1026382,311009,1920176,2231185,6.17402068750422
1026439,311038,1920265,2231303,6.17373118397109
1026630,311125,1920673,2231798,6.1733161912414625
1026767,311152,1920815,2231967,6.173236874582198
1026876,311192,1920883,2232075,6.172661893621944
1026897,311198,1920936,2232134,6.172713192244166
1027752,311469,1922243,2233712,6.17153874061303
1028455,311503,1923050,2234553,6.1734557933631455
1028872,311503,1923831,2235334,6.1759629923307315
1028903,311521,1923875,2235396,6.175747381396439
1028986,311549,1923990,2235539,6.175561468661431
1028994,311554,1924007,2235561,6.17551692483486
1029138,311563,1924832,2236395,6.177986474645578
1029238,311594,1924958,2236552,6.177776208784508
1029269,311617,1924995,2236612,6.1774389715580345
1029340,311629,1925184,2236813,6.177807585301753
1029360,311629,1925225,2236854,6.177939152004467
1029385,311638,1925260,2236898,6.177873045007348
1029455,311638,1925397,2237035,6.1783126576348195
1029465,311638,1925413,2237051,6.178363999255547
1029508,311656,1925458,2237114,6.178151551710861
1029791,311681,1926062,2237743,6.17959387963976
1029805,311691,1926075,2237766,6.179437327353051
1029814,311693,1926092,2237785,6.179452217406229
1029868,311707,1926136,2237843,6.179315831854915
1030365,311903,1926667,2238570,6.177135199084331
1030418,311911,1926946,2238857,6.1778712517352705
1030637,311920,1928246,2240166,6.1818607335214155
1030731,311949,1928367,2240316,6.181673927468913
1030752,311954,1928383,2240337,6.181626137186893
1030789,311977,1928436,2240413,6.181340291111204
1030911,312032,1928704,2240736,6.18110962978156
1030989,312092,1928795,2240887,6.180212885943888
1031048,312102,1928834,2240936,6.180139826082499
1031052,312102,1928840,2240942,6.180159050566802
1031138,312102,1928840,2240942,6.180159050566802
1032982,312769,1931516,2244285,6.175535299214436
1033031,312794,1931575,2244369,6.1752303432930296
1033040,312796,1931591,2244387,6.175242010767401
1033096,312812,1931697,2244509,6.175265015408616
1033118,312815,1931722,2244537,6.175285712002301
1033146,312840,1931779,2244619,6.174974427822529
1033228,312917,1932001,2244918,6.17416439503127
1033294,312945,1932094,2245039,6.173909153365607
1033442,313021,1932250,2245271,6.172908526903946
1033554,313100,1932535,2245635,6.1722612583839025
1033559,313103,1932541,2245644,6.17222128181461
1033673,313134,1932883,2246017,6.17270242132761
1035077,313455,1935613,2249068,6.17509052336061
1035145,313526,1935740,2249266,6.174097204059631
1035161,313536,1935767,2249303,6.173986400285773
1035186,313539,1935810,2249349,6.174064470448652
1035334,313590,1936141,2249731,6.174115883797315
1035339,313595,1936146,2249741,6.17403338701191
1035361,313603,1936179,2249782,6.173981116252077
1035408,313610,1936210,2249820,6.173942157456714
1035864,313891,1937425,2251316,6.17228592090885
1035964,313933,1937521,2251454,6.171765950059408
1036009,313961,1937637,2251598,6.1715850057809725
1036016,313965,1937641,2251606,6.171519118373067
1036078,314002,1937835,2251837,6.171409736243718
1036201,314111,1938062,2252173,6.169990863102534
1036232,314111,1938111,2252222,6.170146858912932
1036347,314160,1938247,2252407,6.16961739241151
1036376,314186,1938309,2252495,6.169304170141254
1036391,314186,1938309,2252495,6.169304170141254
1036422,314195,1938369,2252564,6.169318416906698
1036483,314212,1938391,2252603,6.1690546509999615
1036518,314228,1938435,2252663,6.1688805580661175
1036551,314237,1938482,2252719,6.1688534450112495
1036788,314324,1938757,2253081,6.168020895636349
1036887,314326,1939048,2253374,6.168907440046321
1036975,314349,1939416,2253765,6.169626752431215
1037016,314354,1939450,2253804,6.1696367789180355
1037028,314364,1939477,2253841,6.169526408876335
1037039,314376,1939494,2253870,6.169344988167036
1037071,314385,1939568,2253953,6.1694037565405475
1037510,314605,1940244,2254849,6.167238282926209
1037640,314664,1940424,2255088,6.166653954694532
1037720,314667,1940559,2255226,6.167024187474378
1037737,314675,1940592,2255267,6.1669722729800585
1037768,314688,1940630,2255318,6.166838265202359
1037875,314728,1940733,2255461,6.166381764571312
1037888,314728,1940740,2255468,6.166404005998831
1037931,314737,1940787,2255524,6.166377006834278
1037959,314753,1940827,2255580,6.166190632019393
1038451,314836,1941596,2256432,6.167007584901345
1038463,314842,1941633,2256475,6.167007578404406
1038503,314862,1941700,2256562,6.166828642389365
1038569,314862,1941856,2256718,6.167324097541145
1038595,314882,1941890,2256772,6.167040351623783
1039096,314887,1942705,2257592,6.169530657029347
1039132,314909,1942784,2257693,6.16935051078248
1039247,314995,1942977,2257972,6.168278861569231
1039258,314995,1942977,2257972,6.168278861569231
1039560,315022,1943112,2258134,6.168178730374387
1039631,315059,1943243,2258302,6.167870144956976
1039685,315117,1943396,2258513,6.167220429237394
1039699,315129,1943436,2258565,6.167112515826852
1040027,315173,1943997,2259170,6.168031525543115
1040040,315184,1944041,2259225,6.167955860703589
1040067,315214,1944088,2259302,6.167517940193012
1040086,315214,1944110,2259324,6.167587734047346
1040124,315223,1944126,2259349,6.167462399634545
1040146,315229,1944143,2259372,6.167398938549436
1040152,315233,1944152,2259385,6.167349230569134
1040201,315233,1944213,2259446,6.167542738228549
1040221,315245,1944250,2259495,6.167425335849894
1040719,315488,1944893,2260381,6.164713079419819
1040741,315489,1944958,2260447,6.164899568606195
1040793,315525,1945055,2260580,6.164503605102607
1040831,315551,1945094,2260645,6.1641192707359505
1040940,315639,1945357,2260996,6.163233947642718
1040945,315644,1945369,2261013,6.163174335643953
1040965,315649,1945407,2261056,6.163197095507985
1040993,315668,1945470,2261138,6.163025710556661
1043122,315743,1958943,2274686,6.204232556224524
1043392,315752,1959445,2275197,6.205645569940966
1043663,315846,1960236,2276082,6.206303071750157
1043671,315846,1960252,2276098,6.206353729349114
1043693,315865,1960308,2276173,6.20615769395153
1045492,316670,1963697,2280367,6.201083146493195
1045524,316683,1963721,2280404,6.200904374405952
1045725,316702,1964080,2280782,6.201665919381627
1045756,316719,1964120,2280839,6.2014593377726
1046075,316865,1964775,2281640,6.200669054644723
1046200,316927,1965023,2281950,6.20023854073651
1046267,316952,1965157,2282109,6.20017226583205
1046292,316962,1965224,2282186,6.200188035158789
1046344,316973,1965313,2282286,6.200253649364457
1046365,316973,1965343,2282316,6.200348294649702
1046686,317182,1965730,2282912,6.197482833199866
1046711,317182,1965755,2282937,6.197561652300572
1046740,317196,1965807,2283003,6.197452048575644
1046958,317250,1965932,2283182,6.196791174152876
1048516,318526,1969312,2287838,6.182578502225878
1048585,318559,1969379,2287938,6.18214836184192
1049396,318564,1971079,2289643,6.187387777652214
1049406,318564,1971095,2289659,6.187438003038636
1050023,318579,1971993,2290572,6.189965440283258
1050066,318590,1972028,2290618,6.189861577576195
1050223,318627,1972249,2290876,6.189836391768432
1050255,318640,1972324,2290964,6.189819231734873
1050265,318653,1972339,2290992,6.189613780507323
1050370,318705,1972466,2291171,6.1890023689618925
1050374,318705,1972469,2291174,6.1890117820555055
1050401,318710,1972535,2291245,6.189121772143955
1050760,318718,1973586,2292304,6.192264007680771
1050835,318718,1973753,2292471,6.1927879818522955
1050961,318783,1973824,2292607,6.191747991580479
1052206,318801,1975826,2294627,6.197678175413502
1052275,318801,1975958,2294759,6.198092226812338
1052295,318801,1975958,2294759,6.198092226812338
1052324,318822,1976017,2294839,6.197869030368042
1052334,318822,1976033,2294855,6.197919215110626
1052925,318983,1976800,2295783,6.1971954618271194
1053025,318983,1977141,2296124,6.198264484314211
1053098,319004,1977236,2296240,6.198154255119058
1053154,319004,1977324,2296328,6.198430113728982
1053159,319006,1977328,2296334,6.198403791778211
1053271,319044,1977607,2296651,6.198540013289703
1053336,319058,1977650,2296708,6.198402798237311
1053356,319065,1977674,2296739,6.1983420306207195
1053375,319074,1977718,2296792,6.198305095369726
1053402,319088,1977749,2296837,6.198130296344582
1053669,319088,1978366,2297454,6.200063932206789
1053708,319101,1978439,2297540,6.200040112691593
1054044,319214,1979059,2298273,6.199787603300607
1054184,319214,1979424,2298638,6.200931036859286
1054203,319220,1979431,2298651,6.200836413758537
1054265,319248,1979566,2298814,6.200715431263469
1054303,319256,1979653,2298909,6.200832560703636
1054322,319264,1979739,2299003,6.200946552069761
1054371,319287,1979838,2299125,6.2008099296244445
1054836,319526,1981123,2300649,6.200193411490771
1054865,319535,1981152,2300687,6.200109534166836
1054926,319545,1981250,2300795,6.200222190927725
1054948,319556,1981406,2300962,6.200496939503561
1055066,319565,1981591,2301156,6.200901225102874
1055087,319578,1981645,2301223,6.2008179536764105
1055145,319578,1981742,2301320,6.201121478950366
1055170,319578,1981769,2301347,6.201205965366827
1055334,319578,1982122,2301700,6.202310547033901
1055376,319602,1982230,2301832,6.202182714751472
1055379,319602,1982239,2301841,6.202210874775502
1055402,319618,1982293,2301911,6.202069345280929
1055448,319632,1982331,2301963,6.201916579065926
1056217,320006,1983962,2303968,6.199765004406167
1056308,320006,1984058,2304064,6.200064998781273
1056335,320010,1984075,2304085,6.200040623730509
1056345,320010,1984075,2304085,6.200040623730509
1056418,320029,1984099,2304128,6.199747522880739
1056680,320119,1984801,2304920,6.2001974265819895
1056792,320196,1985154,2305350,6.199808867068921
1057007,320250,1986167,2306417,6.201926619828259
1057028,320250,1986210,2306460,6.202060889929743
1057071,320280,1986271,2306551,6.201670413388285
1057257,320413,1986545,2306958,6.19995131283687
1057457,320471,1986903,2307374,6.199946328997007
1057477,320476,1986932,2307408,6.199940089117438
1057521,320501,1987031,2307532,6.199765367346748
1057536,320507,1987070,2307577,6.19977098784114
1057597,320517,1987156,2307673,6.199845874009803
1057721,320517,1987512,2308029,6.200956579526203
1057757,320525,1987552,2308077,6.200926604789018
1057792,320539,1987647,2308186,6.200952146228696
1057795,320539,1987656,2308195,6.200980223935309
1057859,320560,1987757,2308317,6.200889069129024
1057912,320563,1987840,2308403,6.2010899573562765
1058020,320636,1988028,2308664,6.200264474357215
1058373,320840,1988682,2309522,6.198360553546939
1058513,320840,1988945,2309785,6.19918027677347
1058584,320874,1989013,2309887,6.198735329132307
1058634,320874,1989120,2309994,6.1990687933581405
1058652,320875,1989135,2310010,6.199096221269965
1058710,320913,1989249,2310162,6.19871740939133
1058759,320913,1989265,2310178,6.198767267140939
1058764,320916,1989271,2310187,6.198728016054045
1058770,320916,1989290,2310206,6.1987872215782325
1058961,321063,1989644,2310707,6.197051668987084
1059462,321179,1990156,2311335,6.196407610709293
1059523,321239,1990245,2311484,6.195527317666908
1059603,321244,1990529,2311773,6.196314950629428
1059623,321261,1990561,2311822,6.19608667096224
1059687,321275,1990660,2311935,6.19612481518948
1059703,321275,1990686,2311961,6.196205742743755
1059807,321323,1990792,2312115,6.1956100248037025
1059853,321323,1990847,2312170,6.195781192133772
1059872,321323,1990867,2312190,6.195843434799252
1059977,321389,1991077,2312466,6.1952244787469395
1060010,321408,1991137,2312545,6.195044927319793
1060060,321425,1991224,2312649,6.194987944310492
1060348,321425,1991791,2313216,6.19675196391071
1060349,321425,1991793,2313218,6.196758186202069
1060356,321425,1991793,2313218,6.196758186202069
1060406,321438,1991837,2313275,6.196644453984906
1060417,321442,1991860,2313302,6.1966388959750125
1060777,321551,1992134,2313685,6.195390466831078
1060801,321558,1992148,2313706,6.195299137325148
1060989,321672,1992437,2314109,6.194001964734263
1061032,321691,1992466,2314157,6.1937262777012725
1061049,321709,1992552,2314261,6.193647053703813
1061186,321807,1992788,2314595,6.192494258981315
1061207,321812,1992805,2314617,6.192450871937653
1061338,321844,1992931,2314775,6.192226668820919
1061381,321868,1993054,2314922,6.19214709135422
1061626,321918,1993922,2315840,6.193881671730068
1061659,321931,1993940,2315871,6.193687467190174
1061675,321945,1993980,2315925,6.193542375250431
1061783,321955,1994163,2316118,6.193918404746005
1061841,321993,1994244,2316237,6.1934389878040825
1061903,322030,1994306,2316336,6.192919914293699
1062033,322031,1994691,2316722,6.194096220550195
1062058,322031,1994734,2316765,6.194229748067732
1062102,322043,1994788,2316831,6.19416661750139
1062279,322143,1995101,2317244,6.193215435381181
1062306,322162,1995162,2317324,6.193039526697748
1062470,322247,1995662,2317909,6.192957576020879
1062491,322269,1995688,2317957,6.192615485820851
1062503,322269,1995717,2317986,6.192705472757231
1062684,322314,1995907,2318221,6.192430362938005
1062697,322322,1995931,2318253,6.192351127133736
1062717,322322,1995968,2318290,6.192465919173994
1062747,322330,1995996,2318326,6.192399094096113
1062774,322335,1996046,2318381,6.192458156886469
1062788,322343,1996078,2318421,6.192403743838086
1062860,322384,1996228,2318612,6.192081492878058
1062917,322411,1996313,2318724,6.191826581599263
1063185,322475,1996787,2319262,6.1920676021397005
1063205,322481,1996838,2319319,6.1921105429467165
1063212,322486,1996847,2319333,6.1920424452534375
1063230,322486,1996880,2319366,6.192144775277066
1063257,322500,1996921,2319421,6.192003100775194
1063288,322513,1996940,2319453,6.191812423065117
1063418,322596,1997079,2319675,6.190650225049287
1063432,322602,1997094,2319696,6.190581583499172
1063483,322615,1997114,2319729,6.190394123025897
1063490,322622,1997129,2319751,6.190306302731989
1063691,322729,1997394,2320123,6.189075044387087
1063756,322741,1997425,2320166,6.188940977440114
1063801,322741,1997562,2320303,6.189365466426639
1064143,322898,1997875,2320773,6.1873254092623675
1064475,322898,1998497,2321395,6.189251714163606
1064583,322898,1998713,2321611,6.18992065605857
1064675,322898,1998768,2321666,6.190090988485528
1064924,323005,1999048,2322053,6.188907292456773
1065106,323043,1999185,2322228,6.188603374782923
1065119,323047,1999201,2322248,6.188576275278829
1065162,323062,1999279,2322341,6.188530374974463
1065197,323062,1999291,2322353,6.188567519547331
1065224,323083,1999324,2322407,6.1882674111605995
1065268,323113,1999374,2322487,6.187847595113784
1065404,323184,1999492,2322676,6.186853309569781
1065487,323263,1999732,2322995,6.18608377698654
1065670,323304,2000057,2323361,6.186304530720313
1065839,323335,2000158,2323493,6.18602378338256
1065868,323341,2000196,2323537,6.186026516897022
1065884,323350,2000213,2323563,6.185906912014844
1065927,323360,2000281,2323641,6.185925903018307
1065981,323394,2000350,2323744,6.185488908266696
1066022,323402,2000398,2323800,6.185484319824862
1066031,323408,2000431,2323839,6.1854716024340775
1066047,323415,2000468,2323883,6.185452128070745
1066100,323431,2000530,2323961,6.1853378309438485
1066126,323453,2000605,2324058,6.185149001555095
1066235,323453,2000718,2324171,6.1854983567937225
1066301,323453,2000813,2324266,6.185792062525313
1066342,323453,2000881,2324334,6.186002293996346
1066378,323461,2000914,2324375,6.185951320251901
1066405,323464,2000939,2324403,6.185971236366335
1066421,323478,2000970,2324448,6.1857993433865675
1066548,323478,2001240,2324718,6.186634021479049
1066567,323491,2001272,2324763,6.18648432259321
1066625,323499,2001309,2324808,6.186445707714707
1066629,323499,2001311,2324810,6.186451890114034
1066645,323499,2001337,2324836,6.18653226130529
1066676,323500,2001399,2324899,6.186704791344668
1066702,323510,2001439,2324949,6.186637198231894
1066752,323545,2001498,2325043,6.186150303667187
1066851,323564,2001702,2325266,6.1864175248173465
1066873,323571,2001722,2325293,6.186345500678367
1066895,323572,2001727,2325299,6.186341834274907
1066904,323574,2001743,2325317,6.186353044434967
1066943,323592,2001890,2325482,6.186463200573562
1066946,323592,2001899,2325491,6.186491013374867
1067014,323634,2002031,2325665,6.1860960220495995
1067031,323642,2002061,2325703,6.1860358049944075
1067913,323642,2005836,2329478,6.197699927697888
1067973,323676,2005946,2329622,6.197388746771463
1067990,323676,2005981,2329657,6.197496879595645
1068005,323676,2005981,2329657,6.197496879595645
1068039,323682,2006013,2329695,6.1974808608449035
1068283,323900,2006676,2330576,6.195356591540599
1068791,323900,2007578,2331478,6.198141401667181
1068827,323921,2007625,2331546,6.197884669410134
1069140,324054,2008056,2332110,6.196670925216168
1069177,324086,2008101,2332187,6.196197922773584
1069182,324091,2008104,2332195,6.196111585943454
1069193,324099,2008120,2332219,6.19600800989821
1069977,324137,2009754,2333891,6.200322703054573
1070035,324177,2009816,2333993,6.199748902605675
1070038,324177,2009825,2334002,6.199776665216842
1070178,324177,2010190,2334367,6.200902593336356
1070306,324177,2010410,2334587,6.20158123494264
1070360,324177,2010600,2334777,6.202167334511702
1070443,324229,2010751,2334980,6.20163834820451
1070546,324318,2010926,2335244,6.200476075950148
1070570,324338,2010972,2335310,6.200235556734024
1070618,324367,2011043,2335410,6.199900113143445
1070997,324526,2011819,2336345,6.199253680752852
1071099,324560,2012054,2336614,6.1993283214197685
1071171,324589,2012200,2336789,6.199224249743522
1071187,324600,2012229,2336829,6.199103512014787
1071279,324676,2012395,2337071,6.1981637078194876
1071379,324722,2012599,2337321,6.1979139078966
1071399,324733,2012622,2337355,6.197774787286787
1071573,324748,2012898,2337646,6.198338403931664
1071889,324804,2013337,2338141,6.198621322397507
1071912,324816,2013365,2338181,6.1984785232254564
1071924,324816,2013390,2338206,6.198555489877346
1071991,324817,2013428,2338245,6.198653395604294
1072049,324824,2013487,2338311,6.198701450631726
1072095,324862,2013571,2338433,6.198234942837266
1072228,324897,2013688,2338585,6.197927343127207
1072243,324902,2013735,2338637,6.197976620642533
1072266,324907,2013776,2338683,6.198007429818379
1072291,324917,2013831,2338748,6.1979859471803564
1072300,324921,2013846,2338767,6.197955810797086
1072557,324921,2014561,2339482,6.200156345696339
1072911,324928,2015418,2340346,6.202660281662399
1072946,324928,2015484,2340412,6.202863403584794
1072983,324935,2015561,2340496,6.202966747195593
1073030,324948,2015651,2340599,6.202995556212071
1073072,324961,2015721,2340682,6.202962817076511
1073230,325005,2015954,2340959,6.202839956308364
1073244,325005,2015980,2340985,6.202919955077614
1073311,325055,2016114,2341169,6.202378059097692
1073482,325072,2016229,2341301,6.202407466653542
1073485,325074,2016241,2341315,6.2024062213526765
1073623,325096,2016327,2341423,6.202251027388833
1073628,325097,2016333,2341430,6.202250405263659
1074196,325097,2017724,2342821,6.206529128229421
1074254,325116,2017807,2342923,6.206421707944242
1074353,325116,2017976,2343092,6.206941522410463
1074378,325128,2018006,2343134,6.206804704608646
1074456,325161,2018141,2343302,6.206589966201359
1074505,325162,2018232,2343394,6.206850739016244
1074830,325347,2018768,2344115,6.204968848644678
1074887,325369,2018819,2344188,6.204706041448325
1075097,325412,2019237,2344649,6.205170675943112
1075143,325423,2019287,2344710,6.205114573954514
1075219,325453,2019488,2344941,6.205160192101471
1075232,325466,2019526,2344992,6.2050290967412876
1075515,325634,2019975,2345609,6.203206667608419
1075546,325651,2020053,2345704,6.20312236105524
1075668,325691,2020370,2346061,6.203333834831175
1075743,325691,2020600,2346291,6.204040025668502
1075820,325750,2020761,2346511,6.203410590943975
1075831,325757,2020784,2346541,6.203347894289301
1075859,325775,2020812,2346587,6.203091090476556
1076032,325775,2021001,2346776,6.20367124549152
1076124,325775,2021001,2346776,6.20367124549152
1076163,325788,2021060,2346848,6.203604798212335
1076172,325794,2021067,2346861,6.203512035212435
1076184,325794,2021072,2346866,6.203527382333622
1076818,326116,2022967,2349083,6.203212967165058
1076880,326118,2023147,2349265,6.203726871868465
1076886,326119,2023157,2349276,6.203738512628826
1076963,326180,2023349,2349529,6.20316696302655
1077007,326204,2023435,2349639,6.202974212456009
1077038,326213,2023473,2349686,6.20291956482421
1077094,326225,2023626,2349851,6.2031603954326
1077144,326228,2023802,2350030,6.203642851012176
1077347,326331,2024095,2350426,6.202582653808556
1077447,326349,2024340,2350689,6.2029912762104376
1077622,326494,2024649,2351143,6.201182870129314
1077669,326512,2024809,2351321,6.201331038369187
1077683,326526,2024833,2351359,6.201138653583482
1077775,326526,2025023,2351549,6.201720536802583
1077783,326528,2025030,2351558,6.201703988631909
1077825,326539,2025090,2351629,6.201678819375327
1077848,326545,2025126,2351671,6.201675113690303
1077915,326557,2025174,2351731,6.201594208668012
1077988,326606,2025346,2351952,6.201190425160591
1078082,326642,2025528,2352170,6.201064161987742
1079201,326642,2027572,2354214,6.207321777358699
1079241,326664,2027610,2354274,6.207020057306591
1079279,326676,2027632,2354308,6.206859395853996
1079310,326688,2027650,2354338,6.206686502105985
1079448,326735,2027779,2354514,6.206188501384914
1079690,326767,2028233,2355000,6.206970104080278
1079716,326767,2028259,2355026,6.207049671478454
1079744,326776,2028299,2355075,6.2070011261536955
1079747,326780,2028306,2355086,6.2069465695575
1079755,326782,2028330,2355112,6.2069820247137235
1079778,326788,2028354,2355142,6.206941503359976
1079908,326788,2028740,2355528,6.208122697283866
1079941,326800,2028767,2355567,6.207977356181151
1080151,326831,2028939,2355770,6.207914793884301
1080207,326831,2029131,2355962,6.208502253458209
1080229,326842,2029141,2355983,6.208323899621224
1080405,326956,2029411,2356367,6.206985037742082
1080466,326975,2029533,2356508,6.2069974768713205
1080559,326996,2029720,2356716,6.207170729917186
1080680,326996,2029934,2356930,6.20782517217336
1080704,327007,2029978,2356985,6.20775090441489
1080707,327008,2029981,2356989,6.207741095019082
1080777,327008,2030251,2357259,6.208566762892651
1081719,327425,2031760,2359185,6.20526838207223
1081945,327425,2032285,2359710,6.206871802702909
1081979,327447,2032327,2359774,6.206583050081387
1082125,327510,2032555,2360065,6.2060853103722025
1082134,327510,2032595,2360105,6.20620744404751
1082599,327510,2034119,2361629,6.210860737076731
1083055,327703,2034626,2362329,6.2087499961855706
1083079,327716,2034678,2362394,6.208662378400811
1083123,327744,2034744,2362488,6.208333333333333
1083192,327770,2034853,2362623,6.208173414284407
1083221,327786,2034891,2362677,6.207986308140067
1083230,327788,2034906,2362694,6.207994191367591
1083336,327788,2034969,2362757,6.208186388763469
1083423,327788,2035081,2362869,6.208528073022808
1083533,327788,2035239,2363027,6.2090100918886595
1083663,327789,2035624,2363413,6.21016568585279
1083664,327789,2035626,2363415,6.2101717873388065
1083711,327797,2035669,2363466,6.210151404680336
1083714,327797,2035678,2363475,6.210178860697321
1083888,327797,2035969,2363766,6.21106660524654
1084007,327872,2036151,2364023,6.210200932071052
1085156,327878,2038798,2366676,6.218160413324468
1085165,327882,2038825,2366707,6.218166901507249
1085326,327907,2039120,2367027,6.218592466766491
1085762,327984,2040047,2368031,6.219958900434167
1085785,327995,2040119,2368114,6.219969816613058
1085819,328007,2040182,2368189,6.219934330669772
1085854,328014,2040199,2368213,6.219853420890572
1085876,328014,2040252,2368266,6.220014999359783
1086043,328099,2040441,2368540,6.218979637243637
1086051,328104,2040445,2368549,6.218897057030698
1086124,328155,2040577,2368732,6.218332800048757
1086146,328158,2040598,2368756,6.218339946001621
1086206,328174,2040788,2368962,6.218615734336053
1086237,328187,2040806,2368993,6.218424252027045
1086281,328205,2040871,2369076,6.218281257141116
1086295,328205,2040897,2369102,6.2183604759220605
1086334,328219,2040916,2369135,6.218153123371895
1086371,328229,2040969,2369198,6.218125150428512
1086646,328320,2042095,2370415,6.219831262183236
1087078,328344,2042576,2370920,6.220841556416441
1087216,328382,2042902,2371284,6.22111443379966
1087736,328422,2044405,2372827,6.224933165256895
1087795,328441,2044485,2372926,6.224816633733304
1087819,328454,2044502,2372956,6.224622017086107
1087828,328455,2044507,2372962,6.224618288654458
1088279,328494,2045409,2373903,6.226625143838244
1088347,328494,2045451,2373945,6.226753000054796
1088418,328532,2045611,2374143,6.22651979107058
1088480,328571,2045712,2374283,6.226088120984506
1088494,328577,2045738,2374315,6.226053558222274
1089847,328728,2048696,2377424,6.23219196417707
1089908,328753,2048779,2377532,6.231970506733019
1089923,328753,2048807,2377560,6.23205567705846
1090380,328903,2049200,2378103,6.230408357479257
1090401,328909,2049226,2378135,6.230373750794293
1090406,328911,2049229,2378140,6.230344986941756
1090416,328920,2049236,2378156,6.230195792289918
1090460,328920,2049373,2378293,6.230612306943938
1090790,329033,2049629,2378662,6.229250561493832
1090840,329033,2049736,2378769,6.22957575683898
1090862,329045,2049769,2378814,6.229448859578477
1090899,329045,2049850,2378895,6.22969502651613
1091051,329108,2050067,2379175,6.229161855682633
1091279,329115,2050534,2379649,6.230448323534327
1091303,329115,2050536,2379651,6.230454400437537
1091367,329148,2050618,2379766,6.230078870295429
1091370,329148,2050618,2379766,6.230078870295429
1091400,329157,2050673,2379830,6.230075617410536
1091411,329160,2050693,2379853,6.230079596548791
1091551,329230,2050920,2380150,6.229444461318835
1091563,329243,2050953,2380196,6.2292987246501825
1091572,329243,2050953,2380196,6.2292987246501825
1091635,329285,2051021,2380306,6.228710691346402
1091651,329285,2051047,2380332,6.228789650302929
1091653,329285,2051051,2380336,6.228801797834702
1091673,329312,2051077,2380389,6.2283700563599265
1091723,329330,2051122,2380452,6.2281662769866095
1091736,329337,2051146,2380483,6.2281067720905945
1093442,329467,2054473,2383940,6.235747434492681
1093452,329471,2054482,2383953,6.235699044832474
1093514,329534,2054641,2384175,6.234989409287054
1093530,329534,2054667,2384201,6.235068308581209
1093626,329534,2054805,2384339,6.235487081757876
1094371,329853,2055981,2385834,6.233021982519486
1094434,329853,2056209,2386062,6.233713199516148
1094467,329872,2056283,2386155,6.233578478925159
1094560,329872,2056469,2386341,6.234142333996217
1094604,329875,2056581,2386456,6.23442516104585
1094658,329889,2056690,2386579,6.2344909954560475
1094684,329908,2056732,2386640,6.234259248032785
1094823,329908,2056985,2386893,6.235026128496429
1094989,329997,2057214,2387211,6.234038491259011
1094998,329999,2057230,2387229,6.234049194088467
1095046,330027,2057311,2387338,6.233765722198487
1095137,330068,2057572,2387640,6.233782129742962
1095226,330070,2057833,2387903,6.234535098615445
1095371,330082,2058071,2388153,6.235029477523767
1095557,330153,2058371,2388524,6.234597292770322
1095940,330434,2059073,2389507,6.231419890205003
1095956,330440,2059095,2389535,6.231373320421256
1096061,330471,2059390,2389861,6.2316814485991205
1096082,330479,2059407,2389886,6.231582036982683
1096114,330501,2059485,2389986,6.231403233273122
1096137,330501,2059514,2390015,6.231490978847265
1096738,330658,2060267,2390925,6.230809476861289
1096776,330673,2060337,2391010,6.230738524161332
1096836,330707,2060408,2391115,6.2303126332372765
1096904,330730,2060491,2391221,6.230130317781876
1096979,330730,2060658,2391388,6.230635261391467
1097019,330746,2060695,2391441,6.230445719676126
1097051,330746,2060716,2391462,6.230509212507483
1097063,330752,2060762,2391514,6.230535265092879
1097078,330755,2060780,2391535,6.2305331741016765
1097120,330755,2060829,2391584,6.230681320010279
1097239,330755,2060989,2391744,6.231165061752657
1097745,330807,2061565,2392372,6.231926773012663
1097754,330809,2061568,2392377,6.231898164802046
1097788,330842,2061645,2392487,6.231509300512027
1097936,330874,2061742,2392616,6.231199792065862
1098418,330892,2062281,2393173,6.232489754965366
1098467,330908,2062374,2393282,6.232469447701476
1098540,330960,2062447,2393407,6.231710780759004
1098955,330972,2063433,2394405,6.23446394256916
1099166,331082,2063969,2395051,6.234011513763962
1099385,331206,2064391,2395597,6.232951697734944
1099744,331206,2065450,2396656,6.2361491035790415
1099801,331206,2065450,2396656,6.2361491035790415
1099814,331212,2065463,2396675,6.2360753837421345
1099866,331236,2065586,2396822,6.235994879783599
1099964,331237,2065875,2397112,6.236848540471022
1100719,331237,2067433,2398670,6.241552121290797
1100735,331243,2067467,2398710,6.241541708051189
1100830,331243,2067571,2398814,6.241855676950155
1100932,331284,2067882,2399166,6.242021950954468
1100947,331298,2067925,2399223,6.241887967932194
1100969,331308,2067964,2399272,6.241817281804242
1101016,331340,2068037,2399377,6.241434779984306
1101804,331665,2069796,2401461,6.240622314684998
1101843,331683,2069850,2401533,6.240446450375811
1101942,331714,2069907,2401621,6.240035090469501
1102022,331791,2070213,2402004,6.239509209110555
1102066,331797,2070241,2402038,6.239480766854432
1102210,331797,2070436,2402233,6.240068475604059
1102751,332133,2071889,2404022,6.238130507959161
1102993,332133,2072399,2404532,6.23966603740068
1103070,332164,2072494,2404658,6.239369708938958
1103225,332168,2072716,2404884,6.23996291033453
1103376,332168,2072965,2405133,6.2407125310084055
1103470,332192,2073245,2405437,6.241104541951643
1103552,332224,2073325,2405549,6.240744196686573
1104020,332224,2074322,2406546,6.243745183972259
1104175,332231,2074437,2406668,6.2439597749758455
1104193,332240,2074475,2406715,6.243905008427642
1104242,332257,2074563,2406820,6.243850392918735
1104534,332344,2075249,2407593,6.244280023108586
1105165,332344,2076560,2408904,6.248224731001613
1105209,332382,2076620,2409002,6.247690909856731
1105240,332382,2076659,2409041,6.247808244730461
1105325,332389,2076814,2409203,6.248142989088087
1105343,332395,2076865,2409260,6.248183636937981
1105358,332411,2076897,2409308,6.247979158331102
1105384,332423,2076959,2409382,6.247940124479955
1105834,332671,2077809,2410480,6.2458374790709135
1106174,332884,2078747,2411631,6.244658800062484
1106221,332884,2078747,2411631,6.244658800062484
1106253,332902,2078789,2411691,6.244447314825384
1106301,332923,2078868,2411791,6.244290721878633
1106573,332923,2079522,2412445,6.2462551400774355
1106598,332934,2079602,2412536,6.246289054287036
1106621,332945,2079628,2412573,6.246160777305561
1106767,332964,2079830,2412794,6.246411023413943
1106837,332977,2079912,2412889,6.246413415941642
1106963,332989,2080170,2413159,6.246963112895621
1107008,332996,2080307,2413303,6.247243210128651
1107191,333005,2081375,2414380,6.250281527304395
1107260,333047,2081471,2414518,6.249781562362069
1107312,333081,2081576,2414657,6.249458840342139
1107342,333096,2081650,2414746,6.249399572495617
1107367,333106,2081703,2414809,6.24937107107047
1107604,333170,2081863,2415033,6.248650838911066
1107645,333187,2081897,2415084,6.248434062553461
1107680,333221,2081974,2415195,6.248027585296245
1107725,333244,2082039,2415283,6.24779140809737
1107754,333248,2082049,2415297,6.247746423084309
1107780,333252,2082062,2415314,6.247710441347689
1107888,333252,2082205,2415457,6.248139546049236
1108027,333357,2082454,2415811,6.246918468788716
1108312,333409,2082738,2416147,6.24679597731315
1108325,333409,2082745,2416154,6.246816972547232
1108447,333453,2082857,2416310,6.246328568044072
1108464,333461,2082882,2416343,6.246253684838707
1108665,333589,2083292,2416881,6.245086019023409
1108708,333600,2083333,2416933,6.245002997601919
1108725,333607,2083344,2416951,6.244904933049966
1108801,333622,2083482,2417104,6.245037797267567
1108836,333643,2083512,2417155,6.24473464151803
1109565,333652,2084340,2417992,6.247047822281899
1109710,333693,2084511,2418204,6.246792710665193
1109925,333733,2084920,2418653,6.247269523840915
1112264,333733,2088093,2421826,6.2567771242280505
1112462,333756,2088347,2422103,6.257106988338786
1112547,333776,2088484,2422260,6.2571425147404245
1112604,333791,2088606,2422397,6.257226827565752
1112633,333791,2088606,2422397,6.257226827565752
1112661,333798,2088634,2422432,6.257179491788447
1112688,333808,2088674,2422482,6.257111872693285
1112735,333837,2088759,2422596,6.256822940536849
1112736,333837,2088761,2422598,6.2568289314845265
1112757,333844,2088794,2422638,6.256796587627754
1112779,333844,2088818,2422662,6.256868477492482
1112900,333916,2089011,2422927,6.256097341846452
1113046,333948,2089328,2423276,6.256447111526345
1113072,333960,2089398,2423358,6.256431908012936
1113351,333971,2089700,2423671,6.2571301100993795
1113637,334147,2090852,2424999,6.257281974699758
1113668,334165,2090882,2425047,6.257034698427423
1113797,334216,2090987,2425203,6.256394068506594
1113884,334272,2091081,2425353,6.255627153934521
1113978,334345,2091210,2425555,6.254647145912156
1114018,334357,2091270,2425627,6.254602116899004
1114129,334413,2091450,2425863,6.254092992796332
1114134,334415,2091458,2425873,6.254079511983613
1114216,334463,2091608,2426071,6.253630446417093
1114394,334488,2091755,2426243,6.253602520867714
1114531,334574,2092021,2426595,6.252790115191258
1114578,334610,2092124,2426734,6.252425211440184
1114595,334615,2092145,2426760,6.252394542982233
1114617,334627,2092178,2426805,6.2522689442274535
1114617,334627,2092178,2426805,6.2522689442274535
1114664,334646,2092240,2426886,6.252099233219582
1114666,334650,2092246,2426896,6.252042432392051
1114688,334664,2092263,2426927,6.251831687901896
1114759,334694,2092356,2427050,6.251549176262497
1114819,334713,2092433,2427146,6.251424354596326
1114819,334713,2092433,2427146,6.251424354596326
1114827,334713,2092433,2427146,6.251424354596326
1115094,334888,2092915,2427803,6.249596880150976
1115105,334893,2092936,2427829,6.2495662793787865
1115193,334909,2093114,2428023,6.249799199185451
1115337,335035,2093388,2428423,6.248266599012044
1115350,335043,2093402,2428445,6.248159191506762
1115392,335066,2093466,2428532,6.247921305056317
1115415,335073,2093513,2428586,6.247931047861212
1115479,335111,2093616,2428727,6.247529922921062
1123885,335139,2118764,2453903,6.322045479636808
1123940,335142,2118803,2453945,6.32210525687619
1124059,335142,2119073,2454215,6.322910885535086
1124136,335172,2119360,2454532,6.323201222059122
1124166,335188,2119402,2454590,6.3230246906213825
1124306,335219,2119605,2454824,6.323045531428708
1124350,335249,2119674,2454923,6.322685526280466
1124370,335257,2119695,2454952,6.322597291033446
1124432,335257,2119759,2455016,6.322788189359208
1124470,335270,2119813,2455083,6.3227040892415065
1124934,335345,2120485,2455830,6.323293921185645
1125388,335711,2121787,2457498,6.320278453789122
1125686,335827,2122230,2458057,6.319414460421586
1125770,335846,2122310,2458156,6.319295153135664
1125912,335894,2122475,2458369,6.318883338195978
1126385,336315,2124015,2460330,6.315552383925784
1126930,336315,2125751,2462066,6.3207142113792125
1127546,336648,2126883,2463531,6.317824552648464
1127686,336648,2127248,2463896,6.318908771179392
1127713,336664,2127292,2463956,6.318739158329967
1127827,336697,2127589,2464286,6.319001951309337
1127957,336708,2127783,2464491,6.319371681100538
1127965,336712,2127811,2464523,6.319379766684882
1128035,336718,2127959,2464677,6.3197066981866135
1128070,336721,2128034,2464755,6.31987312938605
1128227,336805,2128276,2465081,6.319015454046109
1128241,336808,2128306,2465114,6.319048241134415
1128497,336915,2128997,2465912,6.3190923526705545
1128547,336915,2129104,2466019,6.31940994019263
1128752,336915,2129773,2466688,6.321395604232522
1128775,336928,2129801,2466729,6.3212348038750115
1128829,336946,2130021,2466967,6.321550040659334
1128985,337039,2130366,2467405,6.320829340224722
1128994,337043,2130379,2467422,6.320792895861953
1129003,337043,2130401,2467444,6.320858169432387
1129014,337045,2130410,2467455,6.320847364595232
1129249,337045,2131124,2468169,6.322965776083312
1129270,337045,2131167,2468212,6.323093355486656
1129313,337072,2131220,2468292,6.322744102150282
1129338,337080,2131251,2468331,6.322686009255963
1129360,337096,2131285,2468381,6.322486769347604
1129368,337098,2131289,2468387,6.322461124064812
1129452,337125,2131342,2468467,6.322111976269929
1129719,337266,2131832,2469098,6.320921765016338
1129742,337281,2131852,2469133,6.320699950486389
1130336,337391,2132262,2469653,6.319854412239805
1130384,337403,2132314,2469717,6.319783760073266
1130409,337403,2132339,2469742,6.319857855442898
1130425,337403,2132365,2469768,6.319934914627315
1131217,337412,2134302,2471714,6.325507095183337
1131287,337447,2134467,2471914,6.32533997931527
1131311,337466,2134511,2471977,6.325114233730213
1131320,337468,2134527,2471995,6.325124159920348
1131459,337548,2134835,2472383,6.324537547252539
1131541,337568,2134928,2472496,6.32443833538724
1131601,337584,2135045,2472629,6.324485165173705
1131639,337617,2135103,2472720,6.324038777668187
1131777,337665,2135245,2472910,6.3235603334666015
1131920,337706,2135472,2473178,6.32346478889922
1131981,337706,2135590,2473296,6.3238142052554585
1132008,337706,2135590,2473296,6.3238142052554585
1132051,337721,2135675,2473396,6.323785017810559
1132105,337728,2135784,2473512,6.323976691301876
1132134,337748,2135828,2473576,6.3237324869429274
1132189,337769,2135915,2473684,6.32359689610355
1132530,337939,2136799,2474738,6.3230316713963175
1132747,338040,2137037,2475077,6.32184652703822
1132749,338040,2137039,2475079,6.321852443497811
1132791,338046,2137105,2475151,6.321935476236962
1132823,338062,2137140,2475202,6.321739799208429
1132905,338079,2137292,2475371,6.321871515237563
1132936,338083,2137332,2475415,6.321915032699071
1132969,338083,2137364,2475447,6.322009684012506
1132977,338084,2137372,2475456,6.322014647247429
1133024,338110,2137447,2475557,6.321750317943865
1133174,338172,2137695,2475867,6.321324651360846
1133456,338172,2138022,2476194,6.3222916149178525
1133475,338182,2138040,2476222,6.322157891312962
1133501,338191,2138053,2476244,6.322028084721356
1141907,338191,2163229,2501420,6.3964712248404005
1141927,338191,2163250,2501441,6.39653331992868
1142016,338223,2163331,2501554,6.3961676172229565
1142039,338223,2163414,2501637,6.396413017447069
1144354,338266,2166397,2504663,6.4044184162759485
1144542,338280,2166877,2505157,6.405572306964645
1144600,338305,2166904,2505209,6.405178758812315
1144623,338318,2166954,2505272,6.405080427290301
1145175,338570,2167662,2506232,6.402404229553711
1145342,338570,2167955,2506525,6.403269634049089
1145609,338681,2168594,2507275,6.403057744603329
1145735,338725,2169023,2507748,6.403492508672227
1145753,338740,2169052,2507792,6.403294562201098
1145867,338818,2169288,2508106,6.40251698552025
1145937,338819,2169433,2508252,6.40292604605999
1145983,338836,2169478,2508314,6.402737607574165
1146082,338836,2169771,2508607,6.403602332691921
1146102,338836,2169792,2508628,6.403664309577494
1146163,338836,2169910,2508746,6.40401256064881
1146314,338854,2170012,2508866,6.40397339267059
1148405,340390,2176056,2516446,6.392831751814096
1148426,340399,2176099,2516498,6.392789050496623
1148927,340640,2177302,2517942,6.391797792390793
1148945,340640,2177333,2517973,6.391888797557539
1149140,340640,2177803,2518443,6.3932685533114135
1149162,340662,2177850,2518512,6.392993641791571
1149192,340673,2177881,2518554,6.392878214592879
1149306,340688,2178025,2518713,6.393019419527544
1149376,340727,2178119,2518846,6.392563547943075
1149391,340743,2178159,2518902,6.392380767910126
1149417,340763,2178217,2518980,6.392175793733474
1149457,340770,2178256,2519026,6.392158934178478
1150359,340780,2179507,2520287,6.395642349903163
1150378,340789,2179538,2520327,6.395564410823119
1150392,340793,2179571,2520364,6.395586176946122
1150395,340793,2179576,2520369,6.3956008486089795
1151171,341071,2180758,2521829,6.393853479187618
1151218,341102,2180815,2521917,6.3934394990354795
1151304,341151,2180942,2522093,6.392893469460737
1151560,341153,2181225,2522378,6.393685531125331
1151901,341153,2181904,2523057,6.39567584045868
1151923,341164,2181949,2523113,6.3956015288834696
1151941,341164,2181979,2523143,6.395689463132101
1151950,341169,2181983,2523152,6.395607455542561
1152332,341169,2182738,2523907,6.397820435033664
1152355,341176,2182786,2523962,6.397829859075667
1152359,341176,2182793,2523969,6.397850376345347
1152366,341177,2182795,2523972,6.397837486114246
1152397,341183,2182815,2523998,6.39778359414156
1152406,341185,2182831,2524016,6.3977929862098275
1152497,341238,2183027,2524265,6.397373680539682
1152736,341272,2183560,2524832,6.398298131695539
1152763,341279,2183609,2524888,6.398310473249159
1152773,341279,2183635,2524914,6.3983866572511054
1152799,341289,2183690,2524979,6.398360333910556
1153285,341578,2184568,2526146,6.395517275702768
1153305,341583,2184574,2526157,6.395441225119517
1153321,341589,2184586,2526175,6.395364019333175
1153338,341596,2184610,2526206,6.395303223691144
1153352,341602,2184626,2526228,6.395237732800159
1154559,341701,2189047,2530748,6.406323071925455
1155171,341701,2189786,2531487,6.408485781428793
1155174,341702,2189789,2531491,6.408475806404411
1155267,341702,2189932,2531634,6.408894299711444
1155331,341726,2190015,2531741,6.408687076780812
1155363,341732,2190052,2531784,6.408682827478843
1155417,341756,2190163,2531919,6.408557567387259
1155427,341756,2190179,2531935,6.408604384414612
1155602,341882,2190466,2532348,6.407081975652418
1155618,341882,2190492,2532374,6.407158025283578
1155874,341946,2191092,2533038,6.40771349862259
1155900,341952,2191102,2533054,6.40763031068688
1155910,341952,2191102,2533054,6.40763031068688
1155923,341959,2191125,2533084,6.407566404159563
1156013,341991,2191215,2533206,6.407230014824951
1156033,341991,2191239,2533230,6.407300192110319
1156108,341991,2191239,2533230,6.407300192110319
1156113,341996,2191254,2533250,6.4072503771973945
1156140,342017,2191300,2533317,6.406991465336518
1156158,342017,2191310,2533327,6.407020703649234
1156180,342019,2191341,2533360,6.407073876012736
1156209,342044,2191402,2533446,6.406783922536282
1156281,342091,2191538,2533629,6.406301247328927
1156295,342096,2191565,2533661,6.406286539450915
1156304,342098,2191580,2533678,6.4062929336038215
1156339,342101,2191584,2533685,6.406248447096033
1156399,342101,2191687,2533788,6.4065495277710385
1156421,342110,2191717,2533827,6.406468679664435
1156518,342154,2191856,2534010,6.406051076415883
1156548,342163,2191911,2534074,6.406043318535318
1156596,342171,2191948,2534119,6.406001677523811
1156633,342171,2192016,2534187,6.406200408567646
1156658,342188,2192096,2534284,6.406115936268952
1156707,342220,2192186,2534406,6.405779907661738
1156788,342220,2192230,2534450,6.405908479925194
1156868,342232,2192431,2534663,6.406271184459665
1156898,342255,2192475,2534730,6.4059692334662754
1157137,342439,2192963,2535402,6.403952236748735
1157140,342439,2192968,2535407,6.403966837889376
1157149,342442,2192981,2535423,6.403948697881685
1157439,342536,2193164,2535700,6.402725552934582
1157452,342541,2193186,2535727,6.402696319564665
1157479,342549,2193247,2535796,6.4027248656396605
1157785,342691,2193759,2536450,6.401565842114325
1157828,342691,2193867,2536558,6.401880994832079
1157833,342693,2193869,2536562,6.401849468766505
1157899,342700,2194036,2536736,6.402206011088415
1157953,342728,2194123,2536851,6.40193681286618
1157977,342740,2194160,2536900,6.401820622045865
1157978,342740,2194162,2536902,6.401826457372936
1158008,342755,2194190,2536945,6.4016279850038655
1158031,342779,2194251,2537030,6.401357726115077
1158094,342791,2194379,2537170,6.401507040733275
1158109,342791,2194410,2537201,6.401597474846189
1158135,342807,2194459,2537266,6.401441627504689
1158907,343009,2195779,2538788,6.40152007673268
1158944,343016,2195800,2538816,6.401450661193647
1159003,343052,2195859,2538911,6.400950876251997
1159042,343081,2195946,2539027,6.400663400188294
1159477,343100,2197362,2540462,6.404436024482658
1159564,343109,2197854,2540963,6.4057019780885955
1159712,343209,2198189,2541398,6.40481164538226
1160253,343209,2199978,2543187,6.410024212651766
1160307,343209,2200041,2543250,6.410207774271654
1160341,343247,2200098,2543345,6.409664177691283
1161161,343446,2200628,2544074,6.407493463310098
1161208,343454,2200692,2544146,6.407530557221636
1161231,343468,2200725,2544193,6.407365460537808
1161366,343561,2200997,2544558,6.406422731334465
1161403,343568,2201074,2544642,6.406516322824012
1161629,343605,2201371,2544976,6.406690822310502
1162001,343608,2202086,2545694,6.408715745849922
1162037,343621,2202137,2545758,6.40862170821923
1162067,343647,2202232,2545879,6.408413284562356
1162137,343703,2202382,2546085,6.407805576326072
1162144,343708,2202394,2546102,6.407747273848732
1162169,343716,2202408,2546124,6.407638864644067
1162217,343718,2202430,2546148,6.407665586323672
1162246,343726,2202457,2546183,6.4075950029965725
1162270,343735,2202490,2546225,6.407523237377631
1162281,343743,2202519,2546262,6.407458479154484
1162286,343747,2202532,2546279,6.4074217374988
1162367,343785,2202685,2546470,6.407158543857353
1162629,343987,2203182,2547169,6.404840880614675
1162639,343991,2203190,2547181,6.404789660194598
1162676,344002,2203224,2547226,6.404683693699456
1162686,344002,2203240,2547242,6.404730205056947
1162717,344012,2203285,2547297,6.404674836924293
1162780,344012,2203467,2547479,6.405203888236457
1163168,344199,2204098,2548297,6.403557244501001
1163214,344211,2204195,2548406,6.4036158054216745
1163250,344237,2204256,2548493,6.403309347920183
1163274,344237,2204306,2548543,6.403454596687747
1163647,344473,2204873,2549346,6.400713553747319
1163721,344513,2205027,2549540,6.400417400794745
1163766,344529,2205076,2549605,6.400262387201077
1163902,344538,2205845,2550383,6.402327174361028
1163913,344541,2205850,2550391,6.402285939844605
1163921,344541,2205850,2550391,6.402285939844605
1163987,344559,2205951,2550510,6.402244608325424
1164070,344567,2206166,2550733,6.402719935455224
1164108,344591,2206220,2550811,6.402430707708559
1164204,344591,2206369,2550960,6.402863104375912
1164233,344604,2206431,2551035,6.4028014764773475
1164251,344604,2206441,2551045,6.4028304952931485
1164564,344709,2207087,2551796,6.402754207171847
1164658,344740,2207161,2551901,6.402393107849393
1164678,344757,2207186,2551943,6.402149920088642
1164746,344757,2207306,2552063,6.402497991338827
1164806,344769,2207325,2552094,6.4023302559104796
1164830,344769,2207350,2552119,6.402402768230322
1164911,344780,2207376,2552156,6.402273913800104
1165301,344917,2207689,2552606,6.400638414459131
1165838,345133,2208287,2553420,6.3983652678822365
1165848,345134,2208290,2553424,6.398355421372568
1165856,345134,2208290,2553424,6.398355421372568
1165909,345177,2208380,2553557,6.3978190899161875
1165962,345197,2208475,2553672,6.3977236186873006
1166191,345298,2208819,2554117,6.396848519250039
1166261,345316,2208881,2554197,6.396694621737771
1166603,345341,2209634,2554975,6.3984120043666985
1166631,345347,2209648,2554995,6.398341378381744
1166702,345376,2209714,2555090,6.397995228388771
1166729,345393,2209749,2555142,6.397781657416335
1166769,345422,2209817,2555239,6.397441390531003
1166833,345433,2209929,2555362,6.3975619005711675
1166842,345445,2209953,2555398,6.397409138936734
1169236,345459,2215113,2560572,6.412086528357924
1169291,345509,2215237,2560746,6.411517500267721
1169393,345565,2215329,2560894,6.410744722411124
1169479,345601,2215433,2561034,6.410377863489979
1169520,345624,2215474,2561098,6.410069902553063
1171371,345644,2219486,2565130,6.4213063151682075
1171387,345651,2219505,2565156,6.421231241917425
1171427,345676,2219580,2565256,6.420983811430356
1171462,345683,2219722,2565405,6.421264568983722
1171490,345683,2219769,2565452,6.42140053170101
1171585,345683,2219872,2565555,6.421698492549532
1171605,345683,2219899,2565582,6.421776598791379
1171684,345693,2220071,2565764,6.422088384780716
1171762,345712,2220148,2565860,6.421958161706854
1171846,345712,2220484,2566196,6.4229300689591335
1171855,345714,2220487,2566201,6.422901589174867
1171886,345734,2220537,2566271,6.42267465739557
1171910,345736,2220579,2566315,6.422758983733253
1172044,345911,2220997,2566908,6.420718045971363
1172199,345911,2221319,2567230,6.421648921254311
1172961,345911,2222914,2568825,6.426259933913637
1173093,345911,2222914,2568825,6.426259933913637
1173114,345911,2222943,2568854,6.426343770507443
1173418,345941,2223313,2569254,6.426856024582227
1173427,345941,2223313,2569254,6.426856024582227
1173519,345985,2223442,2569427,6.426411549633655
1173530,346002,2223466,2569468,6.426165166675337
1173557,346009,2223497,2569506,6.426124753980388
1173668,346076,2223696,2569772,6.425455680255204
1173682,346076,2223722,2569798,6.425530808261769
1173717,346090,2223779,2569869,6.425435580340374
1173722,346090,2223786,2569876,6.425455806293161
1173780,346105,2223838,2569943,6.425327574002109
1173847,346157,2223978,2570135,6.424766796569187
1173858,346157,2223988,2570145,6.424795685194868
1173921,346190,2224079,2570269,6.424446113405933
1174003,346212,2224237,2570449,6.424494240523147
1174021,346221,2224268,2570489,6.424416774256906
1174089,346242,2224418,2570660,6.424460348542349
1174220,346256,2224638,2570894,6.424835959521279
1174236,346258,2224662,2570920,6.424868161890845
1174345,346290,2225034,2571324,6.425348696179503
1174361,346290,2225060,2571350,6.425423777758526
1174391,346304,2225112,2571416,6.425314174829052
1174412,346312,2225132,2571444,6.425223497886299
1174520,346312,2225275,2571587,6.42563642033773
1174551,346340,2225352,2571692,6.425339261996882
1174607,346346,2225425,2571771,6.425438723126584
1174756,346429,2225613,2572042,6.42444194914398
1174764,346434,2225621,2572055,6.424372319114175
1174766,346434,2225626,2572060,6.4243867518777025
1174863,346483,2225745,2572228,6.423821659359911
1174917,346495,2225842,2572337,6.4238791324550135
1174938,346500,2225862,2572362,6.423844155844156
1174970,346509,2225917,2572426,6.423836033118909
1175112,346516,2226094,2572610,6.4242170635699365
1175132,346516,2226109,2572625,6.424260351614356
1175183,346530,2226190,2572720,6.424234554006868
1175271,346571,2226281,2572852,6.423737127457288
1175323,346610,2226364,2572974,6.423253801102104
1175565,346733,2226682,2573415,6.421892349444674
1175661,346733,2226782,2573515,6.422180755797688
1175772,346787,2227023,2573810,6.421875675847134
1175789,346793,2227041,2573834,6.421816472650832
1175836,346793,2227164,2573957,6.422171151090131
1175845,346793,2227164,2573957,6.422171151090131
1175875,346793,2227211,2574004,6.422306678623848
1175987,346854,2227300,2574154,6.421433802118471
1176277,346854,2227867,2574721,6.423068495678297
1176310,346864,2227929,2574793,6.42306206467088
1176394,346903,2228124,2575027,6.422902079255584
1176399,346905,2228132,2575037,6.422888110577824
1176883,346905,2228964,2575869,6.425286461711419
1176930,346923,2228996,2575919,6.425045327061048
1176961,346925,2229014,2575939,6.42506017150681
1177000,346937,2229047,2575984,6.4249330570103504
1177080,346983,2229176,2576159,6.4244530711879255
1177151,346999,2229339,2576338,6.424626583938283
1177188,346999,2229387,2576386,6.424764912867184
1177330,346999,2229578,2576577,6.425315346730106
1177610,347086,2229910,2576996,6.42466132313029
1177740,347093,2230481,2577574,6.426176845974998
1177776,347126,2230573,2577699,6.425830966277375
1177953,347189,2230824,2578013,6.425387901114378
1178003,347219,2230889,2578108,6.425019944185082
1178172,347219,2230889,2578108,6.425019944185082
1178207,347229,2230909,2578138,6.424892506098281
1178224,347245,2230987,2578232,6.424821091736382
1178250,347249,2231006,2578255,6.424801799285239
1178268,347264,2231050,2578314,6.424650985993365
1178377,347270,2231381,2578651,6.425493132145017
1178590,347346,2231791,2579137,6.425267600605736
1178627,347357,2231830,2579187,6.425176403527207
1178684,347378,2231879,2579257,6.424929039835568
1179112,347499,2232328,2579827,6.423983953910659
1179124,347503,2232344,2579847,6.423956052177966
1179146,347517,2232409,2579926,6.423884299185364
1179203,347543,2232478,2580021,6.423602259288779
1179221,347543,2232508,2580051,6.4236885795426755
1179295,347557,2232548,2580105,6.4235449149348165
1180130,347797,2233402,2581199,6.421567753603395
1180166,347812,2233459,2581271,6.421454693915104
1180330,347915,2233801,2581716,6.420536625325151
1180981,347955,2234519,2582474,6.421862022387953
1181077,348018,2234830,2582848,6.421593135987219
1181095,348026,2234844,2582870,6.4214857510645755
1181128,348041,2234898,2582939,6.42136414962605
1181141,348050,2234939,2582989,6.421315902887516
1181179,348057,2234994,2583051,6.421344779734354
1181229,348098,2235074,2583172,6.420818275313274
1181474,348205,2235482,2583687,6.420016944041585
1181520,348223,2235569,2583792,6.419934926756705
1181561,348230,2235613,2583843,6.419932228699423
1181567,348233,2235620,2583853,6.419897022970253
1181620,348251,2235720,2583971,6.419852347875526
1181721,348296,2235908,2584204,6.419562670831707
1181745,348312,2235940,2584252,6.419359654562576
1182522,348315,2237075,2585390,6.422562910009618
1182862,348448,2237494,2585942,6.421313940674075
1182980,348448,2237721,2586169,6.4219654008632565
1182989,348450,2237735,2586185,6.421968718610992
1183457,348703,2238501,2587204,6.4195059979409415
1183583,348761,2238783,2587544,6.4192469914927415
1183751,348858,2239021,2587879,6.418144345263689
1183761,348866,2239049,2587915,6.4180774280096085
1183770,348868,2239065,2587933,6.418086496898541
1184096,348984,2239889,2588873,6.418314306673086
1184207,348984,2239927,2588911,6.418423194186553
1184269,349013,2240036,2589049,6.418202187311074
1184414,349099,2240391,2589490,6.417637976619813
1184434,349099,2240432,2589531,6.417755421814443
1184697,349099,2241024,2590123,6.419451215844216
1184719,349099,2241048,2590147,6.419519964250829
1184731,349104,2241078,2590182,6.41951395572666
1184847,349104,2241296,2590400,6.420138411476236
1184895,349137,2241377,2590514,6.419763588505372
1185022,349203,2241718,2590921,6.419526750915656
1185228,349203,2242387,2591590,6.4214425420171075
1185313,349238,2242537,2591775,6.421228503198392
1185331,349245,2242562,2591807,6.421171383985454
1185347,349251,2242594,2591845,6.421152695339455
1185855,349251,2243496,2592747,6.4237353651099065
1185882,349270,2243529,2592799,6.4234804019812755
1186707,349270,2245077,2594347,6.427912503221004
1186729,349271,2245115,2594386,6.428002897463574
1186982,349371,2245532,2594903,6.4273565922758324
1187003,349385,2245579,2594964,6.427233567554417
1187016,349385,2245593,2594978,6.427273637963851
1187054,349408,2245671,2595079,6.427073793387673
1187119,349429,2245737,2595166,6.426876418385423
1187124,349431,2245742,2595173,6.426853942552321
1187936,349431,2247449,2596880,6.431739027161299
1187987,349431,2247565,2596996,6.4320709954182655
1187991,349431,2247567,2596998,6.432076719008903
1188048,349449,2247669,2597118,6.4320372929955445
1188176,349497,2247917,2597414,6.431863506696767
1188350,349548,2248032,2597580,6.43125407669333
1188370,349548,2248073,2597621,6.431371371027727
1188424,349548,2248184,2597732,6.431688923981828
1188465,349554,2248291,2597845,6.431884630128678
1188481,349572,2248324,2597896,6.431647843648805
1188484,349575,2248334,2597909,6.431621254380319
1188666,349619,2248597,2598216,6.431564074034878
1188874,349799,2248881,2598680,6.429066406707852
1188931,349837,2248947,2598784,6.428556727847541
1188952,349856,2249041,2598897,6.42847628738681
1189252,349856,2249263,2599119,6.429110834171773
1189259,349860,2249277,2599137,6.429077345223804
1189489,349938,2249943,2599881,6.4295475198463725
1189936,350006,2251584,2601590,6.4329868630823475
1189983,350031,2251619,2601650,6.432627395859224
1189999,350042,2251669,2601711,6.432568091828981
1190211,350081,2251774,2601855,6.4321514163864935
1190373,350081,2252276,2602357,6.433585370242887
1190495,350140,2252414,2602554,6.4328954132632665
1190568,350158,2252477,2602635,6.4327446467023455
1190594,350177,2252508,2602685,6.432484143733026
1190682,350177,2252848,2603025,6.433455081287463
1190730,350190,2252902,2603092,6.43337045603815
1190842,350217,2253083,2603300,6.433391297395615
1190879,350236,2253136,2603372,6.433193618017565
1190962,350290,2253278,2603568,6.432607268263439
1191007,350295,2253365,2603660,6.4327638133573135
1191011,350298,2253380,2603678,6.4327515429719835
1191054,350320,2253482,2603802,6.432638730303722
1191057,350324,2253490,2603814,6.432588118427513
1191100,350336,2253508,2603844,6.432419163317501
1191181,350336,2253797,2604133,6.4332440856777495
1191227,350372,2253883,2604255,6.432828536526891
1191259,350372,2253956,2604328,6.433036886509196
1191271,350381,2253991,2604372,6.432971536698623
1191362,350439,2254192,2604631,6.432480403151476
1191465,350454,2254314,2604768,6.432553202417436
1191469,350454,2254316,2604770,6.432558909300507
1191509,350454,2254416,2604870,6.432844253454091
1191763,350620,2254888,2605508,6.431144829159774
1192536,351026,2255986,2607012,6.426834479497245
1192754,351026,2256129,2607155,6.427241856728561
1192793,351047,2256252,2607299,6.4272077528080285
1192826,351047,2256252,2607299,6.4272077528080285
1193254,351047,2257160,2608207,6.429794301048008
1193318,351066,2257226,2608292,6.4296343137757574
1193356,351080,2257275,2608355,6.42951748889142
1193366,351080,2257287,2608367,6.42955166913524
1193491,351129,2257446,2608575,6.42910725118119
1193531,351137,2257507,2608644,6.429134497361429
1194274,351517,2259757,2611274,6.428585246232757
1194339,351517,2259878,2611395,6.428929468560553
1194389,351545,2259970,2611515,6.428679116471575
1194410,351557,2260027,2611584,6.42862181666131
1194455,351582,2260134,2611716,6.4284690342509005
1194493,351600,2260187,2611787,6.428290671217292
1194577,351619,2260220,2611839,6.428037165227135
1194627,351631,2260295,2611926,6.428031089409068
1194661,351642,2260359,2612001,6.42801201221697
1194691,351650,2260418,2612068,6.428033556092706
1194746,351673,2260532,2612205,6.427937316768703
1195400,351673,2262133,2613806,6.432489841415178
1196097,351673,2264028,2615701,6.4378783699630056
1196112,351680,2264056,2615736,6.437829845313922
1196431,351756,2264532,2616288,6.437792105891584
1196447,351756,2264558,2616314,6.437866020764393
1197762,352105,2266042,2618147,6.435699578250806
1197832,352120,2266191,2618311,6.435848574349653
1197871,352144,2266245,2618389,6.435563292289518
1197884,352144,2266250,2618394,6.4355774910263985
1198076,352267,2266656,2618923,6.434482934819328
1198481,352546,2267493,2620039,6.4317649328030955
1198490,352554,2267509,2620063,6.4316643691462865
1198568,352628,2267672,2620300,6.430776909377587
1198575,352631,2267678,2620309,6.430739214646472
1198601,352643,2267722,2620365,6.430645156716566
1198636,352653,2267774,2620427,6.430610259943911
1198749,352743,2268011,2620754,6.429641410318561
1198864,352833,2268324,2621157,6.428888454311246
1198954,352844,2268579,2621423,6.42941073108796
1198995,352854,2268634,2621488,6.429384391277979
1199009,352860,2268646,2621506,6.42930907442045
1199013,352867,2268657,2621524,6.429212706203754
1199359,352889,2269774,2622663,6.431977193961841
1199370,352889,2269774,2622663,6.431977193961841
1199415,352900,2269863,2622763,6.43202890337206
1199515,352963,2270071,2623034,6.4314701540954715
1199532,352963,2270116,2623079,6.431597646212209
1199578,352963,2270171,2623134,6.4317534699104435
1199664,352976,2270304,2623280,6.431893386519197
1200001,353104,2270941,2624045,6.431365829897141
1200068,353157,2271079,2624236,6.4307914043895495
1200232,353261,2271625,2624886,6.430443779528451
1200243,353261,2271635,2624896,6.4304720872103065
1200312,353276,2271704,2624980,6.430394365878237
1200325,353276,2271718,2624994,6.430433994950124
1200358,353276,2271782,2625058,6.430615156421608
1200399,353286,2271882,2625168,6.430716190282094
1200476,353332,2272172,2625504,6.430699738489579
1200683,353393,2272300,2625693,6.4299519232129665
1200697,353397,2272317,2625714,6.429927248957971
1200710,353399,2272348,2625747,6.429978579452687
1200744,353411,2272385,2625796,6.429864944781006
1200777,353431,2272432,2625863,6.429634072845902
1201074,353602,2273299,2626901,6.428976646059694
1201131,353602,2273378,2626980,6.429200061085627
1201198,353629,2273515,2627144,6.429096595584638
1201423,353714,2274055,2627769,6.429078294893615
1201475,353743,2274181,2627924,6.428907427143435
1201493,353758,2274192,2627950,6.428665924162845
1202738,353758,2276212,2629970,6.434376042379253
1202807,353821,2276453,2630274,6.433911497621679
1202969,353875,2276689,2630564,6.433596608972095
1203118,353972,2277013,2630985,6.432748917993513
1203129,353972,2277039,2631011,6.432822370130971
1203220,353972,2277259,2631231,6.433443888217147
1203364,353975,2277691,2631666,6.4346097888268945
1203399,353981,2277847,2631828,6.434941423409731
1203489,353988,2277975,2631963,6.435175768670124
1203888,353988,2278738,2632726,6.437331208967535
1204173,353988,2279338,2633326,6.439026181678475
1204224,354015,2279455,2633470,6.438865584791605
1204436,354133,2280057,2634190,6.43842002863331
1204468,354139,2280112,2634251,6.438466251951917
1204714,354146,2280445,2634591,6.439279280296827
1204770,354163,2280532,2634695,6.439215841293416
1205069,354292,2280983,2635275,6.438144242602148
1205202,354394,2281193,2635587,6.436883807287934
1205389,354394,2281721,2636115,6.438373674497876
1205625,354492,2282259,2636751,6.438111438339934
1205642,354502,2282285,2636787,6.438003170645017
1205775,354552,2282576,2637128,6.437916017960694
1205828,354578,2282653,2637231,6.4376611070060745
1205867,354578,2282689,2637267,6.437762636147759
1205888,354588,2282700,2637288,6.437612101932383
1205899,354593,2282714,2637307,6.4375608091530285
1205901,354595,2282714,2637309,6.437524499781441
1206498,354630,2283953,2638583,6.440382934325918
1206611,354630,2284073,2638703,6.440721315173561
1206756,354743,2284383,2639126,6.439543556884844
1207450,354792,2284495,2639287,6.438969875307222
1207480,354806,2284544,2639350,6.438853908896693
1207570,354817,2284799,2639616,6.439372972546411
1207593,354819,2284810,2639629,6.439367677604638
1207959,354874,2285811,2640685,6.441190394337145
1208109,354930,2285942,2640872,6.440543205702533
1208143,354930,2285974,2640904,6.44063336432536
1208167,354947,2286035,2640982,6.440496750219046
1208199,354974,2286098,2641072,6.440184351529971
1208208,354978,2286107,2641085,6.440137135259087
1208281,354982,2286131,2641113,6.440132175715952
1208310,355004,2286173,2641177,6.4398513819562595
1208354,355034,2286234,2641268,6.439479035810654
1208382,355057,2286272,2641329,6.439168922173059
1208565,355129,2286487,2641616,6.438468838084189
1208570,355129,2286487,2641616,6.438468838084189
1208578,355132,2286520,2641652,6.438507371906784
1208771,355145,2286809,2641954,6.439085443973588
1208796,355153,2286852,2642005,6.439061474913629
1208947,355246,2287071,2642317,6.437992264515294
1209002,355259,2287117,2642376,6.437886161926932
1209022,355259,2287147,2642406,6.437970607359701
1209166,355259,2287342,2642601,6.438519502672698
1209278,355314,2287545,2642859,6.438094192742194
1209316,355314,2287651,2642965,6.438392520418559
1209346,355323,2287684,2643007,6.4383223151892786
1209395,355333,2287765,2643098,6.4383690791454775
1209403,355333,2287765,2643098,6.4383690791454775
1209471,355358,2287904,2643262,6.438307284484942
1209842,355652,2289236,2644888,6.436730286909675
1210337,355894,2290033,2645927,6.434592884398164
1210407,355894,2290154,2646048,6.434932873271255
1210408,355894,2290167,2646061,6.434969401001422
1210421,355899,2290180,2646079,6.434915523786243
1211727,356484,2293794,2650278,6.43449355370788
1211978,356563,2294145,2650708,6.4340523273587
1212006,356572,2294182,2650754,6.433993695522924
1212018,356579,2294216,2650795,6.433962740374503
1212049,356600,2294298,2650898,6.433813796971396
1212070,356613,2294330,2650943,6.433668991315516
1212703,356974,2295966,2652940,6.431745729380851
1212747,356977,2296082,2653059,6.432016628522286
1212863,356992,2296310,2653302,6.43238503944066
1213127,356992,2296979,2653971,6.434259031014701
1213158,357026,2297060,2654086,6.433873163299031
1213225,357075,2297183,2654258,6.433334733599384
1213246,357077,2297183,2654260,6.433298700280332
1213273,357090,2297197,2654287,6.4331036993475035
1213312,357108,2297275,2654383,6.432997860591193
1213348,357117,2297304,2654421,6.432916943186687
1213349,357117,2297306,2654423,6.432922543592156
1213439,357128,2297561,2654689,6.433438431038732
1213454,357138,2297584,2654722,6.433322693188627
1213479,357149,2297620,2654769,6.433225348524005
1213590,357149,2297877,2655026,6.433944936147098
1213612,357149,2297917,2655066,6.434056934220731
1213641,357165,2297982,2655147,6.4339506950569065
1213822,357253,2298231,2655484,6.43306284341909
1213901,357323,2298391,2655714,6.432250372911903
1213927,357330,2298459,2655789,6.432314667114432
1214240,357493,2299054,2656547,6.4310462023032615
1214347,357556,2299198,2656754,6.4303158106702165
1214502,357700,2299580,2657280,6.428795079675706
1214523,357700,2299626,2657326,6.428923679060666
1214844,357714,2300013,2657727,6.429753937503145
1214865,357714,2300043,2657757,6.429837803384827
1214962,357800,2300188,2657988,6.428697596422582
1215263,357800,2300787,2658587,6.430371716042482
1215325,357817,2300888,2658705,6.430348474220062
1215401,357876,2301051,2658927,6.42974382188244
1215489,357901,2301223,2659124,6.429775273050368
1215526,357908,2301299,2659207,6.429861863942689
1215533,357912,2301335,2659247,6.429890587630479
1215678,357984,2301581,2659565,6.4292845490301245
1215762,358007,2301710,2659717,6.429231830662529
1215828,358024,2301790,2659814,6.429150001117243
1215844,358032,2301807,2659839,6.42905382759083
1215936,358046,2301885,2659931,6.429020293481843
1215976,358068,2301952,2660020,6.428812404347777
1216002,358068,2302007,2660075,6.428966006456874
1216128,358096,2302216,2660312,6.4290469594745545
1216151,358110,2302250,2660360,6.428890564351735
1216166,358110,2302250,2660360,6.428890564351735
1216210,358119,2302328,2660447,6.428946802599136
1216211,358119,2302330,2660449,6.428952387334936
1216324,358192,2302548,2660740,6.428250770536472
1216435,358203,2302651,2660854,6.428340912834343
1216481,358228,2302738,2660966,6.428135154147638
1216576,358260,2302899,2661159,6.428010383520348
1216596,358260,2302923,2661183,6.428077373974209
1216637,358272,2302945,2661217,6.427923477134691
1216792,358378,2303091,2661469,6.42642963574773
1217075,358387,2304836,2663223,6.431137290136082
1217098,358395,2304868,2663263,6.431083022921637
1217208,358395,2305066,2663461,6.431635485986132
1217409,358415,2305221,2663636,6.43170905235551
1217427,358415,2305241,2663656,6.431764853591507
1217470,358439,2305328,2663767,6.431576921038168
1217622,358525,2305688,2664213,6.4310382818492435
1217743,358534,2306337,2664871,6.432686997606922
1217757,358534,2306387,2664921,6.432826454394841
1217758,358534,2306389,2664923,6.432832032666358
1217789,358542,2306460,2665002,6.432886523754539
1217840,358550,2306507,2665057,6.432874076140008
1218006,358594,2306654,2665248,6.432494687585403
1218039,358609,2306704,2665313,6.432365054976311
1218102,358614,2306837,2665451,6.43264624359339
1218145,358662,2306947,2665609,6.432092053242329
1218175,358673,2306974,2665647,6.431970067443047
1218220,358696,2307050,2665746,6.431769520708343
1218243,358702,2307078,2665780,6.431739995874012
1218369,358728,2307217,2665945,6.431661314422069
1218529,358728,2307493,2666221,6.432430699582971
1218556,358746,2307565,2666311,6.4323086529187785
1218586,358774,2307625,2666399,6.431973888854822
1218628,358800,2307685,2666485,6.43167502787068
1218775,358840,2307934,2666774,6.431651989744733
1219872,358840,2307934,2666774,6.431651989744733
1220066,358845,2308503,2667348,6.433148016553108
1220131,358845,2308503,2667348,6.433148016553108
1220172,358858,2308535,2667393,6.433004140913676
1220188,358858,2308561,2667419,6.433076592969921
1221226,359400,2309758,2669158,6.426705620478575
1221256,359413,2309786,2669199,6.426551070773733
1221324,359451,2309885,2669336,6.426147096544453
1221567,359451,2310299,2669750,6.427298852973006
1221583,359451,2310325,2669776,6.427371185502335
1221686,359479,2310411,2669890,6.42710978944528
1221755,359504,2310471,2669975,6.426829743201744
1221856,359555,2310668,2670223,6.426466048309716
1222007,359654,2311019,2670673,6.425673007946527
1224322,359657,2314046,2673703,6.434035761850875
1224591,359670,2314549,2674219,6.435201712681069
1224609,359677,2314586,2674263,6.435179341464703
1224640,359691,2314629,2674320,6.435048416557545
1224656,359701,2314677,2674378,6.435002960792436
1224675,359707,2314707,2674414,6.434979024595018
1224719,359716,2314738,2674454,6.434904202203961
1224841,359761,2314833,2674594,6.434363369014429
1224894,359796,2314915,2674711,6.433965358147395
1224976,359796,2314915,2674711,6.433965358147395
1224985,359805,2314937,2674742,6.43386556607051
1225053,359823,2314972,2674795,6.433640984595204
1225246,359899,2315286,2675185,6.433154857334975
1225346,359965,2315419,2675384,6.432344811301099
1225431,360008,2315550,2675558,6.431940401324415
1225462,360027,2315595,2675622,6.431725953886792
1225528,360040,2315734,2675774,6.431879791134318
1225583,360055,2315845,2675900,6.431920123314494
1225615,360056,2315910,2675966,6.432082787122003
1225616,360056,2315912,2675968,6.432088341813496
1225693,360098,2316079,2676177,6.43180189837211
1225748,360135,2316121,2676256,6.431257722798395
1225793,360158,2316258,2676416,6.4312274057496985
1225804,360160,2316281,2676441,6.431255553087516
1225816,360166,2316296,2676462,6.431190062360134
1225868,360192,2316363,2676555,6.430911847014926
1225878,360192,2316365,2676557,6.430917399609098
1227417,360206,2319587,2679793,6.439612332942816
1227517,360210,2319808,2680018,6.440154354404375
1227520,360210,2319817,2680027,6.440179339829544
1227683,360210,2320170,2680380,6.441159323727826
1228228,360271,2320372,2680643,6.440629415079204
1228606,360451,2320877,2681328,6.43881415227035
1228636,360466,2320948,2681414,6.438743182436069
1228676,360495,2321010,2681505,6.438397203844714
1228692,360500,2321026,2681526,6.438352288488211
1228926,360504,2321349,2681853,6.439176819119899
1229004,360522,2321774,2682296,6.440034172671848
1229033,360534,2321803,2682337,6.439900259060172
1229119,360534,2321945,2682479,6.440294119278626
1229137,360545,2321963,2682508,6.440147554396816
1229144,360545,2321979,2682524,6.440191931659016
1229146,360545,2321982,2682527,6.4402002523956785
1229174,360554,2322027,2682581,6.4401643027119375
1229245,360554,2322270,2682824,6.4408382655580025
1229264,360562,2322328,2682890,6.440856218902713
1229329,360573,2322421,2682994,6.440917650517371
1229339,360577,2322442,2683019,6.440904439273719
1229375,360585,2322555,2683140,6.441074919921793
1229423,360609,2322626,2683235,6.4408431292618875
1229493,360659,2322762,2683421,6.440327289766788
1230061,360935,2323550,2684485,6.43758571487941
1230636,361266,2324741,2686007,6.434984194471664
1230660,361278,2324779,2686057,6.434875635936868
1230716,361281,2324863,2686144,6.435054708108093
1230770,361281,2324973,2686254,6.435359180250276
1230779,361283,2324989,2686272,6.435367841830366
1230790,361283,2324999,2686282,6.435395520962791
1230974,361370,2325398,2686768,6.434950327918753
1230976,361372,2325403,2686775,6.434928550081357
1231558,361716,2326590,2688306,6.4320903692399565
1231695,361749,2326780,2688529,6.432028837674741
1231765,361774,2326915,2688689,6.431957520440938
1231807,361788,2326974,2688762,6.431871703870775
1232023,361875,2327268,2689143,6.431137823834197
1232143,361929,2327478,2689407,6.430758518936035
1232152,361932,2327498,2689430,6.430760474343247
1232165,361932,2327512,2689444,6.430799155642497
1232185,361932,2327533,2689465,6.4308571775913705
1232205,361932,2327554,2689486,6.430915199540245
1232599,361932,2328327,2690259,6.433050959848812
1232782,361984,2328466,2690450,6.432510829207921
1232869,362024,2328638,2690662,6.432275208273484
1232949,362024,2328794,2690818,6.432706118931342
1233337,362027,2329567,2691594,6.434788013048751
1233358,362037,2329587,2691624,6.4346655176128404
1233508,362104,2329765,2691869,6.433966484766807
1233544,362119,2329854,2691973,6.4339457471162795
1233695,362226,2330095,2692321,6.432710517743066
1233715,362235,2330139,2692374,6.432672160337902
1233752,362236,2330213,2692449,6.43285868881061
1233836,362302,2330501,2692803,6.4324817417513565
1233847,362304,2330522,2692826,6.432504195371842
1234718,362304,2330757,2693061,6.433152821939586
1234765,362310,2331096,2693406,6.433981949159559
1234904,362387,2331382,2693769,6.433404068026722
1234954,362400,2331471,2693871,6.433418874172186
1234982,362415,2331497,2693912,6.433224342259565
1235038,362447,2331559,2694006,6.432827420284897
1235054,362454,2331576,2694030,6.43275008690758
1235064,362455,2331593,2694048,6.432779241561021
1235306,362455,2332177,2694632,6.434390476059097
1235905,362855,2333624,2696479,6.4312852241253395
1235981,362888,2333851,2696739,6.431325918740768
1235997,362888,2333877,2696765,6.4313975661912215
1236008,362894,2333891,2696785,6.43132980980672
1236029,362899,2333901,2696800,6.431268755218394
1236070,362906,2334012,2696918,6.431450568466765
1236080,362913,2334019,2696932,6.431345804641884
1236112,362927,2334083,2697010,6.431274057868387
1236208,362972,2334209,2697181,6.430823865201724
1236236,362981,2334251,2697232,6.430780123477537
1236251,362989,2334264,2697253,6.430674207758361
1236296,363016,2334411,2697427,6.430600855058731
1236871,363016,2335933,2698949,6.434793507724177
1236878,363018,2335933,2698951,6.4347580560743545
1236961,363019,2336185,2699204,6.435434508937549
1236999,363020,2336194,2699214,6.435441573467027
1237034,363034,2336262,2699296,6.435380708143039
1237067,363039,2336291,2699330,6.435371957282826
1237099,363058,2336415,2699473,6.43537671666786
1237126,363058,2336441,2699499,6.435448330569772
1237157,363074,2336488,2699562,6.4352941824531635
1237170,363080,2336499,2699579,6.4352181337446295
1237197,363098,2336539,2699637,6.435009281240877
1237228,363107,2336653,2699760,6.435163739613943
1237248,363107,2336748,2699855,6.435425370483081
1237285,363145,2336796,2699941,6.434884137190378
1237324,363165,2336860,2700025,6.434705987636474
1237353,363167,2336875,2700042,6.434711854325971
1237400,363172,2336992,2700164,6.434945425308118
1237402,363172,2336992,2700164,6.434945425308118
1237465,363181,2337110,2700291,6.435110867583932
1237725,363181,2337428,2700609,6.4359864640496065
1237931,363339,2337746,2701085,6.434062954981436
1237952,363339,2337778,2701117,6.434151027002331
1237973,363353,2337839,2701192,6.434070999826615
1238273,363364,2338050,2701414,6.43445690822426
1238323,363379,2338133,2701512,6.4344197105501415
1238345,363379,2338193,2701572,6.434584827411601
1238392,363379,2338287,2701666,6.434843510494552
1238499,363459,2338472,2701931,6.433936152358313
1238544,363470,2338559,2702029,6.433980796214268
1238766,363541,2338757,2702298,6.4332688747624065
1238866,363564,2338973,2702537,6.433456007745542
1239147,363564,2339334,2702898,6.434448955342113
1239198,363581,2339436,2703017,6.434428641760708
1239208,363581,2339465,2703046,6.434508403904495
1239254,363618,2339545,2703163,6.434073670720371
1239587,363733,2339874,2703607,6.432943945146577
1239894,363733,2340621,2704354,6.4349976493746786
1239910,363733,2340621,2704354,6.4349976493746786
1239926,363740,2340641,2704381,6.434928795293342
1240209,363750,2341304,2705054,6.436574570446735
1240255,363778,2341380,2705158,6.436288065798371
1240343,363818,2341446,2705264,6.435761836962437
1240393,363830,2341525,2705355,6.435766704229998
1240511,363830,2341702,2705532,6.43625319517357
1240608,363847,2341902,2705749,6.436502156126064
1240623,363854,2341924,2705778,6.436438791383357
1240690,363860,2341958,2705818,6.436426097949761
1240704,363874,2341981,2705855,6.436241666071222
1240717,363883,2342026,2705909,6.4362061431833855
1240758,363905,2342079,2705984,6.4359626825682525
1240975,363978,2342619,2706597,6.4361554819247315
1240980,363983,2342629,2706612,6.436094542877003
1241120,363983,2342890,2706873,6.436811609333403
1241154,363986,2342921,2706907,6.436843724758645
1241183,363995,2342971,2706966,6.43682193436723
1241261,364017,2343070,2707087,6.436704879167731
1241290,364033,2343094,2707127,6.436487900822178
1241414,364033,2343297,2707330,6.437045542574437
1241679,364111,2343540,2707651,6.4363339750790285
1241747,364161,2343640,2707801,6.435724857961176
1241804,364178,2343703,2707881,6.435597427631543
1241847,364196,2343767,2707963,6.4354550846247625
1241858,364202,2343799,2708001,6.435436927858715
1241859,364202,2343801,2708003,6.435442419316753
1241885,364202,2343824,2708026,6.435505571084178
1242150,364264,2343994,2708258,6.4348769024663435
1242565,364283,2345090,2709373,6.437549926842592
1242712,364291,2345250,2709541,6.437847764561847
1242740,364291,2345289,2709580,6.437954821831997
1242760,364291,2345313,2709604,6.438020703229012
1242765,364296,2346824,2711120,6.4420800667588995
1242867,364300,2346871,2711171,6.442138347515784
1243072,364309,2348070,2712379,6.445270361149464
1243136,364332,2348173,2712505,6.44514618534743
1243142,364334,2348181,2712515,6.445132762794579
1243196,364364,2348264,2712628,6.444829895379346
1243205,364366,2348295,2712661,6.444879599084437
1243235,364375,2348330,2712705,6.444816466552315
1243238,364375,2348332,2712707,6.444821955403087
1243318,364375,2348426,2712801,6.445079931389365
1243369,364412,2348600,2713012,6.444903021854385
1243408,364426,2348811,2713237,6.445234423449479
1243487,364449,2348892,2713341,6.44504992468082
1243537,364483,2349016,2713499,6.444788920196553
1243718,364499,2349189,2713688,6.444980644665692
1243822,364529,2349413,2713942,6.445064727360512
1244045,364594,2350036,2714630,6.445624448016149
1244159,364594,2350289,2714883,6.446318370571101
1244164,364598,2350294,2714892,6.446261361828644
1244170,364598,2350312,2714910,6.446310731271153
1244205,364607,2350380,2714987,6.446338111994558
1244394,364721,2350646,2715367,6.445052519597172
1244488,364756,2350799,2715555,6.444853545932075
1244497,364756,2350815,2715571,6.444897410871925
1244505,364757,2350821,2715578,6.444896191162884
1244534,364766,2350864,2715630,6.444855057763059
1244555,364768,2350864,2715632,6.444819721028161
1244952,364977,2351470,2716447,6.4427895456426025
1244987,365015,2351534,2716549,6.442294152295111
1245097,365082,2351786,2716868,6.441802115689078
1245153,365095,2351851,2716946,6.441750777194977
1245179,365097,2351866,2716963,6.44175657428026
1245211,365097,2351935,2717032,6.441945565151179
1245271,365122,2352046,2717168,6.441808491408351
1245633,365232,2352753,2717985,6.441804113549744
1245707,365255,2352909,2718164,6.441825573914115
1245754,365275,2352962,2718237,6.441617959071932
1245764,365275,2352962,2718237,6.441617959071932
1245788,365275,2352983,2718258,6.441675450003422
1245809,365282,2353020,2718302,6.441653297999902
1245819,365286,2353033,2718319,6.441618348362653
1245849,365295,2353088,2718383,6.441610205450389
1245913,365326,2353202,2718528,6.44137564805133
1245981,365331,2353275,2718606,6.441487308769307
1246761,365762,2354623,2720385,6.4375823623011685
1246781,365777,2354635,2720412,6.437351172982446
1246804,365795,2354661,2720456,6.437105482579041
1246834,365816,2354695,2720511,6.4368288975878585
1246914,365851,2354926,2720777,6.436844507736756
1246928,365854,2354937,2720791,6.436821792299661
1246934,365854,2354937,2720791,6.436821792299661
1247095,365854,2355324,2721178,6.437879591312382
1247108,365854,2355347,2721201,6.437942457920372
1247163,365879,2355457,2721336,6.437803208164448
1247654,365949,2355881,2721830,6.437730394125958
1247730,365974,2356097,2722071,6.437880833064644
1247801,366003,2356248,2722251,6.437783296858222
1247826,366013,2356279,2722292,6.4376921038323776
1248003,366134,2356601,2722735,6.436444034151431
1248018,366145,2356676,2722821,6.4364555026014285
1248022,366152,2356681,2722833,6.4363461076274335
1248061,366155,2356721,2722876,6.4364026163783095
1248152,366155,2356769,2722924,6.436533708402179
1248224,366196,2356910,2723106,6.436198101563098
1248253,366207,2357025,2723232,6.436318803299773
1248304,366238,2357059,2723297,6.435866840688296
1248357,366250,2357121,2723371,6.435825255972696
1248415,366250,2357218,2723468,6.436090102389079
1248449,366259,2357266,2723525,6.436063004595109
1248633,366358,2357566,2723924,6.43514267465157
1248641,366368,2357591,2723959,6.435035265088654
1248809,366368,2357919,2724287,6.435930539785134
1248822,366370,2357944,2724314,6.435963643311407
1249247,366684,2358642,2725326,6.4323559249926365
1249375,366766,2358819,2725585,6.431400402436431
1249546,366847,2359027,2725874,6.430547339899195
1249561,366851,2359047,2725898,6.430531741769819
1249589,366862,2359066,2725928,6.430390719125993
1249615,366862,2359110,2725972,6.430510655232758
1249638,366883,2359163,2726046,6.430287039737464
1249678,366883,2359214,2726097,6.430426048631308
1249901,366916,2359345,2726261,6.430204733508487
1249921,366923,2359428,2726351,6.4303082663120055
1249933,366930,2359447,2726377,6.430237374976153
1249958,366938,2359475,2726413,6.430173489799366
1249984,366948,2359521,2726469,6.43012361424507
1250069,366948,2359801,2726749,6.430886665140565
1250083,366948,2359826,2726774,6.430954794684806
1250094,366956,2359836,2726792,6.430841844798832
1250168,367012,2359965,2726977,6.430212091157783
1250191,367034,2360005,2727039,6.429935646288899
1250253,367052,2360130,2727182,6.429960877477851
1250283,367052,2360156,2727208,6.430031712127982
1250291,367057,2360173,2727230,6.429990437452494
1250317,367067,2360191,2727258,6.4298643027022315
1250445,367218,2360544,2727762,6.428181625083738
1250469,367222,2360573,2727795,6.428190576817293
1250615,367261,2360704,2727965,6.427864652113891
1250713,367275,2361056,2728331,6.428578040977469
1250739,367275,2361099,2728374,6.428695119460895
1250753,367278,2361116,2728394,6.428688895060417
1250802,367286,2361151,2728437,6.428644162859461
1250826,367286,2361201,2728487,6.428780296553639
1250908,367286,2361336,2728622,6.429147857527921
1251263,367286,2362282,2729568,6.4317235070217755
1251321,367307,2362374,2729681,6.431606258524885
1251426,367348,2362603,2729951,6.431511808965885
1251592,367348,2363018,2730366,6.432641527924475
1251743,367355,2363314,2730669,6.433324713152128
1251786,367371,2363382,2730753,6.433229623459663
1251820,367393,2363406,2730799,6.432909717931479
1251888,367412,2363494,2730906,6.432816565599381
1252050,367503,2363764,2731267,6.43195837857106
1252291,367557,2364002,2731559,6.43166093966378
1252354,367575,2364110,2731685,6.431639801401075
1252357,367575,2364119,2731694,6.431664286200095
1252430,367613,2364203,2731816,6.431227948957192
1252476,367617,2364297,2731914,6.431413672381854
1252528,367624,2364378,2732002,6.431511544404065
1252559,367644,2364448,2732092,6.431352068849213
1257750,368141,2374711,2742852,6.4505474804490675
1257828,368157,2374862,2743019,6.450677292568116
1258219,368165,2375953,2744118,6.453500468539921
1258670,368172,2376887,2745059,6.455914626859186
1258781,368172,2377102,2745274,6.456498593048901
1258785,368172,2377104,2745276,6.456504025292526
1258797,368172,2377133,2745305,6.456582792825093
1258808,368172,2377143,2745315,6.456609954043219
1258880,368200,2377259,2745459,6.4564340032590986
1259140,368248,2377967,2746215,6.457515044209337
1259276,368327,2378256,2746583,6.4569146437812055
1259300,368327,2378288,2746615,6.457001523103112
1259377,368346,2378319,2746665,6.45675261846199
1259430,368358,2378386,2746744,6.456724165078538
1259992,368529,2379200,2747729,6.455936981892877
1261596,368802,2382424,2751226,6.459899892083015
1261628,368821,2382469,2751290,6.459689117485175
1261630,368821,2382469,2751290,6.459689117485175
1261797,368920,2382722,2751642,6.458641439878565
1261818,368920,2382751,2751671,6.45872004770682
1262050,369068,2383161,2752229,6.45724094204862
1262053,369068,2383170,2752238,6.457265327798671
1262109,369075,2383200,2752275,6.457224141434668
1262259,369138,2383490,2752628,6.456907714729993
1262294,369157,2383547,2752704,6.456729792473121
1262550,369370,2384170,2753540,6.454693126133687
1262601,369393,2384295,2753688,6.454629622109786
1262658,369393,2384415,2753808,6.454954479375624
1262726,369435,2384516,2753951,6.454494024659277
1263141,369453,2385351,2754804,6.456439655382416
1263174,369469,2385410,2754879,6.456319745364293
1263210,369490,2385450,2754940,6.456061057132804
1263260,369518,2385563,2755081,6.4558776568394505
1263273,369520,2385581,2755101,6.4558914267157395
1263337,369564,2385663,2755227,6.455344676429522
1263371,369577,2385694,2755271,6.455201487105529
1264061,369833,2386484,2756317,6.452869268020971
1264081,369842,2386505,2756347,6.452769020284338
1264221,369883,2386641,2756524,6.452421441374705
1264226,369886,2386647,2756533,6.452385329533964
1264349,369886,2386984,2756870,6.453296421059462
1264369,369900,2387008,2756908,6.453117058664504
1264385,369900,2387034,2756934,6.453187347931873
1264413,369924,2387075,2756999,6.452879510385917
1264445,369934,2387099,2757033,6.452769953559284
1264489,369954,2387167,2757121,6.452604918449321
1264517,369968,2387210,2757178,6.452476970981274
1264552,369974,2387228,2757202,6.452420980933796
1264582,369992,2387291,2757283,6.4522773465372225
1264602,369992,2387312,2757304,6.452334104521179
1264629,369992,2387331,2757323,6.452385456982854
1264638,369998,2387346,2757344,6.452321363899264
1264673,370015,2387395,2757410,6.452157344972501
1264714,370023,2387424,2757447,6.452096221045719
1264746,370040,2387492,2757532,6.451983569343855
1264753,370043,2387509,2757552,6.451977202649422
1264804,370043,2387509,2757552,6.451977202649422
1264807,370049,2387518,2757567,6.451896910949631
1264858,370060,2387533,2757593,6.4517456628654815
1264894,370075,2387637,2757712,6.451765182733229
1264910,370082,2387665,2757747,6.451718808264115
1264923,370084,2387694,2757778,6.45176230261238
1264941,370099,2387743,2757842,6.451633211654179
1264966,370118,2387779,2757897,6.4513992834717575
1265253,370122,2400981,2771103,6.4869988814499004
1265346,370145,2401165,2771310,6.4870928960272325
1265354,370149,2401172,2771321,6.487041704826975
1265386,370155,2401236,2771391,6.487109454147586
1265466,370179,2401372,2771551,6.48705626197056
1266185,370179,2402493,2772672,6.4900845266749325
1266195,370183,2402502,2772685,6.4900387105836845
1266212,370190,2402529,2772719,6.489988924606283
1266244,370206,2402582,2772788,6.489851596138366
1266526,370206,2402858,2773064,6.490597127004965
1266588,370272,2403048,2773320,6.489953331604874
1267219,370506,2404024,2774530,6.488488715432409
1267251,370506,2404088,2774594,6.488661452176213
1267302,370519,2404400,2774919,6.48927585359995
1267309,370528,2404412,2774940,6.489150617497193
1267344,370537,2404459,2774996,6.489119844981743
1267349,370539,2404467,2775006,6.489106409851595
1267388,370552,2404582,2775134,6.489189101664544
1267399,370558,2404613,2775171,6.489167687649437
1267551,370603,2404812,2775415,6.4889167114135615
1267651,370667,2405004,2775671,6.488314309069866
1267773,370726,2405259,2775985,6.487969551636518
1268216,370900,2405692,2776592,6.486093286600162
1268318,370902,2405953,2776855,6.486762001822584
1270166,370903,2409968,2780871,6.4975694453805986
1270504,371034,2410308,2781342,6.496191723669529
1270592,371034,2410648,2781682,6.49710808173914
1270970,371034,2411333,2782367,6.498954273732326
1271081,371034,2411438,2782472,6.499237266665588
1271116,371037,2411522,2782559,6.499411109943213
1271138,371046,2411552,2782598,6.499334314343774
1271162,371056,2411620,2782676,6.499342417317063
1271182,371056,2411673,2782729,6.499485252899832
1271201,371056,2411694,2782750,6.4995418481307405
1271295,371104,2411890,2782994,6.49922932654997
1271326,371121,2411941,2783062,6.499069036783151
1271345,371121,2411961,2783082,6.499122927562708
1271425,371121,2412055,2783176,6.4993762142266265
1271507,371142,2412242,2783384,6.499512316040761
1271532,371152,2412279,2783431,6.49943688839074
1271681,371214,2412485,2783699,6.498906291249791
1272892,371243,2415244,2786487,6.505830412964015
1272948,371258,2415345,2786603,6.505839604803128
1273202,371258,2416089,2787347,6.5078436020233905
1273246,371273,2416214,2787487,6.507917354615068
1273319,371303,2416353,2787656,6.5077658947005546
1273342,371316,2416372,2787688,6.507589223195338
1273391,371329,2416400,2787729,6.507436801327125
1273409,371340,2416424,2787764,6.507308665912641
1273415,371340,2416472,2787812,6.50743792750579
1273437,371348,2416498,2787846,6.507367752081605
1273561,371393,2417076,2788469,6.508135586831201
1273589,371405,2417116,2788521,6.50803300978716
1273846,371492,2417416,2788908,6.507316442884369
1273890,371527,2417475,2789002,6.506862219973246
1273900,371532,2417485,2789017,6.506801567563494
1273926,371551,2417515,2789066,6.50654957192956
1274004,371625,2417691,2789316,6.505727547931382
1274134,371727,2418103,2789830,6.505050749609256
1275264,371973,2418915,2790888,6.502931664394996
1275934,372262,2420551,2792813,6.502277965518909
1275952,372284,2420619,2792903,6.502076371802173
1275964,372289,2420638,2792927,6.502040081764435
1276244,372345,2420857,2793202,6.501650351152828
1276313,372362,2420889,2793251,6.50143945945075
1276364,372373,2420999,2793372,6.501542807883493
1276384,372389,2421016,2793405,6.501309114930892
1276419,372402,2421074,2793476,6.50123790957084
1276444,372402,2421116,2793518,6.501350690920027
1276580,372478,2421482,2793960,6.501006770869689
1276623,372495,2421685,2794180,6.501255050403361
1276641,372502,2421709,2794211,6.501197309007737
1276642,372503,2421715,2794218,6.5011959635224414
1276726,372553,2421876,2794429,6.5007555971901985
1276753,372573,2421918,2794491,6.500519361306375
1276873,372665,2422102,2794767,6.499408315779587
1276918,372694,2422157,2794851,6.499050159111764
1276997,372756,2422404,2795160,6.498631812767601
1277006,372756,2422404,2795160,6.498631812767601
1277026,372756,2422433,2795189,6.498709611649444
1277434,372756,2423540,2796296,6.501679382759768
1277449,372769,2423565,2796334,6.501519707915626
1277456,372769,2423565,2796334,6.501519707915626
1277485,372780,2423602,2796382,6.501427115188583
1277499,372780,2423628,2796408,6.5014968614196045
1277696,372844,2423763,2796607,6.50074293806525
1277731,372858,2423827,2796685,6.50067049654292
1277782,372858,2423951,2796809,6.501003062828208
1277902,372911,2424096,2797007,6.500467940071491
1277934,372917,2424154,2797071,6.500518882217759
1277967,372957,2424199,2797156,6.499942352603651
1278160,372969,2424449,2797418,6.500403518791106
1278259,372981,2424617,2797598,6.5006448049632555
1278260,372981,2424619,2797600,6.500650167166692
1278294,372981,2424721,2797702,6.500923639541961
1278448,373044,2425226,2798270,6.501179485529857
1278477,373044,2425251,2798295,6.501246501753144
1278495,373052,2425294,2798346,6.501222349699238
1278645,373098,2425469,2798567,6.500889846635468
1278695,373106,2425567,2798673,6.5010131169158365
1278734,373116,2425602,2798718,6.5009326858135275
1278753,373124,2425629,2798753,6.500865663961578
1278776,373130,2425657,2798787,6.500836169699569
1278987,373213,2426150,2799363,6.50071139001053
1279056,373221,2426183,2799404,6.5006604665868215
1279063,373221,2426183,2799404,6.5006604665868215
1279108,373236,2426229,2799465,6.500522457640742
1279118,373236,2426229,2799465,6.500522457640742
1279153,373266,2426333,2799599,6.500278621679982
1280466,373266,2429635,2802901,6.509124860019396
1280785,373362,2429935,2803297,6.508254723298032
1280816,373368,2429963,2803331,6.508225129095155
1280951,373402,2430139,2803541,6.508103866610249
1280970,373407,2430195,2803602,6.508166692108075
1280989,373415,2430233,2803648,6.508129025347134
1280990,373415,2430235,2803650,6.5081343813183725
1281021,373431,2430260,2803691,6.507922480993812
1281027,373434,2430272,2803706,6.507902333477937
1281038,373434,2430284,2803718,6.507934467670324
1281052,373439,2430317,2803756,6.507935700341957
1281082,373448,2430348,2803796,6.5078618709967655
1281125,373484,2430401,2803885,6.507376487346178
1281216,373484,2430516,2804000,6.5076843987962
1281222,373484,2430564,2804048,6.507812918357948
1281262,373502,2430660,2804162,6.507756317235249
1281268,373502,2430673,2804175,6.507791122939101
1281289,373502,2430703,2804205,6.507871443794143
1281294,373503,2430706,2804209,6.507862051978163
1281311,373510,2430723,2804233,6.507785601456454
1281348,373527,2430788,2804315,6.5076634353072205
1281364,373528,2430811,2804339,6.50770758818616
1281417,373537,2430867,2804404,6.507700709702118
1283240,373537,2434582,2808119,6.517646176951681
1283267,373556,2434615,2808171,6.5174030132028395
1283438,373665,2434893,2808558,6.516245835173216
1283515,373720,2435025,2808745,6.515640051375361
1284318,373720,2436971,2810691,6.520847158300332
1284389,373735,2437192,2810927,6.52117676963624
1284417,373735,2437287,2811022,6.521430960439884
1284437,373739,2437312,2811051,6.521428055407651
1284446,373743,2437321,2811064,6.521382340271256
1284526,373807,2437478,2811285,6.5206858084519554
1284630,373879,2437711,2811590,6.520053279269496
1284900,373930,2437985,2811915,6.519896772123125
1284919,373941,2438010,2811951,6.5197718356639145
1284947,373959,2438045,2812004,6.519551608598803
1284991,373962,2438161,2812123,6.519809499360898
1285161,374100,2438596,2812696,6.5185672280139
1285270,374100,2438841,2812941,6.519222133119487
1285278,374103,2438856,2812959,6.519209950200881
1285325,374127,2438889,2813016,6.518879952529488
1286301,374127,2440459,2814586,6.523076388499093
1286603,374127,2440621,2814748,6.523509396541816
1286722,374204,2440847,2815051,6.522771001913394
1286724,374205,2440848,2815053,6.522756243235659
1286774,374216,2440964,2815180,6.522874489599589
1286792,374221,2440992,2815213,6.522862158991612
1286850,374221,2441089,2815310,6.5231213641137185
1286864,374232,2441112,2815344,6.522991085743603
1286883,374238,2441121,2815359,6.522910554246228
1287045,374342,2441303,2815645,6.5215845403401165
1287108,374358,2441436,2815794,6.521661083775424
1287162,374403,2441576,2815979,6.521251165188313
1287222,374423,2441644,2816067,6.52108444192798
1287334,374475,2441924,2816399,6.520926630616196
1287381,374492,2442035,2816527,6.5209270157974
1287698,374633,2442418,2817051,6.5194950791841615
1288396,374638,2444309,2818947,6.524455607813409
1288402,374638,2444323,2818961,6.524492977220677
1288499,374692,2444498,2819190,6.524019728203431
1288684,374692,2444776,2819468,6.524761670919048
1288912,374805,2445126,2819931,6.523728338736142
1289109,374827,2445180,2820007,6.523489503157457
1289113,374827,2445186,2820013,6.523505510542197
1289944,374836,2446558,2821394,6.527009145332892
1290077,374864,2446624,2821488,6.526697682359469
1290158,374900,2446817,2821717,6.526585756201654
1290200,374928,2446878,2821806,6.526261042120087
1290355,374942,2447186,2822128,6.5268388177371435
1290467,374990,2447409,2822399,6.52659804261447
1290763,375033,2447936,2822969,6.527254934899062
1290877,375033,2448107,2823140,6.527710894774593
1290947,375065,2448333,2823398,6.527756522202818
1290960,375065,2448356,2823421,6.527817844906883
1291031,375066,2448465,2823531,6.528091055974149
1292818,375066,2448465,2823531,6.528091055974149
1292965,375116,2448613,2823729,6.5276154576184435
1293009,375116,2448699,2823815,6.527844720033269
1293017,375124,2448717,2823841,6.5277534895128015
1293084,375150,2448875,2824025,6.527722244435559
1293179,375183,2449001,2824184,6.5274839211797975
1293234,375211,2449096,2824307,6.5272500006662915
1293281,375242,2449201,2824443,6.526990582077699
1293376,375272,2449391,2824663,6.526975100726939
1293704,375355,2450185,2825540,6.5276471606878825
1293728,375355,2450210,2825565,6.527713764303126
1293879,375434,2450424,2825858,6.52691018927428
1293982,375482,2450682,2826164,6.526762934042111
1294234,375562,2450961,2826523,6.526115528195079
1294266,375590,2451025,2826615,6.5257994089299505
1294336,375591,2451108,2826699,6.526003019241675
1294379,375598,2451133,2826731,6.525947954994436
1294388,375603,2451143,2826746,6.525887705902242
1294480,375611,2451320,2826931,6.526219945635245
1294503,375618,2451345,2826963,6.526164880277303
1294725,375768,2451912,2827680,6.525068659385578
1295023,375777,2452302,2828079,6.525950231121117
1295983,376084,2453528,2829612,6.523882962316929
1295995,376089,2453576,2829665,6.523923858448399
1296028,376103,2453633,2829736,6.523832567142511
1296057,376103,2453663,2829766,6.5239123325259305
1296062,376106,2453674,2829780,6.523889541778115
1296087,376117,2453728,2829845,6.523842315024314
1296235,376152,2453979,2830131,6.5239025713009635
1296488,376152,2454359,2830511,6.524912801208022
1296503,376164,2454394,2830558,6.524797694622558
1296555,376212,2454532,2830744,6.5243320255600565
1296582,376231,2454563,2830794,6.524084937179552
1296727,376274,2454733,2831007,6.523791173453388
1296777,376286,2454816,2831102,6.523803702502883
1296804,376301,2454863,2831164,6.52366855256829
1296881,376355,2455012,2831367,6.523128429275551
1296906,376372,2455056,2831428,6.522950697713964
1296935,376394,2455094,2831488,6.522670393258128
1296995,376394,2455204,2831598,6.522962640212119
1297003,376394,2455204,2831598,6.522962640212119
1297052,376427,2455275,2831702,6.522579411147447
1297074,376436,2455322,2831758,6.52254832162705
1297180,376454,2455450,2831904,6.522576463525424
1297266,376504,2455562,2832066,6.52200773431358
1297296,376504,2455603,2832107,6.522116630899007
1297391,376539,2455813,2832352,6.5220680991876
1297407,376539,2455842,2832381,6.522145116442122
1297425,376550,2455874,2832424,6.52203956977825
1297551,376554,2456207,2832761,6.52285462377242
1297721,376554,2456552,2833106,6.523770827026137
1297828,376568,2456762,2833330,6.524085955259077
1297989,376615,2456970,2833585,6.5238240643628105
1298041,376633,2457016,2833649,6.5236344133413695
1298105,376654,2457123,2833777,6.523554774408343
1298140,376677,2457176,2833853,6.523297148485307
1298242,376771,2457441,2834212,6.522373006415037
1298262,376782,2457473,2834255,6.522267518087382
1298284,376791,2457519,2834310,6.522233811317149
1298296,376804,2457539,2834343,6.522061867708411
1298744,376977,2459498,2836475,6.524265406112309
1298758,376977,2459520,2836497,6.5243237651103385
1298812,376984,2459627,2836611,6.524486450353331
1298860,377015,2459711,2836726,6.524172778271422
1298922,377015,2459805,2836820,6.524422105221277
1298927,377017,2459812,2836829,6.524406061265142
1299097,377017,2460097,2837114,6.52516199534769
1299113,377017,2460123,2837140,6.5252309577552206
1299165,377036,2460202,2837238,6.525111660424999
1299170,377037,2460207,2837244,6.525107615432968
1299210,377059,2460283,2837342,6.52492845947186
1299237,377060,2460315,2837375,6.524996021853286
1299274,377060,2460360,2837420,6.525115366254708
1299393,377166,2460756,2837922,6.5243314614785
1299686,377226,2461552,2838778,6.52540386929851
1299711,377226,2461552,2838778,6.52540386929851
1299778,377240,2461596,2838836,6.525278337397943
1299782,377240,2461605,2838845,6.525302194889195
1299925,377329,2461799,2839128,6.52427722226492
1299955,377331,2461814,2839145,6.524282393972401
1299976,377358,2461863,2839221,6.523945431129061
1300302,377374,2462214,2839588,6.524598938983607
1300373,377436,2462438,2839874,6.52412064561939
1300397,377451,2462465,2839916,6.523932907847641
1300431,377463,2462497,2839960,6.523810280742748
1300517,377463,2462656,2840119,6.5242315140821745
1300613,377539,2462841,2840380,6.523408177698198
1300656,377541,2462853,2840394,6.523405404975883
1300777,377551,2463183,2840734,6.5241066769787395
1301006,377671,2463493,2841164,6.522854548006069
1301018,377676,2463514,2841190,6.522823796057997
1301027,377676,2463525,2841201,6.522852921551807
1301170,377766,2463814,2841580,6.52206392316937
1301230,377796,2463989,2841785,6.5220092324958445
1301242,377799,2464005,2841804,6.52199979354101
1301353,377799,2464220,2842019,6.522568879218844
1301414,377807,2464336,2842143,6.522737799987825
1301476,377843,2464478,2842321,6.522492146208875
1301516,377852,2464523,2842375,6.522455882197263
1301518,377852,2464525,2842377,6.522461175274976
1301579,377878,2464616,2842494,6.522253214000286
1301963,377879,2466021,2843900,6.525954075246309
1301964,377879,2466024,2843903,6.525962014295581
1302000,377905,2466115,2844020,6.525753827020019
1302157,377976,2466384,2844360,6.525239697758588
1302191,377976,2466448,2844424,6.525409020678562
1302236,378015,2466550,2844565,6.525005621470047
1302252,378042,2466688,2844730,6.52490464022516
1303246,378042,2467958,2846000,6.528264055316605
1303255,378044,2467978,2846022,6.528282422151919
1303339,378099,2468132,2846231,6.527740089235888
1303479,378208,2468521,2846729,6.526887321262374
1303483,378208,2468530,2846738,6.526911117691852
1303567,378229,2468574,2846803,6.52666506270011
1303607,378229,2468622,2846851,6.526791969944134
1303626,378239,2468664,2846903,6.526730453496334
1303668,378265,2468731,2846996,6.526458963953842
1303686,378274,2468750,2847024,6.526353912772223
1303709,378292,2468772,2847064,6.526101530035
1303770,378334,2468861,2847195,6.525612289669974
1303823,378340,2468922,2847262,6.525670032246127
1303824,378340,2468924,2847264,6.5256753184965905
1304285,378340,2469832,2848172,6.528075276206587
1304407,378361,2469963,2848324,6.528059181575268
1304421,378361,2469996,2848357,6.5281463998667935
1304507,378416,2470173,2848589,6.527665320705256
1304554,378426,2470272,2848698,6.527754435477478
1304629,378470,2470446,2848916,6.527455280471371
1304637,378470,2470465,2848935,6.527505482600999
1304751,378473,2470761,2849234,6.528235831882327
1304849,378511,2470974,2849485,6.528143171532664
1304899,378511,2471158,2849669,6.528629286863525
1304911,378513,2471161,2849674,6.528602716419251
1305475,378513,2472615,2851128,6.532444064008369
1305500,378534,2472642,2851176,6.532152990220165
1305515,378537,2472665,2851202,6.532161981523602
1305660,378542,2472976,2851518,6.53289727427868
1305777,378578,2473210,2851788,6.53289414598841
1305833,378592,2473237,2851829,6.53272388217395
1305853,378592,2473265,2851857,6.532797840419238
1305858,378593,2473270,2851863,6.532793791749979
1306035,378599,2473644,2852243,6.5336781132543935
1306041,378603,2473653,2852256,6.533632855524124
1306223,378661,2474001,2852662,6.53355111828258
1306304,378661,2474056,2852717,6.533696366935069
1306397,378743,2474245,2852988,6.532780803869643
1306446,378755,2474289,2853044,6.532689997491782
1306458,378760,2474323,2853083,6.5326935262435315
1306478,378760,2474353,2853113,6.532772732073081
1306522,378792,2474392,2853184,6.532323808316965
1306526,378792,2474401,2853193,6.5323475680584595
1306614,378822,2474490,2853312,6.532065191567543
1307164,378822,2475655,2854477,6.53514051454245
1307195,378836,2475701,2854537,6.535020431004445
1307413,378862,2476279,2855141,6.536097576426245
1307431,378875,2476316,2855191,6.535970966677664
1307436,378876,2476322,2855198,6.5359695520434125
1307582,378943,2476506,2855449,6.535299504147062
1308070,379146,2477327,2856473,6.533965807367083
1309084,379156,2479046,2858202,6.538327232062792
1309126,379184,2479142,2858326,6.5380975990548125
1309476,379218,2479747,2858965,6.539106793453898
1309490,379218,2479775,2858993,6.539180629611463
1309517,379232,2479786,2859018,6.538968230529069
1309644,379232,2480163,2859395,6.539962344949793
1309653,379234,2480183,2859417,6.539980592457427
1309674,379253,2480223,2859476,6.5397584198411085
1309738,379308,2480322,2859630,6.539071150621658
1309743,379310,2480330,2859640,6.539057762779785
1309925,379310,2480604,2859914,6.539780127072842
1309957,379335,2480657,2859992,6.539488842316159
1310189,379465,2481233,2860698,6.53876642114556
1310202,379472,2481241,2860713,6.538666884513218
1310463,379547,2482011,2861558,6.539403552129249
1310487,379557,2482061,2861618,6.539362994227481
1310552,379575,2482164,2861739,6.53932424422051
1310822,379729,2482693,2862422,6.538065304467133
1310846,379735,2482718,2862453,6.538027835200864
1310876,379747,2482762,2862509,6.537937100227256
1311000,379758,2483165,2862923,6.538808925684251
1311027,379773,2483206,2862979,6.5386586197544325
1311039,379780,2483213,2862993,6.538556532729475
1311064,379784,2483278,2863062,6.538658816590483
1311073,379794,2483294,2863088,6.538528781392018
1311088,379794,2483320,2863114,6.53859723955618
1311116,379802,2483350,2863152,6.538538501640328
1311245,379873,2483532,2863405,6.537795526399613
1311719,380088,2484233,2864321,6.535941676664351
1311746,380097,2484318,2864415,6.536010544676754
1311757,380097,2484336,2864433,6.536057901009479
1311794,380108,2484395,2864503,6.5360239721342355
1311797,380108,2484404,2864512,6.536047649615372
1311847,380140,2484521,2864661,6.535805229652233
1311895,380170,2484587,2864757,6.535463082305284
1311999,380215,2484714,2864929,6.535023605065555
1312114,380266,2484987,2865253,6.534865068136515
1312119,380272,2484998,2865270,6.53479088652333
1312230,380360,2485310,2865670,6.5340992743716475
1312293,380360,2485492,2865852,6.534577768429909
1313609,380375,2490476,2870851,6.54742293789024
1313682,380404,2490668,2871072,6.547428523359375
1313842,380508,2491025,2871533,6.54657720731233
1313873,380517,2491060,2871577,6.5465143475849965
1313936,380542,2491145,2871687,6.546307634899696
1313944,380542,2491163,2871705,6.54635493585465
1314005,380569,2491263,2871832,6.54615325998702
1314759,380618,2492506,2873124,6.548576262814685
1314824,380654,2492603,2873257,6.548211761862479
1314896,380665,2492672,2873337,6.548203801242562
1314922,380675,2492714,2873389,6.548142115978196
1315078,380739,2492912,2873651,6.547561452858782
1315096,380743,2492928,2873671,6.547534688753306
1315134,380766,2492996,2873762,6.5473177752215275
1315172,380775,2493074,2873849,6.547367868163613
1315178,380775,2493090,2873865,6.547409887728974
1315242,380781,2493421,2874202,6.548175985671554
1315251,380783,2493441,2874224,6.548194115808742
1315384,380836,2493527,2874363,6.54750863888918
1315400,380836,2493556,2874392,6.547584787152475
1316041,380836,2494526,2875362,6.550131815269565
1316115,380837,2494708,2875545,6.5505925107066805
1316133,380837,2494751,2875588,6.5507054199040535
1316170,380859,2494818,2875677,6.550502942033666
1316235,380887,2494918,2875805,6.550283942481628
1316734,380956,2495234,2876190,6.549927025693256
1316755,380956,2495263,2876219,6.550003149970076
1316919,380992,2495401,2876393,6.5497464513690575
1317026,381069,2495501,2876570,6.548685408679268
1317067,381088,2495567,2876655,6.548532097573264
1317169,381169,2495769,2876938,6.547670455887022
1317557,381271,2496142,2877413,6.546897088947231
1317653,381296,2496259,2877555,6.54677468423482
1317679,381309,2496309,2877618,6.546682611740085
1317690,381316,2496330,2877646,6.54661750359282
1317706,381316,2496356,2877672,6.546685688510317
1317726,381336,2496388,2877724,6.546426248767491
1317915,381502,2496805,2878307,6.544670801201566
1317999,381524,2496969,2878493,6.544723267736761
1318023,381535,2497005,2878540,6.544628933125401
1318091,381556,2497096,2878652,6.544507228296764
1318201,381556,2497436,2878992,6.545398316367716
1318248,381594,2497561,2879155,6.545074083974066
1318254,381597,2497574,2879171,6.545056695938385
1318289,381600,2497659,2879259,6.5452279874213835
1318482,381600,2497659,2879259,6.5452279874213835
1318532,381620,2497720,2879340,6.545044808972276
1318599,381620,2497872,2879492,6.545443110948064
1318785,381697,2498132,2879829,6.544803862749773
1318791,381699,2498139,2879838,6.544787908797246
1318988,381766,2498505,2880271,6.544597999821881
1319139,381766,2498828,2880594,6.545444067832127
1319780,381774,2499791,2881565,6.547829344062194
1319842,381808,2499852,2881660,6.547406026065457
1319869,381824,2499896,2881720,6.547246899094871
1319927,381838,2499997,2881835,6.547271355915336
1319976,381877,2500088,2881965,6.546840998541415
1320030,381900,2500189,2882089,6.546711180937418
1320169,381938,2500463,2882401,6.546777225623007
1320172,381939,2500466,2882405,6.54676793938299
1320190,381953,2500486,2882439,6.546580338418601
1320405,381962,2500623,2882585,6.546784758693273
1320433,381984,2500652,2882636,6.546483622350674
1320466,382023,2500727,2882750,6.546011627572162
1320549,382041,2500887,2882928,6.546122013082366
1320719,382041,2501232,2883273,6.547025057520004
1320730,382041,2501244,2883285,6.547056467761314
1320821,382081,2501360,2883441,6.546674657991368
1320831,382081,2501376,2883457,6.546716533928669
1320856,382092,2501425,2883517,6.546656302670561
1320969,382129,2501562,2883691,6.546380934187146
1321102,382170,2501647,2883817,6.54590103880472
1321211,382196,2502053,2884249,6.54651801693372
1321444,382287,2502227,2884514,6.54541483231185
1321531,382322,2502400,2884722,6.545268124774405
1321574,382329,2502461,2884790,6.545307836967638
1321636,382352,2502552,2884904,6.545152111143659
1321685,382356,2502658,2885014,6.545360867882287
1321741,382400,2502765,2885165,6.5448875523012555
1321778,382416,2502831,2885247,6.544786306012301
1321794,382416,2502860,2885276,6.544862139659428
1321799,382420,2502864,2885284,6.54480414204278
1321819,382427,2502883,2885310,6.54473402767064
1321889,382463,2502994,2885457,6.544408217265461
1321921,382477,2503033,2885510,6.544270635881373
1321924,382477,2503042,2885519,6.544294166708063
1321987,382515,2503140,2885655,6.543900239206305
1322151,382515,2503423,2885938,6.544640079474007
1322346,382515,2503675,2886190,6.545298877168215
1322380,382527,2503713,2886240,6.545192888345136
1322417,382539,2503747,2886286,6.545076449721466
1322439,382539,2503747,2886286,6.545076449721466
1322508,382559,2503828,2886387,6.544946008328127
1322566,382573,2503934,2886507,6.544983571762775
1322590,382584,2503978,2886562,6.544910398762102
1322623,382603,2504017,2886620,6.544687312958863
1322632,382605,2504031,2886636,6.544689693025444
1322662,382626,2504087,2886713,6.5444768520696455
1322689,382626,2504137,2886763,6.544607527977712
1322732,382646,2504168,2886814,6.544346471673557
1322738,382646,2504186,2886832,6.544393512541618
1322788,382646,2504277,2886923,6.544631330263481
1322818,382646,2504311,2886957,6.544720185236485
1322967,382710,2504627,2887337,6.5444514122965165
1322993,382716,2504656,2887372,6.544424586377366
1323033,382726,2504719,2887445,6.54441819996551
1323068,382730,2504757,2887487,6.544449089436418
1323244,382803,2505007,2887810,6.543854149523384
1323732,382985,2505671,2888656,6.542478164941186
1323758,382997,2505708,2888705,6.542369783575328
1324200,383023,2506730,2889753,6.544593927779794
1324335,383040,2506827,2889867,6.544556704260652
1324380,383068,2506912,2889980,6.544300228680026
1324480,383068,2507013,2890081,6.544563889439995
1324515,383076,2507036,2890112,6.544487255792585
1324609,383076,2507163,2890239,6.544818782695862
1324635,383082,2507197,2890279,6.5448050286883745
1324663,383095,2507230,2890325,6.54466907686083
1324673,383095,2507230,2890325,6.54466907686083
1324690,383106,2507247,2890353,6.5445255360135315
1324729,383118,2507309,2890427,6.544482378797133
1324811,383152,2507529,2890681,6.544475821606047
1324965,383181,2507936,2891117,6.545042682178918
1325030,383184,2508086,2891270,6.545382896989436
1325107,383234,2508264,2891498,6.544993398289296
1325123,383243,2508282,2891525,6.544886664596613
1325312,383266,2508417,2891683,6.54484613819123
1325324,383271,2508437,2891708,6.544812939147496
1325402,383301,2508541,2891842,6.544572020422592
1325903,383673,2509490,2893163,6.540700023196837
1325919,383683,2509498,2893181,6.54055040228522
1326001,383717,2509608,2893325,6.540257533546859
1326070,383721,2509688,2893409,6.540397841139787
1326139,383726,2509795,2893521,6.540591463700661
1326226,383754,2509958,2893712,6.540538991124523
1326409,383831,2510374,2894205,6.540310709661283
1326596,383858,2510707,2894565,6.5407181822444755
1326785,383912,2511073,2894985,6.540751526391465
1326835,383937,2511132,2895069,6.540479297384727
1326856,383945,2511179,2895124,6.540465431246663
1326893,383977,2511198,2895175,6.539969841943658
1326961,384018,2511285,2895303,6.539498148524288
1326986,384026,2511306,2895332,6.539416602000906
1326990,384026,2511308,2895334,6.539421809981616
1327134,384026,2511507,2895533,6.539940004062225
1327155,384034,2511535,2895569,6.539876677585839
1327197,384047,2511604,2895651,6.539834968115882
1327210,384047,2511630,2895677,6.539902668163012
1327227,384047,2511657,2895704,6.5399729720581075
1327393,384110,2511833,2895943,6.5393585170914585
1327436,384110,2511867,2895977,6.53944703340189
1327450,384110,2511893,2896003,6.539514722345162
1327576,384170,2512199,2896369,6.539289897701538
1327612,384184,2512262,2896446,6.539215584199238
1327748,384263,2512436,2896699,6.538324012460216
1327771,384276,2512462,2896738,6.538170481632993
1327960,384363,2512687,2897050,6.53727596048527
1328087,384399,2512924,2897323,6.537280273882086
1328114,384418,2512955,2897373,6.537037807802965
1328310,384566,2513270,2897836,6.535341137802094
1328381,384566,2513344,2897910,6.535533562509427
1328431,384579,2513401,2897980,6.5354608545968444
1328448,384588,2513417,2898005,6.535349516885602
1328478,384588,2513450,2898038,6.5354353229949975
1328510,384594,2513487,2898081,6.535429569884085
1328622,384654,2513742,2898396,6.5350730786629025
1328675,384654,2513935,2898589,6.53557482828724
1328677,384654,2513935,2898589,6.53557482828724
1328700,384654,2513964,2898618,6.53565022071784
1328740,384662,2513991,2898653,6.535584487160156
1328753,384666,2513998,2898664,6.53553472363037
1329104,384878,2514650,2899528,6.533628838229257
1329118,384885,2514670,2899555,6.533561973056887
1329253,384958,2514890,2899848,6.532894497581554
1329277,384958,2514985,2899943,6.53314127774978
1329766,385349,2516363,2901712,6.530088309558349
1329799,385369,2516411,2901780,6.529873964953071
1329813,385375,2516424,2901799,6.5298060330846575
1329817,385375,2516426,2901801,6.529811222834901
1329873,385375,2516514,2901889,6.530039571845605
1329938,385375,2516642,2902017,6.5303717158611745
1329964,385375,2516661,2902036,6.530421018488485
1330018,385387,2516736,2902123,6.530412286870082
1332505,385438,2520479,2905917,6.539259232353841
1332684,385556,2520656,2906212,6.537716959404081
1332728,385578,2520710,2906288,6.537483985082137
1332816,385578,2521050,2906628,6.538365778130495
1332834,385584,2521078,2906662,6.538336652973152
1332856,385591,2521123,2906714,6.5383346603006816
1333134,385591,2521142,2906733,6.538383935309693
1333143,385591,2521142,2906733,6.538383935309693
1333177,385613,2521188,2906801,6.5381301978927056
1333288,385613,2521452,2907065,6.5388148221144
1333308,385619,2521470,2907089,6.538759760281521
1333512,385670,2521627,2907297,6.538302175434957
1333548,385698,2521683,2907381,6.537972714403497
1333557,385702,2521695,2907397,6.537936023147404
1333570,385709,2521725,2907434,6.537895148933522
1333913,385709,2522307,2908016,6.539404058500061
1334039,385762,2522557,2908319,6.5391536750639
1334050,385772,2522571,2908343,6.5390204576796656
1334085,385779,2522581,2908360,6.5389277280515525
1334121,385779,2522621,2908400,6.539031414358998
1334142,385781,2522649,2908430,6.5390700941726
1334234,385836,2522801,2908637,6.538531915114193
1334414,385887,2522951,2908838,6.538056477673516
1334443,385894,2523014,2908908,6.538101136581548
1334522,385904,2523077,2908981,6.538094966623824
1334560,385912,2523099,2909011,6.5380164389809075
1334589,385924,2523117,2909041,6.537859785864574
1334623,385946,2523163,2909109,6.53760629725402
1334638,385948,2523185,2909133,6.537629421580109
1334659,385969,2523211,2909180,6.537341081796725
1335200,386012,2524037,2910049,6.538752681263795
1335234,386022,2524077,2910099,6.538686914217324
1335269,386025,2524152,2910177,6.53883038663299
1335282,386033,2524174,2910207,6.538751868363586
1335860,386033,2525056,2911089,6.541036647126023
1335976,386125,2525315,2911440,6.540148915506636
1335986,386128,2525321,2911449,6.540113641072391
1336179,386164,2525635,2911799,6.5403170673599815
1336230,386164,2525722,2911886,6.540542360240726
1336290,386178,2525821,2911999,6.5405616063059
1336331,386193,2525858,2912051,6.540403373442812
1336353,386195,2525865,2912060,6.540387628011755
1336407,386196,2525985,2912181,6.540681415654228
1336453,386196,2526074,2912270,6.540911868584864
1336678,386242,2526385,2912627,6.540938064736616
1336722,386271,2526472,2912743,6.540672222351665
1336722,386271,2526472,2912743,6.540672222351665
1336766,386288,2526526,2912814,6.540524168496044
1336781,386296,2526552,2912848,6.540456023360325
1336795,386299,2526573,2912872,6.540459592181186
1336833,386313,2526626,2912939,6.540359760090911
1337228,386436,2527184,2913620,6.5397219720729955
1337347,386482,2527335,2913817,6.539334302761836
1337406,386522,2527419,2913941,6.538874889398275
1337462,386529,2527475,2914004,6.538901350222105
1337506,386536,2527513,2914049,6.538881242626819
1337538,386558,2527550,2914108,6.538604814801401
1337587,386562,2527659,2914221,6.538819128626197
1337653,386585,2527708,2914293,6.538556850369259
1337834,386675,2527994,2914669,6.5377746169263595
1337849,386680,2528021,2914701,6.537759904830868
1337877,386703,2528070,2914773,6.537497769606132
1337888,386707,2528093,2914800,6.53748962392716
1337996,386752,2528248,2915000,6.537129736885653
1338052,386771,2528316,2915087,6.536984417135721
1338088,386771,2528385,2915156,6.537162817274305
1338107,386783,2528414,2915197,6.537034978269469
1346335,386789,2553093,2939882,6.60073838707926
1346482,386789,2553349,2940138,6.601400246646104
1346553,386798,2553502,2940300,6.601642200838681
1346597,386821,2553594,2940415,6.601487509726721
1346938,387102,2554145,2941247,6.5981188420622985
1347330,387131,2554849,2941980,6.5994430825741155
1347365,387142,2554865,2942007,6.599296898812322
1347401,387156,2554901,2942057,6.599151246525948
1347411,387156,2554916,2942072,6.599189990598105
1347490,387156,2555209,2942365,6.599946791474237
1347690,387212,2555319,2942531,6.599276365401899
1347888,387215,2555473,2942688,6.599622948491148
1347906,387215,2555490,2942705,6.599666851749029
1348723,387555,2556275,2943830,6.595902517062094
1348943,387555,2556275,2943830,6.595902517062094
1348948,387558,2556284,2943842,6.595874681983084
1349219,387589,2556360,2943949,6.595543217170766
1349229,387595,2556376,2943971,6.59548239786375
1349239,387595,2556392,2943987,6.595523678066023
1349276,387597,2556435,2944032,6.595600585143848
1349291,387597,2556456,2944053,6.595654765129761
1349364,387604,2556497,2944101,6.595641427849042
1349485,387604,2556711,2944315,6.596193537734389
1349500,387604,2556725,2944329,6.596229657072683
1349522,387610,2556762,2944372,6.596223007662341
1349773,387610,2557268,2944878,6.597528443538608
1349884,387610,2557484,2945094,6.598085704703181
1349953,387654,2557633,2945287,6.597721163718161
1349962,387660,2557653,2945313,6.597670639219935
1349978,387660,2557679,2945339,6.597737708301088
1350000,387662,2557686,2945348,6.59772172665879
1350046,387696,2557756,2945452,6.597323676282448
1350069,387705,2557819,2945524,6.597333023819656
1350085,387705,2557845,2945550,6.597400085116261
1350152,387705,2557997,2945702,6.597792135773333
1350163,387715,2558014,2945729,6.597665811227319
1350192,387733,2558054,2945787,6.597462686952103
1350214,387733,2558099,2945832,6.597578746199059
1350255,387744,2558120,2945864,6.597445737393745
1350267,387749,2558130,2945879,6.597386453607875
1350285,387754,2558147,2945901,6.597345224033795
1350292,387754,2558147,2945901,6.597345224033795
1350327,387757,2558231,2945988,6.597510812183919
1350482,387833,2558593,2946426,6.597151351225914
1350522,387854,2558667,2946521,6.596984947944329
1350543,387854,2558697,2946551,6.597062296637395
1350568,387865,2558732,2946597,6.59696543900584
1350610,387885,2558770,2946655,6.596723255604109
1350613,387887,2558773,2946660,6.5966969761812075
1350680,387887,2558925,2946812,6.597088842884655
1350990,387978,2559488,2947466,6.59699261298321
1351039,388010,2559581,2947591,6.596688229684802
1351201,388010,2560083,2948093,6.597982010772919
1351234,388019,2560137,2948156,6.597968140735376
1351274,388028,2560180,2948208,6.5979259228715454
1351321,388046,2560330,2948376,6.598006421919051
1351670,388051,2561061,2949112,6.599805180246927
1351718,388051,2561173,2949224,6.6000938021033315
1351777,388090,2561311,2949401,6.599786132082764
1351853,388110,2561541,2949651,6.60003864883667
1351926,388110,2561650,2949760,6.600319497049806
1351993,388133,2561842,2949975,6.600423050861432
1352661,388597,2562993,2951590,6.5955038252997324
1352670,388603,2563005,2951608,6.5954328710792245
1352677,388609,2563018,2951627,6.595364492330337
1353320,388807,2563521,2952328,6.593299503352563
1353375,388815,2563593,2952408,6.593349022028471
1353420,388848,2563663,2952511,6.592969489363453
1353438,388854,2563696,2952550,6.592952624892633
1353513,388885,2563783,2952668,6.592650783650694
1353603,388948,2563882,2952830,6.591837469276099
1353617,388952,2563915,2952867,6.591854521894732
1353672,388964,2563937,2952901,6.591707715881161
1353708,388979,2563988,2952967,6.59158463567442
1353804,389024,2564190,2953214,6.591341408242165
1353871,389044,2564234,2953278,6.591115657869032
1353919,389055,2564296,2953351,6.591088663556566
1353963,389074,2564370,2953444,6.590956990186957
1354014,389084,2564425,2953509,6.590928951074832
1354043,389093,2564456,2953549,6.590856170632728
1354065,389093,2564461,2953554,6.5908690210309615
1354139,389109,2564515,2953624,6.590736785836359
1354252,389109,2564848,2953957,6.591592587167092
1354259,389110,2564852,2953962,6.591585926858729
1354305,389136,2564894,2954030,6.5912534435261705
1354355,389136,2565015,2954151,6.591564388799803
1354398,389158,2565050,2954208,6.591281690213229
1354962,389196,2566022,2955218,6.593135592349356
1355576,389268,2568632,2957900,6.598621001469425
1355587,389271,2568644,2957915,6.598600974642344
1355607,389271,2568665,2957936,6.59865492163557
1355957,389271,2569304,2958575,6.600296451572298
1355987,389274,2569395,2958669,6.600479353874135
1356045,389288,2569498,2958786,6.600506565833008
1356074,389312,2569540,2958852,6.600207545618938
1356163,389323,2569715,2959038,6.600470560434395
1356309,389369,2569853,2959222,6.600045201338576
1356537,389373,2569938,2959311,6.6001956992395465
1356589,389377,2570061,2959438,6.600443785842512
1356622,389385,2570128,2959513,6.600480244488103
1356655,389406,2570204,2959610,6.600319460922533
1356705,389436,2570272,2959708,6.599985620230282
1356721,389441,2570290,2959731,6.5999471036691055
1356728,389445,2570295,2959740,6.599892154219466
1356760,389445,2570344,2959789,6.6000179742967555
1356792,389447,2570391,2959838,6.600104763934502
1356828,389466,2570468,2959934,6.599980486101482
1356849,389471,2570510,2959981,6.600003594619368
1356941,389477,2570689,2960166,6.600361510435789
1357041,389477,2571030,2960507,6.601237043522468
1357085,389477,2571057,2960534,6.601306367256603
1357227,389562,2571310,2960872,6.600515450685641
1357270,389594,2571408,2961002,6.600224849458667
1358102,389643,2572941,2962584,6.603329201345847
1358118,389643,2572967,2962610,6.603395929094068
1358129,389643,2572977,2962620,6.603421593612615
1358223,389703,2573069,2962772,6.602640985571063
1358330,389745,2573247,2962992,6.6023861755763384
1358349,389746,2573282,2963028,6.6024590374243735
1358359,389746,2573301,2963047,6.602507787122895
1358471,389826,2573500,2963326,6.60166330619302
1359488,390385,2575364,2965749,6.596985027600958
1359498,390385,2575374,2965759,6.597010643339267
1359686,390385,2575653,2966038,6.597725322438106
1359848,390391,2575973,2966364,6.598443611661129
1360012,390391,2576258,2966649,6.599173648982687
1360016,390394,2576265,2966659,6.599140867943667
1360166,390465,2576692,2967157,6.599034484524862
1360214,390465,2576804,2967269,6.5993213220134965
1360327,390465,2576804,2967269,6.5993213220134965
1360346,390468,2576825,2967293,6.5993244004630345
1360368,390477,2576880,2967357,6.599313147765425
1360390,390478,2576931,2967409,6.599426856314568
1360414,390479,2576992,2967471,6.599566173853139
1360457,390499,2577093,2967592,6.599486810465584
1360467,390512,2577103,2967615,6.599292723399025
1360526,390515,2577285,2967800,6.599708077794707
1360615,390567,2577442,2968009,6.599231373874393
1360642,390582,2577496,2968078,6.599116190710274
1360653,390587,2577508,2968095,6.599062436793852
1360670,390599,2577532,2968131,6.598921144191357
1360695,390603,2577570,2968173,6.598950852912036
1360725,390625,2577603,2968228,6.59866368
1360744,390639,2577639,2968278,6.598519349066529
1360766,390640,2577671,2968311,6.5985843743600245
1361367,390640,2578559,2969199,6.600857567069425
1361423,390674,2578825,2969499,6.600963975078966
1361446,390684,2578886,2969570,6.6009511523379505
1361621,390739,2579055,2969794,6.600454523351905
1361640,390745,2579074,2969819,6.600401796568094
1361651,390747,2579087,2969834,6.600401282671396
1361710,390774,2579176,2969950,6.600172990014689
1361739,390795,2579219,2970014,6.599928351181566
1361753,390800,2579252,2970052,6.59992835209826
1361818,390805,2579315,2970120,6.600005117641791
1361934,390864,2579506,2970370,6.599497523435262
1361955,390878,2579561,2970439,6.599401859403701
1362011,390900,2579639,2970539,6.599229982092607
1362323,391055,2580063,2971118,6.597698533454373
1362416,391126,2580321,2971447,6.597160505821654
1362455,391134,2580338,2971472,6.597069035164419
1362477,391149,2580378,2971527,6.596918309902365
1362521,391166,2580412,2971578,6.596718528706482
1362524,391167,2580414,2971581,6.596706777412205
1363055,391449,2581243,2972692,6.5940722801693195
1363232,391449,2581624,2973073,6.595045587036881
1363246,391462,2581657,2973119,6.594910872575116
1363255,391469,2581673,2973142,6.594833818258917
1363502,391469,2582494,2973963,6.59693104690282
1363514,391472,2582534,2974006,6.596982670535824
1363541,391474,2582549,2974023,6.596987283957556
1363696,391527,2582807,2974334,6.596753225192643
1363712,391530,2582811,2974341,6.5967128955635586
1363737,391546,2582868,2974414,6.596588906539717
1363860,391548,2583231,2974779,6.597482301020564
1363883,391549,2583271,2974820,6.597567609673375
1364167,391711,2583778,2975489,6.596133373839387
1364214,391724,2583818,2975542,6.596016583104431
1365453,391724,2583818,2975542,6.596016583104431
1365510,391735,2583933,2975668,6.596124931394948
1365514,391736,2583939,2975675,6.596123409643229
1365620,391736,2584002,2975738,6.5962842322380375
1365630,391739,2584016,2975755,6.596269454917688
1365665,391760,2584050,2975810,6.596002654686543
1365686,391794,2584123,2975917,6.595616574015937
1365713,391796,2584138,2975934,6.5956211906196085
1365716,391796,2584144,2975940,6.595636504711636
1365743,391817,2584177,2975994,6.5953672250055515
1365775,391841,2584243,2976084,6.59513169882682
1366524,391851,2586080,2977931,6.599651398107954
1366931,391989,2586620,2978609,6.598705575921773
1366993,391989,2586684,2978673,6.598868845809449
1367076,392037,2586832,2978869,6.598438412700842
1367560,392258,2587831,2980089,6.597267614682173
1367595,392259,2587979,2980238,6.5976280977619375
1367628,392270,2588048,2980318,6.5976189869222726
1367635,392270,2588055,2980325,6.597636831774033
1367781,392343,2588275,2980618,6.596969998190359
1367793,392348,2588314,2980662,6.596985329350475
1367807,392356,2588329,2980685,6.5968890497405415
1367842,392368,2588372,2980740,6.596796884557354
1367856,392374,2588428,2980802,6.59683873039498
1367987,392432,2588659,2981091,6.596452379010886
1368234,392432,2589480,2981912,6.598544461206018
1368269,392432,2589594,2982026,6.598834957393892
1368296,392435,2589667,2982102,6.59897053015149
1368310,392442,2589687,2982129,6.5989037870564315
1368548,392459,2590483,2982942,6.600646182148964
1368697,392519,2590657,2983176,6.600080505657051
1368740,392545,2590724,2983269,6.599814034059789
1368762,392560,2590750,2983310,6.599628082331363
1368771,392562,2590766,2983328,6.599635216857465
1368795,392582,2590800,2983382,6.599385606064465
1368795,392608,2590879,2983487,6.599149788083788
1368826,392618,2590934,2983552,6.599121792683983
1368879,392621,2591017,2983638,6.5992827688788935
1368889,392626,2591031,2983657,6.5992343859041425
1368903,392630,2591064,2983694,6.59925120342307
1368927,392645,2591098,2983743,6.59908568808975
1369061,392667,2591159,2983826,6.598871308258651
1369235,392667,2591450,2984117,6.599612394216983
1369307,392685,2591516,2984201,6.599477953066708
1369479,392705,2591688,2984393,6.599579837282438
1369656,392705,2592069,2984774,6.600550031193899
1369685,392722,2592115,2984837,6.600381440306374
1369920,392741,2592492,2985233,6.601022047608984
1369992,392766,2592615,2985381,6.600915048654924
1372295,394054,2598343,2992397,6.5938754586934785
1372314,394064,2598368,2992432,6.593771570100288
1372319,394065,2598372,2992437,6.5937649880095925
1372405,394081,2598426,2992507,6.593634303607634
1372429,394092,2598470,2992562,6.593561909401865
1372465,394109,2598516,2992625,6.593394213276023
1372508,394136,2598597,2992733,6.593148050419145
1372674,394166,2598925,2993091,6.593478382204452
1372689,394172,2598955,2993127,6.593454126624925
1372706,394180,2598980,2993160,6.593383733319803
1372785,394223,2599203,2993426,6.593230227561558
1372788,394223,2599208,2993431,6.593242910738338
1372855,394268,2599333,2993601,6.592807430478761
1372946,394303,2599491,2993794,6.592622932110585
1372954,394309,2599528,2993837,6.592616450550203
1372965,394309,2599545,2993854,6.592659563946042
1373002,394334,2599604,2993938,6.592391221654739
1373207,394466,2600050,2994516,6.591315854851875
1373257,394469,2600071,2994540,6.591318962960334
1373262,394471,2600079,2994550,6.591305824762784
1373282,394471,2600100,2994571,6.591359060615356
1373316,394471,2600140,2994611,6.5914604622393025
1373344,394487,2600173,2994660,6.5912767721116285
1373396,394520,2600274,2994794,6.5909814458075635
1373505,394583,2600414,2994997,6.590283919986416
1373532,394607,2600487,2995094,6.590068093064746
1373608,394670,2600691,2995361,6.5895330275926725
1374021,394867,2601298,2996165,6.587782721777206
1374187,394867,2601656,2996523,6.588689356162961
1374205,394867,2601699,2996566,6.588798253589183
1374223,394867,2601719,2996586,6.588848903554868
1374285,394868,2601887,2996755,6.58925767598286
1376896,395689,2607090,3002779,6.588735092458976
1376976,395711,2607235,3002946,6.588735213324876
1377014,395729,2607312,3003041,6.588630097870007
1377084,395729,2607582,3003311,6.589312382969153
1377085,395729,2607588,3003317,6.589327544860245
1377278,395801,2607779,3003580,6.588611448682545
1377376,395841,2607954,3003795,6.588387761752825
1377474,395876,2608101,3003977,6.588176600753771
1377775,395876,2608700,3004576,6.5896897008154065
1377825,395876,2608884,3004760,6.590154492820984
1377855,395885,2608928,3004813,6.590115816461851
1378189,396079,2609566,3005645,6.58849875908594
1378338,396092,2609810,3005902,6.588898538723327
1379339,396092,2611512,3007604,6.5931955202326735
1379348,396099,2611534,3007633,6.5931345446466665
1379442,396139,2611753,3007892,6.593021641393551
1379471,396139,2611791,3007930,6.593117567318542
1379501,396139,2611846,3007985,6.593256407473135
1379655,396163,2612195,3008358,6.593737931104116
1379896,396163,2612616,3008779,6.594800624995267
1380480,396607,2613493,3010100,6.589629028231978
1380489,396607,2613519,3010126,6.589694584311422
1380537,396607,2613662,3010269,6.590055142748363
1380592,396622,2613738,3010360,6.589997529133533
1380841,396622,2614074,3010696,6.590844683350898
1380957,396651,2614328,3010979,6.591003174074943
1381093,396720,2614553,3011273,6.590423976608188
1381145,396731,2614662,3011393,6.590515991944164
1381352,396747,2615030,3011777,6.591177753076898
1381371,396752,2615037,3011789,6.5911123321369525
1381760,396784,2615169,3011953,6.5909134440904875
1381779,396798,2615202,3012000,6.590764066351141
1381791,396798,2615223,3012021,6.59081699000499
1381858,396817,2615263,3012080,6.590602217142915
1381940,396818,2615618,3012436,6.591480225191398
1381954,396818,2615625,3012443,6.591497865520213
1381989,396828,2615648,3012476,6.591389720483433
1382056,396850,2615688,3012538,6.591125110243165
1382083,396857,2615713,3012570,6.591071847038102
1382255,396857,2616089,3012946,6.592019291583618
1382258,396857,2616098,3012955,6.592041969777527
1382313,396873,2616176,3013049,6.591972746949276
1382340,396877,2616201,3013078,6.591969300312187
1382369,396889,2616247,3013136,6.591885892529145
1382437,396907,2616394,3013301,6.591957309898793
1382445,396917,2616406,3013323,6.5918214639332655
1382924,397224,2617343,3014567,6.589085755140676
1383179,397252,2617907,3015159,6.590041082234954
1383188,397252,2617933,3015185,6.590106531873974
1383214,397252,2617959,3015211,6.590171981512994
1383755,397486,2618866,3016352,6.58857418877646
1384602,397512,2620514,3018026,6.592289037815211
1384687,397512,2620514,3018026,6.592289037815211
1385031,397761,2621277,3019038,6.590080475461395
1385065,397779,2621367,3019146,6.590008522320183
1385193,397893,2621770,3019663,6.589133259444122
1385269,397907,2621904,3019811,6.589238188823017
1385278,397907,2621920,3019827,6.589278399223939
1385287,397912,2621941,3019853,6.589248376525463
1385310,397926,2621973,3019899,6.5890969677779285
1385829,398024,2622360,3020384,6.588446927823448
1385877,398040,2622441,3020481,6.588385589388001
1385888,398040,2622451,3020491,6.588410712491207
1385933,398068,2622491,3020559,6.588047770732639
1385964,398071,2622541,3020612,6.588123726671875
1386008,398077,2622560,3020637,6.5880721568942695
1386028,398077,2622575,3020652,6.5881098380464085
1386033,398079,2622582,3020661,6.588094322986141
1386089,398080,2622640,3020720,6.58822347266881
1386098,398082,2622677,3020759,6.588283318512266
1386202,398111,2622789,3020900,6.588084730138077
1386232,398132,2622828,3020960,6.5878351903388825
1386266,398148,2622889,3021037,6.587723660548339
1386278,398156,2622899,3021055,6.587616411657742
1386465,398165,2623977,3022142,6.590174927479814
1386707,398311,2624523,3022834,6.589130101855083
1386736,398327,2624565,3022892,6.588970870666563
1386743,398327,2624570,3022897,6.588983423167398
1386786,398340,2624617,3022957,6.5888863784706535
1386793,398342,2624623,3022965,6.588868359349504
1386920,398407,2624851,3023258,6.588365666265904
1386956,398419,2624889,3023308,6.588262607957954
1386975,398419,2624916,3023335,6.588330375810391
1386983,398420,2624926,3023346,6.588338938808293
1387008,398436,2625001,3023437,6.588262606792559
1387099,398461,2625212,3023673,6.588378787384462
1387220,398461,2625552,3024013,6.589232070390829
1387270,398491,2625621,3024112,6.5889091598053655
1387317,398531,2625700,3024231,6.588446068185411
1387412,398574,2625804,3024378,6.587996206476087
1388835,398858,2628692,3027550,6.590546008855282
1388869,398870,2628719,3027589,6.5904154235715895
1388915,398892,2628786,3027678,6.590219909148341
1389137,398987,2629137,3028124,6.589530485955683
1389341,399007,2629509,3028516,6.5901325039410334
1389769,399007,2630417,3029424,6.592408153240419
1389795,399007,2630456,3029463,6.592505895886538
1389892,399082,2630748,3029830,6.591998636871621
1389925,399082,2630748,3029830,6.591998636871621
1390049,399144,2630877,3030021,6.59129787745776
1392952,399395,2636970,3036365,6.602411146859625
1392993,399415,2637003,3036418,6.6021631636268046
1392994,399415,2637003,3036418,6.6021631636268046
1393052,399415,2637040,3036455,6.602255799106193
1393091,399427,2637081,3036508,6.602160094335135
1393226,399466,2637162,3036628,6.601718293922386
1393242,399466,2637162,3036628,6.601718293922386
1393294,399482,2637307,3036789,6.601816852824408
1393316,399482,2637346,3036828,6.601914479250629
1393339,399482,2637407,3036889,6.602067176994208
1393397,399505,2637494,3036999,6.601904857260861
1393507,399535,2637687,3037222,6.601892199682131
1393551,399561,2637779,3037340,6.601692857911558
1393597,399597,2637874,3037471,6.601335845864709
1393666,399655,2638012,3037667,6.600723123694186
1393753,399655,2638177,3037832,6.601135979782563
1393874,399655,2638517,3038172,6.601986713540429
1393897,399662,2638554,3038216,6.601963659292101
1393923,399675,2638598,3038273,6.601859010445987
1393969,399675,2638751,3038426,6.602241821479953
1393975,399683,2638757,3038440,6.602124683811921
1394008,399683,2638821,3038504,6.60228481071249
1394018,399689,2638840,3038529,6.602233236341255
1394103,399723,2639067,3038790,6.60223955088899
1394137,399737,2639109,3038846,6.602113389553631
1394234,399792,2639300,3039092,6.601682875095049
1394267,399798,2639326,3039124,6.601648832660493
1394290,399812,2639346,3039158,6.601467689814212
1394304,399815,2639362,3039177,6.601458174405662
1394330,399822,2639412,3039234,6.601467653105632
1394387,399869,2639542,3039411,6.601016833012812
1394419,399869,2639590,3039459,6.601136872325687
1394895,399987,2640000,3039987,6.600214506971477
1394939,399999,2640034,3040033,6.600101500253751
1395027,400048,2640126,3040174,6.599523057233132
1397607,400095,2644289,3044384,6.609152826203776
1397747,400095,2644552,3044647,6.609810170084605
1397822,400121,2644637,3044758,6.609593098087829
1397894,400152,2644797,3044949,6.609480897259042
1397903,400155,2644823,3044978,6.609496320175932
1397992,400208,2644934,3045142,6.60889837284612
1398260,400217,2646587,3046804,6.612880012593168
1398304,400233,2646659,3046892,6.612795546594109
1398400,400260,2646776,3047036,6.612641782841154
1398509,400271,2647158,3047429,6.6134144117360485
1399121,400271,2647897,3048168,6.615260660902239
1399130,400272,2647921,3048193,6.615304093216612
1399167,400272,2648026,3048298,6.61556641483791
1399180,400274,2648032,3048306,6.615548349380674
1399209,400274,2648059,3048333,6.615615803174825
1399222,400284,2648107,3048391,6.615570444984061
1399242,400285,2648113,3048398,6.615568907153653
1399381,400372,2648411,3048783,6.614875665630963
1399466,400398,2648587,3048985,6.614885688739704
1399477,400407,2648604,3049011,6.614779461897519
1399501,400418,2648624,3049042,6.614647693160647
1399529,400425,2648660,3049085,6.614621964163077
1399678,400429,2655250,3055679,6.631013238301922
1399694,400436,2655279,3055715,6.6309697429801515
1399702,400436,2655294,3055730,6.631007202149656
1399713,400443,2655304,3055747,6.630916260241782
1399723,400469,2655343,3055812,6.6305831412668645
1399757,400469,2655366,3055835,6.630640573927071
1399782,400476,2655394,3055870,6.630594592435003
1399863,400516,2655545,3056061,6.630309400872874
1399880,400519,2655611,3056130,6.630424524179877
1399904,400527,2655656,3056183,6.630404442147471
1400000,400577,2655746,3056323,6.629801511319921
1400067,400624,2655946,3056570,6.629522944207037
1400103,400634,2656012,3056646,6.629522207301427
1400214,400634,2656227,3056861,6.630058856712111
1400226,400637,2656254,3056891,6.630076603009707
1400267,400650,2656325,3056975,6.630038687133408
1400289,400656,2656372,3057028,6.630056707000519
1400734,400759,2656928,3057687,6.629740068220552
1402085,400765,2660021,3060786,6.63735855176974
1402128,400765,2660067,3060832,6.637473332252068
1402138,400773,2660103,3060876,6.637430665239425
1402147,400773,2660103,3060876,6.637430665239425
1402197,400774,2660185,3060959,6.6376187078004065
1402231,400774,2660257,3061031,6.637798360173065
1402235,400774,2660262,3061036,6.637810836032277
1402458,400774,2660740,3061514,6.639003528172985
1402488,400777,2660761,3061538,6.639006230397453
1402666,400786,2661217,3062003,6.639994910001846
1402712,400796,2661281,3062077,6.63998892204513
1402782,400796,2661409,3062205,6.640308286509845
1405181,400803,2666584,3067387,6.653103893932929
1405244,400822,2666664,3067486,6.65298810943511
1405356,400832,2666769,3067601,6.653084085102986
1405442,400861,2666867,3067728,6.6528472463023345
1405468,400869,2666893,3067762,6.652779336890605
1405483,400874,2666908,3067782,6.652733776697915
1405533,400887,2666947,3067834,6.652615325515669
1405603,400950,2667126,3068076,6.65201646090535
1405653,400974,2667219,3068193,6.651850244654267
1405671,400974,2667250,3068224,6.651927556400166
1405696,401001,2667356,3068357,6.65174401061344
1405743,401024,2667429,3068453,6.651544545962336
1406037,401197,2667889,3069086,6.649822904956917
1406092,401198,2667995,3069193,6.650070538736484
1406339,401333,2668529,3069862,6.649164160435349
1406370,401333,2668570,3069903,6.649266319988638
1406379,401335,2668586,3069921,6.649273051191648
1406398,401340,2668624,3069964,6.649284895599741
1406416,401347,2668654,3070001,6.64924367193476
1406607,401347,2669103,3070450,6.650362404602501
1406656,401364,2669169,3070533,6.650245163990792
1406679,401377,2669192,3070569,6.650087075243475
1406693,401388,2669232,3070620,6.6500044844389965
1406791,401388,2669522,3070910,6.650726977388462
1407692,401543,2671026,3072569,6.651905275400144
1407709,401553,2671039,3072592,6.6517719952285255
1407723,401553,2671061,3072614,6.651826782516879
1408344,401572,2671775,3073347,6.653290070024802
1408416,401621,2671911,3073532,6.652816959272548
1408443,401630,2671942,3073572,6.652745063864751
1408545,401654,2672127,3073781,6.652808138347932
1408743,401678,2672494,3074172,6.653324304542444
1408769,401684,2672527,3074211,6.653307077204967
1408801,401705,2672566,3074271,6.65305634731955
1408830,401712,2672594,3074306,6.653010116700521
1408983,401712,2672885,3074597,6.6537345162703625
1408989,401712,2672901,3074613,6.6537743457999765
1409005,401716,2672972,3074688,6.653884834061874
1409078,401746,2673064,3074810,6.65361696196104
1409117,401765,2673134,3074899,6.653476534790238
1409126,401765,2673165,3074930,6.653553694323796
1409134,401765,2673194,3074959,6.653625875822931
1409296,401765,2673696,3075461,6.654875362463131
1409342,401780,2673758,3075538,6.6547812235551795
1409366,401780,2673774,3075554,6.65482104634377
1409389,401789,2673839,3075628,6.654833756026173
1409508,401789,2674096,3075885,6.65547339523979
1409601,401789,2674282,3076071,6.655936324787389
1409650,401800,2674333,3076133,6.655881035340966
1410617,402380,2676525,3078905,6.6517346786619616
1410679,402409,2676630,3079039,6.651516243423979
1410741,402420,2676718,3079138,6.651553103722479
1410844,402459,2676848,3079307,6.651231554021652
1410863,402465,2676862,3079327,6.651167182239449
1410888,402465,2676862,3079327,6.651167182239449
1411046,402535,2677017,3079552,6.650395617772368
1411069,402539,2677044,3079583,6.65039660753368
1411207,402641,2677419,3080060,6.6496432305701605
1411278,402670,2677583,3080253,6.649571609506544
1411288,402675,2677592,3080267,6.64951139256224
1411357,402701,2677704,3080405,6.649360195281362
1411530,402850,2678217,3081067,6.6481742584088375
1411549,402858,2678254,3081112,6.648134081984223
1411570,402869,2678295,3081164,6.6480543303158095
1411877,402927,2678639,3081566,6.647951117696258
1411891,402927,2678665,3081592,6.648015645513952
1412349,402927,2679910,3082837,6.651105535245838
1412365,402930,2679933,3082863,6.651113096567642
1412373,402930,2679962,3082892,6.651185069366887
1412424,402938,2680062,3083000,6.6513011927393295
1412448,402946,2680107,3083053,6.651280816784383
1412513,402974,2680203,3083177,6.651056892007921
1412537,402974,2680256,3083230,6.651188414140862
1412550,402981,2680276,3083257,6.6511225094979665
1412566,402985,2680293,3083278,6.651098676129385
1412625,402997,2680371,3083368,6.651094176879728
1412674,403012,2680447,3083459,6.65103520490705
1412676,403012,2680449,3083461,6.651040167538436
1412732,403027,2680536,3083563,6.651008493227501
1412742,403027,2680552,3083579,6.651048192800979
1412907,403036,2681493,3084529,6.653234450520549
1413073,403036,2681908,3084944,6.654264135213728
1413091,403046,2681923,3084969,6.654136252437687
1413365,403055,2683606,3086661,6.658163277964546
1413408,403065,2683657,3086722,6.658124620098495
1413411,403068,2683663,3086731,6.658089950082864
1413448,403076,2683681,3086757,6.6580024610743385
1413472,403076,2683711,3086787,6.6580768887257
1413480,403081,2683727,3086808,6.658033993167626
1413489,403091,2683747,3086838,6.657918435291287
1413664,403158,2683965,3087123,6.6573527004301045
1413680,403167,2683986,3087153,6.657256174240451
1413863,403234,2684336,3087570,6.657018009394049
1413910,403234,2684430,3087664,6.657251124657147
1413946,403234,2684471,3087705,6.657352802591052
1413974,403252,2684513,3087765,6.657159790899983
1414010,403260,2684582,3087842,6.657198829539255
1414055,403280,2684678,3087958,6.657106724856179
1414091,403280,2684750,3088030,6.65728526086094
1414102,403282,2684771,3088053,6.657304318070234
1414122,403282,2684792,3088074,6.657356390813376
1414153,403290,2684808,3088098,6.657264003570631
1414163,403290,2684836,3088126,6.657333432517543
1414187,403300,2684875,3088175,6.657265063228366
1414258,403319,2685004,3088323,6.657271291459118
1414306,403326,2685074,3088400,6.657329306813843
1414371,403345,2685127,3088472,6.657147107315078
1414415,403354,2685262,3088616,6.657333260609787
1414479,403354,2685436,3088790,6.657764643464549
1414554,403368,2685587,3088955,6.65790791535273
1414556,403368,2685589,3088957,6.6579128736042525
1414599,403393,2685714,3089107,6.657810125609517
1414823,403469,2685973,3089442,6.6571979507719306
1414878,403481,2686060,3089541,6.657215581402842
1415955,403542,2687696,3091238,6.660263367877445
1415958,403543,2687699,3091242,6.6602542975593675
1416011,403581,2687789,3091370,6.659850191163608
1417137,403595,2689686,3093281,6.664319429130688
1417189,403632,2689802,3093434,6.6639959170729774
1417199,403632,2689806,3093438,6.664005827090023
1417261,403659,2689858,3093517,6.663688905734791
1417294,403682,2689976,3093658,6.6636015477529345
1417349,403682,2690072,3093754,6.663839358703138
1417509,403682,2690348,3094030,6.664523065184972
1417530,403687,2690389,3094076,6.664542083346752
1417560,403697,2690441,3094138,6.664505805096397
1417849,403740,2690755,3094495,6.664573735572398
1417902,403765,2690777,3094542,6.664215570938541
1417918,403765,2690803,3094568,6.664279964831028
1418192,403837,2691033,3094870,6.663661328704403
1418198,403837,2691049,3094886,6.6637009486500745
1418248,403847,2691126,3094973,6.663726609334724
1418281,403857,2691164,3095021,6.663655699913583
1418496,403866,2692435,3096301,6.666654286322691
1418507,403866,2692453,3096319,6.666698855561003
1418539,403870,2692564,3096434,6.6669076683091095
1418625,403929,2692674,3096603,6.666206189701655
1418682,403951,2692725,3096676,6.665969387376192
1418698,403956,2692764,3096720,6.66598342393726
1418725,403972,2692810,3096782,6.665833275573554
1418736,403973,2692819,3096792,6.665839053600116
1419671,403973,2694239,3098212,6.6693541400044065
1419697,403993,2694272,3098265,6.6691056528207175
1419817,404066,2694509,3098575,6.668487326327877
1419826,404066,2694525,3098591,6.668526923819376
1419854,404084,2694556,3098640,6.668306589718969
1419888,404085,2694595,3098680,6.668386601828823
1419920,404089,2694656,3098745,6.668471549584374
1420028,404138,2694769,3098907,6.667942633456889
1420045,404138,2694784,3098922,6.6679797494915105
1420119,404139,2694863,3099002,6.668158727566506
1421120,404608,2695917,3100525,6.663034344353052
1421176,404608,2696032,3100640,6.663318570072762
1421202,404636,2696064,3100700,6.662936565209225
1421358,404636,2696326,3100962,6.663584060736069
1421361,404638,2696350,3100988,6.66361043698318
1421510,404701,2696657,3101358,6.663331694263172
1421969,404886,2697449,3102335,6.662243199320303
1421983,404893,2697475,3102368,6.662192233503666
1422013,404917,2697523,3102440,6.661915898813831
1422047,404933,2697611,3102544,6.661869988368446
1422473,404933,2698424,3103357,6.663877727920421
1422548,404934,2698727,3103661,6.664609541307966
1422551,404938,2698740,3103678,6.664575811605728
1422567,404938,2698766,3103704,6.6646400189658666
1422610,404956,2698800,3103756,6.664427740297711
1422647,404982,2698875,3103857,6.664185074892218
1422684,404982,2698950,3103932,6.664370268308221
1422701,404982,2698999,3103981,6.66449126134001
1423011,405146,2699754,3104900,6.663657052025689
1423038,405165,2699785,3104950,6.663421075364358
1423072,405168,2699831,3104999,6.663485270307626
1423094,405168,2699884,3105052,6.663616080243257
1423150,405178,2699901,3105079,6.663493575663042
1423177,405196,2699954,3105150,6.663328364544566
1423304,405222,2700144,3105366,6.663369708456106
1423684,405222,2700860,3106082,6.66513664114979
1423798,405279,2701048,3106327,6.664663108623936
1423857,405294,2701094,3106388,6.6645299461625385
1423889,405308,2701142,3106450,6.664418170872522
1424213,405309,2701708,3107017,6.665798193477076
1424569,405421,2702419,3107840,6.665710459004344
1424614,405432,2702478,3107910,6.665675131711359
1424635,405446,2702508,3107954,6.665518959368202
1424665,405455,2702551,3108006,6.665477056640071
1424753,405467,2702733,3108200,6.665728653626559
1424789,405473,2702769,3108242,6.665718802484999
1424859,405487,2702909,3108396,6.665833923159066
1425116,405685,2703367,3109052,6.66370952832863
1425134,405707,2703420,3109127,6.663478815992822
1425166,405736,2703477,3109213,6.663143028964647
1425220,405766,2703584,3109350,6.6629140933444395
1425224,405766,2703591,3109357,6.662931344666631
1425250,405782,2703675,3109457,6.662875632728904
1425271,405803,2703704,3109507,6.662602297173752
1425293,405812,2703723,3109535,6.662501355307383
1425364,405821,2703772,3109593,6.662474342136065
1425671,405922,2704180,3110102,6.661821729297747
1425704,405946,2704231,3110177,6.66155350711671
1425743,405946,2704279,3110225,6.6616717494445075
1425744,405946,2704282,3110228,6.661679139589995
1425745,405946,2704294,3110240,6.661708700171944
1425772,405946,2704348,3110294,6.661841722790716
1425794,405946,2704363,3110309,6.661878673518153
1425822,405946,2704397,3110343,6.661962428500343
1425850,405955,2704410,3110365,6.661846756413889
1426008,405956,2704708,3110664,6.662564415848023
1426218,406132,2705020,3111152,6.6604453724404875
1426227,406142,2705036,3111178,6.660320774507438
1426588,406252,2705328,3111580,6.659236139145161
1426873,406400,2705745,3112145,6.657837106299213
1426934,406438,2705893,3112331,6.657578769701652
1426970,406453,2705952,3112405,6.657478232415556
1426973,406456,2705958,3112414,6.657443856161552
1426980,406456,2705972,3112428,6.65747830023422
1427004,406465,2706041,3112506,6.657500645812062
1427031,406473,2706068,3112541,6.657436041262273
1427078,406491,2706135,3112626,6.657306065816956
1427105,406499,2706222,3112721,6.657389071067826
1427300,406559,2706343,3112902,6.656704192995359
1427697,406563,2706376,3112939,6.656719868753428
1427785,406576,2706457,3113033,6.656706249262131
1427808,406590,2706482,3113072,6.656538527755233
1427829,406599,2706502,3113101,6.656440374914842
1427843,406606,2706528,3113134,6.6563897237128815
1427903,406615,2706633,3113248,6.656500620980535
1427911,406619,2706646,3113265,6.656467110489181
1428065,406651,2706877,3113528,6.656511357404752
1428122,406667,2706982,3113649,6.65650765860028
1428276,406758,2707296,3114054,6.65579042083991
1428395,406798,2707656,3114454,6.656020924389992
1428413,406798,2707666,3114464,6.656045506615077
1428479,406833,2707735,3114568,6.655642487212198
1428531,406871,2707850,3114721,6.655303523721278
1428654,406947,2708019,3114966,6.654475889980759
1428687,406977,2708101,3115078,6.654186845939697
1428711,406990,2708119,3115109,6.654018526253716
1428865,406995,2708588,3115583,6.6550891288590766
1428886,407008,2708621,3115629,6.6549576421102286
1428904,407025,2708649,3115674,6.654748479823107
1428947,407040,2708732,3115772,6.65470715408805
1428977,407049,2708775,3115824,6.654665654503511
1429004,407062,2708812,3115874,6.654544025234485
1429062,407062,2708849,3115911,6.654634920478944
1429105,407062,2708957,3116019,6.654900236327635
1429181,407107,2709048,3116155,6.6543881583957045
1429912,407360,2711497,3118857,6.656267183817754
1429934,407361,2711502,3118863,6.656263117971529
1429995,407372,2711564,3118936,6.656235578292077
1430000,407373,2711568,3118941,6.656229057890434
1430028,407373,2711610,3118983,6.656332157506757
1430191,407373,2712028,3119401,6.657358244164439
1430354,407418,2712241,3119659,6.657145732392776
1430364,407418,2712257,3119675,6.657185004098984
1430403,407418,2712305,3119723,6.65730281921761
1430577,407521,2712617,3120138,6.65638580588485
1430612,407536,2712701,3120237,6.65634692395273
1430639,407538,2712716,3120254,6.656351064195241
1430753,407558,2712988,3120546,6.656691808282502
1430774,407560,2713011,3120571,6.656715575620767
1430932,407648,2713290,3120938,6.655962987675641
1430980,407648,2713433,3121081,6.656313780516524
1430996,407653,2713446,3121099,6.656264028475198
1431582,408013,2714592,3122605,6.65319977549735
1431600,408021,2714633,3122654,6.65316981233809
1431616,408021,2714659,3122680,6.653233534548467
1431631,408021,2714666,3122687,6.653250690528184
1431662,408035,2714727,3122762,6.653171909272489
1431842,408121,2714968,3123089,6.652360451924797
1431843,408121,2714974,3123095,6.65237515344714
1431854,408121,2714984,3123105,6.652399655984377
1431996,408174,2715405,3123579,6.652567287480339
1432054,408197,2715483,3123680,6.652383530501204
1432110,408197,2715675,3123872,6.652853891625857
1432337,408197,2715712,3123909,6.652944534134254
1432349,408197,2715747,3123944,6.653030277047602
1432353,408198,2715750,3123948,6.653021327884997
1432358,408203,2715759,3123962,6.652961884160577
1432406,408213,2715788,3124001,6.652869947796861
1432448,408227,2715866,3124093,6.652832860148888
1432738,408451,2716479,3124930,6.6506851495038575
1432872,408552,2717007,3125559,6.650333372496035
1432895,408554,2717018,3125572,6.650327741253299
1433158,408623,2717231,3125854,6.649726031084888
1433171,408630,2717273,3125903,6.649714901010694
1433202,408630,2717353,3125983,6.6499106771406895
1433423,408713,2717809,3126522,6.649675933968335
1433453,408723,2717851,3126574,6.649615999099635
1433461,408723,2717851,3126574,6.649615999099635
1433491,408731,2717907,3126638,6.649622857086935
1433524,408750,2717974,3126724,6.649477675840979
1433563,408754,2718054,3126808,6.649608321875749
1433573,408754,2718070,3126824,6.649647465223582
1433622,408772,2718147,3126919,6.649543021537679
1433659,408787,2718200,3126987,6.649428675569428
1433668,408789,2718220,3127009,6.649445068238138
1433697,408801,2718263,3127064,6.649355065178412
1433715,408801,2718273,3127074,6.649379526958104
1433768,408808,2718346,3127154,6.649444237881842
1433803,408808,2718439,3127247,6.649671728537602
1433811,408813,2718451,3127264,6.649619752796511
1433826,408817,2718473,3127290,6.649608504538706
1433874,408864,2718582,3127446,6.649110706738671
1433889,408874,2718598,3127472,6.648987218556328
1433896,408878,2718601,3127479,6.648929509535852
1434078,408890,2718811,3127701,6.649247964000097
1434142,408908,2718911,3127819,6.649199820008413
1434149,408912,2718925,3127837,6.649169014360058
1434163,408912,2718947,3127859,6.64922281566694
1434192,408923,2718986,3127909,6.649139324518308
1434313,408979,2719168,3128147,6.648673892791561
1434328,408985,2719190,3128175,6.648630145359855
1434400,409024,2719340,3128364,6.6483629322484745
1434409,409030,2719362,3128392,6.648319194191135
1434445,409030,2719434,3128464,6.648495220399481
1434490,409060,2719521,3128581,6.648220309978976
1434558,409103,2719683,3128786,6.647917517104495
1434599,409103,2719736,3128839,6.648047068831077
1434700,409152,2719837,3128989,6.647497751446895
1434713,409158,2719854,3129012,6.647441819541595
1434729,409160,2719871,3129031,6.647450874963339
1434931,409251,2720084,3129335,6.646493227872382
1434942,409253,2720107,3129360,6.646516946729774
1435221,409349,2720546,3129895,6.646030648664098
1435224,409349,2720555,3129904,6.646052634793294
1435269,409349,2720616,3129965,6.6462016518911735
1435285,409349,2720642,3129991,6.646265167375516
1435302,409365,2720685,3130050,6.646110439338976
1435312,409376,2720723,3130099,6.646024681466427
1435337,409386,2720769,3130155,6.645974703580484
1435662,409414,2721347,3130761,6.646931956405985
1435725,409414,2721448,3130862,6.647178650461391
1435755,409427,2721548,3130975,6.647211835076827
1435828,409429,2721557,3130986,6.647201346265164
1435840,409429,2721572,3131001,6.647237982653891
1436103,409605,2721946,3131551,6.645294857240512
1436132,409609,2721980,3131589,6.645312969197454
1436185,409636,2722127,3131763,6.645233817340273
1436675,409825,2722752,3132577,6.643694259745013
1436685,409827,2722760,3132587,6.643681358231644
1436763,409873,2722879,3132752,6.64322607246635
1436932,409963,2723179,3133142,6.642499445071873
1437209,410153,2723869,3134022,6.641104660943599
1437660,410455,2724890,3135345,6.638705826460879
1437664,410455,2724892,3135347,6.638710699102216
1437705,410467,2724921,3135388,6.638587267673162
1438044,410467,2725760,3136227,6.640631280955595
1438055,410472,2725778,3136250,6.640594242725448
1438103,410497,2725842,3136339,6.6403457272525745
1438188,410525,2725953,3136478,6.6401632056513
1438197,410525,2725957,3136482,6.640172949272273
1438248,410534,2726012,3136546,6.640161350825998
1438362,410534,2726265,3136799,6.640777621341959
1438484,410600,2726630,3137230,6.640599123234291
1438517,410600,2726661,3137261,6.640674622503653
1438541,410609,2726686,3137295,6.6405899529722925
1438611,410627,2726764,3137391,6.640488813448702
1438644,410637,2726796,3137433,6.640405029259419
1438652,410650,2726820,3137470,6.640253257031535
1438674,410665,2726849,3137514,6.6400813314989104
1438812,410774,2727061,3137835,6.638835466704319
1439385,410799,2727847,3138646,6.640344791491703
1439436,410838,2727950,3138788,6.639965144412153
1439488,410856,2728019,3138875,6.6398421831493275
1439631,410944,2728325,3139269,6.639164947048746
1439826,410944,2728612,3139556,6.639863339043763
1439848,410944,2728658,3139602,6.639975276436692
1439934,410979,2728706,3139685,6.639526593816229
1439947,410985,2728717,3139702,6.639456427850165
1440025,410985,2728874,3139859,6.639838436925922
1440061,410996,2728901,3139897,6.639726420695092
1440076,411001,2728911,3139912,6.639669976472077
1441945,411004,2732915,3143919,6.649363509844187
1441961,411013,2732939,3143952,6.649276300263009
1441985,411024,2732975,3143999,6.649185935614465
1441994,411026,2732991,3144017,6.649192508503112
1442024,411034,2733037,3144071,6.649175007420311
1442080,411054,2733093,3144147,6.648987724240611
1442216,411054,2733322,3144376,6.649544828659981
1442259,411067,2733451,3144518,6.6496483541612434
1442269,411070,2733472,3144542,6.64965091103705
1442316,411102,2733536,3144638,6.649288984242354
1442418,411179,2733775,3144954,6.648625051376651
1442659,411297,2734345,3145642,6.648103438634369
1442685,411303,2734379,3145682,6.648089121645113
1442883,411383,2734595,3145978,6.647321352608153
1442942,411383,2734844,3146227,6.647926627984141
1442945,411383,2734851,3146234,6.647943643757763
1442963,411400,2734880,3146280,6.647739426349052
1442999,411405,2734888,3146293,6.647678078778819
1443023,411405,2734950,3146355,6.647828781857294
1443062,411410,2734965,3146375,6.647784448603582
1443071,411412,2734990,3146402,6.647812898019503
1443121,411431,2735056,3146487,6.647666315858552
1443221,411456,2735267,3146723,6.64777521776326
1443409,411514,2735497,3147011,6.647397172392677
1443411,411514,2735502,3147016,6.647409322647589
1443603,411606,2736003,3147609,6.647140712234515
1443625,411618,2736049,3147667,6.6470586806213525
1443665,411640,2736099,3147739,6.646824895539792
1443712,411667,2736185,3147852,6.6465978570057835
1443897,411676,2737250,3148926,6.649039535945744
1443926,411684,2737290,3148974,6.649007491182558
1443937,411691,2737311,3149002,6.6489454469492895
1444017,411716,2737375,3149091,6.648697160178376
1444548,411716,2737984,3149700,6.650176335143643
1444619,411731,2738119,3149850,6.650261942870467
1444981,411986,2738873,3150859,6.64797590209376
1445138,411986,2739052,3151038,6.648410382877088
1445169,411996,2739078,3151074,6.648312119535141
1445204,412014,2739107,3151121,6.648092055124341
1445357,412089,2739306,3151395,6.647365010956371
1445419,412121,2739391,3151512,6.647055112454837
1445470,412151,2739459,3151610,6.646736268988793
1445581,412207,2739674,3151881,6.646354865395299
1445624,412215,2739741,3151956,6.64638841381318
1445660,412231,2739834,3152065,6.646356047943993
1445696,412243,2739896,3152139,6.6463129755993435
1445723,412243,2739915,3152158,6.646359064920447
1446118,412243,2740573,3152816,6.647955210882902
1446133,412251,2740591,3152842,6.647869865688622
1446516,412314,2740812,3153126,6.647390095897786
1446577,412323,2740911,3153234,6.647485102698613
1446605,412323,2740931,3153254,6.647533608360436
1446627,412323,2740965,3153288,6.647616067985536
1446659,412345,2741033,3153378,6.64742630564212
1446695,412365,2741066,3153431,6.647183926860912
1446739,412377,2741146,3153523,6.647184493800576
1446798,412394,2741244,3153638,6.647148115636988
1446871,412394,2741366,3153760,6.647443949233015
1446897,412404,2741390,3153794,6.647340956925733
1446903,412404,2741406,3153810,6.6473797538336195
1447089,412404,2741758,3154162,6.648233285807121
1447105,412404,2741784,3154188,6.648296330782436
1447178,412432,2741857,3154289,6.648021976956201
1447195,412432,2741857,3154289,6.648021976956201
1447403,412493,2742010,3154503,6.647409774226472
1448233,412517,2743582,3156099,6.650833783819818
1448276,412540,2743689,3156229,6.650722354195957
1448305,412547,2743708,3156255,6.650655561669337
1448314,412549,2743732,3156281,6.650681494804253
1448345,412557,2743787,3156344,6.650685844622682
1448362,412564,2743808,3156372,6.650623903200473
1448400,412570,2743854,3156424,6.650638679496812
1448402,412570,2743856,3156426,6.650643527159027
1448420,412574,2743906,3156480,6.650700238017907
1448461,412574,2743959,3156533,6.650828699821123
1448506,412587,2744018,3156605,6.650762142287566
1448579,412655,2744219,3156874,6.6501532757388135
1448721,412739,2744477,3157216,6.649424939247321
1448750,412748,2744505,3157253,6.649347786058321
1448852,412765,2744671,3157436,6.649476094145579
1448868,412765,2744697,3157462,6.649539083982411
1448887,412780,2744716,3157496,6.649343475943602
1448934,412789,2744835,3157624,6.649486783804801
1448960,412803,2744870,3157673,6.6493460561090885
1448997,412809,2744948,3157757,6.6494383601132725
1449035,412818,2744986,3157804,6.64938544346419
1449078,412832,2745059,3157891,6.649336776218898
1449088,412839,2745075,3157914,6.649262787672677
1449109,412848,2745096,3157944,6.6491687013138
1449153,412854,2745122,3157976,6.649135045318684
1449178,412867,2745162,3158029,6.649022566589241
1449380,412892,2745443,3158335,6.649300543483526
1449451,412941,2745595,3158536,6.648879622028328
1449779,412995,2746198,3159193,6.649470332570612
1449895,413068,2746466,3159534,6.648943999535185
1449919,413076,2746492,3159568,6.6488781725396775
1449961,413099,2746547,3159646,6.648641124766702
1450013,413103,2746627,3159730,6.648770403507116
1451011,413458,2747881,3161339,6.6460946456472
1451042,413466,2747887,3161353,6.645980564302748
1451484,413466,2748935,3162401,6.648515234626306
1451605,413466,2749117,3162583,6.648955415922954
1451870,413492,2749833,3163325,6.65026892902402
1451878,413492,2749833,3163325,6.65026892902402
1452051,413585,2750196,3163781,6.649651220426272
1452091,413600,2750274,3163874,6.649598646034816
1452222,413634,2750373,3164007,6.649291402544279
1452497,413676,2750665,3164341,6.649322174842147
1452549,413688,2750798,3164486,6.649450793834967
1452579,413688,2750853,3164541,6.649583744271045
1452631,413700,2750912,3164612,6.649533478365965
1452683,413700,2750970,3164670,6.64967367657723
1452740,413722,2751059,3164781,6.64953519513103
1453026,413840,2751535,3165375,6.6487893872027835
1453866,414237,2753292,3167529,6.646658796775759
1453912,414255,2753403,3167658,6.64663794039903
1453934,414255,2753416,3167671,6.646669322035944
1453940,414255,2753423,3167678,6.646686219840436
1453978,414272,2753486,3167758,6.646565541479994
1454074,414304,2753600,3167904,6.646327334517649
1454083,414306,2753615,3167921,6.6463314554942485
1454248,414306,2753863,3168169,6.646930046873567
1454259,414307,2753875,3168182,6.646942967413054
1454348,414307,2753960,3168267,6.647148129285771
1454399,414325,2754117,3168442,6.647238279128703
1454447,414363,2754187,3168550,6.646797614651887
1454504,414381,2754326,3168707,6.646844329252548
1454518,414390,2754354,3168744,6.646767537826685
1454526,414400,2754361,3168761,6.646624034749035
1454700,414491,2754777,3169268,6.6461684330902235
1454724,414497,2754803,3169300,6.6461349539321155
1454881,414500,2754999,3169499,6.6465597104945715
1454932,414500,2755025,3169525,6.646622436670688
1455056,414585,2755212,3169797,6.645710771011976
1455112,414610,2755334,3169944,6.645604302838812
1455270,414610,2755583,3170193,6.646204867224621
1455355,414617,2755773,3170390,6.646550913252471
1455405,414617,2755952,3170569,6.646982636987871
1455422,414630,2756061,3170691,6.647037117429998
1455445,414634,2756086,3170720,6.647033287188219
1455464,414643,2756119,3170762,6.646968597082309
1455497,414656,2756206,3170862,6.646970018521377
1455527,414665,2756252,3170917,6.646936683829115
1455535,414666,2756260,3170926,6.646939946848789
1455787,414685,2756673,3171358,6.647631334627488
1455950,414694,2757605,3172299,6.6497345030311505
1455988,414707,2757650,3172357,6.649634561268559
1456009,414718,2757695,3172413,6.6495666935122175
1456207,414718,2757852,3172570,6.649945264010725
1456283,414749,2757905,3172654,6.649576008622082
1456583,414778,2758339,3173117,6.650157433615091
1456617,414797,2758393,3173190,6.649983003734357
1456899,414932,2759181,3174113,6.649718508092892
1456921,414940,2759207,3174147,6.649652961874006
1456976,414956,2759359,3174315,6.649762866424392
1457051,414975,2759467,3174442,6.6497186577504666
1457069,414975,2759477,3174452,6.649742755587686
1457191,414975,2759713,3174688,6.650311464546057
1457393,414978,2760184,3175162,6.651398387384392
1457421,414985,2760203,3175188,6.651331975854549
1457443,414987,2760207,3175194,6.6513095590946225
1457468,414998,2760234,3175232,6.651198319028044
1457530,415006,2760342,3175348,6.65133034221192
1457790,415062,2761018,3176080,6.652061619709826
1457924,415077,2761258,3176335,6.652399434321825
1459276,415091,2762218,3177309,6.65448781110648
1459293,415101,2762243,3177344,6.654387727324194
1459567,415130,2762364,3177494,6.654214342495122
1459608,415157,2762445,3177602,6.653976688337183
1459676,415175,2762484,3177659,6.65378214006142
1459729,415188,2762541,3177729,6.653711089915894
1459800,415188,2762668,3177856,6.65401697544245
1459873,415188,2762766,3177954,6.654253013092864
1459887,415196,2762809,3178005,6.65422836443511
1460066,415228,2763026,3178254,6.654238153496392
1460193,415234,2763159,3178393,6.654462303183266
1460233,415259,2763195,3178454,6.65414837486966
1460251,415267,2763255,3178522,6.654164669959328
1460268,415273,2763285,3178558,6.654140770047656
1460295,415276,2763298,3178574,6.654124004276674
1460306,415288,2763318,3178606,6.653979888655583
1460317,415288,2763328,3178616,6.654003968330412
1460335,415295,2763365,3178660,6.65398090513972
1460472,415361,2763645,3179006,6.653597713795951
1460510,415367,2763707,3179074,6.6536508677868005
1460536,415373,2763743,3179116,6.653641425899131
1460666,415392,2763951,3179343,6.653837820660966
1460708,415411,2764008,3179419,6.653670702027631
1460788,415411,2764102,3179513,6.653896983950834
1460798,415411,2764118,3179529,6.653935500022869
1460848,415437,2764190,3179627,6.653692376942834
1460905,415446,2764219,3179665,6.653618039408251
1461232,415446,2765042,3180488,6.655599042956244
1461264,415461,2765146,3180607,6.655609070406127
1461303,415469,2765241,3180710,6.655709571592586
1461426,415560,2765461,3181021,6.654781499663105
1461504,415626,2765647,3181273,6.65417226063817
1461519,415626,2765670,3181296,6.65422759885089
1461542,415630,2765714,3181344,6.654269422322739
1461557,415638,2765731,3181369,6.654182245126769
1461992,415644,2767160,3182804,6.657524227463887
1462188,415653,2768308,3183961,6.660141993441645
1462566,415735,2768754,3184489,6.659901138946685
1462595,415735,2768801,3184536,6.6600141917327145
1462716,415735,2768983,3184718,6.6604519706062755
1462782,415741,2768997,3184738,6.6603895213606545
1463041,415759,2769311,3185070,6.660856409602679
1463055,415763,2769335,3185098,6.6608500515918925
1463096,415783,2769426,3185209,6.660748515451569
1463172,415835,2769601,3185436,6.660336431517308
1463239,415846,2769656,3185502,6.660292512131895
1463360,415890,2769813,3185703,6.659965375459858
1463457,415911,2769856,3185767,6.659732490845397
1464376,416178,2770925,3187103,6.6580285358668645
1464395,416178,2770946,3187124,6.658078995045389
1464479,416178,2771082,3187260,6.658405778296786
1465540,416501,2772468,3188969,6.656569852173224
1465784,416612,2773223,3189835,6.656608547041372
1466486,416612,2773223,3189835,6.656608547041372
1466926,416797,2774228,3191025,6.656065182810817
1467065,416797,2774228,3191025,6.656065182810817
1467082,416797,2774273,3191070,6.65617314903898
1467153,416797,2774469,3191266,6.656643401943872
1467228,416814,2774584,3191398,6.656647809334619
1467247,416819,2774591,3191410,6.656584752614444
1467257,416830,2774613,3191443,6.656461866948156
1467313,416863,2774732,3191595,6.656220388952725
1467329,416865,2774739,3191604,6.6562052463027594
1467341,416872,2774765,3191637,6.656155846398895
1467349,416878,2774775,3191653,6.656084034177865
1467368,416891,2774791,3191682,6.65591485544183
1467387,416891,2774824,3191715,6.655994012823496
1467390,416891,2774833,3191724,6.6560156012003135
1467653,416891,2775283,3192174,6.65709502004121
1467858,416959,2775741,3192700,6.657107773186333
1467903,416973,2775798,3192771,6.657020958191538
1467918,416973,2775824,3192797,6.657083312348761
1468054,417016,2776061,3193077,6.656965200376005
1468466,417200,2776956,3194156,6.6561744966442955
1468527,417214,2777050,3194264,6.65617644661972
1468616,417253,2777158,3194411,6.655813139749744
1468966,417267,2777544,3194811,6.656514893341673
1470682,417288,2780998,3198286,6.6644571614808
1471074,417422,2781656,3199078,6.663894092788593
1471077,417423,2781671,3199094,6.663914063192493
1471183,417455,2781858,3199313,6.663851193541819
1471225,417462,2781882,3199344,6.663796944392543
1471234,417464,2781903,3199367,6.663815322997912
1471243,417467,2781916,3199383,6.663798575695804
1471336,417489,2782116,3199605,6.6639264747095135
1471353,417499,2782139,3199638,6.66382194927413
1471378,417516,2782160,3199676,6.663600915893044
1471507,417516,2782543,3200059,6.664518246007338
1471528,417524,2782569,3200093,6.664452821873713
1471560,417534,2782602,3200136,6.664372242739513
1471562,417534,2782606,3200140,6.664381822797664
1471605,417558,2782668,3200226,6.664147256189559
1471646,417558,2782747,3200305,6.66433645146303
1471672,417558,2782773,3200331,6.664398718261894
1471699,417558,2782805,3200363,6.664475354322034
1471730,417569,2782844,3200413,6.6643931901075035
1471750,417573,2782871,3200444,6.664394010149124
1471824,417590,2782990,3200580,6.664407672597524
1471837,417597,2783004,3200601,6.664329485125611
1471838,417597,2783009,3200606,6.664341458391703
1472037,417749,2783369,3201118,6.662778366914104
1472062,417757,2783417,3201174,6.6627656747822295
1472103,417788,2783490,3201278,6.662446025256829
1472130,417788,2783560,3201348,6.662613574348713
1472191,417805,2783656,3201461,6.662572252605881
1472201,417810,2783680,3201490,6.662549962901798
1472235,417819,2783722,3201541,6.662506970721772
1472265,417828,2783827,3201655,6.662614760140536
1472297,417831,2783849,3201680,6.662619575857224
1472471,417831,2784264,3202095,6.663612800390588
1472598,417936,2784507,3202443,6.662520098771104
1472667,417975,2784577,3202552,6.662065913033076
1472969,418120,2785001,3203121,6.660769635511336
1473420,418120,2785942,3204062,6.663020185592653
1473472,418147,2786027,3204174,6.662793228218784
1473497,418165,2786086,3204251,6.6626475195198065
1473637,418165,2786349,3204514,6.6632764578575445
1473648,418168,2786361,3204529,6.663257351112471
1473670,418170,2786368,3204538,6.663242222062798
1473700,418181,2786423,3204604,6.66319847147527
1473775,418201,2786457,3204658,6.662961112001167
1473787,418213,2786511,3204724,6.662899049049169
1475129,418227,2789793,3208020,6.670523423882246
1475184,418240,2789957,3208197,6.670708205814843
1475239,418267,2790028,3208295,6.670447345834121
1475316,418292,2790098,3208390,6.670216021343942
1475427,418299,2790284,3208583,6.670549057014241
1475464,418320,2790428,3208748,6.670558424172882
1475603,418349,2790505,3208854,6.670280077160457
1475611,418353,2790513,3208866,6.670235423195244
1476403,418353,2792446,3210799,6.674855923107997
1476425,418355,2792453,3210808,6.6748407453000445
1476486,418367,2792534,3210901,6.674842901089235
1476500,418379,2792560,3210939,6.6747135970017615
1476521,418384,2792568,3210952,6.674652950399633
1476566,418410,2792589,3210999,6.674288377428838
1476574,418410,2792593,3211003,6.6742979374297935
1476648,418465,2792795,3211260,6.673903432784104
1476701,418479,2792903,3211382,6.673938238238956
1476783,418516,2793066,3211582,6.673737682669241
1476806,418532,2793083,3211615,6.673523171465981
1476817,418532,2793095,3211627,6.673551843108771
1477620,418769,2794054,3212823,6.672065028691235
1477916,418787,2794540,3213327,6.6729387492926
1478057,418787,2794540,3213327,6.6729387492926
1478066,418789,2794565,3213354,6.672966577441146
1478068,418789,2794567,3213356,6.67297135311577
1479145,419437,2796416,3215853,6.667070382441225
1479201,419453,2796536,3215989,6.667102154472611
1479244,419460,2796594,3216054,6.667129166070662
1479319,419460,2796761,3216221,6.667527297000906
1479331,419480,2796786,3216266,6.667268999713931
1479355,419482,2796834,3216316,6.667351638449325
1479359,419482,2796843,3216325,6.667373093481961
1479628,419482,2797359,3216841,6.668603182019729
1479733,419516,2797450,3216966,6.668279636533529
1479739,419520,2797469,3216989,6.668261346300534
1479833,419568,2797547,3217115,6.667684380124318
1480114,419568,2797908,3217476,6.668544788925752
1480154,419573,2798003,3217576,6.668691741365627
1480320,419573,2798418,3217991,6.6696808421895595
1480363,419596,2798478,3218074,6.669458240783992
1480408,419630,2798540,3218170,6.669065605414294
1480470,419652,2798625,3218277,6.668918532498356
1480516,419666,2798703,3218369,6.6688819203843055
1480661,419754,2799003,3218757,6.668198516273818
1480713,419754,2799043,3218797,6.6682938101840605
1480772,419780,2799190,3218970,6.668230978131402
1480808,419783,2799232,3219015,6.6682833749818355
1481130,419803,2800037,3219840,6.669883254764735
1481156,419813,2800083,3219896,6.669833949877684
1481298,419887,2800240,3220127,6.669032382521964
1481353,419906,2800345,3220251,6.668980676627626
1481850,419936,2800698,3220634,6.66934485254896
1481894,420004,2800741,3220745,6.66836744411958
1481967,420004,2800863,3220867,6.6686579175436425
1481973,420008,2800882,3220890,6.668639644959144
1482041,420064,2801010,3221074,6.668055343947589
1482054,420067,2801026,3221093,6.668045811739556
1482100,420067,2801145,3221212,6.668329099881686
1482113,420067,2801176,3221243,6.668402897632997
1482137,420068,2801212,3221280,6.66847272346382
1482470,420263,2801766,3222029,6.666696806523534
1482491,420263,2801795,3222058,6.666765810932678
1483254,420273,2803376,3223649,6.670369022040435
1483280,420279,2803422,3223701,6.670383245415545
1483284,420284,2803441,3223725,6.67034909727708
1483293,420284,2803441,3223725,6.67034909727708
1483306,420291,2803452,3223743,6.670264174107939
1483517,420414,2803739,3224153,6.668995323657157
1483555,420426,2803814,3224240,6.668983364492205
1483561,420427,2803839,3224266,6.669026965442277
1483586,420441,2803921,3224362,6.668999931024805
1483599,420448,2803951,3224399,6.668960251921759
1483622,420455,2803974,3224429,6.6689039255092695
1483633,420455,2803984,3224439,6.668927709267341
1483683,420477,2804035,3224512,6.668700071585366
1483792,420477,2804239,3224716,6.669185234864214
1488936,420571,2833815,3254386,6.738018075426028
1488967,420590,2833852,3254442,6.7378016595734564
1488991,420605,2833888,3254493,6.737646960925334
1489045,420625,2833937,3254562,6.73744309063893
1489103,420637,2834032,3254669,6.737476731718798
1489121,420662,2834068,3254730,6.737161901954538
1489144,420680,2834120,3254800,6.736997242559665
1489168,420695,2834155,3254850,6.736840228669226
1489200,420705,2834186,3254891,6.7367537823415455
1489230,420710,2834256,3254966,6.736840103634332
1489293,420718,2834489,3255207,6.737265817008067
1489310,420718,2834507,3255225,6.737308601010653
1489313,420718,2834512,3255230,6.737320485455816
1489343,420741,2834587,3255328,6.737130443669621
1489414,420741,2834714,3255455,6.737432292075172
1489466,420773,2834790,3255563,6.737100526887419
1489495,420785,2834821,3255606,6.736982069227753
1489541,420809,2834908,3255717,6.736804583552158
1489666,420863,2835100,3255963,6.736396404530691
1489683,420864,2835103,3255967,6.736387526611922
1489839,420864,2835246,3256110,6.736727303832117
1489890,420864,2835362,3256226,6.737002927311435
1489924,420871,2835418,3256289,6.737023933699399
1490653,420871,2836255,3257126,6.7390126665890495
1490681,420872,2836281,3257153,6.739058431066928
1490704,420877,2836308,3257185,6.739042523112453
1490741,420877,2836376,3257253,6.739204090506252
1490852,420877,2836640,3257517,6.739831352152767
1490982,420945,2836978,3257923,6.73954554633028
1490995,420952,2837001,3257953,6.7394881126589254
1491045,420967,2837033,3258000,6.739323985015453
1491084,420986,2837099,3258085,6.739176599696902
1491116,420993,2837137,3258130,6.739154807799655
1491227,421029,2837253,3258282,6.73885409318598
1491363,421091,2837504,3258595,6.738457958018576
1491368,421094,2837515,3258609,6.738436073655763
1491462,421137,2837672,3258809,6.738120849034875
1491774,421189,2838202,3259391,6.738547302992243
1492200,421189,2839015,3260204,6.740477552832576
1492266,421239,2839204,3260443,6.74012615166212
1492332,421285,2839325,3260610,6.739677415526306
1492341,421285,2839336,3260621,6.739703526116524
1492430,421338,2839504,3260842,6.7392544702827655
1492484,421374,2839583,3260957,6.738866185384006
1492564,421416,2839665,3261081,6.73838914516772
1492795,421421,2840477,3261898,6.740236011019859
1492810,421427,2840512,3261939,6.74022309913698
1492906,421492,2840711,3262203,6.739655794178774
1492935,421514,2840752,3262266,6.739401301024403
1493039,421523,2840992,3262515,6.739826771018426
1493066,421525,2841021,3262546,6.73986359053437
1493115,421543,2841131,3262674,6.73983674263361
1493138,421551,2841150,3262701,6.73975390877972
1493239,421551,2841329,3262880,6.740178531186025
1493375,421635,2841531,3263166,6.739314810203138
1493391,421635,2841557,3263192,6.7393764749131355
1493412,421641,2841573,3263214,6.739318519783418
1493445,421649,2841632,3263281,6.739330580648834
1493457,421649,2841647,3263296,6.739366155261841
1493462,421649,2841669,3263318,6.739418331360919
1493531,421675,2841724,3263399,6.739133218711093
1493534,421675,2841733,3263408,6.7391545621628035
1493606,421675,2841870,3263545,6.739479456927729
1493690,421696,2841946,3263642,6.739324062831993
1493719,421703,2841968,3263671,6.739264363782093
1493723,421703,2841977,3263680,6.739285705816653
1493844,421727,2842239,3263966,6.739523435777174
1493998,421809,2842438,3264247,6.738685044652912
1494024,421817,2842480,3264297,6.738656810891927
1494455,422059,2843708,3265767,6.737702548695799
1494500,422079,2843819,3265898,6.737646270011064
1494515,422079,2843826,3265905,6.737662854584094
1496669,422789,2845658,3268447,6.730681261811447
1496734,422810,2845719,3268529,6.730491237198741
1496768,422818,2845790,3268608,6.730531812742125
1496771,422819,2845793,3268612,6.7305229897426555
1519925,422821,2915249,3338070,6.894759248003292
1519971,422840,2915305,3338145,6.894581874940876
1519992,422847,2915357,3338204,6.894590714844849
1520038,422884,2915449,3338333,6.894205030221054
1520067,422884,2915489,3338373,6.894299618807994
1520168,422948,2915731,3338679,6.893828555756263
1520203,422961,2915772,3338733,6.893713604800443
1520238,422961,2915824,3338785,6.893836547577672
1520259,422961,2915853,3338814,6.89390511181882
1520310,422999,2915909,3338908,6.893418187749853
1520347,423006,2915964,3338970,6.893434135686019
1520358,423011,2915971,3338982,6.893369203164929
1520374,423016,2915976,3338992,6.893299544225277
1520524,423040,2916314,3339354,6.893707450832073
1520562,423055,2916366,3339421,6.893585940362364
1520568,423057,2916372,3339429,6.893567533452939
1520622,423081,2916472,3339553,6.8934128452943995
1520712,423110,2916558,3339668,6.893143626952802
1520731,423110,2916605,3339715,6.893254709177283
1520752,423115,2916626,3339741,6.893222882667833
1520817,423139,2916697,3339836,6.89299969986222
1520833,423139,2916723,3339862,6.89306114539194
1520893,423139,2916772,3339911,6.893176946582565
1520896,423139,2916781,3339920,6.893198216189006
1520916,423139,2916802,3339941,6.893247845270703
1520928,423143,2916813,3339956,6.893208678862702
1521138,423219,2917157,3340376,6.8927836415661865
1521398,423344,2917545,3340889,6.891664934426849
1521439,423358,2917602,3340960,6.891571672201777
1521456,423381,2917658,3341039,6.891329558955173
1521747,423528,2918607,3342135,6.891178387261291
1521790,423537,2918648,3342185,6.891128756165341
1521945,423551,2918955,3342506,6.891625801851489
1522358,423775,2919834,3343609,6.89005722376261
1522822,423776,2920368,3344144,6.891301064713433
1522866,423821,2920440,3344261,6.890739250768603
1522897,423837,2920498,3344335,6.890615967931068
1522958,423844,2920513,3344357,6.890537556270703
1522973,423844,2920520,3344364,6.890554071781127
1523002,423852,2920563,3344415,6.890525466436397
1523019,423856,2920578,3344434,6.8904958287720355
1523059,423885,2920655,3344540,6.8902060700425825
1523071,423890,2920670,3344560,6.890160183066362
1523157,423940,2920904,3344844,6.889899514082181
1523298,423960,2920963,3344923,6.889713652231342
1523727,424049,2921209,3345258,6.88884775108537
1523994,424049,2921866,3345915,6.890397100335103
1525759,424373,2925086,3349459,6.892724089421335
1525768,424379,2925100,3349479,6.892659627361391
1525796,424379,2925158,3349537,6.892796297649036
1525806,424379,2925174,3349553,6.892833999797351
1525811,424381,2925181,3349562,6.892818010231372
1525820,424384,2925190,3349574,6.892790491630222
1525909,424384,2925376,3349760,6.893228773940582
1525938,424386,2925391,3349777,6.89323163346576
1526026,424393,2925433,3349826,6.8932169003730035
1526035,424408,2925452,3349860,6.893018039245255
1526084,424408,2925557,3349965,6.893265442687225
1526344,424498,2926028,3350526,6.89291351196001
1526429,424533,2926223,3350756,6.892804564073935
1526472,424543,2926271,3350814,6.892755268606478
1526808,424673,2926841,3351514,6.891987482133312
1526885,424673,2926921,3351594,6.8921758623694
1527020,424750,2927108,3351858,6.891366686286051
1527030,424756,2927143,3351899,6.891351740764109
1527116,424756,2927213,3351969,6.8915165412613355
1527118,424756,2927215,3351971,6.891521249846971
1527196,424794,2927341,3352135,6.891201382317076
1527199,424795,2927344,3352139,6.891192222130675
1527201,424795,2927349,3352144,6.891203992514036
1527479,424928,2927797,3352725,6.890101381881165
1527505,424951,2927856,3352807,6.8898673023478
1527634,424951,2927856,3352807,6.8898673023478
1527706,424974,2927937,3352911,6.88968501602451
1527831,424974,2928363,3353337,6.890687430289853
1527872,424990,2928428,3353418,6.890580954845996
1529099,424990,2930401,3355391,6.895223417021577
1529120,424990,2930444,3355434,6.895324595872844
1529145,424997,2930480,3355477,6.8952957314992815
1529348,425015,2930820,3355835,6.895803677517264
1529388,425029,2930884,3355913,6.8957271150909705
1530213,425097,2934780,3359877,6.903789017565403
1530694,425187,2936432,3361619,6.906213030972254
1530722,425206,2936472,3361678,6.905998504254408
1530742,425212,2936511,3361723,6.905992775368522
1530825,425260,2936619,3361879,6.905467243568641
1530829,425262,2936628,3361890,6.905455930696841
1530900,425287,2936803,3362090,6.9054614883596255
1530930,425293,2936849,3362142,6.905472227382064
1530963,425317,2936933,3362250,6.9052800616951595
1531017,425334,2937030,3362364,6.905232123460621
1531095,425361,2937140,3362501,6.9050524143022045
1531946,425361,2938583,3363944,6.90844482686471
1532121,425419,2938893,3364312,6.908231649268133
1532142,425421,2938893,3364314,6.9081991721142115
1532198,425459,2939019,3364478,6.907878314949267
1532223,425468,2939065,3364533,6.907840307614204
1532237,425470,2939082,3364552,6.9078477918537144
1533238,425473,2940782,3366255,6.911794637967627
1533297,425515,2940879,3366394,6.911340375779937
1533337,425528,2940933,3366461,6.911256133556429
1533362,425532,2940971,3366503,6.911280467743906
1533384,425549,2941000,3366549,6.911072520438305
1533444,425563,2941041,3366604,6.910941505723007
1533465,425563,2941081,3366644,6.911035498856808
1533605,425630,2941339,3366969,6.910553767356625
1534774,425782,2943713,3369495,6.913662390613037
1534794,425782,2943766,3369548,6.913786867457995
1534957,425782,2944187,3369969,6.914775636358512
1536421,425786,2946269,3372055,6.919600456567384
1536542,425786,2946483,3372269,6.920103056464985
1536714,425795,2947475,3373270,6.922286546342724
1536909,425795,2947945,3373740,6.923390363907514
1537096,425822,2948289,3374111,6.923759223337451
1537386,426055,2948901,3374956,6.921409207731396
1537764,426108,2949382,3375490,6.921677133496672
1537842,426113,2949506,3375619,6.9218869173200535
1537857,426119,2949519,3375638,6.921819961090681
1537960,426156,2949638,3375794,6.921498230694863
1537966,426161,2949645,3375806,6.921433448860877
1538027,426201,2949718,3375919,6.920955136191609
1538575,426257,2949901,3376158,6.920475206272273
1538587,426261,2949924,3376185,6.920464222624167
1538661,426302,2950175,3376477,6.9203874248772
1538662,426302,2950177,3376479,6.920392116386974
1538714,426327,2950227,3376554,6.92010358246135
1538724,426327,2950227,3376554,6.92010358246135
1538885,426446,2950472,3376918,6.918747039484483
1539031,426519,2950856,3377375,6.91846318686858
1539039,426519,2950856,3377375,6.91846318686858
1539518,426715,2951368,3378083,6.91648524190619
1539619,426789,2951689,3378478,6.916038135940711
1539666,426803,2951721,3378524,6.91588625197105
1539751,426808,2951781,3378589,6.915945811699874
1539880,426888,2952007,3378895,6.915179157062274
1539937,426939,2952077,3379016,6.9145170621564205
1540020,426973,2952228,3379201,6.914320109234073
1540095,427001,2952375,3379376,6.914210973744792
1540148,427040,2952448,3379488,6.9137504683402025
1540223,427055,2952578,3379633,6.9138120382620505
1540304,427055,2952622,3379677,6.913915069487537
1540481,427055,2953035,3380090,6.914882158035851
1540488,427057,2953039,3380096,6.914859140583107
1540579,427118,2953223,3380341,6.914302370773417
1540809,427202,2953532,3380734,6.913666134521842
1540853,427227,2953658,3380885,6.9135564933864195
1540940,427272,2953759,3381031,6.91306474564212
1541001,427292,2953874,3381166,6.9130103067691415
1541038,427301,2953943,3381244,6.913026180608049
1541246,427364,2954084,3381448,6.912337024176112
1541309,427399,2954177,3381576,6.911988563379886
1541338,427401,2954192,3381593,6.911991314947789
1541366,427412,2954211,3381623,6.911857879516719
1542094,427421,2955824,3383245,6.915486136619399
1542150,427440,2955861,3383301,6.915265300393037
1542480,427568,2956385,3383953,6.9144206301687685
1542525,427583,2956405,3383988,6.914224840557272
1542585,427603,2956538,3384141,6.914212482138806
1542597,427610,2956565,3384175,6.914162437735319
1542616,427617,2956619,3384236,6.9141755355844134
1542619,427617,2956628,3384245,6.914196582455796
1542979,427653,2957509,3385162,6.915674624052678
1542984,427656,2957515,3385171,6.915640140673813
1543008,427662,2957540,3385202,6.915601573205008
1543010,427662,2957545,3385207,6.915613264680986
1543126,427662,2957739,3385401,6.91606689394896
1543142,427662,2957765,3385427,6.916127689624049
1543194,427677,2957838,3385515,6.916055808472282
1543216,427677,2957862,3385539,6.916111925588703
1543259,427693,2957944,3385637,6.916044920071172
1543260,427693,2957946,3385639,6.916049596322596
1543374,427752,2958184,3385936,6.915652060072191
1543559,427752,2958506,3386258,6.916404832706802
1543600,427774,2958574,3386348,6.916208091188338
1543620,427774,2958619,3386393,6.916313286922533
1543630,427774,2958635,3386409,6.916350689850248
1543680,427806,2958734,3386540,6.916064758325035
1543743,427833,2958823,3386656,6.915836319311507
1543756,427837,2958837,3386674,6.9158043834450975
1543769,427837,2958844,3386681,6.915820744816367
1543823,427866,2958962,3386828,6.9156277900090215
1543926,427866,2959317,3387183,6.916457489026938
1543942,427876,2959335,3387211,6.916337910983556
1543978,427894,2959408,3387302,6.916217567902331
1544027,427911,2959521,3387432,6.9162068747940575
1544030,427911,2959530,3387441,6.916227907205003
1544500,427920,2960329,3388249,6.917949616750795
1544679,427920,2960690,3388610,6.918793232379884
1544710,427939,2960738,3388677,6.918598211427329
1544721,427944,2960744,3388688,6.918531396631335
1544726,427944,2960752,3388696,6.918550090666068
1544795,427948,2960832,3388780,6.91867236206268
1544857,427953,2960888,3388841,6.91872238306543
1544868,427953,2960914,3388867,6.918783137400602
1544889,427967,2960933,3388900,6.9186012005598565
1544987,427987,2961120,3389107,6.918714820777266
1545021,427991,2961131,3389122,6.9186758600064024
1545037,427995,2961166,3389161,6.918692975385227
1545050,427995,2961182,3389177,6.918730358999521
1545086,428027,2961213,3389240,6.9182855287166465
1545143,428027,2961258,3389285,6.918390662271305
1547273,428027,2969855,3397882,6.938475843813591
1548750,428027,2972779,3400806,6.945307188565208
1548772,428033,2972832,3400865,6.945333654180869
1548792,428033,2972853,3400886,6.94538271581864
1548914,428095,2973103,3401198,6.944960814772422
1549010,428153,2973240,3401393,6.944339990610833
1549026,428157,2973262,3401419,6.944326497055987
1549156,428157,2973648,3401805,6.945228035510339
1549172,428167,2973686,3401853,6.945154577536335
1549932,428377,2975159,3403536,6.945188467167939
1549970,428377,2975230,3403607,6.945354209026162
1550023,428409,2975298,3403707,6.944994152783905
1550168,428409,2975579,3403988,6.945650068042455
1550303,428444,2975837,3404281,6.945684850295488
1551510,429060,2978447,3407507,6.941796019204773
1551521,429062,2978455,3407517,6.941782306519804
1551538,429070,2978472,3407542,6.941692497727644
1551857,429070,2979058,3408128,6.943058242244855
1551910,429102,2979211,3408313,6.942897026814137
1551926,429111,2979235,3408346,6.942807338893666
1551988,429115,2979351,3408466,6.943012945247777
1552034,429163,2979451,3408614,6.942469411389146
1552265,429163,2979701,3408864,6.94305194063794
1552285,429167,2979721,3408888,6.943033830653335
1552334,429182,2979807,3408989,6.942991551369815
1552367,429195,2979852,3409047,6.942886100723447
1552394,429217,2979887,3409104,6.94261177912338
1552791,429270,2980586,3409856,6.943382952454167
1552862,429320,2980738,3410058,6.942928351812168
1552902,429350,2980831,3410181,6.942659834633749
1552914,429354,2980855,3410209,6.942651052511447
1552947,429362,2980907,3410269,6.9426428049058835
1552955,429366,2980912,3410278,6.9425897718962375
1552956,429366,2980914,3410280,6.942594429926915
1553014,429398,2981003,3410401,6.942284314319116
1553131,429446,2981157,3410603,6.941866963483185
1553146,429452,2981197,3410649,6.941863118579026
1553223,429456,2981366,3410822,6.942191982414962
1553311,429510,2981475,3410985,6.94157295522805
1553357,429513,2981591,3411104,6.941794544053382
1553391,429523,2981656,3411179,6.941784258351706
1553447,429523,2981781,3411304,6.942075278855847
1553467,429523,2981805,3411328,6.942131154792642
1553740,429760,2982681,3412441,6.940341120625465
1553853,429792,2982978,3412770,6.940515412106321
1554057,429887,2983567,3413454,6.9403517668596635
1554076,429893,2983655,3413548,6.940459602738356
1554486,430014,2984216,3414230,6.939811261958913
1554658,430055,2984692,3414747,6.9402564788224765
1556334,430135,2986811,3416946,6.943892033896335
1556787,430344,2987904,3418248,6.9430595058836655
1556810,430348,2987948,3418296,6.943097214347459
1556843,430363,2988038,3418401,6.943064343356655
1557046,430491,2988384,3418875,6.941803661400587
1557200,430491,2988757,3419248,6.942670113893206
1557303,430528,2988935,3419463,6.942486899806749
1557414,430528,2989113,3419641,6.94290034562212
1557454,430550,2989144,3419694,6.942617582162351
1557619,430576,2989288,3419864,6.942532793281558
1557754,430631,2989420,3420051,6.941952623011349
1557954,430745,2989843,3420588,6.941097401014521
1558100,430767,2990043,3420810,6.941207195537262
1558145,430786,2990142,3420928,6.941130863119971
1558165,430792,2990161,3420953,6.941078293004512
1558217,430792,2990288,3421080,6.941373098850489
1558271,430812,2990359,3421171,6.941215657873968
1558350,430856,2990569,3421425,6.940994206881185
1558458,430923,2990752,3421675,6.940339689457281
1558471,430925,2990777,3421702,6.940365492835181
1558538,430925,2990850,3421775,6.940534895863549
1558976,430995,2991217,3422212,6.940259167739765
1559291,431209,2991915,3423124,6.938433567017386
1559366,431244,2992048,3423292,6.93817885002458
1559470,431282,2992147,3423429,6.937797079405122
1559556,431343,2992298,3423641,6.937166014053781
1559618,431378,2992382,3423760,6.936797889553941
1559640,431394,2992421,3423815,6.936631014803173
1559716,431444,2992532,3423976,6.9360844049285655
1559811,431450,2992539,3423989,6.936004171978213
1559865,431450,2992697,3424147,6.936370378954687
1559890,431456,2992739,3424195,6.936371263813691
1559947,431456,2992784,3424240,6.936475561818586
1560099,431544,2992981,3424525,6.935517583375044
1560179,431566,2993104,3424670,6.935449039080929
1560773,431566,2993624,3425190,6.936653953277135
1560824,431575,2993649,3425224,6.936567224700226
1560854,431594,2993705,3425299,6.9363916087804744
1561091,431608,2994382,3425990,6.9377351670960685
1561526,431608,2995149,3426757,6.9395122425904985
1561543,431626,2995202,3426828,6.9393456371951645
1561930,431626,2995202,3426828,6.9393456371951645
1562023,431662,2995390,3427052,6.939202431532078
1562441,431869,2996055,3427924,6.937416207229507
1562469,431882,2996098,3427980,6.937306949583451
1562475,431883,2996107,3427990,6.937311725629395
1562562,431961,2996266,3428227,6.936427131153044
1563116,431976,2997484,3429460,6.93900587069652
1563163,431992,2997523,3429515,6.938839145169355
1563270,432013,2997699,3429712,6.9389092457865855
1563312,432013,2997763,3429776,6.939057389476705
1563364,432030,2997837,3429867,6.938955628081383
1563387,432041,2997864,3429905,6.938841452547328
1563403,432041,2997890,3429931,6.938901632021035
1563442,432065,2997961,3430026,6.938680522606552
1564241,432113,2999414,3431527,6.941272306086602
1564252,432115,2999430,3431545,6.941277206299249
1564268,432123,2999453,3431576,6.941201926303391
1564489,432138,2999497,3431635,6.941062808639833
1564529,432169,2999620,3431789,6.940849528772309
1564588,432169,2999620,3431789,6.940849528772309
1564612,432175,2999648,3431823,6.940817955689246
1564722,432184,2999980,3432164,6.941441608203913
1564741,432184,2999995,3432179,6.941476315643337
1564769,432209,3000030,3432239,6.94115578342885
1564951,432209,3000574,3432783,6.942414433757742
1564988,432236,3000649,3432885,6.942154286084454
1565044,432273,3000768,3433041,6.9418353679272125
1565069,432292,3000799,3433091,6.9416019727406475
1565072,432292,3000808,3433100,6.941622792001702
1565092,432292,3000835,3433127,6.941685249784868
1565136,432292,3000907,3433199,6.941851803873308
1565219,432309,3001068,3433377,6.941951243207983
1565322,432341,3001175,3433516,6.941684920005273
1565329,432345,3001177,3433522,6.941625322369867
1565405,432397,3001278,3433675,6.941024105162617
1565560,432482,3001649,3434131,6.940517755652258
1565561,432482,3001651,3434133,6.940522380122179
1565585,432496,3001680,3434176,6.940364766379342
1565606,432503,3001730,3434233,6.940368043689871
1565682,432527,3001820,3434347,6.940191016976975
1565713,432538,3001902,3434440,6.9402040976746555
1566017,432633,3002541,3435174,6.940157130870738
1566038,432644,3002565,3435209,6.940036149813704
1566052,432653,3002580,3435233,6.939926453763177
1566074,432657,3002606,3435263,6.939922386555632
1566128,432680,3002686,3435366,6.939738374780438
1566155,432688,3002729,3435417,6.939709444218467
1566554,432688,3003562,3436250,6.941634618940206
1566710,432756,3003723,3436479,6.940915897179935
1566765,432756,3003862,3436618,6.941237094344157
1566794,432766,3003905,3436671,6.941176062814546
1566899,432766,3004161,3436927,6.941767606512526
1566907,432770,3004180,3436950,6.941747348476095
1566971,432791,3004295,3437086,6.941676236335783
1567081,432834,3004418,3437252,6.941270787415037
1567128,432856,3004492,3437348,6.941088953370174
1567335,432894,3005060,3437954,6.94179175502548
1567403,432894,3005152,3438046,6.942004278183574
1567497,432938,3005293,3438231,6.941624435831459
1567533,432947,3005322,3438269,6.94154711777654
1567564,432947,3005384,3438331,6.941690322372023
1567569,432949,3005391,3438340,6.941674423546423
1567605,432955,3005418,3438373,6.941640586204109
1568404,432967,3008275,3441242,6.9480468488360545
1568405,432967,3008277,3441244,6.948051468125747
1568440,432979,3008347,3441326,6.948020573746071
1568468,432985,3008408,3441393,6.948065175467972
1569145,433042,3009723,3442765,6.950187279755775
1569229,433110,3009935,3443045,6.949585555632519
1569336,433110,3010151,3443261,6.950084274202858
1569359,433132,3010220,3443352,6.949890564539217
1569373,433135,3010250,3443385,6.949911690350583
1569393,433142,3010278,3443420,6.9498640168813
1569491,433154,3010416,3443570,6.9499900728147495
1569514,433169,3010481,3443650,6.949899461872849
1569567,433182,3010579,3443761,6.94991712490362
1569572,433184,3010587,3443771,6.949903505207948
1569624,433211,3010658,3443869,6.949634242897803
1569682,433226,3010728,3443954,6.949555197518155
1569687,433231,3010732,3443963,6.949484224351443
1570118,433231,3012202,3445433,6.952877333339488
1570171,433238,3012277,3445515,6.952938107922204
1570200,433240,3012292,3445532,6.952940633367187
1570298,433277,3012354,3445631,6.952489977543235
1570732,433277,3013120,3446397,6.954257899680805
1570742,433277,3013132,3446409,6.954285595588965
1570762,433284,3013212,3446496,6.954357880743347
1570787,433286,3013245,3446531,6.954401942366013
1570803,433292,3013295,3446587,6.954421037083537
1570911,433318,3013464,3446782,6.954393770856507
1570924,433327,3013470,3446797,6.954263177692597
1571010,433408,3013598,3447006,6.953258823095098
1571192,433408,3013872,3447280,6.953891021854695
1571239,433426,3014085,3447511,6.95409366304744
1571337,433448,3014252,3447700,6.9541259851239365
1571423,433516,3014359,3447875,6.95328200112568
1571448,433522,3014373,3447895,6.953218060444453
1571480,433537,3014421,3447958,6.95308820239103
1571496,433540,3014441,3447981,6.953086220417955
1571560,433540,3014593,3448133,6.95343682243853
1571844,433542,3015268,3448810,6.954961687679625
1571920,433553,3015411,3448964,6.955115060903742
1571928,433560,3015423,3448983,6.955030445613064
1572003,433622,3015596,3449218,6.9544349687054625
1572078,433622,3015763,3449385,6.954820096766308
1572080,433622,3015765,3449387,6.954824709078414
1572126,433632,3015794,3449426,6.954731200649398
1572141,433639,3015851,3449490,6.954750379924315
1572361,433750,3016264,3450014,6.953922766570606
1572386,433750,3016307,3450057,6.954021902017291
1572388,433752,3016312,3450064,6.9540013648352055
1572409,433769,3016339,3450108,6.9537910731287855
1572433,433769,3016401,3450170,6.953934006349002
1572513,433769,3016523,3450292,6.954215262040395
1572562,433803,3016660,3450463,6.953986025914989
1572694,433823,3016841,3450664,6.954082655829682
1573607,434359,3018572,3452931,6.9494864846820255
1573898,434380,3019098,3453478,6.950361434688522
1573975,434380,3019254,3453634,6.950720567245269
1574040,434380,3019375,3453755,6.9509991251899255
1574070,434400,3019403,3453803,6.950743554327809
1574128,434413,3019449,3453862,6.950641440288389
1574149,434417,3019462,3453879,6.950607365733846
1574173,434417,3019495,3453912,6.950683329611871
1574203,434417,3019550,3453967,6.950809936075245
1574270,434417,3019610,3454027,6.950948052217109
1574280,434423,3019619,3454042,6.950872766865475
1574298,434423,3019722,3454145,6.951109862967661
1574423,434468,3020136,3454604,6.951342791644033
1574736,434468,3020922,3455390,6.9531519007153575
1574811,434468,3021028,3455496,6.953395877256783
1574878,434519,3021174,3455693,6.952915752820935
1574984,434524,3021562,3456086,6.9537286778175655
1575130,434524,3021765,3456289,6.954195855694968
1575313,434581,3021963,3456544,6.953739348936102
1575453,434634,3022119,3456753,6.953250320959704
1575463,434634,3022129,3456763,6.953273328823792
1575521,434640,3022219,3456859,6.9533844100865085
1575582,434640,3022340,3456980,6.953662801398859
1575614,434661,3022397,3457058,6.95345798219762
1575697,434710,3022513,3457223,6.952941041153872
1575908,434819,3022937,3457756,6.9521732031029
1576249,434894,3023204,3458098,6.951588203102365
1576256,434896,3023210,3458106,6.951570030536036
1576300,434919,3023374,3458293,6.951579489514139
1576327,434932,3023400,3458332,6.951431488140675
1576706,435035,3023670,3458705,6.950406289149149
1576715,435035,3023682,3458717,6.950433873136644
1576770,435045,3023767,3458812,6.950469491661782
1576777,435050,3023781,3458831,6.9504217905987815
1576802,435050,3023781,3458831,6.9504217905987815
1577381,435344,3024655,3459999,6.947735583814179
1577411,435358,3024707,3460065,6.947631604334823
1577478,435423,3024855,3460278,6.946934360380595
1577485,435426,3024869,3460295,6.946918649782052
1577517,435429,3024916,3460345,6.946978726726975
1577556,435457,3024999,3460456,6.946722638515399
1577615,435481,3025077,3460558,6.9465189066802
1577987,435654,3025501,3461155,6.944733664789029
1578043,435680,3025580,3461260,6.944500550863019
1578063,435680,3025611,3461291,6.9445717040029376
1578103,435697,3025655,3461352,6.94440172872432
1578123,435705,3025678,3461383,6.9443270102477594
1578137,435715,3025700,3461415,6.9442181242325836
1578423,435715,3026098,3461813,6.945131565358089
1578445,435722,3026145,3461867,6.9451278567527
1578456,435725,3026157,3461882,6.94510757932182
1578554,435756,3026228,3461984,6.9447764345184
1578606,435809,3026421,3462230,6.944374714611217
1578637,435836,3026471,3462307,6.944059233289586
1578708,435844,3026540,3462384,6.944090087278934
1578753,435864,3026681,3462545,6.944094947047703
1578864,435864,3026990,3462854,6.944803883780262
1579231,435868,3027295,3463163,6.945439903824093
1579247,435878,3027329,3463207,6.9453585636347785
1579253,435882,3027331,3463213,6.9452994158969625
1579495,435882,3027915,3463797,6.946639228047958
1579557,435894,3028033,3463927,6.946718697665029
1579891,435909,3028692,3464601,6.947991438580071
1579942,435936,3028813,3464749,6.947838673566762
1579976,435943,3028868,3464811,6.947853274395965
1579996,435954,3028919,3464873,6.947794950843438
1580047,435973,3029011,3464984,6.9477031834540215
1580082,435987,3029049,3465036,6.947567243977458
1580174,435987,3029234,3465221,6.947991568555943
1580260,436008,3029414,3465422,6.948069760187886
1580343,436028,3029554,3465582,6.9480721421560085
1580372,436036,3029617,3465653,6.948089148602409
1580419,436044,3029650,3465694,6.948037354028492
1580472,436078,3029746,3465824,6.947715775618123
1580496,436084,3029788,3465872,6.947716494987204
1581582,436121,3031642,3467763,6.951378172571373
1581612,436129,3031658,3467787,6.951287348467999
1581645,436139,3031705,3467844,6.951235729893451
1581692,436157,3031737,3467894,6.951022223648824
1581716,436177,3031796,3467973,6.950838764996779
1581798,436226,3031954,3468180,6.950420195036518
1582007,436233,3032273,3468506,6.951039925911153
1582025,436233,3032290,3468523,6.95107889591113
1582123,436282,3032463,3468745,6.950694734139845
1582148,436294,3032504,3468798,6.950597532856285
1582160,436301,3032522,3468823,6.950527273602399
1582201,436339,3032586,3468925,6.950068639291927
1582254,436354,3032698,3469052,6.950086397741283
1582279,436368,3032736,3469104,6.949950500494995
1582290,436368,3032746,3469114,6.949973416932497
1582347,436386,3032841,3469227,6.949904442397327
1582381,436394,3032904,3469298,6.949921401302492
1582446,436398,3032950,3469348,6.9499631070719845
1582536,436409,3033205,3469614,6.950372242552285
1582700,436409,3033490,3469899,6.951025299661556
1582733,436424,3033551,3469975,6.950926163547376
1582878,436495,3033756,3470251,6.950265180586261
1582982,436535,3033872,3470407,6.94989405202332
1583018,436546,3033895,3470441,6.949771616278697
1583019,436546,3033898,3470444,6.94977848840672
1583466,436746,3034589,3471335,6.948178117258086
1583748,436746,3034865,3471611,6.948810063515178
1583759,436748,3034888,3471636,6.948830904778041
1583942,436796,3035182,3471978,6.94874037308034
1583970,436796,3035230,3472026,6.948850264196558
1583994,436803,3035254,3472057,6.94879384985909
1584012,436815,3035308,3472123,6.948726577612948
1584031,436815,3035348,3472163,6.948818149559882
1584063,436821,3035414,3472235,6.948873794986962
1584161,436821,3035536,3472357,6.949153085588834
1584258,436830,3035758,3472588,6.949518119176797
1584347,436882,3035883,3472765,6.948977069323067
1584396,436893,3035949,3472842,6.948953176178149
1585325,437336,3037878,3475214,6.9463250224084
1585343,437355,3037899,3475254,6.94607126933498
1585370,437378,3037949,3475327,6.945820320180713
1585410,437395,3037975,3475370,6.945609803495696
1585416,437395,3037991,3475386,6.945646383703518
1585496,437421,3038064,3475485,6.945400426591316
1586382,437559,3039414,3476973,6.946295242470159
1586446,437576,3039498,3477074,6.946217342815877
1586610,437576,3039783,3477359,6.946868658244511
1586902,437666,3040194,3477860,6.946379202405487
1586921,437673,3040224,3477897,6.946336648593813
1586934,437687,3040269,3477956,6.946217273988032
1586971,437687,3040305,3477992,6.94629952454608
1587738,437713,3041555,3479268,6.948742669283297
1588015,437813,3041833,3479646,6.947790495028699
1588916,438184,3042976,3481160,6.944516458839209
1588950,438189,3043040,3481229,6.944583273427676
1589214,438310,3043413,3481723,6.943517145399375
1589311,438358,3043603,3481961,6.943190269140748
1589435,438388,3043930,3482318,6.9434610436417055
1589476,438390,3044008,3482398,6.943607290312279
1589519,438390,3044149,3482539,6.943928921736354
1589677,438392,3044394,3482786,6.944456103213562
1589910,438427,3044714,3483141,6.944631603436832
1589935,438438,3044730,3483168,6.944493862302082
1589985,438456,3044778,3483234,6.944318244019924
1589996,438463,3044795,3483258,6.9442461507584445
1590185,438478,3045435,3483913,6.945468187685585
1590219,438508,3045490,3483998,6.945118447097887
1590390,438617,3045784,3484401,6.9440628156227415
1590596,438617,3046453,3485070,6.945588064302113
1590616,438617,3046474,3485091,6.945635942063349
1590620,438617,3046502,3485119,6.94569977907833
1590890,438617,3046884,3485501,6.946570698354145
1590991,438617,3046884,3485501,6.946570698354145
1591013,438633,3046912,3485545,6.946381143233637
1591064,438649,3046984,3485633,6.946291909932543
1591134,438649,3047138,3485787,6.946642987901488
1591154,438657,3047169,3485826,6.946586968861776
1591289,438665,3047412,3486077,6.947014236376278
1591346,438682,3047477,3486159,6.946893193702956
1591379,438692,3047539,3486231,6.946876168245603
1592159,438692,3049000,3487692,6.950206523027545
1592209,438695,3049109,3487804,6.9504074584848246
1592247,438710,3049149,3487859,6.950260992455153
1592267,438716,3049156,3487872,6.950181894437404
1592281,438724,3049174,3487898,6.950096188036214
1592417,438764,3049364,3488128,6.949895615866389
1592449,438781,3049416,3488197,6.949744861331735
1592612,438794,3049824,3488618,6.950468784896786
1592816,438845,3050266,3489111,6.9506682313801
1592839,438862,3050291,3489153,6.950455951984907
1592863,438866,3050322,3489188,6.950463239348685
1592898,438875,3050343,3489218,6.950368555966961
1593015,438876,3050844,3489720,6.951494271730511
1593080,438876,3051034,3489910,6.951927195836637
1593095,438883,3051057,3489940,6.951868721276513
1593182,438883,3051169,3490052,6.952123914574043
1593224,438913,3051240,3490153,6.951810495474046
1593239,438918,3051268,3490186,6.951795096122738
1594056,438986,3055545,3494531,6.960461153658659
1594089,438995,3055579,3494574,6.96039590428137
1594135,439025,3055663,3494688,6.960111610956096
1594146,439032,3055682,3494714,6.960043914794365
1594627,439153,3056200,3495353,6.959305754486477
1594662,439177,3056267,3495444,6.959078002718722
1594729,439177,3056340,3495517,6.959244222716581
1594812,439225,3056601,3495826,6.9590779213387215
1594815,439225,3056610,3495835,6.9590984119756385
1594866,439258,3056710,3495968,6.958803254579314
1594886,439258,3056725,3495983,6.958837403075186
1594899,439263,3056747,3496010,6.958808276590562
1594920,439272,3056795,3496067,6.9587749731373725
1594962,439301,3056866,3496167,6.958477217215531
1594985,439306,3056910,3496216,6.958498176669565
1595019,439323,3056977,3496300,6.958381418682837
1595047,439330,3057005,3496335,6.958334281747206
1595057,439330,3057027,3496357,6.958384357999681
1595466,439397,3057248,3496645,6.957826293761678
1595502,439410,3057274,3496684,6.957679615848524
1595523,439433,3057334,3496767,6.957451989267988
1595561,439450,3057377,3496827,6.957280691773808
1595758,439524,3057714,3497238,6.95687607502662
1595888,439524,3058100,3497624,6.95775429783129
1597154,439526,3058108,3497634,6.957740838994735
1597360,439623,3058821,3498444,6.957827502200749
1597393,439659,3058889,3498548,6.95741244919358
1597419,439682,3058927,3498609,6.957134929335292
1597445,439684,3058965,3498649,6.957189708972808
1597525,439684,3059059,3498743,6.957403498876466
1597526,439684,3059059,3498743,6.957403498876466
1597555,439702,3059137,3498839,6.957296077798145
1597595,439726,3059197,3498923,6.9570528010624795
1597699,439726,3059392,3499118,6.957496259034035
1597729,439739,3059496,3499235,6.957527078562511
1597831,439775,3059557,3499332,6.9570962423966805
1597849,439789,3059581,3499370,6.956929345663489
1597982,439871,3059827,3499698,6.956191701657986
1597989,439876,3059848,3499724,6.956160372468605
1598110,439876,3060030,3499906,6.95657412543535
1598115,439876,3060034,3499910,6.956583218907147
1598311,439876,3060362,3500238,6.957328883594467
1598338,439896,3060394,3500290,6.957085311073526
1598467,439897,3060776,3500673,6.957937880913032
1598489,439907,3060837,3500744,6.957918378202666
1598534,439917,3060876,3500793,6.957848866945356
1598593,439938,3061034,3500972,6.957875882510717
1598594,439938,3061036,3500974,6.957880428605849
1598605,439938,3061045,3500983,6.957900886033941
1598621,439942,3061062,3501004,6.957876265507726
1598659,439954,3061092,3501046,6.957754674352318
1598765,440021,3061401,3501422,6.957397487847171
1599036,440021,3061914,3501935,6.958563341295075
1599100,440026,3062049,3502075,6.958791071436687
1599122,440031,3062099,3502130,6.958825628194377
1599514,440036,3063198,3503234,6.961244080029815
1599548,440042,3063239,3503281,6.961242335958841
1599872,440137,3063984,3504121,6.961432463073997
1599913,440146,3064049,3504195,6.9614377956405376
1600025,440159,3064358,3504517,6.9619342101377
1600028,440161,3064369,3504530,6.961927567412833
1600536,440161,3065271,3505432,6.9639768175735695
1600623,440180,3065371,3505551,6.963903403153256
1600672,440195,3065436,3505631,6.963813764354434
1601749,440195,3067133,3507328,6.96766887402174
1601757,440200,3067137,3507337,6.9675988187187645
1601784,440200,3067187,3507387,6.967712403452976
1601792,440203,3067209,3507412,6.967714895173363
1601838,440232,3067343,3507575,6.967560286394447
1601956,440232,3067537,3507769,6.9680009631285325
1602247,440349,3067827,3508176,6.966808145357432
1602272,440350,3067856,3508206,6.966858180992393
1602281,440351,3067863,3508214,6.966858256254669
1602310,440364,3067903,3508267,6.966743421351428
1602368,440374,3068053,3508427,6.966925840308465
1602430,440408,3068160,3508568,6.966630942217217
1602452,440414,3068192,3508606,6.966608690913549
1602465,440420,3068226,3508646,6.966590981335997
1602469,440420,3068236,3508656,6.966613686935198
1602486,440420,3068261,3508681,6.9666704509332
1602526,440432,3068355,3508787,6.966694064009881
1602707,440432,3068544,3508976,6.967123188142551
1602923,440479,3068859,3509338,6.967094912583801
1603001,440479,3068987,3509466,6.967385505324885
1603026,440479,3069014,3509493,6.9674468022312075
1603118,440479,3069069,3509548,6.967571666299642
1603328,440495,3069251,3509746,6.967731756319595
1603468,440529,3069471,3510000,6.967693386814489
1603494,440529,3069494,3510023,6.967745596771155
1603579,440545,3069753,3510298,6.968080445811438
1603593,440549,3069786,3510335,6.968092085102906
1603621,440556,3069815,3510371,6.9680471949082525
1603638,440562,3069824,3510386,6.967972725745752
1603682,440601,3069907,3510508,6.9675443314926655
1603792,440613,3070132,3510745,6.967865224130927
1603842,440656,3070255,3510911,6.967464416687847
1603863,440666,3070286,3510952,6.967376652612183
1603865,440668,3070287,3510955,6.96734730000817
1603904,440703,3070329,3511032,6.966889265559799
1603954,440726,3070390,3511116,6.96666409515209
1604035,440751,3070530,3511281,6.966586576093985
1604067,440755,3070583,3511338,6.966643600186044
1604130,440782,3070678,3511460,6.9664323860774715
1604131,440782,3070680,3511462,6.966436923467836
1604152,440782,3070680,3511462,6.966436923467836
1604184,440796,3070721,3511517,6.966308677937186
1604300,440830,3070788,3511618,6.965923371821337
1604322,440830,3070840,3511670,6.9660413311253775
1604387,440866,3070951,3511817,6.9657242790326315
1604425,440903,3071043,3511946,6.9653483872869995
1604433,440906,3071049,3511955,6.965314602205459
1604448,440906,3071075,3511981,6.965373571691018
1604453,440908,3071083,3511991,6.965360120478649
1604461,440912,3071099,3512011,6.965333218420002
1604476,440912,3071125,3512037,6.965392187103095
1604480,440912,3071127,3512039,6.965396723155641
1604489,440914,3071143,3512057,6.965401416149181
1604529,440927,3071212,3512139,6.9653525413503825
1604601,440939,3071319,3512258,6.965405645678881
1604633,440961,3071398,3512359,6.965237288558399
1604697,440976,3071466,3512442,6.965154566234897
1604732,440988,3071530,3512518,6.965110161727757
1604826,441030,3071660,3512690,6.964741627553681
1605087,441096,3071888,3512984,6.964216406405861
1605136,441120,3071976,3513096,6.964036996735582
1607960,441125,3076210,3517335,6.97355624822896
1608009,441148,3076345,3517493,6.973498689782114
1608009,441153,3076373,3517526,6.973483122635457
1608020,441153,3076383,3517536,6.973505790508055
1608058,441166,3076431,3517597,6.973409102242694
1608099,441192,3076471,3517663,6.973088813940416
1608151,441208,3076530,3517738,6.972969665101267
1608152,441208,3076530,3517738,6.972969665101267
1608187,441208,3076679,3517887,6.97330737429965
1608194,441212,3076688,3517900,6.9732645530946575
1608222,441221,3076708,3517929,6.973167641612706
1608511,441230,3077295,3518525,6.974355778165583
1608551,441251,3077364,3518615,6.974180228486734
1608581,441281,3077449,3518730,6.973898717597177
1608617,441303,3077514,3518817,6.973698343315137
1608831,441303,3077823,3519126,6.974398542498012
1608850,441303,3077838,3519141,6.974432532749607
1609770,441751,3079440,3521191,6.97098591740596
1609820,441780,3079611,3521391,6.970915387749558
1609855,441788,3079667,3521455,6.970915914420491
1609874,441799,3079693,3521492,6.970801201451339
1609904,441809,3079725,3521534,6.970715852325326
1609929,441819,3079759,3521578,6.970635033803435
1609953,441824,3079787,3521611,6.970619522705874
1609978,441824,3079814,3521638,6.97068063301224
1610094,441824,3079998,3521822,6.971097088433403
1610110,441824,3080024,3521848,6.97115593539509
1610242,441896,3080234,3522130,6.970495320165831
1610272,441910,3080286,3522196,6.970392161299812
1610602,442171,3080976,3523147,6.967838234529175
1610636,442192,3081025,3523217,6.967618138727069
1610665,442192,3081063,3523255,6.9677040742482905
1610677,442192,3081078,3523270,6.967737996164562
1610695,442192,3081111,3523303,6.967812624380359
1610770,442210,3081216,3523426,6.967766445806292
1610811,442219,3081315,3523534,6.967848509448938
1610826,442220,3081328,3523548,6.967862150061055
1612113,442746,3084012,3526758,6.965646217018335
1612144,442752,3084070,3526822,6.965682820179243
1612160,442752,3084096,3526848,6.965741543798786
1612255,442805,3084231,3527036,6.9652126782669574
1612284,442805,3084303,3527108,6.965375278056933
1612300,442811,3084332,3527143,6.965346389317339
1612349,442825,3084404,3527229,6.965288770959183
1612350,442826,3084410,3527236,6.965286591121569
1612523,442845,3084531,3527376,6.965260982962436
1612565,442872,3084607,3527479,6.9650079481204505
1612638,442872,3084729,3527601,6.965283422749688
1613011,442950,3085331,3528281,6.965415961169432
1613026,442950,3085338,3528288,6.965431764307484
1613290,443053,3085904,3528957,6.965089955377799
1613388,443056,3086044,3529100,6.965358780831317
1613416,443064,3086102,3529166,6.965363920336565
1613437,443086,3086136,3529222,6.965094812293776
1613525,443086,3086551,3529637,6.966031425050668
1613569,443095,3086668,3529763,6.966153985037069
1613695,443095,3087003,3530098,6.966910030580349
1613739,443114,3087048,3530162,6.966712854931236
1613769,443129,3087091,3530220,6.966574067596569
1613784,443134,3087104,3530238,6.966524798367988
1613801,443134,3087138,3530272,6.966601524595269
1613866,443160,3087268,3530428,6.966486144958932
1613942,443195,3087426,3530621,6.966292489761843
1613974,443195,3087553,3530748,6.9665790453412155
1614133,443208,3087983,3531191,6.967344903521597
1614247,443251,3088181,3531432,6.9671156974265145
1614327,443251,3088337,3531588,6.967467642486988
1614349,443251,3088390,3531641,6.967587213565226
1614427,443272,3088523,3531795,6.967557165803389
1614452,443283,3088550,3531833,6.967445176106461
1614463,443283,3088560,3531843,6.967467735058642
1614485,443283,3088613,3531896,6.967587297505205
1614529,443292,3088653,3531945,6.967536071032186
1614567,443292,3088759,3532051,6.967775191070445
1614696,443362,3088990,3532352,6.967196106116447
1614927,443362,3089240,3532602,6.967759979429902
1615872,443364,3092066,3535430,6.97410254328272
1616303,443427,3092406,3535833,6.973878451244511
1616342,443449,3092483,3535932,6.973706108255966
1616354,443455,3092500,3535955,6.973650088509545
1616389,443455,3092591,3536046,6.973855295351275
1616402,443460,3092638,3536098,6.973882650069905
1616402,443460,3092638,3536098,6.973882650069905
1616510,443474,3092784,3536258,6.973991710900751
1616688,443554,3093161,3536715,6.973583825193776
1616776,443554,3093281,3536835,6.973854367224734
1618827,444603,3099379,3543982,6.971115804436767
1618866,444609,3099436,3544045,6.9711499317377745
1618983,444654,3099636,3544290,6.970894223373679
1619033,444654,3099740,3544394,6.971128113094676
1619048,444661,3099748,3544409,6.971036362532356
1619139,444715,3099962,3544677,6.970671103965461
1619188,444736,3100017,3544753,6.970465624550295
1619240,444762,3100114,3544876,6.970276237628215
1619309,444779,3100258,3545037,6.970333581396604
1619324,444792,3100287,3545079,6.970195057465062
1619594,444799,3100660,3545459,6.970923945422539
1620336,444950,3101017,3545967,6.969360602314866
1620616,444950,3101480,3546430,6.970401168670637
1620661,444965,3101522,3546487,6.9702605822929895
1621193,444971,3102204,3547175,6.971699279278875
1621215,444980,3102230,3547210,6.971616701874241
1621244,444980,3102265,3547245,6.971695357094701
1621317,445003,3102400,3547403,6.971638393449033
1621354,445003,3102425,3547428,6.971694572845577
1621363,445005,3102447,3547452,6.971712677385647
1621386,445012,3102477,3547489,6.971670426864893
1621413,445029,3102517,3547546,6.97149399252633
1621653,445224,3102977,3548201,6.969473792967135
1621666,445231,3102990,3548221,6.96939341600203
1621679,445233,3103040,3548273,6.969474410028008
1621698,445243,3103081,3548324,6.9694099626496095
1621769,445246,3103301,3548547,6.969857112697251
1621859,445256,3103557,3548813,6.970275526887903
1621939,445268,3103680,3548948,6.970363915664274
1621955,445276,3103740,3549016,6.970373431310019
1621983,445289,3103780,3549069,6.97025976388368
1622086,445289,3103917,3549206,6.970567429242582
1622792,445289,3105055,3550344,6.9731230728807585
1622816,445296,3105078,3550374,6.9730651072545005
1622845,445306,3105102,3550408,6.972962412363633
1622855,445306,3105118,3550424,6.972998342712652
1622898,445313,3105208,3550521,6.97309083723134
1623165,445347,3105714,3551061,6.973694669549812
1623257,445396,3105879,3551275,6.973297919155089
1623268,445396,3105889,3551285,6.973320371085506
1623317,445396,3105998,3551394,6.973565097127051
1623817,445526,3106841,3552367,6.973422426525051
1623883,445526,3106841,3552367,6.973422426525051
1623948,445555,3107030,3552585,6.973392734903659
1624030,445584,3107166,3552750,6.973244102122159
1624056,445584,3107187,3552771,6.973291231282991
1624387,445631,3107372,3553003,6.972970910910597
1624420,445654,3107439,3553093,6.97276137990459
1624485,445668,3107478,3553146,6.972629850022887
1624792,445674,3108072,3553746,6.973868791986968
1624855,445683,3108202,3553885,6.974019650738305
1624906,445690,3108296,3553986,6.974121025825125
1624984,445720,3108372,3554092,6.973822130485507
1625035,445720,3108460,3554180,6.974019563851746
1625068,445720,3108535,3554255,6.974187830925245
1625101,445725,3108539,3554264,6.974118570867687
1625111,445731,3108558,3554289,6.974067318629397
1625122,445731,3108570,3554301,6.974094240696743
1626975,446004,3113919,3559923,6.9818185487125675
1626980,446004,3113921,3559925,6.981823032977283
1627024,446022,3114050,3560072,6.981830492666281
1627040,446022,3114076,3560098,6.981888785754963
1627094,446041,3114125,3560166,6.981701233743086
1627105,446041,3114151,3560192,6.981759524348658
1627325,446212,3114689,3560901,6.980289638109239
1628062,446673,3115984,3562657,6.975984668874098
1628123,446673,3116102,3562775,6.9762488442328054
1628146,446682,3116144,3562826,6.976202309472958
1628225,446696,3116204,3562900,6.976117986281498
1628789,446696,3117185,3563881,6.978314110715117
1628827,446711,3117255,3563966,6.978236488467935
1628844,446711,3117300,3564011,6.978337224738142
1629465,446711,3118033,3564744,6.979978106650608
1629478,446712,3118071,3564783,6.980047547413099
1629509,446720,3118131,3564851,6.980056858882522
1629596,446742,3118230,3564972,6.979934727426568
1629675,446772,3118474,3565246,6.980012176233068
1629849,446863,3119006,3565869,6.979781275245434
1629933,446894,3119220,3566114,6.97977596477017
1630294,446897,3120274,3567171,6.982087595128184
1630466,446897,3120650,3567547,6.982928952308921
1630609,446928,3120790,3567718,6.982757849139011
1630752,446928,3120929,3567857,6.983068861203594
1630799,446958,3121022,3567980,6.982808228066172
1630869,446981,3121143,3568124,6.982719623429184
1631057,447072,3121587,3568659,6.982291442989049
1631148,447146,3121724,3568870,6.981442302961449
1631277,447146,3121911,3569057,6.981860510884588
1631318,447155,3121969,3569124,6.981849694177634
1631340,447178,3122029,3569207,6.981624766871358
1631373,447188,3122081,3569269,6.981584926250257
1631653,447333,3122498,3569831,6.980254083646858
1631667,447333,3122524,3569857,6.980312205895832
1631831,447342,3123457,3570799,6.982257422732496
1631870,447350,3123503,3570853,6.98223538616296
1632132,447381,3123715,3571096,6.982225440955248
1632170,447398,3123756,3571154,6.982051774929705
1632368,447398,3124033,3571431,6.982670910464508
1632378,447402,3124043,3571445,6.9826308331209965
1632474,447450,3124197,3571647,6.982225947033188
1632534,447506,3124257,3571763,6.981486281748178
1632607,447507,3124334,3571841,6.981642745253147
1632816,447651,3124706,3572357,6.980227900753042
1632934,447670,3124950,3572620,6.980476690419282
1632943,447672,3124970,3572642,6.980490180310585
1632950,447674,3124970,3572644,6.980458994714904
1633264,447681,3125807,3573488,6.982219482175925
1633361,447747,3125956,3573703,6.981523047613942
1633369,447750,3125966,3573716,6.98149860413177
1633380,447750,3125978,3573728,6.981525404801786
1633399,447755,3125997,3573752,6.981489877276636
1633445,447770,3126058,3573828,6.9813922326194255
1633586,447845,3126265,3574110,6.9806852817381015
1633595,447850,3126273,3574123,6.980625209333482
1633603,447857,3126285,3574142,6.980542896504911
1633627,447857,3126334,3574191,6.980652306428168
1633842,447962,3126763,3574725,6.979973747773249
1633859,447970,3126782,3574752,6.9798915105922275
1633975,448024,3127084,3575108,6.979724300483903
1634028,448029,3127173,3575202,6.979845054672801
1634124,448107,3127335,3575442,6.978991624768192
1634125,448107,3127335,3575442,6.978991624768192
1634135,448112,3127358,3575470,6.978965080158532
1634171,448132,3127450,3575582,6.978858907643284
1634204,448164,3127535,3575699,6.978550262850207
1634219,448167,3127558,3575725,6.978554869055508
1634422,448213,3127736,3575949,6.978235794142517
1634427,448215,3127748,3575963,6.9782314291132606
1634476,448227,3127823,3576050,6.978211932792982
1634575,448241,3127901,3576142,6.978167994449414
1634612,448241,3127937,3576178,6.978248308387675
1634671,448250,3128247,3576497,6.978799776910206
1634689,448259,3128270,3576529,6.978710968435659
1634735,448268,3128317,3576585,6.978675702927712
1634966,448268,3128608,3576876,6.979324868159226
1635277,448301,3129163,3577464,6.980049118784032
1635289,448307,3129177,3577484,6.979986928600267
1635297,448308,3129186,3577494,6.979991434460237
1635379,448350,3129264,3577614,6.979511542321847
1635547,448360,3129607,3577967,6.980120885003123
1635606,448368,3129668,3578036,6.980132391250045
1637684,448480,3136182,3584662,6.9929138423118085
1637722,448504,3136225,3584729,6.992635517186023
1637786,448540,3136339,3584879,6.992328443394123
1637807,448551,3136404,3584955,6.992301878716132
1637838,448572,3136511,3585083,6.9922130672445
1638150,448787,3137053,3585840,6.990071013643443
1638170,448787,3137074,3585861,6.9901178064427
1638232,448816,3137171,3585987,6.9898822680118355
1638334,448843,3137278,3586121,6.989700184697099
1638348,448849,3137322,3586171,6.989704778221629
1638370,448864,3137366,3586230,6.989569223640123
1638666,448971,3137863,3586834,6.989010426063153
1638667,448971,3137865,3586836,6.989014880693853
1638722,448983,3137987,3586970,6.9890998100150785
1638937,449076,3138370,3587446,6.988505286410318
1638954,449082,3138388,3587470,6.9884519976307224
1638974,449087,3138416,3587503,6.988436539022506
1639026,449101,3138491,3587592,6.988385686070616
1639088,449112,3138524,3587636,6.9882879994299865
1639194,449199,3138834,3588033,6.987624638523238
1639284,449210,3139089,3588299,6.988021192760624
1639302,449210,3139099,3588309,6.988043454063801
1639532,449300,3139349,3588649,6.987200089027376
1639738,449300,3139856,3589156,6.988328511017138
1640166,449308,3140755,3590063,6.990204937370356
1640264,449308,3141045,3590353,6.9908503743534505
1640289,449318,3141071,3590389,6.990752651796723
1640317,449328,3141108,3590436,6.990679414592458
1640479,449409,3141422,3590831,6.990118132925687
1640495,449415,3141460,3590875,6.990109364395937
1640526,449415,3141608,3591023,6.9904386813969275
1640566,449426,3141668,3591094,6.990401089389577
1640598,449431,3141738,3591169,6.990479072427136
1640671,449431,3141874,3591305,6.990781677276378
1640682,449435,3141890,3591325,6.990755059129796
1640695,449447,3141908,3591355,6.990608458839418
1640754,449458,3141992,3591450,6.990624263001215
1640773,449466,3142034,3591500,6.990593281805521
1640793,449479,3142064,3591543,6.990457841189466
1641003,449514,3142158,3591672,6.990122665812411
1641026,449526,3142171,3591697,6.989964985340114
1641055,449526,3142202,3591728,6.990033946868479
1641075,449535,3142245,3591780,6.989989655977844
1641109,449557,3142291,3591848,6.98974990935521
1641296,449561,3142731,3592292,6.990666450159155
1641313,449566,3142761,3592327,6.990655432127874
1641327,449566,3142787,3592353,6.990713265682903
1641371,449586,3142874,3592460,6.990595792573612
1641417,449620,3142949,3592569,6.990233975356968
1641514,449655,3143184,3592839,6.990212496247123
1641760,449770,3143643,3593413,6.989445716699646
1641793,449777,3143694,3593471,6.989450327606792
1641878,449777,3143856,3593633,6.9898105060952425
1641888,449785,3143868,3593653,6.989712862812232
1641895,449785,3143883,3593668,6.989746212079105
1641922,449788,3143913,3593701,6.989766289896574
1641941,449800,3143953,3593753,6.989668741662961
1641989,449839,3144015,3593854,6.989200580652189
1642022,449839,3144058,3593897,6.989296170407635
1642023,449841,3144070,3593911,6.989291771981656
1642103,449851,3144199,3594050,6.989423164558931
1642142,449876,3144241,3594117,6.989128115302884
1642237,449908,3144414,3594322,6.989015532064333
1642239,449908,3144419,3594327,6.989026645447514
1642606,450104,3145128,3595232,6.987558430940405
1642655,450137,3145225,3595362,6.987261655895872
1642676,450149,3145282,3595431,6.987202015332701
1642692,450156,3145357,3595513,6.9872599720985615
1642725,450165,3145477,3595642,6.987386847044973
1642745,450185,3145514,3595699,6.987158612570388
1642754,450187,3145534,3595721,6.987171997414408
1642769,450198,3145574,3595772,6.987090124789537
1642876,450249,3145730,3595979,6.986645167451788
1642929,450254,3145775,3596029,6.986667525441195
1642963,450291,3145837,3596128,6.986231126094014
1642987,450309,3145895,3596204,6.986080669051695
1642991,450311,3145898,3596209,6.986056303310379
1643032,450319,3145964,3596283,6.986078757503014
1643089,450349,3146021,3596370,6.985739948351168
1643096,450352,3146036,3596388,6.985726720432018
1643105,450352,3146052,3596404,6.985762248196966
1643115,450352,3146062,3596414,6.985784453050059
1643139,450364,3146112,3596476,6.985709337336021
1643169,450387,3146151,3596538,6.985439188964158
1643178,450389,3146176,3596565,6.98546367695481
1643247,450434,3146342,3596776,6.9851343371059915
1643308,450463,3146416,3596879,6.98484892210903
1643319,450474,3146445,3596919,6.984742737649675
1643320,450474,3146447,3596921,6.984747177417565
1643342,450490,3146483,3596973,6.984579013962574
1643351,450493,3146487,3596980,6.984541380221224
1643404,450534,3146580,3597114,6.984112186871579
1643457,450558,3146660,3597218,6.983917719805219
1643519,450558,3146715,3597273,6.984039790659582
1643639,450612,3146874,3597486,6.9835556975846185
1643661,450612,3146934,3597546,6.983688849830896
1643699,450628,3147001,3597629,6.983589568335745
1643726,450642,3147045,3597687,6.983470249111268
1643759,450646,3147075,3597721,6.983474833905105
1644024,450646,3147900,3598546,6.98530553915934
1644033,450654,3147908,3598562,6.985199288145672
1644336,450869,3148634,3599503,6.9834785713810446
1644341,450873,3148639,3599512,6.9834277058062915
1644429,450924,3148819,3599743,6.983037052807125
1644459,450924,3148849,3599773,6.983103582865406
1644503,450927,3148965,3599892,6.98331437239287
1644656,451017,3149370,3600387,6.982818829445454
1644829,451017,3149510,3600527,6.983129239030902
1644927,451065,3149631,3600696,6.982654384623059
1644952,451072,3149672,3600744,6.982636918274688
1644979,451092,3149711,3600803,6.98241378698802
1645040,451109,3149851,3600960,6.982461001664786
1645240,451274,3150296,3601570,6.980894090951395
1645410,451335,3150480,3601815,6.980358270464289
1645508,451351,3150546,3601897,6.9802570504995005
1645549,451388,3150686,3602074,6.979995037528689
1645583,451391,3150717,3602108,6.980017324226668
1645625,451404,3150791,3602195,6.979980239430754
1645641,451404,3150817,3602221,6.980037837502548
1646234,451404,3151889,3603293,6.982412650308814
1646482,451484,3152457,3603941,6.982433486015008
1646835,451657,3153151,3604808,6.981295540642567
1646883,451684,3153228,3604912,6.981048697762152
1646898,451693,3153271,3604964,6.981004797506271
1646933,451693,3153335,3605028,6.981146486662401
1646991,451693,3153372,3605065,6.981228400705789
1647041,451717,3153426,3605143,6.980977027652269
1647054,451725,3153438,3605163,6.980879960152747
1647077,451725,3153506,3605231,6.981030494216614
1647189,451754,3153661,3605415,6.980925459431461
1647240,451786,3153823,3605609,6.980789577366275
1647542,451786,3153985,3605771,6.981148154214606
1647574,451788,3154032,3605820,6.98122128077771
1647577,451789,3154035,3605824,6.9812124686524015
1647597,451796,3154096,3605892,6.981239320401243
1647785,451850,3154420,3606270,6.9811220537789085
1647980,451866,3154803,3606669,6.981722457542723
1648024,451892,3154855,3606747,6.9814358298000405
1648089,451945,3154982,3606927,6.980898118133844
1648408,451950,3155562,3607512,6.982104215068039
1649427,451950,3157067,3609017,6.985434229450161
1649462,451965,3157109,3609074,6.985295321540384
1649738,452062,3157409,3609471,6.984460096181497
1649751,452066,3157418,3609484,6.984418204421479
1649758,452066,3157423,3609489,6.984429264753377
1649792,452088,3157469,3609557,6.984191130930261
1649804,452092,3157485,3609577,6.984164727533334
1649915,452092,3157749,3609841,6.98474867947232
1649960,452092,3157886,3609978,6.985051715137627
1650031,452092,3158013,3610105,6.985332631411306
1650080,452116,3158073,3610189,6.985094533261376
1650154,452176,3158185,3610361,6.984415360390645
1650203,452191,3158267,3610458,6.984365013898994
1650260,452203,3158313,3610516,6.984281395744832
1650453,452280,3158679,3610959,6.983901565401964
1650566,452282,3159012,3611294,6.984606948762056
1650614,452292,3159105,3611397,6.984658141200817
1650657,452300,3159181,3611481,6.984702630997126
1650672,452305,3159231,3611536,6.984735963564409
1650983,452377,3159832,3612209,6.98495281590355
1651018,452383,3159839,3612222,6.984875647404964
1651089,452383,3159966,3612349,6.985156382976371
1651283,452383,3160363,3612746,6.986033957951559
1651395,452430,3160570,3613000,6.98576575381827
1651739,452436,3161692,3614128,6.988153020537712
1651781,452452,3161770,3614222,6.988078293388028
1651826,452466,3161811,3614277,6.987952685947674
1651844,452466,3161823,3614289,6.987979207277453
1651863,452476,3161849,3614325,6.9878822302177355
1651901,452476,3161897,3614373,6.987988313192302
1651966,452524,3162010,3614534,6.98749679575006
1652087,452535,3162250,3614785,6.987857292806082
1652180,452581,3162380,3614961,6.987434293529777
1652203,452599,3162436,3615035,6.9872801309768695
1652217,452606,3162462,3615068,6.98722951087701
1652251,452626,3162541,3615167,6.987095306058423
1652370,452638,3162614,3615252,6.987071346197182
1652396,452652,3162643,3615295,6.986919311082244
1652470,452674,3162981,3615655,6.987326420337815
1652650,452723,3163110,3615833,6.986855096825211
1652682,452743,3163148,3615891,6.98663038412521
1652696,452746,3163189,3615935,6.986674647594898
1652710,452746,3163215,3615961,6.986732074938265
1652769,452748,3163258,3616006,6.986796186841245
1652861,452778,3163374,3616152,6.986589454434624
1652890,452790,3163392,3616182,6.986444046909163
1653128,452800,3164382,3617182,6.988476148409894
1653294,452916,3164734,3617650,6.987463459007851
1653328,452926,3164797,3617723,6.9874482807346014
1653351,452929,3164811,3617740,6.987432908910668
1653369,452932,3164828,3617760,6.98742416080118
1653436,452965,3164985,3617950,6.987261708962061
1653469,452965,3165058,3618023,6.987422869316614
1653603,453076,3165380,3618456,6.986421704084965
1653702,453124,3165497,3618621,6.9859398310396275
1653831,453143,3165790,3618933,6.986293509995741
1653851,453147,3165844,3618991,6.986351007509704
1653869,453147,3165898,3619045,6.986470174137752
1654313,453259,3166539,3619798,6.986158024440773
1654356,453278,3166655,3619933,6.98612110007545
1655032,453486,3167119,3620605,6.9839399672757265
1655041,453488,3167134,3620622,6.983942243234661
1655054,453515,3167216,3620731,6.983707264368323
1655189,453618,3167469,3621087,6.982679258759573
1655196,453621,3167477,3621098,6.982650715024216
1655216,453621,3167498,3621119,6.982697009177265
1655498,453621,3167825,3621446,6.983417875274734
1655534,453621,3167866,3621487,6.983508259097352
1655845,453798,3168265,3622063,6.981663647702281
1657620,454511,3170631,3625142,6.975916974506668
1657654,454524,3170657,3625181,6.9757746565637895
1657770,454524,3170841,3625365,6.976179475671252
1657801,454531,3170874,3625405,6.976144641399596
1657830,454542,3170939,3625481,6.9761188185030205
1657899,454607,3171099,3625706,6.975473320912348
1658047,454636,3171505,3626141,6.975921396457825
1658110,454671,3171624,3626295,6.97564612653985
1658117,454673,3171632,3626305,6.975633037369714
1658122,454673,3171639,3626312,6.975648433049686
1658439,454753,3171880,3626633,6.974951237265064
1658629,454753,3172450,3627203,6.976204664949984
1658665,454767,3172508,3627275,6.976117440359569
1658670,454773,3172524,3627297,6.976060584071614
1658703,454783,3172582,3627365,6.976034724253105
1658781,454783,3172834,3627617,6.976588834674999
1658804,454787,3172872,3627659,6.976611028899243
1659044,454961,3173260,3628221,6.974795641824245
1659046,454961,3173262,3628223,6.974800037805438
1659175,455021,3173415,3628436,6.974216574619633
1659282,455070,3173544,3628614,6.973749093546048
1659472,455147,3173845,3628992,6.973230626588772
1659509,455154,3173891,3629045,6.9732244471102085
1659604,455205,3174079,3629284,6.972856185674586
1659612,455205,3174079,3629284,6.972856185674586
1659638,455216,3174105,3629321,6.972744806860919
1659654,455216,3174105,3629321,6.972744806860919
1659723,455266,3174267,3629533,6.97233485478819
1659993,455315,3174808,3630123,6.972772695825967
1660002,455317,3174828,3630145,6.972785993055388
1660013,455318,3174850,3630168,6.972818996832983
1660036,455327,3174872,3630199,6.972729488916756
1660060,455332,3174910,3630242,6.972736376973286
1660112,455342,3174975,3630317,6.972725994966421
1660129,455343,3174986,3630329,6.9727348394507
1660193,455373,3175262,3630635,6.972881571810362
1660264,455382,3175425,3630807,6.973101703624649
1660272,455384,3175432,3630816,6.973086450116824
1660279,455387,3175454,3630841,6.9730888233524455
1660294,455392,3175487,3630879,6.973084727004427
1660358,455424,3175674,3631098,6.973005375210793
1660604,455427,3176105,3631532,6.973905807077753
1660633,455434,3176158,3631592,6.973914990975641
1660649,455434,3176184,3631618,6.973972079379229
1660781,455499,3176458,3631957,6.973578427175472
1660834,455499,3176534,3632033,6.973745277157579
1660867,455516,3176586,3632102,6.973599171049974
1660914,455523,3176663,3632186,6.973661044557574
1660969,455526,3176702,3632228,6.973700732779249
1661065,455568,3176846,3632414,6.973373898078882
1661084,455580,3176902,3632482,6.973313139294965
1661177,455580,3177054,3632634,6.973646779928882
1661257,455608,3177192,3632800,6.973521097083458
1661363,455649,3177336,3632985,6.973209641632046
1661383,455656,3177398,3633054,6.973238583492811
1661399,455656,3177424,3633080,6.973295644082378
1661446,455665,3177449,3633114,6.973212776930421
1661472,455671,3177486,3633157,6.973202156819284
1661482,455671,3177512,3633183,6.973259215530503
1661493,455671,3177522,3633193,6.973281161188664
1661532,455677,3177584,3633261,6.9733254037399295
1662048,455687,3178803,3634490,6.975847456697251
1662079,455689,3178856,3634545,6.975933147387802
1662095,455698,3178871,3634569,6.975828289788413
1662128,455698,3178873,3634571,6.97583267865999
1662135,455700,3178874,3634574,6.975804257186746
1662260,455760,3179014,3634774,6.97519308407934
1662309,455771,3179069,3634840,6.975145412937637
1662324,455771,3179095,3634866,6.975202459129695
1662335,455773,3179112,3634885,6.975209150169054
1662345,455773,3179122,3634895,6.975231090915873
1662594,455773,3179458,3635231,6.975968300008995
1662667,455776,3179479,3635255,6.975968458189988
1662696,455784,3179528,3635312,6.975953521843681
1662815,455892,3179839,3635731,6.974983110034833
1662826,455900,3179868,3635768,6.97492432550998
1662832,455900,3179879,3635779,6.974948453608247
1662905,455900,3180001,3635901,6.975216056152665
1662978,455914,3180117,3636031,6.9752562983369675
1662991,455916,3180135,3636051,6.975265180427973
1662994,455916,3180144,3636060,6.975284920906483
1663164,455925,3181123,3637048,6.977294511158633
1663220,455946,3181182,3637128,6.977102551617954
1663222,455946,3181187,3637133,6.977113517828866
1663241,455963,3181214,3637177,6.9769126003645034
1663521,455963,3181677,3637640,6.977928033634308
1663597,455988,3181789,3637777,6.977791082221462
1663611,455996,3181803,3637799,6.97769936578391
1663651,455996,3181882,3637878,6.977872612917658
1663656,455997,3181886,3637883,6.977866082452297
1663696,455997,3181986,3637983,6.978085382140672
1663720,456001,3182003,3638004,6.978061451619624
1664669,456061,3184286,3640347,6.982149317744775
1664698,456063,3184301,3640364,6.982151588705946
1664761,456063,3184428,3640491,6.982430059005006
1664779,456063,3184455,3640518,6.98248926135205
1665430,456286,3185139,3641425,6.980575779226187
1666043,456292,3186230,3642522,6.982875001095789
1666128,456337,3186369,3642706,6.982491009933448
1666307,456412,3186501,3642913,6.981632822975732
1666328,456412,3186530,3642942,6.981696362058842
1666338,456421,3186552,3642973,6.981606893635481
1666347,456423,3186572,3642995,6.9816201199326064
1666359,456434,3186601,3643035,6.981515399816841
1666370,456442,3186625,3643067,6.981445616310506
1666470,456442,3186726,3643168,6.981666893055416
1666555,456442,3186923,3643365,6.982098492250932
1666594,456442,3187063,3643505,6.9824052124914004
1666609,456452,3187089,3643541,6.982309202281948
1666786,456452,3187356,3643808,6.982894148782347
1666861,456488,3187493,3643981,6.982643574420357
1666951,456525,3187756,3644281,6.982653742949455
1667010,456525,3187877,3644402,6.982918788675319
1667112,456541,3187969,3644510,6.982875579630307
1667143,456552,3188029,3644581,6.982838756592896
1667209,456587,3188146,3644733,6.982559731223184
1667279,456609,3188190,3644799,6.982319665183998
1667311,456614,3188227,3644841,6.982324238853824
1667354,456624,3188348,3644972,6.982436315217772
1667596,456693,3188759,3645452,6.982281313705268
1667610,456700,3188768,3645468,6.982194000437924
1667624,456703,3188779,3645482,6.982172221334215
1667626,456703,3188784,3645487,6.982183169368277
1667670,456738,3188867,3645605,6.981829845556971
1667689,456748,3188887,3645635,6.9817207738183855
1667810,456780,3188971,3645751,6.981415561101624
1667856,456780,3189083,3645863,6.981660755724857
1667862,456781,3189102,3645883,6.98168706666871
1667871,456783,3189117,3645900,6.981689336074241
1667916,456787,3189154,3645941,6.981709199254795
1668084,456839,3189306,3646145,6.981247222763381
1668116,456839,3189354,3646193,6.981352292601989
1668125,456839,3189359,3646198,6.9813632373768435
1668432,456847,3189923,3646770,6.982475533384262
1668553,456847,3190137,3646984,6.9829439615451125
1668603,456847,3190221,3647068,6.98312783054283
1668629,456860,3190248,3647108,6.982988223963577
1668811,456860,3190654,3647514,6.983876898831152
1668822,456863,3190678,3647541,6.983883571223759
1668847,456897,3190729,3647626,6.983475487910842
1669009,456897,3191055,3647952,6.984188996644758
1669380,457063,3191632,3648695,6.982914827934005
1669397,457066,3191659,3648725,6.982928067281311
1669459,457070,3191802,3648872,6.9831798192836985
1669517,457100,3191921,3649021,6.982981842047692
1669528,457100,3191931,3649031,6.983003719098665
1669533,457102,3191948,3649050,6.983010356550617
1669582,457112,3192045,3649157,6.983069794711143
1669776,457177,3192310,3649487,6.982656607834603
1669850,457222,3192481,3649703,6.982343369304189
1669942,457222,3192481,3649703,6.982343369304189
1669977,457232,3192524,3649756,6.982284704482626
1670016,457246,3192632,3649878,6.982307116956736
1670034,457247,3192667,3649914,6.982368391700765
1670062,457254,3192695,3649949,6.982322735284984
1671189,457705,3195562,3653267,6.981706557717307
1671200,457709,3195572,3653281,6.981667391290099
1671287,457732,3195701,3653433,6.981598402558703
1671315,457740,3195757,3653497,6.981598724166558
1671320,457742,3195765,3653507,6.981585696746202
1671368,457760,3195882,3653642,6.98156675987417
1671513,457760,3196132,3653892,6.982112897588256
1671516,457760,3196141,3653901,6.982132558545963
1671956,457880,3196453,3654333,6.980984100637722
1671983,457903,3196494,3654397,6.980722991550612
1672021,457927,3196566,3654493,6.98051436145936
1672049,457940,3196610,3654550,6.980412281084858
1672277,457940,3197084,3655024,6.9814473511813775
1672297,457940,3197121,3655061,6.981528147792287
1672350,457973,3197215,3655188,6.981230334539372
1672373,457980,3197230,3655210,6.981156382374776
1672818,457980,3197889,3655869,6.982595309838858
1672854,457980,3197964,3655944,6.982759072448578
1673020,458042,3198321,3656363,6.982593299304431
1673031,458048,3198335,3656383,6.982532398351265
1675268,458082,3209249,3667331,7.0058395658419235
1675280,458086,3209268,3667354,7.005819867885069
1675308,458097,3209344,3667441,7.005817545192394
1675309,458097,3209350,3667447,7.005830642855116
1675349,458097,3209450,3667547,7.0060489372338175
1675392,458120,3209492,3667612,7.005788876276958
1675450,458125,3209581,3667706,7.005906684856753
1675490,458144,3209642,3667786,7.005749284067892
1675768,458144,3209661,3667805,7.005790755744918
1675777,458153,3209672,3667825,7.005677142788544
1675863,458213,3209803,3668016,7.005045688358908
1675927,458236,3209943,3668179,7.004999607189308
1676004,458239,3210010,3668249,7.005099958755148
1676059,458261,3210091,3668352,7.004940416051115
1676293,458383,3210487,3668870,7.003939936690497
1676301,458388,3210500,3668888,7.003891899438903
1676334,458409,3210546,3668955,7.003671393886246
1676362,458409,3210588,3668997,7.003763015124049
1676415,458421,3210722,3669143,7.003871986667278
1677242,458727,3212200,3670927,7.002421919791074
1677672,458795,3212872,3671667,7.002848766878453
1678136,458795,3213729,3672524,7.004716703538618
1678140,458800,3213740,3672540,7.004664341761116
1678238,458800,3213862,3672662,7.0049302528334785
1678252,458806,3213883,3672689,7.004884417379023
1678325,458806,3213883,3672689,7.004884417379023
1678658,458806,3214632,3673438,7.006516915646264
1678858,458806,3214632,3673438,7.006516915646264
1678876,458813,3214644,3673457,7.006436173342952
1678900,458825,3214671,3673496,7.006311774641748
1678943,458859,3214761,3673620,7.005988767791413
1679075,458929,3215064,3673993,7.005580383893805
1679201,458967,3215309,3674276,7.005534166944464
1679236,458967,3215392,3674359,7.005715007832807
1679297,458967,3215510,3674477,7.005972106927078
1679585,458976,3217294,3676270,7.009721641218713
1679653,458976,3217510,3676486,7.010192254061215
1679661,458976,3217510,3676486,7.010192254061215
1679672,458976,3217518,3676494,7.010209684166492
1679695,458979,3217557,3676536,7.010248834914016
1679736,459002,3217615,3676617,7.010023921464395
1679750,459008,3217622,3676630,7.009947539040714
1679817,459023,3217661,3676684,7.0098034303292
1679833,459023,3217661,3676684,7.0098034303292
1679916,459048,3217773,3676821,7.0096656558791235
1680176,459048,3218494,3677542,7.011236297729213
1680525,459133,3218866,3677999,7.010748519492173
1680609,459133,3219116,3678249,7.011293024025718
1680648,459139,3219224,3678363,7.01143662376753
1680667,459146,3219252,3678398,7.011390712322442
1680671,459152,3219257,3678409,7.0113099801372964
1680869,459152,3219436,3678588,7.011699829250444
1680915,459171,3219519,3678690,7.011590453229842
1680940,459180,3219557,3678737,7.011535781175138
1680979,459187,3219583,3678770,7.011485516793812
1680988,459190,3219600,3678790,7.011476730765043
1681250,459360,3220237,3679597,7.010268634622083
1681435,459384,3220387,3679771,7.0102289152430215
1681462,459386,3220424,3679810,7.0102789375383665
1681607,459493,3220780,3680273,7.0094212534249705
1681638,459495,3220838,3680333,7.0095169697167545
1681819,459504,3221889,3681393,7.011666927817821
1681835,459527,3221945,3681472,7.011437848048102
1681984,459663,3222228,3681891,7.009979049869143
1682050,459710,3222404,3682114,7.009645211111353
1682057,459714,3222422,3682136,7.009623374532862
1682075,459721,3222439,3682160,7.009553620565517
1682697,460219,3223866,3684085,7.005069325690595
1683535,460664,3225194,3685858,7.001185245645416
1683720,460664,3225516,3686180,7.001884236667072
1683723,460664,3225525,3686189,7.001903773683205
1683738,460669,3225542,3686211,7.001864679411899
1684476,460672,3226372,3687044,7.003620797443735
1684572,460672,3226471,3687143,7.003835700889136
1684833,460886,3226954,3687840,7.001631639928312
1684888,460900,3226994,3687894,7.001505749620308
1685096,460927,3227504,3688431,7.002202084061033
1685818,461316,3228553,3689869,6.99857147811912
1685819,461316,3228555,3689871,6.998575813542128
1686235,461316,3229297,3690613,7.000184255477807
1686557,461455,3229994,3691449,6.99958609181827
1686900,461455,3230576,3692031,7.0008473198903465
1686921,461468,3230593,3692061,7.0006869382059
1686930,461472,3230604,3692076,7.000650093613481
1687951,461996,3232537,3694533,6.996893912501407
1688494,462136,3233025,3695161,6.995830231793239
1688550,462144,3233087,3695231,6.995843286940867
1688707,462183,3233400,3695583,6.995930183498744
1688777,462194,3233478,3695672,6.995932443952107
1688827,462205,3233516,3695721,6.9958481626118285
1688851,462214,3233568,3695782,6.995824444954069
1688878,462214,3233618,3695832,6.9959326199552585
1688932,462247,3233727,3695974,6.995668982167542
1688961,462259,3233747,3696006,6.995530644076156
1689205,462399,3234101,3696500,6.994178188101618
1689231,462409,3234128,3696537,6.9940853227337705
1689243,462416,3234147,3696563,6.994020535621605
1689398,462416,3234468,3696884,6.99471471575378
1689406,462416,3234468,3696884,6.99471471575378
1689431,462418,3234506,3696924,6.994766639706932
1689465,462418,3234529,3696947,6.994816378255171
1689477,462427,3234571,3696998,6.994771066568345
1689740,462512,3234873,3697385,6.99413853045975
1689803,462526,3234984,3697510,6.994166814406109
1689805,462526,3234990,3697516,6.994179786649831
1689837,462526,3235021,3697547,6.994246809909065
1689839,462526,3235026,3697552,6.994257620112166
1689918,462566,3235152,3697718,6.993925191215956
1689957,462566,3235175,3697741,6.993974913850131
1690027,462571,3235274,3697845,6.994113336114888
1690101,462571,3235406,3697977,6.994398697713432
1690120,462582,3235440,3698022,6.994305874417941
1690141,462601,3235477,3698078,6.9940985860385085
1690428,462605,3248673,3711278,7.022563526118395
1690448,462612,3248686,3711298,7.022485365706034
1690499,462633,3248796,3711429,7.02240436804119
1690520,462633,3248821,3711454,7.02245840655552
1690541,462639,3248855,3711494,7.022440823190435
1690570,462639,3248882,3711521,7.022499184029016
1690745,462718,3249186,3711904,7.02195721800319
1690767,462718,3249230,3711948,7.0220523083173765
1690898,462784,3249483,3712267,7.021597548748444
1690939,462810,3249547,3712357,7.021341371189041
1690986,462821,3249577,3712398,7.021239312822884
1691022,462830,3249603,3712433,7.021158956852408
1691081,462838,3249704,3712542,7.021255817370225
1691136,462853,3249758,3712611,7.021144942346706
1691152,462871,3249807,3712678,7.020977767023641
1691179,462871,3249839,3712710,7.0210469007563665
1691220,462898,3249888,3712786,7.0207432306901305
1691282,462898,3249952,3712850,7.02088149009069
1691374,462934,3250136,3713070,7.020732977055045
1691671,463166,3251071,3714237,7.019235004296516
1691680,463173,3251097,3714270,7.019185056123738
1691685,463173,3251119,3714292,7.019232554574641
1691713,463173,3251161,3714334,7.019323233435455
1691726,463179,3251190,3714369,7.019294916220295
1691817,463251,3251457,3714708,7.018780315638822
1691993,463357,3251919,3715276,7.018171733674035
1692035,463370,3251963,3715333,7.018069793037961
1692080,463402,3252020,3715422,7.017708166991079
1692111,463409,3252099,3715508,7.017772637130483
1692165,463409,3252268,3715677,7.018137325774855
1692200,463417,3252345,3715762,7.018182328227061
1692547,463677,3253094,3716771,7.0158623352031695
1692561,463681,3253127,3716808,7.015872981640395
1692655,463681,3253296,3716977,7.016237456354692
1692923,463681,3254016,3717697,7.0177902480369045
1692945,463681,3254031,3717712,7.017822597863617
1692966,463688,3254048,3717736,7.017753316885492
1693032,463752,3254195,3717947,7.017101813038003
1693320,463849,3255041,3718890,7.017458267669005
1693391,463878,3255180,3719058,7.017319208929934
1693412,463878,3255212,3719090,7.017388192585119
1693440,463886,3255240,3719126,7.017327533057691
1693484,463890,3255335,3719225,7.0174718144387676
1693529,463902,3255381,3719283,7.017389448633548
1693721,463928,3255815,3719743,7.017931661809591
1693769,463929,3255833,3719762,7.017955333682525
1693840,463941,3255964,3719905,7.0180561752464214
1693858,463955,3255982,3719937,7.017883199879298
1693908,463962,3256020,3719982,7.017859221229325
1693925,463969,3256037,3720006,7.017789981658257
1694237,464133,3256531,3720664,7.016374616758559
1694366,464133,3256718,3720851,7.016777518513012
1694548,464238,3257088,3721326,7.015987489175811
1694555,464246,3257094,3721340,7.015879512155194
1694567,464252,3257115,3721367,7.015834072874215
1694763,464252,3257443,3721695,7.0165405857163785
1694767,464252,3257445,3721697,7.016544893721513
1694796,464268,3257484,3721752,7.016387086768849
1694818,464276,3257527,3721803,7.016358803814972
1694836,464289,3257567,3721856,7.016248500395228
1694910,464305,3257704,3722009,7.016301784387418
1695031,464305,3257848,3722153,7.0166119253507935
1695080,464341,3257978,3722319,7.016347899496275
1695145,464341,3258056,3722397,7.016515879493734
1695214,464341,3258168,3722509,7.016757081541368
1695337,464452,3258565,3723017,7.015934908235943
1695353,464469,3258610,3723079,7.015775003283319
1695395,464482,3258663,3723145,7.015692750203453
1695399,464482,3258672,3723154,7.015712126627081
1695410,464482,3258687,3723169,7.015744420666463
1695429,464492,3258719,3723211,7.015662271901346
1695462,464499,3258785,3723284,7.015698634442701
1695618,464540,3258977,3723517,7.015492745511689
1695618,464540,3258977,3723517,7.015492745511689
1695730,464540,3259231,3723771,7.016039522968959
1695815,464542,3259459,3724001,7.016500122701499
1695880,464586,3259582,3724168,7.016100356015894
1696117,464623,3259783,3724406,7.015974241481803
1696152,464639,3259831,3724470,7.015835950060154
1696187,464653,3259876,3724529,7.015721409309743
1696241,464686,3260003,3724689,7.015496485799012
1696433,464804,3260277,3725081,7.014304954346348
1696513,464828,3260328,3725156,7.01405250974554
1696524,464835,3260349,3725184,7.013992061699312
1696545,464840,3260368,3725208,7.0139574907495055
1696583,464859,3260427,3725286,7.013797732215575
1696603,464860,3260469,3725329,7.013872994019705
1696613,464865,3260496,3725361,7.013855635507083
1696619,464865,3260510,3725375,7.013885751777398
1696681,464865,3260574,3725439,7.014023426155981
1696718,464885,3260639,3725524,7.013861492627209
1696864,464897,3261028,3725925,7.014517194131173
1696875,464897,3261038,3725935,7.014538704272129
1696930,464925,3261126,3726051,7.014305533150508
1696940,464925,3261142,3726067,7.014339947303329
1696977,464946,3261219,3726165,7.014188744499362
1697027,464976,3261303,3726279,7.013916847321152
1697117,465007,3261402,3726409,7.013662159924475
1697146,465019,3261437,3726456,7.013556435328449
1697176,465022,3261480,3726502,7.013603657461368
1697196,465022,3261518,3726540,7.013685374025315
1697199,465024,3261521,3726545,7.013661660473438
1697244,465065,3261616,3726681,7.013247610549063
1697280,465071,3261686,3726757,7.01330764549929
1697289,465075,3261715,3726790,7.01330968123421
1697311,465080,3261726,3726806,7.013257934118862
1697331,465080,3261741,3726821,7.013290186634557
1697378,465085,3261821,3726906,7.013386800262317
1697398,465093,3261846,3726939,7.013319916661829
1697561,465163,3262072,3727235,7.012750369225412
1697584,465163,3262100,3727263,7.012810563178928
1697630,465186,3262137,3727323,7.012543369748875
1697849,465275,3262436,3727711,7.011844608027511
1698019,465300,3262594,3727894,7.011807436062755
1698178,465306,3262856,3728162,7.0122800909509015
1698184,465306,3262856,3728162,7.0122800909509015
1698592,465598,3263599,3729197,7.009478133497137
1698649,465608,3263686,3729294,7.009514441332623
1698692,465637,3263770,3729407,7.009258284887155
1698696,465638,3263774,3729412,7.009251822231003
1698875,465740,3264266,3730006,7.008773135225662
1698983,465826,3264514,3730340,7.008011575137497
1699034,465826,3264540,3730366,7.0080673899696455
1699098,465884,3264640,3730524,7.007409569764147
1699189,465884,3264899,3730783,7.007965502142164
1699255,465927,3265041,3730968,7.007623511837691
1699318,465944,3265105,3731049,7.00750519375719
1699329,465956,3265149,3731105,7.007419155456739
1699381,465988,3265294,3731282,7.007249113711083
1699452,466035,3265510,3731545,7.007005911573165
1699461,466043,3265545,3731588,7.006960731091337
1699669,466167,3266001,3732168,7.0060750760993376
1699692,466175,3266061,3732236,7.0060835523140454
1699740,466209,3266122,3732331,7.005703450598337
1699938,466209,3266462,3732671,7.006432737248745
1699980,466209,3266511,3732720,7.006537840324833
1700159,466227,3266701,3732928,7.006674860100337
1700274,466227,3266959,3733186,7.0072282386047995
1700474,466304,3267361,3733665,7.006933245264891
1700484,466308,3267371,3733679,7.006894584695094
1700545,466346,3267491,3733837,7.0065809506246435
1700693,466458,3267748,3734206,7.005449579597735
1700731,466462,3267769,3734231,7.005434526285099
1700785,466462,3267888,3734350,7.005689638169883
1700837,466485,3267969,3734454,7.005517862310685
1700873,466501,3268013,3734514,7.005371907026994
1700894,466501,3268043,3734544,7.005436215570813
1700927,466507,3268052,3734559,7.005365407164309
1700937,466507,3268068,3734575,7.005399704613221
1701157,466595,3268285,3734880,7.004543554903075
1701160,466595,3268294,3734889,7.004562843579549
1701180,466602,3268322,3734924,7.004517768890832
1701226,466602,3268465,3735067,7.00482423993039
1701244,466602,3268497,3735099,7.004892820862319
1701275,466609,3268514,3735123,7.004824167557849
1701398,466626,3269112,3735738,7.005850509830142
1701622,466662,3269594,3736256,7.006342920572063
1701669,466662,3269794,3736456,7.006771496286391
1701707,466672,3269866,3736538,7.006775636849865
1701748,466683,3269920,3736603,7.006726193154668
1701804,466686,3269961,3736647,7.006769005284067
1701837,466691,3269990,3736681,7.006756076290308
1701846,466693,3270010,3736703,7.0067689037547165
1701884,466715,3270070,3736785,7.0065671769709565
1701905,466719,3270087,3736806,7.00654355190168
1710133,466719,3294772,3761491,7.059434049181627
1710158,466740,3294807,3761547,7.0591914127779924
1710216,466745,3294892,3761637,7.059297903566187
1710344,466823,3295133,3761956,7.058634643108844
1710397,466838,3295271,3762109,7.05870344744858
1710438,466852,3295359,3762211,7.058680266979685
1710459,466857,3295370,3762227,7.058628230914391
1710677,466950,3295697,3762647,7.057922689795482
1710710,466958,3295764,3762722,7.057945254177035
1710752,466981,3295826,3762807,7.057730400166173
1711074,466998,3296490,3763488,7.058895327174849
1711084,466998,3296506,3763504,7.058929588563548
1711136,466998,3296546,3763544,7.059015242035298
1711151,466998,3296558,3763556,7.059040938076823
1711314,467070,3296756,3763826,7.058376688719036
1711345,467076,3296831,3763907,7.05844659113292
1711350,467077,3296853,3763930,7.05847858061947
1711364,467085,3296882,3763967,7.058419773702859
1711542,467174,3297173,3764347,7.05769798832983
1711609,467222,3297390,3764612,7.057437363822765
1711879,467358,3297648,3765006,7.055935706674541
1711909,467374,3297757,3765131,7.055927372939017
1711929,467383,3297793,3765176,7.055868527524535
1712039,467383,3297951,3765334,7.056206580042492
1712280,467538,3298439,3765977,7.054911044663749
1712416,467538,3298807,3766345,7.055698146460823
1712534,467600,3298986,3766586,7.055145423438836
1712542,467602,3299004,3766606,7.055153741857391
1712580,467628,3299073,3766701,7.054909030254818
1713032,467660,3300401,3768061,7.057265962451353
1713083,467660,3300525,3768185,7.0575311123465765
1713088,467660,3300527,3768187,7.05753538895779
1713179,467662,3300794,3768456,7.0580761319072325
1713362,467662,3301160,3768822,7.058858748412315
1713418,467688,3301200,3768888,7.058551855082876
1714601,467858,3303091,3770949,7.060028897656982
1714650,467858,3303200,3771058,7.060261874329391
1714669,467858,3303222,3771080,7.060308897144005
1716018,467858,3304197,3772055,7.062392862791702
1716059,467872,3304226,3772098,7.0622435195951025
1716078,467879,3304262,3772141,7.062214803400025
1716094,467879,3304288,3772167,7.062270373323018
1716099,467882,3304299,3772181,7.062248601143024
1716147,467902,3304387,3772289,7.0621348060063855
1716177,467902,3304407,3772309,7.062177549999786
1716288,467902,3304623,3772525,7.06263918512851
1716351,467915,3304646,3772561,7.062492119295171
1716396,467936,3304743,3772679,7.062382462558983
1716413,467936,3304747,3772683,7.062391010736511
1716792,468141,3305481,3773622,7.060866277467686
1716825,468146,3305510,3773656,7.0608528108752395
1716832,468149,3305521,3773670,7.060831060196647
1716863,468160,3305550,3773710,7.060727101845523
1717000,468198,3305776,3773974,7.060636739157365
1717098,468251,3305909,3774160,7.060121601448795
1717143,468269,3305974,3774243,7.059989023403215
1717170,468284,3306005,3774289,7.059829078080822
1717197,468300,3306093,3774393,7.059775784753363
1717219,468311,3306133,3774444,7.0596953733736765
1717299,468311,3306227,3774538,7.059896094689213
1717564,468311,3307052,3775363,7.061657744533013
1717592,468324,3307107,3775431,7.061579163143465
1717614,468324,3307157,3775481,7.061685926836976
1717835,468324,3307716,3776040,7.062879544930433
1718043,468347,3307814,3776161,7.062741941338366
1718238,468365,3307903,3776268,7.06266053185016
1718250,468371,3307918,3776289,7.062602082537134
1718450,468371,3308358,3776729,7.063541508761217
1718534,468399,3308524,3776923,7.063473662411747
1718550,468405,3308536,3776941,7.063408802211761
1718576,468414,3308591,3777005,7.063390504980637
1719206,468470,3309416,3777886,7.064307212841804
1719282,468499,3309591,3778090,7.064243466901743
1719333,468517,3309768,3778285,7.064349852833515
1719347,468521,3309784,3778305,7.0643236909338105
1719351,468521,3309786,3778307,7.064327959685905
1719405,468552,3309931,3778483,7.064170038757704
1719454,468559,3310031,3778590,7.064277924444947
1719494,468573,3310081,3778654,7.06417356527158
1719835,468573,3310423,3778996,7.064903440872607
1720146,468616,3310723,3779339,7.064895351417792
1720563,468853,3311516,3780369,7.063015486730382
1720658,468904,3311674,3780578,7.0625842389913505
1720760,468904,3312020,3780924,7.0633221299029225
1720772,468912,3312046,3780958,7.063257071689358
1720793,468922,3312118,3781040,7.06325998780181
1720829,468938,3312212,3781150,7.06321944478801
1720844,468938,3312243,3781181,7.063285551608102
1720874,468946,3312299,3781245,7.063284471986114
1720992,469005,3312564,3781569,7.062960949243611
1721076,469005,3312873,3781878,7.063619790833786
1721263,469075,3313359,3782434,7.063601769439855
1721272,469075,3313359,3782434,7.063601769439855
1721306,469086,3313429,3782515,7.063585355350618
1721345,469086,3313429,3782515,7.063585355350618
1722514,469086,3315955,3785041,7.068970295425572
1722579,469118,3316136,3785254,7.068873929373846
1722602,469118,3316181,3785299,7.068969854066568
1722732,469118,3316567,3785685,7.069792674764132
1722747,469130,3316584,3785714,7.0696480719629955
1722791,469138,3316637,3785775,7.0696404895787595
1722828,469167,3316739,3785906,7.069420909825286
1722863,469170,3316823,3785993,7.069554745614596
1722899,469197,3316874,3786071,7.069256623550449
1722967,469228,3317036,3786264,7.069134834238366
1723004,469241,3317130,3786371,7.0691393122084385
1723122,469326,3317442,3786768,7.06852379795707
1723197,469346,3317557,3786903,7.06846761237978
1723239,469346,3317621,3786967,7.068603972335974
1723254,469352,3317650,3787002,7.068575397569415
1723279,469369,3317671,3787040,7.06836412289691
1723315,469389,3317775,3787164,7.068284514549766
1723359,469412,3317872,3787284,7.06814482799758
1723366,469412,3317889,3787301,7.068181043518274
1723415,469414,3317931,3787345,7.068240401862748
1723575,469414,3318297,3787711,7.069020097398033
1723664,469414,3318560,3787974,7.069580370419288
1723689,469414,3318603,3788017,7.069671973993106
1723742,469448,3318658,3788106,7.069277108433735
1723894,469482,3319018,3788500,7.06953195223672
1723913,469493,3319043,3788536,7.069419565360932
1724175,469493,3319375,3788868,7.070126711154373
1724204,469507,3319420,3788927,7.070011735714271
1724275,469510,3319544,3789054,7.0702306660135035
1724287,469517,3319563,3789080,7.07016572349883
1724301,469522,3319578,3789100,7.070122379781991
1724317,469522,3319603,3789125,7.070175625423303
1724381,469541,3319742,3789283,7.070185564199932
1724441,469568,3319811,3789379,7.069925974512744
1724461,469579,3319853,3789432,7.069849801630823
1724495,469592,3319884,3789476,7.069720097446294
1726625,469592,3328481,3798073,7.08802747917341
1726717,469592,3328536,3798128,7.088144602122694
1726877,469609,3328584,3798193,7.087990221652481
1726930,469612,3328667,3798279,7.088121683432281
1726987,469616,3328822,3798438,7.08839136656332
1727081,469633,3329012,3798645,7.088539348810667
1727114,469638,3329028,3798666,7.088497949484497
1727145,469648,3329103,3798751,7.088506711409396
1727383,469648,3329916,3799564,7.090237795114639
1727418,469651,3329947,3799598,7.090258511107184
1727824,469789,3330589,3800378,7.089542326448682
1727875,469804,3330684,3800488,7.089518182050387
1727891,469814,3330703,3800517,7.089407723056358
1727904,469814,3330707,3800521,7.08941623706403
1727930,469825,3330743,3800568,7.089326877028681
1727964,469850,3330810,3800660,7.0890922634883475
1727990,469859,3330844,3800703,7.089028836310468
1728008,469867,3330864,3800731,7.088950703071295
1728040,469871,3330903,3800774,7.088973356517002
1728128,469955,3331105,3801060,7.088136098137055
1728183,469967,3331201,3801168,7.088159381403375
1728425,469967,3331374,3801341,7.088527492355846
1728449,469978,3331418,3801396,7.088455204286158
1728578,470029,3331558,3801587,7.087983932906267
1729504,470029,3333480,3803509,7.092073042301645
1729512,470036,3333500,3803536,7.092009973704142
1729536,470047,3333531,3803578,7.091909957940376
1729544,470056,3333556,3803612,7.091827356740473
1729548,470056,3333563,3803619,7.091842248583148
1729630,470118,3333752,3803870,7.091308990508766
1729653,470125,3333793,3803918,7.091290614198352
1729654,470125,3333795,3803920,7.0912948683860675
1729758,470166,3333904,3804070,7.090908317487866
1729796,470181,3333946,3804127,7.090771426323054
1730623,470392,3336098,3806490,7.092165683089848
1731221,470418,3336781,3807199,7.093225599360569
1731231,470418,3336797,3807215,7.09325961166452
1731253,470418,3336802,3807220,7.093270240509504
1731302,470437,3336872,3807309,7.093132555475016
1732136,470473,3338672,3809145,7.09641573480306
1732139,470473,3338681,3809154,7.096434864487441
1732148,470476,3338688,3809164,7.096404492471454
1732189,470511,3338785,3809296,7.096082769584558
1732395,470590,3339356,3809946,7.096104889606664
1732422,470591,3339412,3810003,7.096208809773243
1732649,470639,3339639,3810278,7.095967397516993
1733131,470706,3340593,3811299,7.096984104727792
1733178,470713,3340621,3811334,7.09693804929968
1733271,470716,3340824,3811540,7.097324076513226
1733304,470716,3340873,3811589,7.097428173250963
1733375,470716,3341000,3811716,7.097697974999788
1733408,470721,3341016,3811737,7.097656573639162
1733441,470744,3341085,3811829,7.097456366942542
1733488,470751,3341144,3811895,7.09747616043301
1733679,470839,3341422,3812261,7.09674007463273
1733751,470855,3341508,3812363,7.09668156863578
1733902,470898,3341705,3812603,7.096451885546339
1733932,470906,3341736,3812642,7.096397157819182
1733964,470913,3341811,3812724,7.096450936797242
1734049,470917,3345314,3816231,7.1038293372292785
1734094,470939,3345377,3816316,7.103631255852669
1734399,470941,3346285,3817226,7.105529142716391
1734504,470992,3346477,3817469,7.105167391378197
1734526,470996,3346490,3817486,7.10513465082506
1734608,471033,3346584,3817617,7.104776098489915
1734652,471047,3346711,3817758,7.104834549418635
1734675,471059,3346786,3817845,7.104812772922288
1734805,471059,3347172,3818231,7.105632203184739
1734815,471059,3347189,3818248,7.105668292082308
1734900,471151,3347363,3818514,7.104650101559797
1734913,471158,3347386,3818544,7.10459336358504
1734935,471170,3347405,3818575,7.104452745293631
1735107,471184,3347693,3818877,7.104852881252334
1735326,471219,3347879,3819098,7.104719886082692
1735353,471228,3347925,3819153,7.104681810079198
1735361,471228,3347943,3819171,7.104720008148922
1735394,471228,3347980,3819208,7.104798526403354
1735403,471230,3347995,3819225,7.104800203722174
1735434,471232,3348053,3819285,7.1048931311965235
1735437,471234,3348056,3819290,7.104869343044008
1735445,471234,3348073,3819307,7.104905418539409
1735474,471249,3348117,3819366,7.104772636122305
1735911,471292,3348888,3820180,7.105760335418382
1736018,471342,3349072,3820414,7.105396930466625
1736043,471346,3349118,3820464,7.105434224539935
1736478,471361,3349526,3820887,7.106073688743871
1736511,471374,3349563,3820937,7.105956204627324
1736516,471374,3349589,3820963,7.10601136252742
1736524,471374,3349604,3820978,7.10604318439286
1736570,471374,3349747,3821121,7.10634655284339
1736590,471374,3349771,3821145,7.106397467828094
1736593,471375,3349779,3821154,7.106399363564042
1736661,471385,3349819,3821204,7.106333464153505
1737211,471385,3350984,3822369,7.108804904695737
1737294,471402,3351037,3822439,7.108660973012419
1737405,471402,3351215,3822617,7.1090385700527365
1737416,471404,3351245,3822649,7.109072048603745
1739671,471563,3355876,3827439,7.116495568990782
1739779,471563,3356433,3827996,7.117676747327504
1739924,471563,3356714,3828277,7.1182726380144326
1739944,471563,3356745,3828308,7.1183383768446635
1739990,471591,3356802,3828393,7.11803660375198
1740045,471622,3356841,3828463,7.117651424233815
1740170,471623,3357211,3828834,7.118420857337322
1740238,471629,3357302,3828931,7.118523246026008
1741110,472088,3358765,3830853,7.114701072681364
1741155,472115,3358855,3830970,7.114484818317571
1741192,472127,3358873,3831000,7.114342115574835
1741272,472127,3359162,3831289,7.114954239007725
1741360,472127,3359392,3831519,7.115441396065042
1742007,472451,3361202,3833653,7.11439281533958
1742031,472453,3361206,3833659,7.11437116496244
1742064,472453,3361281,3833734,7.114529910911774
1742070,472455,3361284,3833739,7.114506143442233
1742135,472456,3361503,3833959,7.114954620112773
1742271,472520,3361700,3834220,7.1144078557521375
1742595,472520,3362267,3834787,7.115607804960637
1742671,472565,3362346,3834911,7.11509739400929
1742716,472568,3362458,3835026,7.115289228216891
1743530,472615,3363731,3836346,7.1172751605429365
1780832,472615,3474256,3946871,7.351133586534495
1780991,472615,3474577,3947192,7.351812786305978
1780995,472616,3474580,3947196,7.351803578380757
1781554,472616,3476163,3948779,7.355153020634088
1781562,472616,3476163,3948779,7.355153020634088
1781947,472680,3476360,3949040,7.354573918930354
1782027,472697,3476466,3949163,7.354533665328953
1782039,472702,3476479,3949181,7.354483374303473
1796903,472774,3588262,4061036,7.58980400783461
1796962,472789,3588333,4061122,7.5897133816565105
1796963,472789,3588335,4061124,7.589717611873373
1797006,472803,3588571,4061374,7.589992026277329
1797050,472822,3588603,4061425,7.589754706845282
1797228,472925,3589096,4062021,7.589144156050113
1797253,472934,3589131,4062065,7.58907373967615
1798498,472939,3591149,4064088,7.593260441621435
1798501,472939,3591154,4064093,7.5932710138093915
1798556,472939,3591250,4064189,7.593473999818158
1798588,472951,3591312,4064263,7.593412425388677
1798656,473010,3591441,4064451,7.592737997082514
1798718,473043,3591643,4064686,7.59263534181882
1798850,473100,3591783,4064883,7.592016487000634
1798860,473103,3591791,4064894,7.5919852547965245
1799179,473103,3592343,4065446,7.593152019750456
1799209,473112,3592376,4065488,7.593077326299058
1799213,473112,3592393,4065505,7.593113258594159
1799523,473112,3593312,4066424,7.595055716194051
1799565,473142,3593380,4066522,7.59471786482705
1799659,473164,3593555,4066719,7.59473459519321
1799665,473168,3593558,4066726,7.59467673215433
1799679,473172,3593582,4066754,7.594663251418089
1800076,473336,3594130,4067466,7.59318961583315
1800131,473339,3594321,4067660,7.5935450068555514
1800151,473339,3594353,4067692,7.593612611680001
1800228,473339,3594526,4067865,7.59397810026218
1800231,473339,3594533,4067872,7.593992888817528
1800256,473357,3594572,4067929,7.593786507857706
1800291,473374,3594631,4068005,7.593638433881033
1800296,473380,3594639,4068019,7.593559085723943
1800304,473380,3594639,4068019,7.593559085723943
1800354,473389,3594713,4068102,7.5935710377723185
1800366,473394,3594744,4068138,7.593556318838008
1800401,473418,3594778,4068196,7.593243180445188
1800523,473434,3595119,4068553,7.593706831364034
1800544,473448,3595141,4068589,7.593528750781501
1800667,473448,3595506,4068954,7.594299690779136
1800682,473455,3595536,4068991,7.594250773568766
1800841,473455,3595680,4069135,7.594554920742204
1800870,473466,3595730,4069196,7.594484081222305
1800890,473475,3595757,4069232,7.594396747452347
1800945,473498,3595874,4069372,7.594274949419005
1800975,473507,3595942,4069449,7.594274213475197
1801031,473510,3596026,4069536,7.594403497286224
1801183,473621,3596200,4069821,7.592991020246147
1801225,473624,3596334,4069958,7.593225850041383
1801254,473635,3596354,4069989,7.593091726751613
1801301,473649,3596447,4070096,7.593063639952792
1801329,473664,3596483,4070147,7.592899185920822
1801558,473802,3596900,4070702,7.591567785699511
1802394,474138,3598256,4072394,7.589047914320304
1802405,474138,3598266,4072404,7.589069005226326
1802440,474138,3598326,4072464,7.589195550662465
1802446,474142,3598329,4072471,7.589137853216969
1802516,474154,3598437,4072591,7.589173559645179
1802572,474210,3598557,4072767,7.58853039792497
1802603,474210,3598637,4072847,7.58869909955505
1802617,474218,3598666,4072884,7.588632232433184
1802652,474230,3598728,4072958,7.588570946587099
1802686,474252,3598774,4073026,7.588315916432614
1802697,474252,3598784,4073036,7.588337002268836
1802774,474277,3598909,4073186,7.588200566335707
1802803,474289,3598927,4073216,7.588046528593326
1802845,474296,3599021,4073317,7.58813272724206
1802871,474305,3599062,4073367,7.58807518368982
1802883,474313,3599087,4073400,7.587999907234252
1802897,474320,3599159,4073479,7.588039720020239
1802904,474321,3599166,4073487,7.588038480269691
1803222,474415,3599701,4074116,7.5876627003783605
1803242,474420,3599756,4074176,7.5876986636313815
1803332,474430,3599978,4074408,7.588006660624328
1803360,474436,3600026,4074462,7.588011870937281
1803381,474439,3600034,4074473,7.587980752003945
1803438,474457,3600082,4074539,7.587794046668086
1803557,474457,3600352,4074809,7.5883631182594
1804123,474465,3601331,4075796,7.590298546784273
1804203,474499,3601442,4075941,7.589988598500734
1804271,474511,3601525,4076036,7.589971570732818
1804313,474523,3601583,4076106,7.589901859340854
1804401,474523,3601923,4076446,7.590618368340418
1804421,474523,3601944,4076467,7.590662623308038
1804436,474523,3601956,4076479,7.590687911860964
1804511,474541,3602095,4076636,7.59069290114026
1804571,474541,3602135,4076676,7.590777193119246
1804580,474544,3602162,4076706,7.5907861020263665
1804616,474597,3602268,4076865,7.590161758291772
1804672,474612,3602397,4077009,7.590193673990544
1804717,474626,3602461,4077087,7.5901046297505825
1804742,474631,3602506,4077137,7.59011948229256
1804744,474633,3602518,4077151,7.590112781875681
1804821,474675,3602636,4077311,7.589689787749513
1805085,474714,3603195,4077909,7.590243809957153
1805096,474719,3603225,4077944,7.590227060640084
1805125,474726,3603245,4077971,7.590157269667134
1805278,474726,3603590,4078316,7.590884004667956
1805346,474731,3603695,4078426,7.59102523323735
1805359,474737,3603706,4078443,7.590952464206498
1805373,474742,3603719,4078461,7.590899899313732
1805465,474752,3604088,4078840,7.591517255324885
1805501,474761,3604140,4078901,7.591482872434762
1805517,474761,3604166,4078927,7.591537636832006
1805666,474788,3604222,4079010,7.591223872549433
1806228,475132,3605320,4080452,7.588038692405479
1806364,475214,3605446,4080660,7.586994490903046
1806382,475224,3605465,4080689,7.58687482113698
1806413,475230,3605561,4080791,7.586981040759212
1806495,475288,3605740,4081028,7.586431805557893
1806507,475288,3605794,4081082,7.586545420881655
1806547,475318,3605889,4081207,7.586266457403254
1806567,475318,3605932,4081250,7.586356923154604
1806589,475318,3605937,4081255,7.586367442428017
1806804,475318,3606434,4081752,7.587413058205244
1806813,475319,3606451,4081770,7.587432860878694
1806844,475319,3606482,4081801,7.587498080236641
1807355,475678,3607976,4083654,7.584912482814005
1807597,475678,3608149,4083827,7.585276174218694
1807885,475678,3608716,4084394,7.5864681570305965
1807989,475763,3608930,4084693,7.585562559509672
1808005,475763,3608930,4084693,7.585562559509672
1808019,475770,3608979,4084749,7.585553944132669
1808038,475784,3609021,4084805,7.5854190136700685
1808160,475854,3609167,4085021,7.584609985415694
1808161,475854,3609167,4085021,7.584609985415694
1808204,475872,3609228,4085100,7.584451281016744
1808246,475887,3609299,4085186,7.584361413528842
1808306,475936,3609444,4085380,7.583885228265985
1808448,476013,3609875,4085888,7.583563894263392
1808449,476013,3609877,4085890,7.583568095829316
1808474,476020,3609911,4085931,7.583528003025083
1808531,476027,3609982,4086009,7.583565638083554
1808542,476027,3609992,4086019,7.5835866452953296
1808702,476142,3610366,4086508,7.582540502623167
1808719,476163,3610421,4086584,7.582321599956318
1808859,476293,3610611,4086904,7.580650985842748
1808908,476318,3610712,4087030,7.580465151432446
1808925,476320,3610740,4087060,7.580492106147128
1809148,476518,3611172,4087690,7.578248880420047
1809506,476586,3611555,4088141,7.577971237090472
1810029,476618,3613310,4089928,7.581144648334725
1810032,476618,3613319,4089937,7.5811635313815255
1810052,476627,3613353,4089980,7.581091713226486
1810063,476630,3613365,4089995,7.581069173153179
1810077,476634,3613401,4090035,7.581081081081081
1810149,476706,3613606,4090312,7.580366095664833
1810184,476731,3613671,4090402,7.580104922902014
1810212,476743,3613704,4090447,7.57998334532442
1810224,476743,3613738,4090481,7.580054662575014
1810272,476743,3613811,4090554,7.580207784907172
1810303,476768,3613865,4090633,7.579923568695886
1810325,476768,3613889,4090657,7.579973907644808
1810328,476769,3613892,4090661,7.579964301370265
1810354,476779,3613909,4090688,7.579840974539566
1810365,476785,3613923,4090708,7.579774950973709
1810430,476804,3613951,4090755,7.579531631446045
1810446,476804,3613977,4090781,7.579586161189923
1810468,476808,3614035,4090843,7.579644217378903
1810592,476813,3614226,4091039,7.579965311348474
1810623,476825,3614242,4091067,7.579808105699156
1810704,476825,3614297,4091122,7.57992345200021
1810736,476825,3614331,4091156,7.5799947569863155
1810812,476833,3614456,4091289,7.580129730954024
1811587,477296,3616164,4093460,7.576355133921089
1811656,477316,3616214,4093530,7.576142429753036
1811767,477316,3616429,4093745,7.57659286510404
1811787,477316,3616458,4093774,7.576653621500222
1811801,477316,3616458,4093774,7.576653621500222
1811933,477333,3616691,4094024,7.576871911223401
1811957,477340,3616709,4094049,7.576798508400721
1812035,477371,3616839,4094210,7.576578803488272
1812123,477385,3616879,4094264,7.57644039925846
1812154,477406,3616919,4094325,7.576190915070192
1812178,477413,3616943,4094356,7.576130101191212
1812286,477413,3617086,4094499,7.576429632205239
1812704,477413,3618220,4095633,7.5788049340927035
1812705,477413,3618224,4095637,7.578813312582606
1812724,477413,3618254,4095667,7.578876151256878
1812886,477527,3618582,4096109,7.577753718637899
1812991,477527,3618838,4096365,7.578289813979105
1813011,477532,3618846,4096378,7.578227218280659
1813027,477532,3618872,4096404,7.5782816648936615
1813081,477532,3618982,4096514,7.578512015948669
1813099,477543,3618991,4096534,7.578356294616401
1813180,477557,3619056,4096613,7.578270237898304
1813294,477557,3619215,4096772,7.578603182447331
1813951,477707,3620381,4098088,7.578664327715525
1814074,477707,3620718,4098425,7.579369781058264
1814107,477733,3620788,4098521,7.5791038090314045
1814247,477733,3620873,4098606,7.579281732683319
1814264,477742,3620931,4098673,7.579260353914875
1814296,477762,3620983,4098745,7.579051912877123
1814609,477762,3621445,4099207,7.580018921555084
1814926,477765,3622375,4100140,7.581917888501669
1814957,477765,3622406,4100171,7.581982773957908
1814961,477765,3622413,4100178,7.581997425512543
1815041,477789,3622563,4100352,7.5819305174459855
1815072,477789,3622623,4100412,7.582056095891701
1815101,477797,3622643,4100440,7.58197100442238
1815225,477936,3622879,4100815,7.580259700043521
1815254,477941,3622899,4100840,7.580222245005136
1815269,477948,3622923,4100871,7.58016144015667
1815319,477980,3623009,4100989,7.57983388426294
1815364,477984,3623052,4101036,7.579860413737698
1815408,478009,3623153,4101162,7.579675278080538
1815474,478009,3623338,4101347,7.580062300082216
1815493,478022,3623369,4101391,7.579921007819724
1815580,478022,3623588,4101610,7.580379145729695
1815629,478031,3623686,4101717,7.580441435806464
1815646,478033,3623714,4101747,7.58046829402991
1815780,478047,3623973,4102020,7.58078808150663
1815832,478079,3624047,4102126,7.580435451044702
1815862,478091,3624080,4102171,7.580314207964593
1815877,478100,3624111,4102211,7.580236352227567
1815970,478100,3624263,4102363,7.580554277347836
1815980,478100,3624275,4102375,7.580579376699435
1816031,478127,3624370,4102497,7.5803499906928495
1816064,478141,3624407,4102548,7.5802054205767755
1816074,478141,3624423,4102564,7.580238883509257
1816148,478174,3624609,4102783,7.580104731750367
1816167,478181,3624615,4102796,7.580006315600159
1816170,478181,3624624,4102805,7.580025136925139
1816177,478181,3624629,4102810,7.580035593216794
1816197,478192,3624675,4102867,7.579957422959815
1816236,478221,3624758,4102979,7.579671323509423
1816389,478289,3625005,4103294,7.5791101196138735
1816430,478301,3625102,4103403,7.57912276997121
1816496,478301,3625258,4103559,7.579448924422069
1816568,478332,3625424,4103756,7.579304750675263
1816596,478341,3625455,4103796,7.579226953156849
1816631,478370,3625544,4103914,7.578953529694588
1816645,478378,3625573,4103951,7.578887407029588
1816655,478382,3625592,4103974,7.578863753234862
1817065,478382,3626447,4104829,7.580651027839676
1817244,478423,3626626,4105049,7.580375525424154
1817390,478429,3626874,4105303,7.5807988228138345
1817430,478452,3626944,4105396,7.58058070611054
1817453,478457,3626952,4105409,7.58051820748782
1817454,478457,3626954,4105411,7.580522387591779
1817455,478457,3626956,4105413,7.580526567695738
1818529,478809,3627907,4106716,7.576939865374293
1818562,478814,3627936,4106750,7.576921309736139
1818588,478814,3627975,4106789,7.577002760988609
1818706,478847,3628268,4107115,7.577092474214102
1818716,478851,3628289,4107140,7.5770730352447835
1818752,478861,3628353,4107214,7.577048454561971
1818802,478897,3628453,4107350,7.576687680231866
1818842,478906,3628477,4107383,7.57659540703186
1818887,478924,3628538,4107462,7.5764380152174455
1818936,478943,3628565,4107508,7.576193826822816
1818957,478950,3628592,4107542,7.576139471761144
1819013,478964,3628629,4107593,7.575995273131174
1819053,478972,3628706,4107678,7.576029496505015
1819235,478972,3628946,4107918,7.576530569636638
1820699,478972,3631032,4110004,7.580885730272334
1820701,478972,3631034,4110006,7.580889905881763
1820761,478997,3631103,4110100,7.580638292097863
1820785,479006,3631146,4110152,7.580585629407564
1820786,479006,3631148,4110154,7.580589804720609
1820800,479011,3631161,4110172,7.58053781645933
1820810,479013,3631178,4110191,7.580541655445677
1821831,479013,3632384,4111397,7.583059332418953
1821967,479027,3632437,4111464,7.582948351554297
1821985,479030,3632466,4111496,7.582961401164854
1822035,479035,3632562,4111597,7.583082655755843
1822053,479035,3632562,4111597,7.583082655755843
1822181,479072,3632738,4111810,7.582864371117494
1822291,479072,3633142,4112214,7.583707668158439
1822368,479105,3633341,4112446,7.583600672086495
1822610,479105,3633829,4112934,7.584619237954102
1822713,479108,3634197,4113305,7.58533983986909
1822716,479109,3634200,4113309,7.585330269312411
1822720,479113,3634207,4113320,7.585281551533772
1822897,479113,3634521,4113634,7.585936929283906
1823301,479196,3635055,4114251,7.585737360078131
1823374,479245,3635143,4114388,7.585145384928377
1823651,479245,3635365,4114610,7.585608613548394
1823672,479246,3635412,4114658,7.58569085605305
1823750,479284,3635532,4114816,7.585339798532812
1823814,479326,3635656,4114982,7.584933844606802
1823868,479346,3635738,4115084,7.584788440917417
1823998,479346,3636124,4115470,7.5855937047560635
1824688,479460,3636871,4116331,7.585348099945772
1824733,479484,3636917,4116401,7.585064360854585
1824798,479541,3637081,4116622,7.584504766015836
1824801,479541,3637090,4116631,7.5845235339626855
1824872,479541,3637262,4116803,7.584882210280247
1824905,479553,3637343,4116896,7.584861318769771
1824912,479554,3637350,4116904,7.584860099175484
1824923,479554,3637377,4116931,7.584916401489718
1824944,479554,3637420,4116974,7.585006068138312
1825009,479565,3637523,4117088,7.585046865388425
1825133,479643,3637721,4117364,7.58422618489168
1825345,479714,3638027,4117741,7.583741562681097
1825361,479714,3638053,4117767,7.583795761641311
1825394,479745,3638135,4117880,7.583476638630939
1825478,479754,3638258,4118012,7.583590756929593
1825510,479762,3638288,4118050,7.583526832054227
1825606,479762,3638437,4118199,7.583837402712178
1825653,479799,3638522,4118321,7.5834297278652105
1825682,479799,3638522,4118321,7.5834297278652105
1825736,479811,3638601,4118412,7.58340471560677
1825742,479814,3638610,4118424,7.583376058222561
1825785,479848,3638710,4118558,7.5830471315916705
1825908,479884,3638791,4118675,7.582647056371957
1825931,479896,3638849,4118745,7.582578308633537
1825959,479909,3638885,4118794,7.582447922418625
1826046,479936,3639053,4118989,7.5823713995199356
1826067,479945,3639089,4119034,7.582304222358812
1826618,480188,3640217,4120405,7.580816263630078
1826633,480202,3640246,4120448,7.580655640751184
1826704,480202,3640442,4120644,7.5810638023165255
1826719,480206,3640460,4120666,7.581038137799195
1826760,480206,3640483,4120689,7.581086033910447
1826774,480212,3640511,4120723,7.581049619751276
1826775,480212,3640515,4120727,7.581057949405679
1826820,480212,3640618,4120830,7.581272438006547
1827052,480270,3641348,4121618,7.581876860932392
1827108,480277,3641390,4121667,7.581853805199916
1827251,480358,3641644,4122002,7.581104093197157
1827300,480369,3641736,4122105,7.581122012452926
1827339,480369,3641780,4122149,7.581213608704974
1827440,480403,3641947,4122350,7.581024681361273
1827462,480410,3641968,4122378,7.580957931766616
1827470,480410,3641993,4122403,7.5810099706500695
1827483,480413,3642030,4122443,7.581039647136943
1827610,480465,3642330,4122795,7.580843557803378
1827636,480465,3642390,4122855,7.580968436826824
1827667,480465,3642450,4122915,7.5810933158502705
1827814,480606,3642830,4123436,7.5796598461109514
1827832,480617,3642853,4123470,7.579534223716598
1827847,480617,3642909,4123526,7.579650740610507
1827863,480617,3642935,4123552,7.579704837739822
1827887,480628,3642979,4123607,7.579622910026049
1828079,480673,3643169,4123842,7.579308594408257
1828120,480691,3643253,4123944,7.57919952734709
1828166,480691,3643285,4123976,7.579266098179496
1828456,480862,3643705,4124567,7.577444256356293
1828470,480862,3643732,4124594,7.57750040552175
1828473,480862,3643741,4124603,7.577519121910236
1828525,480889,3643810,4124699,7.57723715867903
1828535,480899,3643836,4124735,7.57713366008247
1828581,480916,3643915,4124831,7.577030084255878
1828615,480925,3643938,4124863,7.576936112699485
1828689,480950,3644083,4125033,7.576843746751222
1828710,480964,3644131,4125095,7.576722997979059
1828818,480964,3644436,4125400,7.577357141075008
1828887,481021,3644557,4125578,7.57671078809449
1828972,481048,3644818,4125866,7.576828091999135
1829035,481048,3644945,4125993,7.577092098917364
1829063,481053,3644980,4126033,7.577086100699923
1829073,481053,3645009,4126062,7.577146385117648
1830262,481053,3647000,4128053,7.581285222210442
1830363,481105,3647134,4128239,7.580744328161212
1831703,481541,3648452,4129993,7.576617567351482
1831799,481541,3648672,4130213,7.577074433952665
1831813,481554,3648709,4130263,7.5769467183327315
1831823,481554,3648724,4130278,7.576977867487343
1831894,481575,3648896,4130471,7.57700462025645
1832479,481595,3649373,4130968,7.577680416117277
1832505,481618,3649434,4131052,7.577445195154666
1832522,481625,3649454,4131079,7.577376589670386
1832534,481628,3649495,4131123,7.577414519089421
1832575,481651,3649527,4131178,7.577119117369215
1832604,481657,3649574,4131231,7.577122309029039
1832635,481660,3649595,4131255,7.5771187144458745
1832638,481660,3649604,4131264,7.577137399825603
1833004,481929,3650674,4132603,7.575128286531833
1833046,481929,3650738,4132667,7.575261086176594
1833195,481934,3650986,4132920,7.575697087153013
1833223,481934,3651054,4132988,7.575838185311682
1833573,482124,3651575,4133699,7.573933261982394
1833692,482124,3651845,4133969,7.574493283885474
1833742,482135,3651883,4134018,7.574399286506892
1833835,482202,3652086,4134288,7.573767840033844
1833885,482209,3652157,4134366,7.573805134288245
1834061,482218,3653174,4135392,7.575772783264001
1834189,482267,3653404,4135671,7.575479972712211
1834486,482405,3654031,4136436,7.57461261802842
1834574,482408,3654280,4136688,7.575081673604086
1834703,482409,3654662,4137071,7.575857830181444
1834721,482414,3654684,4137098,7.575824913870659
1835000,482593,3655164,4137757,7.574009569140041
1835183,482620,3655277,4137897,7.573819982595002
1835286,482620,3655414,4138034,7.574103849819734
1835389,482701,3655606,4138307,7.573230633456322
1835470,482707,3655744,4138451,7.573422386665203
1835695,482741,3655871,4138612,7.573152062907439
1835765,482782,3655973,4138755,7.572720192550675
1835803,482782,3656030,4138812,7.572838258261493
1835913,482853,3656265,4139118,7.572211418381992
1836108,482853,3656664,4139517,7.573037756832825
1836123,482859,3656688,4139547,7.572993358309569
1836129,482859,3656704,4139563,7.573026494276797
1836207,482899,3656889,4139788,7.572782300232554
1836267,482899,3656889,4139788,7.572782300232554
1836281,482899,3656924,4139823,7.572854779156718
1836420,482958,3657121,4140079,7.572337553161972
1836446,482961,3657152,4140113,7.5723547035889025
1836687,483008,3657314,4140322,7.57195325957334
1837299,483008,3658053,4141061,7.573483254935736
1837339,483017,3658083,4141100,7.573404248711743
1837345,483019,3658088,4141107,7.57338324165302
1837364,483033,3658104,4141137,7.573196862326176
1837390,483051,3658135,4141186,7.572978836603174
1837428,483058,3658177,4141235,7.5729560425456155
1837442,483064,3658215,4141279,7.572940645545931
1837480,483078,3658271,4141349,7.572837098770799
1837501,483087,3658299,4141386,7.572753975991902
1837608,483087,3658496,4141583,7.573161770033141
1837843,483206,3659258,4142464,7.57287368120429
1839307,483206,3661344,4144550,7.577190680579298
1839408,483267,3661540,4144807,7.576639828500601
1839721,483276,3662126,4145402,7.577711287131991
1839746,483300,3662209,4145509,7.5775067246016965
1839755,483308,3662238,4145546,7.577441300371606
1840202,483428,3662890,4146318,7.576909074360608
1841413,483428,3665678,4149106,7.582676220657471
1841438,483443,3665734,4149177,7.582556785391453
1841455,483443,3665738,4149181,7.582565059376183
1841472,483443,3665783,4149226,7.5826581417044
1841488,483443,3665809,4149252,7.582711922605147
1841499,483443,3665821,4149264,7.582736744559338
1841553,483464,3665884,4149348,7.582537686363411
1841617,483500,3665973,4149473,7.582157187176835
1841681,483544,3666039,4149583,7.581603742368843
1841682,483544,3666039,4149583,7.581603742368843
1841691,483546,3666057,4149603,7.581609609013413
1841810,483546,3666360,4149906,7.5822362298519685
1841813,483546,3666369,4149915,7.582254842352124
1841847,483567,3666399,4149966,7.581987604613218
1842136,483580,3666583,4150163,7.582164274783904
1842307,483580,3666927,4150507,7.5828756358823775
1842362,483596,3667016,4150612,7.582808790808857
1842600,483597,3667736,4151333,7.5842819537755615
1843123,483768,3668354,4152122,7.582878569893007
1843135,483783,3668392,4152175,7.5827220055272715
1843166,483790,3668425,4152215,7.582680501870646
1843208,483802,3668460,4152262,7.582564768231632
1843227,483809,3668517,4152326,7.582572874832837
1843287,483820,3668612,4152432,7.582596833533132
1843333,483830,3668673,4152503,7.582566190604138
1843362,483843,3668731,4152574,7.58248233414558
1843388,483852,3668764,4152616,7.582409497118953
1843400,483859,3668778,4152637,7.582328736264077
1843409,483861,3668794,4152655,7.582330462674197
1843436,483872,3668821,4152693,7.582213891277032
1843756,484048,3669304,4153352,7.580454830925858
1843771,484048,3669324,4153372,7.580496149142234
1844364,484048,3670622,4154670,7.583177701384987
1844460,484066,3670741,4154807,7.583141555077201
1844524,484066,3670916,4154982,7.5835030760268225
1844543,484071,3670954,4155025,7.583503246424595
1844844,484071,3671553,4155624,7.584740668207763
1844865,484071,3671590,4155661,7.584817103276173
1844866,484071,3671592,4155663,7.584821234901492
1844911,484083,3671648,4155731,7.584748896366945
1844982,484083,3671775,4155858,7.585011248071095
1845241,484084,3672270,4156354,7.586018129085035
1845341,484108,3672549,4156657,7.586218364497178
1845360,484115,3672571,4156686,7.586154116274026
1845415,484152,3672654,4156806,7.585745798840033
1845438,484154,3672661,4156815,7.585728920963165
1845462,484169,3672692,4156861,7.585557935349021
1845495,484177,3672734,4156911,7.58551934519814
1845529,484187,3672792,4156979,7.585482468550374
1845546,484197,3672824,4157021,7.585391896273624
1845649,484197,3672993,4157190,7.585740927762873
1845682,484204,3673036,4157240,7.585720068400922
1845712,484217,3673085,4157302,7.585617605329841
1846353,484226,3674050,4158276,7.5874694873881205
1846449,484226,3674192,4158418,7.587762738886388
1846517,484226,3674372,4158598,7.588134466137713
1846535,484229,3674397,4158626,7.5881390829545525
1846593,484264,3674544,4158808,7.5878942064658945
1846620,484264,3674590,4158854,7.587989195975749
1846638,484281,3674650,4158931,7.5878467253516035
1846654,484290,3674679,4158969,7.5877655949947345
1846669,484300,3674693,4158993,7.58763782779269
1846700,484309,3674753,4159062,7.587620713222344
1846798,484310,3675042,4159352,7.588201771592575
1846810,484318,3675057,4159375,7.588107400509583
1846837,484342,3675091,4159433,7.587801594740906
1846881,484350,3675193,4159543,7.587886858676577
1847297,484350,3675935,4160285,7.589418808712708
1847320,484356,3675960,4160316,7.589376409087531
1847340,484356,3675981,4160337,7.5894197656269355
1847418,484366,3676062,4160428,7.589430306834088
1847481,484366,3676189,4160555,7.589692505254291
1847508,484372,3676236,4160608,7.589695523275499
1847537,484402,3676289,4160691,7.589334891267996
1847628,484405,3676384,4160789,7.589484006151877
1847629,484405,3676386,4160791,7.589488134928417
1847942,484405,3677172,4161577,7.591110744108752
1847960,484410,3677196,4161606,7.591081934724716
1847982,484415,3677207,4161622,7.5910262894419045
1848100,484432,3677314,4161746,7.590980777487862
1848193,484432,3677466,4161898,7.591294547015886
1848215,484446,3677494,4161940,7.591132964251949
1848224,484446,3677494,4161940,7.591132964251949
1848275,484464,3677586,4162050,7.591040820370554
1848281,484464,3677634,4162098,7.5911398989398595
1848310,484473,3677662,4162135,7.591056673952934
1848331,484473,3677693,4162166,7.591120661006909
1848772,484536,3677915,4162451,7.590591823930523
1848796,484551,3677949,4162500,7.5904270138747005
1848797,484551,3677951,4162502,7.590431141407199
1848834,484560,3677982,4162542,7.590354135710748
1848837,484563,3677997,4162560,7.5903380984515945
1848866,484575,3678033,4162608,7.5902244234638605
1848902,484606,3678103,4162709,7.589883327899366
1848925,484616,3678127,4162743,7.589776235204781
1848940,484623,3678173,4162796,7.589761525969672
1848955,484628,3678203,4162831,7.589745124095182
1848984,484643,3678243,4162886,7.589592751778113
1849004,484650,3678263,4162913,7.589524399050862
1849104,484675,3678378,4163053,7.5893701965234435
1849124,484675,3678399,4163074,7.589413524526745
1849127,484675,3678408,4163083,7.589432093671016
1849195,484703,3678585,4163288,7.589358844488275
1849223,484715,3678646,4163361,7.589296803276152
1849303,484715,3678802,4163517,7.5896186418823435
1849466,484726,3679098,4163824,7.590057063165582
1849507,484740,3679133,4163873,7.589910054874778
1849551,484748,3679182,4163930,7.589885878848391
1849604,484770,3679257,4164027,7.589696144563401
1849650,484791,3679404,4164195,7.5896706003205505
1849758,484791,3679597,4164388,7.590068710021432
1849827,484850,3679833,4164683,7.5896318449004845
1849842,484856,3679864,4164720,7.589601861171152
1849897,484874,3679943,4164817,7.58948304095497
1849923,484880,3679986,4164866,7.589477808942418
1849936,484880,3679990,4164870,7.589486058406203
1849970,484880,3680022,4164902,7.589552054116482
1850126,484880,3680284,4165164,7.59009239399439
1850142,484887,3680309,4165196,7.590034379144007
1850158,484901,3680347,4165248,7.589893607148675
1850184,484907,3680384,4165291,7.5898759968406315
1850300,484912,3680665,4165577,7.590377223083776
1850598,484912,3681224,4166136,7.591530009568746
1850684,484973,3681441,4166414,7.591022593010332
1850725,484973,3681498,4166471,7.5911401253265645
1850745,484973,3681513,4166486,7.591171054883468
1850840,485039,3681660,4166699,7.590441181018433
1850979,485089,3681792,4166881,7.5899309198930505
1851109,485089,3682178,4167267,7.590726650161105
1851230,485089,3682322,4167411,7.591023502903591
1851722,485263,3682804,4168067,7.589294877210914
1854073,486263,3687992,4174255,7.584356613602104
1854114,486263,3688063,4174326,7.584502625122619
1854226,486277,3688281,4174558,7.5847325701195
1854250,486277,3688336,4174613,7.5848456743790065
1854297,486297,3688386,4174683,7.584636549269273
1854326,486307,3688429,4174736,7.584569006820795
1854346,486322,3688446,4174768,7.584370026443385
1854443,486347,3688537,4174884,7.584167271516017
1854525,486367,3688650,4175017,7.584087736215656
1854545,486367,3688691,4175058,7.584172034698078
1854574,486377,3688754,4175131,7.5841456318863765
1854614,486386,3688924,4175310,7.584354812844119
1854652,486391,3688990,4175381,7.584412540528094
1856251,486391,3690983,4177374,7.588510067003707
1856302,486401,3691064,4177465,7.588520582811301
1856349,486401,3691136,4177537,7.588668608822761
1856564,486481,3691600,4178081,7.588374468889843
1856583,486491,3691623,4178114,7.588265764423186
1856610,486500,3691664,4178164,7.588209660842755
1856676,486500,3691761,4178261,7.588409044193217
1856761,486551,3691912,4178463,7.587923979192315
1856783,486553,3691919,4178472,7.58790717558005
1856786,486553,3691925,4178478,7.587919507227373
1856877,486556,3692138,4178694,7.588310492522957
1856943,486573,3692276,4178849,7.588328986606326
1857250,486576,3692871,4179447,7.589505031074283
1857304,486590,3692954,4179544,7.5894572432643495
1857385,486618,3693137,4179755,7.589396610893966
1857415,486621,3693169,4179790,7.589415582147092
1857426,486627,3693185,4179812,7.589354885774936
1857447,486631,3693198,4179829,7.589319217230304
1857555,486679,3693372,4180051,7.5889282257915385
1857606,486715,3693452,4180167,7.588531276003411
1857699,486788,3693635,4180423,7.587769213702885
1857785,486788,3693734,4180522,7.587972587656228
1857870,486815,3693880,4180695,7.587851647956616
1857884,486815,3693904,4180719,7.587900947998726
1857963,486834,3694033,4180867,7.587869787237539
1858029,486837,3694186,4181023,7.588137302629011
1858044,486849,3694213,4181062,7.588005726621601
1858086,486863,3694258,4181121,7.587879958016937
1858219,486863,3694258,4181121,7.587879958016937
1858519,486867,3694797,4181664,7.588924696066893
1858529,486867,3694813,4181680,7.588957559251295
1858578,486879,3694849,4181728,7.588844456220128
1858600,486896,3694897,4181793,7.58867807498932
1858873,486960,3695036,4181996,7.5879661573845905
1858946,486969,3695216,4182185,7.588195552488967
1859016,486969,3695344,4182313,7.588458402896283
1859019,486969,3695353,4182322,7.588476884565547
1859088,486969,3695437,4182406,7.588649380145348
1859114,486988,3695492,4182480,7.58846624557484
1859133,486996,3695524,4182520,7.588407296979852
1859499,487015,3696293,4183308,7.589690255946942
1859719,487015,3697002,4184017,7.591146063262938
1860835,487130,3698724,4185854,7.592888961878759
1860862,487139,3698808,4185947,7.592921116970721
1860940,487139,3698972,4186111,7.5932577765278495
1860953,487139,3698977,4186116,7.593268040538738
1860973,487147,3698998,4186145,7.593186450907016
1861004,487157,3699019,4186176,7.593073690822465
1861016,487165,3699035,4186200,7.59298184393378
1861273,487175,3699449,4186624,7.593675783855904
1861301,487189,3699481,4186670,7.593523252782801
1861332,487205,3699542,4186747,7.5933990825217315
1861565,487280,3699794,4187074,7.592747496306025
1861578,487285,3699808,4187093,7.592698318232657
1861662,487320,3699883,4187203,7.592306903061643
1861760,487320,3700173,4187493,7.592901994582615
1862014,487439,3700717,4188156,7.592164352872873
1862019,487439,3700721,4188160,7.592172559027899
1862049,487448,3700758,4188206,7.592108286422347
1862196,487448,3701014,4188462,7.592633470647125
1862209,487448,3701037,4188485,7.59268065516732
1862264,487504,3701203,4188707,7.592148987495487
1862346,487564,3701377,4188941,7.591571568040298
1862420,487581,3701413,4188994,7.591380714178772
1862436,487581,3701439,4189020,7.591434038652039
1862463,487585,3701469,4189054,7.591433288554816
1862483,487585,3701490,4189075,7.591476357968355
1862521,487589,3701514,4189103,7.591463302084337
1862523,487589,3701519,4189108,7.591473556622483
1862536,487597,3701529,4189126,7.591369512117589
1862558,487597,3701576,4189173,7.5914659031946465
1862616,487627,3701772,4189399,7.591400804303289
1862658,487627,3701872,4189499,7.591605879083808
1862673,487636,3701910,4189546,7.591543692426318
1862680,487645,3701928,4189573,7.591440494622113
1862688,487649,3701941,4189590,7.5914048834305
1862712,487660,3701967,4189627,7.591286962227781
1862942,487666,3705610,4193276,7.598663839595133
1863023,487715,3705858,4193573,7.598408906841086
1863185,487753,3706358,4194111,7.598842036850619
1863511,487873,3706865,4194738,7.598012187598002
1863539,487905,3706930,4194835,7.597647082936227
1863587,487916,3707011,4194927,7.597641807196321
1863873,487926,3707390,4195316,7.598262851334014
1863902,487926,3707428,4195354,7.598340731996245
1863938,487942,3707479,4195421,7.598196097077111
1863959,487949,3707516,4195465,7.59816292276447
1864027,487974,3707565,4195539,7.59787406706095
1864032,487977,3707575,4195552,7.597847849386344
1864055,487977,3707616,4195593,7.597931869739762
1864097,487995,3707692,4195687,7.597807354583551
1864234,488065,3708051,4196116,7.597453208076793
1864310,488119,3708175,4196294,7.596866747657845
1864377,488119,3708327,4196446,7.597178147132154
1864523,488165,3708658,4196823,7.597140311165282
1864533,488173,3708670,4196843,7.59704039346707
1864567,488187,3708740,4196927,7.596965916749115
1864987,488372,3709553,4197925,7.5957528277624435
1865118,488388,3709688,4198076,7.595780404104933
1865188,488395,3709843,4198238,7.595988902425291
1865335,488415,3709950,4198365,7.59589693191241
1865359,488415,3709990,4198405,7.595978829479029
1865444,488420,3710123,4198543,7.596173375373654
1865488,488420,3710180,4198600,7.596290078211376
1865497,488422,3710194,4198616,7.596287636511049
1865592,488480,3710370,4198850,7.595745987553227
1865611,488493,3710392,4198885,7.595588882542841
1865664,488526,3710479,4199005,7.59525388618006
1865678,488535,3710492,4199027,7.595140573346843
1865682,488535,3710502,4199037,7.595161042709325
1865711,488547,3710561,4199108,7.5950952518386154
1865734,488560,3710592,4199152,7.594956607172097
1866121,488616,3711153,4199769,7.5952342944152464
1866137,488616,3711178,4199794,7.595285459338212
1866184,488625,3711383,4200008,7.595565106165259
1866233,488639,3711436,4200075,7.595455950098129
1866661,488639,3712343,4200982,7.597312126129924
1866761,488647,3712396,4201043,7.597296207691851
1866779,488647,3712425,4201072,7.5973555552372165
1866789,488651,3712440,4201091,7.59732406154904
1866879,488672,3712526,4201198,7.59717356427215
1866914,488682,3712592,4201274,7.597153158904973
1866981,488682,3712652,4201334,7.597275938135638
1867168,488714,3712958,4201672,7.597404617015268
1867179,488728,3712984,4201712,7.597240182678299
1867206,488733,3712992,4201725,7.59717882770347
1867224,488741,3713027,4201768,7.597126085186224
1867260,488741,3713061,4201802,7.597195651684634
1867309,488745,3713089,4201834,7.597190764099889
1867359,488758,3713128,4201886,7.597068487881528
1867531,488758,3713508,4202266,7.597845968761637
1867552,488770,3713530,4202300,7.597704441761974
1867983,488770,3715000,4203770,7.600711991325163
1867985,488770,3715002,4203772,7.60071608322933
1868030,488807,3715052,4203859,7.600243040709318
1868090,488816,3715129,4203945,7.60026062976662
1868414,488937,3715610,4204547,7.59936351718115
1868615,488998,3715902,4204900,7.599012674898466
1868684,489033,3715986,4205019,7.598640582537374
1868886,489033,3716080,4205113,7.598832798604593
1869011,489101,3716309,4205410,7.598244534359979
1869020,489105,3716318,4205423,7.598200795330246
1869035,489105,3717257,4206362,7.600120628494904
1869061,489112,3717307,4206419,7.600114084299711
1869196,489154,3717462,4206616,7.59977839289876
1869198,489154,3717464,4206618,7.5997824815906645
1869207,489154,3717468,4206622,7.599790658974475
1869209,489154,3717468,4206622,7.599790658974475
1869274,489193,3717611,4206804,7.599477097996087
1869295,489200,3717644,4206844,7.599435813573181
1869332,489216,3717709,4206925,7.5993201367085295
1869370,489216,3717738,4206954,7.59937941522763
1869493,489235,3718031,4207266,7.599683178840435
1869544,489272,3718134,4207406,7.599318988211056
1869586,489287,3718242,4207529,7.599306746347236
1869632,489311,3718300,4207611,7.599052545313716
1869663,489323,3718356,4207679,7.598980632424799
1869731,489364,3718451,4207815,7.598538102516736
1869767,489364,3718489,4207853,7.5986157543260235
1870841,490073,3721385,4211458,7.5935319840105455
1872517,490073,3723584,4213657,7.598019070628253
1872538,490073,3723614,4213687,7.598080285998209
1872553,490080,3723649,4213729,7.598043176624224
1872577,490080,3723704,4213784,7.598155403199478
1872633,490089,3723807,4213896,7.598226036495412
1872642,490089,3723827,4213916,7.598266845409711
1872654,490094,3723850,4213944,7.598236256718099
1872687,490123,3724033,4214156,7.598160053700806
1872739,490138,3724115,4214253,7.598094822274543
1872778,490157,3724185,4214342,7.597943108024571
1872804,490161,3724214,4214375,7.597940268605622
1872842,490177,3724285,4214462,7.5978371078202365
1872861,490177,3724321,4214498,7.597910550678632
1872869,490178,3724324,4214502,7.597901170595171
1873147,490178,3724993,4215171,7.599265980929377
1873416,490178,3725509,4215687,7.600318659752172
1873479,490206,3725673,4215879,7.600219091565586
1873522,490217,3725780,4215997,7.600266820612096
1873571,490217,3725885,4216102,7.60048101147043
1873607,490222,3725893,4216115,7.600419809800457
1873689,490267,3726068,4216335,7.600079140549945
1873720,490278,3726148,4216426,7.600071796001452
1873790,490349,3726368,4216717,7.5994200049352605
1873828,490356,3726427,4216783,7.599431841356076
1873890,490411,3726535,4216946,7.598799782223482
1873956,490415,3726668,4217083,7.599009002579448
1873983,490415,3726704,4217119,7.599082409795785
1873994,490420,3726723,4217143,7.5990436768484155
1874045,490420,3726817,4217237,7.599235349292443
1874063,490426,3726857,4217283,7.5992239400031805
1874078,490429,3726877,4217306,7.599218235463237
1874087,490431,3726897,4217328,7.599228025960839
1874105,490431,3726924,4217355,7.599283079576944
1874138,490431,3726956,4217387,7.599348328307142
1874434,490431,3727526,4217957,7.600510571313803
1874490,490459,3727686,4218145,7.600402887907042
1874645,490459,3727912,4218371,7.60086368075619
1874654,490464,3727926,4218390,7.600814738696418
1874669,490473,3727939,4218412,7.600701771555213
1874791,490548,3728214,4218762,7.600100295995499
1874841,490548,3728380,4218928,7.600438693053483
1874878,490571,3728426,4218997,7.600176121295388
1875078,490571,3728866,4219437,7.601073035299682
1875138,490580,3728999,4219579,7.601204696481716
1875196,490597,3729045,4219642,7.601035065440677
1875241,490604,3729072,4219676,7.600981647112539
1876300,490604,3730397,4221001,7.6036823996543035
1876323,490622,3730426,4221048,7.603462543465234
1876380,490644,3730529,4221173,7.603331539772218
1876409,490652,3730593,4221245,7.603338007386091
1876438,490658,3730641,4221299,7.603342857958089
1876468,490671,3730676,4221347,7.6032127433657175
1876478,490681,3730689,4221370,7.603084284902003
1876575,490681,3730920,4221601,7.603555059193243
1876594,490686,3730947,4221633,7.603532605372886
1876615,490686,3730977,4221663,7.603593744268228
1876649,490708,3731023,4221731,7.6033465930859085
1876673,490717,3731059,4221776,7.60328050587202
1876723,490717,3731141,4221858,7.603447608295617
1876836,490735,3731223,4221958,7.603335812607619
1876842,490735,3731271,4222006,7.603433625072595
1876893,490761,3731380,4222141,7.603252907219604
1876932,490775,3731416,4222191,7.603109367836585
1877124,490840,3731817,4222657,7.60291948496455
1877141,490851,3731836,4222687,7.602787811372494
1877292,490934,3732110,4223044,7.602060562112219
1877303,490934,3732122,4223056,7.602085005316397
1877402,490973,3732292,4223265,7.601827391730299
1877518,490973,3732476,4223449,7.602202157756129
1877519,490973,3732476,4223449,7.602202157756129
1877546,490996,3732529,4223525,7.601953987405193
1877605,491045,3732654,4223699,7.6014499689437836
1877665,491068,3732727,4223795,7.6012425977665
1877674,491070,3732743,4223813,7.601244221801372
1877713,491086,3732781,4223867,7.601073946314902
1877721,491088,3732787,4223875,7.601055208027889
1877745,491101,3732820,4223921,7.600921195436377
1877827,491147,3732935,4224082,7.600443451756806
1877847,491157,3732957,4224114,7.60033349825005
1877928,491157,3733159,4224316,7.600744772038269
1878112,491300,3733561,4224861,7.5993507022186035
1878121,491302,3733575,4224877,7.599348262372227
1878142,491314,3733593,4224907,7.599199290067045
1878198,491351,3733710,4225061,7.598865169705567
1879054,491418,3735374,4226792,7.601215258700332
1879208,491473,3735515,4226988,7.600651510866314
1879228,491473,3735560,4227033,7.600743072355958
1879231,491473,3735565,4227038,7.600753245854808
1879442,491518,3736179,4227697,7.601306564561217
1879538,491518,3736390,4227908,7.601735846906929
1879569,491527,3736453,4227980,7.6017248289514106
1879592,491535,3736479,4228014,7.601654002258232
1879678,491557,3736695,4228252,7.601753204613097
1879852,491557,3736916,4228473,7.602202796420354
1879869,491560,3736940,4228500,7.60220522418423
1879937,491560,3737052,4228612,7.602433070225405
1879968,491567,3737081,4228648,7.602383805259507
1880008,491570,3737181,4228751,7.602540838537746
1880049,491593,3737254,4228847,7.602333637785729
1880119,491620,3737400,4229020,7.602213091412066
1880164,491636,3737665,4229301,7.60250469859815
1880256,491636,3737909,4229545,7.603001000740385
1880294,491651,3737954,4229605,7.602860565726501
1880333,491689,3738052,4229741,7.602472294478827
1880334,491689,3738054,4229743,7.6024763620906715
1880781,491723,3738919,4230642,7.603709812231683
1880848,491733,3738972,4230705,7.6036629634374755
1880870,491740,3738990,4230730,7.603591328750966
1880887,491740,3739035,4230775,7.603682840525481
1881265,491740,3739720,4231460,7.605075853093098
1881486,491874,3739993,4231867,7.60355904154316
1881579,491931,3740112,4232043,7.602919921696335
1881634,491938,3740212,4232150,7.603015014087141
1881666,491955,3740266,4232221,7.6028620503907876
1881677,491957,3740302,4232259,7.602904318873398
1881711,491987,3740350,4232337,7.602538278450447
1881838,492021,3740720,4232741,7.602764922635416
1881872,492030,3740783,4232813,7.6027538971200945
1883079,492030,3744885,4236915,7.611090787147125
1883477,492196,3745793,4237989,7.6103686336337555
1883530,492220,3745886,4238106,7.610186501970664
1883805,492282,3746535,4238817,7.610546394139944
1883854,492294,3746655,4238949,7.610604638691513
1883871,492294,3746700,4238994,7.61069604748382
1884518,492583,3747866,4240449,7.608597941869695
1884538,492587,3747886,4240473,7.608576759029369
1884584,492587,3747918,4240505,7.608641722172936
1884617,492595,3747945,4240540,7.608572965620844
1884682,492595,3748088,4240683,7.6088632649539685
1884719,492618,3748143,4240761,7.608619660670134
1884762,492618,3748227,4240845,7.608790178190809
1884794,492622,3748244,4240866,7.608762905432563
1884863,492622,3748244,4240866,7.608762905432563
1884880,492622,3748289,4240911,7.608854253362619
1885147,492622,3748920,4241542,7.610135154337403
1885771,492622,3749958,4242580,7.612242246590692
1885814,492647,3750058,4242705,7.612058938753306
1886682,492682,3751181,4243863,7.613797540807255
1886884,492682,3751865,4244547,7.615185860250628
1886887,492683,3751868,4244551,7.6151764927955705
1886952,492688,3751991,4244679,7.615348861754295
1886972,492688,3752006,4244694,7.6153793069853535
1886990,492692,3752032,4244724,7.615370251597347
1887057,492708,3752163,4244871,7.615388830707031
1887092,492708,3752215,4244923,7.615494369890483
1887208,492760,3752324,4245084,7.61491192466921
1887292,492760,3752660,4245420,7.615593798197906
1887313,492770,3752686,4245456,7.615492014530106
1887359,492784,3752732,4245516,7.615369005487191
1887398,492799,3752774,4245573,7.615222433487081
1887444,492813,3752820,4245633,7.615099439341089
1887452,492816,3752825,4245641,7.615063228466608
1887493,492824,3752870,4245694,7.6150309238186455
1887528,492824,3752955,4245779,7.615203399185105
1887564,492836,3753001,4245837,7.615111314920176
1887598,492862,3753055,4245917,7.6148191583039475
1887626,492876,3753120,4245996,7.614734740583838
1887667,492892,3753170,4246062,7.614588997183967
1887676,492894,3753186,4246080,7.614590561053695
1887788,492978,3753518,4246496,7.613966546174474
1887813,492987,3753554,4246541,7.613900569386211
1887840,492999,3753579,4246578,7.613765950843714
1887860,493003,3753588,4246591,7.61372243170934
1887904,493022,3753637,4246659,7.6135284023836665
1887926,493022,3753670,4246692,7.613595336516423
1888092,493058,3753772,4246830,7.613246311792933
1888152,493123,3753966,4247089,7.612636198271019
1889421,493762,3756178,4249940,7.6072642285149525
1889641,493790,3756806,4250596,7.608104659875655
1889650,493794,3756812,4250606,7.608055180905398
1889732,493811,3756921,4250732,7.608013997258061
1889824,493826,3757081,4250907,7.608106904051224
1889836,493830,3757110,4250940,7.60810400340198
1890533,493830,3759005,4252835,7.611941356337201
1890553,493830,3759026,4252856,7.611983881092684
1891846,493869,3759890,4253759,7.613132227372036
1891897,493869,3760065,4253934,7.6134865723501575
1891984,493916,3760278,4254194,7.61319333651876
1892042,493926,3760361,4254287,7.6132072415706
1892124,493934,3760483,4254417,7.61333093085311
1892164,493950,3760524,4254474,7.613167324627999
1892444,493950,3760987,4254937,7.614104666464217
1892495,493987,3761073,4255060,7.613708457914885
1892537,493995,3761125,4255120,7.613690421967834
1892671,493995,3761394,4255389,7.614234961892326
1892675,493995,3761403,4255398,7.614253180700209
1892747,494020,3761606,4255626,7.614278774138699
1892784,494025,3761703,4255728,7.614398056778503
1892789,494025,3761711,4255736,7.614414250290977
1892875,494118,3761915,4256033,7.613393966623357
1892901,494124,3761954,4256078,7.6133804470133
1892965,494167,3762005,4256172,7.612821171790103
1893112,494267,3762430,4256697,7.612140806487182
1893165,494270,3762513,4256783,7.6122625285774985
1893559,494385,3763361,4257746,7.612207085570962
1893915,494501,3763688,4258189,7.611082687395981
1893953,494508,3763776,4258284,7.611152903491956
1894494,494532,3764225,4258757,7.611691457782308
1894552,494572,3764301,4258873,7.611229507533786
1894745,494572,3764745,4259317,7.6121272534636
1895026,494576,3765414,4259990,7.613418362395264
1895027,494576,3765417,4259993,7.6134244281970815
1895031,494576,3765419,4259995,7.61342847206496
1895056,494580,3765463,4260043,7.613455861539084
1895509,494742,3766497,4261239,7.613052863916951
1895516,494742,3766501,4261243,7.613060948939043
1895531,494751,3766518,4261269,7.612956820703748
1895598,494751,3766640,4261391,7.613203409391795
1895625,494760,3766695,4261455,7.613176085374727
1895699,494769,3767113,4261882,7.613882438067058
1895714,494773,3767125,4261898,7.613845137062855
1895724,494773,3767137,4261910,7.613869390609431
1895848,494903,3767456,4262359,7.612513967383507
1895858,494906,3767471,4262377,7.612498130958202
1895957,494923,3767695,4262618,7.612689246610079
1896000,494958,3767755,4262713,7.612272152384647
1896400,495043,3768732,4263775,7.612938674014177
1896468,495062,3768829,4263891,7.61284243185702
1896491,495067,3768888,4263955,7.612884720653972
1897341,495072,3770239,4265311,7.615536730010988
1898246,495118,3772178,4267296,7.618745430382252
1898288,495141,3772238,4267379,7.618512706481588
1898379,495166,3772452,4267618,7.618560240404228
1898389,495171,3772461,4267632,7.618501487364971
1898446,495185,3772511,4267696,7.618387067459636
1898461,495192,3772532,4267724,7.618321782258195
1898481,495203,3772571,4267774,7.61823131119965
1898558,495206,3772713,4267919,7.618471908660235
1898790,495206,3773271,4268477,7.619598712455018
1898795,495206,3773271,4268477,7.619598712455018
1898806,495207,3773316,4268523,7.6196741968510135
1898841,495207,3773328,4268535,7.619698429141753
1898927,495258,3773465,4268723,7.61919040177039
1899000,495269,3773522,4268791,7.619136267361777
1899011,495279,3773535,4268814,7.619008679956146
1899535,495282,3774794,4270076,7.621504516618815
1899589,495306,3774934,4270240,7.621417870972691
1899644,495318,3774988,4270306,7.621342248817931
1899694,495331,3775118,4270449,7.621404676872637
1899712,495331,3775128,4270459,7.62142486539304
1899740,495347,3775160,4270507,7.621243290057273
1899780,495362,3775226,4270588,7.621145747958059
1899808,495363,3775275,4270638,7.621229280345928
1899830,495373,3775302,4270675,7.621129936431739
1899861,495383,3775336,4270719,7.6210447270092025
1900796,495383,3776756,4272139,7.623911195983713
1900862,495383,3776823,4272206,7.624046444871947
1900935,495411,3776894,4272305,7.623758858806123
1903268,495755,3780316,4276071,7.625371403213281
1903323,495755,3780492,4276247,7.62572641728273
1903336,495757,3780517,4276274,7.625746081245449
1903373,495783,3780574,4276357,7.625461139248421
1903520,495858,3781029,4276887,7.625225366939729
1903521,495858,3781031,4276889,7.62522940035252
1903548,495876,3781096,4276972,7.625083690277408
1903582,495890,3781185,4277075,7.6250478936861
1903635,495920,3781281,4277201,7.624780206484917
1903648,495920,3781308,4277228,7.624834650750121
1903684,495934,3781343,4277277,7.624689978908484
1903749,495962,3781419,4277381,7.624412757428996
1903832,495962,3781556,4277518,7.624688988269263
1904081,496009,3782065,4278074,7.624992691664869
1904270,496102,3782353,4278455,7.624143825261741
1904279,496105,3782369,4278474,7.6241299724856635
1904314,496124,3782414,4278538,7.623928695245543
1904335,496136,3782459,4278595,7.623834996855701
1904350,496136,3782507,4278643,7.623931744521664
1904360,496136,3782523,4278659,7.623963993743651
1904403,496160,3782658,4278818,7.623867300870687
1904419,496160,3782684,4278844,7.623919703321509
1904486,496160,3782843,4279003,7.624240164463076
1904697,496256,3783148,4279404,7.623379868454991
1904708,496265,3783159,4279424,7.623263780439886
1904736,496272,3783187,4279459,7.62321267369507
1904786,496278,3783229,4279507,7.623205139055126
1904824,496308,3783293,4279601,7.622873296420771
1904836,496310,3783301,4279611,7.622858697185227
1905029,496310,3783745,4280055,7.623753299349197
1905069,496328,3783790,4280118,7.623567479569962
1905080,496337,3783800,4280137,7.623449390232846
1905173,496337,3783800,4280137,7.623449390232846
1905338,496342,3784156,4280498,7.624089841278796
1905385,496342,3784228,4280570,7.624234902547034
1905487,496384,3784414,4280798,7.623964511346054
1906323,496390,3786100,4282490,7.627268881323153
1906357,496390,3786138,4282528,7.627345434033724
1906775,496664,3787127,4283791,7.625128859752267
1906917,496715,3787382,4284097,7.624859325770311
1906948,496725,3787464,4284189,7.624870904423977
1907009,496764,3787573,4284337,7.624491710349381
1907132,496853,3787808,4284661,7.623598931675969
1907156,496867,3787863,4284730,7.623494818532928
1907161,496872,3787876,4284748,7.623444267336457
1907279,496955,3788108,4285063,7.622637864595386
1907351,496978,3788240,4285218,7.622550696409097
1907370,496991,3788301,4285292,7.622474048825834
1907577,497026,3788376,4285402,7.6220881804976
1907596,497026,3788423,4285449,7.622182742955097
1907630,497034,3788487,4285521,7.6221888241045885
1907686,497048,3788554,4285602,7.622108931129388
1907727,497072,3788608,4285680,7.6218495509704836
1907730,497072,3788617,4285689,7.621867656999388
1907845,497121,3788993,4286114,7.6218727432556665
1907849,497121,3789932,4287053,7.623761619404531
1907945,497121,3790032,4287153,7.623962777673846
1907977,497147,3790203,4287350,7.623908019157311
1907989,497158,3790260,4287418,7.623853986056747
1908015,497172,3790288,4287460,7.623695622440524
1908212,497238,3790805,4288043,7.623723448328567
1908227,497238,3790812,4288050,7.6237375260941445
1908473,497238,3792099,4289337,7.626325823850952
1908473,497238,3792099,4289337,7.626325823850952
1908479,497238,3792114,4289352,7.626355990491475
1908516,497258,3792151,4289409,7.6261236621633035
1908555,497291,3792232,4289523,7.625780478633235
1908562,497301,3792248,4289549,7.625659308949711
1908744,497301,3792792,4290093,7.626753213848353
1908821,497301,3792937,4290238,7.627044787764352
1908840,497308,3792963,4290271,7.626989712612707
1908855,497317,3792998,4290315,7.6269220637943205
1908870,497323,3793035,4290358,7.6269044464060585
1909000,497378,3793392,4290770,7.62677882817495
1909427,497378,3793935,4291313,7.62787055318088
1909536,497378,3794139,4291517,7.628280704011838
1909571,497390,3794182,4291572,7.628183115864815
1909604,497390,3794256,4291646,7.628331892478739
1909620,497399,3794296,4291695,7.628274282819226
1909622,497399,3794298,4291697,7.628278303736034
1909653,497423,3794347,4291770,7.62800875713427
1909655,497423,3794352,4291775,7.628018808941284
1909732,497449,3794413,4291862,7.627742743477221
1909775,497469,3794464,4291933,7.627538600395201
1909799,497475,3794488,4291963,7.627494848987387
1909831,497475,3794570,4292045,7.627659681391025
1909840,497478,3794605,4292083,7.62768403828913
1909963,497583,3794763,4292346,7.626391978825644
1910027,497614,3794885,4292499,7.6261620452800765
1910066,497614,3794885,4292499,7.6261620452800765
1910131,497623,3795197,4292820,7.626651099326197
1910198,497671,3795388,4293059,7.626299302149412
1910446,497771,3796195,4293966,7.626388439664022
1910898,497771,3797027,4294798,7.628059890994051
1910928,497781,3797086,4294867,7.628025175729889
1910993,497833,3797226,4295059,7.627509626722214
1911468,498163,3798506,4296669,7.625026346798136
1911500,498179,3798554,4296733,7.624877804965685
1911521,498179,3798586,4296765,7.6249420389056946
1911543,498191,3798632,4296823,7.624850709868303
1911629,498191,3798702,4296893,7.624991218227548
1911668,498199,3798771,4296970,7.625007276208905
1911682,498199,3798797,4296996,7.625059464190012
1911725,498211,3798825,4297036,7.624932006720044
1911861,498211,3799184,4297395,7.625652584948948
1911872,498215,3799213,4297428,7.625649568961191
1911951,498281,3799316,4297597,7.62484622130886
1911979,498281,3799363,4297644,7.624940545595758
1912004,498284,3799395,4297679,7.624958858803414
1912022,498290,3799428,4297718,7.62493327178952
1912093,498323,3799552,4297875,7.624677167218852
1912325,498323,3799875,4298198,7.625325341194366
1912329,498323,3799892,4298215,7.62535945561413
1912384,498360,3800033,4298393,7.625076250100329
1912487,498388,3800160,4298548,7.624902686260504
1912555,498431,3800275,4298706,7.624475604446754
1912621,498431,3800372,4298803,7.624670215135094
1912693,498431,3800568,4298999,7.625063449103286
1912711,498431,3800578,4299009,7.625083512060847
1912752,498440,3800633,4299073,7.625056175266833
1912933,498445,3800951,4299396,7.625617670956675
1912959,498457,3800989,4299446,7.625510324862526
1913084,498468,3801112,4299580,7.62558880409575
1913103,498476,3801145,4299621,7.625532623436234
1913219,498476,3801443,4299919,7.626130445598183
1913437,498476,3802047,4300523,7.6273421388391816
1913458,498476,3802077,4300553,7.6274023222783045
1913547,498493,3802230,4300723,7.6274491316828925
1913740,498493,3802674,4301167,7.628339816206045
1913795,498502,3802730,4301232,7.628314430032377
1913829,498502,3802770,4301272,7.628394670432616
1914037,498617,3803277,4301894,7.62765208566896
1914054,498623,3803306,4301929,7.627618461242261
1914286,498692,3803544,4302236,7.62704033752296
1914415,498692,3803927,4302619,7.627808346634796
1914445,498692,3803988,4302680,7.627930666623888
1914505,498713,3804058,4302771,7.62774982805742
1914527,498713,3804082,4302795,7.6277979519282635
1914964,498985,3804952,4303937,7.625383528562983
1916387,498985,3808124,4307109,7.631740433079151
1916400,498985,3808150,4307135,7.631792538853873
1916498,498985,3808440,4307425,7.632373718648857
1916691,498985,3808884,4307869,7.63326352495566
1916887,499069,3809420,4308489,7.633052744209719
1916896,499072,3809442,4308514,7.633050942549372
1916934,499085,3809511,4308596,7.6329903723814585
1916955,499085,3809559,4308644,7.633086548383542
1916961,499085,3809578,4308663,7.633124618051033
1917091,499086,3809963,4309049,7.6338807339817185
1917273,499215,3810384,4309599,7.632751419728974
1917344,499250,3810490,4309740,7.632428642964447
1917381,499265,3810554,4309819,7.632327521456541
1917407,499281,3810605,4309886,7.632185082148129
1917441,499323,3810706,4310029,7.631745383248919
1917682,499468,3811137,4310605,7.630392737873097
1917683,499468,3811139,4310607,7.63039674213363
1917703,499468,3811160,4310628,7.630438786869229
1917850,499558,3811635,4311193,7.6300149332009495
1937634,499560,3870981,4370541,7.74878092721595
1937790,499607,3871314,4370921,7.74871849273529
1939512,499652,3888552,4388204,7.782520634361515
1939527,499657,3888567,4388224,7.782472776324559
1939529,499657,3888572,4388229,7.782482783189268
1939543,499662,3888642,4388304,7.782545000420284
1939578,499680,3888681,4388361,7.78234269932757
1939698,499702,3888833,4388535,7.7823042533349875
1939769,499702,3889029,4388731,7.782696487106316
1940532,499702,3890620,4390322,7.785880384709286
1940545,499709,3890659,4390368,7.78584936433004
1940554,499712,3890681,4390393,7.785846647669057
1940914,499779,3891337,4391116,7.786115463034661
1941063,499839,3891593,4391432,7.785692993143792
1941071,499844,3891615,4391459,7.785659125647202
1941072,499850,3891619,4391469,7.785573672101631
1941604,499850,3892284,4392134,7.786904071221366
1941630,499869,3892317,4392186,7.786674108616458
1941676,499873,3892378,4392251,7.78673383039292
1941781,499873,3892634,4392507,7.78724596047396
1941946,499882,3893574,4393456,7.788986200743375
1941980,499893,3893634,4393527,7.78893483205406
1942001,499893,3893668,4393561,7.789002846609175
1942004,499894,3893671,4393565,7.788993266572513
1942007,499894,3893680,4393574,7.789011270389323
1942037,499903,3893792,4393695,7.789095084446383
1942123,499903,3893934,4393837,7.789379139553073
1942184,499925,3894032,4393957,7.789232384857729
1942190,499927,3894043,4393970,7.789223226591083
1942240,499934,3894161,4394095,7.789350194225638
1942666,499934,3894974,4394908,7.790976408885973
1942707,499943,3895019,4394962,7.790926165582876
1944758,500867,3897355,4398222,7.781217369082012
1944762,500868,3897363,4398231,7.781217805888977
1944894,500907,3897692,4398599,7.781268778435917
1944916,500907,3897707,4398614,7.781298724114456
1945058,501012,3898054,4399066,7.780360550246302
1945076,501012,3898086,4399098,7.780424420971952
1945589,501229,3899036,4400265,7.778951337612149
1945613,501240,3899068,4400308,7.778844465725002
1945649,501254,3899124,4400378,7.778738922781663
1945721,501254,3899124,4400378,7.778738922781663
1945744,501254,3899152,4400406,7.778794782685026
1945810,501290,3899284,4400574,7.778499471363881
1945835,501314,3899327,4400641,7.7782128566128215
1945879,501321,3899399,4400720,7.778247869129759
1945914,501321,3899495,4400816,7.778439363202419
1946020,501378,3899572,4400950,7.777708635001935
1946886,502120,3902080,4404200,7.771210069306142
1946901,502123,3902103,4404226,7.7712094446978135
1946997,502187,3902243,4404430,7.770497842437179
1947479,502187,3903398,4405585,7.772797782499348
1947574,502239,3903551,4405790,7.772297651118293
1947588,502239,3903577,4405816,7.772349419300373
1947746,502325,3903854,4406179,7.771570198576619
1947932,502325,3904191,4406516,7.77224107898273
1947940,502326,3904204,4406530,7.7722514860867244
1947974,502326,3904270,4406596,7.772382874866123
1948680,502326,3905408,4407734,7.774648335941202
1948755,502362,3905586,4407948,7.7744455193665125
1948828,502365,3905648,4408013,7.7745225085346314
1948856,502374,3905708,4408082,7.774502661363845
1949521,502384,3906994,4409378,7.776907704067009
1949535,502384,3907018,4409402,7.776955476289054
1949611,502406,3907139,4409545,7.776855770034594
1949629,502413,3907163,4409576,7.776795186430287
1949654,502425,3907199,4409624,7.776681096681097
1949658,502425,3907209,4409634,7.776701000149276
1949699,502425,3907281,4409706,7.776844305120167
1949729,502425,3907322,4409747,7.7769259093397025
1949775,502455,3907395,4409850,7.776606860315849
1949853,502490,3907464,4409954,7.776202511492766
1949868,502490,3907489,4409979,7.776252263726641
1949893,502499,3907515,4410014,7.776164728686028
1949930,502523,3907574,4410097,7.7759107543336325
1949953,502523,3907587,4410110,7.775936623796324
1950053,502541,3907708,4410249,7.7758988818822745
1950380,502617,3908604,4411221,7.776505768806069
1950519,502664,3908756,4411420,7.77608104021772
1950540,502674,3908797,4411471,7.77600790969893
1950581,502690,3908878,4411568,7.775921542103483
1950604,502701,3908903,4411604,7.775801122337135
1950689,502732,3909042,4411774,7.7755981318078025
1950713,502732,3909097,4411829,7.775707534034038
1950738,502732,3909124,4411856,7.7757612405814625
1950839,502763,3909350,4412113,7.775731308787639
1951037,502763,3909864,4412627,7.776753659278826
1951063,502774,3909901,4412675,7.776657106373838
1951255,502844,3910045,4412889,7.775860903182696
1951379,502879,3910165,4413044,7.775558335106457
1951390,502884,3910173,4413057,7.7754969336864965
1951787,502884,3910791,4413675,7.7767258453241705
1951829,502899,3910872,4413771,7.776654954573384
1951841,502902,3910890,4413792,7.776644356156866
1951876,502915,3910951,4413866,7.776564628217492
1952097,502980,3911185,4414165,7.7760248916457915
1952145,502993,3911270,4414263,7.775992906461919
1952236,502993,3911318,4414311,7.776088335225341
1952307,503038,3911428,4414466,7.775611385223383
1952427,503064,3911554,4414618,7.775459981234992
1952844,503064,3912517,4415581,7.77737425059237
1952936,503064,3912663,4415727,7.77766447211488
1952984,503094,3912749,4415843,7.7773716243882856
1953046,503094,3912931,4416025,7.777733385808617
1953283,503094,3913293,4416387,7.778452933249055
1953310,503105,3913332,4416437,7.778360382027609
1953338,503107,3913347,4416454,7.778359275462277
1953380,503124,3913420,4416544,7.778241546815496
1953779,503436,3914362,4417798,7.77529219205619
1953786,503437,3914376,4417813,7.775304556478765
1954056,503439,3915169,4418608,7.776848833721663
1954249,503511,3915489,4419000,7.776372313613804
1954362,503532,3915750,4419282,7.776566335406687
1954407,503537,3915854,4419391,7.776695654936976
1954458,503537,3916002,4419539,7.776989575741207
1954576,503537,3916218,4419755,7.777418541239274
1954591,503544,3916248,4419792,7.7773700014298655
1954765,503623,3916435,4420058,7.77652132646841
1954858,503661,3916714,4420375,7.776488550830817
1955284,503843,3917162,4421005,7.774568665238974
1955704,504021,3917966,4421987,7.773418171068269
1956261,504044,3919396,4423440,7.775900516621565
1956275,504044,3919431,4423475,7.775969955003928
1956692,504044,3920394,4424438,7.7778805024958135
1956719,504067,3920427,4424494,7.777591074202437
1956852,504109,3920731,4424840,7.777546125937049
1956861,504115,3920758,4424873,7.777507116431766
1956863,504115,3920763,4424878,7.777517034803567
1956871,504116,3920773,4424889,7.777521443477295
1956902,504125,3920836,4424961,7.77750756260848
1956908,504125,3920847,4424972,7.7775293825936025
1956946,504125,3920902,4425027,7.777638482519216
1956968,504132,3920939,4425071,7.777603881523093
1956992,504134,3920969,4425103,7.777632534207175
1957022,504147,3921023,4425170,7.777539090781062
1957127,504148,3921120,4425268,7.777716067503987
1957516,504184,3921474,4425658,7.77786284372372
1957548,504208,3921513,4425721,7.777569971123029
1957567,504208,3921534,4425742,7.7776116206010215
1957579,504208,3921555,4425763,7.777653270079015
1957582,504208,3921564,4425772,7.777671119855298
1957597,504215,3921584,4425799,7.777602808325813
1957653,504234,3921762,4425996,7.7776627518176085
1957688,504242,3921804,4426046,7.777622649442133
1957717,504255,3921855,4426110,7.777523276913467
1957760,504255,3921904,4426159,7.777620449970749
1957769,504255,3921904,4426159,7.777620449970749
1957795,504265,3922933,4427198,7.779506806936829
1958036,504276,3923428,4427704,7.780318714354838
1958042,504278,3923432,4427710,7.78029578922737
1958196,504278,3923432,4427710,7.78029578922737
1958275,504314,3923547,4427861,7.77996843236555
1958290,504321,3923568,4427889,7.779902086171307
1958295,504325,3923581,4427906,7.779866157735587
1958310,504332,3923600,4427932,7.779795848766289
1958960,504602,3924475,4429077,7.77736711309111
1959033,504646,3924630,4429276,7.776996151757866
1959075,504657,3924709,4429366,7.776983178673832
1959084,504657,3924722,4429379,7.777008938744533
1959109,504668,3924737,4429405,7.776869149619156
1959110,504668,3924741,4429409,7.776877075621993
1959177,504702,3924854,4429556,7.776577069240859
1959231,504706,3924959,4429665,7.776723478619235
1959253,504706,3924999,4429705,7.776802732680015
1959349,504706,3925098,4429804,7.776998886480446
1959359,504717,3925110,4429827,7.776853167220442
1959421,504717,3925165,4429882,7.776962139178986
1959452,504717,3925260,4429977,7.777150363471015
1959510,504717,3925315,4430032,7.777259335429558
1959520,504717,3925320,4430037,7.7772692419712435
1959648,504767,3925565,4430332,7.776984232328975
1959966,504941,3926035,4430976,7.775235126480124
1960048,504975,3926176,4431151,7.774990841130749
1960100,504987,3926316,4431303,7.775083318976528
1960200,505004,3926643,4431647,7.7754691051952065
1960712,505127,3927285,4432412,7.774846721715529
1960780,505171,3927451,4432622,7.774498140233703
1960834,505177,3927600,4432777,7.7747007484505435
1960869,505194,3927694,4432888,7.774625193490025
1960873,505194,3927711,4432905,7.774658843929263
1960918,505194,3927814,4433008,7.774862726002288
1961058,505194,3928010,4433204,7.775250695772317
1961077,505213,3928055,4433268,7.775047356263595
1961284,505353,3928325,4433678,7.77342768322341
1961334,505353,3928432,4433785,7.773639416407937
1961608,505456,3928912,4434368,7.773004969769871
1961931,505459,3929313,4434772,7.773752173766814
1962075,505501,3929735,4435236,7.773941100017606
1962077,505501,3929740,4435241,7.773950991194874
1962191,505501,3929899,4435400,7.774265530631987
1962230,505509,3929962,4435471,7.774267124818747
1962255,505509,3929992,4435501,7.774326470943149
1962269,505513,3930025,4435538,7.774330234830756
1962344,505519,3930204,4435723,7.77459205291987
1962361,505527,3930265,4435792,7.77458968561521
1962454,505566,3930358,4435924,7.774173896187639
1962457,505566,3930367,4435933,7.774191698017668
1962464,505575,3930379,4435954,7.774077040992929
1962498,505576,3930459,4436035,7.774219899678783
1962514,505576,3930486,4436062,7.774273304112537
1963082,505576,3931877,4437453,7.777024621421903
1963083,505576,3931879,4437455,7.7770285773058845
1963608,505580,3932551,4438131,7.778296214248981
1963611,505581,3932554,4438135,7.778286763149723
1963698,505581,3932749,4438330,7.778672458023541
1963853,505645,3933016,4438661,7.778215942014654
1963870,505645,3933046,4438691,7.778275272177121
1965292,506541,3935605,4442146,7.769568504819945
1965365,506553,3935728,4442281,7.76962726506407
1965397,506564,3935769,4442333,7.769539485632615
1965470,506600,3935921,4442521,7.7692874062376625
1965491,506602,3935944,4442546,7.769302134614549
1965761,506697,3936318,4443015,7.768583591377095
1965763,506697,3936323,4443020,7.768593459207376
1965777,506697,3936330,4443027,7.76860727416977
1965854,506697,3936447,4443144,7.76883818139835
1965875,506712,3936481,4443193,7.768675302736071
1966092,506862,3936863,4443725,7.7671299091271395
1966160,506923,3937024,4443947,7.766512862900282
1966376,506961,3937325,4444286,7.766524446653688
1966413,506983,3937371,4444354,7.766278159228219
1966647,507069,3937878,4444947,7.765960845565396
1966673,507085,3937919,4445004,7.765796661309248
1966704,507097,3937989,4445086,7.765750931281392
1966714,507101,3938003,4445104,7.765717283144778
1966730,507109,3938020,4445129,7.765628296875031
1966844,507167,3938332,4445499,7.765355395757216
1966873,507180,3938410,4445590,7.765310146299144
1966954,507180,3938601,4445781,7.765686738436059
1967735,507180,3939744,4446924,7.767940376197799
1967850,507180,3940047,4447227,7.768537797231752
1967893,507186,3940113,4447299,7.768576025363476
1967993,507247,3940253,4447500,7.767917799415275
1968001,507247,3940272,4447519,7.7679552565121135
1968012,507247,3940290,4447537,7.7679907421828025
1968379,507294,3940560,4447854,7.767803285668665
1968734,507481,3940987,4448468,7.7657823642658546
1968770,507497,3941033,4448530,7.765628171201012
1968797,507497,3941066,4448563,7.765693196215938
1969309,507612,3942288,4449900,7.766341221247725
1969329,507612,3942342,4449954,7.766447601711543
1969505,507690,3942772,4450462,7.766101361066792
1969521,507697,3942797,4450494,7.766043525961351
1969598,507712,3942894,4450606,7.766005136770453
1969632,507712,3942966,4450678,7.766146949451658
1969692,507724,3943046,4450770,7.766120963358045
1969721,507743,3943101,4450844,7.765938673699096
1969790,507744,3943170,4450914,7.766059273964832
1969804,507752,3943191,4450943,7.765978272857615
1969848,507754,3943253,4451007,7.766069789701312
1969892,507762,3943313,4451075,7.766065597661897
1969912,507784,3943353,4451137,7.765807902572748
1969960,507809,3943430,4451239,7.765577215055266
1970003,507817,3943497,4451314,7.765586815722987
1970028,507828,3943527,4451355,7.765477681419693
1970072,507831,3943643,4451474,7.7656602294857935
1970153,507875,3943770,4451645,7.7652375092296335
1970155,507875,3943775,4451650,7.765247354171795
1970379,507924,3944359,4452283,7.765648010332255
1970412,507927,3944399,4452326,7.765680895089255
1970455,507958,3944513,4452471,7.765431393934144
1970510,507958,3944612,4452570,7.765626291937522
1970582,507986,3944744,4452730,7.765458103176072
1970594,507988,3944755,4452743,7.765449183838989
1970604,507988,3944771,4452759,7.765480680645999
1970655,507988,3944859,4452847,7.765653913084561
1970766,507988,3945075,4453063,7.766079119979212
1970821,508023,3945284,4453307,7.765955478393694
1970916,508042,3945371,4453413,7.765836289125702
1971020,508052,3945681,4453733,7.7662936077409395
1971038,508052,3945713,4453765,7.766356593419571
1971076,508078,3945777,4453855,7.766085128661348
1971081,508078,3945781,4453859,7.7660930014682785
1971087,508078,3945792,4453870,7.76611465168734
1971207,508102,3945855,4453957,7.765871813139881
1971228,508112,3945872,4453984,7.765752432534559
1971276,508137,3945922,4454059,7.765468761377345
1971290,508137,3945936,4454073,7.7654963130022026
1971300,508137,3945942,4454079,7.765508120841426
1971331,508141,3945973,4454114,7.7655079987641225
1971604,508141,3945992,4454133,7.765545389960661
1971698,508196,3946191,4454387,7.765096537556376
1971759,508222,3946267,4454489,7.764848825906789
1972072,508222,3946862,4455084,7.76601957412312
1972096,508222,3946911,4455133,7.766115988682111
1972110,508226,3946944,4455170,7.766119797098141
1972152,508235,3946973,4455208,7.766039332198687
1972198,508240,3947001,4455241,7.766018022981268
1972207,508242,3947016,4455258,7.766016976164898
1972216,508244,3947036,4455280,7.766025767151211
1972249,508265,3947077,4455342,7.765785564616883
1972264,508272,3947133,4455405,7.765788790254037
1972291,508281,3947179,4455460,7.76574178456405
1972311,508292,3947207,4455499,7.765628811785351
1972340,508304,3947225,4455529,7.76548089332368
1972349,508306,3947248,4455554,7.765495587303711
1972451,508323,3947354,4455677,7.765444412312644
1972538,508380,3947497,4455877,7.764855029702192
1972610,508440,3947600,4456040,7.764141294941389
1972664,508440,3947660,4456100,7.764259302965935
1972669,508442,3947664,4456106,7.764236628760016
1972709,508446,3947741,4456187,7.764326988510088
1972978,508503,3948327,4456830,7.7646090583536385
1973164,508589,3948610,4457199,7.763852541049846
1973411,508589,3949431,4458020,7.765466811118604
1973550,508649,3949775,4458424,7.765227101596582
1973607,508682,3949876,4458558,7.764921896194479
1973608,508682,3949878,4458560,7.764925827923929
1973642,508720,3949938,4458658,7.76446375216229
1974145,508756,3951634,4460390,7.767247953832485
1974254,508846,3951920,4460766,7.766436210562724
1974847,508851,3953213,4462064,7.768900915985229
1974886,508851,3953279,4462130,7.769030619965373
1975166,508851,3953742,4462593,7.769940513038198
1975189,508855,3953792,4462647,7.769977695021175
1975384,508855,3954191,4463046,7.770761808373702
1975543,508855,3954191,4463046,7.770761808373702
1975709,508926,3954483,4463409,7.770251470744273
1976920,508926,3957271,4466197,7.7757296738622115
1977060,508942,3957416,4466358,7.775770127047876
1977215,508942,3957642,4466584,7.7762141855064035
1977358,508942,3957910,4466852,7.776740768103242
1977391,508957,3957954,4466911,7.776598023015697
1977569,508968,3958512,4467480,7.77752628848965
1977593,508977,3958548,4467525,7.777459492275683
1977661,508991,3958663,4467654,7.777471507354747
1977843,509059,3959062,4468121,7.7772163933846565
1978274,509059,3960532,4469591,7.780104074380376
1978295,509059,3960569,4469628,7.78017675750748
1978339,509068,3960611,4469679,7.780121712619925
1978356,509076,3960646,4469722,7.780068201997344
1978424,509092,3960816,4469908,7.78015761394797
1978430,509092,3960835,4469927,7.780194935296567
1978467,509109,3960987,4470096,7.780233702409504
1978487,509118,3961030,4470148,7.780180626102397
1978621,509167,3961177,4470344,7.779720602474237
1978630,509169,3961200,4470369,7.779735215616033
1978712,509206,3961556,4470762,7.779869051032391
1978966,509330,3961873,4471203,7.778597373019457
1979089,509330,3962210,4471540,7.77925902656431
1982764,509330,3968181,4477511,7.79098227082638
1982786,509335,3968195,4477530,7.7909332757418985
1982795,509338,3968202,4477540,7.790901130487025
1983306,509408,3968427,4477835,7.790272237577737
1983313,509408,3968427,4477835,7.790272237577737
1983433,509408,3968629,4478037,7.790668776305044
1983923,509459,3969330,4478789,7.7912648515385925
1983937,509459,3969355,4478814,7.791313923200885
1983942,509461,3969363,4478824,7.791299039573196
1984045,509461,3969532,4478993,7.791630762708039
1984111,509480,3969675,4479155,7.791620868336343
1984234,509495,3969738,4479233,7.791515127724511
1984268,509514,3969779,4479293,7.791305047555121
1984285,509520,3969797,4479317,7.7912486261579526
1984307,509531,3969814,4479345,7.791113788954941
1984312,509533,3969822,4479355,7.791098908215955
1984322,509533,3969838,4479371,7.791130309518716
1986086,509658,3973334,4482992,7.796078939210216
1986193,509677,3973456,4483133,7.796027680275939
1986241,509677,3973560,4483237,7.796231731076741
1986275,509679,3973599,4483278,7.796277657113595
1986310,509699,3973642,4483341,7.796056103700419
1986312,509699,3973652,4483351,7.796075723122863
1986333,509699,3973682,4483381,7.796134581390193
1986375,509699,3973731,4483430,7.796230716560166
1987225,509699,3975087,4484786,7.798891110243496
1987245,509705,3975110,4484815,7.798844429621055
1987255,509705,3975115,4484820,7.798854239216801
1987273,509705,3975115,4484820,7.798854239216801
1987530,509705,3975447,4485152,7.799505596374374
1987535,509706,3975450,4485156,7.799496180150911
1987636,509724,3975504,4485228,7.799326694446406
1987650,509736,3975519,4485255,7.799172512830171
1987677,509743,3975544,4485287,7.7991144557159195
1988027,509743,3975944,4485687,7.799899164873279
1988137,509743,3976284,4486027,7.800566167657035
1988234,509760,3976594,4486354,7.800914155681105
1988574,509893,3976980,4486873,7.799636394302334
1988624,509923,3977038,4486961,7.799291265544014
1988635,509928,3977063,4486991,7.799263817637
1988935,510011,3977929,4487940,7.79969255565076
1988970,510011,3977941,4487952,7.799716084555039
1988975,510018,3977968,4487986,7.799661972714689
1989053,510068,3978170,4488238,7.799293427542994
1989088,510081,3978306,4488387,7.799361277914684
1989109,510092,3978373,4488465,7.799324435592011
1989119,510092,3978389,4488481,7.7993558024826894
1989145,510092,3978412,4488504,7.79940089238804
1989169,510106,3978455,4488561,7.799271131882393
1989972,510106,3980401,4490507,7.803086025257495
1990237,510119,3980844,4490963,7.803755594282903
1990262,510130,3980888,4491018,7.803673573402858
1990313,510173,3981077,4491250,7.803386302293536
1990321,510173,3981094,4491267,7.803419624323514
1990350,510181,3981150,4491331,7.803407026133862
1990633,510181,3981598,4491779,7.804285145859999
1990643,510188,3981627,4491815,7.804234909484347
1990717,510207,3981664,4491871,7.804016801023898
1990758,510207,3981713,4491920,7.804112840474552
1990763,510207,3981726,4491933,7.804138320328808
1990773,510214,3981739,4491953,7.804056729137185
1990786,510217,3981753,4491970,7.804038281750706
1990863,510217,3981772,4491989,7.804075520807813
1990885,510230,3981794,4492024,7.803919800874116
1990911,510236,3981828,4492064,7.803894668349548
1990966,510246,3981883,4492129,7.803849515723788
1990970,510246,3981889,4492135,7.803861274757666
1991014,510264,3981954,4492218,7.803713371901604
1991043,510272,3981972,4492244,7.8036263012667755
1991078,510289,3982040,4492329,7.803499585528985
1991367,510289,3982636,4492925,7.804667551132789
1991371,510289,3982636,4492925,7.804667551132789
1991414,510305,3982700,4493005,7.804548260354102
1991468,510317,3982784,4493101,7.804529341566124
1991495,510328,3982799,4493127,7.80439050963302
1991554,510361,3982883,4493244,7.804050466238603
1991568,510366,3982902,4493268,7.804011238993193
1991586,510369,3982917,4493286,7.803994756734833
1991631,510374,3983007,4493381,7.8040946443196555
1991699,510406,3983149,4493555,7.803883575036344
1991858,510411,3983462,4493873,7.80442035927909
1991879,510423,3983503,4493926,7.80431720357429
1991960,510455,3983612,4494067,7.804041492394041
1992026,510496,3983722,4494218,7.803630194947659
1992053,510503,3983752,4494255,7.8035819574027965
1992178,510573,3983977,4494550,7.802952760917636
1992522,510624,3984744,4495368,7.803675502914081
1992544,510626,3984751,4495377,7.803658646445736
1992588,510626,3984851,4495477,7.803854484495502
1992591,510627,3984857,4495484,7.803850951868977
1992625,510648,3984905,4495553,7.803624022810233
1992819,510648,3985399,4496047,7.804591421096332
1992897,510657,3985523,4496180,7.804696694650225
1993087,510657,3985841,4496498,7.805319421842841
1993105,510663,3985860,4496523,7.80526492030948
1993123,510663,3985880,4496543,7.805304085081551
1993253,510750,3986074,4496824,7.804354380812531
1993324,510791,3986173,4496964,7.803921760563518
1993589,510937,3986409,4497346,7.802153690180981
1993618,510947,3986469,4497416,7.8021184193272495
1993627,510955,3986487,4497442,7.80203149005294
1993706,511001,3986594,4497595,7.801538548848241
1993730,511035,3986641,4497676,7.801111469860186
1993853,511075,3986731,4497806,7.8006770043535685
1993887,511075,3986795,4497870,7.800802230592379
1993901,511087,3986827,4497914,7.8006816843316304
1993929,511107,3986875,4497982,7.80047035160935
1994125,511107,3987348,4498455,7.8013957938357334
1994752,511412,3988017,4499429,7.798051277639164
1995091,511412,3988856,4500268,7.799691833590138
1995246,511496,3989219,4500715,7.799120618734066
1995273,511496,3989257,4500753,7.799194910615137
1995298,511518,3989290,4500808,7.798923987034669
1995600,511718,3989771,4501489,7.79681582434075
1995646,511728,3989854,4501582,7.7968256573804835
1995669,511735,3989912,4501647,7.7968323448659955
1995782,511817,3990128,4501945,7.796005212800669
1996075,511901,3990430,4502331,7.795315891158642
1996145,511901,3990558,4502459,7.795565939507835
1996163,511908,3990588,4502496,7.795517944630676
1996172,511911,3990609,4502520,7.7955132825823235
1996198,511919,3990624,4502543,7.79542075992491
1996268,511947,3990705,4502652,7.795152623220763
1996276,511947,3990718,4502665,7.795178016474361
1996294,511959,3990753,4502712,7.795063667207725
1996297,511959,3990762,4502721,7.7950812467404615
1996455,511997,3990847,4502844,7.794668718762024
1996458,511997,3990856,4502853,7.7946862969900215
1996575,512050,3991106,4503156,7.794367737525632
1996582,512053,3991134,4503187,7.794376753968828
1996992,512053,3991989,4504042,7.796046502998713
1997003,512053,3992000,4504053,7.796067985149975
1997016,512060,3992026,4504086,7.796012186071945
1997156,512060,3992346,4504406,7.796637112838339
1997246,512090,3992465,4504555,7.796412739948056
1997287,512090,3992529,4504619,7.796537717979262
1997357,512093,3992633,4504726,7.796695131548371
1997542,512110,3992890,4505000,7.796938157817657
1997558,512110,3992916,4505026,7.796988928159966
1997694,512110,3993049,4505159,7.797248637987932
1998747,512136,3994728,4506864,7.800131215145977
1998778,512159,3994791,4506950,7.799903936082349
1998897,512247,3995030,4507277,7.799030545810908
1999225,512249,3995906,4508155,7.800710201484044
1999393,512309,3996073,4508382,7.800122582269685
1999449,512309,3996161,4508470,7.800294353603001
1999621,512309,3996537,4508846,7.801028285663535
1999695,512349,3996695,4509044,7.8007276290185015
1999707,512355,3996723,4509078,7.800690927189156
1999770,512417,3996803,4509220,7.799903203835938
1999838,512417,3996923,4509340,7.800137388103829
1999862,512429,3996950,4509379,7.8000074156614865
2000004,512528,3997261,4509789,7.799107560952767
2000082,512528,3997371,4509899,7.7993221833733966
2000127,512551,3997420,4509971,7.799067800082334
2000145,512566,3997436,4510002,7.7988707795679
2000157,512568,3997478,4510046,7.798922289335269
2000313,512596,3997745,4510341,7.799017159712522
2000348,512599,3997829,4510428,7.799135386530212
2000350,512599,3997839,4510438,7.799154894956876
2000419,512614,3997937,4510551,7.799117854760112
2000475,512614,3998025,4510639,7.799289523891271
2000617,512719,3998329,4511048,7.79828522055941
2000618,512719,3998331,4511050,7.7982891213315675
2000781,512768,3998502,4511270,7.797877402646031
2000800,512768,3998517,4511285,7.797906655641538
2000806,512774,3998522,4511296,7.797825162742261
2000930,512822,3998682,4511504,7.797407287518866
2001006,512868,3998838,4511706,7.797012096679848
2001028,512868,3998884,4511752,7.7971017883743965
2001092,512887,3998940,4511827,7.796922129045969
2001208,512928,3999090,4512018,7.796591334456298
2001268,512940,3999188,4512128,7.796599992201817
2001301,512945,3999204,4512149,7.796555186228543
2001328,512953,3999257,4512210,7.79653691468809
2002560,512953,3999257,4512210,7.79653691468809
2002580,512953,3999278,4512231,7.796577854111391
2002607,512965,3999313,4512278,7.796463696353553
2002693,513016,3999488,4512504,7.796029753457982
2002736,513038,3999560,4512598,7.795835786043139
2002794,513056,3999686,4512742,7.795807865028379
2002816,513056,3999725,4512781,7.795883880122248
2003099,513192,4000111,4513303,7.79457006344604
2003277,513217,4000396,4513613,7.794745692367946
2003354,513256,4000551,4513807,7.794455398475614
2003365,513258,4000574,4513832,7.794469837781389
2003385,513258,4000595,4513853,7.794510752876721
2003417,513269,4000625,4513894,7.794402155594825
2003652,513269,4001316,4514585,7.795748428212107
2003661,513273,4001327,4514600,7.795709106070259
2003690,513273,4001399,4514672,7.79584938229753
2003719,513285,4001456,4514741,7.795778173918973
2003778,513320,4001603,4514923,7.795533000857165
2003883,513320,4001859,4515179,7.796031715109484
2003905,513320,4001909,4515229,7.796129120236889
2003952,513322,4002001,4515323,7.796277969773358
2003968,513329,4002026,4515355,7.7962203577043185
2004406,513510,4002577,4516087,7.794545383731573
2004416,513520,4002594,4516114,7.794426701978502
2004484,513555,4002767,4516322,7.794232360701385
2004511,513574,4002806,4516380,7.794019946492618
2004602,513649,4003031,4516680,7.7933199519516245
2004609,513658,4003058,4516716,7.793235966343365
2004648,513669,4003121,4516790,7.79319172463201
2004674,513679,4003195,4516874,7.793184070207269
2005182,513679,4004099,4517778,7.79494392412382
2005196,513679,4004132,4517811,7.7950081665787385
2005196,513679,4004132,4517811,7.7950081665787385
2005256,513707,4004200,4517907,7.794715664766102
2005327,513764,4004336,4518100,7.794115586144611
2005494,513885,4004686,4518571,7.792961460248889
2005522,513892,4004722,4518614,7.792925361749162
2005561,513892,4004838,4518730,7.793151090112319
2006619,514427,4007341,4521768,7.7899118825411575
2006642,514444,4007385,4521829,7.789739991136061
2006667,514453,4007457,4521910,7.78974366948973
2006685,514454,4007462,4521916,7.789738246762587
2006697,514454,4007481,4521935,7.789775179121943
2006762,514497,4007649,4522146,7.78945066735083
2006805,514516,4007702,4522218,7.7892660286560575
2008816,515475,4017238,4532713,7.793274164605461
2008833,515475,4017256,4532731,7.793309083854697
2008851,515482,4017266,4532748,7.793222653749306
2008888,515484,4017311,4532795,7.79327971382235
2008937,515509,4017372,4532881,7.793020102461838
2009108,515554,4017771,4533325,7.793113815429615
2009156,515554,4017828,4533382,7.793224376108031
2009230,515600,4017988,4533588,7.792839410395656
2009284,515616,4018082,4533698,7.792779898218829
2009295,515619,4018094,4533713,7.792757830879002
2009303,515622,4018116,4533738,7.792755157848191
2009424,515622,4018312,4533934,7.793135281271939
2009513,515665,4018401,4534066,7.792658024104797
2009755,515665,4018985,4534650,7.793790542309445
2009856,515708,4019147,4534855,7.793454823272084
2009925,515730,4019263,4534993,7.793347294126772
2009958,515735,4019279,4535014,7.793302762077423
2010362,515739,4020243,4535982,7.795111480807153
2010363,515739,4020243,4535982,7.795111480807153
2010522,515739,4020243,4535982,7.795111480807153
2010547,515748,4020309,4536057,7.795103422601736
2010579,515748,4020358,4536106,7.7951984302411255
2010627,515748,4020423,4536171,7.795324460783173
2010663,515748,4020448,4536196,7.795372934068576
2010681,515748,4020463,4536211,7.795402018039818
2010768,515748,4020694,4536442,7.7958499111969415
2011041,515748,4021492,4537240,7.797397178467003
2011745,515748,4022355,4538103,7.799070476279113
2011763,515751,4022390,4538141,7.799092973159529
2011773,515751,4022406,4538157,7.799123995881733
2011938,515871,4022691,4538562,7.79786225626174
2012667,515871,4023528,4539399,7.799484754909658
2012804,515903,4023706,4539609,7.7993460010893525
2012866,515911,4023753,4539664,7.799316161120814
2012870,515911,4023761,4539672,7.799331667671362
2012903,515926,4023784,4539710,7.799149490430798
2012915,515926,4023799,4539725,7.799178564367758
2012924,515926,4023813,4539739,7.799205700042254
2012937,515935,4023840,4539775,7.799121982420266
2012988,515971,4023901,4539872,7.798696050747038
2013003,515971,4023945,4539916,7.798781326857517
2013058,515987,4024074,4540061,7.798789504386739
2013215,516051,4024507,4540558,7.798661372616272
2013266,516103,4024644,4540747,7.798141068740154
2013305,516108,4024823,4540931,7.798412347803173
2013416,516133,4024957,4541090,7.798294238113044
2013424,516141,4024991,4541132,7.798239240827603
2014192,516525,4025976,4542501,7.794348773050675
2015534,516525,4029272,4545797,7.800729877547069
2015551,516533,4029325,4545858,7.800711667986363
2015596,516539,4029507,4546046,7.800973401814771
2015631,516555,4029544,4546099,7.800803399444396
2015640,516562,4029572,4546134,7.800751894254707
2015777,516614,4029736,4546350,7.800284157998041
2016172,516799,4030294,4547093,7.798571591663297
2016204,516825,4030338,4547163,7.79826440284429
2016507,517053,4030994,4548047,7.796094404248694
2016616,517134,4031224,4548358,7.795318041358719
2016660,517149,4031387,4548536,7.7954071263794384
2016692,517154,4031485,4548639,7.795521256724302
2016813,517195,4031625,4548820,7.795173967265732
2017066,517311,4032417,4549728,7.794956998787963
2017175,517336,4032592,4549928,7.794918582893903
2017748,517434,4033883,4551317,7.79593725963118
2017868,517465,4034111,4551576,7.795910834549197
2017881,517470,4034151,4551621,7.795912806539509
2017901,517483,4034173,4551656,7.795759474224274
2017911,517483,4034183,4551666,7.79577879853058
2017929,517490,4034194,4551684,7.795694602794257
2018011,517534,4034348,4551882,7.795329388987004
2018057,517549,4034430,4551979,7.795261897907252
2018079,517553,4034449,4552002,7.79523836206147
2018089,517553,4034466,4552019,7.7952712089389875
2018128,517565,4034528,4552093,7.795210263445171
2018158,517577,4034602,4552179,7.795172505733446
2018196,517577,4034708,4552285,7.795377306178597
2018275,517583,4034820,4552403,7.795503329900711
2018380,517596,4034973,4552569,7.795603134490993
2018584,517639,4035415,4553054,7.7958094347605185
2018769,517681,4035517,4553198,7.795373985137566
2018778,517686,4035526,4553212,7.795316079631283
2018859,517686,4035570,4553256,7.7954010732374455
2018883,517695,4035585,4553280,7.795294526700084
2018968,517742,4035840,4553582,7.795079402482317
2019164,517746,4036108,4553854,7.795536807623815
2019231,517790,4036369,4554159,7.795378435272987
2019441,517790,4036789,4554579,7.796189574924197
2019499,517813,4036874,4554687,7.796007438978936
2019907,517813,4037981,4555794,7.7981452763835595
2020002,517852,4038113,4555965,7.7978128886245495
2021018,518247,4039310,4557557,7.7941792234204925
2021037,518250,4039363,4557613,7.7942363724071395
2021231,518397,4039800,4558197,7.792869171696595
2021238,518397,4039800,4558197,7.792869171696595
2022257,518397,4041305,4559702,7.7957723520776545
2022288,518410,4041338,4559748,7.795640516193746
2022325,518435,4041367,4559802,7.795320531985688
2022348,518456,4041401,4559857,7.7950703627694535
2022368,518456,4041437,4559893,7.795139799712994
2022525,518522,4041636,4560158,7.794531379575023
2022577,518556,4041707,4560263,7.794157236634038
2022602,518570,4041750,4560320,7.794029735619106
2022686,518593,4041847,4560440,7.793871108942851
2022823,518625,4042078,4560703,7.793835623041697
2023032,518683,4042248,4560931,7.793291856490381
2023092,518699,4042320,4561019,7.793190270272355
2023094,518699,4042325,4561024,7.793199909774263
2023186,518699,4042380,4561079,7.793305944295247
2023237,518707,4042401,4561108,7.793226233692624
2023275,518722,4042422,4561144,7.793041359340841
2023333,518729,4042467,4561196,7.793022946471086
2023372,518744,4042539,4561283,7.7929364002282435
2023627,518946,4043037,4561983,7.790862633106335
2023771,518946,4043212,4562158,7.791199855090896
2023800,518961,4043282,4562243,7.791109543877093
2024239,519157,4044080,4563237,7.789705233676903
2024544,519157,4044990,4564147,7.791458075302847
2024576,519176,4045064,4564240,7.791315469128003
2024609,519176,4045128,4564304,7.791438741390203
2024832,519176,4045606,4564782,7.79235943109851
2024935,519262,4045862,4565124,7.791561870500826
2024959,519262,4045877,4565139,7.791590757652206
2024992,519262,4045941,4565203,7.7917140094980955
2025045,519291,4046064,4565355,7.791515739729747
2025356,519428,4046930,4566358,7.79112793303403
2025382,519448,4046982,4566430,7.790928062096687
2025527,519549,4047208,4566757,7.789848503221063
2025538,519554,4047223,4566777,7.789802407449466
2025547,519556,4047243,4566799,7.789810915473981
2025579,519556,4047292,4566848,7.78990522677055
2025599,519567,4047321,4566888,7.789796118691141
2025656,519567,4047441,4567008,7.790027080241817
2025679,519567,4047470,4567037,7.7900828959498964
2025766,519599,4047593,4567192,7.789839857274552
2025800,519620,4047667,4567287,7.789667449289865
2025840,519630,4047724,4567354,7.789627234763197
2025896,519630,4047916,4567546,7.789996728441391
2025922,519647,4047949,4567596,7.789805387118563
2025931,519647,4047968,4567615,7.7898419504009455
2026011,519696,4048112,4567808,7.78938456328315
2026049,519723,4048185,4567908,7.789120358344734
2026105,519749,4048392,4568141,7.789128983413147
2026297,519844,4048725,4568569,7.788346119220382
2026394,519844,4048794,4568638,7.788478851347712
2026407,519850,4048806,4568656,7.788412041935174
2026473,519898,4048904,4568802,7.787881469057392
2026483,519901,4048912,4568813,7.787851917961304
2026499,519901,4048938,4568839,7.7879019274823476
2026529,519918,4049035,4568953,7.787833850722614
2026540,519918,4049047,4568965,7.787856931285318
2026730,519918,4049368,4569286,7.788474336337654
2026819,519946,4049451,4569397,7.788214545356634
2026865,519961,4049504,4569465,7.788091799192632
2027039,519961,4049986,4569947,7.789018791794
2027206,520082,4050300,4570382,7.787810383747178
2027219,520086,4050314,4570400,7.787777406044385
2027257,520095,4050370,4570465,7.787750314846326
2027261,520095,4050375,4570470,7.787759928474606
2027273,520098,4050423,4570521,7.787807297855404
2027406,520202,4050560,4570762,7.786513700447134
2027438,520217,4050623,4570840,7.786410286476605
2028179,520217,4052369,4572586,7.789766578177953
2028245,520228,4052498,4572726,7.789849835072315
2029709,520228,4054584,4574812,7.793859615399402
2030663,520999,4057892,4578891,7.788675218186599
2030688,521008,4057913,4578921,7.78858098148205
2030786,521031,4058082,4579113,7.788561525129983
2030799,521037,4058097,4579134,7.788500624715711
2030860,521043,4058214,4579257,7.788635486898394
2030894,521051,4058342,4579393,7.788761560768523
2030985,521079,4058564,4579643,7.788769073403457
2031039,521087,4058572,4579659,7.788664848672103
2031046,521094,4058584,4579678,7.788583249855113
2031073,521119,4058617,4579736,7.788272928064416
2031116,521133,4058672,4579805,7.788169238946679
2031160,521145,4058847,4579992,7.7883257058975905
2031301,521170,4058951,4580121,7.788151658767773
2031449,521170,4059386,4580556,7.788986319243241
2031645,521216,4059978,4581194,7.7894347065324165
2031670,521231,4060026,4581257,7.789302631654679
2031725,521244,4060066,4581310,7.789185103329727
2031742,521250,4060103,4581353,7.789166426858513
2031789,521267,4060156,4581423,7.789014075320325
2033214,521277,4063335,4584612,7.794963138600015
2033240,521293,4063367,4584660,7.794785274308307
2033242,521295,4063367,4584662,7.794755368841059
2033255,521295,4063390,4584685,7.794799489732301
2033707,521295,4064222,4585517,7.79639551501549
2033877,521295,4064443,4585738,7.796819459231338
2033899,521312,4064481,4585793,7.796638097722669
2034680,521315,4065791,4587106,7.799106106672549
2034780,521383,4065962,4587345,7.798416902737527
2034869,521400,4066141,4587541,7.798505945531262
2034949,521400,4066263,4587663,7.79873993095512
2034993,521414,4066335,4587749,7.798668620328568
2035029,521424,4066399,4587823,7.798641796311639
2035144,521442,4066486,4587928,7.798539434874828
2035650,521631,4066987,4588618,7.79667427741066
2035698,521684,4067090,4588774,7.796079619079749
2035766,521691,4067235,4588926,7.796252954335038
2035893,521691,4067374,4589065,7.796519395580909
2035948,521691,4067481,4589172,7.7967244978349255
2035975,521709,4067515,4589224,7.7965206657351125
2036004,521737,4067627,4589364,7.7963169182940835
2036203,521811,4067868,4589679,7.795673146024135
2036294,521811,4068048,4589859,7.796018098506931
2036356,521844,4068159,4590003,7.795737806700853
2036402,521844,4068209,4590053,7.795833620775557
2036529,521912,4068372,4590284,7.795130213522587
2037023,521933,4069432,4591365,7.796847488087551
2037090,521967,4069586,4591553,7.796634653148571
2037121,521983,4069627,4591610,7.79647421467749
2037151,521992,4069662,4591654,7.796406841484161
2037214,521999,4069703,4591702,7.796380835978613
2037217,522000,4069704,4591704,7.796367816091954
2037227,522004,4069720,4591724,7.796338725373752
2037257,522004,4069720,4591724,7.796338725373752
2037703,522263,4070530,4592793,7.794023317753699
2037739,522279,4070579,4592858,7.793878367692364
2037748,522287,4070591,4592878,7.793781962790573
2037755,522297,4070603,4592900,7.793655716957976
2037759,522297,4070612,4592909,7.793672948533114
2037773,522306,4070649,4592955,7.793609493285545
2037894,522386,4070927,4593313,7.792948126481185
2037951,522412,4070992,4593404,7.79268470096399
2037965,522412,4071018,4593430,7.7927344701117125
2038060,522416,4071095,4593511,7.792822195338581
2038254,522493,4071348,4593841,7.792157981063861
2038287,522502,4071375,4593877,7.79207543703182
2038397,522502,4071715,4594217,7.792726152244393
2038415,522502,4071735,4594237,7.792764429609838
2039891,522538,4074829,4597367,7.798148651389947
2039928,522543,4074858,4597401,7.7981295319236885
2040003,522552,4074967,4597519,7.798203815122705
2040065,522552,4075022,4597574,7.798309067805692
2040095,522552,4075083,4597635,7.79842580259955
2041116,522552,4076292,4598844,7.800739447940109
2041137,522552,4076338,4598890,7.800827477456789
2041238,522583,4076604,4599187,7.800873736803531
2041317,522583,4076769,4599352,7.801189476121497
2041326,522585,4076785,4599370,7.801190236994938
2041417,522585,4076812,4599397,7.801241903231054
2041578,522585,4077199,4599784,7.801982452615364
2041663,522629,4077326,4599955,7.801568607941771
2041678,522639,4077368,4600007,7.801499696731396
2041722,522649,4077397,4600046,7.801405914868296
2041765,522669,4077472,4600141,7.801250887272825
2041773,522672,4077487,4600159,7.8012348088284815
2041844,522693,4077556,4600249,7.8010533908049275
2042077,522693,4077911,4600604,7.8017325657699645
2042112,522700,4077991,4600691,7.801781136407117
2042123,522704,4078009,4600713,7.80175586947871
2042168,522729,4078102,4600831,7.801560655712616
2042195,522729,4078178,4600907,7.801706046536542
2042200,522729,4078178,4600907,7.801706046536542
2042246,522729,4078321,4601050,7.8019796108499815
2043049,522729,4080267,4602996,7.805702381157349
2043150,522730,4080616,4603346,7.806355097277753
2043161,522730,4080639,4603369,7.806399097048189
2043288,522812,4080904,4603716,7.805681583437258
2043297,522814,4080928,4603742,7.805697628602141
2043398,522893,4081165,4604058,7.804971571621728
2043681,522893,4081613,4604506,7.805828343466063
2043700,522893,4081628,4604521,7.8058570300233505
2043705,522896,4081642,4604538,7.805839019613843
2043722,522909,4081672,4604581,7.805702330615843
2043744,522928,4081735,4604663,7.80553919468837
2043781,522949,4081796,4604745,7.805342394765073
2043866,522949,4082026,4604975,7.805782208207684
2044206,523046,4082793,4605839,7.805801019413207
2044917,523185,4083652,4606837,7.805369037720883
2044950,523190,4083668,4606858,7.805325025325407
2044995,523210,4083744,4606954,7.805171919496951
2045077,523251,4083850,4607101,7.8047629149299285
2045084,523258,4083862,4607120,7.804681438219769
2045313,523329,4084390,4607719,7.804631503318181
2045345,523329,4084450,4607779,7.804746153949045
2045356,523329,4084462,4607791,7.804769084075218
2045377,523329,4084492,4607821,7.804826409390651
2045438,523329,4084610,4607939,7.805051888964686
2045445,523331,4084615,4607946,7.805031614790639
2045676,523335,4085120,4608455,7.805936923767758
2045699,523344,4085166,4608510,7.805890580574154
2045765,523379,4085240,4608619,7.8055099650540045
2045950,523387,4086306,4609693,7.807427391203832
2045976,523387,4086323,4609710,7.807459871949437
2045977,523387,4086325,4609712,7.807463693213625
2046001,523398,4086353,4609751,7.807353104138724
2046050,523411,4086433,4609844,7.807312035857099
2046066,523411,4086459,4609870,7.807361710013737
2046120,523427,4086521,4609948,7.807241506456488
2046207,523427,4086686,4610113,7.8075567366605085
2046269,523454,4086802,4610256,7.807375624219129
2046329,523476,4086890,4610366,7.807215612559124
2046377,523511,4086992,4610503,7.806888489449124
2046540,523511,4087288,4610799,7.807453902592305
2046624,523529,4087398,4610927,7.807395578850455
2046640,523529,4087424,4610953,7.807445241810864
2046727,523529,4087554,4611083,7.80769355661291
2046741,523535,4087594,4611129,7.807680479815103
2046757,523538,4087628,4611166,7.807700682662959
2047289,523538,4088946,4612484,7.810218169454748
2047469,523641,4089150,4612791,7.809071482179585
2047543,523676,4089242,4612918,7.808725242325408
2047611,523697,4089327,4613024,7.808574423760304
2047695,523697,4089327,4613024,7.808574423760304
2047713,523697,4089344,4613041,7.808606885279083
2047774,523707,4089417,4613124,7.808597173610435
2048054,523800,4089807,4613607,7.8079553264604815
2048793,524317,4091223,4615540,7.802956989760012
2048804,524317,4091241,4615558,7.802991320136482
2049073,524349,4091637,4615986,7.803270340937048
2049162,524379,4091719,4616098,7.802980287158715
2049251,524379,4091946,4616325,7.803413180161677
2049260,524381,4091969,4616350,7.803427279020407
2049260,524381,4091969,4616350,7.803427279020407
2049543,524381,4092642,4617023,7.804710696993217
2049588,524410,4092742,4617152,7.804469785091817
2051901,524449,4096371,4620820,7.810809058650126
2052442,524484,4097659,4622143,7.812743572730532
2052472,524500,4097698,4622198,7.812579599618685
2052507,524500,4097732,4622232,7.812644423260248
2052569,524500,4097899,4622399,7.812962821734986
2052588,524500,4097980,4622480,7.813117254528122
2052629,524521,4098051,4622572,7.812939806032552
2052644,524528,4098071,4622599,7.81287366927981
2052800,524595,4098287,4622882,7.812287574223925
2053331,524595,4098896,4623491,7.813448469771919
2053347,524595,4098922,4623517,7.813498031815019
2053365,524604,4098941,4623545,7.8134002028196505
2053492,524604,4099157,4623761,7.813811941960031
2053545,524604,4099183,4623787,7.813861503152855
2053848,524713,4099930,4624643,7.813661944720256
2053853,524714,4099943,4624657,7.813671828843903
2053924,524750,4100115,4624865,7.813463554073368
2053938,524754,4100131,4624885,7.81343448549225
2053980,524772,4100236,4625008,7.813366566813778
2053990,524772,4100252,4625024,7.813397056245379
2054002,524774,4100266,4625040,7.813393956255455
2054295,524797,4100902,4625699,7.814263419950953
2054537,524797,4101349,4626146,7.815115177868776
2054545,524802,4101355,4626157,7.8150521530024655
2054548,524802,4101364,4626166,7.815069302327354
2054591,524817,4101391,4626208,7.814897383278362
2054609,524824,4101406,4626230,7.814821730713534
2054629,524831,4101420,4626251,7.814744174791504
2054673,524853,4101491,4626344,7.814551884051344
2054898,524853,4102070,4626923,7.815655050080689
2054899,524857,4102079,4626936,7.8156126335363725
2054907,524857,4102079,4626936,7.8156126335363725
2055235,524905,4102325,4627230,7.815366590144883
2055257,524919,4102348,4627267,7.8152019644935695
2055322,524919,4102566,4627485,7.815617266664
2055627,525053,4103123,4628176,7.81468347004969
2055684,525068,4103234,4628302,7.8146716234849585
2055703,525090,4103296,4628386,7.814462282656306
2055733,525099,4103354,4628453,7.81443880106418
2055815,525122,4103617,4628739,7.814597369754076
2055853,525129,4103818,4628947,7.814875963810797
2055924,525129,4103990,4629119,7.8152035023775115
2055940,525134,4104007,4629141,7.815161463550256
2056051,525215,4104286,4629501,7.814487400397932
2056330,525313,4104608,4629921,7.81364253311835
2056351,525313,4104638,4629951,7.813699641927765
2056359,525318,4104642,4629960,7.813632885223807
2056434,525318,4104642,4629960,7.813632885223807
2056446,525320,4104647,4629967,7.813612655143531
2056471,525320,4104690,4630010,7.813694510012945
2056838,525320,4105007,4630327,7.814297951724663
2056870,525332,4105024,4630356,7.814151812568052
2056916,525343,4105056,4630399,7.8140491069644025
2056917,525343,4105058,4630401,7.814052914000948
2057050,525361,4105329,4630690,7.814301023486707
2057104,525361,4105438,4630799,7.814508499869613
2057193,525361,4105523,4630884,7.814670293379219
2057195,525363,4105526,4630889,7.814646254113822
2057200,525363,4105531,4630894,7.814655771342862
2057332,525406,4105920,4631326,7.814756588238429
2057352,525417,4105946,4631363,7.814642464937373
2057364,525417,4105946,4631363,7.814642464937373
2057432,525417,4106088,4631505,7.814912726462981
2057522,525462,4106227,4631689,7.814507994869277
2057597,525481,4106372,4631853,7.8145013806398325
2057794,525501,4106760,4632261,7.814942312193507
2058453,525762,4107910,4633672,7.813250101757069
2058514,525778,4108046,4633824,7.813271000308115
2058528,525782,4108085,4633867,7.81328573439182
2058559,525793,4108145,4633938,7.813236387703906
2058570,525793,4108155,4633948,7.813255406595371
2058826,526003,4108818,4634821,7.811396512947645
2059084,526013,4109525,4635538,7.812592084226055
2059381,526069,4110186,4636255,7.813016923635493
2059449,526120,4110307,4636427,7.812489546111153
2059544,526187,4110541,4636728,7.811939481591145
2059632,526193,4110593,4636786,7.811949227754835
2059660,526193,4110613,4636806,7.811987236622304
2059710,526202,4110686,4636888,7.811992352746664
2059801,526202,4110866,4637068,7.812334426703053
2059820,526211,4110891,4637102,7.812248318640242
2059842,526216,4110912,4637128,7.8122139957735985
2059876,526236,4110953,4637189,7.811994998441763
2059917,526260,4111096,4637356,7.811910462509026
2059961,526278,4111193,4637471,7.811827589220906
2060539,526278,4112075,4638353,7.813503509551986
2060643,526325,4112243,4638568,7.8131249703130194
2060750,526325,4112421,4638746,7.813463164394623
2060809,526347,4112512,4638859,7.8133094707483846
2060927,526382,4112733,4639115,7.813209798207385
2060945,526386,4112759,4639145,7.813199819144126
2060971,526388,4112774,4639162,7.813198629148081
2061012,526394,4112830,4639224,7.813215956108922
2061045,526394,4112886,4639280,7.813322340300231
2061110,526394,4112990,4639384,7.813519910941234
2061725,526552,4113693,4640245,7.812510445312144
2061912,526631,4113961,4640592,7.8118473846013625
2061969,526650,4114050,4640700,7.811734548561663
2062001,526652,4114097,4640749,7.8117941259123675
2062032,526652,4114157,4640809,7.811908053135657
2062158,526730,4114477,4641207,7.811358760655364
2062169,526738,4114498,4641236,7.811279991191067
2062182,526740,4114548,4641288,7.811345255723887
2062295,526740,4114548,4641288,7.811345255723887
2062300,526745,4114565,4641310,7.8113033820919044
2062329,526747,4114580,4641327,7.811302200107452
2062357,526763,4114620,4641383,7.811140873599703
2062486,526763,4115003,4641766,7.8118679557979585
2062580,526779,4115214,4641993,7.8120312313133216
2062644,526793,4115299,4642092,7.811984973224777
2062674,526793,4115360,4642153,7.812100768233443
2062710,526805,4115422,4642227,7.812040508347491
2062788,526814,4115814,4642628,7.8126511444266855
2062791,526814,4115823,4642637,7.812668228255133
2062871,526814,4115979,4642793,7.812964347948232
2062916,526814,4116116,4642930,7.813224401781274
2063453,526850,4117276,4644126,7.814892284331403
2063522,526869,4117365,4644234,7.814779385388019
2063541,526880,4117390,4644270,7.814663680534467
2063578,526880,4117426,4644306,7.814732007288187
2063643,526880,4117554,4644434,7.814974946856969
2063681,526889,4117615,4644504,7.8149572300807195
2063721,526901,4117723,4644624,7.814984219046842
2063745,526901,4117783,4644684,7.815098092431026
2064110,526943,4118384,4645327,7.815615730733684
2064532,527135,4119115,4646250,7.814155766549366
2066488,527135,4122776,4649911,7.821100856516831
2066509,527139,4122819,4649958,7.8211230813884
2066531,527145,4122843,4649988,7.821079589107361
2066589,527182,4122979,4650161,7.820788646046337
2066686,527182,4123048,4650230,7.820919530636479
2067568,527649,4125059,4652708,7.817808808507171
2067601,527649,4125118,4652767,7.8179206252641436
2067661,527649,4125210,4652859,7.81809498359705
2067698,527673,4125302,4652975,7.8179137458236445
2067816,527733,4125406,4653139,7.817221966411045
2067846,527739,4125431,4653170,7.817180462311862
2067938,527742,4125628,4653370,7.81750931326292
2067955,527742,4125658,4653400,7.817566159221741
2068061,527742,4125721,4653463,7.817685535735264
2068102,527742,4125818,4653560,7.817869337668785
2068307,527779,4125959,4653738,7.8175884224268115
2068847,527786,4127293,4655079,7.820012277703463
2068934,527786,4127405,4655191,7.820224484923814
2069055,527867,4127683,4655550,7.819551136934114
2069059,527867,4127688,4655555,7.819560609017044
2069119,527867,4127798,4655665,7.819768994841503
2069133,527867,4127831,4655698,7.819831510588841
2069212,527898,4127927,4655825,7.819554156295345
2069227,527906,4127952,4655858,7.8194830140214355
2069288,527911,4128053,4655964,7.819600273530955
2069303,527924,4128064,4655988,7.819428554110061
2069335,527924,4128094,4656018,7.8194853804714315
2069389,527963,4128326,4656289,7.819347189102267
2069490,527993,4128474,4656467,7.819183208868299
2069874,528105,4128722,4656827,7.817994527603412
2069914,528118,4128766,4656884,7.817885396824194
2069953,528127,4128855,4656982,7.817920689531117
2069961,528127,4128872,4656999,7.817952878758329
2070168,528205,4129066,4657271,7.817165683778079
2070365,528309,4129636,4657945,7.816705753640388
2070383,528309,4129713,4658022,7.816851501677995
2070947,528396,4130516,4658912,7.8170841565795355
2070956,528398,4130547,4658945,7.81711323661331
2071015,528412,4130615,4659027,7.817034813743821
2071173,528412,4130864,4659276,7.817506036956011
2071229,528418,4130898,4659316,7.817481614933632
2071544,528440,4131562,4660002,7.818412686397699
2071567,528440,4131583,4660023,7.818452426008629
2071660,528489,4131712,4660201,7.817971613411064
2072098,528539,4132254,4660793,7.818257498500584
2072133,528539,4132288,4660827,7.818321826771534
2072240,528539,4132525,4661064,7.81877023266022
2072263,528543,4132571,4661114,7.818798092113603
2072332,528543,4132679,4661222,7.819002427427853
2072435,528575,4132890,4661465,7.818928250484794
2072448,528583,4132912,4661495,7.818851533250218
2072470,528583,4132947,4661530,7.818917748016868
2072560,528603,4133122,4661725,7.818952976051971
2072570,528607,4133152,4661759,7.818950562516198
2072607,528620,4133209,4661829,7.8188661041958305
2072641,528638,4133279,4661917,7.818732289392742
2072736,528638,4133382,4662020,7.818927129718257
2072779,528638,4133444,4662082,7.8190444122442955
2072805,528638,4133484,4662122,7.819120078390127
2073061,528684,4133974,4662658,7.819366578144979
2073068,528687,4133984,4662671,7.819341122441066
2073073,528688,4133987,4662675,7.819332006779045
2073139,528692,4134033,4662725,7.819359854130571
2073297,528692,4134585,4663277,7.820403940290377
2073310,528695,4134623,4663318,7.82043143967694
2073332,528707,4134646,4663353,7.820297442628904
2074010,528777,4136079,4664856,7.821972211348073
2074082,528820,4136207,4665027,7.821578230777958
2074254,528820,4136328,4665148,7.8218070420937185
2074467,528831,4137376,4666207,7.823626073358029
2074500,528831,4137440,4666271,7.8237470950076675
2074513,528834,4137445,4666279,7.823712166766887
2074517,528836,4137472,4666308,7.8237336338675885
2074782,528836,4137928,4666764,7.824595904968648
2074833,528852,4137957,4666809,7.8244140137505385
2075085,528936,4138234,4667170,7.823695116233344
2075130,528941,4138405,4667346,7.823944447490363
2075250,528954,4138502,4667456,7.823935540708644
2075288,528966,4138531,4667497,7.823812872661003
2075312,528966,4138586,4667552,7.823916849098052
2076310,528966,4139790,4668756,7.826192987829085
2076334,528973,4139821,4668794,7.826148026458817
2076476,529062,4140090,4669152,7.825339941254522
2076518,529065,4140126,4669191,7.825363613166624
2076546,529065,4140152,4669217,7.825412756466597
2076567,529065,4140198,4669263,7.8254997023050095
2076605,529065,4140260,4669325,7.825616890174175
2076654,529087,4140319,4669406,7.825403005554852
2077154,529116,4140879,4669995,7.826032476810378
2077167,529116,4140884,4670000,7.826041926534068
2077415,529249,4141173,4670422,7.82462130301616
2077474,529251,4141257,4670508,7.824750449219747
2077484,529251,4141269,4670520,7.824773122771615
2077518,529259,4141307,4670566,7.82472664612222
2077563,529283,4141401,4670684,7.824549437635443
2077843,529369,4141616,4670985,7.823684424286273
2077881,529390,4141828,4671218,7.8237745329530215
2078245,529665,4142583,4672248,7.821137889043074
2078289,529668,4142699,4672367,7.821312595814737
2078400,529668,4142963,4672631,7.821811021243496
2079970,529737,4152525,4682262,7.838842670985791
2079980,529739,4152527,4682266,7.838816851317347
2080061,529739,4152582,4682321,7.838920676031027
2080112,529739,4152608,4682347,7.838969756804766
2080437,529739,4153214,4682953,7.84011371637731
2080557,529772,4153505,4683277,7.840174641166389
2080941,529859,4153846,4683705,7.839530894068044
2080949,529859,4153873,4683732,7.839581851020744
2080974,529867,4153917,4683784,7.8395465277135585
2081244,529867,4154299,4684166,7.840267463344575
2081785,529867,4154772,4684639,7.841160140186123
2081792,529868,4154776,4684644,7.841152890908679
2081897,529868,4155032,4684900,7.841636030105612
2082322,529881,4155499,4685380,7.842324974852844
2082336,529881,4155520,4685401,7.842364606392756
2082877,529881,4155993,4685874,7.8432572596488646
2082912,529912,4156112,4686024,7.843022992496867
2082957,529914,4156124,4686038,7.843016036564424
2082967,529914,4156140,4686054,7.843046230143004
2083083,529999,4156496,4686495,7.842460080113359
2083128,530021,4156560,4686581,7.8422553068652
2083130,530022,4156562,4686584,7.8422442841995235
2083217,530088,4156760,4686848,7.841641387845037
2083251,530101,4156804,4686905,7.841532085395047
2083256,530106,4156817,4686923,7.8414826468668535
2083260,530106,4156819,4686925,7.841486419697192
2083295,530118,4156896,4687014,7.841454166808145
2083523,530118,4157370,4687488,7.842348307357985
2084348,530118,4158918,4689036,7.845268411938474
2084400,530142,4159013,4689155,7.845092446929313
2084611,530151,4160262,4690413,7.847315198877301
2084881,530160,4161928,4692088,7.850324430360645
2084909,530167,4161956,4692123,7.850273593037666
2085237,530193,4162563,4692756,7.851033491577596
2085635,530487,4163495,4693982,7.848439264298654
2085721,530511,4163610,4694121,7.848300977736559
2087396,530526,4165801,4696327,7.852208939806909
2087533,530534,4165849,4696383,7.85218101007664
2087667,530567,4166090,4696657,7.852146854214453
2087863,530576,4167098,4697674,7.853913482705588
2087883,530581,4167116,4697697,7.85387339539109
2087921,530597,4167197,4697794,7.85378922232881
2088111,530597,4167515,4698112,7.854388547240184
2088145,530597,4167617,4698214,7.854580783532511
2088842,530597,4169512,4700109,7.858152232296828
2088877,530609,4169568,4700177,7.858080055181876
2088903,530615,4169611,4700226,7.858072236932616
2088931,530621,4169660,4700281,7.858075726365899
2089094,530621,4169880,4700501,7.858490334909474
2089140,530641,4169961,4700602,7.858346791898854
2089185,530649,4170047,4700696,7.8583903861121005
2089188,530649,4170056,4700705,7.8584073464757305
2089238,530649,4170235,4700884,7.858744669263487
2089267,530661,4170269,4700930,7.858631028095149
2089283,530667,4170303,4700970,7.858606244594068
2089842,530667,4171886,4702553,7.8615892829213045
2089857,530667,4171893,4702560,7.8616024738677925
2089973,530667,4172054,4702721,7.861905865637019
2090236,530706,4172238,4702944,7.86167482560966
2090255,530718,4172260,4702978,7.861538519515072
2090270,530724,4172281,4703005,7.861489210964645
2090431,530724,4172645,4703369,7.862175066512915
2090445,530724,4172671,4703395,7.8622240561949335
2090738,530874,4173249,4704123,7.86109133240656
2090751,530881,4173268,4704149,7.861023468536263
2090881,530965,4173511,4704476,7.860237492113416
2090905,530974,4173557,4704531,7.860190894469409
2091009,530996,4173641,4704637,7.860023427671772
2091274,531019,4174240,4705259,7.86081100676247
2091288,531021,4174258,4705279,7.860815297323458
2091318,531029,4174285,4705314,7.8607477181095575
2091353,531029,4174297,4705326,7.860770315745468
2091390,531039,4174345,4705384,7.860712678353191
2091590,531146,4174866,4706012,7.860110026245138
2091712,531249,4175139,4706388,7.859099970070532
2091730,531249,4175172,4706421,7.859162087834518
2091731,531249,4175172,4706421,7.859162087834518
2091763,531273,4175223,4706496,7.8589030498444306
2091770,531277,4175243,4706520,7.858881525080137
2091947,531277,4175472,4706749,7.859312561996849
2091984,531281,4175537,4706818,7.859375735251214
2091999,531281,4175544,4706825,7.859388910952961
2092032,531286,4175560,4706846,7.8593450608523465
2092078,531312,4175659,4706971,7.8591467913391755
2092120,531331,4175710,4707041,7.858961739480662
2092162,531357,4175807,4707164,7.858759741567345
2092168,531360,4175815,4707175,7.858730427582054
2092371,531366,4176623,4707989,7.860162298679253
2092387,531366,4176649,4708015,7.860211229171607
2092426,531373,4176689,4708062,7.860182959992322
2092781,531426,4176996,4708422,7.859976741822944
2093239,531426,4178241,4709667,7.862319495094331
2093291,531426,4178281,4709707,7.8623947642757415
2093926,531608,4179388,4710996,7.861785375690358
2094089,531617,4180315,4711932,7.863396016304971
2094096,531619,4180341,4711960,7.863415340685717
2094351,531682,4180526,4712208,7.862831542162421
2094380,531682,4180573,4712255,7.8629199408669095
2094384,531684,4180582,4712266,7.862907290796789
2094419,531692,4180630,4712322,7.8628792609254985
2094480,531705,4180695,4712400,7.862809264535786
2094645,531737,4180846,4712583,7.862620054651077
2094698,531741,4180941,4712682,7.862739566819185
2094716,531744,4180947,4712691,7.862706490341217
2094718,531744,4180951,4712695,7.862714012758019
2094934,531801,4181063,4712864,7.862081868969784
2095104,531801,4181408,4713209,7.862730607877759
2095191,531811,4181570,4713381,7.862887379162898
2095450,531811,4182066,4713877,7.863820041330473
2095461,531820,4182092,4713912,7.863735850475725
2095470,531824,4182099,4713923,7.863689867324529
2095490,531833,4182141,4713974,7.863635765362435
2095640,531874,4182256,4714130,7.863245806337591
2095670,531879,4182264,4714143,7.863186927853891
2095825,531917,4182411,4714328,7.86290154290989
2095896,531917,4182538,4714455,7.863140301964404
2096016,531972,4182741,4714713,7.862708939568248
2096163,532093,4183067,4715160,7.861533604088007
2096495,532093,4183689,4715782,7.862702572670567
2096556,532106,4183759,4715865,7.862642029971472
2096745,532225,4184263,4716488,7.861830992531354
2096796,532238,4184367,4716605,7.861834367331908
2096874,532261,4184506,4716767,7.861755792740779
2096877,532261,4184508,4716769,7.8617595502958135
2096900,532265,4184538,4716803,7.861756831653405
2096944,532282,4184614,4716896,7.861648524654225
2097007,532282,4184752,4717034,7.861907785722606
2097037,532294,4184769,4717063,7.861762484641946
2097453,532294,4185424,4717718,7.862993007623606
2097484,532303,4185480,4717783,7.8629652660232985
2097510,532326,4185535,4717861,7.862728854123225
2097599,532363,4185625,4717988,7.862351440652337
2097661,532367,4185673,4718040,7.862382529345358
2097700,532373,4185697,4718070,7.862338999160363
2097756,532402,4185794,4718196,7.862092929778626
2097787,532424,4185887,4718311,7.861942737367211
2097848,532438,4185981,4718419,7.8619125607112945
2097896,532460,4186108,4718568,7.861826240468767
2097928,532472,4186153,4718625,7.861733574723178
2097963,532476,4186213,4718689,7.861787197920657
2098055,532476,4186403,4718879,7.862144021514585
2098080,532493,4186449,4718942,7.861979406302055
2098124,532493,4186592,4719085,7.862247954433204
2098302,532545,4186946,4719491,7.862144983053075
2098317,532553,4186958,4719511,7.862049411044534
2098987,532899,4188009,4720908,7.858916980516008
2099022,532911,4188051,4720962,7.858818827158756
2099318,533038,4188515,4721553,7.8578168911034485
2099346,533038,4188555,4721593,7.857891932657709
2099366,533038,4188576,4721614,7.857931329473696
2099511,533090,4188710,4721800,7.857416196139488
2099631,533175,4189036,4722211,7.856774980072209
2099715,533233,4189300,4722533,7.8564154881637105
2099725,533237,4189310,4722547,7.856375307789969
2099789,533262,4189448,4722710,7.856265775547479
2099798,533273,4189480,4722753,7.856163728521789
2099810,533277,4189489,4722766,7.856121677852223
2099957,533277,4189687,4722964,7.856492967069647
2100123,533277,4190050,4723327,7.857173663968257
2100192,533308,4190237,4723545,7.857067585710321
2100268,533308,4190307,4723615,7.857198841944992
2100275,533311,4190316,4723627,7.857171519057361
2100287,533316,4190330,4723646,7.857124106533463
2100311,533326,4190375,4723701,7.857061159590945
2100314,533326,4190385,4723711,7.8570799098487605
2100339,533340,4190407,4723747,7.85691491356358
2100354,533348,4190424,4723772,7.856828937204227
2100375,533350,4190424,4723774,7.856799475016405
2100557,533488,4190795,4724283,7.85546254086315
2100721,533497,4191728,4725225,7.857078858925167
2100791,533497,4191849,4725346,7.857305664324261
2100919,533572,4192299,4725871,7.8570445975425995
2101051,533615,4192500,4726115,7.856788133766854
2101119,533637,4192656,4726293,7.8567565592340864
2101156,533638,4192700,4726338,7.856824289124837
2101186,533658,4192749,4726407,7.856621656566565
2101198,533659,4192776,4726435,7.856657528496662
2101251,533688,4192834,4726522,7.85633928437589
2101254,533688,4192843,4726531,7.856356148161472
2101312,533717,4192925,4726642,7.856082905359957
2101321,533720,4192947,4726667,7.856079967023907
2101357,533720,4192998,4726718,7.8561755227460095
2101379,533721,4193029,4726750,7.856218885897313
2101446,533788,4193226,4727014,7.855601849423366
2101477,533788,4193246,4727034,7.855639317481847
2101581,533859,4193447,4727306,7.854971069139979
2101587,533861,4193466,4727327,7.854977231901188
2101605,533864,4193484,4727348,7.854966808026014
2101646,533864,4193507,4727371,7.855009890159291
2101869,533971,4193773,4727744,7.853934015143144
2106218,535347,4202944,4738291,7.850878028643105
2106238,535347,4202974,4738321,7.850934067063045
2106398,535399,4203222,4738621,7.850634760244229
2106477,535422,4203338,4738760,7.850514173866595
2106512,535452,4203477,4738929,7.85033392348894
2106522,535454,4203511,4738965,7.8503680988469595
2106537,535454,4203555,4739009,7.85045027210554
2106587,535462,4203940,4739402,7.8510519887499015
2106619,535466,4203991,4739457,7.85108858452264
2106709,535512,4204242,4739754,7.850882893380541
2106763,535553,4204328,4739881,7.850442439870564
2106794,535561,4204352,4739913,7.850369985865289
2107376,535561,4205883,4741444,7.853228670496918
2107636,535561,4206201,4741762,7.8538224403942785
2107698,535581,4206269,4741850,7.85365612297673
2107723,535582,4206327,4741909,7.853749752605577
2107931,535625,4206558,4742183,7.853550525087514
2107936,535625,4206558,4742183,7.853550525087514
2109273,535625,4209854,4745479,7.859704084014003
2109321,535644,4209901,4745545,7.859513034776829
2109357,535651,4209962,4745613,7.859524205126099
2109511,535680,4210014,4745694,7.8591957885304655
2109562,535694,4210157,4745851,7.859257337211169
2109660,535694,4210239,4745933,7.8594104096741795
2109704,535720,4210317,4746037,7.859174568804599
2109771,535778,4210413,4746191,7.858502962047714
2109815,535800,4210461,4746261,7.858269876819709
2109842,535805,4210469,4746274,7.858211476190032
2109886,535825,4210517,4746342,7.858007745066019
2109915,535837,4210551,4746388,7.857895218135366
2109963,535865,4210598,4746463,7.85757233631605
2110081,535865,4210775,4746640,7.85790264338966
2110101,535865,4210811,4746676,7.857969824489377
2110118,535880,4210866,4746746,7.857852504292006
2110129,535880,4210882,4746762,7.8578823617227735
2110140,535884,4210889,4746773,7.8578367706443935
2110172,535888,4210917,4746805,7.857830367539486
2110192,535888,4210938,4746826,7.857869554832353
2110198,535890,4210942,4746832,7.857847692623486
2110220,535890,4210963,4746853,7.857886879770102
2110400,535904,4211136,4747040,7.858004418701857
2110468,535941,4211231,4747172,7.857639180432175
2110730,536084,4211527,4747611,7.856095313421031
2110803,536119,4211710,4747829,7.855923778116425
2110810,536121,4211715,4747836,7.855903797836683
2110834,536121,4211740,4747861,7.8559504291008935
2110852,536126,4211770,4747896,7.8559331201993565
2111001,536253,4212293,4748546,7.855047897167942
2111054,536264,4212392,4748656,7.855071382751779
2111121,536291,4212498,4748789,7.854873566776247
2111149,536308,4212531,4748839,7.8546861132036065
2111164,536320,4212551,4748871,7.854547658114559
2111196,536329,4212594,4748923,7.854496027624835
2111262,536362,4212707,4749069,7.854223453563079
2111288,536366,4212741,4749107,7.854228269502541
2111325,536381,4212787,4749168,7.854094384402132
2111328,536381,4212796,4749177,7.854111163519961
2111367,536393,4212814,4749207,7.8539690115269964
2111381,536393,4212834,4749227,7.854006297621334
2111472,536393,4213103,4749496,7.854507795590173
2111502,536405,4213174,4749579,7.854464443843738
2111546,536423,4213296,4749719,7.854428314967852
2111659,536472,4213415,4749887,7.853932730878778
2111779,536494,4213563,4750057,7.853886529951873
2111834,536520,4213619,4750139,7.853610303436964
2111859,536539,4213680,4750219,7.853445881846427
2111903,536548,4213753,4750301,7.853450203896017
2111906,536548,4213762,4750310,7.853466977791363
2112045,536565,4213936,4750501,7.85354244126993
2112124,536602,4214209,4750811,7.853509677563632
2112282,536689,4214382,4751071,7.852558930777415
2112308,536699,4214427,4751126,7.8524964644987225
2112325,536704,4214440,4751144,7.852447531600286
2112359,536714,4214483,4751197,7.852381342763557
2112853,536714,4215564,4752278,7.854395450836013
2113654,536714,4216481,4753195,7.856103995796644
2113667,536732,4216505,4753237,7.855885246268156
2113738,536732,4216632,4753364,7.856121863425322
2113743,536732,4216643,4753375,7.856142357824762
2114475,536735,4217604,4754339,7.857888902344732
2114485,536740,4217618,4754358,7.857841785594515
2114651,536750,4218592,4755342,7.859510013972986
2114787,536843,4218954,4755797,7.858822784314968
2115411,536863,4219812,4756675,7.860128189128325
2115438,536863,4219899,4756762,7.860290241644516
2115632,536863,4220456,4757319,7.86132775028266
2115669,536875,4220503,4757378,7.861239580908032
2115865,536875,4220831,4757706,7.861850523864959
2115871,536875,4220845,4757720,7.861876600698487
2115874,536876,4220848,4757724,7.861867544833443
2116374,536920,4221640,4758560,7.862698353572227
2116387,536926,4221651,4758577,7.862630977080641
2116624,536985,4221926,4758911,7.8622792070542005
2116675,536990,4221945,4758935,7.8622413825210895
2116697,536999,4221973,4758972,7.862161754491163
2116745,537011,4222048,4759059,7.862125729268116
2116857,537099,4222294,4759393,7.861295589826084
2116870,537099,4222294,4759393,7.861295589826084
2116963,537099,4222446,4759545,7.861578591656287
2117005,537111,4222567,4759678,7.861628229546593
2117086,537141,4222750,4759891,7.8615298403957246
2117155,537171,4222903,4760074,7.861375614096815
2117351,537171,4223376,4760547,7.862256153068576
2117373,537180,4223432,4760612,7.862228675676682
2117423,537195,4223520,4760715,7.862172953955268
2117437,537195,4223546,4760741,7.862221353512226
2117750,537397,4224216,4761613,7.86051280524454
2117752,537397,4224220,4761617,7.860520248531347
2117753,537397,4224220,4761617,7.860520248531347
2117776,537404,4224246,4761650,7.86046624141242
2117779,537404,4224255,4761659,7.86048298858959
2117878,537436,4224351,4761787,7.860193585840919
2117905,537457,4224400,4761857,7.859977635420136
2117909,537459,4224403,4761862,7.85995396858179
2117968,537459,4224524,4761983,7.86017910203383
2117969,537459,4224531,4761990,7.860192126283121
2118203,537591,4225016,4762607,7.859164308926303
2118221,537591,4225069,4762660,7.859262896886294
2118691,537591,4225877,4763468,7.860765898238624
2118724,537594,4225895,4763489,7.860755514384461
2118734,537594,4225905,4763499,7.860774115782542
2119494,537677,4227000,4764677,7.8615972042694775
2119776,537677,4227327,4765004,7.862205376090106
2120101,537677,4228048,4765725,7.863546329859749
2120938,537677,4229757,4767434,7.866724818059914
2121079,537677,4230176,4767853,7.867504096325489
2121084,537680,4230187,4767867,7.8674806576402325
2121178,537684,4230377,4768061,7.867775496388213
2121185,537688,4230387,4768075,7.867735564118969
2121198,537693,4230391,4768084,7.867669841340691
2121252,537730,4230527,4768257,7.8673813995871535
2121300,537741,4230585,4768326,7.867328323486586
2122207,537753,4232822,4770575,7.871312665852166
2122344,537853,4233088,4770941,7.870343755635834
2122392,537869,4233178,4771047,7.870276963349812
2122422,537883,4233230,4771113,7.870168791354254
2122735,537883,4234016,4771899,7.871630075685604
2122843,537924,4234090,4772014,7.871167674243945
2122899,537924,4234180,4772104,7.871334984124151
2122996,537976,4234332,4772308,7.870856692491858
2123006,537976,4234363,4772339,7.870914315880262
2123037,537996,4234423,4772419,7.870733239652339
2123128,538010,4234501,4772511,7.87067340755748
2123144,538010,4234527,4772537,7.87072173379677
2123335,538085,4234978,4773063,7.870462845089531
2123363,538092,4235022,4773114,7.870442229209875
2123423,538105,4235218,4773323,7.870616329526765
2123479,538105,4235296,4773401,7.870761282649297
2123598,538114,4235358,4773472,7.870744860754413
2124140,538286,4235827,4774113,7.869101184128883
2124209,538286,4235959,4774245,7.869346406928659
2124249,538308,4235988,4774296,7.869078668717537
2124266,538312,4235996,4774308,7.869035057736034
2124607,538338,4236677,4775015,7.869920013077286
2124614,538341,4236695,4775036,7.8699095926188045
2125316,538347,4237518,4775865,7.871350634442098
2125348,538361,4237536,4775897,7.871179375920618
2125370,538377,4237615,4775992,7.871092190045266
2125400,538392,4237637,4776029,7.87091375800532
2125460,538439,4237685,4776124,7.870315857506607
2126460,538439,4238891,4777330,7.8725556655442865
2126507,538439,4238985,4777424,7.872730244280225
2127273,538439,4239880,4778319,7.874392456712831
2127304,538448,4239940,4778388,7.874372269931358
2127385,538504,4240108,4778612,7.873865375187557
2127432,538533,4240183,4778716,7.873580634798611
2127534,538580,4240779,4779359,7.87400014853875
2128610,538580,4240779,4779359,7.87400014853875
2128664,538613,4240851,4779464,7.873651397199845
2128697,538617,4240873,4779490,7.873633769450278
2128806,538617,4240986,4779603,7.8738435660218675
2128825,538626,4241006,4779632,7.87374913205081
2128844,538636,4241024,4779660,7.873636370387423
2128860,538636,4241050,4779686,7.873684640462205
2128879,538636,4241060,4779696,7.873703205875582
2128898,538648,4241085,4779733,7.87357420801711
2128965,538655,4241176,4779831,7.873640827616935
2129308,538892,4241833,4780725,7.8713972372943
2129339,538892,4241887,4780779,7.871497442901361
2129393,538892,4242006,4780898,7.871718266368772
2129493,538912,4242230,4781142,7.871841784929636
2129614,538912,4242589,4781501,7.872507941927439
2129652,538934,4242643,4781577,7.872286773519577
2129749,538948,4242708,4781656,7.872202884137245
2130206,539030,4243914,4782944,7.873242676659926
2130317,539030,4244092,4783122,7.873572899467562
2130351,539052,4244133,4783185,7.873327619598851
2130436,539057,4244249,4783306,7.873469781488785
2130490,539109,4244353,4783462,7.872903253330959
2130543,539112,4244436,4783548,7.873013399813026
2130556,539112,4244450,4783562,7.873039368442921
2130590,539132,4244562,4783694,7.872955046259543
2130970,539132,4245278,4784410,7.8742831069200125
2131115,539132,4245614,4784746,7.874906330917104
2131297,539132,4246020,4785152,7.875659393246923
2131314,539132,4246065,4785197,7.875742860746533
2131316,539132,4246065,4785197,7.875742860746533
2131334,539141,4246082,4785223,7.875642920868567
2131343,539147,4246089,4785236,7.875568258749469
2131368,539150,4246113,4785263,7.875568951126773
2131623,539150,4246705,4785855,7.876666975795233
2131660,539166,4246766,4785932,7.876546369763672
2131715,539198,4246860,4786058,7.876253250197515
2131951,539317,4247302,4786619,7.875334914345366
2131990,539317,4247418,4786735,7.875550001205228
2132050,539346,4247482,4786828,7.875245204377153
2132119,539346,4247566,4786912,7.875400948556214
2132174,539346,4247665,4787011,7.875584504195823
2132181,539348,4247672,4787020,7.875568278736549
2132203,539356,4247690,4787046,7.875484837472838
2132219,539356,4247716,4787072,7.875533043110673
2132239,539362,4247736,4787098,7.875482514526422
2132288,539381,4247834,4787215,7.875386785963911
2132293,539381,4247834,4787215,7.875386785963911
2132407,539434,4248023,4787457,7.874963387550655
2132500,539491,4248239,4787730,7.874531734542374
2132556,539491,4248431,4787922,7.874887625558165
2132628,539497,4248848,4788345,7.875572987430885
2132900,539628,4249345,4788973,7.874582119534198
2133055,539628,4249666,4789294,7.875176973767114
2133449,539628,4250439,4790067,7.876609442060086
2133484,539631,4250524,4790155,7.876723168239037
2133504,539631,4250545,4790176,7.8767620837201715
2133668,539670,4250676,4790346,7.876435599533048
2133918,539804,4251126,4790930,7.875314002860297
2133953,539807,4251160,4790967,7.8753332209474864
2133975,539810,4251208,4791018,7.875378373872288
2133985,539817,4251243,4791060,7.8753410878130925
2135327,539822,4254534,4794356,7.881364597960069
2135384,539843,4254608,4794451,7.8811950882015696
2135456,539874,4254815,4794689,7.881125966429204
2135498,539884,4254947,4794831,7.881224485259796
2135501,539884,4254956,4794840,7.881241155507479
2135515,539890,4255004,4794894,7.881242475319047
2135603,539936,4255196,4795132,7.880926628341137
2135627,539939,4255235,4795174,7.880955070850596
2135687,539977,4255309,4795286,7.880537504375186
2135707,539989,4255334,4795323,7.880408674991528
2135733,540009,4255379,4795388,7.8802001448124015
2135734,540009,4255381,4795390,7.880203848454378
2135744,540009,4255407,4795416,7.88025199580007
2135817,540026,4255474,4795500,7.880127993837334
2135825,540029,4255497,4795526,7.880126808004755
2135855,540054,4255530,4795584,7.879823128798232
2136207,540066,4256381,4796447,7.88122377635326
2136239,540080,4256443,4796523,7.881134276403496
2136565,540080,4257383,4797463,7.8828747592949195
2136763,540125,4257505,4797630,7.882443878731775
2138544,540143,4261029,4801172,7.888705398385242
2138562,540150,4261055,4801205,7.888651300564658
2138572,540153,4261074,4801227,7.8886426623567765
2138606,540153,4261123,4801276,7.8887333773949235
2138660,540177,4261236,4801413,7.888592072598426
2138672,540177,4261265,4801442,7.888645758705017
2138716,540177,4261304,4801481,7.888717957262156
2138740,540183,4261327,4801510,7.888672912698104
2138793,540197,4261397,4801594,7.888598048489718
2138852,540226,4261522,4801748,7.88840596343012
2138888,540246,4261588,4801834,7.8882360998508085
2138980,540273,4261914,4802187,7.888445285994303
2138997,540282,4261927,4802209,7.888337942037676
2139117,540367,4262117,4802484,7.887448715410082
2139341,540403,4262567,4802970,7.887755989511531
2139374,540408,4262583,4802991,7.8877126171337215
2139895,540673,4263451,4804124,7.885452019982504
2139970,540701,4263541,4804242,7.885210125374282
2140003,540706,4263557,4804263,7.885166800442384
2140115,540719,4263859,4804578,7.885535740375315
2140179,540744,4263936,4804680,7.885313567973015
2140291,540763,4264155,4804918,7.885441496552094
2140302,540768,4264163,4804931,7.885383380673413
2140331,540773,4264187,4804960,7.8853548531454045
2140336,540774,4264190,4804964,7.8853458191407135
2140416,540813,4264465,4805278,7.885285671757151
2140419,540813,4264471,4805284,7.885296766165014
2140459,540813,4264562,4805375,7.885465031350948
2140513,540834,4264713,4805547,7.885438045684998
2140598,540834,4264870,4805704,7.885728338085253
2140725,540891,4265084,4805975,7.885292970302705
2140747,540899,4265147,4806046,7.885292818067699
2140830,540918,4265281,4806199,7.885263570448756
2140952,540953,4265481,4806434,7.885123106813346
2141122,540963,4266054,4807017,7.886036568120185
2204484,540965,4456134,4997099,8.237379497749393
2204568,540986,4456224,4997210,8.237226101969368
2204597,540996,4456250,4997246,8.237121901086145
2204835,541091,4456894,4997985,8.236865887623338
2204837,541091,4456899,4997990,8.236875128213184
2205102,541226,4457412,4998638,8.23576842206398
2205169,541248,4457489,4998737,8.235575928225138
2205631,541485,4458566,5000051,8.233960312843385
2205633,541485,4458576,5000061,8.233978780575638
2205701,541496,4458670,5000166,8.233985107923235
2205718,541503,4458695,5000198,8.2339248351348
2205728,541512,4458718,5000230,8.233830459897472
2205741,541516,4458725,5000241,8.23378256598143
2205764,541531,4458752,5000283,8.233604355060006
2206099,541531,4459403,5000934,8.234806502305501
2206120,541543,4459448,5000991,8.234707123903364
2206141,541548,4459467,5001015,8.234666179175253
2206221,541548,4459561,5001109,8.234839755663394
2206260,541566,4459615,5001181,8.234665765576125
2206298,541566,4459721,5001287,8.23486149425924
2206317,541576,4459753,5001329,8.234768527408896
2206531,541597,4460277,5001874,8.23541673975299
2206627,541602,4460479,5002081,8.235713679048452
2206831,541602,4460834,5002436,8.23636914191602
2206867,541637,4460916,5002553,8.235988309513568
2206886,541640,4460954,5002594,8.236012849863378
2206906,541647,4460979,5002626,8.235952566893198
2207081,541744,4461226,5002970,8.234933843291296
2207158,541744,4461382,5003126,8.235221802179627
2207376,541744,4461967,5003711,8.236301648010869
2207401,541759,4462013,5003772,8.236158513287274
2207478,541802,4462168,5003970,8.2357909346957
2207484,541809,4462177,5003986,8.235701141915325
2207581,541863,4462358,5004221,8.235214436121307
2208162,542141,4463246,5005387,8.232629518888997
2208211,542153,4463305,5005458,8.232556123455925
2208307,542187,4463418,5005605,8.232248283341356
2208516,542245,4463732,5005977,8.23194681370967
2208953,542501,4464595,5007096,8.229653032897636
2208963,542501,4464611,5007112,8.229682525930828
2208984,542501,4464673,5007174,8.229796811434449
2208999,542501,4464692,5007193,8.229831834411366
2209150,542506,4464830,5007336,8.23001035933243
2209172,542506,4464835,5007341,8.230019575820359
2209278,542506,4464898,5007404,8.230135703568255
2209349,542506,4465070,5007576,8.230452750752987
2209378,542511,4465111,5007622,8.230452470088164
2209429,542529,4465202,5007731,8.230347133517286
2209443,542532,4465222,5007754,8.230338486946392
2209482,542553,4465267,5007820,8.2301028655265
2209536,542567,4465297,5007864,8.229945794712911
2209559,542567,4465349,5007916,8.230041635410926
2209720,542567,4465669,5008236,8.230631424321789
2210155,542567,4466437,5009004,8.232046917707859
2210379,542567,4466750,5009317,8.232623804986297
2210496,542598,4466850,5009448,8.232337752811473
2210516,542598,4466874,5009472,8.232381984452578
2210544,542605,4466908,5009513,8.232338441407654
2210583,542612,4466950,5009562,8.232309642986149
2210614,542633,4466989,5009622,8.232062922822607
2210670,542633,4467059,5009692,8.23219192345471
2210676,542635,4467067,5009702,8.232176324785538
2210738,542663,4467136,5009799,8.231878716625236
2210857,542695,4467239,5009934,8.23158311758907
2210892,542707,4467288,5009995,8.231491394067149
2210899,542718,4467295,5010013,8.231337453336725
2210986,542737,4467480,5010217,8.23139015766384
2211023,542751,4467520,5010271,8.231251531549459
2211412,542867,4467922,5010789,8.230233187871063
2211816,543021,4469324,5012345,8.230480957458367
2211830,543027,4469351,5012378,8.230439738723858
2212298,543165,4470115,5013280,8.2297552309151
2212299,543165,4470117,5013282,8.229758913037475
2212454,543268,4470356,5013624,8.228638535676682
2212479,543284,4470387,5013671,8.228453258332658
2212541,543343,4470534,5013877,8.227830302405662
2212595,543374,4470634,5014008,8.227544932219796
2212617,543392,4470678,5014070,8.227353365526175
2212940,543510,4471062,5014572,8.226273665617928
2212949,543510,4471082,5014592,8.226310463468934
2213020,543510,4471192,5014702,8.226512851649463
2213021,543510,4471201,5014711,8.226529410682415
2213037,543518,4471262,5014780,8.226520556816885
2213182,543528,4471456,5014984,8.22672613002458
2213227,543532,4471561,5015093,8.226858768205
2213250,543541,4471627,5015168,8.226843973131741
2213294,543556,4471726,5015282,8.226799078659788
2213476,543556,4472270,5015826,8.227799895502947
2213511,543565,4472297,5015862,8.227713336951423
2213744,543662,4472605,5016267,8.226811879439799
2213752,543665,4472609,5016274,8.226773840508402
2213787,543673,4472750,5016423,8.226912132844559
2213880,543673,4472956,5016629,8.227291037075595
2213943,543700,4473065,5016765,8.227082950156337
2213973,543731,4473136,5016867,8.226744474749463
2214841,543749,4475033,5018782,8.229960882686681
2216305,543749,4477119,5020868,8.233797211581079
2216364,543754,4477366,5021120,8.234175748592195
2216487,543790,4477524,5021314,8.23392118280954
2216497,543790,4477540,5021330,8.233950605932437
2216500,543791,4477545,5021336,8.233944658885491
2216611,543791,4477761,5021552,8.234341870314147
2216630,543805,4477776,5021581,8.234157464532323
2217572,543805,4479702,5023507,8.237699175255836
2217625,543811,4479860,5023671,8.237898828821043
2217647,543825,4479918,5023743,8.23779340780582
2217720,543848,4480067,5023915,8.237718995013312
2217805,543882,4480145,5024027,8.237347439334266
2217824,543889,4480178,5024067,8.237302096567499
2217878,543924,4480240,5024164,8.236886035549084
2217931,543949,4480301,5024250,8.236619609558984
2217959,543988,4480367,5024355,8.236150429788893
2218015,544006,4480482,5024488,8.236089307838517
2218071,544018,4480547,5024565,8.236027116749813
2218084,544022,4480566,5024588,8.236001485234054
2218147,544022,4480647,5024669,8.236150376271548
2218179,544022,4480695,5024717,8.236238607997471
2218185,544022,4480709,5024731,8.236264342250864
2218231,544022,4480832,5024854,8.236490436048543
2218272,544028,4480890,5024918,8.23650620923923
2218383,544052,4481060,5025112,8.236455338827906
2218418,544055,4481145,5025200,8.236566155995257
2218463,544070,4481284,5025354,8.236594555847594
2218496,544070,4481315,5025385,8.236651533809988
2218536,544089,4481364,5025453,8.236453962495107
2218879,544100,4482155,5026255,8.237741224039699
2219019,544100,4482418,5026518,8.238224591067818
2219035,544105,4482454,5026559,8.238215050403875
2219202,544123,4482815,5026938,8.238605976957416
2219313,544123,4483031,5027154,8.23900294602507
2219421,544146,4483139,5027285,8.238853175434533
2219488,544162,4483305,5027467,8.238915984578123
2219510,544171,4483370,5027541,8.238899169562508
2219524,544175,4483403,5027578,8.238899251160014
2219813,544340,4484360,5028700,8.238159973545946
2219851,544340,4484470,5028810,8.23836205312856
2219878,544351,4484489,5028840,8.23823047996605
2219931,544368,4484563,5028931,8.238109146753667
2219953,544372,4484605,5028977,8.238125766938785
2219977,544385,4484640,5029025,8.237993331925017
2220830,545058,4486504,5031562,8.231241445864477
2220850,545060,4486535,5031595,8.231268117271494
2220867,545065,4486545,5031610,8.231210956491427
2220891,545071,4486568,5031639,8.231162545796787
2221046,545071,4486889,5031960,8.231751459901554
2221125,545136,4487095,5032231,8.231147823662353
2221140,545140,4487127,5032267,8.23114612760025
2221154,545149,4487139,5032288,8.231032249898652
2221236,545198,4487257,5032455,8.230508916026839
2221289,545217,4487287,5032504,8.230277119018666
2222233,545217,4489376,5034593,8.2341086209711
2222303,545271,4489481,5034752,8.233485734616366
2222349,545271,4489536,5034807,8.233586601891536
2222867,545283,4491306,5036589,8.236651426873753
2223015,545350,4491652,5037002,8.236273952507563
2223141,545393,4491806,5037199,8.235906951501027
2223197,545393,4491890,5037283,8.236060968879322
2223270,545393,4492111,5037504,8.236466181267453
2223291,545406,4492152,5037558,8.236345034708089
2223527,545408,4492424,5037832,8.236813541422201
2223535,545408,4492424,5037832,8.236813541422201
2223594,545455,4492547,5038002,8.236329303058914
2223624,545477,4492641,5038118,8.236169444357873
2223685,545513,4492741,5038254,8.235809229110947
2223778,545534,4492915,5038449,8.235811150175792
2223810,545550,4492968,5038518,8.235666758317295
2223834,545554,4493025,5038579,8.235710855387367
2223935,545590,4493080,5038670,8.235268241719973
2224175,545630,4493251,5038881,8.2349779154372
2224249,545633,4493276,5038909,8.234978456215075
2224322,545645,4493394,5039039,8.235013607748627
2224343,545645,4493423,5039068,8.235066755857746
2224369,545652,4493470,5039122,8.235047246230199
2224422,545675,4493560,5039235,8.234865075365374
2224438,545677,4493610,5039287,8.234926522466587
2224573,545730,4493843,5039573,8.234553717039562
2224664,545733,4493940,5039673,8.234686192698627
2224685,545733,4493962,5039695,8.2347265054523
2224711,545743,4493988,5039731,8.234623256734396
2224724,545743,4494014,5039757,8.234670898206666
2224776,545773,4494155,5039928,8.234476604742264
2224822,545773,4494308,5040081,8.23475694107257
2224840,545783,4494349,5040132,8.234681182814414
2225219,545940,4494883,5040823,8.23329120416163
2225258,545955,4494929,5040884,8.233149252227747
2225518,545960,4494961,5040921,8.233132463916771
2225711,546029,4495071,5041100,8.232293522871496
2225792,546077,4495204,5041281,8.231813462204048
2225861,546122,4495351,5041473,8.231404338224792
2225876,546127,4495362,5041489,8.231349118428497
2225886,546127,4495378,5041505,8.231378415643247
2225894,546127,4495397,5041524,8.231413206085763
2225968,546136,4495544,5041680,8.231546720963276
2226014,546146,4495609,5041755,8.231515016131217
2226031,546149,4495656,5041805,8.231555857467468
2226050,546163,4495699,5041862,8.231423585999051
2226080,546163,4495766,5041929,8.231546259999304
2226093,546163,4495796,5041959,8.231601188656134
2226096,546163,4495805,5041968,8.231617667253182
2226869,546163,4497455,5043618,8.234638743378808
2226943,546167,4497560,5043727,8.234770683691984
2227066,546198,4497711,5043909,8.23457976777652
2227120,546199,4497855,5044054,8.234828331798484
2227161,546231,4497904,5044135,8.234435614236467
2227202,546231,4497964,5044195,8.23454545787405
2227300,546256,4498203,5044459,8.23460611874286
2227332,546271,4498232,5044503,8.234433092732361
2227345,546276,4498249,5044525,8.234388843734669
2227396,546295,4498314,5044609,8.234221437135613
2227409,546301,4498343,5044644,8.234184085330249
2227497,546323,4498437,5044760,8.234024560562158
2227549,546338,4498519,5044857,8.233948581281185
2227552,546338,4498528,5044866,8.2339650545999
2227566,546338,4498554,5044892,8.234012644187297
2227614,546352,4498671,5045023,8.234015799338156
2227699,546381,4498843,5045224,8.23389356511299
2227734,546381,4498912,5045293,8.23401985061706
2227754,546381,4498939,5045320,8.234069266683871
2227816,546397,4498992,5045389,8.233925149662243
2228051,546397,4499388,5045785,8.23464989741891
2228129,546397,4499498,5045895,8.234851216240207
2228173,546409,4499512,5045921,8.234695987804008
2228197,546416,4499551,5045967,8.234661869344968
2228221,546416,4499583,5045999,8.234720432783813
2228237,546422,4499604,5046026,8.234668443071472
2228532,546448,4500285,5046733,8.23552286768366
2228564,546448,4500333,5046781,8.235610707697713
2229530,546714,4502315,5049029,8.235229022852899
2229560,546723,4502348,5049071,8.235153816466473
2229580,546747,4502384,5049131,8.234858170232302
2229651,546769,4502553,5049322,8.23483591791049
2229672,546769,4502583,5049352,8.23489078568829
2229725,546769,4502669,5049438,8.235048073317982
2229748,546778,4502714,5049492,8.234994824224822
2229799,546798,4502815,5049613,8.23487832801144
2229813,546806,4502855,5049661,8.234831000391363
2229823,546809,4502867,5049676,8.23480776651445
2230534,547030,4503826,5050856,8.233234009103706
2230572,547046,4503898,5050944,8.233124819485015
2230660,547052,4504125,5051177,8.233449470982649
2230704,547069,4504209,5051278,8.23334716461726
2230744,547072,4504281,5051353,8.23343362482452
2230744,547180,4504675,5051855,8.232528601191564
2230894,547269,4505033,5052302,8.23184393780755
2230912,547269,4505060,5052329,8.231893273691732
2231081,547389,4505551,5052940,8.230985642751316
2231358,547430,4506330,5053760,8.2317921926091
2231661,547542,4506558,5054100,8.230524781660584
2231668,547551,4506572,5054123,8.230415066359116
2231713,547574,4506618,5054192,8.230153367398744
2231739,547588,4506694,5054282,8.230081740286494
2231762,547588,4506756,5054344,8.230194964097095
2231934,547711,4507242,5054953,8.229234030355425
2231946,547711,4507277,5054988,8.22929793266887
2232234,547711,4507844,5055555,8.230333150146702
2232256,547711,4507889,5055600,8.23041531026399
2232281,547722,4507916,5055638,8.230299312424917
2232424,547733,4508063,5055796,8.230402404091045
2232460,547748,4508139,5055887,8.230315765644056
2232483,547753,4508183,5055936,8.23032096583679
2232908,547864,4508920,5056784,8.229998685805237
2232951,547866,4508954,5056820,8.23003070093782
2232991,547869,4509023,5056892,8.230111577767678
2233017,547903,4509098,5057001,8.229737745549851
2233069,547918,4509160,5057078,8.229625600911085
2233098,547918,4509199,5057117,8.2296967794451
2233135,547936,4509308,5057244,8.22962535770601
2233189,547946,4509389,5057335,8.22962299204666
2233227,547970,4509474,5057444,8.229417668850484
2233279,547976,4509531,5057507,8.229431580945151
2233297,547976,4509564,5057540,8.229491802560696
2233366,547981,4509656,5057637,8.229584602385849
2233420,547997,4509681,5057678,8.229389941915741
2233616,547997,4510009,5058006,8.229988485338424
2233640,547999,4510013,5058012,8.22996574811268
2233719,548065,4510192,5058257,8.229301269010064
2233797,548107,4510359,5058466,8.228975364299307
2233926,548193,4510564,5058757,8.228058366305298
2233951,548203,4510600,5058803,8.227973943958716
2233975,548203,4510649,5058852,8.228063326906273
2234196,548214,4510873,5059087,8.228306829084993
2234212,548214,4510908,5059122,8.228370672766474
2234236,548223,4510946,5059169,8.228304905120726
2234243,548223,4510954,5059177,8.228319497722643
2234314,548249,4511160,5059409,8.228305021988184
2234438,548277,4511259,5059536,8.22806537571337
2234448,548277,4511285,5059562,8.228112796998598
2234458,548277,4511314,5059591,8.22816568997058
2234480,548288,4511340,5059628,8.228048033150461
2234501,548296,4511383,5059679,8.228006405299327
2234553,548317,4511502,5059819,8.227908308514964
2234698,548317,4511783,5060100,8.228420785786325
2234709,548322,4511790,5060112,8.228358519264228
2234792,548379,4511934,5060313,8.227765833483776
2234815,548388,4511995,5060383,8.227742036660175
2235321,548388,4512623,5061011,8.228887211244594
2235396,548388,4512790,5061178,8.22919174015478
2235509,548388,4513125,5061513,8.229802621501564
2235563,548415,4513207,5061622,8.229546967169023
2235590,548429,4513272,5061701,8.229455408083817
2235626,548448,4513330,5061778,8.22927606628158
2235644,548455,4513408,5061863,8.229313252682536
2235810,548486,4513688,5062174,8.229358634495684
2235820,548490,4513697,5062187,8.22931502853288
2235895,548490,4513794,5062284,8.229491877700596
2235948,548504,4513858,5062362,8.229398509400113
2236027,548546,4514126,5062672,8.229256981182981
2236045,548546,4514159,5062705,8.229317140221603
2236062,548548,4514187,5062735,8.229338180068106
2236095,548548,4514221,5062769,8.229400161881914
2236105,548554,4514251,5062805,8.229364839195412
2236295,548594,4514705,5063299,8.229592376147023
2236367,548607,4514845,5063452,8.229652556383714
2236384,548612,4514858,5063470,8.229601248241016
2236434,548612,4514965,5063577,8.229796285899688
2236632,548612,4515200,5063812,8.230224639636027
2236672,548619,4515309,5063928,8.2303183083342
2236892,548619,4515833,5064452,8.231273433840242
2236965,548648,4516000,5064648,8.231142736326388
2237000,548655,4516055,5064710,8.23113796465903
2237035,548671,4516144,5064815,8.23106014351041
2237073,548698,4516187,5064885,8.230733481806022
2237232,548698,4516331,5065029,8.230995921253585
2237246,548698,4516357,5065055,8.23104330615384
2237272,548705,4516462,5065167,8.23112965983543
2237344,548755,4516592,5065347,8.23061657752549
2237393,548769,4516636,5065405,8.230486780412159
2237423,548772,4516657,5065429,8.230480053647051
2237456,548797,4516703,5065500,8.23018894053721
2237578,548797,4516890,5065687,8.23052968584012
2239356,548804,4519389,5068193,8.234978243598807
2239478,548813,4519539,5068352,8.235116515097127
2239587,548813,4519743,5068556,8.23548822640863
2239604,548822,4519764,5068586,8.235391438389861
2239626,548822,4519830,5068652,8.23551169595971
2239636,548829,4519861,5068690,8.235463140613925
2239903,548829,4520381,5069210,8.236410612412973
2239950,548843,4520481,5069324,8.236382717826409
2240050,548857,4520524,5069381,8.236250972475526
2240129,548857,4520706,5069563,8.236582570687812
2240423,548995,4521186,5070181,8.23538647892968
2240521,549009,4521436,5070445,8.235631838458021
2240592,549039,4521702,5070741,8.235666318786096
2240619,549049,4521747,5070796,8.235598279934942
2240888,549157,4522072,5071229,8.23457044160413
2241354,549464,4522747,5072211,8.231198040271973
2241372,549472,4522800,5072272,8.231174654941471
2241445,549510,4522877,5072387,8.230745573328965
2241473,549510,4522932,5072442,8.230845662499318
2242785,549515,4526226,5075741,8.236765147448205
2242792,549519,4526228,5075747,8.236708830813857
2242832,549531,4526266,5075797,8.236598117303664
2242854,549539,4526302,5075841,8.236543721191763
2242887,549549,4526386,5075935,8.236546695563089
2243063,549602,4526717,5076319,8.23635467119843
2243175,549602,4526901,5076503,8.236689458917544
2243198,549609,4526930,5076539,8.236637318530082
2243247,549609,4527052,5076661,8.236859294516647
2243275,549619,4527093,5076712,8.236784026753078
2243383,549619,4527650,5077269,8.237797456055922
2243390,549622,4527661,5077283,8.237772505467394
2243394,549623,4527664,5077287,8.237762975712442
2243422,549644,4527695,5077339,8.237504639366572
2243823,549794,4528202,5077996,8.236179369000025
2243842,549808,4528255,5078063,8.236066044873846
2243845,549808,4528264,5078072,8.236082414224603
2243895,549846,4528374,5078220,8.235713272443556
2243960,549865,4528457,5078322,8.235579642275832
2244031,549894,4528607,5078501,8.235418098760853
2244141,549894,4528805,5078699,8.235778168156045
2244152,549899,4528827,5078726,8.235743291040718
2244391,549979,4529632,5079611,8.236009011253158
2244413,549984,4529657,5079641,8.235979592133589
2244448,549990,4529687,5079677,8.23594428989618
2244773,549990,4530293,5080283,8.23704612811142
2244796,549990,4530340,5080330,8.237131584210623
2244820,550008,4530375,5080383,8.236925644717894
2244852,550027,4530438,5080465,8.236755650177173
2244865,550029,4530467,5080496,8.23677842441035
2244936,550052,4530598,5080650,8.236672169176732
2244985,550061,4530653,5080714,8.236637391125711
2245170,550169,4530916,5081085,8.235498546810161
2245217,550189,4530964,5081153,8.235286419757575
2245275,550189,4531033,5081222,8.235411831207093
2245313,550217,4531106,5081323,8.235125414154778
2245327,550217,4531132,5081349,8.235172668238167
2245348,550226,4531159,5081385,8.235087036962993
2245353,550227,4531162,5081389,8.235077522549783
2245452,550227,4531341,5081568,8.235402842826687
2245454,550227,4531346,5081573,8.235411929985261
2247160,550227,4534803,5085030,8.24169479142245
2247589,550370,4535577,5085947,8.240959718007886
2247595,550370,4535596,5085966,8.240994240238384
2247654,550410,4535708,5086118,8.240598826329464
2247691,550410,4535756,5086166,8.240686034047346
2247780,550431,4535882,5086313,8.240600547570903
2247819,550433,4536030,5086463,8.240839484551254
2247902,550462,4536163,5086625,8.240646947473213
2247944,550468,4536238,5086706,8.24069337363843
2247978,550474,4536313,5086787,8.240739798791587
2248005,550485,4536337,5086822,8.240618727122447
2248059,550517,4536433,5086950,8.240314104741543
2248085,550523,4536470,5086993,8.240291504623785
2249068,551120,4540016,5091136,8.237799390332414
2249138,551137,4540067,5091204,8.237637828706838
2249240,551137,4540204,5091341,8.237886405739408
2249269,551137,4540250,5091387,8.237969869560564
2249293,551147,4540277,5091424,8.237869388747466
2249296,551147,4540283,5091430,8.237880275135309
2249448,551302,4540718,5092020,8.236353214753438
2249453,551305,4540732,5092037,8.236333789825958
2249522,551305,4540955,5092260,8.236738284615594
2249534,551318,4540983,5092301,8.236594850884607
2249544,551318,4541015,5092333,8.236652893611309
2249768,551512,4541652,5093164,8.234910573115362
2249787,551527,4541679,5093206,8.2347355614503
2249790,551531,4541688,5093219,8.234692156923183
2249912,551581,4541912,5093493,8.23435179964502
2249972,551618,4541974,5093592,8.233911873796721
2250211,551618,4542433,5094051,8.234743971371493
2250235,551625,4542465,5094090,8.234697484704283
2250269,551625,4542529,5094154,8.234813505551779
2250329,551625,4542571,5094196,8.234889644232949
2250336,551627,4542592,5094219,8.234897856703896
2250423,551676,4542809,5094485,8.234559777840616
2250447,551690,4542851,5094541,8.234426942667078
2250465,551690,4542861,5094551,8.23444506878863
2250519,551725,4542925,5094650,8.234038696814537
2250550,551734,4542980,5094714,8.234004067177299
2251036,551764,4545050,5096814,8.237307979498482
2251041,551765,4545071,5096836,8.237331110164654
2251124,551765,4545380,5097145,8.237891131188096
2251394,551796,4545905,5097701,8.2383797635358
2251431,551808,4545937,5097745,8.238258597193227
2251451,551808,4545958,5097766,8.238296653908606
2251561,551815,4546119,5097934,8.238483912180712
2251579,551818,4546150,5097968,8.23849530098692
2251910,551821,4546483,5098304,8.23905396858764
2251937,551821,4546545,5098366,8.239166323862268
2252058,551874,4546759,5098633,8.238762833545339
2252105,551888,4546843,5098731,8.238706041805584
2252179,551899,4546902,5098801,8.238648738265516
2252278,551935,4546986,5098921,8.238263563644269
2252396,551935,4547163,5099098,8.238584253580585
2252460,551952,4547242,5099194,8.238473635388585
2252582,552046,4547424,5099470,8.237400506479533
2252596,552056,4547502,5099558,8.237392583361109
2252641,552062,4547534,5099596,8.237361021044737
2252673,552062,4547565,5099627,8.237417174157976
2252919,552192,4547823,5100015,8.23594510605007
2253073,552308,4548048,5100356,8.234622710516597
2253185,552308,4548312,5100620,8.235100704679272
2253250,552308,4548461,5100769,8.235370481687754
2253261,552313,4548466,5100779,8.23530498105241
2253270,552319,4548496,5100815,8.23526983500477
2254052,552319,4549897,5102216,8.237806412598516
2254261,552389,4550188,5102577,8.237289301561038
2254283,552391,4550195,5102586,8.237272149618658
2254792,552391,4551015,5103406,8.23875660537554
2254808,552391,4551067,5103458,8.23885074159427
2254828,552397,4551086,5103483,8.238795648781583
2254930,552477,4551282,5103759,8.237957417231849
2255325,552631,4551925,5104556,8.236825295721738
2255493,552631,4552241,5104872,8.237397105844588
2255621,552631,4552621,5105252,8.23808472561257
2255642,552646,4552655,5105301,8.237922648494697
2255745,552646,4552824,5105470,8.238228450038541
2256036,552698,4553244,5105942,8.238213273795093
2256053,552706,4553279,5105985,8.238157356714058
2256109,552760,4553539,5106299,8.23782292495839
2256119,552760,4553575,5106335,8.237888052681091
2256313,552872,4553775,5106647,8.236580980769508
2256377,552890,4553854,5106744,8.236455714518259
2256513,552906,4553913,5106819,8.236324076787012
2256671,552961,4554034,5106995,8.235723676714994
2256704,552976,4554097,5107073,8.235614203871416
2257854,552983,4555976,5108959,8.238907886860899
2257878,552996,4556004,5109000,8.238764837358678
2257918,553000,4556099,5109099,8.238877034358048
2258106,553037,4556776,5109813,8.239549975860566
2258193,553037,4557007,5110044,8.239967669432605
2258217,553037,4557028,5110065,8.240005641575518
2258267,553037,4557098,5110135,8.240132215385227
2258367,553047,4557397,5110444,8.240523861443965
2258431,553058,4557454,5110512,8.240463025577787
2258486,553070,4557535,5110605,8.24043068689316
2258533,553086,4557615,5110701,8.240336945791432
2258830,553093,4558324,5111417,8.241514537338205
2258847,553099,4558343,5111442,8.24145948555322
2258982,553167,4558970,5112137,8.241579848400212
2259185,553307,4559481,5112788,8.240418068088783
2259196,553307,4559491,5112798,8.240436141238046
2259275,553315,4559656,5112971,8.240615201106062
2259443,553386,4559966,5113352,8.240118109240205
2259481,553386,4560069,5113455,8.240304236102828
2259511,553400,4560121,5113521,8.240189736176363
2259608,553400,4560190,5113590,8.240314419949403
2259673,553400,4560380,5113780,8.240657752078063
2259682,553401,4560397,5113798,8.240673580279038
2259695,553403,4560430,5113833,8.240703429507972
2259711,553403,4560456,5113859,8.240750411544571
2259755,553419,4560531,5113950,8.240647682858738
2259864,553439,4560594,5114033,8.240463718675409
2259917,553487,4560704,5114191,8.23994782171939
2259944,553502,4560754,5114256,8.239814851617519
2260073,553522,4560873,5114395,8.23973211543534
2260196,553577,4561093,5114670,8.239310881774351
2260268,553606,4561264,5114870,8.23918815908787
2260563,553606,4561971,5115577,8.240465240622392
2260582,553613,4562005,5115618,8.240422461177754
2261119,553613,4562614,5116227,8.241522507600074
2261133,553613,4562640,5116253,8.241569471815149
2261142,553615,4562656,5116271,8.241568599116714
2261330,553628,4563069,5116697,8.24212106324102
2261583,553628,4563511,5117139,8.242919433265659
2261602,553646,4563565,5117211,8.242748976782998
2261620,553660,4563585,5117245,8.242576671603512
2261648,553675,4563624,5117299,8.242423804578499
2261711,553710,4563706,5117416,8.242050893066768
2261750,553710,4563822,5117532,8.2422603890123
2261802,553728,4563875,5117603,8.24208817325474
2261851,553750,4563950,5117700,8.241896162528217
2261912,553750,4564068,5117818,8.242109255079006
2261953,553769,4564139,5117908,8.24195467785304
2261963,553769,4564155,5117924,8.241983570766871
2261987,553769,4564203,5117972,8.24207024950837
2262050,553782,4564260,5118042,8.24197969598145
2263377,554104,4565354,5119458,8.2391644889768
2263478,554154,4565434,5119588,8.238565452924638
2263527,554159,4565535,5119694,8.238673377135443
2263527,554159,4565535,5119694,8.238673377135443
2263527,554159,4565535,5119694,8.238673377135443
2263568,554161,4565721,5119882,8.238979285803223
2263573,554162,4565725,5119887,8.238971636452879
2263578,554164,4565733,5119897,8.23895633783501
2263795,554164,4566402,5120566,8.24016356168932
2263993,554260,4566686,5120946,8.239248728033775
2264097,554300,4566785,5121085,8.238832762042215
2264842,554713,4568039,5122752,8.234959339334035
2265183,554820,4568385,5123205,8.233994809127285
2265216,554833,4568416,5123249,8.233857755396668
2265225,554833,4568416,5123249,8.233857755396668
2265353,554833,4568833,5123666,8.234609332898367
2265380,554840,4568869,5123709,8.234570326580636
2265445,554840,4568947,5123787,8.234710907649053
2265506,554843,4568955,5123798,8.234680801596127
2265523,554846,4568988,5123834,8.234695753416263
2265561,554886,4569074,5123960,8.234257126689085
2265573,554892,4569107,5123999,8.234227561399335
2265617,554892,4569216,5124108,8.234423996020848
2265821,554941,4569484,5124425,8.234179849749793
2266078,555034,4569901,5124935,8.233551458108872
2266160,555086,4570051,5125137,8.233050374176253
2266192,555095,4570119,5125214,8.233039389654023
2266202,555098,4570138,5125236,8.233029122785526
2266205,555098,4570151,5125249,8.233052542073652
2266367,555098,4570418,5125516,8.23353353822208
2266442,555129,4570498,5125627,8.233217864676499
2266895,555201,4570661,5125862,8.232443745598442
2267298,555283,4571555,5126838,8.232838030337684
2267301,555285,4571561,5126846,8.232819182942093
2267336,555299,4571653,5126952,8.232777296555549
2267478,555304,4572062,5127366,8.233439701496838
2267548,555304,4572190,5127494,8.233670205869217
2267620,555304,4572377,5127681,8.234006958350742
2267631,555309,4572406,5127715,8.233985042561889
2267676,555314,4572510,5127824,8.234098185891225
2267746,555314,4572647,5127961,8.234344893159546
2267763,555319,4572665,5127984,8.234303166288205
2268230,555327,4573498,5128825,8.235684560628242
2268240,555336,4573543,5128879,8.235632121814541
2268289,555346,4573615,5128961,8.235613473402168
2268305,555346,4573641,5128987,8.235660291061789
2268317,555346,4573670,5129016,8.235712510759058
2268320,555346,4573679,5129025,8.235728716872003
2268334,555355,4573717,5129072,8.235663674586526
2268337,555356,4573726,5129082,8.23566505088628
2268359,555364,4573765,5129129,8.235616640617685
2268401,555387,4573857,5129244,8.235441232870052
2268450,555399,4573936,5129335,8.235405537280405
2268487,555399,4573988,5129387,8.23549916366432
2268542,555414,4574055,5129469,8.235397379252234
2268554,555414,4574080,5129494,8.235442390721156
2268657,555460,4574253,5129713,8.235071832355166
2268750,555498,4574322,5129820,8.234632707948544
2269550,555498,4575239,5130737,8.23628347896842
2269590,555517,4575340,5130857,8.236183591141225
2269599,555517,4575345,5130862,8.23619259176587
2269803,555594,4575538,5131132,8.235398510423078
2270291,555606,4576381,5131987,8.236737904198298
2270348,555639,4576481,5132120,8.236428688411001
2270379,555649,4576526,5132175,8.236361444005118
2270425,555649,4576669,5132318,8.23661880071772
2270452,555658,4576711,5132369,8.236560978155628
2270460,555661,4576733,5132394,8.236556101651907
2270507,555675,4576800,5132475,8.236469159130786
2270567,555710,4576897,5132607,8.23612495726188
2270825,555830,4577344,5133174,8.235151035388519
2270960,555933,4577680,5133613,8.23422966436603
2271031,555938,4577706,5133644,8.234202375084992
2271033,555941,4577717,5133658,8.234177727492666
2271070,555941,4577765,5133706,8.234264067589907
2271087,555948,4577783,5133731,8.234192766229935
2271097,555948,4577799,5133747,8.234221545899976
2271338,555948,4578284,5134232,8.235093929648096
2271379,555980,4578384,5134364,8.234799812942912
2271427,556001,4578519,5134520,8.234731592209366
2271576,556012,4579381,5135393,8.236119004625799
2272154,556212,4580145,5136357,8.234531078078144
2272178,556226,4580187,5136413,8.234399326892307
2272211,556243,4580274,5136517,8.234304072141132
2272373,556281,4580417,5136698,8.23399864456992
2272417,556301,4580462,5136763,8.233783509287239
2272985,556301,4581853,5138154,8.236283954190268
2272985,556301,4581853,5138154,8.236283954190268
2273067,556318,4581990,5138308,8.236278531343585
2273090,556323,4582010,5138333,8.236240457432103
2273129,556323,4582063,5138386,8.23633572582834
2273152,556323,4582097,5138420,8.236396841403286
2273179,556345,4582142,5138487,8.236152027968258
2273520,556562,4582679,5139241,8.233905656512661
2273548,556568,4582726,5139294,8.233901338201262
2273582,556569,4582808,5139377,8.234033875404487
2273613,556574,4582865,5139439,8.234062316960548
2274017,556574,4583482,5140056,8.235170884734105
2274033,556579,4583512,5140091,8.235150805186684
2274196,556579,4583732,5140311,8.23554607701692
2274204,556582,4583750,5140332,8.235534027331102
2274235,556582,4583780,5140362,8.2355879277447
2274280,556591,4583950,5140541,8.235760190157585
2274416,556656,4584130,5140786,8.235121870598718
2274455,556679,4584184,5140863,8.234878628437574
2274481,556685,4584221,5140906,8.234856337066743
2274506,556693,4584254,5140947,8.234797276057002
2274509,556693,4584263,5140956,8.23481344295689
2274548,556699,4584306,5141005,8.234801930666302
2274565,556702,4584322,5141024,8.234786295001635
2274603,556718,4584364,5141082,8.234625070502481
2274632,556725,4584403,5141128,8.234591584714178
2274657,556733,4584443,5141176,8.234545105104242
2274722,556765,4584555,5141320,8.234272987705765
2274778,556777,4584661,5141438,8.23428589902241
2274818,556801,4584751,5141552,8.234092611184247
2274851,556823,4584796,5141619,8.233848098947062
2275011,556874,4585122,5141996,8.233679431972044
2275067,556888,4585197,5142085,8.233607116691328
2275236,556895,4585471,5142366,8.23399563652035
2275249,556895,4585494,5142389,8.234036936945026
2275284,556913,4585545,5142458,8.233862380659097
2275751,556913,4586386,5143299,8.235372490855843
2275764,556924,4586406,5143330,8.235245742686613
2275785,556924,4586481,5143405,8.235380410971695
2275798,556924,4586507,5143431,8.235427095977188
2275993,556967,4587046,5144013,8.23575903060684
2275996,556968,4587049,5144017,8.235749630140331
2276495,556968,4588161,5145129,8.23774615417762
2276509,556974,4588177,5145151,8.237686139747995
2276624,557067,4588419,5145486,8.236745310707688
2276709,557113,4588528,5145641,8.23626086628745
2276726,557120,4588545,5145665,8.236187894887996
2276815,557136,4588591,5145727,8.236033930674019
2276961,557170,4588827,5145997,8.235954915016961
2276964,557170,4588836,5146006,8.235971068076172
2276979,557175,4588848,5146023,8.235918696998251
2277513,557420,4589711,5147131,8.233847009436332
2277550,557436,4589788,5147224,8.233748807037937
2277589,557460,4589851,5147311,8.23350733684928
2277609,557460,4589851,5147311,8.23350733684928
2277650,557471,4589901,5147372,8.233434564309174
2277708,557490,4590036,5147526,8.233396114728516
2277757,557500,4590091,5147591,8.233347085201794
2277765,557500,4590108,5147608,8.233377578475336
2277776,557500,4590120,5147620,8.233399103139014
2277868,557500,4590282,5147782,8.233689686098655
2277880,557503,4590325,5147828,8.233722509116543
2277907,557524,4590358,5147882,8.233471563556009
2277923,557524,4590383,5147907,8.233516404674956
2277956,557534,4590448,5147982,8.233485312106525
2277966,557534,4590464,5147998,8.233514009907916
2278382,557541,4590945,5148486,8.234273353887875
2278393,557554,4590966,5148520,8.234119027035947
2278407,557560,4590981,5148541,8.234057321185164
2278788,557778,4591544,5149322,8.231848513207764
2278811,557790,4591575,5149365,8.231726994030012
2279452,557790,4592546,5150336,8.233467792538411
2279455,557791,4592549,5150340,8.233458410049643
2279467,557804,4592574,5150378,8.2333113423353
2279523,557850,4592681,5150531,8.23282423590571
2279548,557868,4592744,5150612,8.232671528031721
2280605,557878,4594053,5151931,8.234870347997232
2280674,557878,4594161,5152039,8.235063938710613
2280685,557878,4594173,5152051,8.235085448789878
2280757,557909,4594238,5152147,8.234744375874918
2280758,557911,4594239,5152150,8.234716648354308
2280764,557911,4594253,5152164,8.234741741962427
2280790,557931,4594285,5152216,8.234503908189364
2280816,557952,4594313,5152265,8.234244164372562
2280878,557952,4594377,5152329,8.234358869580179
2281048,557952,4594598,5152550,8.23475496100023
2281051,557953,4594602,5152555,8.234747371194349
2281090,557972,4594639,5152611,8.2345332740711
2281114,557974,4594736,5152710,8.234677601465302
2281314,558123,4595047,5153170,8.233036445371361
2281883,558328,4595810,5154138,8.231380120645928
2281900,558333,4595823,5154156,8.231329690346083
2281911,558333,4595833,5154166,8.231347600804538
2281970,558362,4595907,5154269,8.231052614612025
2282009,558379,4595966,5154345,8.230907680983705
2282045,558379,4596007,5154386,8.230981107813868
2282119,558401,4596122,5154523,8.230862767079572
2282140,558401,4596154,5154555,8.230920073567203
2282178,558401,4596203,5154604,8.23100782412639
2282316,558421,4596283,5154704,8.230856289430376
2282418,558444,4596474,5154918,8.23085931624299
2282419,558444,4596476,5154920,8.23086289762268
2282445,558458,4596514,5154972,8.230724602387287
2282475,558470,4596546,5155016,8.230605045929057
2282528,558493,4596626,5155119,8.230409333689053
2282574,558493,4596686,5155179,8.230516765653284
2282600,558508,4596729,5155237,8.230372707284408
2283217,558594,4597242,5155836,8.230023952996273
2283356,558658,4597530,5156188,8.229596640520676
2283394,558672,4597565,5156237,8.229453060113984
2283814,558797,4597937,5156734,8.228277889824033
2283829,558797,4597964,5156761,8.228326207907344
2283901,558838,4598066,5156904,8.227905045827235
2284042,558875,4598226,5157101,8.22764661149631
2286334,559353,4599799,5159152,8.22342778174069
2286586,559470,4600449,5159919,8.222869858973672
2286596,559470,4600470,5159940,8.222907394498364
2286766,559553,4600741,5160294,8.222171983708424
2286781,559559,4600758,5160317,8.222114200647296
2286805,559567,4600775,5160342,8.222027031615516
2286820,559573,4600787,5160360,8.221960316169652
2286838,559573,4600808,5160381,8.22199784478522
2286847,559577,4600829,5160406,8.221976600181923
2286897,559599,4600970,5160569,8.221905328637114
2286910,559599,4600970,5160569,8.221905328637114
2286924,559601,4601002,5160603,8.221933127353239
2286952,559601,4601069,5160670,8.222052855516699
2286968,559601,4601095,5160696,8.22209931719207
2287622,559879,4603461,5163340,8.222242663146858
2287815,559879,4603839,5163718,8.222917809026594
2287820,559884,4603851,5163735,8.222865807917355
2288028,559991,4604288,5164279,8.222074997633891
2288044,559991,4604314,5164305,8.222121426951505
2288072,559991,4604356,5164347,8.222196428156881
2288098,559997,4604391,5164388,8.222170833058033
2288163,560017,4604657,5164674,8.222352178594578
2288208,560030,4604755,5164785,8.222336303412318
2288232,560030,4604785,5164815,8.222389871971144
2288253,560032,4604785,5164817,8.222360507970974
2288280,560043,4604830,5164873,8.222279360691946
2288299,560048,4604868,5164916,8.22227380510242
2288343,560062,4604962,5165024,8.222236109573583
2288369,560084,4605026,5165110,8.222027410174189
2288406,560116,4605101,5165217,8.221691578173093
2288426,560122,4605127,5165249,8.221649926266064
2288439,560122,4605132,5165254,8.221658852892762
2288518,560150,4605271,5165421,8.221496027849684
2288568,560176,4605387,5165563,8.221321513238696
2288673,560239,4605560,5165799,8.220705805914976
2288746,560239,4605696,5165935,8.22094855945409
2288829,560253,4605745,5165998,8.220830589037453
2289330,560519,4606816,5167335,8.218840039320702
2289352,560532,4606876,5167408,8.218756467070568
2289426,560542,4607041,5167583,8.218904203431679
2289709,560542,4607714,5168256,8.220104827113758
2290119,560555,4608555,5169110,8.221414490995532
2290123,560555,4608560,5169115,8.221423410726869
2290145,560559,4608591,5169150,8.221420046774737
2290172,560559,4608659,5169218,8.221541354255306
2290245,560623,4608820,5169443,8.22088997418943
2290322,560654,4608864,5169518,8.220513899838403
2290373,560670,4608957,5169627,8.22044518165766
2290777,560675,4609686,5170361,8.221672091675213
2290870,560709,4609851,5170560,8.221467820206204
2290921,560729,4609951,5170680,8.221352917362934
2291152,560729,4609951,5170680,8.221352917362934
2291258,560825,4610126,5170951,8.220257656131592
2291295,560830,4610180,5171010,8.22028065545709
2291296,560830,4610182,5171012,8.220284221600128
2291306,560830,4610197,5171027,8.220310967672914
2291411,560917,4610380,5171297,8.219362222931379
2291440,560932,4610415,5171347,8.219204823401054
2291548,560932,4610972,5171904,8.22019781363873
2291753,560959,4611180,5172139,8.22017295381659
2291786,560976,4611222,5172198,8.219998716522632
2291834,560994,4611274,5172268,8.21982766304096
2291880,561029,4611416,5172445,8.219567972422103
2291903,561051,4611465,5172516,8.21933300181267
2292095,561051,4611888,5172939,8.22008694396766
2292098,561053,4611895,5172948,8.220070118152831
2292164,561090,4612041,5173131,8.219788269261615
2292493,561264,4613150,5174414,8.219215912654295
2292568,561335,4613303,5174638,8.21844887633944
2292599,561345,4613342,5174687,8.218371945951242
2292628,561345,4613422,5174767,8.218514460803961
2292653,561353,4613473,5174826,8.218488188359196
2292692,561353,4613496,5174849,8.218529160795436
2292695,561355,4613497,5174852,8.21850166115916
2292715,561363,4613525,5174888,8.218434417658449
2292732,561368,4613577,5174945,8.218453848455916
2292998,561368,4614418,5175786,8.219951974462385
2292999,561368,4614418,5175786,8.219951974462385
2293045,561374,4614450,5175824,8.219921122103981
2293045,561374,4614629,5176003,8.220239982614086
2293126,561392,4614703,5176095,8.220108230968735
2293194,561423,4614798,5176221,8.219823555500932
2293367,561522,4615127,5176649,8.218960254451295
2293433,561552,4615258,5176810,8.21875445194746
2293610,561558,4615650,5177208,8.219364696077697
2293902,561673,4615969,5177642,8.218249764542714
2293933,561681,4616030,5177711,8.218241314910065
2294022,561707,4616223,5177930,8.218204508756344
2294026,561707,4616228,5177935,8.218213410194283
2294185,561808,4616524,5178332,8.217262837125851
2294336,561827,4616763,5178590,8.217410341617615
2294369,561832,4616792,5178624,8.217388827977047
2294449,561854,4616914,5178768,8.217284205505345
2294518,561854,4617026,5178880,8.21748354554742
2294534,561862,4617037,5178899,8.217386119723349
2294630,561934,4617229,5179163,8.216674912000341
2294633,561934,4617238,5179172,8.216690928116114
2294654,561948,4617269,5179217,8.216541388171148
2294721,562000,4617499,5179499,8.216190391459074
2294844,562085,4617717,5179802,8.215335758826512
2294861,562105,4617766,5179871,8.215130625061153
2294871,562105,4617782,5179887,8.215159089493955
2294931,562123,4617912,5180035,8.215127294204294
2294952,562129,4617927,5180056,8.21506629261255
2295084,562153,4617972,5180125,8.21479561614009
2295138,562153,4618091,5180244,8.215007302282475
2295154,562153,4618117,5180270,8.215053553036274
2295191,562156,4618211,5180367,8.215176925977843
2295196,562157,4618217,5180374,8.215172985482702
2295214,562157,4618233,5180390,8.21520144728252
2295257,562171,4618328,5180499,8.21516584811383
2295732,562171,4619938,5182109,8.218029745397752
2295734,562171,4619948,5182119,8.218047533579641
2295934,562171,4620514,5182685,8.219054344674484
2295957,562177,4620537,5182714,8.219007536772226
2296486,562177,4620537,5182714,8.219007536772226
2296511,562190,4620590,5182780,8.218911755812092
2296581,562190,4620718,5182908,8.219139436845195
2296703,562241,4620985,5183226,8.218868776912391
2296748,562265,4621062,5183327,8.218654904715748
2297036,562265,4621629,5183894,8.219663326011757
2297054,562265,4621660,5183925,8.219718460156688
2297070,562268,4621669,5183937,8.219690610171662
2297271,562268,4622014,5184282,8.220304196575299
2298263,562268,4623841,5186109,8.2235535367476
2298371,562268,4624006,5186274,8.223846991114558
2298425,562268,4624075,5186343,8.223969708395284
2298433,562272,4624088,5186360,8.223934323601389
2298514,562299,4624199,5186498,8.223736837518828
2298708,562299,4624693,5186992,8.224615373671304
2298759,562314,4624804,5187118,8.224593376654324
2298918,562427,4625083,5187510,8.223436997156965
2298974,562480,4625194,5187674,8.222859479448157
2299017,562516,4625245,5187761,8.222423895498084
2299558,562521,4626563,5189084,8.224693833652433
2299600,562563,4626687,5189250,8.224300211709622
2299624,562571,4626718,5189289,8.224238362802206
2299630,562571,4626734,5189305,8.224266803656782
2299644,562571,4626741,5189312,8.22427924653066
2299743,562619,4626901,5189520,8.223861974089036
2299774,562625,4626978,5189603,8.22391113085981
2300043,562625,4627494,5190119,8.22482826038658
2300188,562638,4627939,5190577,8.225429139162303
2300596,562828,4628403,5191231,8.22347679930636
2300633,562855,4628455,5191310,8.223174707517922
2300730,562904,4628636,5191540,8.222780438582777
2300746,562908,4628667,5191575,8.222777079025347
2300766,562914,4628677,5191591,8.222707198612932
2300801,562914,4628791,5191705,8.222909716226635
2300833,562922,4628829,5191751,8.22286036076046
2302076,563396,4631368,5194764,8.2204488494771
2302125,563404,4631439,5194843,8.22045814371215
2302126,563404,4631441,5194845,8.2204616935627
2302165,563404,4631464,5194868,8.220502516844041
2302865,563635,4632403,5196038,8.21879940032113
2303037,563665,4632648,5196313,8.21879662565531
2303068,563683,4632698,5196381,8.218622878461831
2303098,563692,4632731,5196423,8.21855020117369
2303405,563692,4633329,5197021,8.21961106419818
2303439,563716,4633419,5197135,8.219420772161868
2303463,563721,4633448,5197169,8.219399312780613
2303464,563721,4633450,5197171,8.21940286063496
2305186,563722,4650733,5214455,8.2500470089867
2305285,563745,4650795,5214540,8.249820397520155
2305316,563745,4650795,5214540,8.249820397520155
2305383,563754,4650917,5214671,8.249905100451615
2305506,563784,4651125,5214909,8.249835043208037
2305561,563806,4651214,5215020,8.24967098611934
2305602,563814,4651265,5215079,8.24964438626923
2305639,563821,4651312,5215133,8.249625324349395
2305732,563821,4651585,5215406,8.250109520574792
2305733,563821,4651585,5215406,8.250109520574792
2305910,563821,4651814,5215635,8.250515677848112
2305919,563823,4651830,5215653,8.250514789215764
2305940,563823,4651860,5215683,8.25056799740344
2306140,563962,4652354,5216316,8.249410421269518
2306165,563962,4652462,5216424,8.249601923533856
2306183,563970,4652480,5216450,8.249516818270475
2306253,563995,4652599,5216594,8.24936213973528
2306446,564056,4652826,5216882,8.248872452380615
2306662,564174,4653140,5217314,8.2477037226104
2306688,564177,4653200,5217377,8.247766215212602
2306708,564177,4653245,5217422,8.247845977414888
2306731,564188,4653281,5217469,8.247748977291257
2306775,564188,4653399,5217587,8.2479581274327
2306904,564254,4653559,5217813,8.24727693556448
2307846,564564,4654571,5219135,8.244540920072835
2307867,564564,4654619,5219183,8.244625941434451
2307920,564564,4654705,5219269,8.244778271374017
2307948,564564,4654753,5219317,8.244863292735634
2309781,564571,4657236,5221807,8.24915909602158
2309828,564602,4657308,5221910,8.248833691697868
2309857,564610,4657351,5221961,8.24879297214006
2309918,564652,4657496,5222148,8.248436204954556
2310031,564691,4657593,5222284,8.248038307676234
2310046,564693,4657632,5222325,8.24807815928301
2311072,564693,4658933,5223626,8.250382066007548
2311124,564706,4658957,5223663,8.250234635367784
2311157,564717,4658985,5223702,8.250123513193333
2311171,564721,4659001,5223722,8.250093408957698
2311225,564740,4659088,5223828,8.249969897652017
2311292,564740,4659200,5223940,8.250168219003434
2311409,564795,4659313,5224108,8.249564886374703
2311879,564795,4660107,5224902,8.25097070618543
2311901,564798,4660163,5224961,8.251026030545434
2312008,564819,4660390,5225209,8.251121155626846
2312129,564825,4660635,5225460,8.251467268623024
2312179,564891,4660738,5225629,8.250685530482873
2312289,564891,4660941,5225832,8.25104489184639
2312460,564891,4661285,5226176,8.251653858886051
2312777,564891,4662355,5227246,8.253548029619873
2312863,564933,4662540,5227473,8.25326189123312
2312936,564956,4662625,5227581,8.25307634576852
2312972,564973,4662696,5227669,8.252953680972364
2312996,564984,4662717,5227701,8.252830168641944
2313005,564989,4662732,5227721,8.252783682514172
2313014,564992,4662748,5227740,8.2527681807884
2313045,564992,4662828,5227820,8.252909775713638
2313045,565077,4662936,5228013,8.251859481097267
2313212,565077,4663229,5228306,8.252377994503403
2313237,565103,4663283,5228386,8.252093866073972
2313261,565114,4663327,5228441,8.252011098645584
2313410,565161,4663409,5228570,8.251469935115834
2313932,565408,4664265,5229673,8.249379209349708
2314078,565492,4664536,5230028,8.248633048743395
2314217,565536,4664660,5230196,8.248210547162339
2314233,565536,4664686,5230222,8.2482565212471
2314249,565536,4664701,5230237,8.24828304475754
2314309,565536,4664741,5230277,8.248353774118712
2314318,565538,4664756,5230294,8.248351127598852
2314357,565579,4664837,5230416,8.247896403508618
2314382,565593,4664881,5230474,8.24777003958677
2314393,565595,4664903,5230498,8.2477797717448
2314422,565602,4664951,5230553,8.247762560952754
2314446,565606,4664953,5230559,8.247707768305146
2314560,565654,4665276,5230930,8.24757890866148
2314588,565667,4665365,5231032,8.247546701504595
2315069,565802,4666437,5232239,8.247473497796049
2315106,565802,4666473,5232275,8.247537124294364
2315252,565802,4666727,5232529,8.247986044588036
2315704,565810,4667550,5233360,8.249323978013821
2315772,565873,4667726,5233599,8.248716584816734
2315798,565879,4667763,5233642,8.248694508896778
2315831,565892,4667809,5233701,8.248586302686732
2315856,565899,4667840,5233739,8.24853905025455
2316515,565899,4669251,5235150,8.251032428048115
2316524,565901,4669266,5235167,8.251029773759015
2316546,565917,4669297,5235214,8.25085127324325
2316621,565959,4669448,5235407,8.250505778687149
2316654,565983,4669532,5235515,8.250304337762795
2316693,565989,4669605,5235594,8.250345854778097
2316714,565989,4669642,5235631,8.250411227073318
2316852,566007,4669956,5235963,8.250703613206197
2316901,566017,4670024,5236041,8.250677983170117
2317060,566017,4670292,5236309,8.251151467182082
2317070,566021,4670302,5236323,8.251110824510045
2317103,566034,4670326,5236360,8.250963723027239
2317135,566041,4670458,5236499,8.251094885352828
2317138,566041,4670467,5236508,8.251110785261139
2317252,566041,4670759,5236800,8.25162664895299
2317267,566041,4670782,5236823,8.251667282052006
2317294,566046,4670833,5236879,8.251684492073082
2317459,566046,4671081,5237127,8.252122619009763
2317555,566072,4671317,5237389,8.252160502550913
2317573,566072,4671327,5237399,8.252178168148221
2317728,566072,4671648,5237720,8.252745233821846
2317882,566072,4671904,5237976,8.25319747311296
2317914,566100,4671977,5238077,8.252918212329977
2317983,566135,4672048,5238183,8.25253340634301
2318075,566135,4672248,5238383,8.25288667897233
2318171,566174,4672344,5238518,8.252487751115382
2318200,566178,4672400,5238578,8.252528356806517
2318217,566182,4672429,5238611,8.252521274077946
2318366,566226,4672694,5238920,8.25234800238774
2318485,566226,4672921,5239147,8.252748902381734
2318544,566248,4673008,5239256,8.252581907574067
2318557,566248,4673038,5239286,8.252634887893644
2318558,566248,4673038,5239286,8.252634887893644
2318577,566251,4673049,5239300,8.252610591416174
2318624,566251,4673163,5239414,8.252811915563946
2318631,566251,4673177,5239428,8.252836639582094
2318681,566284,4673255,5239539,8.252493448516999
2318699,566294,4673285,5239579,8.252400696458023
2318725,566303,4673316,5239619,8.252324285762215
2318743,566314,4673332,5239646,8.252192246704125
2318776,566316,4673398,5239714,8.252279645992697
2318802,566330,4673455,5239785,8.252176292974061
2320134,566829,4676753,5243582,8.250729937953068
2320549,566829,4677606,5244435,8.252234800971722
2320597,566842,4677685,5244527,8.252184912197755
2320616,566844,4677710,5244554,8.252199899796064
2320636,566844,4677731,5244575,8.25223694702599
2320648,566850,4677748,5244598,8.252179588956514
2320657,566855,4677761,5244616,8.252129733353327
2320708,566855,4677883,5244738,8.252344955941114
2320996,566855,4678483,5245338,8.25340342768433
2320997,566855,4678485,5245340,8.253406955923472
2321045,566860,4678584,5245444,8.253508802879018
2321268,566860,4679062,5245922,8.25435204459655
2321417,566905,4679478,5246383,8.254430636526402
2321456,566918,4679510,5246428,8.254297799681789
2321497,566932,4679572,5246504,8.254203325972075
2321711,566932,4679881,5246813,8.254748364883266
2322413,566932,4681552,5248484,8.257695808315635
2322456,566946,4681588,5248534,8.257555393282605
2322476,566957,4681624,5248581,8.25745867852412
2322524,566983,4681697,5248680,8.257208769927846
2322608,567043,4681866,5248909,8.25663309484466
2322623,567058,4681885,5248943,8.2564481940119
2322697,567066,4681905,5248971,8.256366983737342
2322738,567073,4682005,5249078,8.2564414105415
2322777,567092,4682166,5249258,8.256448689101592
2322786,567096,4682190,5249286,8.256432773287063
2322817,567096,4682252,5249348,8.256542102219024
2322860,567111,4682310,5249421,8.256425990679073
2322876,567111,4682336,5249447,8.25647183708304
2322916,567115,4682416,5249531,8.25655466704284
2322950,567121,4682458,5249579,8.256541373005055
2322962,567126,4682485,5249611,8.256516188642383
2322974,567130,4682502,5249632,8.256487930456862
2322999,567130,4682557,5249687,8.256584909985365
2323707,567387,4683312,5250699,8.254175721333059
2323974,567387,4684101,5251488,8.25556630659497
2323984,567387,4684117,5251504,8.255594506042613
2324039,567413,4684231,5251644,8.255417130026983
2324219,567507,4684491,5251998,8.254507873911688
2324234,567517,4684520,5252037,8.254413524176368
2324245,567517,4684539,5252056,8.254447003349679
2324570,567716,4685021,5252737,8.252402609755581
2324611,567735,4685087,5252822,8.25224268364642
2324893,567735,4685414,5253149,8.252818656591543
2324897,567735,4685420,5253155,8.252829224902463
2324976,567735,4685577,5253312,8.25310576237153
2324997,567747,4685613,5253360,8.252994731808359
2325029,567771,4685687,5253458,8.252776207308933
2325137,567771,4686244,5254015,8.253757236632374
2325165,567778,4686272,5254050,8.253704793070531
2325186,567778,4686309,5254087,8.253769959385535
2325314,567778,4686529,5254307,8.254157434772042
2325470,567782,4686794,5254576,8.254566013012036
2325525,567782,4686878,5254660,8.254713957117344
2325615,567821,4687292,5255113,8.254876096516332
2326205,567879,4688675,5256554,8.25646836738108
2326441,567935,4688925,5256860,8.256094447427962
2326466,567940,4688996,5256936,8.256146776067894
2326662,568036,4689226,5257262,8.255156363329085
2326863,568036,4689571,5257607,8.255763719200896
2326930,568076,4689694,5257770,8.255398925495884
2326959,568084,4689724,5257808,8.255335478555988
2327002,568103,4689797,5257900,8.255187879662667
2327008,568110,4689817,5257927,8.255121367340832
2327071,568132,4689890,5258022,8.254930192279259
2328081,568741,4691626,5260367,8.24914328314646
2328102,568759,4691672,5260431,8.24896309333127
2328232,568836,4692180,5261016,8.248739531253296
2328257,568839,4692218,5261057,8.2487628309592
2328318,568865,4692435,5261300,8.248767282219859
2328329,568868,4692447,5261315,8.248744875788407
2328351,568870,4692454,5261324,8.248728180427866
2328370,568878,4692474,5261352,8.248647337390443
2328372,568878,4692474,5261352,8.248647337390443
2328393,568886,4692512,5261398,8.248598137412417
2328414,568886,4692552,5261438,8.248668450269474
2328437,568890,4692589,5261479,8.248675490868182
2328494,568904,4692626,5261530,8.248537538846625
2328573,568964,4692797,5261761,8.247968237006209
2328751,569059,4693033,5262092,8.247006022222651
2328955,569121,4693266,5262387,8.246516997264202
2329577,569439,4694786,5264225,8.244581070140963
2329607,569450,4694841,5264291,8.244518394942489
2329707,569450,4694902,5264352,8.244625515848625
2329777,569467,4695019,5264486,8.244584848639166
2329794,569477,4695059,5264536,8.244510313849375
2329900,569524,4695377,5264901,8.244388296191206
2330133,569556,4696493,5266049,8.245884513550907
2330172,569556,4696527,5266083,8.245944209173462
2330278,569598,4696668,5266266,8.245583727470953
2330327,569619,4696737,5266356,8.245400873215255
2330347,569629,4696781,5266410,8.2453333661032
2330373,569645,4696820,5266465,8.245170237604121
2330412,569658,4696888,5266546,8.245101446833011
2330507,569685,4697005,5266690,8.244916050097862
2330729,569711,4697561,5267272,8.245515708841852
2330767,569719,4697605,5267324,8.245477156282307
2330858,569719,4697916,5267635,8.24602303942821
2330906,569747,4698010,5267757,8.245782777267804
2330968,569767,4698086,5267853,8.245626721098274
2330991,569779,4698109,5267888,8.245493428153722
2330994,569780,4698112,5267892,8.245484221980414
2331200,569858,4698274,5268132,8.24463989274521
2331353,569955,4698664,5268619,8.24392101130791
2331368,569961,4698682,5268643,8.243865808362326
2331386,569973,4698721,5268694,8.24376066936504
2331395,569975,4698744,5268719,8.243772095267337
2331481,569986,4698808,5268794,8.243725284480671
2331622,570024,4698899,5268923,8.243335368335368
2331646,570024,4698931,5268955,8.24339150632254
2331823,570024,4699329,5269353,8.244089722537998
2331886,570024,4699455,5269479,8.24431076586249
2331958,570076,4699634,5269710,8.243872746791656
2331994,570087,4699657,5269744,8.243754023508693
2332024,570101,4699691,5269792,8.243611219766322
2332325,570101,4699693,5269794,8.243614727916633
2332403,570149,4699885,5270034,8.243257464276882
2332465,570192,4700044,5270236,8.242914667340123
2332473,570192,4700054,5270246,8.242932205292252
2332659,570329,4700458,5270787,8.241660515246464
2332682,570331,4700475,5270806,8.24166142117472
2332685,570331,4700479,5270810,8.241668434645845
2332956,570370,4701016,5271386,8.242046390939215
2333166,570370,4701663,5272033,8.243180742325157
2333178,570377,4701683,5272060,8.243114641719425
2333184,570381,4701694,5272075,8.243076119295699
2333196,570382,4701698,5272080,8.243068680287948
2333213,570389,4701746,5272135,8.243051671753838
2333236,570400,4701776,5272176,8.242945301542777
2333236,570400,4701776,5272176,8.242945301542777
2333317,570431,4701906,5272337,8.242725237583512
2333457,570431,4702203,5272634,8.243245896523856
2333595,570525,4702614,5273139,8.242608124096227
2333636,570536,4702685,5273221,8.242573650041365
2333662,570552,4702710,5273262,8.242386320615825
2333725,570587,4702817,5273404,8.242068256024059
2333805,570625,4703029,5273654,8.241890909090909
2333916,570657,4703312,5273969,8.241924658770506
2333941,570679,4703360,5274039,8.241691038219384
2333971,570689,4703409,5274098,8.241632482840917
2334217,570733,4703747,5274480,8.241589324605377
2334303,570758,4703930,5274688,8.241548957701863
2334341,570758,4704015,5274773,8.241697882465072
2334353,570761,4704032,5274793,8.241684347739247
2334387,570766,4704040,5274806,8.241626165538943
2334540,570796,4704172,5274968,8.241424256652113
2334601,570801,4704265,5275066,8.241514993841987
2335388,570967,4704842,5275809,8.240129464575011
2335749,571031,4705144,5276175,8.239734795483958
2335822,571031,4705238,5276269,8.239899410014518
2335947,571031,4705609,5276640,8.240549112044706
2335992,571057,4705724,5276781,8.240375304041454
2336176,571176,4706099,5277275,8.239315027242041
2336201,571192,4706141,5277333,8.239157761313184
2336257,571208,4706207,5277415,8.239042520412879
2336268,571210,4706230,5277440,8.239053938131335
2336283,571210,4706244,5277454,8.239078447506172
2336305,571218,4706301,5277519,8.239062844658257
2336394,571259,4706428,5277687,8.238693832394762
2336562,571268,4706697,5277965,8.239034918812186
2336583,571277,4706718,5277995,8.238941879333494
2336628,571319,4706841,5278160,8.23855149224864
2336689,571337,4706925,5278262,8.238438959843315
2339028,571356,4711977,5283333,8.247007119904227
2339041,571362,4712016,5283378,8.246988774192193
2339057,571367,4712023,5283390,8.246928856584297
2339068,571368,4712046,5283414,8.246954677195783
2339113,571368,4712150,5283518,8.247136696489829
2339132,571376,4712164,5283540,8.247045728206995
2339151,571376,4712189,5283565,8.247089482232365
2339205,571389,4712236,5283625,8.246984103649178
2339236,571405,4712277,5283682,8.246824931528426
2339401,571425,4712325,5283750,8.246620291376821
2339414,571429,4712354,5283783,8.246613315040014
2339429,571441,4712382,5283823,8.24648913886123
2339486,571454,4712461,5283915,8.246439783429638
2339822,571630,4713274,5284904,8.24532302363417
2339853,571630,4713315,5284945,8.245394748351206
2339860,571633,4713326,5284959,8.245370718625411
2339916,571642,4713425,5285067,8.245414087838192
2339954,571650,4713478,5285128,8.245391410828304
2339963,571650,4713498,5285148,8.245426397271057
2339969,571654,4713504,5285158,8.245379197906425
2340004,571661,4713543,5285204,8.245346455329296
2340031,571670,4713603,5285273,8.245321601623314
2340044,571670,4713610,5285280,8.245333846449874
2340171,571726,4713775,5285501,8.244814823884168
2340204,571738,4713849,5285587,8.24477120639174
2340234,571752,4713887,5285639,8.244635786145041
2340243,571760,4713912,5285672,8.244564152791382
2340311,571760,4714024,5285784,8.244760039177278
2340441,571760,4714410,5286170,8.245435147614383
2340444,571765,4714419,5286184,8.245378783241367
2340460,571771,4714438,5286209,8.245325488700896
2340486,571784,4714460,5286244,8.245176500216866
2340516,571791,4714479,5286270,8.245108789750102
2340688,571791,4714855,5286646,8.245766372678128
2340755,571791,4715036,5286827,8.246082921906781
2340765,571794,4715045,5286839,8.246055397573253
2340955,571869,4715256,5287125,8.245342901958315
2340994,571869,4715309,5287178,8.24543558052631
2341010,571875,4715340,5287215,8.245403278688524
2341375,572080,4716334,5288414,8.244186127814292
2341393,572095,4716369,5288464,8.24403114867286
2341552,572164,4716739,5288903,8.24368362916926
2341569,572167,4716775,5288942,8.243703324379071
2341711,572181,4717068,5289249,8.244013694967151
2341801,572199,4717118,5289317,8.243841740373542
2342077,572208,4718816,5291024,8.246679529122277
2342599,572214,4718829,5291043,8.246615776615043
2342612,572220,4718887,5291107,8.24663066652686
2342717,572257,4719038,5291295,8.246361337650741
2342836,572257,4719301,5291558,8.246820921369245
2342897,572312,4719489,5291801,8.246356882260026
2343232,572401,4720544,5292945,8.246917807620882
2343248,572401,4720570,5292971,8.246963230322798
2343627,572435,4720972,5293407,8.247175661865539
2343766,572525,4721276,5293801,8.24641020042793
2343787,572542,4721302,5293844,8.24621075833738
2343941,572656,4721744,5294400,8.245341007515856
2344059,572672,4722030,5294702,8.245610052525704
2344656,572672,4723304,5295976,8.247834711667412
2344667,572676,4723340,5296016,8.24783996535563
2344741,572685,4723546,5296231,8.248070055964448
2344999,572685,4724113,5296798,8.24906012904127
2345144,572690,4724383,5297073,8.249459568003632
2345169,572699,4724460,5297159,8.249464378320898
2345294,572792,4724674,5297466,8.248498582382435
2345374,572792,4724768,5297560,8.248662690819705
2345486,572819,4724849,5297668,8.248415293487122
2345668,572884,4725060,5297944,8.247847731827036
2345683,572884,4725086,5297970,8.247893116232955
2345932,572895,4725930,5298825,8.249207970046868
2345947,572895,4725961,5298856,8.249262081184161
2346085,572948,4726073,5299021,8.248694471400546
2346149,572972,4726204,5299176,8.248577591924212
2346295,573021,4726405,5299426,8.248223014514302
2346371,573036,4726487,5299523,8.248150203477618
2346543,573036,4726867,5299903,8.24881333807998
2346598,573060,4726957,5300017,8.248624925836737
2347124,573202,4727338,5300540,8.24724617150673
2347185,573212,4727484,5300696,8.247356998806724
2347239,573212,4727580,5300792,8.24752447611006
2347489,573212,4728164,5301376,8.248543296372024
2347492,573212,4728173,5301385,8.24855899736921
2347503,573212,4728190,5301402,8.248588654808342
2347773,573282,4728427,5301709,8.247994878611225
2347803,573301,4728460,5301761,8.247779089867278
2347832,573322,4728549,5301871,8.24763222063692
2347852,573337,4728581,5301918,8.247472254537907
2348476,573337,4729459,5302796,8.249003640093
2348558,573359,4729591,5302950,8.248917344979324
2348573,573359,4729638,5302997,8.248999318053786
2348705,573359,4730006,5303365,8.249641149785736
2348817,573411,4730208,5303619,8.24924530572312
2348839,573413,4730215,5303628,8.249228740890073
2348945,573448,4730308,5303756,8.248887431815962
2348963,573461,4730354,5303815,8.248780649425157
2349052,573489,4730444,5303933,8.248534845480908
2349107,573504,4730557,5304061,8.248516139381765
2349256,573504,4730927,5304431,8.249161296172302
2349274,573513,4730954,5304467,8.249078922360958
2369058,573513,4790302,5363815,8.352560447627168
2369103,573550,4790385,5363935,8.35216633249063
2369144,573558,4790519,5364077,8.352283465665199
2369163,573576,4790547,5364123,8.352070170300012
2369232,573576,4790742,5364318,8.352410142683794
2369236,573579,4790743,5364322,8.352368200369957
2369365,573579,4791025,5364604,8.352859850168851
2369682,573734,4791481,5365215,8.351398034629288
2369710,573739,4791524,5365263,8.351400201136753
2369766,573752,4791629,5365381,8.351393982068908
2369782,573762,4791673,5365435,8.3513251138974
2369866,573787,4791777,5365564,8.351142497128725
2369875,573797,4791792,5365589,8.351023097018633
2369945,573797,4792062,5365859,8.351493646707809
2369975,573797,4792169,5365966,8.351680123806851
2370060,573834,4792273,5366107,8.351322856435834
2370099,573851,4792339,5366190,8.351190465817782
2370492,573981,4792747,5366728,8.350009843531407
2370545,574000,4792790,5366790,8.349808362369338
2370684,574009,4793579,5367588,8.35105198698975
2370825,574085,4793974,5368059,8.350634487924262
2370883,574105,4794093,5368198,8.350550857421553
2370922,574108,4794167,5368275,8.350636117246232
2371062,574173,4794304,5368477,8.34992937668612
2371093,574190,4794381,5368571,8.34981626290949
2371216,574235,4794506,5368741,8.349379609393367
2371255,574236,4794567,5368803,8.349471297515308
2371368,574276,4794692,5368968,8.34910739783658
2371407,574289,4794787,5369076,8.349083823649766
2371428,574300,4794843,5369143,8.349021417377678
2371478,574325,4794893,5369218,8.348745048535237
2371569,574357,4795134,5369491,8.348699502225967
2371699,574357,4795596,5369953,8.349503879991016
2371803,574371,4795913,5370284,8.349852273182316
2371816,574371,4795927,5370298,8.349876647671975
2371850,574380,4795986,5370366,8.349848532330514
2371851,574380,4795988,5370368,8.349852014345904
2371869,574380,4796015,5370395,8.349899021553675
2372076,574444,4796193,5370637,8.349278606791959
2372086,574444,4796209,5370653,8.349306459811574
2372104,574451,4796223,5370674,8.34922909003553
2372120,574451,4796249,5370700,8.349274350640872
2372139,574451,4796296,5370747,8.349356167888994
2372156,574462,4796344,5370806,8.349279847927278
2372172,574462,4796370,5370832,8.349325107665955
2372188,574462,4796396,5370858,8.349370367404633
2372257,574481,4796431,5370912,8.349155150474951
2372260,574483,4796443,5370926,8.34914697214713
2372367,574506,4796705,5371211,8.349268763076452
2372439,574543,4796824,5371367,8.348938199577752
2372476,574548,4796896,5371444,8.348990858901258
2372685,574636,4797183,5371819,8.348211737517316
2372746,574668,4797282,5371950,8.347919146359288
2372857,574716,4797374,5372090,8.347382011289055
2373076,574735,4797780,5372515,8.347812470094913
2373106,574735,4797827,5372562,8.347894246913794
2373592,574843,4798181,5373024,8.346941686686625
2373648,574855,4798333,5373188,8.347031860208226
2373682,574876,4798380,5373256,8.346808703094233
2373708,574895,4798410,5373305,8.346585028570434
2373794,574895,4798509,5373404,8.346757233929674
2373881,574895,4798621,5373516,8.346952052113865
2373973,574895,4798804,5373699,8.347270371111247
2373995,574926,4798859,5373785,8.34691595092238
2374066,574926,4798986,5373912,8.34713684891621
2374268,574935,4800173,5375108,8.349070764521207
2374453,575019,4800677,5375696,8.348727607261672
2374541,575041,4800910,5375951,8.348813388958353
2374668,575082,4801011,5376093,8.348393794276294
2438030,575082,4991093,5566175,8.67892404909213
2438051,575082,4991125,5566207,8.67897969333069
2438105,575118,4991220,5566338,8.678601608713342
2438120,575126,4991230,5566356,8.678498276899322
2439064,575126,4993319,5568445,8.6821305244416
2439124,575173,4993421,5568594,8.68159840604479
2439177,575176,4993504,5568680,8.681697428265435
2439193,575176,4993530,5568706,8.681742631820521
2439319,575179,4993916,5569095,8.682368445301377
2439339,575179,4993937,5569116,8.682404955674668
2439360,575185,4993959,5569144,8.682352634369812
2439416,575202,4994084,5569286,8.682313343833993
2439629,575202,4994570,5569772,8.683158264401028
2439921,575343,4995171,5570514,8.682074866644767
2439936,575343,4995197,5570540,8.682120057078995
2440047,575343,4995433,5570776,8.682530247174295
2440168,575343,4995773,5571116,8.683121199006505
2440224,575352,4995826,5571178,8.683077489953977
2440240,575352,4995852,5571204,8.683122679681308
2440257,575356,4995861,5571217,8.683077955213815
2440285,575376,4995923,5571299,8.682883888100998
2440349,575377,4995988,5571365,8.682981766737287
2440375,575391,4996034,5571425,8.682850444306567
2440391,575391,4996060,5571451,8.68289563097094
2440494,575392,4996273,5571665,8.683250722985374
2440541,575427,4996376,5571803,8.682901567010237
2440622,575447,4996541,5571988,8.682886521260864
2440731,575470,4996961,5572431,8.683269327679984
2440780,575470,4997070,5572540,8.683458738074965
2440805,575491,4997128,5572619,8.68324265713973
2440825,575498,4997156,5572654,8.683185693086683
2440832,575501,4997159,5572660,8.68314564179732
2440980,575588,4997408,5572996,8.682265787333996
2441017,575601,4997426,5573027,8.682100969247795
2441151,575660,4997570,5573230,8.681461279227321
2441182,575660,4997624,5573284,8.681555084598548
2441211,575671,4997644,5573315,8.681423938325883
2441234,575679,4997665,5573344,8.681339774422899
2441319,575679,4997806,5573485,8.68158470258599
2441600,575679,4998479,5574158,8.682753756867976
2441763,575781,4998749,5574530,8.68168452936099
2441788,575790,4998787,5574577,8.681614824849337
2441839,575804,4998825,5574629,8.681469736229689
2441865,575812,4998864,5574676,8.681416851333422
2442024,575812,4999185,5574997,8.681974324953284
2442230,575836,4999517,5575353,8.682189026042137
2442328,575865,4999714,5575579,8.682093893534075
2442355,575889,4999752,5575641,8.681798054833484
2443295,575906,5003010,5578916,8.687198952606849
2443337,575921,5003058,5578979,8.687056037199547
2443392,575957,5003269,5579226,8.686879402455391
2443784,575963,5004369,5580332,8.688698753218523
2443794,575968,5004386,5580354,8.688652841824545
2443833,575976,5004430,5580406,8.68860855313416
2443855,575985,5004473,5580458,8.688547444811931
2443887,575985,5004539,5580524,8.688662031129283
2443922,575985,5004632,5580617,8.68882349366737
2443940,575994,5004656,5580650,8.68872939648677
2444076,576001,5004907,5580908,8.689059567604918
2444111,576001,5004940,5580941,8.689116859172119
2444114,576001,5004942,5580943,8.689120331388313
2444273,576014,5005256,5581270,8.689469353175443
2444581,576014,5005978,5581992,8.690722794932068
2444636,576040,5006071,5582111,8.69049197972363
2444672,576068,5006119,5582187,8.690152898616136
2445028,576198,5006523,5582721,8.688893401226661
2446806,576201,5009026,5585227,8.693192132606503
2447738,576442,5010055,5586497,8.691342754344756
2447824,576442,5010194,5586636,8.691583888752033
2447867,576456,5010260,5586716,8.69148729478052
2447886,576456,5010295,5586751,8.691548010602718
2447950,576524,5010445,5586969,8.690783037653246
2448027,576531,5010586,5587117,8.690922083981608
2448051,576531,5010619,5587150,8.690979322881164
2448192,576604,5011013,5587617,8.690562327004322
2448200,576604,5011013,5587617,8.690562327004322
2448250,576604,5011097,5587701,8.69070800757539
2448318,576639,5011210,5587849,8.690376474709481
2448351,576639,5011277,5587916,8.690492665255038
2448608,576808,5011798,5588606,8.688849669214019
2448815,576901,5012124,5589025,8.68801406133808
2448820,576903,5012131,5589034,8.687996075596764
2448830,576909,5012151,5589060,8.687940385745412
2448847,576918,5012181,5589099,8.687856853140307
2448971,576976,5012402,5589378,8.687366545575552
2449432,577005,5012567,5589572,8.68721588201142
2449483,577024,5012655,5589679,8.68708233972937
2449504,577037,5012727,5589764,8.687011404814596
2449552,577037,5012844,5589881,8.687214164776263
2449571,577041,5012875,5589916,8.687207668085977
2449583,577041,5012895,5589936,8.687242327668224
2449593,577041,5012911,5589952,8.687270055334023
2449624,577054,5012976,5590030,8.687186987699592
2450040,577054,5013631,5590685,8.688322063446401
2450087,577071,5013691,5590762,8.688170086523149
2450232,577085,5013928,5591013,8.688369997487372
2450298,577094,5013952,5591046,8.688276086738036
2450316,577094,5013981,5591075,8.688326338516775
2451496,577310,5015952,5593262,8.688489719561414
2451715,577418,5016543,5593961,8.687888150352086
2451732,577421,5016580,5594001,8.68790709032058
2451761,577432,5016605,5594037,8.6877848820294
2451941,577503,5016975,5594478,8.687357468272893
2451948,577503,5016975,5594478,8.687357468272893
2452078,577503,5017214,5594717,8.687771318936871
2452153,577548,5017422,5594970,8.687454549232271
2452265,577560,5017546,5595106,8.687488745758017
2452280,577560,5017570,5595130,8.687530299882264
2452907,577777,5019057,5596834,8.686841116901503
2453236,577910,5019645,5597555,8.685859389870394
2453311,577955,5019744,5597699,8.685354396103502
2453378,577975,5019844,5597819,8.685226869674294
2453530,578023,5020176,5598199,8.68508000546691
2453570,578044,5020255,5598299,8.684901149393472
2453578,578044,5020278,5598322,8.684940938752067
2453677,578069,5020342,5598411,8.684676050782866
2453726,578073,5020424,5598497,8.684757807404948
2453746,578073,5020445,5598518,8.68479413499679
2453747,578073,5020447,5598520,8.684797594767442
2453765,578085,5020507,5598592,8.684721105027807
2453877,578155,5020707,5598862,8.68401553216698
2453900,578160,5020746,5598906,8.684007887090079
2453934,578160,5020819,5598979,8.684134149716341
2454100,578248,5021398,5599646,8.683813865331139
2454200,578283,5021499,5599782,8.68346294115511
2454248,578290,5021582,5599872,8.683501357450414
2454284,578298,5021608,5599906,8.683426192032481
2454478,578339,5021739,5600078,8.683037111451934
2454513,578356,5021797,5600153,8.68288216945964
2454544,578371,5021853,5600224,8.682753803354593
2454546,578371,5021865,5600236,8.682774551282828
2454601,578401,5021979,5600380,8.682521295779226
2454635,578408,5022034,5600442,8.682511306897553
2455038,578513,5022477,5600990,8.681701189083046
2455076,578530,5022521,5601051,8.681522133683647
2455165,578530,5022667,5601197,8.68177449743315
2455175,578530,5022683,5601213,8.681802153734465
2455180,578530,5022683,5601213,8.681802153734465
2455493,578530,5023145,5601675,8.682600729434947
2455536,578556,5023225,5601781,8.682348813252304
2455558,578567,5023255,5601822,8.682235592420584
2455754,578716,5023744,5602460,8.680845181401585
2455937,578779,5023935,5602714,8.680230277878085
2455953,578779,5023935,5602714,8.680230277878085
2455968,578779,5023943,5602722,8.680244100079651
2456687,578779,5025323,5604102,8.682628429849736
2456806,578849,5025517,5604366,8.681913590590984
2456819,578852,5025546,5604398,8.681918694243087
2456838,578852,5025567,5604419,8.681954972946453
2457120,578852,5025894,5604746,8.682519884184558
2457257,578870,5026104,5604974,8.682612676421304
2457364,578931,5026470,5605401,8.682330018603253
2457386,578931,5026502,5605433,8.682385292893281
2457407,578931,5026555,5605486,8.68247684093614
2457434,578942,5026587,5605529,8.682367145586259
2457448,578953,5026630,5605583,8.682276454219945
2457464,578953,5026659,5605612,8.682326544641793
2457476,578953,5026680,5605633,8.682362817016234
2457555,578979,5026798,5605777,8.682176728344206
2457608,578998,5026921,5605919,8.68210425597325
2457770,579104,5027083,5606187,8.68079481405758
2457825,579143,5027155,5606298,8.680334563311652
2457854,579143,5027185,5606328,8.68038636398955
2458022,579143,5027448,5606591,8.680840483265792
2458056,579143,5027466,5606609,8.68087156367253
2458113,579165,5027595,5606760,8.680764548962731
2458162,579187,5027669,5606856,8.680562581687779
2458261,579211,5027843,5607054,8.680503305358496
2458271,579211,5027859,5607070,8.680530929143266
2458276,579213,5027871,5607084,8.680521673374043
2458320,579238,5027907,5607145,8.680209171359614
2458322,579240,5027919,5607159,8.680199917132795
2458342,579246,5027938,5607184,8.680142806337894
2458368,579251,5028005,5607256,8.680183547374108
2458476,579252,5028137,5607389,8.680396442308357
2458701,579266,5028692,5607958,8.681144759057151
2458721,579269,5028731,5608000,8.681167126153825
2458724,579269,5028740,5608009,8.681182662976958
2458838,579321,5028935,5608256,8.680740038769525
2458912,579321,5029119,5608440,8.68105765197533
2458982,579321,5029228,5608549,8.681245803276594
2459053,579321,5029383,5608704,8.68151335787931
2459059,579325,5029391,5608716,8.681467224787468
2459117,579347,5029442,5608789,8.681225586738172
2459222,579361,5029635,5608996,8.681348934429483
2459234,579363,5029647,5609010,8.681339678232817
2459253,579375,5029675,5609050,8.681208198489752
2459319,579375,5029797,5609172,8.681418770226538
2459407,579430,5029961,5609391,8.680877759177122
2459482,579459,5030110,5609569,8.680700446450913
2459524,579476,5030173,5609649,8.68055450096294
2459623,579502,5030536,5610038,8.680791438165873
2459640,579507,5030570,5610077,8.680775210653193
2460044,579726,5031299,5611025,8.678753411094206
2460073,579740,5031346,5611086,8.678624900817608
2460087,579746,5031366,5611112,8.678569580471448
2460711,579746,5032244,5611990,8.680084036802324
2460775,579773,5032394,5612167,8.679938527665138
2460805,579788,5032427,5612215,8.679770881770578
2460856,579788,5032549,5612337,8.679981303510939
2460950,579831,5032612,5612443,8.679446252442522
2461112,579831,5032973,5612804,8.680068847646988
2461122,579831,5032989,5612820,8.680096441894277
2461151,579831,5033036,5612867,8.680177499995688
2461272,579882,5033266,5613148,8.679810720112023
2461383,579911,5033346,5613257,8.679514615173707
2461482,579990,5033742,5613732,8.679015155433714
2461513,580008,5033790,5613798,8.678828567881823
2461525,580013,5033808,5613821,8.678784785858248
2462767,580020,5035822,5615842,8.682152339574497
2462833,580037,5035959,5615996,8.682134070757556
2462902,580037,5036043,5616080,8.68227888910535
2463007,580054,5036125,5616179,8.682165798356705
2463045,580058,5036185,5616243,8.682209365270369
2463123,580058,5036342,5616400,8.682480027859283
2463146,580058,5036390,5616448,8.682562778204938
2463383,580058,5036752,5616810,8.68318685372842
2463414,580079,5036809,5616888,8.682970767774734
2464878,580079,5038895,5618974,8.686566829690438
2464954,580117,5039043,5619160,8.686252945526507
2465005,580136,5039173,5619309,8.686192547954272
2465050,580152,5039234,5619386,8.686058136488368
2465059,580154,5039250,5619404,8.686055771398628
2465797,580527,5040543,5621070,8.682702096543313
2465836,580543,5040594,5621137,8.682550646549869
2465846,580547,5040617,5621164,8.682530441118463
2465854,580558,5040636,5621194,8.682398657842972
2465865,580558,5040646,5621204,8.68241588265083
2465876,580561,5040676,5621237,8.682422691155624
2465880,580565,5040694,5621259,8.682393874932178
2465909,580576,5040713,5621289,8.682262098329934
2466115,580576,5041162,5621738,8.68303546822466
2466120,580576,5041168,5621744,8.683045802788955
2466172,580586,5041203,5621789,8.682956530126459
2466219,580597,5041326,5621923,8.683003873599072
2466220,580597,5041328,5621925,8.683007318329237
2466291,580622,5041411,5622033,8.682776401858696
2466490,580659,5041502,5622161,8.682379847724741
2466617,580687,5041792,5622479,8.682460602699905
2467185,580687,5043183,5623870,8.684856041206364
2467250,580687,5043304,5623991,8.685064415080758
2467566,580687,5044089,5624776,8.686416262117113
2467710,580687,5044339,5625026,8.686846786650984
2467763,580708,5044449,5625157,8.686722070300393
2467791,580726,5044489,5625215,8.68652169870128
2467795,580726,5044491,5625217,8.686525142666248
2468493,580726,5046387,5627113,8.689790021455902
2468559,580748,5046499,5627247,8.68965368800237
2468595,580748,5046532,5627280,8.68971051127167
2468643,580760,5046607,5627367,8.689660100557889
2468953,580760,5047056,5627816,8.690433225428748
2469041,580786,5047381,5628167,8.690603767997162
2469042,580786,5047381,5628167,8.690603767997162
2469069,580801,5047418,5628219,8.690443026096718
2469101,580823,5047486,5628309,8.690230930937652
2469112,580823,5047498,5628321,8.690251591276516
2469345,580823,5047825,5628648,8.69081458551056
2469399,580860,5047922,5628782,8.690427986089592
2469413,580864,5047955,5628819,8.690424953173205
2469422,580871,5047971,5628842,8.690347770847572
2469453,580884,5048021,5628905,8.69023935932131
2469518,580905,5048061,5628966,8.68999406099104
2469549,580926,5048098,5629024,8.689743616226508
2469599,580972,5048178,5629150,8.689193282980936
2469724,581012,5048398,5629410,8.688973721713149
2469729,581014,5048405,5629419,8.688955859927644
2469731,581016,5048417,5629433,8.6889466038801
2469740,581016,5048437,5629453,8.688981026340066
2469783,581041,5048503,5629544,8.688720761529737
2469804,581044,5048526,5629570,8.688715484541618
2469861,581119,5048680,5629799,8.687859113193683
2470363,581280,5049319,5630599,8.68655209193504
2470364,581280,5049321,5630601,8.686555532617671
2470936,581293,5050114,5631407,8.687725467191244
2470951,581293,5050135,5631428,8.68776159355093
2471144,581387,5050441,5631828,8.686883263643667
2471252,581387,5050584,5631971,8.687129227175703
2471389,581406,5050889,5632295,8.68736992738293
2471654,581406,5051714,5633120,8.688788901387326
2471847,581406,5052158,5633564,8.689552567396966
2471918,581406,5052285,5633691,8.689771003395219
2472003,581413,5052386,5633799,8.689840096454672
2472171,581503,5052658,5634161,8.688962911627284
2472290,581513,5052798,5634311,8.68905424298339
2472358,581542,5052903,5634445,8.68880149671047
2472377,581548,5052922,5634470,8.688744523237979
2472620,581679,5053742,5635421,8.688197442231884
2472764,581719,5053874,5635593,8.687826940498763
2472774,581719,5053892,5635611,8.687857883273539
2472954,581719,5054333,5636052,8.688615981255555
2473158,581837,5054704,5636541,8.687491513946346
2473286,581843,5055108,5636951,8.688096273393338
2473586,581843,5055651,5637494,8.689029514834758
2473949,581908,5055977,5637885,8.688619163166686
2474022,581908,5056206,5638114,8.68901269616503
2474067,581920,5056357,5638277,8.689093002474566
2474086,581920,5056372,5638292,8.689118779213638
2474125,581920,5056442,5638362,8.689239070662634
2474176,581920,5056558,5638478,8.689438410778115
2474217,581946,5056605,5638551,8.689130950294357
2474220,581946,5056612,5638558,8.689142978901822
2474462,581946,5057196,5639142,8.690146508438927
2474490,581960,5057278,5639238,8.690078355900749
2474552,581987,5057484,5639471,8.690029158726913
2474708,582050,5057788,5639838,8.689610858173696
2474758,582086,5057838,5639924,8.68915933384414
2474786,582098,5057880,5639978,8.68905235888115
2474809,582109,5057924,5640033,8.688963750775198
2474811,582110,5057928,5640038,8.688955695658896
2474814,582110,5057937,5640047,8.68897115665424
2474846,582127,5057990,5640117,8.688808455886774
2474873,582129,5058005,5640134,8.688804371539641
2474895,582138,5058066,5640204,8.68877482658751
2474972,582198,5058312,5640510,8.688301917904218
2475066,582232,5058458,5640690,8.688045315269514
2475154,582255,5058644,5640899,8.688021571304668
2475293,582293,5058716,5641009,8.68757824669024
2475544,582417,5059123,5641540,8.686427422276479
2475587,582417,5059195,5641612,8.686551045041611
2475630,582417,5059267,5641684,8.686674667806743
2475952,582591,5059705,5642296,8.684832069153146
2475990,582597,5059726,5642323,8.684778672049461
2476677,582849,5060341,5643190,8.68207889178844
2476738,582875,5060497,5643372,8.681959253699334
2476873,582918,5060609,5643527,8.681510950082172
2476924,582957,5060739,5643696,8.681153155378528
2476978,582957,5060739,5643696,8.681153155378528
2477159,582966,5061787,5644753,8.682816836659427
2477219,582987,5061919,5644906,8.682730489702172
2477264,583032,5062023,5645055,8.68223871073972
2477379,583095,5062224,5645319,8.681645357960539
2477388,583096,5062241,5645337,8.681659623801227
2477428,583116,5062288,5645404,8.681442457418422
2477491,583151,5062389,5645540,8.681094604999391
2477531,583151,5062489,5645640,8.681266087171247
2477542,583160,5062507,5645667,8.681162974140888
2477999,583392,5063468,5646860,8.679357961713565
2478263,583411,5064149,5647560,8.680242573417368
2478314,583436,5064204,5647640,8.679964897606594
2478335,583436,5064234,5647670,8.680016317128185
2478395,583451,5064346,5647797,8.679985123000904
2478398,583452,5064349,5647801,8.679975387863955
2478429,583473,5064380,5647853,8.67971611368478
2478454,583478,5064435,5647913,8.67973599690134
2478540,583489,5064663,5648152,8.679963118413543
2478561,583489,5064709,5648198,8.680041954518423
2478566,583494,5064723,5648217,8.679991568036689
2478691,583507,5064864,5648371,8.680039828142593
2478712,583507,5064894,5648401,8.680091241407558
2478740,583507,5064914,5648421,8.680125516917535
2479088,583515,5065717,5649232,8.681382655115979
2479232,583526,5065918,5649444,8.681563460754106
2479243,583528,5065948,5649476,8.681585116738185
2479294,583539,5066026,5649565,8.681555131704993
2479853,583784,5067123,5650907,8.679790813040439
2479973,583784,5067281,5651065,8.680061461088348
2480386,583784,5068244,5652028,8.681711043810724
2480402,583789,5068314,5652103,8.68175659356377
2480409,583789,5068322,5652111,8.68177029714503
2480494,583821,5068381,5652202,8.6813954962223
2480525,583845,5068433,5652278,8.6811276965633
2480570,583862,5068537,5652399,8.681053057058003
2480599,583884,5068575,5652459,8.68079104753684
2480723,583940,5068725,5652665,8.68021543309244
2480868,584033,5069072,5653105,8.679427361125143
2481362,584033,5070153,5654186,8.681278283932587
2481483,584095,5070457,5654552,8.680877254556194
2481775,584172,5070739,5654911,8.680215758372533
2481812,584185,5070765,5654950,8.680067102031035
2481852,584212,5070842,5655054,8.679797744654337
2482024,584212,5071218,5655430,8.68044134663444
2482863,584212,5073064,5657276,8.683601158483564
2483257,584212,5073837,5658049,8.684924308299042
2483629,584276,5074459,5658735,8.685037550746564
2483700,584308,5074537,5658845,8.684695400371037
2483705,584311,5074549,5658860,8.68467134796367
2483736,584318,5074581,5658899,8.684622072227794
2483765,584346,5074821,5659167,8.684616648355597
2483801,584350,5074859,5659209,8.684622229828014
2483807,584353,5074865,5659218,8.684587911758817
2483870,584368,5074992,5659360,8.684582317991403
2483914,584388,5075089,5659477,8.684451083868936
2483916,584391,5075094,5659485,8.684415057726762
2483997,584423,5075232,5659655,8.684175674126447
2484214,584506,5075478,5659984,8.683363387202185
2484276,584535,5075587,5660122,8.683119060449759
2484326,584543,5075713,5660256,8.68321577711135
2484769,584692,5076265,5660957,8.68194707640946
2484797,584713,5076294,5661007,8.681684860777851
2484940,584762,5076451,5661213,8.681225866249859
2484966,584774,5076497,5661271,8.681126383867955
2484974,584774,5076519,5661293,8.681164005239632
2485000,584796,5076561,5661357,8.680909240145281
2485012,584796,5076582,5661378,8.680945150103625
2485036,584804,5076603,5661407,8.680862306003378
2485065,584813,5076614,5661427,8.68074752100244
2485145,584855,5076780,5661635,8.680407964367236
2485180,584855,5076929,5661784,8.68066272836857
2485202,584871,5076963,5661834,8.680483388644676
2485234,584885,5077004,5661889,8.680345708985527
2485255,584901,5077046,5661947,8.680180064660515
2485281,584906,5077084,5661990,8.68017083086855
2485288,584906,5077098,5662004,8.680194766338523
2485293,584910,5077114,5662024,8.680162760082748
2485337,584910,5077236,5662146,8.680371339180386
2485382,584931,5077287,5662218,8.680146889120255
2485414,584958,5077320,5662278,8.679802652498129
2485448,584967,5077372,5662339,8.67975800344293
2485603,585099,5077810,5662909,8.678548416592747
2485662,585135,5077931,5663066,8.678221265178122
2485663,585135,5077931,5663066,8.678221265178122
2485670,585137,5077937,5663074,8.67820185700101
2485690,585145,5077976,5663121,8.67814986029104
2485747,585176,5078084,5663260,8.677874690691347
2485852,585201,5078250,5663451,8.677787631941845
2485862,585201,5078266,5663467,8.677814972975098
2485911,585212,5078300,5663512,8.677709958100655
2485920,585216,5078307,5663523,8.677662606627296
2486131,585331,5078634,5663965,8.676516364245188
2486167,585344,5078678,5664022,8.676398835556528
2486415,585417,5078925,5664342,8.675738832319526
2486555,585434,5079063,5664497,8.675722626290924
2486581,585441,5079108,5664549,8.675695757557124
2487083,585744,5079828,5665572,8.672437105629763
2487666,585744,5081042,5666786,8.674509683411182
2487682,585744,5081068,5666812,8.674554071403207
2487722,585772,5081163,5666935,8.674301605402785
2487973,585772,5081722,5667494,8.675255901613598
2488028,585775,5081874,5667649,8.675470957278819
2488039,585780,5081908,5667688,8.675454948956947
2488043,585780,5081910,5667690,8.67545836320803
2488051,585780,5081925,5667705,8.675483970091161
2488073,585782,5081932,5667714,8.675466299749736
2488096,585786,5081980,5667766,8.675489001102791
2488132,585812,5082048,5667860,8.67522003646221
2488452,585951,5082693,5668644,8.674262864983591
2488700,586042,5082944,5668986,8.673344231300828
2488730,586068,5082994,5669062,8.673044766136353
2488838,586068,5083299,5669367,8.673565183562317
2488933,586113,5083370,5669483,8.673020390266041
2489041,586120,5083478,5669598,8.673101071452944
2489073,586131,5083522,5669653,8.673013370731116
2489180,586177,5083650,5669827,8.672551123636717
2489212,586177,5083699,5669876,8.672634716135228
2489218,586179,5083702,5669881,8.672610243628652
2489283,586217,5083865,5670082,8.672326118143964
2489328,586236,5084023,5670259,8.672314562735826
2489444,586259,5084160,5670419,8.672208017275642
2489584,586338,5084449,5670787,8.671532460799062
2489632,586338,5084522,5670860,8.671656962366416
2489656,586345,5084643,5670988,8.671759800117679
2489699,586361,5084712,5671073,8.671640849237926
2489716,586364,5084732,5671096,8.671630591236843
2489791,586377,5084883,5671260,8.671695854373551
2489883,586377,5085066,5671443,8.672007940284152
2489886,586377,5085075,5671452,8.672023288771559
2490009,586412,5085172,5671584,8.671671111778068
2490022,586416,5085208,5671624,8.671673351341028
2490056,586423,5085263,5671686,8.671663628472963
2490128,586441,5085315,5671756,8.671486134155012
2490164,586441,5085349,5671790,8.671544111001788
2490185,586449,5085374,5671823,8.67146844823676
2490200,586451,5085403,5671854,8.671488325537855
2490261,586471,5085465,5671936,8.671298325066372
2490291,586491,5085510,5672001,8.671079351601303
2490317,586498,5085580,5672078,8.671095212600896
2490333,586503,5085601,5672104,8.671057096042134
2490602,586503,5086029,5672532,8.671786845080076
2490694,586542,5086150,5672692,8.67141653965104
2490705,586547,5086159,5672706,8.671357964493893
2490741,586553,5086180,5672733,8.671305065356412
2490964,586553,5086658,5673211,8.672119995976493
2491092,586583,5086919,5673502,8.672121421861867
2491093,586583,5086921,5673504,8.67212483143903
2491110,586593,5086936,5673529,8.672002563958316
2491144,586609,5086998,5673607,8.671871723754665
2491214,586609,5087107,5673716,8.672057537473854
2491294,586665,5087255,5673920,8.671482021255743
2491337,586703,5087335,5674038,8.6710567356908
2491645,586716,5087685,5674401,8.671461149857853
2491671,586716,5087685,5674401,8.671461149857853
2491749,586730,5087795,5674525,8.671441719359843
2491818,586743,5087881,5674624,8.671396164930814
2492036,586810,5088018,5674828,8.67063955965304
2492144,586810,5088575,5675385,8.671588759564425
2492164,586810,5088596,5675406,8.671624546275625
2492172,586810,5088615,5675425,8.671656924728618
2492226,586823,5088695,5675518,8.671601147194298
2492228,586823,5088699,5675522,8.67160796355971
2492400,586823,5089079,5675902,8.672255518273824
2492409,586823,5089083,5675906,8.672262334639235
2492460,586830,5089160,5675990,8.672290101051411
2492520,586856,5089261,5676117,8.672077988467358
2492540,586863,5089295,5676158,8.672032484583283
2492605,586920,5089461,5676381,8.67147311388264
2492669,586957,5089710,5676667,8.671350712232753
2493726,586957,5091029,5677986,8.6735978955869
2493761,586957,5091080,5678037,8.67368478440499
2493787,586972,5091129,5678101,8.673546608696837
2493899,587010,5091236,5678246,8.67316740771026
2493980,587036,5091325,5678361,8.672934879632596
2493990,587036,5091341,5678377,8.672962135201248
2493999,587038,5091357,5678395,8.67295984246335
2494325,587280,5092012,5679292,8.670501294101621
2494357,587290,5092080,5679370,8.670469444397146
2494525,587290,5092433,5679723,8.671070510310068
2496078,587306,5094256,5681562,8.67393828770692
2496233,587430,5094579,5682009,8.67265716766253
2496331,587452,5094816,5682268,8.672735815011269
2496406,587516,5094991,5682507,8.672088930344025
2496414,587516,5095008,5682524,8.67211786572621
2496480,587529,5095108,5682637,8.672096185890398
2496729,587608,5095361,5682969,8.671360839198922
2496766,587619,5095441,5683060,8.671334657320475
2496819,587650,5095665,5683315,8.6712584021101
2496833,587656,5095678,5683334,8.671191989871625
2496859,587656,5095695,5683351,8.671220918360401
2496884,587668,5095731,5683399,8.671105113771722
2497949,587673,5097055,5684728,8.673284292455158
2497968,587680,5097078,5684758,8.673220119793084
2498023,587698,5097138,5684836,8.67305656987092
2498039,587705,5097241,5684946,8.673128525365618
2498054,587711,5097276,5684987,8.67309953361431
2498911,587967,5098922,5686889,8.672122755188642
2498963,587987,5098974,5686961,8.671916215834704
2499226,587987,5099465,5687452,8.672751268310353
2499342,588054,5099818,5687872,8.672363422406786
2499376,588086,5099907,5687993,8.672042864479005
2499404,588102,5099972,5688074,8.671917456495642
2499441,588121,5100034,5688155,8.671742719610421
2499468,588133,5100063,5688196,8.671615093864823
2499569,588163,5100241,5688404,8.67147542432965
2499592,588163,5100275,5688438,8.671533231434143
2499728,588269,5100491,5688760,8.670337889638924
2499819,588279,5100636,5688915,8.6704369865319
2499828,588281,5100658,5688939,8.67044490643077
2500213,588461,5101217,5689678,8.668742703424696
2500263,588461,5101299,5689760,8.668882049957432
2500306,588484,5101378,5689862,8.66867748316012
2500343,588487,5101418,5689905,8.668701262729678
2500796,588565,5102344,5690909,8.669125755014315
2500814,588577,5102375,5690952,8.669001676925873
2500823,588583,5102397,5690980,8.668950683251131
2501069,588583,5102827,5691410,8.66968125141229
2501097,588596,5102869,5691465,8.669561125118078
2502439,589364,5106114,5695478,8.663769758587224
2502490,589389,5106209,5695598,8.663563452999632
2502530,589421,5106266,5695687,8.663189808303402
2502560,589430,5106309,5695739,8.663130481991075
2502577,589430,5106354,5695784,8.663206826934497
2502713,589520,5106662,5696182,8.66240670375899
2502723,589520,5106678,5696198,8.662433844483648
2502784,589543,5106761,5696304,8.662236681633061
2502855,589543,5106888,5696431,8.66245210273042
2502966,589618,5107085,5696703,8.661684344779163
2502998,589630,5107153,5696783,8.66162339094008
2503013,589639,5107164,5696803,8.661509839071025
2503242,589639,5107719,5697358,8.662451092956877
2504994,589641,5111279,5700920,8.668459282851769
2504994,589641,5111279,5700920,8.668459282851769
2505053,589670,5111405,5701075,8.668246646429358
2505066,589678,5111421,5701099,8.668156180152558
2505132,589699,5111569,5701268,8.668098470575666
2505148,589699,5111595,5701294,8.668142560865798
2505203,589711,5111682,5701393,8.668113703152901
2505495,589711,5112183,5701894,8.668963271839935
2505587,589725,5112432,5702157,8.669179702403662
2505595,589730,5112443,5702173,8.669124853746629
2505617,589737,5112465,5702202,8.669059258618672
2505636,589737,5112480,5702217,8.669084693685491
2505655,589737,5112505,5702242,8.66912708546352
2505730,589744,5112611,5702355,8.669203925771182
2505826,589744,5112875,5702619,8.669651577633685
2506277,589878,5113467,5703345,8.66868572823533
2506417,589878,5113730,5703608,8.66913158314092
2506430,589885,5113743,5703628,8.669050747179535
2506491,589912,5113894,5703806,8.668909939109563
2506522,589916,5113911,5703827,8.668879976132196
2506535,589919,5113919,5703838,8.668849452212932
2506555,589919,5113940,5703859,8.668885050320467
2506697,589979,5114175,5704154,8.668401756672695
2506736,589979,5114291,5704270,8.668598373840425
2506737,589979,5114293,5704272,8.668601763791592
2506738,589979,5114295,5704274,8.66860515374276
2506740,589980,5114300,5704280,8.668598935557137
2506894,590022,5114474,5704496,8.668276776120212
2506953,590034,5114579,5704613,8.668278438191697
2506967,590042,5114608,5704650,8.668210059622874
2507025,590064,5114713,5704777,8.668064820087313
2507106,590104,5114846,5704950,8.667702642246113
2507181,590131,5115006,5705137,8.667577198960908
2507211,590138,5115045,5705183,8.667540473584145
2507242,590138,5115094,5705232,8.667623505010692
2507265,590142,5115131,5705273,8.66762745237587
2507680,590382,5115967,5706349,8.665519951489037
2507971,590557,5116450,5707007,8.663769966319931
2507994,590569,5116477,5707046,8.663639642446523
2508021,590588,5116547,5707135,8.663479447601373
2508080,590588,5116659,5707247,8.66366908911119
2508081,590588,5116661,5707249,8.663672475566724
2508112,590598,5116712,5707310,8.663612135496564
2508139,590598,5116765,5707363,8.66370187504868
2508153,590603,5116791,5707394,8.663672551612505
2508186,590603,5116825,5707428,8.663730119894414
2508192,590606,5116836,5707442,8.663704737168265
2508402,590643,5117105,5707748,8.66361744742594
2508456,590662,5117191,5707853,8.663484361614595
2508560,590720,5117385,5708105,8.662962147887324
2508603,590720,5117440,5708160,8.66305525460455
2508627,590720,5117461,5708181,8.663090804442037
2508677,590729,5117545,5708274,8.66310101586345
2508750,590761,5117648,5708409,8.662806109408034
2508769,590764,5117685,5708449,8.66282474896913
2508790,590770,5117722,5708492,8.662799397396618
2508881,590792,5117807,5708599,8.662620685452747
2508940,590832,5117956,5708788,8.662286402903025
2509013,590837,5118112,5708949,8.662477129902156
2509025,590850,5118132,5708982,8.662320385884742
2509037,590852,5118140,5708992,8.662304604198683
2509092,590859,5118330,5709189,8.662523546226765
2509174,590894,5118504,5709398,8.66230491424858
2509477,590995,5119062,5710057,8.661768712087243
2509534,591020,5119147,5710167,8.66154614057054
2509737,591121,5119372,5710493,8.660446845908028
2509746,591123,5119388,5710511,8.66044461135838
2509778,591145,5119446,5710591,8.660220419693983
2510074,591196,5120134,5711330,8.660637081441688
2510182,591196,5120327,5711523,8.660963538318933
2510246,591196,5120467,5711663,8.661200346416416
2510254,591196,5120485,5711681,8.661230793171807
2510257,591196,5120500,5711696,8.661256165467966
2510271,591209,5120513,5711722,8.661087703333338
2510305,591232,5120572,5711804,8.660850562892401
2510334,591240,5120623,5711863,8.660819633313038
2510443,591240,5120821,5712061,8.661154522698059
2512990,591366,5128429,5719795,8.67217425418438
2513468,591724,5130252,5721976,8.670008314687253
2513615,591779,5130348,5722127,8.669364745960907
2513811,591779,5130676,5722455,8.669919006926571
2513854,591786,5130708,5722494,8.669870527521773
2513883,591794,5130755,5722549,8.669832745854132
2513917,591812,5130812,5722624,8.669665366704292
2513933,591812,5130827,5722639,8.66969071259116
2513977,591823,5130912,5722735,8.669673196209002
2514012,591828,5130943,5722771,8.669652331420615
2514045,591851,5130990,5722841,8.66939483079356
2514074,591853,5131005,5722858,8.669390879154115
2514340,591853,5131723,5723576,8.670604018227499
2514382,591861,5131799,5723660,8.670615228913546
2514403,591861,5131831,5723692,8.670669295662327
2514409,591861,5131847,5723708,8.670696329036716
2514417,591861,5131855,5723716,8.670709845723911
2515455,591866,5133176,5725042,8.672868520915207
2515501,591905,5133313,5725218,8.672528530760848
2515562,591919,5133407,5725326,8.672482214627339
2515633,591937,5133520,5725457,8.672409394918716
2515692,591940,5133633,5725573,8.672556340169612
2515693,591940,5133635,5725575,8.672559718890428
2515771,591999,5133747,5725746,8.671884580886116
2515800,592013,5133792,5725805,8.671755518882186
2515806,592017,5133794,5725811,8.671700305903379
2515878,592042,5133915,5725957,8.671538505714121
2515910,592042,5134013,5726055,8.671704034511064
2515989,592074,5134134,5726208,8.671439718683812
2515998,592076,5134154,5726230,8.671444206487005
2516042,592103,5134248,5726351,8.671207543282165
2516108,592149,5134396,5726545,8.670783873653422
2516134,592157,5134458,5726615,8.67077143392715
2516154,592162,5134500,5726662,8.670769147631898
2516275,592191,5134827,5727018,8.670896720821492
2516360,592209,5134901,5727110,8.670758127620486
2516370,592213,5134911,5727124,8.670716448304917
2516437,592213,5134984,5727197,8.670839714764789
2516538,592237,5135234,5727471,8.67091046320983
2516691,592237,5135388,5727625,8.671170494244702
2516716,592247,5135444,5727691,8.6711186380007
2516763,592259,5135489,5727748,8.671018929218468
2516766,592259,5135498,5727757,8.671034125272897
2516855,592306,5135744,5728050,8.670761396980614
2516903,592328,5135856,5728184,8.670628435596495
2516998,592342,5135923,5728265,8.670536615671352
2517280,592342,5136199,5728541,8.671002562708706
2517289,592344,5136215,5728559,8.671000297124644
2517299,592344,5136231,5728575,8.671027308455898
2517357,592369,5136323,5728692,8.670816670014805
2517378,592369,5136369,5728738,8.670894324314743
2517489,592419,5136483,5728902,8.670354934598654
2517522,592446,5136523,5728969,8.670027310505937
2517556,592451,5136566,5729017,8.670026719509293
2517625,592459,5136631,5729090,8.670019359989467
2517680,592471,5136657,5729128,8.669887640070147
2517865,592521,5137128,5729649,8.669950938447752
2517959,592574,5137288,5729862,8.669445503852684
2518072,592626,5137456,5730082,8.668968286912826
2518084,592626,5137477,5730103,8.669003722415148
2518087,592627,5137481,5730108,8.668995843928812
2518096,592630,5137496,5730126,8.66897727080978
2518173,592630,5137705,5730335,8.669329936047786
2518308,592656,5138004,5730660,8.66945411840933
2518375,592692,5138165,5730857,8.669199179337665
2518404,592701,5138247,5730948,8.669205889647563
2518684,592789,5138595,5731384,8.668505994544434
2518711,592789,5138624,5731413,8.668554915830084
2518872,592843,5139007,5731850,8.668411366921765
2518941,592873,5139138,5732011,8.668193694096376
2520290,592873,5140113,5732986,8.669838228423288
2520403,592913,5140706,5733619,8.67025347732298
2520425,592917,5140797,5733714,8.670348463612951
2520469,592917,5140940,5733857,8.670589644081717
2520547,592928,5141026,5733954,8.6705738302121
2520888,592928,5141705,5734633,8.671718994549085
2520900,592934,5141718,5734652,8.671653168818114
2520922,592934,5141770,5734704,8.671740868292256
2520929,592937,5141786,5734723,8.671723977420873
2520965,592947,5141864,5734811,8.6717092758712
2520972,592947,5141915,5734862,8.671795286931209
2521047,593003,5142118,5735121,8.6713186948464
2521109,593018,5142151,5735169,8.671155007099278
2521147,593018,5142211,5735229,8.671256184466577
2521157,593018,5142227,5735245,8.671283165097856
2521273,593059,5142428,5735487,8.671022613264448
2521397,593109,5142621,5735730,8.67061703666611
2521432,593125,5142666,5735791,8.670459009483666
2521450,593125,5142693,5735818,8.670504531085353
2521474,593136,5142733,5735869,8.670411170456692
2521621,593199,5142869,5736068,8.66971960505665
2521751,593200,5143254,5736454,8.670354012137558
2521777,593226,5143306,5736532,8.670061662840132
2521813,593226,5143375,5736601,8.670177976015886
2521819,593229,5143383,5736612,8.670147615844808
2521929,593262,5143653,5736915,8.670120452683637
2523119,593286,5148101,5741387,8.677266950509535
2523233,593307,5148194,5741501,8.677116568656698
2523701,593453,5148622,5742075,8.675703046408056
2523788,593465,5148796,5742261,8.675820815043853
2523869,593500,5148891,5742391,8.675469250210615
2523877,593506,5148922,5742428,8.675433778260034
2523968,593531,5149022,5742553,8.675236845253238
2523999,593537,5149067,5742604,8.67522496491373
2524051,593563,5149172,5742735,8.675021859516177
2524292,593572,5149669,5743241,8.675727628661729
2524364,593616,5149833,5743449,8.675360839330477
2524566,593699,5150153,5743852,8.674687004694299
2524577,593702,5150176,5743878,8.67468191112713
2524607,593711,5150220,5743931,8.674624522705491
2524613,593714,5150236,5743950,8.67460763936845
2524643,593727,5150285,5744012,8.674500233272195
2524646,593727,5150294,5744021,8.674515391754122
2524706,593727,5150334,5744061,8.674582762784917
2524726,593735,5150381,5744116,8.67454504113788
2524756,593747,5150403,5744150,8.674406775950025
2524790,593756,5150537,5744293,8.674500973463847
2524875,593761,5150625,5744386,8.674576134168461
2524905,593767,5150680,5744447,8.674581106730418
2524909,593767,5150682,5744449,8.67458447505503
2525746,593767,5152391,5746158,8.677462708436137
2525823,593793,5152552,5746345,8.677353892686508
2526188,593803,5153575,5747378,8.678930554409458
2526252,593810,5153676,5747486,8.678998332800054
2526305,593824,5153766,5747590,8.678945276714986
2526311,593827,5153782,5747609,8.678928374762346
2526321,593830,5153797,5747627,8.678909788996851
2526420,593837,5154046,5747883,8.679226791190175
2526444,593837,5154097,5747934,8.679312673343022
2526469,593837,5154137,5747974,8.679380031894274
2526498,593837,5154167,5748004,8.679430550807714
2526589,593881,5154270,5748151,8.678960936618616
2526631,593883,5154282,5748165,8.67895191477109
2526649,593891,5154303,5748194,8.678870365100666
2526714,593891,5154424,5748315,8.679074106191203
2526945,593915,5154536,5748451,8.678911965516951
2527003,593915,5154633,5748548,8.679075288551392
2527036,593920,5154662,5748582,8.679051050646551
2527211,593937,5154784,5748721,8.67900804294058
2527297,593937,5154784,5748721,8.67900804294058
2527347,593969,5154872,5748841,8.67868861842958
2527389,593985,5154933,5748918,8.678557539331802
2527402,593993,5154948,5748941,8.678465907847398
2527439,594014,5155020,5749034,8.678280309891687
2527487,594014,5155128,5749142,8.678462123788329
2527547,594038,5155249,5749287,8.678315191957417
2527565,594044,5155282,5749326,8.678283090141472
2527755,594044,5155703,5749747,8.678991791853802
2527968,594044,5156556,5750600,8.680427712425342
2527971,594044,5156565,5750609,8.680442862818243
2528025,594044,5156630,5750674,8.680552282322521
2528059,594048,5156664,5750712,8.680551066580477
2528079,594063,5156696,5750759,8.680385750332878
2528406,594063,5157265,5751328,8.681343561204788
2528506,594063,5157326,5751389,8.681446243916891
2528520,594063,5157374,5751437,8.681527043428053
2528556,594071,5157417,5751488,8.681482516399555
2528592,594095,5157507,5751602,8.681283296442489
2528632,594110,5157598,5751708,8.681217282994732
2528718,594189,5157831,5752020,8.680455208696223
2528819,594266,5158028,5752294,8.67966196955572
2528829,594271,5158043,5752314,8.679614182755005
2528887,594304,5158164,5752468,8.679335828128366
2528894,594312,5158174,5752486,8.679235822261708
2528945,594312,5158174,5752486,8.679235822261708
2529057,594366,5158367,5752733,8.67877200243621
2529099,594387,5158412,5752799,8.678541085185241
2529144,594415,5158463,5752878,8.67821807996097
2529221,594432,5158524,5752956,8.678072512919897
2532981,594438,5164620,5759058,8.688239984657777
2533146,594438,5164981,5759419,8.688847280961177
2533197,594453,5165035,5759488,8.688718872644262
2533313,594510,5165266,5759776,8.688274377218214
2533618,594510,5166105,5760615,8.68968562345461
2533654,594510,5166181,5760691,8.689813459824057
2534050,594581,5166884,5761465,8.68995813858835
2535137,594607,5169131,5763738,8.693357124958165
2535184,594623,5169181,5763804,8.693207292687973
2535214,594625,5169270,5763895,8.693327727559387
2535237,594633,5169288,5763921,8.693241041112753
2535266,594643,5169331,5763974,8.693167160800682
2535276,594648,5169340,5763988,8.693109200737243
2535542,594648,5169542,5764190,8.693448897499024
2535636,594699,5169748,5764447,8.69304976130782
2535680,594726,5169805,5764531,8.69275094749515
2535719,594735,5169877,5764612,8.692740464240376
2535886,594735,5170170,5764905,8.69323312063356
2535897,594743,5170183,5764926,8.693138044499893
2535921,594743,5170215,5764958,8.693191849252534
2535959,594748,5170285,5765033,8.693236463174319
2535978,594748,5170337,5765085,8.69332389516232
2536330,594857,5170760,5765617,8.692442049097513
2536363,594866,5170794,5765660,8.69236769289218
2536400,594893,5170859,5765752,8.69208244171641
2536511,594913,5170902,5765815,8.691862507627166
2536512,594913,5170902,5765815,8.691862507627166
2536549,594922,5170972,5765894,8.691848679322668
2536837,594922,5171539,5766461,8.692801745438897
2536859,594924,5171623,5766547,8.692913716710034
2536871,594924,5171633,5766557,8.692930525579738
2536885,594928,5171666,5766594,8.692927547535163
2536967,594943,5171828,5766771,8.692980672097999
2536978,594946,5171840,5766786,8.692957007862898
2537030,594966,5171955,5766921,8.692858079285203
2537287,594966,5172287,5767253,8.693416094365055
2537305,594966,5172307,5767273,8.693449709731313
2537411,594966,5172526,5767492,8.693817797991818
2537674,594966,5172976,5767942,8.694574143732583
2537756,595016,5173111,5768127,8.694070411551959
2537771,595016,5173140,5768156,8.69411914973715
2537823,595029,5173224,5768253,8.694070373040642
2537885,595042,5173278,5768320,8.693971181866154
2537975,595087,5173490,5768577,8.693670001193103
2537999,595087,5173511,5768598,8.693705290150852
2538045,595100,5173555,5768655,8.693589312720551
2538075,595100,5173585,5768685,8.693639724416064
2538076,595100,5173587,5768687,8.693643085195765
2538271,595175,5173944,5769119,8.693147393623724
2538313,595186,5174025,5769211,8.693122822109391
2538406,595260,5174169,5769429,8.692284043947183
2538525,595260,5174426,5769686,8.692715788059
2538555,595260,5174473,5769733,8.692794745153378
2538734,595373,5174913,5770286,8.691883911430313
2538752,595379,5174932,5770311,8.691828230421295
2538931,595388,5175971,5771359,8.693441923585963
2538958,595388,5176021,5771409,8.69352590243673
2538988,595401,5176048,5771449,8.693381435368769
2539247,595555,5176397,5771952,8.6917194885443
2539255,595555,5176413,5771968,8.691746354241003
2539295,595562,5176488,5772050,8.691770126368036
2539334,595588,5176545,5772133,8.6914863966366
2539436,595623,5176667,5772290,8.691180495044684
2539531,595623,5176839,5772462,8.69146926831234
2539551,595632,5176860,5772492,8.691373196873236
2539724,595641,5177853,5773494,8.692908983767067
2540176,595641,5179213,5774854,8.695192238277755
2541210,595737,5180788,5776525,8.696434836177708
2541322,595815,5180987,5776802,8.695630355059876
2541430,595815,5181147,5776962,8.695898894791169
2541517,595863,5181336,5777199,8.695515579923573
2541647,595863,5181722,5777585,8.696163379837312
2541672,595863,5181722,5777585,8.696163379837312
2541709,595875,5181788,5777663,8.696099014054962
2541722,595875,5181788,5777663,8.696099014054962
2541779,595875,5181788,5777663,8.696099014054962
2541788,595877,5181795,5777672,8.696081573881859
2541897,595944,5181996,5777940,8.695441182392976
2541921,595944,5182017,5777961,8.695476420603278
2541965,595959,5182088,5778047,8.695376695376696
2542766,595959,5183005,5778964,8.696915391830647
2542981,595959,5183502,5779461,8.697749341817138
2543027,595966,5183531,5779497,8.697695841709091
2543046,595966,5183546,5779512,8.697721010930154
2543078,595990,5183612,5779602,8.697481501367472
2543092,595990,5183638,5779628,8.697525126260508
2543125,596016,5183684,5779700,8.697222893345145
2543142,596016,5183740,5779756,8.697316850554348
2543331,596077,5183864,5779941,8.696634830734956
2543687,596190,5185627,5781817,8.697943608581157
2544162,596449,5186404,5782853,8.69546935278624
2544203,596459,5186462,5782921,8.695420808471328
2544259,596459,5186580,5783039,8.695618642689606
2544270,596461,5186603,5783064,8.695628046091866
2544304,596461,5186642,5783103,8.695693431758322
2544452,596461,5187077,5783538,8.696422733422638
2544454,596461,5187082,5783543,8.696431116200388
2544485,596485,5187125,5783610,8.6961532980712
2544764,596556,5187653,5784209,8.696003392808052
2545064,596556,5187875,5784431,8.69637552886904
2545147,596556,5188057,5784613,8.69668061338751
2545196,596565,5188129,5784694,8.696670103006378
2545300,596608,5188338,5784946,8.696393611885862
2545313,596615,5188347,5784962,8.696306663426162
2545318,596616,5188352,5784968,8.6963004679727
2545343,596619,5188375,5784994,8.696295290629363
2545359,596619,5188390,5785009,8.696320432302691
2545952,596839,5189393,5786232,8.694795413838573
2546289,596856,5189785,5786641,8.695204538448134
2546311,596867,5189822,5786689,8.695106279958516
2546573,596984,5190708,5787692,8.694886295110086
2546600,597004,5190740,5787744,8.694648612069601
2546720,597014,5190966,5787980,8.694881527066366
2546750,597033,5191023,5788056,8.694700292948632
2547009,597033,5191519,5788552,8.695531067796923
2547199,597144,5191844,5788988,8.694458957973286
2547264,597167,5191954,5789121,8.694308292320239
2547309,597191,5192028,5789219,8.694082797630909
2547451,597191,5192212,5789403,8.694390906761823
2547467,597204,5192260,5789464,8.694282020883985
2547470,597204,5192269,5789473,8.694297091111245
2547489,597209,5192306,5789515,8.69428625489569
2547562,597209,5192428,5789637,8.694490538488202
2548205,597552,5193458,5791010,8.691223525316625
2548373,597601,5193802,5791403,8.691086527632987
2548515,597601,5193989,5791590,8.691399445449388
2548555,597601,5194089,5791690,8.691566781180086
2548596,597615,5194201,5791816,8.691550580223053
2548643,597629,5194283,5791912,8.69148418165785
2548667,597651,5194345,5791996,8.691267980811544
2548862,597678,5194795,5792473,8.691628268064076
2549234,597678,5195513,5793191,8.692829583822727
2549477,597759,5196028,5793787,8.69251320348167
2549503,597769,5196071,5793840,8.692439721698516
2549542,597781,5196122,5793903,8.692350543091868
2549590,597781,5196187,5793968,8.692459278565227
2550356,597781,5197082,5794863,8.693956482390709
2550401,597798,5197170,5794968,8.693856453183182
2550435,597816,5197212,5795028,8.693664940382995
2550481,597817,5197264,5795081,8.69373738117183
2550500,597821,5197272,5795093,8.693692593602433
2550615,597849,5197345,5795194,8.693407532671293
2550714,597875,5197454,5795329,8.693211791762492
2551368,598054,5198776,5796830,8.692820380768293
2551493,598095,5198949,5797044,8.69251373109623
2551766,598117,5199817,5797934,8.693645223258995
2551825,598143,5199932,5798075,8.693459590766757
2551950,598143,5200303,5798446,8.694079843783175
2551973,598145,5200363,5798508,8.694151083767315
2551994,598145,5200406,5798551,8.694222972690568
2552354,598280,5200968,5799248,8.693200508123287
2552360,598280,5200982,5799262,8.693223908537808
2552389,598290,5201025,5799315,8.693150478864764
2552394,598295,5201036,5799331,8.693096215077846
2552534,598295,5201232,5799527,8.693423812667664
2552683,598295,5201651,5799946,8.694124136086714
2552710,598309,5201706,5800015,8.694012625583103
2552731,598316,5201735,5800051,8.693959379324637
2552821,598341,5201777,5800118,8.693666320710097
2552890,598357,5201829,5800186,8.693520757674767
2552912,598357,5201853,5800210,8.693560867508861
2552986,598399,5201982,5800381,8.693166265317958
2552988,598401,5201982,5800383,8.693137210666427
2552998,598401,5202010,5800411,8.693184002032082
2553128,598401,5202396,5800797,8.693829054430056
2553258,598401,5202782,5801183,8.69447410682803
2553385,598427,5202891,5801318,8.69427850013452
2553440,598451,5202977,5801428,8.694073533171471
2553630,598451,5203298,5801749,8.694609917938143
2553649,598458,5203316,5801774,8.694538296755995
2553728,598489,5203433,5801922,8.694283437122486
2553816,598544,5203607,5802151,8.693775227886338
2553822,598544,5203619,5802163,8.693795276537731
2553837,598550,5203661,5802211,8.693778297552418
2553976,598635,5203850,5802485,8.692859588898077
2554500,598635,5205114,5803749,8.694971059159588
2554537,598635,5205150,5803785,8.695031195970834
2554666,598692,5205400,5804092,8.694620940316558
2554847,598692,5205589,5804281,8.694936628516833
2555143,598692,5206159,5804851,8.695888704041478
2555155,598697,5206195,5804892,8.695876211171928
2555232,598754,5206338,5805092,8.695287213112564
2555265,598761,5206419,5805180,8.695320837529499
2555824,598761,5208002,5806763,8.697964630294893
2555841,598769,5208033,5806802,8.697900191893702
2555884,598799,5208172,5806971,8.697696555939473
2556101,598904,5208807,5807711,8.697231943683796
2556280,598904,5209168,5808072,8.697834711406168
2556440,598942,5209335,5808277,8.697561700465153
2556460,598957,5209372,5808329,8.697405656833462
2556466,598957,5209385,5808342,8.697427361229604
2556519,598966,5209474,5808440,8.697445264004969
2556841,598994,5209998,5808992,8.697913501637746
2557133,598994,5210499,5809493,8.698749904005716
2557218,599061,5210681,5809742,8.698080829832021
2557228,599065,5210696,5809761,8.698047791141194
2557389,599065,5211083,5810148,8.69869379783496
2557415,599065,5211135,5810200,8.698780599767971
2557486,599095,5211327,5810422,8.698665487109723
2557499,599101,5211345,5810446,8.69860841494172
2557948,599101,5211886,5810987,8.69951143463289
2557966,599101,5211945,5811046,8.699609915523427
2557992,599101,5212029,5811130,8.699750125604865
2558122,599101,5212415,5811516,8.700394424312428
2558244,599244,5212688,5811932,8.6987737883066
2558764,599510,5213864,5813374,8.696875781888542
2558776,599528,5213897,5813425,8.69666971350796
2558784,599528,5213920,5813448,8.69670807702059
2558815,599532,5213956,5813488,8.696710100545092
2558837,599532,5213995,5813527,8.696775151284669
2558868,599542,5214036,5813578,8.696698479839611
2559075,599569,5214632,5814201,8.697300894475864
2559094,599574,5214639,5814213,8.697240040428705
2559136,599586,5214740,5814326,8.697234425086643
2559149,599598,5214762,5814360,8.697097055026868
2559668,599598,5215247,5814845,8.69790593030664
2559759,599614,5215365,5814979,8.697870630105367
2560062,599702,5215814,5815516,8.697343013696802
2560075,599714,5215845,5815559,8.697220675188506
2563042,600765,5219829,5820594,8.688636987840503
2563121,600803,5219973,5820776,8.688327122201454
2563238,600803,5220512,5821315,8.68922425487223
2563251,600809,5220527,5821336,8.689162445968686
2564094,601122,5221815,5822937,8.6867807200535
2564153,601132,5221832,5822964,8.686664492989893
2564363,601133,5222392,5823525,8.687581616713771
2564396,601167,5222475,5823642,8.687228340876993
2564426,601168,5222529,5823697,8.687303715433956
2564431,601168,5222538,5823706,8.687318686290688
2564530,601270,5222711,5823981,8.686132685815025
2564556,601281,5222758,5824039,8.686051945762463
2564922,601290,5223169,5824459,8.686605464917095
2565162,601399,5223527,5824926,8.685626347898816
2565184,601412,5223578,5824990,8.685523401594914
2565218,601434,5223624,5825058,8.685282175600316
2565230,601443,5223683,5825126,8.68525030634657
2565296,601443,5223805,5825248,8.6854531518365
2565654,601522,5224153,5825675,8.684890993180632
2565672,601530,5224167,5825697,8.684798763153957
2565691,601534,5224174,5825708,8.684752649060568
2565704,601534,5224174,5825708,8.684752649060568
2565755,601568,5224303,5825871,8.684476235438055
2565847,601612,5224379,5825991,8.683967407565008
2565966,601663,5224604,5826267,8.683605274048762
2566027,601673,5224806,5826479,8.68379668025655
2566050,601681,5224836,5826517,8.683731080090613
2566075,601684,5224893,5826577,8.68378251706876
2566096,601693,5224933,5826626,8.683719105922789
2566145,601726,5225013,5826739,8.683375822218085
2566393,601875,5225424,5827299,8.681909034267912
2566433,601888,5225455,5827343,8.681773020894253
2566800,602011,5225861,5827872,8.68067360895399
2566815,602011,5225892,5827903,8.68072510302968
2566840,602011,5225947,5827958,8.680816463486547
2566871,602024,5225986,5828010,8.680693792938488
2566907,602031,5226026,5828057,8.680659301597426
2566930,602047,5226057,5828104,8.680480095407834
2567019,602096,5226278,5828374,8.680140708458453
2567055,602118,5226325,5828443,8.679901613969355
2567150,602159,5226505,5828664,8.679609538344524
2567432,602159,5226781,5828940,8.680067889045917
2567553,602210,5226961,5829171,8.679631689942047
2567710,602324,5227216,5829540,8.678412283090164
2567752,602339,5227285,5829624,8.678310718714876
2567913,602425,5227485,5829910,8.677403826202433
2567927,602444,5227543,5829987,8.677226431004376
2568128,602444,5228090,5830534,8.678134399213869
2568631,602444,5229822,5832266,8.681009355226378
2568830,602444,5230079,5832523,8.681435950893361
2568876,602444,5230181,5832625,8.6816052612359
2568983,602549,5230365,5832914,8.680397776778321
2569017,602559,5230429,5832988,8.68035993155857
2569089,602593,5230505,5833098,8.679996282731462
2569105,602593,5230531,5833124,8.680039429598418
2569258,602593,5230685,5833278,8.680294991810392
2569330,602610,5230935,5833545,8.680464977348533
2569345,602622,5230977,5833599,8.680361818851619
2569568,602622,5231455,5834077,8.68115501923262
2569569,602622,5231457,5834079,8.681158338062666
2569855,602622,5232424,5835046,8.682762992389923
2569888,602636,5232469,5835105,8.682635952714408
2569920,602636,5232517,5835153,8.682715602785098
2569998,602636,5232627,5835263,8.682898134197094
2570028,602646,5232669,5835315,8.682823747274519
2570052,602646,5232724,5835370,8.6829150114661
2570132,602667,5232933,5835600,8.68295924615086
2570200,602667,5233075,5835742,8.683194865489565
2570246,602693,5233231,5835924,8.683079113246711
2570261,602696,5233252,5835948,8.683070735495175
2570286,602701,5233281,5835982,8.68304681757621
2570347,602732,5233376,5836108,8.682757842623255
2570445,602732,5233666,5836398,8.683238985154265
2570516,602767,5233837,5836604,8.683018479777427
2570580,602798,5233956,5836754,8.682769352253988
2570793,602860,5234214,5837074,8.682304349268486
2570876,602860,5234351,5837211,8.682531599376306
2570912,602879,5234412,5837291,8.682359146694445
2570944,602879,5234442,5837321,8.682408907923481
2571002,602894,5234511,5837405,8.68230733760827
2571017,602894,5234523,5837417,8.68232724160466
2571054,602915,5234571,5837486,8.682104442583118
2571531,602925,5235658,5838583,8.68376332047933
2571778,603015,5236299,5839314,8.683530260441282
2571846,603015,5236377,5839392,8.683659610457452
2572015,603116,5236729,5839845,8.682789048872854
2572028,603116,5236733,5839849,8.682795681096174
2572034,603120,5236739,5839859,8.682748043507097
2572102,603144,5236830,5839974,8.682553420078786
2572199,603177,5236938,5840115,8.682257446819094
2573406,603177,5241040,5844217,8.689058104005955
2573415,603179,5241063,5844242,8.689067424429563
2573466,603218,5241130,5844348,8.688616718997112
2573492,603230,5241165,5844395,8.688501898115147
2573514,603233,5241170,5844403,8.688466977105032
2573536,603242,5241207,5844449,8.6883986857679
2573677,603245,5241500,5844745,8.688841183930244
2573732,603276,5241592,5844868,8.688547198960343
2573851,603281,5241841,5845122,8.688887931163089
2574043,603382,5242227,5845609,8.688073227242443
2575161,603389,5244261,5847650,8.691343395388381
2575319,603389,5244510,5847899,8.691756064495706
2575342,603396,5244562,5847958,8.691741410284457
2575460,603406,5244817,5848223,8.69201996665595
2575604,603419,5245251,5848670,8.692551941519906
2575776,603419,5245627,5849046,8.693175057464217
2575778,603421,5245636,5849057,8.693161159455835
2575928,603482,5245801,5849283,8.692555867449236
2576056,603500,5245907,5849407,8.692472245236123
2576110,603520,5245995,5849515,8.692329997348887
2576170,603545,5246092,5849637,8.692130661342567
2576180,603549,5246112,5849661,8.692106191875059
2576361,603601,5246293,5849894,8.691657237148382
2576390,603613,5246311,5849924,8.691514264934652
2576420,603626,5246370,5849996,8.691424822655089
2576505,603626,5246658,5850284,8.691901939280283
2576530,603634,5246687,5850321,8.69183478730489
2576672,603634,5246826,5850460,8.692065059290895
2576718,603641,5246875,5850516,8.692045437602813
2576719,603641,5246875,5850516,8.692045437602813
2576800,603649,5246924,5850573,8.692011417230875
2576821,603649,5246949,5850598,8.692052832026558
2576843,603656,5246985,5850641,8.692011675523808
2576878,603656,5247068,5850724,8.692149171051062
2577006,603656,5247288,5850944,8.692513617026917
2577030,603665,5247316,5850981,8.69243040428052
2577115,603743,5247444,5851187,8.691519404779848
2577163,603772,5247555,5851327,8.691285783375182
2577185,603783,5247581,5851364,8.691170503309964
2577216,603789,5247626,5851415,8.6911586663553
2578271,603789,5250332,5854121,8.695640364431945
2578296,603805,5250394,5854199,8.695512624108776
2578359,603805,5250482,5854287,8.695658366525617
2578381,603805,5250514,5854319,8.695711363768105
2578407,603812,5250557,5854369,8.69568176849748
2578444,603816,5250609,5854425,8.695710282602647
2578448,603816,5250619,5854435,8.695726843939214
2578460,603822,5250637,5854459,8.695670247192053
2578548,603839,5250747,5854586,8.695607604013652
2578604,603843,5250793,5854636,8.695626180977506
2578621,603843,5250820,5854663,8.695670894586838
2578706,603862,5250945,5854807,8.695604293696242
2578730,603872,5251001,5854873,8.69555303110593
2578837,603881,5251162,5855043,8.69569004489295
2578848,603888,5251187,5855075,8.695630646742442
2578876,603901,5251221,5855122,8.69549975906647
2579407,603901,5251830,5855731,8.69650820250339
2579509,603938,5251958,5855896,8.696187356980353
2579612,604020,5252197,5856217,8.695402470116884
2579721,604075,5252493,5856568,8.695100773910525
2579799,604110,5252611,5856721,8.694792339143534
2579828,604125,5252656,5856781,8.694650941444237
2580695,604129,5253811,5857940,8.696505216601091
2580708,604143,5253840,5857983,8.696351691569712
2580888,604170,5253982,5858152,8.696198089941573
2580955,604184,5254042,5858226,8.696095891317876
2580978,604193,5254104,5858297,8.69606897133863
2581121,604233,5254345,5858578,8.69589214756559
2581190,604283,5254473,5858756,8.695384447353309
2581275,604298,5254549,5858847,8.695294374629736
2581288,604310,5254567,5858877,8.695151495093578
2581446,604415,5254888,5859303,8.694172050660557
2581539,604448,5254965,5859413,8.693824778971889
2581754,604482,5255226,5859708,8.693767556354036
2581758,604487,5255230,5859717,8.693702263241393
2581855,604492,5255448,5859940,8.69399098747378
2581919,604508,5255518,5860026,8.693876673261562
2581968,604539,5255617,5860156,8.693594623341092
2582001,604560,5255670,5860230,8.693380309646685
2582006,604563,5255673,5860236,8.693342133077943
2582028,604563,5255726,5860289,8.693429799706564
2582102,604563,5255822,5860385,8.693588592090485
2582148,604572,5255930,5860502,8.693637813196775
2582175,604577,5255950,5860527,8.693598995661429
2582183,604577,5255969,5860546,8.693630422592987
2582258,604589,5256129,5860718,8.693722512318285
2582292,604602,5256173,5860775,8.693608357233353
2582302,604605,5256191,5860796,8.693594991771487
2582342,604634,5256278,5860912,8.693321910444997
2582827,604782,5256683,5861465,8.691864175851794
2582834,604785,5256689,5861474,8.691830981257802
2582930,604910,5256962,5861872,8.690486188027972
2583338,604940,5258202,5863142,8.692105002148974
2583364,604950,5258228,5863178,8.692004297875858
2583406,604967,5258283,5863250,8.691850960465612
2583562,605011,5258740,5863751,8.691974195510495
2583611,605018,5258854,5863872,8.692062054352101
2583636,605036,5258886,5863922,8.691856352349282
2584090,605194,5259617,5864811,8.690795017795946
2584135,605204,5259661,5864865,8.69072411947046
2584172,605204,5259762,5864966,8.690891005346957
2584238,605213,5259867,5865080,8.690935257504382
2584265,605228,5259943,5865171,8.690845433456483
2584268,605228,5259952,5865180,8.690860303885477
2584503,605300,5260205,5865505,8.690244506856104
2584567,605309,5260393,5865702,8.690425881657138
2584570,605309,5260402,5865711,8.690440750096231
2584647,605317,5260649,5865966,8.690733946015063
2584828,605317,5260972,5866289,8.691267550721358
2584831,605317,5260977,5866294,8.69127581085613
2584847,605317,5261008,5866325,8.691327023691718
2585534,605719,5262649,5868368,8.688267992253834
2585663,605819,5262918,5868737,8.68727788332819
2585692,605826,5262929,5868755,8.687195663441319
2585764,605902,5263088,5868990,8.686368422616198
2585793,605902,5263152,5869054,8.686474050258953
2585837,605923,5263254,5869177,8.68634133379984
2585927,605962,5263466,5869428,8.686132133698152
2585979,605970,5263574,5869544,8.686195686255095
2586033,605970,5263683,5869653,8.68637556314669
2586059,605979,5263713,5869692,8.686296059764448
2586082,605991,5263755,5869746,8.686193359307316
2586114,606004,5263798,5869802,8.686077979683303
2586151,606013,5263824,5869837,8.68599188466254
2586179,606025,5263853,5869878,8.685867744730002
2586274,606026,5264194,5870220,8.686416094358988
2586308,606030,5264234,5870264,8.686424764450605
2586379,606042,5264364,5870406,8.686467274545329
2586390,606045,5264383,5870428,8.686455626232375
2586399,606048,5264397,5870445,8.68643572786314
2586433,606056,5264434,5870490,8.686382116504085
2586461,606066,5264472,5870538,8.686301491916723
2586735,606067,5264629,5870696,8.686546206937518
2586788,606084,5264697,5870781,8.68641475439048
2586912,606118,5264784,5870902,8.686071029073547
2586968,606144,5264894,5871038,8.685879922922606
2587067,606197,5265191,5871388,8.68561045336747
2587089,606211,5265231,5871442,8.685475849168029
2587141,606229,5265317,5871546,8.685359822773242
2587217,606256,5265443,5871699,8.685180847694703
2587315,606256,5265733,5871989,8.685659193476024
2587346,606256,5265782,5872038,8.685740017418384
2587360,606256,5265791,5872047,8.685754862632287
2587361,606256,5265793,5872049,8.68575816156871
2587438,606264,5266010,5872274,8.686001477904016
2587589,606410,5266402,5872812,8.684556653089494
2587644,606410,5266541,5872951,8.684785870945399
2587788,606415,5266815,5873230,8.685166099123537
2589794,606418,5277307,5883725,8.702424730136638
2590837,606418,5279314,5885732,8.705734328466503
2590861,606418,5279375,5885793,8.70583491914818
2591021,606447,5279537,5885984,8.705685740056428
2591158,606540,5280070,5886610,8.7052296633363
2591207,606551,5280159,5886710,8.705218522432574
2591229,606555,5280172,5886727,8.70518254733701
2591245,606555,5280187,5886742,8.705207277163654
2591524,606596,5280716,5887312,8.70549096927774
2591699,606655,5281011,5887666,8.705130593170749
2591777,606688,5281111,5887799,8.704821918350124
2591907,606723,5281369,5888092,8.704744998953394
2591930,606728,5281410,5888138,8.704740839387666
2592409,606735,5282603,5889338,8.706606673424147
2592736,606762,5283167,5889929,8.70714876673226
2592752,606762,5283193,5889955,8.707191617141483
2592793,606789,5283258,5890047,8.70691129865571
2592835,606807,5283348,5890155,8.706801338811188
2592842,606807,5283399,5890206,8.70688538530373
2592856,606817,5283438,5890255,8.706806170558835
2594393,606817,5286648,5893465,8.712096068501706
2594411,606822,5286683,5893505,8.712081961431853
2594437,606822,5286747,5893569,8.712187428933031
2594698,606822,5287073,5893895,8.712724654017158
2594717,606829,5287092,5893921,8.712655459775323
2594750,606847,5287192,5894039,8.712561815416407
2594772,606851,5287229,5894080,8.71256535788851
2594881,606911,5287479,5894390,8.712115944512457
2595038,606970,5287784,5894754,8.711771586734105
2595051,606977,5287817,5894794,8.71172548547968
2595077,606989,5287851,5894840,8.711609271337702
2595098,606993,5287881,5894874,8.711601287000015
2595108,606997,5287891,5894888,8.711560353675553
2595127,607005,5287914,5894919,8.711483430943732
2595180,607017,5287978,5894995,8.711416648957114
2595220,607035,5288024,5895059,8.711234113354255
2595246,607047,5288044,5895091,8.711094857564571
2595257,607052,5288062,5895114,8.711052759895363
2595297,607076,5288157,5895233,8.710864867001826
2595335,607084,5288189,5895273,8.710802788411488
2595491,607166,5288555,5895721,8.71022916302955
2595709,607166,5289155,5896321,8.7112173606559
2595816,607183,5289204,5896387,8.711054163242384
2596212,607194,5289722,5896916,8.71174945733983
2596262,607204,5289792,5896996,8.711721266658323
2596283,607204,5289824,5897028,8.711773967233418
2596428,607280,5290078,5897358,8.711101962850744
2596727,607415,5290685,5898100,8.710165208300749
2596746,607419,5290697,5898116,8.710127605491431
2596784,607432,5290763,5898195,8.710049849201228
2598006,607462,5293043,5900505,8.71337301757147
2598016,607462,5293074,5900536,8.713424049570179
2598028,607465,5293094,5900559,8.713413941543957
2598402,607693,5294001,5901694,8.711637290539796
2598542,607792,5294269,5902061,8.710659238686919
2598581,607803,5294338,5902141,8.710615117069182
2598584,607803,5294347,5902150,8.710629924498562
2598584,607806,5294389,5902195,8.710656031694324
2598603,607812,5294402,5902214,8.710591432877271
2598847,607817,5295062,5902879,8.71160563130021
2598851,607820,5295070,5902890,8.711575795465762
2598874,607820,5295145,5902965,8.711699187259386
2599079,607838,5295503,5903341,8.712030179093771
2599157,607857,5295654,5903511,8.712006277792309
2599262,607857,5295910,5903767,8.712427429477657
2599293,607876,5296005,5903881,8.71231139245504
2599335,607882,5296106,5903988,8.71239154967576
2599414,607934,5296319,5904253,8.711996697009873
2599423,607936,5296335,5904271,8.711994354668912
2599459,607936,5296377,5904313,8.712063440888514
2599489,607944,5296455,5904399,8.712077099206505
2599566,607960,5296614,5904574,8.712109349299295
2599596,607973,5296633,5904606,8.711954313760645
2599612,607973,5296659,5904632,8.711997078817644
2599628,607980,5296694,5904674,8.71195434060331
2599636,607987,5296733,5904720,8.711918182461138
2599652,607987,5296758,5904745,8.711959301761386
2599814,608021,5296849,5904870,8.711621802536426
2599907,608040,5296955,5904995,8.711523912900468
2600149,608044,5297286,5905330,8.71201097289012
2600246,608044,5297355,5905399,8.712124451519955
2600514,608062,5298019,5906081,8.712958546990274
2600833,608062,5298605,5906667,8.713922264505921
2600896,608101,5298722,5906823,8.713555807341214
2600907,608101,5298745,5906846,8.713593630005542
2600947,608101,5298812,5906913,8.713703809071191
2600982,608118,5298859,5906977,8.713537504234376
2601029,608148,5298917,5907065,8.713203036103053
2601053,608152,5298943,5907095,8.71318847919599
2601061,608154,5298954,5907108,8.713177912173562
2601070,608156,5298974,5907130,8.713182144055144
2601198,608197,5299080,5907277,8.712769053448143
2601222,608207,5299131,5907338,8.712709653127964
2601237,608214,5299153,5907367,8.712645549099495
2601381,608235,5299409,5907644,8.712765625128446
2601422,608257,5299484,5907741,8.712573796931231
2601522,608257,5299825,5908082,8.713134415222513
2601746,608312,5300014,5908326,8.712657320585489
2601939,608407,5300458,5908865,8.712026653210762
2601964,608410,5300476,5908886,8.712013280518072
2602647,608708,5301586,5910294,8.709571748687384
2602658,608710,5301609,5910319,8.709580917021242
2602690,608730,5301659,5910389,8.709376899446388
2603147,608744,5302405,5911149,8.71040207377814
2603176,608748,5302430,5911178,8.710385906812014
2603206,608751,5302447,5911198,8.710370906988244
2604102,608751,5304160,5912911,8.713184865404738
2604116,608755,5304171,5912926,8.713145682581663
2604127,608756,5304179,5912935,8.713144511101328
2604179,608764,5304214,5912978,8.713087501889074
2604732,609028,5305247,5914275,8.711006718902908
2605158,609028,5306060,5915088,8.71234163289701
2605206,609042,5306160,5915202,8.712305555281901
2605530,609142,5306800,5915942,8.711925954867667
2605559,609142,5306838,5915980,8.71198833769466
2605603,609153,5306920,5916073,8.711965630966276
2605657,609164,5306958,5916122,8.711870694919595
2605668,609164,5306958,5916122,8.711870694919595
2605684,609174,5307014,5916188,8.711819611473897
2605745,609178,5307123,5916301,8.711941337343108
2605801,609199,5307201,5916400,8.711769060684604
2605900,609268,5307309,5916577,8.710959709027883
2605942,609287,5307399,5916686,8.71083578018241
2606169,609304,5307975,5917279,8.711538082796109
2606210,609304,5307986,5917290,8.71155613618161
2606232,609304,5308010,5917314,8.711595525386343
2606263,609325,5308069,5917394,8.711392114224758
2606320,609359,5308149,5917508,8.711037335954668
2606333,609361,5308172,5917533,8.711046489683456
2606354,609368,5308220,5917588,8.711025193315042
2606374,609370,5308262,5917632,8.7110655266915
2606504,609445,5308596,5918041,8.710541558303046
2606515,609454,5308633,5918087,8.710473637058744
2606529,609454,5308687,5918141,8.71056224095666
2606868,609454,5309526,5918980,8.711938883000194
2607194,609648,5310125,5919773,8.710149135238694
2607366,609733,5310470,5920203,8.709500715887117
2607422,609733,5310514,5920247,8.709572878620643
2607481,609751,5310610,5920361,8.709473211196046
2607499,609751,5310630,5920381,8.709506011470255
2607858,609751,5311689,5921440,8.711242785989691
2607899,609772,5311823,5921595,8.711162532881142
2607938,609772,5311876,5921648,8.711249450614329
2607991,609785,5311962,5921747,8.711204768893955
2608047,609792,5312050,5921842,8.711249081654072
2608063,609799,5312065,5921864,8.711173681819748
2608110,609799,5312265,5922064,8.711501658743291
2608142,609799,5312314,5922113,8.71158201308956
2608179,609803,5312357,5922160,8.711595384083056
2608290,609831,5312652,5922483,8.71167913733477
2608313,609845,5312674,5922519,8.711515221080766
2608343,609849,5312697,5922546,8.711495796500445
2608363,609849,5312718,5922567,8.711530231253967
2608378,609849,5312728,5922577,8.711546628755643
2608433,609894,5312841,5922735,8.71108914008008
2608454,609894,5312870,5922764,8.711136689326342
2608683,609960,5313328,5923288,8.710944979998688
2612088,609960,5319097,5929057,8.72040297724441
2612192,609964,5319466,5929430,8.72095074463411
2612213,609972,5319511,5929483,8.72091014013758
2612297,610000,5319594,5929594,8.720645901639344
2612457,610025,5319855,5929880,8.720716364083438
2612515,610031,5319881,5929912,8.720673211689242
2612536,610034,5319891,5929925,8.72064671805178
2612560,610042,5319921,5929963,8.720581533730465
2612598,610067,5319988,5930055,8.720333996102067
2612783,610071,5320064,5930135,8.7204013959031
2612817,610083,5320093,5930176,8.720277404877697
2612879,610099,5320177,5930276,8.720186395978358
2612967,610131,5320461,5930592,8.720194515604026
2612989,610142,5320502,5930644,8.720104500263872
2613015,610148,5320539,5930687,8.72007939057409
2613693,610148,5322042,5932190,8.722542727338285
2613712,610162,5322072,5932234,8.722391758254366
2613721,610162,5322072,5932234,8.722391758254366
2613772,610173,5322275,5932448,8.722567206349675
2613902,610173,5322661,5932834,8.723199813823292
2613907,610175,5322669,5932844,8.723184332363665
2613913,610175,5322684,5932859,8.723208915475068
2613927,610182,5322714,5932896,8.723158008594158
2613943,610193,5322729,5932922,8.723025337884899
2616282,610205,5327790,5937995,8.73114772904188
2616335,610225,5327862,5938087,8.730979556720882
2616372,610225,5327963,5938188,8.731145069441599
2616485,610289,5328175,5938464,8.730576825077955
2616504,610298,5328195,5938493,8.7304808470616
2616505,610298,5328198,5938496,8.730485762692979
2616533,610313,5328247,5938560,8.730351475390496
2616610,610351,5328451,5938802,8.730142164099018
2616710,610384,5328638,5939022,8.72997653935883
2616746,610392,5328705,5939097,8.72997188691857
2616803,610392,5328825,5939217,8.730168481893603
2617213,610392,5329680,5940072,8.731569221090709
2617228,610397,5329699,5940096,8.731528824682952
2617400,610397,5329891,5940288,8.731843374066386
2617418,610407,5329926,5940333,8.73175766332955
2617459,610420,5329957,5940377,8.731622489433505
2618341,610420,5333732,5944152,8.737806756004062
2618345,610420,5333742,5944162,8.737823138167164
2618465,610420,5333944,5944364,8.7381540578618
2618486,610422,5333944,5944366,8.73812542798261
2618584,610429,5334112,5944541,8.738300441165148
2618597,610434,5334125,5944559,8.738250162998785
2618655,610446,5334230,5944676,8.738250393974242
2618683,610453,5334258,5944711,8.73819606095801
2618714,610475,5334296,5944771,8.737943404725828
2618730,610489,5334336,5944825,8.737808543642883
2618755,610489,5334391,5944880,8.737898635356247
2618778,610499,5334421,5944920,8.737804648328662
2618833,610500,5334709,5945209,8.73826208026208
2618853,610503,5334745,5945248,8.738278108379484
2619185,610600,5335367,5945967,8.737908614477563
2619194,610600,5335384,5945984,8.737936455944972
2619199,610602,5335391,5945993,8.737919299314447
2619402,610742,5335763,5946505,8.736525406800252
2619469,610748,5335819,5946567,8.736531269852705
2619509,610748,5335819,5946567,8.736531269852705
2619594,610758,5336122,5946880,8.736884330618674
2619669,610758,5336228,5946986,8.737057885447264
2619683,610767,5336300,5947067,8.737047024479057
2619793,610767,5336640,5947407,8.737603701575232
2619814,610770,5336650,5947420,8.737577156703832
2619829,610781,5336688,5947469,8.737482010737073
2619864,610796,5336758,5947554,8.73738203917511
2619927,610818,5336867,5947685,8.737245791708823
2620621,611071,5337998,5949069,8.73547918327003
2620643,611075,5338021,5949096,8.735459640796956
2621066,611212,5338470,5949682,8.734236238817301
2621395,611212,5338814,5950026,8.734799054992376
2621405,611215,5338826,5950041,8.734775815384111
2623271,611311,5342711,5954022,8.73975930418396
2623298,611327,5342751,5954078,8.739595993633522
2623334,611350,5342783,5954133,8.739319538725772
2623355,611350,5342828,5954178,8.739393146315532
2623663,611353,5343188,5954541,8.739939118643402
2623666,611354,5343191,5954545,8.739929729747413
2623742,611354,5343339,5954693,8.740171815347573
2623854,611379,5343619,5954998,8.740272400589488
2623879,611386,5343659,5955045,8.740237754871718
2624116,611386,5344059,5955445,8.740892006032196
2624130,611393,5344109,5955502,8.740873709708813
2624223,611437,5344242,5955679,8.740462222600202
2624240,611437,5344265,5955702,8.740499838904089
2624245,611440,5344273,5955713,8.740470037943217
2624283,611459,5344343,5955802,8.740312923679266
2624303,611465,5344399,5955864,8.740318742691732
2624411,611544,5344635,5956179,8.73957556610808
2624423,611549,5344656,5956205,8.739538450721039
2624430,611552,5344664,5956216,8.739508659934069
2624478,611584,5344747,5956331,8.739187094495605
2624506,611597,5344777,5956374,8.739050387755336
2624519,611605,5344796,5956401,8.738967143826489
2624563,611611,5344879,5956490,8.739017120359183
2624753,611611,5345449,5957060,8.7399490852846
2625130,611775,5346039,5957814,8.73857055289935
2625149,611782,5346073,5957855,8.738526141664842
2625177,611797,5346100,5957897,8.738356023321462
2625197,611807,5346143,5957950,8.738283478286453
2625203,611811,5346145,5957956,8.738229616662663
2625242,611823,5346167,5957990,8.738094187371184
2625266,611837,5346200,5958037,8.73794817900846
2626210,611837,5348283,5960120,8.741352680534195
2627674,611837,5350369,5962206,8.744762085326647
2627738,611856,5350412,5962268,8.744560811694255
2627778,611869,5350473,5962342,8.74447471599313
2627787,611873,5350483,5962356,8.744433893961656
2627979,611880,5350561,5962441,8.744461332287377
2628001,611892,5350586,5962478,8.744330698881502
2628117,611892,5350852,5962744,8.744765416119185
2628174,611917,5351022,5962939,8.744685962311882
2628502,611917,5351655,5963572,8.745720416330974
2628507,611917,5351666,5963583,8.745738392625144
2628516,611917,5351677,5963594,8.745756368919315
2628613,611917,5351746,5963663,8.745869129310021
2628754,611984,5352046,5964030,8.745401840570995
2628767,611988,5352121,5964109,8.745467231383621
2628815,611988,5352264,5964252,8.745700896096002
2628941,612003,5352543,5964546,8.745942421850874
2629000,612008,5352698,5964706,8.746124233670148
2629163,612017,5353625,5965642,8.747510281577146
2629269,612067,5353750,5965817,8.746999919943406
2629634,612178,5354183,5966361,8.746121226179314
2629676,612186,5354234,5966420,8.746090240547808
2630158,612186,5355389,5967575,8.747976922046568
2630188,612192,5355450,5967642,8.747990826407401
2630263,612233,5355578,5967811,8.747614061966605
2630312,612242,5355710,5967952,8.747701072451743
2630335,612242,5355749,5967991,8.747764772753257
2630435,612303,5355866,5968169,8.74708436836011
2630497,612303,5355883,5968186,8.747112132391969
2630548,612318,5355953,5968271,8.747012173413161
2630808,612318,5356271,5968589,8.747531511404205
2630843,612318,5356420,5968738,8.747774849016361
2630932,612379,5356540,5968919,8.747099426988841
2630950,612391,5356558,5968949,8.746957417728217
2630983,612391,5356624,5969015,8.74706519200968
2630995,612401,5356645,5969046,8.746956650952562
2631034,612406,5356711,5969117,8.74699300790652
2631058,612416,5356744,5969160,8.746904065210575
2631100,612439,5356823,5969262,8.746704569761233
2631154,612455,5356968,5969423,8.746712819717366
2631210,612455,5357080,5969535,8.746895690295613
2631222,612455,5357095,5969550,8.746920181890914
2632084,612464,5358819,5971283,8.749606507484522
2632326,612464,5358992,5971456,8.749888973066172
2632372,612477,5359057,5971534,8.74980938059715
2632787,612477,5360055,5972532,8.75143882953972
2632809,612477,5360070,5972547,8.751463320255292
2632849,612504,5360151,5972655,8.75120978801771
2632870,612504,5360180,5972684,8.751257134647284
2632908,612537,5360254,5972791,8.750906475853704
2632952,612552,5360326,5972878,8.750809727174182
2633389,612765,5361141,5973906,8.749097941298867
2633462,612798,5361224,5974022,8.74876223486369
2633503,612802,5361275,5974077,8.748788352518432
2633933,612836,5361626,5974462,8.748875718789366
2633952,612836,5361682,5974518,8.74896709723319
2633992,612837,5361723,5974560,8.749019723025862
2634104,612837,5362155,5974992,8.7497246412994
2634328,612930,5362552,5975482,8.749044752255559
2634371,612930,5362578,5975508,8.749087171455141
2634507,612930,5363020,5975950,8.749808297848041
2634589,612965,5363135,5976100,8.74949630076758
2634718,612965,5363518,5976483,8.750121132527958
2635469,613033,5366692,5979725,8.75432807043014
2635519,613044,5366841,5979885,8.754414038796563
2635524,613044,5366846,5979890,8.754422194817991
2635564,613047,5366871,5979918,8.754420134182208
2635599,613062,5366941,5980003,8.754320117704244
2635763,613074,5367365,5980439,8.754840361848652
2636177,613078,5368357,5981435,8.756401306195949
2636178,613078,5368361,5981439,8.756407830651238
2636223,613104,5368476,5981580,8.756224066390041
2636360,613198,5368690,5981888,8.755230773746815
2636371,613202,5368730,5981932,8.755238893545684
2636418,613202,5368776,5981978,8.755313909608905
2636475,613256,5368937,5982193,8.754805497214866
2636481,613260,5368960,5982220,8.754785898313928
2636508,613279,5369002,5982281,8.754583150572579
2636627,613279,5369152,5982431,8.754827737457177
2636688,613293,5369299,5982592,8.754867575530783
2636819,613320,5369589,5982909,8.754954999021718
2636859,613329,5369667,5982996,8.754953703477252
2636901,613346,5369741,5983087,8.754831693693282
2636913,613353,5369755,5983108,8.754754602977405
2636959,613353,5369874,5983227,8.754948618495385
2637009,613374,5369953,5983327,8.754777672349986
2637035,613381,5370032,5983413,8.754806555794849
2637101,613402,5370073,5983475,8.754573672730118
2637123,613416,5370099,5983515,8.754416252592042
2637205,613441,5370198,5983639,8.754220862316018
2637257,613478,5370255,5983733,8.753785791829536
2637328,613494,5370392,5983886,8.753780803072239
2637334,613494,5370405,5983899,8.753801993173527
2637545,613494,5370938,5984432,8.754670787326363
2637558,613499,5370947,5984446,8.75461410695046
2637610,613529,5371021,5984550,8.754306642391802
2637673,613542,5371076,5984618,8.75421079567495
2637694,613555,5371128,5984683,8.754110063482491
2637721,613574,5371159,5984733,8.753889506400206
2637766,613586,5371185,5984771,8.75376067902462
2638537,613586,5372316,5985902,8.755603941419785
2638578,613637,5372412,5986049,8.755032698484609
2638601,613650,5372433,5986083,8.754881447078954
2638717,613693,5372708,5986401,8.754716120275122
2638860,613693,5372984,5986677,8.755165856543908
2638895,613696,5373069,5986765,8.755261562728126
2638904,613696,5373080,5986776,8.755279486912087
2638945,613705,5373148,5986853,8.755261892929013
2638974,613721,5373189,5986910,8.755100444664595
2639100,613721,5373526,5987247,8.75564955411335
2639143,613721,5373565,5987286,8.755713100904156
2639205,613744,5373610,5987354,8.755458301832686
2639245,613764,5373717,5987481,8.755347332199348
2639274,613764,5373734,5987498,8.75537503014188
2639328,613786,5373875,5987661,8.755290932018651
2639446,613839,5374116,5987955,8.754927595020844
2639464,613839,5374143,5987982,8.754971580495862
2639534,613839,5374238,5988077,8.755126344204262
2639558,613839,5374293,5988132,8.755215944245966
2639658,613870,5374473,5988343,8.755067033736784
2640047,614064,5374880,5988944,8.752963860444513
2640325,614064,5375549,5989613,8.754053323432085
2640410,614084,5375804,5989888,8.754183466756992
2640415,614085,5375807,5989892,8.754174096419877
2640428,614085,5375807,5989892,8.754174096419877
2640501,614108,5375851,5989959,8.753917877637159
2640518,614113,5375899,5990012,8.75392476628894
2640600,614140,5376045,5990185,8.75377764027746
2640656,614153,5376074,5990227,8.753639565385173
2640729,614200,5376196,5990396,8.753168349071963
2640753,614200,5376242,5990442,8.753243243243244
2640764,614200,5376252,5990452,8.753259524584825
2640792,614204,5376311,5990515,8.753298578322513
2641233,614211,5377349,5991560,8.754888792287993
2641288,614220,5377624,5991844,8.755208231578262
2641313,614227,5377684,5991911,8.755206137144736
2641330,614240,5377708,5991948,8.75505991143527
2641394,614253,5377768,5992021,8.754972299687587
2641459,614253,5377889,5992142,8.75516928692249
2641564,614261,5378046,5992307,8.755310853204094
2641599,614274,5378111,5992385,8.755231378830945
2641634,614274,5378157,5992431,8.755306263979918
2641672,614274,5378267,5992541,8.755485337162243
2641715,614280,5378336,5992616,8.755512144299017
2641745,614289,5378442,5992731,8.755556423767965
2641855,614294,5378687,5992981,8.75588399040199
2641883,614296,5378750,5993046,8.755958039772358
2641899,614301,5378769,5993070,8.755917701582774
2642027,614301,5379108,5993409,8.756469548315891
2643207,614301,5381295,5995596,8.760029692284402
2643375,614348,5381504,5995852,8.759699714168518
2643378,614348,5381511,5995859,8.759711108362035
2643464,614385,5381613,5995998,8.759349593495935
2643465,614386,5381617,5996003,8.75934184698219
2643485,614387,5381631,5996018,8.75935037687972
2643516,614397,5381654,5996051,8.7592452437105
2643537,614397,5381686,5996083,8.759297327298148
2643548,614399,5381721,5996120,8.759325780152636
2643599,614409,5381788,5996197,8.759292262971409
2643627,614421,5381820,5996241,8.759173270444858
2643705,614431,5381893,5996324,8.75914952207815
2643869,614529,5382153,5996682,8.758175773641277
2643899,614529,5382183,5996712,8.758224591516429
2644092,614529,5382561,5997090,8.75883969674336
2645556,614529,5384647,5999176,8.76223416632901
2645628,614529,5384834,5999363,8.762538464417464
2645665,614542,5384867,5999409,8.7624068005116
2645680,614549,5384887,5999436,8.76233953679853
2645784,614563,5384955,5999518,8.762250574798678
2645785,614563,5384957,5999520,8.762253829143635
2645880,614584,5385029,5999613,8.762071580125744
2645887,614585,5385059,5999644,8.762106136661325
2645921,614597,5385099,5999696,8.762000139929091
2645941,614607,5385118,5999725,8.761888491344875
2645954,614612,5385148,5999760,8.761866022791615
2645957,614612,5385150,5999762,8.76186927687712
2645984,614625,5385223,5999848,8.761802725238967
2646044,614636,5385340,5999976,8.761836273827111
2646120,614673,5385476,6000149,8.761530114386023
2646123,614673,5385478,6000151,8.761533368148593
2646192,614693,5385572,6000265,8.761401219795898
2646236,614704,5385616,6000320,8.761316015513158
2646258,614704,5385669,6000373,8.761402235872875
2646293,614740,5385794,6000534,8.76109249438787
2646322,614740,5385819,6000559,8.761133161987182
2646340,614746,5385828,6000574,8.761062292393932
2646424,614798,5385987,6000785,8.760579897787567
2646854,615057,5386669,6001726,8.757999665071692
2646858,615057,5386675,6001732,8.758009420265113
2646889,615071,5386758,6001829,8.75794501772966
2646947,615071,5386855,6001926,8.75810272310026
2646976,615075,5386916,6001991,8.75814494167378
2646986,615084,5386940,6002024,8.758055810263313
2647014,615084,5386978,6002062,8.758117590442932
2647373,615156,5387772,6002928,8.758383239373428
2648213,615162,5389602,6004764,8.761272640377657
2648259,615162,5389721,6004883,8.761466085356378
2648271,615162,5389742,6004904,8.761500222705564
2648292,615162,5389771,6004933,8.7615473647592
2648295,615163,5389779,6004942,8.761546126798914
2648352,615208,5389932,6005140,8.76115395118399
2648381,615222,5389977,6005199,8.761027726576748
2648396,615239,5389997,6005236,8.760818153595595
2648494,615239,5390353,6005592,8.761396790515557
2648496,615239,5390358,6005597,8.76140491743859
2648524,615250,5390415,6005665,8.761340918325883
2648708,615250,5390821,6006071,8.762000812677773
2650613,615302,5396538,6011840,8.770551696565263
2650641,615313,5396553,6011866,8.770419282544006
2651205,615381,5398992,6014373,8.773413543804569
2651211,615381,5399003,6014384,8.773431418909587
2651223,615389,5399019,6014408,8.773343364928525
2651249,615401,5399057,6014458,8.773234037643748
2651270,615405,5399070,6014475,8.773198137811685
2651287,615412,5399089,6014501,8.773129220749677
2651432,615412,5399370,6014782,8.773585825430768
2651459,615415,5399409,6014824,8.773606428182608
2651589,615415,5399795,6015210,8.774233647213668
2651616,615424,5399817,6015241,8.774141079970882
2651718,615424,5400250,6015674,8.774844659941763
2652446,615450,5400751,6016201,8.775288000649931
2652542,615450,5400962,6016412,8.775630839223332
2652597,615461,5401037,6016498,8.775595854164601
2652613,615467,5401065,6016532,8.775555797467614
2652635,615469,5401072,6016541,8.775538654262034
2652658,615478,5401132,6016610,8.775507816688817
2652748,615519,5401202,6016721,8.775037001294843
2652759,615519,5401212,6016731,8.775053247747023
2652847,615519,5401344,6016863,8.775267700915812
2652883,615540,5401398,6016938,8.775056048347793
2653292,615540,5401398,6016938,8.775056048347793
2653544,615622,5401673,6017295,8.774333925688167
2653608,615622,5401774,6017396,8.774497987401359
2653660,615634,5401852,6017486,8.774453652657261
2653688,615645,5401891,6017536,8.774360223830293
2653710,615651,5401958,6017609,8.774383538725674
2654137,615887,5402611,6018498,8.772081566910813
2654171,615887,5402699,6018586,8.772224450264416
2654178,615891,5402711,6018602,8.77218696165393
2654191,615895,5402735,6018630,8.77216895737098
2654308,615918,5402956,6018874,8.772200195480567
2654347,615918,5402956,6018874,8.772200195480567
2654367,615918,5402977,6018895,8.772234290928338
2654377,615918,5402993,6018911,8.772260268412353
2654408,615938,5403062,6019000,8.772087450360264
2654420,615938,5403095,6019033,8.772141027181307
2654662,615938,5403679,6019617,8.773089174559777
2654668,615938,5403692,6019630,8.773110280580187
2654697,615938,5403727,6019665,8.773167104481296
2655500,615938,5405673,6021611,8.776326513382841
2655574,615956,5405742,6021698,8.77618206495269
2655593,615956,5405769,6021725,8.776225899252545
2655602,615962,5405790,6021752,8.776174504271367
2655840,616038,5406006,6022044,8.775442424006311
2655907,616038,5406066,6022104,8.775539820595483
2655972,616038,5406147,6022185,8.775671305990864
2656010,616044,5406178,6022222,8.775636155858997
2656081,616108,5406318,6022426,8.774951794165958
2656567,616108,5407764,6023872,8.777298785277905
2656606,616122,5407807,6023929,8.777169132087476
2656673,616140,5407852,6023992,8.776985749991885
2656679,616144,5407875,6024019,8.77696609883404
2656819,616193,5408125,6024318,8.776673866791736
2656830,616193,5408127,6024320,8.776677112528056
2657352,616235,5409204,6025439,8.77782664081073
2657373,616238,5409247,6025485,8.777853686400384
2657563,616238,5409817,6026055,8.778778653701979
2657792,616319,5410527,6026846,8.778776899625031
2658102,616319,5411446,6027765,8.780268010559467
2658147,616337,5411525,6027862,8.78013976120207
2658229,616371,5411798,6028169,8.780098349857472
2658240,616380,5411812,6028192,8.779992861546448
2658263,616386,5411883,6028269,8.780022583251403
2658336,616459,5412056,6028515,8.779263503331121
2658419,616459,5412331,6028790,8.779709599502969
2658458,616472,5412409,6028881,8.779650981715308
2658481,616473,5412465,6028938,8.779727579310043
2658531,616501,5412549,6029050,8.779465077915527
2658547,616511,5412569,6029080,8.779355112885252
2659387,616809,5413757,6030566,8.777039569785785
2659479,616809,5413812,6030621,8.777128738393895
2659657,616941,5414444,6031385,8.77627520297727
2659746,616941,5414586,6031527,8.77650537085394
2659771,616941,5414613,6031554,8.776549135168517
2659862,616941,5414661,6031602,8.776626938394433
2659914,616941,5414701,6031642,8.77669177441603
2659921,616945,5414706,6031651,8.776642974657385
2659938,616956,5414738,6031694,8.77653835929953
2660035,616990,5414822,6031812,8.776190862088527
2660050,616990,5414825,6031815,8.77619572440396
2660244,616990,5415222,6032212,8.77683917081314
2660442,617069,5415497,6032566,8.776161174844304
2661281,617069,5417343,6034412,8.779152736565926
2661418,617124,5417485,6034609,8.778600410938482
2661616,617127,5417759,6034886,8.77900172897961
2661686,617144,5417827,6034971,8.778870085425767
2661760,617169,5417905,6035074,8.77864085850067
2661776,617179,5417945,6035124,8.778563431354598
2661872,617198,5418130,6035328,8.778592931279752
2661881,617207,5418144,6035351,8.778487606264997
2662401,617467,5419114,6036581,8.776362137571725
2664619,618200,5424457,6042657,8.774598835328373
2664644,618200,5424501,6042701,8.774670009705597
2664741,618200,5424690,6042890,8.774975736007764
2664802,618258,5424801,6043059,8.774332074958998
2664835,618258,5424801,6043059,8.774332074958998
2665085,618296,5425169,6043465,8.774387995393791
2665110,618314,5425209,6043523,8.774197252528651
2665132,618319,5425223,6043542,8.774148942536135
2665298,618403,5425485,6043888,8.77338078890303
2665387,618468,5425673,6044141,8.772762697504156
2665416,618468,5425708,6044176,8.772819288952702
2665437,618477,5425722,6044199,8.772714264232947
2665453,618479,5425746,6044225,8.772724700434454
2667294,619210,5429451,6048661,8.768351609308635
2667295,619210,5429453,6048663,8.768354839230632
2667360,619230,5429546,6048776,8.768221823878042
2667466,619235,5430554,6049789,8.769778840020347
2667528,619286,5430668,6049954,8.769240706232662
2667920,619286,5431774,6051060,8.771026633897748
2667936,619286,5431800,6051086,8.77106861773074
2668029,619293,5431850,6051143,8.771050213711442
2668042,619297,5431858,6051155,8.771006479928047
2668114,619297,5432061,6051358,8.771334270955617
2668162,619305,5432118,6051423,8.771313004093297
2668217,619308,5432157,6051465,8.771333488345055
2668229,619308,5432166,6051474,8.771348020694065
2668253,619313,5432218,6051531,8.771361169554005
2668447,619322,5433336,6052658,8.773038903833546
2668497,619332,5433420,6052752,8.773032880587472
2668498,619333,5433423,6052756,8.773023559216124
2668529,619333,5433443,6052776,8.773055852021448
2668572,619333,5433485,6052818,8.77312366691263
2668655,619362,5433764,6053126,8.77316335196541
2668699,619399,5433868,6053267,8.772807188904082
2669886,619414,5436587,6056001,8.77698437555496
2669899,619417,5436627,6056044,8.777006443155418
2669923,619417,5436629,6056046,8.777009671998023
2669948,619425,5436645,6056070,8.776922145538201
2669994,619469,5436766,6056235,8.776494061849746
2670008,619469,5436792,6056261,8.776536033280117
2670055,619471,5436888,6056359,8.776662668631785
2670057,619471,5436893,6056364,8.776670740034643
2670074,619478,5436916,6056394,8.776608693125503
2670101,619487,5436962,6056449,8.776555440227156
2670116,619487,5436993,6056480,8.776605481632384
2670137,619487,5437030,6056517,8.77666520847088
2670148,619487,5437040,6056527,8.776681350859663
2670317,619562,5437199,6056761,8.775875537879987
2670704,619833,5437861,6057694,8.773106627107625
2670724,619844,5437887,6057731,8.772992882080008
2670815,619849,5438026,6057875,8.773146363065843
2672279,619861,5440109,6059970,8.776336952962035
2672303,619872,5440144,6060016,8.776237674874812
2672340,619888,5440186,6060074,8.77607890457631
2672369,619895,5440219,6060114,8.776033037853185
2672461,619895,5440274,6060169,8.776121762556562
2672466,619895,5440285,6060180,8.776139507497238
2672550,619895,5440471,6060366,8.776439558312294
2672617,619933,5440634,6060567,8.77616452100469
2672737,619967,5440789,6060756,8.775933235156065
2672777,619979,5440829,6060808,8.775827890944694
2673104,620027,5441690,6061717,8.776537150801497
2673188,620061,5441882,6061943,8.77636555113126
2675131,620061,5445979,6066040,8.782972965563065
2675134,620062,5445983,6066045,8.78296525186191
2675219,620080,5446219,6066299,8.78309089149787
2675272,620113,5446377,6066490,8.782878281861532
2675307,620132,5446433,6066565,8.782699489786046
2675319,620135,5446449,6066584,8.78268280293807
2675383,620167,5446569,6066736,8.782423121514043
2675435,620183,5446666,6066849,8.782352950661338
2675487,620191,5446733,6066924,8.782347696112971
2675520,620204,5446770,6066974,8.782223268472954
2675542,620219,5446803,6067022,8.78206407736622
2675558,620219,5446829,6067048,8.782105998042628
2675680,620219,5447105,6067324,8.782551002146016
2675767,620219,5447305,6067524,8.782873468887603
2675855,620219,5447425,6067644,8.783066948932554
2675874,620228,5447475,6067703,8.783020115183449
2675890,620228,5447501,6067729,8.783062035251552
2675976,620270,5447667,6067937,8.782734938010867
2676025,620281,5447702,6067983,8.782635611924274
2676096,620316,5447802,6068118,8.782301278703113
2676124,620330,5447830,6068160,8.782148211435848
2676142,620334,5447938,6068272,8.78226568268062
2676841,620544,5448939,6069483,8.780906752784654
2676872,620560,5448999,6069559,8.78077704009282
2676926,620572,5449110,6069682,8.780786113456617
2677788,620572,5450843,6071415,8.783578698362156
2677830,620572,5450944,6071516,8.783741451435128
2677851,620579,5450978,6071557,8.783697160232622
2678614,620591,5452550,6073141,8.786060384375538
2679965,620591,5455649,6076240,8.791054011418149
2680015,620639,5455749,6076388,8.790535238681423
2680046,620647,5455796,6076443,8.790497658089059
2680081,620647,5455830,6076477,8.790552439631545
2680089,620652,5455837,6076489,8.790492901013772
2680106,620652,5455875,6076527,8.790554126950369
2680138,620664,5455919,6076583,8.79045506103141
2680141,620666,5455943,6076609,8.790465403292592
2680366,620762,5456228,6076990,8.789565082914224
2680538,620821,5456607,6077428,8.789340244611571
2680562,620827,5456630,6077457,8.789292347143407
2680565,620827,5456635,6077462,8.789300400916842
2680760,620828,5457105,6077933,8.790043297016243
2680781,620834,5457137,6077971,8.790009889922265
2680867,620856,5457230,6078086,8.789848209568724
2680887,620866,5457265,6078131,8.789763008443046
2681047,620866,5457631,6078497,8.790352507626444
2681413,621049,5458550,6079599,8.789242072686696
2681439,621060,5458623,6079683,8.78920394164815
2681448,621072,5458661,6079733,8.789095306180283
2681495,621108,5458700,6079808,8.78864867301661
2681585,621135,5458750,6079885,8.788347138705756
2681662,621135,5458895,6080030,8.788580582321073
2681951,621176,5459279,6080455,8.78861868455961
2681972,621178,5459300,6080478,8.788624194675279
2681985,621194,5459382,6080576,8.788529831260444
2682235,621390,5459933,6081323,8.78664445839167
2682244,621390,5459944,6081334,8.786662160639855
2682268,621390,5459992,6081382,8.786739406813757
2682444,621432,5460553,6081985,8.787048301342706
2682491,621433,5460733,6082166,8.787323814473966
2682584,621452,5460787,6082239,8.78714204797796
2683032,621830,5461474,6083304,8.782905295659585
2683093,621830,5461567,6083397,8.783054854220607
2683324,621830,5461858,6083688,8.783522827782512
2683386,621830,5461972,6083802,8.783706157631507
2683402,621830,5461998,6083828,8.78374796970233
2683512,621864,5462185,6084049,8.783568432969266
2683519,621866,5462194,6084060,8.7835546564694
2683538,621874,5462201,6084075,8.783452918115245
2683551,621879,5462219,6084098,8.783411242379948
2683558,621880,5462223,6084103,8.783403550524216
2683587,621880,5462254,6084134,8.783453399369654
2683618,621892,5462272,6084164,8.783312858181164
2683639,621912,5462303,6084215,8.783080242863942
2683641,621912,5462305,6084217,8.783083458753007
2683910,622000,5462693,6084693,8.78246463022508
2683942,622008,5462746,6084754,8.782436881840749
2684041,622008,5463002,6085010,8.78284845210994
2684061,622008,5463045,6085053,8.782917583053594
2684073,622010,5463087,6085097,8.782956865645247
2684106,622020,5463136,6085156,8.782894440693225
2684187,622020,5463193,6085213,8.782986077618084
2684288,622073,5463363,6085436,8.782511055776412
2684293,622075,5463370,6085445,8.782494072258169
2684504,622216,5463770,6085986,8.781146740038828
2684634,622236,5463947,6086183,8.781148953130323
2684652,622236,5463957,6086193,8.781165024203036
2684727,622236,5464054,6086290,8.781320913608342
2684867,622294,5464316,6086610,8.7809234863264
2685340,622432,5464643,6087075,8.779502017891112
2685497,622433,5464961,6087394,8.77999881111702
2685525,622441,5465000,6087441,8.779948621636429
2685552,622444,5465056,6087500,8.779996272757067
2685713,622502,5465367,6087869,8.779677816296173
2685761,622502,5465479,6087981,8.779857735396835
2685785,622520,5465518,6088038,8.779666516738418
2685841,622520,5465710,6088230,8.77997494056416
2685880,622520,5465826,6088346,8.780161279958877
2686782,622523,5467051,6089574,8.782086766272089
2686821,622538,5467161,6089699,8.782051858681719
2686848,622538,5467199,6089737,8.782112899132262
2687383,622570,5468004,6090574,8.78295452720176
2687494,622570,5468261,6090831,8.783367332187545
2687514,622570,5468291,6090861,8.783415519539972
2687564,622573,5468409,6090982,8.783562730796229
2687567,622573,5468418,6090991,8.783577186932295
2687582,622573,5468437,6091010,8.78360770544177
2687646,622573,5468656,6091229,8.783959471419417
2687714,622614,5468774,6091388,8.783570558965907
2688462,622614,5470621,6093235,8.786537083971771
2688473,622619,5470649,6093268,8.78651149418826
2688513,622630,5470710,6093340,8.78645423445706
2689013,622630,5471299,6093929,8.78740022164046
2689266,622726,5471622,6094348,8.786564235313765
2689352,622760,5471833,6094593,8.786423341255059
2689378,622767,5471882,6094649,8.786403261572948
2689491,622804,5472001,6094805,8.786072343787131
2689581,622811,5472260,6095071,8.78638945041112
2689588,622814,5472268,6095082,8.786359972640307
2689622,622840,5472327,6095167,8.786087919851004
2689640,622840,5472391,6095231,8.786190674972705
2689655,622840,5472398,6095238,8.786201913814141
2689719,622848,5472547,6095395,8.786328285552816
2689791,622877,5472762,6095639,8.786264382855684
2689954,622883,5473692,6096575,8.787672805326201
2690294,622889,5474069,6096958,8.788193402034713
2690315,622904,5474101,6097005,8.788033147965015
2690370,622904,5474208,6097112,8.788204924033238
2690431,622934,5474330,6097264,8.787977538551436
2690453,622937,5474364,6097301,8.787989796721016
2690470,622945,5474384,6097329,8.787909044939761
2690496,622956,5474414,6097370,8.787802027751558
2690643,623008,5474528,6097536,8.787251528070266
2690719,623046,5474641,6097687,8.786896954638983
2690753,623073,5474722,6097795,8.786646187525378
2691174,623238,5475586,6098824,8.785706263096923
2691236,623261,5475677,6098938,8.785528053255378
2691392,623278,5475814,6099092,8.785508232281583
2691423,623295,5475855,6099150,8.785334392221982
2691449,623295,5475881,6099176,8.785376106017216
2691481,623301,5475917,6099218,8.785349293519504
2691508,623315,5475953,6099268,8.785209725419731
2691522,623326,5475970,6099296,8.785081963531121
2691544,623340,5476006,6099346,8.78494240703308
2691575,623350,5476091,6099441,8.78493783588674
2691578,623350,5476098,6099448,8.784949065533008
2691612,623359,5476147,6099506,8.78490083563404
2691782,623359,5476368,6099727,8.785255366490256
2691887,623359,5476624,6099983,8.78566604476714
2691900,623365,5476635,6100000,8.785599127317061
2691916,623365,5476661,6100026,8.785640836428096
2692318,623389,5477403,6100792,8.786492864006263
2692644,623398,5477725,6101123,8.786882537319658
2692700,623405,5477795,6101200,8.786896158997763
2692746,623419,5477817,6101236,8.786734122636622
2692772,623419,5477874,6101293,8.786825553921199
2692787,623425,5477898,6101323,8.786779484300437
2692857,623437,5478018,6101455,8.786802836533603
2692858,623437,5478018,6101455,8.786802836533603
2692868,623437,5478022,6101459,8.786809252578848
2693921,623437,5479727,6103164,8.789544091864936
2693999,623437,5479884,6103321,8.78979592164084
2694110,623437,5480141,6103578,8.790208152547892
2694152,623456,5480179,6103635,8.790001219011446
2694179,623474,5480217,6103691,8.789808396180113
2694187,623479,5480228,6103707,8.7897555491043
2694218,623491,5480265,6103756,8.789645720627885
2694244,623512,5480310,6103822,8.789421855553702
2694421,623558,5480530,6104088,8.78912627213507
2694452,623566,5480586,6104152,8.78910331865432
2694502,623566,5480698,6104264,8.789282930756327
2694518,623566,5480713,6104279,8.78930698594856
2694564,623569,5480783,6104352,8.789376957481851
2694824,623630,5481026,6104656,8.788906883889485
2694935,623630,5481283,6104913,8.789318987219986
2695038,623740,5481528,6105268,8.788161734055857
2695063,623740,5481553,6105293,8.788201814858756
2695101,623740,5481644,6105384,8.788347708981306
2695159,623773,5481747,6105520,8.788047895628699
2695179,623773,5481771,6105544,8.78808637116387
2695266,623773,5481908,6105681,8.788306002343802
2695282,623773,5481974,6105747,8.78841181006552
2695421,623786,5482101,6105887,8.788432250803961
2695437,623786,5482111,6105897,8.788448281942847
2695560,623830,5482261,6106091,8.788068864915122
2695699,623830,5482584,6106414,8.788586634179184
2695701,623832,5482589,6106421,8.788566473024789
2695758,623832,5482589,6106421,8.788566473024789
2695800,623841,5482660,6106501,8.78855349359853
2695863,623872,5482743,6106615,8.788249833299139
2695896,623872,5482775,6106647,8.788301125871973
2695949,623892,5482894,6106786,8.788210138934303
2696056,623952,5483160,6107112,8.787791368566813
2698371,623952,5486190,6110142,8.792647511347027
2698391,623962,5486217,6110179,8.792549866818813
2698461,623962,5486487,6110449,8.792982585477962
2698536,623992,5486562,6110554,8.792680034359416
2698585,624014,5486635,6110649,8.792487027534639
2698678,624044,5486828,6110872,8.792373614681017
2698841,624044,5487249,6111293,8.793048246597996
2698966,624098,5487497,6111595,8.792684802707267
2699112,624136,5487685,6111821,8.79245068382532
2699133,624142,5487720,6111862,8.792422237247292
2699151,624142,5487753,6111895,8.792475109830775
2699172,624154,5487798,6111952,8.792378163081548
2699188,624154,5487824,6111978,8.792419819467632
2699586,624302,5488458,6112760,8.79135098077533
2699642,624314,5488592,6112906,8.791396636948715
2699653,624322,5488619,6112941,8.791327231781036
2699756,624322,5488788,6113110,8.791597925429507
2699811,624353,5488874,6113227,8.791299152883065
2699961,624367,5489119,6113486,8.791494425554202
2699990,624384,5489177,6113561,8.791347952542026
2700021,624384,5489237,6113621,8.791444047252973
2700163,624531,5489534,6114065,8.789850303667873
2700168,624531,5489543,6114074,8.789864714481746
2700190,624535,5489574,6114109,8.789858054392468
2700290,624535,5489693,6114228,8.79004859615554
2700317,624555,5489743,6114298,8.789847171185885
2700382,624564,5489839,6114403,8.789874216253258
2700467,624611,5490002,6114613,8.789473768473497
2700819,624624,5490535,6115159,8.790144150721074
2700867,624624,5490606,6115230,8.790257819103973
2700980,624674,5490728,6115402,8.789749533356598
2700987,624674,5490728,6115402,8.789749533356598
2701129,624674,5490915,6115589,8.790048889500763
2701271,624674,5491167,6115841,8.790452299919638
2701299,624689,5491190,6115879,8.790278042353876
2701310,624692,5491214,6115906,8.790274247148995
2701486,624692,5491717,6116409,8.791079443949979
2701504,624699,5491730,6116429,8.791001746441086
2701599,624699,5491833,6116532,8.791166625847008
2701608,624701,5491847,6116548,8.791160891370431
2701629,624710,5491868,6116578,8.791067855484945
2701655,624710,5491923,6116633,8.7911558963359
2701671,624710,5491950,6116660,8.791199116390006
2701697,624717,5492003,6116720,8.791185448771204
2701725,624717,5492067,6116784,8.791287895158929
2701728,624717,5492076,6116793,8.791302301682201
2701773,624735,5492143,6116878,8.791156250250106
2702717,624735,5494226,6118961,8.794490463956718
2702749,624735,5494305,6119040,8.794616917573052
2702828,624735,5494422,6119157,8.79480419697952
2702844,624752,5494455,6119207,8.794617704305068
2703158,624752,5495283,6120035,8.795943030194382
2703175,624764,5495314,6120078,8.795823703030264
2703180,624766,5495326,6120092,8.795814753043539
2703302,624799,5495644,6120443,8.795859148302094
2703325,624824,5495679,6120503,8.795563230605739
2703330,624825,5495684,6120509,8.795557156003682
2703331,624827,5495692,6120519,8.795541805971894
2703374,624830,5495796,6120626,8.795666021157755
2703778,624830,5496413,6121243,8.796653489749211
2703801,624842,5496435,6121277,8.796519760195377
2704083,624944,5496836,6121780,8.795725697022453
2704088,624944,5496847,6121791,8.795743298599554
2704136,624944,5496955,6121899,8.795916114083822
2704195,624990,5497032,6122022,8.79539192627082
2704256,624990,5497175,6122165,8.795620729931679
2704292,624990,5497204,6122194,8.79566713067409
2704353,625002,5497310,6122312,8.795667853862868
2704458,625030,5497522,6122552,8.795613010575492
2704460,625030,5497522,6122552,8.795613010575492
2704838,625184,5498115,6123299,8.794394930132569
2704861,625194,5498171,6123365,8.794343835673407
2704879,625201,5498210,6123411,8.794307750627398
2704970,625201,5498430,6123631,8.794659637460592
2705011,625233,5498523,6123756,8.794358263239465
2705040,625236,5498603,6123839,8.794444017938826
2705066,625242,5498646,6123888,8.794428397324555
2705089,625253,5498702,6123955,8.794363241759736
2705247,625296,5498882,6124178,8.79404633965354
2705398,625296,5499122,6124418,8.79443015787723
2705401,625297,5499125,6124422,8.794420891192505
2705422,625306,5499149,6124455,8.794332694712669
2705437,625306,5499175,6124481,8.794374274355276
2705444,625307,5499186,6124493,8.794377801623842
2705481,625332,5499261,6124593,8.794146149565352
2705546,625350,5499361,6124711,8.794052930359
2705577,625366,5499388,6124754,8.793871109078523
2705590,625374,5499412,6124786,8.79379699188006
2705638,625393,5499503,6124896,8.793675336948127
2706750,625419,5501869,6127288,8.797092828967461
2706906,625526,5502186,6127712,8.796094806610757
2706973,625526,5502338,6127864,8.796337802105748
2706985,625526,5502359,6127885,8.796371373851766
2707250,625612,5502859,6128471,8.795961394602406
2707272,625617,5502894,6128511,8.795947041081044
2707282,625617,5502910,6128527,8.79597261583365
2707327,625651,5503062,6128713,8.795737559757756
2707355,625659,5503091,6128750,8.795671444029415
2707448,625680,5503309,6128989,8.795724651579082
2707684,625772,5503596,6129368,8.794890151684639
2707698,625777,5503621,6129398,8.794859830259021
2707707,625782,5503635,6129417,8.794811931311543
2707717,625782,5503651,6129433,8.794837499320849
2707824,625782,5503867,6129649,8.795182667446491
2707895,625801,5503907,6129708,8.794979554203334
2708025,625801,5504293,6130094,8.795596363700282
2708032,625813,5504299,6130112,8.795437295166447
2708067,625829,5504385,6130214,8.795349847961663
2708114,625851,5504498,6130349,8.79522122677762
2708291,625851,5504812,6130663,8.79572294363994
2708309,625851,5504822,6130673,8.795738921883963
2708350,625858,5504887,6130745,8.795744402084818
2708378,625861,5504922,6130783,8.795758163553888
2708385,625861,5504934,6130795,8.795777337140356
2708407,625870,5504979,6130849,8.795722753926535
2708464,625870,5505099,6130969,8.795914487034048
2708764,625870,5505642,6131512,8.796782079345551
2708793,625882,5505661,6131543,8.796643776302881
2708978,625886,5506096,6131982,8.797282572225614
2708980,625886,5506098,6131984,8.797285767695714
2709054,625889,5506119,6132008,8.797277152977605
2709068,625889,5506133,6132022,8.7972995211611
2709094,625899,5506188,6132087,8.797246840145135
2709105,625899,5506198,6132097,8.79726281716379
2709123,625905,5506251,6132156,8.797263162940062
2709321,625905,5506548,6132453,8.797737675845376
2709358,625913,5506627,6132540,8.797751444689597
2709663,625989,5506898,6132887,8.79711624325667
2709747,626016,5507010,6133026,8.796915733783162
2709890,626076,5507267,6133343,8.796483174566665
2709956,626095,5507315,6133410,8.796292894848225
2710125,626117,5507464,6133581,8.7962217924126
2710146,626117,5507512,6133629,8.796298455400509
2710170,626120,5507583,6133703,8.796369705487766
2710210,626128,5507656,6133784,8.79637390437738
2710226,626133,5507671,6133804,8.796327617295367
2710242,626147,5507706,6133853,8.796186837915059
2710346,626147,5508079,6134226,8.796782544674015
2710376,626154,5508135,6134289,8.796773637156354
2710841,626349,5509117,6135466,8.79560277097912
2710859,626349,5509167,6135516,8.795682598679011
2710914,626367,5509228,6135595,8.795527222858164
2710957,626371,5509276,6135647,8.795547686594686
2711046,626418,5509442,6135860,8.795152757423956
2711507,626418,5510646,6137064,8.797074796701244
2711649,626418,5510862,6137280,8.797419614378898
2711678,626429,5510911,6137340,8.79734335415506
2711734,626429,5510955,6137384,8.797413593559686
2711764,626434,5510976,6137410,8.79737689844421
2711840,626434,5511128,6137562,8.797619541723469
2711865,626439,5511141,6137580,8.797570074660102
2711917,626445,5511169,6137614,8.797530509462124
2711972,626448,5511208,6137656,8.797550634689552
2711989,626457,5511235,6137692,8.79746734412737
2712045,626457,5511361,6137818,8.797668475250497
2712240,626477,5511813,6138290,8.798109108554664
2712245,626477,5511823,6138300,8.798125070832608
2713266,626477,5513032,6139509,8.80005491023613
2713288,626482,5513042,6139524,8.800000638486022
2713310,626497,5513068,6139565,8.799831443725987
2713313,626498,5513073,6139571,8.799825378532733
2713403,626515,5513256,6139771,8.799878694045633
2713453,626524,5513334,6139858,8.79987678045853
2713776,626579,5515611,6142190,8.802738361802742
2713808,626597,5515681,6142278,8.802597203625297
2713817,626597,5515700,6142297,8.802627526145194
2713897,626597,5515833,6142430,8.802839783784474
2713908,626597,5515845,6142442,8.802858934849672
2714055,626597,5516101,6142698,8.803267490907233
2714103,626612,5516217,6142829,8.803241878546851
2714152,626621,5516267,6142888,8.803195232844095
2714315,626621,5516537,6143158,8.803626115307338
2714341,626630,5516567,6143197,8.80354754799483
2714342,626630,5516569,6143199,8.803550739670937
2715647,627305,5520316,6147621,8.80005101186823
2715668,627307,5520339,6147646,8.800059619930911
2715760,627346,5520546,6147892,8.799842511150146
2716049,627486,5521124,6148610,8.798800291958704
2716131,627489,5521616,6149105,8.799542302733594
2716836,627624,5522697,6150321,8.799371916943903
2716854,627624,5522724,6150348,8.799414936331306
2716880,627624,5522747,6150371,8.799451582476133
2717036,627692,5522896,6150588,8.798735685654748
2717072,627699,5522940,6150639,8.79870766083744
2717129,627699,5523013,6150712,8.798823958617108
2717132,627699,5523022,6150721,8.798838296699532
2717184,627713,5523109,6150822,8.79878065294171
2717205,627715,5523109,6150824,8.798752618624695
2717455,627894,5523603,6151497,8.797031027530124
2717477,627894,5523627,6151521,8.79706925054229
2717533,627904,5523792,6151696,8.797191927428397
2717631,627945,5524032,6151977,8.796999737238133
2717650,627961,5524061,6152022,8.796821777148581
2717777,627966,5524447,6152413,8.797366417927085
2717780,627966,5524456,6152422,8.797380749913211
2717801,627970,5524473,6152443,8.797351784320908
2717823,627970,5524533,6152503,8.797447330286479
2717881,627991,5524664,6152655,8.797361745630113
2717905,627996,5524707,6152703,8.797360174268626
2718119,628126,5525025,6153151,8.796045697837695
2718155,628136,5525048,6153184,8.795942280015792
2718226,628171,5525142,6153313,8.795601834532317
2718242,628171,5525168,6153339,8.795643224535993
2718337,628176,5525308,6153484,8.795796082626525
2718497,628192,5525648,6153840,8.79611329020427
2718786,628192,5526005,6154197,8.796681587794815
2718794,628192,5526027,6154219,8.796716608934847
2718864,628192,5526122,6154314,8.796867836584994
2718889,628200,5526182,6154382,8.796851321235275
2718903,628202,5526255,6154457,8.796939519453934
2719474,628202,5527153,6155355,8.798368995959898
2719526,628216,5527224,6155440,8.798285939867815
2719897,628392,5527889,6156281,8.796879973010478
2719930,628398,5528012,6156410,8.796991715441488
2720167,628553,5528384,6156937,8.795414229189902
2720230,628553,5528432,6156985,8.795490595065173
2720342,628617,5528591,6157208,8.79484805533417
2720350,628620,5528605,6157225,8.794828354172632
2720420,628654,5528822,6157476,8.794697878324165
2720515,628654,5528925,6157579,8.794861720437634
2720572,628674,5528990,6157664,8.794685321804305
2720622,628674,5529102,6157776,8.794863474551198
2720699,628694,5529293,6157987,8.794887496938097
2720723,628708,5529326,6158034,8.794744141954611
2720748,628708,5529347,6158055,8.794777543788213
2720754,628712,5529349,6158061,8.794724770642201
2720853,628712,5529518,6158230,8.794993574164323
2720882,628721,5529607,6158328,8.795009233030232
2720883,628721,5529611,6158332,8.795015595152698
2721004,628776,5529792,6158568,8.794534142524524
2721099,628776,5530037,6158813,8.794923788439762
2721107,628779,5530051,6158830,8.794904091898744
2721189,628814,5530178,6158992,8.794616532074668
2721328,628828,5530338,6159166,8.794675173497364
2721357,628845,5530413,6159258,8.794556687259977
2721476,628845,5530670,6159515,8.79496537302515
2721504,628845,5530735,6159580,8.795068737129181
2721825,628845,5531352,6160197,8.796049901008992
2721902,628845,5531508,6160353,8.79629797485867
2721933,628845,5531557,6160402,8.79637589549094
2721953,628863,5531595,6160458,8.796184542579226
2721999,628896,5531694,6160590,8.795880399938941
2722034,628907,5531755,6160662,8.795823547837756
2722160,628986,5531918,6160904,8.794977948634786
2722169,628988,5531932,6160920,8.794972241123837
2722249,628994,5531993,6160987,8.794985325774173
2722286,629001,5532038,6161039,8.794958990526247
2722315,629001,5532073,6161074,8.795014634316956
2722405,629033,5532167,6161200,8.794716652385487
2722425,629042,5532201,6161243,8.794644872679408
2722444,629049,5532257,6161306,8.794636029943613
2722512,629074,5532355,6161429,8.794442307264328
2722829,629187,5532818,6162005,8.793598723431984
2722888,629189,5532888,6162077,8.793682025591675
2723048,629278,5533184,6162462,8.792908698540232
2723051,629278,5533193,6162471,8.792923000645184
2723249,629384,5533621,6163005,8.792122138471903
2723445,629384,5533949,6163333,8.792643282956034
2723491,629389,5533957,6163346,8.792586143068913
2723548,629407,5534089,6163496,8.792544410850214
2723581,629428,5534149,6163577,8.792346384336254
2723890,629459,5534958,6164417,8.793198603880475
2723925,629462,5535042,6164504,8.793290143011015
2723938,629462,5535046,6164508,8.79329649764402
2724185,629469,5535861,6165330,8.794493454006473
2724234,629469,5535944,6165413,8.794625311174974
2724524,629519,5536199,6165718,8.794331862898499
2724596,629575,5536396,6165971,8.79386252630743
2724612,629575,5536422,6165997,8.79390382400826
2724691,629575,5536526,6166101,8.79406901481158
2724800,629627,5536768,6166395,8.793727079683686
2724826,629646,5536830,6166476,8.793560190964447
2724907,629663,5537002,6166665,8.79359593941521
2724960,629682,5537065,6166747,8.79343065229751
2724980,629690,5537074,6166764,8.793333227461131
2726444,629690,5539160,6168850,8.79664596865124
2726451,629690,5539160,6168850,8.79664596865124
2726504,629736,5539246,6168982,8.796139969765107
2726680,629904,5539799,6169703,8.79467188650969
2726761,629926,5539869,6169795,8.794475859069161
2726774,629926,5539883,6169809,8.79449808390192
2726855,629932,5539924,6169856,8.79447940412616
2727033,630042,5540286,6170328,8.793518527336273
2727040,630042,5540301,6170343,8.793542335272887
2727060,630055,5540338,6170393,8.793419622096483
2727092,630061,5540400,6170461,8.793434286521464
2727136,630073,5540453,6170526,8.793350929178049
2727192,630073,5540645,6170718,8.79365565577322
2727245,630073,5540721,6170794,8.793776276717143
2727287,630079,5540835,6170914,8.79387346666053
2727343,630107,5540877,6170984,8.793549349554917
2727367,630116,5540918,6171034,8.793488817931935
2727387,630116,5540939,6171055,8.793522145128833
2727425,630141,5540997,6171138,8.793265316810047
2727426,630141,5541003,6171144,8.793274838488529
2727499,630167,5541130,6171297,8.793113571481845
2727555,630167,5541174,6171341,8.793183394243114
2728059,630320,5542253,6172573,8.792760819901003
2728118,630356,5542380,6172736,8.79246013363877
2728155,630356,5542448,6172804,8.792568009188459
2728294,630356,5542448,6172804,8.792568009188459
2728316,630356,5542502,6172858,8.792653675066154
2728325,630358,5542518,6172876,8.7926511601344
2728341,630368,5542538,6172906,8.792543403218437
2728638,630503,5543019,6173522,8.791423672845331
2728647,630505,5543036,6173541,8.791422748431813
2729239,630511,5543099,6173610,8.791439007408277
2729287,630511,5543136,6173647,8.79149768996893
2729838,630538,5543578,6174116,8.79182222165833
2730235,630538,5544196,6174734,8.792802337051851
2730271,630548,5544223,6174771,8.792705709953882
2730280,630553,5544233,6174786,8.792651846870921
2730326,630574,5544275,6174849,8.792425631250257
2730380,630583,5544359,6174942,8.79243335135898
2730408,630586,5544370,6174956,8.792408965628796
2730466,630610,5544456,6175066,8.792210716607729
2730497,630619,5544482,6175101,8.792126466218113
2730772,630641,5545372,6176013,8.79323101415861
2730828,630652,5545459,6176111,8.79321559275163
2730959,630725,5545644,6176369,8.792491180784019
2731135,630824,5546068,6176892,8.791783445144763
2731481,631019,5546819,6177838,8.790256711763037
2731503,631019,5546842,6177861,8.790293160744763
2731665,631019,5547109,6178128,8.790716285880457
2731673,631029,5547135,6178164,8.790618180780916
2731713,631034,5547152,6178186,8.790575468199812
2731729,631039,5547182,6178221,8.790553357240995
2731756,631039,5547232,6178271,8.790632591646474
2731766,631039,5547258,6178297,8.790673793537325
2731836,631039,5547409,6178448,8.790913081441875
2731866,631063,5547492,6178555,8.790710277737722
2731964,631075,5547732,6178807,8.790923424315652
2731973,631077,5547755,6178832,8.79093200988152
2732033,631096,5547866,6178962,8.790843231457655
2732104,631096,5548068,6179164,8.79116330954403
2732172,631096,5548068,6179164,8.79116330954403
2732244,631127,5548239,6179366,8.791002444832815
2732258,631135,5548268,6179403,8.790936962773417
2732278,631139,5548288,6179427,8.790912936769871
2732281,631139,5548301,6179440,8.790933534451206
2732298,631143,5548321,6179464,8.79090950862166
2732636,631143,5549096,6180239,8.792137439534304
2732848,631161,5549623,6180784,8.792721666896401
2732928,631191,5549715,6180906,8.792449512112816
2732951,631197,5549739,6180936,8.792403956292567
2733007,631205,5549820,6181025,8.792420845842475
2733025,631214,5549849,6181063,8.79234142461986
2733050,631232,5549898,6181130,8.79216833113657
2733113,631258,5549963,6181221,8.791909171844159
2733126,631258,5549970,6181228,8.791920260812537
2733147,631258,5550000,6181258,8.791967784962726
2733189,631258,5550062,6181320,8.792066001539782
2733219,631269,5550114,6181383,8.791995171630477
2733727,631552,5551749,6183301,8.79064431749088
2733738,631555,5551768,6183323,8.790632644821116
2733842,631580,5552002,6183582,8.790655182241363
2733883,631603,5552070,6183673,8.790442730639342
2733886,631603,5552079,6183682,8.790456980096675
2734068,631721,5552551,6184272,8.789562164309878
2734135,631721,5552663,6184384,8.789739457766958
2734146,631728,5552670,6184398,8.78965314185852
2734150,631728,5552680,6184408,8.78966897145607
2734163,631735,5552691,6184426,8.789588989053955
2734260,631737,5553100,6184837,8.790208583635279
2734271,631737,5553110,6184847,8.790224413007312
2734300,631755,5553141,6184896,8.790023031080086
2734304,631755,5553151,6184906,8.790038860001108
2734421,631759,5553220,6184979,8.790092424484653
2734444,631759,5553294,6185053,8.790209557758576
2734485,631759,5553371,6185130,8.790331439678738
2734682,631835,5553819,6185654,8.789983144333569
2734706,631841,5553877,6185718,8.789991469372833
2734980,631859,5554461,6186320,8.790665322484921
2735040,631875,5554538,6186413,8.79056458951533
2735066,631894,5554585,6186479,8.790374651444704
2735156,631958,5554766,6186724,8.789770839201339
2735188,631965,5554834,6186799,8.789781079648398
2735348,631991,5554920,6186911,8.78955554746824
2735398,631991,5555024,6187015,8.789720106773672
2735418,631991,5555065,6187056,8.789784981115238
2735516,632038,5555198,6187236,8.789341780082843
2735568,632062,5555268,6187330,8.789118788979563
2735664,632121,5555366,6187487,8.788453476470487
2735681,632125,5555400,6187525,8.788451651176587
2735841,632125,5555400,6187525,8.788451651176587
2735871,632139,5555452,6187591,8.788339273482572
2736437,632144,5556122,6188266,8.789329646409678
2736461,632165,5556150,6188315,8.78908196436057
2736472,632165,5556173,6188338,8.789118347266932
2736577,632171,5556227,6188398,8.789120348766394
2736719,632240,5556533,6188773,8.788645134758953
2736735,632251,5556571,6188822,8.788552331273497
2736752,632261,5556589,6188850,8.788441798561037
2736825,632275,5556844,6189119,8.78865050808588
2736867,632283,5556890,6189173,8.788612061371254
2736906,632299,5556946,6189245,8.788478235771368
2736928,632299,5556970,6189269,8.788516192497537
2736963,632311,5557012,6189323,8.78841582702183
2737002,632322,5557081,6189403,8.788372063600507
2737140,632327,5557440,6189767,8.78887031551713
2737228,632359,5557576,6189935,8.78864062976885
2737246,632373,5557620,6189993,8.788515638713228
2737609,632531,5558513,6191044,8.78773214277245
2737665,632538,5558673,6191211,8.78788784231145
2737718,632538,5558866,6191404,8.78819296232005
2737763,632538,5558961,6191499,8.78834315092532
2737786,632551,5559017,6191568,8.788251065921957
2737815,632562,5559053,6191615,8.788155153170756
2737846,632581,5559104,6191685,8.787971817047936
2737898,632582,5559188,6191770,8.788090713931158
2738165,632582,5559845,6192427,8.789129314460418
2738176,632592,5559853,6192445,8.789003022485266
2738204,632595,5559882,6192477,8.789007184691627
2738766,632602,5560767,6193369,8.790308914609819
2738779,632608,5560778,6193386,8.790242930851333
2738823,632626,5560863,6193489,8.790127184149878
2738868,632626,5560863,6193489,8.790127184149878
2738891,632630,5560908,6193538,8.790142737461075
2738918,632634,5560925,6193559,8.790114031177584
2738951,632650,5560994,6193644,8.790000790326404
2739013,632654,5561137,6193791,8.790171246842666
2739060,632666,5561196,6193862,8.790097776709986
2739139,632666,5561416,6194082,8.790445511533731
2739170,632682,5561494,6194176,8.790346493182989
2739603,632699,5561932,6194631,8.790802577528968
2739902,632777,5562353,6195130,8.790384290200182
2739923,632792,5562381,6195173,8.790220167132327
2739973,632809,5562475,6195284,8.790132567646793
2740033,632837,5562663,6195500,8.790040721386392
2740103,632876,5562809,6195685,8.789729741687156
2740267,632918,5563086,6196004,8.789584116741821
2740315,632928,5563126,6196054,8.789508443298448
2740341,632940,5563165,6196105,8.789403418965463
2740376,632962,5563220,6196182,8.78918481678205
2740400,632963,5563272,6196235,8.789253084303505
2740463,632984,5563382,6196366,8.789135270401779
2740472,632984,5563402,6196386,8.789166866777043
2740714,632984,5563575,6196559,8.789440175423076
2740752,632996,5563605,6196601,8.789320943576262
2740771,632996,5563620,6196616,8.789344640408471
2740781,632996,5563636,6196632,8.789369917029491
2740872,633019,5563830,6196849,8.789357033517161
2741433,633022,5564707,6197729,8.790700797128693
2741651,633022,5565311,6198333,8.791654950380872
2741662,633022,5565321,6198343,8.791670747620145
2741761,633057,5565475,6198532,8.791427944087184
2741816,633083,5565553,6198636,8.791190096717177
2741977,633083,5565902,6198985,8.791741367245685
2742039,633090,5566128,6199218,8.79200113727906
2742059,633090,5566152,6199242,8.792039046581055
2742515,633270,5567213,6200483,8.791215437333207
2742633,633270,5567407,6200677,8.791521783757323
2742710,633293,5567497,6200790,8.791344606682847
2742721,633296,5567509,6200805,8.791321909502035
2742738,633304,5567518,6200822,8.791225067266273
2742756,633304,5567534,6200838,8.791250331594306
2743009,633304,5567976,6201280,8.791948258656191
2743108,633334,5568077,6201411,8.791691271903924
2743141,633343,5568118,6201461,8.791631075104643
2743165,633348,5568129,6201477,8.791579037117035
2743533,633417,5568586,6202003,8.79134282786853
2743550,633419,5568614,6202033,8.791359274035038
2743596,633436,5568673,6202109,8.79121647648697
2743645,633436,5568689,6202125,8.791241735550237
2743696,633444,5568716,6202160,8.79117333181781
2743811,633444,5569019,6202463,8.791651669287262
2743929,633485,5569163,6202648,8.79130997576896
2744035,633546,5569477,6203023,8.790959141088413
2744057,633550,5569523,6203073,8.790976244968826
2744091,633555,5569531,6203086,8.790919493966586
2744236,633555,5569847,6203402,8.791418266764527
2744262,633563,5569898,6203461,8.791387754651076
2744643,633563,5571061,6204624,8.793223404775848
2744843,633621,5571245,6204866,8.792708890645985
2744879,633633,5571293,6204926,8.792618124371678
2744915,633650,5571366,6205016,8.79249743549278
2745483,633984,5572133,6206117,8.789075118614981
2745732,634110,5572677,6206787,8.788186592231632
2745832,634201,5572900,6207101,8.78727721968272
2745842,634201,5572916,6207117,8.787302448277439
2746072,634294,5573235,6207529,8.786516977931369
2746093,634299,5573288,6207587,8.786531273106217
2746135,634308,5573342,6207650,8.786491735875947
2746196,634308,5573425,6207733,8.786622587134326
2746240,634324,5573535,6207859,8.786574368934488
2746267,634332,5573561,6207893,8.78650454336215
2746277,634332,5573577,6207909,8.786529766746751
2746605,634332,5574455,6208787,8.787913899976669
2746703,634332,5574745,6209077,8.78837107382254
2746730,634336,5574772,6209108,8.788358220249206
2747757,634754,5576433,6211187,8.785187647498086
2747932,634886,5576804,6211690,8.783945464225074
2747968,634902,5576865,6211767,8.783820180122287
2747977,634902,5576876,6211778,8.78383750563079
2748600,635192,5577895,6213087,8.781431441202031
2748692,635192,5577950,6213142,8.781518029194322
2748784,635243,5578127,6213370,8.781091645244418
2748812,635248,5578162,6213410,8.78107762637584
2748838,635248,5578185,6213433,8.781113832707856
2751137,635277,5583098,6218375,8.788446614626375
2751171,635277,5583146,6218423,8.788522172217789
2751217,635277,5583206,6218483,8.788616619207055
2751238,635277,5583249,6218526,8.788684306216028
2751244,635277,5583251,6218528,8.788687454449004
2751266,635290,5583278,6218568,8.788550110972942
2751282,635296,5583299,6218595,8.788500163703219
2751300,635296,5583319,6218615,8.788531645091423
2751311,635303,5583334,6218637,8.788458420627638
2751355,635321,5583391,6218712,8.788299143267734
2751521,635321,5583707,6219028,8.78879652962833
2751680,635393,5583924,6219317,8.788142141949942
2752058,635397,5584353,6219750,8.788761986600504
2752128,635397,5584433,6219830,8.788887892136728
2752154,635419,5584496,6219915,8.788682743197796
2752164,635419,5584524,6219943,8.788726808609752
2752196,635446,5584593,6220039,8.78846196214942
2752212,635458,5584627,6220085,8.788349505396107
2752280,635463,5584705,6220168,8.78840310136074
2752283,635463,5584714,6220177,8.788417264262435
2753747,635467,5586796,6222263,8.791638275472998
2753855,635516,5586940,6222456,8.7911870039464
2753907,635536,5587080,6222616,8.791130636187408
2754044,635536,5587442,6222978,8.791700234133078
2754218,635606,5587603,6223209,8.790985295922317
2754266,635621,5587684,6223305,8.790905272166905
2754411,635687,5587988,6223675,8.790470782004352
2754416,635689,5587992,6223681,8.790449417875722
2754458,635716,5588075,6223791,8.790206633150651
2754508,635743,5588253,6223996,8.790113300500359
2754509,635743,5588253,6223996,8.790113300500359
2754546,635758,5588294,6224052,8.789970397541202
2754577,635765,5588307,6224072,8.789894064630799
2754602,635774,5588357,6224131,8.789848279420045
2755179,636077,5589396,6225473,8.787294619990975
2755215,636095,5589468,6225563,8.787159150755784
2755457,636095,5589954,6226049,8.787923187574183
2755478,636096,5589955,6226051,8.787910944259986
2755731,636232,5590317,6226549,8.786601428409762
2755887,636232,5590755,6226987,8.787289856530322
2755922,636241,5590787,6227028,8.787215850597494
2755938,636244,5590816,6227060,8.787219997359504
2755963,636248,5590826,6227074,8.787180470508355
2756034,636272,5591006,6227278,8.787131918424825
2756069,636290,5591042,6227332,8.786939917333292
2756107,636290,5591121,6227411,8.787064074557199
2756138,636310,5591165,6227475,8.786857035092957
2756193,636315,5591345,6227660,8.787070868987843
2756250,636346,5591492,6227838,8.786873807645526
2756295,636371,5591586,6227957,8.786676325602517
2756336,636371,5591671,6228042,8.786809895485495
2756345,636373,5591680,6228053,8.786796422852635
2756503,636413,5592092,6228505,8.78689153112837
2756575,636433,5592130,6228563,8.786675109555915
2756588,636438,5592154,6228592,8.786643789340046
2756615,636451,5592184,6228635,8.786511451784977
2756688,636460,5592545,6229005,8.786954404047387
2756741,636460,5592627,6229087,8.787083241680545
2756797,636469,5592736,6229205,8.78713024514941
2756913,636520,5593163,6229683,8.787097027587507
2756924,636520,5593185,6229705,8.78713159052347
2756946,636526,5593221,6229747,8.787105318557293
2757118,636526,5593221,6229747,8.787105318557293
2757165,636533,5593336,6229869,8.787189352319519
2757319,636589,5593639,6230228,8.786892327702803
2757327,636594,5593649,6230243,8.786839021417103
2757347,636596,5593656,6230252,8.786822411702241
2757348,636596,5593664,6230260,8.786834978542121
2757435,636611,5593757,6230368,8.786774026838996
2757614,636679,5594059,6230738,8.786309898708769
2757620,636679,5594064,6230743,8.786317751959778
2757659,636679,5594113,6230792,8.78639471381968
2758181,636877,5594966,6231843,8.785002441601753
2758302,636896,5595210,6232106,8.785123473848163
2758372,636944,5595398,6232342,8.784756587706298
2758411,636947,5595498,6232445,8.784872210717689
2758423,636954,5595516,6232470,8.784803926186193
2758521,636954,5595806,6232760,8.785259218091102
2758550,636954,5595844,6232798,8.785318877030367
2758576,636954,5595893,6232847,8.785395805662576
2758597,636960,5595943,6232903,8.785391547349912
2758702,637035,5596195,6233230,8.784752800081629
2758726,637039,5596208,6233247,8.784718047089738
2758953,637039,5596245,6233284,8.784776128306117
2758969,637039,5596271,6233310,8.78481694213384
2759039,637051,5596379,6233430,8.784820995493297
2759103,637051,5596509,6233560,8.785025060787913
2759177,637099,5596626,6233725,8.78454682867184
2759206,637108,5596645,6233753,8.784452557494177
2759212,637108,5596659,6233767,8.78447453179053
2759351,637135,5596788,6233923,8.784304739184003
2759362,637143,5596798,6233941,8.784210138069476
2759381,637156,5596819,6233975,8.784063871328215
2760490,637171,5598381,6235552,8.786308541976958
2760623,637184,5598467,6235651,8.786264250200883
2760761,637217,5598637,6235854,8.786076014921134
2760776,637217,5598652,6235869,8.786099554782751
2760899,637217,5598951,6236168,8.786568782690983
2760916,637217,5598955,6236172,8.786575059987413
2761014,637217,5599037,6236254,8.786703744564253
2761076,637250,5599225,6236475,8.786543742644174
2761120,637272,5599294,6236566,8.786348686275248
2761150,637279,5599382,6236661,8.786390262349771
2761171,637282,5599392,6236674,8.78636459212719
2761260,637314,5599471,6236785,8.786047380098351
2761416,637389,5599749,6237138,8.785449701830437
2761453,637398,5599899,6237297,8.785560983875067
2761503,637398,5600068,6237466,8.785826124336756
2762459,637605,5602196,6239801,8.7863112742215
2762667,637633,5602332,6239965,8.786138734977644
2763456,637641,5604022,6241663,8.788678896118663
2763484,637651,5604065,6241716,8.788608502143022
2763533,637676,5604181,6241857,8.788445856516475
2763628,637676,5604325,6242001,8.788671676525382
2763776,637686,5604671,6242357,8.789076442010645
2763942,637686,5605271,6242957,8.790017343959253
2763955,637689,5605330,6243019,8.790068513021238
2763975,637689,5605387,6243076,8.790157898285841
2763984,637692,5605426,6243118,8.79017770334268
2764742,637891,5605980,6243871,8.788303957886223
2764758,637895,5605997,6243892,8.788275499886344
2764801,637906,5606037,6243943,8.788186660730577
2764810,637909,5606042,6243951,8.788153169182438
2764849,637922,5606103,6244025,8.788069701311446
2764865,637922,5606129,6244051,8.788110458645415
2764994,637922,5606356,6244278,8.788466301522757
2765016,637945,5606401,6244346,8.788219987616488
2765097,637978,5606539,6244517,8.787981717237898
2765113,637978,5606566,6244544,8.788024038446467
2765117,637979,5606569,6244548,8.788014966009852
2765688,637979,5607467,6245446,8.789422535851493
2765801,638033,5607690,6245723,8.789028153716187
2765810,638037,5607711,6245748,8.789005966738607
2765814,638038,5607714,6245752,8.788996893601949
2765905,638079,5607823,6245902,8.788602978628038
2765956,638079,5607939,6246018,8.788784774299106
2765959,638079,5607945,6246024,8.788794177523473
2765966,638082,5607962,6246044,8.788779498559746
2765993,638088,5608024,6246112,8.788794022141147
2766103,638126,5608250,6246376,8.788624817042402
2766128,638135,5608298,6246433,8.788576084997688
2766144,638147,5608338,6246485,8.7884735021868
2766184,638151,5608434,6246585,8.788568849692314
2766206,638155,5608454,6246609,8.788545102678816
2766703,638155,5609788,6247943,8.790635503913625
2766751,638171,5609866,6248037,8.79053733247045
2766889,638221,5610067,6248288,8.790163595369002
2766889,638221,5610788,6249009,8.791293298089533
2766929,638235,5610813,6249048,8.791139627253285
2767127,638300,5611217,6249517,8.790877330408899
2767134,638300,5611227,6249527,8.790892997023343
2767283,638373,5611517,6249890,8.790342010078747
2767318,638391,5611585,6249976,8.790200676387983
2767418,638436,5611786,6250222,8.789895933186726
2767428,638436,5611786,6250222,8.789895933186726
2767459,638444,5611838,6250282,8.789867239726584
2767605,638444,5612037,6250481,8.790178935035806
2767625,638448,5612054,6250502,8.7901504899381
2767692,638466,5612110,6250576,8.789990383199731
2767697,638469,5612113,6250582,8.789953780058234
2767729,638469,5612162,6250631,8.790030526149273
2767735,638470,5612179,6250649,8.790043384967188
2767951,638650,5612615,6251265,8.788248649495028
2767969,638663,5612662,6251325,8.788143355729078
2768001,638688,5612727,6251415,8.787901134826393
2768014,638691,5612738,6251429,8.787877079839859
2768068,638694,5612874,6251568,8.788048736953847
2768098,638716,5612933,6251649,8.787838413316717
2768137,638723,5612988,6251711,8.787828213482214
2768174,638723,5613075,6251798,8.787964422762293
2768179,638727,5613087,6251814,8.787928175887352
2768187,638727,5613087,6251814,8.787928175887352
2768234,638727,5613191,6251918,8.788090999754198
2768403,638826,5613638,6252464,8.787428814732024
2768444,638826,5613695,6252521,8.787518040906287
2768454,638830,5613710,6252540,8.787486498755538
2768557,638877,5613848,6252725,8.78705603739061
2768601,638893,5613910,6252803,8.78693302321359
2768744,638947,5614157,6253104,8.786576977433183
2768772,638960,5614229,6253189,8.786510892700639
2768788,638960,5614255,6253215,8.786551583823714
2768808,638960,5614270,6253230,8.786575059471641
2768830,638972,5614399,6253371,8.786611932917248
2768882,638997,5614504,6253501,8.786432487163477
2768936,639004,5614611,6253615,8.786503683858005
2768978,639004,5614741,6253745,8.786707125464003
2769018,639032,5614810,6253842,8.786430100527047
2769100,639032,5614986,6254018,8.786705517094605
2769114,639032,5615001,6254033,8.786728990097522
2769162,639032,5615074,6254106,8.786843225378385
2769265,639076,5615300,6254376,8.78659189204414
2769276,639076,5615315,6254391,8.786615363430954
2769314,639076,5615363,6254439,8.786690471868761
2769337,639076,5615380,6254456,8.786717072773817
2769365,639096,5615413,6254509,8.786493734900548
2769387,639102,5615443,6254545,8.786458186643134
2769412,639117,5615492,6254609,8.786328637792455
2769543,639152,5615760,6254912,8.786266803514657
2769596,639175,5615828,6255003,8.786057026635898
2769829,639212,5616411,6255623,8.786460517011571
2769911,639241,5616486,6255727,8.786179234435838
2770003,639299,5616655,6255954,8.785646465894676
2770103,639299,5616895,6256194,8.786021877087247
2770138,639318,5616973,6256291,8.78588276882553
2770270,639360,5617130,6256490,8.785551176176176
2770305,639360,5617212,6256572,8.785679429429429
2770339,639391,5617280,6256671,8.785359818952722
2770851,639602,5617988,6257590,8.78356853168064
2771061,639602,5618573,6258175,8.78448316296697
2771133,639617,5618648,6258265,8.784394411030352
2771189,639617,5618732,6258349,8.784525739622305
2771236,639620,5618833,6258453,8.784642443951096
2771271,639647,5618924,6258571,8.784413903293535
2771274,639647,5618933,6258580,8.784427973554163
2771290,639647,5618933,6258580,8.784427973554163
2771321,639648,5619015,6258663,8.784542435839711
2771338,639648,5619054,6258702,8.78460340687378
2771347,639650,5619076,6258726,8.784610333776284
2772161,639650,5620396,6260046,8.786673962323146
2772558,639700,5621078,6260778,8.787053306237299
2772562,639700,5621087,6260787,8.787067375332187
2772592,639706,5621147,6260853,8.787078751801609
2772634,639720,5621206,6260926,8.7869786781717
2772866,639720,5621529,6261249,8.787483586569124
2773677,639725,5623233,6262958,8.790078549376686
2773794,639805,5623470,6263275,8.789349880041575
2773799,639805,5623475,6263280,8.789357694922671
2773833,639812,5623497,6263309,8.789295918175965
2773889,639833,5623640,6263473,8.789230939948393
2773934,639841,5623693,6263534,8.789203880339022
2773971,639855,5623745,6263600,8.789092841346868
2773983,639861,5623757,6263618,8.789029179774982
2774112,639872,5624088,6263960,8.789395379075815
2774178,639902,5624217,6264119,8.789184906438798
2774211,639907,5624246,6264153,8.78916155003774
2774310,639984,5624426,6264410,8.788385334633366
2774330,639993,5624446,6264439,8.788292996954654
2776163,639993,5626936,6266929,8.79218366450883
2776396,639996,5627287,6267283,8.792690891818074
2776511,640047,5627521,6267568,8.792355873865514
2776709,640186,5628391,6268577,8.791805818933872
2776764,640191,5628587,6268778,8.792043312074053
2776774,640195,5628597,6268792,8.792003998781622
2776904,640271,5628846,6269117,8.791349288035848
2776940,640292,5628910,6269202,8.791160907835799
2777254,640444,5629505,6269949,8.790003497573558
2777366,640445,5629665,6270110,8.7902395990288
2777405,640466,5629697,6270163,8.790001342772294
2777453,640466,5629762,6270228,8.790102831375904
2777730,640582,5630140,6270722,8.789101161131596
2777744,640587,5630157,6270744,8.789059097359141
2777807,640587,5630205,6270792,8.789134028633113
2777875,640598,5630289,6270887,8.78911423388771
2777914,640602,5630357,6270959,8.789165503698085
2777997,640644,5630504,6271148,8.788818751131673
2778244,640644,5630859,6271503,8.789372881038455
2778367,640688,5631104,6271792,8.78915166196339
2778404,640689,5631163,6271852,8.789230032043628
2778465,640689,5631306,6271995,8.789453229257877
2778591,640690,5631523,6272213,8.78977820786964
2778607,640690,5631549,6272239,8.789818789117982
2778645,640690,5631585,6272275,8.789874978538762
2778674,640690,5631625,6272315,8.78993741122852
2778711,640713,5631682,6272395,8.789710837769798
2778733,640713,5631732,6272445,8.78978887583052
2778749,640721,5631755,6272476,8.789715024168085
2778794,640741,5631888,6272629,8.789648235402447
2778824,640750,5631941,6272691,8.789607491221226
2778911,640766,5632013,6272779,8.789500379233605
2779032,640834,5632316,6273150,8.789040531557314
2779225,640850,5632842,6273692,8.789641881875633
2779586,641024,5633594,6274618,8.788429138378595
2779626,641042,5633632,6274674,8.788241644073244
2779658,641068,5633669,6274737,8.787942932731005
2779793,641123,5634015,6275138,8.787728719762043
2779814,641130,5634035,6275165,8.78766396830596
2780081,641320,5634545,6275865,8.785855735046466
2780201,641406,5634760,6276166,8.785012924730982
2780343,641406,5634947,6276353,8.78530447173865
2780361,641406,5634979,6276385,8.785354362135683
2780394,641418,5634997,6276415,8.785218063727553
2780408,641418,5635004,6276422,8.785228977047728
2780606,641510,5635207,6276717,8.784285513865724
2780861,641575,5635430,6277005,8.78374313213576
2780904,641583,5635528,6277111,8.78378635344141
2780924,641586,5635576,6277162,8.783820095825034
2780964,641602,5635706,6277308,8.783803666447424
2781026,641621,5635789,6277410,8.783672915942589
2781119,641669,5635942,6277611,8.783254294659708
2781158,641707,5636020,6277727,8.782855726990666
2781244,641777,5636155,6277932,8.782108115435735
2781436,641777,5636615,6278392,8.782824875307154
2781452,641785,5636625,6278410,8.782730976884782
2781542,641823,5636751,6278574,8.78240729920866
2781567,641827,5636768,6278595,8.78237905229914
2781654,641827,5636898,6278725,8.782581599091344
2781678,641831,5636925,6278756,8.782568931696973
2781683,641831,5636931,6278762,8.7825782799522
2781704,641838,5636955,6278793,8.782519888196086
2781734,641843,5637019,6278862,8.782551184635494
2781918,641847,5637568,6279415,8.783351795677163
2781945,641868,5637601,6279469,8.783115843132856
2782063,641870,5637949,6279819,8.783630641718728
2782075,641872,5637991,6279863,8.78366870653339
2782167,641898,5638155,6280053,8.783568417412113
2782278,641973,5638376,6280349,8.782886507688017
2782304,641973,5638431,6280404,8.782972181073037
2782311,641973,5638431,6280404,8.782972181073037
2782336,641987,5638465,6280452,8.78283360878024
2782445,641987,5638656,6280643,8.783131122592826
2782528,642016,5638741,6280757,8.78286678213627
2782925,642074,5638912,6280986,8.78233973031146
2783004,642090,5639039,6281129,8.782318678066938
2783195,642215,5639293,6281508,8.781004803687239
2783215,642215,5639336,6281551,8.781071759457502
2783240,642219,5639401,6281620,8.781118278967144
2783316,642264,5639537,6281801,8.78071478395177
2783323,642264,5639544,6281808,8.780725682896753
2783356,642277,5639596,6281873,8.780628918675276
2783376,642292,5639628,6281920,8.780473678638376
2783419,642306,5639760,6282066,8.78048780487805
2783641,642321,5640014,6282335,8.780678196727182
2783752,642321,5640323,6282644,8.781159264604458
2783828,642342,5640426,6282768,8.781032534070635
2783856,642352,5640474,6282826,8.78097055819862
2783902,642387,5640555,6282942,8.780618225462222
2784001,642435,5640863,6283298,8.78044160109583
2784037,642435,5640904,6283339,8.78050542078187
2784301,642497,5641368,6283865,8.780380297495553
2784436,642520,5641464,6283984,8.780215401855195
2784447,642529,5641481,6284010,8.780118874011912
2784463,642531,5641521,6284052,8.780153798026866
2784522,642548,5641636,6284184,8.78010047498397
2784552,642557,5641668,6284225,8.780027297189198
2784608,642560,5641870,6284430,8.780300672310757
2784647,642569,5641962,6284531,8.780320868264731
2784660,642575,5642004,6284579,8.780304244640703
2784690,642593,5642077,6284670,8.780171897297356
2784719,642593,5642127,6284720,8.780249707046295
2786185,643341,5645024,6288365,8.77454413755691
2786196,643341,5645034,6288375,8.774559681413123
2786496,643341,5645256,6288597,8.774904755021055
2786576,643348,5645395,6288743,8.775025336209952
2786734,643368,5645553,6288921,8.774998134815533
2786748,643380,5645575,6288955,8.774868662376823
2786755,643380,5645589,6288969,8.774890422456401
2786766,643382,5645614,6288996,8.774902002231956
2786795,643389,5645633,6289022,8.774836063407985
2787049,643443,5646174,6289617,8.774940437614521
2787089,643454,5646215,6289669,8.774854146527957
2787178,643503,5646372,6289875,8.774429956037501
2787212,643511,5646409,6289920,8.774378371154494
2787342,643572,5646718,6290290,8.77402683771202
2787378,643581,5646777,6290358,8.773995814046717
2787425,643604,5646882,6290486,8.773845408045942
2787718,643604,5647541,6291145,8.774869329587759
2787937,643695,5647940,6291635,8.77424867367309
2789414,643695,5650864,6294559,8.778791197694561
2789512,643722,5651628,6295350,8.779609831573257
2789543,643750,5651682,6295432,8.779311844660194
2789562,643750,5651707,6295457,8.77935067961165
2789643,643763,5651898,6295661,8.779470084487615
2789813,643818,5652135,6295953,8.779088189519399
2789858,643826,5652174,6296000,8.77903967842243
2789920,643876,5652263,6296139,8.778496170070014
2790271,643986,5652692,6296678,8.77766286844745
2790497,644001,5652731,6296732,8.777518979007796
2790724,644041,5652948,6296989,8.77731076127141
2790744,644049,5652983,6297032,8.777256078341866
2790774,644061,5653000,6297061,8.777118937491945
2790783,644063,5653020,6297083,8.777122734887737
2790926,644116,5653290,6297406,8.776819703283259
2790994,644149,5653470,6297619,8.776649501900957
2791021,644149,5653483,6297632,8.776669683567
2791024,644149,5653492,6297641,8.776683655489647
2791035,644149,5653514,6297663,8.776717809078335
2791094,644158,5653653,6297811,8.776810968737484
2791102,644158,5653653,6297811,8.776810968737484
2791178,644158,5653723,6297881,8.776919637728632
2791799,644415,5654879,6299294,8.77521317784347
2791994,644491,5655232,6299723,8.774726101683344
2792023,644491,5655262,6299753,8.774772650044763
2792255,644500,5656661,6301161,8.776820791311094
2792266,644500,5656671,6301171,8.776836307214895
2792440,644597,5657150,6301747,8.776258654632274
2792573,644699,5657395,6302094,8.775250155498922
2792688,644754,5657541,6302295,8.774728035809007
2792749,644766,5657599,6302365,8.774654680923001
2792779,644772,5657617,6302389,8.774600944209736
2792839,644794,5657715,6302509,8.774453546403969
2792861,644801,5657736,6302537,8.774390858574971
2793178,644928,5658204,6303132,8.773388657338494
2793196,644929,5658236,6303165,8.773424671552993
2794916,644929,5675519,6320448,8.80022297028045
2795189,644960,5675673,6320633,8.800038762093774
2795323,645010,5675796,6320806,8.799547293840405
2795353,645017,5675850,6320867,8.79953551611818
2795388,645020,5675934,6320954,8.799624817835106
2795404,645020,5675960,6320980,8.79966512666274
2795682,645161,5676236,6321397,8.79816975917639
2795722,645161,5676271,6321432,8.798224009200805
2795808,645180,5676422,6321602,8.798198952230385
2795862,645185,5676530,6321715,8.798298162542526
2795874,645185,5676545,6321730,8.79832141168812
2795945,645185,5676672,6321857,8.798518254454148
2795978,645199,5676723,6321922,8.798406383146904
2796173,645280,5677062,6322342,8.797827299776841
2796217,645314,5677138,6322452,8.7974815361204
2797029,645314,5678845,6324159,8.800126759995909
2797075,645314,5678895,6324209,8.800204241656001
2797280,645437,5679326,6324763,8.799194964032122
2797310,645451,5679368,6324819,8.799069177985626
2797321,645456,5679377,6324833,8.799014959966287
2797345,645467,5679426,6324893,8.798940921844185
2797392,645479,5679446,6324925,8.798808326839447
2797395,645480,5679449,6324929,8.798799343124497
2797411,645480,5679476,6324956,8.798841172460804
2797792,645694,5679977,6325671,8.796700914055265
2797833,645703,5680030,6325733,8.796660384108483
2797944,645736,5680179,6325915,8.796441579840678
2797968,645736,5680230,6325966,8.79652055948561
2798004,645761,5680361,6326122,8.796382872301052
2798027,645763,5680421,6326184,8.796448542267054
2798072,645794,5680513,6326307,8.796168747309514
2798131,645831,5680617,6326448,8.79582584298369
2798233,645919,5680798,6326717,8.794907720627508
2798263,645920,5680891,6326811,8.795038085211791
2798300,645932,5680941,6326873,8.794952100221076
2799046,646034,5681781,6327815,8.79486373782185
2799097,646034,5681897,6327931,8.795043294934942
2799168,646079,5682051,6328130,8.794669072977143
2799233,646091,5682188,6328279,8.794717771954724
2799263,646091,5682249,6328340,8.79481218589951
2799336,646091,5682388,6328479,8.795027325872052
2799429,646162,5682661,6328823,8.794483426756758
2799630,646293,5683027,6329320,8.793267140445588
2799664,646293,5683067,6329360,8.79332903187873
2799682,646308,5683113,6329421,8.793196123210606
2799699,646312,5683153,6329465,8.793203592073178
2800181,646414,5683634,6330048,8.792560185887064
2800201,646423,5683670,6330093,8.792493460164629
2800230,646427,5683719,6330146,8.792514854732243
2800299,646444,5683953,6330397,8.792645611994233
2800331,646470,5683999,6330469,8.792363141367735
2800368,646495,5684049,6330544,8.792100480282137
2800427,646517,5684147,6330664,8.791952879815998
2800455,646526,5684243,6330769,8.791978976870226
2800462,646530,5684258,6330788,8.791947782778834
2800542,646531,5684312,6330843,8.792017706807561
2800657,646564,5684518,6331082,8.791887578027852
2800997,646680,5685063,6331743,8.791153275190203
2801017,646680,5685158,6331838,8.791300179377744
2801185,646680,5685421,6332101,8.791706872023257
2801226,646684,5685501,6332185,8.791776199813201
2801249,646694,5685528,6332222,8.791682001070058
2801325,646735,5685709,6332444,8.791404516533047
2801363,646741,5685769,6332510,8.791415729016716
2801427,646758,5685897,6332655,8.791382557308916
2801436,646760,5685914,6332674,8.791381656255798
2802646,646879,5689009,6335888,8.794548903272482
2802981,647088,5689842,6336930,8.792995697648543
2802997,647093,5689885,6336978,8.792994206396918
2803090,647093,5690037,6337130,8.79322910308101
2803104,647105,5690109,6337214,8.793177305074138
2803145,647132,5690181,6337313,8.792921691401444
2803256,647132,5690396,6337528,8.793253926555943
2803305,647147,5690430,6337577,8.79310264901174
2803395,647147,5690696,6337843,8.793513683907983
2803675,647147,5691454,6338601,8.794684978837884
2803726,647176,5691526,6338702,8.794402140994103
2803754,647183,5691554,6338737,8.794350284231816
2803766,647183,5691563,6338746,8.794364190653956
2803857,647183,5691678,6338861,8.79454188382575
2803971,647189,5691989,6339178,8.794940890528114
2804011,647189,5692056,6339245,8.795044415155388
2805880,647189,5696063,6343252,8.801235805923772
2805892,647193,5696085,6343278,8.801215402515169
2805921,647206,5696105,6343311,8.801069520369094
2806124,647260,5696293,6343553,8.800625714550566
2806964,647260,5698129,6345389,8.803462287179805
2807058,647260,5698298,6345558,8.803723387819423
2807106,647260,5698298,6345558,8.803723387819423
2807144,647271,5698326,6345597,8.803617032124103
2807174,647293,5698401,6345694,8.803433684591058
2807187,647310,5698417,6345727,8.80322720180439
2807518,647310,5698753,6346063,8.803746273037648
2807632,647385,5699025,6346410,8.803146504784634
2807659,647408,5699065,6346473,8.802895546548699
2807785,647456,5699436,6346892,8.802815944249494
2807807,647474,5699488,6346962,8.802651535042333
2807836,647499,5699531,6347030,8.80237807317077
2807935,647522,5699628,6347150,8.80221521430932
2808327,647522,5700361,6347883,8.803347222179324
2808445,647522,5700538,6348060,8.803620571965123
2808498,647522,5700616,6348138,8.803741031192763
2808700,647613,5700881,6348494,8.802913159556711
2808983,647725,5701156,6348881,8.801815585317843
2808987,647727,5701160,6348887,8.801794583211754
2809040,647743,5701237,6348980,8.80169604302941
2809695,648203,5702470,6350673,8.797352064091033
2809780,648220,5702515,6350735,8.797190768566228
2809833,648254,5702624,6350878,8.796897512394834
2809967,648279,5702772,6351051,8.796786568745864
2810227,648454,5703345,6351799,8.79529619680039
2810268,648476,5703422,6351898,8.795116550188443
2810290,648486,5703467,6351953,8.79505031720037
2810295,648488,5703474,6351962,8.795033986750719
2810344,648506,5703517,6352023,8.794856177120952
2810400,648507,5703522,6352029,8.794850325439818
2810477,648522,5703596,6352118,8.794761010420618
2810513,648540,5703664,6352204,8.79462176581244
2811081,648540,5704453,6352993,8.795838344589386
2811144,648559,5704566,6353125,8.79575489662467
2811172,648559,5704603,6353162,8.79581194617606
2811207,648570,5704658,6353228,8.79574756772592
2811231,648570,5704688,6353258,8.795793823334412
2811311,648570,5705002,6353572,8.796277965369967
2813163,648571,5709044,6357615,8.802496565526365
2813263,648647,5709232,6357879,8.801755037794054
2813317,648676,5709308,6357984,8.801478704314635
2813334,648686,5709351,6358037,8.80140931051387
2813339,648690,5709391,6358081,8.801416701351956
2813349,648690,5709407,6358097,8.801441366446223
2813512,648699,5710341,6359040,8.802759060827903
2813637,648735,5710700,6359435,8.802823957394006
2813725,648735,5710930,6359665,8.803178493529716
2813746,648741,5710968,6359709,8.80315565071423
2813852,648785,5711102,6359887,8.802765168738489
2813875,648785,5711136,6359921,8.802817574389051
2813904,648785,5711172,6359957,8.80287306272494
2813926,648785,5711196,6359981,8.802910054948866
2814257,648943,5711666,6360609,8.80149104004512
2814488,648943,5711916,6360859,8.801876281892246
2814581,648965,5712120,6361085,8.801892243803595
2814783,648965,5712214,6361179,8.802037089827648
2814793,648967,5712232,6361199,8.802037699913862
2815577,648992,5713698,6362690,8.80395752181845
2815633,649007,5713747,6362754,8.803829542670572
2815818,649061,5714038,6363099,8.803545429474271
2815836,649066,5714048,6363114,8.803493019199896
2816246,649072,5714700,6363772,8.804416151058742
2816255,649072,5714720,6363792,8.804446964281313
2816328,649099,5714828,6363927,8.804247117928082
2816339,649099,5714846,6363945,8.804274848674856
2816386,649106,5714973,6364079,8.80437555653468
2816938,649314,5716361,6365675,8.803692820422784
2817011,649339,5716411,6365750,8.803430873549871
2817142,649348,5717145,6366493,8.804439222112027
2817426,649357,5717332,6366689,8.804605170961429
2817484,649374,5717440,6366814,8.804540988706046
2817498,649374,5717447,6366821,8.804551768318412
2817526,649396,5717514,6366910,8.804356663730605
2818771,649396,5719534,6368930,8.807467246487505
2818777,649402,5719552,6368954,8.807413589733324
2819025,649566,5720021,6369587,8.805911947361777
2819079,649583,5720140,6369723,8.805864685498236
2819101,649588,5720166,6369754,8.80583693048517
2819118,649591,5720194,6369785,8.80583936661684
2819666,649726,5720642,6370368,8.804699211667687
2819688,649726,5720679,6370405,8.804756158749996
2820156,649851,5721108,6370959,8.803722699511118
2820162,649853,5721117,6370970,8.80370945429197
2820207,649853,5721160,6371013,8.803775623102455
2820313,649854,5721287,6371141,8.803957504300966
2820314,649854,5721289,6371143,8.803960581915323
2820331,649861,5721317,6371178,8.803908835889521
2820390,649877,5721370,6371247,8.803773637165186
2820449,649889,5721495,6371384,8.803803418737662
2820859,649889,5722153,6372042,8.804815899330501
2821159,649889,5722696,6372585,8.80565142662824
2821430,649889,5723809,6373698,8.807364026779958
2821439,649891,5723823,6373714,8.807358464727162
2821482,649896,5723832,6373728,8.80730455334392
2821511,649913,5723850,6373763,8.807101873635395
2821532,649913,5723882,6373795,8.807151110994857
2821576,649939,5723952,6373891,8.806906494301773
2821596,649939,5723952,6373891,8.806906494301773
2821616,649939,5723989,6373928,8.806963422721209
2821674,649974,5724098,6374072,8.806656881659881
2821710,649976,5724145,6374121,8.806702093615764
2821930,650048,5724392,6374440,8.806106625972236
2821991,650052,5724436,6374488,8.806120125774553
2822764,650101,5725239,6375340,8.806691575616712
2822780,650101,5725265,6375366,8.806731569402293
2822784,650102,5725268,6375370,8.80672263737075
2822801,650109,5725282,6375391,8.806649346494204
2822810,650109,5725293,6375402,8.806666266733732
2822862,650146,5725449,6375595,8.806405022871786
2822879,650150,5725475,6375625,8.806390832884718
2822949,650150,5725648,6375798,8.806656925324925
2822969,650155,5725663,6375818,8.806612269381917
2822974,650157,5725671,6375828,8.806597483377091
2823019,650174,5725743,6375917,8.806477958208111
2823114,650189,5725931,6376120,8.80656393756277
2823129,650190,5725991,6376181,8.80664267368
2823290,650267,5726169,6376436,8.805873587311059
2823368,650323,5726241,6376564,8.805226018455445
2823416,650341,5726309,6376650,8.805086869811376
2823644,650341,5727032,6377373,8.806198594275926
2823714,650378,5727137,6377515,8.805859054273053
2823726,650388,5727156,6377544,8.805752873669256
2823780,650402,5727240,6377642,8.80569247942042
2823800,650402,5727270,6377672,8.805738604739838
2823829,650407,5727290,6377697,8.805701660652483
2823870,650429,5727364,6377793,8.805517589160385
2824023,650437,5727796,6378233,8.806073455230868
2824050,650453,5727826,6378279,8.805902963011931
2824099,650472,5727895,6378367,8.805751823291395
2824774,650762,5728741,6379503,8.803127717967552
2824778,650767,5728756,6379523,8.80308313113603
2824791,650767,5728761,6379528,8.803090814377496
2824977,650859,5729057,6379916,8.802301266480145
2825086,650969,5729454,6380423,8.801423723710347
2825538,650969,5730286,6381255,8.80270181836616
2825541,650969,5730293,6381262,8.802712571566389
2825558,650975,5730311,6381286,8.80265908829064
2825598,650986,5730376,6381362,8.80261019438206
2825646,650994,5730412,6381406,8.802557320036744
2825667,650994,5730458,6381452,8.802627981210271
2825677,650994,5730458,6381452,8.802627981210271
2825746,651009,5730551,6381560,8.802568013652653
2825789,651011,5730656,6381667,8.802702258487184
2825933,651011,5730831,6381842,8.802971071149335
2825954,651030,5730861,6381891,8.802760241463528
2826070,651058,5730937,6381995,8.802498394920269
2826081,651067,5730954,6382021,8.802402824901277
2826568,651067,5731800,6382867,8.803702230338812
2826577,651070,5731836,6382906,8.803716958237978
2826650,651070,5731914,6382984,8.80383676102416
2826663,651073,5731941,6383014,8.803837664900863
2826666,651075,5731954,6383029,8.8038305878739
2826697,651075,5731954,6383029,8.8038305878739
2826749,651087,5732005,6383092,8.803746657512743
2826794,651112,5732083,6383195,8.803528425217166
2826833,651125,5732138,6383263,8.80343712804761
2826852,651129,5732147,6383276,8.803396869130387
2826879,651145,5732217,6383362,8.80328805412005
2826911,651152,5732298,6383450,8.803317812123744
2826930,651159,5732362,6383521,8.803321462192798
2826937,651160,5732370,6383530,8.803320228515265
2827055,651160,5732547,6383707,8.80359205110879
2827344,651359,5733135,6384494,8.80180514892709
2827359,651363,5733165,6384528,8.801797154582006
2827684,651368,5733872,6385240,8.802814998587587
2827711,651379,5733887,6385266,8.802689371318388
2827713,651379,5733892,6385271,8.802697047341102
2827842,651406,5734114,6385520,8.802672987353509
2829708,651440,5738084,6389524,8.80830774898686
2829739,651460,5738141,6389601,8.808124827310962
2829770,651466,5738182,6389648,8.808106639486942
2829807,651475,5738265,6389740,8.80811236041291
2830006,651569,5738494,6390063,8.8071930985053
2830032,651573,5738535,6390108,8.80720195588215
2830110,651582,5738630,6390212,8.807226105079637
2831118,651596,5739860,6391456,8.80892454833977
2831152,651603,5739915,6391518,8.808914323598879
2831168,651603,5739941,6391544,8.808954225195404
2831224,651624,5740063,6391687,8.808857562029637
2833821,651624,5744268,6395892,8.815310669956908
2833846,651624,5744310,6395934,8.815375124304813
2833909,651632,5744365,6395997,8.815351302575687
2833917,651632,5744365,6395997,8.815351302575687
2833948,651658,5744404,6396062,8.815059433015477
2833974,651664,5744438,6396102,8.81503044513737
2834022,651664,5744496,6396160,8.815119448059123
2834026,651665,5744508,6396173,8.815124335356357
2834066,651688,5744588,6396276,8.814935981635383
2834080,651709,5744629,6396338,8.814714849725874
2834383,651790,5745757,6397547,8.815350036054557
2834698,651808,5746413,6398221,8.816113027149099
2834728,651824,5746481,6398305,8.81600094504038
2834797,651858,5746630,6398488,8.815769692172221
2834816,651872,5746650,6398522,8.815611040204212
2835133,652131,5747610,6399741,8.813581933691237
2835252,652131,5747760,6399891,8.813811948826233
2835440,652131,5748141,6400272,8.814396187269121
2835451,652138,5748158,6400296,8.814327642308836
2835523,652184,5748291,6400475,8.813909878193884
2835541,652184,5748311,6400495,8.813940544386247
2835668,652184,5748702,6400886,8.814540068446941
2835860,652217,5749227,6401444,8.81489902900415
2835861,652217,5749229,6401446,8.814902095468225
2835891,652226,5749272,6401498,8.814846387601843
2835926,652226,5749306,6401532,8.814898516771795
2835991,652249,5749423,6401672,8.814767059819179
2835992,652249,5749425,6401674,8.814770126132812
2836031,652264,5749444,6401708,8.81459654373076
2836113,652284,5749629,6401913,8.814609893849918
2836116,652284,5749638,6401922,8.814623691520872
2836135,652288,5749681,6401969,8.814635559752746
2836149,652288,5749728,6402016,8.814707613814758
2836367,652362,5750074,6402436,8.814238107063256
2836384,652369,5750087,6402456,8.814163456571357
2836483,652369,5750344,6402713,8.8145574053948
2836518,652403,5750394,6402797,8.81417467424276
2837659,652414,5752365,6404779,8.81704715104213
2837690,652421,5752455,6404876,8.817090498313206
2837890,652456,5752576,6405032,8.816802972154445
2837929,652486,5752651,6405137,8.816512538200053
2838011,652539,5752806,6405345,8.81603398417566
2838053,652564,5752858,6405422,8.815775923894055
2838086,652578,5752882,6405460,8.815623572967523
2838340,652641,5753832,6406473,8.816228217350734
2838402,652684,5753975,6406659,8.815866483627605
2838528,652684,5754262,6406946,8.816306206372456
2838559,652693,5754322,6407015,8.816276564939413
2840786,653598,5757533,6411131,8.80898197362905
2841046,653598,5758029,6411627,8.809740849880201
2842600,653605,5759868,6413473,8.812460124999044
2842954,653763,5760523,6414286,8.811332241194439
2842955,653763,5760532,6414295,8.81134600765109
2843034,653774,5760571,6414345,8.811257406993855
2843762,653774,5762193,6415967,8.81373838665961
2844022,653828,5762626,6416454,8.81367270903051
2844057,653828,5762654,6416482,8.813715533748937
2844064,653832,5762667,6416499,8.813681496164152
2844107,653856,5762733,6416589,8.813458926736162
2844120,653856,5762748,6416604,8.813481867567171
2844144,653863,5762773,6416636,8.813425748207193
2844159,653873,5762797,6416670,8.81332766454648
2844322,653873,5763215,6417088,8.81396693241654
2844427,653899,5763464,6417363,8.813997268691342
2844439,653899,5763485,6417384,8.81402938374275
2844509,653899,5763755,6417654,8.814442291546554
2844563,653913,5763852,6417765,8.81440191585119
2844687,653967,5764007,6417974,8.81391109948973
2844794,653996,5764163,6418159,8.81375879974801
2844839,654015,5764288,6418303,8.813693875522732
2845714,654079,5766076,6420155,8.815565092290075
2845774,654079,5766168,6420247,8.815705748082419
2845836,654079,5766185,6420264,8.815731738826656
2845901,654124,5766297,6420421,8.815296488127633
2846215,654124,5767141,6421265,8.816586763365967
2846401,654149,5767354,6421503,8.816575428533866
2846594,654158,5768472,6422630,8.818163196047438
2846633,654180,5768549,6422729,8.81798434681586
2846671,654184,5768639,6422823,8.818068005331833
2847030,654184,5769356,6423540,8.819164027246156
2847044,654190,5769385,6423575,8.819127470612512
2847077,654198,5769492,6423690,8.819183183073015
2847338,654198,5769970,6424168,8.819913848712469
2847471,654198,5770190,6424388,8.820250138337324
2847499,654198,5770228,6424426,8.82030822472707
2847518,654213,5770258,6424471,8.820151846569848
2847641,654214,5770730,6424944,8.820859840969469
2848027,654514,5771722,6426236,8.818332380972752
2848043,654516,5771751,6426267,8.818349742405076
2848064,654526,5771768,6426294,8.818240986607101
2848084,654543,5771786,6426329,8.818039456536852
2848124,654543,5771828,6426371,8.818103623444143
2855784,654558,5834698,6489256,8.913951093715148
2855787,654558,5834707,6489265,8.91396484345161
2855813,654560,5834733,6489293,8.913977328281593
2855835,654566,5834786,6489352,8.913976589068177
2855902,654566,5834938,6489504,8.91420880400143
2855922,654570,5834945,6489515,8.914165024367142
2855956,654570,5835018,6489588,8.914276547962785
2855993,654606,5835111,6489717,8.913928378291674
2856049,654610,5835243,6489853,8.914075556438185
2856086,654617,5835298,6489915,8.91406425436553
2856120,654620,5835358,6489978,8.914115059118267
2856139,654638,5835395,6490033,8.913926475395563
2856257,654638,5835745,6490383,8.914461122024692
2856294,654651,5835774,6490425,8.914328397879176
2857302,654651,5837021,6491672,8.916233229613947
2857323,654656,5837029,6491685,8.91617735115847
2857376,654677,5837101,6491778,8.916001325844654
2857383,654681,5837110,6491791,8.915960597604023
2857821,654865,5837703,6492568,8.91436097516282
2857970,654932,5837868,6492800,8.913700964374927
2858259,655132,5838809,6493941,8.91241612377353
2858264,655140,5838830,6493970,8.912339347315077
2859533,655140,5841681,6496821,8.916691088927557
2859595,655172,5841826,6496998,8.916476894616986
2860481,655172,5845608,6500780,8.922249424578585
2860496,655179,5845634,6500813,8.922193782157242
2860706,655245,5845853,6501098,8.921629314225976
2860707,655245,5845857,6501102,8.92163541881281
2860717,655249,5845895,6501144,8.921638949468065
2860728,655256,5845901,6501157,8.92155279768518
2861012,655256,5846223,6501479,8.922044208675693
2861365,655406,5846955,6502361,8.921119123108424
2862426,655782,5848826,6504608,8.91885718119741
2862440,655792,5848871,6504663,8.918789799204626
2862465,655792,5848928,6504720,8.918876717007832
2862475,655798,5848949,6504747,8.918827138844584
2862487,655806,5848960,6504766,8.918735113737904
2862498,655807,5848967,6504774,8.918732187976035
2862532,655817,5849012,6504829,8.918664810457795
2862623,655888,5849322,6505210,8.918172004976459
2862668,655888,5849421,6505309,8.918322945380918
2862721,655888,5849508,6505396,8.918455589978777
2862770,655920,5849574,6505494,8.918121112330772
2862852,655968,5849670,6505638,8.917614883652861
2862881,655973,5849706,6505679,8.917601791537152
2862902,655978,5849714,6505692,8.917546015262706
2862905,655978,5849723,6505701,8.917559735235024
2862960,655981,5849762,6505743,8.91757840547211
2862988,655988,5849786,6505774,8.917519832679867
2863020,655991,5849832,6505823,8.917549173692931
2863049,655997,5849933,6505930,8.917621574488908
2863244,655997,5850185,6506182,8.918005722587147
2863260,656000,5850214,6506214,8.918009146341463
2863293,656006,5850258,6506264,8.917994652487934
2863495,656170,5850659,6506829,8.91637685355929
2863515,656178,5850685,6506863,8.916307770147734
2863568,656178,5850763,6506941,8.916426640332348
2863573,656180,5850770,6506950,8.916410131366394
2863595,656192,5850788,6506980,8.91627450502292
2863717,656248,5851003,6507251,8.915841267325767
2863959,656248,5851450,6507698,8.91652241225878
2863990,656267,5851501,6507768,8.916341976664986
2864054,656267,5851676,6507943,8.916608636423895
2864099,656273,5851737,6508010,8.916620065125336
2864102,656273,5851746,6508019,8.916633778930414
2864183,656290,5851915,6508205,8.916660317847294
2864257,656353,5852090,6508443,8.916071077606105
2864344,656353,5852277,6508630,8.91635598527012
2864351,656355,5852285,6508640,8.9163410044869
2864363,656364,5852307,6508671,8.91625226246412
2864377,656371,5852326,6508697,8.91618612034962
2864403,656383,5852373,6508756,8.916094719089312
2864425,656385,5852380,6508765,8.916078216290744
2864458,656412,5852452,6508864,8.915821161100041
2864489,656422,5852491,6508913,8.91574474956659
2864528,656432,5852559,6508991,8.915712518585321
2864624,656432,5852708,6509140,8.915939503253954
2864642,656432,5852718,6509150,8.915954737124332
2864856,656595,5853308,6509903,8.91463992263115
2864881,656617,5853358,6509975,8.914417384868196
2864919,656617,5853453,6510070,8.914562065861833
2864959,656633,5853602,6510235,8.914571762308626
2865196,656672,5854076,6510748,8.914764144047561
2865223,656694,5854109,6510803,8.914515740969158
2865320,656694,5854436,6511130,8.915013689785502
2865393,656734,5854533,6511267,8.914618399534668
2865409,656734,5854559,6511293,8.91465798938383
2866873,656734,5856645,6513379,8.91783431343588
2866960,656734,5856864,6513598,8.91816778178075
2866991,656752,5856904,6513656,8.917984261943626
2867378,656876,5857779,6514655,8.917632856125053
2867451,656890,5857900,6514790,8.91762699995433
2867673,656982,5858261,6515243,8.916927708826117
2867698,656993,5858340,6515333,8.916898657976569
2867712,656998,5858380,6515378,8.916891680035556
2867902,657080,5858636,6515716,8.916168503074207
2867934,657102,5858685,6515787,8.915944556552864
2867941,657107,5858695,6515802,8.915891932364136
2867956,657107,5858746,6515853,8.915969545294754
2868225,657107,5859262,6516369,8.916754805533953
2868904,657355,5860648,6518003,8.915499235572865
2868926,657370,5860690,6518060,8.915359690889453
2868983,657393,5860787,6518180,8.915195324562324
2868998,657393,5860813,6518206,8.91523487472486
2869083,657393,5861010,6518403,8.915534543264075
2869132,657423,5861116,6518539,8.915288938780662
2869155,657435,5861152,6518587,8.91518096846076
2869184,657449,5861217,6518666,8.915089991771225
2869224,657494,5861313,6518807,8.914625836889766
2869233,657495,5861330,6518825,8.914638134130298
2869267,657495,5861348,6518843,8.91466551076434
2869280,657500,5861355,6518855,8.914608365019012
2869472,657500,5861815,6519315,8.915307984790875
2869543,657500,5861942,6519442,8.91550114068441
2869625,657555,5862111,6519666,8.915012432420102
2869748,657573,5862325,6519898,8.915093837490286
2869769,657573,5862357,6519930,8.91514250128883
2871566,657573,5865962,6523535,8.920624782343557
2871615,657604,5866028,6523632,8.92030462101812
2871686,657613,5866175,6523788,8.920406074697429
2873254,657699,5866751,6524450,8.92011543274355
2873264,657702,5866770,6524472,8.920103633560489
2873480,657702,5867132,6524834,8.920654034806036
2873613,657722,5867231,6524953,8.920533295221993
2873808,657727,5867601,6525328,8.921028025305333
2873884,657782,5867714,6525496,8.920453888978415
2873913,657796,5867756,6525552,8.920327882808651
2873932,657796,5867771,6525567,8.92035068623099
2873973,657809,5867812,6525621,8.920236725250035
2874126,657880,5868160,6526040,8.91980300358728
2874139,657880,5868188,6526068,8.919845564540646
2874183,657890,5868286,6526176,8.919858942984389
2874948,658062,5869532,6527594,8.9194209664135
2874958,658067,5869540,6527607,8.919365353375872
2874962,658069,5869542,6527611,8.919341284880462
2875045,658166,5869728,6527894,8.918309362683578
2875562,658666,5870942,6529608,8.913382503423586
2875601,658682,5871017,6529699,8.913279852796949
2875695,658682,5871186,6529868,8.913536425771465
2875757,658741,5871286,6530027,8.912889891474798
2875787,658757,5871333,6530090,8.912744760207481
2875797,658759,5871340,6530099,8.912728327051319
2875843,658774,5871434,6530208,8.91266807736796
2875898,658794,5871544,6530338,8.912564473871955
2875991,658810,5871808,6530618,8.91274874394742
2876028,658810,5871856,6530666,8.912821602586481
2876494,658816,5872707,6531523,8.9140321425102
2876552,658831,5872819,6531650,8.913999189473477
2876562,658835,5872834,6531669,8.913967837167121
2876632,658836,5873116,6531952,8.914382334905804
2876660,658843,5873144,6531987,8.914330121136599
2877409,658843,5874991,6533834,8.917133520428994
2877425,658851,5875014,6533865,8.917060154723906
2877460,658861,5875035,6533896,8.91695668737412
2877556,658886,5875256,6534142,8.916953767419553
2877608,658886,5875383,6534269,8.917146516999907
2877664,658905,5875462,6534367,8.91700928054879
2877680,658905,5875488,6534393,8.917048739954925
2877687,658905,5875500,6534405,8.917066951988527
2877713,658905,5875552,6534457,8.917145870800798
2877756,658913,5875621,6534534,8.91714232379692
2878148,658913,5876725,6535638,8.91881781054555
2878238,658973,5876904,6535877,8.918277380105103
2878251,658980,5876912,6535892,8.91819478588121
2878488,658980,5877425,6536405,8.918973261707487
2879020,658985,5878752,6537737,8.920919292548389
2879026,658988,5878756,6537744,8.920884750556915
2879310,659151,5880485,6539636,8.921301795794895
2879323,659159,5880516,6539675,8.921240550458993
2879434,659159,5880731,6539890,8.92156672365848
2879460,659165,5880765,6539930,8.921537096174706
2879472,659171,5880788,6539959,8.921490781602953
2879486,659175,5880821,6539996,8.921486706868434
2879568,659204,5880881,6540085,8.921185247662333
2879589,659204,5880927,6540131,8.9212550287923
2879766,659204,5881307,6540511,8.921831481605087
2879776,659204,5881323,6540527,8.921855753302468
2879788,659215,5881346,6540561,8.921741768618736
2879816,659224,5881391,6540615,8.921688227370362
2880019,659369,5881924,6541293,8.920534632353053
2880153,659434,5882202,6541636,8.920076914444811
2880197,659472,5882334,6541806,8.919763083193828
2880228,659490,5882370,6541860,8.919574216439976
2880243,659490,5882394,6541884,8.919610608197244
2880297,659490,5882570,6542060,8.919877481083867
2880562,659601,5882939,6542540,8.91893584151631
2880619,659622,5883122,6542744,8.918929326189849
2880652,659631,5883249,6542880,8.9190001682759
2880746,659631,5883401,6543032,8.919230600138562
2880966,659783,5884440,6544223,8.91875055889588
2881113,659838,5884656,6544494,8.918334500286434
2881133,659838,5884677,6544515,8.918366326280086
2881171,659850,5884725,6544575,8.918276881109342
2881261,659850,5885104,6544954,8.918851254072896
2881276,659850,5885125,6544975,8.918883079487763
2881287,659850,5885135,6544985,8.918898234447223
2881380,659850,5885287,6545137,8.919128589831022
2881400,659864,5885328,6545192,8.919001491216372
2881426,659873,5885359,6545232,8.918926823797912
2881541,659947,5885607,6545554,8.91830253035471
2881993,659947,5886438,6546385,8.919561722380736
2882028,659970,5886486,6546456,8.919323605618438
2882056,659971,5886537,6546508,8.919387367020672
2882081,659989,5886573,6546562,8.919198653310888
2882120,660011,5886604,6546615,8.918948320558293
2882175,660015,5886663,6546678,8.918983659462285
2882245,660015,5886759,6546774,8.919129110702029
2883298,660015,5888464,6548479,8.921712385324575
2883306,660019,5888474,6548493,8.921673466975951
2883326,660019,5888495,6548514,8.921705284241817
2883425,660082,5888635,6548717,8.921065867574029
2883457,660104,5888675,6548779,8.920829142074583
2883464,660105,5888678,6548783,8.920820172548307
2883478,660109,5888711,6548820,8.920816107642828
2883618,660244,5889000,6549244,8.919429786563756
2883684,660272,5889114,6549386,8.91922419851213
2883719,660309,5889179,6549488,8.918822854148589
2883735,660311,5889192,6549503,8.918815527834612
2883777,660311,5889226,6549537,8.918867018722995
2883867,660339,5889360,6549699,8.918691762867255
2883897,660339,5889413,6549752,8.918772024672176
2884146,660519,5889887,6550406,8.917059161053656
2884166,660519,5889908,6550427,8.917090954234473
2884431,660519,5890733,6551252,8.91833997205228
2884565,660600,5890929,6551529,8.917543142597639
2885625,661094,5892930,6554024,8.913906343122157
2885637,661094,5892956,6554050,8.91394567187117
2885701,661115,5893061,6554176,8.913821347269385
2885783,661156,5893234,6554390,8.913530240971873
2885832,661172,5893311,6554483,8.91343099828789
2885878,661198,5893333,6554531,8.913113772273963
2885901,661198,5893374,6554572,8.913175780930978
2885917,661198,5893400,6554598,8.913215103493961
2885976,661231,5893502,6554733,8.912924530156632
2885995,661238,5893550,6554788,8.912902767233582
2886045,661254,5893722,6554976,8.912947218466732
2886140,661254,5893942,6555196,8.913279919667783
2886151,661254,5893968,6555222,8.913319238900634
2886448,661254,5894684,6555938,8.914402030082238
2886453,661257,5894696,6555953,8.91437973435442
2886501,661274,5894753,6556027,8.914236761161032
2886554,661274,5894845,6556119,8.914375886546273
2886588,661286,5894920,6556206,8.91432753755561
2886672,661286,5895102,6556388,8.914602758866813
2886719,661305,5895148,6556453,8.914416192225977
2886762,661314,5895210,6556524,8.914388626280406
2886772,661314,5895226,6556540,8.914412820536084
2886800,661320,5895321,6556641,8.914475594266014
2886814,661329,5895342,6556671,8.914386031763312
2887208,661329,5896115,6557444,8.915554890228615
2887725,661382,5897315,6558697,8.916654822780178
2887755,661391,5897350,6558741,8.91658640652806
2887825,661425,5897520,6558945,8.916385077673205
2887845,661425,5897561,6558986,8.916447065048947
2888222,661425,5898219,6559644,8.917441886835242
2888235,661442,5898235,6559677,8.91723688547144
2888246,661449,5898245,6559694,8.917157634224257
2888303,661449,5898306,6559755,8.917249855997968
2888321,661449,5898326,6559775,8.917280092645086
2888356,661462,5898370,6559832,8.9171713567824
2888375,661475,5898408,6559883,8.917053554556105
2888380,661484,5898417,6559901,8.916945836936343
2888410,661495,5898472,6559967,8.916880702046123
2888456,661531,5898544,6560075,8.91650429080421
2888496,661557,5898658,6560215,8.91632618202211
2888515,661568,5898685,6560253,8.916218740930638
2888617,661576,5898900,6560476,8.916435904567276
2888931,661688,5899415,6561103,8.915704984826686
2888994,661688,5899612,6561300,8.916002708225024
2889033,661688,5899618,6561306,8.91601177594274
2889872,661688,5901464,6563152,8.918801610426666
2890608,662061,5902489,6564550,8.915325022920848
2890892,662061,5903166,6565227,8.916347587306909
2891069,662154,5903498,6565652,8.915596673885531
2891167,662174,5903634,6565808,8.91553277537324
2891395,662222,5903765,6565987,8.915084367477975
2891422,662232,5903779,6566011,8.914970886335906
2891434,662232,5903798,6566030,8.914999577187452
2891542,662232,5904135,6566367,8.915508462291161
23,35,12,47,0.34285714285714286
95,118,100,218,0.847457627118644
122,141,113,254,0.8014184397163121
364,216,211,427,0.9768518518518519
834,717,1156,1873,1.612273361227336
869,763,1227,1990,1.6081258191349934
901,791,1255,2046,1.586599241466498
933,811,1264,2075,1.5585696670776819
994,837,1277,2114,1.5256869772998805
1844,1332,2138,3470,1.605105105105105
1988,1461,2280,3741,1.5605749486652978
2612,1760,3019,4779,1.715340909090909
2617,1766,3022,4788,1.7112117780294451
2661,1784,3043,4827,1.7057174887892377
2706,1824,3156,4980,1.730263157894737
2738,1849,3181,5030,1.7203893996755002
2746,1856,3194,5050,1.7209051724137931
2747,1856,3194,5050,1.7209051724137931
2909,1973,3397,5370,1.7217435377597567
3173,2172,3868,6040,1.7808471454880295
3516,2376,4246,6622,1.787037037037037
3547,2412,4274,6686,1.7719734660033168
3745,2528,4393,6921,1.737737341772152
3761,2539,4408,6947,1.7361165813312327
3820,2573,4475,7048,1.7392149242129809
3861,2609,4516,7125,1.7309313913376774
3944,2638,4550,7188,1.7247915087187262
4016,2661,4794,7455,1.8015783540022547
4045,2673,4802,7475,1.7964833520389076
4098,2735,4867,7602,1.7795246800731261
4207,2821,4984,7805,1.7667493796526055
4210,2828,4990,7818,1.7644978783592644
4226,2847,5019,7866,1.7629083245521602
4263,2887,5054,7941,1.7506061655697955
4302,2922,5097,8019,1.74435318275154
4348,2948,5126,8074,1.7388059701492538
4359,2954,5127,8081,1.7356127285037237
4377,2966,5142,8108,1.7336480107889414
4877,3190,5891,9081,1.8467084639498432
4909,3222,5928,9150,1.8398510242085662
4924,3246,5961,9207,1.8364140480591498
4954,3269,5985,9254,1.8308351177730193
4978,3287,6022,9309,1.8320657134164893
5374,3476,6362,9838,1.8302646720368239
5392,3487,6376,9863,1.8285058789790651
5419,3513,6399,9912,1.821520068317677
5509,3585,6519,10104,1.818410041841004
5619,3676,6768,10444,1.841131664853101
5749,3766,7090,10856,1.8826340945300053
5826,3834,7168,11002,1.8695878977569118
6123,4045,7520,11565,1.8590852904820767
6172,4081,7545,11626,1.8488115657926978
6216,4134,7633,11767,1.8463957426221578
6238,4160,7653,11813,1.8396634615384615
6311,4221,7717,11938,1.828239753612888
6356,4274,7824,12098,1.8306036499766027
6441,4399,7960,12359,1.8095021595817231
6467,4412,7982,12394,1.8091568449682685
6480,4436,8056,12492,1.8160504959422903
6797,4681,8422,13103,1.7991882076479384
7374,5085,9360,14445,1.8407079646017699
7404,5133,9428,14561,1.8367426456263394
7501,5188,9491,14679,1.829414032382421
7508,5192,9493,14685,1.8283898305084745
7515,5195,9495,14690,1.8277189605389799
7566,5235,9577,14812,1.829417382999045
7677,5302,9725,15027,1.8342135043379857
7696,5322,9756,15078,1.8331454340473505
7803,5436,9968,15404,1.8337012509197939
7874,5478,10119,15597,1.8472070098576123
7887,5479,10123,15602,1.847599926993977
8033,5580,10315,15895,1.8485663082437276
8055,5589,10321,15910,1.8466630882089818
8061,5594,10337,15931,1.847872720772256
8092,5630,10429,16059,1.852397868561279
8221,5760,10590,16350,1.8385416666666667
8308,5777,10745,16522,1.8599619179504934
8329,5779,10745,16524,1.8593182211455268
8408,5804,10794,16598,1.8597518952446588
8409,5804,10796,16600,1.8600964851826327
8425,5819,10806,16625,1.8570201065475167
8449,5846,10878,16724,1.860759493670886
8566,5924,10999,16923,1.8566846725185686
8680,6046,11224,17270,1.85643400595435
8751,6094,11311,17405,1.8560879553659337
8765,6112,11340,17452,1.8553664921465969
8818,6151,11412,17563,1.8553080799869939
8842,6181,11472,17653,1.8560103543116
8876,6193,11483,17676,1.8541902147585985
9069,6316,11738,18054,1.858454718176061
9098,6348,11760,18108,1.8525519848771266
9140,6395,11862,18257,1.854886630179828
9347,6617,12232,18849,1.8485718603596797
9392,6651,12273,18924,1.8452864230942716
9405,6657,12290,18947,1.8461769565870512
9415,6657,12290,18947,1.8461769565870512
9458,6683,12312,18995,1.842286398324106
9511,6729,12411,19140,1.8444048149799377
9536,6740,12427,19167,1.8437685459940654
9630,6822,12602,19424,1.847258868367048
11478,7820,15620,23440,1.9974424552429668
11488,7824,15620,23444,1.9964212678936606
11551,7838,15654,23492,1.997193161520796
11695,7856,16470,24326,2.0964867617107945
11717,7863,16472,24335,2.094874729746916
11736,7869,16481,24350,2.0944211462701743
11913,7991,16739,24730,2.094731573019647
12972,8409,17646,26055,2.0984659293613985
13022,8463,17771,26234,2.099846390168971
13038,8488,17812,26300,2.0984919886899154
13042,8494,17824,26318,2.0984224158229337
13116,8503,18242,26745,2.1453604610137598
13152,8523,18300,26823,2.1471312917986625
13326,8614,18500,27114,2.147666589273276
13367,8630,18530,27160,2.1471610660486675
13377,8646,18536,27182,2.143881563728892
13971,8808,18894,27702,2.1450953678474116
14043,8844,18948,27792,2.1424694708276797
14072,8855,18964,27819,2.1416149068322983
14264,8969,19310,28279,2.15297134574646
36058,8972,84685,93657,9.438809629959875
36085,8998,84711,93709,9.41442542787286
36139,9037,84788,93825,9.38231714064402
36197,9071,84844,93915,9.353323779076177
36206,9077,84853,93930,9.348132642943703
36208,9082,84855,93937,9.343206342215371
36232,9122,84902,94024,9.307388730541549
36336,9183,85095,94278,9.26657954916694
36351,9188,85121,94309,9.264366565084893
36369,9202,85147,94349,9.25309715279287
36437,9211,85221,94432,9.252089892519813
36450,9220,85258,94478,9.2470715835141
36481,9250,85306,94556,9.22227027027027
36531,9282,85375,94657,9.19790993320405
36629,9284,85663,94947,9.226949590693666
36654,9306,85689,94995,9.207930367504835
36812,9390,85854,95244,9.143130990415335
36838,9398,85903,95301,9.140561821664184
37357,9528,86258,95786,9.053106633081445
37394,9560,86328,95888,9.030125523012552
37485,9623,86538,96161,8.992829678894315
37496,9639,86559,96198,8.980080921257391
37784,9857,86898,96755,8.81586689662169
37843,9877,86923,96800,8.800546724713982
37921,9928,86989,96917,8.761986301369863
38311,10092,87275,97367,8.647938961553706
38835,10461,88170,98631,8.428448523085747
38890,10493,88249,98742,8.410273515677119
38931,10522,88306,98828,8.392510929481087
39117,10633,88547,99180,8.327565127433461
39159,10645,88563,99208,8.319680601221231
39201,10695,88643,99338,8.28826554464703
39309,10767,88787,99554,8.2462152874524
39426,10852,88962,99814,8.197751566531515
39715,11054,89478,100532,8.094626379591098
39732,11082,89506,100588,8.076700956506047
39751,11091,89520,100611,8.071409250743846
39838,11171,89682,100853,8.028108495210814
39906,11225,89756,100981,7.996080178173719
39961,11254,89822,101076,7.9813399680113735
40073,11357,89996,101353,7.9242757770538
40107,11373,90028,101401,7.9159412643981355
40127,11382,90040,101422,7.910736250219645
40197,11423,90100,101523,7.887595202661298
40388,11544,90345,101889,7.826143451143452
40438,11572,90392,101964,7.811268579329416
40631,11672,90682,102354,7.769191226867718
41134,12208,91878,104086,7.526048492791612
41326,12235,92311,104546,7.544830404577033
41333,12244,92316,104560,7.53969291081346
41416,12281,92457,104738,7.528458594576989
41483,12291,92781,105072,7.548694166463266
42339,12782,94021,106803,7.355734626818964
42400,12826,94073,106899,7.334554810541088
42452,12850,94107,106957,7.323501945525292
42483,12872,94137,107009,7.313315724052206
42494,12880,94142,107022,7.30916149068323
42513,12895,94163,107058,7.302287708414114
42551,12921,94197,107118,7.290225214766659
42725,13046,94487,107533,7.242603096734631
42880,13128,94658,107786,7.210390006093845
42907,13147,94676,107823,7.2013387084505975
42936,13156,94705,107861,7.198616600790514
42991,13165,94759,107924,7.197797189517661
43223,13176,96159,109335,7.29804189435337
43323,13183,96170,109353,7.295001137829022
43481,13297,96423,109720,7.2514852974355115
43508,13303,96436,109739,7.249191911598888
43528,13327,96455,109782,7.237562842350116
43538,13332,96466,109798,7.235673567356736
43554,13340,96479,109819,7.2323088455772115
43736,13452,96773,110225,7.193948855188819
43771,13480,96807,110287,7.1815281899109795
43949,13661,97137,110798,7.110533635897811
44067,13773,97372,111145,7.069774195890511
44067,13773,97372,111145,7.069774195890511
44155,13793,97406,111199,7.061987964909737
44171,13793,97432,111225,7.063872979047343
44261,13874,97555,111429,7.031497765604728
44279,13883,97567,111450,7.0278037888064535
44349,13941,97698,111639,7.007962126102862
44433,14019,97840,111859,6.979099793137884
44435,14023,97846,111869,6.977536903658276
44680,14092,98791,112883,7.010431450468351
44993,14315,99354,113669,6.940551868669228
45046,14350,99510,113860,6.934494773519163
45071,14387,99564,113951,6.920414262876208
45112,14427,99633,114060,6.906009565398212
45120,14427,99633,114060,6.906009565398212
45314,14615,100029,114644,6.8442695860417375
45417,14698,100252,114950,6.8207919444822425
45467,14733,100323,115056,6.8094074526573
45566,14787,100374,115161,6.787989450192737
45577,14790,100381,115171,6.787085868830291
45596,14796,100389,115185,6.784874290348743
45871,14936,101064,116000,6.766470273165506
46137,15175,101666,116841,6.699571663920922
46198,15241,101749,116990,6.67600551144938
46207,15246,101762,117008,6.674668765577857
46464,15461,102262,117723,6.614190543949292
46525,15468,102266,117734,6.611455908973364
46553,15478,102361,117839,6.6133221346427185
46556,15480,102368,117848,6.612919896640827
46852,15684,102909,118593,6.561400153022189
46863,15685,102925,118610,6.562001912655403
47086,15860,103228,119088,6.508701134930643
47115,15874,103260,119134,6.504976691445131
47129,15892,103279,119171,6.4988044299018375
47137,15892,103279,119171,6.4988044299018375
47218,15907,103308,119215,6.494499277047841
47295,15910,103324,119234,6.494280326838466
47339,15946,103368,119314,6.482378025837201
47435,15986,103451,119437,6.471349931189791
47459,15997,103495,119492,6.469650559479902
47513,16028,103573,119601,6.462003993012228
47832,16220,103967,120187,6.40980271270037
47894,16257,104047,120304,6.400135326320969
47945,16260,104055,120315,6.399446494464945
47967,16279,104107,120386,6.395171693592973
47974,16280,104121,120401,6.395638820638821
47991,16294,104168,120462,6.393028108506199
48021,16317,104220,120537,6.387203530060673
48040,16332,104246,120578,6.382929218711731
48082,16359,104313,120672,6.376490005501559
48098,16373,104409,120782,6.37690099554144
48106,16376,104423,120799,6.376587689301417
48145,16395,104474,120869,6.372308630680085
48247,16438,104777,121215,6.3740722715658835
48366,16533,104952,121485,6.34803121030666
48430,16558,105026,121584,6.342915811088296
48455,16574,105055,121629,6.338542295161096
48522,16617,105113,121730,6.325630378528014
48589,16672,105210,121882,6.310580614203455
48956,16834,105577,122411,6.271652607817512
48959,16836,105580,122416,6.2710857685911146
48971,16844,105593,122437,6.268879126098314
49010,16857,105616,122473,6.265409028890075
49280,17018,105837,122855,6.219120930779175
49393,17075,105916,122991,6.20298682284041
49401,17075,105916,122991,6.20298682284041
49450,17112,105988,123100,6.193782141187471
49651,17232,106240,123472,6.165273909006499
49824,17299,106362,123661,6.148447887161107
49843,17317,106396,123713,6.1440203268464515
49907,17367,106485,123852,6.13145621005355
50036,17452,106653,124105,6.111219344487738
50274,17635,107002,124637,6.067592855117664
50306,17652,107067,124719,6.065431679129843
50349,17671,107108,124779,6.0612302642748
50400,17686,107158,124844,6.058916657243017
50442,17723,107212,124935,6.049314450149523
50468,17746,107246,124992,6.04339005973177
50529,17777,107298,125075,6.035776565224729
50581,17802,107336,125138,6.029434894955623
50614,17823,107388,125211,6.025248274701228
50783,17862,107481,125343,6.017299294591871
50908,17956,107782,125738,6.002561817776788
50923,17963,107793,125756,6.00083504982464
50956,17987,107831,125818,5.9949407905709675
51028,18040,107967,126007,5.984866962305987
51226,18160,108187,126347,5.957433920704846
51243,18172,108203,126375,5.954380365397315
51275,18187,108266,126453,5.952933413977017
51331,18240,108365,126605,5.941063596491228
51363,18269,108399,126668,5.933493896765012
51383,18280,108425,126705,5.931345733041575
51413,18287,108431,126718,5.929403401323344
51426,18303,108448,126751,5.925148882696826
51516,18341,108487,126828,5.914999182160187
51537,18356,108498,126854,5.910764872521247
51584,18374,108526,126900,5.906498312833351
51640,18402,108588,126990,5.900880339093577
51654,18411,108605,127016,5.898919124436478
51689,18419,108633,127052,5.897877192029969
51724,18432,108708,127140,5.897786458333333
53243,19363,111850,131213,5.776480917213242
53279,19373,111873,131246,5.7746864192432765
53530,19561,112244,131805,5.738152446193958
53596,19607,112343,131950,5.729739378793288
53811,19689,112710,132399,5.7245162273350605
53877,19753,112830,132583,5.712043740191364
55281,20129,115505,135634,5.738238362561479
57411,20134,124097,144231,6.163554186947452
57446,20147,124172,144319,6.163299746860575
57482,20163,124216,144379,6.160591181867778
57648,20238,124430,144668,6.14833481569325
57664,20249,124523,144772,6.149587633957233
57751,20316,124693,145009,6.1376747391218744
57790,20345,124742,145087,6.131334480216269
57826,20381,124823,145204,6.124478681124577
57845,20391,124838,145229,6.122210779265362
58656,20933,126005,146938,6.019442984760904
58736,20993,126141,147134,6.0087171914447675
58937,21167,126464,147631,5.974583077431851
58945,21167,126464,147631,5.974583077431851
58965,21169,126471,147640,5.974349284330861
58994,21191,126513,147704,5.970128828276155
59010,21194,126536,147730,5.970368972350665
59150,21227,126625,147852,5.965280067838131
59283,21295,126728,148023,5.951068325898098
59350,21362,126858,148220,5.93848890553319
59370,21374,126875,148249,5.9359502198933285
59536,21374,127164,148538,5.949471320295686
59572,21387,127192,148579,5.947164165147052
59578,21393,127208,148601,5.946244098536905
59761,21467,127389,148856,5.934178040713654
59777,21470,127398,148868,5.933768048439683
59828,21486,127437,148923,5.931164479195755
59864,21516,127494,149010,5.925543781372002
59887,21526,127524,149050,5.924184706866115
60043,21560,127633,149193,5.919897959183674
60121,21569,128025,149594,5.93560202141963
60176,21586,128107,149693,5.934726211433336
60179,21590,128117,149707,5.934089856415007
60204,21607,128140,149747,5.930485490813163
60237,21625,128181,149806,5.927445086705203
60262,21646,128215,149861,5.9232652684098674
60319,21677,128277,149954,5.9176546570097335
60474,21733,128406,150139,5.908342152487001
60505,21756,128453,150209,5.90425629711344
60572,21782,128558,150340,5.902029198420714
60672,21813,128646,150459,5.897675697978269
60731,21848,128739,150587,5.892484437934822
60767,21878,128787,150665,5.886598409361002
60827,21929,128841,150770,5.8753705139313235
60912,21983,128984,150967,5.867443024155029
60990,22014,129082,151096,5.863632234032888
61178,22109,129266,151375,5.846759238319237
61191,22109,129273,151382,5.847075851463205
61303,22160,129454,151614,5.841787003610109
61329,22176,129495,151671,5.839420995670996
61345,22176,129521,151697,5.840593434343434
61356,22176,129521,151697,5.840593434343434
61639,22384,130211,152595,5.817146175839886
61702,22423,130314,152737,5.811621995272711
61752,22557,130349,152906,5.778649643126302
61791,22605,130441,153046,5.77044901570449
61865,22648,130690,153338,5.770487460261392
61900,22687,130769,153456,5.76404989641645
62129,22874,131137,154011,5.733015650957419
62146,22885,131156,154041,5.731090233777584
62166,22885,131177,154062,5.732007865414027
62178,22890,131181,154071,5.730930537352556
62191,22901,131188,154089,5.7284834723374525
62658,23133,131797,154930,5.697358751567026
62668,23154,131830,154984,5.693616653709942
62922,23305,132275,155580,5.675820639347779
62962,23320,132317,155637,5.6739708404802744
62969,23327,132330,155657,5.67282548120204
63528,23681,133559,157240,5.639922300578523
63624,23715,133624,157339,5.634577271768922
64506,24432,136682,161114,5.594384413883431
64529,24451,136729,161180,5.591959429062206
64544,24471,136765,161236,5.588860283600997
64625,24486,136805,161291,5.587070162541861
64635,24493,136820,161313,5.586085820438493
64673,24527,136881,161408,5.5808292901700165
64687,24536,136909,161445,5.579923377893707
64768,24574,137012,161586,5.575486286318873
64832,24606,137113,161719,5.572340079655369
64863,24623,137161,161784,5.570442269422897
65145,24728,137332,162060,5.553704302814623
65289,24782,137453,162235,5.5464853522718105
65358,24802,137493,162295,5.543625514071445
65669,24903,137690,162593,5.529052724571337
65939,25020,138042,163062,5.517266187050359
65940,25020,138044,163064,5.517346123101519
66014,25039,138079,163118,5.514557290626622
66049,25052,138089,163141,5.5120948427271275
66134,25104,138192,163296,5.504780114722753
66154,25115,138250,163365,5.504678478996616
66179,25132,138287,163419,5.502427184466019
66263,25168,138380,163548,5.498251748251748
66273,25178,138391,163569,5.496504885217253
66682,25178,138391,163569,5.496504885217253
66721,25195,138428,163623,5.494264735066482
67168,25306,140026,165332,5.533312257962539
67199,25322,140050,165372,5.530763762735961
67432,25532,140559,166091,5.505209149302836
67507,25580,140655,166235,5.498631743549648
67601,25666,140823,166489,5.486752902672797
67643,25689,140859,166548,5.483241854490249
67686,25703,140923,166626,5.482745204839902
68739,26190,142141,168331,5.427300496372661
68779,26215,142222,168437,5.425214571810033
70531,27047,144952,171999,5.359263504270344
70544,27059,144969,172028,5.357515059684394
70588,27117,145051,172168,5.3490799129697235
70699,27217,145223,172440,5.335746041077268
70700,27217,145225,172442,5.335819524561855
70705,27219,145230,172449,5.3356111539733275
70726,27241,145254,172495,5.332183106347051
70771,27258,145286,172544,5.330031550370533
70835,27302,145394,172696,5.325397406783386
70894,27332,145440,172772,5.32123518220401
70901,27334,145445,172779,5.32102875539621
70928,27358,145477,172835,5.317530521236932
71054,27433,145538,172971,5.305216345277586
71126,27460,145630,173090,5.303350327749453
71131,27464,145649,173113,5.3032697349257205
71414,27588,145973,173561,5.291177323473974
71429,27596,145991,173587,5.290295695028265
71708,27702,146198,173900,5.277525088441267
71781,27737,146291,174028,5.2742185528355625
71801,27745,146307,174052,5.273274463867364
73579,28456,148102,176558,5.204596570143379
73615,28487,148141,176628,5.2003018920911295
73692,28539,148249,176788,5.194610883352605
73738,28555,148272,176827,5.192505690772194
73764,28575,148301,176876,5.189886264216973
73790,28595,148333,176928,5.187375415282392
73982,28739,148581,177320,5.17001287449111
74036,28758,148622,177380,5.168022811043883
74110,28783,148720,177503,5.166938818052323
74144,28805,148774,177579,5.164867210553723
74235,28807,148799,177606,5.165376470996633
74249,28829,148829,177658,5.162475285302993
74346,28907,148966,177873,5.153284671532846
74401,28955,149015,177970,5.146434121913313
74423,28966,149069,178035,5.1463439895049365
74465,28994,149156,178150,5.144374698213423
74515,29001,149173,178174,5.143719182097169
74563,29032,149276,178308,5.1417745935519426
74580,29040,149298,178338,5.141115702479339
74630,29054,149336,178390,5.13994630687685
74658,29074,149373,178447,5.137683153332874
75062,29283,149898,179181,5.118942731277533
75260,29287,150057,179344,5.123672619250862
75269,29296,150076,179372,5.122747132714363
75340,29315,150134,179449,5.121405423844449
75360,29339,150162,179501,5.118170353454446
75569,29413,150348,179761,5.111617312072893
75588,29425,150363,179788,5.110042480883602
76769,29474,151795,181269,5.150132320010857
76807,29494,151838,181332,5.148097918220655
76837,29511,151884,181395,5.146691064348887
76910,29569,151963,181532,5.139267476072914
77028,29647,152236,181883,5.134954632846494
77048,29661,152275,181936,5.133845790769024
77372,29786,152747,182533,5.128147451823004
77567,29858,153074,182932,5.126733203831469
77617,29878,153148,183026,5.125778164535779
77685,29924,153280,183204,5.122309851624115
77739,29969,153377,183346,5.117855116954186
77773,29975,153384,183359,5.117064220183487
77829,29983,153408,183391,5.116499349631458
77932,30027,153519,183546,5.112698571285843
77933,30027,153521,183548,5.112765178006461
77958,30040,153561,183601,5.111884154460719
77983,30054,153595,183649,5.110634191788114
78052,30090,153667,183757,5.106912595546693
78212,30175,153858,184033,5.098856669428335
78227,30191,153878,184069,5.096816932198338
78405,30365,154468,184833,5.087041001152643
78415,30376,154485,184861,5.085758493547537
78438,30389,154568,184957,5.086314126822205
78475,30401,154648,185049,5.086937929673366
78568,30446,154713,185159,5.081554227156277
78727,30491,154812,185303,5.0773014988029255
79514,30761,155285,186046,5.048112870192776
79535,30780,155309,186089,5.045776478232619
79568,30799,155344,186143,5.043800123380629
79844,30944,155996,186940,5.041235780765254
79871,30960,156037,186997,5.039954780361757
79897,30975,156134,187109,5.040645682001614
79927,30992,156165,187157,5.038881001548787
80040,31035,156242,187277,5.034380538102143
80111,31077,156372,187449,5.031759822376677
80288,31198,156664,187862,5.021603948971088
80330,31219,156733,187952,5.0204362727826
80337,31219,156733,187952,5.0204362727826
80350,31230,156759,187989,5.019500480307396
80461,31242,156861,188103,5.020837334357595
80985,31254,158111,189365,5.0589044602290905
81041,31319,158222,189541,5.0519492959545325
81103,31350,158284,189634,5.048931419457735
81215,31430,158468,189898,5.041934457524658
81230,31444,158474,189918,5.039880422338125
81263,31476,158654,190130,5.040475282755115
81307,31499,158706,190205,5.038445664941745
81342,31520,158740,190260,5.036167512690355
81353,31525,158751,190276,5.035717684377478
81369,31527,158756,190283,5.035556824309322
81385,31529,158780,190309,5.035998604459387
81488,31535,158988,190523,5.04163627715237
81676,31663,159354,191017,5.032814325869311
81693,31663,159410,191073,5.034582951710198
81694,31663,159412,191075,5.034646116918801
82021,31841,159803,191644,5.01878081718539
82048,31848,159824,191672,5.018337101230847
82093,31884,159901,191785,5.015085936519885
82231,31963,160213,192176,5.012451897506492
82438,32071,160524,192595,5.005269558167815
82535,32071,160713,192784,5.011162732686851
83103,32387,161461,193848,4.98536449810109
83227,32466,161796,194262,4.983552023655516
83455,32662,162262,194924,4.967913783601739
83484,32662,162298,194960,4.9690159818749615
83580,32710,162421,195131,4.96548456129624
83591,32716,162429,195145,4.964818437461792
83600,32721,162440,195161,4.964395953668897
83645,32754,162525,195279,4.961989375343469
84067,32947,163045,195992,4.9487054967068325
84074,32953,163051,196004,4.94798652626468
84288,32963,163350,196313,4.955556229712101
84296,32976,163379,196355,4.9544820475497335
84351,32999,163398,196397,4.951604594078608
84480,33072,163538,196610,4.944908079342041
84493,33078,163547,196625,4.94428320938388
84503,33084,163566,196650,4.943960826985855
84543,33103,163596,196699,4.942029423315107
84552,33107,163617,196724,4.942066632434228
84579,33119,163729,196848,4.943657719134031
84614,33127,163808,196935,4.944848612913937
84632,33133,163817,196950,4.944224790993873
84669,33146,163882,197028,4.944246666264406
84797,33296,164249,197545,4.932994954348871
84856,33320,164317,197637,4.931482593037215
84873,33331,164336,197667,4.930425129759083
84888,33342,164377,197719,4.930028192669906
84914,33345,164400,197745,4.930274403958615
84945,33357,164437,197794,4.92960997691639
85365,33572,165204,198776,4.920886452996545
85396,33589,165250,198839,4.919765399386704
85413,33599,165281,198880,4.919223786422215
85444,33616,165295,198911,4.917152546406473
85496,33646,165378,199024,4.915235094810676
85519,33663,165403,199066,4.913495529216053
85537,33674,165445,199119,4.913137732375127
85557,33674,165469,199143,4.913850448417176
85573,33679,165483,199162,4.91353662519671
85633,33734,165617,199351,4.909497836011146
85646,33746,165637,199383,4.90834469270432
86517,33781,165837,199618,4.909179716408632
86546,33793,165896,199689,4.909182375048087
86556,33800,165902,199702,4.908343195266272
86652,33853,166069,199922,4.90559182347207
86690,33867,166104,199971,4.904597395694925
86707,33883,166133,200016,4.903137266475814
86721,33890,166141,200031,4.9023605783416935
86738,33900,166155,200055,4.901327433628318
86786,33920,166229,200149,4.900619103773585
86825,33936,166246,200182,4.898809523809524
86868,33956,166306,200262,4.897691129697256
86889,33963,166354,200317,4.898094985719754
87168,34116,166999,201115,4.895034587876656
87224,34153,167109,201262,4.892952302872368
87565,34388,167581,201969,4.873240665348377
87646,34433,167697,202130,4.8702407574129465
87689,34457,167723,202180,4.867603099515338
87696,34463,167734,202197,4.867074833879813
87741,34493,167821,202314,4.865363986895892
87764,34509,167875,202384,4.8646729838592835
87922,34558,167949,202507,4.859916661843856
87965,34583,168003,202586,4.857964896047191
88157,34583,168463,203046,4.871266229072088
88280,34688,168661,203349,4.8622290129151295
88715,34721,170063,204784,4.8979868091356815
89049,34896,170562,205458,4.8877235213204955
89096,34907,170589,205496,4.886956770848254
89129,34926,170616,205542,4.8850712935921665
89145,34926,170642,205568,4.885815724675028
89165,34936,170662,205598,4.884989695443096
89223,34958,170770,205728,4.885004862978431
89228,34960,170778,205738,4.884954233409611
89260,34973,170880,205853,4.886054956680868
89389,35055,171024,206079,4.878733418913137
89436,35084,171067,206151,4.875926348192908
89448,35088,171076,206164,4.8756269949840405
89475,35102,171148,206250,4.875733576434391
89488,35110,171157,206267,4.874878951865566
89510,35118,171208,206326,4.875220684549234
89564,35180,171343,206523,4.870466173962479
89566,35181,171346,206527,4.870413007020835
89593,35182,171378,206560,4.871184128247399
89633,35205,171435,206640,4.869620792501065
89681,35223,171518,206741,4.869488686369702
89841,35282,171664,206946,4.865483816110197
89934,35366,171924,207290,4.86127919470678
89943,35377,171944,207321,4.860332984707578
90584,35644,172651,208295,4.843760520704747
90587,35649,172655,208304,4.843193357457432
90743,35668,172790,208458,4.844398340248962
90748,35674,172799,208473,4.84383584683523
90826,35697,172867,208564,4.84261982799675
90841,35699,172875,208574,4.842572621081823
90912,35729,172995,208724,4.841865151557558
90983,35785,173090,208875,4.836942853150761
91025,35798,173107,208905,4.835661210123471
91045,35812,173134,208946,4.834524740310511
91078,35844,173191,209035,4.831798906372057
91148,35866,173309,209175,4.8321251324374055
91837,36304,174479,210783,4.806054429263993
91879,36322,174520,210842,4.804801497714884
91899,36322,174535,210857,4.805214470568801
92068,36433,174781,211214,4.797326599511432
92111,36454,174878,211332,4.797223898611949
92153,36478,174940,211418,4.795767311804375
93151,37024,176003,213027,4.753754321521176
93172,37030,176043,213073,4.75406427221172
93251,37080,176141,213221,4.75029665587918
93283,37095,176194,213289,4.749804555870063
93608,37320,176681,214001,4.734217577706324
93628,37320,176702,214022,4.734780278670954
93669,37333,176756,214089,4.734577987303458
93689,37342,176764,214106,4.733651116705051
93814,37387,176873,214260,4.730869018642844
93863,37422,176943,214365,4.728314894981562
93898,37434,176985,214419,4.727921141208527
93914,37436,177009,214445,4.728309648466716
93926,37442,177054,214496,4.728753805886438
94004,37488,177114,214602,4.72455185659411
94062,37511,177154,214665,4.722721335075045
94080,37531,177185,214716,4.721030614691855
94099,37532,177209,214741,4.721544282212512
94181,37606,177421,215027,4.717890762112429
94663,37827,178221,216048,4.711475929891347
94824,37954,178458,216412,4.701954998155662
94854,37967,178506,216473,4.701609292280138
94891,38004,178561,216565,4.698479107462372
94894,38004,178570,216574,4.698715924639512
95194,38140,178977,217117,4.692632406921867
95201,38145,178991,217136,4.69238432297811
95354,38212,179182,217394,4.6891552391918765
95534,38262,179319,217581,4.686608122941823
95565,38280,179378,217658,4.685945663531871
96403,38718,180334,219052,4.657626943540472
96781,38965,181089,220054,4.647478506351854
96845,39008,181171,220179,4.644457547169812
96990,39064,181328,220392,4.64181855416752
97031,39079,181382,220461,4.641418664756007
97116,39127,181504,220631,4.638842742862985
97129,39134,181524,220658,4.638524045586958
97194,39161,181605,220766,4.637394346416078
97235,39196,181651,220847,4.634426982345137
97266,39207,181660,220867,4.633356288417884
97298,39221,181677,220898,4.632135845592922
97355,39257,181766,221023,4.630155131568892
97423,39291,181847,221138,4.628210022651498
97478,39295,181885,221180,4.628705942231836
97482,39296,181892,221188,4.628766286644951
97505,39312,181939,221251,4.62807794057794
97516,39319,181958,221277,4.627737226277373
97845,39414,182233,221647,4.623560156289643
97962,39445,182329,221774,4.622360248447205
97985,39449,182348,221797,4.622373190701919
98016,39473,182385,221858,4.620500088668203
98065,39509,182433,221942,4.617504872307576
98319,39599,183356,222955,4.630318947448168
98464,39694,183542,223236,4.623923011034413
98520,39766,183623,223389,4.617587889151537
98599,39791,183716,223507,4.617023950139479
98602,39792,183719,223511,4.61698331322879
98844,39938,184059,223997,4.608618358455606
98851,39939,184069,224008,4.6087533488570065
99079,40005,184182,224187,4.603974503187102
99096,40008,184205,224213,4.604204159168166
99406,40135,184527,224662,4.59765790457207
101239,40163,186989,227152,4.655752807310211
101260,40170,187007,227177,4.655389594224546
101345,40201,187115,227316,4.654486206810776
101381,40224,187155,227379,4.652819212410501
101427,40269,187253,227522,4.650053390945889
101521,40304,187335,227639,4.648049821357682
101650,40351,187600,227951,4.649203241555352
101719,40374,187647,228021,4.647718828949324
101985,40398,187825,228223,4.649363829892569
102080,40473,187936,228409,4.643490722209869
102306,40640,188294,228934,4.633218503937008
102309,40641,188299,228940,4.633227528850176
102826,41241,189413,230654,4.592832375548604
102835,41244,189432,230676,4.592958975851033
102836,41244,189434,230678,4.593007467752885
102844,41255,189453,230708,4.592243364440674
102864,41255,189474,230729,4.5927523936492545
103139,41399,190041,231440,4.590473199835745
103168,41425,190078,231503,4.588485214242607
103255,41476,190492,231968,4.59282476612981
103322,41538,190669,232207,4.59023063219221
103380,41558,190766,232324,4.590355647528755
103443,41582,190871,232453,4.59023135010341
103476,41612,190975,232587,4.589421320772854
103531,41640,191063,232703,4.58844860710855
103559,41652,191091,232743,4.587798905214636
103614,41659,191281,232940,4.591588852348832
103755,41659,191281,232940,4.591588852348832
104491,42194,192396,234590,4.55979523154951
104702,42308,192683,234991,4.554292332419401
104733,42340,192765,235105,4.552786962683042
104746,42344,192789,235133,4.552923672775363
104805,42360,192842,235202,4.552455146364495
104840,42371,192884,235255,4.552264520544712
104849,42376,192893,235269,4.551939777232396
104869,42406,192904,235310,4.548978918077631
104886,42424,192911,235335,4.54721384122195
104899,42431,192919,235350,4.546652211826259
104917,42436,192924,235360,4.546234329343011
104950,42442,192952,235394,4.5462513547900665
105131,42550,193220,235770,4.541010575793185
105156,42566,193248,235814,4.539961471597049
105189,42589,193284,235873,4.538354974289136
105288,42624,193638,236262,4.542933558558558
105331,42639,193698,236337,4.542742559628509
105337,42642,193709,236351,4.542680924909713
105432,42708,193882,236590,4.53971152945584
105490,42751,194021,236772,4.538396762648827
105504,42762,194032,236794,4.537486553482063
105535,42790,194077,236867,4.535569058191166
105551,42800,194098,236898,4.535
105575,42827,194123,236950,4.532724683027062
105596,42843,194144,236987,4.53152206894942
105676,42884,194225,237109,4.529078444174984
105705,42909,194260,237169,4.527255354354565
105730,42919,194293,237212,4.526969407488525
105776,42943,194360,237303,4.525999580839718
105852,42964,194472,237436,4.526394190485057
105912,42985,194557,237542,4.526160288472723
105983,43038,194613,237651,4.521887634183744
106001,43038,194613,237651,4.521887634183744
106183,43104,194821,237925,4.519789346696363
107202,43324,196106,239430,4.526498014957068
109553,44465,201153,245618,4.523850219273586
109586,44487,201216,245703,4.523029199541439
109673,44506,201305,245811,4.523098009257179
110060,44506,201305,245811,4.523098009257179
110079,44517,201337,245854,4.522699193566503
110138,44579,201445,246024,4.518831736916486
110161,44585,201452,246037,4.518380621285186
110394,44705,201687,246392,4.5115087797785485
110397,44708,201693,246401,4.511340252303838
115588,45235,211926,257161,4.685000552669393
115614,45264,211963,257227,4.68281636620714
115623,45264,211963,257227,4.68281636620714
115681,45311,212089,257400,4.680739776213281
115690,45318,212095,257413,4.680149168100975
115721,45335,212137,257472,4.67932061321275
115789,45384,212281,257665,4.677441389035783
115795,45388,212283,257671,4.677073235216357
115995,45530,212707,258237,4.671798813968811
116040,45537,212720,258257,4.671366141818741
116060,45553,212739,258292,4.670142471406932
116111,45563,212853,258416,4.671619515835217
116281,45655,213046,258701,4.666433030336218
119105,46829,216111,262940,4.614896752012641
119285,46925,216342,263267,4.610378263185935
119367,46971,216508,263479,4.609397287688148
119395,46979,216547,263526,4.6094425168692394
119959,47255,217281,264536,4.598053116072373
120121,47327,217499,264826,4.59566420859129
120202,47374,217554,264928,4.5922657998058005
120292,47440,217650,265090,4.5879005059021924
120295,47443,217656,265099,4.5877368631831885
120305,47448,217664,265112,4.587422019895465
120314,47458,217667,265125,4.586518605925239
120392,47490,217802,265292,4.586270793851337
120397,47493,217805,265298,4.58604425915398
120446,47514,217891,265405,4.585827335101233
120481,47521,217971,265492,4.586835293870078
120550,47559,218065,265624,4.585146870203326
120656,47628,218371,265999,4.584929033341732
120659,47631,218377,266008,4.584766223677857
120732,47663,218446,266109,4.58313576568827
120764,47676,218481,266157,4.582620186257237
120797,47686,218543,266229,4.582959359141047
120838,47710,218605,266315,4.58195346887445
120855,47721,218620,266341,4.581211625908929
120868,47732,218643,266375,4.580637727310819
121215,48013,219371,267384,4.5689917314060775
121379,48059,219642,267701,4.570257391955721
121387,48069,219668,267737,4.569847510869791
121417,48092,219693,267785,4.568181818181818
121536,48150,219933,268083,4.5676635514018695
121636,48195,219993,268188,4.564643635231871
121732,48281,220171,268452,4.560199664464282
121833,48342,220326,268668,4.557651731413678
121840,48344,220326,268670,4.557463180539467
121867,48359,220370,268729,4.556959407762775
122867,48638,221297,269935,4.549878695670052
122914,48657,221382,270039,4.549848942598187
123236,48845,221716,270561,4.539174941140342
123867,49160,222611,271771,4.528295362082995
123883,49171,222626,271797,4.527587399076691
123884,49171,222628,271799,4.527628073457932
123903,49188,222668,271856,4.526876473936732
123914,49198,222688,271886,4.526362860278873
124031,49237,222753,271990,4.524097731380872
124262,49316,222924,272240,4.520317949549842
124402,49471,223193,272664,4.5115926502395345
124431,49488,223229,272717,4.510770287746524
124448,49494,223236,272730,4.510364892714269
124487,49505,223280,272785,4.51025148974851
124514,49522,223313,272835,4.5093695731190175
124535,49533,223338,272871,4.508872872630367
124625,49575,223422,272997,4.506747352496218
124676,49601,223507,273108,4.506098667365578
124769,49656,223596,273252,4.502899951667472
124775,49659,223604,273263,4.502789021124066
124775,49659,223604,273263,4.502789021124066
124788,49669,223626,273295,4.502325394109001
124999,49840,223865,273705,4.491673354735153
125009,49852,223900,273752,4.4912942309235335
125047,49883,223963,273846,4.489766052562997
125150,49896,224305,274201,4.495450537117204
125188,49911,224347,274258,4.494940994971048
125195,49913,224349,274262,4.494800953659367
125197,49913,224354,274267,4.494901127962655
125282,49989,224517,274506,4.49132809218028
125412,49991,224901,274892,4.498829789362085
125483,49991,225073,275064,4.502270408673561
125765,50115,225452,275567,4.498693006086002
125808,50160,225541,275701,4.4964314194577355
125839,50183,225580,275763,4.495147759201323
125979,50297,225823,276120,4.489790643577152
126015,50297,225864,276161,4.490605801538859
126059,50318,225952,276270,4.4904805437418025
126204,50406,226322,276728,4.489981351426417
126301,50467,226491,276958,4.487902986109735
126328,50494,226522,277016,4.486117162435141
126368,50517,226559,277076,4.484807094641408
126374,50525,226569,277094,4.4842949035131126
126410,50542,226587,277129,4.483142732776701
126418,50542,226592,277134,4.483241660401251
126434,50542,226618,277160,4.48375608404891
126484,50572,226680,277252,4.482322233647078
126510,50578,226697,277275,4.482126616315394
126572,50616,226805,277421,4.480895369053264
126672,50697,226963,277660,4.476852673728229
126679,50700,226970,277670,4.4767258382643
126904,50817,227432,278249,4.4755101639215225
126942,50850,227469,278319,4.473333333333334
126953,50850,227479,278329,4.473529990167158
127030,50888,227536,278424,4.47130954252476
127083,50927,227661,278588,4.470339898285782
127098,50931,227682,278613,4.4704011309418625
127139,50948,227776,278724,4.470754494778991
127603,51153,228428,279581,4.465583641233163
127608,51155,228436,279591,4.46556543837357
127611,51155,228445,279600,4.465741374254716
128374,51559,229632,281191,4.453771407513722
128422,51591,229709,281300,4.452501405283868
128587,51643,230001,281644,4.453672327324129
128638,51655,230015,281670,4.45290872132417
128836,51713,230136,281849,4.4502542880900355
128913,51759,230165,281924,4.446859483374872
128990,51788,230391,282179,4.448733297288947
128999,51795,230403,282198,4.448363741673907
129092,51868,230583,282451,4.445573378576386
129115,51891,230609,282500,4.444103987203947
129127,51897,230627,282524,4.4439370291153635
129130,51900,230633,282533,4.443795761078998
129155,51900,230633,282533,4.443795761078998
129233,51969,230804,282773,4.441186091708518
129250,51971,230837,282808,4.441650151045775
129273,51978,230885,282863,4.441975451152411
129304,51992,230902,282894,4.441106324049854
129551,52100,231149,283249,4.436641074856046
129611,52126,231226,283352,4.435905306373019
129621,52150,231251,283401,4.434343240651965
129647,52164,231272,283436,4.4335557089180275
138478,52175,257752,309927,4.940143747005271
138708,52182,261394,313576,5.009275229006171
138742,52195,261426,313621,5.008640674394099
138798,52212,261460,313672,5.007661074082586
138874,52243,261539,313782,5.006201787799323
138970,52299,261694,313993,5.0038050440735
139019,52327,261763,314090,5.0024461559042175
139056,52351,261817,314168,5.0011843135756715
140057,52716,263154,315870,4.991918961984976
140129,52750,263224,315974,4.9900284360189575
140170,52776,263260,316036,4.988252235864787
140216,52793,263305,316098,4.987498342583297
140226,52799,263324,316123,4.987291425973977
140255,52818,263351,316169,4.986008557688667
140279,52834,263386,316220,4.98516107052277
140318,52850,263415,316265,4.984200567644276
140338,52859,263430,316289,4.983635710096673
140790,52998,264122,317120,4.983622023472583
140836,52998,264265,317263,4.986320238499566
140845,53003,264277,317280,4.986076259834349
140916,53054,264424,317478,4.984053982734572
140937,53062,264460,317522,4.983981003354566
141131,53188,264714,317902,4.976949687899526
141180,53217,264769,317986,4.975271059999624
141535,53299,265047,318346,4.97283251092891
141542,53306,265055,318361,4.972329568904064
141869,53504,265977,319481,4.971161034688995
141930,53553,266059,319612,4.968143708102254
141941,53557,266063,319620,4.967847340216965
141995,53575,266110,319685,4.967055529631358
142024,53586,266139,319725,4.9665770910312395
142045,53596,266154,319750,4.965930293305471
142143,53663,266302,319965,4.962488120306356
142151,53666,266308,319974,4.962322513323147
142425,53797,266760,320557,4.958640816402402
142510,53802,266820,320622,4.959295193487231
142511,53802,266822,320624,4.959332366826512
142625,53879,267115,320994,4.957682956253828
142743,53944,267275,321219,4.954675218745366
142839,54009,267412,321421,4.951248865929752
142903,54020,267738,321758,4.956275453535728
144624,54763,269531,324294,4.921771999342622
144859,54843,270165,325008,4.926152836278103
144867,54847,270165,325012,4.925793571207176
144873,54847,270179,325026,4.926048826736193
145363,55056,270722,325778,4.917211566405115
145484,55139,270906,326045,4.913146774515316
145538,55199,271036,326235,4.91016141596768
146106,55618,272008,327626,4.890646912869935
146131,55639,272045,327684,4.889466022034903
146247,55695,272180,327875,4.886973696022983
146271,55705,272199,327904,4.886437483170272
146513,55841,272543,328384,4.880696978922297
146550,55869,272590,328459,4.879092162021872
146566,55871,272614,328485,4.879347067351578
146595,55871,272614,328485,4.879347067351578
147092,56204,273615,329819,4.868247811543663
147192,56322,273838,330160,4.862007741202372
147227,56367,273954,330321,4.860184150300708
147777,56508,274978,331486,4.866178240249169
147835,56547,275058,331605,4.864236829540029
147956,56609,275210,331819,4.861594446112809
147977,56630,275302,331932,4.86141621048914
148044,56651,275355,332006,4.8605496813824995
148060,56662,275388,332050,4.860188486110621
148312,56779,275703,332482,4.855721305412212
148577,56801,276506,333307,4.8679776764493585
148605,56824,276532,333356,4.866464873996903
148624,56846,276562,333408,4.8651092425148645
148643,56863,276616,333479,4.864604400049241
148664,56879,276665,333544,4.864097470068039
148751,56927,276836,333763,4.862999982433643
148761,56931,276850,333781,4.8629042173859585
148772,56936,276857,333793,4.862600112406913
148790,56962,276892,333854,4.860995049331133
148901,56962,277201,334163,4.866419718408764
148924,56978,277226,334204,4.865491944259188
148997,57014,277289,334303,4.863524748307433
149559,57204,278084,335288,4.8612684427662405
149565,57207,278099,335306,4.861275718006538
149651,57207,278099,335306,4.861275718006538
149680,57239,278161,335400,4.859641153758801
149704,57260,278184,335444,4.858260565840028
149732,57260,278231,335491,4.859081383164512
149753,57275,278259,335534,4.858297686599738
149861,57356,278515,335871,4.855899993026013
149911,57379,278587,335966,4.855208351487478
149916,57381,278592,335973,4.855126261306007
149950,57404,278626,336030,4.853773256219079
150006,57423,278669,336092,4.852916078923079
150184,57562,279002,336564,4.846982384211806
150193,57569,279021,336590,4.846723062759471
150315,57645,279127,336772,4.842171914303062
150321,57650,279131,336781,4.841821335646141
150337,57650,279157,336807,4.8422723330442325
150345,57656,279162,336818,4.841855140835299
150616,57707,279218,336925,4.83854645017069
150642,57723,279251,336974,4.837776969318989
150677,57748,279283,337031,4.8362367527879755
150692,57765,279314,337079,4.835350125508526
150763,57829,279377,337206,4.831088208338377
150817,57865,279510,337375,4.830381059362309
150861,57883,279679,337562,4.831798628267367
150885,57910,279728,337638,4.830391987566914
151373,58123,280361,338484,4.823581026443921
151405,58154,280420,338574,4.822024280359047
151452,58184,280516,338700,4.821187955451671
151476,58191,280530,338721,4.8208485848327065
151546,58237,280767,339004,4.821110290708656
151573,58240,280795,339035,4.82134271978022
151591,58249,280825,339074,4.821112808803584
151778,58278,281167,339445,4.824582175091801
151887,58320,281329,339649,4.823885459533607
152340,58466,282187,340653,4.826514555468135
152343,58466,282196,340662,4.826668491088838
152380,58507,282241,340748,4.824055241253183
152388,58510,282254,340764,4.824030080328149
152398,58515,282262,340777,4.8237545928394425
152521,58599,282428,341027,4.8196726906602505
152558,58600,282487,341087,4.820597269624574
152576,58612,282508,341120,4.819968607111171
154042,59428,285337,344765,4.801389917210742
154118,59482,285501,344983,4.799788171211459
154136,59498,285538,345036,4.7991192981276685
154184,59521,285585,345106,4.798054468170898
154266,59589,285676,345265,4.7941062947859505
154395,59591,286057,345648,4.800338977362354
154427,59602,286076,345678,4.799771819737592
154454,59621,286107,345728,4.798762181110683
154540,59680,286235,345915,4.796162868632708
154568,59702,286263,345965,4.794864493651804
154594,59714,286294,346008,4.794420068995546
154787,59833,286619,346452,4.79031638059265
155974,60522,288667,349189,4.769620964277453
157855,61352,291908,353260,4.757921502151519
157915,61380,291990,353370,4.757086999022483
158031,61475,292347,353822,4.755542903619357
158140,61475,292551,354026,4.7588613257421715
158169,61485,292588,354073,4.7586891111653244
158195,61495,292621,354116,4.758451906659078
158211,61501,292628,354129,4.758101494284646
158227,61508,292647,354155,4.757868895103076
158247,61515,292664,354179,4.757603836462652
158277,61522,292718,354240,4.757940249016612
158531,61698,293179,354877,4.751839605821907
158551,61711,293223,354934,4.751551587237284
158813,61836,293890,355726,4.752733035772042
159044,61836,293890,355726,4.752733035772042
159053,61838,293892,355730,4.7526116627316535
159323,61845,294550,356395,4.762713234699652
159349,61866,294585,356451,4.7616623023955
159405,61906,294677,356583,4.760071721642491
159442,61932,294719,356651,4.758751533940451
159452,61932,294747,356679,4.759203642704902
159461,61938,294761,356699,4.75896864606542
159531,62005,294879,356884,4.755729376663172
159624,62046,294981,357027,4.75423073203752
159651,62067,295024,357091,4.753314966085037
159671,62067,295045,357112,4.753653310132599
160158,62067,295891,357958,4.767283741762934
160190,62094,295957,358051,4.766273714046446
160360,62177,296119,358296,4.76251668623446
160457,62208,296319,358527,4.763358410493828
160609,62303,296509,358812,4.759144824486782
160625,62303,296535,358838,4.759562139864854
160669,62330,296634,358964,4.759088721321996
160816,62392,296828,359220,4.757468906270034
160949,62451,296908,359359,4.754255336183568
160959,62451,296924,359375,4.754511537045043
161002,62469,297048,359517,4.755126542765211
161024,62471,297052,359523,4.755038337788734
161209,62595,297413,360008,4.751385893441968
161506,62886,298110,360996,4.740482778360843
161509,62886,298119,361005,4.740625894475718
161531,62887,298151,361038,4.741059360440155
161866,63032,298657,361689,4.738180606675974
161875,63034,298673,361707,4.738284100644097
161899,63047,298714,361761,4.737957396862658
161990,63094,298887,361981,4.737169936919517
162011,63101,298905,362006,4.736929684157145
162032,63112,298933,362045,4.736547724679934
162169,63197,299194,362391,4.734307008244063
162179,63202,299215,362417,4.734264738457644
162303,63270,299350,362620,4.731310257626047
162347,63316,299466,362782,4.729704971887043
162404,63348,299540,362888,4.728483930037254
162501,63412,299887,363299,4.729183750709645
162525,63430,299929,363359,4.728503862525619
162554,63454,299953,363407,4.727093642638762
162575,63470,300006,363476,4.7267370411217895
162731,63540,300198,363738,4.724551463644948
162760,63543,300212,363755,4.7245487307807315
162838,63599,300295,363894,4.721693737322914
162852,63607,300313,363920,4.721382866665619
162897,63625,300352,363977,4.720660117878192
162917,63633,300365,363998,4.720270928606227
162949,63651,300432,364083,4.719988688315973
162951,63651,300437,364088,4.720067241677271
163251,63721,300589,364310,4.717267462845844
163280,63736,300633,364369,4.716847621438434
163355,63779,300781,364560,4.715988021135484
163375,63789,300817,364606,4.715813071219176
163380,63795,300837,364632,4.715683047260757
163418,63832,300910,364742,4.714093244767515
163486,63891,301084,364975,4.712463414252398
163533,63935,301228,365163,4.711472589348557
163823,63982,301383,365365,4.710434184614423
163857,64014,301440,365454,4.708969912831568
163873,64028,301455,365483,4.708174548634972
163906,64053,301504,365557,4.707101931213214
164698,64528,302962,367490,4.695047111331515
164719,64536,302998,367534,4.695022932936656
164747,64561,303043,367604,4.693901891234646
164778,64579,303097,367676,4.693429752705988
164792,64587,303126,367713,4.693297412792048
164795,64587,303135,367722,4.693436759719448
165128,64794,303677,368471,4.686807420440164
165169,64807,303719,368526,4.686515345564523
165201,64830,303760,368590,4.685485114915934
165219,64842,303793,368635,4.685126923907344
165240,64861,303823,368684,4.684217017930652
165263,64871,303842,368713,4.683787825068213
165332,64916,303906,368822,4.681526896296753
165357,64926,303952,368878,4.68151433940178
165407,64973,304070,369043,4.679943976728795
165425,64990,304095,369085,4.67910447761194
165576,65110,304332,369442,4.674120718783597
165590,65118,304361,369479,4.673991830215916
165624,65143,304406,369549,4.672888875243695
165690,65176,304548,369724,4.672701607953848
165987,65180,304563,369743,4.672644983123657
166000,65190,304574,369764,4.672096947384568
166028,65211,304611,369822,4.671159773657818
166079,65254,304684,369938,4.669200355533761
166115,65259,304692,369951,4.668965200202271
167427,65987,307263,373250,4.656417173079546
167437,65990,307268,373258,4.656281254735566
167493,66021,307442,373463,4.656730434255767
167524,66036,307476,373512,4.656187534072324
167564,66058,307493,373551,4.654894183898998
167617,66064,307651,373715,4.656863041898765
167654,66101,307741,373842,4.6556179180345225
167723,66142,307835,373977,4.654153185570439
167776,66169,307905,374074,4.653311973885052
167961,66273,308322,374595,4.6523018423792495
168210,66301,309149,375450,4.662810515678497
168233,66317,309199,375516,4.662439495152072
169210,66852,310718,377570,4.647848979836056
169232,66857,310739,377596,4.647815486785229
169466,67030,311183,378213,4.642443681933463
169489,67035,311212,378247,4.642530021630492
169528,67053,311266,378319,4.642089093701997
169590,67092,311321,378413,4.640210457282538
169593,67092,311326,378418,4.640284981816014
169680,67151,311527,378678,4.639201203258328
169733,67174,311566,378740,4.638193348617024
169770,67199,311652,378851,4.637747585529547
169926,67285,311849,379134,4.634747714943895
171153,67798,313309,381107,4.62121301513319
171441,67892,313782,381674,4.621781653213928
171531,67906,314034,381940,4.624539805024593
171913,68096,314599,382695,4.619933623120301
171962,68120,314696,382816,4.619729888432179
172064,68162,314751,382913,4.6176902086206395
172795,68276,315481,383757,4.6206719784404475
172881,68346,315580,383926,4.617387996371404
172922,68383,315710,384093,4.616790722840472
173076,68500,315940,384440,4.612262773722628
173093,68505,316004,384509,4.6128603751550985
173128,68530,316081,384611,4.612301181964103
173396,68539,317734,386273,4.635813186652855
173401,68542,317740,386282,4.635697820314552
173995,68796,319095,387891,4.638278388278389
174039,68810,319127,387937,4.637799738410115
174076,68821,319169,387990,4.637668734833844
174114,68847,319234,388081,4.636861446395631
174144,68866,319252,388118,4.6358435222025385
174176,68882,319306,388188,4.635550651839377
174481,69060,319846,388906,4.631421951925861
175477,69474,321380,390854,4.625903215591444
175645,69543,321538,391081,4.623585407589549
175678,69553,321550,391103,4.623093180739867
175695,69561,321603,391164,4.623323413981972
175913,69680,322088,391768,4.622388059701493
176081,69693,322273,391966,4.624180333749444
176128,69702,322478,392180,4.626524346503687
176161,69712,322501,392213,4.626190612806977
176191,69728,322529,392257,4.625530633318036
176210,69728,322544,392272,4.6257457549334555
176236,69737,322586,392323,4.62575103603539
176326,69826,322750,392576,4.622203763641051
176460,69887,322862,392749,4.619771917524003
176480,69899,322895,392794,4.619450922044664
176504,69918,322921,392839,4.618567464744415
176571,69973,323171,393144,4.618509996713018
176610,69993,323261,393254,4.6184761333276185
176633,69998,323273,393271,4.618317666219035
177250,70188,323996,394184,4.616116715107996
177318,70214,324150,394364,4.616600677927479
177346,70229,324214,394443,4.616525936578906
177350,70229,324216,394445,4.616554414842871
177376,70240,324264,394504,4.616514806378132
177449,70275,324368,394643,4.615695482034863
177551,70314,324466,394780,4.614529112267827
177636,70353,324584,394937,4.613648316347562
178020,70473,324892,395365,4.61016275736807
178055,70480,324967,395447,4.610769012485812
178101,70493,325028,395521,4.61078404948009
178121,70515,325048,395563,4.609629156916968
178179,70549,325144,395693,4.608768373754412
178199,70549,325168,395717,4.609108562842847
178244,70574,325222,395796,4.608240995267379
178264,70585,325256,395841,4.608004533541121
178335,70593,325279,395872,4.607808139617243
178390,70612,325338,395950,4.607403840706962
178461,70635,325381,396016,4.606512352233312
178546,70698,325537,396235,4.604613991909248
178693,70762,325624,396386,4.601678867188604
179904,70806,328368,399174,4.6375730870265235
179932,70829,328403,399232,4.636561295514549
179962,70841,328426,399267,4.636100563233156
180084,70912,328552,399464,4.633235559566787
180149,70930,328655,399585,4.633511913153813
180157,70935,328669,399604,4.63338267427927
180472,71094,329077,400171,4.62875910766028
180492,71104,329110,400214,4.628572232223222
180566,71156,329242,400398,4.627044802968126
180760,71246,329482,400728,4.624568396822278
180804,71256,329523,400779,4.624494779386999
180825,71262,329546,400808,4.6244281664842415
180943,71333,329701,401034,4.621998233636606
180998,71378,329838,401216,4.621003670598784
181427,71629,330376,402005,4.612321824959165
181512,71671,330564,402235,4.612242050480669
181633,71738,330778,402516,4.610917505366751
181700,71774,330889,402663,4.610151308273191
181913,71856,331293,403149,4.610512692050769
181932,71864,331317,403181,4.61033340754759
181949,71873,331334,403207,4.609992625881763
182134,71947,331554,403501,4.608308894047007
182216,72035,331765,403800,4.605608384812938
182351,72115,331978,404093,4.603452818415032
182429,72152,332102,404254,4.602810732897217
182527,72183,332221,404404,4.602482579000596
182573,72215,332292,404507,4.601426296475801
182865,72424,333162,405586,4.600160167900143
182891,72431,333195,405626,4.600171197415471
182946,72436,333479,405915,4.603774366337181
182983,72464,333551,406015,4.602989070434974
183010,72482,333589,406071,4.602370243646699
183052,72503,333652,406155,4.601906128022288
183098,72524,333704,406228,4.601290607247256
183101,72524,333713,406237,4.601414704097953
183123,72539,333748,406287,4.600945698176154
183219,72581,333853,406434,4.599729956875766
183250,72641,333963,406604,4.597444969094589
183279,72641,333990,406631,4.59781666001294
183453,72777,334361,407138,4.594322382071259
183912,72904,334743,407647,4.591558762207835
183938,72910,334786,407696,4.5917706761761075
184035,72927,335096,408023,4.594951115499061
184061,72943,335137,408080,4.5945052986578565
184467,73230,336009,409239,4.588406390823433
184592,73299,336134,409433,4.585792439187438
184643,73299,336160,409459,4.5861471507114695
184725,73355,336302,409657,4.584581828096244
185103,73471,336720,410191,4.5830327612255175
185163,73500,336812,410312,4.58247619047619
185174,73508,336836,410344,4.582303966915165
185314,73577,337092,410669,4.581486062220531
185336,73589,337147,410736,4.581486363451059
185361,73589,337190,410779,4.582070689912895
185424,73608,337226,410834,4.581377024236496
185550,73623,337600,411223,4.585523545631121
185576,73642,337655,411297,4.585087314304337
185611,73649,337736,411385,4.585751334030333
185644,73684,337826,411510,4.584794527984366
185662,73703,337857,411560,4.584033214387474
185828,73758,338113,411871,4.584085794083354
185847,73766,338130,411896,4.583819103652089
185927,73784,338215,411999,4.583852867830424
185960,73813,338291,412104,4.5830815709969785
185993,73818,338320,412138,4.583163997940882
186048,73835,338347,412182,4.582474436242975
186075,73849,338373,412222,4.5819577787106125
186124,73870,338435,412305,4.5814945173954245
186132,73875,338445,412320,4.581319796954315
186173,73908,338504,412412,4.58007252259566
186224,73920,338547,412467,4.579910714285714
186248,73927,338604,412531,4.580248082567938
186272,73933,338631,412564,4.580241570070199
186322,73949,338716,412665,4.580400005409134
186426,74049,338915,412964,4.576901781252954
186561,74113,339038,413151,4.574609042947931
186596,74116,339134,413250,4.575719142965082
186704,74165,339228,413393,4.57396345985303
186714,74170,339236,413406,4.573762976944856
186791,74192,339264,413456,4.5727841276687515
186841,74224,339432,413656,4.573076093985772
187018,74385,339767,414152,4.567681656247899
187034,74393,339834,414227,4.568091083838533
187086,74419,339969,414388,4.568309168357543
187144,74429,340056,414485,4.568864286769942
187175,74439,340066,414505,4.568384852026491
187272,74507,340221,414728,4.566295784288725
187302,74526,340238,414764,4.5653597402248876
187698,74637,340513,415150,4.562254645819098
187857,74767,340803,415570,4.558200810518009
187880,74786,340827,415613,4.557363677693686
187979,74822,340911,415733,4.556293603485606
188164,74921,341134,416055,4.553249422725271
188220,74949,341172,416121,4.552055397670416
188234,74951,341190,416141,4.552174087070219
189068,75121,341771,416892,4.549606634629464
189092,75129,341816,416945,4.549721146295039
189167,75181,341942,417123,4.548250222795653
189249,75240,342059,417299,4.54623870281765
189994,75710,343256,418966,4.533826443006208
190759,76037,344347,420384,4.52867682838618
190794,76058,344389,420447,4.527978647873991
190994,76228,344852,421080,4.523954452432177
191043,76273,344979,421252,4.522950454289198
191087,76308,345060,421368,4.521937411542695
191350,76383,345476,421859,4.522943586923792
191362,76383,345511,421894,4.52340180406635
191394,76405,345551,421956,4.522622864995746
191522,76405,345771,422176,4.525502257705647
191544,76413,345799,422212,4.525394893539057
191560,76415,345823,422238,4.525590525420402
191574,76429,345836,422265,4.524931635897369
192555,76509,346025,422534,4.522670535492557
192610,76535,346116,422651,4.522323120141112
192633,76551,346135,422686,4.521626105472169
192651,76569,346167,422736,4.520981075892332
192673,76579,346191,422770,4.520704109481712
192691,76579,346201,422780,4.520834693584403
192707,76579,346227,422806,4.521174212251401
192771,76631,346446,423077,4.520964100690321
192978,76727,347006,423733,4.522606123007546
193007,76734,347047,423781,4.522727865092397
193019,76745,347064,423809,4.522301127109258
193462,76932,347578,424510,4.517989913170072
193513,76951,347734,424685,4.51890163870515
193578,76990,347828,424818,4.517833484868165
193689,77045,347989,425034,4.516698033616717
193782,77087,348154,425241,4.516377599335815
193802,77100,348184,425284,4.516005188067445
193831,77109,348193,425302,4.515594807350634
193997,77194,348466,425660,4.514159131538721
194020,77202,348491,425693,4.514015180953861
194060,77204,348494,425698,4.513937101704575
194063,77204,348503,425707,4.5140536759753385
194113,77237,348575,425812,4.513057213511659
194127,77248,348596,425844,4.512686412593206
194449,77346,349050,426396,4.512838414397642
194457,77351,349065,426416,4.512740623909193
194505,77361,349085,426446,4.512415816755213
194541,77382,349155,426537,4.512095836240986
194563,77394,349186,426580,4.511796780112153
194595,77408,349224,426632,4.511471682513435
194703,77452,349341,426793,4.5104193565046735
194750,77475,349434,426909,4.5102807357212
194991,77584,349747,427331,4.507978449164776
195013,77598,349777,427375,4.507551741024253
195050,77634,349838,427472,4.506247262797228
195130,77684,349933,427617,4.504569795582102
195160,77707,350000,427707,4.504098729844158
195257,77712,350066,427778,4.5046582252419185
195258,77713,350070,427783,4.504651731370556
195539,77878,350578,428456,4.501630755797529
195598,77919,350710,428629,4.500956121100117
195656,77939,350841,428780,4.501481928174598
195752,77946,350934,428880,4.502270802863521
195905,78035,351119,429154,4.499506631639649
195935,78050,351163,429213,4.499205637411915
196257,78204,351834,430038,4.498925886143931
196340,78313,352008,430321,4.494885906554467
196415,78343,352135,430478,4.494785749843636
196553,78456,352378,430834,4.491409197511981
196681,78544,352549,431093,4.488554186188633
196811,78545,352934,431479,4.493398688649819
196816,78549,352944,431493,4.493297177557958
197031,78688,353302,431990,4.489909516063441
197271,78901,353744,432645,4.483390578066184
197304,78906,353773,432679,4.483474007046359
197321,78907,353799,432706,4.48374668914038
197352,78907,353848,432755,4.484367673336966
197391,78932,353876,432808,4.483302082805452
197536,78932,354157,433089,4.486862109157249
197588,78932,354197,433129,4.487368874474231
197758,78992,354358,433350,4.4859985821349
197840,79062,354594,433656,4.48501176292024
197849,79067,354616,433683,4.485006386988251
197858,79071,354635,433706,4.485019792338531
197865,79077,354644,433721,4.4847933027302505
197889,79080,354662,433742,4.484850784016186
197964,79105,354725,433830,4.484229821123823
197986,79118,354764,433882,4.483985945044111
198007,79137,354779,433916,4.483098929704184
198524,79485,355684,435169,4.474856891237341
198720,79656,355976,435632,4.468916340263132
198757,79671,356014,435685,4.4685519197700545
198798,79682,356036,435718,4.468211139278632
198799,79682,356036,435718,4.468211139278632
198859,79703,356057,435760,4.467297341379873
198890,79724,356077,435801,4.46637148161156
198917,79733,356122,435855,4.466431715851655
198950,79738,356151,435889,4.466515337731069
199216,79738,356353,436091,4.469048634277258
199566,79800,357049,436849,4.474298245614035
199672,79848,357395,437243,4.47594178939986
199722,79856,357465,437321,4.47636996593869
199912,79924,357715,437639,4.475689404934688
199940,79948,357745,437693,4.4747210686946515
200173,80026,357994,438020,4.473471121885387
200206,80039,358025,438064,4.473131848223991
200263,80076,358107,438183,4.472089015435336
200317,80088,358194,438282,4.472505244231345
200339,80092,358214,438306,4.472531588673026
200353,80099,358282,438381,4.472989675276845
200368,80099,358289,438388,4.473077067129427
200380,80105,358298,438403,4.472854378628051
200396,80105,358324,438429,4.47317895262468
200434,80136,358376,438512,4.472097434361586
200443,80140,358391,438531,4.472061392563015
200525,80209,358509,438718,4.469685446770312
200552,80224,358546,438770,4.469310929397686
200625,80283,358695,438978,4.467882366129816
200720,80288,358771,439059,4.468550717417298
200771,80288,358887,439175,4.469995516141889
200790,80301,358929,439230,4.469794896701162
201057,80453,359527,439980,4.468783016170932
201080,80459,359543,440002,4.468648628494016
201100,80483,359560,440043,4.4675273039026875
201629,80483,359560,440043,4.4675273039026875
202199,80497,360564,441061,4.479222828179932
202475,80710,361116,441826,4.4742411101474415
202481,80721,361127,441848,4.473767668884181
202490,80724,361132,441856,4.473663346712254
202592,80780,361290,442070,4.472517949987621
202680,80851,361559,442410,4.471917477829588
202709,80859,361588,442447,4.471833685798736
202736,80875,361628,442503,4.471443585780525
202756,80886,361646,442532,4.471058032292362
202858,80935,361949,442884,4.472094890961883
202882,80945,361969,442914,4.471789486688492
203292,81164,362605,443769,4.467559509141984
204128,81223,364238,445461,4.48441943784396
204220,81296,364455,445751,4.483061897264318
204234,81300,364475,445775,4.483087330873309
204258,81315,364525,445840,4.482875238270922
204287,81334,364553,445887,4.482172277276415
204745,81487,365577,447064,4.486322971762367
204761,81487,365603,447090,4.4866420410617645
204774,81496,365610,447106,4.486232453126534
204925,81516,365848,447364,4.488051425487021
204981,81538,365991,447529,4.488594275061934
204988,81538,365991,447529,4.488594275061934
205091,81565,366067,447632,4.488040213326794
205113,81578,366091,447669,4.487619211061806
205262,81660,366277,447937,4.485390644134215
205282,81675,366349,448024,4.485448423630242
205293,81684,366358,448042,4.485064394495862
205297,81686,366362,448048,4.485003550179957
205444,81731,366639,448370,4.485923333863528
206035,81913,367385,449298,4.485063420946614
206097,81933,367465,449398,4.484945016049699
206112,81933,367472,449405,4.485030451710544
206134,81951,367495,449446,4.484325999682738
206147,81973,367515,449488,4.483366474326912
206201,81992,367574,449566,4.483047126548931
206276,82044,367666,449710,4.481327092779484
206410,82109,367870,449979,4.480264039264879
206431,82116,367889,450005,4.480113497978469
206454,82124,367942,450066,4.4803224392382255
206630,82209,368365,450574,4.4808354316437375
206788,82209,368614,450823,4.483864297096425
206843,82254,368708,450962,4.48255403992511
206880,82268,368756,451024,4.482374677882044
206895,82281,368790,451071,4.482079702482955
206908,82289,368815,451104,4.481947769446706
206942,82307,368877,451184,4.481720874287728
206956,82315,368888,451203,4.481418939439957
206977,82324,368942,451266,4.481584956999174
207186,82501,369281,451782,4.476079077829359
207215,82518,369320,451838,4.475629559611236
207238,82526,369344,451870,4.4754865133412505
207261,82545,369400,451945,4.475134774971228
207292,82570,369435,452005,4.474203705946469
207329,82584,369491,452075,4.474123316865253
207577,82817,370545,453362,4.4742625306398445
207596,82818,370579,453397,4.474619044169142
207669,82833,370700,453533,4.475269518187196
207679,82834,370705,453539,4.475275852910641
207712,82846,370730,453576,4.474929387055501
207729,82853,370747,453600,4.4747564964455115
207764,82895,370807,453702,4.473213100910791
207875,82960,371107,454067,4.473324493731919
207938,82989,371188,454177,4.4727373507332295
208013,83015,371280,454295,4.472444738902608
208067,83045,371361,454406,4.471804443374074
208102,83049,371364,454413,4.4716251851316695
208231,83133,371586,454719,4.469777344736747
208288,83166,371671,454837,4.469025803814058
208306,83166,371681,454847,4.46914604525888
208338,83196,371747,454943,4.468327804221357
208421,83263,371865,455128,4.46614943011902
208606,83273,372929,456202,4.478390354616742
208611,83277,372947,456224,4.478391392581385
208657,83277,373090,456367,4.480108553382086
208673,83293,373129,456422,4.479716182632394
208744,83293,373301,456594,4.481781182092132
208759,83298,373311,456609,4.481632212057913
208809,83327,373393,456720,4.481056560298582
208830,83327,373422,456749,4.481404586748593
208952,83428,373678,457106,4.479047801697272
208973,83437,373692,457129,4.478732456823711
209416,83451,374726,458177,4.490371595307426
209478,83453,374906,458359,4.492420883611135
209829,83692,375531,459223,4.487059695072408
209844,83692,375552,459244,4.4873106151125555
209970,83731,375609,459340,4.485901279096153
209988,83737,375642,459379,4.485973942223867
209990,83737,375642,459379,4.485973942223867
210344,84005,376238,460243,4.4787572168323315
210385,84016,376322,460338,4.479170634164921
210403,84033,376348,460381,4.478573893589423
213000,85152,379434,464586,4.455961104847802
213269,85293,379816,465109,4.453073523032371
213381,85377,380064,465441,4.451597034330089
213450,85419,380180,465599,4.45076622297147
213500,85458,380245,465703,4.449495658686138
213514,85465,380271,465736,4.449435441408764
213521,85469,380276,465745,4.449285705928466
213635,85482,380313,465795,4.449041903558644
213676,85500,380437,465937,4.4495555555555555
213694,85512,380463,465975,4.449235195060343
214413,85789,381566,467355,4.4477263984893165
214442,85802,381603,467405,4.447483741637724
214459,85810,381638,467448,4.447476984034495
214466,85818,381649,467467,4.447190566081708
214525,85844,381710,467554,4.446554214621872
214533,85847,381714,467561,4.446445420340839
214550,85862,381740,467602,4.445971442547344
214591,85862,381870,467732,4.447485499988353
214634,85873,381952,467825,4.447870692767226
215229,85998,383218,469216,4.456126886671783
215247,86004,383241,469245,4.456083437979629
215300,86020,383299,469319,4.455928853754941
215333,86053,383365,469418,4.45498704286893
215356,86059,383385,469444,4.454908841608664
215365,86059,383385,469444,4.454908841608664
215404,86074,383431,469505,4.454666914515417
215456,86079,383510,469589,4.4553259215371925
215480,86090,383554,469644,4.455267743059589
215812,86219,384047,470266,4.454319813498185
215852,86230,384078,470308,4.454111098225676
215877,86268,384173,470441,4.453250336161728
216374,86361,384463,470824,4.451812739546786
216853,86594,384938,471532,4.44531953715038
216863,86594,384954,471548,4.445504307457791
216864,86594,384956,471550,4.445527403746218
216895,86605,384999,471604,4.445459269095318
217230,86605,385650,472255,4.452976156111079
217244,86617,385666,472283,4.452543957883556
217275,86627,385689,472316,4.452295473697577
217335,86667,385794,472461,4.451452109799578
217342,86668,385800,472468,4.4514699773849635
217386,86697,385841,472538,4.450453879603677
217474,86740,385964,472704,4.449665667512106
217495,86758,385982,472740,4.44894995274211
217716,86831,386144,472975,4.4470753532724485
217733,86844,386168,473012,4.446686011699139
218922,87313,387690,475003,4.44023226781808
218931,87317,387701,475018,4.44015483811858
218966,87333,387764,475097,4.4400627483311
219012,87358,387869,475227,4.439994047482772
219075,87409,387972,475381,4.438581839398689
219175,87414,388068,475482,4.439426178872949
219203,87442,388129,475571,4.438702225475172
219476,87704,388980,476684,4.435145489373347
219564,87739,389065,476804,4.434345046102646
219613,87752,389114,476866,4.434246512899991
219615,87752,389124,476876,4.434360470416629
219766,87837,389362,477199,4.432778897275636
219915,87991,389858,477849,4.430657680899182
220253,88066,390558,478624,4.4348329661844526
220306,88114,390637,478751,4.433313661847152
220418,88180,390825,479005,4.432127466545702
220423,88184,390830,479014,4.431983126190692
220723,88232,391245,479477,4.434275546287061
220770,88252,391275,479527,4.433610569732131
220848,88272,391300,479572,4.432889251404749
221017,88379,391583,479962,4.430724493375123
221286,88496,391982,480478,4.429375338998373
221322,88513,392039,480552,4.429168596703309
221342,88513,392060,480573,4.429405849988138
221495,88549,392186,480735,4.429027995798936
221656,88644,392440,481084,4.42714678940481
221680,88655,392484,481139,4.4270937905363485
221684,88655,392486,481141,4.427116349895663
221719,88664,392562,481226,4.4275241360642426
221735,88664,392588,481252,4.427817377966255
221740,88669,392589,481258,4.4275789734856605
221783,88681,392684,481365,4.428051104520698
222010,88760,393198,481958,4.4299008562415505
222036,88773,393226,481999,4.429567548691606
222067,88801,393278,482079,4.428756432923053
222074,88814,393286,482100,4.428198257031549
222131,88822,393339,482161,4.4283961180788545
222155,88837,393365,482202,4.427941060594121
222172,88849,393414,482263,4.427894517664802
222612,88920,394812,483732,4.440080971659919
223389,89204,395666,484870,4.435518586610466
223412,89218,395686,484904,4.435046739447197
223536,89267,395758,485025,4.433418844589826
223564,89283,395788,485071,4.432960361995004
223594,89295,395818,485113,4.432700599137689
223764,89359,396046,485405,4.432077350910372
223780,89366,396062,485428,4.4319092272228815
223830,89377,396176,485553,4.43263926961075
223968,89431,396486,485917,4.4334291241292165
224065,89467,396605,486072,4.432975286977321
224152,89520,396669,486189,4.431065683646112
224189,89537,396731,486268,4.430916827680177
224192,89537,396733,486270,4.4309391648145455
224203,89545,396748,486293,4.430710815790943
224204,89547,396752,486299,4.430656526740147
224242,89554,396808,486362,4.430935524934676
224285,89573,396840,486413,4.430352896520157
224388,89573,397195,486768,4.434316144373863
224401,89578,397208,486786,4.434213757842327
224443,89616,397283,486899,4.433170415997143
224568,89684,397577,487261,4.433087284242451
224570,89684,397582,487266,4.433143035547031
224641,89684,397709,487393,4.434559118683377
224685,89704,397775,487479,4.434306162489967
224729,89707,397887,487594,4.4354063785434805
224791,89744,398017,487761,4.435026297022643
224807,89744,398046,487790,4.435349438402567
225299,89846,398796,488642,4.438661710037175
225323,89863,398827,488690,4.438166987525455
225331,89868,398836,488704,4.43802020741532
225416,89973,398997,488970,4.434630389116735
225448,89984,399039,489023,4.43455503200569
225548,89984,399380,489364,4.438344594594595
225584,90004,399411,489415,4.437702768765833
225604,90016,399453,489469,4.437577763953075
225901,90175,400059,490234,4.436473523703909
225910,90185,400073,490258,4.436136829849754
225949,90211,400125,490336,4.435434703084989
225973,90216,400136,490352,4.435310809612486
225993,90221,400178,490399,4.435530530586005
226026,90229,400191,490420,4.435281339702313
226041,90245,400214,490459,4.434749847636988
226139,90246,400503,490749,4.437903064955788
226163,90255,400527,490782,4.43772644174838
226228,90293,400593,490886,4.4365897688635885
226267,90316,400622,490938,4.435781035475442
226295,90323,400652,490975,4.435769405356332
226327,90331,400687,491018,4.43576402342496
226389,90365,400779,491144,4.4351131522160125
226411,90368,400785,491153,4.435032312322946
226479,90376,400855,491231,4.435414269275029
226561,90456,400995,491451,4.433039267710268
226685,90517,401142,491659,4.431675817802181
226694,90522,401161,491683,4.431640927067453
226743,90552,401236,491788,4.431000971817299
226853,90552,401576,492128,4.434755720470006
226975,90601,401671,492272,4.4334058122978774
227382,90750,402200,492950,4.431955922865014
227499,90822,402296,493118,4.429499460483143
227534,90830,402322,493152,4.42939557414951
227548,90843,402353,493196,4.429102957850358
227561,90846,402385,493231,4.429308940404641
227642,90888,402554,493442,4.429121556201038
227653,90893,402572,493465,4.42907594644252
227960,91107,402956,494063,4.422887374186396
227960,91107,402956,494063,4.422887374186396
227973,91112,402974,494086,4.422842216173501
228017,91144,403038,494182,4.4219915737733695
228021,91145,403046,494191,4.42203082999616
228047,91151,403089,494240,4.422211495211243
228143,91151,403309,494460,4.424625072681594
228155,91169,403344,494513,4.424135396900263
228171,91185,403381,494566,4.423764873608598
228255,91247,403607,494854,4.423235832410929
228260,91248,403610,494858,4.423220234964054
228355,91266,403695,494961,4.423279205837881
228375,91281,403723,495004,4.422859083489445
228481,91385,403890,495275,4.419653115938064
228602,91451,404062,495513,4.41834424992619
228639,91466,404109,495575,4.418133514092668
228676,91478,404156,495634,4.418067732132316
228748,91525,404317,495842,4.417558044250205
229250,91843,405022,496865,4.409938699737595
229267,91851,405057,496908,4.409935656661332
229829,91961,405531,497492,4.4098150302845776
229924,92008,405655,497663,4.408910094774368
229946,92028,405697,497725,4.408408310514191
229968,92036,405705,497741,4.408112043113564
230041,92094,405818,497912,4.406562859686842
230084,92125,405894,498019,4.405905020352781
230285,92382,406374,498756,4.398843930635838
230411,92467,406655,499122,4.397839229130392
230449,92493,406694,499187,4.397024639702464
230658,92582,406931,499513,4.395357628912747
230684,92594,406942,499536,4.394906797416679
230711,92612,406980,499592,4.394462920571848
230761,92635,407064,499699,4.3942786203918605
230868,92697,407239,499936,4.393227396787383
230901,92697,407239,499936,4.393227396787383
230904,92697,407248,499945,4.393324487308111
230931,92714,407287,500001,4.392939577625817
230990,92757,407431,500188,4.392455555914918
231072,92785,407536,500321,4.3922616802284855
232536,93421,408986,502407,4.37788077627086
232543,93426,408996,502422,4.377753516151821
232625,93426,409172,502598,4.379637360049665
232742,93482,409455,502937,4.380041077426671
232770,93501,409497,502998,4.379600218179485
232837,93564,409626,503190,4.378030011542901
232840,93565,409629,503194,4.3780152834927595
232945,93586,409668,503254,4.377449618532687
233329,93729,410931,504660,4.3842460711199305
233369,93763,410990,504753,4.38328551774154
233418,93785,411039,504824,4.382779762222103
233503,93830,411135,504965,4.381700948523926
233576,93832,411144,504976,4.381703470031546
233585,93834,411167,505001,4.381855191082124
233658,93862,411299,505161,4.381954358526348
233688,93888,411348,505236,4.381262781186094
233847,93970,411770,505740,4.381930403320209
233854,93970,411770,505740,4.381930403320209
233874,93980,411811,505791,4.38190040434135
233930,94005,411908,505913,4.3817669272911015
233938,94013,411972,505985,4.382074819439865
233988,94024,412121,506145,4.383146856121841
234019,94032,412133,506165,4.382901565424536
234084,94078,412269,506347,4.382204128489126
234122,94078,412360,506438,4.383171410956866
234130,94087,412368,506455,4.382837161350665
234141,94090,412380,506470,4.382824954830482
234184,94098,412404,506502,4.382707390167697
234198,94109,412444,506553,4.382620153226577
234296,94127,412548,506675,4.382886950609283
234385,94184,412701,506885,4.381858914465302
234452,94225,412823,507048,4.381247015123375
234586,94293,412958,507251,4.3795191583680655
234793,94442,413219,507661,4.3753732449545755
234883,94449,413478,507927,4.3777911888955945
234955,94470,413515,507985,4.377209696199852
234965,94471,413518,507989,4.377195118078564
234994,94471,413565,508036,4.377692625250077
235386,94737,414405,509142,4.374267709553817
235411,94749,414435,509184,4.374030332773961
235436,94762,414472,509234,4.373820729828412
235554,94823,414575,509398,4.372093268510804
235570,94823,414601,509424,4.372367463590058
235603,94836,414696,509532,4.372769834240162
235663,94857,414763,509620,4.372508091126643
236097,94970,415416,510386,4.374181320416974
236282,94970,415738,510708,4.37757186479941
236506,95040,415912,510952,4.376178451178451
236542,95054,415970,511024,4.376144086519242
237041,95267,416869,512136,4.375796445778706
237067,95280,416914,512194,4.375671704450042
237138,95321,416985,512306,4.3745344677458275
237216,95326,417108,512434,4.37559532551455
237230,95326,417134,512460,4.375868073767912
237251,95338,417170,512508,4.375694896054039
237288,95352,417202,512554,4.375388035909053
237312,95367,417224,512591,4.37493053152558
237344,95392,417248,512640,4.374035558537403
237365,95399,417271,512670,4.373955701841738
237366,95399,417273,512672,4.37397666642208
237391,95415,417331,512746,4.373851071634439
237526,95468,417603,513071,4.3742720073741985
237671,95536,417976,513512,4.375062803550494
237779,95609,418460,514069,4.376784612327292
238752,96063,420089,516152,4.373057264503503
238761,96064,420107,516171,4.373199117255163
238816,96102,420195,516297,4.372385590310295
238819,96102,420197,516299,4.3724064015317055
238921,96171,420508,516679,4.372503145438854
238953,96184,420543,516727,4.372276054229394
239016,96202,420653,516855,4.37260140121827
239034,96207,420675,516882,4.3726028251582525
239076,96217,420698,516915,4.372387415945207
239129,96298,420775,517073,4.3695092317597455
239222,96385,420944,517329,4.367318566166935
239658,96635,421796,518431,4.3648367568686295
239714,96651,421905,518556,4.365241953006177
240649,96791,423185,519976,4.37215236953849
241986,96817,426455,523272,4.404753297458091
241989,96817,426464,523281,4.40484625633928
242030,96817,426475,523292,4.40495987274962
242132,96867,426573,523440,4.403697853758246
242151,96878,426597,523475,4.40344557071781
242355,96962,426868,523830,4.402425692539345
242358,96963,426879,523842,4.402493734723555
242413,96978,426902,523880,4.402049949473076
242823,96978,427757,524735,4.410866382066035
242912,97015,427831,524846,4.40994691542545
242923,97018,427854,524872,4.410047620029273
242989,97041,427909,524950,4.40956915118352
243053,97056,427953,525009,4.4093409990108805
243062,97058,427975,525033,4.409476807682005
243310,97131,428200,525331,4.408479270263871
243502,97280,428580,525860,4.405633223684211
243667,97421,428836,526257,4.401884603935496
243691,97429,428858,526287,4.401748965913639
243777,97486,429040,526526,4.401042200931416
243817,97501,429096,526597,4.40093947754382
243877,97527,429198,526725,4.400812082807838
244190,97690,429630,527320,4.397891288770601
244199,97695,429647,527342,4.397840217001893
244218,97702,429675,527377,4.397811713168615
244240,97709,429722,527431,4.397977668382646
244274,97720,429792,527512,4.398198935734753
244291,97731,429831,527562,4.398102956073303
244352,97792,430013,527805,4.397220631544503
244444,97840,430111,527951,4.396065004088308
244518,97864,430240,528104,4.396305076432601
244591,97880,430346,528226,4.396669391091132
244686,97929,430490,528419,4.3959399156531775
244717,97954,430529,528483,4.395216121853115
245962,98017,432486,530503,4.412357040105288
245978,98017,432512,530529,4.412622300213228
245988,98023,432520,530543,4.412433816553258
246154,98099,432863,530962,4.412511850273703
246178,98103,432885,530988,4.412556190942173
248775,98103,437090,535193,4.455419304200687
248797,98103,437095,535198,4.45547027104166
248820,98119,437127,535246,4.455069864144559
249328,98139,438011,536150,4.463169585995374
249353,98151,438029,536180,4.462807307108435
249390,98183,438074,536257,4.4618111078292575
249464,98223,438182,536405,4.46109363387394
249555,98305,438368,536673,4.459264533848736
249594,98345,438444,536789,4.45822360058976
249622,98345,438478,536823,4.458569322283797
249676,98394,438560,536954,4.457182348517186
249752,98430,438594,537024,4.455897592197501
249775,98448,438623,537071,4.455377458150496
249791,98452,438634,537086,4.455308170479015
249828,98476,438710,537186,4.454994110240058
249828,98511,438780,537291,4.454121874714499
250772,98961,440419,539380,4.450429967360879
250827,98993,440522,539515,4.4500318204317475
251218,99020,441594,540614,4.459644516259342
251238,99027,441614,540641,4.459531238955033
251357,99032,441637,540669,4.459538331044511
251858,99130,442359,541489,4.462412993039443
251882,99139,442388,541527,4.462300406499964
251931,99153,442406,541559,4.4618518854699305
253170,99153,442406,541559,4.4618518854699305
253241,99153,442586,541739,4.4636672617066555
253340,99203,442665,541868,4.462213844339385
253362,99216,442704,541920,4.462022254475085
253380,99238,442756,541994,4.461557064834035
253403,99252,442767,542019,4.461038568492323
253411,99253,442777,542030,4.4610943749811085
253437,99274,442806,542080,4.460442814835707
253576,99383,443063,542446,4.45813670346035
253636,99406,443132,542538,4.457799328008369
253701,99440,443238,542678,4.457341110217216
253742,99465,443268,542733,4.456522394812246
253791,99480,443309,542789,4.456262565339767
253801,99480,443325,542805,4.456423401688782
253836,99480,443376,542856,4.456936067551267
253868,99499,443445,542944,4.456778460085026
253890,99504,443477,542981,4.456876105483197
253943,99544,443554,543098,4.455858715743791
253969,99559,443598,543157,4.455629325324682
254044,99612,443714,543326,4.454423161868048
254077,99621,443755,543376,4.454432298410977
254088,99628,443780,543408,4.454370257357369
254307,99741,444157,543898,4.453103538163845
254636,99961,445220,545181,4.453937035443823
254656,99961,445220,545181,4.453937035443823
254672,99961,445227,545188,4.454007062754474
254704,99994,445337,545331,4.453637218233094
254999,100034,446004,546038,4.458524101805386
255312,100034,446790,546824,4.466381430313693
255404,100067,446947,547014,4.466477460101732
255433,100094,446983,547077,4.465632305632705
255530,100097,447049,547146,4.466157826907899
255534,100106,447061,547167,4.465876171258466
255715,100183,447323,547506,4.465058942135891
255743,100204,447358,547562,4.464472476148657
255782,100221,447395,547616,4.464084373534488
255895,100297,447610,547907,4.462845349312542
255922,100304,447624,547928,4.462673472643165
256265,100304,448206,548510,4.468475833466263
256269,100304,448211,548515,4.468525681926942
256292,100310,448249,548559,4.468637224603729
257644,100526,449007,549533,4.466575811232915
257658,100540,449040,549580,4.466282076785359
257679,100548,449057,549605,4.466095795043164
257703,100557,449077,549634,4.465894965044701
257728,100579,449105,549684,4.465196512194394
257737,100584,449125,549709,4.465173387417482
257775,100602,449161,549763,4.464732311484861
257818,100617,449224,549841,4.464692845145453
257852,100624,449246,549870,4.464600890443632
257894,100639,449280,549919,4.464273293653553
257925,100647,449311,549958,4.4642264548372035
257994,100670,449426,550096,4.464348862620443
258043,100688,449454,550142,4.463828857460671
258098,100709,449574,550283,4.464089604702658
258107,100716,449585,550301,4.463888557925255
258142,100736,449622,550358,4.46336959974587
258182,100767,449698,550465,4.462750702114779
258215,100796,449736,550532,4.4618437239573
258421,100846,450355,551201,4.4657695892747356
258433,100853,450384,551237,4.465747176583741
258442,100853,450389,551242,4.4657967536910155
258468,100863,450424,551287,4.465701000366834
258909,101102,451450,552552,4.465292476904512
259344,101137,451847,552984,4.467672562959154
259430,101150,451969,553119,4.468304498269896
259446,101150,451995,553145,4.468561542263965
259450,101155,452001,553156,4.468399980228362
259465,101162,452022,553184,4.468298372906823
259484,101179,452052,553231,4.467844117850542
259496,101179,452087,553266,4.46819003943506
259773,101320,452440,553760,4.465455981050138
259847,101332,452567,553899,4.466180476058896
259859,101340,452585,553925,4.46600552595224
259875,101340,452611,553951,4.466262088020525
259953,101372,452703,554075,4.465759775874995
259967,101378,452710,554088,4.465564520901971
259970,101379,452713,554092,4.465550064609041
259998,101402,452739,554141,4.464793593814718
260022,101409,452766,554175,4.4647516492619
260055,101428,452855,554283,4.464792759395827
260104,101440,452914,554354,4.464846214511041
260171,101489,453049,554538,4.464020731310782
260250,101541,453186,554727,4.463083877448518
260270,101550,453220,554770,4.4630231413097
260273,101551,453223,554774,4.463008734527479
260320,101590,453352,554942,4.462565213111526
260346,101600,453368,554968,4.462283464566929
260378,101614,453442,555056,4.462396913811089
260387,101618,453458,555076,4.4623787124328365
260408,101631,453481,555112,4.462034221841761
260424,101650,453512,555162,4.461505164781111
260992,101650,454903,556553,4.475189375307427
261084,101713,455067,556780,4.474029868355077
262506,102734,457501,560235,4.453257928241867
262535,102759,457549,560308,4.45264161776584
262556,102771,457567,560338,4.452296854170924
262635,102816,457832,560648,4.45292561469032
262825,102955,458118,561073,4.449691612840561
262965,102974,458260,561234,4.450249577563269
262973,102975,458272,561247,4.4503228939062875
263168,103016,458518,561534,4.450939659858663
263209,103036,458583,561619,4.450706549167282
263270,103084,458661,561745,4.449390788095146
264230,103420,459858,563278,4.4465093792303225
264242,103430,459877,563307,4.446263173160592
264252,103430,459893,563323,4.446417867156531
264371,103502,460084,563586,4.445170141639775
264709,103642,460419,564061,4.4423978695895485
264920,103711,460538,564249,4.440589715652148
264936,103711,460561,564272,4.440811485763323
264975,103726,460674,564400,4.441258700807897
265001,103736,460714,564450,4.441216164108892
265006,103736,460725,564461,4.441322202514074
265159,103828,461052,564880,4.4405362715259855
265186,103838,461119,564957,4.440753866599896
266128,104228,462655,566883,4.438874390758722
266168,104246,462690,566936,4.438443681292328
266245,104284,462772,567056,4.437612673085037
266733,104300,463611,567911,4.444976030680729
267541,104611,464659,569270,4.441779545172114
267763,104715,465008,569723,4.440700950198157
267780,104734,465093,569827,4.440706933755991
267855,104786,465209,569995,4.43961025327811
267893,104796,465239,570035,4.439472880644299
267934,104815,465287,570102,4.439126079282546
267956,104822,465333,570155,4.439268474175268
267984,104840,465379,570219,4.438945059137733
268020,104852,465401,570253,4.438646854614123
268605,105220,466531,571751,4.433862383577266
268624,105230,466553,571783,4.433650099781431
268646,105249,466598,571847,4.4332772757935945
268680,105249,466598,571847,4.4332772757935945
268725,105280,466680,571960,4.432750759878419
268752,105301,466719,572020,4.432237110758682
269959,105685,470437,576122,4.451312863698727
270039,105719,470577,576296,4.451205554346901
270084,105746,470651,576397,4.4507688234070315
270195,105746,470867,576613,4.4528114538611385
270238,105784,470947,576731,4.451968161536716
270252,105799,470967,576766,4.451526006862069
270280,105806,470995,576801,4.45149613443472
270621,106055,471800,577855,4.448635142143227
270663,106068,471870,577938,4.448749858581287
270733,106080,472020,578100,4.449660633484163
270755,106096,472039,578135,4.449168677424219
270778,106104,472065,578169,4.449078262836462
270821,106118,472128,578246,4.449084980870352
270891,106142,472232,578374,4.449058808011909
271089,106155,472516,578671,4.451189298667043
271182,106181,472712,578893,4.4519452632768575
271223,106195,472736,578931,4.451584349545647
271282,106232,472851,579083,4.45111642442955
271302,106241,472873,579114,4.450946433109628
271562,106260,473576,579836,4.456766421983813
271604,106270,473628,579898,4.456836360214548
271626,106270,473628,579898,4.456836360214548
271661,106282,473666,579948,4.456690690803711
273530,106285,477670,583955,4.494237192454251
274113,106322,478847,585169,4.503743345685747
274191,106374,479015,585389,4.503121063417752
274224,106381,479058,585439,4.5032289600586575
274304,106408,479244,585652,4.50383429817307
274313,106420,479268,585688,4.503551963916557
274429,106473,479399,585872,4.502540550186432
274594,106495,479445,585940,4.502042349406075
274799,106591,479725,586316,4.500614498409809
274816,106600,479743,586343,4.500403377110694
274834,106600,479753,586353,4.5004971857410885
274907,106606,479825,586431,4.500919272836426
274930,106614,479863,586477,4.5009379631192905
275066,106715,480217,586932,4.499995314623061
275228,106774,480484,587258,4.500009365575889
275773,106973,481249,588222,4.498789414151235
275828,106995,481335,588330,4.498668162063648
275856,107005,481372,588377,4.498593523667118
276142,107232,482112,589344,4.495971351835273
276703,107442,482782,590224,4.493419705515534
276722,107449,482788,590237,4.493182812310957
276821,107481,482848,590329,4.492403308491734
276845,107502,482870,590372,4.491730386411415
276869,107508,482882,590390,4.4915913234363956
276872,107512,482891,590403,4.491507924696778
276897,107537,482920,590457,4.4907334219849915
276914,107548,482939,590487,4.490450775467698
276988,107570,483054,590624,4.490601468811007
277020,107581,483108,590689,4.490644258744574
277166,107650,483289,590939,4.489447282861124
277308,107735,483428,591163,4.487195433238966
277355,107770,483497,591267,4.486378398441125
277696,108046,484382,592428,4.483109046147011
277777,108098,484544,592642,4.482451109178708
277787,108098,484560,592658,4.4825991230180025
277804,108107,484611,592718,4.482697697651401
277835,108139,484651,592790,4.481741092482823
277887,108150,484680,592830,4.481553398058252
279622,108651,486006,594657,4.473092746500262
279904,108756,486456,595212,4.472911839346795
280112,108942,486734,595676,4.467826917075141
280123,108942,486751,595693,4.467982963411724
280198,108987,486835,595822,4.466908897391432
280245,109013,486864,595877,4.46610954656784
280255,109023,486883,595906,4.465874173339571
280262,109023,486890,595913,4.465938379974868
280286,109041,486934,595975,4.465604680808136
280674,109134,487381,596515,4.465895138087122
280736,109140,487392,596532,4.465750412314459
281022,109140,488359,597499,4.474610591900311
281040,109144,488372,597516,4.474565711353808
281196,109251,488622,597873,4.4724716478567705
281229,109284,488659,597943,4.471459683027708
281255,109300,488743,598043,4.471573650503202
281363,109300,488886,598186,4.47288197621226
281408,109323,488972,598295,4.472727605352945
281455,109358,489050,598408,4.472009363741107
281473,109369,489068,598437,4.471724163154093
281509,109379,489138,598517,4.471955311348614
281529,109386,489163,598549,4.471897683432981
281674,109500,489512,599012,4.470429223744293
281692,109507,489554,599061,4.4705269982740825
281716,109518,489598,599116,4.470479738490477
281748,109542,489636,599178,4.469847181902832
281800,109603,489768,599371,4.46856381668385
281963,109666,489925,599591,4.467428373424762
281984,109692,489950,599642,4.466597381759836
282179,109692,490349,600041,4.4702348393684135
282224,109748,490458,600206,4.468947042315122
282249,109771,490490,600261,4.468302192746719
282590,109847,490756,600603,4.467632252132511
282648,109864,490852,600716,4.467814752785261
282767,109915,491381,601296,4.470554519401356
282799,109921,491443,601364,4.470874537167602
282962,110067,491815,601882,4.468323839116175
282974,110077,491826,601903,4.468017842056016
283088,110104,491913,602017,4.467712344692291
283131,110128,491981,602109,4.46735616736888
283268,110234,492209,602443,4.465128726164341
283741,110709,493695,604404,4.459393545240224
283795,110733,493779,604512,4.4591856086261545
283837,110740,493803,604543,4.45912046234423
283857,110740,493824,604564,4.459310095719704
283875,110751,493850,604601,4.459101949418064
283907,110779,493920,604699,4.4586067756524255
284005,110817,494064,604881,4.458377324778689
284164,110854,494359,605213,4.459550399624732
284214,110871,494422,605293,4.459434838686401
284398,110926,494734,605660,4.460036420676848
284551,110982,495023,606005,4.460389973148799
284569,110985,495032,606017,4.46035049781502
284602,111002,495076,606078,4.460063782634547
284653,111002,495198,606200,4.461162861930416
286359,111054,498603,609657,4.489734723647955
286453,111098,498759,609857,4.489360744567859
286673,111234,499401,610635,4.4896434543395
286755,111266,499504,610770,4.489277946542519
286875,111359,499624,610983,4.486606381163624
286888,111375,499651,611026,4.486204264870931
286932,111399,499715,611114,4.485812260433217
287157,111450,500233,611683,4.488407357559444
287187,111465,500284,611749,4.488260889068317
287298,111479,500463,611942,4.489302918038375
287414,111595,500788,612383,4.487548725301313
287432,111599,500804,612403,4.48753125028002
287451,111607,500829,612436,4.487433583914988
287476,111633,500859,612492,4.486657171266561
287596,111701,501004,612705,4.485223946070312
288062,112058,501629,613687,4.476512163343982
288104,112082,501675,613757,4.47596402633786
288144,112101,501776,613877,4.476106368364243
288148,112105,501794,613899,4.476107220908969
288176,112114,501838,613952,4.476140357136486
288215,112116,501939,614055,4.4769613614470725
288242,112132,501970,614102,4.4765990083116325
288348,112234,502243,614477,4.474963023682663
288469,112323,502513,614836,4.473821033982355
288524,112338,502563,614901,4.473668749666186
288705,112408,502816,615224,4.473133584798235
288722,112422,502859,615281,4.472959029371475
288759,112435,502904,615339,4.472842086538889
288788,112438,502926,615364,4.472918408367278
288927,112492,503054,615546,4.471909113536962
288973,112492,503197,615689,4.473180315044625
289062,112544,503372,615916,4.472668467443844
289100,112544,503408,615952,4.472988342337219
289221,112544,503622,616166,4.47488982087006
289577,112749,504240,616989,4.472234787004763
289597,112749,504261,617010,4.472421041428305
289615,112756,504274,617030,4.472258682464791
289661,112774,504361,617135,4.472316314044018
289674,112780,504395,617175,4.472379854584146
289768,112818,504575,617393,4.472468932262582
289922,112955,504843,617798,4.4694170244787745
289936,112955,504867,617822,4.469629498472843
290083,113026,505085,618111,4.468750552970113
290096,113033,505111,618144,4.468703829854998
290125,113042,505216,618258,4.46927690592877
290223,113079,505371,618450,4.469185259862574
290244,113081,505371,618452,4.469106215898338
290401,113129,505675,618804,4.469897197005189
290443,113150,505720,618870,4.469465311533363
290461,113159,505742,618901,4.4693042533072935
290489,113173,505772,618945,4.469016461523508
291542,113173,507477,620650,4.484081892324141
291552,113177,507485,620662,4.483994097740707
291797,113292,507885,621177,4.482973201991315
291814,113303,507926,621229,4.482899834955826
291834,113312,507953,621265,4.482782053092347
291861,113323,507968,621291,4.482479284875974
291901,113334,508136,621470,4.483526567490779
291935,113355,508214,621569,4.483384058929911
292046,113426,508409,621835,4.482296827887786
292894,113720,509641,623361,4.481542384804784
292950,113762,509709,623471,4.4804855751481165
292991,113811,509848,623659,4.479777877358076
293025,113811,509896,623707,4.480199629209831
293048,113820,509906,623726,4.479933227903707
293075,113823,509941,623764,4.480122646565281
293195,113861,510092,623953,4.4799536276688245
293239,113884,510145,624029,4.479514242562607
293413,113949,510562,624511,4.4806185223213895
293524,114010,510772,624782,4.480063152355057
293660,114096,511050,625146,4.4791228439209085
293682,114108,511075,625183,4.478870894240544
293732,114124,511122,625246,4.4786547965371
293828,114194,511426,625620,4.478571553671822
293946,114231,511566,625797,4.478346508390892
293960,114231,511592,625823,4.4785741173586855
294022,114245,511672,625917,4.478725545975754
294090,114262,511705,625967,4.478348007211497
294210,114306,511920,626226,4.4785050653509
294365,114421,512147,626568,4.47598779944241
294436,114436,512236,626672,4.476178824845328
294487,114452,512253,626705,4.4757016041659385
294503,114452,512253,626705,4.4757016041659385
294631,114554,512568,627122,4.474466190617525
294655,114571,512600,627171,4.474081573871224
294911,114700,513269,627969,4.474882301656495
295059,114756,513393,628149,4.473779148802677
295066,114759,513401,628160,4.473731907737084
295360,114925,513853,628778,4.471202958451164
295394,114937,513903,628840,4.471171163332956
295452,114991,514017,629008,4.470062874485829
295499,115028,514103,629131,4.469372674479257
295519,115030,514134,629164,4.469564461444841
295551,115048,514179,629227,4.469256310409568
295575,115055,514204,629259,4.469201686150102
295599,115061,514227,629288,4.4691685279981925
295621,115069,514249,629318,4.469049005379381
295637,115080,514265,629345,4.468760862009037
295644,115089,514272,629361,4.468472225842609
295667,115096,514313,629409,4.468556683116702
295693,115121,514349,629470,4.467898993233207
295747,115160,514476,629636,4.4674887113581105
296025,115311,514742,630053,4.463945330454163
296051,115325,514768,630093,4.463628874918708
296149,115326,515057,630383,4.466096110157293
296952,115367,516962,632329,4.48102143593922
296983,115371,516993,632364,4.481134773903321
297019,115386,517061,632447,4.481141559634618
297064,115399,517118,632517,4.481130685707848
297117,115419,517180,632599,4.480891361041077
297135,115425,517233,632658,4.481117608836907
297944,116094,519520,635614,4.4749944010887726
297966,116103,519566,635669,4.47504371118748
299000,116216,521124,637340,4.484098575067116
299002,116216,521136,637352,4.484201831073174
299018,116231,521171,637402,4.483924254286722
299049,116241,521224,637465,4.483994459786134
299051,116244,521235,637479,4.483973366367296
299237,116363,521504,637867,4.481699509294192
299258,116382,521547,637929,4.4813373202041555
299314,116389,521577,637966,4.481325554820473
299365,116396,521678,638074,4.4819237774493965
299404,116407,521714,638121,4.481809513173606
299422,116407,521724,638131,4.48189541866039
299444,116407,521737,638144,4.482007095793208
299454,116407,521753,638160,4.482144544572062
299486,116415,521838,638253,4.482566679551605
299513,116434,521871,638305,4.482118625143858
299571,116449,521923,638372,4.481987822995475
299681,116549,522137,638686,4.479978378192863
299903,116631,522324,638955,4.478431977776063
299906,116631,522331,638962,4.4784919961245295
302273,117897,526185,644082,4.463090663884577
302277,117897,526191,644088,4.463141555764778
302282,117899,526195,644094,4.463099771838608
302311,117914,526231,644145,4.462837322116118
303080,118334,527816,646150,4.460391772440719
303124,118352,527866,646218,4.460135865891577
303427,118600,528559,647159,4.456652613827993
303438,118600,528571,647171,4.456753794266442
303447,118606,528588,647194,4.456671669224154
303650,118746,528947,647693,4.454440570629748
303761,118778,529257,648035,4.455850410008588
303828,118778,529409,648187,4.457130108269208
303837,118782,529430,648212,4.4571568082706134
303896,118851,529585,648436,4.455873320375933
303905,118853,529601,648454,4.455932959201703
303919,118859,529615,648474,4.45582581041402
303963,118871,529675,648546,4.455880744672797
304140,118935,529840,648775,4.454870307310716
304185,118949,529864,648813,4.454547747353908
304279,118973,530067,649040,4.455355416775235
304340,118993,530149,649142,4.455295689662417
304380,119013,530216,649229,4.455109945972289
304540,119095,530500,649595,4.454427137999076
304580,119122,530630,649752,4.45450882288746
304657,119179,530801,649980,4.45381317178362
304696,119193,530868,650061,4.453852155747401
304716,119193,530913,650106,4.454229694696836
304774,119193,531010,650203,4.455043500876729
308386,120756,535344,656100,4.433270396502037
308387,120756,535346,656102,4.433286958826063
308474,120830,535536,656366,4.4321443350161385
308507,120838,535562,656400,4.432066071931015
308541,120865,535649,656514,4.431795805237249
308645,120898,535836,656734,4.4321328723386655
308717,120931,536041,656972,4.43261860068965
308745,120944,536078,657022,4.432448075142214
308827,120991,536285,657276,4.432437123422403
308857,121007,536335,657342,4.432264249175668
309046,121201,536724,657925,4.428379303801123
309106,121258,536861,658119,4.427427468703096
309118,121283,536902,658185,4.42685289776803
310431,121290,540197,661487,4.4537637068183695
310446,121293,540204,661497,4.45371126116099
310464,121297,540243,661540,4.45388591638705
310484,121310,540277,661587,4.453688896216305
310727,121446,540737,662183,4.452489172142351
310748,121453,540778,662231,4.452570130009139
310758,121458,540786,662244,4.452452699698661
310851,121483,541000,662483,4.453297992311682
311004,121521,541116,662637,4.452859999506258
311391,121672,541540,663212,4.450818594253403
311402,121680,541576,663256,4.450821827744905
311432,121699,541642,663341,4.450669274192886
311438,121702,541650,663352,4.450625297858704
311522,121742,541761,663503,4.450074748238078
311541,121750,541768,663518,4.449839835728953
311568,121773,541813,663586,4.449368907721745
311657,121793,541878,663671,4.449171955695319
311702,121802,541988,663790,4.449746309584407
311904,121822,542062,663884,4.449623220764722
311941,121831,542121,663952,4.449778791933087
311970,121848,542159,664007,4.449469831265183
313821,121863,546176,668039,4.48188539589539
314008,122017,546466,668483,4.478605440225542
314101,122062,546597,668659,4.47802755976471
314123,122091,546636,668727,4.47728333783817
314131,122094,546651,668745,4.477296181630547
314155,122101,546661,668762,4.477121399497138
314183,122111,546686,668797,4.476959487679243
314201,122120,546714,668834,4.476858827382902
314276,122151,546801,668952,4.476434904339711
314363,122165,546899,669064,4.476724102648058
314423,122183,546936,669119,4.476367416088982
314441,122194,546960,669154,4.476160858961978
314454,122201,546983,669184,4.476092666999452
314459,122203,546987,669190,4.476052142746086
314513,122233,547027,669260,4.4752808161462125
314551,122241,547044,669285,4.47512700321496
314584,122254,547087,669341,4.475002862892012
314617,122276,547127,669403,4.474524845431646
314928,122283,547708,669991,4.479019978247181
315049,122312,547875,670187,4.479323369742953
315179,122312,548261,670573,4.482479233435804
315211,122326,548300,670626,4.482285041610123
315228,122341,548344,670685,4.482095127553314
315248,122359,548378,670737,4.481713645910803
315531,122541,548813,671354,4.478607160052554
315581,122555,548877,671432,4.478617763453143
315617,122566,548900,671466,4.478403472414862
315637,122575,548918,671493,4.478221497042627
315741,122625,549040,671665,4.477390417940876
315913,122700,549341,672041,4.4771067644661775
315997,122702,549675,672377,4.479755831200795
316017,122706,549733,672439,4.480082473554676
316121,122776,549915,672691,4.479010555808953
316268,122848,550042,672890,4.477419249804637
316281,122848,550049,672897,4.477476230789268
317759,123006,551787,674793,4.485854348568362
317827,123029,551870,674899,4.485690365686139
317851,123029,551886,674915,4.485820416324606
318115,123103,552512,675615,4.488209060705263
318159,123128,552580,675708,4.487850042232473
318171,123128,552595,675723,4.48797186667533
318188,123135,552613,675748,4.487862914687132
318234,123146,552669,675815,4.487916781706267
318242,123152,552700,675852,4.487949850591139
318504,123394,553277,676671,4.483824172974375
318555,123421,553338,676759,4.483337519546916
318572,123421,553368,676789,4.4835805900130445
319072,123585,553793,677378,4.481069709107092
319141,123620,553893,677513,4.480609933667691
319146,123625,553897,677522,4.480461071789686
319153,123626,553905,677531,4.480489541035057
319186,123633,553960,677593,4.4806807244020606
319455,123633,554476,678109,4.484854367361465
319480,123653,554552,678205,4.484743597001286
320315,123908,555391,679299,4.482285243890629
320636,123931,555769,679700,4.484503473707144
320642,123934,555771,679705,4.484411057498346
320654,123942,555789,679731,4.484266834487099
320732,123982,555853,679835,4.4833362907518834
320825,124022,556130,680152,4.4841237844898485
320855,124031,556162,680193,4.484056405253526
320950,124051,556248,680299,4.484026730941307
320986,124068,556310,680378,4.483912048231615
321020,124105,556370,680475,4.483058700294106
321049,124116,556412,680528,4.482999774404589
321063,124127,556447,680574,4.482884465104289
321078,124142,556486,680628,4.482656957355287
321169,124150,556526,680676,4.482690293999195
321175,124154,556538,680692,4.482642524606537
321219,124176,556609,680785,4.48242011338745
321292,124202,556736,680938,4.482504307499074
321327,124218,556789,681007,4.482353604147547
321363,124234,556831,681065,4.482114397024969
321390,124250,556906,681156,4.482140845070423
321405,124250,556934,681184,4.482366197183099
321479,124286,557117,681403,4.482540270022367
321512,124300,557154,681454,4.482333065164924
321533,124318,557195,681513,4.482013867661964
321617,124339,557360,681699,4.482583903682674
321694,124363,557449,681812,4.4824344861413765
321739,124382,557535,681917,4.4824411892396006
322104,124433,558517,682950,4.48849581702603
323349,124433,560537,684970,4.504729452797891
323379,124442,560649,685091,4.505303675607914
323524,124521,560952,685473,4.504878695159853
323542,124530,560976,685506,4.50474584437485
323587,124576,561061,685637,4.5037647701001795
323963,124751,561519,686270,4.501118227509198
324031,124804,561606,686410,4.499903849235602
324658,125229,562885,688114,4.494845443148153
324712,125271,562977,688248,4.494072850061068
324727,125276,563003,688279,4.494101024936939
324769,125313,563066,688379,4.493276834805647
324836,125325,563127,688452,4.493333333333333
324861,125333,563156,688489,4.49327790765401
324869,125338,563168,688506,4.4931944023360835
324929,125361,563275,688636,4.49322357032889
324984,125365,563313,688678,4.493383320703546
325015,125380,563377,688757,4.493356197160631
325047,125401,563422,688823,4.492962576056012
325051,125407,563433,688840,4.4928353281714735
325064,125411,563440,688851,4.4927478450853595
325069,125417,563448,688865,4.492596697417415
325107,125431,563505,688936,4.492549688673454
325160,125463,563560,689023,4.491842216430342
325203,125489,563599,689088,4.4912223382129115
325247,125500,563732,689232,4.49188844621514
325272,125500,563759,689259,4.492103585657371
325319,125553,563862,689415,4.4910276934840265
325480,125639,564044,689683,4.4894021760759
325619,125639,564044,689683,4.4894021760759
325636,125646,564089,689735,4.489510211228372
325713,125671,564209,689880,4.489571977624114
325781,125698,564288,689986,4.489236105586405
325850,125733,564365,690098,4.488598856306618
325868,125749,564383,690132,4.488170880086521
326800,126010,565392,691402,4.48688199349258
326822,126019,565409,691428,4.486696450535237
326951,126065,565547,691612,4.4861539681910125
326993,126079,565610,691689,4.486155505675013
327030,126100,565637,691737,4.4856225218080885
327063,126110,565651,691761,4.4853778447387205
327631,126110,567042,693152,4.496407897866941
327698,126145,567134,693279,4.495889650798684
328179,126240,568781,695021,4.505552915082383
328262,126306,568880,695186,4.5039823919687105
328269,126311,568883,695194,4.503827853472777
328443,126348,569173,695521,4.50480419159781
328459,126348,569199,695547,4.505009972457024
328545,126388,569424,695812,4.505364433332279
328569,126402,569479,695881,4.505300549041945
329206,126623,570393,697016,4.504655552308822
329237,126635,570411,697046,4.504370829549493
329253,126637,570418,697055,4.5043549673476155
329290,126667,570464,697131,4.503651306180773
329377,126696,570556,697252,4.503346593420471
330387,127366,572231,699597,4.4928081277578
330398,127366,572249,699615,4.492949452758193
330465,127366,572322,699688,4.493522604148674
330707,127508,572691,700199,4.491412303541739
330740,127521,572751,700272,4.491424941774296
330765,127532,572777,700309,4.491241413919644
330802,127539,572832,700371,4.491426152000565
330828,127559,572861,700420,4.490949286212654
330833,127578,572886,700464,4.49047641442882
331088,127659,573093,700752,4.489248701619157
331212,127659,573296,700955,4.490838875441606
331255,127692,573397,701089,4.490469254142781
331277,127704,573435,701139,4.490344859988724
331311,127728,573479,701207,4.489845609420017
331764,128015,574494,702509,4.487708471663477
331766,128015,574494,702509,4.487708471663477
331802,128030,574521,702551,4.487393579629774
331867,128055,574618,702673,4.487274999023857
331882,128062,574633,702695,4.487146850744171
332000,128062,574810,702872,4.488528993768643
332044,128083,574846,702929,4.488074139425216
332077,128099,574908,703007,4.487997564383797
332188,128171,575094,703265,4.486927620132479
332466,128328,575606,703934,4.485427965837541
332475,128336,575625,703961,4.485296409425259
332655,128388,575720,704108,4.484219709007072
332741,128476,575841,704317,4.482090040163143
332766,128488,575906,704394,4.482177323952431
332782,128488,575932,704420,4.482379677479609
332818,128516,575965,704481,4.481659871144449
332827,128521,575977,704498,4.481578885940819
332836,128526,575988,704514,4.481490126511368
333018,128612,576262,704874,4.480623892016297
333032,128619,576280,704899,4.480519985383186
333172,128679,576591,705270,4.480847690765393
333260,128705,576692,705397,4.480727244473797
335659,128736,581843,710579,4.5196603902560275
335691,128752,581859,710611,4.519223002361128
336559,129014,582755,711769,4.516990404142186
336573,129014,582781,711795,4.517191932658471
336581,129021,582785,711806,4.516977856317964
337022,129038,583813,712851,4.524349416450968
337042,129038,583834,712872,4.524512159208915
337089,129047,583929,712976,4.524932776430293
337862,129441,585185,714626,4.520862786906776
337890,129443,585224,714667,4.521094226802531
337920,129458,585303,714761,4.521180614562252
338135,129458,585800,715258,4.525019697508072
338178,129470,585828,715298,4.524816559820808
338531,129587,586447,716034,4.525507959903385
338573,129613,586509,716122,4.525078502927947
338755,129722,586676,716398,4.522563636083317
338756,129722,586678,716400,4.522579053668615
338772,129724,586687,716411,4.5225787055594955
339474,129758,588324,718082,4.53400946377102
339505,129758,588378,718136,4.53442562308297
339572,129770,588405,718175,4.53421437928643
339654,129836,588563,718399,4.533126405619397
339719,129878,588670,718548,4.532484331449514
339809,129918,588760,718678,4.531781585307655
339999,129937,589311,719248,4.535359443422582
340013,129941,589344,719285,4.535473791951732
340181,129965,589583,719548,4.536475204862848
340391,129984,590211,720195,4.54064346381093
341046,130451,591437,721888,4.533786632528689
341064,130468,591464,721932,4.533402826746788
341083,130468,591474,721942,4.533479473893982
341137,130517,591556,722073,4.532405740248397
341191,130535,591649,722184,4.5324932010571874
341226,130542,591730,722272,4.532870646994837
341629,130676,592572,723248,4.534665891211852
341658,130698,592614,723312,4.534223936096956
341659,130698,592616,723314,4.534239238549939
342329,131032,594207,725239,4.53482355455156
342397,131094,594361,725455,4.533853570720247
342482,131153,594532,725685,4.533117808971202
342522,131176,594591,725767,4.532772763310362
342569,131188,594631,725819,4.532663048449553
342589,131198,594711,725909,4.532927331209317
342621,131232,594767,725999,4.53217965130456
342640,131243,594793,726036,4.531997897030699
342673,131258,594849,726107,4.53190662664371
342739,131296,594994,726290,4.531699366317329
342873,131364,595269,726633,4.5314469717730885
343173,131376,595479,726855,4.532631530873219
343368,131434,595673,727107,4.532107369478217
343600,131443,597062,728505,4.542364370867981
344243,131821,598057,729878,4.536887142412818
344567,131822,598623,730445,4.5411463943803
344649,131875,598755,730630,4.540322274881516
344684,131891,598813,730704,4.540211235034991
344703,131891,598828,730719,4.540324965312266
344714,131896,598853,730749,4.540342390974708
344769,131934,598938,730872,4.539678930374278
344893,132084,599163,731247,4.536226946488598
344904,132091,599178,731269,4.536100112801024
344928,132095,599180,731275,4.535977894696998
344981,132120,599289,731409,4.53594459582198
345008,132139,599357,731496,4.535806991122984
345017,132147,599382,731529,4.53572158278281
345077,132159,599541,731700,4.536512836810206
345094,132166,599552,731718,4.536355794985094
345113,132181,599567,731748,4.53595448665088
345337,132278,599805,732083,4.534427493611939
345878,132662,601210,733872,4.5318930816661895
345937,132679,601279,733958,4.531832467835905
345984,132695,601318,734013,4.53157993895776
346019,132714,601401,734115,4.5315565803155655
346326,132714,601999,734713,4.536062510360625
346612,132722,602501,735223,4.539571435029611
346671,132757,602607,735364,4.539173075619365
346975,132903,603001,735904,4.537151155353905
347140,132940,603147,736087,4.5369866105009775
347410,132940,603529,736469,4.539860087257409
349009,133411,605051,738462,4.535240722279272
349010,133411,605053,738464,4.535255713546859
349035,133423,605104,738527,4.535230057786139
349137,133521,605275,738796,4.533182046269875
349193,133539,605393,738932,4.533454646208224
349257,133572,605498,739070,4.533120713922079
349499,133703,605808,739511,4.530997808575724
349540,133717,605817,739534,4.53059072518827
349702,133843,606236,740079,4.529456153851901
349724,133851,606266,740117,4.529409567354745
349785,133892,606346,740238,4.528620081857019
349864,133931,606472,740403,4.528242154542264
349896,133961,606516,740477,4.527556527646106
349961,133996,606694,740690,4.5277023194722235
350116,134010,607024,741034,4.529691814043728
350141,134026,607081,741107,4.529576350857297
350143,134026,607085,741111,4.529606195812753
350146,134026,607094,741120,4.52967334696253
350459,134026,607880,741906,4.535537880709713
350617,134123,608043,742166,4.5334730061212465
350623,134124,608053,742177,4.533513763383138
350695,134176,608170,742346,4.532628786072025
350730,134185,608310,742495,4.533368111189775
350758,134192,608338,742530,4.533340288541791
350806,134227,608446,742673,4.532962816720928
350868,134249,608503,742752,4.532644563460435
350925,134266,608607,742873,4.532845247493781
352478,134429,610283,744712,4.539816557439243
352502,134433,610285,744718,4.539696354317765
352677,134574,610557,745131,4.536961077176869
352751,134575,610636,745211,4.537514397176296
353036,134580,610831,745411,4.538794768910685
353046,134580,610857,745437,4.538987962550156
353152,134636,611166,745802,4.539395109777474
353180,134637,611220,745857,4.539762472425856
353331,134762,611443,746205,4.537206334129799
353353,134772,611472,746244,4.5370848544208
353620,134853,611741,746594,4.536354400717818
353633,134864,611769,746633,4.5361920156602205
353646,134872,611782,746654,4.5360193368527195
353680,134883,611820,746703,4.535931140321612
356019,134914,616860,751774,4.57224602339268
356094,134924,617035,751959,4.573204174201773
356110,134924,617061,751985,4.573396875277934
356121,134924,617071,751995,4.573470991076458
356195,134941,617269,752210,4.574362128633996
356200,134945,617279,752224,4.57430064100189
356216,134945,617305,752250,4.574493312090111
356254,134969,617339,752308,4.573931791744771
356281,134982,617371,752353,4.573728348965047
356334,134988,617459,752447,4.574176963878271
356420,135017,617557,752574,4.573920321144745
356424,135019,617560,752579,4.573874787992801
356458,135029,617600,752629,4.5738322878789
356474,135039,617631,752670,4.5737231466465245
356544,135066,617700,752766,4.573319710363823
356553,135071,617711,752782,4.573231855838781
356600,135097,617779,752876,4.572855059697846
356606,135101,617781,752882,4.572734472727811
356637,135105,617801,752906,4.572747122608342
356661,135126,617832,752958,4.572265885173838
356685,135137,617876,753013,4.572219303373614
356747,135177,618013,753190,4.571879831628162
357157,135352,618496,753848,4.569537206690703
357180,135359,618537,753896,4.569603794354273
357386,135477,618926,754403,4.568495021295128
357450,135488,618983,754471,4.568544815777043
357644,135621,619228,754849,4.565871067165115
357667,135640,619256,754896,4.565437923916249
358119,135648,620080,755728,4.571243217740033
358188,135649,620149,755798,4.571718184431879
358211,135661,620220,755881,4.571837152903193
358266,135693,620307,756000,4.571400145917623
358291,135693,620347,756040,4.571694928994127
358357,135738,620539,756277,4.571593805713949
358406,135748,620634,756382,4.571956861242891
358822,135765,621359,757124,4.576724487165323
358854,135789,621424,757213,4.576394258739662
359197,135789,622006,757795,4.580680320202667
359639,135805,623038,758843,4.5877397739405765
359667,135827,623067,758894,4.587210201211835
359675,135838,623085,758923,4.586971245159676
359685,135838,623113,758951,4.587177373047306
359730,135861,623179,759040,4.5868865973310955
359742,135861,623200,759061,4.5870411670751725
359804,135861,623217,759078,4.587166294963234
359817,135871,623230,759101,4.5869243620787366
359852,135877,623260,759137,4.586942602500791
360213,135952,623551,759503,4.5865526068024005
360213,135952,623551,759503,4.5865526068024005
360268,135976,623641,759617,4.5864049538153795
360361,135993,623904,759897,4.587765546756083
360427,136052,624084,760136,4.587099050363096
360622,136183,624423,760606,4.585175829582253
360731,136268,624551,760819,4.583255056212757
360744,136299,624629,760928,4.582784906712448
360815,136300,624738,761038,4.583550990462216
360936,136302,625095,761397,4.58610291851917
361000,136361,625190,761551,4.584815306429258
361056,136375,625264,761639,4.5848872593950505
361112,136394,625332,761726,4.584747129639133
361173,136463,625502,761965,4.583674695705063
361184,136463,625528,761991,4.583865223540447
361185,136463,625528,761991,4.583865223540447
361211,136470,625550,762020,4.583791309445299
361239,136489,625580,762069,4.583373019071134
361253,136503,625592,762095,4.582990850017948
361524,136503,626705,763208,4.591144516970323
361561,136514,626748,763262,4.591089558580072
361647,136557,626847,763404,4.590368856960829
361847,136676,627182,763858,4.58882320231789
361989,136720,627277,763997,4.588041252194266
362011,136723,627283,764006,4.587984464940061
362040,136746,627313,764059,4.587432173518787
362043,136749,627320,764069,4.587382723091211
362053,136749,627336,764085,4.58749972577496
362086,136761,627418,764179,4.587696784902128
362139,136793,627523,764316,4.587391167676708
362213,136830,627594,764424,4.5866695900021925
362295,136866,627733,764599,4.586478745634416
362360,136899,627821,764720,4.586015967976391
362510,136969,628232,765201,4.586672896786864
362573,136992,628335,765327,4.586654695164681
362591,137004,628373,765377,4.58653032028262
362594,137004,628375,765379,4.586544918396543
362646,137016,628406,765422,4.586369475097799
362664,137016,628416,765432,4.58644245927483
362923,137233,629042,766275,4.583751721524706
362988,137287,629174,766461,4.5829102537020985
363016,137294,629202,766496,4.582880533745102
363030,137318,629255,766573,4.582465517994728
363043,137318,629262,766580,4.582516494560072
363078,137321,629296,766617,4.58266397710474
363130,137349,629343,766692,4.582071948103008
363170,137370,629394,766764,4.581742738589211
363193,137375,629406,766781,4.581663330300273
363462,137375,629922,767297,4.585419472247498
363521,137383,630105,767488,4.5864844995377885
363704,137437,630242,767679,4.585679256677605
363789,137505,630373,767878,4.5843642049380025
363813,137511,630397,767908,4.584338707448858
363881,137528,630510,768038,4.5845936827409695
363920,137539,630573,768112,4.584685071143458
363935,137549,630611,768160,4.584628023468
364807,138084,631998,770082,4.576909707134788
364810,138084,632004,770088,4.576953158946728
364840,138093,632037,770130,4.576893832417284
364862,138099,632055,770154,4.576825320965394
365223,138365,632846,771211,4.573743359953745
365231,138375,632860,771235,4.573514001806685
365354,138437,632992,771429,4.5724192231845535
365441,138445,633047,771492,4.5725522770775395
365461,138451,633079,771530,4.572585246766004
365488,138455,633096,771551,4.572575927196562
365586,138456,633385,771841,4.57463020743052
365662,138500,633514,772014,4.574108303249098
365710,138515,633602,772117,4.5742482763599615
365766,138550,633663,772213,4.573533020570191
366086,138736,634261,772997,4.571711740283704
366088,138738,634264,773002,4.571667459528031
366199,138759,634306,773065,4.571278259428217
366246,138767,634356,773123,4.571375038733993
367307,139146,635686,774832,4.568482026073333
367453,139187,636046,775233,4.569722747095634
367531,139256,636214,775470,4.568664904923307
367569,139271,636259,775530,4.568495953931544
367586,139282,636271,775553,4.568221306414325
367653,139311,636365,775676,4.567945101248286
367703,139367,636435,775802,4.566611895211922
367886,139411,636531,775942,4.565859222012611
367929,139428,636613,776041,4.565890638896061
367972,139470,636660,776130,4.564852656485265
368037,139488,636718,776206,4.564679398944712
368045,139495,636730,776225,4.564536363310513
368084,139508,636813,776321,4.564705966682914
368173,139508,636898,776406,4.565315250738309
368256,139536,637007,776543,4.565180311890838
368276,139539,637025,776564,4.565211159604125
368278,139541,637025,776566,4.5651457277789325
368294,139541,637051,776592,4.5653320529450125
368392,139542,637340,776882,4.567370397443064
368456,139563,637447,777010,4.567449825526823
368553,139618,637572,777190,4.566545860848888
368579,139627,637603,777230,4.566473533055928
368610,139637,637665,777302,4.566590516840092
368634,139646,637688,777334,4.566460908296693
368639,139646,637688,777334,4.566460908296693
368662,139657,637727,777384,4.566380489341745
368805,139713,637932,777645,4.566017478688454
368887,139740,637987,777727,4.565528839272935
368913,139740,637987,777727,4.565528839272935
368983,139805,638192,777997,4.564872500983513
369025,139816,638235,778051,4.5648209074784
369169,139953,638541,778494,4.562538852328996
369205,139969,638599,778568,4.562431681300859
369215,139976,638607,778583,4.5622606732582724
369333,139978,638955,778933,4.564681592821729
369574,139985,639369,779354,4.567410794013644
369803,140066,639812,779878,4.567932260505762
371072,140738,641991,782729,4.561603831232503
371101,140738,642016,782754,4.561781466270659
371106,140739,642019,782758,4.561770369265093
371191,140794,642148,782942,4.560904584002159
371213,140813,642184,782997,4.5605448360591705
371227,140828,642229,783057,4.560378617888488
371363,140836,642999,783835,4.565586923797893
371584,140928,643446,784374,4.565778269754769
371710,140983,643609,784592,4.565153245426753
371806,141045,643809,784854,4.564564500691269
371837,141057,643823,784880,4.564275434753327
371883,141063,643854,784917,4.564301056974544
372028,141075,644092,785167,4.565599858231437
372047,141084,644128,785212,4.565563777607666
372096,141109,644164,785273,4.565010027709076
372321,141181,644449,785630,4.564700632521373
372340,141190,644471,785661,4.564565479141582
372429,141234,644588,785822,4.56397184813855
372559,141235,644973,786208,4.566665486600347
372584,141246,645014,786260,4.566600116109483
372673,141307,645174,786481,4.565761073407545
373155,141340,645698,787038,4.56840243384746
373160,141342,645701,787043,4.568359015720734
373191,141357,645746,787103,4.568192590391703
373220,141367,645767,787134,4.568017995713285
373229,141373,645774,787147,4.567873639238044
373250,141398,645824,787222,4.567419624039944
373477,141400,645859,787259,4.5676025459688825
373490,141400,645866,787266,4.567652050919378
373521,141410,645923,787333,4.567732126440846
373534,141417,645936,787353,4.567597954984196
373595,141417,645978,787395,4.567894948980674
373743,141455,646069,787524,4.567311159025839
373858,141486,646139,787625,4.566805196273836
374217,141749,646935,788684,4.563947541076128
374235,141757,646949,788706,4.563788737064131
374380,141813,647144,788957,4.563361610007545
375122,141973,647492,789465,4.5606699865467375
375155,141986,647554,789540,4.560689082022171
375172,141986,647589,789575,4.560935585198541
375182,141992,647611,789603,4.560897797058989
375191,141999,647637,789636,4.5608560623666365
375345,142077,647918,789995,4.560329961922056
375384,142100,648039,790139,4.560443349753695
375420,142127,648126,790253,4.560189126626186
375595,142248,648388,790636,4.558151959957257
375625,142257,648434,790691,4.558186943349009
375670,142284,648475,790759,4.557610131848978
375735,142313,648586,790899,4.5574613703597
375758,142318,648633,790951,4.557631501285853
375775,142330,648659,790989,4.557429916391484
375829,142388,648812,791200,4.55664803213754
375893,142436,648939,791375,4.556004100087057
375920,142436,648972,791408,4.556235783088545
375955,142439,649056,791495,4.5567295473851965
375979,142449,649108,791557,4.556774705333137
376012,142479,649170,791649,4.556250394795023
376017,142482,649176,791658,4.556196572198593
376093,142511,649299,791810,4.556132509069475
376123,142511,649360,791871,4.556560546203451
376164,142555,649422,791977,4.555589070884921
376202,142578,649505,792083,4.555436322574311
376253,142627,649562,792189,4.554270930468985
376297,142632,649676,792308,4.554910539009479
376323,142641,649717,792358,4.554910579707097
377317,142703,650925,793628,4.56139674709011
377357,142721,650974,793695,4.561164790044913
377408,142760,651029,793789,4.560304006724572
377411,142761,651036,793797,4.560321096097674
377447,142791,651075,793866,4.559636111519634
377535,142798,651126,793924,4.559769744674295
377569,142813,651157,793970,4.5595078879373725
377590,142833,651202,794035,4.559184502180869
377632,142843,651230,794073,4.55906134707336
377651,142856,651259,794115,4.558849470795766
377670,142872,651285,794157,4.558520913824962
377704,142881,651294,794175,4.558296764440338
377722,142881,651304,794185,4.55836675275229
377725,142881,651310,794191,4.558408745739461
377729,142883,651318,794201,4.558400929431773
377740,142883,651333,794216,4.558505910430212
377770,142890,651381,794271,4.5586185177409195
378196,143291,652108,795399,4.550934810979056
378226,143294,652125,795419,4.550958169916395
378403,143425,652440,795865,4.548997734007321
378423,143446,652484,795930,4.548638512053317
378450,143448,652499,795947,4.548679660922425
378451,143448,652502,795950,4.548700574424181
378492,143464,652537,796001,4.548437238610383
378538,143477,652636,796113,4.548715125072311
378545,143480,652647,796127,4.548696682464455
378593,143518,652728,796246,4.548056689753202
378625,143542,652774,796316,4.547616725418345
378651,143550,652823,796373,4.547704632532219
378660,143552,652839,796391,4.5477527307177885
379098,143772,653396,797168,4.544667946470801
379108,143772,653412,797184,4.544779233786829
379130,143782,653437,797219,4.544637019932954
379192,143815,653582,797397,4.544602440635539
379229,143845,653721,797566,4.544620946157322
379254,143857,653790,797647,4.544721494261663
379353,143876,653994,797870,4.545539214323445
379354,143876,653994,797870,4.545539214323445
379757,144170,655137,799307,4.544197822015676
379794,144182,655216,799398,4.544367535475995
380738,144182,657305,801487,4.558856167898906
380865,144229,657400,801629,4.558029245158741
380927,144262,657505,801767,4.5577144362340745
380987,144275,657541,801816,4.5575532836596775
381089,144373,657719,802092,4.555692546390253
381219,144374,658104,802478,4.558327676728497
381244,144381,658161,802542,4.558501464874187
381271,144390,658206,802596,4.558528984001662
381842,144397,659097,803494,4.564478486395147
381972,144398,659482,803880,4.56711311791022
382008,144409,659526,803935,4.567069919464854
382076,144474,659683,804157,4.566101859158049
382844,144877,660649,805526,4.560068195779868
382897,144893,660711,805604,4.559992546223765
382908,144897,660721,805618,4.559935678447449
382964,144915,660798,805713,4.559900631404616
383031,144964,660919,805883,4.559194006787892
383042,144982,660935,805917,4.558738326137037
383248,145069,661498,806567,4.559885295962611
383384,145093,661549,806642,4.559482538785469
383511,145161,661888,807049,4.5596820082529055
383624,145232,662150,807382,4.559256913077008
383643,145252,662183,807435,4.558856332442927
383666,145256,662213,807469,4.5589373244478715
383676,145261,662221,807482,4.558835475454527
383732,145314,662360,807674,4.558129292428809
383733,145316,662363,807679,4.558087203060915
383891,145381,662541,807922,4.557273646487506
383935,145398,662586,807984,4.55705030330541
383962,145421,662618,808039,4.5565496042524805
383995,145430,662745,808175,4.557140892525614
384028,145446,662798,808244,4.557003973983472
384054,145463,662853,808316,4.55684950812234
384108,145474,662899,808373,4.556821150171165
384190,145511,662975,808486,4.556184755791659
384251,145539,663053,808592,4.555844137997375
384271,145539,663110,808649,4.5562357855969875
384300,145557,663141,808698,4.555885323275418
384310,145557,663157,808714,4.555995245848705
385659,145580,664109,809689,4.561814809726611
385737,145598,664534,810132,4.564169837497768
385859,145648,664671,810319,4.563543611996045
385915,145656,664713,810369,4.563581314878893
386087,145696,664948,810644,4.563941357346804
386124,145706,664985,810691,4.563882063882064
386153,145723,665044,810767,4.563754520562986
386212,145776,665165,810941,4.562925310064757
386228,145784,665175,810959,4.562743510947703
386262,145807,665244,811051,4.562496999458188
386296,145819,665307,811126,4.562553576694395
386319,145827,665343,811170,4.56255014503487
386320,145827,665349,811176,4.562591289678866
386349,145839,665367,811206,4.562339291958941
386364,145845,665402,811247,4.5623915801021635
386438,145876,665550,811426,4.562436589980531
386453,145884,665554,811438,4.562213813715006
386473,145884,665575,811459,4.562357763702668
387287,145890,666889,812779,4.571176914113373
387321,145890,666907,812797,4.571300294742614
387380,145922,667011,812933,4.571010539877469
387396,145945,667038,812983,4.57047517900579
387425,145973,667074,813047,4.569845108341954
387477,146012,667129,813141,4.569001177985371
387545,146057,667216,813273,4.568189131640387
387727,146057,667622,813679,4.570968868318533
387733,146058,667634,813692,4.571019731887333
388183,146328,668462,814790,4.568243945109617
388653,146333,669265,815598,4.573575338440406
388808,146443,669644,816087,4.572727955586815
388863,146443,669783,816226,4.573677130351058
388982,146523,669960,816483,4.57238795274462
388987,146524,669967,816491,4.572404520761104
389040,146560,670083,816643,4.5720728711790395
389056,146560,670109,816669,4.572250272925764
389130,146575,670164,816739,4.572157598499062
389156,146591,670199,816790,4.5718973197536
389191,146615,670268,816883,4.571619547795246
389204,146621,670310,816931,4.571718921573308
389250,146675,670409,817084,4.570710755070735
389517,146785,671088,817873,4.571911298838438
389600,146823,671203,818026,4.571511275481362
389630,146846,671242,818088,4.571060839246558
389661,146855,671305,818160,4.571209696639542
389696,146862,671386,818248,4.571543353624491
389717,146873,671424,818297,4.571459696472463
390782,147383,673325,820708,4.568539112380668
390802,147393,673343,820736,4.568351278554612
390852,147404,673453,820857,4.5687566144745055
390895,147430,673499,820929,4.56826290442922
391254,147550,674245,821795,4.569603524229075
391444,147550,674815,822365,4.5734666214842425
391507,147572,674851,822423,4.573028758843141
391523,147581,674884,822465,4.57297348574681
391686,147590,675811,823401,4.578975540348262
391690,147592,675820,823412,4.5789744701609845
391708,147614,675888,823502,4.578752692834013
391832,147656,676202,823858,4.579576854310018
391832,147656,676202,823858,4.579576854310018
392563,148329,678231,826560,4.572477398216128
392587,148334,678309,826643,4.572849110790513
392597,148345,678331,826676,4.572658330243689
393097,148537,679238,827775,4.572853901721457
393158,148569,679367,827936,4.572737246666532
393167,148571,679383,827954,4.572783383028989
393176,148575,679390,827965,4.572707386841662
393222,148614,679482,828096,4.5721264483830595
393413,148684,679861,828545,4.572522934545748
393913,148930,680451,829381,4.568931712885248
393925,148940,680468,829408,4.568739089566268
393938,148944,680477,829421,4.56867681813299
393991,148949,680522,829471,4.568825571168655
394022,148963,680561,829524,4.568657988896572
394124,149052,680905,829957,4.568237930386711
394345,149298,681487,830785,4.564609036959638
394391,149343,681630,830973,4.564191157268837
394440,149344,681645,830989,4.564261034926076
395277,149359,683339,832698,4.5751444506189785
395279,149361,683339,832700,4.57508318771299
395562,149369,684004,833373,4.579290214167599
395571,149371,684020,833391,4.57933601569247
395611,149388,684056,833444,4.579055881329157
395653,149409,684113,833522,4.578793780829803
395761,149444,684182,833626,4.578183132143144
395776,149451,684203,833654,4.578109213053108
395810,149462,684260,833722,4.578153644404598
395864,149494,684338,833832,4.57769542590338
395933,149494,684446,833940,4.5784178629242644
395955,149504,684482,833986,4.578352418664384
395974,149515,684507,834022,4.578182791024312
396017,149532,684555,834087,4.577983307920713
396421,149786,685249,835035,4.574853457599509
396520,149814,685356,835170,4.574712643678161
396562,149835,685444,835279,4.5746587913371375
396593,149835,685493,835328,4.5749858177328395
396792,150001,685839,835840,4.572229518469877
396808,150008,685864,835872,4.572182816916431
396874,150028,685958,835986,4.572199856026875
396912,150054,686035,836089,4.571920775187599
396959,150079,686152,836231,4.571938778909774
397011,150100,686224,836324,4.571778814123918
397051,150133,686345,836478,4.571579865852278
397091,150172,686429,836601,4.570951975068588
397111,150177,686447,836624,4.570919648148518
397140,150188,686474,836662,4.570764641649133
397169,150199,686518,836717,4.570722841030899
397392,150241,686640,836881,4.570257120226835
397415,150258,686667,836925,4.569919738050553
397433,150268,686681,836949,4.569708786967285
397480,150268,686775,837043,4.570334335986371
397639,150278,687092,837370,4.572139634543978
397710,150329,687237,837566,4.571553060287769
397806,150344,687426,837770,4.572354068004044
397826,150358,687447,837805,4.572067997712127
397880,150358,687447,837805,4.572067997712127
397911,150358,687496,837854,4.57239388659067
397925,150362,687529,837891,4.572491719982442
398167,150362,687702,838064,4.5736422766390445
398218,150395,687863,838258,4.573709232354799
398223,150396,687869,838265,4.573718715923296
398243,150413,687894,838307,4.573367993458012
398292,150440,687951,838391,4.572926083488434
398326,150447,687983,838430,4.5729260138121735
398827,150578,688480,839058,4.572248269999601
398861,150595,688516,839111,4.571971180982104
399063,150693,689102,839795,4.57288659725402
399164,150741,689336,840077,4.572982798309684
399200,150754,689393,840147,4.572966554784616
399245,150782,689460,840242,4.572561711610139
399364,150838,689804,840642,4.573144698285578
399624,150904,690470,841374,4.575557970630334
399696,150917,690660,841577,4.576422801937489
399726,150947,690745,841692,4.576076371176638
399735,150947,690757,841704,4.576155869278621
399805,150949,690839,841788,4.576638467296902
399815,150957,690846,841803,4.576442298137881
399905,151002,691254,842256,4.577780426749315
399940,151011,691393,842404,4.578428061531941
399977,151023,691444,842467,4.578401965263569
400006,151028,691464,842492,4.5783828164313904
400400,151036,691978,843014,4.5815434730792655
400885,151368,693088,844456,4.578827757518102
400893,151371,693103,844474,4.578836104669983
400925,151386,693157,844543,4.578739117223521
401084,151488,693531,845019,4.578125
401106,151492,693562,845054,4.578208750297045
401136,151513,693596,845109,4.577798604740187
401165,151531,693633,845164,4.577498993605269
401170,151539,693647,845186,4.577349725153261
401323,151539,693801,845340,4.578365965197078
401345,151541,693805,845346,4.578331936571621
401376,151551,693890,845441,4.578590705439093
401480,151603,694090,845693,4.578339478770209
401744,151705,694514,846219,4.578056095712073
401776,151722,694567,846289,4.577892461211953
401784,151725,694589,846314,4.577946943483275
401948,151811,695088,846899,4.578640546468964
402000,151841,695251,847092,4.578809412477526
402214,151885,695368,847253,4.578253283734404
402221,151890,695387,847277,4.5782276647573905
402271,151907,695455,847362,4.578162954965867
402344,151949,695550,847499,4.57752272143943
402366,151954,695575,847529,4.577536622925359
402434,152003,695700,847703,4.576883350986494
402451,152029,695743,847772,4.576383453156963
402907,152235,696237,848472,4.573435806483397
402923,152235,696263,848498,4.573606595066837
402926,152235,696272,848507,4.573665714191875
402977,152257,696334,848591,4.573412059872452
403003,152264,696413,848677,4.573720643093575
403166,152341,696632,848973,4.572846443176821
403194,152350,696671,849021,4.572832294059731
403274,152370,696745,849115,4.572717726586599
403462,152427,697069,849496,4.573133368760128
403480,152431,697097,849528,4.5731970530928745
403564,152470,697189,849659,4.57263068144553
403574,152470,697205,849675,4.572735620121991
403615,152483,697226,849709,4.572483489962815
403670,152499,697318,849817,4.572607033488744
403745,152561,697515,850076,4.572040036444439
404056,152744,697908,850652,4.569135285183052
404232,152820,698155,850975,4.568479256641801
404258,152837,698199,851036,4.568258994876895
404337,152878,698351,851229,4.5680281008385775
404384,152908,698443,851351,4.567733539121563
404403,152917,698484,851401,4.567732822380768
404613,152971,698850,851821,4.5685129861215525
404753,153103,698981,852084,4.565429808690881
404795,153114,699027,852141,4.56540224930444
404944,153223,699244,852467,4.5635707432957195
404977,153223,699278,852501,4.563792642096813
404982,153225,699286,852511,4.5637852830804375
404992,153231,699316,852547,4.56380236375146
405028,153231,699357,852588,4.564069933629618
405042,153243,699393,852636,4.5639474560012525
405235,153320,699495,852815,4.562320636577094
405284,153371,699543,852914,4.561116508335996
405309,153378,699603,852981,4.5612995344834335
405379,153429,699803,853232,4.561086887094357
405396,153435,699837,853272,4.561130120246358
405429,153439,699854,853293,4.561122009397871
405442,153443,699912,853355,4.561381099170376
405448,153448,699919,853367,4.561278087690944
405534,153512,700067,853579,4.560340559695659
405632,153512,700189,853701,4.561135285840846
405794,153667,700536,854203,4.5587927141155875
406145,153792,700950,854742,4.557779338327091
406161,153792,700963,854755,4.557863868081565
406964,153792,702909,856701,4.570517322097379
406996,153798,702946,856744,4.570579591412112
407008,153807,702986,856793,4.5705722106276045
407067,153825,703077,856902,4.570628961482204
407196,153851,703199,857050,4.570649524539977
407515,153965,703637,857602,4.570110089955509
407532,153971,703666,857637,4.570120347338135
411292,154132,709604,863736,4.603872005813199
411350,154172,709763,863935,4.603708844666995
411391,154205,709838,864043,4.603210012645504
411413,154215,709867,864082,4.603099568783841
411437,154222,709892,864114,4.6030527421509255
411466,154233,709921,864154,4.602912476577646
411504,154236,710012,864248,4.603412951580695
412173,154542,711172,865714,4.601804040325607
412263,154580,711329,865909,4.601688446112045
412396,154604,711404,866008,4.601459211922072
412412,154609,711409,866018,4.601342742013725
412455,154630,711504,866134,4.601332212377934
412473,154634,711551,866185,4.60151713077331
412495,154636,711555,866191,4.6014834837942
412924,154792,712233,867025,4.601226161558737
412965,154813,712280,867093,4.600905608702112
412978,154816,712288,867104,4.600868127325341
412998,154827,712322,867149,4.600760849205888
413036,154827,712432,867259,4.601471319601878
413127,154850,712505,867355,4.601259283177268
413150,154852,712516,867368,4.601270890915196
413337,154937,712793,867730,4.600534410760503
413498,154996,713121,868117,4.6008993780484655
413514,155007,713136,868143,4.600669647177225
413530,155021,713171,868192,4.600479934976551
413641,155082,713367,868449,4.599934228343715
413663,155102,713404,868506,4.599579631468324
413685,155115,713438,868553,4.599413338490797
413743,155133,713522,868655,4.5994211418589215
413803,155170,713750,868920,4.599793774569827
413825,155181,713779,868960,4.599654596890083
413875,155187,713821,869008,4.599747401522035
413902,155201,713877,869078,4.599693300945225
413932,155224,713903,869127,4.599179250631345
414197,155347,714236,869583,4.597681319883873
414489,155472,714612,870084,4.596403210867551
414586,155503,714724,870227,4.596207147128994
414646,155503,714816,870319,4.596798775586323
414733,155532,715002,870534,4.597137566545792
414808,155575,715126,870701,4.596663988430017
414863,155636,715241,870877,4.595601274769334
414903,155644,715317,870961,4.5958533576623575
415078,155661,715439,871100,4.596135191216811
415089,155661,715449,871110,4.5961994333840845
415156,155729,715594,871323,4.59512358006537
415608,155729,716425,872154,4.600459773067316
415706,155736,716593,872329,4.601331740894848
415757,155760,716726,872486,4.601476630713919
415914,155760,716905,872665,4.60262583461736
416014,155778,717150,872928,4.603666756538151
416168,155911,717573,873484,4.60245268133743
416258,155941,717658,873599,4.60211233735836
416315,155969,717742,873711,4.6018247215792885
416604,156016,718120,874136,4.602861245000513
417217,156296,718937,875233,4.599842606336694
417288,156296,719064,875360,4.6006551671188
417303,156304,719071,875375,4.600464479475893
417312,156310,719079,875389,4.600339069797198
417330,156310,719132,875442,4.600678139594396
417368,156310,719189,875499,4.601042799564967
417396,156317,719236,875553,4.601137432269043
417990,156317,720845,877162,4.611430618550766
418101,156317,721060,877377,4.612806028774862
418140,156335,721076,877411,4.612377266766879
418151,156342,721086,877428,4.612234716199102
418319,156365,721501,877866,4.614210341188885
418459,156448,721783,878231,4.613564890570669
418631,156514,721934,878448,4.612584177773234
420428,157468,724585,882053,4.601474585312571
420455,157476,724612,882088,4.601412278696436
420475,157480,724632,882112,4.601422402844806
420531,157509,724685,882194,4.6009116939349495
420646,157547,724886,882433,4.601077773616762
420682,157551,725003,882554,4.6017035753502045
420713,157570,725039,882609,4.601377165704132
420742,157589,725116,882705,4.601311005209754
420772,157603,725142,882745,4.6010672385677935
421036,157603,725811,883414,4.605312081622812
421781,157938,726971,884909,4.602888475224455
421838,157962,727026,884988,4.602537319102063
421853,157962,727034,884996,4.60258796419392
421921,157993,727155,885148,4.602450741488547
422198,158134,727722,885856,4.601932538227073
422198,158134,727722,885856,4.601932538227073
422338,158134,728087,886221,4.604240707248283
422369,158143,728164,886307,4.60446557862188
422383,158143,728190,886333,4.604629986784113
422601,158143,728794,886937,4.608449314860601
422613,158149,728820,886969,4.6084388772613165
423099,158436,729700,888136,4.605645181650635
423204,158504,729888,888392,4.604855397971029
423240,158533,729943,888476,4.6043599755256
423350,158589,730032,888621,4.603295310519645
423472,158610,730163,888773,4.60351175840111
423813,158657,730795,889452,4.606131465992676
423964,158736,731009,889745,4.605187229109969
423992,158747,731047,889794,4.605107498094452
424013,158751,731075,889826,4.605167841462416
424181,158804,731300,890104,4.605047731795169
424192,158804,731312,890116,4.605123296642402
424263,158825,731439,890264,4.6053140248701405
424348,158898,731624,890522,4.604362547042757
424371,158903,731660,890563,4.604444220688093
424455,158937,731762,890699,4.604100995992122
424540,159010,731938,890948,4.603094145022325
424551,159010,731961,890971,4.603238790013207
424673,159074,732215,891289,4.602983517105247
424723,159106,732367,891473,4.603013085615879
424808,159141,732564,891705,4.603238637434727
424883,159180,732685,891865,4.602870963688906
424903,159194,732708,891902,4.602610651155194
424919,159203,732748,891951,4.602601709766776
425031,159300,733015,892315,4.601475204017577
425052,159312,733033,892345,4.601241588831978
425113,159335,733118,892453,4.60111086704114
425163,159377,733212,892589,4.600488150736932
425410,159377,733567,892944,4.602715573765349
425638,159512,733906,893418,4.600945383419429
425732,159552,733974,893526,4.600218110709988
425732,159567,734004,893571,4.599973678768166
426000,159712,734397,894109,4.598258114606291
426028,159726,734431,894157,4.598067941349561
426058,159733,734450,894183,4.597985388116419
426068,159737,734460,894197,4.597932852125681
426286,159813,734588,894401,4.596547214557013
426308,159824,734612,894436,4.596381019121033
426428,159909,734837,894746,4.595344852384794
426459,159918,734872,894790,4.5953050938606035
426507,159930,734947,894877,4.595429250297005
426583,159953,735008,894961,4.595149825261171
426590,159954,735012,894966,4.595146104505045
426617,159987,735056,895043,4.594473300955703
426725,160051,735236,895287,4.5937607387645185
426849,160051,735592,895643,4.59598502977176
426854,160051,735603,895654,4.596053757864681
427049,160051,735890,895941,4.5978469362890575
427079,160067,735922,895989,4.597587260334735
427540,160071,737122,897193,4.604969044986287
427549,160073,737142,897215,4.605036452118721
427627,160113,737406,897519,4.605534841018531
427718,160175,737603,897778,4.604982050881848
427741,160180,737639,897819,4.6050630540641775
427766,160180,737660,897840,4.605194156573854
427815,160195,737736,897931,4.6052373669590185
427850,160218,737760,897978,4.604726060742239
427877,160218,737828,898046,4.6051504824676375
427935,160249,737905,898154,4.604740123183296
427951,160264,737928,898192,4.604452653122348
427984,160264,737959,898223,4.604646083961463
428035,160284,737998,898282,4.604314841156946
428123,160340,738173,898513,4.603798178869901
428125,160340,738176,898516,4.6038168891106395
428150,160353,738201,898554,4.603599558474117
428233,160410,738347,898757,4.602873885667976
428278,160410,738347,898757,4.602873885667976
428312,160425,738395,898820,4.602742714664173
428352,160435,738466,898901,4.602898370056409
428368,160435,738492,898927,4.603060429457413
428385,160444,738513,898957,4.602933110618035
428387,160446,738518,898964,4.602906897024544
428392,160446,738518,898964,4.602906897024544
428432,160472,738723,899195,4.60343860611197
428491,160509,738781,899290,4.602738787233115
428540,160526,738850,899376,4.602681185602332
428562,160539,738897,899436,4.602601237082578
428588,160556,738947,899503,4.602425322006029
428707,160605,739095,899700,4.601942654338283
428716,160610,739115,899725,4.601923915073781
428720,160612,739118,899730,4.601885288770453
428723,160614,739125,899739,4.6018715678583435
428747,160625,739169,899794,4.601830350194552
429007,160625,739487,900112,4.603810116731517
429015,160627,739491,900118,4.6037776961532
429040,160638,739507,900145,4.603562046340218
429106,160676,739611,900287,4.603120565610297
429181,160710,739764,900474,4.603098749299981
429522,160710,740443,901153,4.607323750855579
429567,160745,740511,901256,4.606743600111979
429598,160762,740572,901334,4.606635896542715
429627,160774,740591,901365,4.606410240461766
429967,160917,741000,901917,4.604858405264826
430033,160962,741129,902091,4.604372460580758
430063,160975,741172,902147,4.604267743438422
430064,160975,741174,902149,4.604280167727908
430082,160991,741219,902210,4.604102092663565
430116,160998,741274,902272,4.60424353097554
430174,161033,741350,902383,4.603714766538536
430219,161039,741411,902450,4.603922031309186
430226,161044,741423,902467,4.603853605225901
430269,161060,741499,902559,4.603868123680616
430307,161078,741561,902639,4.603738561442283
430360,161098,741611,902709,4.603477386435586
430381,161112,741633,902745,4.603213913302548
431148,161333,742688,904021,4.603447527784148
432019,161333,742923,904256,4.604904142363931
432035,161333,742949,904282,4.605065299721693
432066,161341,742983,904324,4.605047694014541
432136,161400,743109,904509,4.60414498141264
432151,161405,743118,904523,4.604058114680462
432180,161422,743173,904595,4.603913964639268
432303,161486,743384,904870,4.603395960021302
432314,161486,743394,904880,4.603457884894047
432322,161490,743399,904889,4.603374821970401
432323,161491,743405,904896,4.6033834702862695
434622,161592,748246,909838,4.6304643794247236
435123,161948,749211,911159,4.626244226541853
435141,161960,749231,911191,4.626024944430724
435143,161962,749236,911198,4.625998691050987
435171,161965,749247,911212,4.625980921804094
435302,161980,749466,911446,4.626904556118039
435330,161995,749506,911501,4.626723047007624
435368,162008,749529,911537,4.626493753394894
435498,162092,749649,911741,4.624836512597784
436051,162395,750643,913038,4.622328273653745
437609,163085,754049,917134,4.623656375509704
437645,163103,754096,917199,4.62343427159525
437651,163108,754139,917247,4.623556171371116
437689,163116,754195,917311,4.623672723705829
437709,163125,754238,917363,4.62368122605364
437750,163129,754387,917516,4.624481238774222
437805,163146,754452,917598,4.6243977786767685
437831,163165,754508,917673,4.624202494407502
437950,163242,754695,917937,4.6231668320652775
437983,163249,754720,917969,4.623121734283211
438226,163264,755119,918383,4.625140876127009
438282,163285,755152,918437,4.624748139755642
438367,163337,755354,918691,4.624512510943632
438458,163343,755492,918835,4.625187488903718
438767,163358,755923,919281,4.627401167986876
438893,163435,756306,919741,4.6275644751736165
438915,163442,756327,919769,4.627494768786481
438952,163443,756401,919844,4.627919213426088
439236,163473,756567,920040,4.628085371896277
439258,163481,756584,920065,4.627962882536808
439286,163494,756640,920134,4.627937416663609
439570,163502,757309,920811,4.631802669080501
439752,163547,757584,921131,4.632209701186815
439791,163562,757611,921173,4.631949963928052
440328,163597,758185,921782,4.634467624711944
440444,163638,758338,921976,4.634241435363424
440445,163638,758340,921978,4.634253657463425
440458,163645,758364,922009,4.634202083778912
440548,163685,758432,922117,4.633485047499771
440590,163699,758484,922183,4.633406434981277
440730,163699,758747,922446,4.6350130422299465
440801,163748,758853,922601,4.634273395705597
440918,163817,759323,923140,4.635190486945799
440927,163821,759339,923160,4.635174977566979
441063,163905,759697,923602,4.634983679570483
441244,163925,759866,923791,4.635449138325454
441581,163992,760208,924200,4.635640762964047
441620,164004,760226,924230,4.635411331430941
441673,164026,760319,924345,4.635356589808933
441707,164042,760343,924385,4.635050779678375
441813,164147,760542,924689,4.63329820222118
441834,164162,760596,924758,4.633203786503576
441896,164228,760736,924964,4.632194266507538
442019,164283,760875,925158,4.631489563740618
442140,164317,761016,925333,4.631389326728215
442270,164399,761512,925911,4.632096302288943
442448,164463,761914,926377,4.632738062664551
442450,164463,761919,926382,4.632768464639463
442510,164470,761979,926449,4.63293609776859
442528,164488,762021,926509,4.632684451145372
442653,164538,762385,926923,4.633488920492531
442742,164575,762675,927250,4.634209327054535
442810,164627,762833,927460,4.633705285281272
442839,164636,762852,927488,4.633567385019072
442891,164665,762921,927586,4.6331703762183825
443027,164673,763171,927844,4.634463451810558
443120,164726,763250,927976,4.633451914087637
443122,164726,763252,927978,4.633464055461797
443125,164726,763261,927987,4.633518691645521
443134,164726,763265,927991,4.633542974393842
443146,164738,763287,928025,4.633338998895216
443166,164749,763312,928061,4.633181385015994
443216,164789,763399,928188,4.632584699221429
443680,164806,763917,928723,4.635249930220987
443706,164822,763956,928778,4.635036584921916
443758,164828,763984,928812,4.635037736306938
443807,164883,764097,928980,4.6341769618456725
443872,164898,764135,929033,4.6339858579242925
443932,164907,764166,929073,4.633920937255544
443986,164907,764166,929073,4.633920937255544
444016,164916,764216,929132,4.633971233840258
444040,164923,764245,929168,4.633950388969398
444177,164978,764406,929384,4.633381420553043
444188,164978,764432,929410,4.633539017323522
444278,165038,764620,929658,4.6329936135920216
445286,165085,765817,930902,4.6389254020656026
445329,165089,765827,930916,4.638873577282557
445375,165098,765935,931033,4.639274854934645
445886,165484,767402,932886,4.637318411447632
446075,165557,767617,933174,4.6365722983624975
446099,165571,767642,933213,4.636331241582161
446158,165571,767718,933289,4.636790259163742
446172,165579,767736,933315,4.636674940662766
446192,165583,767765,933348,4.636738070937234
446216,165591,767791,933382,4.636671075118817
446230,165591,767793,933384,4.636683153069913
446273,165622,767870,933492,4.636280204320682
446326,165628,767963,933591,4.6366737508150795
446356,165638,767995,933633,4.636587015056931
446465,165748,768244,933992,4.635012187175713
446576,165748,768282,934030,4.635241450877236
446700,165813,768460,934273,4.634497898234758
446708,165813,768478,934291,4.634606454258713
446717,165823,768494,934317,4.634423451511552
446752,165830,768583,934413,4.6347645178797565
446769,165835,768596,934431,4.634703168812374
446821,165866,768725,934591,4.634614688965792
446849,165887,768762,934649,4.634251026301036
446858,165889,768777,934666,4.634285576499948
446976,165957,768965,934922,4.633519526142314
447014,165971,769031,935002,4.63352633893873
447025,165978,769035,935013,4.6333550229548495
447140,166073,769219,935292,4.6318125161826424
447220,166095,769330,935425,4.631867304855655
447244,166106,769369,935475,4.63179535958966
447292,166144,769406,935550,4.630958686440678
450967,166158,775363,941521,4.6664199135762345
450991,166174,775398,941572,4.666181231720967
451002,166174,775408,941582,4.666241409606798
451009,166178,775410,941588,4.666141125780789
451029,166188,775433,941621,4.66599874840542
451072,166208,775485,941693,4.665750144397381
451085,166210,775514,941724,4.665868479634198
451098,166213,775524,941737,4.665844428534471
451167,166274,775675,941949,4.665040836210111
451199,166295,775726,942021,4.664758411257103
451223,166295,775747,942042,4.6648846928650896
451225,166295,775752,942047,4.66491475991461
451243,166295,775762,942057,4.664974894013651
451244,166296,775765,942061,4.6649648818973395
451558,166471,776337,942808,4.663496945413916
451572,166476,776352,942828,4.663446983348951
451574,166477,776353,942830,4.663424977624537
451622,166500,776438,942938,4.663291291291292
451682,166515,776472,942987,4.663075398612738
451698,166522,776489,943011,4.6629814679141495
451719,166554,776540,943094,4.662391776841145
451804,166562,780039,946601,4.6831750339213025
451952,166617,780216,946833,4.682691442049731
451964,166628,780256,946884,4.682622368389467
451994,166628,780290,946918,4.682826415728449
452069,166684,780448,947132,4.682201051090686
452366,166835,780863,947698,4.680450744747804
452390,166843,780895,947738,4.680418117631546
454205,166872,783429,950301,4.694790018696965
454415,166929,783678,950607,4.6946785759214995
454544,166971,784054,951025,4.6957495613010645
455876,167508,787314,954822,4.700157604412923
455936,167529,787420,954949,4.700201159202288
456036,167563,787556,955119,4.700059082255629
456075,167563,787592,955155,4.700273926821554
456210,167652,788167,955819,4.701208455610431
456392,167802,788526,956328,4.6991454213894945
457815,168453,791047,959500,4.695950799332752
457824,168453,791066,959519,4.696063590437689
457837,168462,791087,959549,4.695937362728687
457864,168472,791109,959581,4.695789211263593
457899,168489,791145,959634,4.695529084984776
457924,168514,791187,959701,4.695081714278932
457959,168528,791235,959763,4.694976502420963
457973,168539,791278,959817,4.69492521018874
458041,168568,791369,959937,4.694657348963029
458078,168579,791403,959982,4.69455270229388
458515,168868,792142,961010,4.690894663287302
458571,168885,792241,961126,4.691008674541848
458588,168896,792264,961160,4.690839333080713
458600,168901,792280,961181,4.690795199554769
458615,168909,792316,961225,4.690786162963489
458619,168911,792320,961231,4.690754302561704
458625,168915,792335,961250,4.69073202498298
458643,168931,792365,961296,4.690465337919032
458690,168963,792429,961392,4.689955789137267
458723,168969,792444,961413,4.689878024963159
458747,168978,792466,961444,4.689758430091492
458795,169011,792498,961509,4.6890320748353655
458914,169045,792599,961644,4.688686444437872
458915,169045,792601,961646,4.688698275607087
458919,169045,792603,961648,4.688710106776302
458940,169056,792622,961678,4.688517414347908
458952,169060,792655,961715,4.6886016798769665
458967,169063,792699,961762,4.688778739286538
458976,169063,792699,961762,4.688778739286538
459003,169071,792780,961851,4.689035967138066
459018,169078,792800,961878,4.688960124912763
459070,169095,792873,961968,4.688920429344451
459098,169103,792903,962006,4.688876010478821
459155,169108,793057,962165,4.689648035574899
459171,169108,793083,962191,4.689801783475649
459204,169129,793129,962258,4.689491453269398
459217,169133,793137,962270,4.6894278467241755
459507,169177,793360,962537,4.689526354055221
459543,169187,793391,962578,4.689432403198827
459607,169207,793430,962637,4.689108606617929
459618,169215,793446,962661,4.688981473273646
459625,169216,793450,962666,4.688977401664145
459691,169246,793515,962761,4.688530304999823
459768,169265,793576,962841,4.68836439901929
459793,169283,793655,962938,4.688332555543084
460170,169457,794139,963596,4.686374714529349
460212,169472,794171,963643,4.686148744335347
460226,169478,794199,963677,4.686148054614758
460399,169478,794199,963677,4.686148054614758
460412,169487,794213,963700,4.68598181571448
460468,169520,794274,963794,4.685429447852761
460561,169564,794416,963980,4.685051072161544
461120,169564,795999,965563,4.694386780212781
461316,169642,796193,965835,4.693371924405513
461340,169651,796219,965870,4.693276196426782
461434,169694,796361,966055,4.69292373330819
461440,169698,796370,966068,4.692866150455515
461552,169779,796517,966296,4.691493058623269
461577,169797,796545,966342,4.691160621212389
461624,169805,796556,966361,4.69100438738553
461681,169828,796659,966487,4.690975575287938
461769,169906,796810,966716,4.689710781255518
461820,169932,796853,966785,4.689246286749994
461861,169958,796939,966897,4.689034938043517
461895,169969,796954,966923,4.688819725950026
461934,169981,797058,967039,4.689100546531671
462009,170087,797322,967409,4.687730396796933
462266,170096,797645,967741,4.689381290565327
462292,170102,797688,967790,4.689468671738133
462301,170103,797712,967815,4.689582194317561
462534,170225,798738,968963,4.692248494639448
462547,170234,798747,968981,4.692053291351904
462572,170252,798784,969036,4.691774545967155
462573,170254,798796,969050,4.691789913893359
462624,170272,798887,969159,4.691828368727683
462817,170272,798981,969253,4.692380426611539
462843,170284,799013,969297,4.692237673533626
462914,170284,799209,969493,4.693388691832468
462917,170284,799218,969502,4.693441544713537
463015,170333,799349,969682,4.692860455695608
463185,170458,799531,969989,4.6904868061340625
463334,170522,799752,970274,4.690022401801527
463614,170723,800309,971032,4.687763218781301
463672,170762,800414,971176,4.687307480587016
463706,170781,800497,971278,4.687272003325897
463733,170798,800546,971344,4.687092354711414
463767,170812,800568,971380,4.686836990375383
463836,170848,800730,971578,4.6867976212773925
463971,170906,800892,971798,4.686154962376979
464078,170913,800989,971902,4.686530574034743
464165,170936,801054,971990,4.686280245237984
464222,170977,801148,972125,4.685706264585295
464260,170977,801254,972231,4.6863262310135285
464299,170988,801312,972300,4.686363955365289
464314,170988,801312,972300,4.686363955365289
464731,171181,802082,973263,4.685578422838983
464868,171215,802311,973526,4.685985456881698
465011,171290,802504,973794,4.685060423842606
465172,171305,802876,974181,4.6868217506786145
465261,171338,802954,974292,4.686374301089075
465300,171350,803013,974363,4.6863904289466
465398,171369,803201,974570,4.686967888007749
465433,171379,803241,974620,4.686927803289785
465466,171379,803300,974679,4.687272069506766
465474,171384,803312,974696,4.687205340055081
465498,171393,803341,974734,4.6871284124789225
465539,171405,803386,974791,4.6870628044689475
465812,171445,803531,974976,4.6868150135612
465896,171456,803652,975108,4.687220044792833
465909,171474,803667,975141,4.686815493894118
466077,171600,803993,975593,4.685273892773893
466083,171600,804009,975609,4.685367132867133
466101,171607,804033,975640,4.6853158670683595
466187,171607,804175,975782,4.686143339141177
466225,171616,804213,975829,4.686119009882528
466247,171616,804218,975834,4.686148144695133
466266,171631,804243,975874,4.685884251679475
466482,171714,804522,976236,4.685244068625738
466861,171822,804704,976526,4.683358359232229
466871,171826,804729,976555,4.6833948296532535
467043,171845,804902,976747,4.683883732433298
467055,171859,804921,976780,4.6836127290395035
467331,171961,805216,977177,4.682550113107042
467343,171967,805239,977206,4.682520483581152
467672,172020,805530,977550,4.682769445413324
467847,172074,805664,977738,4.682078640584865
467940,172098,805713,977811,4.681710420806749
468222,172174,805964,978138,4.6811016762112745
468267,172203,806022,978225,4.680650162889148
468310,172214,806118,978332,4.680908636928473
468321,172226,806162,978388,4.680837968715525
468333,172232,806185,978417,4.680808444423801
468363,172255,806266,978521,4.68065368204116
468411,172271,806361,978632,4.680770414056922
468423,172284,806416,978700,4.680736458405888
468441,172292,806469,978761,4.680826736006315
468495,172327,806595,978922,4.680607217673376
468539,172357,806663,979020,4.680187053615461
468572,172362,806692,979054,4.6802195379492
469194,172892,808087,980979,4.6739409573606645
469243,172902,808183,981085,4.674225862049022
469495,173092,808760,981852,4.672428535114275
469505,173092,808760,981852,4.672428535114275
470023,173303,809864,983167,4.673110101960151
470582,173303,811447,984750,4.682244392768735
470603,173310,811485,984795,4.682274536956898
470645,173345,811592,984937,4.681946407453345
470731,173404,811695,985099,4.680947382990012
470755,173408,811716,985124,4.680960509319062
471287,173640,812802,986442,4.680960608154803
471433,173685,812956,986641,4.680634481964476
471470,173703,813031,986734,4.680581221970836
471535,173757,813169,986926,4.679920808945827
471544,173759,813184,986943,4.679953268607669
471573,173761,813199,986960,4.679985727522286
471700,173810,813289,987099,4.679184166618722
471794,173867,813455,987322,4.678604910650095
471850,173867,813647,987514,4.679709203011497
471872,173880,813665,987545,4.6794628479411084
472042,173892,813998,987890,4.681054907643825
472130,173899,814040,987939,4.6811079994709575
472555,174102,814842,988944,4.680256401419857
472586,174127,814896,989023,4.679894559717907
472603,174135,814917,989052,4.679800155052114
472655,174171,815034,989205,4.6795046247653165
472675,174171,815049,989220,4.679590747024476
472752,174207,815245,989452,4.6797488045830535
472799,174219,815367,989586,4.680126737037866
472834,174256,815499,989755,4.679890505922321
472954,174357,815699,990056,4.678326651640026
473039,174392,815776,990168,4.677829258222855
473083,174421,815832,990253,4.677372564083453
473154,174451,816024,990475,4.6776688009813645
473186,174451,816072,990523,4.677943949877043
473279,174530,816322,990852,4.677258923967226
473291,174530,816322,990852,4.677258923967226
473315,174538,816344,990882,4.6771705874938405
473365,174559,816443,991002,4.677175052561025
473372,174559,816448,991007,4.677203696171495
473393,174576,816482,991058,4.676942993309504
473675,174576,816758,991334,4.678523966639172
473743,174617,816876,991493,4.67810121580373
473785,174643,816939,991582,4.677765498760328
473829,174670,816998,991668,4.677380202667888
473857,174688,817048,991736,4.677184466019417
473889,174694,817145,991839,4.677579081136158
473954,174726,817227,991953,4.6771917173174
473990,174743,817272,992015,4.676994214360518
474037,174757,817294,992051,4.6767454236454045
474070,174766,817341,992107,4.67677351429912
474105,174777,817415,992192,4.676902567271437
474307,174777,817509,992286,4.677440395475378
474518,174910,817806,992716,4.675581727745698
474585,174965,817935,992900,4.674849255565399
474653,174965,817977,992942,4.6750893035750005
474681,174972,817996,992968,4.675010858880278
474691,174972,818006,992978,4.675068010881741
474746,174991,818132,993123,4.675280442994211
475830,175520,819713,995233,4.670197128532361
475852,175526,819749,995275,4.670242585144082
476038,175607,820005,995612,4.669546202600124
476270,175762,820408,996170,4.667721122882079
476281,175767,820430,996197,4.667713507086085
476446,175899,820703,996602,4.6657627388444505
476450,175899,820705,996604,4.665774109005736
476524,175922,820818,996740,4.665806436943646
476640,175966,821016,996982,4.665764977325165
476642,175970,821029,996999,4.665732795362846
476938,176141,821688,997829,4.6649445614592855
477003,176169,821741,997910,4.664503970619122
477144,176244,821974,998218,4.663841038560178
477195,176263,822065,998328,4.663854580938711
477301,176314,822251,998565,4.663560465986819
477308,176318,822264,998582,4.663528397554419
477337,176337,822337,998674,4.663439890663899
477745,176343,823438,999781,4.669524733048661
477821,176388,823586,999974,4.669172506066173
477824,176388,823592,999980,4.669206521985623
477928,176426,823660,1000086,4.668586262795733
478008,176447,823795,1000242,4.668795729029114
479006,176452,824994,1001446,4.675458481626731
479032,176476,825019,1001495,4.674964301094766
479070,176489,825064,1001553,4.674874921383203
479087,176498,825099,1001597,4.674834842321159
479151,176556,825344,1001900,4.674686784929428
479199,176564,825536,1002100,4.675562402301715
479228,176566,825551,1002117,4.675594395296943
479263,176566,825620,1002186,4.6759851840105116
479813,176566,826785,1003351,4.682583283304827
479815,176568,826785,1003353,4.6825302433056954
479826,176573,826807,1003380,4.682522242925023
479966,176649,827048,1003697,4.681871960780984
479997,176656,827081,1003737,4.6818732451770675
480008,176660,827094,1003754,4.681840824182045
480009,176660,827096,1003756,4.681852145363976
480104,176738,827328,1004066,4.68109857529224
480205,176818,827643,1004461,4.680762139601172
480691,176818,829089,1005907,4.688940040041173
480722,176847,829140,1005987,4.688459515852686
480802,176876,829249,1006125,4.6883070625749115
480846,176884,829273,1006157,4.688230704868728
480883,176895,829288,1006183,4.688023969021171
480913,176920,829323,1006243,4.687559348858241
481183,176934,829691,1006625,4.689268314738829
481219,176960,829739,1006699,4.688850587703436
481247,176970,829769,1006739,4.688755156241171
481276,176981,829811,1006792,4.688701047005046
481283,176981,829823,1006804,4.688768850893599
481330,177014,829886,1006900,4.688250646841492
481362,177041,829998,1007039,4.688168277404669
481455,177041,829998,1007039,4.688168277404669
481515,177072,830094,1007166,4.687889671997832
481518,177073,830097,1007170,4.6878801398293355
481614,177165,830268,1007433,4.686410972821946
481652,177196,830337,1007533,4.685980496173729
481690,177200,830397,1007597,4.686213318284424
481692,177201,830405,1007606,4.686232019006665
481713,177208,830438,1007646,4.6862331271725886
481769,177239,830525,1007764,4.685904343852087
481778,177241,830540,1007781,4.685936098306825
481819,177257,830621,1007878,4.685970088628376
481872,177263,830641,1007904,4.685924304564404
481876,177263,830650,1007913,4.685975076581125
481883,177267,830652,1007919,4.685880620758517
481917,177276,830711,1007987,4.685975540964372
481945,177297,830744,1008041,4.685606637450154
481984,177325,830830,1008155,4.685351755251657
482033,177332,830933,1008265,4.685747637200279
482236,177397,831110,1008507,4.685028495408603
482239,177398,831113,1008511,4.685018996831983
482315,177432,831320,1008752,4.6852878849362005
482545,177539,831606,1009145,4.684075048299247
482572,177553,831633,1009186,4.683857777677651
482590,177561,831674,1009235,4.683877653313509
482591,177561,831676,1009237,4.683888917048225
482602,177561,831686,1009247,4.683945235721808
482631,177570,831737,1009307,4.683995044207918
483113,177796,832666,1010462,4.6832662152129405
483147,177817,832713,1010530,4.682977443101616
483208,177821,832822,1010643,4.683485077690486
483283,177824,832925,1010749,4.683985288824905
483310,177833,833013,1010846,4.684243081992656
483380,177847,833093,1010940,4.684324166277755
483389,177847,833115,1010962,4.684447868111354
483409,177868,833191,1011059,4.684322081543616
483434,177875,833231,1011106,4.684362614195362
483439,177882,833258,1011140,4.684330061501445
483500,177916,833376,1011292,4.684098113716585
483534,177927,833438,1011365,4.684156985730103
483820,177957,833809,1011766,4.6854521035980605
484632,177994,835479,1013473,4.693860467206759
484797,178068,835766,1013834,4.693521576027136
485176,178291,836482,1014773,4.691666993847138
485200,178302,836537,1014839,4.69168601586073
485226,178326,836595,1014921,4.691379832441708
485240,178330,836628,1014958,4.691459653451466
485263,178356,836662,1015018,4.690966381843055
485355,178435,836825,1015260,4.689803009499258
485393,178447,836880,1015327,4.689795849748104
485432,178447,836903,1015350,4.689924739558524
485445,178452,836926,1015378,4.689922219980723
485447,178455,836937,1015392,4.689905018071783
485529,178485,837115,1015600,4.690114015183349
485556,178509,837160,1015669,4.689735531541827
485605,178525,837257,1015782,4.689858563226439
485624,178525,837257,1015782,4.689858563226439
485768,178529,837448,1015977,4.690823339625495
485784,178535,837465,1016000,4.690760915226706
485894,178604,837634,1016238,4.68989496315872
485985,178645,837786,1016431,4.689669456184052
486036,178691,837909,1016600,4.689150544795205
486120,178730,838048,1016778,4.688905052313546
486143,178746,838100,1016846,4.688776252335717
486375,178809,838360,1017169,4.688578315409179
486440,178809,838481,1017290,4.689255015127874
486494,178809,838546,1017355,4.689618531505685
486520,178815,838583,1017398,4.6896680927215275
486808,179050,839291,1018341,4.68746718793633
486864,179086,839380,1018466,4.687021877757055
486957,179143,839539,1018682,4.686418112904216
486979,179152,839575,1018727,4.686383629543628
487039,179195,839669,1018864,4.68578364351684
487047,179207,839693,1018900,4.685603798958746
487091,179244,839757,1019001,4.684993639954476
487392,179397,840336,1019733,4.684225488720547
487431,179397,840452,1019849,4.684872099310468
487454,179407,840498,1019905,4.684867368608805
487691,179493,840774,1020267,4.684160385084655
487876,179587,841074,1020661,4.683379086459488
487881,179589,841082,1020671,4.683371475981268
488103,179718,841510,1021228,4.682391301928577
488130,179728,841550,1021278,4.682353333926823
488180,179743,841626,1021369,4.682385405829434
488227,179759,841693,1021452,4.682341357039147
488240,179772,841711,1021483,4.682102885877668
488281,179779,841737,1021516,4.682065202276128
488291,179779,841753,1021532,4.6821542004349785
488430,179844,842092,1021936,4.682346922888726
488458,179844,842113,1021957,4.682463690754209
489155,180167,843685,1023852,4.682794296402782
489199,180183,843725,1023908,4.682600467302687
489297,180184,844014,1024198,4.684178395418017
489316,180196,844045,1024241,4.684038491420453
489320,180196,844054,1024250,4.6840884370352285
489342,180205,844079,1024284,4.683993229932577
489364,180205,844094,1024299,4.684076468466468
489477,180262,844670,1024932,4.685790682451099
489560,180292,844783,1025075,4.68563774321656
489699,180300,845098,1025398,4.687176927343317
489755,180312,845134,1025446,4.687064643506811
489757,180314,845137,1025451,4.687029293343834
489806,180333,845201,1025534,4.6868903639378265
489900,180364,845339,1025703,4.686849925705795
490054,180453,845548,1026001,4.6856965525649334
490192,180560,845946,1026506,4.685124058484714
490242,180571,846028,1026599,4.685292765726501
490774,180828,846955,1027783,4.683760258367067
490806,180858,847017,1027875,4.6833261453737185
490834,180875,847067,1027942,4.683162404975812
490871,180907,847166,1028073,4.682881259431642
490922,180917,847180,1028097,4.682699801566464
490943,180931,847198,1028129,4.682436951102907
490963,180950,847226,1028176,4.682100027631942
490982,180962,847248,1028210,4.681911119461544
491213,180994,847352,1028346,4.681657955512337
491325,181054,847546,1028600,4.681177991096579
491359,181054,847564,1028618,4.681277408949816
491405,181074,847663,1028737,4.681307089919039
491520,181105,847784,1028889,4.681173904640954
491984,181462,848503,1029965,4.675926640288325
492256,181621,848866,1030487,4.673831770555167
492412,181749,849162,1030911,4.672168760213261
492432,181758,849190,1030948,4.672091462274013
492526,181758,849359,1031117,4.673021270040383
492596,181787,849503,1031290,4.673067931150192
492689,181800,849547,1031347,4.672975797579758
492741,181822,849623,1031445,4.6728283706042175
492775,181845,849680,1031525,4.672550798757183
492845,181853,849942,1031795,4.6737859699867474
493299,182254,851209,1033463,4.670454420753454
493338,182259,851225,1033484,4.670414081060469
493354,182261,851275,1033536,4.670637163189053
493445,182283,851360,1033643,4.670539765090546
493521,182324,851455,1033779,4.670010530703583
493535,182330,851477,1033807,4.6699775133000605
493564,182336,851578,1033914,4.670377764127764
493590,182347,851625,1033972,4.670353776042381
493717,182386,851856,1034242,4.670621648591449
493798,182438,851985,1034423,4.669997478595468
493824,182451,852024,1034475,4.669878487922785
493859,182454,852109,1034563,4.670267574292699
495028,183043,854046,1037089,4.6658216921706925
495126,183044,854335,1037379,4.667375057363257
495157,183044,854384,1037428,4.667642752562226
495173,183057,854401,1037458,4.667404141879305
495213,183069,854419,1037488,4.667196521530133
495275,183107,854544,1037651,4.666910604182254
495396,183107,854758,1037865,4.6680793197420085
495481,183168,854907,1038075,4.667338181341719
495559,183204,854975,1038179,4.666792209777079
495583,183219,855006,1038225,4.666579339478984
495585,183219,855008,1038227,4.666590255377445
495609,183219,855029,1038248,4.666704872311278
495658,183233,855073,1038306,4.666588442038279
495672,183239,855088,1038327,4.666517499004033
496171,183239,856200,1039439,4.672586076108252
496197,183258,856277,1039535,4.672521799866854
496209,183266,856296,1039562,4.6724215075354945
496210,183269,856300,1039569,4.6723668487305545
496263,183292,856394,1039686,4.672293389782424
496295,183304,856420,1039724,4.672129358879239
496413,183347,856810,1040157,4.673160728018456
496434,183353,856817,1040170,4.673045982340076
496438,183353,856819,1040172,4.673056890260863
496500,183395,856896,1040291,4.672406554159055
496536,183395,856937,1040332,4.6726301153248455
496554,183405,856947,1040352,4.6724298683242
496609,183409,856985,1040394,4.672535153672938
496643,183432,857057,1040489,4.6723417942343755
496679,183449,857076,1040525,4.6720123849135184
496720,183501,857201,1040702,4.671369638312598
496749,183511,857226,1040737,4.67125131463509
496782,183529,857267,1040796,4.671016569588457
496908,183577,857489,1041066,4.671004537605474
496973,183585,857531,1041116,4.6710297682272515
496999,183595,857568,1041163,4.670976878455296
497067,183613,857607,1041220,4.670731375229423
497246,183682,857757,1041439,4.669793447371
497274,183691,857768,1041459,4.6696245325029535
497332,183713,857890,1041603,4.6697294149025925
497440,183713,858033,1041746,4.670507802931747
497467,183723,858073,1041796,4.670471307348563
497515,183728,858137,1041865,4.670692545502047
497587,183760,858248,1042008,4.670483239007401
497645,183767,858293,1042060,4.670550207599841
497692,183776,858465,1042241,4.671257400313425
497696,183776,858467,1042243,4.671268283127286
497769,183798,858586,1042384,4.671356598004331
497800,183824,858636,1042460,4.670967882322222
497995,183917,858963,1042880,4.67038392318274
498244,184004,859208,1043212,4.669507184626421
498302,184038,859400,1043438,4.6696877818711355
498380,184053,859450,1043503,4.669578871303375
498478,184095,859689,1043784,4.669811781960401
498614,184106,859811,1043917,4.670195430893073
498642,184123,859860,1043983,4.670030360139689
498922,184185,860073,1044258,4.66961478947797
499041,184198,860131,1044329,4.669600104235659
499044,184204,860145,1044349,4.669524005993355
499141,184256,860325,1044581,4.669183093087878
499172,184266,860379,1044645,4.669222754062062
499181,184270,860394,1044664,4.66920280023878
499210,184283,860441,1044724,4.669128460031581
499781,184283,861339,1045622,4.674001400020621
499818,184298,861386,1045684,4.673876005165547
499885,184341,861503,1045844,4.67342045448381
499928,184368,861582,1045950,4.673164540484249
499980,184388,861634,1046022,4.672939670694405
500157,184388,861863,1046251,4.674181617024969
500282,184483,862075,1046558,4.672923792436159
500325,184501,862120,1046621,4.672711801020049
500346,184510,862167,1046677,4.672738604953661
500369,184520,862186,1046706,4.672588337307609
500555,184520,862538,1047058,4.674495989594624
500694,184575,863042,1047617,4.675833671949072
501122,184737,863788,1048525,4.675771502189599
501519,184801,864476,1049277,4.677875119723378
502017,185048,865115,1050163,4.675084302451256
502583,185068,865770,1050838,4.678118313268636
502600,185069,865773,1050842,4.678109245740778
502748,185128,865885,1051013,4.677223326563243
502760,185141,865906,1051047,4.677008334188537
502819,185176,866026,1051202,4.676772367909448
502828,185181,866034,1051215,4.6766892931780255
502854,185200,866093,1051293,4.67652807775378
508615,187642,877031,1064673,4.673958921776575
508695,187689,877298,1064987,4.674211061916255
508816,187698,877529,1065227,4.675217636842161
508961,187698,877810,1065508,4.676714722586282
508994,187700,877876,1065576,4.677016515716569
509065,187719,877988,1065707,4.677139767418322
509070,187727,878002,1065729,4.677015027140476
509075,187729,878010,1065739,4.677007814455944
509086,187739,878019,1065758,4.676806630481679
509158,187770,878131,1065901,4.676630984715343
509229,187791,878294,1066085,4.676975999914799
509316,187847,878449,1066296,4.676406863032149
509553,187972,878837,1066809,4.675361224012087
509575,187984,878863,1066847,4.675201080943059
509586,187984,878873,1066857,4.675254276959741
509615,188008,878909,1066917,4.674848942598187
509633,188016,878944,1066960,4.67483618415454
509757,188023,879397,1067420,4.677071422113252
509828,188042,879621,1067663,4.677790068176258
509845,188053,879641,1067694,4.677622797828271
509895,188066,879685,1067751,4.67753341911882
509957,188077,879738,1067815,4.677541645177241
510003,188090,880020,1068110,4.6787176351746504
510162,188176,880255,1068431,4.677828203384066
510178,188182,880273,1068455,4.67777470746405
510202,188191,880310,1068501,4.677747607483886
510249,188208,880353,1068561,4.677553557765876
510269,188219,880369,1068588,4.677365196924859
510307,188244,880420,1068664,4.677014938059115
510346,188283,880517,1068800,4.6765613464837505
510526,188408,880916,1069324,4.675576408645068
510563,188437,880971,1069408,4.675148723446032
510828,188444,881470,1069914,4.677623060431746
511176,188586,882139,1070725,4.677648393836233
515525,190341,890931,1081272,4.680709883840056
515665,190388,891129,1081517,4.680594365191084
515696,190412,891191,1081603,4.68033002121715
515716,190428,891222,1081650,4.680099565189993
515773,190446,891330,1081776,4.680224315554016
515775,190447,891334,1081781,4.680220743828992
515795,190447,891375,1081822,4.68043602682111
515856,190480,891460,1081940,4.680071398572029
516129,190653,891882,1082535,4.6780381111233496
516143,190663,891896,1082559,4.677866182741276
516181,190673,891952,1082625,4.677914544796589
516212,190682,892066,1082748,4.678291605919804
516248,190709,892138,1082847,4.678006806181145
516411,190819,892348,1083167,4.676410629968713
516439,190835,892433,1083268,4.676463961013441
516469,190844,892466,1083310,4.676416340047369
517149,191063,893104,1084167,4.674395356505446
517315,191131,893451,1084582,4.674547823220723
517335,191131,893494,1084625,4.674772799807462
517352,191148,893513,1084661,4.674456442128612
517419,191194,893633,1084827,4.673959433873448
517426,191198,893647,1084845,4.673934873795751
517587,191308,893977,1085285,4.672972379618208
520134,192774,900245,1093019,4.669950304501644
520194,192787,900441,1093228,4.670652066788736
520206,192793,900450,1093243,4.670553391461309
520282,192807,900584,1093391,4.670909251220132
520320,192817,900656,1093473,4.67104041656078
520345,192828,900691,1093519,4.670955462899579
520366,192828,900720,1093548,4.671105855996017
521453,193396,902425,1095821,4.666203023847443
521495,193396,902474,1095870,4.666456389997725
521501,193403,902493,1095896,4.666385733416751
522073,193598,903104,1096702,4.664841578941931
522087,193602,903133,1096735,4.664894990754227
522141,193637,903197,1096834,4.664382323626167
522240,193702,903335,1097037,4.663529545384147
522503,193702,903826,1097528,4.666064366914126
522547,193702,903898,1097600,4.666436071904266
523859,193707,907192,1100899,4.68332068536501
523878,193707,907192,1100899,4.68332068536501
523905,193715,907253,1100968,4.683442170198488
523919,193727,907264,1100991,4.683208845437136
523964,193757,907375,1101132,4.6830566121482065
524045,193773,907429,1101202,4.682948604810783
524073,193804,907468,1101272,4.682400776041774
524103,193818,907520,1101338,4.682330846464208
524150,193818,907614,1101432,4.6828158375383095
524229,193863,907835,1101698,4.682868830050087
524240,193868,907853,1101721,4.68284090205707
524267,193885,907940,1101825,4.682879026226887
524373,193899,907989,1101888,4.682793619358532
524476,193943,908114,1102057,4.682375749575907
524501,193953,908151,1102104,4.682325099379747
524532,193974,908197,1102171,4.682055327002588
524577,193995,908313,1102308,4.682146447073378
524615,194031,908392,1102423,4.681684885404909
524672,194054,908442,1102496,4.681387654982633
524798,194144,908625,1102769,4.680160087357837
524822,194151,908643,1102794,4.680084058284531
528497,194151,914614,1108765,4.710838471086937
528613,194214,914801,1109015,4.710273203785515
528658,194214,914896,1109110,4.710762354928069
530380,194399,931994,1126393,4.7942324806197565
531233,195175,933755,1128930,4.7841936723453315
531324,195175,933782,1128957,4.784332009734853
531352,195175,933819,1128994,4.784521583194569
531509,195205,934108,1129313,4.785266770830665
531551,195224,934153,1129377,4.785031553497521
531599,195259,934234,1129493,4.7845886745297275
531663,195279,934300,1129579,4.784436626570189
531933,195291,934668,1129959,4.786027005852804
531995,195291,934723,1130014,4.786308636854745
531997,195291,934728,1130019,4.786334239673103
531997,195295,934732,1130027,4.786256688599298
532008,195295,934742,1130037,4.78630789318723
532009,195295,934744,1130039,4.786318134104816
532062,195316,934801,1130117,4.786095353171271
532170,195343,934881,1130224,4.785843362700481
532362,195400,935059,1130459,4.7853582395087
532396,195413,935110,1130523,4.785300875581461
532434,195427,935176,1130603,4.785295788197128
532453,195427,935197,1130624,4.785403245201533
532512,195430,935310,1130740,4.785907997748555
532582,195430,935438,1130868,4.786562963721026
532613,195439,935489,1130928,4.78660349264988
532661,195453,935566,1131019,4.786654592152589
532858,195602,935799,1131401,4.78419954806188
533077,195695,936094,1131789,4.783433404021564
533656,196063,936894,1132957,4.778535470741548
533826,196103,937437,1133540,4.7803297246854966
533968,196183,937732,1133915,4.779884087815968
534012,196207,937801,1134008,4.779651082785018
534093,196207,937845,1134052,4.779875335742354
534115,196219,937889,1134108,4.779807256178046
534148,196219,937926,1134145,4.779995820995928
534175,196245,937963,1134208,4.7795510713648754
534467,196332,938235,1134567,4.77881853187458
534589,196427,938416,1134843,4.7774287648846645
534610,196439,938461,1134900,4.777366001659548
534639,196447,938501,1134948,4.777375068084521
534660,196454,938516,1134970,4.7772811955979515
534663,196456,938531,1134987,4.777308913955288
536202,196693,941530,1138223,4.786799733594993
536217,196693,941530,1138223,4.786799733594993
536785,196693,942921,1139614,4.79387166803089
537426,196701,943884,1140585,4.798572452605732
537432,196706,943895,1140601,4.798506400414833
537485,196730,943947,1140677,4.798185330147918
537493,196732,943952,1140684,4.798161966533152
537504,196750,943975,1140725,4.797839898348157
537644,196889,944156,1141045,4.795372011641077
537771,196959,944379,1141338,4.794799932980975
538013,197107,944761,1141868,4.793137737371072
538142,197213,945000,1142213,4.791773361796636
538399,197384,945519,1142903,4.79025148948243
538420,197409,945559,1142968,4.789847474026007
538436,197409,945585,1142994,4.789979180280534
538566,197410,945970,1143380,4.7919051719771035
538717,197410,946210,1143620,4.793120915860392
538739,197419,946242,1143661,4.793064497338149
538771,197443,946293,1143736,4.792740183242759
538815,197446,946409,1143855,4.793254864621213
539087,197555,946731,1144286,4.7922401356584245
539160,197574,946810,1144384,4.792179132881857
539167,197575,946813,1144388,4.792170062001771
539183,197584,946829,1144413,4.7920327556887194
539437,197584,947466,1145050,4.795256700947445
539634,197659,947802,1145461,4.795137079515731
539690,197678,947980,1145658,4.79557664484667
539692,197678,947985,1145663,4.7956019385060555
539710,197689,948020,1145709,4.795512142810171
539739,197697,948064,1145761,4.795540650591562
539788,197697,948173,1145870,4.796091999372778
539820,197700,948219,1145919,4.796251896813353
539846,197701,948261,1145962,4.796440078704711
540130,197820,948506,1146326,4.794793246385603
540164,197848,948586,1146434,4.794519024705835
540171,197851,948588,1146439,4.794456434387493
540269,197890,948800,1146690,4.794582849057557
540287,197890,948821,1146711,4.79468896861893
540294,197890,948826,1146716,4.794714235181162
540313,197894,948833,1146727,4.794652692855771
540321,197894,948833,1146727,4.794652692855771
540322,197894,948835,1146729,4.79466279927638
540397,197931,948966,1146897,4.794428361398669
540458,197964,949084,1147048,4.794225212664929
540723,198046,949323,1147369,4.7934469769649475
540972,198154,949551,1147705,4.79198502175076
540992,198159,949589,1147748,4.792055874323145
541025,198182,949669,1147851,4.791903401923484
541096,198182,949841,1148023,4.792771291035513
541182,198234,950034,1148268,4.7924876660915885
541419,198304,950950,1149254,4.795415120219461
541452,198324,951048,1149372,4.795425667090216
541492,198345,951094,1149439,4.7951498651339834
541536,198345,951256,1149601,4.795966623812045
541559,198358,951279,1149637,4.795768257393198
541568,198360,951302,1149662,4.795835854002823
541600,198385,951355,1149740,4.795498651611765
541650,198404,951406,1149810,4.795296465797061
541659,198406,951426,1149832,4.79534893097991
541934,198585,951928,1150513,4.793554397361332
541984,198618,952083,1150701,4.79353834999849
542000,198628,952111,1150739,4.793437984574179
542022,198628,952144,1150772,4.7936041242926475
542037,198635,952173,1150808,4.793581191632894
542120,198664,952306,1150970,4.793550920146579
542164,198678,952417,1151095,4.793771831808253
542261,198678,952486,1151164,4.794119127432328
542284,198688,952542,1151230,4.79415968755033
542311,198696,952562,1151258,4.794067318919354
542396,198728,952797,1151525,4.794477879312427
542522,198754,953067,1151821,4.795209153023335
542605,198840,953300,1152140,4.794306980486824
542872,198850,953810,1152660,4.796630626100075
542887,198850,953835,1152685,4.796756349006789
542941,198874,953983,1152857,4.7969216689964504
543164,198945,954236,1153181,4.796481439593857
543549,199014,954428,1153442,4.79578321123137
543563,199014,954437,1153451,4.7958284341805095
543565,199014,954442,1153456,4.795853558041143
543617,199043,954509,1153552,4.795491426475686
543624,199045,954509,1153554,4.795443241478058
543630,199048,954518,1153566,4.795416181021663
543657,199057,954557,1153614,4.795395288786629
543711,199057,954747,1153804,4.796349789256344
544562,199406,955841,1155247,4.793441521318315
544583,199414,955873,1155287,4.793409690392851
544666,199463,956050,1155513,4.793119525927114
544987,199589,956541,1156130,4.79255369784908
545040,199613,956593,1156206,4.792237980492253
547434,199620,961760,1161380,4.8179541128143475
547812,199805,962260,1162065,4.815995595705814
547828,199814,962320,1162134,4.816078953426687
547837,199814,962320,1162134,4.816078953426687
547895,199814,962417,1162231,4.816564404896554
547922,199814,962430,1162244,4.8166294654028246
547978,199826,962530,1162356,4.816840651366689
548033,199849,962633,1162482,4.816801685272381
548158,199888,963020,1162908,4.817797966861442
548183,199908,963050,1162958,4.817466034375813
548191,199916,963058,1162974,4.817313271574061
548207,199916,963084,1163000,4.817443326197003
548215,199924,963102,1163026,4.817340589423981
548774,200195,964173,1164368,4.816169234995879
548885,200207,964266,1164473,4.816345082839262
548911,200215,964313,1164528,4.81638738356267
548930,200215,964328,1164543,4.816462303024249
548940,200215,964344,1164559,4.8165422171165995
549053,200320,964566,1164886,4.815125798722045
549167,200386,964817,1165203,4.814792450570399
549215,200405,964933,1165338,4.814914797534992
549222,200406,964940,1165346,4.81492570082732
549509,200411,978141,1178552,4.880675212438439
549580,200428,978286,1178714,4.880984692757499
549585,200432,978299,1178731,4.88095214337032
549631,200459,978391,1178850,4.880753670326601
549687,200459,978516,1178975,4.881377239235953
549688,200460,978520,1178980,4.881372842462337
549746,200487,978545,1179032,4.8808401542244635
549818,200500,978685,1179185,4.881221945137157
549844,200513,978712,1179225,4.881040132061263
549869,200523,978767,1179290,4.8810709993367345
549889,200529,978790,1179319,4.881039650125418
549977,200576,978981,1179557,4.880848157306956
550015,200583,979039,1179622,4.880966981249657
550086,200617,979132,1179749,4.88060333870011
550122,200638,979221,1179859,4.880536089873305
550127,200638,979232,1179870,4.88059091498121
550160,200649,979300,1179949,4.8806622509955195
550335,200709,979608,1180317,4.880737784553757
550389,200753,979715,1180468,4.880201043072831
550414,200756,979733,1180489,4.880217776803682
550445,200765,979775,1180540,4.880208203621149
550467,200800,979826,1180626,4.87961155378486
550478,200810,979831,1180641,4.8793934565011705
550513,200827,979879,1180706,4.879219427666599
550544,200843,979934,1180777,4.879104574219664
550577,200864,980017,1180881,4.879007686793054
550719,200905,980150,1181055,4.878674000149324
550784,200933,980200,1181133,4.878242996421693
550812,200954,980238,1181192,4.8779223105785405
550854,200986,980330,1181316,4.877603415163245
550903,201003,980408,1181411,4.877578941607837
550989,201019,980491,1181510,4.877603609609042
551165,201077,981036,1182113,4.878907085345415
551245,201077,981130,1182207,4.87937456795158
551453,201139,981282,1182421,4.878626223656277
551512,201150,981320,1182470,4.878548347004723
551542,201150,981381,1182531,4.8788516032811335
551552,201152,981398,1182550,4.878887607381483
551622,201152,981668,1182820,4.880229875914731
551777,201255,982003,1183258,4.879396785173039
551862,201276,982430,1183706,4.881009161549315
551876,201281,982465,1183746,4.881061799176276
552105,201402,982774,1184176,4.879663558455229
552157,201433,982878,1184311,4.8794288919888995
552275,201484,983108,1184592,4.879335331837764
553050,201979,984784,1186763,4.875675193955807
553081,202006,984808,1186814,4.875142322505272
553168,202057,984944,1187001,4.874584894361492
553293,202112,985191,1187303,4.874480486067131
553312,202112,985206,1187318,4.874554702343255
553325,202115,985230,1187345,4.874601093436905
553405,202204,985418,1187622,4.873385294059465
553534,202282,985602,1187884,4.872415736447138
553584,202307,985671,1187978,4.872154695586411
554282,202320,987554,1189874,4.881148675365758
554335,202332,987609,1189941,4.8811310123954685
554419,202366,987756,1190122,4.881037328404969
554716,202560,988600,1191160,4.880529225908373
554733,202560,988604,1191164,4.8805489731437595
554841,202602,988724,1191326,4.880129515009724
554895,202605,988860,1191465,4.880728511142371
554936,202616,988923,1191539,4.8807744699332725
554990,202648,988996,1191644,4.880363980892977
555058,202679,989189,1191868,4.8805697679582
555135,202680,989298,1191978,4.881083481349911
555151,202680,989323,1192003,4.881206828498125
555863,202773,989597,1192370,4.880319371908489
555870,202773,989597,1192370,4.880319371908489
556340,202964,990200,1193164,4.878697700084744
556394,203000,990261,1193261,4.8781330049261085
556503,203014,990640,1193654,4.879663471484725
556611,203022,990747,1193769,4.879998226793155
556626,203025,990770,1193795,4.880039404014284
556635,203031,990788,1193819,4.879983844831577
556664,203035,990837,1193872,4.880129041790824
557006,203097,991104,1194201,4.8799539136471735
557021,203104,991114,1194218,4.879834961399086
557106,203104,991114,1194218,4.879834961399086
557140,203104,991210,1194314,4.880307625649913
557154,203104,991245,1194349,4.880479951158027
557162,203104,991245,1194349,4.880479951158027
557184,203121,991323,1194444,4.880455492046613
557216,203139,991366,1194505,4.880234716130334
557691,203428,992113,1195541,4.876973671274357
557747,203467,992228,1195695,4.8766040684730205
557758,203469,992254,1195723,4.876683917451799
557769,203469,992264,1195733,4.8767330649877865
557872,203524,992454,1195978,4.8763487352842905
557911,203535,992517,1196052,4.8763947232662685
557936,203539,992527,1196066,4.876348021755044
558122,203684,992923,1196607,4.874820800848373
558142,203703,992951,1196654,4.874503566466866
558202,203725,992989,1196714,4.874163701067616
558220,203739,993013,1196752,4.873946568894517
558280,203755,993130,1196885,4.874138057961768
558336,203788,993201,1196989,4.873697175496104
558341,203794,993209,1197003,4.873592941892303
558371,203808,993261,1197069,4.873513306641545
558397,203840,993312,1197152,4.872998430141287
558445,203848,993377,1197225,4.873126054707429
558460,203852,993397,1197249,4.873128544237977
558464,203852,993406,1197258,4.873172693915193
559815,204117,996240,1200357,4.880730169461632
559854,204152,996338,1200490,4.880373447235393
559855,204152,996340,1200492,4.880383243857518
559907,204212,996526,1200738,4.8798601453391575
560015,204266,996665,1200931,4.879250585021492
560038,204272,996675,1200947,4.879156223075116
560188,204321,996782,1201103,4.8785097958604355
560201,204329,996795,1201124,4.878382412677594
560240,204345,996870,1201215,4.878367466784115
560249,204354,996900,1201254,4.878299421591944
560271,204367,996945,1201312,4.878209299935899
560389,204435,997201,1201636,4.877838921906719
560418,204460,997231,1201691,4.877389220385406
560438,204468,997270,1201738,4.877389126904943
560629,204468,997719,1202187,4.8795850695463345
560883,204468,998356,1202824,4.882700471467418
561006,204528,998466,1202994,4.88180591410467
561273,204705,998946,1203651,4.879929654869202
561274,204705,998948,1203653,4.879939425026257
561363,204731,999138,1203869,4.880247739716994
561386,204742,999165,1203907,4.880117416065096
561501,204768,999255,1204023,4.879937294889826
561722,204922,999508,1204430,4.877504611510721
561744,204928,999557,1204485,4.877600913491568
562055,205037,1000294,1205331,4.8786023985914735
562069,205046,1000330,1205376,4.878563834456658
562240,205171,1000608,1205779,4.876946547026627
562265,205182,1000653,1205835,4.876904406819311
562530,205318,1001259,1206577,4.87662552723093
562710,205390,1001532,1206922,4.876245192073616
562731,205390,1001561,1206951,4.876386386873753
562751,205408,1001601,1207009,4.876153801215143
564575,205434,1004149,1209583,4.887939678923645
564586,205436,1004170,1209606,4.8879943145310465
564594,205438,1004177,1209615,4.8879808019937885
564610,205445,1004197,1209642,4.8879116065126915
564615,205445,1004208,1209653,4.8879651488232865
564631,205445,1004234,1209679,4.8880917033756
564733,205449,1004281,1209730,4.888225301656372
564755,205457,1004304,1209761,4.888146911519199
564911,205531,1004525,1210056,4.887462231974738
564950,205556,1004595,1210151,4.887208351981942
564970,205574,1004612,1210186,4.886863124714215
565068,205574,1004902,1210476,4.888273808944711
565097,205582,1004942,1210524,4.888278156647956
565144,205594,1005009,1210603,4.888318725254628
565173,205594,1005047,1210641,4.888503555551232
565234,205646,1005122,1210768,4.887632144559097
565325,205695,1005304,1210999,4.887352633753859
565352,205720,1005335,1211055,4.886909391405794
565468,205781,1005492,1211273,4.886223703840491
565488,205787,1005516,1211303,4.886197864782518
565866,205823,1005913,1211736,4.887272073577783
566030,205823,1006198,1212021,4.888656758476944
566488,205921,1007345,1213266,4.8919002918595
566610,206065,1007617,1213682,4.889801761580084
566653,206073,1007733,1213806,4.890174840954419
566669,206079,1007767,1213846,4.890197448551284
568133,206083,1009849,1215932,4.900205257105147
568147,206089,1009874,1215963,4.900183901130094
568227,206168,1010178,1216346,4.899780761320865
568248,206170,1010178,1216348,4.899733229858854
568351,206170,1010533,1216703,4.901455109860795
568366,206171,1010539,1216710,4.901460438179957
568387,206185,1010570,1216755,4.901277978514441
568397,206185,1010596,1216781,4.9014040788612165
568441,206195,1010670,1216865,4.901525255219574
568458,206246,1010688,1216934,4.900400492615614
568775,206480,1011417,1217897,4.898377566834561
568781,206484,1011422,1217906,4.898306890606536
568783,206484,1011426,1217910,4.89832626256756
568906,206577,1011646,1218223,4.897186037167739
568920,206586,1011666,1218252,4.897069501321483
568957,206595,1011704,1218299,4.89704010261623
570012,206915,1014090,1221005,4.900997994345504
570266,207145,1014650,1221795,4.898259673175795
570277,207160,1014665,1221825,4.897977408766171
570353,207179,1014790,1221969,4.898131567388587
570368,207179,1014804,1221983,4.898199141804913
570421,207201,1014873,1222074,4.898012075231297
570454,207224,1014942,1222166,4.89780141296375
570466,207234,1014966,1222200,4.897680882480674
572403,207496,1018801,1226297,4.909978987546748
572564,207536,1019068,1226604,4.910319173540976
572593,207543,1019112,1226655,4.910365562799035
572621,207559,1019145,1226704,4.910146030767155
572689,207602,1019238,1226840,4.909576979027177
572710,207610,1019293,1226903,4.909652714223785
572730,207610,1019321,1226931,4.909787582486393
572752,207627,1019339,1226966,4.909472274800484
572791,207642,1019411,1227053,4.909464366553973
572818,207661,1019459,1227120,4.90924631972301
572847,207680,1019499,1227179,4.908989791987674
572865,207680,1019542,1227222,4.909196841294299
572914,207698,1019602,1227300,4.909060270200002
572923,207700,1019619,1227319,4.909094848338951
572971,207713,1019704,1227417,4.909196824464526
573063,207765,1019835,1227600,4.908598657136669
573135,207765,1020038,1227803,4.909575722571174
574212,207815,1021685,1229500,4.916319803671535
575117,207863,1023622,1231485,4.924503158330246
575270,207945,1023831,1231776,4.9235663276347115
575296,207956,1023847,1231803,4.923382830983477
575684,208067,1024211,1232278,4.922505731326928
575697,208071,1024219,1232290,4.922449548471435
575724,208086,1024249,1232335,4.922238882000711
575777,208133,1024359,1232492,4.92165586427909
575808,208142,1024386,1232528,4.921572772434204
575827,208151,1024406,1232557,4.921456058342261
575847,208157,1024426,1232583,4.921410281662399
575883,208185,1024474,1232659,4.920978937003146
576150,208270,1024964,1233234,4.921323282277813
576318,208401,1025392,1233793,4.920283491921824
576375,208431,1025449,1233880,4.919848774894329
576788,208640,1026044,1234684,4.917772239263804
576819,208662,1026080,1234742,4.9174262683191
576942,208702,1026157,1234859,4.916852737395904
577014,208760,1026330,1235090,4.916315386089289
577114,208779,1026555,1235334,4.916945669823114
577138,208786,1026578,1235364,4.91689097928022
577154,208791,1026612,1235403,4.9169360748308115
577219,208829,1026718,1235547,4.916548946745902
577279,208829,1026821,1235650,4.917042173261376
577284,208831,1026825,1235656,4.917014236392107
577324,208849,1026871,1235720,4.916810710130285
577418,208884,1027024,1235908,4.916719327473622
577427,208887,1027039,1235926,4.916720523536649
577723,208918,1027512,1236430,4.918255009142343
581484,208929,1033605,1242534,4.947159082750599
581487,208929,1033614,1242543,4.947202159585314
581680,208988,1033807,1242795,4.946728998794189
581820,208988,1034172,1243160,4.94847551055563
581830,208995,1034191,1243186,4.948400679442092
581917,209004,1034319,1243323,4.948800022966068
581962,209009,1034375,1243384,4.948949566765068
582008,209034,1034432,1243466,4.948630366351885
582993,209474,1036000,1245474,4.9457211873549936
583040,209489,1036035,1245524,4.945534133057105
583051,209505,1036059,1245564,4.945270995918952
583494,209705,1036724,1246429,4.9437257099258485
583770,209853,1037195,1247048,4.942483548007415
583811,209883,1037242,1247125,4.942001019615691
583816,209883,1037247,1247130,4.942024842412201
584873,209898,1038551,1248449,4.947884210426016
584914,209937,1038616,1248553,4.947274658588053
585529,210391,1039801,1250192,4.9422313692125615
585552,210396,1039809,1250205,4.9421519420521305
585949,210533,1040290,1250823,4.941220616245435
586169,210708,1040824,1251532,4.939651081116996
586179,210711,1040830,1251541,4.939609227804908
586266,210773,1040968,1251741,4.938810948271363
586297,210790,1041048,1251838,4.938792162816073
586354,210851,1041202,1252053,4.938093724952692
586414,210876,1041287,1252163,4.93791137919915
586459,210899,1041382,1252281,4.937823318270831
586469,210899,1041398,1252297,4.937899183969578
586518,210916,1041442,1252358,4.937709799161752
586530,210922,1041457,1252379,4.937640454765269
586603,210925,1041519,1252444,4.937864169728576
586724,210951,1041779,1252730,4.938488084910714
586748,210962,1041846,1252808,4.938548174552763
587187,211166,1042636,1253802,4.93751835049203
587200,211169,1042675,1253844,4.937632891191416
587228,211175,1042689,1253864,4.937558896649698
587261,211190,1042748,1253938,4.9374875704342065
587391,211191,1043133,1254324,4.939287185533474
587403,211194,1043149,1254343,4.939292782938909
587591,211297,1043591,1254888,4.938976890348656
587647,211329,1043674,1255003,4.938621769847016
587879,211413,1043897,1255310,4.937714331663615
587893,211413,1043906,1255319,4.937756902366458
587944,211446,1044006,1255452,4.937459209443546
588261,211626,1044486,1256112,4.935527770689802
588304,211634,1044520,1256154,4.935501856979502
588320,211634,1044546,1256180,4.935624710585255
588832,211753,1045764,1257517,4.93860299499889
588875,211770,1045789,1257559,4.938324597440619
588918,211808,1045842,1257650,4.937688850279498
588965,211828,1045928,1257756,4.937628642105859
588989,211837,1045956,1257793,4.937551041602742
589010,211847,1045985,1257832,4.937454861291403
589126,211893,1046105,1257998,4.936949309321214
589127,211893,1046105,1257998,4.936949309321214
589188,211934,1046215,1258149,4.936513254126284
589217,211948,1046260,1258208,4.9363994942155625
589363,212009,1046402,1258411,4.93564895829894
589396,212036,1046449,1258485,4.935242128695127
589412,212045,1046462,1258507,4.935093965903464
589448,212103,1046563,1258666,4.934220638086213
589571,212131,1046648,1258779,4.933970046810697
589842,212169,1047186,1259355,4.935622074855422
589871,212169,1047221,1259390,4.935787037691651
590224,212233,1047456,1259689,4.935405898234488
590384,212233,1047822,1260055,4.937130417984008
590514,212234,1048207,1260441,4.938921190761141
590566,212259,1048279,1260538,4.938678689713981
591241,212565,1049109,1261674,4.935473855056101
591259,212565,1049129,1261694,4.9355679439230355
591422,212680,1049426,1262106,4.934295655444799
591495,212720,1049501,1262221,4.933720383602858
592437,213045,1050498,1263543,4.930873759064986
592499,213046,1050666,1263712,4.93163917651587
592512,213046,1050671,1263717,4.931662645625828
592566,213063,1050745,1263808,4.931616470245889
592696,213132,1051082,1264214,4.931601073513128
592828,213182,1051317,1264499,4.931546753478249
592847,213196,1051376,1264572,4.931499652901556
592891,213223,1051426,1264649,4.931109683289327
592975,213251,1051580,1264831,4.931184378971259
593023,213272,1051643,1264915,4.93099422333921
593081,213283,1051728,1265011,4.9311384404758
593258,213354,1051971,1265325,4.930636407098063
593302,213378,1052015,1265393,4.930288033442998
593331,213385,1052039,1265424,4.9302387702978185
593351,213394,1052059,1265453,4.930124558328726
593460,213404,1052611,1266015,4.932480178440891
593481,213417,1052655,1266072,4.932385892407821
593503,213424,1052682,1266106,4.932350625983957
593603,213481,1052841,1266322,4.931778472088851
593606,213482,1052845,1266327,4.931774107418892
593624,213482,1052862,1266344,4.931853739425338
593742,213548,1053023,1266571,4.93108340981887
593782,213573,1053098,1266671,4.930857364929087
593813,213573,1053178,1266751,4.931231944112786
594321,213573,1054082,1267655,4.935464688888577
594364,213587,1054140,1267727,4.935412735793845
594510,213709,1054530,1268239,4.934420169482801
594542,213721,1054591,1268312,4.9344285306544515
594558,213721,1054617,1268338,4.934550184586447
594585,213726,1054625,1268351,4.9344721746535285
594657,213726,1054821,1268547,4.935389236686224
594793,213787,1055162,1268949,4.935576064026344
594954,213816,1055453,1269269,4.9362676319826395
594955,213816,1055455,1269271,4.936276985819584
594976,213820,1055497,1269317,4.936381068188195
595030,213839,1055606,1269445,4.93645219066681
595034,213847,1055616,1269463,4.936314280770832
595097,213880,1055683,1269563,4.935865906115579
595134,213894,1055735,1269629,4.9357859500500245
595388,214061,1056206,1270267,4.934135596862577
596426,214616,1057390,1272006,4.926892682744996
596455,214618,1057405,1272023,4.926916661230652
596458,214618,1057414,1272032,4.926958596203487
596478,214618,1057451,1272069,4.927130995536255
596492,214622,1057484,1272106,4.927192925235996
596581,214639,1057529,1272168,4.927012332334757
596720,214639,1057852,1272491,4.928517184668211
596860,214711,1058077,1272788,4.927912403183814
596969,214726,1058175,1272901,4.928024552220038
597024,214748,1058232,1272980,4.927785124890569
597287,214825,1058437,1273262,4.926973117653905
597329,214860,1058478,1273338,4.926361351577771
597348,214868,1058507,1273375,4.926312899082228
597363,214875,1058527,1273402,4.926245491564863
597382,214881,1058546,1273427,4.926196359845682
597490,214918,1058844,1273762,4.926734847709359
597505,214918,1058872,1273790,4.926865129956542
597870,215003,1059430,1274433,4.927512639358521
597880,215003,1059446,1274449,4.9275870569247875
598119,215107,1059801,1274908,4.926855007043007
598161,215130,1059880,1275010,4.926695486450053
598393,215254,1060462,1275716,4.926561178886339
598681,215254,1061029,1276283,4.929195276278257
598828,215254,1061285,1276539,4.930384568927871
598877,215266,1061363,1276629,4.930472067116963
598903,215281,1061408,1276689,4.930337558818475
598993,215309,1061580,1276889,4.930495241722362
599030,215323,1061620,1276943,4.9303604352530845
599058,215325,1061645,1276970,4.930430744223847
599084,215345,1061677,1277022,4.930121433049293
599090,215351,1061695,1277046,4.9300676569878945
600554,215351,1063781,1279132,4.939754168775627
600578,215366,1063821,1279187,4.939595850784246
600584,215370,1063832,1279202,4.939555184101779
600812,215594,1064321,1279915,4.936691188066458
601004,215660,1064813,1280473,4.937461745339887
601134,215660,1064813,1280473,4.937461745339887
601195,215669,1064912,1280581,4.937714738789534
601200,215672,1064932,1280604,4.937738788530732
601592,215702,1065635,1281337,4.940311170040148
601615,215709,1065656,1281365,4.940248204757335
601709,215771,1065746,1281517,4.939245774455325
601728,215782,1065816,1281598,4.939318386148984
601779,215795,1065894,1281689,4.939382284112236
601783,215798,1065896,1281694,4.939322885290874
601815,215804,1065951,1281755,4.939440418157217
601864,215821,1065993,1281814,4.939245949189375
601911,215860,1066029,1281889,4.938520337255628
601931,215869,1066050,1281919,4.938411721923945
602514,215869,1067264,1283133,4.944035503013402
602952,216009,1067716,1283725,4.942923674476527
602964,216018,1067728,1283746,4.942773287411234
603080,216047,1067982,1284029,4.943285488805676
603118,216058,1068066,1284124,4.9434225994871746
603167,216075,1068158,1284233,4.94345944695129
603193,216081,1068192,1284273,4.943479528510142
603208,216088,1068215,1284303,4.943425826515123
603288,216088,1068371,1284459,4.944147754618489
603431,216104,1068633,1284737,4.944994076925925
603481,216124,1068716,1284840,4.944920508596916
603482,216124,1068718,1284842,4.944929762543725
603569,216155,1068817,1284972,4.944678587124979
603619,216156,1068899,1285055,4.945035067266233
603638,216171,1068918,1285089,4.944779827081338
603688,216186,1068965,1285151,4.944654140416123
603773,216208,1069085,1285293,4.944706023828905
603845,216276,1069270,1285546,4.944006732138564
603982,216304,1069443,1285747,4.944166543383386
604111,216387,1069658,1286045,4.9432636895931825
604256,216439,1069766,1286205,4.942575044238793
604287,216446,1069798,1286244,4.942563041128041
604366,216451,1069975,1286426,4.943266605374888
604555,216467,1070614,1287081,4.945853178544536
604764,216552,1070901,1287453,4.945237171672392
604786,216564,1070920,1287484,4.945050885650431
604847,216587,1071024,1287611,4.945005932950731
604853,216592,1071032,1287624,4.9449287138952505
604907,216614,1071079,1287693,4.944643467181253
604912,216616,1071083,1287699,4.944616279499206
604929,216624,1071114,1287738,4.944576778196322
604949,216630,1071128,1287758,4.944504454600009
605048,216673,1071264,1287937,4.944150863282458
605056,216676,1071283,1287959,4.944170097288117
605147,216739,1071384,1288123,4.943198962807801
607438,216880,1074589,1291469,4.954763002582073
607646,216968,1075038,1292006,4.954822831016555
608074,216968,1075946,1292914,4.959007779949117
608105,216984,1075992,1292976,4.958854109058732
608168,216998,1076014,1293012,4.9586355634614145
608827,217272,1077151,1294423,4.957615339298207
608842,217272,1077182,1294454,4.957758017600059
609175,217294,1077500,1294794,4.9587195228584315
609198,217312,1077562,1294874,4.9585940951259015
609319,217312,1077706,1295018,4.959256736857606
609352,217329,1077740,1295069,4.959025256638553
609382,217342,1077780,1295122,4.958912681396141
609418,217346,1077818,1295164,4.958996254819504
609421,217346,1077827,1295173,4.959037663449063
609462,217360,1077862,1295222,4.958879278616121
609533,217360,1078017,1295377,4.959592381302907
609620,217368,1078239,1295607,4.960431158220161
609631,217371,1078255,1295626,4.960436304750864
609692,217395,1078367,1295762,4.960403873134156
609928,217587,1078811,1296398,4.958067347773534
610000,217617,1078925,1296542,4.9579077002256255
610029,217625,1078989,1296614,4.958019529006318
610047,217628,1079004,1296632,4.958020107706729
610149,217638,1079197,1296835,4.95867909096757
610164,217644,1079234,1296878,4.958712392714708
610299,217693,1079340,1297033,4.958083172173658
610505,217693,1080009,1297702,4.961156307276761
610838,217906,1080695,1298601,4.959454994355364
610918,217915,1080753,1298668,4.959516325172659
610963,217928,1080829,1298757,4.959569215520722
610990,217952,1080863,1298815,4.959179085303186
611011,217952,1080895,1298847,4.9593259066216415
611304,218078,1081428,1299506,4.9589046121112625
611371,218132,1081535,1299667,4.958167531586379
611673,218174,1081655,1299829,4.957763069843336
611726,218182,1081705,1299887,4.957810451824623
611756,218185,1081757,1299942,4.95798061278273
611825,218251,1081995,1300246,4.957571786612662
611889,218273,1082074,1300347,4.957434039024524
612176,218329,1082196,1300525,4.956721278437588
612250,218370,1082349,1300719,4.956491276274214
613039,218378,1084039,1302417,4.96404857632179
614354,218799,1085451,1304250,4.960950461382365
614361,218799,1085466,1304265,4.961019017454376
614383,218819,1085528,1304347,4.960848920797554
614460,218863,1085726,1304589,4.960756272188538
614476,218863,1085751,1304614,4.96087049889657
614491,218866,1085774,1304640,4.960907587290854
614508,218880,1085793,1304673,4.960677083333334
614515,218885,1085804,1304689,4.9606140210612875
614583,218943,1085918,1304861,4.959820592574323
614636,218967,1085941,1304908,4.959382007334439
614702,218993,1086012,1305005,4.959117414711886
614703,218993,1086014,1305007,4.959126547423891
614713,218993,1086042,1305035,4.959254405391953
614757,219005,1086056,1305061,4.959046597109655
614828,219038,1086202,1305240,4.958966024160191
615001,219144,1086543,1305687,4.958123425692695
615035,219167,1086617,1305784,4.95794074837909
615214,219333,1087004,1306337,4.955952820596992
615251,219359,1087062,1306421,4.955629812316796
615281,219368,1087100,1306468,4.955599722840159
615290,219368,1087100,1306468,4.955599722840159
615301,219371,1087112,1306483,4.955586654571479
615316,219375,1088047,1307422,4.959758404558404
615426,219408,1088172,1307580,4.9595821483264055
615532,219474,1088330,1307804,4.958810610824061
615548,219484,1088374,1307858,4.958785150626014
615590,219493,1088466,1307959,4.959000970418191
615685,219556,1088637,1308193,4.958356865674361
615687,219560,1088641,1308201,4.958284751320823
615976,219573,1088825,1308398,4.9588291820943375
616192,219730,1089265,1308995,4.957288490420061
616221,219738,1089309,1309047,4.957308248914616
616241,219742,1089329,1309071,4.957309026039629
616261,219742,1089359,1309101,4.957445549781107
616285,219754,1089394,1309148,4.9573341099593184
616340,219777,1089455,1309232,4.957092871410566
616354,219779,1089467,1309246,4.957102361918109
616453,219799,1089504,1309303,4.9568196397617825
616504,219802,1089683,1309485,4.957566355174202
616600,219802,1089894,1309696,4.958526310042675
616611,219802,1089904,1309706,4.9585718055340715
616662,219828,1089983,1309811,4.958344705860946
616670,219833,1089987,1309820,4.958250126232185
616693,219839,1090014,1309853,4.958237619348705
616705,219845,1090033,1309878,4.958188723873638
616770,219874,1090132,1310006,4.957985027788642
616807,219887,1090163,1310050,4.957832886891904
616870,219914,1090252,1310166,4.9576288912938695
616939,219914,1090364,1310278,4.9581381812890495
616983,219942,1090458,1310400,4.957934364514281
617090,219982,1090666,1310648,4.957978380049277
617148,219983,1090732,1310715,4.958255865225949
617185,219992,1090882,1310874,4.9587348630859305
617407,220012,1091131,1311143,4.959415850044543
617441,220021,1091194,1311215,4.959499320519405
617593,220190,1091615,1311805,4.957604795858122
617621,220209,1091646,1311855,4.957317820797515
618022,220431,1092145,1312576,4.95458896434712
618062,220463,1092201,1312664,4.954123821230773
618075,220477,1092240,1312717,4.953986130072525
618080,220480,1092246,1312726,4.953945936139332
618243,220480,1092466,1312946,4.954943759071117
618253,220493,1092481,1312974,4.954719650963976
618326,220518,1092577,1313095,4.954593275832359
618407,220533,1092706,1313239,4.954841225576217
618424,220540,1092736,1313276,4.954819987303891
618436,220547,1092750,1313297,4.954726203484971
618591,220631,1092988,1313619,4.953918533660274
618784,220672,1093337,1314009,4.954579647621809
618790,220673,1093355,1314028,4.9546387641442315
619151,220912,1094062,1314974,4.952478815093793
619153,220912,1094067,1314979,4.952501448540596
619593,221106,1095063,1316169,4.952660714770291
619728,221131,1095319,1316450,4.953258475745146
619735,221141,1095330,1316471,4.953084231327524
621691,221164,1099353,1320517,4.970759255575048
621993,221394,1099972,1321366,4.968391193979963
622096,221422,1100058,1321480,4.968151312877673
622134,221441,1100100,1321541,4.967914704142412
622143,221451,1100116,1321567,4.967762620173311
622181,221462,1100154,1321616,4.967687458796543
622246,221462,1100275,1321737,4.968233827925332
622270,221462,1100308,1321770,4.96838283768773
622302,221480,1100353,1321833,4.96818222864367
622353,221534,1100510,1322044,4.967679904664747
622357,221534,1100519,1322053,4.9677205304829055
622370,221541,1100552,1322093,4.967712522738455
622400,221552,1100603,1322155,4.967696071351195
622579,221604,1100771,1322375,4.967288496597535
622777,221627,1101025,1322652,4.967919071232296
622787,221633,1101039,1322672,4.96784774830463
622919,221679,1101298,1322977,4.967985239918982
623107,221746,1101609,1323355,4.967886681157721
623116,221756,1101624,1323380,4.967730298165551
623161,221773,1101718,1323491,4.967773353834777
623178,221776,1101738,1323514,4.967796335040762
623181,221776,1101743,1323519,4.967818880311666
623423,221915,1102454,1324369,4.967911137147106
623493,221994,1102666,1324660,4.967098209861528
623568,222011,1102763,1324774,4.967154780618978
623626,222041,1102885,1324926,4.967033115505695
623638,222055,1102912,1324967,4.966841548265069
623963,222100,1103473,1325573,4.968361098604232
624006,222114,1103546,1325660,4.96837659940391
624038,222160,1103575,1325735,4.967478393950306
624088,222169,1103726,1325895,4.967956825659746
624204,222232,1104019,1326251,4.96786691385579
624275,222249,1104203,1326452,4.968314818064424
624309,222259,1104248,1326507,4.9682937473848074
624570,222389,1104596,1326985,4.966954300797251
624587,222408,1104649,1327057,4.966768281716485
624802,222517,1105074,1327591,4.966245275641861
624830,222529,1105116,1327645,4.966166207550477
624869,222535,1105173,1327708,4.9662884490080215
624880,222535,1105183,1327718,4.966333385759543
624945,222568,1105368,1327936,4.966428237662198
625075,222569,1105753,1328322,4.968135724202382
625208,222612,1106056,1328668,4.968537185776149
625328,222626,1106244,1328870,4.969069201261308
625388,222639,1106414,1329053,4.969542622810918
625445,222661,1106465,1329126,4.96928065534602
625469,222675,1106501,1329176,4.969129897833165
625532,222691,1106634,1329325,4.969370113745055
625596,222714,1106731,1329445,4.969292455795325
625675,222778,1106976,1329754,4.9689646194866635
625748,222778,1107074,1329852,4.969404519297238
625835,222778,1107274,1330052,4.9703022740126945
625904,222819,1107352,1330171,4.969737769220758
625937,222828,1107472,1330300,4.970075573985316
625959,222845,1107507,1330352,4.9698534856065875
626057,222869,1107672,1330541,4.970058644315719
626707,223162,1108524,1331686,4.9673510723151795
626743,223179,1108595,1331774,4.967290829334301
626786,223191,1108654,1331845,4.967288107495374
627042,223219,1108911,1332130,4.967816359718483
627088,223234,1108953,1332187,4.967670695324189
627153,223266,1109045,1332311,4.967370759542429
627169,223266,1109071,1332337,4.9674872125625935
627185,223268,1109095,1332363,4.967550208717774
627290,223283,1109246,1332529,4.967892763891563
627346,223286,1109287,1332573,4.968009637863547
627386,223301,1109346,1332647,4.967940134616504
627593,223448,1109822,1333270,4.96680211950879
627760,223534,1110043,1333577,4.96587991088604
627764,223540,1110048,1333588,4.965768989889953
627781,223540,1110093,1333633,4.965970296143867
627784,223540,1110102,1333642,4.966010557394649
627832,223557,1110189,1333746,4.966022088326467
627883,223569,1110261,1333830,4.966077586785287
628025,223603,1110414,1334017,4.966006717262291
628032,223614,1110429,1334043,4.965829509780247
628156,223621,1110581,1334202,4.966353786093435
628166,223621,1110597,1334218,4.966425335724283
628452,223671,1110936,1334607,4.96683074694529
628459,223673,1110944,1334617,4.966822101907695
628488,223684,1110990,1334674,4.966783498149175
628518,223694,1111022,1334716,4.966704515990594
628567,223698,1111131,1334829,4.967102969181664
628868,223729,1111699,1335428,4.968953510720559
629168,223928,1112449,1336377,4.967886999392662
629195,223940,1112492,1336432,4.967812807001875
629244,223950,1112569,1336519,4.967934806876535
629448,224095,1112973,1337068,4.966523126352663
629604,224183,1113333,1337516,4.966179415923598
629649,224206,1113398,1337604,4.965959876185294
629804,224276,1113659,1337935,4.965573668158876
629816,224282,1113696,1337978,4.9656057998412715
629852,224287,1113704,1337991,4.965530770842715
629896,224297,1113820,1338117,4.965826560319576
629921,224313,1113859,1338172,4.9656462175620675
629943,224317,1113890,1338207,4.965695867901229
629971,224338,1113921,1338259,4.965369219659621
629998,224338,1113921,1338259,4.965369219659621
630007,224342,1113943,1338285,4.965378752083872
630150,224433,1114133,1338566,4.964212036554339
630191,224456,1114207,1338663,4.964033039883095
630897,224456,1115345,1339801,4.969103075881241
630958,224456,1115463,1339919,4.969628791388958
631110,224491,1115732,1340223,4.970052251537924
631157,224498,1115760,1340258,4.970022004650375
631176,224506,1115779,1340285,4.96992953417726
631189,224514,1115789,1340303,4.969796983707029
631321,224563,1116135,1340698,4.9702533364801855
631406,224604,1116279,1340883,4.969987177432281
631444,224629,1116324,1340953,4.9696343749026175
631500,224643,1116397,1341040,4.969649621844438
631505,224643,1116397,1341040,4.969649621844438
631540,224646,1116487,1341133,4.969983885758037
631597,224662,1116621,1341283,4.970226384524308
631599,224662,1116631,1341293,4.9702708958346316
631603,224662,1116633,1341295,4.970279798096696
631628,224672,1116691,1341363,4.97031672838627
631673,224685,1116746,1341431,4.970273939070254
632196,224875,1117345,1342220,4.968738187882157
632251,224897,1117419,1342316,4.968581172714621
632324,224936,1117510,1342446,4.968124266458014
632424,224991,1117666,1342657,4.9676031485703875
632459,225022,1117769,1342791,4.9673765231844
632516,225022,1117848,1342870,4.967727599968003
632549,225027,1117864,1342891,4.967688321845823
632613,225047,1117910,1342957,4.9674512435180205
633085,225234,1118729,1343963,4.9669632471118925
634161,225234,1118729,1343963,4.9669632471118925
634182,225249,1118783,1344032,4.966872216968777
634210,225265,1118822,1344087,4.9666925620935345
634344,225436,1119244,1344680,4.964797104277933
634374,225455,1119339,1344794,4.964800070967599
634403,225469,1119365,1344834,4.964607107850747
634475,225531,1119466,1344997,4.963690135724136
634706,225584,1120230,1345814,4.965910702886729
634839,225691,1120435,1346126,4.964464688445707
634847,225693,1120437,1346130,4.964429556964549
634890,225707,1120507,1346214,4.964431763303752
634948,225710,1120541,1346251,4.964516414868637
635005,225710,1120691,1346401,4.965180984449072
635038,225739,1120806,1346545,4.965052560700632
635072,225778,1120862,1346640,4.964442948382925
635091,225781,1120895,1346676,4.9645231441086715
635144,225806,1120956,1346762,4.964243642773
635250,225806,1121019,1346825,4.964522643331001
635287,225848,1121106,1346954,4.963984626828664
635290,225848,1121115,1346963,4.964024476639156
635595,226009,1121645,1347654,4.962833338495369
635629,226029,1121685,1347714,4.9625711744953085
635639,226033,1121693,1347726,4.962518747262568
635657,226038,1121715,1347753,4.962506304249728
635671,226043,1121789,1347832,4.962723906513363
635683,226044,1121822,1347866,4.9628479411088104
635696,226044,1121822,1347866,4.9628479411088104
635846,226159,1122123,1348282,4.96165529561061
635874,226164,1122160,1348324,4.961709202171876
635940,226210,1122308,1348518,4.96135449361213
635992,226218,1122375,1348593,4.961475214173938
636003,226221,1122387,1348608,4.961462463697004
636069,226237,1122479,1348716,4.961518230881774
636086,226245,1122496,1348741,4.961417931887998
636346,226449,1123040,1349489,4.959350670570416
636426,226456,1123088,1349544,4.959409333380436
636449,226464,1123122,1349586,4.959384272997033
636499,226478,1123155,1349633,4.95922341242858
636509,226482,1123171,1349653,4.959206471154441
636520,226487,1123195,1349682,4.959202956461077
636590,226487,1123323,1349810,4.959768110310967
636593,226488,1123326,1349814,4.9597594574547
636611,226495,1123363,1349858,4.959769531336232
636651,226503,1123394,1349897,4.959731217688066
636654,226503,1123403,1349906,4.959770952261118
636674,226518,1123438,1349956,4.959597029816615
636715,226534,1123476,1350010,4.959414480828485
636847,226602,1123666,1350268,4.958764706401532
636861,226605,1123696,1350301,4.958831446790671
636915,226631,1123834,1350465,4.9588714694812275
636968,226655,1123923,1350578,4.958739052745362
637000,226668,1123982,1350650,4.9587149487355955
637098,226693,1124221,1350914,4.959222384458276
637119,226693,1124264,1350957,4.95941206830383
637312,226829,1124560,1351389,4.9577434984062885
637339,226837,1124584,1351421,4.957674453462178
637399,226850,1124602,1351452,4.957469693630152
637519,226904,1124746,1351650,4.956924514332052
637593,226904,1124746,1351650,4.956924514332052
637625,226906,1124753,1351659,4.956911672675028
637744,226978,1124896,1351874,4.955969300989524
637765,226978,1124925,1351903,4.956097066676065
637819,227003,1125010,1352013,4.955925692611992
637872,227043,1125163,1352206,4.955726448293936
637889,227046,1125181,1352227,4.955740246469879
638014,227142,1125430,1352572,4.954741967579752
638085,227142,1125557,1352699,4.9553010891865
638094,227142,1125577,1352719,4.955389139833232
638116,227154,1125618,1352772,4.9553078528223145
638208,227197,1125760,1352957,4.954995004335444
638219,227197,1125770,1352967,4.9550390190011315
638519,227197,1125992,1353189,4.956016144579374
638533,227214,1126059,1353273,4.955940214951544
638538,227216,1126066,1353282,4.95592739947891
638727,227241,1126199,1353440,4.955967453056447
639018,227350,1126900,1354250,4.956674730591599
639045,227371,1126931,1354302,4.956353272844822
639127,227409,1127200,1354609,4.9567079579084385
639188,227409,1127318,1354727,4.957226846782669
639208,227409,1127339,1354748,4.957319191412829
639234,227417,1127359,1354776,4.9572327486511565
639235,227417,1127361,1354778,4.95724154306846
639594,227564,1127931,1355495,4.9565440930902955
639626,227579,1127994,1355573,4.956494228377838
639669,227601,1128054,1355655,4.956278750972096
639762,227624,1128235,1355859,4.9565731205848245
639840,227689,1128422,1356111,4.955979428079529
639901,227705,1128529,1356234,4.956101095715948
639981,227731,1128592,1356323,4.9558119008830595
640105,227810,1129136,1356946,4.956481278258198
640345,227810,1129986,1357796,4.960212457749879
640378,227844,1130047,1357891,4.959739997542178
640407,227856,1130108,1357964,4.95974650656555
640463,227874,1130135,1358009,4.959473217655371
640495,227888,1130197,1358085,4.9594406024011795
640512,227898,1130225,1358123,4.959345847703798
640517,227904,1130232,1358136,4.95924599831508
640749,227904,1130790,1358694,4.961694397641112
640751,227907,1130801,1358708,4.96167735084925
640763,227912,1130819,1358731,4.961647477973955
640806,227928,1130888,1358816,4.96160190937489
641218,228124,1131771,1359895,4.961209692973997
642219,228124,1133473,1361597,4.968670547596921
642375,228194,1133632,1361826,4.967843151003094
642408,228218,1133701,1361919,4.9676230621598645
642636,228225,1133783,1362008,4.9678299923321285
642694,228239,1133882,1362121,4.967959025407577
642859,228269,1134022,1362291,4.967919428393693
642892,228274,1134038,1362312,4.9678807047670785
642893,228276,1134046,1362322,4.96787222485062
642902,228278,1134069,1362347,4.967929454437134
643162,228364,1134269,1362633,4.966934367938904
643201,228364,1134292,1362656,4.967035084339038
643211,228375,1134317,1362692,4.966905309250137
643827,228720,1135437,1364157,4.964310073452256
643899,228737,1135504,1364241,4.9642340329723655
643904,228740,1135511,1364251,4.964199527848212
644026,228822,1135779,1364601,4.96359178750295
644125,228849,1135950,1364799,4.96375339197462
644144,228852,1135967,1364819,4.9637626064006435
644308,228894,1136095,1364989,4.96341101121043
644392,228932,1136258,1365190,4.963299145597819
644509,228957,1136477,1365434,4.96371371043471
645286,228983,1137589,1366572,4.968006358550634
645349,229008,1137644,1366652,4.967704185006637
645367,229017,1137708,1366725,4.967788417453726
645564,229053,1138136,1367189,4.96887619895832
645632,229092,1138209,1367301,4.968348960243047
645662,229107,1138229,1367336,4.968110969983457
645674,229107,1138250,1367357,4.968202630212084
645770,229154,1138415,1367569,4.96790368049434
645881,229154,1138724,1367878,4.969252118662559
645903,229163,1138779,1367942,4.969296963296867
645951,229196,1138861,1368057,4.968939248503465
645965,229198,1138893,1368091,4.969035506418032
645981,229198,1138922,1368120,4.969162034572728
645984,229198,1138929,1368127,4.969192575851447
646098,229218,1139162,1368380,4.969775497561273
646218,229292,1139389,1368681,4.969161593077822
646266,229297,1139457,1368754,4.9693497952437236
646295,229308,1139506,1368814,4.969325099865683
646477,229308,1139780,1369088,4.970519999302248
646976,229385,1140088,1369473,4.970194214966105
647090,229449,1140269,1369718,4.969596729556459
647136,229458,1140353,1369811,4.969767887805176
647182,229470,1140384,1369854,4.969643090600078
647184,229470,1140389,1369859,4.969664879940733
647197,229473,1140405,1369878,4.969669634336066
647361,229523,1140757,1370280,4.970120641504337
647381,229523,1140802,1370325,4.970316700287118
647406,229523,1140827,1370350,4.970425621833106
647448,229539,1140906,1370445,4.970423326754931
647492,229569,1140960,1370529,4.9700090168968805
647513,229569,1140960,1370529,4.9700090168968805
647554,229585,1141026,1370611,4.969950127403794
647597,229600,1141109,1370709,4.96998693379791
648308,229876,1142013,1371889,4.96795228732012
648324,229887,1142032,1371919,4.967797222113473
648336,229891,1142043,1371934,4.967758633439326
648370,229900,1142103,1372003,4.967825141365811
648808,230093,1142642,1372735,4.9660007040631395
648838,230112,1142704,1372816,4.965860102906411
649022,230215,1143000,1373215,4.964924092695958
649853,230224,1144372,1374596,4.970689415525749
650221,230302,1144820,1375122,4.970951185834252
650282,230337,1144961,1375298,4.970807990031997
650395,230337,1145081,1375418,4.971328965819647
650533,230365,1145385,1375750,4.972044364378269
650563,230379,1145438,1375817,4.9719722717782435
650591,230386,1145466,1375852,4.97194273957619
650621,230401,1145494,1375895,4.971740574042648
650766,230431,1145766,1376197,4.972273695813497
651268,230606,1146391,1376997,4.971210636323426
651316,230610,1146441,1377051,4.971341225445557
651562,230679,1146754,1377433,4.971211076864387
651590,230686,1146778,1377464,4.971164266578813
651611,230696,1146803,1377499,4.971057148801886
651734,230706,1147266,1377972,4.972848560505579
651772,230718,1147374,1378092,4.973058018880192
651892,230757,1147458,1378215,4.972581546821981
651985,230757,1147601,1378358,4.973201246332723
652050,230757,1147729,1378486,4.97375594239828
652065,230762,1147759,1378521,4.973778178382923
652124,230798,1147844,1378642,4.973370653125244
652186,230861,1147940,1378801,4.972429297282781
652253,230868,1148031,1378899,4.972672696086075
652361,230918,1148176,1379094,4.972223906321725
652404,230925,1148253,1379178,4.972406625527769
652424,230936,1148273,1379209,4.9722563827207535
652428,230938,1148282,1379220,4.972252292823182
652495,230993,1148509,1379502,4.9720511011156185
652601,231036,1148651,1379687,4.971740334839592
652745,231108,1148829,1379937,4.970961628329612
652797,231122,1148860,1379982,4.970794645252291
653031,231283,1149161,1380444,4.968635827103592
653055,231294,1149205,1380499,4.968589760218596
653215,231411,1149549,1380960,4.967564203948818
653398,231420,1150617,1382037,4.971985999481462
653408,231420,1150633,1382053,4.972055137844611
653464,231438,1150757,1382195,4.972204218840467
653662,231587,1151617,1383204,4.972718675918769
653681,231600,1151646,1383246,4.972564766839378
653704,231610,1151704,1383314,4.972600492206727
653712,231610,1151723,1383333,4.972682526661198
653743,231610,1151777,1383387,4.97291567721601
653872,231611,1152159,1383770,4.974543523407783
653921,231624,1152216,1383840,4.974510413428661
654054,231624,1152216,1383840,4.974510413428661
654108,231651,1152298,1383949,4.974284591907654
654391,231651,1152746,1384397,4.976218535641979
654487,231697,1152947,1384644,4.976098093630906
654589,231715,1153052,1384767,4.976164685065705
654613,231722,1153080,1384802,4.976135196485444
654630,231733,1153118,1384851,4.976062969020381
654639,231741,1153143,1384884,4.975999067924968
654661,231749,1153160,1384909,4.975900651135496
654798,231770,1153463,1385233,4.976757129913276
654820,231778,1153482,1385260,4.976667328219245
654843,231785,1153511,1385296,4.976642146817094
654912,231808,1153572,1385380,4.976411512976256
655004,231808,1153572,1385380,4.976411512976256
655049,231823,1153647,1385470,4.9764130392584
655161,231823,1153831,1385654,4.977206748251899
655245,231896,1153987,1385883,4.976312657398144
655290,231924,1154077,1386001,4.97609992928718
655357,231944,1154131,1386075,4.975903666402235
655503,231990,1154269,1386259,4.9755118755118755
655695,232064,1154661,1386725,4.975614485659128
655713,232066,1154675,1386741,4.975631932295123
655772,232088,1154768,1386856,4.975560994105684
655778,232093,1154773,1386866,4.975475348244023
656040,232283,1155407,1387690,4.974134999117456
656456,232283,1156149,1388432,4.97732937838757
657761,233008,1159846,1392854,4.977708919865412
657769,233010,1159852,1392862,4.977691944551736
657792,233010,1159886,1392896,4.977837861036007
657854,233046,1159994,1393040,4.97753233267252
658003,233100,1160251,1393351,4.977481767481767
658025,233102,1160258,1393360,4.977469090784292
658058,233120,1160309,1393429,4.977303534660261
658067,233120,1160329,1393449,4.977389327385038
658247,233219,1160584,1393803,4.9763698497978295
658275,233232,1160638,1393870,4.976324003567264
658285,233232,1160664,1393896,4.976435480551554
658346,233255,1160776,1394031,4.976424942659321
658389,233298,1160878,1394176,4.9759449288035045
658748,233298,1161937,1395235,4.980484187605552
658757,233300,1161953,1395253,4.980510072867553
659596,233706,1163393,1397099,4.978019391885532
659760,233712,1163747,1397459,4.979406277812008
659855,233748,1163828,1397576,4.978985916457039
659926,233800,1163978,1397778,4.9785201026518395
659961,233827,1164022,1397849,4.978133406321768
660080,233949,1164319,1398268,4.976806910907933
660202,233960,1164467,1398427,4.977205505214567
660253,233980,1164568,1398548,4.9772117274980765
660263,233987,1164584,1398571,4.977131208144042
660298,233994,1164664,1398658,4.977324204894143
660330,234013,1164714,1398727,4.977133748979758
660334,234017,1164722,1398739,4.977082861501515
660393,234017,1164823,1398840,4.977514454078123
660481,234025,1164947,1398972,4.977874158743724
660553,234043,1164999,1399042,4.977713497092415
661117,234365,1166131,1400496,4.975704563394705
661151,234373,1166168,1400541,4.97569259257679
661197,234411,1166247,1400658,4.975223005746317
661393,234468,1166518,1400986,4.975169319480696
662083,234756,1167212,1401968,4.972022014346811
662210,234858,1167408,1402266,4.970697187236543
662333,234930,1167635,1402565,4.970140041714553
662338,234934,1167651,1402585,4.970123524053564
662356,234934,1167661,1402595,4.97016608919952
662391,234952,1167707,1402659,4.969981102523069
662410,234957,1167745,1402702,4.97003707061292
662416,234962,1167750,1402712,4.969952588078073
662437,234962,1167794,1402756,4.970139852401665
663777,235458,1169052,1404510,4.965012868537064
663816,235471,1169130,1404601,4.965070008621019
663834,235480,1169150,1404630,4.964965177509767
663841,235485,1169154,1404639,4.964876743741639
663860,235501,1169178,1404679,4.964641339102594
663927,235513,1169226,1404739,4.964592188117004
664071,235513,1169401,1404914,4.965335246886584
664145,235525,1169459,1404984,4.965328521388388
664161,235525,1169485,1405010,4.965438913066554
664233,235528,1169669,1405197,4.966156890051289
664244,235537,1169684,1405221,4.966030814691535
664270,235543,1169718,1405261,4.96604866202774
664301,235552,1169759,1405311,4.96603297785627
664323,235566,1169787,1405353,4.965856702580169
664340,235572,1169796,1405368,4.965768427487138
664443,235674,1170036,1405710,4.964637592606737
664497,235712,1170174,1405886,4.964422685310888
664575,235788,1170348,1406136,4.963560486538755
664829,235991,1170996,1406987,4.962036687839791
664885,236026,1171068,1407094,4.961605924771
665034,236102,1171291,1407393,4.960953316786813
665071,236113,1171354,1407467,4.960989017970209
665141,236113,1171482,1407595,4.961531131280362
665144,236113,1171495,1407608,4.961586189663424
665209,236156,1171663,1407819,4.9613941631802705
665221,236156,1171697,1407853,4.961538135808533
665268,236172,1171762,1407934,4.9614772284606135
665551,236172,1172210,1408382,4.96337415104246
665579,236189,1172239,1408428,4.963139688977895
665590,236194,1172267,1408461,4.963153170698663
665749,236259,1172396,1408655,4.96233371003856
665830,236299,1172520,1408819,4.962018459663392
666097,236447,1173003,1409450,4.960955309223632
666108,236447,1173030,1409477,4.961069499718753
666134,236460,1173049,1409509,4.960877103949928
666206,236484,1173180,1409664,4.960927589181509
666425,236600,1173763,1410363,4.960959425190194
666472,236629,1173815,1410444,4.9605711894991735
666512,236649,1173868,1410517,4.960375915385233
666514,236651,1173869,1410520,4.960338219572281
666522,236656,1173877,1410533,4.960267223311473
666537,236663,1173918,1410581,4.960293751029946
666559,236663,1173970,1410633,4.960513472743944
666677,236722,1174213,1410935,4.960303647316262
666921,236846,1174955,1411801,4.960839532861015
666956,236869,1175036,1411905,4.960699796089822
666970,236875,1175068,1411943,4.960709234828496
666997,236891,1175132,1412023,4.960644346978146
667041,236894,1175205,1412099,4.960889680616647
667573,236977,1176950,1413927,4.966515737814218
667578,236981,1176955,1413936,4.966453006781134
667608,236992,1176982,1413974,4.96633641641912
667624,237005,1177021,1414026,4.966228560578891
667699,237021,1177170,1414191,4.9665219537509335
667739,237044,1177240,1414284,4.966335363898685
667784,237049,1177327,1414376,4.966597623276201
667793,237053,1177333,1414386,4.966539128380573
667826,237086,1177413,1414499,4.9661852661059696
667844,237094,1177427,1414521,4.966076745931993
667910,237094,1177583,1414677,4.966734712814326
668441,237388,1178400,1415788,4.964025140276678
669266,237460,1182292,1419752,4.978910132232797
669276,237464,1182309,1419773,4.9788978539904996
669283,237465,1182339,1419804,4.979003221527383
669340,237514,1182488,1420002,4.978603366538393
669343,237516,1182491,1420007,4.978574075009684
669377,237525,1182625,1420150,4.9789495842542895
669408,237533,1182681,1420214,4.979017652284104
669408,237533,1182681,1420214,4.979017652284104
669417,237535,1182697,1420232,4.979043088386975
669434,237536,1182719,1420255,4.979114744712381
669470,237576,1182804,1420380,4.9786342054753
669577,237639,1182960,1420599,4.977970787623244
669754,237645,1183335,1420980,4.979423089061415
670089,237645,1183986,1421631,4.982162469229313
670379,237704,1184232,1421936,4.98196075791741
670395,237710,1184246,1421956,4.981893904337218
670892,238070,1185426,1423496,4.9793170076028055
670933,238082,1185465,1423547,4.979229845179392
670974,238082,1185550,1423632,4.979586865029695
671084,238104,1185699,1423803,4.97975254510634
671132,238113,1185803,1423916,4.980001091918543
671208,238164,1185876,1424040,4.979241195142842
671231,238171,1185921,1424092,4.979283791897418
671301,238171,1186049,1424220,4.979821220887514
671659,238274,1186598,1424872,4.979972636544482
671682,238291,1186638,1424929,4.97978522059163
671705,238291,1186682,1424973,4.979969868773894
672152,238412,1187600,1426012,4.9812928879418825
672177,238423,1187630,1426053,4.981188895366638
672198,238430,1187647,1426077,4.981113953780984
672229,238445,1187665,1426110,4.980876093019354
672287,238463,1187760,1426223,4.980898504170458
673414,238928,1190613,1429541,4.983145550123886
673577,238961,1190734,1429695,4.9829637472223505
673808,239016,1190970,1429986,4.982804498443619
673887,239058,1191110,1430168,4.982514703544746
673918,239081,1191164,1430245,4.982261242005848
674133,239090,1192435,1431525,4.987389685892341
674156,239109,1192460,1431569,4.987097934414848
674236,239174,1192645,1431819,4.98651609288635
674313,239187,1192780,1431967,4.9868094837930155
674339,239196,1192861,1432057,4.9869604842890345
674378,239214,1192915,1432129,4.986810972601938
674474,239232,1193034,1432266,4.986933186195826
675049,239583,1194205,1433788,4.984514761064015
675158,239583,1194318,1433901,4.984986413894141
675324,239719,1194650,1434369,4.983543231867311
675404,239790,1194800,1434590,4.982693189874474
675421,239796,1194818,1434614,4.982643580376654
675643,239999,1195316,1435315,4.980504085433689
675673,240007,1195332,1435339,4.980404738195136
675694,240009,1195343,1435352,4.980409067993284
675726,240013,1195360,1435373,4.9803968951681785
675862,240086,1195476,1435562,4.979365727281057
675987,240088,1195955,1436043,4.981319349571824
676014,240111,1195996,1436107,4.981012948178134
676021,240114,1196004,1436118,4.980984032584522
676073,240126,1196144,1436270,4.981318141309146
676093,240140,1196194,1436334,4.981235945698343
676186,240140,1196337,1436477,4.981831431664862
676209,240153,1196389,1436542,4.981778283011247
676248,240153,1196505,1436658,4.982261308415885
676268,240153,1196526,1436679,4.982348752670172
676306,240175,1196601,1436776,4.982204642448215
676975,240238,1197478,1437716,4.984548655916217
677003,240259,1197510,1437769,4.984246167677382
677015,240265,1197525,1437790,4.9841841300231
677036,240279,1197544,1437823,4.983972798288656
677075,240291,1197606,1437897,4.983981921919672
677156,240336,1197755,1438091,4.983668697157313
677250,240405,1197917,1438322,4.982912169048065
677293,240423,1197951,1438374,4.982680525573676
677339,240437,1197997,1438434,4.982581715792494
677346,240439,1198005,1438444,4.982573542561731
677501,240498,1198260,1438758,4.982411496145498
677565,240511,1198389,1438900,4.9826785469271675
677584,240521,1198412,1438933,4.982567010780763
677603,240532,1198436,1438968,4.98243892704505
677722,240593,1198535,1439128,4.981587161721247
677763,240615,1198639,1439254,4.981563909149471
677796,240625,1198672,1439297,4.981494025974026
677826,240625,1198672,1439297,4.981494025974026
677841,240630,1198687,1439317,4.981452852927731
677863,240639,1198717,1439356,4.981391212563217
677945,240669,1198960,1439629,4.981779955041987
677967,240673,1198981,1439654,4.9817844128755615
678012,240705,1199077,1439782,4.981520948879334
678031,240719,1199092,1439811,4.981293541432127
678057,240719,1199147,1439866,4.981522023604286
678058,240719,1199149,1439868,4.981530332046909
678085,240721,1199164,1439885,4.9815512564337965
678278,240721,1199164,1439885,4.9815512564337965
678288,240726,1199179,1439905,4.9815100986183465
678530,240895,1199822,1440717,4.98068453060462
678674,240978,1200058,1441036,4.979948377030269
678740,240991,1200197,1441188,4.98025652410256
678741,240991,1200199,1441190,4.98026482316767
679891,241151,1201925,1443076,4.984117834883538
680095,241151,1202280,1443431,4.985589941571878
680133,241167,1202347,1443514,4.98553699303802
680300,241191,1202785,1443976,4.986856889353251
680387,241232,1202930,1444162,4.986610399946939
680554,241254,1203287,1444541,4.987635438168901
680613,241319,1203471,1444790,4.987054479755013
681256,241517,1203974,1445491,4.985048671522088
681258,241518,1203978,1445496,4.985044592949594
681287,241535,1204005,1445540,4.9848055147287145
681421,241573,1204183,1445756,4.984758230431381
681478,241594,1204240,1445834,4.984560874856164
681559,241633,1204374,1446007,4.984310917796824
681668,241708,1204609,1446317,4.98373657470998
681696,241717,1204622,1446339,4.983604794036001
681824,241748,1204715,1446463,4.98335043102735
681839,241757,1204729,1446486,4.983222822917226
681851,241759,1204740,1446499,4.983227098060465
681871,241775,1204779,1446554,4.983058628890498
681882,241778,1204791,1446569,4.983046431023501
682201,241882,1205083,1446965,4.982111112029833
682356,241896,1205390,1447286,4.9830919072659325
682367,241901,1205400,1447301,4.983030247911335
682376,241909,1205422,1447331,4.982956400960692
683132,241909,1207268,1449177,4.990587369630729
683395,241923,1207846,1449769,4.992687756021544
683418,241936,1207872,1449808,4.992526949275842
683448,241945,1207915,1449860,4.99251896092087
683458,241955,1207928,1449883,4.992366349114505
683472,241955,1207954,1449909,4.9924738071128925
683677,242019,1208416,1450435,4.9930625281486165
684145,242045,1209387,1451432,4.996537833873867
684190,242056,1209476,1451532,4.996678454572495
684290,242073,1209803,1451876,4.99767838627191
684304,242080,1209818,1451898,4.9975958360872434
684310,242083,1209830,1451913,4.997583473436796
684862,242301,1211208,1453509,4.998774251860289
684913,242319,1211299,1453618,4.99877846970316
685308,242448,1211851,1454299,4.998395532237841
685349,242477,1211916,1454393,4.9980657959311605
685362,242480,1211921,1454401,4.99802457934675
685674,242666,1212314,1454980,4.995813175310921
685689,242666,1212319,1454985,4.995833779763132
685743,242673,1212426,1455099,4.9961305954927
685788,242713,1212506,1455219,4.995636822090288
685977,242737,1212713,1455450,4.995995666091284
686005,242759,1212744,1455503,4.995670603355592
686266,242832,1212875,1455707,4.994708275680305
686559,242915,1213178,1456093,4.994249017145915
686593,242915,1213280,1456195,4.994668917110924
686600,242915,1213280,1456195,4.994668917110924
686696,242981,1213460,1456441,4.994053032953194
687228,242995,1214778,1457773,4.999189283730118
688532,243464,1216451,1459915,4.996430683797194
688589,243540,1216604,1460144,4.995499712572883
688607,243546,1216657,1460203,4.995594261453689
688822,243546,1217154,1460700,4.997634943706733
688854,243555,1217258,1460813,4.997877276179918
689060,243618,1217671,1461289,4.99828009424591
689091,243678,1217719,1461397,4.997246366106091
689130,243695,1217867,1461562,4.997505078068897
689201,243732,1217971,1461703,4.997173124579456
689303,243815,1218171,1461986,4.996292270779074
689692,243880,1218889,1462769,4.997904707233065
689759,243884,1218983,1462867,4.998208164537239
689815,243896,1219075,1462971,4.998339456161642
689850,243904,1219119,1463023,4.998355910522172
690006,243976,1219264,1463240,4.997475161491294
690072,243976,1219420,1463396,4.998114568646097
690122,243994,1219487,1463481,4.99802044312565
690247,244042,1219699,1463741,4.99790609813065
691039,244051,1221636,1465687,5.005658653314266
691074,244061,1221686,1465747,5.0056584214602085
691132,244075,1221792,1465867,5.005805592543275
691176,244103,1221879,1465982,5.005587805147827
691187,244109,1221893,1466002,5.0055221233137654
691217,244115,1221939,1466054,5.0055875304671975
691228,244120,1221953,1466073,5.005542356218253
691638,244120,1222808,1466928,5.0090447320989675
691791,244221,1223147,1467368,5.008361279333063
706655,244304,1334919,1579223,5.464171687733316
706920,244304,1335708,1580012,5.467401270548169
707054,244392,1335897,1580289,5.466205931454385
707134,244392,1336053,1580445,5.466844250220957
707426,244392,1336554,1580946,5.468894235490524
707556,244392,1336940,1581332,5.4704736652590915
707597,244419,1336989,1581408,5.470069839087796
707740,244419,1337128,1581547,5.47063853464747
707758,244426,1337154,1581580,5.470588235294118
707802,244455,1337232,1581687,5.470258329753943
707819,244460,1337242,1581702,5.470187351713982
707888,244492,1337393,1581885,5.470089000867104
707969,244506,1337458,1581964,5.470041634970103
707987,244518,1337480,1581998,5.469863159358411
708039,244557,1337553,1582110,5.469289368122769
708146,244610,1337678,1582288,5.468615346878705
708276,244630,1337885,1582515,5.469014429955443
708305,244630,1337925,1582555,5.469177942198422
708469,244638,1338010,1582648,5.469346544690523
708472,244638,1338019,1582657,5.4693833337421
708487,244641,1338037,1582678,5.469389840623608
708567,244689,1338113,1582802,5.468627523100753
708580,244689,1338113,1582802,5.468627523100753
708874,244698,1338504,1583202,5.470024274820391
708919,244707,1338589,1583296,5.470170448740739
709138,244820,1339065,1583885,5.46958990278572
709192,244858,1339159,1584017,5.4691249622230025
709195,244858,1339161,1584019,5.469133130222414
709784,244891,1339717,1584608,5.470666541440886
710359,245095,1340462,1585557,5.469152777494441
710382,245114,1340494,1585608,5.468859387876662
710550,245181,1340820,1586001,5.468694556266595
710720,245181,1341165,1586346,5.470101679983359
710752,245192,1341230,1586422,5.47012137426996
711209,245455,1342255,1587710,5.468436169562649
711342,245505,1342425,1587930,5.468014908046679
711351,245505,1342436,1587941,5.468059713651453
711453,245546,1342604,1588150,5.467830874866624
711618,245555,1343545,1589100,5.471462605119016
711623,245556,1343549,1589105,5.471456612748212
711653,245559,1343587,1589146,5.471544516796371
711736,245637,1343803,1589440,5.470686419391216
711765,245640,1343826,1589466,5.470713238886175
711809,245643,1343942,1589585,5.471118655935647
711858,245653,1344014,1589667,5.4711890349395285
711905,245674,1344085,1589759,5.471010363327011
711976,245684,1344133,1589817,5.470983051399359
711977,245684,1344135,1589819,5.470991191937611
711979,245684,1344137,1589821,5.470999332475864
711987,245690,1344147,1589837,5.470906426797997
712384,245741,1344828,1590569,5.472542229420406
712413,245760,1344880,1590640,5.472330729166667
712435,245760,1344895,1590655,5.472391764322917
712546,245760,1345110,1590870,5.4732666015625
712651,245846,1345351,1591197,5.472332273048982
712657,245848,1345359,1591207,5.472320295467118
712666,245853,1345375,1591228,5.472274082480181
713290,245908,1346198,1592106,5.474396928932771
713328,245934,1346297,1592231,5.474220725885806
713579,246015,1346646,1592661,5.473836961160905
713635,246022,1346679,1592701,5.473815349846761
713648,246028,1346706,1592734,5.473791600955988
713649,246028,1346711,1592739,5.473811923846067
713744,246029,1347052,1593081,5.475175690670612
713832,246063,1347137,1593200,5.474764592807533
713864,246081,1347184,1593265,5.4745551261576475
714251,246370,1347828,1594198,5.470747250071032
714258,246373,1347836,1594209,5.470713105738048
714295,246377,1347880,1594257,5.470802875268389
714320,246381,1347945,1594326,5.470977875729054
714390,246422,1348162,1594584,5.4709482107928675
714608,246451,1348733,1595184,5.472621332435251
714643,246451,1348785,1595236,5.472832327724375
714684,246488,1348866,1595354,5.472339424231605
714705,246495,1348928,1595423,5.472435546359967
714727,246495,1348968,1595463,5.472597821456825
714748,246503,1349001,1595504,5.472554086562841
714827,246532,1349139,1595671,5.472470105300732
714830,246532,1349148,1595680,5.4725066117177485
714864,246546,1349204,1595750,5.472422996114315
715106,246546,1349377,1595923,5.473124690727086
717280,246720,1352916,1599636,5.483608949416342
717321,246730,1352962,1599692,5.483573136627082
717331,246730,1352991,1599721,5.483690674016131
717473,246833,1353230,1600063,5.482370671668699
717560,246857,1353358,1600215,5.482356181919087
717590,246857,1353413,1600270,5.482578982973949
717639,246869,1353488,1600357,5.482616286370504
717684,246885,1353753,1600638,5.483334345950544
717750,246894,1353777,1600671,5.4832316702714525
717768,246894,1353809,1600703,5.4833612805495475
717846,246894,1353919,1600813,5.4838068158805
717879,246933,1353994,1600927,5.483244442824572
717890,246933,1354006,1600939,5.483293039002483
717924,246934,1354088,1601022,5.48360290603967
718006,246940,1354159,1601099,5.483757187980886
718480,247202,1354813,1602015,5.480590771919321
718491,247214,1354849,1602063,5.480470361710906
718501,247217,1354867,1602084,5.480476666248681
718880,247322,1355135,1602457,5.4792335497853
718899,247324,1355157,1602481,5.479278193786288
718920,247324,1355203,1602527,5.479464184632304
719183,247324,1355694,1603018,5.4814494347495595
719280,247371,1355815,1603186,5.4808971140513645
719363,247426,1356069,1603495,5.480705342203326
719370,247430,1356074,1603504,5.480636947823627
719761,247442,1357159,1604601,5.484756023633821
719787,247451,1357220,1604671,5.484803051917349
719800,247460,1357247,1604707,5.4847126808373075
720032,247460,1357570,1605030,5.486017942293704
720417,247794,1358486,1606280,5.482319991605931
720463,247802,1358528,1606330,5.482312491424605
720464,247802,1358530,1606332,5.482320562384484
720503,247816,1358574,1606390,5.4821883978435615
720525,247827,1358730,1606557,5.4825745378832815
720562,247850,1358800,1606650,5.482348194472463
720576,247853,1358811,1606664,5.482326217556374
720581,247853,1358811,1606664,5.482326217556374
720629,247853,1358954,1606807,5.482903172444957
720636,247857,1358966,1606823,5.482863102514757
720663,247863,1359003,1606866,5.4828796552934485
720683,247863,1359024,1606887,5.482964379516104
720857,247955,1359202,1607157,5.481647879655583
720887,247955,1359257,1607212,5.481869694097719
720918,247970,1359311,1607281,5.481755857563415
720981,247991,1359399,1607390,5.481646511365332
721399,248183,1360470,1608653,5.481721149313208
721433,248196,1360501,1608697,5.481558929233348
721457,248202,1360524,1608726,5.481519085261199
721588,248202,1360524,1608726,5.481519085261199
721705,248250,1360721,1608971,5.4812527693857
721745,248275,1360816,1609091,5.481083475984292
721771,248302,1360867,1609169,5.480692865945501
721818,248318,1360947,1609265,5.480661893217568
722062,248427,1361250,1609677,5.479476868456327
722085,248446,1361305,1609751,5.479279199504117
722086,248446,1361307,1609753,5.479287249543161
722097,248456,1361317,1609773,5.479106964613453
722341,248677,1361977,1610654,5.4768917109342645
722367,248690,1362024,1610714,5.476794402669991
722481,248721,1362152,1610873,5.476626420768652
722663,248850,1362567,1611417,5.475455093429777
722674,248854,1362580,1611434,5.47541932217284
722703,248858,1362590,1611448,5.475371496998288
722956,248861,1363029,1611890,5.47706952877309
723060,248884,1363109,1611993,5.476884813808843
723093,248896,1363165,1612061,5.4768457508356905
723113,248912,1363199,1612111,5.476630295044032
723141,248929,1363228,1612157,5.476372780993778
723147,248929,1363241,1612170,5.476425004720221
723238,248929,1363289,1612218,5.476617830787092
724235,249182,1365658,1614840,5.48056440673885
724291,249238,1365916,1615154,5.480368162158259
724354,249286,1366050,1615336,5.479850452893464
724395,249286,1366099,1615385,5.480047014272763
724542,249286,1366355,1615641,5.481073947193184
724597,249319,1366426,1615745,5.480633244959269
724606,249329,1366441,1615770,5.480473591118562
724849,249329,1366855,1616184,5.482134047784253
724880,249342,1366916,1616258,5.4820928684297066
724934,249367,1366994,1616361,5.481856059542762
724952,249377,1367011,1616388,5.481704407383199
724970,249381,1367041,1616422,5.481736780267943
725059,249452,1367223,1616675,5.48090614627263
725191,249524,1367524,1617048,5.480530930892419
725369,249554,1367666,1617220,5.480441106934772
725390,249561,1367690,1617251,5.480383553519981
725564,249633,1367874,1617507,5.479539964668133
725981,249633,1368837,1618470,5.48339762771749
726019,249648,1368861,1618509,5.483164295327821
726056,249691,1368956,1618647,5.482600494210844
726115,249721,1369028,1618749,5.482230168868457
726134,249721,1369043,1618764,5.482290235903268
726155,249746,1369061,1618807,5.481813522538899
726240,249746,1369202,1618948,5.482378096145684
726256,249752,1369223,1618975,5.482330471828053
726272,249752,1369249,1619001,5.482434575098497
726339,249770,1369402,1619172,5.482652039876687
726343,249770,1369407,1619177,5.48267205829363
726488,249780,1369601,1619381,5.483229241732725
726515,249784,1369626,1619410,5.483241520673862
726546,249784,1369706,1619490,5.483561797392947
727187,249784,1370677,1620461,5.487449156070845
727196,249789,1370687,1620476,5.487379348169855
727196,249789,1370687,1620476,5.487379348169855
727337,249876,1371071,1620947,5.487005554755158
727428,249933,1371193,1621126,5.486242312939868
727550,249967,1371315,1621282,5.485984149907788
727589,249980,1371364,1621344,5.4858948715897276
727697,250051,1371598,1621649,5.485273004307121
727720,250051,1371673,1621724,5.485572943119603
727787,250072,1371763,1621835,5.485472184011005
727937,250154,1372179,1622333,5.485337032388049
728068,250217,1372405,1622622,5.484859142264514
728381,250319,1373054,1623373,5.485216863282451
728390,250324,1373064,1623388,5.485147249165082
728672,250333,1374803,1625136,5.4918967934710965
728705,250342,1374829,1625171,5.491803213204337
728748,250348,1374857,1625205,5.491783437455062
728958,250349,1375417,1625766,5.493998378263943
729066,250481,1375715,1626196,5.492292828597778
729156,250542,1375829,1626371,5.4914106217719985
729166,250542,1375851,1626393,5.491498431400723
730120,250887,1377424,1628311,5.490216711108985
730121,250887,1377426,1628313,5.490224682825335
730157,250896,1377492,1628388,5.490290797780753
730314,250981,1377733,1628714,5.489391627254653
730386,251014,1377902,1628916,5.489343223883926
730421,251028,1377966,1628994,5.489292031167838
730478,251028,1378056,1629084,5.489650556909986
730583,251059,1378265,1629324,5.489805185235343
730671,251090,1378442,1629532,5.48983233103668
730853,251117,1378655,1629772,5.490090276643955
730886,251125,1378705,1629830,5.490114484818317
730906,251131,1378723,1629854,5.490054991219722
730924,251139,1378732,1629871,5.489915942963857
731119,251139,1378984,1630123,5.490919371344156
731147,251146,1379012,1630158,5.4908778160910385
731180,251155,1379066,1630221,5.490896060201868
732452,252269,1382597,1634866,5.480645659989931
732585,252269,1382817,1635086,5.481517744946863
732944,252277,1383868,1636145,5.485509975146367
735555,253411,1388758,1642169,5.480259341543974
735566,253417,1388779,1642196,5.480212456149351
735604,253425,1388823,1642248,5.480213080793134
735783,253473,1388983,1642456,5.479806527716956
735852,253477,1389063,1642540,5.4800356639852925
735880,253513,1389171,1642684,5.479683487631798
735931,253513,1389295,1642808,5.48017261442214
736231,253513,1389838,1643351,5.4823145164153315
736271,253529,1389903,1643432,5.482224913126309
736310,253552,1389993,1643545,5.4820825708335965
736357,253590,1390077,1643667,5.481592334082574
736384,253606,1390114,1643720,5.481392396078957
736399,253606,1390140,1643746,5.4814949173126815
736409,253606,1390169,1643775,5.481609267919529
736422,253607,1390191,1643798,5.481674401731813
736494,253659,1390322,1643981,5.481067101896641
736498,253660,1390328,1643988,5.481069147677994
736518,253671,1390375,1644046,5.481016750042378
736576,253694,1390479,1644173,5.480929781547849
736665,253718,1390635,1644353,5.481026178670808
736691,253738,1390681,1644419,5.4807754455383115
737832,253758,1392643,1646401,5.488075252799912
737891,253806,1392718,1646524,5.4873328447712035
737900,253809,1392742,1646551,5.4873625442754195
739111,253809,1395530,1649339,5.498347182330019
739120,253812,1395544,1649356,5.498337352055852
739191,253839,1395710,1649549,5.49840647024295
739258,253839,1395783,1649622,5.498694054105161
739267,253841,1395806,1649647,5.498741338081713
739311,253881,1395877,1649758,5.498154647255998
740092,253916,1397155,1651071,5.502429937459632
740097,253921,1397163,1651084,5.502353094072566
740132,253933,1397212,1651145,5.502286036080384
740243,254020,1397485,1651505,5.501476261711677
740408,254020,1397846,1651866,5.502897409652784
740427,254032,1397864,1651896,5.502708320211627
740446,254040,1397896,1651936,5.50266099826799
740449,254040,1397905,1651945,5.502696425759723
740580,254105,1398143,1652248,5.502225457979969
740653,254125,1398204,1652329,5.502032464338416
740713,254157,1398296,1652453,5.501701704064811
740847,254180,1398356,1652536,5.501439924462979
740864,254188,1398383,1652571,5.5013729995121725
740876,254195,1398399,1652594,5.501284446979681
740897,254197,1398399,1652596,5.501241163349685
740920,254219,1398448,1652667,5.500957835566972
740953,254256,1398502,1652758,5.500369706122963
741069,254256,1398696,1652952,5.501132716632056
741086,254262,1398714,1652976,5.5010736956367845
741208,254312,1399012,1653324,5.501163924628016
741212,254313,1399028,1653341,5.501205207755797
741319,254344,1399099,1653443,5.500813858396502
741336,254351,1399111,1653462,5.500709649264206
741439,254372,1399371,1653743,5.501277656345824
741445,254378,1399375,1653753,5.501163622640322
741572,254413,1399744,1654157,5.501857216415828
741698,254493,1400062,1654555,5.501377248097197
741704,254493,1400073,1654566,5.501420471289976
741760,254511,1400144,1654655,5.5013103559374645
741767,254514,1400149,1654663,5.501265156337176
741833,254532,1400250,1654782,5.501272924426005
741856,254548,1400276,1654824,5.501029275421532
742059,254595,1400453,1655048,5.500708969147077
742136,254595,1400472,1655067,5.500783597478348
742255,254665,1400796,1655461,5.500543851726778
742383,254701,1400973,1655674,5.500461325240184
742440,254744,1401059,1655803,5.499870458185472
742452,254747,1401089,1655836,5.499923453465596
742733,254798,1401399,1656197,5.500039246775877
742766,254804,1401414,1656218,5.499968603318629
742794,254804,1401454,1656258,5.500125586725483
742818,254804,1401456,1656260,5.500133435895826
742836,254820,1401490,1656310,5.499921513225021
742910,254839,1401524,1656363,5.499644873822295
742995,254839,1401754,1656593,5.500547404439666
743059,254882,1401844,1656726,5.499972536310921
743065,254882,1401862,1656744,5.500043157225696
743313,255025,1402367,1657392,5.498939319674542
743378,255050,1402495,1657545,5.498902176043913
743556,255174,1402940,1658114,5.497973931513399
743567,255174,1402950,1658124,5.498013120458981
743640,255183,1403311,1658494,5.499233883134848
743642,255183,1403316,1658499,5.499253476916566
743660,255183,1403326,1658509,5.49929266448
743714,255201,1403405,1658606,5.499214344771376
743724,255205,1403414,1658619,5.499163417644638
743912,255205,1403693,1658898,5.500256656413471
743925,255205,1403697,1658902,5.500272330087577
744059,255319,1404016,1659335,5.499065874455093
744080,255319,1404064,1659383,5.499253874564761
744146,255361,1404207,1659568,5.498909387102964
744183,255384,1404250,1659634,5.498582526704884
744590,255642,1405082,1660724,5.496287777438762
744635,255657,1405138,1660795,5.496184340737785
744733,255678,1405381,1661059,5.496683328248813
744772,255710,1405461,1661171,5.496308318016503
744832,255740,1405864,1661604,5.49723938374912
744900,255764,1405914,1661678,5.496919034735146
744905,255766,1405917,1661683,5.496887780236623
744942,255778,1405946,1661724,5.496743269554067
747909,257079,1409680,1666759,5.483450612457649
747993,257104,1409807,1666911,5.483411382164416
748118,257152,1409967,1667119,5.483010048531607
749126,257161,1411205,1668366,5.48763226150155
749546,257351,1412013,1669364,5.486720471262983
749547,257351,1412015,1669366,5.486728242750174
749591,257369,1412115,1669484,5.486733056428707
749623,257393,1412154,1669547,5.486372978286123
749734,257422,1412238,1669660,5.486081220719286
749841,257422,1412416,1669838,5.48677269231068
749916,257439,1412531,1669970,5.486857080706497
749956,257446,1412586,1670032,5.48692152917505
749966,257446,1412602,1670048,5.486983678130559
750264,257531,1413367,1670898,5.4881431749964085
750296,257560,1413439,1670999,5.487804783351452
750355,257571,1413510,1671081,5.487846069627404
750405,257602,1413560,1671162,5.487379756368351
750432,257612,1413600,1671212,5.487322019160598
750543,257648,1413716,1671364,5.487005526920449
750553,257652,1413726,1671378,5.486959154208002
750564,257661,1413734,1671395,5.486798545375513
750621,257685,1413790,1671475,5.486504841182064
750653,257685,1413872,1671557,5.486823059161379
750773,257710,1414017,1671727,5.48685343991308
750796,257718,1414039,1671757,5.48676848338106
750835,257735,1414206,1671941,5.487054532756513
750880,257755,1414347,1672102,5.487175806482901
751465,257776,1414823,1672599,5.488575352243808
751595,257815,1415188,1673003,5.489160832379807
751600,257822,1415199,1673021,5.48905446393248
751742,257822,1415386,1673208,5.489779770539364
751900,257822,1415888,1673710,5.491726850307576
751949,257831,1415965,1673796,5.491833798108063
751952,257831,1415974,1673805,5.49186870469416
751968,257847,1415999,1673846,5.491624878319313
751979,257849,1416006,1673855,5.491609430325501
753516,257857,1419208,1677065,5.503856788840326
753687,257861,1419548,1677409,5.505089951563051
753707,257877,1419577,1677454,5.504860844511143
754186,258184,1420514,1678698,5.501944349766059
754271,258233,1420636,1678869,5.50137279123892
754282,258233,1420648,1678881,5.50141926090004
754343,258285,1420782,1679067,5.500830477960393
754402,258322,1420869,1679191,5.500379371482103
754425,258322,1420886,1679208,5.500445180820836
754462,258331,1420961,1679292,5.500543875880169
754558,258331,1421060,1679391,5.500927105148047
754748,258416,1421261,1679677,5.49989551730543
755023,258431,1421580,1680011,5.5008106612596785
755028,258435,1421590,1680025,5.500764215373304
755045,258444,1421609,1680053,5.500646174799956
755077,258461,1421651,1680112,5.500446875930992
755082,258461,1421657,1680118,5.500470090265069
756017,258461,1423077,1681538,5.505964149330073
756037,258461,1423104,1681565,5.506068613833421
756120,258512,1423209,1681721,5.505388531286749
756156,258522,1423287,1681809,5.505477290133915
756201,258550,1423327,1681877,5.5050357764455615
756222,258564,1423380,1681944,5.50494268343621
757061,258564,1425226,1683790,5.512082115066289
757066,258564,1425230,1683794,5.512097585123993
757125,258581,1425382,1683963,5.512323024506828
757146,258581,1425414,1683995,5.512446776832018
757158,258588,1425433,1684021,5.512371030364905
757176,258595,1425460,1684055,5.512326224404958
757271,258649,1425583,1684232,5.511650924612119
757287,258658,1425600,1684258,5.511524870678657
757511,258857,1426232,1685089,5.509729310005138
757691,258929,1426601,1685530,5.5096223289009725
758166,259296,1427844,1687140,5.506617919289152
758279,259296,1427844,1687140,5.506617919289152
758340,259335,1427906,1687241,5.506028881562457
758353,259342,1427936,1687278,5.505995943580292
758358,259342,1427938,1687280,5.506003655404832
758369,259345,1427947,1687292,5.50597466694943
758424,259358,1427993,1687351,5.505876047779517
758467,259377,1428033,1687410,5.5056269445633195
758479,259384,1428051,1687435,5.505547759306665
758675,259423,1429029,1688452,5.5084899951045205
758697,259437,1429056,1688493,5.508296811942784
758715,259456,1429125,1688581,5.508159379625062
758741,259466,1429197,1688663,5.5082245843386035
758763,259485,1429246,1688731,5.508010096922751
758797,259492,1429305,1688797,5.508088881352797
758810,259494,1429323,1688817,5.508115794584846
758812,259494,1429329,1688823,5.5081389165067405
758848,259494,1429380,1688874,5.50833545284284
758991,259528,1429489,1689017,5.508033815233809
759002,259543,1429500,1689043,5.5077578667118745
759012,259546,1429508,1689054,5.507725027548103
759095,259613,1429642,1689255,5.50681976634452
759195,259638,1429757,1689395,5.506732450565788
759203,259638,1429765,1689403,5.5067632626965235
760430,259638,1431738,1691376,5.514362304439258
760560,259639,1432123,1691762,5.515823893945054
760577,259648,1432136,1691784,5.515682770520089
760587,259648,1432152,1691800,5.515744392408183
760602,259648,1432173,1691821,5.515825271136308
760606,259648,1432183,1691831,5.515863784816367
760613,259653,1432192,1691845,5.515792230399803
760789,259771,1432458,1692229,5.514310681330865
760879,259847,1432679,1692526,5.513548357302566
760894,259847,1432735,1692582,5.513763868738142
760928,259868,1432776,1692644,5.513476072467561
762486,261192,1436108,1697300,5.498284786670342
762502,261199,1436129,1697328,5.498217833912075
762516,261199,1436155,1697354,5.4983173748750955
762534,261199,1436188,1697387,5.498443715328159
762579,261199,1436230,1697429,5.4986045122684235
762605,261222,1436293,1697515,5.498361546883494
762694,261222,1436389,1697611,5.498729050386261
762713,261237,1436423,1697660,5.498543468191719
762724,261238,1436445,1697683,5.498606634563119
762758,261242,1436494,1697736,5.498710008344753
762763,261245,1436500,1697745,5.498669831001551
762843,261300,1436734,1698034,5.498407960199005
762926,261300,1436916,1698216,5.49910447761194
762928,261300,1436918,1698218,5.499112131649445
763085,261300,1437097,1698397,5.499797168006123
763566,261477,1438692,1700169,5.502174187404628
763640,261534,1438820,1700354,5.501464436746274
763650,261534,1438836,1700370,5.501525614260479
763713,261550,1438928,1700478,5.501540814375836
763767,261560,1438934,1700494,5.5013534179538155
763823,261579,1438982,1700561,5.501137323714824
763829,261582,1438997,1700579,5.501131576331705
764160,261754,1439453,1701207,5.499258846092133
764882,262159,1440486,1702645,5.494703595909352
764925,262167,1440570,1702737,5.494856332032636
764934,262173,1440595,1702768,5.494825935546376
764945,262187,1440614,1702801,5.494604995671029
764951,262194,1440619,1702813,5.494477371717125
764982,262202,1440648,1702850,5.494420332415466
765127,262307,1440870,1703177,5.493067283755295
765435,262321,1441219,1703540,5.494104551294026
765457,262338,1441252,1703590,5.493874314815239
765492,262364,1441316,1703680,5.493573813480508
765572,262364,1441410,1703774,5.493932094342211
765590,262373,1441434,1703807,5.493835112606861
765597,262375,1441437,1703812,5.493804668889948
765610,262378,1441444,1703822,5.4937685324226875
765657,262378,1441644,1704022,5.494530791453552
765703,262421,1441710,1704131,5.493881968287599
765724,262427,1441730,1704157,5.493832570581533
765742,262439,1441756,1704195,5.493680436215654
765803,262439,1441899,1704338,5.49422532474213
765853,262451,1441974,1704425,5.494259880892052
765874,262453,1441997,1704450,5.494305647106339
766332,262453,1443242,1705695,5.499049353598549
766332,262453,1443242,1705695,5.499049353598549
766365,262462,1443367,1705829,5.4993370468867875
766457,262513,1443486,1705999,5.498721968054915
766485,262515,1443511,1706026,5.498775308077634
766500,262522,1443530,1706052,5.4987010612443905
766533,262541,1443580,1706121,5.498493568623568
768848,263281,1445870,1709151,5.491736965447564
768887,263281,1445918,1709199,5.491919280160741
768944,263317,1446016,1709333,5.491540614544446
768981,263327,1446058,1709385,5.491491567518713
769017,263351,1446089,1709440,5.491108824344696
769028,263361,1446125,1709486,5.491037017629793
769033,263366,1446138,1709504,5.490982131330544
769081,263366,1446211,1709577,5.491259312135963
769108,263383,1446279,1709662,5.49116305911923
769189,263410,1446390,1709800,5.491021601305949
769203,263419,1446421,1709840,5.490951677745341
769206,263420,1446422,1709842,5.490934629109407
769221,263428,1446435,1709863,5.490817225200055
769267,263428,1446495,1709923,5.4910449914208055
769405,263453,1446570,1710023,5.490808607227855
769452,263473,1446635,1710108,5.490638509448786
769663,263546,1447094,1710640,5.490859280732775
769666,263547,1447097,1710644,5.490849829442187
769837,263569,1447207,1710776,5.490808858401405
769851,263579,1447229,1710808,5.490684007451277
771200,263579,1448204,1711783,5.494383088182291
771218,263586,1448237,1711823,5.494362371294378
771252,263595,1448301,1711896,5.494417572412224
771321,263595,1448413,1712008,5.494842466662873
771432,263676,1448628,1712304,5.493969872115779
771452,263676,1448643,1712319,5.494026760114687
771604,263740,1448806,1712546,5.493311594752408
771630,263747,1448859,1712606,5.493366749195252
771652,263748,1448890,1712638,5.493463457542806
771817,263865,1449152,1713017,5.492020540806852
771959,263977,1449449,1713426,5.490815487712944
771994,263993,1449494,1713487,5.490653161258064
772079,264034,1449568,1713602,5.4900808229243205
772150,264063,1449719,1713782,5.490049722982773
772159,264063,1449719,1713782,5.490049722982773
772201,264078,1449800,1713878,5.490044608032475
772595,264091,1450560,1714651,5.492652153992374
772642,264107,1450658,1714765,5.492690462577667
772713,264142,1450733,1714875,5.492246594634704
772758,264157,1450779,1714936,5.4921088595040075
772873,264215,1451146,1715361,5.492292261983612
772949,264279,1451268,1715547,5.491423836173135
773785,264285,1452954,1717239,5.4976786423747095
774307,264291,1452967,1717258,5.497603020912555
774322,264294,1452990,1717284,5.497627641944199
774340,264311,1453076,1717387,5.497599418866411
775289,264381,1455349,1719730,5.504741263555248
775337,264420,1455426,1719846,5.504220558202859
775389,264433,1455476,1719909,5.504139044672942
775409,264446,1455517,1719963,5.504023505744084
775582,264466,1455637,1720103,5.504061013514025
775646,264497,1455781,1720278,5.50396034737634
776050,264518,1456728,1721246,5.507103486341194
776170,264606,1456915,1721521,5.505978700407399
776179,264606,1456926,1721532,5.506020271649169
776322,264688,1457179,1721867,5.50527035604183
776351,264688,1457179,1721867,5.50527035604183
776371,264689,1457219,1721908,5.50540067777656
776476,264747,1457512,1722259,5.50530128764443
776501,264747,1457542,1722289,5.505414603376053
776548,264757,1457595,1722352,5.505406844767088
776584,264766,1457663,1722429,5.505476533996057
776675,264798,1457847,1722645,5.505506083882809
776786,264896,1458149,1723045,5.504609356124668
777302,264905,1459369,1724274,5.509027764670353
777686,265032,1459602,1724634,5.507267046998098
777726,265056,1459629,1724685,5.506870246287577
777748,265056,1459670,1724726,5.507024930580707
777959,265152,1460220,1725372,5.507105358435916
778081,265152,1460407,1725559,5.507810614289163
778181,265179,1460463,1725642,5.5074609980428315
778195,265183,1460496,1725679,5.507502366290448
778228,265203,1460551,1725754,5.50729441220499
778265,265221,1460615,1725836,5.50716195173082
778275,265226,1460630,1725856,5.507114687097042
778371,265257,1460748,1726005,5.506915934358
778374,265257,1460753,1726010,5.50693478400193
778390,265257,1460779,1726036,5.507032802150367
778438,265276,1460872,1726148,5.506988947360485
778473,265280,1460903,1726183,5.507022768395657
778529,265319,1461164,1726483,5.507196996822692
778544,265328,1461173,1726501,5.507044111439426
778557,265336,1461180,1726516,5.506904453221575
778668,265368,1461471,1726839,5.507336981097947
778686,265373,1461475,1726848,5.507248288258413
778708,265373,1461499,1726872,5.507338726999356
778724,265379,1461511,1726890,5.507259428967627
778808,265414,1461587,1727001,5.506819534764556
778843,265417,1461672,1727089,5.507077542131816
778846,265417,1461681,1727098,5.507111451037424
778879,265431,1461733,1727164,5.5070168895117755
779176,265464,1461891,1727355,5.5069274929934
779180,265466,1461892,1727358,5.506889771194805
779207,265475,1461921,1727396,5.506812317544025
779263,265490,1461947,1727437,5.50659911861087
779409,265528,1462079,1727607,5.5063081859540235
779433,265539,1462110,1727649,5.506196829844204
779490,265567,1462202,1727769,5.5059627137407885
779601,265606,1462341,1727947,5.505677582584731
779645,265648,1462421,1728069,5.505108263566825
779685,265673,1462499,1728172,5.504883823346746
779714,265692,1462532,1728224,5.504614365505924
779850,265776,1462734,1728510,5.503634639696586
779870,265787,1462758,1728545,5.503497161260709
780067,265896,1463323,1729219,5.503365977675482
780078,265904,1463333,1729237,5.503238010710632
780262,265965,1463678,1729643,5.5032729870471675
780273,265970,1463684,1729654,5.503192089333384
780805,266149,1464170,1730319,5.501316931493261
780836,266159,1464217,1730376,5.501286824792699
780880,266161,1464279,1730440,5.501478428469986
781166,266161,1464789,1730950,5.503394561938075
781215,266182,1464874,1731056,5.503279710874515
781420,266182,1465543,1731725,5.505793028829898
781544,266221,1465659,1731880,5.5054221868297395
781560,266226,1465672,1731898,5.505367619992037
781588,266249,1465730,1731979,5.5051098783469605
781613,266265,1465787,1732052,5.5049931459260515
781626,266271,1465796,1732067,5.504902899677396
781732,266323,1466093,1732416,5.504943245607777
781781,266340,1466124,1732464,5.504708267627844
781799,266349,1466172,1732521,5.504702476825519
781821,266350,1466222,1732572,5.504869532569927
781839,266350,1466242,1732592,5.504944621738314
781846,266353,1466248,1732601,5.504905144676425
781881,266368,1466294,1732662,5.5047678399807785
782147,266482,1466639,1733121,5.503707567490487
782176,266482,1466669,1733151,5.5038201454507245
782282,266532,1466836,1733368,5.503414224183213
783102,266734,1467363,1734097,5.501222191396672
783123,266752,1467389,1734141,5.500948446497121
783164,266765,1467460,1734225,5.5009465259685495
783208,266780,1467553,1734333,5.500985831021816
783896,266958,1468202,1735160,5.499749024191071
784090,266991,1468576,1735567,5.5004700532976765
784292,267000,1469763,1736763,5.504730337078652
784503,267119,1470086,1737205,5.503487209820342
784710,267154,1470161,1737315,5.50304693173226
786554,267837,1472821,1740658,5.498945254016435
786602,267851,1472924,1740775,5.499042378038537
786732,267919,1473095,1741014,5.498284929400304
787927,268084,1474646,1742730,5.5006863520389135
787936,268089,1474652,1742741,5.50060614199016
787937,268089,1474654,1742743,5.5006136021992695
788074,268148,1474793,1742941,5.499921685039605
788114,268178,1474871,1743049,5.499597282401987
788124,268182,1474886,1743068,5.499571186731399
790080,268790,1477939,1746729,5.498489527140147
790475,268948,1478578,1747526,5.4976352306021985
790502,268956,1478609,1747565,5.497586965897768
790586,269010,1478766,1747776,5.4970670235307235
790639,269041,1478835,1747876,5.496690095561643
790657,269056,1478878,1747934,5.496543470504282
790670,269056,1478901,1747957,5.496628954567079
790703,269078,1478943,1748021,5.496335635020329
790790,269108,1479108,1748216,5.49633604352156
790899,269108,1479312,1748420,5.497094103482617
790997,269132,1479444,1748576,5.4970943626176005
791055,269148,1479513,1748661,5.497023942217664
791076,269161,1479530,1748691,5.496821604913045
791099,269167,1479569,1748736,5.496843966756698
791112,269175,1479585,1748760,5.49674003900808
791565,269332,1480782,1750114,5.497980188020732
791600,269342,1480802,1750144,5.49785031669773
791635,269354,1480846,1750200,5.497768735567321
791697,269397,1480951,1750348,5.497280964524475
791882,269413,1481213,1750626,5.497926974570641
791965,269426,1481263,1750689,5.49784727531864
792169,269435,1482456,1751891,5.5020914135134635
792224,269436,1482554,1751990,5.502434715479743
792229,269438,1482566,1752004,5.50243840883617
792250,269448,1482592,1752040,5.5023306908939755
792286,269484,1482619,1752103,5.501695833518873
792333,269484,1482713,1752197,5.502044648290807
792549,269539,1482827,1752366,5.5013448888658045
792558,269542,1482848,1752390,5.501361568883514
792579,269542,1482885,1752427,5.501498838770952
792993,269555,1483868,1753423,5.504880265622972
793183,269566,1484178,1753744,5.50580562830624
793466,269566,1484851,1754417,5.508302233961256
793488,269569,1484869,1754438,5.5083077060047705
793509,269584,1484898,1754482,5.508108789839159
793544,269593,1485038,1754631,5.508444210346708
793806,269713,1485666,1755379,5.508321808737436
793861,269742,1485777,1755519,5.508141112618724
794454,270005,1486812,1756817,5.506609136867835
794463,270005,1486812,1756817,5.506609136867835
794479,270005,1486827,1756832,5.506664691394604
794566,270052,1486988,1757040,5.506302489890836
794733,270184,1487291,1757475,5.504733811032482
794769,270200,1487344,1757544,5.50460399703923
794864,270202,1487623,1757825,5.505595813502491
794873,270206,1487641,1757847,5.505580927144475
794894,270206,1487673,1757879,5.5056993553066915
794903,270208,1487696,1757904,5.505743723353861
795145,270354,1488134,1758488,5.504390539810767
795191,270362,1488224,1758586,5.504560552148601
795217,270375,1488295,1758670,5.50455848358761
795270,270398,1488411,1758809,5.504519264195741
795622,270512,1488829,1759341,5.503744750694978
795645,270514,1488875,1759389,5.503874106330911
795665,270514,1488896,1759410,5.503951736324183
795725,270532,1488966,1759498,5.503844277201957
795738,270541,1488976,1759517,5.503698145567585
795793,270555,1489096,1759651,5.503856886769788
795804,270555,1489111,1759666,5.503912328362071
796035,270555,1489402,1759957,5.504987895252351
796043,270566,1489437,1760003,5.504893445591834
796048,270566,1489459,1760025,5.504974756621305
796098,270577,1489546,1760123,5.505072493227436
796163,270589,1489579,1760168,5.504950312096944
796351,270589,1489960,1760549,5.506358351595963
796371,270600,1489986,1760586,5.506230598669623
796404,270611,1490022,1760633,5.50613980954211
796580,270621,1490223,1760844,5.506679082554569
796673,270653,1490414,1761067,5.506733714387057
796692,270653,1490429,1761082,5.506789135904645
797133,270717,1490650,1761367,5.506303630728769
797154,270726,1490669,1761395,5.506190761138568
797263,270778,1490808,1761586,5.505646692124175
797284,270813,1490849,1761662,5.505086535727606
797689,270891,1491887,1762778,5.507333207821596
797770,270911,1492052,1762963,5.507535685151212
797808,270911,1492158,1763069,5.5079269575617085
797852,270924,1492220,1763144,5.507891512010748
797921,270973,1492366,1763339,5.507434320024505
798030,271021,1492491,1763512,5.506920127960564
798044,271025,1492524,1763549,5.506960612489623
798060,271025,1492550,1763575,5.507056544599207
798118,271028,1492602,1763630,5.507187449267234
798136,271031,1492626,1763657,5.507215041821784
798300,271134,1492796,1763930,5.505749924391629
798360,271181,1492917,1764098,5.505241886415346
798390,271181,1492984,1764165,5.505488953872137
798399,271188,1492990,1764178,5.505368969128427
798413,271197,1493018,1764215,5.505289512789596
798418,271197,1493029,1764226,5.505330073710255
798452,271197,1493093,1764290,5.505566064521362
798946,271416,1493955,1765371,5.504299672826952
799046,271416,1494056,1765472,5.504671795325257
799309,271416,1494648,1766064,5.50685294897869
799319,271420,1494668,1766088,5.506845479330926
799389,271477,1494770,1766247,5.5060649705131555
799497,271487,1494953,1766440,5.506536224570605
799523,271498,1494979,1766477,5.506408886989959
799576,271500,1495132,1766632,5.506931860036833
799613,271504,1495225,1766729,5.507193264187636
799621,271505,1495243,1766748,5.507239277361375
799652,271524,1495316,1766840,5.507122758945802
800464,271524,1497023,1768547,5.513409496029817
800475,271531,1497041,1768572,5.513333652511132
800523,271554,1497138,1768692,5.513223889171215
800546,271569,1497159,1768728,5.51299669697204
800577,271576,1497208,1768784,5.51303502518632
800612,271586,1497231,1768817,5.512916718829395
800636,271586,1497256,1768842,5.513008770702466
800704,271586,1497472,1769058,5.513804098885804
800728,271597,1497516,1769113,5.51374278802785
800913,271625,1497762,1769387,5.514080073630925
800944,271651,1497825,1769476,5.513784230501637
801042,271668,1497890,1769558,5.513678460473813
801087,271679,1497971,1769650,5.51375336334424
801161,271720,1498128,1769848,5.513499190343
801275,271793,1498347,1770140,5.512824097750862
801690,271812,1499443,1771255,5.516470943151885
803260,271881,1509005,1780886,5.550240730319515
803356,271935,1509091,1781026,5.549454832956405
803404,271945,1509118,1781063,5.549350052400301
803457,271963,1509268,1781231,5.549534311652688
803501,271978,1509318,1781296,5.549412084800976
803563,271994,1509449,1781443,5.549567269866247
803570,271997,1509453,1781450,5.5495207667731625
803732,272043,1509945,1781988,5.5503909308454915
803860,272043,1510165,1782208,5.5511996265296295
803946,272078,1510213,1782291,5.550661942531186
803966,272085,1510250,1782335,5.550655126155429
804108,272183,1510552,1782735,5.549766149979977
804153,272219,1510634,1782853,5.549333441089711
804433,272266,1511050,1783316,5.54990340328943
805375,272266,1512976,1785242,5.556977367721273
805388,272269,1513004,1785273,5.557018977555285
805508,272269,1513351,1785620,5.5582934524312355
805566,272281,1513411,1785692,5.558268847257062
805599,272281,1513475,1785756,5.558503898545988
805633,272289,1513517,1785806,5.558494834532427
805688,272289,1513601,1785890,5.558803330285102
805755,272322,1513706,1786028,5.5585152870498895
805827,272371,1513800,1786171,5.557860418326474
805836,272371,1513811,1786182,5.557900804417504
805906,272385,1513892,1786277,5.557912513537823
805920,272385,1513939,1786324,5.55808506342126
805969,272412,1513998,1786410,5.557750759878419
806017,272412,1514110,1786522,5.558161901825176
808597,272476,1518256,1790732,5.572072402707027
808645,272476,1518364,1790840,5.572468767891484
808690,272495,1518425,1790920,5.572304078973926
808714,272500,1518433,1790933,5.57223119266055
808864,272535,1518742,1791277,5.572649384482727
808898,272553,1518812,1791365,5.5725381852336975
809145,272713,1519473,1792186,5.5716925852452945
809224,272735,1519744,1792479,5.572236786624379
809294,272774,1519870,1792644,5.571902014121581
809423,272774,1520057,1792831,5.572587563330816
809465,272774,1520128,1792902,5.572847852068012
809481,272781,1520166,1792947,5.572844149702509
809812,272784,1520499,1793283,5.574003607249692
810402,273230,1522464,1795694,5.572096768290451
810529,273266,1522780,1796046,5.572519083969466
810538,273271,1522794,1796065,5.572468355588408
810594,273271,1522882,1796153,5.572790380245251
810658,273301,1523158,1796459,5.57318853571703
810692,273323,1523204,1796527,5.5729082440921545
810729,273338,1523225,1796563,5.572679246939686
810763,273338,1523248,1796586,5.572763391844529
810803,273360,1523279,1796639,5.57242829967808
810816,273365,1523288,1796653,5.572359299837214
810947,273374,1524022,1797396,5.574860813391179
810978,273382,1524038,1797420,5.574756201944532
811030,273397,1524109,1797506,5.574710037052345
811072,273407,1524191,1797598,5.574806058367196
811283,273566,1524573,1798139,5.572962283324682
812610,273938,1525617,1799555,5.569205440647154
812627,273948,1525643,1799591,5.569097054915531
813035,274153,1526092,1800245,5.566570491659767
813071,274157,1526117,1800274,5.566580463019365
813095,274157,1526172,1800329,5.566781077995455
813137,274183,1526231,1800414,5.5664683806071125
813166,274205,1526269,1800474,5.566160354479313
813211,274220,1526408,1800628,5.566362774414704
813597,274541,1527379,1801920,5.563391260321773
813598,274541,1527381,1801922,5.563398545208184
813912,274699,1527833,1802532,5.561844054765397
813938,274717,1527886,1802603,5.561672557577435
813962,274732,1527932,1802664,5.561536333590554
813983,274732,1527969,1802701,5.561671010293668
814004,274745,1528010,1802755,5.561557080201641
814017,274758,1528027,1802785,5.561355811295758
814030,274758,1528041,1802799,5.561406765226126
814047,274768,1528059,1802827,5.561269871309614
814171,274841,1528317,1803158,5.560731477472429
814194,274856,1528348,1803204,5.560540792269406
814662,275121,1529102,1804223,5.557925421905271
814719,275121,1529175,1804296,5.558190759702095
814742,275142,1529199,1804341,5.557853762784307
814770,275150,1529253,1804403,5.557888424495729
814897,275205,1529419,1804624,5.557380861539579
814932,275225,1529498,1804723,5.557264056680897
814974,275247,1529563,1804810,5.557056026042064
815177,275405,1529917,1805322,5.5551533196565055
815444,275405,1530574,1805979,5.5575388972603985
815547,275498,1530754,1806252,5.55631619830271
815581,275516,1530796,1806312,5.556105634518503
815697,275588,1531065,1806653,5.5556301435476145
815917,275681,1531277,1806958,5.554524976331339
816023,275726,1531415,1807141,5.554118944169211
816069,275737,1531473,1807210,5.5541077185869145
816429,275804,1532129,1807933,5.555136981334571
816462,275809,1532158,1807967,5.555141420330736
816510,275820,1532239,1808059,5.555213545065622
816577,275833,1532381,1808214,5.555466532285839
816618,275855,1532449,1808304,5.5552699787932065
816653,275867,1532492,1808359,5.5551842010824055
816691,275884,1532535,1808419,5.554997752678662
816726,275899,1532594,1808493,5.55490958647911
817340,275967,1535208,1811175,5.563012968941939
818877,276363,1536415,1812778,5.559409182850092
818924,276363,1536415,1812778,5.559409182850092
818949,276366,1536459,1812825,5.559508043681205
818954,276368,1536471,1812839,5.5595112314016095
818967,276372,1536500,1812872,5.559535698261763
818997,276381,1536612,1812993,5.559759896664387
819147,276388,1536926,1813314,5.560755170267885
819157,276394,1536954,1813348,5.560735761268334
819201,276407,1537034,1813441,5.560763656492057
819234,276435,1537076,1813511,5.56035234322716
819245,276435,1537086,1813521,5.560388518096478
819281,276435,1537155,1813590,5.5606381246947745
819403,276447,1537267,1813714,5.560801889693142
819916,276671,1538210,1814881,5.5597081009574545
819930,276681,1538229,1814910,5.55957582920403
819951,276688,1538252,1814940,5.5595183022032035
820021,276688,1538380,1815068,5.559980917134101
820170,276771,1538606,1815377,5.559130111174943
820241,276772,1538679,1815451,5.559373780584742
820281,276784,1538719,1815503,5.559277270362449
820580,276901,1539182,1816083,5.5586003661958605
821171,276923,1539910,1816833,5.560787655774349
821430,277073,1540256,1817329,5.559025960667405
821608,277100,1540539,1817639,5.5595055936485025
821640,277110,1540593,1817703,5.559499837609613
821679,277121,1540617,1817738,5.559365764413379
821711,277130,1540658,1817788,5.559333164940641
821980,277130,1541174,1818304,5.5611951069895
822000,277130,1541195,1818325,5.56127088370079
822020,277141,1541221,1818362,5.561143966428641
822217,277167,1541574,1818741,5.561895896697659
822455,277276,1541778,1819054,5.560445188187943
822484,277276,1541795,1819071,5.560506498939684
822521,277289,1541813,1819102,5.560310722747747
822739,277289,1542417,1819706,5.562488955566215
822986,277324,1542871,1820195,5.563424009461857
823009,277333,1542931,1820264,5.563459811850735
823034,277348,1542981,1820329,5.5633391984077765
823061,277351,1543020,1820371,5.563419637931719
823071,277361,1543044,1820405,5.5633055836977805
823078,277362,1543048,1820410,5.563299947361211
823103,277368,1543062,1820430,5.563230077009605
823112,277377,1543096,1820473,5.5631721447704745
823176,277398,1543201,1820599,5.563129510666984
823458,277398,1543528,1820926,5.5643083223383005
823510,277415,1543602,1821017,5.564234089721176
823603,277415,1543788,1821203,5.564904565362363
823669,277432,1543926,1821358,5.56506098791776
823919,277587,1544355,1821942,5.563499011120838
823944,277607,1544399,1822006,5.563256690213143
823972,277621,1544436,1822057,5.563109418956059
823979,277628,1544448,1822076,5.563012376273287
824021,277640,1544464,1822104,5.5628295634634775
824062,277650,1544519,1822169,5.562827300558257
824075,277658,1544563,1822221,5.56282549035144
824089,277659,1544584,1822243,5.562881087953209
824113,277674,1544602,1822276,5.562645404323055
824152,277686,1544624,1822310,5.56248424479448
824188,277696,1544651,1822347,5.562381165014981
824261,277723,1544718,1822441,5.562081642499901
824466,277732,1545917,1823649,5.566218512810911
824473,277732,1545917,1823649,5.566218512810911
824799,277849,1546740,1824589,5.566836663079586
825456,278001,1547192,1825193,5.565418829428671
825490,278005,1547229,1825234,5.565471844031582
825512,278009,1547233,1825242,5.565406155915816
825534,278015,1547257,1825272,5.565372371994317
825549,278015,1547283,1825298,5.565465892128122
825641,278055,1547463,1825518,5.565312618007229
825682,278070,1547492,1825562,5.565116697234509
825685,278070,1547501,1825571,5.565149063185529
825744,278110,1547650,1825760,5.564884398259681
825816,278132,1547818,1825950,5.5650482504709995
825821,278132,1547825,1825957,5.565073418376886
825847,278144,1547865,1826009,5.564977134146342
825880,278150,1547880,1826030,5.564911019234226
825918,278165,1547922,1826087,5.564761921880898
825962,278172,1547977,1826149,5.564819608012309
826040,278185,1548015,1826200,5.56469615543613
826091,278206,1548093,1826299,5.564556479730847
826110,278212,1548100,1826312,5.564461633574396
826158,278233,1548179,1826412,5.564325583234196
826170,278239,1548211,1826450,5.5643206020723195
826197,278245,1548258,1826503,5.564369530449784
826249,278293,1548343,1826636,5.563715221008074
826267,278293,1548353,1826646,5.563751154358895
826291,278293,1548374,1826667,5.563826614395619
826309,278300,1548387,1826687,5.563733381243263
826454,278375,1548682,1827057,5.563294117647059
826487,278378,1548689,1827067,5.563259309284498
826493,278378,1548691,1827069,5.563266493760283
826527,278386,1548732,1827118,5.563253899262175
826545,278386,1548775,1827161,5.563408361052639
826570,278397,1548824,1827221,5.563364547750155
826581,278399,1548854,1827253,5.563432339915014
826862,278399,1549527,1827926,5.565849733655653
827097,278419,1549903,1828322,5.566800397961346
827213,278455,1549968,1828423,5.566314126160421
827285,278489,1550178,1828667,5.566388618580985
827358,278508,1550271,1828779,5.56634279805248
827378,278519,1550307,1828826,5.566252212595909
827393,278519,1550333,1828852,5.566345563498361
827396,278520,1550336,1828856,5.566336349274738
827430,278529,1550390,1828919,5.566350362080788
827560,278529,1550390,1828919,5.566350362080788
827571,278529,1550402,1828931,5.5663934455658115
827576,278530,1550405,1828935,5.566384231501095
827604,278553,1550464,1829017,5.566136426461033
828072,278932,1551844,1830776,5.563520858130297
828179,278933,1551939,1830872,5.563841495986491
828211,278943,1551970,1830913,5.563753168209993
828244,278960,1552018,1830978,5.56358617722971
828280,278982,1552069,1831051,5.563330250697177
828317,278997,1552115,1831112,5.563196020028889
828395,279061,1552339,1831400,5.562722845542731
828565,279061,1552560,1831621,5.563514787089561
828650,279118,1552691,1831809,5.562847971108994
828695,279125,1552799,1831924,5.563095387371249
828729,279143,1552865,1832008,5.562973099809058
828759,279170,1552908,1832078,5.562589103413691
828774,279182,1552947,1832129,5.562489702058156
828972,279185,1553101,1832286,5.56298153554095
828982,279185,1553117,1832302,5.563038845210166
829094,279226,1553221,1832447,5.562594457536189
829413,279226,1553807,1833033,5.5646931159705755
829465,279244,1553876,1833120,5.564581512942087
829535,279244,1553956,1833200,5.564868000744868
829561,279251,1553975,1833226,5.5647965450437065
829609,279254,1554043,1833297,5.564980268859175
829642,279268,1554092,1833360,5.564876749215807
829668,279276,1554138,1833414,5.564882052163451
829832,279288,1554479,1833767,5.565863911088195
829957,279364,1554698,1834062,5.565133660743689
830025,279410,1554810,1834220,5.564618302852439
830038,279423,1554846,1834269,5.564488248998829
830046,279426,1554852,1834278,5.564449979601039
830061,279426,1554862,1834288,5.564485767251437
830108,279448,1554903,1834351,5.564194411840486
830130,279473,1554942,1834415,5.563836220314664
830131,279473,1554954,1834427,5.563879158272893
830151,279473,1554975,1834448,5.563954299699792
830154,279473,1554984,1834457,5.563986503168463
830168,279477,1555017,1834494,5.564024946596679
831932,279551,1558564,1838115,5.57524029604616
832244,279602,1559095,1838697,5.576122488394217
832280,279609,1559114,1838723,5.576050842426389
832396,279683,1559460,1839143,5.575812616426454
832486,279728,1559542,1839270,5.575208774237831
832526,279738,1559631,1839369,5.575327627994766
832670,279744,1559905,1839649,5.576187514298788
832693,279753,1559945,1839698,5.5761511047245245
832702,279764,1559961,1839725,5.575989047911811
832711,279766,1559977,1839743,5.576006376757719
834430,279811,1577215,1857026,5.636715497246356
834511,279811,1577270,1857081,5.636912058496628
834610,279862,1577427,1857289,5.636445819725436
834654,279881,1577459,1857340,5.636177518302421
834683,279886,1577504,1857390,5.636237611027346
834812,279933,1577664,1857597,5.635862867186077
834859,279953,1577712,1857665,5.635631695320286
834909,279982,1577795,1857777,5.635344414998107
835085,279991,1578812,1858803,5.6387955327135515
835158,280035,1578956,1858991,5.638423768457514
835185,280048,1578970,1859018,5.638212020796435
835199,280048,1578995,1859043,5.638301291207221
835328,280049,1579377,1859426,5.6396452049462775
835412,280076,1579470,1859546,5.639433582313372
835448,280084,1579507,1859591,5.639404607189272
835585,280163,1579837,1860000,5.638992300910541
835693,280163,1579980,1860143,5.639502718060558
835812,280230,1580113,1860343,5.638628983335118
835824,280234,1580130,1860364,5.638609162342899
835923,280271,1580213,1860484,5.638160922821127
836707,280308,1581848,1862156,5.643249568331978
836726,280316,1581869,1862185,5.6431634298434625
836840,280342,1582014,1862356,5.643157286457256
836882,280373,1582106,1862479,5.642861473822372
836919,280373,1582154,1862527,5.643032674330267
836922,280376,1582160,1862536,5.642993694182098
836938,280381,1582177,1862558,5.642953695150528
836991,280406,1582288,1862694,5.642846444084649
836997,280406,1582306,1862712,5.642910636719614
837087,280484,1582460,1862944,5.641890446513883
837109,280484,1582495,1862979,5.642015230815305
837141,280493,1582556,1863049,5.64205167330379
837176,280510,1582608,1863118,5.641895119603579
837194,280539,1582656,1863195,5.641483002363308
837576,280539,1583411,1863950,5.644174250282492
837718,280637,1583671,1864308,5.643129736991202
837734,280645,1583683,1864328,5.643011633914732
837988,280645,1584279,1864924,5.645135313296157
837997,280647,1584294,1864941,5.645148531785481
838059,280680,1584402,1865082,5.644869602394185
838083,280692,1584433,1865125,5.644738717170422
838116,280716,1584484,1865200,5.644437794781915
838148,280729,1584508,1865237,5.644261903828959
838244,280749,1584692,1865441,5.644515207534132
838336,280749,1584697,1865446,5.64453301703657
838821,280907,1585092,1865999,5.64276433125554
838855,280910,1585152,1866062,5.642917660460646
838862,280910,1585152,1866062,5.642917660460646
839041,281000,1585542,1866542,5.64249822064057
839191,281025,1585884,1866909,5.643213237256472
839231,281056,1585978,1867034,5.642925253330297
839682,281361,1586996,1868357,5.640426356175873
839697,281371,1587025,1868396,5.640328960696021
839721,281371,1587057,1868428,5.64044268954512
839734,281371,1587064,1868435,5.640467567730861
839746,281371,1587074,1868445,5.640503107996205
839815,281392,1587214,1868606,5.640579689543412
839841,281408,1587257,1868665,5.640411786445304
839906,281408,1587338,1868746,5.640699624744144
840092,281408,1587690,1869098,5.641950477598362
840202,281483,1587921,1869404,5.6412678563181435
840651,281617,1588328,1869945,5.640028833486615
840695,281630,1588381,1870011,5.63995668075134
840705,281630,1588410,1870040,5.640059652735859
840758,281646,1588470,1870116,5.639952280522357
840789,281646,1588509,1870155,5.640090752220873
840997,281673,1588603,1870276,5.639883836931477
841127,281674,1588988,1870662,5.641230642515816
841294,281680,1589275,1870955,5.642129366657199
841853,281680,1590858,1872538,5.647749218971883
841903,281689,1590932,1872621,5.647831473717469
841952,281689,1591037,1872726,5.648204225227112
842441,282086,1592409,1874495,5.645118864459775
842519,282107,1592542,1874649,5.645170095034863
842599,282107,1592675,1874782,5.645641547356145
842892,282107,1593334,1875441,5.647977540436784
842976,282127,1593379,1875506,5.647736657604554
843022,282164,1593439,1875603,5.647208715498788
843033,282166,1593475,1875641,5.647296272407023
843041,282166,1593475,1875641,5.647296272407023
843133,282169,1593527,1875696,5.647420517491291
843389,282235,1593997,1876232,5.647765160238808
843406,282238,1594012,1876250,5.647758274931086
843460,282267,1594130,1876397,5.647596070387258
843478,282267,1594157,1876424,5.647691724501978
843487,282268,1594174,1876442,5.64773194269276
843494,282268,1594182,1876450,5.64776028455227
843503,282268,1594204,1876472,5.647838224665921
843519,282268,1594230,1876498,5.647930335709326
843554,282278,1594296,1876574,5.647964063795266
843690,282285,1594863,1877148,5.649832615973218
843908,282301,1595432,1877733,5.651527979001137
843938,282338,1595516,1877854,5.6510848699077
844015,282362,1595618,1877980,5.650965781514509
844046,282380,1595671,1878051,5.6507932573128405
844080,282405,1595738,1878143,5.650530266815389
844092,282415,1595747,1878162,5.65036205583981
844177,282441,1595996,1878437,5.650723513937424
845367,283184,1599725,1882909,5.649065625176564
845426,283188,1599906,1883094,5.649624984109496
845462,283196,1599946,1883142,5.649606632862046
845474,283203,1599982,1883185,5.649594107407054
845565,283244,1600097,1883341,5.649182330428888
845575,283248,1600110,1883358,5.649148449415353
845607,283281,1600204,1883485,5.64882219421705
845635,283288,1600233,1883521,5.648784982067719
845827,283374,1600712,1884086,5.648761001362158
845955,283377,1601213,1884590,5.650469162987822
845974,283399,1601246,1884645,5.650146965938482
846166,283489,1601749,1885238,5.650127518175308
846293,283559,1601910,1885469,5.649300498308994
846329,283567,1601927,1885494,5.649201070646443
846400,283579,1602087,1885666,5.649526234312131
846980,283601,1602832,1886433,5.651714909326836
846990,283601,1602834,1886435,5.651721961488147
847191,283752,1603230,1886982,5.650109955172122
847253,283784,1603315,1887099,5.6497723620782
847338,283815,1603485,1887300,5.649754241319169
847355,283825,1603511,1887336,5.649646789394874
847367,283838,1603536,1887374,5.649476109611821
847537,283978,1603969,1887947,5.6482157068505305
847814,283978,1604191,1888169,5.6489974575495285
847852,283992,1604227,1888219,5.648845742133581
848093,284118,1604789,1888907,5.648318656332932
848128,284128,1604813,1888941,5.648204330442617
848276,284183,1605140,1889323,5.648261859435645
848586,284194,1605222,1889416,5.648331773366081
848677,284194,1605270,1889464,5.648500672076117
848715,284210,1605371,1889581,5.648538052848246
849286,284210,1606269,1890479,5.651697688329053
849305,284217,1606297,1890514,5.6516570085533235
849472,284319,1606547,1890866,5.650508759527151
849500,284328,1606566,1890894,5.6503967249092595
849567,284350,1606661,1891011,5.6502936521892035
850813,284357,1608684,1893041,5.657268855698998
850894,284364,1608724,1893088,5.657270259245193
850916,284364,1608724,1893088,5.657270259245193
850939,284377,1608772,1893149,5.657180433016735
850970,284390,1608805,1893195,5.657037870529906
850971,284390,1608818,1893208,5.657083582404445
851011,284403,1608876,1893279,5.657028934293942
851015,284403,1608885,1893288,5.657060579529752
851225,284431,1608986,1893417,5.656858781215831
851354,284490,1609209,1893699,5.656469471686175
851684,284701,1609671,1894372,5.653900056550556
851977,284860,1610240,1895100,5.652741697676052
852026,284879,1610328,1895207,5.652673591244002
852069,284913,1610440,1895353,5.652392133739071
852182,284966,1610559,1895525,5.6517584553946785
860885,289254,1625585,1914839,5.619922282837921
860982,289314,1625762,1915076,5.619368575319549
860999,289314,1625789,1915103,5.619461899527849
861125,289379,1625991,1915370,5.618897708541394
861155,289390,1626020,1915410,5.6187843394726835
861174,289399,1626040,1915439,5.618678710016275
861238,289431,1626158,1915589,5.618465195504283
861273,289449,1626209,1915658,5.6182919961720375
861489,289572,1626518,1916090,5.616972635475806
861505,289572,1626544,1916116,5.61706242316246
861541,289595,1626612,1916207,5.616851119667121
861641,289660,1626818,1916478,5.6163018711592905
861774,289765,1626954,1916719,5.614736079236623
861792,289774,1627013,1916787,5.614765299854369
861808,289774,1627039,1916813,5.6148550249504785
861832,289775,1627042,1916817,5.614846001207834
861931,289854,1627220,1917074,5.613929771540155
862103,289981,1627702,1917683,5.6131332742490025
862117,289990,1627730,1917720,5.613055622607676
862163,289990,1627785,1917775,5.613245284320149
862229,290033,1627864,1917897,5.612685453034655
862310,290058,1628025,1918083,5.612756758993029
862519,290132,1628312,1918444,5.612314394827182
862522,290135,1628317,1918452,5.612273596773916
862552,290150,1628364,1918514,5.612145442012752
862706,290179,1628771,1918950,5.612987156203585
863238,290179,1629436,1919615,5.615278845126629
863269,290179,1629467,1919646,5.615385675738079
863337,290216,1629553,1919769,5.614966094219478
864801,290216,1631639,1921855,5.622153844033409
864908,290216,1631855,1922071,5.622898117264382
865338,290274,1632182,1922456,5.6229011210098045
865443,290293,1632262,1922555,5.6228086795065675
865449,290298,1632270,1922568,5.622739391935184
865482,290309,1632298,1922607,5.622622791577251
865547,290328,1632351,1922679,5.622437381168885
865660,290367,1632468,1922835,5.622085154304725
865689,290369,1632483,1922852,5.6220980889833285
865696,290375,1632499,1922874,5.622037021093414
865843,290456,1632948,1923404,5.622015038422343
865943,290521,1633139,1923660,5.62141463095611
865951,290528,1633166,1923694,5.62137212248045
865990,290535,1633236,1923771,5.621477618875523
866515,290539,1633908,1924447,5.6237131675954
866524,290551,1633927,1924478,5.623546296519372
866586,290588,1633989,1924577,5.623043621897669
866716,290588,1634375,1924963,5.624371963054221
866746,290598,1634423,1925021,5.624343594931831
866841,290610,1634556,1925166,5.6245690100134205
866846,290612,1634563,1925175,5.624554388669429
867009,290636,1634892,1925528,5.62522192708405
867577,290636,1636283,1926919,5.630007982493566
867595,290636,1636337,1926973,5.63019378191277
867656,290676,1636410,1927086,5.62967014820625
867676,290684,1636433,1927117,5.629594336117571
867735,290722,1636574,1927296,5.62934349653621
868090,290864,1636911,1927775,5.627753864348974
868192,290903,1637515,1928418,5.629075671271868
868231,290908,1637581,1928489,5.629205797021739
868254,290931,1637613,1928544,5.6288707631706485
868293,290938,1637626,1928564,5.6287800149860105
868366,290946,1637666,1928612,5.628762725729173
868384,290955,1637704,1928659,5.628719217748449
868385,290955,1637706,1928661,5.628726091663659
868446,290983,1637921,1928904,5.628923339164143
868475,290995,1637957,1928952,5.628814928091548
869530,290995,1640663,1931658,5.638114056942559
869547,291007,1640720,1931727,5.63807743456343
869956,291076,1640939,1932015,5.637493300718712
869998,291108,1641017,1932125,5.637141541970678
870063,291168,1641180,1932348,5.63653972964062
870117,291182,1641259,1932441,5.636540033381184
870187,291194,1641367,1932561,5.6366786403566005
870190,291194,1641376,1932570,5.6367095475868325
870199,291196,1641391,1932587,5.636722345087158
870243,291216,1641436,1932652,5.636489753310258
870316,291238,1641512,1932750,5.636324930125876
870446,291238,1641898,1933136,5.637650306622075
870461,291238,1641924,1933162,5.637739580686587
870464,291238,1641933,1933171,5.637770483247379
870477,291249,1641969,1933218,5.63768115942029
870509,291253,1642008,1933261,5.637737637037215
871973,291253,1644094,1935347,5.64489979502357
872006,291253,1644094,1935347,5.64489979502357
872053,291271,1644198,1935469,5.644908006632998
872064,291274,1644210,1935484,5.644891064770628
872096,291281,1644280,1935561,5.644995725776827
872145,291309,1644383,1935692,5.644806717265858
872224,291376,1644587,1935963,5.644208857284059
872235,291379,1644599,1935978,5.644191928725131
872267,291408,1644656,1936064,5.643825838686652
872299,291424,1644684,1936108,5.6436120566597126
872700,291498,1645373,1936871,5.644543015732526
872707,291502,1645393,1936895,5.644534171292135
872763,291502,1645585,1937087,5.645192828865668
872832,291559,1645724,1937283,5.644565936911569
872852,291559,1645745,1937304,5.644637963499669
872889,291585,1645820,1937405,5.64439185829175
872958,291589,1645900,1937489,5.644588787642881
872993,291627,1645964,1937591,5.644072736749341
873001,291632,1645986,1937618,5.644051407252976
873048,291648,1646098,1937746,5.644125795479482
873425,291825,1646675,1938500,5.642679688169279
873441,291825,1646701,1938526,5.642768782660841
873490,291844,1646856,1938700,5.6429325255958664
873583,291881,1646998,1938879,5.6427037045919395
873961,292044,1647582,1939626,5.641554012409089
874127,292058,1647982,1940040,5.642653171630292
874224,292090,1648091,1940181,5.642408161867918
874310,292095,1648156,1940251,5.642534107054212
874339,292110,1648213,1940323,5.642439491972202
874371,292136,1648277,1940413,5.64215639291289
874468,292171,1648512,1940683,5.642284826351691
874536,292228,1648639,1940867,5.641618872934831
874551,292228,1648662,1940890,5.641697578603009
874561,292228,1648678,1940906,5.641752330372175
874573,292228,1648678,1940906,5.641752330372175
874625,292239,1648783,1941022,5.641899267380466
874743,292239,1648960,1941199,5.642504936028388
875687,292239,1651049,1943288,5.649653194816572
876139,292239,1651881,1944120,5.652500179647481
876176,292244,1651905,1944149,5.652485594229479
876212,292257,1651935,1944192,5.652336813147333
876246,292277,1652003,1944280,5.652182689708735
876462,292362,1652299,1944661,5.651551843262804
876561,292416,1652568,1944984,5.651428102429415
876795,292416,1652895,1945311,5.65254637229153
877000,292550,1653339,1945889,5.651474961545035
877530,292787,1654358,1947145,5.650380652146441
877557,292795,1654384,1947179,5.65031506685565
877589,292804,1654445,1947249,5.650349721998333
877595,292808,1654450,1947258,5.650289609573509
877604,292818,1654460,1947278,5.65013079797007
877708,292889,1654694,1947583,5.6495600722458
877911,292949,1654992,1947941,5.649420206247504
878010,292978,1655052,1948030,5.64906580016247
878053,292987,1655095,1948082,5.64903903586166
878111,292995,1655132,1948127,5.649011075274322
878238,293000,1655518,1948518,5.650232081911263
878427,293127,1655771,1948898,5.648647173409477
878439,293131,1655796,1948927,5.648655379335519
878439,293302,1656346,1949648,5.647237318531753
878710,293398,1657135,1950533,5.648078719009673
878747,293414,1657197,1950611,5.647982032213869
878777,293414,1657252,1950666,5.648169480665544
878844,293440,1657441,1950881,5.648313113413304
878854,293450,1657458,1950908,5.648178565343329
878914,293477,1657524,1951001,5.647883820537896
878927,293480,1657564,1951044,5.647962382445141
880883,293480,1661225,1954705,5.660436827041025
880973,293487,1661484,1954971,5.661184311400505
881026,293493,1661543,1955036,5.661269604385795
881067,293506,1661587,1955093,5.661168766566953
881077,293514,1661610,1955124,5.661092826917966
881108,293529,1661655,1955184,5.66095683901761
881198,293591,1661834,1955425,5.66037106042079
881201,293591,1661843,1955434,5.660401715311437
881213,293598,1661849,1955447,5.6602871954168625
881233,293612,1661895,1955507,5.660173971091099
882119,293638,1665651,1959289,5.6724640543798825
882207,293707,1665850,1959557,5.671808979697453
882288,293739,1665959,1959698,5.671562169136546
882308,293758,1665996,1959754,5.6713212916754605
882335,293765,1666027,1959792,5.671291678722788
882527,293923,1666311,1960234,5.669209282703293
882561,293941,1666334,1960275,5.66894036558357
882587,293958,1666363,1960321,5.668711176426564
882661,293969,1666527,1960496,5.669056941378172
882687,293982,1666558,1960540,5.668911702076998
882690,293983,1666561,1960544,5.6689026236210935
882742,293991,1666641,1960632,5.669020480218782
882806,294008,1666720,1960728,5.668961388805747
882808,294009,1666721,1960730,5.668945508470829
882855,294009,1666815,1960824,5.669265226574697
882931,294025,1666953,1960978,5.669426069211802
883084,294038,1667432,1961470,5.6708044538461015
883176,294038,1667487,1961525,5.670991504499418
883306,294039,1667872,1961911,5.672281568091307
883325,294044,1667879,1961923,5.672208921113847
883441,294097,1667987,1962084,5.6715539430868045
883502,294131,1668094,1962225,5.671262124699538
883657,294196,1668255,1962451,5.670556363784688
883721,294242,1668375,1962617,5.670077691152181
883788,294264,1668441,1962705,5.669878068673028
883803,294266,1668463,1962729,5.6699142952294865
883819,294273,1668485,1962758,5.6698541830205285
883936,294342,1668906,1963248,5.669955358052877
884484,294412,1669075,1963487,5.669181283371602
884582,294479,1669247,1963726,5.668475510987201
884664,294517,1669340,1963857,5.668059908256569
884949,294568,1669625,1964193,5.668046087830314
885031,294590,1669808,1964398,5.668244000135782
885081,294590,1669915,1964505,5.668607216809804
885087,294590,1669931,1964521,5.668661529583489
885327,294703,1670285,1964988,5.66768916502377
885351,294715,1670322,1965037,5.667583937023904
887690,294891,1673319,1968210,5.674364426177808
887811,294891,1673463,1968354,5.67485274219966
887819,294891,1673485,1968376,5.674927346036332
887894,294934,1673660,1968594,5.674693321217628
888020,295011,1673886,1968897,5.673978258437821
888156,295078,1674178,1969256,5.673679501691078
888192,295078,1674247,1969325,5.673913338168213
888363,295134,1674419,1969553,5.673419531467062
888426,295151,1674542,1969693,5.6735094917516795
888451,295157,1674595,1969752,5.6735737251699945
888462,295170,1674607,1969777,5.6733645018125145
888532,295208,1674720,1969928,5.673016991409447
888573,295230,1674762,1969992,5.672736510517224
888586,295231,1674788,1970019,5.672805362580488
888731,295320,1675087,1970407,5.67210822159014
888750,295322,1675092,1970414,5.672086739220241
888843,295363,1675257,1970620,5.671858018776895
888898,295378,1675290,1970668,5.671681709538286
888924,295400,1675365,1970765,5.671513202437373
888988,295426,1675507,1970933,5.671494722874764
889206,295459,1675653,1971112,5.671355416487566
889257,295490,1675720,1971210,5.6709871738468305
889499,295611,1676046,1971657,5.669768716319758
889513,295619,1676075,1971694,5.669713381074965
889613,295627,1676128,1971755,5.669739232208154
889630,295627,1676163,1971790,5.669857624641863
889697,295627,1676285,1971912,5.670270306839361
889706,295629,1676316,1971945,5.6703368072821005
889756,295681,1676412,1972093,5.66966426655754
889820,295706,1676489,1972195,5.669445327453619
889861,295714,1676545,1972259,5.669481323170361
889888,295724,1676590,1972314,5.6694417767918734
890482,295724,1677110,1972834,5.671200173134409
890493,295735,1677126,1972861,5.671043332713409
890585,295789,1677279,1973068,5.670525273083178
890596,295793,1677300,1973093,5.670519586332333
890620,295811,1677345,1973156,5.6703266612803445
891476,295811,1678788,1974599,5.675204776022528
891545,295868,1679026,1974894,5.674915840847945
891556,295883,1679040,1974923,5.674675462936364
891614,295894,1679074,1974968,5.674579410194191
891628,295903,1679080,1974983,5.674427092662122
891786,295927,1679234,1975161,5.674487289094945
891882,295927,1679383,1975310,5.67499079164794
891912,295933,1679404,1975337,5.674946694015199
891960,295934,1679422,1975356,5.674988341995174
892000,295978,1679496,1975474,5.674394718526377
892037,295999,1679560,1975559,5.674208358812023
892177,295999,1679857,1975856,5.675211740580204
892220,296019,1679908,1975927,5.675000591178269
892281,296044,1679989,1976033,5.6747949629109184
892326,296069,1680056,1976125,5.674542083095495
892396,296084,1680205,1976289,5.6747578389916375
892403,296086,1680215,1976301,5.67475328114129
892506,296131,1680339,1976470,5.674309680513016
892553,296131,1680433,1976564,5.674627107597651
892589,296153,1680484,1976637,5.674377770949476
892630,296166,1680540,1976706,5.674317781244302
892661,296187,1680609,1976796,5.6741484265008255
892683,296187,1680641,1976828,5.674256466354026
892716,296192,1680670,1976862,5.674258589023336
892768,296220,1680746,1976966,5.6739787995408815
892830,296235,1680908,1977143,5.6742383580603235
893569,296781,1682295,1979076,5.668472712201926
893653,296846,1682584,1979430,5.66820506255769
893735,296849,1683076,1979925,5.669805187149022
893742,296852,1683079,1979931,5.669757993882474
893850,296876,1683186,1980062,5.669660060092429
894223,296950,1683737,1980687,5.67010271089409
894244,296950,1683762,1980712,5.670186900151541
894261,296952,1683788,1980740,5.670236267140817
894283,296956,1683801,1980757,5.670203666536457
894469,297115,1684179,1981294,5.668441512545647
894597,297124,1684580,1981704,5.669619418155383
894639,297143,1684644,1981787,5.6694722742921755
894688,297156,1684724,1981880,5.669493464712137
894726,297186,1684784,1981970,5.66912304078927
894989,297226,1684967,1982193,5.668975796195488
894995,297226,1684986,1982212,5.669039720616635
895018,297241,1685048,1982289,5.668962222573602
895058,297241,1685148,1982389,5.669298649917071
895107,297267,1685214,1982481,5.6690248160744385
895174,297293,1685457,1982750,5.669346402370725
895179,297295,1685464,1982759,5.669331808473065
895183,297296,1685467,1982763,5.669322829772348
895209,297296,1685506,1982802,5.669454012162962
895253,297299,1685543,1982842,5.669521256378259
895491,297347,1686216,1983563,5.670869388290448
895498,297352,1686225,1983577,5.670804299281659
895740,297352,1686735,1984087,5.672519438241546
895867,297380,1686923,1984303,5.672617526397202
895918,297380,1686949,1984329,5.672704956621158
895999,297410,1687084,1984494,5.672586664873407
896061,297421,1687125,1984546,5.672514718194075
896104,297421,1687197,1984618,5.672756799284516
896184,297421,1687353,1984774,5.673281308313804
896270,297421,1687353,1984774,5.673281308313804
896299,297432,1687372,1984804,5.6731353721186695
896551,297513,1687945,1985458,5.673516787501723
896573,297526,1687987,1985513,5.67341005491957
897001,297526,1688895,1986421,5.676461889044991
897031,297534,1688948,1986482,5.676487393037434
897359,297619,1689740,1987359,5.677527308404369
897434,297653,1689817,1987470,5.677137472157177
897491,297667,1689867,1987534,5.677038435567262
897501,297672,1689881,1987553,5.676990109919643
897627,297681,1690207,1987888,5.677913605503878
897648,297690,1690228,1987918,5.677812489502503
897836,297695,1690503,1988198,5.678640890844656
897851,297702,1690525,1988227,5.678581265829588
897868,297708,1690549,1988257,5.678547435742406
897960,297730,1690613,1988343,5.678342793806469
897981,297730,1690659,1988389,5.678497296207974
897983,297730,1690659,1988389,5.678497296207974
898062,297730,1690824,1988554,5.679051489604675
898327,297730,1691280,1989010,5.680583078628287
898345,297730,1691290,1989020,5.680616666106875
898361,297737,1691309,1989046,5.680546925642429
898425,297764,1691459,1989223,5.680535591945299
898453,297777,1691494,1989271,5.680405135386548
898572,297777,1691751,1989528,5.681268197342306
898575,297777,1691756,1989533,5.6812849884309395
898594,297780,1691793,1989573,5.681352004835785
899781,297799,1694508,1992307,5.690106414057804
899867,297799,1694607,1992406,5.690438853051891
899887,297810,1694633,1992443,5.690315973271549
899947,297823,1694694,1992517,5.690272410122791
899991,297843,1694725,1992568,5.689994393019141
900020,297855,1694802,1992657,5.69002366923503
900084,297866,1694988,1992854,5.6904379821799065
900206,297882,1695329,1993211,5.691277082871741
900215,297882,1695329,1993211,5.691277082871741
900534,298022,1695737,1993759,5.6899725523619065
900554,298031,1695771,1993802,5.689914807520023
900575,298044,1695785,1993829,5.689713599334326
900637,298055,1695818,1993873,5.689614332925132
900664,298055,1695856,1993911,5.689741826173022
900713,298097,1695944,1994041,5.689235383113551
901657,298117,1698007,1996124,5.695773806928153
901902,298302,1698460,1996762,5.693760015018337
901913,298302,1698460,1996762,5.693760015018337
901924,298302,1698470,1996772,5.693793538092269
902025,298383,1698663,1997046,5.692894702446185
902070,298398,1698703,1997101,5.69274257870361
902130,298436,1698764,1997200,5.692222117975043
902181,298436,1698880,1997316,5.69261081102816
902382,298497,1699172,1997669,5.692425719521469
902461,298521,1699281,1997802,5.692333202689258
902662,298544,1699603,1998147,5.692973230076639
902676,298544,1699629,1998173,5.693060319416904
902705,298565,1699672,1998237,5.692803912045953
902784,298612,1699810,1998422,5.6923700320147885
902818,298612,1699898,1998510,5.69266472881197
904372,298619,1701737,2000356,5.698689634618025
904456,298670,1701874,2000544,5.698175243579871
904563,298781,1702052,2000833,5.696654071042
904780,298872,1702290,2001162,5.695715891752991
904808,298879,1702318,2001197,5.695676176646737
905073,298879,1703143,2002022,5.69843649102145
905147,298897,1703210,2002107,5.698317480603686
905156,298897,1703230,2002127,5.6983843932859815
905179,298902,1703279,2002181,5.698453004663736
905898,299143,1704159,2003302,5.69680386972117
905961,299174,1704250,2003424,5.696517745526015
906018,299209,1704348,2003557,5.696178925099178
906029,299215,1704366,2003581,5.696124860050466
906085,299253,1704492,2003745,5.695822598269691
906103,299262,1704511,2003773,5.695714791720967
906127,299276,1704545,2003821,5.695561956187599
906192,299297,1704639,2003936,5.695476399696623
906456,299297,1705308,2004605,5.697711637604119
906564,299349,1705418,2004767,5.697089350557376
906717,299349,1705572,2004921,5.697603800246535
906819,299390,1705718,2005108,5.697311199438859
906849,299403,1705800,2005203,5.697337702027034
906855,299403,1705814,2005217,5.69738446174554
906873,299419,1705824,2005243,5.697113409636663
906920,299432,1705925,2005357,5.6972033717171175
906954,299432,1705989,2005421,5.697417109727751
906983,299432,1706027,2005459,5.697544016671565
907101,299443,1706281,2005724,5.698182959695167
907143,299449,1706289,2005738,5.698095502072139
907156,299456,1706308,2005764,5.698025753366104
907262,299504,1706428,2005932,5.6975132218601425
907278,299516,1706468,2005984,5.697418501849651
907361,299517,1706720,2006237,5.698240834410067
907374,299525,1706730,2006255,5.698122026542025
907403,299537,1706779,2006316,5.698057335153921
907519,299580,1707054,2006634,5.698157420388544
907546,299580,1707107,2006687,5.698334334735296
907568,299580,1707160,2006740,5.698511249082048
907580,299580,1707183,2006763,5.698588023232525
907587,299584,1707192,2006776,5.698541978209784
907695,299672,1707419,2007091,5.697626071171147
907720,299672,1707474,2007146,5.697809605168318
907806,299691,1707625,2007316,5.697952224124181
907839,299726,1707707,2007433,5.697560438533861
907853,299732,1707751,2007483,5.697593183243698
907871,299732,1707771,2007503,5.697659909519171
907892,299742,1707787,2007529,5.697523203288161
907955,299756,1707898,2007654,5.697627403621612
908066,299756,1708155,2007911,5.69848476761099
908083,299759,1708171,2007930,5.698481113160906
908198,299828,1708303,2008131,5.69760996304548
908593,299828,1708961,2008789,5.69980455461131
908850,300033,1709412,2009445,5.697413284538701
908872,300042,1709452,2009494,5.697375700735231
908961,300042,1709679,2009721,5.6981322614833925
909029,300068,1709776,2009844,5.697961795326393
909191,300191,1710095,2010286,5.696689774177107
909206,300194,1710121,2010315,5.696719454752594
909223,300200,1710137,2010337,5.6966588940706195
909235,300202,1710149,2010351,5.6966609149839105
909373,300302,1710526,2010828,5.696019340530532
909383,300302,1710555,2010857,5.696115909983949
909398,300302,1710555,2010857,5.696115909983949
909426,300313,1710610,2010923,5.696090412336463
909594,300313,1710873,2011186,5.69696616530087
910303,300629,1711931,2012560,5.694497204195204
910353,300629,1712038,2012667,5.69485312461539
910416,300629,1712118,2012747,5.695119233340762
910437,300638,1712166,2012804,5.695108402796719
910501,300657,1712222,2012879,5.694934759543267
910592,300732,1712447,2013179,5.694262665762207
910593,300733,1712449,2013182,5.694250381567703
910606,300736,1712460,2013196,5.694230155352202
910665,300771,1712607,2013378,5.694056275372294
910685,300771,1712628,2013399,5.694126095933451
910730,300791,1712704,2013495,5.694000152930108
910905,300891,1712948,2013839,5.692918698133211
910964,300891,1713197,2014088,5.693746240332878
910977,300897,1713203,2014100,5.693652645257347
910986,300903,1713228,2014131,5.6936221971864684
911141,300988,1713590,2014578,5.6932170053291165
911253,301057,1713744,2014801,5.692423693851995
911530,301057,1713966,2015023,5.693161095739345
911609,301096,1714237,2015333,5.693323723995005
911628,301096,1714273,2015369,5.693443287190797
911782,301110,1714515,2015625,5.693982265617216
911814,301130,1714566,2015696,5.693773453325806
911834,301130,1714587,2015717,5.693843190648557
911851,301137,1714607,2015744,5.69377725088581
911899,301159,1714687,2015846,5.6936269545323235
911959,301167,1714793,2015960,5.693827677003124
913556,301228,1717883,2019111,5.7029326623023096
913585,301230,1717898,2019128,5.702944593831956
913628,301237,1717930,2019167,5.702918300208806
913648,301247,1717959,2019206,5.7028252563511
913699,301276,1718053,2019329,5.702588324327195
913725,301292,1718102,2019394,5.7024481234151585
913742,301303,1718124,2019427,5.702312954069492
913755,301310,1718148,2019458,5.702260130762338
913767,301323,1718175,2019498,5.7021037225834075
913864,301323,1718502,2019825,5.703188936788761
913942,301355,1718726,2020081,5.70332664133663
914023,301384,1718833,2020217,5.70313288031216
914039,301384,1718859,2020243,5.703219148992647
914215,301395,1719416,2020811,5.704859071981951
914263,301412,1719491,2020903,5.70478613990153
914302,301415,1719506,2020921,5.704779125126486
914305,301416,1719509,2020925,5.704770151551345
914366,301438,1719580,2021018,5.704589335120323
914929,301438,1721034,2022472,5.709412880924104
915030,301476,1721087,2022563,5.70886903103398
915045,301481,1721123,2022604,5.7088937611325425
915070,301485,1721169,2022654,5.708970595552017
915074,301485,1721178,2022663,5.709000447783472
915272,301556,1721576,2023132,5.70897611057316
915297,301565,1721628,2023193,5.708978163911595
915321,301585,1721653,2023238,5.7086824609977285
915332,301585,1721671,2023256,5.708742145663743
915443,301585,1721928,2023513,5.70959431006184
915548,301676,1722107,2023783,5.70846537344701
915555,301676,1722107,2023783,5.70846537344701
915564,301678,1722122,2023800,5.708477250578431
915746,301750,1722517,2024267,5.708424192212096
915788,301754,1722601,2024355,5.708626894755331
915808,301754,1722622,2024376,5.708696487867601
916099,301903,1723569,2025472,5.709015809713716
916130,301916,1723616,2025532,5.708925661442255
916158,301931,1723679,2025610,5.708850697675959
916365,302052,1723960,2026012,5.707494073868076
916389,302067,1723994,2026061,5.707323209751479
916778,302143,1724308,2026451,5.706926852516855
916977,302241,1724533,2026774,5.705820851572089
916996,302247,1724554,2026801,5.705777063130486
917066,302253,1724702,2026955,5.706153454225434
917222,302253,1724964,2027217,5.707020277714365
917235,302259,1724979,2027238,5.706956616676426
917384,302336,1725173,2027509,5.706144819009314
917432,302336,1725244,2027580,5.706379657070279
917487,302354,1725323,2027677,5.706301223069647
918073,302515,1726219,2028734,5.706226137546898
918129,302515,1726307,2028822,5.706517032213279
918148,302522,1726335,2028857,5.706477545434712
918164,302522,1726361,2028883,5.706563489597451
918199,302539,1726410,2028949,5.706404794092663
918203,302540,1726413,2028953,5.706395848482845
918236,302554,1726449,2029003,5.706250784983838
918258,302570,1726471,2029041,5.706021747033744
918328,302570,1726644,2029214,5.706593515550121
918358,302593,1726730,2029323,5.706443969292085
918390,302619,1726794,2029413,5.706165177996094
918498,302691,1726983,2029674,5.7054322725155355
918510,302697,1727006,2029703,5.705395164141039
918531,302701,1727034,2029735,5.705412271515456
918556,302709,1727055,2029764,5.7053308623133105
918603,302716,1727114,2029830,5.705393834485128
918617,302722,1727140,2029862,5.705366640019556
918739,302765,1727225,2029990,5.704837084867802
918774,302772,1727235,2030007,5.704738218857754
918834,302808,1727367,2030175,5.704495918205596
918860,302810,1727382,2030192,5.704507777153991
918894,302810,1727421,2030231,5.704636570786962
919020,302878,1727772,2030650,5.704514689082733
919105,302883,1727871,2030754,5.7047473777003
919129,302883,1727901,2030784,5.704846425847604
919143,302886,1727922,2030808,5.7048592539767435
919165,302888,1727929,2030817,5.704844695068804
919180,302888,1727944,2030832,5.704894218324926
919226,302888,1727994,2030882,5.705059295845329
919229,302889,1727997,2030886,5.705050364985192
919266,302889,1728033,2030922,5.705169220407476
919303,302895,1728128,2031023,5.70536984763697
919368,302912,1728158,2031070,5.705148690048595
919377,302917,1728186,2031103,5.705146954446268
919406,302917,1728213,2031130,5.705236087773218
919428,302929,1728254,2031183,5.705145430117288
919550,302967,1728451,2031418,5.705080091231058
919553,302969,1728452,2031421,5.705045730751331
919598,302992,1728545,2031537,5.704919601837672
919628,303003,1728600,2031603,5.704894010950387
919769,303005,1729017,2032022,5.70623257041963
920049,303091,1729350,2032441,5.705712145857185
921814,303415,1732570,2035985,5.710231860652901
921935,303415,1732766,2036181,5.710877840581382
922026,303415,1732814,2036229,5.71103603974754
922039,303428,1732835,2036263,5.710860566592404
922065,303452,1732883,2036335,5.710567074858627
922081,303461,1732904,2036365,5.710466913376019
922389,303526,1733584,2037110,5.7114843538939
922908,303526,1734069,2037595,5.7130822400716905
922923,303536,1734111,2037647,5.713032391544989
922959,303538,1734158,2037696,5.713149589178291
922992,303548,1734263,2037811,5.713307285832883
923034,303559,1734326,2037885,5.71330779189548
923049,303570,1734351,2037921,5.713183120861745
923060,303578,1734380,2037958,5.713128092286002
923076,303587,1734403,2037990,5.713034484348803
923132,303625,1734553,2038178,5.712813503499382
923202,303659,1734673,2038332,5.7125690330271786
923237,303659,1734685,2038344,5.712608551039159
923377,303662,1734767,2038429,5.712822150944142
923451,303676,1734897,2038573,5.712986867582555
923481,303689,1734946,2038635,5.712903661311407
923521,303723,1735028,2038751,5.712534118259072
923569,303758,1735081,2038839,5.712050382212156
923603,303758,1735154,2038912,5.712290705100771
923613,303763,1735163,2038926,5.712226308009863
923779,303774,1735470,2039244,5.713030081573802
923896,303822,1735624,2039446,5.7126343714411725
923904,303827,1735634,2039461,5.7125732736063615
923934,303836,1735679,2039515,5.712552166300241
923979,303840,1735716,2039556,5.712598736176935
924128,303914,1735874,2039788,5.711727659798496
924220,303914,1735929,2039843,5.711908632047224
924242,303914,1735934,2039848,5.7119250840698355
924244,303915,1735940,2039855,5.711926031949723
924298,303955,1736031,2039986,5.7114737378888325
924641,303983,1736805,2040788,5.713493846695375
924665,303983,1736854,2040837,5.7136550399199955
924690,303998,1736902,2040900,5.713531010072435
924990,303998,1737445,2041443,5.71531720603425
925021,304028,1737563,2041591,5.715141368558159
925087,304044,1737660,2041704,5.715159647945692
925098,304047,1737684,2041731,5.71518219222686
925112,304052,1737701,2041753,5.715144120084722
925158,304068,1737755,2041823,5.71502098214873
925213,304090,1737786,2041876,5.714709461014831
925744,304090,1738395,2042485,5.716712157584926
927540,304090,1742000,2046090,5.728567200499852
927550,304090,1742016,2046106,5.728619816501694
927605,304126,1742059,2046185,5.728083097137371
927654,304138,1742138,2046276,5.7281168416968615
927750,304179,1742232,2046411,5.727653782805519
927754,304181,1742235,2046416,5.727625985843955
927804,304191,1742307,2046498,5.727674388788623
927865,304218,1742392,2046610,5.727445450302086
927988,304218,1742729,2046947,5.728553208554392
928307,304223,1743309,2047532,5.730365554215164
928983,304441,1743763,2048204,5.727753489181812
929014,304454,1743832,2048286,5.727735552825714
929110,304483,1743945,2048428,5.727561144628764
929277,304623,1744276,2048899,5.726015435472699
929361,304650,1744383,2049033,5.7258591826686365
929371,304654,1744398,2049052,5.725833240331655
930131,304865,1745870,2050735,5.726698702704476
930148,304880,1745898,2050778,5.7265087903437415
930172,304889,1745936,2050825,5.726464385399276
930325,304978,1746128,2051106,5.725422817383549
930460,305033,1746359,2051392,5.725147770896919
930462,305033,1746359,2051392,5.725147770896919
930488,305039,1746396,2051435,5.725156455404063
930540,305039,1746436,2051475,5.725287586177505
930701,305039,1746823,2051862,5.726556276410557
930749,305065,1746896,2051961,5.72630750823595
931201,305065,1747728,2052793,5.729034795863177
931243,305077,1747796,2052873,5.729032342654477
931749,305132,1748369,2053501,5.729877561186634
932041,305260,1749300,2054560,5.730524798532398
932075,305260,1749364,2054624,5.730734455873681
932450,305313,1749990,2055303,5.731789999115661
932574,305373,1750121,2055494,5.7310927947133505
932629,305406,1750205,2055611,5.730748577303655
932662,305419,1750292,2055711,5.730789505564487
932712,305440,1750345,2055785,5.730569015191199
932992,305445,1750803,2056248,5.731974659922408
933013,305454,1750831,2056285,5.7318974379120915
933038,305463,1750879,2056342,5.731885694830471
933161,305517,1751114,2056631,5.73164177443481
933185,305527,1751143,2056670,5.731549093860772
933213,305532,1751158,2056690,5.73150439233861
933263,305532,1751262,2056794,5.731844782215938
933293,305555,1751320,2056875,5.731603148369361
933306,305564,1751331,2056895,5.731470330274509
934436,305811,1752142,2057953,5.729493052898686
934514,305859,1752236,2058095,5.728901225728195
934710,305948,1752767,2058715,5.728970282531672
934865,306046,1753032,2059078,5.728001672951125
935111,306059,1753449,2059508,5.729120855782709
935188,306087,1753538,2059625,5.728887538510293
935215,306087,1753570,2059657,5.728992083949988
935430,306127,1754597,2060724,5.73159832357159
935491,306132,1754690,2060822,5.731808500908105
935521,306141,1754796,2060937,5.731986241633757
935532,306143,1754826,2060969,5.7320467885922595
935548,306143,1754852,2060995,5.732131716224117
935583,306157,1754944,2061101,5.732170095735195
935593,306161,1754954,2061115,5.732127867363904
935608,306167,1754980,2061147,5.7321004549804515
935734,306170,1755366,2061536,5.733305026619198
935774,306179,1755429,2061608,5.733342260573063
936102,306233,1755669,2061902,5.7331149810765005
936110,306236,1755702,2061938,5.733166577410886
936460,306271,1756306,2062577,5.734483512967274
936571,306271,1756521,2062792,5.735185505646959
936670,306287,1756685,2062972,5.73542135317529
936702,306298,1756715,2063013,5.735313322320094
936745,306316,1756791,2063107,5.735224408780475
936935,306407,1757038,2063445,5.734327218372949
936985,306407,1757145,2063552,5.734676427105125
937114,306492,1757384,2063876,5.733865810526865
937820,306492,1758522,2065014,5.737578794878822
937827,306504,1758528,2065032,5.737373737373737
937878,306504,1758528,2065032,5.737373737373737
937953,306574,1758697,2065271,5.736614977134395
937975,306588,1758749,2065337,5.736522629718058
937989,306594,1758805,2065399,5.736593018780537
938060,306594,1758932,2065526,5.737007247369485
938070,306594,1758948,2065542,5.737059433648408
938107,306598,1758990,2065588,5.737121572873926
954443,307511,1790190,2097701,5.821547847068885
954552,307590,1790416,2098006,5.820787411814428
954724,307622,1790505,2098127,5.820471227675524
955745,307632,1791704,2099336,5.824179539189681
955754,307634,1791720,2099354,5.824193684703252
955835,307640,1791863,2099503,5.824544922636848
955871,307669,1791910,2099579,5.824148679262454
955993,307723,1792179,2099902,5.824000805919609
956102,307791,1792456,2100247,5.8236140757851915
956124,307803,1792481,2100284,5.823468257294438
956194,307806,1792659,2100465,5.823989785774156
956612,308044,1793555,2101599,5.822398748230772
956661,308044,1793660,2101704,5.822739608627339
956710,308053,1793742,2101795,5.822835680873096
956721,308057,1793751,2101808,5.822789288995218
956758,308074,1793813,2101887,5.822669228821646
957099,308074,1794492,2102566,5.8248732447399005
957112,308074,1794520,2102594,5.824964131994261
957144,308074,1794568,2102642,5.825119938716023
957148,308074,1794578,2102652,5.825152398449723
957227,308084,1794750,2102834,5.8255216109892105
957331,308095,1794800,2102895,5.825475908404875
957648,308348,1795617,2103965,5.823345700312633
958035,308559,1796405,2104964,5.821917364264209
958050,308566,1796425,2104991,5.821850106622247
958074,308587,1796461,2105048,5.8215705781513805
958615,308617,1797754,2106371,5.825194334725566
958673,308642,1797830,2106472,5.824968734002502
958695,308649,1797868,2106517,5.824959743916229
958736,308676,1797925,2106601,5.824634892249478
958885,308765,1798194,2106959,5.823827182485061
958906,308783,1798241,2107024,5.82363990245577
958977,308819,1798295,2107114,5.823135882183415
959323,308848,1798596,2107444,5.8235636947624725
959355,308860,1798631,2107491,5.823450754387101
959375,308883,1798674,2107557,5.823156340750381
959420,308918,1798762,2107680,5.822781450093553
959456,308925,1798819,2107744,5.822834021202557
959477,308938,1798875,2107813,5.822770264583832
959542,308970,1798974,2107944,5.822487620157297
959946,308975,1799703,2108678,5.824752811716158
959990,308993,1799825,2108818,5.8248083289912715
960124,309052,1800114,2109166,5.8246314536065125
960210,309119,1800224,2109343,5.8237248438303695
960293,309143,1800475,2109618,5.824084646910976
960334,309167,1800543,2109710,5.823852481021584
960347,309173,1800554,2109727,5.823775038570639
960363,309180,1800583,2109763,5.823736981693512
960404,309205,1800630,2109835,5.823418120664284
960406,309205,1800635,2109840,5.823434291166055
961083,309336,1801876,2111212,5.824979957069336
961101,309337,1801911,2111248,5.825074271748934
961128,309356,1801942,2111298,5.824816716016499
961146,309356,1801958,2111314,5.824868436364577
961259,309385,1802112,2111497,5.824820207831666
961275,309385,1802138,2111523,5.8249042455193365
961286,309385,1802148,2111533,5.824936567706902
961306,309385,1802169,2111554,5.825004444300791
961351,309397,1802320,2111717,5.825266566902717
961417,309434,1802435,2111869,5.824941667690041
961473,309440,1802492,2111932,5.825012926577043
961666,309440,1802936,2112376,5.826447776628749
962178,309573,1803568,2113141,5.825986116360277
962270,309589,1803815,2113404,5.826482853072945
962273,309591,1803815,2113406,5.826445213200643
962346,309622,1803901,2113523,5.826139615402006
962364,309624,1803905,2113529,5.826114900653696
962374,309624,1803921,2113545,5.8261665762344
962407,309631,1803935,2113566,5.826080075961387
962611,309760,1804295,2114055,5.824815986570248
962612,309760,1804297,2114057,5.8248224431818185
962648,309769,1804326,2114095,5.824746827474667
962688,309777,1804387,2114164,5.824793319065005
962715,309796,1804420,2114216,5.824542602228563
962769,309796,1804420,2114216,5.824542602228563
962799,309824,1804464,2114288,5.824158231770295
962823,309839,1804491,2114330,5.823963413256562
962854,309853,1804572,2114425,5.823961685057108
962862,309853,1804589,2114442,5.824016549783284
962935,309876,1804738,2114614,5.824065109914934
963014,309902,1804869,2114771,5.823999199747017
963037,309908,1804893,2114801,5.823963886056507
963252,309987,1805358,2115345,5.823979715278383
963321,310011,1805419,2115430,5.823725609736429
963352,310035,1805462,2115497,5.82341348557421
963490,310057,1805548,2115605,5.823277655398846
963665,310057,1805969,2116026,5.824635470252244
963800,310067,1806210,2116277,5.825224870753741
963832,310081,1806251,2116332,5.825094088318859
963972,310109,1806419,2116528,5.82510988071936
963982,310113,1806433,2116546,5.82507989023356
964064,310158,1806535,2116693,5.824563609515151
964066,310160,1806535,2116695,5.824526051070415
964175,310188,1806950,2117138,5.825338182005751
964257,310225,1807051,2117276,5.824968974131679
964282,310231,1807106,2117337,5.825033603991864
964371,310259,1807297,2117556,5.82512352582842
964395,310267,1807373,2117640,5.825218279739708
964503,310290,1807510,2117800,5.825228012504431
964577,310293,1807531,2117824,5.825239370530434
964866,310512,1808434,2118946,5.82403900654403
965156,310685,1808852,2119537,5.822141397235142
965333,310685,1809166,2119851,5.823152067206334
965342,310687,1809187,2119874,5.823182173698932
965370,310706,1809216,2119922,5.822919415782122
965423,310735,1809312,2120047,5.822684924453312
965431,310740,1809323,2120063,5.822626633198172
965456,310740,1809366,2120106,5.822765012550685
965467,310740,1809384,2120124,5.822822938791273
965494,310755,1809419,2120174,5.822654502743319
965506,310755,1809444,2120199,5.82273495197181
965521,310759,1809464,2120223,5.822724361965381
965529,310763,1809472,2120235,5.822675157595982
965553,310769,1809514,2120283,5.822697888141996
965561,310781,1809532,2120313,5.822530978406016
965578,310790,1809558,2120348,5.822446024646868
965601,310811,1809619,2120430,5.822248890805023
965627,310821,1809661,2120482,5.822196698421278
965694,310821,1809734,2120555,5.822431560287111
965892,310919,1810016,2120935,5.82150334974704
966171,311092,1810413,2121505,5.819542129016496
966181,311098,1810421,2121519,5.819455605629094
966328,311245,1810795,2122040,5.817908721425244
966574,311245,1812082,2123327,5.822043727610082
966598,311253,1812129,2123382,5.822045088722036
966643,311277,1812203,2123480,5.821833929265574
966665,311291,1812235,2123526,5.821674895837014
966771,311379,1812544,2123923,5.821021970010823
966912,311401,1812601,2124002,5.82079376752162
967177,311545,1812839,2124384,5.818867258341491
967293,311564,1812966,2124530,5.818920029271674
967310,311564,1812993,2124557,5.8190066888343965
967356,311613,1813109,2124722,5.818463928013273
967364,311613,1813128,2124741,5.818524901079224
967376,311613,1813149,2124762,5.818592292362642
967482,311664,1813273,2124937,5.8180380152985265
967483,311664,1813275,2124939,5.818044432465732
968521,311678,1814587,2126265,5.821992569254166
968538,311689,1814621,2126310,5.821896184979258
968554,311694,1814648,2126342,5.821889417184803
968574,311694,1814669,2126363,5.821956790955232
968686,311785,1814857,2126642,5.8208605288901
968708,311800,1814907,2126707,5.820740859525337
968785,311828,1815029,2126857,5.820609438536629
968877,311828,1815219,2127047,5.821218748797414
968932,311836,1815291,2127127,5.82130029887505
968984,311836,1815331,2127167,5.821428571428571
969093,311842,1815662,2127504,5.822377999114936
969133,311862,1815748,2127610,5.822280367598489
969210,311911,1815837,2127748,5.821651047895073
969345,311970,1815983,2127953,5.821018046607046
969457,311970,1816247,2128217,5.82186428182197
969488,311970,1816309,2128279,5.82206301888002
969516,311971,1816358,2128329,5.822201422568123
969540,311977,1816394,2128371,5.822204842023611
969552,311997,1816428,2128425,5.8219405955826495
969587,312007,1816480,2128487,5.821920662036429
969645,312007,1816577,2128584,5.82223155249722
969934,312097,1817193,2129290,5.82252632995511
969937,312097,1817200,2129297,5.822548758879451
970004,312109,1817246,2129355,5.822472277313374
970029,312128,1817277,2129405,5.822217167315973
970084,312140,1817358,2129498,5.822252835266227
970117,312140,1817390,2129530,5.822355353367079
970143,312156,1817431,2129587,5.822188264841938
970173,312182,1817512,2129694,5.821962829375172
970193,312189,1817540,2129729,5.821921976751263
970215,312196,1817585,2129781,5.821935578931185
970225,312204,1817597,2129801,5.821824832481326
970249,312204,1817612,2129816,5.821872877990032
970268,312204,1817632,2129836,5.821936938668307
970368,312220,1817855,2130075,5.822352828134008
970435,312220,1817915,2130135,5.822545000320287
970620,312220,1818193,2130413,5.823435398116713
970639,312229,1818243,2130472,5.823427676481044
970701,312257,1818378,2130635,5.82333782749466
971143,312257,1819426,2131683,5.826694037283391
972662,312950,1821804,2134754,5.8213899984023
972714,312960,1821894,2134854,5.821491564417178
972811,312995,1822076,2135071,5.821422067445167
972838,313005,1822121,2135126,5.821379850162138
972841,313008,1822127,2135135,5.821343224454327
972870,313029,1822160,2135189,5.8210581128266075
972875,313037,1822169,2135206,5.8209380999690135
972897,313044,1822191,2135235,5.820878215202975
972918,313044,1822223,2135267,5.820980437254827
972962,313053,1822290,2135343,5.8210271104253914
972976,313059,1822330,2135389,5.821043317713275
973076,313101,1822424,2135525,5.820562693827232
973094,313109,1822442,2135551,5.820471465208602
973434,313162,1822752,2135914,5.820476302999725
973448,313162,1822787,2135949,5.820588066240476
973477,313177,1822815,2135992,5.820398688281706
973678,313187,1823825,2137012,5.823437754440637
974018,313357,1824234,2137591,5.821583688891583
974062,313393,1824297,2137690,5.821115978978471
974756,313445,1824406,2137851,5.820498014005647
974763,313453,1824430,2137883,5.820426028782625
974863,313508,1824656,2138164,5.820125802212384
974874,313511,1824668,2138179,5.82010838535171
974889,313517,1824703,2138220,5.820108638447038
974944,313524,1824803,2138327,5.820297648664855
975107,313524,1825099,2138623,5.82124175501716
975126,313531,1825147,2138678,5.821264882898342
975184,313560,1825252,2138812,5.82106135986733
975284,313560,1825371,2138931,5.8214408725602755
975291,313563,1825393,2138956,5.8214553375238784
975322,313563,1825453,2139016,5.821646686630757
977145,313576,1829155,2142731,5.8332110875832335
977470,313754,1829698,2143452,5.831632425403342
977477,313754,1829712,2143466,5.831677046348413
977563,313804,1829897,2143701,5.831337395316822
977673,313809,1830142,2143951,5.832025212788671
977697,313826,1830181,2144007,5.8318335638219905
977719,313828,1830188,2144016,5.831818703238716
977740,313839,1830233,2144072,5.831757684672715
977792,313839,1830291,2144130,5.831942492806822
977846,313851,1830388,2144239,5.832028574068587
977850,313854,1830389,2144243,5.831976014325132
977855,313855,1830402,2144257,5.8319988529735065
978016,313917,1830709,2144626,5.83182497284314
978026,313920,1830717,2144637,5.831794724770642
978104,313954,1830832,2144786,5.8315294597297695
978113,313956,1830841,2144797,5.8315209774618095
978169,313970,1830883,2144853,5.831394719240691
978522,314169,1831542,2145711,5.829798611575298
978530,314169,1831567,2145736,5.829878186581108
978540,314169,1831567,2145736,5.829878186581108
978594,314189,1831649,2145838,5.829768069537763
978986,314198,1832744,2146942,5.833086143132674
979075,314215,1832923,2147138,5.833340228824213
979110,314228,1832967,2147195,5.833238922056596
979137,314232,1832996,2147228,5.833256956643499
979151,314241,1833041,2147282,5.833233091798969
979152,314241,1833043,2147284,5.833239456340834
979234,314273,1833115,2147388,5.83287460265438
979341,314373,1833442,2147815,5.832059368966164
979438,314427,1833626,2148053,5.831642956870752
979443,314430,1833629,2148059,5.831596857806189
979501,314440,1833741,2148181,5.831767586821015
979659,314547,1834060,2148607,5.830797941166185
979771,314641,1834382,2149023,5.830079360286803
979841,314659,1834498,2149157,5.830114504908488
980024,314727,1834684,2149411,5.829445837185879
980096,314780,1834816,2149596,5.828883664781753
980104,314780,1834816,2149596,5.828883664781753
980738,315099,1836714,2151813,5.829006121885502
980755,315106,1836751,2151857,5.828994052794933
980779,315114,1836772,2151886,5.8289127109554
980914,315205,1837046,2152251,5.828099173553719
981986,315463,1839432,2154895,5.830896174828744
982123,315471,1839480,2154951,5.830900463117054
982208,315525,1839596,2155121,5.830270184612947
982222,315525,1839622,2155147,5.830352586958244
982237,315533,1839634,2155167,5.830242795523764
982242,315535,1839646,2155181,5.8302438715198
982269,315535,1839684,2155219,5.830364301899948
982430,315535,1840004,2155539,5.8313784524696155
982443,315535,1840024,2155559,5.831441836880219
982475,315541,1840108,2155649,5.831597161700064
982673,315544,1840382,2155926,5.8324100600867075
982797,315544,1840585,2156129,5.833053393504551
982821,315551,1840624,2156175,5.833047589771542
983278,315565,1841370,2156935,5.835152821130354
983346,315575,1841502,2157077,5.835386199794026
983476,315575,1841888,2157463,5.836609363859622
983484,315579,1841901,2157480,5.83657657828943
983507,315579,1841935,2157514,5.836684316763789
983636,315579,1842217,2157796,5.837577912345245
983683,315612,1842289,2157901,5.837195670633562
984855,315955,1842849,2158804,5.8326312291307305
984876,315965,1842869,2158834,5.832509929897299
984909,315965,1842933,2158898,5.832712483977656
984916,315969,1842942,2158911,5.832667128737313
984975,316005,1843018,2159023,5.832243160709482
984985,316011,1843053,2159064,5.832243181408242
985096,316011,1843268,2159279,5.832923537471797
985116,316011,1843289,2159300,5.832989990854749
985141,316018,1843309,2159327,5.832924073945155
985386,316153,1844092,2160245,5.832910015087632
985524,316207,1844203,2160410,5.832264940371339
985586,316212,1844259,2160471,5.832349815946264
985690,316238,1844563,2160801,5.8328316015153145
985726,316244,1844584,2160828,5.832787341419916
985814,316299,1844692,2160991,5.832114549840499
985830,316307,1844728,2161035,5.832080858153629
985866,316330,1844785,2161115,5.831837005658648
985930,316356,1844904,2161260,5.831733869438228
985935,316356,1844904,2161260,5.831733869438228
985994,316368,1844987,2161355,5.831775021493956
986015,316368,1845017,2161385,5.831869847772214
986145,316446,1845348,2161794,5.831478356496843
986315,316446,1845633,2162079,5.832378984092073
986350,316460,1845674,2162134,5.8322505213929094
986384,316472,1845706,2162178,5.832130488637225
986521,316560,1845969,2162529,5.831340030326005
986574,316597,1846075,2162672,5.830993344851657
986690,316691,1846332,2163023,5.830074110094698
986698,316698,1846352,2163050,5.830008399168924
987339,316706,1847314,2164020,5.832898650483414
987369,316708,1847351,2164059,5.832978642787678
987724,316834,1847590,2164424,5.831413295290278
987727,316834,1847599,2164433,5.831441701332559
988258,316843,1848198,2165041,5.8331665840810745
988326,316843,1848198,2165041,5.8331665840810745
988360,316854,1848233,2165087,5.833074539062155
988470,316854,1848391,2165245,5.833573191438328
988499,316859,1848415,2165274,5.8335568817676
988549,316879,1848461,2165340,5.8333338592964505
989010,317090,1849047,2166137,5.831300261755338
989033,317113,1849094,2166207,5.831025533484909
989067,317121,1849222,2166343,5.831282065836069
989094,317121,1849292,2166413,5.8315028017696715
989288,317121,1849786,2166907,5.83306056678681
989528,317251,1850076,2167327,5.831584455210543
989673,317329,1850328,2167657,5.830945170469765
989817,317383,1850477,2167860,5.830422549411909
990134,317520,1850935,2168455,5.829349332325523
990140,317520,1850983,2168503,5.829500503905265
990251,317520,1851199,2168719,5.830180776014109
990325,317574,1851310,2168884,5.829538942104833
990331,317574,1851310,2168884,5.829538942104833
990357,317574,1851349,2168923,5.829661748127996
990391,317599,1851409,2169008,5.829391780200819
990440,317639,1851482,2169121,5.8288875106646225
990483,317647,1851580,2169227,5.8290492276017085
990557,317683,1851676,2169359,5.8286908647928914
990630,317695,1851732,2169427,5.828646972725413
990642,317698,1851763,2169461,5.82868951016374
990675,317719,1851839,2169558,5.8285434613605105
990819,317723,1852034,2169757,5.829083824589343
990871,317745,1852089,2169834,5.8288533257801065
990927,317775,1852191,2169966,5.828624026433798
990982,317806,1852276,2170082,5.828322939151558
991152,317806,1852621,2170427,5.829408507076645
991177,317806,1852648,2170454,5.829493464566434
991197,317814,1852679,2170493,5.82944426614309
991213,317822,1852739,2170561,5.829486316239908
991222,317828,1852748,2170576,5.829404583611262
991348,317855,1853015,2170870,5.829749414040993
991360,317857,1853018,2170875,5.8297221706616495
991381,317866,1853042,2170908,5.829632612484506
991490,317902,1853122,2171024,5.829224100508962
991550,317915,1853215,2171130,5.8292782662032305
991624,317934,1853347,2171281,5.829345084199866
991725,317998,1853493,2171491,5.82863099767923
991756,318010,1853546,2171556,5.828577717681834
991911,318052,1853697,2171749,5.828282796523839
993118,318681,1856294,2174975,5.824928376652514
993240,318714,1856554,2175268,5.8251410355365625
993251,318720,1856568,2175288,5.825075301204819
993364,318770,1856686,2175456,5.824531794083509
993386,318777,1856738,2175515,5.824567017068358
993814,318785,1857637,2176422,5.827240930407641
993879,318789,1857919,2176708,5.8280524108422815
993894,318797,1857934,2176731,5.827953211604877
994667,318846,1858737,2177583,5.829576033571065
994850,318886,1859121,2178007,5.830048983022146
994989,318966,1859404,2178370,5.829473987823153
995024,318974,1859424,2178398,5.829390483236878
995053,318984,1859467,2178451,5.829342537556743
995065,318998,1859486,2178484,5.829146264239901
995492,319002,1860025,2179027,5.830762816534065
995501,319004,1860041,2179045,5.830776416596657
995907,319143,1860682,2179825,5.830245375897325
995913,319148,1860687,2179835,5.830169701831125
996056,319206,1860930,2180136,5.829871618954531
996078,319218,1860963,2180181,5.829755840836043
996104,319233,1861013,2180246,5.829638539875264
997181,319894,1862849,2182743,5.823332103759371
997259,319937,1862971,2182908,5.822930764494259
997270,319937,1862981,2182918,5.822962020647815
997473,320040,1863274,2183314,5.8220034995625545
997750,320156,1863783,2183939,5.821483901597971
997775,320181,1863811,2183992,5.8211168058067155
997837,320181,1863875,2184056,5.821316692745666
1000198,322236,1873548,2195784,5.814210702714781
1000205,322236,1873548,2195784,5.814210702714781
1000226,322236,1873578,2195814,5.814303802182252
1000280,322262,1873681,2195943,5.814154321638915
1000335,322275,1873722,2195997,5.81404700954154
1000477,322293,1873895,2196188,5.814259074817015
1000547,322293,1874165,2196458,5.815096821836031
1000575,322302,1874192,2196494,5.815018212732158
1000711,322369,1874386,2196755,5.814411435342729
1000727,322369,1874386,2196755,5.814411435342729
1000779,322398,1874484,2196882,5.814192395734465
1001109,322410,1875194,2197604,5.816178158245712
1001116,322413,1875207,2197620,5.816164360618213
1001215,322418,1875371,2197789,5.816582821058377
1001235,322418,1875392,2197810,5.8166479538983555
1001559,322472,1875618,2198090,5.81637475501749
1001570,322480,1875634,2198114,5.816280079384768
1001837,322480,1876251,2198731,5.818193376333416
1001867,322487,1876307,2198794,5.818240735285453
1001890,322495,1876358,2198853,5.818254546582118
1001931,322515,1876419,2198934,5.818082879866052
1001957,322521,1876453,2198974,5.8180800630036495
1002062,322579,1876556,2199135,5.81735326850167
1002084,322583,1876575,2199158,5.817340033417756
1002211,322615,1876678,2199293,5.817082280737101
1002434,322685,1877130,2199815,5.81722112896478
1002437,322685,1877139,2199824,5.817249019942048
1002733,322834,1877368,2200202,5.815273484205505
1003029,322944,1877862,2200806,5.814822384066588
1003283,323017,1878384,2201401,5.815124281384571
1003316,323034,1878470,2201504,5.815084480271427
1003336,323043,1878490,2201533,5.814984382884012
1003534,323061,1878986,2202047,5.816195702978694
1003587,323090,1879084,2202174,5.815976972360643
1003635,323108,1879194,2202302,5.815993413966847
1003693,323128,1879299,2202427,5.815958381817731
1003731,323137,1879378,2202515,5.816040874304088
1003786,323152,1879482,2202634,5.8160927365450314
1003812,323158,1879519,2202677,5.816099245570278
1003819,323158,1879526,2202684,5.816120906801007
1003831,323158,1879541,2202699,5.816167323723999
1003968,323184,1879761,2202945,5.816380142581316
1003993,323197,1879796,2202993,5.816254482560172
1004013,323199,1879864,2203063,5.816428887465618
1005125,323682,1881773,2205455,5.813647345233902
1005146,323682,1881802,2205484,5.8137369393417
1005167,323686,1881839,2205525,5.813779403495981
1005172,323688,1881843,2205531,5.813755838956031
1005186,323695,1881869,2205564,5.813710437294366
1005198,323702,1881887,2205589,5.813640323507424
1005261,323710,1882011,2205721,5.813879707145285
1005310,323710,1882027,2205737,5.81392913410151
1005325,323718,1882083,2205801,5.813958445313514
1005346,323720,1882083,2205803,5.813922525639441
1005370,323739,1882118,2205857,5.813689422652198
1005404,323746,1882155,2205901,5.813678006832517
1005446,323753,1882229,2205982,5.813780876161765
1005753,323856,1882978,2206834,5.8142446025394
1005774,323863,1882995,2206858,5.814171424336834
1005806,323869,1883059,2206928,5.814261321707233
1005882,323905,1883344,2207249,5.814494990815208
1005917,323913,1883419,2207332,5.814582928131936
1005944,323916,1883433,2207349,5.8145722965213205
1006087,324003,1883629,2207632,5.813615923309352
1006105,324019,1883672,2207691,5.813461556266762
1006144,324040,1883704,2207744,5.813183557585483
1006381,324070,1884074,2208144,5.813787144752677
1006710,324209,1884656,2208865,5.813089704480752
1006737,324222,1884701,2208923,5.812995416720642
1006774,324246,1884757,2209003,5.8127378595264085
1006851,324288,1884924,2209212,5.8125
1006858,324290,1884925,2209215,5.812467236115822
1007189,324290,1885261,2209551,5.81350334577076
1007208,324298,1885274,2209572,5.813400020968369
1007252,324306,1885323,2209629,5.813407707535475
1007257,324309,1885334,2209643,5.8133878492425435
1007259,324309,1885339,2209648,5.813403266637682
1007303,324336,1885403,2209739,5.813116644467466
1007785,324336,1886558,2210894,5.816677766267081
1007798,324336,1886584,2210920,5.816757930047852
1008498,324587,1887503,2212090,5.815091177403901
1008541,324620,1887583,2212203,5.814746472798965
1008571,324643,1887629,2212272,5.814476209251393
1008598,324663,1887661,2212324,5.814216587661668
1008694,324718,1887807,2212525,5.813681409715507
1008732,324718,1887855,2212573,5.813829230285971
1008735,324718,1887860,2212578,5.8138446282620615
1008875,324788,1888089,2212877,5.813296673522421
1008905,324798,1888131,2212929,5.81324700275248
1008936,324807,1888191,2212998,5.8132706499552045
1008975,324807,1888307,2213114,5.813627785115469
1008993,324807,1888340,2213147,5.813729383911061
1009168,324889,1888580,2213469,5.81300074794776
1009199,324900,1888637,2213537,5.812979378270237
1009241,324914,1888715,2213629,5.81296897025059
1009266,324925,1888742,2213667,5.812855274294068
1009565,325081,1889328,2214409,5.811868426638284
1009575,325084,1889342,2214426,5.81185785827663
1009631,325106,1889420,2214526,5.811704490227803
1009803,325106,1889800,2214906,5.812873339772259
1009913,325145,1889964,2215109,5.8126804963939165
1010064,325236,1890185,2215421,5.811733633423114
1010119,325236,1890284,2215520,5.812038027770604
1010151,325236,1890333,2215569,5.812188687599159
1010474,325360,1890711,2216071,5.811135357757561
1010515,325387,1890779,2216166,5.810862142617867
1010522,325387,1890779,2216166,5.810862142617867
1010623,325443,1890909,2216352,5.810261704814668
1047925,325448,2001429,2326877,6.149765861212852
1048011,325469,2001521,2326990,6.149651733344804
1048070,325485,2001574,2327059,6.149512266310276
1048104,325515,2001647,2327162,6.149169777122406
1048167,325550,2001754,2327304,6.148837352173246
1048283,325550,2001972,2327522,6.14950698817386
1048290,325550,2001988,2327538,6.149556135770235
1048346,325606,2002096,2327702,6.148830181262016
1048361,325615,2002120,2327735,6.148733934247501
1048498,325700,2002464,2328164,6.148185446730119
1048535,325715,2002519,2328234,6.1480711665106
1048551,325720,2002535,2328255,6.1480259118261085
1048632,325720,2002579,2328299,6.148160997175488
1048641,325725,2002589,2328314,6.148097321360043
1048680,325753,2002672,2328425,6.147823657802077
1049105,325926,2003347,2329273,6.146631443947399
1049127,325926,2003352,2329278,6.1466467848530035
1049139,325926,2003357,2329283,6.146662125758608
1049174,325947,2003387,2329334,6.146358150251421
1049200,325950,2003447,2329397,6.1464856573094035
1049211,325950,2003457,2329407,6.146516336861482
1049248,325952,2003500,2329452,6.146610543883762
1049318,325989,2003614,2329603,6.146262603952894
1049338,325995,2003647,2329642,6.146250709366708
1049651,326103,2004001,2330104,6.145300717871347
1049653,326103,2004006,2330109,6.145316050450318
1049729,326157,2004103,2330260,6.144596007444267
1049790,326220,2004209,2330429,6.143734289743118
1049799,326222,2004223,2330445,6.1437395393321115
1049857,326237,2004301,2330538,6.143696147279432
1049881,326249,2004339,2330588,6.143586647008879
1049935,326249,2004508,2330757,6.144104656259483
1049949,326256,2004527,2330783,6.144031067627875
1050273,326363,2005160,2331523,6.143956269552615
1050303,326381,2005233,2331614,6.143841093691115
1050330,326402,2005258,2331660,6.143522404887225
1050354,326408,2005317,2331725,6.143590230631602
1050383,326408,2005317,2331725,6.143590230631602
1050409,326417,2005373,2331790,6.143592398680216
1050442,326436,2005415,2331851,6.1433634770674805
1050495,326460,2005482,2331942,6.143117074067267
1050896,326570,2005801,2332371,6.142024680772882
1050924,326570,2005839,2332409,6.14214104173684
1051716,326570,2007772,2334342,6.148060140245583
1051976,326672,2008426,2335098,6.14814247930646
1052017,326698,2008499,2335197,6.147876632241397
1052223,326856,2008817,2335673,6.145877695376558
1052289,326876,2008934,2335810,6.145859592016545
1052300,326885,2008951,2335836,6.145742386466188
1052351,326897,2008973,2335870,6.145584083059802
1053048,326897,2010868,2337765,6.151381016038691
1053073,326906,2010897,2337803,6.151300373807762
1053130,326917,2010944,2337861,6.151237164173169
1053372,326922,2011427,2338349,6.152620502749891
1053402,326931,2011471,2338402,6.1525857138050535
1053436,326935,2011525,2338460,6.152675608301345
1053486,326966,2011589,2338555,6.152288005480692
1053614,327073,2011821,2338894,6.150984642572148
1053676,327097,2011911,2339008,6.150808475773242
1053840,327132,2012050,2339182,6.150575302935818
1053845,327132,2012050,2339182,6.150575302935818
1053852,327137,2012067,2339204,6.150533262822609
1054099,327144,2012882,2340026,6.152892915657937
1054119,327144,2012927,2340071,6.153030469762551
1054301,327144,2013333,2340477,6.154271513461961
1054388,327169,2013431,2340600,6.154100785832399
1054445,327169,2013581,2340750,6.154559264477991
1054478,327179,2013619,2340798,6.154487299001464
1054489,327187,2013640,2340827,6.154401000039733
1054648,327187,2013961,2341148,6.155382090364226
1054670,327191,2014052,2341243,6.155584964134099
1054770,327191,2014113,2341304,6.155771399580062
1054805,327208,2014181,2341389,6.155659397080756
1054925,327243,2014382,2341625,6.155615246162638
1054935,327243,2014398,2341641,6.1556641394926706
1055209,327346,2015112,2342458,6.155908427168806
1055278,327388,2015208,2342596,6.155411927132333
1055431,327388,2015700,2343088,6.156914731144697
1055691,327399,2016410,2343809,6.158876477936707
1055703,327409,2016437,2343846,6.158770834033273
1055712,327411,2016459,2343870,6.1588004068281155
1055766,327414,2016595,2344009,6.159159351768709
1055786,327414,2016626,2344040,6.159254033120147
1055802,327414,2016653,2344067,6.159336497523014
1055920,327461,2016857,2344318,6.159075431883491
1055971,327489,2016989,2344478,6.158951903728064
1057178,327576,2021422,2348998,6.17084890223948
1057180,327576,2021432,2349008,6.170879429506435
1057201,327593,2021473,2349066,6.170684355282317
1057225,327601,2021521,2349122,6.170680187178916
1057265,327625,2021587,2349212,6.170429607020221
1057320,327634,2021862,2349496,6.1710994585421535
1057407,327665,2021982,2349647,6.170881845787618
1058187,327904,2023204,2351108,6.170110764126085
1058220,327934,2023286,2351220,6.169796361462978
1058364,327961,2023588,2351549,6.170209262686722
1058367,327961,2023597,2351558,6.170236704974067
1058709,328185,2024454,2352639,6.168636592166004
1058929,328185,2025163,2353348,6.170796959032253
1058961,328187,2025210,2353397,6.1709025646963465
1059396,328196,2025969,2354165,6.17304598471645
1059404,328203,2025981,2354184,6.172950887103409
1059481,328220,2026053,2354273,6.172850527085491
1059767,328220,2026563,2354783,6.174404362927305
1059784,328226,2026581,2354807,6.174346334537788
1059812,328244,2026614,2354858,6.17410828529996
1059824,328244,2026635,2354879,6.1741722620977075
1059852,328258,2026660,2354918,6.173985097088266
1059913,328282,2026718,2355000,6.17371040751549
1060525,328442,2027297,2355739,6.172465762600398
1060551,328446,2027331,2355777,6.1724941086205956
1060600,328446,2027392,2355838,6.172679831692272
1060730,328447,2027777,2356224,6.173833221189415
1060902,328481,2028471,2356952,6.175306943171751
1060927,328494,2028522,2357016,6.1752178121974834
1060984,328494,2028567,2357061,6.175354801000932
1061166,328494,2029111,2357605,6.177010843424842
1061242,328498,2032164,2360662,6.186229444319296
1061266,328504,2032186,2360690,6.186183425468183
1061426,328570,2032377,2360947,6.1855221109656995
1061529,328618,2032664,2361282,6.18549196939912
1061559,328624,2032724,2361348,6.185561614489508
1061597,328652,2032799,2361451,6.185262831201392
1061616,328668,2032830,2361498,6.185056044397386
1061685,328668,2032830,2361498,6.185056044397386
1061714,328682,2032849,2361531,6.184850402516719
1061750,328696,2032891,2361587,6.184714751624601
1061763,328707,2032902,2361609,6.184541247980724
1061949,328778,2033202,2361980,6.184118158757581
1061969,328778,2033223,2362001,6.184182031644453
1062022,328801,2033351,2362152,6.1841387343712455
1062025,328803,2033375,2362178,6.184174110333543
1062040,328809,2033415,2362224,6.18418291470124
1062048,328809,2033431,2362240,6.18423157516978
1062069,328809,2033463,2362272,6.184328896106859
1062144,328853,2033612,2362465,6.183954532876392
1062162,328853,2033639,2362492,6.1840366364302595
1062184,328871,2033668,2362539,6.183786347838514
1062799,329057,2034343,2363400,6.182342268968598
1062826,329069,2034379,2363448,6.182226220032881
1062831,329069,2034385,2363454,6.182244453290951
1062851,329083,2034426,2363509,6.182106034040045
1062915,329083,2034601,2363684,6.1826378147762115
1062939,329095,2034633,2363728,6.182509609687172
1062949,329099,2034671,2363770,6.182549931783445
1062959,329104,2034690,2363794,6.1825137342602945
1063315,329120,2035536,2364656,6.184783665532328
1063333,329125,2035553,2364678,6.1847413596657805
1063443,329125,2035893,2365018,6.185774401823015
1063470,329139,2035926,2365065,6.185611550135353
1063567,329183,2036065,2365248,6.185207012512797
1063688,329183,2036279,2365462,6.18585710683723
1063692,329183,2036288,2365471,6.185884447252744
1064045,329376,2036962,2366338,6.184306081803167
1064216,329376,2037306,2366682,6.185350480909356
1064248,329402,2037369,2366771,6.18505352122938
1064291,329426,2037441,2366867,6.184821477357586
1064336,329431,2037530,2366961,6.184997768880281
1064399,329446,2037596,2367042,6.184916496178433
1064402,329446,2037601,2367047,6.184931673172538
1064425,329450,2037616,2367066,6.184902109576567
1064531,329450,2037679,2367129,6.185093337380483
1064596,329496,2037823,2367319,6.184666885182217
1067499,329785,2043878,2373663,6.197607532180057
1067514,329796,2043891,2373687,6.1974402357821194
1067524,329796,2043906,2373702,6.197485718444129
1067716,329871,2044045,2373916,6.196498024985525
1067741,329883,2044097,2373980,6.196430249512706
1068492,330267,2045074,2375341,6.192183899693278
1068522,330276,2045183,2375459,6.192345190083445
1068650,330276,2045600,2375876,6.1936077704707575
1068720,330321,2045736,2376057,6.193175729063547
1068745,330340,2045811,2376151,6.193046558091663
1068912,330432,2045993,2376425,6.191873063141585
1068925,330437,2046010,2376447,6.191830817977405
1068980,330478,2046080,2376558,6.19127445699865
1069091,330545,2046277,2376822,6.190615498646175
1071221,330545,2054874,2385419,6.21662406026411
1071409,330603,2055104,2385707,6.216229132826986
1071430,330615,2055161,2385776,6.216175914583427
1071449,330621,2055188,2385809,6.216144769993437
1071520,330622,2055291,2385913,6.216437502646527
1071562,330638,2055359,2385997,6.216342344195162
1071608,330641,2055475,2386116,6.216636775233561
1071635,330657,2055521,2386178,6.2164750784045095
1071661,330663,2055560,2386223,6.2164802230669896
1071695,330685,2055606,2386291,6.21620575472126
1071731,330710,2055653,2386363,6.215877959541593
1072174,330772,2057851,2388623,6.2213579142128115
1072198,330777,2057880,2388657,6.221351544998594
1072525,330871,2058758,2389629,6.222237669665821
1072564,330874,2058798,2389672,6.222302145227489
1072609,330901,2058912,2389813,6.222138947902847
1072717,330903,2059043,2389946,6.222497227284129
1072970,330903,2059485,2390388,6.2238329661562455
1073034,330924,2059565,2390489,6.223679757285661
1073408,331163,2060461,2391624,6.2218937502076015
1073700,331163,2060962,2392125,6.223406600375042
1073710,331167,2060980,2392147,6.223385784211591
1073773,331192,2061066,2392258,6.223175680571995
1073806,331204,2061112,2392316,6.2230890931268945
1074067,331273,2061337,2392610,6.222472100050411
1074088,331273,2061380,2392653,6.222601902358478
1074142,331282,2061492,2392774,6.222770932317482
1074612,331282,2062938,2394220,6.227135793674272
1074658,331289,2062967,2394256,6.227091753725599
1074666,331289,2062989,2394278,6.227158161001421
1074679,331298,2063012,2394310,6.22705841870461
1074706,331310,2063056,2394366,6.226965681687846
1074730,331310,2063086,2394396,6.227056231324138
1074756,331317,2063131,2394448,6.22706048889734
1075016,331322,2063163,2394485,6.2270630987377835
1075037,331328,2063200,2394528,6.227062005022214
1075247,331361,2063370,2394731,6.226954892096535
1075255,331361,2063399,2394760,6.227042409939613
1075298,331371,2063450,2394821,6.227008398441626
1075550,331455,2063723,2395178,6.226253940957294
1075581,331456,2063788,2395244,6.22643126086117
1075602,331462,2063811,2395273,6.22638794190586
1075720,331462,2064161,2395623,6.227443869885537
1075726,331464,2064168,2395632,6.227427412931721
1075854,331466,2064546,2396012,6.228530226327889
1076042,331599,2065063,2396662,6.227591156788772
1076049,331599,2065075,2396674,6.227627345076432
1076251,331690,2065288,2396978,6.226560945461124
1076318,331715,2065427,2397142,6.226510709494597
1078102,331851,2068664,2400515,6.23371332314804
1078298,331851,2068992,2400843,6.234701718542357
1078320,331863,2069001,2400864,6.234503394473021
1078339,331868,2069039,2400907,6.234523967360516
1078347,331868,2069039,2400907,6.234523967360516
1079172,332032,2069904,2401936,6.234049730146492
1079275,332064,2070011,2402075,6.233771200732389
1079341,332081,2070148,2402229,6.233864629412704
1079374,332103,2070193,2402296,6.233587170245376
1080522,332108,2072064,2404172,6.239127030965831
1080527,332108,2072069,2404177,6.239142086309273
1080556,332108,2072141,2404249,6.239358883254845
1080577,332108,2072203,2404311,6.239545569513532
1080722,332158,2072469,2404627,6.239407149609523
1080776,332168,2072578,2404746,6.239547457912863
1080916,332168,2072774,2404942,6.240137520772621
1081073,332292,2073019,2405311,6.238546218386238
1081111,332322,2073067,2405389,6.23812747877059
1081123,332329,2073101,2405430,6.2380983904504275
1081136,332329,2073127,2405456,6.238176626174664
1081149,332334,2073140,2405474,6.2381218894244945
1081438,332543,2073718,2406261,6.235939412346674
1081459,332554,2073729,2406283,6.235766221425694
1081568,332668,2074122,2406790,6.234810682121514
1081584,332668,2074148,2406816,6.234888838120889
1081589,332668,2074171,2406839,6.234957976120336
1081644,332680,2074225,2406905,6.234895394974149
1081790,332730,2074445,2407175,6.234619661587473
1081911,332737,2074639,2407376,6.2350715429904096
1081963,332749,2074772,2407521,6.235246386916264
1081969,332749,2074791,2407540,6.235303487012733
1081989,332758,2074818,2407576,6.235215982786289
1082031,332783,2074870,2407653,6.234903826217084
1082084,332799,2074976,2407775,6.234922580897178
1082097,332799,2074976,2407775,6.234922580897178
1082182,332879,2075102,2407981,6.233802673043358
1082222,332886,2075123,2408009,6.23373467192973
1082245,332891,2075150,2408041,6.23372214929211
1082354,332944,2075318,2408262,6.2332344177999905
1082369,332951,2075337,2408288,6.233160435018966
1082421,332957,2075498,2408455,6.233531657241025
1082446,332959,2075531,2408490,6.233593325304317
1082498,332988,2075610,2408598,6.233287686042741
1082842,333015,2076401,2409416,6.235157575484588
1082857,333019,2076433,2409452,6.235178773583489
1083139,333019,2076709,2409728,6.236007555124482
1083140,333019,2076713,2409732,6.236019566451163
1083152,333031,2076737,2409768,6.2358669313066954
1083208,333035,2076869,2409904,6.236188388607804
1083548,333176,2077592,2410768,6.235719259490479
1083613,333194,2077671,2410865,6.235619488946379
1083618,333198,2077682,2410880,6.235577644523676
1083633,333204,2077700,2410904,6.23551938152003
1083695,333251,2077792,2411043,6.234916024257991
1083721,333257,2077814,2411071,6.234869785180806
1084375,333601,2078971,2412572,6.231908777251867
1084409,333610,2079033,2412643,6.231926501004167
1084410,333610,2079035,2412645,6.231932496028296
1084440,333620,2079067,2412687,6.231841616210059
1084575,333698,2079253,2412951,6.2309423490701175
1084665,333722,2079348,2413070,6.230778911788854
1084690,333742,2079409,2413151,6.2305882987457375
1084705,333745,2079429,2413174,6.230592218610017
1084933,333769,2080002,2413771,6.231860957728249
1084983,333793,2080062,2413855,6.231592633758048
1085850,333797,2081217,2415014,6.234978145399749
1085905,333837,2081297,2415134,6.234470714750013
1085941,333852,2081348,2415200,6.23434336172915
1085943,333852,2081352,2415204,6.234355343086158
1086083,333852,2081717,2415569,6.235448641913183
1086307,333852,2082030,2415882,6.236386183099098
1086329,333859,2082074,2415933,6.236387217358226
1086333,333862,2082075,2415937,6.236334174000036
1086354,333868,2082107,2415975,6.2363179460145926
1086363,333877,2082164,2416041,6.2363205611647405
1086416,333877,2082240,2416117,6.236548189902269
1086423,333881,2082249,2416130,6.236500429793849
1086586,333982,2082570,2416552,6.235575569940895
1086610,333994,2082607,2416601,6.235462313694258
1086661,333994,2082701,2416695,6.235743755875854
1086821,333994,2082977,2416971,6.236570118026072
1086888,334000,2083030,2417030,6.2366167664670655
1086916,334012,2083086,2417098,6.236560363100727
1086985,334074,2083202,2417276,6.235750163137508
1087089,334156,2083338,2417494,6.234626940710327
1087090,334156,2083340,2417496,6.234632925938783
1087111,334158,2083363,2417521,6.234664440175007
1087209,334187,2083560,2417747,6.234712900262428
1087297,334217,2083788,2418005,6.234835451218819
1087302,334220,2083802,2418022,6.234821375142122
1087763,334252,2083964,2418216,6.234709141605735
1088112,334293,2084659,2418952,6.236023488376962
1088137,334302,2084697,2418999,6.235969273291814
1088191,334306,2084749,2419055,6.23605020550035
1088299,334393,2084996,2419389,6.235166405995341
1088690,334689,2085529,2420218,6.23124452850258
1088975,334839,2085979,2420818,6.2297970069197435
1088995,334839,2086000,2420839,6.229859723628371
1089034,334866,2086040,2420906,6.229476865373015
1090035,335220,2087209,2422429,6.2263856571803595
1090306,335239,2087703,2422942,6.227506346218668
1090446,335299,2087963,2423262,6.227167393878299
1090589,335427,2088244,2423671,6.2256288253479894
1090935,335643,2088974,2424617,6.223797308449751
1090997,335661,2089099,2424760,6.223835953536455
1091001,335664,2089106,2424770,6.223801182134515
1092782,335682,2092630,2428312,6.233965479233322
1092783,335682,2092632,2428314,6.233971437253115
1092813,335694,2092664,2428358,6.233843917377135
1092864,335722,2092756,2428478,6.233598036470651
1092881,335726,2092771,2428497,6.233568445696789
1092943,335734,2092862,2428596,6.233690957722483
1093449,335938,2093348,2429286,6.231352213801356
1093484,335960,2093402,2429362,6.231104893439695
1093490,335960,2093418,2429378,6.231152518156923
1093501,335967,2093439,2429406,6.231085195867451
1093531,335987,2093479,2429466,6.230833335813588
1093596,335987,2093628,2429615,6.231276805352588
1093619,336002,2093663,2429665,6.231102791054815
1093707,336002,2093783,2429785,6.23145993178612
1093742,336019,2093830,2429849,6.231284540457533
1093773,336042,2093867,2429909,6.230968152790425
1093976,336183,2094377,2430560,6.229871825761564
1094279,336309,2094591,2430900,6.2281740898994675
1094417,336375,2094775,2431150,6.2274990709773315
1094523,336424,2094945,2431369,6.2270973533398335
1095054,336424,2095554,2431978,6.228907569020046
1095129,336424,2095651,2432075,6.229195895655482
1095214,336449,2095799,2432248,6.2291729207101225
1095229,336454,2095810,2432264,6.229113043685021
1095238,336460,2095844,2432304,6.229103013731201
1095257,336471,2095869,2432340,6.2289736708364165
1095821,336575,2096746,2433321,6.229654608928174
1096024,336707,2097088,2433795,6.228228103365835
1096027,336707,2097095,2433802,6.228248892954409
1096030,336707,2097104,2433811,6.228275622425432
1096040,336707,2097120,2433827,6.22832314148503
1096064,336707,2097152,2433859,6.228418179604225
1096128,336719,2097263,2433982,6.228525862811424
1096169,336737,2097605,2434342,6.229208551480829
1096172,336740,2097619,2434359,6.229194630872483
1096184,336740,2097629,2434369,6.229224327374236
1096207,336752,2097667,2434419,6.229115194564546
1096223,336759,2097682,2434441,6.229030256058487
1096231,336765,2097694,2434459,6.228954909209686
1096688,336911,2098091,2435002,6.227433951399628
1096696,336914,2098103,2435017,6.227414117549285
1096753,336933,2098192,2435125,6.227327094704289
1096824,336947,2098414,2435361,6.227727209323722
1096997,336947,2098603,2435550,6.228288128400015
1096999,336947,2098603,2435550,6.228288128400015
1097011,336947,2098636,2435583,6.2283860666514315
1097367,337202,2099430,2436632,6.226030687836964
1097418,337244,2099485,2436729,6.225418391431723
1097440,337259,2099542,2436801,6.22531051802917
1097464,337259,2099582,2436841,6.225429121239166
1097547,337301,2099725,2437026,6.225077897782692
1097743,337301,2100053,2437354,6.226050323005269
1097893,337390,2100298,2437688,6.225134117786538
1097910,337397,2100311,2437708,6.225043494755436
1097930,337403,2100330,2437733,6.224989107980664
1097965,337431,2100421,2437852,6.224742243599432
1098249,337593,2100928,2438521,6.223256998812179
1098289,337620,2100998,2438618,6.222966648895207
1098336,337631,2101028,2438659,6.222852759373398
1098651,337852,2101719,2439571,6.220827462912755
1098746,337869,2101905,2439774,6.221064968967262
1098847,337900,2102082,2439982,6.221018052678307
1098883,337933,2102218,2440151,6.2208130013937675
1098902,337946,2102240,2440186,6.2206388002817015
1098928,337966,2102269,2440235,6.220356485563636
1098943,337980,2102282,2440262,6.220137286229955
1098956,337996,2102310,2440306,6.219925679593842
1099487,337996,2102919,2440915,6.221727476064806
1099490,338002,2102922,2440924,6.221625907539009
1099540,338028,2103059,2441087,6.221552652442993
1099585,338046,2103120,2441166,6.22140182105394
1099600,338052,2103144,2441196,6.221362393951226
1099616,338052,2103170,2441222,6.22143930519565
1099650,338062,2103250,2441312,6.221491915684105
1099668,338073,2103272,2441345,6.22135455951821
1099727,338103,2103370,2441473,6.221092389005717
1099802,338120,2103525,2441645,6.221238022004022
1099839,338135,2103578,2441713,6.221118783917666
1099848,338135,2103597,2441732,6.2211749744924365
1100020,338135,2103597,2441732,6.2211749744924365
1100091,338165,2103662,2441827,6.220815282480446
1100145,338178,2103698,2441876,6.220682599104614
1100153,338182,2103719,2441901,6.220671117918754
1100170,338187,2103732,2441919,6.220617587311162
1100176,338188,2103741,2441929,6.220625805764841
1100208,338194,2103799,2441993,6.220686942997214
1100253,338194,2103936,2442130,6.221092035932039
1100295,338210,2103997,2442207,6.220978090535466
1100316,338217,2104033,2442250,6.220955776912455
1100340,338217,2104058,2442275,6.221029693953882
1100399,338239,2104130,2442369,6.220837928210526
1100606,338346,2104563,2442909,6.220150378606515
1100696,338425,2104723,2443148,6.219171160523011
1100722,338434,2104754,2443188,6.21909737201345
1100760,338449,2104808,2443257,6.218981294079758
1100780,338452,2104823,2443275,6.218970489168331
1100822,338466,2104928,2443394,6.219023476508719
1100838,338466,2104954,2443420,6.219100293677947
1100973,338536,2105579,2444115,6.2196605383179335
1101027,338554,2105658,2444212,6.219563201143687
1101194,338642,2105878,2444520,6.218596630069513
1101307,338701,2106011,2444712,6.217906058736172
1101369,338701,2106138,2444839,6.218281020723293
1101452,338717,2106300,2445017,6.218465562696883
1101477,338717,2106327,2445044,6.218545275259287
1101513,338724,2106388,2445112,6.2185968517140795
1101524,338724,2106410,2445134,6.218661801348591
1101548,338731,2106442,2445173,6.218627760671447
1101667,338777,2106567,2445344,6.218152353908323
1101694,338784,2106654,2445438,6.218280674412015
1101722,338795,2106673,2445468,6.218134860313759
1101733,338807,2106716,2445523,6.218041539873734
1101789,338834,2106793,2445627,6.217773304922174
1101814,338849,2106849,2445698,6.2176633249618565
1101882,338861,2106929,2445790,6.217679225405107
1101898,338869,2106954,2445823,6.217606213610569
1102671,338869,2108604,2447473,6.222475351832124
1102678,338874,2108616,2447490,6.222418952176915
1102708,338888,2108668,2447556,6.222315337220556
1102758,338888,2108775,2447663,6.222631075753641
1102797,338913,2108849,2447762,6.222390406977602
1103066,339030,2109208,2448238,6.22130194967997
1103181,339076,2109486,2448562,6.221277825620215
1103200,339084,2109518,2448602,6.221225419070201
1103219,339084,2109548,2448632,6.221313892722748
1103248,339098,2109593,2448691,6.221189744557621
1103298,339137,2109675,2448812,6.220716111777836
1103452,339177,2110101,2449278,6.2212384684102995
1103509,339195,2110233,2449428,6.221297483748287
1103533,339203,2110280,2449483,6.221289316427036
1103545,339208,2110319,2449527,6.221312586967288
1103556,339211,2110338,2449549,6.221313577684686
1103561,339213,2110345,2449558,6.221297532818612
1123345,339215,2169691,2508906,6.396211842047079
1123351,339218,2169711,2508929,6.396214233914474
1123416,339218,2169839,2509057,6.396591572381182
1123831,339473,2170660,2510133,6.39420513560725
1123912,339506,2170740,2510246,6.3938192550352575
1123926,339512,2170756,2510268,6.39375338721459
1123957,339530,2170814,2510344,6.393585250198805
1124073,339561,2170887,2510448,6.393216535467854
1124104,339580,2170938,2510518,6.393009011131397
1124108,339580,2171877,2511457,6.395774191648507
1124319,339644,2172472,2512116,6.396320853599652
1124408,339686,2172562,2512248,6.395794940032854
1124544,339687,2172777,2512464,6.396409047152232
1124639,339740,2172933,2512673,6.3958703714605285
1124683,339778,2172993,2512771,6.395331657729459
1125018,339991,2173924,2513915,6.3940633722657365
1125031,339992,2173963,2513955,6.394159274335867
1125054,339997,2174035,2514032,6.394277008326544
1125083,339997,2174085,2514082,6.3944240684476625
1125160,340026,2174196,2514222,6.394205149018016
1125165,340026,2174207,2514233,6.3942374994853335
1125198,340032,2174235,2514267,6.394207015810276
1126241,340039,2176235,2516274,6.39995706374857
1126260,340048,2176254,2516302,6.399843551498612
1126368,340048,2176811,2516859,6.401481555545099
1126404,340073,2176858,2516931,6.401149165032214
1126435,340089,2176909,2516998,6.400997974059732
1126495,340117,2177097,2517214,6.401023765351335
1126681,340117,2177434,2517551,6.40201460085794
1126716,340123,2177542,2517665,6.402219197172787
1126732,340133,2177550,2517683,6.402054490449324
1126852,340133,2177752,2517885,6.402648375782414
1126945,340133,2177895,2518028,6.40306879955782
1127066,340133,2178070,2518203,6.403583304178071
1127082,340133,2178096,2518229,6.403659744864509
1127248,340205,2178387,2518592,6.40315985949648
1127292,340220,2178550,2518770,6.403356651578391
1127295,340220,2178559,2518779,6.403383105049674
1127320,340225,2178630,2518855,6.40349768535528
1127405,340232,2178821,2519053,6.403927320181523
1127424,340232,2178836,2519068,6.403971407745304
1127464,340257,2178888,2519145,6.40365370881422
1127492,340273,2178954,2519227,6.403546564082369
1127688,340276,2179223,2519499,6.4042806427723376
1127707,340276,2179275,2519551,6.40443345989726
1127728,340276,2179277,2519553,6.404439337478988
1127866,340325,2179404,2519729,6.40389039888342
1129465,340423,2182494,2522917,6.41112380773332
1129519,340446,2182597,2523043,6.410993226532255
1129546,340453,2182628,2523081,6.410952466272877
1129590,340453,2182662,2523115,6.4110523332148635
1129603,340453,2182675,2523128,6.411090517633858
1129613,340457,2182684,2523141,6.411041629339388
1129700,340457,2182796,2523253,6.411370598930262
1129718,340457,2182828,2523285,6.411464590241939
1129749,340471,2182863,2523334,6.4113037527425245
1129820,340493,2183032,2523525,6.411385843468148
1130388,340576,2183738,2524314,6.411896316827962
1130429,340594,2183786,2524380,6.411698385761347
1130726,340773,2184132,2524905,6.40934581084769
1130746,340786,2184172,2524958,6.4092186885611495
1130827,340786,2184461,2525247,6.41006672809329
1130883,340786,2184549,2525335,6.410324954663631
1130981,340807,2184631,2525438,6.410170565745422
1131066,340840,2184689,2525529,6.409720103274264
1131222,340840,2184951,2525791,6.410488792395259
1131415,340840,2185329,2526169,6.4115978171576105
1131677,341038,2185830,2526868,6.409344413232543
1132069,341174,2186486,2527660,6.408712269985403
1132076,341178,2186504,2527682,6.408689892079794
1132117,341191,2186545,2527736,6.408565876591117
1132130,341200,2186563,2527763,6.40844958968347
1132148,341205,2186591,2527796,6.408437742705998
1132174,341231,2186625,2527856,6.408049092843265
1133260,341319,2188428,2529747,6.411679396693416
1133291,341319,2188469,2529788,6.411799518925111
1133601,341348,2189094,2530442,6.413085765845999
1133627,341354,2189140,2530494,6.413107800113665
1133635,341354,2189169,2530523,6.413192755907358
1133664,341366,2189214,2530580,6.413099136996655
1133862,341366,2189449,2530815,6.413787547676101
1133936,341406,2189597,2531003,6.413469593387346
1134023,341485,2189755,2531240,6.412448570215383
1134061,341493,2189809,2531302,6.412456477878024
1134130,341498,2189916,2531414,6.412675916110783
1134968,341949,2191238,2533187,6.4080842464812005
1135188,341978,2191865,2533843,6.409374287234852
1135532,342093,2192218,2534311,6.4082515573250545
1135642,342132,2192884,2535016,6.409467690832778
1135800,342156,2193107,2535263,6.409669858193339
1135848,342156,2193250,2535406,6.410087796209916
1135909,342166,2193348,2535514,6.41018686836214
1135941,342182,2193396,2535578,6.410027412312746
1135944,342182,2193405,2535587,6.410053714105359
1135969,342193,2193441,2535634,6.409952862858095
1135986,342208,2193520,2535728,6.409902749205162
1136006,342224,2193551,2535775,6.409693650942073
1136048,342252,2193623,2535875,6.409379638395101
1136057,342254,2193639,2535893,6.409388933365278
1136157,342346,2193861,2536207,6.408314979582061
1136275,342380,2194083,2536463,6.408327005082072
1136315,342392,2194128,2536520,6.408233837239188
1136354,342392,2194151,2536543,6.408301011705881
1136524,342392,2194436,2536828,6.409133390967079
1136701,342392,2194918,2537310,6.410541134138648
1136734,342397,2194947,2537344,6.410532218448176
1137793,342397,2196272,2538669,6.414401995344585
1137941,342407,2196618,2539025,6.415225156027768
1137958,342407,2196657,2539064,6.415339055568373
1138227,342469,2197064,2539533,6.4153660623297295
1138259,342469,2197112,2539581,6.415506221001025
1138289,342479,2197154,2539633,6.4154415307215915
1138298,342486,2197170,2539656,6.415357124086824
1138370,342521,2197268,2539789,6.414987694185174
1138436,342540,2197316,2539856,6.414771997430957
1138701,342540,2198141,2540681,6.417180475272961
1138923,342630,2198536,2541166,6.416647695765111
1139093,342662,2198903,2541565,6.417119493845247
1139111,342662,2198930,2541592,6.4171982886926475
1139132,342683,2198965,2541648,6.416907170767153
1139682,342683,2200130,2542813,6.420306814169363
1139708,342690,2200158,2542848,6.420257375470542
1139868,342690,2200434,2543124,6.421062768099448
1139968,342690,2200775,2543465,6.422057836528641
1140128,342710,2201111,2543821,6.4226634764086254
1141308,342927,2203081,2546008,6.4243439565855125
1141437,342928,2203463,2546391,6.425439159240423
1141493,342945,2203524,2546469,6.425298517254953
1141508,342950,2203538,2546488,6.425245662633037
1141542,342960,2203602,2546562,6.425244926522043
1141563,342964,2203654,2546618,6.425321608098809
1141570,342964,2203654,2546618,6.425321608098809
1141593,342968,2203679,2546647,6.425319563341186
1141649,342981,2203720,2546701,6.425195564768894
1141675,342992,2203756,2546748,6.425094462844615
1141676,342996,2203765,2546761,6.4250457731285495
1141690,343003,2203785,2546788,6.42497295942018
1141813,343092,2204007,2547099,6.423953341960757
1141849,343108,2204063,2547171,6.423816990568567
1141906,343117,2204174,2547291,6.423971997889932
1141932,343129,2204196,2547325,6.423811452835523
1142003,343194,2204417,2547611,6.42323875126022
1142018,343201,2204473,2547674,6.423270911215294
1142152,343271,2204702,2547973,6.422628185893944
1142189,343294,2204765,2548059,6.422381399034064
1142203,343294,2204791,2548085,6.4224571358660505
1142266,343320,2204856,2548176,6.4221600838867525
1142346,343320,2204950,2548270,6.422433880927414
1142360,343320,2204976,2548296,6.422509612023768
1142363,343320,2204985,2548305,6.422535826634044
1142378,343325,2205002,2548327,6.422491808053594
1142455,343333,2205013,2548346,6.422374196479803
1142832,343333,2205671,2549004,6.424290703194857
1142931,343419,2206060,2549479,6.423814640424671
1142971,343423,2206155,2549578,6.424016446190267
1143425,343424,2206679,2550103,6.425523551062244
1143586,343545,2206895,2550440,6.423889155714681
1143600,343545,2206917,2550462,6.423953193904729
1143607,343547,2206924,2550471,6.423936171761069
1143668,343561,2207018,2550579,6.42394800341133
1143690,343568,2207052,2550620,6.423916080659433
1143718,343570,2207126,2550696,6.424094071077219
1143729,343574,2207149,2550723,6.424086223055295
1143778,343593,2207247,2550840,6.424016205219548
1143821,343599,2207277,2550876,6.4239913387408
1143861,343638,2207496,2551134,6.423899568732212
1143907,343646,2207544,2551190,6.423889700447553
1144673,343701,2208384,2552085,6.4253057163057425
1144688,343706,2208434,2552140,6.425357718515243
1144713,343706,2208434,2552140,6.425357718515243
1144748,343709,2208519,2552228,6.425548938200629
1144845,343766,2208708,2552474,6.425033307540595
1144859,343770,2208741,2552511,6.425054542281177
1144900,343770,2208838,2552608,6.425336707682462
1144993,343770,2209044,2552814,6.425935945544986
1145055,343774,2209187,2552961,6.426277147195541
1145083,343774,2209255,2553029,6.426474951567018
1145128,343789,2209352,2553141,6.426476705188357
1145140,343795,2209369,2553164,6.4264139967131575
1145577,343795,2209369,2553164,6.4264139967131575
1145810,343870,2209621,2553491,6.425745194404862
1145998,343897,2209789,2553686,6.425729215433691
1146012,343908,2209827,2553735,6.425634181234516
1146027,343908,2209834,2553742,6.425654535515312
1146036,343911,2209853,2553764,6.425653730180192
1146178,343932,2210139,2554071,6.42609294860612
1146211,343937,2210168,2554105,6.426083846751004
1146286,343968,2210312,2554280,6.425923341706206
1146862,343974,2210971,2554945,6.427727095652578
1146905,343994,2211072,2555066,6.427646993842916
1146935,344006,2211114,2555120,6.427544868403458
1146941,344012,2211119,2555131,6.4274472983500575
1147095,344094,2211462,2555556,6.426912413468413
1147116,344099,2211473,2555572,6.4268509934640905
1147123,344101,2211476,2555577,6.426822357389255
1147156,344129,2211520,2555649,6.4264272990651765
1147193,344135,2211598,2555733,6.42654190942508
1147217,344140,2211623,2555763,6.426521183239379
1147236,344148,2211645,2555793,6.426435719516022
1147254,344159,2211679,2555838,6.42632910951043
1147257,344159,2211688,2555847,6.426355260214029
1147263,344163,2211690,2555853,6.426286381743535
1147514,344212,2212147,2556359,6.426699243489478
1148250,344601,2213156,2557757,6.4223725409966885
1148501,344601,2213662,2558263,6.42384090585924
1148556,344630,2213834,2558464,6.423799437077445
1148589,344655,2213899,2558554,6.423522072797435
1148621,344661,2213957,2558618,6.423578530788224
1148665,344670,2214048,2558718,6.423674819392462
1148801,344680,2214267,2558947,6.424123824997099
1148885,344680,2214403,2559083,6.424518393872577
1148908,344681,2214443,2559124,6.424615804178356
1149070,344686,2214705,2559391,6.425282721085278
1149074,344686,2214714,2559400,6.42530883180634
1149111,344694,2214764,2559458,6.425304763065212
1149159,344702,2214800,2559502,6.425260079721034
1149277,344702,2215016,2559718,6.425886707939031
1149297,344702,2215016,2559718,6.425886707939031
1149358,344741,2215125,2559866,6.425475937007783
1149368,344746,2215134,2559880,6.42540885173432
1149372,344746,2215143,2559889,6.425434957911042
1149421,344762,2215207,2559969,6.42532239631978
1149432,344769,2215228,2559997,6.425252850459293
1149434,344769,2215228,2559997,6.425252850459293
1149466,344785,2215281,2560066,6.42510840088751
1149550,344822,2215478,2560300,6.424990284842615
1149917,344869,2215748,2560617,6.424897569801867
1150119,344873,2216218,2561091,6.426185871320747
1150127,344875,2216227,2561102,6.426174700978615
1150278,344887,2216335,2561222,6.42626425466892
1150534,345130,2216928,2562058,6.423457827485295
1150580,345133,2216978,2562111,6.423546864542075
1150598,345140,2217009,2562149,6.423506403198702
1150687,345174,2217198,2562372,6.423421231031306
1150789,345200,2217306,2562506,6.423250289687138
1150790,345200,2217308,2562508,6.423256083429895
1150803,345200,2217308,2562508,6.423256083429895
1150833,345204,2217349,2562553,6.423300425255791
1150918,345254,2217601,2562855,6.423100094423236
1150934,345261,2217626,2562887,6.42304227816058
1151059,345335,2217849,2563184,6.422311668379979
1151075,345335,2217875,2563210,6.422386957591904
1151108,345346,2217939,2563285,6.422367712381206
1151128,345349,2217973,2563322,6.422410373274571
1151426,345358,2218363,2563721,6.423372268776168
1151433,345360,2218375,2563735,6.423369817002548
1151454,345367,2218415,2563782,6.423355445077266
1151462,345367,2218415,2563782,6.423355445077266
1151497,345378,2218433,2563811,6.4232029833979
1152269,345491,2219842,2565333,6.425180395437218
1152283,345499,2219854,2565353,6.425066353303483
1152372,345553,2219964,2565517,6.424380630467685
1152374,345555,2219964,2565519,6.424343447497504
1152418,345586,2220027,2565613,6.423949465545479
1152427,345588,2220043,2565631,6.4239585865249955
1152526,345588,2220300,2565888,6.424702246605785
1153165,345718,2220694,2566412,6.423426029307123
1153216,345767,2220877,2566644,6.423044998510558
1153320,345854,2221074,2566928,6.4219988781393305
1153366,345881,2221095,2566976,6.421558281605523
1153715,345891,2221897,2567788,6.423691278466338
1154019,345921,2222267,2568188,6.4242037921953274
1154560,345921,2224056,2569977,6.429375493248458
1154571,345930,2224073,2570003,6.429257364206632
1155181,346261,2224843,2571104,6.425335224007324
1155212,346276,2224899,2571175,6.425218611743234
1155353,346367,2225219,2571586,6.424454408185538
1155931,346541,2225927,2572468,6.423271705223913
1156465,346793,2226783,2573576,6.421072512997667
1156497,346793,2226831,2573624,6.421210924095931
1156531,346811,2226886,2573697,6.421036241641701
1157068,346848,2228045,2574893,6.423692799151214
1157133,346863,2228104,2574967,6.423585104205407
1157174,346891,2228169,2575060,6.423253990446566
1157181,346895,2228182,2575077,6.423217400077833
1157194,346902,2228189,2575091,6.42310796709157
1157244,346902,2228368,2575270,6.423623962963603
1157273,346909,2228387,2575296,6.423549115185827
1157286,346910,2228417,2575327,6.423617076475167
1157310,346928,2228455,2575383,6.423393326569202
1157537,346981,2228677,2575658,6.423051982673403
1157567,346988,2228744,2575732,6.4231154967895145
1157579,346991,2228764,2575755,6.423117602473839
1158689,347112,2231084,2578196,6.427562285371868
1158828,347203,2231387,2578590,6.4267503448990935
1159714,347339,2232739,2580078,6.428126412524939
1159734,347367,2232802,2580169,6.4277896288363605
1160149,347378,2233789,2581167,6.430427373063349
1160240,347392,2233867,2581259,6.4303927551584374
1160306,347410,2233921,2581331,6.430215019717337
1160526,347516,2234339,2581855,6.429456485456785
1160594,347545,2234494,2582039,6.429365981383706
1160626,347553,2234542,2582095,6.429356098206604
1160674,347591,2234594,2582185,6.42880281710401
1160712,347607,2234673,2582280,6.428734173937809
1160725,347615,2234687,2582302,6.428626497705795
1160894,347738,2235175,2582913,6.4277559541954
1160965,347794,2235290,2583084,6.4270516455142985
1161001,347802,2235319,2583121,6.426987193863175
1161136,347834,2235470,2583304,6.426830039616599
1161203,347846,2235616,2583462,6.427028052643986
1161206,347847,2235619,2583466,6.427018200530693
1161229,347866,2235655,2583521,6.42677065306756
1161267,347888,2235714,2583602,6.4265338269787975
1161296,347916,2235748,2583664,6.426114349440669
1161316,347927,2235786,2583713,6.4260204008312085
1161328,347940,2235819,2583759,6.425875150888084
1161334,347941,2235826,2583767,6.425876800951886
1161359,347954,2235879,2583833,6.425789041080143
1161369,347954,2235895,2583849,6.425835024169862
1161401,347963,2235938,2583901,6.425792397467547
1161437,347981,2236007,2583988,6.425658297435779
1161600,348104,2236302,2584406,6.424235286006481
1161614,348118,2236325,2584443,6.42404299691484
1161636,348128,2236360,2584488,6.423959003584888
1161703,348178,2236482,2584660,6.423386888315746
1161730,348188,2236540,2584728,6.423368984571553
1161734,348188,2236550,2584738,6.423397704688272
1161754,348188,2236571,2584759,6.423458016933381
1161790,348200,2236589,2584789,6.423288340034463
1162243,348376,2237609,2585985,6.422971157599835
1162683,348494,2237923,2586417,6.421697360643225
1162743,348519,2238020,2586539,6.42151503935223
1162757,348519,2238046,2586565,6.421589640736947
1162775,348528,2238069,2586597,6.421489808566313
1162787,348528,2238098,2586626,6.42157301565441
1162827,348534,2238110,2586644,6.421496898437455
1163050,348595,2238367,2586962,6.421110457694459
1163163,348597,2238700,2587297,6.422028875750509
1163191,348618,2238735,2587353,6.421742422938575
1163220,348622,2238760,2587382,6.421740452409773
1163248,348641,2238791,2587432,6.421479401447334
1163394,348706,2238977,2587683,6.420815816188996
1163541,348806,2239402,2588208,6.420193459974886
1163562,348813,2239455,2588268,6.4202165630294745
1163583,348830,2239482,2588312,6.419981079608979
1163584,348830,2239484,2588314,6.419986813060803
1163601,348841,2239508,2588349,6.419853170928876
1164304,348858,2240562,2589420,6.4225616153277265
1164310,348858,2240578,2589436,6.422607479260903
1164343,348872,2240639,2589511,6.4225245935472035
1164363,348872,2240654,2589526,6.422567589259098
1164474,348872,2240911,2589783,6.4233042491228876
1164846,349016,2241485,2590501,6.422298691177482
1164862,349016,2241511,2590527,6.422373186329566
1165025,349089,2241708,2590797,6.421594493094884
1165082,349094,2241719,2590813,6.421534028084126
1165136,349128,2241843,2590971,6.421263834467588
1165149,349135,2241868,2591003,6.421206696550045
1165170,349143,2241938,2591081,6.421260056767571
1165265,349192,2242005,2591197,6.4205508717267294
1165303,349198,2242074,2591272,6.4206381479848105
1165367,349216,2242157,2591373,6.420544877668835
1165539,349216,2242533,2591749,6.421621575185559
1165585,349243,2242629,2591872,6.421399999427333
1165665,349245,2242682,2591927,6.421514982319002
1165689,349245,2242714,2591959,6.421606608541282
1165752,349255,2242850,2592105,6.4218121429900785
1165841,349282,2242965,2592247,6.421644974547787
1165849,349295,2242981,2592276,6.421451781445483
1165902,349331,2243102,2592433,6.421136400720234
1165912,349331,2243128,2592459,6.421210828698284
1165919,349335,2243136,2592471,6.421160204388338
1166160,349346,2243631,2592977,6.422374952053265
1166334,349402,2243783,2593185,6.421780642354651
1166524,349402,2244104,2593506,6.422699354897797
1166580,349415,2244161,2593576,6.4226235278966275
1166601,349415,2244207,2593622,6.422755176509308
1166610,349425,2244223,2593648,6.42261715675753
1166680,349480,2244354,2593834,6.421981229254893
1166807,349482,2244729,2594211,6.4230174944632346
1167104,349586,2244923,2594509,6.421661622605024
1167203,349609,2244985,2594594,6.421416496714902
1167225,349614,2244999,2594613,6.4213647050747396
1167243,349614,2245026,2594640,6.421441933103366
1167301,349646,2245086,2594732,6.4210258375614195
1167320,349651,2245142,2594793,6.421094176764831
1167470,349770,2245535,2595305,6.4200331646510564
1167570,349813,2245748,2595561,6.4198528928313126
1167643,349836,2245833,2595669,6.41967379000446
1167690,349861,2245936,2595797,6.419509462329325
1167764,349861,2246120,2595981,6.420035385481663
1167831,349919,2246216,2596135,6.419245596838126
1167899,349961,2246348,2596309,6.418852386408771
1167959,349990,2246415,2596405,6.418511957484499
1168079,350016,2246476,2596492,6.418209453282135
1168104,350026,2246522,2596548,6.418157508299384
1168179,350044,2246627,2596671,6.41812743540812
1168194,350044,2246655,2596699,6.418207425352241
1168263,350083,2246799,2596882,6.4179037542525625
1168910,350416,2248600,2599016,6.416944431761107
1169071,350507,2249003,2599510,6.416428202575127
1169075,350507,2249005,2599512,6.4164339085952635
1169131,350507,2249123,2599630,6.416770563783319
1169176,350522,2249143,2599665,6.416553026628856
1169185,350525,2249165,2599690,6.41656087297625
1169220,350538,2249192,2599730,6.41639993381602
1169268,350562,2249317,2599879,6.416317227765702
1169558,350660,2249496,2600156,6.4150345063594365
1169613,350663,2249546,2600209,6.415122211353921
1169641,350679,2249571,2600250,6.414900806720676
1169650,350681,2249587,2600268,6.414909846840861
1169670,350686,2249595,2600281,6.414841196968228
1169700,350704,2249638,2600342,6.414634563620603
1169703,350704,2249647,2600351,6.414660226287696
1170431,350713,2251260,2601973,6.419094815418875
1170435,350720,2251265,2601985,6.418980953467154
1170479,350729,2251335,2602064,6.41901582133214
1170511,350736,2251373,2602109,6.418996054012134
1170540,350747,2251398,2602145,6.418866020236809
1170546,350748,2251413,2602161,6.418890485476752
1170570,350748,2251445,2602193,6.418981719068961
1170681,350748,2251483,2602231,6.419090058959709
1170691,350748,2251499,2602247,6.419135675755813
1170707,350748,2251506,2602254,6.419155633104109
1170733,350748,2251532,2602280,6.419229760397778
1170884,350794,2251726,2602520,6.418941030918431
1170938,350817,2251838,2602655,6.418839451907975
1171005,350817,2251950,2602767,6.41915870667613
1171748,351202,2254195,2605397,6.418514131468499
1171789,351209,2254215,2605424,6.418443149235925
1171848,351228,2254344,2605572,6.418463220472172
1171857,351230,2254364,2605594,6.418483614725393
1171999,351230,2254580,2605810,6.4190985963613585
1172124,351272,2254752,2606024,6.418820742900089
1172179,351278,2254788,2606066,6.418813589237015
1172194,351285,2254823,2606108,6.4187853167655895
1172226,351300,2254858,2606158,6.418610873896954
1172256,351311,2254913,2606224,6.418566455362912
1172286,351324,2254948,2606272,6.418428573055071
1172352,351339,2255030,2606369,6.418387938714461
1172516,351348,2255963,2607311,6.420879014538293
1172577,351357,2256096,2607453,6.421093076272851
1172599,351371,2256113,2607484,6.420885616627439
1172712,351437,2256323,2607760,6.420277318552116
1172749,351446,2256375,2607821,6.420260865111568
1172885,351508,2256543,2608051,6.419606381647075
1172890,351511,2256554,2608065,6.419582886453055
1172934,351542,2256602,2608144,6.419153330185298
1173241,351545,2257199,2608744,6.4207967685502565
1173252,351551,2257228,2608779,6.420769674954701
1173278,351557,2257262,2608819,6.420756804728678
1173314,351572,2257296,2608868,6.420579568338775
1173352,351586,2257348,2608934,6.420471804906907
1173384,351600,2257379,2608979,6.420304323094426
1173385,351600,2257379,2608979,6.420304323094426
1173404,351611,2257402,2609013,6.420168879813203
1173435,351619,2257408,2609027,6.420039872703125
1173460,351630,2257423,2609053,6.4198816938258965
1173473,351638,2257445,2609083,6.4197982015595585
1173479,351640,2257454,2609094,6.419787282447958
1173568,351656,2257584,2609240,6.419864867939122
1173648,351656,2257898,2609554,6.420757786018154
1173710,351656,2257915,2609571,6.4208061287167
1173801,351719,2258163,2609882,6.420361140569603
1173898,351798,2258315,2610113,6.419351446000261
1174077,351817,2258699,2610516,6.420096243217355
1174114,351840,2258763,2610603,6.419858458390177
1174216,351930,2259032,2610962,6.4189810473673745
1174327,352051,2259302,2611353,6.417541776617592
1174347,352062,2259323,2611385,6.417400912339303
1174439,352108,2259427,2611535,6.416857895872857
1174501,352174,2259550,2611724,6.416004588640842
1174583,352191,2259702,2611893,6.416126476826495
1174609,352191,2259723,2611914,6.416186103563123
1174630,352202,2259781,2611983,6.416150390968819
1174742,352203,2259941,2612144,6.416586457241988
1175750,352203,2261188,2613391,6.420127029014517
1175764,352207,2261204,2613411,6.420099543734224
1175788,352212,2261236,2613448,6.42009925840119
1175872,352238,2261334,2613572,6.419903587914989
1175925,352256,2261401,2613657,6.419765738553779
1175981,352259,2261485,2613744,6.419949525775069
1176361,352262,2262198,2614460,6.421918912627533
1176409,352262,2262235,2614497,6.422023948084097
1176441,352270,2262257,2614527,6.421940556959151
1176540,352288,2262480,2614768,6.422245435552729
1176573,352327,2262545,2614872,6.421719028061999
1176584,352332,2262565,2614897,6.42168466105832
1176677,352332,2262565,2614897,6.42168466105832
1176688,352332,2262577,2614909,6.421718719843784
1176917,352384,2263092,2615476,6.422232564475118
1176952,352395,2263153,2615548,6.422205195873948
1176990,352400,2263219,2615619,6.422301362088536
1177012,352407,2263239,2615646,6.422230545931267
1177054,352418,2263302,2615720,6.422208854258296
1177163,352441,2263362,2615803,6.421959987629135
1177255,352491,2263566,2616057,6.421627786241351
1177346,352555,2263727,2616282,6.420918721901547
1177371,352555,2263769,2616324,6.421037852250003
1177391,352560,2263819,2616379,6.421088609031087
1177408,352565,2263837,2616402,6.421048600967198
1177490,352607,2263999,2616606,6.420743207026519
1177592,352673,2264299,2616972,6.420392261386611
1177608,352673,2264326,2616999,6.420468819558061
1177664,352673,2264414,2617087,6.420718342487233
1177809,352673,2264750,2617423,6.421671066398619
1177862,352710,2264835,2617545,6.421238411159309
1177878,352710,2264861,2617571,6.421312126109268
1178145,352710,2265381,2618091,6.422786425108446
1178209,352710,2265556,2618266,6.423282583425477
1178802,352935,2266554,2619489,6.422015385269242
1178815,352935,2266559,2619494,6.4220295521838295
1178841,352944,2266589,2619533,6.421950791060338
1178919,352981,2266752,2619733,6.42173941373615
1179099,352981,2267193,2620174,6.422988772766806
1179178,352991,2267256,2620247,6.422985288576762
1179252,353010,2267320,2620330,6.422820883261098
1179256,353010,2267330,2620340,6.422849211070508
1179341,353019,2267431,2620450,6.422971568102566
1179352,353019,2267450,2620469,6.4230253895682665
1179365,353023,2267460,2620483,6.422980938918994
1179368,353023,2267469,2620492,6.423006433008614
1179439,353040,2267595,2620635,6.423054044867437
1179516,353092,2267745,2620837,6.422532937591336
1179541,353097,2267758,2620855,6.422478808939187
1179707,353097,2268121,2621218,6.423506855056826
1179738,353113,2268146,2621259,6.423286596641868
1179761,353122,2268188,2621310,6.423241825771263
1180486,353281,2269876,2623157,6.4251290049563945
1180495,353283,2269891,2623174,6.42513508999867
1180559,353336,2270029,2623365,6.424561890098943
1180602,353362,2270060,2623422,6.424176906401933
1180638,353362,2270093,2623455,6.424270295051533
1180770,353362,2270093,2623455,6.424270295051533
1180832,353428,2270283,2623711,6.4236082030852115
1180983,353467,2270407,2623874,6.423250260986174
1180998,353473,2270425,2623898,6.42319215329035
1181009,353473,2270435,2623908,6.423220443994308
1181045,353499,2270496,2623995,6.422920574032741
1181111,353523,2270553,2624076,6.4226457684507094
1181546,353529,2271982,2625511,6.426578866231624
1181708,353632,2272165,2625797,6.42522452719211
1181758,353654,2272225,2625879,6.424994486136167
1181772,353658,2272258,2625916,6.425015127609159
1181826,353688,2272341,2626029,6.424704824591165
1181897,353717,2272480,2626197,6.4245710553917394
1181950,353746,2272563,2626309,6.424279002448084
1182362,353953,2273735,2627688,6.423833107785497
1182429,353975,2273777,2627752,6.423552510770534
1182456,353990,2273811,2627801,6.423376366564027
1182504,354024,2273872,2627896,6.422931778636476
1183439,354024,2275292,2629316,6.426942806137437
1183478,354024,2275344,2629368,6.427089688834656
1183485,354030,2275350,2629380,6.4269977120583
1183508,354030,2275363,2629393,6.427034432110273
1183578,354064,2275529,2629593,6.426886099688192
1183966,354254,2276157,2630411,6.425211853641737
1183970,354254,2276161,2630415,6.4252231449750745
1184021,354299,2276256,2630555,6.424675203712119
1185741,354299,2293539,2647838,6.473456035721241
1185781,354327,2293588,2647915,6.473082773821922
1185848,354338,2293700,2648038,6.473197907083067
1186099,354469,2294100,2648569,6.4719340760405
1186120,354490,2294127,2648617,6.471626844198708
1186542,354490,2294840,2649330,6.473638184433976
1186567,354515,2294892,2649407,6.473328349999295
1186583,354515,2294918,2649433,6.473401689632315
1186755,354575,2295296,2649871,6.473372347176197
1186885,354624,2295516,2650140,6.473098267460747
1186898,354626,2295541,2650167,6.473132257646084
1187021,354644,2295755,2650399,6.473407135042465
1187055,354657,2295799,2650456,6.473293914965727
1187087,354662,2295836,2650498,6.473306979603115
1187262,354730,2296122,2650852,6.472872325430609
1187320,354762,2296211,2650973,6.47253933623105
1187384,354800,2296323,2651123,6.472161781285231
1187489,354800,2296579,2651379,6.472883314543405
1187509,354805,2296600,2651405,6.472851284508392
1187606,354895,2296798,2651693,6.471767705941194
1187638,354905,2296834,2651739,6.471686789422521
1187663,354916,2296914,2651830,6.471711616269765
1187803,354958,2297000,2651958,6.471188140568743
1187814,354963,2297033,2651996,6.471189955009395
1187904,355002,2297250,2652252,6.471090303716599
1187914,355002,2297266,2652268,6.471135373885217
1187917,355002,2297275,2652277,6.471160725855065
1188315,355228,2297932,2653160,6.468893217876969
1188424,355228,2298045,2653273,6.469211323431711
1188471,355267,2298118,2653385,6.468706634728247
1188600,355274,2298464,2653738,6.469553077343121
1188602,355278,2298474,2653752,6.469508384983027
1188635,355289,2298505,2653794,6.469395337316945
1189060,355475,2298980,2654455,6.467346508193263
1189133,355505,2299085,2654590,6.4670961027271066
1189234,355586,2299320,2654906,6.466283824447531
1189305,355622,2299441,2655063,6.465969484452593
1189337,355642,2299479,2655121,6.465712711097114
1189400,355661,2299592,2655253,6.4656850202861715
1189920,355942,2300541,2656483,6.463246821111305
1189946,355956,2300598,2656554,6.463152749216195
1190016,355983,2300647,2656630,6.462800189896709
1190037,355989,2300654,2656643,6.462710926461211
1190052,355989,2300661,2656650,6.46273058999014
1190064,355989,2300676,2656665,6.46277272612356
1190318,356134,2300990,2657124,6.461023098047364
1190355,356159,2301052,2657211,6.460743656625271
1191230,356223,2302840,2659063,6.464602229502306
1191280,356242,2302870,2659112,6.46434165539156
1193371,357767,2308925,2666692,6.453711493793446
1193388,357775,2308938,2666713,6.453603521766474
1193422,357781,2309004,2666785,6.453679764995905
1193457,357781,2309056,2666837,6.4538251053018465
1193498,357781,2309079,2666860,6.453889390437167
1193606,357825,2309150,2666975,6.453294208062601
1193647,357842,2309240,2667082,6.453239139061373
1193767,357842,2309442,2667284,6.45380363400607
1193916,357947,2309758,2667705,6.452793290626825
1194041,358006,2309991,2667997,6.452380686357212
1194050,358011,2310011,2668022,6.452346436282684
1194071,358018,2310033,2668051,6.452281728851622
1194129,358041,2310129,2668170,6.452135369971596
1194135,358045,2310140,2668185,6.452094010529403
1194177,358064,2310179,2668243,6.451860561240449
1194272,358120,2310328,2668448,6.451267731486652
1194273,358120,2310328,2668448,6.451267731486652
1194303,358135,2310371,2668506,6.4511175953202
1194318,358135,2310371,2668506,6.4511175953202
1194370,358158,2310445,2668603,6.450909933604722
1194389,358174,2310474,2668648,6.45070273107484
1194444,358175,2310580,2668755,6.450980665875619
1194480,358191,2310631,2668822,6.450834889765516
1194699,358210,2311037,2669247,6.451626141090422
1194714,358223,2311062,2669285,6.4514617989353
1194744,358234,2311082,2669316,6.451319528576294
1194846,358234,2311515,2669749,6.452528235734185
1194932,358240,2311668,2669908,6.452847253238053
1194953,358252,2311709,2669961,6.452745553409332
1194994,358289,2311802,2670091,6.4523387544691575
1195060,358289,2311899,2670188,6.452609485638688
1195164,358317,2312130,2670447,6.452749939299559
1195287,358348,2312337,2670685,6.452769375020929
1195295,358350,2312345,2670695,6.452755685782057
1195383,358374,2312576,2670950,6.452968128268234
1195564,358435,2312748,2671183,6.452349798429283
1195588,358435,2312773,2671208,6.452419546082274
1195638,358451,2312925,2671376,6.452555579423687
1195734,358456,2313127,2671583,6.453029102595576
1195752,358463,2313141,2671604,6.452942144656491
1195773,358463,2313170,2671633,6.4530230456141915
1196051,358463,2313189,2671652,6.453076049689926
1196075,358473,2313239,2671712,6.453035514529685
1196201,358596,2313466,2672062,6.451455119410144
1196202,358596,2313468,2672064,6.451460696717197
1196300,358611,2313819,2672430,6.452169621121493
1196530,358710,2314286,2672996,6.451690780853614
1196608,358714,2314365,2673079,6.451839069565169
1196942,358801,2315302,2674103,6.4528861402281485
1196975,358810,2315349,2674159,6.452855271592208
1196985,358810,2315365,2674175,6.452899863437474
1197003,358810,2315385,2674195,6.452955603244057
1197213,358839,2315817,2674656,6.453637982493541
1197237,358839,2315842,2674681,6.453707651620922
1197265,358864,2315899,2674763,6.453416893307772
1197268,358864,2315906,2674770,6.453436399304472
1197820,359103,2316627,2675730,6.451149113207074
1197852,359106,2316645,2675751,6.451145344271608
1197871,359113,2316666,2675779,6.451078072918552
1198096,359113,2317245,2676358,6.4526903787944185
1198106,359117,2317260,2676377,6.452660275063558
1198122,359117,2317286,2676403,6.452732674866408
1198273,359221,2317632,2676853,6.451827704950435
1198355,359221,2317767,2676988,6.452203518168481
1198377,359223,2317771,2676994,6.452178730203801
1198549,359298,2318211,2677509,6.45205651019488
1198580,359299,2318273,2677572,6.452211111080187
1198869,359498,2319014,2678512,6.45070069930848
1198870,359498,2319016,2678514,6.450706262621767
1198936,359498,2319016,2678514,6.450706262621767
1198967,359512,2319058,2678570,6.450571886334809
1199024,359512,2319058,2678570,6.450571886334809
1199219,359551,2319126,2678677,6.450061326487758
1199274,359551,2319302,2678853,6.450550825891181
1199450,359604,2319633,2679237,6.450520572629893
1199532,359604,2319809,2679413,6.451009999888766
1199551,359616,2319838,2679454,6.450875378181171
1199745,359616,2320332,2679948,6.452249065670048
1199746,359616,2320334,2679950,6.452254627157857
1199758,359621,2320357,2679978,6.452228874287097
1199798,359631,2320426,2680057,6.452241325136042
1200208,359644,2321267,2680911,6.454346520447999
1200314,359656,2321383,2681039,6.454453700202416
1200336,359656,2321443,2681099,6.454620526280668
1200391,359668,2321530,2681198,6.454647063402916
1200412,359674,2321564,2681238,6.454633918492857
1200654,359830,2322202,2682032,6.453608648528472
1200694,359834,2322245,2682079,6.4536564082326855
1200901,359843,2322482,2682325,6.454153616994078
1200931,359857,2322531,2682388,6.454038687589793
1201001,359857,2322652,2682509,6.454374932264761
1201049,359867,2322761,2682628,6.454498467489378
1201073,359881,2322790,2682671,6.454327958408474
1201522,359881,2323331,2683212,6.455831233102053
1201700,359901,2323776,2683677,6.456708928288613
1201790,359951,2323983,2683934,6.456387119357912
1201850,359985,2324091,2684076,6.45607733655569
1202108,360101,2324413,2684514,6.4548918220166005
1202408,360101,2324956,2685057,6.456399732297328
1202570,360182,2325270,2685452,6.455819557890178
1202589,360182,2325285,2685467,6.455861203502674
1202600,360192,2325307,2685499,6.4557430481520965
1202631,360215,2325368,2685583,6.455500187388088
1202653,360226,2325405,2685631,6.455405773042479
1202670,360228,2325433,2685661,6.455447660925858
1202707,360251,2325494,2685745,6.455204843289818
1202715,360251,2325498,2685749,6.455215946659412
1202741,360256,2325526,2685782,6.455204077100729
1202772,360256,2325575,2685831,6.455340091490496
1202954,360268,2325785,2686053,6.455707972953468
1203419,360390,2327187,2687577,6.45741280279697
1203458,360406,2327228,2687634,6.45723989056786
1203460,360408,2327237,2687645,6.457229029322324
1203621,360464,2327618,2688082,6.457282835456523
1203819,360464,2328132,2688596,6.458708775356207
1203832,360470,2328141,2688611,6.458626237967098
1203846,360470,2328167,2688637,6.458698366022138
1203875,360481,2328199,2688680,6.458590050515839
1203953,360492,2328293,2688785,6.458653728792872
1204097,360492,2328492,2688984,6.459205752138744
1204240,360542,2328648,2689190,6.458742670756805
1204282,360550,2328699,2689249,6.458740812647345
1204373,360569,2328814,2689383,6.4587194129279
1204770,360632,2328980,2689612,6.458051420838972
1204855,360682,2329132,2689814,6.457577589122828
1204901,360704,2329170,2689874,6.457289079134138
1204948,360735,2329275,2690010,6.457025240134725
1204986,360742,2329363,2690105,6.45714388676672
1205052,360787,2329485,2690272,6.456676654092304
1205131,360852,2329665,2690517,6.456012437231885
1205184,360884,2329888,2690772,6.456057902262223
1205283,360937,2330185,2691122,6.455932752807277
1205312,360937,2330215,2691152,6.456015869805534
1205355,360951,2330270,2691221,6.455917839263501
1205438,360998,2330388,2691386,6.4554041850647375
1205493,361002,2330426,2691428,6.455437920011524
1205573,361002,2330715,2691717,6.456238469592966
1205843,361060,2330982,2692042,6.455940840857475
1205921,361068,2331077,2692145,6.456060908194578
1206055,361120,2331350,2692470,6.455887239698715
1206490,361133,2332104,2693237,6.457742715287719
1206497,361133,2332111,2693244,6.457762098728169
1206543,361133,2332230,2693363,6.458091617215818
1206572,361144,2332275,2693419,6.458019515761026
1206702,361188,2332460,2693648,6.45774499706524
1206786,361224,2332650,2693874,6.457627400172746
1206832,361235,2332700,2693935,6.457569172422384
1206851,361244,2332725,2693969,6.457477494435894
1206904,361281,2332819,2694100,6.457076347773617
1206958,361293,2332894,2694187,6.457069469931607
1207059,361322,2333385,2694707,6.4579101189520705
1207062,361324,2333401,2694725,6.457918654725399
1207341,361509,2333875,2695384,6.455925025379727
1207385,361536,2333934,2695470,6.4556060807222515
1207453,361536,2333976,2695512,6.45572225172597
1207467,361536,2334000,2695536,6.455788635156665
1207493,361547,2334026,2695573,6.455664132187517
1207499,361547,2334031,2695578,6.4556779616481395
1207521,361556,2334086,2695642,6.4556693845490045
1207958,361821,2334940,2696761,6.453301494385345
1208162,361920,2335294,2697214,6.452514367816092
1208180,361920,2335311,2697231,6.452561339522546
1208222,361950,2335382,2697332,6.452222682690979
1208223,361950,2335384,2697334,6.452228208316066
1208255,361970,2335442,2697412,6.452031936348316
1208313,361992,2335562,2697554,6.451971314283188
1208354,362012,2335632,2697644,6.451808227351579
1208371,362020,2335656,2697676,6.451731948511132
1208516,362020,2335972,2697992,6.4526048284625155
1208533,362020,2336017,2698037,6.4527291309872385
1208611,362029,2336141,2698170,6.452911230868246
1208625,362035,2336162,2698197,6.452862292319804
1208681,362035,2336206,2698241,6.452983827530487
1208684,362035,2336208,2698243,6.452989351858246
1209021,362242,2336809,2699051,6.450960959800354
1209142,362251,2337458,2699709,6.4525922633753945
1209153,362251,2337476,2699727,6.45264195267922
1209191,362251,2337538,2699789,6.452813104725728
1209498,362418,2337880,2700298,6.450783349612878
1209590,362494,2338026,2700520,6.449833652419074
1209657,362500,2338093,2700593,6.449911724137931
1209748,362574,2338230,2700804,6.448973175131146
1209804,362610,2338358,2700968,6.448685915997904
1209932,362689,2338804,2701493,6.448510983239084
1209956,362698,2338856,2701554,6.4484943396434495
1209968,362699,2338860,2701559,6.448487588882241
1209998,362699,2338880,2701579,6.448542731024899
1210137,362819,2339039,2701858,6.446848152935761
1210160,362834,2339071,2701905,6.446669826973216
1210168,362838,2339080,2701918,6.446623562030438
1210198,362862,2339116,2701978,6.446296388158584
1210269,362889,2339215,2702104,6.4460895756002525
1210381,362952,2339380,2702332,6.445425290396527
1210412,362973,2339437,2702410,6.445209423290438
1210843,363215,2340665,2703880,6.444296078080476
1210925,363265,2340759,2704024,6.443667845787511
1210952,363274,2340821,2704095,6.443678875999934
1210963,363278,2340861,2704139,6.443718034122628
1211118,363407,2341179,2704586,6.442305734341936
1211128,363417,2341202,2704619,6.442191752174499
1211269,363462,2341286,2704748,6.44162525931184
1211668,363462,2342049,2705511,6.443724515905377
1212319,363502,2342767,2706269,6.444990674054063
1212358,363511,2342856,2706367,6.445075939930291
1212378,363511,2342877,2706388,6.44513370984647
1212461,363555,2343022,2706577,6.444752513374867
1212471,363555,2343051,2706606,6.444832281222924
1212496,363566,2343100,2706666,6.444772063394267
1212507,363566,2343112,2706678,6.444805069781003
1212562,363581,2343151,2706732,6.44464644742162
1212597,363604,2343214,2706818,6.444412052672688
1212672,363604,2343311,2706915,6.444678826415551
1212683,363604,2343323,2706927,6.444711829352812
1212699,363604,2343349,2706953,6.4447833357168784
1212812,363623,2343659,2707282,6.4452991147424665
1212827,363633,2343698,2707331,6.445229118369345
1212845,363633,2343741,2707374,6.4453473694631676
1213108,363672,2344152,2707824,6.4457863129413315
1213109,363672,2344152,2707824,6.4457863129413315
1213144,363693,2344191,2707884,6.445521360048173
1213911,363750,2345164,2708914,6.4471862542955325
1213932,363750,2345194,2708944,6.447268728522337
1214190,363896,2345523,2709419,6.445586101523512
1214238,363924,2345610,2709534,6.445329244567547
1214380,363977,2345836,2709813,6.4450116353505855
1214387,363979,2345837,2709816,6.4449789685668675
1214835,364153,2347795,2711948,6.447276282222033
1214843,364153,2347812,2711965,6.447322965896203
1214861,364153,2347812,2711965,6.447322965896203
1214991,364153,2348198,2712351,6.448382959909709
1215020,364170,2348242,2712412,6.44820276244611
1215042,364170,2348295,2712465,6.448348298871406
1215090,364187,2348326,2712513,6.4481324154898445
1215166,364218,2348391,2712609,6.447762054593677
1215204,364236,2348445,2712681,6.447591671333971
1215214,364246,2348466,2712712,6.447472312667813
1215270,364246,2348658,2712904,6.447999428957353
1215293,364252,2348719,2712971,6.448060683263235
1215322,364260,2348737,2712997,6.447968484049855
1215368,364278,2348815,2713093,6.447863993982618
1215397,364292,2348876,2713168,6.447783646086107
1215506,364292,2349067,2713359,6.448307950764771
1215690,364292,2349434,2713726,6.449315384361995
1215936,364299,2349767,2714066,6.450105545170313
1215953,364302,2349791,2714093,6.450118308436407
1215996,364322,2349822,2714144,6.449849309127639
1216070,364322,2349918,2714240,6.4501128122924225
1216086,364329,2349942,2714271,6.45005475819932
1216336,364329,2350526,2714855,6.451657704986427
1216468,364341,2350623,2714964,6.451711446145232
1216523,364391,2350795,2715186,6.451298193424097
1216559,364406,2350879,2715285,6.4512631515397665
1216594,364439,2350996,2715435,6.451000030183378
1216684,364459,2351044,2715503,6.45077772808464
1216782,364491,2351114,2715605,6.450403439316746
1217252,364491,2351908,2716399,6.452581819578535
1217319,364491,2351981,2716472,6.452782098872126
1217337,364498,2351996,2716494,6.452699328940077
1217610,364498,2352015,2716513,6.452751455426367
1217623,364502,2352031,2716533,6.452724539234352
1217856,364505,2352382,2716887,6.45363438087269
1217893,364522,2352442,2716964,6.453498005607344
1218152,364647,2352935,2717582,6.452637756515205
1218332,364752,2353137,2717889,6.451334057112778
1218346,364760,2353166,2717926,6.451272069305845
1219944,364765,2356343,2721108,6.459893355996327
1220101,364834,2356539,2721373,6.459208845666796
1220156,364869,2356642,2721511,6.458871540196618
1220172,364869,2356652,2721521,6.458898947293412
1220241,364935,2356811,2721746,6.458166522805431
1220267,364935,2356837,2721772,6.45823776836971
1220378,364935,2356942,2721877,6.4585254908408345
1220483,364970,2357052,2722022,6.458207523906075
1220530,365006,2357139,2722145,6.457808912730202
1220538,365009,2357151,2722160,6.457788712059155
1220687,365017,2357400,2722417,6.4583293380856235
1220817,365028,2357594,2722622,6.458666184511873
1220849,365046,2357642,2722688,6.458479205360421
1220885,365048,2357681,2722729,6.458550656352041
1220910,365057,2357716,2722773,6.458487304722277
1221001,365070,2357947,2723017,6.45889007587586
1221246,365070,2358961,2724031,6.461667625386912
1221270,365070,2359011,2724081,6.461804585421974
1221337,365070,2359163,2724233,6.462220943928561
1221361,365070,2359218,2724288,6.462371599967129
1221507,365117,2359548,2724665,6.462443545493636
1221650,365205,2359854,2725059,6.461724237072329
1221806,365292,2360057,2725349,6.460740996244101
1221816,365292,2360073,2725365,6.460784796820078
1221988,365339,2360543,2725882,6.461240108501967
1222061,365389,2360714,2726103,6.460823943796885
1222094,365396,2360795,2726191,6.460921849171857
1222143,365410,2360884,2726294,6.460917873074081
1222259,365440,2360979,2726419,6.460647438704028
1222286,365462,2361024,2726486,6.460381653906562
1222379,365462,2361210,2726672,6.460890598748981
1222460,365521,2361375,2726896,6.4602991346598415
1222542,365570,2361533,2727103,6.459865415652269
1222856,365696,2362034,2727730,6.4590096692334615
1223357,365863,2363167,2729030,6.459158209493718
1223359,365865,2363179,2729044,6.459155699506649
1223418,365896,2363251,2729147,6.45880523427422
1223455,365916,2363312,2729228,6.458618918003039
1223653,365930,2363437,2729367,6.458713415134042
1223681,365950,2363477,2729427,6.458469736302773
1224457,366240,2364647,2730887,6.456550349497597
1224500,366251,2364682,2730933,6.456451996035506
1224505,366252,2364688,2730940,6.456450749756998
1224513,366252,2364708,2730960,6.456505356967334
1224546,366276,2364760,2731036,6.4562242680383095
1225115,366289,2365538,2731827,6.458119135436773
1225175,366302,2365635,2731937,6.45815474662983
1225200,366310,2365663,2731973,6.45809014222926
1225241,366342,2365763,2732105,6.4577989965660505
1225612,366547,2366399,2732946,6.455922432866727
1225638,366570,2366461,2733031,6.455686499167962
1225670,366574,2366512,2733086,6.455755181764118
1225686,366574,2366527,2733101,6.455796101196484
1225722,366614,2366604,2733218,6.455301761525747
1225741,366619,2366624,2733243,6.455268275784943
1225874,366643,2366714,2733357,6.455091192249681
1226654,367067,2368069,2735136,6.4513263246219354
1226683,367082,2368094,2735176,6.451130810009753
1226704,367086,2368149,2735235,6.451210343080368
1226925,367218,2368538,2735756,6.449950710477156
1227046,367286,2368841,2736127,6.4495815250240955
1227084,367298,2368863,2736161,6.4494307074909205
1227161,367301,2369016,2736317,6.449794582644752
1227182,367304,2369039,2736343,6.4498045215951905
1227191,367315,2369070,2736385,6.449695765215142
1227213,367319,2369101,2736420,6.449709925160419
1227266,367322,2369184,2736506,6.4498832087378375
1227402,367388,2369401,2736789,6.449315165438175
1227425,367400,2369464,2736864,6.4492759934676105
1227436,367400,2369474,2736874,6.449303211758302
1227447,367400,2369484,2736884,6.449330430048993
1227509,367426,2369537,2736963,6.4490183057268675
1227571,367443,2369568,2737011,6.448804304341081
1227619,367461,2369656,2737117,6.44872789221169
1227883,367506,2370209,2737715,6.449443002291119
1227916,367522,2370251,2737773,6.449276505896246
1228219,367627,2371355,2738982,6.4504375358719575
1228236,367631,2371380,2739011,6.450435355016307
1228286,367665,2371504,2739169,6.450176111405764
1228352,367696,2371584,2739280,6.449849875984509
1229129,367696,2372722,2740418,6.452944823985031
1229136,367699,2372742,2740441,6.452946567708914
1229152,367710,2372759,2740469,6.452799760680971
1229162,367710,2372759,2740469,6.452799760680971
1229191,367718,2372783,2740501,6.452724642253031
1229246,367718,2372890,2740608,6.453015626104786
1229284,367741,2372949,2740690,6.452772467579084
1229395,367741,2373213,2740954,6.453490364142154
1229418,367750,2373274,2741024,6.453498300475867
1229470,367750,2373314,2741064,6.453607070020395
1229573,367823,2373413,2741236,6.452595405942533
1229597,367832,2373443,2741275,6.452519084799582
1229620,367844,2373485,2741329,6.452422766172616
1229756,367932,2373795,2741727,6.451722057336681
1229795,367947,2373854,2741801,6.45161939083618
1246131,367947,2405967,2773914,6.538895547456563
1246965,368020,2407730,2775750,6.542389000597794
1247003,368027,2407782,2775809,6.54240585609208
1247191,368027,2408061,2776088,6.543163952644779
1247231,368058,2408149,2776207,6.5428519418135185
1247265,368058,2408183,2776241,6.542944318558488
1247270,368058,2408190,2776248,6.542963337300099
1247419,368063,2408438,2776501,6.543548251250465
1247484,368063,2408559,2776622,6.5438769993180514
1247508,368078,2408593,2776671,6.543702693450845
1247624,368118,2408775,2776893,6.543486056101576
1247759,368220,2409029,2777249,6.542363261093911
1247792,368220,2409058,2777278,6.54244201835859
1247840,368220,2409131,2777351,6.542640269404161
1247927,368252,2409247,2777499,6.542386735170481
1247948,368262,2409267,2777529,6.5422633885657495
1249180,368262,2409267,2777529,6.5422633885657495
1249475,368262,2409974,2778236,6.544183217383276
1249715,368310,2410137,2778447,6.543772908691048
1249724,368313,2410150,2778463,6.543754904116879
1249832,368313,2410707,2779020,6.545267204795921
1249895,368327,2410792,2779119,6.545249194330038
1249918,368336,2410847,2779183,6.545238586507971
1249926,368340,2410875,2779215,6.545243525004072
1249960,368340,2410948,2779288,6.545441711462236
1249970,368340,2410964,2779304,6.545485149590053
1250012,368348,2411047,2779395,6.545568321261416
1250078,368370,2411159,2779529,6.54548144528599
1250167,368389,2411293,2779682,6.545507602018518
1250317,368404,2411537,2779941,6.5459034103864235
1250386,368437,2411634,2780071,6.5455803841633715
1250415,368437,2411670,2780107,6.545678094219636
1250443,368449,2411715,2780164,6.54558704189725
1250504,368472,2411773,2780245,6.545335873553486
1250579,368473,2412076,2780549,6.546140422771818
1250886,368542,2412579,2781121,6.546279664190242
1250902,368542,2412605,2781147,6.546350212458824
1250936,368577,2412653,2781230,6.545858802909568
1251076,368611,2412873,2781484,6.54585186009099
1251096,368615,2412890,2781505,6.545826946814427
1251384,368615,2413457,2782072,6.547365137067129
1251419,368625,2413502,2782127,6.547309596473381
1251465,368645,2413571,2782216,6.547141558952379
1251487,368654,2413632,2782286,6.547147189505607
1251510,368663,2413659,2782322,6.547060594635209
1251546,368663,2413693,2782356,6.547152819783922
1251548,368665,2413693,2782358,6.5471173016152875
1251570,368673,2413709,2782382,6.547018631687159
1251763,368673,2414153,2782826,6.548222950961963
1251802,368681,2414229,2782910,6.548287001499942
1251805,368681,2414238,2782919,6.548311412847421
1251814,368688,2414251,2782939,6.548222345180749
1251840,368698,2414263,2782961,6.54807728818708
1251873,368703,2414323,2783026,6.54815122198626
1252579,368703,2415461,2784164,6.551237717078516
1252581,368703,2415466,2784169,6.551251278129009
1252594,368703,2415492,2784195,6.551321795591574
1252655,368732,2415614,2784346,6.551137411453305
1252675,368747,2415646,2784393,6.550957702706734
1252809,368767,2415899,2784666,6.551288482971633
1252859,368784,2415963,2784747,6.551160028634648
1252913,368784,2416072,2784856,6.551455594602802
1253117,368876,2416250,2785126,6.550304167254037
1253180,368886,2416367,2785253,6.550443768535537
1253182,368886,2416372,2785258,6.550457322858552
1253297,368892,2416624,2785516,6.551033906942953
1253305,368892,2416641,2785533,6.551079990891643
1253540,368946,2417344,2786290,6.552026583836117
1253562,368955,2417387,2786342,6.551983304196988
1253742,369035,2417580,2786615,6.551085940357961
1253927,369043,2417652,2786695,6.5511390271594365
1254020,369101,2417746,2786847,6.5503642634400885
1254246,369116,2417785,2786901,6.55020372999274
1254669,369133,2418592,2787725,6.552088271706945
1254687,369145,2418644,2787789,6.552016145417112
1254791,369173,2418757,2787930,6.5518252959994365
1255348,369196,2420187,2789383,6.5552904148473985
1255390,369205,2420298,2789503,6.5554312644736665
1255415,369213,2420329,2789542,6.555373185667894
1255425,369213,2420341,2789554,6.555405687232032
1255531,369213,2420560,2789773,6.555998840777546
1255548,369213,2420583,2789796,6.556061135442143
1255666,369213,2420799,2790012,6.556646163596623
1255685,369235,2420861,2790096,6.556423415981692
1255782,369235,2421092,2790327,6.557049033813154
1255822,369253,2421130,2790383,6.556832307388159
1255839,369260,2421178,2790438,6.556838000324975
1256005,369260,2421592,2790852,6.557959161566376
1256015,369268,2421620,2790888,6.55789291246466
1256076,369281,2421651,2790932,6.557745998304814
1256337,369363,2422414,2791777,6.558355872136624
1256355,369370,2422426,2791796,6.558264071256463
1256401,369370,2422545,2791915,6.558586241438125
1256452,369370,2422669,2792039,6.558921948182039
1256620,369469,2422932,2792401,6.557876303559974
1256623,369469,2422937,2792406,6.557889836495078
1256708,369506,2423041,2792547,6.557514627637982
1256818,369521,2423124,2792645,6.557473052952336
1256827,369524,2423141,2792665,6.557465820893907
1256868,369524,2423205,2792729,6.557639016680919
1256884,369530,2423236,2792766,6.55761643168349
1256911,369536,2423298,2792834,6.557677736404572
1256959,369543,2423408,2792951,6.5578511837594
1256981,369560,2423446,2793006,6.5576523433272
1256991,369560,2423462,2793022,6.5576956380560665
1257006,369560,2423481,2793041,6.557747050546596
1257050,369567,2423587,2793154,6.557909661847513
1257114,369568,2423652,2793220,6.558067798077755
1257203,369597,2423736,2793333,6.55778050146511
1257215,369600,2423752,2793352,6.557770562770563
1257330,369679,2423986,2793665,6.557002155924464
1257353,369688,2424051,2793739,6.557018350609162
1257373,369692,2424076,2793768,6.557015028726616
1257376,369692,2424085,2793777,6.557039373316166
1257773,369692,2424703,2794395,6.558711035131948
1257844,369713,2424741,2794454,6.558441277423299
1257929,369745,2424915,2794660,6.5583442642902545
1257932,369745,2424927,2794672,6.558376719090184
1258008,369745,2425075,2794820,6.558776994955983
1258015,369747,2425081,2794828,6.5587577451608805
1258041,369765,2425104,2794869,6.558500669344043
1258140,369767,2425395,2795162,6.559252177722728
1258187,369787,2425433,2795220,6.559000181185385
1258197,369787,2425449,2795236,6.559043449337051
1258443,369787,2425879,2795666,6.560206280913066
1258480,369803,2425945,2795748,6.5601009185971995
1258502,369805,2425952,2795757,6.5600843687889565
1258504,369805,2425952,2795757,6.5600843687889565
1258634,369806,2426337,2796143,6.5611077159375455
1258673,369820,2426368,2796188,6.560943161538045
1258683,369820,2426384,2796204,6.560986425828782
1258938,370036,2426868,2796904,6.558464581824471
1259122,370125,2427265,2797390,6.557960148598447
1259184,370133,2427373,2797506,6.55811019282258
1259379,370153,2427825,2797978,6.558976963579925
1259472,370206,2427961,2798167,6.558405320281141
1259482,370206,2427977,2798183,6.558448539461813
1259631,370233,2428033,2798266,6.558121507267045
1259696,370233,2428033,2798266,6.558121507267045
1259737,370253,2428100,2798353,6.55794821378895
1259882,370316,2428312,2798628,6.557405027057972
1259892,370325,2428335,2798660,6.55730777020185
1259941,370336,2428389,2798725,6.557258813617904
1260062,370392,2428569,2798961,6.556753385602281
1260092,370429,2428613,2799042,6.556217250809197
1260132,370436,2428631,2799067,6.556141951646168
1260208,370486,2428759,2799245,6.555602640855525
1260260,370511,2428828,2799339,6.555346534920691
1260295,370511,2428879,2799390,6.555484182655846
1260877,370858,2430063,2800921,6.5525430218574225
1260924,370870,2430083,2800953,6.552384932725753
1260946,370874,2430096,2800970,6.552349315400918
1260984,370874,2430144,2801018,6.55247873941015
1260998,370884,2430164,2801048,6.552355992709311
1261007,370889,2430178,2801067,6.5523054067389435
1261357,370903,2430564,2801467,6.553098788632068
1261383,370903,2430607,2801510,6.553214721908423
1261490,370934,2430788,2801722,6.553155008707749
1261577,370934,2430918,2801852,6.553505475367586
1261582,370938,2430923,2801861,6.553448285158167
1261602,370938,2430944,2801882,6.553504898392723
1261611,370940,2430947,2801887,6.55347765137219
1262054,370940,2431812,2802752,6.5558095648892
1262152,370941,2432101,2803042,6.556570991074052
1262175,370951,2432162,2803113,6.556558682952735
1262212,370962,2432232,2803194,6.556552962298025
1262250,370988,2432298,2803286,6.556271361876934
1262269,370996,2432321,2803317,6.5561919805065285
1262452,371054,2432605,2803659,6.55593255968134
1262558,371147,2432800,2803947,6.554815207990365
1262582,371149,2432830,2803979,6.554860716316089
1262585,371149,2432839,2803988,6.554884965337371
1262598,371149,2432852,2804001,6.554919991701446
1262632,371158,2432919,2804077,6.554941561275791
1262693,371158,2433037,2804195,6.555259485178818
1263304,371451,2434144,2805595,6.553068910838846
1263560,371665,2434803,2806468,6.551068838873717
1263577,371665,2434848,2806513,6.551189915649846
1263611,371666,2434887,2806553,6.551277222021923
1263618,371670,2434901,2806571,6.551244383458444
1263651,371677,2434949,2806626,6.551250144614813
1263742,371703,2435162,2806865,6.5513649338315805
1263780,371727,2435205,2806932,6.551057631003397
1263816,371743,2435242,2806985,6.550875201416032
1263837,371748,2435259,2807007,6.550832822234417
1263850,371753,2435269,2807022,6.550771614485963
1263885,371768,2435303,2807071,6.550598760517312
1263997,371795,2435484,2807279,6.550609879100041
1264003,371796,2435497,2807293,6.550627225682901
1264019,371796,2435523,2807319,6.55069715650518
1264060,371809,2435553,2807362,6.550548803283406
1264061,371809,2435555,2807364,6.550554182389345
1264096,371828,2435633,2807461,6.55042923071958
1264116,371835,2435656,2807491,6.55036777065096
1264322,371914,2436026,2807940,6.54997122990799
1264366,371928,2436099,2808027,6.549920952442408
1264427,371956,2436249,2808205,6.54983116282571
1264466,371975,2436286,2808261,6.549596075005041
1265528,371996,2438092,2810088,6.554081226679857
1265568,372021,2438156,2810177,6.553812822394435
1265850,372162,2438938,2811100,6.553431032722309
1265874,372172,2438994,2811166,6.5534054147007295
1266428,372352,2439504,2811856,6.551607081471296
1266451,372352,2439556,2811908,6.551746734272946
1266466,372355,2439577,2811932,6.55175034577218
1266503,372355,2439625,2811980,6.551879255012018
1266865,372361,2440650,2813011,6.554526387027643
1266874,372365,2440668,2813033,6.554504317000792
1266904,372374,2440711,2813085,6.554461374854313
1266915,372383,2440725,2813108,6.554340557973914
1268095,372383,2442912,2815295,6.560213543582817
1268112,372401,2442963,2815364,6.5600334048512225
1268336,372437,2443445,2815882,6.560693486415152
1268395,372475,2443547,2816022,6.560298006577622
1268415,372475,2443571,2816046,6.560362440432244
1268845,372637,2444149,2816786,6.559061499529032
1268870,372659,2444182,2816841,6.558762836802546
1268882,372664,2444200,2816864,6.558723139342678
1269014,372711,2444352,2817063,6.5583038869257955
1269376,372851,2444798,2817649,6.55703752973708
1269700,372851,2445365,2818216,6.558558244446173
1269724,372860,2445398,2818258,6.558488440701604
1269748,372860,2445428,2818288,6.558568899855174
1269794,372890,2445499,2818389,6.558231650084475
1269802,372890,2445514,2818404,6.558271876424683
1270009,372949,2445644,2818593,6.557582940294786
1270019,372958,2445671,2818629,6.55749709082524
1270050,372974,2445718,2818692,6.557341798624033
1270052,372974,2445718,2818692,6.557341798624033
1270097,372986,2445882,2818868,6.557570525435271
1270118,372991,2445890,2818881,6.557504068462778
1270134,372992,2445913,2818905,6.557548151166781
1270137,372992,2445928,2818920,6.55758836650652
1270206,373009,2445979,2818988,6.557426228321568
1270228,373009,2446014,2819023,6.557520059837699
1270369,373073,2446247,2819320,6.557019671753249
1270397,373082,2446287,2819369,6.556968709291791
1270929,373088,2446969,2820057,6.558691247105241
1270942,373094,2446980,2820074,6.558615255136775
1271050,373114,2447054,2820168,6.5584620250111225
1271074,373124,2447104,2820228,6.558420257072716
1271220,373124,2447303,2820427,6.558953591835422
1271222,373124,2447305,2820429,6.558958951983791
1271305,373138,2447541,2820679,6.559345336041893
1271313,373138,2447541,2820679,6.559345336041893
1271321,373138,2447541,2820679,6.559345336041893
1271462,373212,2447749,2820961,6.558602081390737
1271476,373212,2447758,2820970,6.558626196370963
1271491,373223,2447796,2821019,6.5585347098115605
1271506,373235,2447816,2821051,6.558377429769449
1271544,373249,2447884,2821133,6.558313619058591
1271735,373316,2448238,2821554,6.55808483965327
1271802,373355,2448389,2821744,6.557804234575672
1272007,373384,2448595,2821979,6.557846613673859
1273123,373495,2450321,2823816,6.560518882448226
1273152,373516,2450383,2823899,6.560316023945426
1273181,373522,2450447,2823969,6.560381985532311
1273238,373522,2450447,2823969,6.560381985532311
1273269,373544,2450495,2824039,6.560124108538753
1273300,373561,2450537,2824098,6.559938002093366
1273322,373563,2450544,2824107,6.559921619646485
1273333,373569,2450579,2824148,6.559909949701394
1273366,373578,2450632,2824210,6.559893783895197
1273376,373578,2450648,2824226,6.5599366129697145
1273403,373583,2450674,2824257,6.55991841170503
1273453,373590,2450712,2824302,6.559897213522846
1273519,373593,2450865,2824458,6.560254073282958
1273530,373603,2450887,2824490,6.560137365063985
1273604,373625,2450952,2824577,6.55992505854801
1273889,373773,2451369,2825142,6.558443226236245
1274049,373809,2451581,2825390,6.558378744224992
1274265,373809,2451943,2825752,6.5593471532253105
1274320,373826,2452031,2825857,6.559284265941908
1274387,373826,2452183,2826009,6.5596908722239755
1274522,373882,2452528,2826410,6.5596311135598935
1274679,373918,2452750,2826668,6.559593279810012
1274711,373947,2452813,2826760,6.559253049228902
1274786,373947,2452919,2826866,6.559536511858632
1274900,373980,2453216,2827196,6.559751858388149
1274944,373998,2453301,2827299,6.559663420660003
1275048,374027,2453386,2827413,6.559382076694998
1275052,374027,2453403,2827430,6.559427527959212
1275138,374100,2453535,2827635,6.558500400962309
1275140,374100,2453540,2827640,6.558513766372628
1275161,374115,2453574,2827689,6.5583416863798565
1275187,374117,2453589,2827706,6.558346720410994
1275212,374120,2453607,2827727,6.5583422431305465
1275278,374145,2453751,2827896,6.558288898689011
1275285,374145,2453756,2827901,6.558302262491814
1275329,374156,2453787,2827943,6.5581923048140345
1275347,374166,2453820,2827986,6.558105226022675
1275383,374180,2453883,2828063,6.558028221711476
1275648,374241,2454444,2828685,6.558458319638949
1275651,374241,2454453,2828694,6.5584823683134665
1275661,374244,2454486,2828730,6.5585179722320195
1275669,374245,2454494,2828739,6.558521823938864
1275879,374457,2454957,2829414,6.556045153382097
1275915,374472,2454997,2829469,6.5558893588839755
1275921,374478,2455022,2829500,6.555851078033957
1276231,374544,2455875,2830419,6.556973279507882
1276258,374544,2455913,2830457,6.557074736212567
1276328,374544,2456041,2830585,6.557416485112563
1276391,374557,2456096,2830653,6.557335732612126
1276415,374564,2456153,2830717,6.557365363462586
1276438,374570,2456181,2830751,6.557335077555597
1276444,374572,2456192,2830764,6.557329431991713
1276463,374596,2456232,2830828,6.557016092003118
1276619,374712,2456471,2831183,6.555624052605735
1276652,374723,2456540,2831263,6.5556157481659785
1276666,374723,2456566,2831289,6.5556851327513925
1276889,374723,2457044,2831767,6.5569607416678455
1276899,374727,2457062,2831789,6.556938784768645
1276927,374747,2457097,2831844,6.556682241619012
1277024,374747,2457166,2831913,6.556866365841488
1277079,374774,2457249,2832023,6.556615453580024
1277088,374780,2457254,2832034,6.556523827312023
1277127,374812,2457327,2832139,6.556158820955573
1277131,374812,2457336,2832148,6.556182832993607
1277142,374814,2457352,2832166,6.556190537173104
1277969,375047,2459482,2834529,6.557796756139897
1277989,375059,2459518,2834577,6.557682924553204
1278009,375086,2459611,2834697,6.557458822776643
1278039,375097,2459653,2834750,6.5573784914302164
1278132,375150,2459778,2834928,6.5567852858856455
1278147,375156,2459817,2834973,6.556784377698877
1278224,375156,2459973,2835129,6.557200204714839
1278277,375172,2460036,2835208,6.557088482082885
1278311,375188,2460105,2835293,6.556992760962504
1278322,375191,2460117,2835308,6.556972315434006
1278725,375301,2460555,2835856,6.556217542719044
1278770,375342,2460650,2835992,6.555754485242792
1278781,375342,2460662,2836004,6.555786456085383
1278852,375366,2460746,2836112,6.555591076442726
1278937,375366,2460903,2836269,6.556009334889148
1279025,375399,2461038,2836437,6.555792636634621
1279208,375444,2461359,2836803,6.555861859558283
1279229,375444,2461407,2836851,6.555989708185509
1279230,375444,2461413,2836857,6.556005689263912
1279314,375466,2461636,2837102,6.556215476234866
1279417,375472,2461644,2837116,6.556132015170239
1279555,375548,2461908,2837456,6.555508217325082
1279581,375564,2461940,2837504,6.555314140865471
1279606,375569,2461995,2837564,6.555373313558893
1279906,375569,2462217,2837786,6.5559644166584565
1279932,375588,2462263,2837851,6.55575524244651
1280144,375597,2463525,2839122,6.55895813864328
1280183,375633,2463622,2839255,6.558587770510045
1280266,375636,2463817,2839453,6.559054510217338
1280309,375667,2463943,2839610,6.558848661181313
1280367,375704,2464048,2839752,6.558482209398888
1280376,375709,2464052,2839761,6.558405574527094
1280387,375709,2464069,2839778,6.558450822311949
1280612,375793,2464610,2840403,6.558424451759346
1280616,375793,2464612,2840405,6.558429773838257
1280654,375800,2464657,2840457,6.558427354976051
1280850,375946,2465066,2841012,6.556968287998808
1280852,375947,2465067,2841014,6.556953506744302
1280965,375947,2465067,2841014,6.556953506744302
1281311,375988,2466165,2842153,6.5591588029405195
1281581,375990,2466958,2842948,6.561233011516264
1283045,375990,2469044,2845034,6.56678103141041
1283298,376069,2469345,2845414,6.566201946983133
1283310,376069,2469374,2845443,6.566279060491559
1283324,376077,2469420,2845497,6.566261696407916
1283336,376085,2469433,2845518,6.566156586941782
1283340,376086,2469436,2845522,6.566147104651596
1283344,376086,2469438,2845524,6.566152422584196
1283656,376091,2470298,2846389,6.568351808471886
1283794,376139,2470440,2846579,6.5678911253552545
1283994,376204,2470617,2846821,6.567226823744564
1284020,376212,2470641,2846853,6.567150968071194
1284028,376216,2470663,2846879,6.567139621919323
1284060,376228,2470725,2846953,6.567094953060378
1284091,376228,2470774,2847002,6.56722519323389
1284101,376235,2470781,2847016,6.567121612821774
1284153,376268,2470856,2847124,6.56674497964217
1284166,376274,2470873,2847147,6.566685447307016
1284186,376279,2470881,2847160,6.566619449929441
1284218,376294,2470985,2847279,6.566634068042541
1284243,376301,2471014,2847315,6.566588980629868
1284328,376354,2471191,2847545,6.566134543541453
1284387,376363,2471501,2847864,6.56680119990541
1284492,376404,2471772,2848176,6.566805878789811
1284497,376407,2471780,2848187,6.5667747943051005
1284693,376413,2472247,2848660,6.567910778851952
1284723,376437,2472285,2848722,6.567592983686513
1284803,376496,2472469,2848965,6.567052505205899
1284949,376534,2472657,2849191,6.566889045876335
1285075,376570,2472904,2849474,6.5669171734338905
1285095,376574,2472908,2849482,6.5668580411818125
1285698,376678,2473335,2850013,6.566178539760751
1285709,376678,2473345,2850023,6.566205087634532
1285724,376685,2473377,2850062,6.566168018370787
1286084,376720,2474259,2850979,6.567899235506477
1286089,376722,2474266,2850988,6.567882948168676
1286118,376722,2474306,2851028,6.567989127260951
1286134,376747,2474360,2851107,6.567696623994352
1286580,377035,2475141,2852176,6.564751283037384
1286595,377035,2475167,2852202,6.564820242152585
1286622,377038,2475180,2852218,6.564802486751998
1286762,377038,2475443,2852481,6.565500029174778
1287223,377038,2476647,2853685,6.568693341254727
1287246,377042,2476674,2853716,6.568695264718519
1287252,377043,2476691,2853734,6.568722930806301
1287426,377157,2477153,2854310,6.567962413530704
1287466,377157,2477232,2854389,6.5681718753728555
1287779,377157,2478018,2855175,6.570255888131467
1287798,377159,2478057,2855216,6.570324452021561
1287821,377170,2478083,2855253,6.570201765782008
1287878,377170,2478162,2855332,6.570411220404592
1287971,377208,2478443,2855651,6.5704942631121295
1288017,377217,2478467,2855684,6.570401121900657
1288027,377217,2478483,2855700,6.5704435378045
1288049,377218,2478548,2855766,6.570598433796903
1288075,377231,2478576,2855807,6.570446225257204
1288126,377266,2478657,2855923,6.570051369590686
1288155,377272,2478694,2855966,6.570044954303526
1288222,377297,2478850,2856147,6.570023085261743
1288250,377319,2478902,2856221,6.569777827249622
1289217,377907,2481086,2858993,6.565334857517855
1290437,377912,2482604,2860516,6.569264802387858
1290648,378013,2482948,2860961,6.568419604616772
1290648,378013,2482948,2860961,6.568419604616772
1290722,378016,2482969,2860985,6.568423029713028
1290738,378021,2483029,2861050,6.568494871978012
1290765,378021,2483079,2861100,6.568627139762077
1291334,378229,2483839,2862068,6.567024210200699
1293040,378229,2487296,2865525,6.5761641756713525
1293070,378246,2487325,2865571,6.575945284285888
1293178,378251,2487625,2865876,6.576651482745584
1293227,378263,2487658,2865921,6.57653008620986
1293287,378272,2487791,2866063,6.57672521360291
1293813,378417,2488169,2866586,6.575204073812752
1296335,379414,2493394,2872808,6.571697407054036
1296339,379420,2493397,2872817,6.571601391597702
1296358,379430,2493417,2872847,6.57148090556888
1296367,379432,2493432,2872864,6.57148579982711
1296478,379432,2493647,2873079,6.572052436273166
1296713,379550,2494410,2873960,6.572019496772493
1296723,379554,2494440,2873994,6.57202927646659
1296756,379569,2494475,2874044,6.5718617695333394
1296765,379569,2494487,2874056,6.571893384338552
1296826,379603,2494609,2874212,6.571626146263333
1297114,379603,2495176,2874779,6.573119812014131
1297137,379607,2495221,2874828,6.573169093299122
1297368,379611,2495726,2875337,6.574430140327862
1298149,379619,2496861,2876480,6.577281432172784
1298391,379797,2497419,2877216,6.575668054250033
1298445,379804,2497526,2877330,6.575828585270298
1298449,379805,2497553,2877358,6.575882360685088
1298606,379808,2497749,2877557,6.576346469795265
1298725,379917,2498142,2878059,6.5754941210843425
1298752,379917,2498229,2878146,6.575723118470614
1298755,379918,2498232,2878150,6.5757137066419595
1299020,379978,2498404,2878382,6.5751280337282685
1299036,379978,2498430,2878408,6.575196458742348
1299119,379985,2498646,2878631,6.575643775412187
1299162,379985,2498708,2878693,6.575806939747622
1299533,380276,2500043,2880319,6.574285518938876
1299569,380281,2500118,2880399,6.574396301682177
1299578,380283,2500138,2880421,6.574414317758091
1299904,380307,2500936,2881243,6.5760977315694955
1299937,380307,2500968,2881275,6.57618187411749
1299994,380322,2501090,2881412,6.5762432885817805
1300065,380338,2501253,2881591,6.576395206369072
1300102,380345,2501330,2881675,6.576476619910871
1300378,380497,2501835,2882332,6.575176676820054
1300399,380505,2501861,2882366,6.575106766008331
1300453,380505,2501930,2882435,6.575288103967097
1300496,380522,2502163,2882685,6.575606666631627
1300534,380533,2502177,2882710,6.5754533772366655
1300561,380542,2502231,2882773,6.575439767489528
1300599,380554,2502261,2882815,6.575311256746743
1300708,380611,2502411,2883022,6.57472064653938
1300813,380611,2502667,2883278,6.575393249275507
1300822,380616,2502675,2883291,6.575327889526452
1301446,380616,2503553,2884169,6.577634676419279
1301491,380624,2503590,2884214,6.577593635713986
1301544,380665,2503670,2884335,6.577095346301866
1301572,380665,2503718,2884383,6.577221441424875
1301656,380665,2503968,2884633,6.577878186857211
1301872,380783,2504267,2885050,6.57662500689369
1301906,380783,2504339,2885122,6.576814090965195
1301978,380796,2504404,2885200,6.576760260086766
1302129,380845,2504613,2885458,6.576462865470204
1302167,380859,2504648,2885507,6.576313018728716
1302262,380894,2504858,2885752,6.576260061854479
1302303,380917,2504949,2885866,6.576101880462148
1302368,380969,2505077,2886046,6.57554026705585
1302632,381093,2505447,2886540,6.57437161007943
1302650,381093,2505467,2886560,6.5744240907075175
1302673,381109,2505484,2886593,6.574192685032366
1302769,381109,2505583,2886692,6.574452453235164
1302819,381109,2505687,2886796,6.5747253410441635
1302896,381109,2505706,2886815,6.574775195547731
1303145,381109,2506042,2887151,6.575656833084498
1303156,381114,2506064,2887178,6.575628289698096
1303225,381133,2506099,2887232,6.575392317117647
1303358,381195,2506229,2887424,6.574663885937643
1303408,381195,2506398,2887593,6.5751072285837955
1303456,381203,2506480,2887683,6.575184350595352
1303821,381315,2506912,2888227,6.574386006320234
1303892,381315,2507039,2888354,6.5747190642906785
1303910,381321,2507075,2888396,6.574710021215721
1303999,381345,2507210,2888555,6.574650251084975
1304065,381367,2507323,2888690,6.574567280336264
1304082,381378,2507336,2888714,6.5744117384851775
1304192,381378,2507534,2888912,6.574930908442543
1304641,381378,2508075,2889453,6.576349448578576
1304723,381416,2508430,2889846,6.5766249973781905
1304760,381416,2508505,2889921,6.576821633072551
1304774,381424,2508547,2889971,6.576793804270314
1304798,381424,2508607,2890031,6.576951109526406
1304842,381441,2508734,2890175,6.576990936999431
1304860,381441,2508764,2890205,6.5770695861221
1305042,381476,2508911,2890387,6.576851492623389
1305060,381494,2508955,2890449,6.576656513601787
1305080,381500,2508982,2890482,6.576623853211009
1305096,381505,2508989,2890494,6.576556008440257
1305149,381505,2509067,2890572,6.576760461855022
1305177,381514,2509104,2890618,6.57670229663918
1305684,381855,2509894,2891749,6.57289808958898
1305692,381855,2509894,2891749,6.57289808958898
1305737,381867,2509940,2891807,6.572811999989526
1306231,381867,2511021,2892888,6.575642828524067
1306457,381969,2511253,2893222,6.57449426524142
1306466,381971,2511267,2893238,6.574496493189273
1306754,381971,2511867,2893838,6.576067293066751
1306786,381983,2511935,2893918,6.576038724236419
1306797,381990,2511955,2893945,6.575970575145946
1306817,382000,2511979,2893979,6.575861256544503
1306880,382029,2512142,2894171,6.5757887490216715
1306939,382050,2512229,2894279,6.5756550189765735
1306966,382060,2512243,2894303,6.575519551902842
1307091,382062,2512612,2894674,6.576450942517183
1307253,382062,2513114,2895176,6.57776486538834
1307260,382064,2513135,2895199,6.577785397210938
1307398,382079,2513412,2895491,6.578252141572816
1307428,382103,2513448,2895551,6.577933175086299
1307735,382267,2514031,2896298,6.576636225465447
1307769,382281,2514120,2896401,6.576628187118899
1307962,382281,2514564,2896845,6.577789636419284
1308059,382281,2514633,2896914,6.577970131918667
1308212,382298,2514938,2897236,6.578475430161811
1308260,382298,2515050,2897348,6.578768395335576
1308296,382310,2515114,2897424,6.578729303444849
1308315,382310,2515161,2897471,6.578852240328529
1308340,382333,2515208,2897541,6.5785794059105545
1308393,382360,2515355,2897715,6.578499320012553
1308432,382373,2515422,2897795,6.578450884345914
1308439,382378,2515443,2897821,6.5784197835649545
1308517,382378,2515571,2897949,6.578754530856901
1308640,382428,2515780,2898208,6.578440909138452
1308681,382435,2515868,2898303,6.578550603370507
1308682,382435,2515870,2898305,6.578555833017376
1308717,382443,2515918,2898361,6.578543730699738
1308744,382448,2515926,2898374,6.578478642848178
1308843,382527,2516219,2898746,6.577886005432296
1309609,382527,2517114,2899641,6.580225709557757
1309644,382558,2517190,2899748,6.579891153759691
1309657,382564,2517235,2899799,6.57990558442509
1309791,382667,2517761,2900428,6.579509077082686
1309828,382679,2517856,2900535,6.5795510075023715
1309855,382697,2517928,2900625,6.579429679354686
1309862,382699,2517932,2900631,6.579405747075378
1309920,382716,2518042,2900758,6.579400913471086
1310038,382720,2518232,2900952,6.579828595317726
1310204,382779,2518407,2901186,6.579271590134255
1310222,382792,2518426,2901218,6.579097786787603
1310341,382852,2518717,2901569,6.578826805136188
1310359,382852,2518737,2901589,6.578879044643883
1310371,382862,2518756,2901618,6.578756836666997
1310417,382881,2518814,2901695,6.578581857026073
1310556,382909,2518942,2901851,6.5784350850985485
1310587,382920,2518986,2901906,6.5783610153556875
1310776,382950,2519230,2902180,6.5784828306567436
1310818,382961,2519309,2902270,6.578500160590765
1310887,382998,2519417,2902415,6.578146622175573
1311378,383068,2519841,2902909,6.578051416458696
1311444,383102,2519953,2903055,6.577759969929679
1311491,383108,2520292,2903400,6.578541821105276
1311531,383120,2520352,2903472,6.578492378367091
1311587,383131,2520439,2903570,6.578530580924018
1311612,383142,2520474,2903616,6.578433061371502
1311622,383142,2520503,2903645,6.578508751324574
1311655,383147,2520532,2903679,6.578498591924248
1311679,383163,2520595,2903758,6.57838830993598
1311687,383163,2520614,2903777,6.578437897187359
1311703,383169,2520648,2903817,6.578423619864864
1311784,383233,2520805,2904038,6.577734694037309
1312609,383468,2522118,2905586,6.577127687316803
1312611,383468,2522123,2905591,6.577140726214443
1312753,383618,2522417,2906035,6.575335359654656
1312916,383627,2523349,2906976,6.577610543574878
1313240,383755,2523823,2907578,6.576651770009511
1313393,383755,2523977,2907732,6.577053067712473
1313497,383804,2524133,2907937,6.576619837208575
1313612,383911,2524361,2908272,6.57538075230978
1313690,383911,2524613,2908524,6.57603715444465
1313796,383938,2524802,2908740,6.57606696914606
1313804,383941,2524812,2908753,6.576041631396491
1313814,383941,2524828,2908769,6.576083304466051
1313845,383956,2524883,2908839,6.5759696423548535
1313854,383958,2524905,2908863,6.575992686700108
1313942,383994,2525027,2909021,6.575693891050381
1313985,384014,2525102,2909116,6.57554672485899
1314271,384184,2526260,2910444,6.575651250442497
1314497,384293,2526848,2911141,6.57531623006404
1314584,384322,2526984,2911306,6.575173942683479
1314713,384379,2527234,2911613,6.574849302381243
1314722,384382,2527267,2911649,6.574883839513817
1314830,384385,2527517,2911902,6.5754829142656455
1314850,384385,2527558,2911943,6.575589578157317
1315050,384461,2527922,2912383,6.575236499931072
1315753,384647,2528577,2913224,6.573759836941403
1315843,384672,2528619,2913291,6.573441789368605
1315876,384697,2528661,2913358,6.573123783133219
1315881,384697,2528661,2913358,6.573123783133219
1315940,384715,2528714,2913429,6.572954004912727
1315949,384717,2528729,2913446,6.572958824278626
1315967,384717,2528793,2913510,6.573125180327358
1316391,384827,2529067,2913894,6.571958308538642
1316449,384853,2529151,2914004,6.571732583609846
1316488,384878,2529201,2914079,6.571435623756099
1316519,384893,2529283,2914176,6.571392568843809
1316552,384898,2529287,2914185,6.571317595830584
1316601,384921,2529360,2914281,6.571114592344923
1317618,385484,2531220,2916704,6.56634257193554
1317687,385520,2531327,2916847,6.56600695164972
1340841,385522,2600783,2986305,6.7461338133751125
1340911,385549,2600929,2986478,6.7460400623526455
1341026,385559,2601222,2986781,6.746625030151027
1341080,385559,2601341,2986900,6.746933672926842
1341101,385559,2601371,2986930,6.747011482029988
1341375,385569,2601745,2987314,6.747806488592184
1341406,385569,2601807,2987376,6.7479672899014185
1341447,385590,2601941,2987531,6.747947301537903
1341473,385605,2601990,2987595,6.747811880032676
1341555,385624,2602054,2987678,6.747645374769205
1341714,385631,2602315,2987946,6.748199703861982
1341808,385678,2602374,2988052,6.747530323223
1341823,385681,2602394,2988075,6.7475296942291685
1341831,385682,2602407,2988089,6.747545905694328
1341836,385682,2602429,2988111,6.7476029475059764
1341879,385709,2602508,2988217,6.747335426448436
1341888,385713,2602526,2988239,6.747312120670032
1341930,385727,2602585,2988312,6.747220184223557
1341957,385742,2602631,2988373,6.747077061870369
1342050,385807,2602821,2988628,6.7464328018931745
1342085,385807,2602854,2988661,6.746518336888651
1342121,385827,2602924,2988751,6.7463500480785425
1342200,385879,2603137,2989016,6.745992914877462
1342304,385919,2603253,2989172,6.745594282738088
1342584,386010,2603463,2989473,6.744548068702883
1342758,386010,2603684,2989694,6.745120592730759
1342782,386031,2603724,2989755,6.744857278301484
1343218,386137,2604622,2990759,6.745331320230902
1343226,386141,2604627,2990768,6.745274394586433
1343259,386150,2604661,2990811,6.7452052311278
1343286,386169,2604713,2990882,6.7450080146257205
1343299,386169,2604740,2990909,6.745077932200669
1343319,386170,2604754,2990924,6.745096719061554
1343357,386196,2604827,2991023,6.744831639892697
1343468,386224,2604942,2991166,6.7446404159244375
1343475,386224,2604952,2991176,6.744666307634947
1343617,386303,2605381,2991684,6.744397532506866
1343630,386311,2605406,2991717,6.744322579476122
1343811,386328,2605524,2991852,6.744331241846306
1343902,386399,2605834,2992233,6.74389426473671
1343939,386420,2605890,2992310,6.743672687749081
1343999,386420,2605982,2992402,6.743910770664044
1344039,386423,2606051,2992474,6.744036975024779
1344057,386432,2606068,2992500,6.743923898641935
1344121,386438,2606142,2992580,6.7440106821792885
1344173,386465,2606245,2992710,6.743806036769177
1344195,386483,2606306,2992789,6.74364978537219
1344267,386511,2606438,2992949,6.743502772236754
1344298,386521,2606475,2992996,6.743424031294548
1344390,386559,2606597,2993156,6.743076736022186
1344391,386559,2606599,2993158,6.743081909876629
1344699,386563,2607317,2993880,6.744869529675628
1344795,386636,2607505,2994141,6.7440822892850125
1345336,386660,2607954,2994614,6.744824910774324
1345438,386698,2608073,2994771,6.744469844685
1345475,386721,2608118,2994839,6.744185084337287
1345493,386724,2608136,2994860,6.7441793113434905
1345558,386736,2608184,2994920,6.744094162426047
1345595,386748,2608264,2995012,6.744091760009102
1345633,386755,2608282,2995037,6.744016237669842
1345690,386777,2608371,2995148,6.7438627426139615
1345757,386809,2608452,2995261,6.743514240878573
1345814,386834,2608519,2995353,6.743251627313008
1345827,386834,2608533,2995367,6.743287818547491
1345855,386859,2608568,2995427,6.74294251910903
1345976,386890,2608649,2995539,6.74261159502701
1346484,386906,2609535,2996441,6.744622724899588
1346499,386916,2609569,2996485,6.744536281776923
1346592,386962,2609700,2996662,6.7440730614375575
1346648,386986,2609760,2996746,6.743809853586435
1346700,386986,2609887,2996873,6.744138030833157
1346725,386997,2609932,2996929,6.744062615472472
1346881,387046,2610263,2997309,6.7440640130630465
1346942,387089,2610354,2997443,6.7435499329611535
1346964,387089,2610369,2997458,6.743588683739398
1347010,387120,2610430,2997550,6.743206240958876
1347176,387282,2610868,2998150,6.7415165176796235
1347295,387313,2611255,2998568,6.741976127834594
1347609,387492,2611853,2999345,6.74040496319924
1347694,387499,2612008,2999507,6.740683201763101
1347739,387500,2612178,2999678,6.741104516129032
1347826,387507,2612402,2999909,6.741560797611398
1348013,387516,2613480,3000996,6.744186046511628
1348591,387516,2614362,3001878,6.746462081565665
1349043,387548,2615690,3003238,6.7493316956867275
1349061,387560,2615744,3003304,6.749262049747136
1349119,387565,2615833,3003398,6.749404615999897
1349161,387588,2615928,3003516,6.749249202761695
1349220,387588,2615928,3003516,6.749249202761695
1349493,387654,2616065,3003719,6.748453517827754
1349598,387654,2616411,3004065,6.749346066337507
1349665,387672,2616520,3004192,6.749313852947853
1349732,387687,2616652,3004339,6.749393196057644
1349751,387698,2616672,3004370,6.7492532847732
1349786,387698,2616700,3004398,6.749325505935032
1349787,387698,2616702,3004400,6.749330664589449
1349908,387698,2616916,3004614,6.7498826406120225
1349939,387714,2616946,3004660,6.749681466235421
1350069,387714,2617185,3004899,6.750297899998452
1350115,387714,2617304,3005018,6.750604827269585
1350169,387726,2617355,3005081,6.750527434322176
1350214,387756,2617414,3005170,6.750157315425164
1350302,387769,2617495,3005264,6.750139902880323
1350342,387784,2617586,3005370,6.750113465228065
1350393,387803,2617716,3005519,6.750117972269425
1350478,387821,2617760,3005581,6.749918132334247
1350517,387829,2617829,3005658,6.749956810862519
1350539,387844,2617955,3005799,6.75002062684997
1350560,387857,2617988,3005845,6.7498794658856225
1350561,387857,2617990,3005847,6.7498846224252755
1350589,387865,2618044,3005909,6.749884624805023
1350988,388181,2618982,3007163,6.746806257905462
1351032,388197,2619080,3007277,6.74678062942269
1351057,388209,2619114,3007323,6.746659660131527
1351078,388219,2619171,3007390,6.746632699584513
1351083,388221,2619178,3007399,6.74661597389116
1351129,388256,2619247,3007503,6.746185506469958
1351181,388271,2619321,3007592,6.746115470895329
1351187,388278,2619328,3007606,6.74601187808735
1351192,388283,2619336,3007619,6.745945611834667
1351207,388295,2619352,3007647,6.7457783386342856
1351370,388362,2619679,3008041,6.745456558571642
1351374,388362,2619681,3008043,6.745461708406075
1351454,388394,2619915,3008309,6.745508427009686
1351503,388417,2619982,3008399,6.745281488709299
1351698,388476,2620104,3008580,6.7445710931949465
1353217,388476,2624177,3012653,6.755055653373696
1353258,388476,2624200,3012676,6.755114859090394
1353353,388476,2624303,3012779,6.755379997734738
1353481,388533,2624541,3013074,6.7550015056636115
1353674,388631,2624843,3013474,6.75407520244139
1353716,388631,2624892,3013523,6.754201286052837
1353834,388631,2625069,3013700,6.754656730935
1354337,388631,2626801,3015432,6.7591134006293885
1354348,388636,2626809,3015445,6.759047026008913
1354590,388636,2627295,3015931,6.760297553494787
1354594,388639,2627303,3015942,6.760265953751425
1354650,388650,2627369,3016019,6.760244435867747
1354696,388671,2627450,3016121,6.7600875804986735
1354909,388794,2628180,3016974,6.759826540533033
1355468,388794,2629763,3018557,6.763898105423437
1355691,388905,2630025,3018930,6.76264126200486
1355928,388905,2630387,3019292,6.763572080585233
1356506,388905,2631269,3020174,6.765839986629126
1357014,389083,2631704,3020787,6.763862723377788
1357063,389091,2631739,3020830,6.763813606585606
1357071,389095,2631760,3020855,6.763798044179442
1357113,389109,2631819,3020928,6.763706313655042
1357127,389116,2631891,3021007,6.763769672796801
1357251,389151,2632213,3021364,6.763988785844055
1357258,389154,2632224,3021378,6.76396490849381
1357657,389429,2632996,3022425,6.761170842438545
1357749,389494,2633138,3022632,6.7604070922787
1357852,389575,2633428,3023003,6.759745876917154
1357880,389589,2633467,3023056,6.759603068875148
1357909,389595,2633502,3023097,6.759588803757748
1357930,389603,2633521,3023124,6.759498771826705
1357969,389626,2633600,3023226,6.759302510612741
1357994,389633,2633618,3023251,6.759227272843932
1358019,389640,2633668,3023308,6.759234164870136
1358056,389640,2633693,3023333,6.759298326660507
1358065,389641,2633710,3023351,6.759324609063214
1358195,389642,2634095,3023737,6.760295348037429
1358231,389655,2634201,3023856,6.760341840859222
1358251,389662,2634221,3023883,6.76027172267247
1358514,389766,2634662,3024428,6.759599349353202
1359076,389916,2634975,3024891,6.757801680361924
1359172,389916,2635186,3025102,6.758342822556653
1359544,390036,2635752,3025788,6.75771467249177
1359645,390063,2635999,3026062,6.757880137311152
1359834,390067,2636418,3026485,6.758885012062031
1359914,390067,2636540,3026607,6.759197778843122
1359944,390085,2636635,3026720,6.759129420510915
1359957,390091,2636647,3026738,6.7590562202152835
1360024,390119,2636752,3026871,6.758840251307935
1360027,390119,2636761,3026880,6.758863321191739
1360169,390220,2637070,3027290,6.75790579673005
1360228,390245,2637199,3027444,6.75780343117785
1360244,390245,2637225,3027470,6.757870055990468
1360301,390293,2637354,3027647,6.7573694634543795
1360316,390299,2637378,3027677,6.757327074883615
1360351,390312,2637404,3027716,6.757168624075099
1360383,390321,2637455,3027776,6.757143479341362
1360397,390332,2637475,3027807,6.757004293780679
1360483,390390,2637649,3028039,6.75644611798458
1360496,390397,2637669,3028066,6.756376201661386
1361488,390749,2639144,3029893,6.75406462972394
1361748,390798,2639591,3030389,6.754361588339756
1361785,390810,2639640,3030450,6.754279573194135
1362330,391102,2641084,3032186,6.75292890345741
1362395,391102,2641084,3032186,6.75292890345741
1362410,391102,2641112,3032214,6.753000496034282
1362420,391103,2641129,3032232,6.753026696292281
1362440,391103,2641150,3032253,6.7530803905876455
1362644,391103,2641834,3032937,6.7548292904938085
1362654,391116,2641844,3032960,6.754630339848025
1362747,391116,2641996,3033112,6.755018971353767
1362777,391126,2642039,3033165,6.754956203371804
1362800,391134,2642060,3033194,6.754871731938415
1362858,391140,2642086,3033226,6.75483458608171
1362931,391140,2642086,3033226,6.75483458608171
1362976,391161,2642151,3033312,6.754638115763075
1362983,391169,2642157,3033326,6.7545153117961805
1363412,391263,2642398,3033661,6.753508509621406
1363608,391410,2642710,3034120,6.7517692445262005
1363617,391412,2642733,3034145,6.75179350658641
1363627,391412,2642749,3034161,6.751834384229405
1363746,391412,2643019,3034431,6.7525241944549474
1363777,391412,2643089,3034501,6.752703034143051
1363780,391417,2643099,3034516,6.752642322638005
1363800,391421,2643108,3034529,6.7525963093446695
1363877,391424,2643175,3034599,6.752715725147155
1364058,391424,2643364,3034788,6.753198577501635
1364078,391427,2643414,3034841,6.753274556941652
1364094,391427,2643440,3034867,6.75334098056598
1364110,391427,2643478,3034905,6.753438061247691
1364155,391456,2643548,3035004,6.753116569933786
1364197,391456,2643612,3035068,6.7532800621270335
1364241,391460,2643707,3035167,6.753453737291166
1364295,391476,2643775,3035251,6.753351418733205
1364386,391507,2643876,3035383,6.753074657668956
1364391,391509,2643902,3035411,6.753106569708487
1364535,391535,2644153,3035688,6.753299194197198
1364776,391544,2644650,3036194,6.754413297100709
1364785,391547,2644665,3036212,6.754399854934401
1364816,391557,2644699,3036256,6.754314186695679
1364960,391557,2644874,3036431,6.75476112034774
1365015,391576,2644946,3036522,6.754617239054488
1365080,391624,2645059,3036683,6.754077891038343
1365096,391630,2645084,3036714,6.7540382503893985
1365128,391654,2645129,3036783,6.753739269865749
1365222,391677,2645256,3036933,6.753666924532204
1365231,391683,2645271,3036954,6.753601764692366
1365261,391698,2645345,3037043,6.753532057860903
1365288,391729,2645400,3037129,6.75313801122715
1365321,391746,2645445,3037191,6.75295982600971
1365354,391754,2645512,3037266,6.752992949657183
1365390,391754,2645584,3037338,6.753176738463424
1365485,391777,2645733,3037510,6.753160599014235
1365509,391783,2645761,3037544,6.753128645193896
1365514,391784,2645765,3037549,6.753121618034427
1365793,391881,2646203,3038084,6.752567743779362
1365855,391891,2646248,3038139,6.752510264333705
1366506,392116,2646930,3039046,6.7503748890634405
1366624,392198,2647163,3039361,6.749557621405515
1366820,392198,2647491,3039689,6.750393933676357
1366899,392240,2647615,3039855,6.749987252702427
1367105,392240,2648284,3040524,6.751692841117683
1367183,392251,2648394,3040645,6.751783934266579
1367411,392363,2648745,3041108,6.750751217622457
1367472,392408,2648868,3041276,6.750290513954863
1367503,392408,2648899,3041307,6.750369513363642
1367709,392509,2649608,3042117,6.7504388434405325
1367750,392529,2649699,3042228,6.750326727451984
1367816,392540,2649791,3042331,6.750371936617924
1367910,392585,2649943,3042528,6.749985353490327
1367939,392585,2650015,3042600,6.750168753263624
1368677,392590,2650843,3043433,6.752191854097149
1368689,392601,2650863,3043464,6.752053611682089
1368710,392604,2650871,3043475,6.752022394066286
1368746,392618,2650896,3043514,6.751845305105726
1368867,392677,2651068,3043745,6.751268854554762
1368876,392679,2651092,3043771,6.751295587490036
1368910,392684,2651125,3043809,6.751293661060802
1368914,392691,2651133,3043824,6.751193686639113
1368978,392713,2651196,3043909,6.75097590352242
1369006,392730,2651243,3043973,6.750803350902656
1369009,392730,2651252,3043982,6.75082626741018
1369072,392758,2651350,3044108,6.750594513669995
1369084,392765,2651364,3044129,6.75050984685499
1369213,392766,2651746,3044512,6.7514652490286835
1369216,392766,2651753,3044519,6.751483071345279
1369426,392837,2651967,3044804,6.750807586861726
1369520,392880,2652096,3044976,6.750397067806964
1369559,392909,2652199,3045108,6.750160978750805
1369604,392955,2652302,3045257,6.749632909620694
1369711,393020,2652444,3045464,6.748877919698743
1369773,393031,2652553,3045584,6.748966366520707
1369780,393033,2652579,3045612,6.748998175725703
1369827,393045,2652679,3045724,6.74904654683306
1369849,393047,2652686,3045733,6.7490300142222175
1369913,393065,2652788,3045853,6.748980448526325
1369948,393080,2652858,3045938,6.748900987076422
1369977,393093,2652895,3045988,6.748771919113289
1369997,393093,2652916,3046009,6.7488253415858335
1370063,393093,2653011,3046104,6.749067014675917
1370090,393093,2653040,3046133,6.7491407885665735
1370364,393148,2653287,3046435,6.748824870023503
1370945,393434,2654167,3047601,6.746155644911218
1370973,393445,2654186,3047631,6.746015326157404
1371032,393466,2654297,3047763,6.745937387220243
1371097,393466,2654487,3047953,6.746420275195315
1371123,393480,2654517,3047997,6.74625648063434
1371298,393528,2654953,3048481,6.74654154215202
1371305,393531,2654959,3048490,6.746505357900649
1371325,393535,2654997,3048532,6.7465333451916605
1371416,393538,2655094,3048632,6.746728397257698
1371434,393544,2655127,3048671,6.746709389547293
1371480,393563,2655237,3048800,6.746663177178749
1372554,393918,2656185,3050103,6.742989657746028
1372600,393918,2656274,3050192,6.7432155930929785
1372623,393920,2656281,3050201,6.743199126726239
1372677,393921,2656425,3050346,6.743547564105493
1372689,393922,2656444,3050366,6.7435786780123985
1372732,393955,2656541,3050496,6.743260017007018
1372785,393978,2656660,3050638,6.743168400266005
1372792,393978,2656660,3050638,6.743168400266005
1372884,394044,2656834,3050878,6.742480535168661
1372934,394057,2656923,3050980,6.742483955366863
1372945,394069,2656943,3051012,6.742329389015629
1372959,394069,2656997,3051066,6.742466420855231
1372980,394074,2657013,3051087,6.742421474139375
1373109,394141,2657229,3051370,6.741823357630898
1373216,394183,2657354,3051537,6.741422131345086
1373287,394210,2657559,3051769,6.7414804292128565
1373292,394216,2657572,3051788,6.741410800170465
1373311,394222,2657608,3051830,6.741399516008746
1373502,394302,2658054,3052356,6.741162865012098
1373552,394330,2658138,3052468,6.740897218066086
1373587,394330,2658172,3052502,6.740983440265767
1373631,394347,2658248,3052595,6.740885565250909
1373737,394364,2658377,3052741,6.740922092280228
1374465,394364,2659999,3054363,6.745035043766673
1375077,394364,2660738,3055102,6.746908947064133
1375093,394369,2660768,3055137,6.746899477393
1375122,394376,2660821,3055197,6.746914112420634
1375157,394390,2660874,3055264,6.7468089961713025
1375176,394403,2660906,3055309,6.746667748470473
1375181,394408,2660921,3055329,6.746620251110525
1375214,394408,2660996,3055404,6.746810409525162
1375355,394503,2661169,3055672,6.745624241133781
1375372,394509,2661180,3055689,6.745549531189402
1375388,394512,2661214,3055726,6.74558441821795
1375567,394539,2661436,3055975,6.7456854708913445
1375988,394714,2662290,3057004,6.744858302467103
1376250,394853,2663154,3058007,6.744672067832839
1376264,394859,2663169,3058028,6.744607568777716
1376337,394894,2663247,3058141,6.744207306264466
1376382,394899,2663351,3058250,6.744385273196437
1376649,395047,2664328,3059375,6.74433168711571
1376677,395049,2664391,3059440,6.744457016724508
1376853,395161,2664782,3059943,6.743534913617488
1376921,395192,2664885,3060077,6.743266564100488
1376937,395204,2664919,3060123,6.743147842633172
1376981,395224,2665018,3060242,6.743057101795437
1377071,395231,2665146,3060377,6.743261535658893
1377080,395233,2665162,3060395,6.743267895140335
1377110,395238,2665187,3060425,6.743245841745986
1377122,395238,2665208,3060446,6.743298974288909
1378435,395238,2668510,3063748,6.751653434133358
1378524,395240,2668771,3064011,6.75227962756806
1378533,395241,2668788,3064029,6.752305555344714
1378556,395256,2668809,3064065,6.752102434877649
1378665,395295,2668878,3064173,6.7516108222972715
1378985,395472,2669360,3064832,6.749807824574179
1379020,395481,2669405,3064886,6.749768004025478
1379040,395487,2669410,3064897,6.749678244796922
1379081,395499,2669478,3064977,6.749645384691238
1379112,395524,2669558,3065082,6.749421021227536
1379142,395537,2669587,3065124,6.7492725080081
1379145,395541,2669600,3065141,6.749237120804165
1379156,395541,2669616,3065157,6.74927757173087
1379216,395578,2669691,3065269,6.748835880660704
1379339,395619,2669780,3065399,6.7483614285461515
1379532,395731,2670207,3065938,6.747530519469033
1379757,395790,2670791,3066581,6.748000202127391
1379782,395812,2670817,3066629,6.74769082291593
1380131,395927,2671188,3067115,6.74666794636385
1380139,395932,2671195,3067127,6.746600426335835
1380169,395945,2671229,3067174,6.746464786775941
1382459,395970,2674568,3070538,6.754471298330682
1382466,395970,2674568,3070538,6.754471298330682
1382467,395970,2674570,3070540,6.7544763492183755
1382487,395981,2674611,3070592,6.7543922561941105
1382520,395981,2674675,3070656,6.754553880110409
1382628,396005,2674747,3070752,6.754326334263456
1382981,396005,2675046,3071051,6.755081375235161
1383050,396005,2675130,3071135,6.755293493769018
1383262,396156,2675699,3071855,6.754154928866406
1383264,396156,2675709,3071865,6.7541801714476115
1383273,396158,2675725,3071883,6.754186460957497
1383308,396165,2675805,3071970,6.7542690545605995
1383369,396165,2675847,3072012,6.754375070993147
1383375,396165,2675863,3072028,6.754415458205545
1383390,396173,2675898,3072071,6.7543674101970606
1383411,396173,2675928,3072101,6.754443134691158
1383420,396175,2675953,3072128,6.754472139837193
1383511,396175,2675980,3072155,6.754540291537831
1384158,396286,2677324,3073610,6.756039829819877
1384340,396286,2677598,3073884,6.756731249653028
1384411,396314,2677774,3074088,6.756697971810231
1384441,396314,2677804,3074118,6.756773669363182
1384472,396335,2677875,3074210,6.7565947998536595
1384512,396335,2677975,3074310,6.756847111660591
1384578,396379,2678071,3074450,6.756339261161666
1384648,396402,2678124,3074526,6.756080948128415
1384658,396409,2678137,3074546,6.755994440085871
1384681,396421,2678212,3074633,6.755979123204876
1384697,396431,2678231,3074662,6.755856630788208
1384706,396435,2678234,3074669,6.755796032136415
1384737,396437,2678292,3074729,6.755908252761473
1384776,396441,2678372,3074813,6.756041882650886
1384807,396460,2678423,3074883,6.755846743681582
1384833,396483,2678457,3074940,6.75554059064323
1385022,396545,2678815,3075360,6.7553871565648285
1385033,396550,2678832,3075382,6.755344849325432
1385039,396555,2678839,3075394,6.7552773259699155
1385252,396678,2679509,3076187,6.754871709547794
1385269,396678,2679554,3076232,6.754985151684742
1385319,396708,2679623,3076331,6.7546482551398
1385386,396756,2679785,3076541,6.754239381383016
1385522,396839,2679910,3076749,6.753141702302445
1385549,396857,2679944,3076801,6.752921077365398
1385648,396869,2679982,3076851,6.752812640947012
1385654,396874,2679989,3076863,6.752745203767443
1385698,396877,2680105,3076982,6.752986441643129
1385727,396893,2680174,3077067,6.7528880579904405
1385820,396949,2680383,3077332,6.7524619031664015
1385971,396949,2680632,3077581,6.75308918777979
1386222,397053,2681284,3078337,6.752962450856686
1386265,397053,2681330,3078383,6.753078304407724
1386282,397053,2681330,3078383,6.753078304407724
1386314,397058,2681359,3078417,6.753066302656035
1386382,397069,2681453,3078522,6.753115957176209
1386416,397075,2681524,3078599,6.753192721778001
1386454,397075,2681553,3078628,6.753265755839577
1386488,397101,2681619,3078720,6.752989793528599
1386560,397101,2681806,3078907,6.753460706470142
1386729,397147,2682128,3079275,6.753489262162373
1386768,397163,2682178,3079341,6.753343085836294
1386817,397168,2682279,3079447,6.753512367562341
1386975,397236,2682436,3079672,6.752751512954516
1387047,397245,2682564,3079809,6.752920741607824
1387092,397246,2682700,3079946,6.75324609939433
1387120,397254,2682779,3080033,6.7533089660519465
1387221,397291,2683039,3080330,6.7533344576141925
1387243,397291,2683099,3080390,6.753485480416118
1387383,397291,2683419,3080710,6.754290935359724
1387570,397370,2683687,3081057,6.753622568387145
1387585,397384,2683727,3081111,6.753485293821593
1387648,397410,2683832,3081242,6.753307667144762
1387859,397520,2684255,3081775,6.752503018716039
1387896,397545,2684284,3081829,6.75215132878039
1388193,397599,2684946,3082545,6.752899277915689
1388206,397602,2684966,3082568,6.752898627270486
1388230,397607,2684977,3082584,6.752841373517066
1388246,397607,2685006,3082613,6.752914309858729
1388252,397614,2685026,3082640,6.752845724748123
1388814,397983,2686099,3084082,6.74928074817266
1388818,397989,2686113,3084102,6.749214174261097
1388825,397995,2686129,3084124,6.749152627545572
1388860,397999,2686189,3084188,6.749235550843093
1389002,397999,2686380,3084379,6.74971545154636
1389021,397999,2686405,3084404,6.7497782657745375
1389029,397999,2686424,3084423,6.749826004587951
1389073,398012,2686554,3084566,6.749932162849361
1389092,398012,2686584,3084596,6.750007537461182
1389162,398041,2686664,3084705,6.7497167377229985
1389202,398061,2686771,3084832,6.749646410977212
1389276,398084,2686946,3085030,6.749696044051004
1389336,398084,2687056,3085140,6.749972367641
1389353,398084,2687101,3085185,6.750085409109635
1389368,398084,2687108,3085192,6.750102993338089
1389464,398084,2687257,3085341,6.750477286200902
1389600,398084,2687699,3085783,6.75158760462616
1389627,398088,2687745,3085833,6.751635316814372
1389880,398175,2688175,3086350,6.751240032648961
1390000,398199,2688309,3086508,6.751169641309998
1390004,398199,2688318,3086517,6.751192243074443
1390030,398218,2688351,3086569,6.7509529955953775
1390063,398223,2688367,3086590,6.750908410614153
1390202,398324,2688620,3086944,6.74983179522198
1390362,398440,2688993,3087433,6.74880283104106
1390418,398440,2689037,3087477,6.748913261720711
1390600,398568,2689499,3088067,6.7479049998996405
1390674,398609,2689585,3088194,6.747426676266717
1390825,398653,2689710,3088363,6.746995507371072
1390847,398653,2689734,3088387,6.7470557101037745
1390879,398663,2689791,3088454,6.747029445922998
1390905,398678,2689860,3088538,6.746948665338945
1390970,398697,2689943,3088640,6.746835316042007
1391022,398748,2690099,3088847,6.746363618124731
1391067,398748,2690236,3088984,6.746707193515705
1391197,398749,2690621,3089370,6.747655793494153
1391405,398872,2690985,3089857,6.746487595017951
1391427,398874,2690992,3089866,6.74647131675667
1391535,398874,2691185,3090059,6.746955178828402
1391693,398917,2691365,3090282,6.746679133754641
1391718,398937,2691422,3090359,6.746483780647069
1391988,398970,2691945,3090915,6.747236634333409
1392330,398992,2692701,3091693,6.748759373621526
1392510,399066,2693029,3092095,6.748329850200218
1392553,399066,2693101,3092167,6.748510271483915
1392559,399066,2693108,3092174,6.7485278124420525
1392722,399075,2694042,3093117,6.750716030821274
1392746,399075,2694097,3093172,6.750853849527031
1392804,399088,2694194,3093282,6.750876999558995
1392835,399094,2694222,3093316,6.7508456654322035
1392860,399104,2694256,3093360,6.750761706221937
1393042,399208,2694627,3093835,6.749932366084848
1393091,399230,2694717,3093947,6.749785837737645
1393133,399241,2694770,3094011,6.749732617641976
1393143,399243,2694778,3094021,6.749718842910208
1393217,399267,2694924,3094191,6.749678786376034
1393226,399274,2694953,3094227,6.749633084047546
1393261,399294,2695009,3094303,6.749435253221937
1393448,399400,2695431,3094831,6.748700550826239
1393472,399406,2695482,3094888,6.748726859386188
1393483,399406,2695494,3094900,6.748756904002444
1393507,399412,2695550,3094962,6.748795729722692
1393724,399412,2696219,3095631,6.750470691917118
1393794,399412,2696328,3095740,6.750743593081831
1393966,399542,2696665,3096207,6.749390552182248
1393981,399547,2696697,3096244,6.7493861798486785
1394037,399565,2696814,3096379,6.7493749452529626
1394481,399682,2697450,3097132,6.748990447405688
1394651,399704,2697611,3097315,6.749021776114325
1394734,399721,2697760,3097481,6.749107502482982
1394863,399748,2697982,3097730,6.749207000410259
1394896,399760,2698009,3097769,6.7490719431659
1394906,399760,2698011,3097771,6.7490769461677
1395050,399774,2698209,3097983,6.749335874769245
1395060,399777,2698221,3097998,6.749315243248111
1395087,399777,2698271,3098048,6.7494403129744835
1395613,399778,2699284,3099062,6.7519573363216585
1396310,399778,2701179,3100957,6.756697467094237
1396511,399797,2701538,3101335,6.757274316715733
1396610,399830,2701593,3101423,6.756854163019283
1396644,399847,2701613,3101460,6.756616905966532
1396666,399848,2701618,3101466,6.756612512754847
1396688,399860,2701636,3101496,6.756454759165708
1396704,399863,2701656,3101519,6.756454085524292
1396724,399870,2701681,3101551,6.756398329457074
1397394,400066,2702882,3102948,6.756090245109557
1397406,400068,2702887,3102955,6.756068968275393
1397427,400081,2702959,3103040,6.75602940404568
1397443,400081,2702985,3103066,6.7560943908858455
1397496,400107,2703045,3103152,6.755805322076345
1397567,400130,2703112,3103242,6.755584435058606
1397589,400136,2703149,3103285,6.75557560429454
1397593,400136,2703149,3103285,6.75557560429454
1397971,400227,2703586,3103813,6.755131462894807
1398040,400271,2703735,3104006,6.754761149321335
1398336,400313,2704263,3104576,6.755371421862392
1398369,400318,2704292,3104610,6.755359489206081
1398383,400329,2704314,3104643,6.75522882429202
1398388,400331,2704326,3104657,6.755225051270074
1400439,401246,2706671,3107917,6.745664754290385
1400465,401258,2706709,3107967,6.7455577209675575
1402097,401855,2714592,3116447,6.755152978064227
1402230,401877,2714689,3116566,6.75502454731174
1402243,401877,2714710,3116587,6.755076802106117
1402254,401877,2714736,3116613,6.755141498518204
1402274,401877,2714760,3116637,6.755201218283206
1402291,401883,2714772,3116655,6.755130224468315
1402351,401908,2714872,3116780,6.7549588463031345
1402363,401917,2714931,3116848,6.754954381128442
1402399,401918,2714971,3116889,6.755037097119313
1402476,401923,2715139,3117062,6.755371053659532
1402477,401924,2715145,3117069,6.7553691742717525
1402482,401926,2715149,3117075,6.755345511362788
1402515,401926,2715198,3117124,6.755467424351746
1402540,401937,2715228,3117165,6.755357182842087
1402682,401988,2715651,3117639,6.755552404549389
1402711,401995,2715679,3117674,6.755504421696787
1402744,402001,2715722,3117723,6.755510558431447
1403547,402001,2717668,3119669,6.760351342409596
1403606,402001,2717760,3119761,6.760580197561698
1403626,402009,2717798,3119807,6.760540186911238
1403681,402009,2717876,3119885,6.7607342124181296
1403690,402014,2717884,3119898,6.7606700264169906
1404212,402278,2718723,3121001,6.758318874012499
1404213,402278,2718725,3121003,6.758323845698746
1404225,402286,2718738,3121024,6.758221762626589
1404305,402286,2718860,3121146,6.7585250294566555
1406459,402998,2720690,3123688,6.751125315758391
1406489,403012,2720742,3123754,6.751019820749755
1406526,403016,2720794,3123810,6.7510818429045
1406562,403031,2720870,3123901,6.751019152372894
1406578,403031,2720896,3123927,6.7510836635395295
1406676,403031,2720978,3124009,6.7512871218343005
1406679,403031,2720980,3124011,6.751292084231734
1406747,403031,2721100,3124131,6.751589828077741
1406851,403069,2721216,3124285,6.7512411026399946
1406887,403078,2721247,3124325,6.751167267873711
1406922,403100,2721307,3124407,6.750947655668568
1407519,403134,2722547,3125681,6.75345418644917
1407537,403134,2722590,3125724,6.7535608507344955
1407565,403150,2722641,3125791,6.753419322832692
1407690,403161,2722805,3125966,6.75364184531738
1407724,403161,2722823,3125984,6.753686492493073
1407757,403166,2722852,3126018,6.753674665026317
1407797,403179,2722921,3126100,6.753628041143016
1407826,403191,2722939,3126130,6.75347167967539
1407846,403191,2722963,3126154,6.7535312048136
1407880,403198,2723018,3126216,6.753550364833159
1407945,403248,2723125,3126373,6.7529783160734835
1408125,403293,2723281,3126574,6.752611624798844
1408529,403375,2723816,3127191,6.7525652308645805
1408754,403479,2724093,3127572,6.751511231067788
1408760,403479,2724104,3127583,6.75153849394888
1408810,403497,2724190,3127687,6.751450444489055
1408889,403497,2724307,3127804,6.751740409470207
1408892,403498,2724316,3127814,6.7517459813927205
1408960,403529,2724517,3128046,6.751725402635251
1408979,403529,2724532,3128061,6.751762574684843
1408980,403529,2724534,3128063,6.751767530958122
1409250,403684,2725062,3128746,6.7504830510993745
1409315,403693,2725374,3129067,6.751105419217079
1409326,403693,2725384,3129077,6.751130190516061
1409494,403693,2725647,3129340,6.7517816756792906
1409592,403694,2725936,3129630,6.7524808394477
1409602,403694,2725936,3129630,6.7524808394477
1409632,403711,2725979,3129690,6.752303008835528
1409825,403711,2726423,3130134,6.7534028054722315
1409869,403722,2726467,3130189,6.7533277849609386
1409885,403737,2726506,3130243,6.7531734767930605
1409986,403789,2726760,3130549,6.752932843638633
1410006,403791,2726767,3130558,6.752916731675545
1410025,403791,2726788,3130579,6.752968738778229
1410103,403851,2726899,3130750,6.752240306449656
1410144,403875,2726993,3130868,6.752071804394924
1410159,403879,2727029,3130908,6.752094067777725
1410168,403891,2727067,3130958,6.751987541193045
1410170,403891,2727072,3130963,6.751999920770703
1410180,403892,2727092,3130984,6.752032721618651
1411672,404751,2730429,3135180,6.745947508468169
1411726,404777,2730522,3135299,6.745743952843171
1411784,404807,2730641,3135448,6.745537997119615
1411814,404818,2730696,3135514,6.745490566130953
1411867,404849,2730850,3135699,6.745354440791505
1411976,404849,2731048,3135897,6.745843512025472
1411989,404849,2731063,3135912,6.745880562876529
1411999,404853,2731077,3135930,6.7458484931567755
1412005,404854,2731087,3135941,6.74585653099636
1412128,404933,2731351,3136284,6.745192414547592
1412167,404945,2731402,3136347,6.7451184728790325
1412764,404945,2732676,3137621,6.748264579140377
1412853,405000,2732793,3137793,6.747637037037037
1413111,405010,2733500,3138510,6.7492160687390435
1413191,405033,2733637,3138670,6.749171055197971
1413360,405110,2733828,3138938,6.748359704771543
1413395,405120,2733902,3139022,6.748375789889415
1413597,405172,2734062,3139234,6.747904593604692
1413614,405188,2734116,3139304,6.747771404878723
1413624,405188,2734132,3139320,6.747810892721404
1413664,405208,2734222,3139430,6.747699946694044
1413709,405211,2734233,3139444,6.747677136109336
1413722,405218,2734242,3139460,6.74758278260097
1413760,405245,2734291,3139536,6.747254130217523
1413942,405245,2734835,3140080,6.748596528026256
1413945,405245,2734844,3140089,6.748618736813532
1413962,405245,2734889,3140134,6.748729780749917
1413978,405245,2734889,3140134,6.748729780749917
1414020,405247,2735024,3140271,6.749029604167335
1414128,405293,2735178,3140471,6.748643573908259
1414318,405383,2735509,3140892,6.747961804022369
1414415,405383,2735578,3140961,6.7481320134292755
1414436,405395,2735623,3141018,6.748043266443839
1414477,405415,2735656,3141071,6.747791768928136
1414501,405427,2735681,3141108,6.747653708312471
1414506,405434,2735684,3141118,6.74754460652042
1414533,405450,2735754,3141204,6.7474509803921565
1414669,405464,2735807,3141271,6.74734871653217
1414748,405515,2735887,3141402,6.746697409466974
1414771,405515,2735928,3141443,6.746798515467985
1414833,405525,2736075,3141600,6.746994636582208
1414850,405529,2736104,3141633,6.746999598055873
1414878,405541,2736137,3141678,6.746881326425688
1414888,405541,2736153,3141694,6.746920779896484
1415007,405554,2736225,3141779,6.7468820428352325
1415028,405554,2736254,3141808,6.746953549958822
1415075,405562,2736345,3141907,6.747044841479231
1415192,405575,2736576,3142151,6.747398138445417
1415760,405918,2737334,3143252,6.7435639710483395
1416009,406035,2737604,3143639,6.742285763542552
1416070,406047,2737675,3143722,6.742261363832266
1416084,406049,2737692,3143741,6.742270021598379
1416151,406068,2737736,3143804,6.742062905720224
1416323,406098,2737812,3143910,6.741751990898749
1416379,406110,2737975,3144085,6.741954150353353
1416395,406118,2737986,3144104,6.741848428289315
1416583,406118,2738367,3144485,6.7427865792700645
1416748,406127,2739306,3145433,6.744949240016054
1417668,406572,2740911,3147483,6.741514418110445
1417678,406572,2740927,3147499,6.7415537715337015
1417687,406574,2740943,3147517,6.741559962024134
1417735,406574,2741014,3147588,6.741734591980796
1418058,406713,2741922,3148635,6.741663040030685
1418065,406718,2741932,3148650,6.741604748253089
1418079,406726,2741950,3148676,6.741516401705325
1418173,406726,2742102,3148828,6.741890117671356
1418235,406767,2742184,3148951,6.741412159786806
1418252,406767,2742202,3148969,6.741456411164131
1418350,406808,2742952,3149760,6.742620597431713
1418577,406874,2743597,3150471,6.743112118247909
1418608,406874,2743677,3150551,6.743308739314874
1418636,406881,2743711,3150592,6.74327628962768
1418689,406884,2743794,3150678,6.743430560061344
1418729,406896,2743839,3150735,6.743342279108175
1418869,406899,2744097,3150996,6.743926625526236
1418998,406899,2744480,3151379,6.74486789104913
1419026,406903,2744497,3151400,6.74484336561785
1419302,406912,2746195,3153107,6.748867076910979
1419335,406928,2746255,3153183,6.748749164471356
1419379,406960,2746347,3153307,6.7484445645763715
1419897,406977,2748112,3155089,6.752499527000297
1420179,406977,2748439,3155416,6.753303012209535
1420306,407060,2748703,3155763,6.752574559033066
1420429,407062,2749066,3156128,6.753433137949502
1420537,407062,2749623,3156685,6.754801479872845
1420659,407121,2749835,3156956,6.7543433033422495
1420911,407208,2750109,3157317,6.753573112512524
1420913,407208,2750111,3157319,6.753578024007387
1420921,407216,2750120,3157336,6.753467447251581
1421407,407311,2750405,3157716,6.752591999725026
1421424,407331,2750461,3157792,6.752397926993035
1421436,407337,2750473,3157810,6.752327925035044
1421476,407368,2750524,3157892,6.751939278490211
1421507,407378,2750606,3157984,6.751974824364595
1421528,407378,2750646,3158024,6.7520730132702305
1421572,407401,2750715,3158116,6.751861188362326
1421604,407401,2750781,3158182,6.752023190910184
1421633,407401,2750811,3158212,6.752096828431938
1421635,407403,2750811,3158214,6.75206368141619
1421638,407404,2750814,3158218,6.752054471728309
1421792,407524,2751035,3158559,6.75060855311589
1422096,407661,2751632,3159293,6.749804371769681
1422099,407661,2751641,3159302,6.749826448936739
1422127,407672,2751682,3159354,6.749744892953158
1422156,407675,2751693,3159368,6.749722205187956
1422165,407678,2751699,3159377,6.7496872531753
1422175,407687,2751726,3159413,6.7496044759828004
1422204,407687,2751765,3159452,6.749700137605565
1422837,407705,2753058,3160763,6.752573551955458
1422861,407709,2753085,3160794,6.752573526706548
1422949,407721,2753187,3160908,6.7526249567719105
1423093,407761,2753319,3161080,6.7522862657291896
1423259,407761,2753734,3161495,6.7533040187757045
1423358,407811,2753849,3161660,6.752758017807269
1423640,407811,2754176,3161987,6.753559859837033
1423719,407875,2754281,3162156,6.752757585044438
1424365,408183,2755267,3163450,6.750077783739156
1424377,408187,2755298,3163485,6.750087582407083
1424403,408195,2755367,3163562,6.750124327833511
1424479,408243,2755521,3163764,6.749707894562797
1424598,408243,2755778,3164021,6.750337421584693
1424610,408245,2755786,3164031,6.750323947629488
1424628,408248,2755834,3164082,6.750391918637691
1424676,408274,2755910,3164184,6.750148184797465
1424749,408313,2756040,3164353,6.749821827862449
1424890,408408,2756367,3164775,6.7490524181700655
1424946,408419,2756422,3164841,6.749005310722567
1424982,408437,2756490,3164927,6.7488743674055
1425250,408588,2757059,3165647,6.747772817605999
1425400,408652,2757305,3165957,6.7473180114131335
1425486,408688,2757409,3166097,6.74697813490976
1425516,408699,2757464,3166163,6.746931115564266
1425557,408723,2757552,3166275,6.746750244052818
1425605,408732,2757608,3166340,6.746738694303358
1425613,408737,2757625,3166362,6.746697754301666
1425688,408776,2757759,3166535,6.746381881519463
1426229,408818,2758586,3167404,6.747711695668977
1426260,408833,2758642,3167475,6.747601098737137
1426273,408837,2758657,3167494,6.747571770656766
1426303,408843,2758682,3167525,6.747533894428913
1426310,408844,2758696,3167540,6.747551633385839
1426338,408844,2758762,3167606,6.747713064151608
1426355,408844,2758807,3167651,6.747823130582814
1426433,408844,2758964,3167808,6.748207140131688
1426455,408858,2759000,3167858,6.748064120061244
1426471,408858,2759026,3167884,6.7481277118217085
1426490,408858,2759061,3167919,6.748213316114641
1426652,408858,2759563,3168421,6.749441126258994
1426735,408887,2759648,3168535,6.749170308667186
1426747,408892,2759658,3168550,6.749112235015603
1426897,408922,2759990,3168912,6.749428986457075
1426918,408927,2760010,3168937,6.749395368855566
1426936,408933,2760029,3168962,6.74934280187708
1427104,408943,2760372,3169315,6.7500165059678245
1427122,408956,2760412,3169368,6.749899744715813
1427179,408972,2760484,3169456,6.749811723051945
1427351,408972,2760860,3169832,6.7507311013956945
1427514,409082,2761122,3170204,6.749556323671049
1427538,409091,2761146,3170237,6.749466500118555
1427569,409102,2761190,3170292,6.749392572023603
1427611,409144,2761314,3170458,6.749002796081575
1427693,409180,2761440,3170620,6.748716946087296
1428115,409180,2762153,3171333,6.750459455496358
1428121,409180,2762201,3171381,6.7505767632826625
1428369,409274,2762449,3171723,6.74963227568817
1428384,409280,2762469,3171749,6.7495821931196245
1428392,409282,2762475,3171757,6.749563870387655
1428503,409282,2762739,3172021,6.750208902419359
1428591,409320,2763017,3172337,6.750261409166423
1428704,409401,2763234,3172635,6.749455912418387
1428754,409409,2763334,3172743,6.749568280130627
1428759,409409,2763341,3172750,6.749585377947236
1429703,409409,2765424,3174833,6.754673199660974
1429732,409421,2765442,3174863,6.754519186851676
1429742,409429,2765470,3174899,6.75445559547565
1429748,409429,2765518,3174947,6.7545728319195755
1429799,409460,2765590,3175050,6.754237288135593
1430054,409477,2766165,3175642,6.755361106973041
1430074,409490,2766187,3175677,6.755200371193435
1430243,409498,2766460,3175958,6.755735070745156
1430305,409498,2766477,3175975,6.755776584989426
1430422,409520,2766725,3176245,6.756019242039461
1430511,409580,2766837,3176417,6.75530299331022
1430525,409585,2766862,3176447,6.755281565487017
1430534,409588,2766878,3176466,6.755271150521988
1431035,409840,2768070,3177910,6.754025961350771
1431123,409879,2768137,3178016,6.753546778439491
1431144,409886,2768159,3178045,6.753485115373543
1431165,409886,2768202,3178088,6.753590022591648
1431183,409892,2768226,3178118,6.753549715534824
1431218,409905,2768302,3178207,6.753520937778266
1431244,409905,2768357,3178262,6.753655115209622
1431283,409912,2768399,3178311,6.753642245164816
1431713,410083,2770072,3180155,6.754905714209075
1431762,410092,2770170,3180262,6.754996439823259
1431781,410097,2770208,3180305,6.755006742307308
1431874,410141,2770330,3180471,6.754579522651966
1431886,410141,2770345,3180486,6.7546160954403485
1431955,410174,2770530,3180704,6.754523689946218
1431984,410185,2770645,3180830,6.754622914050977
1432063,410212,2770757,3180969,6.75445135685938
1432530,410212,2771598,3181810,6.756501516289139
1432551,410220,2771645,3181865,6.756484325483886
1432565,410225,2771658,3181883,6.756433664452435
1432597,410229,2771719,3181948,6.756516482257471
1432619,410229,2771765,3181994,6.756628614749323
1432659,410262,2771821,3182083,6.756221633980237
1432674,410262,2771845,3182107,6.756280133183186
1432742,410302,2772018,3182320,6.756043109709434
1432768,410302,2772041,3182343,6.756099165980181
1432814,410309,2772094,3182403,6.756113075755102
1432877,410309,2772291,3182600,6.756593201708956
1433720,410645,2773556,3184201,6.754145307991087
1433750,410645,2773589,3184234,6.75422566937379
1433826,410673,2773706,3184379,6.754050059292917
1433984,410748,2774305,3185053,6.754275127328678
1434147,410791,2774520,3185311,6.754091496649147
1434162,410799,2774552,3185351,6.754037862799081
1434190,410810,2774590,3185400,6.753949514374042
1434233,410849,2774669,3185518,6.753500677864617
1434236,410849,2774674,3185523,6.7535128477859265
1434287,410849,2774790,3185639,6.753795189960302
1434416,410849,2775173,3186022,6.754727405932593
1434487,410849,2775345,3186194,6.7551460512256325
1434724,410915,2775613,3186528,6.75471326186681
1434773,410923,2775684,3186607,6.754754540388345
1434914,410960,2775844,3186804,6.754535721238077
1435015,411016,2776066,3187082,6.754155555988088
1435129,411052,2776181,3187233,6.7538437959187645
1435322,411114,2776407,3187521,6.753374976283951
1435384,411149,2776607,3187756,6.753286521431403
1435436,411149,2776665,3187814,6.753427589511345
1435448,411154,2776695,3187849,6.75341842715868
1435468,411170,2776728,3187898,6.753235887832283
1435499,411170,2776777,3187947,6.753355059950872
1435579,411195,2776851,3188046,6.753124430014957
1435656,411195,2776996,3188191,6.753477060761925
1435694,411224,2777052,3188276,6.753136976441064
1435815,411319,2777351,3188670,6.752304172673764
1435923,411319,2777908,3189227,6.753658352762698
1435991,411319,2777986,3189305,6.753847986599209
1436013,411324,2778007,3189331,6.753816942361739
1436379,411326,2779061,3190387,6.75634654750733
1437018,411547,2780882,3192429,6.757143169552931
1437067,411570,2780970,3192540,6.75697937167432
1437113,411570,2781025,3192595,6.757113006292975
1437187,411585,2781239,3192824,6.7573866880474265
1437209,411586,2781261,3192847,6.757423721895303
1437590,411736,2781734,3193470,6.756110711718188
1437718,411813,2781976,3193789,6.755435112538944
1437763,411842,2782076,3193918,6.75520223775137
1437854,411915,2782209,3194124,6.754327956010342
1438180,412113,2782804,3194917,6.752526612846476
1438217,412113,2782905,3195018,6.752771691259436
1438234,412127,2782940,3195067,6.752627224132367
1438302,412143,2783110,3195253,6.752777555363066
1438334,412158,2783173,3195331,6.752684650061385
1438342,412159,2783181,3195340,6.75268767635791
1438356,412167,2783210,3195377,6.752626969165411
1438368,412172,2783230,3195402,6.752593577438545
1438402,412180,2783330,3195510,6.752705128827212
1438423,412180,2783360,3195540,6.752777912562473
1438469,412197,2783443,3195640,6.752700771718377
1438486,412199,2783471,3195670,6.752735935798
1438496,412203,2783481,3195684,6.752694667433279
1438514,412203,2783508,3195711,6.752760169139963
1438635,412213,2783838,3196051,6.753396908879632
1438653,412226,2783852,3196078,6.7532178950381585
1438655,412226,2783857,3196083,6.753230024307054
1438764,412310,2784058,3196368,6.75234168465475
1438994,412401,2784307,3196708,6.751455500835352
1439014,412401,2784328,3196729,6.751506422147376
1439027,412405,2784343,3196748,6.751477309925923
1439225,412499,2784544,3197043,6.7504260616389375
1439305,412521,2784666,3197187,6.7503617997629215
1439753,412910,2785342,3198252,6.745639485602189
1441606,413288,2790586,3203874,6.752158301233038
1441660,413302,2790670,3203972,6.752132822972064
1441670,413302,2790696,3203998,6.752195730966703
1441714,413317,2790757,3204074,6.752098268399315
1441807,413317,2790909,3204226,6.752466024867112
1441817,413323,2790930,3204253,6.752418810470262
1441878,413343,2790977,3204320,6.752205795187048
1441897,413353,2791000,3204353,6.752098085655602
1442294,413558,2791610,3205168,6.75022608678831
1442326,413565,2791662,3205227,6.750237568459613
1442353,413569,2791692,3205261,6.75024482009048
1442399,413592,2791822,3205414,6.750183755972069
1442486,413592,2791952,3205544,6.750498075397977
1442493,413593,2791953,3205546,6.750484171637335
1442529,413608,2791987,3205595,6.750321560511402
1443146,413699,2792495,3206194,6.750064660538217
1444433,414235,2795169,3209404,6.74778567721221
1444633,414349,2795683,3210032,6.7471696564973005
1445458,414349,2797231,3211580,6.750905637518131
1445498,414365,2797339,3211704,6.750905602548478
1445789,414439,2797989,3212428,6.751268582348669
1446340,414467,2798430,3212897,6.751876506452866
1446494,414549,2798629,3213178,6.751020989074874
1446594,414579,2798756,3213335,6.750838802737235
1446628,414602,2798833,3213435,6.75065002098398
1446678,414627,2798870,3213497,6.750332226314254
1446720,414642,2798955,3213597,6.750293023861548
1446770,414680,2799038,3213718,6.749874602102826
1446781,414680,2799062,3213742,6.749932478055368
1446981,414735,2799712,3214447,6.750604602939227
1447197,414921,2800142,3215063,6.7486147965516325
1447232,414921,2800154,3215075,6.748643717719759
1447290,414927,2800244,3215171,6.748763035425508
1447415,414928,2800614,3215542,6.74963849149732
1447864,415118,2801384,3216502,6.748404068240838
1448181,415243,2802266,3217509,6.748496663399504
1448221,415250,2802326,3217576,6.748527393136665
1448228,415250,2802334,3217584,6.748546658639374
1448248,415250,2802369,3217619,6.748630945213726
1449051,415250,2804315,3219565,6.753317278747742
1449081,415273,2804350,3219623,6.753027526470539
1449196,415324,2804584,3219908,6.752761699299824
1449267,415372,2804735,3220107,6.752344886029872
1449428,415381,2805649,3221030,6.754398973472547
1449497,415431,2805777,3221208,6.7538941484867525
1449732,415536,2806499,3222035,6.753925051018443
1449745,415536,2806513,3222049,6.753958742443495
1449772,415556,2806545,3222101,6.753710691218512
1449777,415557,2806551,3222108,6.753708877482511
1449849,415605,2806734,3222339,6.753369184682572
1449867,415612,2806760,3222372,6.753317998517848
1450123,415675,2807361,3223036,6.753740301918566
1450155,415698,2807402,3223100,6.753465256027212
1450179,415701,2807405,3223106,6.753423734847884
1450202,415727,2807462,3223189,6.75313847789535
1450233,415754,2807502,3223256,6.752796124631392
1450278,415754,2807645,3223399,6.75314007802691
1451299,415754,2808854,3224608,6.756048047643558
1451340,415763,2808905,3224668,6.756024465861561
1451382,415779,2808954,3224733,6.755882331719495
1451393,415784,2808982,3224766,6.755868431685683
1451456,415784,2809063,3224847,6.756063244376888
1451550,415784,2809232,3225016,6.75646970542397
1451613,415808,2809309,3225117,6.756264910728028
1451716,415808,2809446,3225254,6.756594389718331
1451766,415827,2809546,3225373,6.756526151500504
1451802,415845,2809618,3225463,6.756406834277195
1451811,415847,2809635,3225482,6.756415220020825
1451821,415847,2809645,3225492,6.756439267326685
1451824,415848,2809659,3225507,6.756456686096843
1451890,415867,2809802,3225669,6.756491859176131
1451947,415916,2809937,3225853,6.7560204464363
1452966,415916,2811442,3227358,6.759638965560353
1452987,415927,2811483,3227410,6.759558768726243
1452992,415930,2811490,3227420,6.759526843459236
1453001,415932,2811521,3227453,6.759568871834819
1453079,415943,2811607,3227550,6.759596867840065
1453082,415944,2811610,3227554,6.759587829130845
1453100,415945,2811642,3227587,6.759648511221435
1453278,416033,2811934,3227967,6.758920566397377
1453312,416047,2811995,3228042,6.758839746470952
1453342,416057,2812029,3228086,6.758759016192493
1453372,416067,2812071,3228138,6.758697517467139
1453392,416067,2812092,3228159,6.758747990107363
1453493,416118,2812289,3228407,6.7583930519708355
1453814,416118,2812906,3229024,6.759875804459312
1453892,416119,2812997,3229116,6.760078246847656
1453921,416141,2813041,3229182,6.7598265972350715
1454080,416216,2813405,3229621,6.759483056874315
1454101,416237,2813494,3229731,6.7593558477502
1454110,416242,2813505,3229747,6.75930107966039
1454135,416242,2813548,3229790,6.75940438494914
1454505,416325,2813881,3230206,6.75885666246322
1454553,416366,2813977,3230343,6.7584216770821826
1454564,416375,2813988,3230363,6.758302011407985
1454718,416406,2814326,3230732,6.7586105867830915
1455043,416406,2815047,3231453,6.760342069998991
1455099,416414,2815118,3231532,6.760382696066895
1455111,416420,2815139,3231559,6.760335718745497
1455146,416439,2815174,3231613,6.760111324827886
1455157,416446,2815193,3231639,6.760043318941712
1455260,416504,2815342,3231846,6.759459693064172
1455277,416504,2815357,3231861,6.759495707124061
1455379,416542,2815570,3232112,6.759390409610555
1455391,416542,2815599,3232141,6.759460030441108
1455468,416597,2815747,3232344,6.758922891907527
1455477,416597,2815758,3232355,6.758949296322345
1455691,416729,2816074,3232803,6.757566668026463
1455752,416749,2816195,3232944,6.7575327115362
1456179,416749,2816738,3233487,6.758835654074755
1456213,416761,2816813,3233574,6.758821002924938
1456242,416783,2816871,3233654,6.758603397931298
1456388,416857,2817106,3233963,6.757967360509719
1456406,416860,2817110,3233970,6.757928321258936
1456429,416862,2817170,3234032,6.758039830927261
1456468,416874,2817266,3234140,6.7580755815906
1456491,416874,2817311,3234185,6.758183527876529
1456542,416874,2817427,3234301,6.758461789413587
1456566,416884,2817478,3234362,6.758422007081107
1456855,416896,2818062,3234958,6.759628300583359
1456928,416908,2818185,3235093,6.759728765099254
1457760,416957,2819718,3236675,6.762611012646388
1457784,416957,2819739,3236696,6.762661377552122
1457799,416960,2819743,3236703,6.762622313891021
1457916,417019,2819896,3236915,6.762032425381098
1457929,417021,2819901,3236922,6.762011985007949
1457956,417046,2819938,3236984,6.761695352551038
1457970,417052,2819954,3237006,6.761636438621562
1458002,417078,2819998,3237076,6.761320424476956
1458009,417078,2819998,3237076,6.761320424476956
1458036,417092,2820063,3237155,6.761249316697516
1458057,417096,2820080,3237176,6.761225233519381
1458081,417104,2820111,3237215,6.761169876098047
1458281,417157,2820224,3237381,6.76058174739966
1458324,417165,2820242,3237407,6.76049524768377
1458341,417170,2820272,3237442,6.760486132751636
1458345,417172,2820277,3237449,6.76046570719032
1458355,417175,2820289,3237464,6.760445856055612
1459819,417175,2822375,3239550,6.765446155690058
1459843,417187,2822394,3239581,6.765297096985285
1459927,417215,2822560,3239775,6.765240942919118
1460230,417446,2823213,3240659,6.763061569640145
1460253,417450,2823224,3240674,6.763023116540903
1460292,417462,2823246,3240708,6.762881411960849
1460296,417463,2823249,3240712,6.762872398272422
1460323,417463,2823275,3240738,6.7629346792410345
1460402,417526,2823443,3240969,6.762316598247774
1460435,417550,2823527,3241077,6.762129086336966
1460476,417551,2823607,3241158,6.762304484961119
1460764,417551,2824207,3241758,6.7637414351779785
1460923,417564,2824637,3242201,6.764560642200956
1460953,417587,2824681,3242268,6.764293428674743
1461021,417592,2824786,3242378,6.764463878618364
1461060,417592,2824902,3242494,6.7647416617176575
1461292,417592,2825225,3242817,6.765515143968275
1461363,417592,2825397,3242989,6.765927029253434
1461450,417616,2825603,3243219,6.766031473889889
1461453,417616,2825612,3243228,6.766053024788322
1461522,417648,2825680,3243328,6.765697429414244
1461589,417668,2825780,3243448,6.765612879128877
1461878,417668,2826376,3244044,6.767039849832882
1461906,417693,2826423,3244116,6.766747347932572
1461926,417693,2826454,3244147,6.766821565120795
1461981,417693,2826538,3244231,6.7670226697598475
1462038,417718,2826708,3244426,6.767024643419723
1462100,417718,2826875,3244593,6.76742443466645
1462233,417774,2827160,3244934,6.767199490633692
1462239,417776,2827171,3244947,6.7671934242273375
1462332,417834,2827386,3245220,6.766768621031319
1462917,417972,2827818,3245790,6.765568028480376
1462940,417988,2827872,3245860,6.765438242246189
1463066,417992,2828205,3246197,6.76617016593619
1463100,417998,2828249,3246247,6.76617830707324
1463152,418023,2828345,3246368,6.766003306038185
1463176,418023,2828400,3246423,6.766134877745961
1463246,418023,2828521,3246544,6.76642433550307
1463404,418025,2828846,3246871,6.767169427665809
1463448,418057,2828885,3246942,6.766744726197624
1463517,418064,2829036,3247100,6.766992613571128
1463641,418075,2829439,3247514,6.767778508640794
1463818,418075,2829820,3247895,6.768689828380075
1463866,418077,2829842,3247919,6.768710070154541
1463890,418077,2829863,3247940,6.768760300136099
1464044,418128,2830054,3248182,6.768391497340527
1464107,418147,2830177,3248324,6.768378106264065
1464119,418147,2830200,3248347,6.7684331108437945
1464140,418151,2830213,3248364,6.768399453785833
1464598,418151,2831458,3249609,6.771376847119821
1464632,418164,2831486,3249650,6.771233296027396
1464798,418253,2832064,3250317,6.771174384881878
1464842,418270,2832097,3250367,6.770978076362159
1464875,418277,2832184,3250461,6.771072758004863
1466058,418449,2834073,3252522,6.772803854233132
1466082,418458,2834109,3252567,6.772744218057726
1466263,418467,2835157,3253624,6.775102935237427
1466322,418482,2835203,3253685,6.774970010657567
1466333,418486,2835211,3253697,6.7749243702298285
1466355,418500,2835237,3253737,6.7747598566308245
1466371,418500,2835263,3253763,6.774821983273596
1466380,418500,2835274,3253774,6.7748482676224615
1466392,418505,2835288,3253793,6.774800778963214
1466642,418685,2835781,3254466,6.773065669895028
1466811,418788,2836224,3255012,6.772457663543368
1466828,418789,2836262,3255051,6.772532229834117
1466883,418820,2836342,3255162,6.772221956926603
1466889,418822,2836353,3255175,6.772215881687209
1467087,418822,2836693,3255515,6.773027682404458
1467131,418831,2836735,3255566,6.772982420116945
1467931,418877,2837606,3256483,6.774317997884821
1467939,418878,2837616,3256494,6.774325698652113
1468181,418892,2837785,3256677,6.774502735788699
1468233,418937,2837955,3256892,6.774180843420371
1468471,418954,2838751,3257705,6.775805935735188
1468473,418956,2838752,3257708,6.775775976474857
1468527,418964,2838790,3257754,6.775737294851109
1468534,418964,2838790,3257754,6.775737294851109
1468587,418967,2838884,3257851,6.775913138743624
1468857,418967,2839266,3258233,6.776824905064122
1469130,418989,2840134,3259123,6.778540725412839
1469131,418989,2840136,3259125,6.778545498807844
1469552,418995,2840653,3259648,6.7796823351113975
1469713,419044,2840859,3259903,6.779381162837315
1471177,419044,2842945,3261989,6.784359160374567
1471192,419045,2843005,3262050,6.784486153038457
1471338,419077,2843156,3262233,6.784328416973492
1471348,419085,2843192,3262277,6.784284810957204
1471373,419085,2843217,3262302,6.784344464726726
1471518,419137,2843399,3262536,6.78393699434791
1471705,419146,2844492,3263638,6.786399011323024
1471775,419167,2844567,3263734,6.786237943349548
1471806,419167,2844567,3263734,6.786237943349548
1471928,419202,2844698,3263900,6.78598384549692
1472042,419232,2845041,3264273,6.786316407144493
1472279,419260,2845251,3264511,6.786364070028145
1472475,419260,2845579,3264839,6.787146400801412
1472488,419262,2845610,3264872,6.787187963612252
1473112,419262,2846648,3265910,6.789663742480835
1473114,419262,2846652,3265914,6.78967328305451
1473130,419262,2846678,3265940,6.7897352967833955
1473181,419268,2846773,3266041,6.789864716601315
1473248,419269,2846811,3266080,6.789939156007241
1473422,419269,2847102,3266371,6.790633221153961
1474126,419305,2847929,3267234,6.792022513444867
1474759,419538,2848567,3268105,6.789771129194495
1474808,419568,2848679,3268247,6.7895525874232545
1474827,419577,2848764,3268341,6.789609535317713
1474847,419586,2848797,3268383,6.789542549084097
1475017,419586,2849142,3268728,6.790364788148318
1475117,419586,2849483,3269069,6.791177494005996
1475420,419756,2849972,3269728,6.789592048714015
1475466,419777,2850014,3269791,6.789352441891766
1475611,419777,2850264,3270041,6.789947996197982
1475645,419798,2850375,3270173,6.7898727483218115
1475665,419798,2850396,3270194,6.7899227723810025
1475733,419840,2850558,3270398,6.789629382621952
1475783,419840,2850670,3270510,6.789896150914634
1475822,419840,2850670,3270510,6.789896150914634
1475846,419845,2850684,3270529,6.789848634615155
1475980,419906,2850886,3270792,6.789343329221302
1476015,419906,2850971,3270877,6.789545755478607
1476036,419906,2851003,3270909,6.789621963010769
1476041,419906,2851003,3270909,6.789621963010769
1476081,419914,2851063,3270977,6.7896354967922
1476328,419914,2851884,3271798,6.791590659039708
1476359,419940,2851923,3271863,6.791263037576797
1476377,419946,2851942,3271888,6.791211250970363
1476407,419946,2851989,3271935,6.791323170121873
1476897,420155,2852594,3272749,6.789384869869453
1476952,420160,2852790,3272950,6.789770563594821
1476964,420164,2852806,3272970,6.789744004721966
1476975,420164,2852816,3272980,6.789767804952352
1477030,420177,2852980,3273157,6.7899480457045485
1477059,420186,2852999,3273185,6.789847829294645
1477333,420187,2853156,3273343,6.79020531334858
1477536,420193,2853964,3274157,6.792031280863793
1477613,420238,2854117,3274355,6.791668054768964
1477706,420297,2854331,3274628,6.791223825057043
1478039,420297,2855080,3275377,6.793005898210075
1478142,420376,2855239,3275615,6.792107541819704
1478160,420376,2855293,3275669,6.792235998249186
1478217,420401,2855363,3275764,6.791998591820667
1478787,420449,2857006,3277455,6.795130919564561
1478843,420462,2857088,3277550,6.7951158487568435
1478860,420469,2857107,3277576,6.795047910785337
1478967,420488,2857229,3277717,6.795031011586538
1479039,420488,2857432,3277920,6.795513783984323
1479069,420493,2857496,3277989,6.795585182155232
1479184,420574,2857694,3278268,6.794747178855564
1480205,420574,2858900,3279474,6.797614688497149
1481427,421012,2863888,3284900,6.80239043067656
1481446,421017,2863926,3284943,6.802399903091799
1481542,421086,2864061,3285147,6.801605847736567
1481543,421087,2864064,3285151,6.801596819659595
1481602,421087,2864158,3285245,6.801820051438301
1481882,421231,2864576,3285807,6.800487143633778
1481924,421248,2864622,3285870,6.800321900638104
1481950,421270,2864664,3285934,6.800066465687089
1481972,421270,2864717,3285987,6.8001922757376505
1481987,421270,2864724,3285994,6.800208892159422
1482239,421349,2865004,3286353,6.799598432653216
1482250,421359,2865017,3286376,6.799467912160415
1482302,421389,2865142,3286531,6.799280474810685
1482305,421389,2865151,3286540,6.799301832748363
1482405,421459,2865351,3286810,6.798647080736204
1482421,421466,2865387,3286853,6.798619580227112
1482497,421466,2865457,3286923,6.798785667171255
1482553,421479,2865486,3286965,6.798644772337412
1482589,421496,2865529,3287025,6.798472583369712
1482610,421502,2865567,3287069,6.79846596220184
1482799,421506,2866098,3287604,6.799661214786978
1482830,421526,2866130,3287656,6.799414508239112
1483143,421526,2866592,3288118,6.800510526041099
1483286,421555,2866734,3288289,6.8003795471528035
1483296,421569,2866768,3288337,6.800234362583587
1483352,421569,2866834,3288403,6.800390920584768
1483404,421595,2866939,3288534,6.80022059085141
1483497,421595,2867082,3288677,6.80055977893476
1483510,421595,2867096,3288691,6.800592986159703
1483628,421623,2867280,3288903,6.800577767341914
1483677,421632,2867330,3288962,6.800551191560412
1484993,421814,2872147,3293961,6.809036684415406
1485018,421824,2872200,3294024,6.809000910332271
1485060,421837,2872274,3294111,6.808966496537762
1485399,422033,2872957,3294990,6.807422642305222
1485438,422051,2873024,3295075,6.807291061980661
1485632,422056,2873416,3295472,6.80813920427621
1485645,422056,2873442,3295498,6.808200807475785
1485884,422236,2873934,3296170,6.8064636838166335
1485929,422256,2874091,3296347,6.806513110530105
1486187,422283,2874369,3296652,6.806736240862171
1486213,422291,2874411,3296702,6.80670674961105
1486267,422346,2874512,3296858,6.80605948677151
1486276,422350,2874531,3296881,6.806040014206227
1486334,422397,2874654,3297051,6.805573903223745
1486369,422415,2874707,3297122,6.805409372299753
1486410,422424,2874772,3297196,6.8054182527507905
1486434,422433,2874815,3297248,6.805375053558789
1486563,422460,2874927,3297387,6.8052052265303224
1486573,422460,2874939,3297399,6.805233631586423
1486662,422460,2875085,3297545,6.805579226435639
1487064,422563,2875748,3298311,6.8054893589831575
1487087,422563,2875777,3298340,6.805557987803002
1487196,422573,2876003,3298576,6.80593175616994
1487272,422611,2876107,3298718,6.805565875000887
1487342,422611,2876235,3298846,6.805868754007823
1487433,422611,2876455,3299066,6.806389327300993
1487588,422611,2876776,3299387,6.8071488910605735
1487620,422622,2876795,3299417,6.807016672108882
1487838,422631,2878088,3300719,6.809931121947987
1487926,422631,2878208,3300839,6.81021505757978
1487943,422632,2878219,3300851,6.810224971133279
1487951,422632,2878219,3300851,6.810224971133279
1487961,422632,2878223,3300855,6.810234435631944
1487999,422632,2878308,3300940,6.810435556228587
1488326,422687,2879076,3301763,6.811366330168659
1488459,422713,2879144,3301857,6.81110824602035
1489442,423335,2882665,3306000,6.809418073157192
1489571,423437,2882932,3306369,6.808408334651908
1489587,423440,2882964,3306404,6.8084356697525035
1489620,423445,2882993,3306438,6.808423762235946
1490386,423445,2883888,3307333,6.810537377935741
1490443,423466,2883937,3307403,6.810315349992679
1490448,423467,2883940,3307407,6.810306352088829
1490586,423467,2884232,3307699,6.8109958981455465
1490609,423467,2884315,3307782,6.8111918992507094
1490650,423476,2884416,3307892,6.811285645467512
1490768,423532,2884654,3308186,6.8109469886572915
1491713,423534,2887480,3311014,6.81758725391586
1492424,423637,2888375,3312012,6.818042333412804
1492515,423667,2888520,3312187,6.817901795513929
1492628,423691,2888670,3312361,6.817869626685486
1492643,423691,2888696,3312387,6.817930992161741
1492909,423691,2889155,3312846,6.819014328838706
1492939,423699,2889211,3312910,6.8190177460886146
1492955,423699,2889237,3312936,6.819079110406208
1492983,423706,2889274,3312980,6.8190537778554
1493080,423766,2889418,3313184,6.818428094750405
1493114,423773,2889470,3313243,6.818438173267292
1493180,423813,2889641,3313454,6.818198120397439
1493205,423822,2889707,3313529,6.818209059463642
1493276,423858,2889833,3313691,6.817927230346012
1493303,423879,2889866,3313745,6.817667306000061
1493313,423879,2889878,3313757,6.817695615965877
1493360,423887,2889909,3313796,6.817640078605855
1493365,423887,2889917,3313804,6.817658951560204
1493409,423902,2889964,3313866,6.817528579718897
1493435,423902,2890019,3313921,6.817658326688716
1493523,423937,2890168,3314105,6.817446931973383
1493623,423959,2890382,3314341,6.817597928101538
1493672,423968,2890417,3314385,6.817535757415654
1493721,424002,2890487,3314489,6.81715416436715
1493763,424025,2890521,3314546,6.816864571664406
1493825,424045,2890621,3314666,6.816778879600043
1493850,424061,2890696,3314757,6.816698541011788
1493892,424073,2890817,3314890,6.816790977025182
1493941,424088,2890899,3314987,6.8167432231046385
1493995,424104,2890993,3315097,6.816707694339124
1494025,424113,2891025,3315138,6.816638490213693
1494084,424134,2891159,3315293,6.816616918238104
1494116,424134,2891208,3315342,6.81673244776415
1494457,424353,2891743,3316096,6.81447521285345
1494508,424366,2892055,3316421,6.815001673084083
1494570,424366,2892119,3316485,6.8151524862972055
1494598,424379,2892208,3316587,6.815153435961723
1494615,424384,2892256,3316640,6.815186246418338
1494759,424411,2892676,3317087,6.815742287546741
1494763,424411,2892681,3317092,6.815754068579749
1494782,424424,2892703,3317127,6.815597138710347
1494909,424455,2892990,3317445,6.815775523907128
1494928,424463,2893011,3317474,6.8156965389209425
1495250,424505,2893650,3318155,6.816527484953063
1495303,424520,2893722,3318242,6.8164562329218885
1495380,424580,2893968,3318548,6.816072353855575
1495405,424593,2894017,3318610,6.815979067012409
1495542,424675,2894287,3318962,6.815298757873668
1495599,424684,2894316,3319000,6.815222612577823
1495612,424688,2894335,3319023,6.815203160908714
1495733,424688,2894675,3319363,6.816003748634292
1495752,424698,2894732,3319430,6.815977471050017
1495786,424698,2894796,3319494,6.816128166367631
1495820,424718,2894844,3319562,6.815920210586789
1495833,424724,2894855,3319579,6.815849822472948
1495868,424724,2894969,3319693,6.816118232075419
1495967,424731,2895218,3319949,6.8165921489130765
1496028,424742,2895280,3320022,6.816561583267019
1496053,424765,2895364,3320129,6.816390239308794
1496074,424772,2895431,3320203,6.816435640767282
1496435,424880,2895725,3320605,6.815394935040482
1497219,424905,2897191,3322096,6.818444122803921
1497230,424907,2897212,3322119,6.818461451564695
1497372,424982,2897443,3322425,6.817801695130617
1497437,425004,2897512,3322516,6.817611128365851
1497639,425055,2897984,3323039,6.817903565420946
1497721,425108,2898133,3323241,6.817404047912531
1498280,425108,2899716,3324824,6.8211278075218535
1498295,425108,2899723,3324831,6.821144273925685
1498301,425108,2899739,3324847,6.821181911420156
1498367,425126,2899788,3324914,6.821008359874484
1498405,425138,2899849,3324987,6.820959312035151
1498442,425143,2899879,3325022,6.820949656938959
1498505,425168,2899985,3325153,6.820797896360968
1498564,425190,2900077,3325267,6.820661351395847
1498576,425194,2900101,3325295,6.820653631048415
1498634,425194,2900138,3325332,6.8207406501502845
1498672,425227,2900196,3325423,6.82034772015888
1498838,425312,2900429,3325741,6.819532484387931
1498860,425314,2900433,3325747,6.819509820979324
1499286,425337,2901223,3326560,6.820998408320931
1499319,425337,2901297,3326634,6.821172388012329
1499395,425390,2901405,3326795,6.82057641223348
1499400,425392,2901417,3326809,6.82057255425584
1499822,425593,2902139,3327732,6.819047775691799
1499907,425622,2902398,3328020,6.819191677121953
1499936,425643,2902424,3328067,6.81891632189417
1500262,425659,2902775,3328434,6.819484610920949
1500498,425718,2903022,3328740,6.819119698955647
1500568,425718,2903159,3328877,6.819441508228452
1500572,425719,2903165,3328884,6.8194395833871635
1500602,425719,2903226,3328945,6.819582870391033
1500620,425719,2903256,3328975,6.819653339409329
1500937,425834,2903717,3329551,6.818894216995355
1500971,425840,2903792,3329632,6.818974262633853
1500975,425844,2903817,3329661,6.818968918195395
1501021,425844,2903960,3329804,6.8193047219169465
1501216,425918,2904363,3330281,6.819066111317202
1501253,425929,2904434,3330363,6.819056697242968
1501288,425936,2904505,3330441,6.819111321888735
1501309,425940,2904518,3330458,6.819077804385595
1501312,425941,2904521,3330462,6.819068838172423
1501550,425941,2905334,3331275,6.820977553229203
1501590,425974,2905423,3331397,6.820658068332809
1501683,425989,2905666,3331655,6.820988335379552
1501765,426049,2905840,3331889,6.820436147015953
1501820,426080,2906053,3332133,6.820439823507322
1502499,426446,2907321,3333767,6.817559550329936
1502513,426446,2907356,3333802,6.817641624027427
1502653,426446,2907552,3333998,6.818101236733373
1502729,426446,2907622,3334068,6.818265384128354
1502767,426446,2907725,3334171,6.818506915295254
1502988,426450,2907771,3334221,6.818550826591628
1502998,426453,2907790,3334243,6.818547413196765
1503004,426453,2907806,3334259,6.8185849319854706
1503028,426453,2907854,3334307,6.818697488351589
1503085,426453,2907899,3334352,6.818803009944824
1503094,426455,2907915,3334370,6.81880854955388
1503594,426455,2908504,3334959,6.820189703485713
1503753,426464,2908813,3335277,6.820770334658963
1503781,426464,2908851,3335315,6.820859439483755
1503797,426466,2908875,3335341,6.820883728128385
1503843,426479,2908918,3335397,6.820776638474579
1503990,426568,2909394,3335962,6.820469421053619
1504074,426585,2909429,3336014,6.820279662904228
1504095,426595,2909501,3336096,6.82028856409475
1504388,426654,2910298,3336952,6.821213442274067
1504402,426663,2910310,3336973,6.821097681308199
1504545,426717,2910579,3337296,6.82086488234591
1504577,426724,2910603,3337327,6.820809235009046
1504599,426739,2910643,3337382,6.8206632156892155
1504623,426771,2910700,3337471,6.820285352097495
1504635,426777,2910717,3337494,6.820229300079433
1504646,426777,2910727,3337504,6.820252731520209
1504793,426900,2911051,3337951,6.81904661513235
1504958,427011,2911396,3338407,6.818081969785322
1504977,427023,2911424,3338447,6.817955941483246
1505100,427042,2911717,3338759,6.818338711414802
1505121,427062,2911748,3338810,6.818091986643625
1505157,427089,2911815,3338904,6.8178178318804745
1505245,427150,2911995,3339145,6.8172655975652585
1505265,427155,2912013,3339168,6.8172279383362016
1505876,427159,2913099,3340258,6.819706479320347
1505891,427164,2913127,3340291,6.81969220252643
1506308,427407,2913914,3341321,6.817656238667126
1506367,427436,2913994,3341430,6.817380847659065
1506793,427436,2914807,3342243,6.819282886794748
1506901,427499,2915019,3342518,6.818773845085018
1507055,427578,2915414,3342992,6.818437805499816
1507071,427578,2915440,3343018,6.8184986131185426
1507102,427583,2915497,3343080,6.818552187528503
1507133,427605,2915590,3343195,6.818418867880403
1507155,427605,2915630,3343235,6.818512412156078
1507163,427612,2915646,3343258,6.818438210340215
1507198,427626,2915691,3343317,6.81832021439295
1507249,427663,2915751,3343414,6.817870613076184
1507283,427684,2915776,3343460,6.8175942985942894
1507320,427696,2915794,3343490,6.817445101193371
1507397,427752,2915925,3343677,6.816858834090781
1507397,427752,2915970,3343722,6.81696403523537
1507461,427766,2916064,3343830,6.816960674761435
1507490,427782,2916129,3343911,6.816857651794606
1507557,427803,2916267,3344070,6.8168456041682735
1507603,427834,2916350,3344184,6.816545669582128
1507766,427848,2916757,3344605,6.81727389166246
1507936,427848,2917102,3344950,6.81808025280006
1507987,427863,2917182,3345045,6.818028200615617
1507990,427864,2917188,3345052,6.818026288727259
1508111,427938,2917379,3345317,6.817293626646851
1508170,427982,2917468,3345450,6.8168007065717715
1508771,427988,2918350,3346338,6.818765946708786
1508822,428003,2918483,3346486,6.818837718427207
1508885,428028,2918559,3346587,6.81861700636407
1508985,428036,2918776,3346812,6.818996533001897
1509187,428121,2919094,3347215,6.81838545644806
1509542,428306,2919523,3347829,6.81644198306818
1509573,428330,2919565,3347895,6.816158102397684
1509587,428330,2919591,3347921,6.8162188032591695
1509954,428334,2919896,3348230,6.816867211101617
1510013,428355,2920044,3348399,6.816878523654445
1510122,428439,2920271,3348710,6.816071832863021
1510156,428473,2920358,3348831,6.815734013578452
1510233,428493,2920549,3349042,6.815861636012723
1510303,428535,2920650,3349185,6.815429311491477
1510312,428537,2920666,3349203,6.815434839932141
1510457,428542,2920925,3349467,6.815959695899118
1510483,428552,2920964,3349516,6.81589165375497
1510531,428564,2921016,3349580,6.815822140917109
1510684,428661,2921239,3349900,6.814800040124947
1510697,428667,2921251,3349918,6.81473264795284
1510727,428688,2921280,3349968,6.814466465121487
1511482,428716,2922810,3351526,6.8175901995726775
1511522,428727,2922877,3351604,6.81757155485892
1511564,428735,2922939,3351674,6.817588953549396
1511626,428759,2923058,3351817,6.8174848807838435
1511666,428772,2923210,3351982,6.817632681238513
1511722,428772,2923300,3352072,6.817842583004487
1511837,428809,2923398,3352207,6.817482842011245
1511850,428815,2923414,3352229,6.817424763592691
1511897,428852,2923516,3352368,6.8170744219451
1512047,428943,2923872,3352815,6.816458130800596
1512081,428954,2923934,3352888,6.816427868722521
1512111,428969,2923980,3352949,6.816296748716108
1512185,428973,2924085,3353058,6.816477960151338
1512200,428979,2924108,3353087,6.816436235806415
1512478,428979,2924777,3353756,6.817995752705843
1512529,428979,2924899,3353878,6.818280148911718
1512547,428991,2924934,3353925,6.818171010580642
1512556,428996,2924986,3353982,6.818212757228506
1512706,429058,2925150,3354208,6.817609740408057
1512955,429058,2925486,3354544,6.818392851316139
1512993,429079,2925544,3354623,6.8181943185287555
1513145,429148,2925755,3354903,6.817589735941913
1513412,429345,2926258,3355603,6.815633115559748
1515128,429347,2929731,3359078,6.823690394948608
1515173,429366,2929833,3359199,6.823625997400819
1515180,429367,2929883,3359250,6.8237265556039475
1515274,429417,2930131,3359548,6.82350954899317
1515386,429468,2930238,3359706,6.822948391964012
1515391,429468,2930249,3359717,6.822974005048106
1515477,429481,2930382,3359863,6.823077155916094
1515516,429492,2930457,3359949,6.823077030538403
1515713,429570,2930803,3360373,6.822643573806364
1515723,429575,2930818,3360393,6.822599080486527
1515741,429575,2930833,3360408,6.822633998719665
1516443,429575,2932504,3362079,6.826523889891171
1516647,429619,2932945,3362564,6.826851233302065
1516663,429619,2932972,3362591,6.826914079684558
1516686,429633,2932997,3362630,6.826749807393752
1516735,429666,2933094,3362760,6.82645124352404
1516945,429666,2933741,3363407,6.827957064324382
1516984,429706,2933823,3363529,6.827512299106831
1517476,429883,2934302,3364185,6.825815396282244
1517509,429883,2934377,3364260,6.825989862357897
1517514,429885,2934385,3364270,6.82597671470277
1517610,429938,2934527,3364465,6.825465532239532
1517671,429952,2934621,3364573,6.825461912027389
1517723,429962,2934688,3364650,6.825458994050637
1517757,430000,2934748,3364748,6.824995348837209
1517829,430000,2934935,3364935,6.82543023255814
1518009,430027,2935077,3365104,6.825331897764559
1518096,430027,2935189,3365216,6.8255923465270785
1518324,430146,2935732,3365878,6.824966406754916
1518329,430148,2935739,3365887,6.824950947115877
1518333,430150,2935747,3365897,6.824937812391027
1518368,430174,2935787,3365961,6.824650025338584
1518416,430199,2935889,3366088,6.824490526477281
1518616,430199,2936329,3366528,6.825513308957017
1518646,430222,2936403,3366625,6.825320415971289
1518682,430239,2936474,3366713,6.825215752174954
1519010,430241,2937350,3367591,6.827220092924663
1519049,430243,2937498,3367741,6.827532347998689
1520402,430250,2940600,3370850,6.834631028471819
1520415,430252,2940625,3370877,6.834657363591569
1520438,430257,2940669,3370926,6.834680202762535
1520452,430263,2940682,3370945,6.834615107504015
1520520,430282,2940770,3371052,6.834517827843135
1520535,430284,2940783,3371067,6.834516272973199
1520732,430347,2940919,3371266,6.833831768317196
1521300,430347,2942310,3372657,6.8370640436670875
1521325,430354,2942351,3372705,6.837048104583668
1521459,430377,2942453,3372830,6.836919723870002
1521664,430402,2942618,3373020,6.836905962332889
1521691,430419,2942670,3373089,6.836756741686589
1521762,430451,2942806,3373257,6.836564440551887
1521935,430555,2943130,3373685,6.835665594407218
1521954,430570,2943159,3373729,6.835494809206401
1521978,430587,2943184,3373771,6.835282997396577
1521999,430620,2943258,3373878,6.834931029678138
1522038,430633,2943353,3373986,6.834945301451584
1522077,430643,2943412,3374055,6.834923591002292
1522188,430687,2943663,3374350,6.834808108905075
1522229,430716,2943721,3374437,6.83448258249055
1522279,430757,2943885,3374642,6.83421279282751
1522300,430759,2943885,3374644,6.8341810618002174
1522313,430773,2943901,3374674,6.833996095391308
1522324,430778,2943908,3374686,6.833933023506307
1522362,430786,2943961,3374747,6.833929143472629
1522394,430798,2944014,3374812,6.833861809943407
1522402,430808,2944039,3374847,6.833761211490966
1522423,430814,2944094,3374908,6.833793702154526
1523480,430814,2945413,3376227,6.836855348247735
1523534,430831,2945510,3376341,6.836810721605455
1523537,430831,2945518,3376349,6.836829290371399
1523573,430851,2945561,3376412,6.83661172888075
1523627,430866,2945665,3376531,6.836615096108767
1523639,430868,2945682,3376550,6.836622817196914
1523646,430877,2945700,3376577,6.83652179160178
1523647,430877,2945700,3376577,6.83652179160178
1523657,430877,2945716,3376593,6.8365589251689
1523667,430877,2945732,3376609,6.83659605873602
1523691,430891,2945775,3376666,6.836473725373702
1560993,430891,3056300,3487191,7.09297711022045
1560999,430891,3056314,3487205,7.093009601035993
1561041,430918,3056388,3487306,7.092736901220186
1561086,430955,3056492,3487447,7.092369272893921
1561137,430955,3056518,3487473,7.092429604018981
1561199,430955,3056582,3487537,7.092578111403743
1561663,431029,3057255,3488284,7.092921821965575
1561686,431037,3057274,3488311,7.092834257847934
1561753,431040,3057430,3488470,7.093146807720861
1561757,431040,3057440,3488480,7.093170007423905
1562058,431040,3058039,3489079,7.0945596696362285
1562075,431040,3058084,3489124,7.094664068299926
1562120,431061,3058194,3489255,7.094573621830785
1562524,431206,3059605,3490811,7.095460174487368
1562638,431206,3059764,3490970,7.095828907761024
1562759,431221,3059872,3491093,7.095832531347035
1562822,431258,3059971,3491229,7.095453301735851
1562898,431299,3060152,3491451,7.095198458609921
1562907,431307,3060171,3491478,7.095110907080108
1562929,431316,3060248,3491564,7.095141381261071
1562991,431351,3060444,3491795,7.095020064865968
1563011,431351,3060474,3491825,7.095089613794798
1563211,431475,3060887,3492362,7.094007764065125
1563216,431477,3060892,3492369,7.093986469730716
1563296,431516,3061108,3492624,7.093845882887309
1563314,431516,3061151,3492667,7.093945531567775
1563340,431522,3061179,3492701,7.093911782018067
1563350,431526,3061188,3492714,7.09386688171744
1563521,431570,3061588,3493158,7.094070486827166
1563543,431583,3061620,3493203,7.093930947233789
1563556,431590,3061677,3493267,7.09394795986932
1564005,431590,3061677,3493267,7.09394795986932
1564084,431594,3064913,3496507,7.101380000648758
1565917,431594,3067403,3498997,7.10714931162157
1565974,431629,3067482,3499111,7.106756033538062
1566076,431684,3067713,3499397,7.106385689532158
1566099,431686,3067724,3499410,7.106378247151865
1566186,431686,3067861,3499547,7.106695607455419
1566191,431686,3067871,3499557,7.10671877244108
1566200,431693,3067904,3499597,7.1066799785959
1566201,431693,3067906,3499599,7.106684611517907
1566343,431756,3068138,3499894,7.106184974846904
1566538,431757,3068608,3500365,7.107257091373157
1566591,431757,3068776,3500533,7.107646199135162
1566698,431806,3068934,3500740,7.107205550640797
1567352,432089,3071295,3503384,7.108014783991261
1567453,432135,3071525,3503660,7.107790389577331
1567459,432138,3071549,3503687,7.10779658349879
1567475,432145,3071578,3503723,7.107748556618728
1567479,432145,3071595,3503740,7.107787895266635
1567502,432159,3071636,3503795,7.107652507526165
1567541,432170,3071728,3503898,7.107684476016383
1567593,432197,3071800,3503997,7.107407038919752
1567871,432442,3072391,3504833,7.104746994972737
1567896,432451,3072466,3504917,7.104772563828041
1568014,432496,3072606,3505102,7.104357034515926
1568035,432496,3072631,3505127,7.104414838518737
1568078,432504,3072718,3505222,7.104484582801546
1568181,432504,3072855,3505359,7.104801342877754
1568195,432511,3072885,3505396,7.104755717195632
1568202,432511,3072885,3505396,7.104755717195632
1568208,432513,3072889,3505402,7.104732112098365
1568208,432513,3072889,3505402,7.104732112098365
1568234,432523,3072915,3505438,7.104627961981213
1568292,432538,3072984,3505522,7.10454110390301
1568379,432604,3073133,3505737,7.1038016292036135
1568403,432617,3073166,3505783,7.103664442220255
1568490,432657,3073338,3505995,7.10340523786741
1568645,432658,3073413,3506071,7.103562166884699
1568675,432667,3073472,3506139,7.103550767680456
1569035,432846,3073990,3506836,7.101809881574509
1569114,432877,3074125,3507002,7.101613160320368
1569138,432893,3074174,3507067,7.101463872134684
1569172,432906,3074220,3507126,7.101356876550567
1569177,432906,3074229,3507135,7.101377666283212
1569527,432906,3074629,3507535,7.1023016544007245
1569535,432911,3074633,3507544,7.102228864593415
1569552,432911,3074678,3507589,7.102332812056058
1569598,432926,3074739,3507665,7.102227632436028
1569653,432929,3074930,3507859,7.102619598132719
1569672,432936,3074989,3507925,7.102641037012399
1569775,432936,3075158,3508094,7.103031394940592
1569949,432981,3075279,3508260,7.102572630207792
1569965,432991,3075308,3508299,7.102475571085773
1569987,432998,3075338,3508336,7.102430034318865
1570047,432998,3075380,3508378,7.102527032457425
1570099,433001,3075401,3508402,7.10252632211011
1570162,433001,3075528,3508529,7.102819623973155
1570240,433047,3075650,3508697,7.102346858424143
1570670,433064,3076130,3509194,7.103176435815492
1570693,433078,3076155,3509233,7.103004539597948
1571390,433078,3078050,3511128,7.1073801947917
1571398,433078,3078069,3511147,7.107424066796281
1571528,433157,3078212,3511369,7.106457935575323
1571567,433166,3078273,3511439,7.1064511065042035
1571669,433229,3078565,3511794,7.106091697462543
1571691,433229,3078618,3511847,7.106214034609872
1571732,433238,3078670,3511908,7.1061864379394235
1571766,433268,3078725,3511993,7.1058213392172975
1571813,433281,3078783,3512064,7.10574200114937
1571836,433304,3078845,3512149,7.105507911304765
1571857,433321,3078878,3512199,7.1053053048432915
1572265,433321,3079985,3513306,7.107859992938261
1572322,433334,3080064,3513398,7.107829064878362
1572502,433446,3080299,3513745,7.106534608694047
1572865,433617,3081179,3514796,7.105761536102136
1572981,433640,3081454,3515094,7.106018817452265
1573126,433640,3081790,3515430,7.106793653721981
1573437,433727,3082406,3516133,7.106788371487133
1573471,433742,3082457,3516199,7.106660180475951
1573490,433742,3082472,3516214,7.106694763246354
1573514,433754,3082499,3516253,7.106560400595729
1573539,433762,3082572,3516334,7.106597627270254
1573552,433766,3082576,3516342,7.106541314902505
1573962,433766,3083431,3517197,7.10851242374921
1574360,433826,3084730,3518556,7.110523573967443
1574437,433853,3085020,3518873,7.110749493492035
1574567,433873,3085197,3519070,7.110829666745799
1574595,433880,3085225,3519105,7.110779478196736
1574625,433889,3085280,3519169,7.110758742443344
1574685,433937,3085381,3519318,7.110204937583106
1574711,433957,3085433,3519390,7.10999707344276
1574714,433957,3085442,3519399,7.110017812824773
1575349,434145,3086543,3520688,7.109474945006853
1575465,434145,3086841,3520986,7.110161351622154
1575476,434151,3086868,3521019,7.1101252789927925
1575571,434195,3086971,3521166,7.109641981137507
1575687,434200,3087252,3521452,7.110207277752188
1575709,434200,3087304,3521504,7.11032703823123
1575737,434200,3087324,3521524,7.1103730999539385
1575798,434200,3087425,3521625,7.110605711653616
1575799,434200,3087427,3521627,7.110610317825887
1575866,434200,3087554,3521754,7.1109028097650855
1575909,434221,3087614,3521835,7.11069708742783
1575915,434225,3087621,3521846,7.1106477056825375
1575928,434235,3087662,3521897,7.110578373461375
1576015,434272,3087748,3522020,7.110170584334242
1576099,434326,3087905,3522231,7.109648052384614
1576210,434394,3088195,3522589,7.109202705378067
1576229,434413,3088231,3522644,7.108974639340904
1576265,434430,3088326,3522756,7.108915130170568
1576301,434439,3088355,3522794,7.108834611993859
1576482,434485,3088544,3523029,7.108516979872723
1576496,434491,3088571,3523062,7.10848095817865
1576572,434550,3088680,3523230,7.1077666551605105
1576582,434550,3088696,3523246,7.1078034748590495
1576825,434553,3088937,3523490,7.108308997981834
1576930,434652,3089159,3523811,7.107200703091209
1576957,434664,3089191,3523855,7.107078110908656
1576983,434664,3089251,3523915,7.107216148565328
1577050,434668,3089549,3524217,7.107836325655443
1577526,434740,3090005,3524745,7.107708055389428
1577590,434760,3090092,3524852,7.107581194222099
1577620,434775,3090111,3524886,7.107379679144385
1577759,434813,3090385,3525198,7.107388693530322
1577864,434865,3090505,3525370,7.106814758603245
1577928,434865,3090606,3525471,7.107047014590735
1578000,434888,3090750,3525638,7.107002262651533
1578029,434900,3090768,3525668,7.106847551161186
1578051,434902,3090799,3525701,7.106886149063468
1578081,434902,3090854,3525756,7.107012614336103
1578093,434908,3090893,3525801,7.107004239977191
1578694,434908,3091781,3526689,7.109046051118857
1578737,434922,3091876,3526798,7.109035643172799
1579025,434931,3093660,3528591,7.1129903363981875
1579852,435239,3095136,3530375,7.11134801798552
1580222,435389,3095773,3531162,7.110361079402558
1580236,435399,3095818,3531217,7.110301126093537
1580595,435399,3096877,3532276,7.112733377890165
1580603,435405,3096887,3532292,7.112658329601176
1580665,435423,3096957,3532380,7.112525061836421
1580912,435423,3097312,3532735,7.113340360982309
1580928,435443,3097354,3532797,7.113110097073555
1581073,435537,3097700,3533237,7.112369327979024
1581084,435539,3097723,3533262,7.112389476028553
1581124,435552,3097758,3533310,7.1122575490412165
1581403,435652,3098078,3533730,7.111359525492825
1581404,435652,3098080,3533732,7.111364116313021
1581455,435652,3098080,3533732,7.111364116313021
1581458,435652,3098089,3533741,7.111384775003902
1581543,435658,3098176,3533834,7.111486533014428
1581651,435658,3098513,3534171,7.11226007556386
1581848,435680,3098567,3534247,7.112024880646346
1581863,435689,3098614,3534303,7.111985843112863
1581872,435694,3098638,3534332,7.111959310892507
1583440,435842,3099152,3534994,7.110723610849804
1583449,435846,3099161,3535007,7.110679001298624
1583459,435846,3099177,3535023,7.110715711512782
1583486,435846,3099231,3535077,7.110839608485566
1583518,435848,3099278,3535126,7.110914814338944
1583560,435863,3099386,3535249,7.110917880159591
1583588,435863,3099406,3535269,7.110963766137525
1583756,435954,3099650,3535604,7.110039132569033
1583766,435964,3099672,3535636,7.109926507693296
1583828,436002,3099774,3535776,7.109540781923019
1583861,436017,3099824,3535841,7.109410871594457
1583895,436027,3099876,3535903,7.109367080478961
1584082,436094,3100013,3536107,7.108588973936812
1584094,436103,3100028,3536131,7.108476667209352
1584124,436120,3100095,3536215,7.10835320553976
1584137,436137,3100111,3536248,7.108112817761391
1584140,436137,3100120,3536257,7.108133453479067
1584186,436137,3100263,3536400,7.108461332104362
1584248,436153,3100316,3536469,7.108322079637191
1584259,436153,3100334,3536487,7.108363349558527
1584928,436278,3101056,3537334,7.107981608057248
1585868,436295,3104314,3540609,7.115172073940797
1585915,436309,3104398,3540707,7.115136291023105
1585938,436320,3104427,3540747,7.115023377337733
1585949,436322,3104447,3540769,7.115036601409051
1585970,436331,3104476,3540807,7.114956306107061
1586008,436331,3104586,3540917,7.115208408295537
1586050,436355,3104645,3541000,7.114952275097111
1586210,436355,3104921,3541276,7.115584787615588
1586213,436357,3104933,3541290,7.115579674440882
1586214,436357,3104935,3541292,7.1155842578439215
1586602,436453,3105948,3542401,7.116340132843628
1586660,436453,3105985,3542438,7.116424907149224
1586722,436474,3106060,3542534,7.116254347337986
1586910,436614,3106419,3543033,7.114794761505586
1586962,436646,3106493,3543139,7.1144428209579385
1587015,436659,3106539,3543198,7.114336358577288
1587097,436686,3106677,3543363,7.114212500515245
1587115,436699,3106704,3543403,7.114062546513732
1587122,436702,3106723,3543425,7.114057183159225
1587134,436703,3106750,3543453,7.114102719697368
1587147,436703,3106764,3543467,7.114134778098617
1587252,436729,3107013,3543742,7.114281396472412
1587313,436739,3107215,3543954,7.114581019785272
1587377,436777,3107463,3544240,7.114529840170156
1587512,436817,3107620,3544437,7.114237770050158
1587547,436817,3107703,3544520,7.114427780970063
1587565,436822,3107716,3544538,7.114376107430487
1587613,436831,3107774,3544605,7.114362304873052
1587641,436839,3107803,3544642,7.114298402844068
1587652,436841,3107823,3544664,7.114311614523362
1587664,436851,3107842,3544693,7.114192253193881
1587673,436854,3107849,3544703,7.114159421683217
1587686,436857,3107876,3544733,7.1141723721950205
1587712,436872,3107911,3544783,7.114008222087934
1587761,436905,3108008,3544913,7.11369290806926
1587772,436907,3108016,3544923,7.113678654725147
1587916,436907,3108191,3545098,7.1140791976324484
1587921,436909,3108199,3545108,7.114064942585298
1590148,437809,3111415,3549224,7.106786292652732
1590332,437900,3111754,3549654,7.106083580726193
1590333,437900,3111758,3549658,7.106092715231788
1590449,437955,3111991,3549946,7.105732324097224
1590513,437966,3112110,3550076,7.105825566368166
1590552,437987,3112155,3550142,7.105587608764644
1590583,437987,3112196,3550183,7.105681218848961
1590618,438004,3112255,3550259,7.105540132053589
1590710,438014,3112624,3550638,7.106220349121261
1590721,438022,3112630,3550652,7.1061042596033985
1590756,438034,3112727,3550761,7.10613103092454
1590776,438040,3112785,3550825,7.106166103552187
1591037,438262,3113260,3551522,7.103650327886059
1591070,438289,3113300,3551589,7.103303984357353
1591239,438322,3113486,3551808,7.10319354264673
1591251,438328,3113524,3551852,7.10318300450804
1591304,438385,3113629,3552014,7.102498944991275
1591322,438385,3113639,3552024,7.102521755990739
1591399,438385,3113848,3552233,7.102998505879535
1591445,438411,3113947,3552358,7.102803077477526
1591511,438431,3114067,3552498,7.102752770675432
1591567,438431,3114179,3552610,7.103008227064236
1591583,438431,3114205,3552636,7.103067529440208
1591607,438452,3114278,3552730,7.102893817339184
1591642,438477,3114311,3552788,7.102564102564102
1591767,438531,3114503,3553034,7.1021273296528635
1591779,438550,3114535,3553085,7.101892600615665
1591974,438653,3114944,3553597,7.101157406879698
1591994,438659,3114965,3553624,7.101108150066453
1592009,438662,3114971,3553633,7.101073263697335
1592047,438670,3115068,3553738,7.101164884765313
1592070,438683,3115110,3553793,7.101050188860749
1592176,438716,3115199,3553915,7.100718916109739
1592178,438716,3115204,3553920,7.100730313004313
1592211,438729,3115250,3553979,7.1006247592477365
1592272,438750,3115346,3554096,7.100503703703704
1592292,438750,3115375,3554125,7.100569800569801
1592412,438801,3115513,3554314,7.100059024478067
1592429,438808,3115540,3554348,7.100007292483273
1592494,438856,3115687,3554543,7.099565688973148
1592528,438856,3115736,3554592,7.0996773429097475
1592613,438898,3115868,3554766,7.099298698102976
1592654,438901,3115945,3554846,7.099425610786943
1592801,438951,3116093,3555044,7.098954097382168
1592822,438959,3116106,3555065,7.098854334915106
1592942,439028,3116529,3555557,7.098702132893574
1593054,439041,3116831,3555872,7.099179803253
1593106,439041,3116958,3555999,7.099469070086848
1593138,439041,3117085,3556126,7.099758336920698
1593191,439059,3117116,3556175,7.099537875319718
1593364,439184,3117491,3556675,7.098371069984335
1593428,439189,3117626,3556815,7.09859764247283
1593632,439240,3118068,3557308,7.098779710408888
1593639,439244,3118104,3557348,7.0987970239775615
1593673,439266,3118150,3557416,7.098546211179559
1593695,439266,3118188,3557454,7.098632719126907
1593724,439272,3118262,3557534,7.098704219708973
1593729,439279,3118275,3557554,7.098620694365085
1593801,439312,3118424,3557736,7.09842663073169
1593877,439335,3118515,3557850,7.098262146198231
1593999,439384,3118634,3558018,7.097741383391293
1594031,439384,3118655,3558039,7.097789177575879
1594118,439476,3118762,3558238,7.096546796639634
1594312,439485,3119880,3559365,7.098945356496809
1594333,439493,3119935,3559428,7.098941280065894
1594436,439496,3120303,3559799,7.099730145439321
1594481,439496,3120364,3559860,7.0998689407867195
1594697,439496,3121217,3560713,7.101809800316726
1594841,439611,3121519,3561130,7.100638974002015
1594851,439616,3121528,3561144,7.100578686853981
1595000,439674,3121704,3561378,7.100042304070743
1595014,439675,3121727,3561402,7.100078467049525
1595046,439675,3121761,3561436,7.100155796895434
1595110,439702,3121921,3561623,7.100083693046654
1595125,439714,3121934,3561648,7.099919493125077
1595140,439714,3121981,3561695,7.1000263807838735
1595188,439767,3122084,3561851,7.099404912146659
1595237,439793,3122146,3561939,7.099126179816413
1595291,439805,3122230,3562035,7.099123475176499
1595309,439805,3122230,3562035,7.099123475176499
1595361,439829,3122357,3562186,7.099024848293314
1595693,439933,3122972,3562905,7.0987445815612835
1596020,439933,3123795,3563728,7.10061532096933
1596069,439948,3123881,3563829,7.100568703574059
1596091,439966,3123932,3563898,7.100394121363924
1596114,439980,3123966,3563946,7.1002454657029865
1596141,439992,3124004,3563996,7.100138184330624
1596145,439992,3124011,3564003,7.1001540937107945
1596199,439999,3124159,3564158,7.100377500857957
1596219,439999,3124180,3564179,7.100425228239155
1596261,439999,3124244,3564243,7.100570683115189
1596503,440010,3124817,3564827,7.101695416013272
1596527,440033,3124878,3564911,7.101462844832092
1596554,440054,3124911,3564965,7.101198943765993
1596583,440054,3124946,3565000,7.101278479459339
1596618,440061,3124963,3565024,7.101204151242668
1605449,440061,3151454,3591515,7.161402623727165
1605492,440085,3151520,3591605,7.161162048240681
1605604,440091,3151829,3591920,7.161766543737545
1605633,440107,3151848,3591955,7.161549350498856
1605720,440107,3152035,3592142,7.1619742471717105
1605742,440109,3152042,3592151,7.161957605956706
1605811,440132,3152114,3592246,7.161746930466315
1605893,440146,3152226,3592372,7.161773593307675
1605909,440146,3152252,3592398,7.161832664615832
1605936,440160,3152277,3592437,7.161661668484188
1606016,440222,3152423,3592645,7.160984684999841
1606059,440246,3152472,3592718,7.160705605502378
1606070,440247,3152481,3592728,7.160709783371607
1606085,440259,3152503,3592762,7.160564576760498
1606134,440259,3152608,3592867,7.16080307273673
1606506,440259,3153326,3593585,7.162433930936108
1606513,440264,3153345,3593609,7.162395744371559
1607670,440837,3155209,3596046,7.157314381506089
1607695,440846,3155286,3596132,7.157342927008525
1607798,440846,3155423,3596269,7.157653693126398
1607875,440857,3155443,3596300,7.1575204658199825
1607885,440857,3155459,3596316,7.157556758767583
1607937,440869,3155482,3596351,7.157414107138401
1607939,440870,3155486,3596356,7.1574069453580424
1607950,440877,3155500,3596377,7.157325058916659
1607967,440883,3155518,3596401,7.157268481660667
1608007,440901,3155573,3596474,7.157101027214726
1608026,440906,3155611,3596517,7.157106049815607
1610244,441676,3160917,3602593,7.156641972848876
1610365,441676,3161157,3602833,7.157185357592443
1610368,441676,3161166,3602842,7.1572057345203275
1610540,441676,3161542,3603218,7.15805703728525
1610611,441688,3161672,3603360,7.158156889025737
1610637,441693,3161683,3603376,7.158100762294173
1610680,441716,3161731,3603447,7.157836709559989
1610772,441716,3161916,3603632,7.158255530702986
1610780,441721,3161930,3603651,7.158206198029978
1610827,441730,3161972,3603702,7.15815543431508
1610907,441730,3162066,3603796,7.158368233989088
1611175,441763,3162494,3604257,7.158802344243407
1611564,441901,3163032,3604933,7.1577842095854045
1611757,441901,3163126,3605027,7.157996926913494
1611785,441918,3163155,3605073,7.1577871912888815
1611939,441961,3163328,3605289,7.157482221281969
1612372,441980,3163764,3605744,7.1581610027603055
1612618,442115,3164017,3606132,7.15654750460853
1612649,442124,3164072,3606196,7.1565262234124365
1612812,442124,3164292,3606416,7.15702382137138
1612848,442135,3164315,3606450,7.156897780089792
1613171,442310,3164757,3607067,7.155065451832425
1613180,442312,3164780,3607092,7.155085098301651
1613477,442470,3165238,3607708,7.1535652134608
1613486,442472,3165253,3607725,7.15356677936683
1613731,442605,3165542,3608147,7.152070130251579
1613761,442615,3165574,3608189,7.151980841137331
1613764,442615,3165576,3608191,7.151985359737018
1613871,442635,3165622,3608257,7.151766127848001
1613884,442639,3165629,3608268,7.151717313657405
1613963,442685,3165837,3608522,7.151444029050002
1614068,442685,3166093,3608778,7.152022318352779
1614083,442690,3166126,3608816,7.152016083489575
1614106,442696,3166151,3608847,7.151975622097331
1614280,442696,3166566,3609262,7.152913059977953
1614300,442700,3166586,3609286,7.152893607409081
1614567,442700,3167203,3609903,7.154287327761463
1614592,442723,3167228,3609951,7.153972122523564
1614623,442749,3167279,3610028,7.153667201958672
1614628,442751,3167286,3610037,7.153650697570417
1614666,442766,3167307,3610073,7.153455775737071
1614811,442766,3167588,3610354,7.154090422480498
1614842,442775,3167651,3610426,7.154087290384507
1614860,442782,3167688,3610470,7.1540577530251905
1614991,442795,3167925,3610720,7.1543829537370565
1615232,442819,3168386,3611205,7.155036256348531
1615245,442819,3168386,3611205,7.155036256348531
1615710,443019,3169363,3612382,7.154011453233383
1615820,443060,3169586,3612646,7.153852751320363
1615865,443065,3169690,3612755,7.154006748445488
1615927,443116,3169804,3612920,7.153440634055191
1616229,443317,3170284,3613601,7.151280009564262
1616257,443337,3170332,3613669,7.151065667877935
1616409,443429,3170686,3614115,7.1503803314623084
1616424,443432,3170704,3614136,7.150372548665861
1616471,443452,3170754,3614206,7.150162813562686
1616489,443452,3170764,3614216,7.150185363917628
1616522,443457,3170780,3614237,7.150140825378785
1616775,443457,3171160,3614617,7.150997729204861
1616887,443520,3171247,3614767,7.1501781204906205
1616925,443537,3171267,3614804,7.149949158694765
1616934,443542,3171288,3614830,7.149915904243566
1617088,443597,3171429,3615026,7.1493472679030745
1617090,443597,3171434,3615031,7.149358539394991
1617123,443597,3171466,3615063,7.149430676943261
1617374,443726,3171972,3615698,7.1484925381879805
1617461,443734,3172054,3615788,7.148548454704846
1617468,443737,3172070,3615807,7.148536182468444
1617491,443737,3172118,3615855,7.148644354651516
1617514,443750,3172143,3615893,7.148491267605634
1617529,443756,3172173,3615929,7.148462217975644
1617600,443770,3172382,3616152,7.148707663879938
1617646,443770,3172442,3616212,7.148842869053789
1617681,443784,3172480,3616264,7.1487029726173095
1617711,443793,3172536,3616329,7.148684183842467
1617874,443806,3172944,3616750,7.149394104631303
1618091,443909,3173296,3617205,7.148528189336103
1618194,443940,3173508,3617448,7.148506554939857
1618229,443949,3173563,3617512,7.148485524238144
1618601,444065,3174637,3618702,7.149036740116875
1618656,444091,3174709,3618800,7.14878031754753
1618930,444124,3175278,3619402,7.149530311354487
1618952,444124,3175338,3619462,7.149665408759716
1619071,444152,3175460,3619612,7.149489364001513
1619092,444162,3175501,3619663,7.149420706859209
1619203,444178,3175610,3619788,7.149408570437978
1619207,444180,3175615,3619795,7.149387635643207
1620208,444186,3177312,3621498,7.153111534357229
1620311,444231,3177486,3621717,7.152778621933184
1620456,444235,3178045,3622280,7.153972559568697
1620656,444310,3178449,3622759,7.153674236456528
1620854,444395,3178718,3623113,7.152911261377828
1620859,444400,3178730,3623130,7.152857785778578
1621006,444484,3178911,3623395,7.151913229722554
1621084,444527,3179037,3623564,7.151504857972632
1621097,444535,3179066,3623601,7.15144139381601
1621136,444535,3179119,3623654,7.151560619523772
1621401,444620,3179430,3624050,7.150892897305564
1621634,444620,3179785,3624405,7.15169133192389
1621746,444630,3179890,3624520,7.1517666374288735
1621932,444719,3180170,3624889,7.150964991376577
1621955,444726,3180215,3624941,7.150953620881172
1621964,444726,3180215,3624941,7.150953620881172
1622557,444778,3181235,3626013,7.152410865645333
1622743,444803,3181448,3626251,7.1524877305234
1622767,444803,3181478,3626281,7.152555176111672
1623194,445041,3182129,3627170,7.150192903575176
1623212,445048,3182153,3627201,7.150134367528896
1623227,445058,3182229,3627287,7.150144475551501
1623251,445071,3182247,3627318,7.149976071233579
1623410,445160,3182760,3627920,7.149698984634738
1623670,445160,3183078,3628238,7.150413334531405
1623703,445165,3183094,3628259,7.150368964316602
1623710,445165,3183108,3628273,7.150400413329889
1623725,445165,3183115,3628280,7.150416137836532
1624284,445165,3184698,3629863,7.153972122696079
1624601,445432,3185650,3631082,7.151821153397152
1624847,445435,3186081,3631516,7.152740579433587
1624960,445463,3186329,3631792,7.152847711257725
1625553,445463,3187401,3632864,7.155254196195868
1625574,445463,3187431,3632894,7.15532154185645
1625605,445495,3187514,3633009,7.154993883208566
1625664,445507,3187639,3633146,7.1550817383340775
1625685,445512,3187647,3633159,7.155019393417012
1625786,445512,3187826,3633338,7.155421178329652
1625819,445517,3187842,3633359,7.155376786968848
1625835,445517,3187868,3633385,7.155435146133593
1625866,445532,3187946,3633478,7.15536931129526
1625915,445574,3188022,3633596,7.154865409561599
1626098,445647,3188366,3634013,7.154465305499644
1626193,445701,3188500,3634201,7.153899138660223
1626311,445720,3188744,3634464,7.154141613569057
1626335,445726,3188766,3634492,7.154094668024751
1626410,445745,3188911,3634656,7.154115020920033
1626429,445752,3188952,3634704,7.154094653529317
1626458,445758,3188972,3634730,7.15404322524778
1626463,445760,3188989,3634749,7.154049264178033
1626488,445770,3189045,3634815,7.154014402045898
1626621,445800,3189304,3635104,7.154113952445043
1626670,445829,3189416,3635245,7.153899813605665
1626707,445853,3189478,3635331,7.153653782749022
1626750,445858,3189553,3635411,7.153741774286881
1626787,445865,3189606,3635471,7.1537483318941835
1627034,445999,3190014,3636013,7.15251379487398
1627299,445999,3190839,3636838,7.154363574806221
1627322,446011,3190862,3636873,7.154222653701366
1627372,446054,3190985,3637039,7.153808731678227
1627449,446109,3191130,3637239,7.153251783756884
1627535,446109,3191229,3637338,7.15347370261528
1627617,446155,3191344,3637499,7.15299391467091
1627800,446156,3191572,3637728,7.153488914191449
1627819,446161,3191610,3637771,7.153493918114761
1627837,446173,3191654,3637827,7.153400138511295
1627878,446183,3191712,3637895,7.153369805662699
1627940,446183,3191767,3637950,7.153493073469854
1628348,446213,3193007,3639220,7.155791068391105
1628608,446372,3193539,3639911,7.154433969872662
1628630,446378,3193569,3639947,7.154405010999646
1628662,446380,3193616,3639996,7.154478247233299
1629027,446587,3194608,3641195,7.153383327324799
1629082,446599,3194672,3641271,7.153334423050656
1629151,446616,3194754,3641370,7.153245741307969
1629189,446643,3194836,3641479,7.152996912522977
1629228,446657,3194872,3641529,7.152853308019353
1629276,446672,3194988,3641660,7.152872801518788
1629329,446706,3195074,3641780,7.1525208974135115
1629445,446706,3195199,3641905,7.152800723518377
1629537,446706,3195254,3641960,7.1529238470045176
1629669,446771,3195433,3642204,7.152283832209342
1629691,446783,3195479,3642262,7.152194689592039
1629736,446805,3195643,3642448,7.152209576884771
1629769,446829,3195686,3642515,7.151921652354704
1630267,446963,3196159,3643122,7.150835751505158
1630327,446977,3196351,3643328,7.151041328748459
1630344,446984,3196368,3643352,7.150967372433913
1630394,447007,3196418,3643425,7.150711286400437
1630446,447017,3196483,3643500,7.150696729654577
1630468,447035,3196535,3643570,7.150525126667934
1630873,447074,3197440,3644514,7.1519256319982825
1630902,447081,3197473,3644554,7.151887465582299
1630937,447093,3197537,3644630,7.1518386554922575
1631069,447110,3197770,3644880,7.152087853101027
1631105,447121,3197799,3644920,7.15197675796932
1631106,447121,3197803,3644924,7.151985704093523
1631158,447136,3197876,3645012,7.151909038860659
1631173,447140,3197906,3645046,7.151912152793309
1631388,447149,3198043,3645192,7.152074588112687
1631550,447219,3198377,3645596,7.151701962573147
1631720,447219,3198598,3645817,7.152196127624274
1632153,447262,3199545,3646807,7.153625838993699
1632156,447263,3199550,3646813,7.15362102387186
1632220,447280,3199630,3646910,7.153527991414774
1632342,447383,3199903,3647286,7.152491265872865
1632349,447383,3199925,3647308,7.152540440740931
1632362,447392,3199941,3647333,7.152432318861312
1632392,447392,3200002,3647394,7.152568664616265
1632600,447506,3200432,3647938,7.151707463140159
1632787,447538,3200738,3648276,7.151879840371097
1632806,447542,3200770,3648312,7.151887420621975
1632808,447544,3200770,3648314,7.151855460021808
1632843,447552,3200786,3648338,7.15176337051337
1632934,447559,3200894,3648453,7.151892823069137
1632986,447577,3200947,3648524,7.151723614037361
1633019,447592,3201008,3648600,7.151620225562566
1633045,447592,3201034,3648626,7.151678314178985
1633195,447633,3201312,3648945,7.151644315767604
1634384,447633,3203303,3650936,7.156092155850887
1634393,447636,3203312,3650948,7.156064302245574
1634418,447653,3203333,3650986,7.15583945600722
1634438,447660,3203352,3651012,7.1557700040209085
1634439,447663,3203352,3651015,7.155722049845531
1634449,447667,3203372,3651039,7.155702788009838
1634480,447679,3203389,3651068,7.155548953602916
1634535,447698,3203471,3651169,7.1554284361332865
1634559,447698,3203524,3651222,7.155546819507793
1634699,447748,3203683,3651431,7.15510287036458
1634773,447754,3203860,3651614,7.155402296796902
1635030,447754,3204192,3651946,7.156143775376658
1635778,447767,3206026,3653793,7.160031891586472
1635798,447774,3206051,3653825,7.159975791359034
1635844,447786,3206095,3653881,7.1598821758607905
1635872,447786,3206115,3653901,7.159926840053061
1637041,447786,3208641,3656427,7.165567927536815
1637042,447786,3208643,3656429,7.165572393956041
1637108,447817,3208721,3656538,7.165250537607996
1637193,447843,3208897,3656740,7.165227546260631
1637311,447843,3209074,3656917,7.165622774052514
1637346,447848,3209178,3657026,7.165774995087619
1637406,447858,3209312,3657170,7.1659141960174875
1637686,447858,3210070,3657928,7.167606696765493
1637698,447861,3210087,3657948,7.16759664270834
1638461,447873,3211659,3659532,7.170914522643696
1638502,447881,3211725,3659606,7.17093379714701
1638614,447960,3211916,3659876,7.170095544245022
1638620,447960,3211929,3659889,7.1701245646932765
1638709,448011,3212091,3660102,7.169669941139838
1638764,448019,3212171,3660190,7.169720480604617
1638862,448042,3212586,3660628,7.1702786792309645
1638884,448044,3212593,3660637,7.170262295667389
1638905,448051,3212630,3660681,7.170232852956471
1638941,448057,3212672,3660729,7.170230573342231
1639059,448150,3212962,3661112,7.169389713265647
1639086,448163,3212992,3661155,7.169248688535198
1639095,448165,3213008,3661173,7.1692523958809815
1639106,448170,3213026,3661196,7.169212575585157
1639121,448173,3213049,3661222,7.1692159054650775
1639162,448188,3213083,3661271,7.1690518264656795
1639257,448188,3213186,3661374,7.169281640740047
1639898,448188,3214156,3662344,7.171445911090881
1640350,448188,3214988,3663176,7.173302274938195
1640403,448191,3215071,3663262,7.173439448806424
1640413,448191,3215073,3663264,7.173443911189649
1640573,448284,3215365,3663649,7.172607097286542
1640749,448284,3215868,3664152,7.173729153839976
1640764,448291,3215883,3664174,7.173650597491362
1641126,448354,3216637,3664991,7.174324306240158
1642336,448473,3219732,3668205,7.179321832083537
1642507,448473,3220076,3668549,7.180088879375124
1642523,448473,3220101,3668574,7.180144624091082
1642797,448502,3220222,3668724,7.179950145149855
1642906,448502,3220420,3668922,7.180391614753112
1643060,448502,3220676,3669178,7.1809624037351005
1643822,448523,3222250,3670773,7.184135484690863
1644530,448786,3222999,3671785,7.181594345634668
1644549,448797,3223026,3671823,7.181478485818755
1644585,448816,3223103,3671919,7.181346030444548
1644594,448818,3223123,3671941,7.181358590787357
1644790,448818,3223451,3672269,7.182089399266518
1644820,448834,3223490,3672324,7.181920264507591
1644860,448862,3223602,3672464,7.181721776403438
1644872,448868,3223637,3672505,7.181703752550861
1644918,448889,3223707,3672596,7.181523717444624
1645006,448938,3223820,3672758,7.180991584584063
1645048,448938,3223908,3672846,7.181187602742472
1645068,448940,3223915,3672855,7.181171203278835
1645234,448940,3224330,3673270,7.182095602975899
1645244,448940,3224346,3673286,7.182131242482291
1645272,448940,3224411,3673351,7.182276027977013
1645401,448943,3224710,3673653,7.182894042228078
1645410,448945,3224717,3673662,7.182877635345087
1645436,448962,3224750,3673712,7.182679157701543
1645499,448995,3224831,3673826,7.182331651800132
1645629,449057,3225047,3674104,7.18182101604028
1645691,449080,3225092,3674172,7.181553398058252
1645904,449091,3226140,3675231,7.183711096414758
1645949,449125,3226202,3675327,7.183305315892012
1645956,449127,3226206,3675333,7.183282234201017
1646221,449296,3226645,3675941,7.18155736975179
1647061,449701,3228394,3678095,7.1789789215500965
1647117,449714,3228499,3678213,7.179004878656213
1647158,449725,3228529,3678254,7.178895991995108
1647279,449725,3228869,3678594,7.179652009561399
1647320,449750,3228922,3678672,7.1793707615341855
1647367,449750,3229026,3678776,7.1796020011117285
1647380,449756,3229039,3678795,7.179535125712609
1647401,449766,3229050,3678816,7.179399954643081
1647431,449788,3229083,3678871,7.179122164219588
1647445,449800,3229115,3678915,7.179001778568253
1647472,449800,3229146,3678946,7.179070698088039
1647542,449800,3229283,3679083,7.17937527790129
1647643,449800,3229462,3679262,7.179773232547799
1647839,449809,3230610,3680419,7.182181770484806
1647860,449822,3230666,3680488,7.182098696817852
1647944,449876,3230934,3680810,7.1818323271301425
1647957,449883,3230945,3680828,7.181745031485964
1647990,449895,3230963,3680858,7.181593482923794
1648102,449930,3231199,3681129,7.181559353677239
1648159,449944,3231236,3681180,7.181418132034208
1648180,449958,3231285,3681243,7.181303588334911
1648207,449967,3231369,3681336,7.181346632086353
1648248,449974,3231480,3681454,7.181481596714477
1648267,449974,3231520,3681494,7.181570490739465
1648289,449974,3231566,3681540,7.181672718868201
1648312,449983,3231588,3681571,7.181577970723338
1648733,450114,3232028,3682142,7.180465393211498
1648794,450168,3232136,3682304,7.179843969362549
1648816,450175,3232176,3682351,7.1798211806519685
1648919,450219,3232402,3682621,7.179621473105311
1648938,450219,3232432,3682651,7.179688107343315
1648965,450219,3232482,3682701,7.179799164406655
1649006,450238,3232559,3682797,7.179667198237377
1649024,450245,3232576,3682821,7.179593332518962
1649106,450245,3232576,3682821,7.179593332518962
1649107,450245,3232576,3682821,7.179593332518962
1649118,450253,3232605,3682858,7.179530175257022
1649225,450253,3232701,3682954,7.17974338871701
1649261,450253,3232737,3682990,7.179823343764506
1649272,450253,3232752,3683005,7.179856658367629
1649342,450285,3232862,3683147,7.179590703665457
1649468,450342,3233145,3683487,7.179310390769682
1649472,450346,3233152,3683498,7.179262167311356
1649645,450355,3234145,3684500,7.1813236224756025
1649714,450367,3234182,3684549,7.181214431785633
1649956,450367,3234355,3684722,7.181598562949772
1650211,450367,3234947,3685314,7.182913046470989
1650360,450430,3235254,3685684,7.182589969584619
1650363,450431,3235258,3685689,7.1825829039297915
1650483,450444,3235355,3685799,7.182590954702471
1650516,450448,3235377,3685825,7.182576013213512
1650633,450503,3235824,3686327,7.182691347227433
1650689,450532,3235865,3686397,7.182320012784886
1650747,450572,3235941,3686513,7.181851069307458
1650852,450573,3236038,3686611,7.182050411365084
1650880,450573,3236064,3686637,7.182108115666052
1650907,450577,3236085,3686662,7.182090963364752
1650913,450581,3236088,3686669,7.182033862945841
1650954,450597,3236153,3686750,7.1819230931408775
1650993,450636,3236258,3686894,7.181534542291339
1651044,450651,3236328,3686979,7.181450834459482
1651066,450657,3236408,3687065,7.181532739977411
1651394,450686,3237012,3687698,7.18241081373728
1651455,450686,3237095,3687781,7.1825949774344
1651456,450686,3237095,3687781,7.1825949774344
1651512,450703,3237182,3687885,7.182517089968338
1651922,450703,3238037,3688740,7.1844141263759065
1651956,450703,3238075,3688778,7.184498439105131
1651977,450707,3238105,3688812,7.184501239164247
1652078,450750,3238267,3689017,7.184175263449806
1652098,450750,3238288,3689038,7.1842218524681085
1652220,450816,3238458,3689274,7.183547167802385
1652263,450823,3238548,3689371,7.183635262619697
1652314,450823,3238664,3689487,7.183892569811212
1652936,451151,3240174,3691325,7.182016664043746
1653055,451151,3240431,3691582,7.182586318106354
1653138,451171,3240571,3691742,7.182578224220972
1653157,451175,3240619,3691794,7.1826209342272955
1653343,451298,3241005,3692303,7.181518641784364
1653369,451308,3241048,3692356,7.181454793622094
1653397,451314,3241074,3692388,7.181416929233305
1653476,451324,3241325,3692649,7.181813951839477
1653581,451324,3241581,3692905,7.182381171841072
1653608,451339,3241618,3692957,7.182224447698958
1653645,451339,3241686,3693025,7.182375110504521
1653845,451503,3242132,3693635,7.180754059219983
1653849,451505,3242136,3693641,7.180731110397448
1653981,451524,3242520,3694044,7.181279400430542
1653992,451526,3242543,3694069,7.181298529874248
1654252,451600,3242773,3694373,7.180631089459699
1654325,451620,3242871,3694491,7.180530091669988
1654355,451631,3242890,3694521,7.180397271223631
1654361,451639,3242900,3694539,7.180292224542168
1654395,451647,3242939,3694586,7.180251391019978
1654823,452090,3244159,3696249,7.175914087902851
1654873,452104,3244236,3696340,7.1758621910003
1654904,452126,3244328,3696454,7.175716503806461
1655034,452126,3244714,3696840,7.1765702481166755
1655052,452136,3244735,3696871,7.176457968398889
1655079,452141,3244801,3696942,7.1765245797218125
1655084,452141,3244827,3696968,7.176582083907453
1655170,452184,3244923,3697107,7.176111936733719
1655188,452196,3244962,3697158,7.1760077488522676
1655199,452203,3244977,3697180,7.175929836821074
1656061,452212,3246701,3698913,7.179599391435875
1656062,452212,3246703,3698915,7.179603814140271
1656110,452232,3246797,3699029,7.179494153443366
1656112,452232,3246801,3699033,7.179502998460967
1656152,452232,3246892,3699124,7.179704222611403
1656359,452320,3247076,3699396,7.178714184648037
1656362,452320,3247085,3699405,7.1787340820657946
1656386,452337,3247124,3699461,7.178550505485954
1656396,452337,3247141,3699478,7.178588088084768
1656413,452346,3247174,3699520,7.1785182139335815
1656440,452366,3247213,3699579,7.17828705075094
1656561,452433,3247512,3699945,7.177884902294926
1656585,452437,3247520,3699957,7.1778391245631985
1656606,452439,3247520,3699959,7.177807395030048
1656686,452439,3247614,3700053,7.178015157844483
1656748,452470,3247702,3700172,7.177717859747608
1656851,452470,3248057,3700527,7.178502442150861
1657004,452470,3248549,3701019,7.179589807059031
1657037,452470,3248624,3701094,7.17975556390479
1657084,452470,3248728,3701198,7.179985413397573
1657134,452492,3248784,3701276,7.179760084156184
1657200,452492,3248896,3701388,7.180007602344351
1658437,452563,3249715,3702278,7.180690865139218
1658486,452597,3249785,3702382,7.180306100128812
1658516,452600,3249806,3702406,7.180304904993371
1658716,452635,3249927,3702562,7.180017011499332
1658740,452644,3249949,3702593,7.17992285327984
1658747,452646,3249967,3702613,7.179930895224966
1658924,452767,3250255,3703022,7.178648178864626
1659004,452767,3250411,3703178,7.178992726943439
1659028,452767,3250443,3703210,7.179063403472426
1659073,452775,3250538,3703313,7.179146375131136
1659074,452775,3250543,3703318,7.17915741814367
1659146,452813,3250678,3703491,7.178853080631519
1659757,453076,3251462,3704538,7.176416318675012
1660778,453076,3252671,3705747,7.179084745164166
1660789,453076,3252681,3705757,7.179106816516434
1660790,453076,3252685,3705761,7.179115645057341
1660811,453086,3252728,3705814,7.179052100484235
1661141,453188,3252995,3706183,7.178025455219467
1661183,453200,3253057,3706257,7.177972197705207
1661216,453218,3253107,3706325,7.177797439642733
1661571,453365,3253906,3707271,7.177232472731684
1661603,453365,3253955,3707320,7.177340553417224
1662344,453541,3255525,3709066,7.178016981926661
1662439,453568,3255642,3709210,7.177847643572739
1662471,453572,3255703,3709275,7.177918830968402
1662522,453600,3255792,3709392,7.177671957671958
1662533,453603,3255836,3709439,7.177721487732665
1662756,453603,3256314,3709917,7.178775272650313
1663022,453603,3256777,3710380,7.1797959890036
1663103,453606,3256914,3710520,7.180050528432163
1663288,453653,3257238,3710891,7.1800208529426675
1663298,453653,3257272,3710925,7.180095800093905
1663363,453683,3257356,3711039,7.179806164215983
1663420,453711,3257452,3711163,7.179574663166641
1663512,453760,3257617,3711377,7.179162993653033
1663522,453760,3257653,3711413,7.179242330747532
1663566,453784,3257739,3711523,7.179052148158595
1663656,453791,3257998,3711789,7.179512154273663
1663721,453810,3258061,3711871,7.179350388929287
1663730,453810,3258061,3711871,7.179350388929287
1663816,453852,3258246,3712098,7.179093625234658
1664082,453945,3258871,3712816,7.1789996585489435
1664230,453949,3259302,3713251,7.179885846207394
1664645,453949,3260300,3714249,7.182084331059216
1664961,453996,3260748,3714744,7.182327597599979
1665762,453996,3261665,3715661,7.184347439184486
1665818,454010,3261732,3715742,7.184273474152552
1665921,454057,3261991,3716048,7.184100234111576
1665986,454062,3262054,3716116,7.184159872440327
1665990,454062,3262056,3716118,7.18416427712515
1666031,454062,3262109,3716171,7.184281001272954
1666120,454095,3262188,3716283,7.183932877481584
1666131,454097,3262212,3716309,7.1839540891043105
1666153,454097,3262259,3716356,7.1840575912194975
1666209,454126,3262356,3716482,7.1838124221031165
1666235,454133,3262399,3716532,7.183796376832338
1666366,454155,3262510,3716665,7.183692792108421
1666393,454169,3262521,3716690,7.183495571031929
1666444,454169,3262637,3716806,7.183750982563759
1666486,454196,3262703,3716899,7.183469251160292
1666683,454196,3263167,3717363,7.184490836555144
1666692,454202,3263174,3717376,7.184411341209418
1666738,454202,3263327,3717529,7.184748195736699
1666748,454202,3263332,3717534,7.184759204054584
1666958,454358,3263888,3718246,7.18351608203223
1666970,454366,3263895,3718261,7.183405008297275
1667011,454403,3263990,3718393,7.183029161339164
1667043,454426,3264029,3718455,7.1827514270750354
1667382,454596,3264698,3719294,7.181537013084145
1667740,454679,3265042,3719721,7.180982627304098
1667877,454697,3265252,3719949,7.1811602011889235
1667916,454697,3265252,3719949,7.1811602011889235
1667947,454697,3265252,3719949,7.1811602011889235
1667992,454697,3265355,3720052,7.181386725665663
1668044,454728,3265495,3720223,7.181205028060731
1668055,454731,3265507,3720238,7.181184040674597
1668127,454737,3265924,3720661,7.182006302544108
1670614,454786,3269669,3724455,7.189467133992691
1670615,454786,3269678,3724464,7.189486923520073
1670624,454788,3269701,3724489,7.189505879662612
1670634,454795,3269732,3724527,7.189463384601853
1670692,454821,3269850,3724671,7.189311839163099
1670761,454821,3270093,3724914,7.189846115284914
1670841,454835,3270218,3725053,7.189899633933185
1670964,454879,3270356,3725235,7.189507539367612
1671214,454951,3270631,3725582,7.188974197221239
1671376,455057,3270793,3725850,7.187655612373835
1671677,455057,3271392,3726449,7.188971930988865
1671687,455062,3271416,3726478,7.188945682126831
1671725,455116,3271506,3726622,7.188290457817348
1671768,455120,3271585,3726705,7.188400861311303
1671828,455142,3271659,3726801,7.188215985340839
1671950,455186,3271788,3726974,7.187804545834011
1671954,455187,3271800,3726987,7.187815117742818
1672422,455187,3272797,3727984,7.190005426341262
1672675,455306,3273097,3728403,7.188785124729303
1673056,455526,3273658,3729184,7.186544785588528
1673149,455545,3274000,3729545,7.18699579624406
1673185,455559,3274063,3729622,7.1869132209000375
1673207,455572,3274129,3729701,7.186853011159597
1673278,455572,3274256,3729828,7.18713178158447
1673292,455580,3274285,3729865,7.187069230431538
1673365,455644,3274490,3730134,7.186509643493604
1673376,455644,3274500,3730144,7.186531590452195
1673546,455644,3274721,3730365,7.1870166182370445
1673610,455664,3274814,3730478,7.186905263527511
1673656,455678,3274908,3730586,7.18689074302468
1674268,455678,3275647,3731325,7.188512502249395
1674299,455692,3275690,3731382,7.188386015115473
1674466,455692,3275983,3731675,7.1890289932673825
1674476,455698,3275989,3731687,7.188947504707064
1674497,455709,3276054,3731763,7.188916611258501
1674516,455722,3276115,3731837,7.188845392585831
1674523,455726,3276120,3731846,7.188793266129209
1674545,455742,3276154,3731896,7.188615488587842
1674573,455749,3276213,3731962,7.1886345334822455
1674776,455850,3276438,3732288,7.187535373478118
1674864,455902,3276612,3732514,7.187097227035635
1674879,455902,3276640,3732542,7.1871586437436115
1674964,455959,3276763,3732722,7.186529929226093
1674993,455959,3276797,3732756,7.18660449733419
1675752,455981,3277735,3733716,7.188314863996526
1675764,455985,3277757,3733742,7.188300053729837
1675777,455985,3277764,3733749,7.18831540511201
1675811,455985,3277804,3733789,7.188403127295854
1675822,455991,3277826,3733817,7.188356787743618
1675948,456019,3278035,3734054,7.18837373004195
1675967,456019,3278056,3734075,7.188419780754749
1676301,456203,3278704,3734907,7.186940901309286
1676366,456204,3278923,3735127,7.187405195921123
1676587,456204,3278973,3735177,7.1875147960123105
1676616,456214,3279021,3735235,7.187462462791585
1676657,456232,3279088,3735320,7.187325746550001
1676736,456253,3279226,3735479,7.187297398592448
1676900,456253,3279511,3735764,7.187922052019384
1676937,456261,3279572,3735833,7.187929715667129
1677011,456317,3279773,3736090,7.187488083941646
1677033,456325,3279806,3736131,7.187434394346135
1677313,456388,3280473,3736861,7.187903713506929
1677366,456410,3280544,3736954,7.187712802085844
1677491,456484,3280773,3737257,7.18704927226365
1677500,456484,3280786,3737270,7.187077750808353
1677631,456557,3281032,3737589,7.186467407136458
1677854,456623,3281654,3738277,7.186790853723969
1677900,456630,3281743,3738373,7.1868755885509055
1677929,456630,3281760,3738390,7.186912817817489
1677973,456640,3281789,3738429,7.1868189383321655
1678112,456698,3281984,3738682,7.186333200495732
1678141,456709,3282004,3738713,7.186203906645151
1678168,456724,3282035,3738759,7.186035767772221
1678302,456739,3282275,3739014,7.186325231696877
1678328,456739,3282324,3739063,7.186432513974064
1678384,456746,3282484,3739230,7.186672680220516
1678395,456748,3282507,3739255,7.186691567341291
1678483,456754,3282734,3739488,7.187094146958756
1678756,456759,3283527,3740286,7.188751617373714
1678766,456765,3283543,3740308,7.188692215909713
1678823,456803,3283609,3740412,7.18823869370385
1678833,456807,3283614,3740421,7.188186695913154
1678840,456807,3283614,3740421,7.188186695913154
1678861,456822,3283674,3740496,7.188082010060811
1678943,456861,3283815,3740676,7.187777026272761
1679231,456861,3284382,3741243,7.189018103974732
1679584,456987,3285086,3742073,7.18857648029375
1679643,457027,3285187,3742214,7.188168313907056
1679668,457031,3285223,3742254,7.188184171314418
1679753,457066,3285294,3742360,7.187789072037736
1679770,457072,3285324,3742396,7.187760352854692
1679902,457131,3285462,3742593,7.187134541302165
1680010,457139,3285706,3742845,7.187542519890012
1680032,457157,3285763,3742920,7.187384202801226
1680057,457157,3285788,3742945,7.187438888609384
1680251,457272,3285985,3743257,7.186062124949702
1680474,457272,3286463,3743735,7.187107454644063
1680578,457314,3286634,3743948,7.186821308772529
1680723,457367,3286767,3744134,7.186279289935653
1680732,457369,3286783,3744152,7.186282848203529
1680780,457380,3286841,3744221,7.186236827145918
1680837,457394,3286947,3744341,7.186248617165944
1681176,457394,3287786,3745180,7.188082921944757
1681196,457394,3287807,3745201,7.1881288342217
1681209,457404,3287852,3745256,7.188070064975383
1681252,457440,3287918,3745358,7.187648653375306
1681265,457450,3287945,3745395,7.187550551972893
1681324,457497,3288075,3745572,7.187096308828255
1681476,457530,3288436,3745966,7.1873669486153915
1681511,457540,3288456,3745996,7.187253573458058
1681634,457576,3288552,3746128,7.186897914226271
1681651,457581,3288586,3746167,7.186893686582266
1681814,457679,3288815,3746494,7.185855151754833
1681876,457741,3288975,3746716,7.1852313863079775
1681915,457753,3289035,3746788,7.185174100442815
1682028,457787,3289188,3746975,7.184974671626761
1682060,457811,3289265,3747076,7.184766202646943
1682135,457811,3289362,3747173,7.184978080474257
1682209,457887,3289524,3747411,7.184139318216066
1682520,457961,3290123,3748084,7.184286434871091
1682566,457992,3290214,3748206,7.183998847141435
1682662,458068,3290378,3748446,7.183164944942672
1682730,458080,3290461,3748541,7.183157963674467
1682757,458097,3290490,3748587,7.182954701733475
1682778,458097,3290520,3748617,7.1830201900470865
1682811,458115,3290560,3748675,7.182825273130109
1682820,458117,3290585,3748702,7.182848486303717
1682886,458145,3290695,3748840,7.182649597834747
1683050,458239,3291046,3749285,7.181942174280234
1683065,458245,3291070,3749315,7.181900511734989
1683113,458268,3291229,3749497,7.1818870180767584
1683123,458268,3291239,3749507,7.181908839369103
1683131,458271,3291254,3749525,7.181894555841413
1683141,458276,3291287,3749563,7.181888207106635
1683166,458287,3291366,3749653,7.1818882054258575
1683308,458287,3291618,3749905,7.182438079194915
1683705,458427,3292190,3750617,7.181492364105954
1683835,458427,3292576,3751003,7.182334373847962
1683910,458449,3292689,3751138,7.182236192030084
1683918,458449,3292689,3751138,7.182236192030084
1684175,458534,3292991,3751525,7.181563417325651
1684202,458545,3293006,3751551,7.1814238515303845
1684240,458552,3293061,3751613,7.181434166681205
1684251,458564,3293093,3751657,7.181316021318725
1684285,458565,3293131,3751696,7.1813832281137895
1684371,458616,3293268,3751884,7.180883353393689
1684386,458622,3293282,3751904,7.180819934499436
1684395,458624,3293298,3751922,7.180823506837846
1684400,458626,3293306,3751932,7.180809635738052
1684457,458634,3293376,3752010,7.180837007286856
1684529,458669,3293437,3752106,7.180422047271562
1684661,458694,3293481,3752175,7.180126620361286
1684708,458721,3293581,3752302,7.179922000518834
1685953,458726,3295599,3754325,7.184242881371451
1686074,458726,3295781,3754507,7.184639632373138
1686122,458766,3295931,3754697,7.184340164702703
1686132,458766,3295947,3754713,7.184375040870509
1686223,458766,3296062,3754828,7.18462571332662
1686297,458783,3296149,3754932,7.184549122351962
1686316,458787,3296192,3754979,7.1845802082447845
1686337,458787,3296240,3755027,7.184684831959057
1686367,458799,3296305,3755104,7.184638589011746
1686403,458815,3296366,3755181,7.184520994300535
1686438,458827,3296414,3755241,7.1844377074583665
1686448,458827,3296430,3755257,7.184472578989467
1686478,458849,3296488,3755337,7.184254515101918
1686548,458876,3296621,3755497,7.184121636346203
1686645,458930,3296748,3755678,7.183553047305689
1686718,458963,3296812,3755775,7.183175985863784
1686746,458963,3296879,3755842,7.183321967130248
1686767,458974,3296909,3755883,7.183215171229743
1686897,458975,3297294,3756269,7.184038346315159
1687186,459018,3297608,3756626,7.184049427255576
1687231,459048,3297681,3756729,7.183738955403356
1687291,459070,3297795,3756865,7.183643017404753
1687324,459085,3297818,3756903,7.183458400949715
1687463,459159,3298006,3757165,7.182710128735362
1687543,459175,3298113,3757288,7.1826928730876025
1687596,459182,3298186,3757368,7.182742354883249
1687616,459198,3298215,3757413,7.18255523760992
1687771,459198,3298536,3757734,7.183254282466387
1687781,459198,3298546,3757744,7.18327605956472
1688025,459203,3299206,3758409,7.184635117801931
1688603,459408,3299965,3759373,7.183081269808101
1688604,459408,3299967,3759375,7.183085623236861
1688885,459408,3300328,3759736,7.18387141712813
1688889,459408,3300335,3759743,7.183886654128792
1688909,459419,3300364,3759783,7.183777771489642
1689650,459419,3302110,3761529,7.1875782238000605
1689693,459434,3302153,3761587,7.187437150929187
1689705,459441,3302179,3761620,7.1873842343195316
1689783,459497,3302251,3761748,7.1866649836669225
1689805,459497,3302301,3761798,7.186773798305539
1689830,459497,3302343,3761840,7.186865202601975
1689834,459497,3302352,3761849,7.1868847892369265
1689961,459555,3302565,3762120,7.1864412311910435
1689991,459556,3302617,3762173,7.186538746094056
1690550,459556,3304200,3763756,7.1899833752578575
1690604,459562,3304327,3763889,7.19016585357362
1690642,459574,3304357,3763931,7.190043388007155
1691497,459840,3305669,3765509,7.188737386917189
1691571,459856,3306013,3765869,7.189235325841133
1691642,459856,3306140,3765996,7.18951149925194
1692544,459888,3307336,3767224,7.191611870716348
1692563,459901,3307391,3767292,7.191528176716293
1692602,459913,3307459,3767372,7.191488390195537
1692612,459917,3307467,3767384,7.191443238671326
1692651,459949,3307549,3767498,7.191121189523186
1692696,459949,3307610,3767559,7.191253812922737
1692835,459958,3308399,3768357,7.192828475643428
1692996,459958,3308786,3768744,7.193669856813013
1693101,459990,3308879,3768869,7.193371595034675
1693119,459990,3308911,3768901,7.193441161764386
1693132,459990,3308925,3768915,7.193471597208635
1693291,459990,3309069,3769059,7.193784647492337
1693595,460043,3309250,3769293,7.193349317346422
1693687,460069,3309414,3769483,7.193299265979668
1693758,460103,3309482,3769585,7.192915499355579
1693849,460114,3309651,3769765,7.193110837748906
1693858,460114,3309660,3769774,7.193130398118727
1693860,460114,3309664,3769778,7.193139091616425
1693947,460131,3309817,3769948,7.193205847899837
1693968,460139,3309852,3769991,7.193156850429979
1693971,460140,3309855,3769995,7.193147737645065
1694080,460140,3310053,3770193,7.193578041465641
1694161,460177,3310207,3770384,7.19333430397434
1694171,460177,3310222,3770399,7.193366900127559
1694197,460177,3310245,3770422,7.193416880895829
1694280,460177,3310382,3770559,7.193714592428566
1694297,460179,3310410,3770589,7.193744173462935
1694881,460608,3311302,3771910,7.1889806516604144
1694937,460616,3311383,3771999,7.189031644580301
1694966,460628,3311402,3772030,7.188885608343392
1694990,460641,3311419,3772060,7.1887196319910736
1695037,460649,3311452,3772101,7.188666424978671
1695128,460716,3311634,3772350,7.188016044591462
1695267,460760,3311758,3772518,7.1875987498914835
1695475,460803,3311989,3772792,7.187429335312487
1695708,460858,3312554,3773412,7.187797542844
1697486,460861,3315057,3775918,7.193181892154033
1697550,460888,3315201,3776089,7.19307293745986
1697584,460905,3315268,3776173,7.192952994651827
1697633,460939,3315375,3776314,7.192654559497027
1697738,460971,3315531,3776502,7.192493670968456
1697850,461047,3315885,3776932,7.192075862113841
1697861,461052,3315894,3776946,7.192017386325187
1697888,461076,3315967,3777043,7.191801351620991
1697906,461076,3316070,3777146,7.192024742124943
1697926,461083,3316131,3777214,7.192047852555831
1697966,461083,3316231,3777314,7.192264733247593
1698125,461155,3316448,3777603,7.19161236460626
1698135,461155,3316464,3777619,7.191647060099099
1698298,461156,3316733,3777889,7.19221478198267
1698307,461161,3316742,3777903,7.192156318509154
1698396,461224,3316903,3778127,7.191522990997867
1698401,461228,3316916,3778144,7.191488808138274
1698846,461325,3317478,3778803,7.19119492765404
1698896,461349,3317559,3778908,7.190996404023852
1698913,461349,3317604,3778953,7.191093944064038
1698928,461354,3317634,3778988,7.1910810353871435
1699356,461354,3318541,3779895,7.193046987779449
1699499,461374,3318789,3780163,7.193272702839779
1699530,461374,3318937,3780311,7.193593483811398
1699559,461384,3318997,3780381,7.193567613961473
1699725,461522,3319229,3780751,7.191919345123309
1699790,461573,3319312,3780885,7.191304517378616
1699815,461574,3319341,3780915,7.191351765914025
1699832,461576,3319358,3780934,7.191357436261851
1699886,461610,3319484,3781094,7.191100712722862
1700013,461673,3319693,3781366,7.190572114895175
1700177,461688,3320114,3781802,7.191250368214032
1700235,461717,3320239,3781956,7.191069421312189
1700270,461742,3320305,3782047,7.190823013717617
1700302,461764,3320373,3782137,7.190627679940403
1700405,461842,3320559,3782401,7.18981599767886
1700412,461845,3320570,3782415,7.189793112407842
1763774,461847,3510650,3972497,7.6013268463365575
1763818,461875,3510713,3972588,7.601002435723951
1763866,461887,3510798,3972685,7.600988986483707
1763880,461887,3510824,3972711,7.601045277308086
1764012,461962,3511050,3973012,7.600300457613397
1764146,461962,3511319,3973281,7.6008827565903685
1764465,461962,3511871,3973833,7.602077660067279
1764610,461994,3512010,3974004,7.601851972103534
1764805,461999,3512380,3974379,7.6025705683345635
1764844,462006,3512435,3974441,7.602574425440363
1764848,462006,3512444,3974450,7.602593905706852
1764873,462014,3512475,3974489,7.602529360582147
1765069,462014,3512747,3974761,7.603118087330687
1765098,462026,3512795,3974821,7.603024505114431
1765103,462030,3512821,3974851,7.6030149557388045
1765287,462172,3513224,3975396,7.60155093774612
1765297,462180,3513249,3975429,7.601473451901857
1765311,462191,3513286,3975477,7.6013725927159985
1765375,462200,3513395,3975595,7.601460406750324
1766277,462205,3514618,3976823,7.604024188401251
1766430,462301,3515009,3977310,7.60329092950264
1766465,462301,3515069,3977370,7.603420715075243
1766545,462301,3515362,3977663,7.604054501288122
1766559,462310,3515382,3977692,7.6039497307001795
1766590,462310,3515431,3977741,7.604055720187753
1766599,462312,3515445,3977757,7.60405310699268
1766652,462312,3515600,3977912,7.604388378411116
1766714,462312,3515782,3978094,7.604782051947603
1766916,462337,3516063,3978400,7.604978619491843
1766996,462398,3516206,3978604,7.604284620608221
1766999,462398,3516215,3978613,7.604304084360226
1767091,462398,3516270,3978668,7.6044230295113735
1767655,462398,3517251,3979649,7.606544578480011
1767794,462473,3517394,3979867,7.605620219991221
1767979,462533,3517679,3980212,7.605249787582724
1768002,462536,3517710,3980246,7.605267481882492
1768065,462598,3517790,3980388,7.604421117255154
1768086,462598,3517820,3980418,7.604485968378592
1768102,462600,3517843,3980443,7.6045028102032
1768131,462613,3517885,3980498,7.604379902856167
1768672,462839,3518800,3981639,7.6026436838727935
1768675,462840,3518804,3981644,7.602635900095065
1768685,462844,3518814,3981658,7.60259180198944
1768805,462933,3519001,3981934,7.601534131288977
1768814,462937,3519022,3981959,7.601513812894627
1769790,463163,3520366,3983529,7.600706446758484
1769823,463181,3520416,3983597,7.6005190195625465
1769879,463224,3520524,3983748,7.600046629708305
1771101,463254,3522804,3986058,7.604476162105454
1771110,463260,3522825,3986085,7.604423002201787
1771111,463260,3522828,3986088,7.604429478046885
1771141,463268,3522844,3986112,7.6043326972724214
1771162,463268,3522873,3986141,7.604395296027353
1771529,463268,3523190,3986458,7.605079565176097
1771557,463268,3523227,3986495,7.605159432553079
1771742,463274,3523660,3986934,7.605995587924209
1771757,463285,3523673,3986958,7.605843055570545
1772174,463319,3524420,3987739,7.606897191783631
1772313,463331,3524548,3987879,7.606976438010839
1772469,463336,3524812,3988148,7.6074641297028505
1772501,463338,3524859,3988197,7.607532729886174
1772519,463348,3524878,3988226,7.607409549625768
1772549,463378,3524950,3988328,7.607072411724338
1772550,463378,3524950,3988328,7.607072411724338
1772558,463380,3524968,3988348,7.607078423755881
1772561,463380,3524977,3988357,7.607097846260089
1772583,463396,3525006,3988402,7.606897772099889
1772637,463416,3525054,3988470,7.6066730540162615
1772912,463417,3525070,3988487,7.6066911658398375
1772924,463420,3525103,3988523,7.606713132795305
1773011,463436,3525185,3988621,7.606627452334303
1773033,463446,3525246,3988692,7.606594943100167
1773063,463467,3525273,3988740,7.6063085397665855
1773064,463467,3525277,3988744,7.606317170370274
1773175,463467,3525541,3989008,7.606886790213759
1775027,463476,3529575,3993051,7.615442870828263
1775146,463476,3530067,3993543,7.616504414468063
1775408,463533,3530517,3994050,7.616538628317725
1775423,463539,3530553,3994092,7.61651770401196
1777022,463539,3532546,3996085,7.620817234364314
1778486,463539,3534632,3998171,7.62531739508434
1778595,463574,3534736,3998310,7.624966024841773
1778616,463581,3534770,3998351,7.624924231148386
1779102,463665,3536786,4000451,7.627890826350922
1779290,463824,3537341,4001165,7.626472541308773
1779381,463834,3537486,4001320,7.626620730692446
1779663,463834,3537762,4001596,7.627215771159509
1779710,463863,3537821,4001684,7.6268661221093295
1779755,463874,3537908,4001782,7.6268728146005165
1779793,463874,3538003,4001877,7.627077611592803
1779800,463877,3538015,4001892,7.627054154441803
1779882,463895,3538151,4002046,7.627051380161459
1779954,463895,3538354,4002249,7.627488979187101
1779961,463905,3538366,4002271,7.627350427350428
1780014,463908,3538449,4002357,7.627480017589694
1780022,463908,3538449,4002357,7.627480017589694
1780252,463987,3539022,4003009,7.627416285370065
1780316,464002,3539080,4003082,7.627294709936595
1780640,464127,3539795,4003922,7.626781031915834
1780641,464127,3539795,4003922,7.626781031915834
1780686,464138,3539838,4003976,7.62669292322542
1780732,464153,3539891,4004044,7.626560638410179
1780761,464153,3539926,4004079,7.626636044580128
1780787,464164,3539952,4004116,7.6265113192750835
1780911,464164,3540308,4004472,7.627278289570066
1780922,464166,3540321,4004487,7.627273432349633
1780943,464175,3540357,4004532,7.627203102278235
1781139,464175,3540685,4004860,7.627909732320784
1781182,464206,3540823,4005029,7.627697617006243
1781303,464206,3540967,4005173,7.62800782411257
1781326,464215,3540984,4005199,7.62789655655246
1781403,464215,3541003,4005218,7.627937485863232
1781437,464227,3541070,4005297,7.627884634026026
1781471,464227,3541167,4005394,7.628093583527025
1781496,464260,3541219,4005479,7.627663378279412
1781727,464260,3541469,4005729,7.628201869642011
1781743,464260,3541484,4005744,7.6282341791237664
1781756,464262,3541513,4005775,7.628263782088562
1781776,464270,3541546,4005816,7.628203416115622
1781872,464303,3541659,4005962,7.627904622627896
1781890,464303,3541675,4005978,7.627939082883375
1781948,464323,3541794,4006117,7.627866808234785
1781950,464323,3541799,4006122,7.627877576600771
1781998,464323,3541864,4006187,7.628017565358597
1782080,464350,3542041,4006391,7.627955206202218
1782084,464350,3542041,4006391,7.627955206202218
1782090,464353,3542053,4006406,7.627931767426936
1782100,464355,3542070,4006425,7.627935523468036
1782123,464355,3542091,4006446,7.627980747488452
1782191,464412,3542222,4006634,7.6273265979345926
1782204,464422,3542256,4006678,7.627235574542119
1782246,464435,3542300,4006735,7.627116819361159
1782339,464497,3542439,4006936,7.626398017640588
1782391,464515,3542525,4007040,7.626287633337998
1782434,464515,3542551,4007066,7.626343605696264
1782501,464529,3542675,4007204,7.626380699590338
1782520,464532,3542728,4007260,7.626445540888464
1782575,464559,3542780,4007339,7.626114228763193
1782595,464559,3542795,4007354,7.626146517449882
1782655,464581,3542893,4007474,7.625996327873934
1782744,464631,3543020,4007651,7.625449012226907
1782750,464638,3543029,4007667,7.625353501005083
1782781,464656,3543079,4007735,7.625165713990565
1782846,464656,3543079,4007735,7.625165713990565
1782907,464679,3543164,4007843,7.624971216689371
1783018,464679,3543342,4008021,7.625354276823355
1783293,464769,3544469,4009238,7.626302528783116
1783305,464769,3544478,4009247,7.626321893241589
1783308,464770,3544491,4009261,7.6263334552574396
1783339,464792,3544539,4009331,7.626075750012909
1783360,464803,3544597,4009400,7.62602005580859
1783396,464825,3544662,4009487,7.625798956596569
1783533,464925,3544870,4009795,7.624606119266549
1783648,465000,3545117,4010117,7.6239075268817205
1783680,465012,3545160,4010172,7.62380325669015
1783707,465031,3545191,4010222,7.623558429438037
1783745,465054,3545259,4010313,7.623327613567457
1783790,465089,3545311,4010400,7.6228657310751275
1783884,465137,3545507,4010644,7.622500467604168
1783992,465137,3545812,4010949,7.623156188391807
1784070,465178,3545980,4011158,7.622845448408996
1784375,465178,3546819,4011997,7.624649059069862
1784384,465188,3546839,4012027,7.624528147759616
1784495,465239,3546928,4012167,7.623883638302034
1784515,465265,3546997,4012262,7.623605902012831
1784595,465265,3547091,4012356,7.623807937412012
1785070,465265,3548701,4013966,7.627268330951178
1785073,465265,3548710,4013975,7.627287674765993
1785076,465272,3548723,4013995,7.627200863151017
1786318,465279,3550737,4016016,7.631414699567356
1786338,465294,3550754,4016048,7.63120521648678
1786409,465332,3550922,4016254,7.630943068604781
1786672,465332,3551372,4016704,7.631910120086304
1787052,465332,3552088,4017420,7.633448806443571
1787056,465332,3552094,4017426,7.633461700463325
1790816,465338,3558190,4023528,7.646463430882498
1790860,465366,3558240,4023606,7.64611080310981
1790884,465366,3558261,4023627,7.646155928881783
1790902,465372,3558294,4023666,7.646128258683376
1790915,465380,3558318,4023698,7.646048390562551
1790950,465383,3558402,4023785,7.64617959830935
1791236,465391,3558792,4024183,7.646886166685647
1791328,465391,3558792,4024183,7.646886166685647
1791420,465432,3558913,4024345,7.646472524450403
1791441,465439,3558946,4024385,7.646428425636872
1791443,465440,3558948,4024388,7.646416294259196
1791564,465476,3559028,4024504,7.645996786085641
1791651,465523,3559121,4024644,7.6454246084511395
1791718,465529,3559155,4024684,7.645399105104086
1791830,465564,3559367,4024931,7.645279703757163
1791844,465569,3559396,4024965,7.64525988628968
1791933,465603,3559777,4025380,7.64551989570514
1791947,465603,3559803,4025406,7.645575737269734
1792032,465656,3559914,4025570,7.644943907090212
1792123,465656,3560134,4025790,7.645416358857182
1792144,465656,3560164,4025820,7.645480784098132
1792298,465717,3560671,4026388,7.645568016628124
1792318,465731,3560690,4026421,7.645378984864654
1792460,465731,3560877,4026608,7.645780504196629
1792854,465731,3561650,4027381,7.647440260579605
1792867,465736,3561659,4027395,7.647377484239999
1792877,465736,3561675,4027411,7.647411838466427
1792890,465736,3561690,4027426,7.647444045553704
1792910,465743,3561736,4027479,7.647427873312106
1792927,465746,3561762,4027508,7.647434438513696
1793210,465755,3563507,4029262,7.651033268563944
1793230,465755,3563548,4029303,7.651121297677964
1793265,465765,3563606,4029371,7.6510815540025545
1793333,465801,3563707,4029508,7.650707061599267
1793624,465980,3564186,4030166,7.648796085668913
1793686,465987,3564348,4030335,7.649028835568374
1793741,466017,3564388,4030405,7.64862226056131
1793802,466032,3564486,4030518,7.648586363168194
1793822,466040,3564533,4030573,7.6485559179469575
1793839,466044,3564541,4030585,7.648507437066028
1793845,466044,3564552,4030596,7.648531039987641
1793893,466066,3564619,4030685,7.6483137581372596
1794018,466123,3564762,4030885,7.647685267622495
1794041,466136,3564785,4030921,7.647521324248717
1794080,466156,3564849,4031005,7.647330507383794
1796210,466156,3573446,4039602,7.66577283141266
1796220,466161,3573460,4039621,7.665720641580913
1796242,466171,3573500,4039671,7.665642006903046
1796280,466171,3573536,4039707,7.665719231784045
1796330,466201,3573611,4039812,7.665386818132093
1796352,466207,3573664,4039871,7.6654018493930804
1796417,466228,3573791,4040019,7.6653289806704015
1796424,466229,3573793,4040022,7.665316829283464
1796470,466240,3573853,4040093,7.665264670555937
1796497,466271,3573920,4040191,7.664898739145261
1796512,466283,3573935,4040218,7.664733648878471
1796698,466411,3574214,4040625,7.663228354391299
1796728,466420,3574282,4040702,7.66322627674628
1796782,466453,3574352,4040805,7.6628341976576415
1797024,466592,3574905,4041497,7.661736592140457
1797045,466603,3574972,4041575,7.661699560440032
1797059,466609,3575033,4041642,7.661731771140291
1797080,466610,3575069,4041679,7.66179250337541
1797110,466610,3575089,4041699,7.661835365722981
1797327,466715,3575724,4042439,7.661472204664517
1797362,466729,3575764,4042493,7.661328094033154
1797526,466745,3576031,4042776,7.661637510846393
1797602,466795,3576149,4042944,7.661069634421962
1797637,466824,3576221,4043045,7.66074794783473
1797675,466834,3576307,4043141,7.6607680674501
1797700,466834,3576362,4043196,7.660885882347901
1797796,466905,3576707,4043612,7.660459836583459
1798066,467041,3576965,4044006,7.658781563074762
1798085,467044,3576968,4044012,7.658738791205968
1800028,467044,3581065,4048109,7.667510983975814
1800033,467046,3581072,4048118,7.66749313772091
1800376,467152,3581351,4048503,7.666350566839059
1800526,467216,3581531,4048747,7.665685678572651
1800563,467237,3581675,4048912,7.665649338558376
1800592,467244,3581694,4048938,7.665575159873642
1800623,467250,3581759,4049009,7.6656158373461745
1800744,467321,3581969,4049290,7.66490057155574
1800747,467321,3581978,4049299,7.6649198302665615
1800781,467331,3582016,4049347,7.664837128288087
1800941,467364,3582252,4049616,7.664800883251599
1801225,467530,3583978,4051508,7.665771180459008
1801272,467538,3583991,4051529,7.665667817375272
1801286,467545,3584041,4051586,7.665659989947492
1801358,467577,3584200,4051777,7.665475419021893
1801446,467658,3584405,4052063,7.664586086413576
1801819,467764,3584979,4052743,7.664076329089028
1801840,467776,3585036,4052812,7.664001573402654
1801851,467790,3585062,4052852,7.663827785972338
1801937,467838,3585298,4053136,7.663545928291417
1802045,467905,3585481,4053386,7.662839678994668
1802121,467954,3585659,4053613,7.662417673532014
1802157,467954,3585693,4053647,7.662490330246135
1802191,467954,3585795,4053749,7.6627083003885
1802210,467968,3585837,4053805,7.662568808123632
1802232,467978,3585891,4053869,7.662520460363521
1802309,467994,3586050,4054044,7.662598238438954
1802420,467994,3586265,4054259,7.663057646038197
1802461,468017,3586327,4054344,7.662813530277746
1802547,468020,3586525,4054545,7.6631874706209135
1802622,468020,3586692,4054712,7.663544292978933
1802876,468143,3587232,4055375,7.6626842652779175
1802997,468172,3587559,4055731,7.662908076518886
1803103,468200,3587800,4056000,7.662964545066211
1803132,468208,3587843,4056051,7.662925451935892
1803286,468237,3587895,4056132,7.662561907751844
1803387,468267,3588043,4056310,7.662387056956821
1803455,468267,3588185,4056452,7.662690302754625
1803464,468267,3588189,4056456,7.662698844889775
1804166,468273,3589012,4057285,7.664358184221597
1804173,468276,3589017,4057293,7.664319760141455
1804177,468277,3589025,4057302,7.664320476982641
1804319,468281,3589435,4057716,7.665130551954916
1804370,468323,3589508,4057831,7.664599005387307
1804519,468323,3589878,4058201,7.665389058406271
1804523,468324,3589882,4058206,7.665381231796791
1804834,468465,3590744,4059209,7.664914134460418
1826628,468465,3656122,4124587,7.804472052341157
1826658,468472,3656161,4124633,7.804438685769907
1826676,468481,3656188,4124669,7.804346387580286
1826806,468521,3656288,4124809,7.803893528785262
1826889,468567,3656438,4125005,7.803447532583387
1827025,468608,3656677,4125285,7.803274805381044
1827046,468608,3656707,4125315,7.803338824774651
1827109,468608,3656707,4125315,7.803338824774651
1827142,468608,3656763,4125371,7.803458327642721
1827177,468611,3656847,4125458,7.803587623850059
1827196,468617,3656935,4125552,7.80367549619412
1827398,468783,3657334,4126117,7.8017632891977735
1827429,468783,3657388,4126171,7.801878481088265
1827474,468791,3657437,4126228,7.8018498648651535
1827560,468813,3657622,4126435,7.801878360881631
1827585,468817,3657639,4126456,7.801848055851217
1827756,468925,3658052,4126977,7.800931918750333
1827827,468983,3658187,4127170,7.800255019904773
1827917,468991,3658278,4127269,7.800315997535134
1828231,469188,3658909,4128097,7.798385721714963
1828928,469188,3660804,4129992,7.802424614440267
1828954,469193,3660871,4130064,7.802484265536783
1828979,469193,3660928,4130121,7.802605750725181
1829009,469213,3660956,4130169,7.802332842440427
1829063,469225,3661035,4130260,7.802301667643454
1829175,469245,3661253,4130498,7.80243369668297
1829418,469266,3661638,4130904,7.802904962217591
1829428,469266,3661638,4130904,7.802904962217591
1829460,469279,3661729,4131008,7.802882720087624
1829654,469320,3661860,4131180,7.802480184096139
1829663,469322,3661882,4131204,7.802493810219849
1829680,469333,3661924,4131257,7.802400427841213
1829807,469437,3662168,4131605,7.801191640198791
1829863,469457,3662224,4131681,7.800978577377694
1829938,469475,3662383,4131858,7.801018158581394
1829958,469475,3662404,4131879,7.801062889397731
1829976,469479,3662420,4131899,7.801030504026804
1830003,469492,3662463,4131955,7.800906085726701
1830047,469521,3662500,4132021,7.800503065890557
1830062,469521,3662548,4132069,7.800605297739612
1830149,469542,3662646,4132188,7.800465134109409
1830229,469584,3662768,4132352,7.8000272581689325
1830288,469586,3662838,4132424,7.8001431047773995
1830318,469586,3662858,4132444,7.800185695484959
1830365,469605,3662889,4132494,7.799936116523461
1830490,469706,3663130,4132836,7.798771997802881
1830540,469706,3663214,4132920,7.798950833074306
1830596,469715,3663313,4133028,7.799012166952301
1830718,469772,3663568,4133340,7.7986086867671975
1830748,469772,3663594,4133366,7.7986640327648304
1830860,469772,3663848,4133620,7.79920472058786
1830889,469784,3663866,4133650,7.799043815881341
1831125,469881,3664148,4134029,7.798033970303119
1831406,469882,3664821,4134703,7.799449649060828
1831619,469882,3665307,4135189,7.800483951289898
1831634,469887,3665322,4135209,7.800432870030454
1831793,469942,3666024,4135966,7.801013742121368
1831795,469942,3666026,4135968,7.801017997965706
1831813,469951,3666072,4136023,7.800966483739794
1831871,469968,3666118,4136086,7.800782180914445
1832108,470127,3666486,4136613,7.798926673005379
1832361,470265,3666846,4137111,7.797403591591975
1832399,470277,3666875,4137152,7.797266291993868
1832464,470298,3666915,4137213,7.797003176709236
1832501,470313,3666966,4137279,7.796862940212157
1832513,470313,3666975,4137288,7.796882076404437
1832561,470313,3667048,4137361,7.797037292186268
1832624,470370,3667201,4137571,7.796417713714735
1832686,470370,3667265,4137635,7.796553776813997
1832715,470370,3667312,4137682,7.796653698152518
1832728,470374,3667323,4137697,7.796610782058532
1832748,470384,3667342,4137726,7.796485424674309
1832755,470386,3667347,4137733,7.796462904933395
1832859,470400,3667664,4138064,7.796904761904762
1832880,470412,3667702,4138114,7.796786646599151
1832912,470415,3667732,4138147,7.7968006972566775
1832921,470417,3667748,4138165,7.79680156116807
1832942,470417,3667778,4138195,7.796865334373545
1832974,470417,3667827,4138244,7.796969497275821
1832997,470426,3667872,4138298,7.796915986786445
1833083,470432,3667900,4138332,7.796876062852867
1833189,470514,3668096,4138610,7.7959338085583
1833211,470523,3668161,4138684,7.795922834802974
1833230,470540,3668216,4138756,7.795758065201683
1833775,470540,3669952,4140492,7.799447443362944
1833827,470541,3670036,4140577,7.799609385792099
1833920,470555,3670114,4140669,7.799543092730924
1833942,470564,3670161,4140725,7.799493798930645
1833979,470574,3670232,4140806,7.799478934237761
1834572,470583,3671521,4142104,7.802068923016768
1834648,470619,3671653,4142272,7.801752585424728
1834666,470619,3671706,4142325,7.801865203062349
1834676,470622,3671714,4142336,7.8018324685203835
1834705,470632,3671740,4142372,7.801721939859593
1834711,470635,3671752,4142387,7.801697706290438
1834785,470639,3671776,4142415,7.8016823935118
1834814,470655,3671817,4142472,7.801504286579341
1834817,470656,3671820,4142476,7.8014940848517815
1834826,470656,3671836,4142492,7.801528079956486
1834865,470665,3671858,4142523,7.8014256424420765
1834902,470674,3671889,4142563,7.801342330360292
1834933,470687,3671933,4142620,7.8012203438803285
1835105,470712,3672210,4142922,7.801394483250905
1835175,470712,3672331,4143043,7.80165154064481
1835382,470777,3672508,4143285,7.800950343793346
1835493,470777,3672686,4143463,7.801328442128651
1835494,470777,3672688,4143465,7.8013326904245535
1835512,470789,3672706,4143495,7.801172074963518
1835566,470808,3672792,4143600,7.801039914359994
1835636,470808,3672887,4143695,7.801241695128375
1835693,470808,3673007,4143815,7.801496576098962
1835750,470831,3673135,4143966,7.801387334308913
1835869,470846,3673184,4144030,7.8012428692183855
1835891,470858,3673209,4144067,7.801097146061021
1835907,470864,3673238,4144102,7.80105932923307
1835937,470878,3673290,4144168,7.800937822535774
1836093,470878,3673433,4144311,7.801241510539885
1836151,470889,3673537,4144426,7.801280131835741
1836159,470894,3673549,4144443,7.801222780498371
1836259,470894,3673650,4144544,7.801437266136328
1836285,470906,3673681,4144587,7.80130429427529
1836335,470937,3673749,4144686,7.800935156931819
1836410,470937,3673916,4144853,7.801289769119861
1836467,470965,3673998,4144963,7.8010000743155015
1836486,470970,3674005,4144975,7.800932118818609
1836594,470992,3674127,4145119,7.800826765635085
1836673,471024,3674222,4145246,7.800498488399742
1838002,471049,3679227,4150276,7.810709713851425
1838020,471056,3679256,4150312,7.81065520872253
1838027,471056,3679268,4150324,7.8106806834007
1838043,471074,3679317,4150391,7.810486250567851
1838059,471074,3679343,4150417,7.8105414435948495
1838431,471248,3679766,4151014,7.8085551556717485
1838504,471251,3679787,4151038,7.808550008381945
1838522,471264,3679817,4151081,7.808398265091329
1838533,471272,3679852,4151124,7.808339982006145
1838564,471294,3679910,4151204,7.808098554193348
1838590,471307,3679949,4151256,7.807965933033033
1838619,471329,3679991,4151320,7.807690594043651
1838633,471342,3680024,4151366,7.8075452643727905
1838664,471342,3680104,4151446,7.807714992510746
1838735,471342,3680178,4151520,7.807871991038354
1838779,471342,3680235,4151577,7.8079929223366475
1838793,471342,3680261,4151603,7.8080480839814825
1838953,471394,3680509,4151903,7.80771286864067
1838980,471394,3680571,4151965,7.807844393437337
1840001,471922,3682500,4154422,7.8031962909124815
1840071,471934,3682526,4154460,7.803052969271127
1840157,471945,3682994,4154939,7.803862738242803
1840283,472015,3683211,4155226,7.803165153649778
1840339,472015,3683295,4155310,7.80334311409595
1840345,472015,3683314,4155329,7.803383367054013
1840359,472015,3683340,4155355,7.803438450049257
1841652,472054,3684204,4156258,7.804624047248832
1841712,472101,3684252,4156353,7.803948731309614
1841727,472104,3685188,4157292,7.805881754867571
1841780,472107,3685271,4157378,7.806007960059902
1841820,472129,3685338,4157467,7.805786130485524
1842328,472129,3686240,4158369,7.8076966252867335
1842340,472138,3686258,4158396,7.807585917676612
1842403,472149,3686475,4158624,7.807863619323561
1842755,472162,3687008,4159170,7.808777495859472
1842893,472253,3687282,4159535,7.807852994051917
1842993,472311,3687407,4159718,7.807158842372928
1843032,472334,3687465,4159799,7.806901472263271
1843048,472334,3687491,4159825,7.806956518057137
1843098,472370,3687591,4159961,7.806573237081102
1843101,472370,3687596,4159966,7.806583822003938
1843149,472383,3687622,4160005,7.806424024573281
1843157,472390,3687625,4160015,7.806314697601558
1843286,472391,3688007,4160398,7.807106824643145
1843382,472448,3688214,4160662,7.806603054727716
1843384,472450,3688214,4160664,7.806570007408191
1843456,472482,3688344,4160826,7.806316431102137
1843470,472489,3688370,4160859,7.806255807013496
1843679,472578,3688656,4161234,7.805390856112642
1843679,472578,3688656,4161234,7.805390856112642
1843752,472581,3688677,4161258,7.8053857433963705
1843903,472628,3688955,4161583,7.805197745372682
1843916,472633,3688979,4161612,7.805165953287223
1844010,472672,3689116,4161788,7.804811793378918
1844013,472673,3689119,4161792,7.804801628186929
1845489,472709,3692213,4164922,7.81075249254827
1845545,472742,3692316,4165058,7.810425136755355
1845640,472751,3692422,4165173,7.810500665255071
1845654,472751,3692444,4165195,7.810547201380854
1845751,472826,3692736,4165562,7.809925850101306
1846078,473075,3693545,4166620,7.807525233842414
1846233,473205,3693985,4167190,7.806310161557887
1846246,473211,3694006,4167217,7.806255560415966
1846318,473239,3694153,4167392,7.806104315155767
1846442,473244,3694344,4167588,7.806425438040419
1846684,473244,3694791,4168035,7.80736998250374
1846698,473251,3694817,4168068,7.807309440444922
1846837,473327,3695129,4168456,7.806715019426316
1846883,473327,3695184,4168511,7.806831218164187
1846953,473350,3695227,4168577,7.806542727368755
1847034,473356,3695406,4168762,7.806821926837307
1847042,473362,3695444,4168806,7.806803249944018
1847296,473409,3696141,4169550,7.807500491118673
1847321,473421,3696170,4169591,7.807363847400095
1847346,473427,3696201,4169628,7.8073303803965555
1847414,473440,3696317,4169757,7.807361017235553
1847452,473470,3696413,4169883,7.8070690856865275
1847846,473470,3697186,4170656,7.808701712885716
1847933,473470,3697351,4170821,7.809050203814391
1847949,473470,3697351,4170821,7.809050203814391
1848043,473470,3697520,4170990,7.809407143008005
1848215,473528,3697766,4171294,7.808970113699718
1848232,473537,3697774,4171311,7.808838591282202
1848250,473537,3697791,4171328,7.8088744913280275
1848272,473544,3697814,4171358,7.808807629280489
1848336,473587,3697881,4171468,7.808240091049797
1848417,473614,3697969,4171583,7.807980760703864
1848513,473614,3698233,4171847,7.8085381766586295
1848823,473614,3699152,4172766,7.810478575379951
1848861,473622,3699220,4172842,7.810490222160288
1848881,473622,3699235,4172857,7.81052189298639
1849022,473625,3699528,4173153,7.8110910530482975
1849279,473713,3699950,4173663,7.810530848847298
1849338,473724,3700029,4173753,7.810516249968336
1849399,473738,3700123,4173861,7.810483853944586
1849413,473738,3700149,4173887,7.810538736601243
1849445,473738,3700218,4173956,7.810684386728529
1849478,473744,3700341,4174085,7.810845097774325
1849535,473769,3700474,4174243,7.810713660032632
1849548,473775,3700495,4174270,7.810659068123054
1849662,473817,3700694,4174511,7.81038671048105
1849672,473817,3700722,4174539,7.810445805025991
1849693,473819,3700745,4174564,7.810461378712124
1849728,473819,3700809,4174628,7.810596451387555
1849828,473879,3700950,4174829,7.809905060152486
1849897,473921,3701029,4174950,7.80937962234212
1849918,473929,3701067,4174996,7.809327979507479
1849928,473929,3701098,4175027,7.8093933901491575
1849930,473931,3701103,4175034,7.809370984383802
1849991,473931,3701224,4175155,7.809626295810993
1850052,473943,3701282,4175225,7.809550937560002
1850182,473943,3701668,4175611,7.810365381491023
1850218,473958,3701735,4175693,7.810259558863866
1850225,473966,3701745,4175711,7.810148829240916
1850298,473981,3701814,4175795,7.810047238180434
1850368,473981,3701910,4175891,7.810249777944685
1850389,473987,3701917,4175904,7.810165679649442
1850431,473987,3701966,4175953,7.81026905801214
1850458,473987,3701998,4175985,7.810336570412269
1850490,474013,3702169,4176182,7.810268916675281
1850583,474054,3702264,4176318,7.809793820957106
1850644,474098,3702407,4176505,7.809370636450692
1850747,474098,3702576,4176674,7.809727102835279
1850803,474105,3702646,4176751,7.809759441473935
1850843,474135,3702720,4176855,7.809421367332089
1851004,474135,3703107,4177242,7.810237590559651
1851068,474147,3703253,4177400,7.810347845710297
1851137,474174,3703307,4177481,7.810016997979645
1851202,474194,3703400,4177594,7.809883718478091
1851302,474271,3703587,4177858,7.809010038564449
1851315,474271,3703591,4177862,7.809018472561046
1851407,474308,3703800,4178108,7.808849945604965
1851456,474324,3703877,4178201,7.808748872079001
1851479,474332,3703900,4178232,7.808665660339171
1851508,474341,3703928,4178269,7.808576530386367
1851790,474341,3704204,4178545,7.8091583902719774
1851790,474344,3704246,4178590,7.809197544398159
1851833,474367,3704353,4178720,7.809044474004304
1851868,474367,3704413,4178780,7.809170958350813
1851877,474369,3704433,4178802,7.809180195164524
1852125,474516,3704846,4179362,7.807631354896357
1852147,474531,3704879,4179410,7.807454096781875
1852768,474550,3705593,4180143,7.808646085765462
1852859,474552,3705860,4180412,7.809175812134392
1852883,474554,3705902,4180456,7.809231404645204
1852895,474557,3705945,4180502,7.809272647964312
1852925,474574,3705976,4180550,7.809058229064382
1853052,474610,3706213,4180823,7.8089652556836135
1853102,474610,3706295,4180905,7.809138029118645
1853122,474621,3706359,4180980,7.809091885946892
1853125,474622,3706362,4180984,7.809081753479611
1853141,474622,3706387,4181009,7.8091344269755725
1853173,474637,3706448,4181085,7.809016153397228
1853239,474699,3706639,4181338,7.8083985852087325
1853351,474726,3706720,4181446,7.808125107957011
1853386,474747,3706774,4181521,7.8078934674679354
1853502,474747,3706935,4181682,7.808232595466638
1854066,474903,3707669,4182572,7.807213262497815
1854196,474904,3708054,4182958,7.808007513097384
1854469,474969,3708388,4183357,7.807642182963519
1854480,474976,3708409,4183385,7.807571329919828
1854543,474976,3708536,4183512,7.807838711850704
1854658,475067,3708848,4183915,7.806999854757329
1854670,475073,3708881,4183954,7.806970718184363
1854807,475128,3709023,4184151,7.8063658635146735
1854816,475130,3709048,4184178,7.806385620777472
1854848,475138,3709079,4184217,7.806319427197993
1854850,475138,3709081,4184219,7.8063236365013955
1855042,475235,3709412,4184647,7.805426788851832
1855067,475235,3709439,4184674,7.805483602849117
1855087,475244,3709473,4184717,7.805407327604346
1855113,475255,3709496,4184751,7.80527506286099
1855223,475306,3709661,4184967,7.804784707114996
1855233,475309,3709673,4184982,7.80476069251792
1855243,475312,3709688,4185000,7.804742989867708
1855408,475316,3709932,4185248,7.8051906521135415
1855493,475342,3710006,4185348,7.804919405396536
1855503,475342,3710012,4185354,7.80493202788729
1855519,475355,3710027,4185382,7.8047501341102965
1856628,475370,3711589,4186959,7.807789721690472
1856631,475371,3711595,4186966,7.8077859187876415
1856644,475375,3711636,4187011,7.807806468577438
1856682,475388,3711703,4187091,7.8077338931567475
1856712,475397,3711758,4187155,7.807701773465125
1856722,475397,3711789,4187186,7.807766982122311
1856776,475423,3711926,4187349,7.807628154296279
1856789,475431,3711948,4187379,7.807543050411101
1856801,475433,3711956,4187389,7.807527033251794
1856838,475451,3712030,4187481,7.807387091414257
1856888,475462,3712068,4187530,7.807286386714396
1856896,475462,3712086,4187548,7.807324244629434
1856931,475474,3712133,4187607,7.807226052318319
1856947,475480,3712164,4187644,7.807192731555481
1856961,475492,3712190,4187682,7.807050381499583
1857263,475492,3712352,4187844,7.807391081237959
1857385,475584,3712557,4188141,7.806311818732338
1857404,475589,3712576,4188165,7.806269699257132
1857754,475589,3713215,4188804,7.807613296354625
1857793,475598,3713265,4188863,7.807570679439358
1857849,475617,3713344,4188961,7.807424881785134
1858027,475656,3713711,4189367,7.8075563011924585
1858051,475666,3713744,4189410,7.807461538138106
1858155,475670,3714113,4189783,7.808171631593331
1858212,475693,3714294,4189987,7.808174600004625
1858213,475693,3714296,4189989,7.808178804396953
1858230,475705,3714320,4190025,7.808032288918552
1858277,475736,3714431,4190167,7.807756823111978
1858312,475745,3714502,4190247,7.8077583579438565
1858327,475750,3714544,4190294,7.807764582238571
1858490,475750,3714965,4190715,7.8086495007882295
1858555,475750,3715193,4190943,7.809128744088282
1858563,475754,3715200,4190954,7.809077800712132
1858612,475791,3715277,4191068,7.80863236168822
1858621,475793,3715286,4191079,7.8086184538234065
1858667,475793,3715318,4191111,7.808685709962106
1858697,475810,3715396,4191206,7.80857064794771
1858722,475825,3715438,4191263,7.808412756790837
1858785,475847,3715520,4191367,7.80822407202315
1858878,475920,3715665,4191585,7.807331064044377
1858901,475937,3715699,4191636,7.807123631909265
1858977,475957,3715803,4191760,7.807014079002935
1859035,475973,3715900,4191873,7.806955436547871
1859056,475984,3715933,4191917,7.806844347709167
1859137,476021,3716087,4192108,7.806561055079503
1859151,476021,3716108,4192129,7.806605170780281
1859307,476053,3716241,4192294,7.806359796073126
1859327,476053,3716262,4192315,7.806403908808473
1859378,476093,3716364,4192457,7.805962280478814
1859407,476093,3716402,4192495,7.806042096817219
1859479,476104,3716471,4192575,7.80600667081142
1859515,476120,3716540,4192660,7.805889271612199
1859651,476229,3716753,4192982,7.804549911912126
1859763,476261,3716932,4193193,7.804401368157376
1859836,476261,3717068,4193329,7.804686925866279
1859898,476305,3717226,4193531,7.8042976664112285
1859902,476307,3717230,4193537,7.8042732943248785
1859916,476307,3717256,4193563,7.804327880967527
1859923,476311,3717275,4193586,7.804302231105307
1860944,476311,3718481,4194792,7.806834190266444
1860987,476336,3718548,4194884,7.806565113701253
1861007,476336,3718589,4194925,7.806651187397131
1861711,476336,3719452,4195788,7.808462933727453
1861846,476355,3719547,4195902,7.808350914758951
1862012,476355,3719962,4196317,7.809222113759696
1862043,476365,3720013,4196378,7.809165240939196
1862048,476367,3720025,4196392,7.8091576452609015
1862101,476383,3720162,4196545,7.809182947334393
1862127,476396,3720214,4196610,7.809079001502951
1862243,476420,3720350,4196770,7.808971075941396
1862784,476430,3721663,4198093,7.811563083768864
1862918,476480,3721809,4198289,7.811049781732707
1863082,476560,3722379,4198939,7.8109346147389624
1863119,476591,3722513,4199104,7.810707713741972
1863135,476601,3722561,4199162,7.810644543339187
1863228,476637,3722749,4199386,7.810449041933379
1863273,476655,3722812,4199467,7.810286265747763
1863307,476666,3722885,4199551,7.8102591751876576
1863447,476666,3723146,4199812,7.810806728401019
1863454,476671,3723154,4199825,7.810741580670945
1863518,476716,3723203,4199919,7.8101070658421365
1863540,476722,3723270,4199992,7.810149311338684
1863730,476816,3723572,4200388,7.809242978423542
1864167,477108,3724422,4201530,7.806245126889509
1864242,477108,3724589,4201697,7.80659515246024
1864261,477108,3724609,4201717,7.806637071690267
1864634,477342,3725178,4202520,7.804002161971919
1864663,477360,3725218,4202578,7.803791687615217
1864803,477441,3725505,4202946,7.803068860864483
1864878,477511,3725659,4203170,7.802247487492434
1865103,477531,3725800,4203331,7.802215981789664
1865135,477541,3725833,4203374,7.802121702639145
1865404,477662,3726930,4204592,7.802441894058979
1865417,477672,3726978,4204650,7.802379038335929
1867756,477683,3732040,4209723,7.812796352392696
1867770,477691,3732055,4209746,7.81269691076449
1867776,477691,3732070,4209761,7.812728311816635
1867841,477732,3732196,4209928,7.812321552669697
1867870,477762,3732234,4209996,7.811910532859457
1867931,477800,3732319,4210119,7.811467141063206
1868007,477800,3732471,4210271,7.811785265801591
1868047,477808,3732498,4210306,7.811710980142651
1868296,477819,3732569,4210388,7.811679736469249
1868323,477828,3732654,4210482,7.811710489967101
1868700,477910,3732988,4210898,7.811069029733632
1868706,477910,3733000,4210910,7.81109413906384
1868742,477921,3733027,4210948,7.810970850830995
1868847,477949,3733393,4211342,7.811279027678685
1869089,477949,3733566,4211515,7.811640990984394
1869118,477960,3733586,4211546,7.811503054648925
1869134,477973,3733634,4211607,7.811391019994853
1869195,478007,3733728,4211735,7.811032056015916
1869478,478049,3734299,4212348,7.81154023959887
1869541,478086,3734379,4212465,7.811103023305431
1869667,478164,3734543,4212707,7.810171823893057
1869676,478166,3734563,4212729,7.810180983173208
1869701,478166,3734590,4212756,7.810237448919413
1869936,478240,3734841,4213081,7.809553780528605
1870003,478260,3734883,4213143,7.809315016936394
1870033,478263,3734904,4213167,7.80930994034663
1870060,478275,3734938,4213213,7.809185092258637
1870092,478302,3734971,4213273,7.808813260241437
1870093,478302,3734971,4213273,7.808813260241437
1870125,478302,3735019,4213321,7.8089136152472705
1870195,478310,3735100,4213410,7.808952353076457
1870206,478321,3735118,4213439,7.808810401383171
1870217,478327,3735132,4213459,7.808741718531465
1870259,478345,3735208,4213553,7.80860675872017
1870492,478443,3735515,4213958,7.807648978039182
1870652,478443,3735881,4214324,7.808413959447625
1870916,478573,3736425,4214998,7.807429587544638
1871017,478629,3736672,4215301,7.807032168965942
1871044,478640,3736737,4215377,7.8069885508942
1871130,478651,3736801,4215452,7.806942845622385
1871159,478662,3736820,4215482,7.806803130392636
1871172,478669,3736876,4215545,7.806805955681274
1871194,478682,3736906,4215588,7.806656611278469
1871386,478704,3737307,4216011,7.807135515892911
1871476,478711,3737348,4216059,7.807107001928094
1871762,478794,3737628,4216422,7.80633842529355
1871832,478831,3737724,4216555,7.805935705917119
1871855,478836,3737749,4216585,7.805906406368778
1871889,478836,3737789,4216625,7.805989942276688
1871938,478836,3737898,4216734,7.806217577625742
1872039,478891,3737973,4216864,7.805477655666947
1872070,478902,3738013,4216915,7.805381894416811
1872337,478902,3738670,4217572,7.8067537826110565
1872438,478946,3738859,4217805,7.806431205188058
1872461,478959,3738880,4217839,7.806263166575845
1872480,478964,3738895,4217859,7.806212993043318
1872914,478964,3739661,4218625,7.807812278167044
1872999,478964,3739823,4218787,7.808150508180155
1873042,478974,3739852,4218826,7.808048036010305
1873045,478975,3739855,4218830,7.808037997807819
1873112,478981,3739905,4218886,7.808044577968646
1873424,479191,3740452,4219643,7.805764298578229
1873463,479191,3740592,4219783,7.806056457654672
1873501,479205,3740615,4219820,7.805876399453261
1873548,479222,3740675,4219897,7.805724695443865
1873574,479222,3740675,4219897,7.805724695443865
1873629,479226,3740713,4219939,7.805738837208332
1873703,479252,3740790,4220042,7.805476033485515
1873714,479252,3740800,4220052,7.805496899334797
1873726,479252,3740854,4220106,7.8056095749209184
1873743,479252,3740858,4220110,7.805617921260631
1873848,479252,3741114,4220366,7.806152087002245
1873962,479252,3741285,4220537,7.806508893024964
1874071,479277,3741460,4220737,7.8064668239869635
1874108,479284,3741536,4220820,7.806511379474383
1874130,479286,3741620,4220906,7.806654064587741
1874448,479381,3742154,4221535,7.80622093908603
1874504,479381,3742346,4221727,7.806621455585432
1874539,479393,3742416,4221809,7.806572060918703
1874563,479393,3742464,4221857,7.806672187537156
1874598,479410,3742522,4221932,7.806516343004944
1874609,479412,3742545,4221957,7.806531751395459
1874622,479417,3742549,4221966,7.806458677935909
1875811,479417,3744540,4223957,7.810611638719528
1875817,479424,3744549,4223973,7.810516369643572
1875834,479430,3744581,4224011,7.810485368041215
1875845,479432,3744604,4224036,7.810500759231758
1875870,479445,3744639,4224084,7.810361981040578
1875922,479481,3744737,4224218,7.809979957495709
1876207,479578,3745215,4224793,7.809397011539311
1876360,479578,3745560,4225138,7.810116393996388
1876405,479584,3745742,4225326,7.810398178421298
1876569,479584,3746095,4225679,7.811134233001935
1876601,479601,3746147,4225748,7.810965781972931
1876647,479623,3746214,4225837,7.81074719102295
1876857,479806,3746519,4226325,7.808403813207838
1876868,479807,3746564,4226371,7.808481326866844
1877812,479807,3748647,4228454,7.812822655776177
1877873,479821,3748746,4228567,7.812801023715093
1877893,479827,3748766,4228593,7.812745010180753
1877901,479827,3748766,4228593,7.812745010180753
1877916,479834,3748788,4228622,7.812676884089081
1877957,479846,3748821,4228667,7.812550276547059
1878046,479889,3748971,4228860,7.812162812650425
1878063,479904,3749022,4228926,7.812024904980996
1878226,479904,3749440,4229344,7.812895912515836
1878257,479913,3749500,4229413,7.812874416821383
1878494,479913,3749862,4229775,7.8136287202055374
1878505,479913,3749872,4229785,7.813649557315597
1878684,480071,3750263,4230334,7.811892407581379
1878896,480121,3750448,4230569,7.811464193401247
1878923,480142,3750497,4230639,7.8112245960569995
1878932,480144,3750517,4230661,7.811233713219368
1878966,480153,3750618,4230771,7.8112976488744215
1878977,480153,3750628,4230781,7.811318475569245
1879036,480169,3750791,4230960,7.811397653742745
1879083,480188,3750837,4231025,7.8111843694552965
1879327,480380,3751278,4231658,7.808980390524169
1879443,480430,3751494,4231924,7.808617280353017
1879496,480442,3751601,4232043,7.808644956102922
1879517,480447,3751668,4232115,7.808703145196036
1879534,480447,3751668,4232115,7.808703145196036
1879682,480525,3752003,4232528,7.808132771447895
1879704,480525,3752026,4232551,7.808180635762968
1879981,480621,3752308,4232929,7.8072077582960375
1879989,480621,3752323,4232944,7.807238967918589
1880751,480621,3753918,4234539,7.810557591116493
1880769,480623,3753951,4234574,7.81059375019506
1880779,480625,3753958,4234583,7.810575812743823
1880827,480654,3754029,4234683,7.810252281266774
1880991,480663,3754962,4235625,7.81204710992941
1881135,480754,3755244,4235998,7.811154977389684
1881188,480766,3755343,4236109,7.811165931035057
1881196,480774,3755369,4236143,7.811090033986863
1881233,480779,3755441,4236220,7.811158557258117
1881801,480952,3756755,4237707,7.811080939470051
1882020,480988,3756940,4237928,7.810880936738546
1882246,480988,3756977,4237965,7.810957861734597
1882283,481001,3757035,4238036,7.810867337074144
1882301,481001,3757055,4238056,7.810908917029279
1882362,481001,3757173,4238174,7.811154238764576
1882461,481001,3757342,4238343,7.811505589385469
1882477,481001,3757373,4238374,7.811570038315929
1882678,481001,3757920,4238921,7.812707250088877
1882749,481001,3758047,4239048,7.812971282803986
1882941,481001,3758507,4239508,7.8139276217720965
1882955,481001,3758533,4239534,7.813981675713772
1883176,481016,3758577,4239593,7.813829477605735
1883330,481137,3758981,4240118,7.812704073891636
1883430,481137,3759322,4240459,7.813412811735534
1883847,481137,3760103,4241240,7.815036050023174
1883945,481207,3760279,4241486,7.814264962895386
1883954,481214,3760307,4241521,7.814209478527225
1883980,481229,3760365,4241594,7.814086432862525
1884198,481376,3760744,4242120,7.812487535730905
1884236,481390,3760785,4242175,7.812345499491057
1884519,481524,3761173,4242697,7.810977230626095
1884537,481524,3761206,4242730,7.811045763035695
1884639,481524,3761206,4242730,7.811045763035695
1884640,481530,3761210,4242740,7.810956742051378
1884648,481533,3761227,4242760,7.810943382904183
1884649,481533,3761229,4242762,7.810947536305923
1884670,481533,3761261,4242794,7.811013990733761
1885064,481533,3762034,4243567,7.812619280506216
1885317,481533,3762476,4244009,7.813537182290726
1885386,481533,3762584,4244117,7.813761465984678
1885442,481582,3762753,4244335,7.81331735820691
1885553,481582,3762931,4244513,7.8136869733503325
1885585,481590,3762984,4244574,7.813667227309537
1885640,481590,3763091,4244681,7.813889408002658
1885673,481599,3763144,4244743,7.813853434081051
1885759,481599,3763214,4244813,7.813998783220065
1885787,481609,3763262,4244871,7.813936201358364
1885826,481619,3763297,4244916,7.813846629804887
1886338,481829,3764006,4245835,7.8119125249829295
1886449,481829,3764184,4246013,7.812281950650542
1886479,481847,3764252,4246099,7.812131236678863
1886521,481856,3764313,4246169,7.812111917253287
1886534,481863,3764332,4246195,7.812037861383837
1886578,481886,3764432,4246318,7.811872517566395
1887358,481886,3765893,4247779,7.814904354971923
1888121,482030,3766597,4248627,7.814030247080058
1888287,482083,3766783,4248866,7.813557001595161
1888314,482083,3766859,4248942,7.813714650796647
1888380,482136,3766952,4249088,7.813048600394909
1888413,482141,3766968,4249109,7.813000761188118
1888506,482141,3767120,4249261,7.813316021661713
1888514,482146,3767126,4249272,7.813247439572246
1888612,482173,3767377,4249550,7.813330485116338
1888873,482290,3767811,4250101,7.812334902237243
1888873,482290,3767811,4250101,7.812334902237243
1888896,482303,3767830,4250133,7.812163722804959
1889131,482303,3768544,4250847,7.8136441199826665
1889177,482336,3768643,4250979,7.81331478471439
1889196,482336,3768668,4251004,7.813366615803091
1889227,482344,3768711,4251055,7.813326173851028
1889417,482440,3769041,4251481,7.812455434872731
1889452,482450,3769058,4251508,7.812328738729402
1889478,482463,3769095,4251558,7.81219492479216
1889539,482463,3769196,4251659,7.812404267270236
1889567,482485,3769235,4251720,7.812128874472782
1889670,482485,3769404,4251889,7.812479144429361
1889703,482498,3769477,4251975,7.812419947854706
1889716,482503,3769490,4251993,7.812365933476062
1889746,482503,3769567,4252070,7.812525517976054
1889867,482503,3769907,4252410,7.813230176807191
1889890,482513,3769930,4252443,7.813115916047858
1889919,482517,3769991,4252508,7.813177566800755
1890031,482578,3770247,4252825,7.812720430686853
1890288,482700,3770661,4253361,7.811603480422622
1890336,482704,3770681,4253385,7.811580181643409
1890373,482704,3770768,4253472,7.811760416321389
1890476,482737,3770891,4253628,7.811481199908024
1890519,482765,3770971,4253736,7.8111938520812405
1890579,482786,3771041,4253827,7.81099907619525
1890623,482809,3771173,4253982,7.8109003767535405
1890676,482809,3771251,4254060,7.8110619313227385
1890713,482833,3771333,4254166,7.8108435007549195
1890801,482881,3771426,4254307,7.810259670602074
1890883,482927,3771600,4254527,7.809876026811506
1890990,482951,3771861,4254812,7.8100283465610385
1891003,482963,3771892,4254855,7.809898480836006
1891226,483031,3772126,4255157,7.8092834621380405
1891482,483038,3772305,4255343,7.809540864279829
1891501,483052,3772343,4255395,7.809393191623262
1891644,483063,3772490,4255553,7.809519669277092
1891677,483074,3772518,4255592,7.809399802100713
1891743,483114,3772601,4255715,7.808925015627781
1891767,483120,3772624,4255744,7.808875641662527
1891796,483124,3772658,4255782,7.808881363790662
1891991,483158,3773206,4256364,7.8094660545825585
1892049,483169,3773355,4256524,7.809596642168682
1892088,483175,3773393,4256568,7.809578310136079
1892132,483190,3773466,4256656,7.8094869513028
1892224,483193,3773663,4256856,7.809846169129106
1892371,483193,3773861,4257054,7.8102559432773235
1892941,483193,3774650,4257843,7.8118888311709815
1892950,483203,3774660,4257863,7.811747857525719
1893010,483247,3774821,4258068,7.8113697550114125
1893019,483247,3774830,4258077,7.8113883790277026
1893035,483247,3774856,4258103,7.811442181741429
1893228,483272,3775181,4258453,7.8117105894817
1893448,483430,3776214,4259644,7.811294292865565
1893456,483430,3776214,4259644,7.811294292865565
1894920,483434,3778296,4261730,7.815536350360132
1894977,483459,3778369,4261828,7.81528319878211
1895029,483463,3778549,4262012,7.815590851833543
1895076,483463,3778621,4262084,7.81573977739765
1895144,483485,3778711,4262196,7.81557028656525
1895195,483493,3778738,4262231,7.81549681174288
1895208,483498,3778768,4262266,7.815478037137693
1895222,483498,3778775,4262273,7.815492514963868
1895245,483519,3778816,4262335,7.815237870693809
1895265,483522,3778833,4262355,7.815224539938203
1895344,483541,3778962,4262503,7.81518423463574
1895422,483569,3779071,4262640,7.814957120907255
1895430,483572,3779094,4262666,7.81495620093802
1895476,483592,3779185,4262777,7.8148211715661136
1895507,483592,3779215,4262807,7.814883207331801
1895562,483623,3779345,4262968,7.814651081524245
1895606,483652,3779427,4263079,7.814352054783191
1895634,483652,3779466,4263118,7.8144326912738915
1895785,483657,3779604,4263261,7.814637232584249
1895817,483665,3779671,4263336,7.814646501194008
1895837,483673,3779684,4263357,7.814544123819192
1895923,483719,3779801,4263520,7.814042863728735
1895938,483727,3779824,4263551,7.813961180583263
1895965,483738,3779854,4263592,7.813845511413203
1896050,483738,3780051,4263789,7.814252756657529
1896091,483738,3780104,4263842,7.814362320098897
1896262,483845,3780384,4264229,7.813212909092788
1896327,483857,3780429,4264286,7.813112138503731
1896421,483892,3780574,4264466,7.812846668264819
1896600,483994,3781066,4265060,7.812216680372071
1896620,484009,3781095,4265104,7.81203448696202
1896647,484018,3781117,4265135,7.811934680115202
1896664,484018,3781135,4265153,7.811971868814796
1896719,484038,3781255,4265293,7.811896999822328
1896763,484072,3781315,4265387,7.81147226032491
1896804,484093,3781390,4265483,7.811288326829762
1896843,484097,3781416,4265513,7.811277491907614
1896883,484104,3781461,4265565,7.811257498388776
1896901,484109,3781568,4265677,7.811397846352784
1896904,484109,3781577,4265686,7.811416437207323
1896951,484138,3781635,4265773,7.811068331756648
1896982,484149,3781674,4265823,7.810971415824468
1897004,484154,3781709,4265863,7.810963040685402
1897047,484173,3781825,4265998,7.8108961053177275
1897060,484178,3781847,4266025,7.810860881741839
1897116,484186,3781909,4266095,7.810859876163293
1897661,484244,3782114,4266358,7.8103476759650095
1897684,484244,3782153,4266397,7.81042821387565
1897691,484248,3782161,4266409,7.810380218400489
1897726,484277,3782243,4266520,7.8100818333309245
1897734,484277,3782272,4266549,7.810141716414366
1897845,484277,3782450,4266727,7.810509274650665
1898030,484277,3782772,4267049,7.8111741833702615
1898333,484368,3783218,4267586,7.810627456809699
1898513,484440,3783522,4267962,7.8100941293039385
1898649,484577,3783928,4268505,7.8087238973372655
1898741,484621,3784004,4268625,7.808171746581349
1898800,484626,3784026,4268652,7.808136583674834
1898805,484627,3784034,4268661,7.808136979573981
1898895,484634,3784293,4268927,7.808558623621124
1899036,484681,3784415,4269096,7.808053131853734
1899083,484689,3784441,4269130,7.807977899230228
1899120,484702,3784467,4269169,7.8078221257597455
1899128,484705,3784476,4269181,7.807792368554069
1899144,484720,3784506,4269226,7.807612642350223
1899176,484743,3784563,4269306,7.807359776211312
1899182,484746,3784565,4269311,7.8073155838315325
1899271,484785,3784673,4269458,7.806910279814764
1899293,484785,3784697,4269482,7.806959786297019
1899307,484789,3784730,4269519,7.8069634418272695
1899337,484817,3784790,4269607,7.806636318445929
1899545,484843,3785251,4270094,7.807168506093725
1899550,484846,3785254,4270100,7.8071263865227305
1899575,484854,3785298,4270152,7.807088319370367
1899728,484969,3785678,4270647,7.806020591006848
1899768,484976,3785722,4270698,7.805998647355746
1899792,484994,3785770,4270764,7.805807906901941
1899793,484994,3785772,4270766,7.805812030664297
1899837,485004,3785841,4270845,7.805793354281614
1899873,485023,3785899,4270922,7.805607156774009
1899879,485024,3785903,4270927,7.805599310549581
1899901,485029,3785945,4270974,7.8056054380253554
1900148,485160,3786483,4271643,7.804606727677467
1900204,485172,3786635,4271807,7.804726983420313
1900232,485183,3786667,4271850,7.804615990255224
1900308,485216,3786894,4272110,7.804553023807953
1900759,485254,3787797,4273051,7.805802734238152
1900764,485257,3787802,4273059,7.8057647803122885
1901044,485350,3788145,4273495,7.804975790666529
1901103,485375,3788236,4273611,7.804761267061551
1901232,485375,3788619,4273994,7.805550347669328
1901243,485375,3788641,4274016,7.805595673448365
1901271,485392,3788685,4274077,7.805412944589116
1901293,485396,3788698,4274094,7.805375404824102
1901688,485583,3789254,4274837,7.803514538194294
1901842,485607,3789603,4275210,7.803847555739518
1901854,485607,3789632,4275239,7.80390727481276
1901867,485611,3789641,4275252,7.803861527024718
1901870,485611,3789650,4275261,7.803880060377545
1901891,485635,3789699,4275334,7.803595292761024
1901921,485651,3789735,4275386,7.803412326959071
1901928,485651,3789749,4275400,7.803441154244509
1901934,485651,3789763,4275414,7.803469981529946
1901969,485660,3789790,4275450,7.8033809661079765
1901996,485671,3789814,4275485,7.803253642898176
1904074,485830,3796281,4282111,7.81401107383241
1904098,485844,3796317,4282161,7.813860004445871
1904168,485844,3796587,4282431,7.8144157383851605
1904255,485844,3796699,4282543,7.814646265056274
1904293,485857,3796756,4282613,7.814554488254775
1904332,485857,3796805,4282662,7.814655340974814
1909476,485944,3826388,4312332,7.874133645029056
1909486,485944,3826403,4312347,7.874164512783366
1909506,485953,3826430,4312383,7.874074241747659
1909636,485953,3826816,4312769,7.874868557247305
1909675,485965,3826846,4312811,7.874735834885229
1909681,485966,3826856,4312822,7.874740208162711
1909696,485966,3826880,4312846,7.87478959433376
1909718,485966,3826895,4312861,7.874820460690666
1909827,486048,3827164,4313212,7.874045361774969
1909845,486048,3827195,4313243,7.874109141483968
1909882,486053,3827209,4313262,7.874056944407297
1909894,486053,3827234,4313287,7.874108379127379
1912726,486058,3831484,4317542,7.882771191915368
1912766,486088,3831577,4317665,7.882476012573855
1913234,486243,3831996,4318239,7.880825019588971
1913359,486296,3832223,4318519,7.880432905061937
1913366,486296,3832274,4318570,7.880537779459424
1913390,486307,3832310,4318617,7.880433553290411
1913991,486752,3833447,4320199,7.875564969430018
1914041,486768,3833548,4320316,7.875513591690497
1914043,486770,3833561,4320331,7.875507940094911
1914067,486796,3833630,4320426,7.87522904871856
1914118,486852,3833719,4320571,7.874506010040012
1914311,486924,3834090,4321014,7.874103556201789
1914342,486924,3834170,4321094,7.874267852888747
1914396,486924,3834281,4321205,7.8744958145419
1914545,486983,3834538,4321521,7.87406952604095
1914582,486993,3834615,4321608,7.8740659516666565
1914974,486993,3835348,4322341,7.875571106771555
1914992,487000,3835426,4322426,7.875618069815195
1915024,487023,3835493,4322516,7.875383708777615
1915046,487037,3835540,4322577,7.8752538308177815
1915078,487047,3835564,4322611,7.875141413457017
1915122,487067,3835612,4322679,7.874916592583772
1915249,487067,3835882,4322949,7.875470931103934
1915257,487067,3835895,4322962,7.875497621477128
1915311,487067,3836071,4323138,7.875858968068048
1915355,487085,3836168,4323253,7.875767063243582
1915461,487132,3836299,4323431,7.875276105860424
1915502,487142,3836321,4323463,7.8751596043864005
1915595,487162,3836365,4323527,7.874926615786945
1915623,487168,3836388,4323556,7.874876839201261
1915713,487175,3836647,4323822,7.875295325088521
1915833,487258,3836975,4324233,7.874626994323336
1915892,487277,3837064,4324341,7.874502592980995
1915918,487277,3837090,4324367,7.8745559507220735
1916056,487313,3837257,4324570,7.874316917463725
1916064,487314,3837263,4324577,7.874313071243592
1916389,487314,3837869,4325183,7.875556622629352
1916934,487314,3839605,4326919,7.879119007457204
1917016,487351,3839682,4327033,7.878678816705003
1917049,487357,3839691,4327048,7.878600286853374
1917071,487360,3839739,4327099,7.878650279054498
1917091,487360,3839760,4327120,7.878693368351937
1917128,487373,3839808,4327181,7.87858170231014
1917135,487373,3839812,4327185,7.878589909576443
1917146,487378,3839831,4327209,7.878548067413794
1917288,487385,3840008,4327393,7.878798075443438
1917316,487392,3840036,4327428,7.8787423675398855
1917339,487403,3840092,4327495,7.878679450064936
1917398,487425,3840153,4327578,7.878448992152639
1917460,487445,3840245,4327690,7.878314476505041
1917800,487581,3840628,4328209,7.876902504404397
1917842,487581,3840729,4328310,7.877109649473626
1917876,487581,3840769,4328350,7.877191687124806
1918041,487590,3841708,4329298,7.8789720872044136
1918107,487590,3841805,4329395,7.879171024836441
1918117,487590,3841821,4329411,7.879203839291208
1918400,487704,3842094,4329798,7.877921854239457
1918526,487723,3842248,4329971,7.877930710669786
1918556,487731,3842304,4330035,7.877916310425214
1918561,487735,3842317,4330052,7.877878356074508
1918614,487749,3842387,4330136,7.877795751503335
1918622,487749,3842397,4330146,7.877816253851878
1918653,487760,3842433,4330193,7.877712399540758
1919382,487767,3843263,4331030,7.87930097772092
1919556,487812,3843465,4331277,7.8789882167720355
1919570,487825,3843502,4331327,7.878854097268488
1919636,487837,3843550,4331387,7.878758683740676
1919682,487857,3843753,4331610,7.878851794685738
1919789,487900,3843888,4331788,7.878434105349457
1928017,487906,3868567,4356473,7.928918685156567
1928032,487906,3868598,4356504,7.9289822219853825
1928069,487915,3868624,4356539,7.928889253251079
1928093,487915,3868679,4356594,7.929001977803511
1928147,487916,3868799,4356715,7.929231671025341
1928219,487996,3868954,4356950,7.928249411880425
1928318,487996,3869125,4357121,7.928599824588726
1928383,488016,3869192,4357208,7.928412183207108
1928489,488016,3869255,4357271,7.928541277335169
1928636,488156,3869525,4357681,7.926820524586403
1928639,488158,3869528,4357686,7.926794193683193
1928665,488158,3869568,4357726,7.926876134366332
1928696,488170,3869602,4357772,7.926750926931192
1928710,488182,3869628,4357810,7.926609338320544
1928729,488189,3869647,4357836,7.926534600328971
1929397,488649,3870802,4359451,7.921436450294587
1929402,488649,3870828,4359477,7.921489658220931
1929439,488670,3870896,4359566,7.921288395031412
1929461,488670,3870962,4359632,7.921423455501667
1929489,488682,3870991,4359673,7.921288281540961
1929710,488770,3871202,4359972,7.920293798719234
1929783,488770,3871280,4360050,7.920453382981771
1929812,488780,3871304,4360084,7.9203404394615164
1929833,488788,3871333,4360121,7.920270137564752
1929841,488793,3871337,4360130,7.920197302334526
1929908,488841,3871476,4360317,7.919703952819015
1930047,488927,3871664,4360591,7.918695428969969
1930101,488938,3871707,4360645,7.918605221929979
1930319,488954,3871834,4360788,7.918605840222188
1930334,488954,3871853,4360807,7.918644698683312
1930345,488959,3871869,4360828,7.918596446736843
1930390,488989,3871956,4360945,7.918288550458191
1930785,489040,3872385,4361425,7.918340013086864
1930844,489065,3872477,4361542,7.918123357835871
1930855,489068,3872489,4361557,7.9180993236114405
1930872,489082,3872508,4361590,7.917911515860326
1930918,489102,3872656,4361758,7.917890337802748
1932784,489214,3876548,4365762,7.924033245164693
1932804,489214,3876575,4365789,7.92408843573569
1932811,489218,3876579,4365797,7.924031822214228
1932826,489218,3876605,4365823,7.92408496825546
1933252,489218,3877418,4366636,7.925746804083251
1933433,489227,3878469,4367696,7.927749286118714
1933465,489227,3878500,4367727,7.9278126513867795
1933470,489229,3878508,4367737,7.927796594232967
1933490,489231,3878515,4367746,7.927778493186246
1933504,489231,3878542,4367773,7.927833681839458
1933554,489257,3878614,4367871,7.927559544370341
1933656,489303,3878788,4368091,7.927169872246849
1933674,489303,3878798,4368101,7.927190309481038
1933743,489354,3878958,4368312,7.9266911070513375
1933760,489358,3878978,4368336,7.926667184351743
1934656,489548,3880501,4370049,7.926701773881213
1934752,489564,3880604,4370168,7.926653103577878
1934768,489575,3880641,4370216,7.926550579584333
1934773,489577,3880649,4370226,7.926534538999994
1935131,489609,3881068,4370677,7.926872259292619
1935259,489609,3881448,4371057,7.927648388816382
1935396,489622,3881797,4371419,7.928150695842915
1936074,489692,3883230,4372922,7.929943719725869
1938366,490179,3884794,4374973,7.925255875914717
1938400,490186,3884833,4375019,7.925222262569719
1938431,490197,3884887,4375084,7.925154580709388
1938485,490216,3884974,4375190,7.925024886988592
1940354,490216,3888981,4379197,7.933198834799354
1940357,490216,3888990,4379206,7.933217194053234
1940378,490230,3889021,4379251,7.933053872672011
1940416,490237,3889214,4379451,7.933334285253867
1940430,490245,3889235,4379480,7.933247661883344
1940452,490247,3889242,4379489,7.933229576111634
1940511,490249,3889326,4379575,7.93336855353096
1940536,490258,3889361,4379619,7.933294306263233
1940567,490263,3889397,4379660,7.933286827682285
1940591,490263,3889448,4379711,7.933390853480683
1940607,490270,3889475,4379745,7.933332653435862
1940678,490280,3889624,4379904,7.93347474912295
1940696,490283,3889649,4379932,7.933477195823636
1940710,490288,3889676,4379964,7.933451359201123
1940731,490288,3889724,4380012,7.933549260842606
1940742,490288,3889750,4380038,7.933602290898411
1940902,490305,3889798,4380103,7.933425112939905
1940966,490320,3889957,4380277,7.933506689508892
1940979,490320,3889983,4380303,7.933559716103769
1941036,490342,3890099,4380441,7.9334403334815295
1941071,490346,3890121,4380467,7.933420482679577
1941149,490380,3890220,4380600,7.933072311268812
1941168,490392,3890245,4380637,7.9329291668705855
1941284,490392,3890439,4380831,7.933324768756424
1941461,490473,3890919,4381392,7.932993253451261
1941478,490476,3890956,4381432,7.933020168163172
1941566,490476,3891296,4381772,7.933713372315872
1941593,490487,3891315,4381802,7.933574182394232
1941619,490497,3891349,4381846,7.933481754220719
1941650,490503,3891394,4381897,7.933476451724046
1941735,490508,3891527,4382035,7.933666729186884
1941740,490508,3891550,4382058,7.933713619349735
1941764,490516,3891587,4382103,7.933659656361872
1941930,490552,3891689,4382241,7.933285360165691
1941973,490586,3891742,4382328,7.932843578903597
1941986,490588,3891760,4382348,7.932847929423468
1942006,490588,3891797,4382385,7.932923349123908
1942046,490612,3891887,4382499,7.932718726814672
1942356,490658,3892525,4383183,7.933275316004223
1942466,490658,3892723,4383381,7.933678855740658
1942475,490660,3892739,4383399,7.9336791260750825
1942492,490669,3892797,4383466,7.9336518100797075
1944341,490670,3896823,4387493,7.9418407483644815
1944483,490670,3897007,4387677,7.942215745816944
1944984,490942,3898072,4389014,7.939984763984341
1945123,491001,3898269,4389270,7.939431895250722
1945164,491014,3898358,4389372,7.939402949814058
1945196,491022,3898405,4389427,7.939369315427822
1945230,491031,3898447,4389478,7.93930933077545
1945286,491035,3898548,4389583,7.939450344680115
1945397,491070,3898828,4389898,7.939454660231739
1945725,491070,3899706,4390776,7.941242592705724
1946162,491400,3900845,4392245,7.938227513227513
1946180,491407,3900887,4392294,7.9381999035422774
1946341,491496,3901084,4392580,7.93716327294627
1946610,491496,3901600,4393096,7.938213128896268
1946642,491512,3901626,4393138,7.93800761731148
1946713,491512,3901753,4393265,7.938266003678446
1946759,491515,3901854,4393369,7.938423038971344
1946770,491527,3901869,4393396,7.938259749718734
1946782,491533,3901906,4393439,7.938238124398565
1946830,491575,3901972,4393547,7.937694146366272
1947311,491690,3902496,4394186,7.936903333401126
1947324,491690,3902515,4394205,7.9369419756350545
1947338,491696,3902541,4394237,7.936898002017506
1948623,491696,3902541,4394237,7.936898002017506
1948637,491700,3902574,4394274,7.936900549115315
1948658,491715,3902608,4394323,7.936727575933213
1948756,491715,3902898,4394613,7.937317348464049
1948764,491716,3902906,4394622,7.937317475941397
1948823,491740,3903002,4394742,7.9371253101232355
1949154,491787,3903187,4394974,7.936742939524631
1949200,491801,3903233,4395034,7.936610539628834
1949626,491982,3903682,4395664,7.93460329849466
1949631,491982,3903682,4395664,7.93460329849466
1949640,491982,3903690,4395672,7.934619559252168
1949672,491998,3903729,4395727,7.934440790409717
1949707,492031,3903807,4395838,7.9340671624348875
1949727,492056,3903835,4395891,7.933720958590079
1950290,492056,3905289,4397345,7.936675906807356
1950319,492063,3905328,4397391,7.9366422592229044
1950663,492312,3906091,4398403,7.9341779196932025
1950675,492318,3906099,4398417,7.9340974735841465
1950695,492325,3906108,4398433,7.934002945208958
1950937,492424,3906428,4398852,7.933057690120709
1951130,492424,3906680,4399104,7.933569444218803
1951149,492435,3906735,4399170,7.9335039142221815
1951178,492447,3906753,4399200,7.933347141925933
1951214,492472,3906797,4399269,7.933033756233857
1951332,492503,3906890,4399393,7.932723252447193
1951770,492573,3907257,4399830,7.932340993111681
1951839,492605,3907386,4399991,7.932087575237767
1951938,492710,3907556,4400266,7.930742221590794
1952066,492805,3907769,4400574,7.929645600186687
1952091,492814,3907805,4400619,7.929573835158903
1952104,492814,3907832,4400646,7.929628622563483
1952231,492856,3908084,4400940,7.929464184264775
1952288,492856,3908275,4401131,7.929851721395296
1952297,492859,3908287,4401146,7.929827800648867
1952322,492864,3908317,4401181,7.929808222958058
1952337,492871,3908347,4401218,7.929756467716705
1952364,492876,3908397,4401273,7.92977746938378
1952469,492876,3908653,4401529,7.930296869800924
1952495,492882,3908690,4401572,7.930275400602984
1952517,492889,3908753,4401642,7.930290592810957
1952547,492903,3908797,4401700,7.930154614599627
1953644,492903,3908797,4401700,7.930154614599627
1953679,492910,3908939,4401849,7.930330080542086
1953724,492933,3909001,4401934,7.930085833165967
1953745,492933,3909031,4401964,7.930146693364007
1953856,492933,3909288,4402221,7.930668062393875
1953892,492946,3909325,4402271,7.930533973295249
1953936,492946,3909443,4402389,7.9307733504278355
1953956,492956,3909480,4402436,7.930687525864378
1954024,492956,3909600,4402556,7.930930955298241
1954617,492956,3910898,4403854,7.933564050341207
1954733,492956,3910898,4403854,7.933564050341207
1954853,492980,3911048,4404028,7.933482088522861
1954887,492980,3911066,4404046,7.933518601160291
1954971,493040,3911286,4404326,7.932999350965439
1955035,493070,3911401,4404471,7.932749913805342
1955089,493091,3911501,4404592,7.932614872305518
1955369,493091,3911964,4405055,7.933553847058657
1955464,493091,3912067,4405158,7.933762733450823
1955483,493091,3912077,4405168,7.9337830136830725
1955525,493094,3912113,4405207,7.933807752680017
1955593,493094,3912205,4405299,7.933994329681561
1955678,493118,3912278,4405396,7.933756220620622
1955713,493128,3912310,4405438,7.933660226148181
1955784,493128,3912420,4405548,7.933883291964763
1955900,493133,3912448,4405581,7.933859628132775
1955913,493133,3912452,4405585,7.9338677395347705
1955927,493145,3912474,4405619,7.933719291486277
1955991,493173,3912665,4405838,7.933656140948511
1956007,493173,3912691,4405864,7.933708860785161
1956038,493197,3912786,4405983,7.93351541067768
1956085,493209,3913124,4406333,7.934007692479253
1956398,493359,3913732,4407091,7.932827819093196
1956476,493382,3913871,4407253,7.932739743241545
1956507,493388,3913967,4407355,7.932837847697958
1956530,493388,3913995,4407383,7.932894598166149
1956574,493397,3914043,4407440,7.932847179857194
1956704,493397,3914429,4407826,7.933629511326579
1956737,493397,3914460,4407857,7.933692341055985
1956738,493397,3914468,4407865,7.933708555179703
1956836,493419,3914802,4408221,7.9340317255719786
1956859,493421,3914813,4408234,7.934021859628999
1956891,493425,3914866,4408291,7.934064954147034
1956905,493431,3914885,4408316,7.934006983752541
1956947,493458,3914942,4408400,7.933688378747533
1956992,493474,3914986,4408460,7.933520307047585
1957121,493474,3915369,4408843,7.9342964370969895
1957129,493474,3915388,4408862,7.934334939632078
1957138,493474,3915408,4408882,7.934375468616381
1957172,493481,3915463,4408944,7.934374373076167
1957356,493552,3915945,4409497,7.934209566570493
1957406,493563,3916061,4409624,7.934267763183221
1957451,493591,3916177,4409768,7.934052687346406
1957604,493615,3916318,4409933,7.933952574374766
1958298,493878,3917439,4411317,7.9319973758701545
1958708,493878,3918097,4411975,7.933329688708548
1958725,493886,3918127,4412013,7.933261926841417
1958764,493898,3918149,4412047,7.933113719836889
1958810,493903,3918157,4412060,7.93304960690662
1958880,493915,3918277,4412192,7.933099824868651
1958899,493920,3918315,4412235,7.933096452866861
1958949,493935,3918379,4412314,7.93298510937674
1959237,494055,3918864,4412919,7.932039955065732
1959264,494074,3918895,4412969,7.931797665936681
1959345,494125,3919141,4413266,7.93147685302302
1959381,494125,3919183,4413308,7.9315618517581585
1959507,494152,3919321,4413473,7.931407744985349
1959562,494152,3919417,4413569,7.93160201719309
1959647,494169,3919491,4413660,7.9314789070135925
1959724,494175,3919713,4413888,7.931831840947033
1959756,494184,3919767,4413951,7.931796658734399
1960038,494240,3920121,4414361,7.931614195532535
1960218,494289,3920250,4414539,7.931088897385942
1960274,494304,3920379,4414683,7.9311091959603806
1960484,494320,3920561,4414881,7.931220666774559
1960603,494320,3920788,4415108,7.93167988347629
1960803,494473,3921095,4415568,7.9298465234704425
1960890,494522,3921312,4415834,7.929499597591209
1960933,494558,3921417,4415975,7.929134702097631
1961008,494620,3921590,4416210,7.928490558408475
1961053,494622,3921609,4416231,7.928496912794013
1961080,494642,3921651,4416293,7.928261247528516
1961277,494651,3922817,4417468,7.930474213132087
1961437,494712,3923133,4417845,7.930135108911852
1962480,494712,3925140,4419852,7.934192014747975
1962486,494714,3925144,4419858,7.934168024353465
1962492,494714,3925155,4419869,7.934190259422616
1962518,494716,3925193,4419909,7.934234995431723
1962540,494723,3925231,4419954,7.934199541965908
1962553,494729,3925253,4419982,7.934147785959586
1965958,494952,3930799,4425751,7.941778192632821
1965989,494955,3930820,4425775,7.941772484367266
1966021,494982,3930889,4425871,7.94147868003281
1966084,495015,3930970,4425985,7.941112895568821
1966092,495020,3930979,4425999,7.9410508666316515
1966114,495024,3931025,4426049,7.94107962442225
1966143,495034,3931106,4426140,7.941082834714384
1966157,495040,3931162,4426202,7.941099709114415
1966171,495051,3931194,4426245,7.940987898216547
1966181,495051,3931204,4426255,7.941008098155543
1966189,495051,3931224,4426275,7.941048498033536
1966243,495051,3931343,4426394,7.94128887730759
1966302,495070,3931423,4426493,7.941145696568162
1966372,495108,3931552,4426660,7.940796755455375
1966381,495111,3931559,4426670,7.940762778447661
1966454,495149,3931669,4426818,7.940375523327321
1966464,495160,3931681,4426841,7.940223362145569
1966612,495187,3932089,4427276,7.9406143537693845
1966734,495258,3932250,4427508,7.939801073379935
1966770,495258,3932275,4427533,7.939851552120309
1966889,495258,3932545,4427803,7.940396722516345
1966958,495278,3932639,4427917,7.940265870884635
1966999,495292,3932696,4427988,7.940156513733313
1967012,495292,3932726,4428018,7.940217084063542
1968249,495928,3934887,4430815,7.934391685889887
1968320,495975,3935103,4431078,7.934075306215031
1968359,495999,3935156,4431155,7.933798253625511
1968421,496022,3935271,4431293,7.9336622165952315
1968481,496036,3935370,4431406,7.933637881121531
1968497,496041,3935386,4431427,7.933590166941846
1968620,496041,3935685,4431726,7.934192939696517
1968671,496094,3935821,4431915,7.933619435026427
1968752,496128,3935989,4432117,7.933414360810113
1968833,496136,3936038,4432174,7.93338520083203
1968843,496140,3936057,4432197,7.933359535614947
1968846,496140,3936066,4432206,7.9333776756560646
1968859,496140,3936080,4432220,7.933405893497803
1968867,496140,3936080,4432220,7.933405893497803
1968890,496150,3936102,4432252,7.9332903355839965
1968915,496157,3936143,4432300,7.93326104438716
1969002,496171,3936232,4432403,7.9332165725123
1969432,496372,3936943,4433315,7.931436503267711
1969551,496447,3937171,4433618,7.93069753669576
1969556,496449,3937178,4433627,7.9306796871380545
1969812,496507,3937438,4433945,7.930276914524871
1969852,496524,3937496,4434020,7.930122209601147
1969920,496524,3937608,4434132,7.930347777750924
1969921,496524,3937610,4434134,7.930351805753599
1969955,496533,3937633,4434166,7.930254383897949
1969961,496538,3937640,4434178,7.930188626046748
1970129,496627,3937954,4434581,7.929399730582509
1970206,496627,3938110,4434737,7.929713849629601
1970237,496627,3938190,4434817,7.9298749363204175
1970300,496627,3938317,4434944,7.930130661442088
1970628,496627,3938950,4435577,7.931405259883172
1970674,496627,3938989,4435616,7.931483789644945
1970695,496630,3939007,4435637,7.931472122102974
1970797,496630,3939337,4435967,7.932136600688642
1970854,496638,3939387,4436025,7.93210950430696
1971102,496735,3940197,4436932,7.932191208592107
1971177,496780,3940405,4437185,7.931891380490358
1971190,496780,3940436,4437216,7.931953782358388
1971255,496780,3940579,4437359,7.9322416361367205
1971262,496780,3940630,4437410,7.932344297274447
1971277,496780,3940656,4437436,7.932396634325054
1971562,496914,3941028,4437942,7.931006170081744
1971585,496914,3941073,4437987,7.9310967290114585
1971623,496932,3941142,4438074,7.930948298761199
1971690,496950,3941178,4438128,7.930733474192575
1971774,496968,3941240,4438208,7.930570982437501
1971842,496968,3941332,4438300,7.930756105020847
1971866,496968,3941394,4438362,7.930880861544405
1971877,496968,3941416,4438384,7.930925129988249
1971882,496970,3941419,4438389,7.930899249451677
1971883,496970,3941425,4438395,7.930911322615048
1971959,497002,3941477,4438479,7.930505309837788
1971985,497008,3941514,4438522,7.930484016353861
1972002,497016,3941549,4438565,7.930426787065205
1972036,497022,3941614,4438636,7.930461830663432
1972057,497033,3941662,4438695,7.930382892081612
1972162,497102,3941766,4438868,7.929491331758874
1972182,497108,3941776,4438884,7.9294157406438845
1972236,497112,3941881,4438993,7.92956315679364
1972317,497112,3942072,4439184,7.92994737604403
1972342,497130,3942107,4439237,7.929730653953694
1972405,497157,3942216,4439373,7.92951924643523
1972432,497161,3942233,4439394,7.929489642188345
1972466,497197,3942296,4439493,7.929042210632807
1972548,497238,3942469,4439707,7.928736339539617
1974896,497596,3945222,4442818,7.928564538300147
1975059,497596,3945640,4443236,7.929404577207213
1975073,497596,3945666,4443262,7.929456828431097
1975129,497618,3945739,4443357,7.929252961106712
1975164,497618,3945773,4443391,7.929321286609407
1975316,497680,3946091,4443771,7.928972432084874
1975346,497680,3946152,4443832,7.929095000803729
1975774,497798,3946604,4444402,7.9281234556988975
1975822,497815,3946661,4444476,7.927967216737141
1975836,497836,3946696,4444532,7.927703099012526
1975907,497870,3946783,4444653,7.927336453291019
1975917,497870,3946799,4444669,7.927368590194227
1976309,497870,3947903,4445773,7.929586036515556
1976314,497870,3947908,4445778,7.929596079297808
1976367,497870,3948195,4446065,7.930172534999096
1976442,497870,3948301,4446171,7.930385441982847
1976445,497875,3948310,4446185,7.930323876475019
1976454,497877,3948335,4446212,7.930342233121835
1976637,497940,3948559,4446499,7.929788729565811
1976681,497947,3948601,4446548,7.929761601134257
1976773,497947,3948801,4446748,7.930163250305755
1976794,497953,3948854,4446807,7.930174132900093
1976857,497993,3948970,4446963,7.92977009717004
1977028,498002,3949965,4447967,7.931624772591275
1977040,498006,3949981,4447987,7.931593193656301
1977252,498068,3950422,4448490,7.931491282314864
1977285,498091,3950478,4448569,7.931237464639995
1977373,498146,3950642,4448788,7.930691002236292
1977383,498146,3950652,4448798,7.930711076672301
1977471,498212,3950757,4448969,7.929871219480863
1977498,498212,3950803,4449015,7.929963549653561
1977506,498212,3950803,4449015,7.929963549653561
1977674,498266,3951005,4449271,7.929509539081534
1977729,498289,3951112,4449401,7.929358263979338
1977764,498289,3951172,4449461,7.9294786760293725
1977785,498292,3951182,4449474,7.929451004631822
1977828,498315,3951309,4449624,7.92933987538003
1977942,498367,3951504,4449871,7.92890379981018
1977953,498367,3951521,4449888,7.928937911218038
1978071,498367,3951737,4450104,7.929371326753176
1978117,498367,3951769,4450136,7.929435536462085
1978133,498377,3951820,4450197,7.929378763466211
1978179,498401,3951909,4450310,7.929175503259423
1978207,498409,3951947,4450356,7.929124474076511
1978236,498418,3951993,4450411,7.929073588835074
1978311,498469,3952073,4450542,7.9284228307076265
1978354,498469,3952214,4450683,7.9287056968437355
1978369,498476,3952244,4450720,7.928654539034978
1978721,498488,3953095,4451583,7.930170836609908
1978811,498495,3953354,4451849,7.930579042919187
1978833,498495,3953386,4451881,7.930643236140784
1978988,498580,3953757,4452337,7.930035300252718
1979020,498580,3953806,4452386,7.930133579365398
1979210,498670,3954224,4452894,7.929540577937313
1979213,498670,3954233,4452903,7.929558625945014
1980114,498949,3955613,4454562,7.927890425674768
1980282,498999,3955767,4454766,7.927404664137604
1980308,499005,3955801,4454806,7.9273774811875635
1980315,499005,3955801,4454806,7.9273774811875635
1980320,499007,3955809,4454816,7.927361740416467
1980396,499029,3955930,4454959,7.927254728683103
1980441,499056,3955999,4455055,7.9269641082363504
1980525,499056,3955999,4455055,7.9269641082363504
1980920,499056,3956657,4455713,7.928282597544164
1981138,499056,3957257,4456313,7.929484867429707
1981446,499056,3957979,4457035,7.9309315988586455
1981466,499057,3957994,4457051,7.9309457637103575
1981520,499077,3958043,4457120,7.930726120418292
1981525,499078,3958046,4457124,7.930716240747939
1981912,499303,3958698,4458001,7.928448256870077
1981970,499309,3958758,4458067,7.928473149893152
1982043,499353,3958913,4458266,7.928084941914838
1982066,499354,3958966,4458320,7.928175202361451
1982102,499356,3959009,4458365,7.928229559672858
1982121,499366,3959021,4458387,7.9280948242371325
1982142,499369,3959031,4458400,7.928067220832691
1982169,499381,3959048,4458429,7.927910753512849
1982291,499447,3959413,4458860,7.927593918874275
1982352,499463,3959515,4458978,7.927544182451953
1984074,499464,3976798,4476262,7.962131404866017
1984267,499464,3977242,4476706,7.963020357823587
1984969,499464,3977242,4476706,7.963020357823587
1984972,499464,3977247,4476711,7.963030368555091
1984982,499467,3977266,4476733,7.963020579938214
1984987,499467,3977271,4476738,7.9630305906095895
1985353,499658,3977917,4477575,7.961279515188389
1985403,499688,3978001,4477689,7.960969645058516
1985422,499696,3978034,4477730,7.960908232205181
1985446,499704,3978051,4477755,7.960814802362999
1985451,499706,3978058,4477764,7.96079694860578
1986417,499977,3980035,4480012,7.960436180064283
1986543,499977,3980372,4480349,7.961110211069709
1986654,499977,3980550,4480527,7.961466227446462
1986682,499980,3980579,4480559,7.961476459058362
1986697,500006,3980616,4480622,7.961136466362404
1986735,500009,3980664,4480673,7.9611846986754236
1986766,500032,3980701,4480733,7.960892502879815
1986818,500057,3980771,4480828,7.960634487668406
1986871,500087,3980867,4480954,7.960348899291524
1986912,500087,3980938,4481025,7.960490874587822
1986934,500087,3980983,4481070,7.9605808589305465
1986949,500087,3980990,4481077,7.96059485649497
1986956,500090,3980999,4481089,7.960565098282309
1986968,500090,3981031,4481121,7.960629086764382
1987112,500095,3981305,4481400,7.961097391495616
1987128,500095,3981331,4481426,7.961149381617493
1987410,500095,3981658,4481753,7.9618032573810975
1987457,500095,3981858,4481953,7.962203181395535
1987580,500163,3982089,4482252,7.961582524097144
1987635,500167,3982127,4482294,7.961594827327673
1987667,500174,3982208,4482382,7.961645347419098
1987676,500175,3982225,4482400,7.961663417803769
1987802,500229,3982371,4482600,7.961095818115303
1988143,500346,3982707,4483053,7.9599057452243045
1988529,500491,3983117,4483608,7.958418832706283
1988602,500491,3983346,4483837,7.95887638339151
1988644,500508,3983409,4483917,7.958731928360786
1988668,500510,3983457,4483967,7.958796028051387
1988678,500514,3983489,4484003,7.958796357344649
1988739,500520,3983637,4484157,7.95899664349077
1988751,500525,3983650,4484175,7.958943109734778
1988840,500585,3983836,4484421,7.9583607179599865
1988961,500596,3984076,4484672,7.958665270996971
1989723,500596,3985671,4486267,7.961851473044131
1989967,500735,3986026,4486761,7.960350285080931
1990097,500812,3986274,4487086,7.9596215745629095
1990106,500812,3986290,4487102,7.959653522679169
1990133,500826,3986319,4487145,7.9594889242970615
1990663,500833,3988128,4488961,7.962989659227727
1990739,500865,3988214,4489079,7.962652610983
1990811,500865,3988214,4489079,7.962652610983
1990888,500906,3988367,4489273,7.962306300982619
1990952,500966,3988465,4489431,7.9615482887062194
1990957,500968,3988473,4489441,7.961532473132016
1990978,500986,3988514,4489500,7.9613282606699585
1990997,500986,3988570,4489556,7.961440040240645
1991030,501018,3988626,4489644,7.961043315809013
1991042,501023,3988647,4489670,7.961005782169681
1991057,501030,3988668,4489698,7.960936470870008
1991150,501051,3988855,4489906,7.960976028388328
1991225,501051,3989022,4490073,7.961309327792979
1991508,501051,3989695,4490746,7.962652504435677
1991608,501093,3989791,4490884,7.962176681773643
1991662,501093,3989910,4491003,7.962414162640468
1991894,501156,3990635,4491791,7.962859867985218
1991945,501161,3990844,4492005,7.963197455508309
1992077,501217,3991127,4492344,7.962872368654694
1992123,501217,3991246,4492463,7.963109790769267
1992151,501256,3991312,4492568,7.962621893802767
1993270,501383,3993229,4494612,7.9644283910702995
1993818,501526,3993669,4495195,7.963034817736269
1993867,501535,3993741,4495276,7.963035481073105
1993901,501542,3993785,4495327,7.9630120707737335
1993929,501543,3993836,4495379,7.963097879942498
1993972,501567,3993971,4495538,7.962986001870139
1994253,501712,3994571,4496283,7.961880521095768
1994327,501758,3994731,4496489,7.961469473331766
1994417,501787,3994871,4496658,7.961288355417737
1994543,501787,3995158,4496945,7.961860311247601
1994556,501787,3995163,4496950,7.961870275634881
1994563,501789,3995163,4496952,7.961838541697805
1994635,501801,3995379,4497180,7.962078592908344
1995661,501814,3996667,4498481,7.964439015252664
1995662,501814,3996669,4498483,7.964443000793122
1995669,501816,3996675,4498491,7.964423214883543
1996347,501816,3998178,4499994,7.9674183366014635
1996469,501927,3998512,4500439,7.966321795798991
1996547,501940,3998616,4500556,7.966322668047974
1996638,501940,3998712,4500652,7.966513925967247
1996648,501947,3998741,4500688,7.966460602414199
1996691,501961,3998777,4500738,7.966310131663615
1996695,501961,3998787,4500748,7.966330053530055
1996741,501983,3998839,4500822,7.966084508837949
1996931,501983,3999409,4501392,7.967220005458352
1997198,501987,4011639,4513626,7.991519700709381
1997230,501999,4011699,4513698,7.991448190135837
1997288,502033,4011817,4513850,7.991142016560664
1997314,502039,4011832,4513871,7.991076390479624
1997376,502039,4011896,4513935,7.99120387061563
1997403,502046,4011945,4513991,7.991190050314114
1997534,502073,4012235,4514308,7.991337913012649
1997615,502073,4012290,4514363,7.991447458835667
1997688,502073,4012412,4514485,7.991690451388543
1997697,502073,4012438,4514511,7.991742236686697
1997718,502094,4012473,4514567,7.991477691428298
1997723,502096,4012485,4514581,7.991469758771231
1997743,502096,4012485,4514581,7.991469758771231
1997801,502133,4012571,4514704,7.991052171436651
1997804,502135,4012575,4514710,7.991028309120058
1997858,502146,4012696,4514842,7.9910942235923415
1997991,502204,4013100,4515304,7.9909757787671944
1998009,502213,4013131,4515344,7.990894301820144
1998024,502219,4013143,4515362,7.9908227287298965
1998047,502221,4013170,4515391,7.9908446679848115
1998083,502234,4013237,4515471,7.990771234125925
1998106,502234,4013278,4515512,7.990852869379612
1998219,502274,4013403,4515677,7.99046536352668
1998228,502278,4013413,4515691,7.990421639012658
1998242,502282,4013446,4515728,7.990423706204881
1998262,502282,4013483,4515765,7.990497370003305
1998274,502286,4013499,4515785,7.990465591316501
1998314,502286,4013499,4515785,7.990465591316501
1999791,502526,4016183,4518709,7.991990464174988
1999822,502543,4016234,4518777,7.991821595365969
1999853,502557,4016272,4518829,7.991674576217225
1999938,502557,4016560,4519117,7.992247645540705
2000013,502596,4016658,4519254,7.991822457799107
2000076,502601,4016791,4519392,7.992007576586596
2000130,502606,4016923,4519529,7.992190702060859
2000224,502681,4017050,4519731,7.991250912606604
2000289,502693,4017187,4519880,7.9913326821738115
2001347,503234,4019684,4522918,7.987703533545031
2001638,503255,4020210,4523465,7.988415415644156
2001723,503296,4020346,4523642,7.988034874109868
2001759,503318,4020392,4523710,7.987777111090802
2001803,503322,4020415,4523737,7.987759327031204
2001814,503322,4020427,4523749,7.987783168627638
2001885,503350,4020573,4523923,7.987628886460713
2001941,503350,4020688,4524038,7.987857355716698
2001970,503350,4020735,4524085,7.987950730108275
2002597,503512,4021699,4525211,7.987295238246556
2002823,503565,4022216,4525781,7.987481258625997
2002851,503572,4022252,4525824,7.987441716378195
2002860,503580,4022267,4525847,7.98734461257397
2002878,503580,4022294,4525874,7.987398228682633
2002905,503587,4022324,4525911,7.9873467742415905
2002954,503587,4022407,4525994,7.987511591840139
2003003,503587,4022516,4526103,7.98772803904787
2003133,503587,4022978,4526565,7.988645457487981
2003162,503599,4023013,4526612,7.988524599929706
2003184,503604,4023023,4526627,7.988465143247472
2003232,503614,4023116,4526730,7.98849118570969
2003266,503623,4023182,4526805,7.988479477704553
2003294,503630,4023210,4526840,7.988424041459008
2003386,503649,4023366,4527015,7.988432420197399
2003396,503649,4023366,4527015,7.988432420197399
2003436,503674,4023402,4527076,7.988107386920905
2003476,503674,4023466,4527140,7.98823445323761
2003502,503674,4023518,4527192,7.988337694619933
2003517,503674,4023530,4527204,7.9883615195543145
2003623,503723,4023684,4527407,7.987890169795701
2003654,503729,4023763,4527492,7.987951855064926
2003674,503735,4023782,4527517,7.987894428618222
2003696,503740,4023801,4527541,7.9878528606026915
2003997,503741,4023802,4527543,7.987838988686646
2004023,503741,4023866,4527607,7.987966038102914
2004822,503915,4026561,4530476,7.990555946935495
2004830,503915,4026577,4530492,7.9905876983221376
2004925,503926,4026670,4530596,7.990597825871259
2005107,504052,4027094,4531146,7.98944156555276
2005244,504078,4027291,4531369,7.989420288130011
2005300,504078,4027379,4531457,7.989594864286876
2005329,504080,4027394,4531474,7.989592921758451
2005363,504080,4027426,4531506,7.989656403745437
2005388,504102,4027476,4531578,7.989406905745266
2005425,504105,4027501,4531606,7.989408952499975
2005462,504110,4027564,4531674,7.98945468250977
2005484,504121,4027604,4531725,7.989359697374241
2005493,504121,4027608,4531729,7.9893676319772435
2005503,504121,4027634,4531755,7.989419206896757
2005596,504158,4027792,4531950,7.989146259704299
2005710,504161,4028088,4532249,7.989685834485412
2005738,504184,4028121,4532305,7.989386811164178
2005829,504251,4028393,4532644,7.988864672553946
2005942,504268,4028476,4532744,7.988759945108553
2006224,504411,4029034,4533445,7.987601380620169
2006383,504411,4029034,4533445,7.987601380620169
2006577,504490,4029411,4533901,7.987097861206367
2006599,504499,4029456,4533955,7.987044572932751
2006630,504527,4029510,4534037,7.986708342665507
2006658,504545,4029560,4534105,7.98652251038064
2006685,504564,4029593,4534157,7.986287170705798
2006706,504571,4029684,4534255,7.986356726803562
2006715,504576,4029698,4534274,7.986305333587012
2006720,504578,4029705,4534283,7.986287551181383
2006730,504578,4029731,4534309,7.986339079389113
2006742,504584,4029759,4534343,7.986299605219349
2006777,504595,4029857,4534452,7.986319721757052
2006814,504625,4029878,4534503,7.985886549417884
2006908,504647,4030053,4534700,7.985885183108192
2006927,504648,4030074,4534722,7.985910971607932
2006998,504648,4030201,4534849,7.986162632171335
2007089,504680,4030428,4535108,7.98610604739637
2007169,504687,4030567,4535254,7.986270698472518
2007200,504689,4030620,4535309,7.9863440653551
2007202,504689,4030622,4535311,7.986348028191619
2007283,504689,4030677,4535366,7.986457006195895
2007662,504696,4031106,4535802,7.987196252793761
2009437,505407,4033474,4538881,7.980645301707336
2010766,505407,4038504,4543911,7.990597676723907
2010862,505457,4038784,4544241,7.990361197886269
2010891,505466,4038828,4544294,7.990305975080421
2011019,505498,4039087,4544585,7.990312523491686
2011082,505520,4039160,4544680,7.990109194492799
2011161,505531,4039199,4544730,7.990012481924946
2011282,505531,4039343,4544874,7.990297330925304
2012359,505531,4041040,4546571,7.993654197269802
2012399,505547,4041081,4546628,7.993482307283003
2012469,505572,4041200,4546772,7.99332241500716
2012487,505572,4041230,4546802,7.993381753736362
2012559,505606,4041306,4546912,7.99299454515967
2013257,505606,4043202,4548808,7.9967445006586155
2013380,505606,4043539,4549145,7.997411027559008
2013574,505618,4044084,4549702,7.998299111186706
2013639,505618,4044205,4549823,7.998538422287181
2013668,505639,4044270,4549909,7.9983347803472435
2014094,505639,4045083,4550722,7.999942646829062
2014546,505954,4045798,4551752,7.99637516454065
2015301,505954,4047356,4553310,7.999454495863261
2015312,505965,4047371,4553336,7.999310228968407
2016094,506324,4048413,4554737,7.9956964315339585
2016784,506562,4049221,4555783,7.993534848646365
2017035,506562,4049780,4556342,7.99463836608352
2017075,506608,4049875,4556483,7.994099974733917
2017147,506681,4050079,4556760,7.9933508459958045
2017235,506687,4050303,4556990,7.9936982792137945
2017414,506773,4050578,4557351,7.992884388079081
2017512,506805,4050758,4557563,7.992734878306252
2017514,506805,4050760,4557565,7.9927388245972315
2017532,506805,4050780,4557585,7.992778287507029
2017574,506831,4050878,4557709,7.9925616231051375
2017608,506831,4050927,4557758,7.992658302274328
2017641,506849,4050975,4557824,7.992469157480827
2017666,506855,4051007,4557862,7.992437679415217
2017687,506864,4051024,4557888,7.992329303323968
2017806,506864,4051563,4558427,7.993392704946494
2017827,506866,4051591,4558457,7.993416405913989
2017956,506877,4051922,4558799,7.993895955034456
2017973,506877,4051956,4558833,7.99396303245166
2018219,506994,4052413,4559407,7.993019641258082
2018276,507011,4052509,4559520,7.992940981556613
2018329,507011,4052585,4559596,7.993090879685056
2018459,507011,4052971,4559982,7.993852204390043
2018766,507011,4053718,4560729,7.995325545205134
2018921,507011,4053944,4560955,7.995771294902872
2018926,507012,4053948,4560960,7.9957634138836955
2019036,507012,4054288,4561300,7.996434009451453
2019086,507038,4054404,4561442,7.996252746342483
2019149,507047,4054577,4561624,7.996452005435393
2019247,507048,4054866,4561914,7.9970062005963936
2019554,507107,4055209,4562316,7.996752164730521
2019723,507208,4055561,4562769,7.995853772022524
2019740,507210,4055589,4562799,7.995877447211214
2019768,507219,4055626,4562845,7.995808516636798
2019799,507231,4055642,4562873,7.99565089673147
2019809,507231,4055652,4562883,7.995670611614826
2019810,507231,4055654,4562885,7.995674554591497
2019903,507231,4055806,4563037,7.995974220818523
2020020,507261,4055907,4563168,7.995700438235938
2020514,507261,4056988,4564249,7.997831491086442
2020583,507266,4057080,4564346,7.997934022780948
2020591,507271,4057096,4564367,7.997886731155536
2020614,507275,4057141,4564416,7.997912374944557
2020625,507275,4057151,4564426,7.997932088117885
2020813,507394,4057435,4564829,7.996616041971328
2020988,507462,4057652,4565114,7.995972112197563
2021128,507494,4057854,4565348,7.995865960976879
2022479,507494,4060953,4568447,8.001972437112556
2022672,507494,4061205,4568699,8.002468994707327
2022694,507503,4061261,4568764,8.002437424015227
2022731,507510,4061338,4568848,8.002478768891253
2022805,507514,4061490,4569004,8.002715196034002
2023186,507700,4063206,4570906,8.003163285404767
2023315,507700,4063433,4571133,8.003610399842426
2023401,507700,4063592,4571292,8.0039235769155
2023576,507752,4063935,4571687,8.003779404118546
2023838,507917,4064577,4572494,8.002443312588474
2024198,508032,4065486,4573518,8.002421107331822
2024403,508162,4065910,4574072,8.001208276100929
2024405,508162,4065912,4574074,8.0012122118537
2024485,508176,4066065,4574241,8.001292859166902
2024529,508182,4066169,4574351,8.00140304064292
2024538,508186,4066175,4574361,8.001351867229715
2026101,508202,4068003,4576205,8.004696951212313
2026164,508202,4068051,4576253,8.004791401844148
2026184,508212,4068080,4576292,8.004690955742879
2026200,508226,4068120,4576346,8.004549157264682
2026246,508226,4068175,4576401,8.00465737683629
2026256,508231,4068189,4576420,8.004606173177157
2026282,508232,4068228,4576460,8.00466715987974
2026352,508271,4068317,4576588,8.004228059440731
2026427,508271,4068317,4576588,8.004228059440731
2026441,508271,4068343,4576614,8.004279213254346
2026453,508274,4068370,4576644,8.004285090325297
2026619,508308,4068865,4577173,8.004723514089882
2026649,508320,4068937,4577257,8.004676188227888
2026693,508331,4069018,4577349,8.004662316482765
2026998,508333,4069926,4578259,8.006417053388232
2027012,508338,4069966,4578304,8.006416990270253
2027069,508348,4070030,4578378,8.006385389536302
2027176,508367,4070181,4578548,8.006383183802253
2027321,508406,4071522,4579928,8.008406667112505
2027412,508431,4071710,4580141,8.008382651726587
2027413,508431,4071719,4580150,8.008400353243607
2027427,508443,4071740,4580183,8.008252645822639
2027711,508472,4072033,4580505,8.008372142418855
2027916,508549,4072249,4580798,8.007584323241222
2028112,508549,4072722,4581271,8.008514420439328
2028145,508562,4072746,4581308,8.00835689650426
2028252,508600,4072851,4581451,8.007965001966182
2028364,508671,4073161,4581832,8.007456686148807
2028671,508677,4073901,4582578,8.008816989956298
2028701,508690,4073928,4582618,8.008665395427471
2028710,508692,4073943,4582635,8.00866339553207
2028743,508700,4074008,4582708,8.008665225083547
2028796,508737,4074116,4582853,8.008295052256864
2028820,508749,4074151,4582900,8.008174954643646
2028971,508900,4074538,4583438,8.006559245431323
2028994,508911,4074568,4583479,8.00644513480746
2029038,508931,4074699,4583630,8.006387899341954
2029178,508991,4074821,4583812,8.005683794016004
2029248,509040,4075008,4584048,8.005280528052806
2029433,509048,4076074,4585122,8.007248825258129
2029462,509048,4076113,4585161,8.007325438858418
2029598,509112,4076417,4585529,8.006915963481513
2030317,509112,4077797,4586909,8.009626565470858
2037977,509127,4140667,4649794,8.132876472864334
2038318,509396,4141230,4650626,8.129686923336658
2038332,509399,4141241,4650640,8.129660639302394
2038386,509402,4141476,4650878,8.130074086870488
2038547,509402,4141813,4651215,8.130735646895772
2038676,509470,4142046,4651516,8.130107759043712
2038702,509486,4142100,4651586,8.129958428690877
2038722,509486,4142121,4651607,8.129999646702755
2038788,509486,4142233,4651719,8.130219476099441
2038857,509529,4142330,4651859,8.129723725244295
2039397,509536,4143664,4653200,8.132230107391823
2039441,509540,4143719,4653259,8.132274208109274
2039540,509595,4144020,4653615,8.131987166279105
2039996,509871,4145240,4655111,8.129977974821083
2040237,509871,4145725,4655596,8.130929195816197
2040533,509922,4146413,4656335,8.131465204482254
2040580,509946,4146490,4656436,8.131233503155237
2040598,509952,4146507,4656459,8.131171169051205
2040894,510083,4147205,4657288,8.130451318706955
2040962,510105,4147347,4657452,8.130379039609492
2041001,510121,4147453,4657574,8.130331823234096
2041030,510126,4147494,4657620,8.13033250608673
2041067,510139,4147595,4657734,8.130323304040664
2041123,510159,4147652,4657811,8.13011629707601
2041166,510167,4147719,4657886,8.130120137131566
2041178,510167,4147753,4657920,8.130186781975313
2041279,510203,4147918,4658121,8.129936515465413
2041295,510203,4147944,4658147,8.129987475573449
2041313,510203,4147987,4658190,8.130071755752121
2043136,510203,4151702,4661905,8.137353171188723
2043312,510203,4152423,4662626,8.138766334184629
2043335,510219,4152450,4662669,8.13856402838781
2043349,510219,4152485,4662704,8.138632626382005
2043654,510219,4153395,4663614,8.140416174231065
2043674,510219,4153438,4663657,8.14050045176679
2043691,510229,4153456,4663685,8.140376184027172
2043903,510300,4153762,4664062,8.13984322947286
2043910,510302,4153762,4664064,8.139811327410044
2043981,510347,4153873,4664220,8.139311096175739
2044064,510347,4154182,4664529,8.139916566571372
2044904,510647,4155368,4666015,8.137456990837114
2044922,510647,4155401,4666048,8.137521614735816
2044947,510663,4155442,4666105,8.137346939175151
2044984,510676,4155536,4666212,8.137323860921603
2045028,510690,4155595,4666285,8.137216315181421
2045061,510700,4155628,4666328,8.137121597806932
2045160,510737,4155780,4666517,8.136829718622305
2045181,510737,4155802,4666539,8.136872793629598
2045311,510813,4156311,4667124,8.136658620669403
2045347,510813,4156351,4667164,8.13673692721211
2045384,510813,4156419,4667232,8.136870048334714
2045491,510813,4156635,4667448,8.137292903665333
2045588,510813,4156815,4667628,8.137645283107517
2045627,510822,4156907,4667729,8.137682010563367
2045655,510833,4156922,4667755,8.137536141948543
2045668,510838,4156942,4667780,8.13749564441173
2045737,510868,4157015,4667883,8.137160675556112
2045746,510876,4157050,4667926,8.137101762462907
2045840,510883,4157170,4668053,8.13722515722778
2046008,510925,4157456,4668381,8.137116015070704
2046108,510925,4157696,4668621,8.137585751333367
2046193,510943,4157770,4668713,8.137443902744533
2046296,511031,4158003,4669034,8.136498568579988
2046385,511060,4158097,4669157,8.136220795992642
2046416,511067,4158126,4669193,8.136166099552504
2046472,511088,4158248,4669336,8.136070500579157
2046785,511212,4158688,4669900,8.134957708348004
2046841,511212,4158772,4669984,8.135122023739662
2046912,511212,4158899,4670111,8.135370452962762
2046975,511212,4159081,4670293,8.135726469644688
2047033,511226,4159184,4670410,8.13570514801673
2047064,511237,4159213,4670450,8.135586821767594
2047108,511260,4159327,4670587,8.135443805500136
2047216,511281,4159426,4670707,8.13530328723344
2047241,511287,4159451,4670738,8.135256714917453
2047291,511287,4159521,4670808,8.135393624324498
2047558,511321,4160027,4671348,8.135842259559064
2047581,511324,4160066,4671390,8.1358707981632
2047723,511380,4160290,4671670,8.13541788884978
2047732,511383,4160325,4671708,8.135438604724834
2047867,511489,4160658,4672147,8.134403672415242
2048099,511498,4162057,4673555,8.136995648076825
2048126,511517,4162088,4673605,8.136754008175682
2048214,511517,4162428,4673945,8.137418697716791
2048215,511517,4162428,4673945,8.137418697716791
2048230,511523,4162465,4673988,8.137395581430356
2048340,511523,4162805,4674328,8.138060263174872
2048360,511523,4162826,4674349,8.138101317047328
2048390,511544,4162882,4674426,8.137876702688331
2048448,511544,4162951,4674495,8.13801158844596
2048478,511553,4162999,4674552,8.137962244381326
2048496,511562,4163015,4674577,8.137850348540352
2048569,511596,4163090,4674686,8.137456117717887
2048574,511597,4163095,4674692,8.137449985046825
2048704,511597,4163481,4675078,8.138204485170945
2048752,511605,4163543,4675148,8.138198414792662
2048757,511606,4163550,4675156,8.138196190036865
2048787,511606,4163597,4675203,8.13828805760683
2048871,511640,4163673,4675313,8.137895786099602
2049200,511640,4164017,4675657,8.138568133844108
2049250,511649,4164060,4675709,8.138509016923711
2049334,511649,4164246,4675895,8.138872547390887
2051121,511649,4164246,4675895,8.138872547390887
2051358,511706,4164880,4676586,8.139204934083244
2051544,511804,4165129,4676933,8.138132957147658
2051579,511804,4165278,4677082,8.138424084219741
2051652,511804,4165414,4677218,8.138689810943252
2053129,511804,4168338,4680142,8.144402935498746
2053173,511804,4168447,4680251,8.144615907652149
2053174,511804,4168451,4680255,8.144623723144017
2053805,511804,4169762,4681566,8.147185250603746
2053842,511811,4169817,4681628,8.147181283716058
2053949,511818,4169975,4681793,8.147378560347624
2054070,511818,4170119,4681937,8.14765991035876
2054161,511818,4170388,4682206,8.14818548781012
2054198,511818,4170423,4682241,8.148253871493383
2054225,511826,4170510,4682336,8.148296491385745
2054291,511908,4170686,4682594,8.147335068020034
2054328,511921,4170836,4682757,8.147421184128019
2054356,511933,4170865,4682798,8.147286851990398
2054378,511935,4170872,4682807,8.1472686962212
2054417,511943,4170889,4682832,8.147174587795908
2054430,511945,4170912,4682857,8.147187686177226
2054442,511945,4170933,4682878,8.147228706208674
2054493,511948,4171017,4682965,8.147345042855916
2054531,511961,4171075,4683036,8.147251450794103
2054675,512088,4171348,4683436,8.1457640093109
2054687,512096,4171366,4683462,8.145671905267763
2054697,512101,4171376,4683477,8.145611900777386
2054790,512125,4171464,4683589,8.145402001464486
2055011,512204,4171858,4684062,8.144914916712873
2055024,512210,4171887,4684097,8.144876125026844
2055026,512210,4171892,4684102,8.144885886648055
2055131,512238,4172190,4684428,8.145022430979349
2055165,512238,4172256,4684494,8.145151277335925
2055266,512256,4172310,4684566,8.144970483508246
2055297,512265,4172336,4684601,8.144878139244337
2055359,512289,4172461,4684750,8.144740566360003
2055384,512296,4172492,4684788,8.1446897887159
2055590,512320,4172824,4685144,8.14495627732667
2055643,512323,4172907,4685230,8.145070590233114
2055731,512323,4173137,4685460,8.145519525767924
2055793,512323,4173201,4685524,8.145644446960219
2055819,512331,4173243,4685574,8.145599231746663
2055845,512331,4173300,4685631,8.14571048794627
2055876,512331,4173354,4685685,8.145815888556422
2056114,512429,4173995,4686424,8.145508938799326
2056136,512429,4174055,4686484,8.145626028191222
2056331,512472,4174238,4686710,8.145299645639176
2056494,512520,4174344,4686864,8.14474361976118
2056759,512606,4174844,4687450,8.144352582685338
2056777,512606,4174854,4687460,8.1443720908456
2056867,512635,4174987,4687622,8.14417080378827
2056881,512642,4175007,4687649,8.144098610726394
2056912,512651,4175048,4687699,8.144035610971207
2056939,512665,4175081,4687746,8.143877580876401
2056987,512669,4175261,4687930,8.144165143591675
2057006,512684,4175290,4687974,8.143983428388637
2057035,512695,4175317,4688012,8.143861360067877
2057137,512733,4175507,4688240,8.143628360179665
2057737,512872,4175951,4688823,8.142286964388775
2058031,512940,4176766,4689706,8.142796428432176
2058097,512948,4176778,4689726,8.142692826563316
2058269,512957,4177770,4690727,8.144483845624487
2058309,512978,4177844,4690822,8.14429468710159
2058593,512978,4178521,4691499,8.145614431807992
2058672,513024,4178678,4691702,8.145190088572853
2058762,513062,4178804,4691866,8.144832398423583
2059188,513062,4179617,4692679,8.146417002233648
2059251,513078,4179700,4692778,8.14632473035289
2059254,513078,4179709,4692787,8.146342271545457
2059257,513078,4179718,4692796,8.146359812738025
2059266,513078,4179738,4692816,8.146398793165952
2059367,513126,4179840,4692966,8.145835525777294
2059422,513139,4179861,4693000,8.145670081595824
2059452,513147,4179939,4693086,8.145695093218903
2059560,513147,4180496,4693643,8.146780552161466
2059644,513164,4180576,4693740,8.146666562736279
2059662,513164,4180609,4693773,8.1467308696635
2059675,513164,4180635,4693799,8.146781535727369
2060141,513170,4181486,4694656,8.148344603152951
2060291,513215,4181662,4694877,8.147973071714583
2060297,513219,4181665,4694884,8.14791541232885
2060405,513233,4181717,4694950,8.147794471516836
2060671,513233,4182435,4695668,8.149193446251507
2060742,513250,4182571,4695821,8.149188504627375
2060916,513320,4182732,4696052,8.148390867295255
2060993,513374,4182931,4696305,8.14792139843467
2061081,513419,4183055,4696474,8.147448769913073
2061172,513419,4183299,4696718,8.14792401527797
2061218,513419,4183401,4696820,8.148122683422311
2061226,513422,4183419,4696841,8.148110131626614
2061249,513438,4183477,4696915,8.147969180309989
2061270,513447,4183539,4696986,8.147947110412565
2061315,513451,4183639,4697090,8.148078395017246
2061445,513552,4184052,4697604,8.14728011963735
2062421,513552,4185622,4699174,8.150337258933856
2062470,513563,4185714,4699277,8.150341827584931
2062490,513569,4185728,4699297,8.150273867776287
2062539,513588,4185798,4699386,8.150108647398303
2062555,513588,4185824,4699412,8.150159271634072
2062583,513588,4185871,4699459,8.150250784675654
2062650,513588,4185931,4699519,8.15036760983512
2062667,513589,4185934,4699523,8.150357581646025
2062765,513589,4186224,4699813,8.150922235484016
2062775,513589,4186239,4699828,8.150951441717014
2062795,513595,4186290,4699885,8.150955519426786
2062820,513601,4186380,4699981,8.151035531472875
2063382,513610,4187263,4700873,8.152611903973833
2063405,513622,4187305,4700927,8.15250320274443
2063417,513625,4187323,4700948,8.15249063032368
2063457,513639,4187396,4701035,8.152410545149415
2063652,513639,4187648,4701287,8.15290116210023
2063721,513639,4187732,4701371,8.153064701083835
2063859,513749,4187943,4701692,8.15172973572698
2063902,513767,4188036,4701803,8.1516251530363
2063916,513776,4188115,4701891,8.151636121578276
2063986,513801,4188232,4702033,8.151467202282596
2064023,513818,4188284,4702102,8.151298708881354
2064101,513858,4188469,4702327,8.151024212914852
2064196,513858,4188641,4702499,8.151358935737111
2064256,513878,4188774,4702652,8.151300503232285
2064268,513884,4188787,4702671,8.151230627923812
2065222,514653,4192097,4706750,8.145482490143845
2065235,514660,4192140,4706800,8.145455252011036
2065270,514682,4192200,4706882,8.145223652663198
2065284,514682,4192225,4706907,8.145272226345588
2065286,514684,4192237,4706921,8.14526389007624
2065445,514697,4192536,4707233,8.145639084743063
2065469,514703,4192559,4707262,8.145588815297366
2065580,514703,4192774,4707477,8.146006531922293
2065794,514865,4193365,4708230,8.144591300632204
2065823,514873,4193412,4708285,8.144556036148721
2065833,514873,4193441,4708314,8.14461236071808
2065840,514876,4193452,4708328,8.14458626931533
2065864,514883,4193491,4708374,8.144551286408756
2065905,514895,4193588,4708483,8.14454985968013
2065934,514898,4193668,4708566,8.14465777688008
2065975,514927,4193712,4708639,8.144284529651776
2066069,514927,4193839,4708766,8.144531166553705
2066079,514953,4193878,4708831,8.144195683877946
2066161,514984,4193991,4708975,8.14392485980147
2066185,514984,4194046,4709030,8.144031659236015
2066298,515015,4194174,4709189,8.143789986699417
2066358,515015,4194284,4709299,8.144003572711474
2066646,515024,4196062,4711086,8.147313523253285
2066698,515038,4196133,4711171,8.147229913132623
2066714,515056,4196165,4711221,8.14700731570936
2067033,515275,4196730,4712005,8.144641211003833
2067082,515302,4196828,4712130,8.144404640385638
2067097,515315,4196857,4712172,8.144255455401066
2067263,515391,4197097,4712488,8.143520162362167
2068044,515391,4198240,4713631,8.14573789608278
2068125,515404,4198431,4713835,8.145903019767017
2068147,515408,4198473,4713881,8.145921289541489
2068441,515576,4198938,4714514,8.144168851924837
2068492,515576,4199062,4714638,8.144409359628842
2068522,515594,4199087,4714681,8.144173516371408
2068819,515821,4200027,4715848,8.142411805645757
2068858,515821,4200143,4715964,8.142636689859467
2068898,515845,4200186,4716031,8.142341207145558
2068951,515877,4200284,4716161,8.14202610312148
2068954,515881,4200296,4716177,8.141986233259221
2068978,515881,4200346,4716227,8.142083154836095
2069108,515881,4200732,4716613,8.142831389409572
2069121,515886,4200754,4716640,8.14279511364914
2069214,515886,4200906,4716792,8.143089752387155
2069244,515903,4200925,4716828,8.142858250485071
2069352,515903,4201482,4717385,8.143937910808814
2069358,515907,4201485,4717392,8.143880583128354
2069623,516026,4202014,4718040,8.143027676900001
2069705,516055,4202074,4718129,8.14268634157212
2069786,516055,4202276,4718331,8.143077772718025
2069797,516068,4202290,4718358,8.142899772898145
2069855,516091,4202365,4718456,8.142682201394715
2069870,516091,4202368,4718459,8.142688014323056
2069882,516100,4202386,4718486,8.142580895175353
2069893,516103,4202398,4718501,8.142556815209367
2069897,516103,4202403,4718506,8.142566503198005
2069927,516121,4202437,4718558,8.142348402797019
2069929,516121,4202442,4718563,8.142358090447782
2069936,516124,4202460,4718584,8.142345637869969
2069981,516149,4202526,4718675,8.142079128313723
2070054,516149,4202620,4718769,8.142261246268035
2070105,516160,4202691,4718851,8.142225278983261
2070129,516174,4202712,4718886,8.142045124318544
2070225,516174,4203068,4719242,8.14273481422931
2070255,516183,4203125,4719308,8.14270326608974
2070264,516187,4203134,4719321,8.14265760276799
2070276,516196,4203146,4719342,8.142538880580245
2070316,516218,4203222,4719440,8.142339089299481
2070337,516218,4203254,4719472,8.142401078614073
2070422,516238,4203378,4719616,8.142325826459889
2070442,516238,4203419,4719657,8.142405247192187
2070456,516238,4203469,4719707,8.14250210174377
2070473,516247,4203482,4719729,8.142385331052772
2070486,516253,4203493,4719746,8.142312005935075
2070686,516276,4203886,4720162,8.142710488188488
2070747,516292,4204022,4720314,8.14272156066722
2070801,516301,4204106,4720407,8.142742315044906
2070810,516304,4204120,4720424,8.142722117202268
2071107,516304,4204836,4721140,8.144108897083889
2071139,516326,4204873,4721199,8.143833547022618
2071154,516328,4204885,4721213,8.143825242868875
2071217,516342,4205000,4721342,8.143827153320862
2071573,516452,4205333,4721785,8.142737369590979
2071597,516454,4205430,4721884,8.142893655582105
2071643,516458,4205491,4721949,8.142948700571973
2071736,516497,4205559,4722056,8.142465493507222
2071752,516504,4205577,4722081,8.142389991171415
2071906,516534,4205810,4722344,8.142368169375104
2072009,516560,4205887,4722447,8.142107402818647
2072079,516614,4205992,4722606,8.141459581041165
2074130,517664,4212089,4729753,8.136723820856773
2074146,517669,4212119,4729788,8.136703182921906
2074287,517748,4212386,4730134,8.135977348053494
2074329,517748,4212386,4730134,8.135977348053494
2074347,517748,4212396,4730144,8.135996662469001
2075229,517748,4216171,4733919,8.143287854322953
2075243,517748,4216204,4733952,8.143351591894126
2075292,517755,4216288,4734043,8.143403733426041
2075321,517769,4216353,4734122,8.143309081849242
2075359,517784,4216425,4734209,8.143212227492546
2075369,517784,4216444,4734228,8.143248922330548
2075514,517784,4216725,4734509,8.143791619671523
2075551,517784,4216761,4734545,8.143861146733
2076297,517889,4217598,4735487,8.143826186692515
2076445,518002,4217854,4735856,8.142543851182042
2076951,518154,4218544,4736698,8.141486893857811
2077003,518186,4218689,4736875,8.141263947694457
2077018,518186,4218720,4736906,8.14132377177307
2077169,518195,4219014,4737209,8.141749727419215
2077222,518209,4219104,4737313,8.141703443977237
2077244,518213,4219162,4737375,8.141752522611359
2077249,518213,4219164,4737377,8.14175638202824
2077257,518217,4219177,4737394,8.141718623665376
2077291,518223,4219209,4737432,8.14168610810404
2077380,518223,4219351,4737574,8.141960121414913
2077417,518246,4219397,4737643,8.141687538350514
2077439,518262,4219441,4737703,8.141521083930522
2077559,518325,4219569,4737894,8.14077846910722
2077584,518351,4219623,4737974,8.140474311808022
2077643,518390,4219775,4738165,8.140155095584406
2077784,518424,4220135,4738559,8.140315648966869
2077796,518432,4220158,4738590,8.140234399111167
2077864,518456,4220289,4738745,8.14011025043591
2078384,518493,4221795,4740288,8.142433938355966
2078425,518501,4221883,4740384,8.14247802800766
2078434,518501,4221894,4740395,8.142499243010139
2078505,518501,4222021,4740522,8.142744179856933
2078515,518501,4222037,4740538,8.142775038042357
2078531,518501,4222063,4740564,8.142825182593668
2078583,518514,4222170,4740684,8.142827387495805
2078655,518560,4222297,4740857,8.142349969145325
2078676,518560,4222334,4740894,8.142421320580068
2078689,518560,4222348,4740908,8.142448318420241
2078702,518560,4222371,4740931,8.14249267201481
2078751,518592,4222437,4741029,8.142117502776749
2078761,518596,4222452,4741048,8.142083625789631
2079279,518608,4224222,4742830,8.14530820966896
2079283,518608,4224231,4742839,8.145325563816987
2079324,518622,4224278,4742900,8.14519630867954
2079346,518622,4224302,4742924,8.145242585158362
2079363,518628,4224344,4742972,8.145229335863085
2079380,518641,4224365,4743006,8.1450656619897
2079390,518641,4224397,4743038,8.14512736170106
2079438,518669,4224491,4743160,8.144868885551286
2079858,518793,4224864,4743657,8.143641105411985
2079867,518799,4224897,4743696,8.143610531246205
2079896,518803,4224953,4743756,8.143655684334902
2079906,518803,4224963,4743766,8.14367495947402
2079915,518805,4224977,4743782,8.143670550592226
2079957,518831,4225067,4743898,8.143435916512313
2080150,518902,4225388,4744290,8.14294028544889
2080198,518914,4225532,4744446,8.143029480800287
2080272,518956,4225661,4744617,8.142619027431998
2080306,518956,4225679,4744635,8.142653712453464
2080737,518956,4227149,4746105,8.145486322539869
2080749,518960,4227189,4746149,8.14550061661785
2080774,518968,4227205,4746173,8.145405882443619
2080798,518985,4227241,4746226,8.1452084356966
2081040,518985,4227825,4746810,8.146333709066736
2081083,518996,4227866,4746862,8.146240048092857
2081176,518996,4228139,4747135,8.14676606370762
2081268,519003,4228317,4747320,8.14699915029393
2081289,519010,4228346,4747356,8.146945145565596
2081303,519020,4228370,4747390,8.146834418712189
2081323,519027,4228394,4747421,8.146770784564195
2081339,519027,4228420,4747447,8.146820878297275
2081508,519095,4228543,4747638,8.145990618287597
2081650,519171,4228805,4747976,8.145302800040835
2081656,519171,4228816,4747987,8.14532398766495
2081761,519179,4228973,4748152,8.145500877346734
2081772,519186,4228979,4748165,8.145402611010311
2081792,519186,4229009,4748195,8.145460393770248
2081824,519186,4229073,4748259,8.145583663658112
2081932,519224,4229200,4748424,8.145232115618693
2082129,519304,4229579,4748883,8.144707146488377
2082138,519308,4229600,4748908,8.144684849838631
2082361,519308,4230078,4749386,8.145605305521963
2082388,519328,4230132,4749460,8.145395588144678
2082548,519424,4230547,4749971,8.144689117175949
2082578,519443,4230604,4750047,8.144500936580144
2082610,519443,4230653,4750096,8.14459526839326
2082825,519504,4230863,4750367,8.144043164248975
2082831,519504,4230872,4750376,8.144060488465922
2082941,519504,4231075,4750579,8.14445124580369
2082957,519504,4231075,4750579,8.14445124580369
2083003,519518,4231113,4750631,8.144304913400498
2083161,519605,4231389,4750994,8.143472445415266
2083205,519621,4231406,4751027,8.14325441042606
2083687,519727,4231883,4751610,8.142511356923924
2083703,519737,4231917,4751654,8.142420108631866
2083718,519745,4231935,4751680,8.14232941153835
2083734,519756,4231948,4751704,8.14218210083193
2083903,519756,4231948,4751704,8.14218210083193
2083942,519774,4232013,4751787,8.142025187870113
2083951,519774,4232029,4751803,8.142055970479477
2084127,519825,4232364,4752189,8.141901601500505
2084545,519825,4233498,4753323,8.144083104891068
2084578,519825,4233571,4753396,8.144223536767182
2084597,519836,4233596,4753432,8.1440992928539
2084618,519836,4233625,4753461,8.144155079678976
2084865,519836,4234446,4754282,8.145734423933702
2084896,519849,4234465,4754314,8.145567270495855
2085010,519872,4234687,4754559,8.145633925273913
2085059,519888,4234766,4754654,8.145535192195242
2085080,519888,4234798,4754686,8.145596743914075
2085587,519918,4236272,4756190,8.147961793975204
2086426,519918,4238118,4758036,8.151512353871187
2086441,519918,4238144,4758062,8.151562361757046
2086512,519921,4238268,4758189,8.151753824138668
2086639,519921,4238694,4758615,8.152573179386868
2086712,519935,4238949,4758884,8.15284410551319
2086758,519972,4239020,4758992,8.152400513873824
2086783,519985,4239049,4759034,8.152252468821215
2087051,520127,4239925,4760052,8.151711024422882
2087071,520129,4239932,4760061,8.151693137663926
2087089,520144,4239948,4760092,8.151488818481036
2087100,520144,4239958,4760102,8.151508043926297
2087152,520160,4240017,4760177,8.151370732082436
2088444,520240,4242937,4763177,8.155730047670305
2089608,520261,4244793,4765054,8.158968287071296
2089692,520261,4245129,4765390,8.159614116760626
2089733,520267,4245202,4765469,8.159660328254532
2089792,520290,4245292,4765582,8.159472601818218
2089853,520302,4245373,4765675,8.15944009440671
2089912,520350,4245434,4765784,8.158804650715865
2090013,520404,4245603,4766007,8.15828279567413
2090119,520423,4245943,4766366,8.158638261567994
2090169,520439,4246066,4766505,8.158623777234219
2090210,520458,4246149,4766607,8.15848541092653
2090233,520466,4246178,4766644,8.158415727444252
2090269,520473,4246222,4766695,8.158390540911824
2090313,520480,4246319,4766799,8.158467184137718
2090434,520480,4246533,4767013,8.158878343067938
2090456,520486,4246571,4767057,8.158857298755393
2090462,520486,4246587,4767073,8.158888039255618
2090506,520509,4246684,4767193,8.158713874303807
2090767,520509,4247162,4767671,8.159632206167425
2090794,520524,4247207,4767731,8.159483520452467
2090936,520570,4247374,4767944,8.159083312522812
2090952,520570,4247400,4767970,8.159133257775132
2090986,520596,4247459,4768055,8.158839099800998
2091023,520596,4247495,4768091,8.158908251311958
2091163,520596,4247758,4768354,8.15941344151703
2091181,520596,4247785,4768381,8.15946530515025
2091188,520596,4247799,4768395,8.159492197404512
2091231,520613,4248002,4768615,8.159615683818883
2091426,520613,4248472,4769085,8.160518465731743
2091435,520620,4248489,4769109,8.160441396796127
2091517,520673,4248644,4769317,8.159908426209924
2091711,520673,4249201,4769874,8.160978195527711
2091819,520673,4249758,4770431,8.162047964845499
2091824,520675,4249763,4770438,8.162026215969655
2091844,520675,4249784,4770459,8.162066548230662
2091884,520695,4249864,4770559,8.16190668241485
2091945,520734,4249961,4770695,8.161481677785588
2092390,520734,4250620,4771354,8.162747199145821
2092428,520741,4250821,4771562,8.163023460799131
2092431,520741,4250830,4771571,8.163040743863071
2092823,520921,4251917,4772838,8.162306760526068
2092946,521048,4252123,4773171,8.160712640678017
2093007,521048,4252266,4773314,8.16098708756199
2093504,521048,4253600,4774648,8.163547312339746
2093529,521053,4253645,4774698,8.163555338900265
2093557,521055,4253660,4774715,8.163552791931753
2093608,521065,4253727,4774792,8.163524704211566
2093669,521085,4253827,4774912,8.163403283533397
2093689,521085,4253827,4774912,8.163403283533397
2093699,521085,4253843,4774928,8.163433988696662
2093801,521118,4254079,4775197,8.163369908542787
2093817,521118,4254105,4775223,8.163419801273417
2093883,521130,4254140,4775270,8.163298984898201
2093944,521156,4254296,4775452,8.163191059874586
2093987,521156,4254345,4775501,8.163285081626231
2094045,521164,4254443,4775607,8.163347813740012
2094054,521166,4254463,4775629,8.163354861982555
2094064,521166,4254463,4775629,8.163354861982555
2094396,521166,4255085,4776251,8.164548339684476
2094519,521255,4255332,4776587,8.163628166636292
2094973,521413,4256063,4777476,8.16255636127216
2095027,521413,4256200,4777613,8.162819108844621
2095382,521502,4256638,4778140,8.162265916525728
2095434,521529,4256795,4778324,8.162144386985192
2095529,521529,4256900,4778429,8.162345718071286
2095591,521558,4257104,4778662,8.162283005916887
2095594,521559,4257108,4778667,8.162275025452537
2095625,521575,4257135,4778710,8.16207640320184
2095700,521575,4257302,4778877,8.162396587259742
2096100,521670,4257916,4779586,8.162087143213142
2096115,521675,4257968,4779643,8.162108592514496
2096174,521717,4258065,4779782,8.161637439454724
2096296,521769,4258364,4780133,8.16139709334974
2096438,521874,4258711,4780585,8.16041994811008
2096569,521902,4258834,4780736,8.160217818670938
2096578,521909,4258856,4780765,8.160150524325122
2096600,521909,4258909,4780818,8.16025207459538
2096768,521909,4259262,4781171,8.160928437716153
2096790,521922,4259277,4781199,8.160753905756032
2096818,521926,4259294,4781220,8.16072393404429
2096844,521935,4259324,4781259,8.160640692806576
2096847,521935,4259337,4781272,8.16066560012262
2096901,521959,4259437,4781396,8.160481953563403
2096978,521971,4259537,4781508,8.160485927379106
2097018,521983,4259575,4781558,8.160371123197498
2097057,521983,4259575,4781558,8.160371123197498
2097111,522024,4259805,4781829,8.160170796744977
2097163,522044,4259932,4781976,8.160101447387577
2097183,522044,4259985,4782029,8.160202971397046
2097572,522249,4260381,4782630,8.157758080915425
2097904,522413,4261807,4784220,8.157926774410285
2097938,522435,4261853,4784288,8.157671289251294
2098411,522573,4262180,4784753,8.156142778138173
2098603,522583,4262253,4784836,8.15612639523291
2161965,522583,4452335,4974918,8.51986191667161
2163387,522661,4455089,4977750,8.523859633682253
2163451,522661,4455308,4977969,8.524278643327127
2163474,522689,4455361,4978050,8.52392340378313
2163505,522704,4455418,4978122,8.523787841684777
2163513,522710,4455421,4978131,8.523695739511393
2163523,522710,4455437,4978147,8.523726349218496
2163570,522764,4455540,4978304,8.523042902724749
2163600,522773,4455575,4978348,8.522963121660835
2163628,522798,4455617,4978415,8.522635893786893
2163669,522798,4455689,4978487,8.522773614283146
2163693,522798,4455749,4978547,8.522888381363357
2163772,522798,4455866,4978664,8.523112177169768
2163784,522808,4455879,4978687,8.522974017230034
2164051,522808,4456668,4979476,8.524483175467859
2164074,522814,4456697,4979511,8.524440814515296
2164121,522832,4456910,4979742,8.5245547326866
2164159,522848,4456955,4979803,8.524379934512517
2164200,522864,4457015,4979879,8.524233835184676
2164202,522864,4457020,4979884,8.524243397900793
2164688,523081,4458081,4981162,8.522735484561665
2165528,523099,4459899,4982998,8.525917656122456
2165540,523103,4459932,4983035,8.52591554626909
2165730,523214,4460257,4983471,8.524727931592045
2165790,523214,4460297,4983511,8.524804382145737
2165857,523220,4460353,4983573,8.524813653912313
2165869,523228,4460372,4983600,8.524719625096516
2165872,523228,4460381,4983609,8.524736826010841
2165885,523228,4460408,4983636,8.524788428753812
2165897,523232,4460414,4983646,8.52473472570485
2166117,523232,4460414,4983646,8.52473472570485
2166124,523236,4460426,4983662,8.524692490577866
2166182,523258,4460477,4983735,8.52443154237489
2166216,523262,4460511,4983773,8.52443135561153
2166356,523325,4460708,4984033,8.523781588878803
2166396,523356,4460800,4984156,8.52345248740819
2166403,523356,4460817,4984173,8.52348497007773
2166497,523362,4460856,4984218,8.523461772157704
2166922,523375,4461323,4984698,8.524142345354669
2166955,523375,4461366,4984741,8.524224504418438
2167003,523411,4461524,4984935,8.523940077682738
2167174,523487,4461737,4985224,8.523109456395288
2167268,523526,4461957,4985483,8.522894755943353
2167684,523548,4462590,4986138,8.523745673749112
2167718,523570,4462636,4986206,8.523475371010562
2167747,523575,4462698,4986273,8.523512390774961
2167798,523597,4462807,4986404,8.523362433321811
2167809,523606,4462825,4986431,8.52325030652819
2167837,523616,4462852,4986468,8.523139094298111
2167859,523626,4462870,4986496,8.52301069847563
2167869,523631,4462880,4986511,8.522948412145194
2167979,523667,4463065,4986732,8.522715771664053
2167994,523677,4463079,4986756,8.522579758133354
2168062,523683,4463170,4986853,8.522655881516108
2168104,523708,4463312,4987020,8.522520183002742
2168314,523708,4463897,4987605,8.523637217686192
2168367,523721,4463999,4987720,8.523620400938668
2168390,523721,4464028,4987749,8.523675773933068
2168403,523732,4464056,4987788,8.523550212704208
2168650,523888,4464437,4988325,8.52173937940934
2169065,523906,4465272,4989178,8.52304039274221
2169093,523929,4465357,4989286,8.5228284748506
2169147,523966,4465493,4989459,8.522486191852144
2169150,523966,4465502,4989468,8.52250336853918
2169405,524029,4465687,4989716,8.521831807018314
2169416,524029,4465687,4989716,8.521831807018314
2169485,524036,4465876,4989912,8.522078635818913
2169510,524039,4465908,4989947,8.522090913080897
2169827,524118,4466150,4990268,8.521268111379499
2169843,524118,4466176,4990294,8.521317718529033
2169868,524126,4466190,4990316,8.521214364484877
2169880,524131,4466217,4990348,8.521184589348845
2169913,524141,4466348,4990489,8.521271947815569
2169956,524147,4466410,4990557,8.521292690790942
2170178,524234,4466769,4991003,8.520563336220086
2170263,524241,4466870,4991111,8.520642223710087
2170277,524247,4466887,4991134,8.520577132534855
2170335,524282,4466988,4991270,8.520200960551763
2170345,524282,4466998,4991280,8.520220034256374
2170512,524318,4467061,4991379,8.51975518673782
2170558,524343,4467139,4991482,8.51949773335393
2170593,524357,4467203,4991560,8.519392322406299
2170658,524371,4467232,4991603,8.519220170451836
2170668,524372,4467267,4991639,8.519270670440068
2170717,524372,4467376,4991748,8.519478538137047
2170738,524384,4467434,4991818,8.519394184414475
2170744,524387,4467445,4991832,8.51936642212717
2170883,524499,4467738,4992237,8.518105849582172
2170910,524518,4467769,4992287,8.517856393870181
2171133,524518,4468247,4992765,8.518767706732657
2171148,524527,4468263,4992790,8.518652042697516
2171330,524563,4468402,4992965,8.518332402399711
2171344,524567,4468435,4993002,8.518330356274793
2171386,524581,4468507,4993088,8.518240271759748
2171422,524612,4468577,4993189,8.517870349896686
2171431,524616,4468592,4993208,8.517833996675664
2171454,524632,4468623,4993255,8.517633312493329
2171530,524647,4468705,4993352,8.51754608336653
2171566,524655,4468738,4993393,8.517479105316827
2171613,524657,4468858,4993515,8.517675357423993
2171632,524661,4468866,4993527,8.517625666859171
2171666,524661,4468884,4993545,8.517659974726538
2171678,524664,4468914,4993578,8.51766845066557
2172449,524679,4470030,4994709,8.519551954623685
2172573,524712,4470200,4994912,8.519340133254051
2172737,524712,4470483,4995195,8.519879476741528
2172765,524721,4470525,4995246,8.519813386542562
2173101,524852,4471094,4995946,8.51877100592167
2173189,524852,4471509,4996361,8.519561705013984
2173230,524887,4471576,4996463,8.519121258480396
2173253,524908,4471646,4996554,8.518913790607115
2173409,524967,4471954,4996921,8.518543070326325
2173475,525002,4472023,4997025,8.518106597689151
2173527,525028,4472120,4997148,8.517869523149242
2173630,525082,4472329,4997411,8.517391569316793
2173811,525127,4472913,4998040,8.517773795672285
2173842,525127,4472993,4998120,8.517926139771903
2173863,525129,4472993,4998122,8.51789369850075
2173872,525131,4473007,4998138,8.517887917491064
2174019,525151,4473114,4998265,8.51776727074689
2174071,525168,4473183,4998351,8.517622932090303
2174091,525177,4473226,4998403,8.51755884206658
2174211,525197,4473447,4998644,8.51765527982833
2174428,525301,4473682,4998983,8.516416302272411
2174462,525336,4473790,4999126,8.516054487033061
2174544,525356,4473879,4999235,8.515899694683224
2174852,525428,4474135,4999563,8.515219973050542
2174868,525428,4474161,4999589,8.515269456519256
2174901,525436,4474209,4999645,8.515231160407737
2175577,525847,4476116,5001963,8.512202218516032
2175836,525847,4476612,5002459,8.513145458660029
2175927,525847,4476792,5002639,8.513487763550994
2175996,525847,4476924,5002771,8.513738787137704
2176032,525847,4476962,5002809,8.513811051503573
2176041,525849,4476978,5002827,8.513809097288386
2176181,525849,4477241,5003090,8.514309240865725
2176259,525868,4477392,5003260,8.514288756874349
2176348,525879,4477567,5003446,8.51444343660804
2176498,525935,4477698,5003633,8.513785924116098
2176630,525988,4477846,5003834,8.51320942683103
2176719,525988,4477931,5003919,8.513371027475912
2176765,526002,4478009,5004011,8.513292725122717
2176766,526002,4478018,5004020,8.51330983532382
2176766,526084,4478129,5004213,8.512193870180427
2177367,526253,4478870,5005123,8.510868346593748
2177456,526269,4479024,5005293,8.510902219207287
2177502,526301,4479174,5005475,8.51066974981997
2177516,526304,4479208,5005512,8.510685839362802
2177584,526367,4479374,5005741,8.509982578695093
2177608,526382,4479437,5005819,8.509859759642238
2178383,526952,4481764,5008716,8.50507067057341
2178403,526957,4481815,5008772,8.505086752809053
2178601,526957,4481972,5008929,8.505384689832377
2178643,526974,4482027,5009001,8.50521467852304
2179071,526974,4482935,5009909,8.506937723682762
2179135,526998,4483066,5010064,8.506798887282304
2179201,527020,4483106,5010126,8.506519676672612
2179306,527082,4483320,5010402,8.505925074276869
2179311,527082,4483333,5010415,8.50594973837088
2179367,527095,4483466,5010561,8.505992278431782
2179387,527096,4483499,5010595,8.506038748159728
2179629,527096,4484083,5011179,8.507146705723436
2179720,527127,4484302,5011429,8.507061865546634
2179831,527127,4484518,5011645,8.507471633970562
2179834,527127,4484527,5011654,8.507488707654892
2179850,527127,4484553,5011680,8.507538031631846
2179886,527143,4484598,5011741,8.50736517415578
2180315,527143,4485432,5012575,8.50894728754816
2182654,527143,4488605,5015748,8.514966527109342
2183511,527461,4490189,5017650,8.512836020103856
2183536,527465,4490227,5017692,8.512843506204202
2183648,527506,4490370,5017876,8.512452938923918
2183664,527509,4490374,5017883,8.512412110504275
2183689,527526,4490415,5017941,8.512215511652506
2183728,527536,4490479,5018015,8.512175472384824
2184066,527536,4491254,5018790,8.513644566437172
2184123,527546,4491341,5018887,8.513648098933553
2184279,527632,4491706,5019338,8.512952209115443
2184300,527632,4491735,5019367,8.5130071716651
2184329,527652,4491779,5019431,8.512767884893831
2184352,527665,4491800,5019465,8.512597955141993
2184386,527687,4491846,5019533,8.51233022606204
2184474,527711,4492213,5019924,8.512638546477143
2184532,527730,4492296,5020026,8.512489341140355
2184911,527730,4494198,5021928,8.516093456881359
2184927,527738,4494220,5021958,8.516006048455862
2184964,527751,4494249,5022000,8.515851225293746
2185131,527751,4494542,5022293,8.51640641135687
2185156,527766,4494590,5022356,8.516255310118499
2185178,527771,4494601,5022372,8.51619547114184
2185208,527791,4494651,5022442,8.51596749470908
2185523,527809,4495307,5023116,8.516919946420012
2185573,527809,4495398,5023207,8.51709235727318
2185609,527818,4495424,5023242,8.516996388906783
2185660,527845,4495545,5023390,8.516789966751602
2186113,527906,4495719,5023625,8.516135448356335
2186226,527906,4496054,5023960,8.516770031028251
2186227,527906,4496056,5023962,8.516773819581516
2186273,527942,4496136,5024078,8.51634459845968
2186338,527942,4496279,5024221,8.516615461546913
2186381,527942,4496321,5024263,8.516695015740366
2186412,527955,4496361,5024316,8.516561070545785
2186461,527967,4496390,5024357,8.516422427916897
2186485,527978,4496438,5024416,8.516335907935558
2186565,528026,4496583,5024609,8.51583634139228
2186801,528044,4497250,5025294,8.516809205293498
2186851,528044,4497434,5025478,8.517157661104
2186878,528065,4497467,5025532,8.516881444519141
2186927,528088,4497602,5025690,8.516766145036433
2187223,528215,4498103,5026318,8.515666915933853
2187268,528223,4498142,5026365,8.515611777601505
2187535,528223,4498931,5027154,8.517105464926745
2187837,528370,4499353,5027723,8.515534568578836
2187871,528370,4499455,5027825,8.515727615118193
2188101,528389,4499758,5028147,8.515994844707214
2188120,528389,4499785,5028174,8.516045943424258
2188140,528401,4499804,5028205,8.515888501346515
2188264,528455,4499959,5028414,8.515311615937025
2188286,528462,4499996,5028458,8.515268836737551
2188289,528463,4500004,5028467,8.515267861704604
2188324,528463,4500097,5028560,8.515443843750651
2188406,528524,4500287,5028811,8.514820519030357
2188517,528524,4500325,5028849,8.514892417373668
2188586,528535,4500425,5028960,8.514904405573898
2188589,528535,4500434,5028969,8.51492143377449
2188728,528535,4500687,5029222,8.51540011541336
2188824,528535,4500787,5029322,8.515589317642162
2189033,528635,4501414,5030049,8.51516452750953
2189064,528644,4501474,5030118,8.515133057407253
2189151,528653,4501966,5030619,8.515918759564402
2189187,528673,4502069,5030742,8.515791424945098
2189227,528673,4502131,5030804,8.515908699706625
2189245,528679,4502164,5030843,8.515874472033124
2189268,528685,4502234,5030919,8.515910230099209
2189278,528685,4502268,5030953,8.515974540605464
2189327,528721,4502398,5031119,8.515640574140237
2189347,528721,4502422,5031143,8.515685966700774
2189396,528748,4502514,5031262,8.515425117447252
2189415,528755,4502536,5031291,8.515353991924426
2189558,528807,4502760,5031567,8.514940233393279
2189634,528837,4502875,5031712,8.51467465400492
2189679,528844,4502902,5031746,8.514613004969329
2189712,528853,4502965,5031818,8.514587229343503
2189760,528865,4503082,5031947,8.514615260983426
2189790,528876,4503133,5032009,8.514534597901966
2189817,528893,4503174,5032067,8.514338438965916
2189874,528940,4503248,5032188,8.51372178318902
2189904,528949,4503308,5032257,8.513690355780993
2189944,528967,4503436,5032403,8.513642627990025
2190034,529025,4503589,5032614,8.512998440527385
2190098,529039,4503658,5032697,8.512903585557964
2190170,529055,4503744,5032799,8.512808687187533
2190171,529055,4503746,5032801,8.512812467512829
2190244,529095,4503921,5033016,8.512499645621297
2190482,529097,4504919,5034016,8.514353700739184
2190576,529117,4504976,5034093,8.514139594834413
2190594,529124,4504990,5034114,8.514053416590441
2190797,529276,4505516,5034792,8.512602120632714
2190810,529287,4505561,5034848,8.512510226021043
2190835,529292,4505625,5034917,8.5125507281425
2190946,529292,4505934,5035226,8.513134526877414
2190958,529294,4505976,5035270,8.51318170997593
2190967,529304,4505991,5035295,8.513049211795112
2193282,529304,4509021,5038325,8.518773710381936
2193705,529440,4509471,5038911,8.51743540344515
2193767,529466,4509633,5039099,8.517323114232076
2193772,529468,4509645,5039113,8.51731360535481
2193783,529470,4509654,5039124,8.517298430505978
2193851,529510,4509764,5039274,8.516862759910106
2193972,529529,4510008,5039537,8.517017953690921
2194002,529552,4510083,5039635,8.516789663715745
2194008,529558,4510094,5039652,8.51671393879424
2194300,529674,4510412,5040086,8.51544912531104
2194323,529679,4510449,5040128,8.515438595828794
2194346,529689,4510501,5040190,8.515376003654975
2194397,529689,4510617,5040306,8.515595000084955
2194448,529703,4510700,5040403,8.515526625297573
2194475,529717,4510763,5040480,8.51542049811503
2194488,529722,4510778,5040500,8.51536843853946
2194730,529722,4511362,5041084,8.516470903606042
2194769,529722,4511411,5041133,8.516563404955807
2194786,529733,4511443,5041176,8.516446964791697
2194846,529749,4511496,5041245,8.516289790070392
2195185,529749,4512335,5042084,8.51787355898737
2195637,529749,4513167,5042916,8.519444114099318
2195681,529775,4513240,5043015,8.519163795951112
2195699,529786,4513301,5043087,8.51910205252687
2196065,529971,4514218,5044189,8.51785852433435
2196138,529998,4514412,5044410,8.5177906331722
2196186,530002,4514452,5044454,8.517801819615775
2196237,530022,4514627,5044649,8.517810581447563
2196368,530026,4514781,5044807,8.518036851022403
2196402,530048,4514822,5044870,8.517760655638735
2196472,530051,4514926,5044977,8.51790865407291
2196639,530051,4515219,5045270,8.51846143106984
2196763,530056,4515349,5045405,8.518626333821333
2196825,530088,4515538,5045626,8.518468631623428
2197607,530088,4516939,5047027,8.521111589019181
2197688,530088,4516996,5047084,8.521219118335068
2197724,530088,4517028,5047116,8.521279485670304
2198785,530476,4518887,5049363,8.518551263393631
2198827,530505,4518966,5049471,8.518234512398564
2199008,530505,4519289,5049794,8.51884336622652
2199018,530505,4519289,5049794,8.51884336622652
2199034,530505,4519315,5049820,8.518892376132175
2199048,530505,4519322,5049827,8.518905571106776
2199097,530542,4519410,5049952,8.518477330729707
2199166,530595,4519561,5050156,8.517911024415985
2199179,530601,4519579,5050180,8.517848628253622
2199185,530605,4519598,5050203,8.51782022408383
2199405,530729,4519977,5050706,8.516544225018794
2199414,530731,4519992,5050723,8.516540394286372
2199436,530735,4520018,5050753,8.516525196190189
2199492,530756,4520096,5050852,8.516335189804732
2199507,530756,4520121,5050877,8.516382292428158
2199514,530756,4520136,5050892,8.516410554002215
2199533,530763,4520149,5050912,8.516322727846516
2199625,530763,4520332,5051095,8.516667514502707
2199697,530813,4520462,5051275,8.516110193231892
2199736,530830,4520521,5051351,8.515948608782473
2200187,530830,4521462,5052292,8.517721304372397
2200218,530833,4521508,5052341,8.51775982276912
2200605,530888,4522070,5052958,8.517935986498093
2200765,530888,4522070,5052958,8.517935986498093
2200827,530915,4522177,5053092,8.517704340619497
2200858,530926,4522259,5053185,8.517682313542753
2200859,530926,4522261,5053187,8.517686080546065
2200860,530926,4522263,5053189,8.517689847549375
2201256,531011,4522952,5053963,8.517623928694508
2201277,531011,4522995,5054006,8.517704906301375
2201287,531018,4523017,5054035,8.517634053836217
2201354,531040,4523094,5054134,8.517426182585115
2201487,531106,4523236,5054342,8.516635097325205
2201497,531109,4523257,5054366,8.516626530523865
2201630,531143,4523375,5054518,8.516303519014654
2201787,531167,4523637,5054804,8.516411975894586
2201809,531173,4523657,5054830,8.516353429108785
2201893,531193,4523773,5054966,8.516251155418088
2201965,531217,4523897,5055114,8.516099823612572
2202085,531298,4524157,5055455,8.515290853720511
2202095,531301,4524176,5055477,8.515278533260807
2202224,531301,4524559,5055860,8.515999405233568
2202364,531301,4524924,5056225,8.516686398105781
2202848,531522,4525923,5057445,8.51502477790195
2202898,531530,4526308,5057838,8.515620943314582
2202926,531542,4526347,5057889,8.515502067569448
2203104,531617,4526729,5058346,8.51501927139275
2203128,531635,4526768,5058403,8.514804330038466
2203132,531635,4526773,5058408,8.514813734987351
2203152,531635,4526794,5058429,8.514853235772664
2203334,531635,4527338,5058973,8.515876494211254
2203384,531646,4527448,5059094,8.515907201408456
2203432,531677,4527513,5059190,8.515532926946248
2203450,531690,4527534,5059224,8.515364215990521
2203844,531690,4528307,5059997,8.516818070680284
2203849,531694,4528313,5060007,8.516765282286428
2203906,531694,4528433,5060127,8.516990976012519
2204001,531765,4528552,5060317,8.516077590665049
2205120,531765,4530596,5062361,8.519921393848787
2205160,531784,4530641,5062425,8.519701608171738
2205219,531794,4530658,5062452,8.519573368635223
2205237,531794,4530668,5062462,8.519592172909059
2205240,531794,4530677,5062471,8.519609096755511
2205258,531800,4530717,5062517,8.519588191049266
2205270,531802,4530759,5062561,8.51963512735943
2205511,531849,4530921,5062770,8.519186836865352
2205625,531897,4531244,5063141,8.519025300011092
2205759,531922,4531392,5063314,8.51890314745395
2205916,531984,4531694,5063678,8.518477999338327
2206010,532015,4531768,5063783,8.518120729678675
2206026,532018,4531791,5063809,8.518115928408438
2206034,532018,4531791,5063809,8.518115928408438
2206048,532024,4531806,5063830,8.518048057982346
2206086,532063,4531897,5063960,8.517594720925905
2206130,532082,4531961,5064043,8.517410850207298
2206179,532082,4532066,5064148,8.517608188211591
2206241,532091,4532290,5064381,8.517885098601555
2206262,532100,4532310,5064410,8.517778613042662
2206324,532109,4532431,5064540,8.517861941820192
2206377,532130,4532502,5064632,8.517659218611993
2206450,532164,4532664,5064828,8.517419442126863
2206508,532177,4532692,5064869,8.517263992994812
2206526,532177,4532719,5064896,8.517314727994634
2206545,532196,4532744,5064940,8.517057625386135
2206563,532205,4532763,5064968,8.516949295854042
2206582,532212,4532781,5064993,8.51687109648035
2206652,532212,4533051,5065263,8.51737841311357
2206671,532212,4533072,5065284,8.517417871073933
2206729,532212,4533169,5065381,8.517600129271793
2206753,532212,4533171,5065383,8.51760388717278
2206769,532215,4533202,5065417,8.517614122112304
2206833,532215,4533342,5065557,8.517877173698599
2206850,532227,4533419,5065646,8.517829798187616
2206873,532228,4533475,5065703,8.517919012152687
2207065,532228,4533898,5066126,8.518713784317999
2207074,532230,4533913,5066143,8.518709956221935
2207090,532239,4533937,5066176,8.518610999945514
2207234,532259,4534175,5066434,8.518738057975535
2207503,532368,4534499,5066867,8.517602485498752
2207536,532391,4534549,5066940,8.517328429669172
2207585,532404,4534637,5067041,8.51728574541138
2207611,532415,4534674,5067089,8.517179268052177
2207881,532485,4534911,5067396,8.516504690272965
2207903,532496,4534941,5067437,8.516385099606381
2207938,532496,4535024,5067520,8.516540969321836
2208049,532496,4535240,5067736,8.51694660617169
2208215,532496,4535598,5068094,8.517618911691356
2208239,532514,4535637,5068151,8.51740423725949
2208275,532525,4535741,5068266,8.517423595136378
2208563,532525,4536308,5068833,8.518488333881038
2208935,532715,4537054,5069769,8.516850473517735
2209048,532715,4537174,5069889,8.517075734679894
2210889,533452,4540873,5074325,8.512242900954538
2211272,533519,4541198,5074717,8.511783085513356
2211327,533522,4541237,5074759,8.511808322805807
2211344,533529,4541254,5074783,8.511728509603039
2211395,533551,4541352,5074903,8.511561219077464
2211435,533579,4541421,5075000,8.51124388328626
2211815,533630,4541596,5075226,8.510758390645204
2211851,533642,4541740,5075382,8.510836853171227
2211942,533649,4541791,5075440,8.510820782949091
2212216,533658,4543474,5077132,8.513830955405897
2212371,533658,4543795,5077453,8.514432464237396
2212385,533658,4543802,5077460,8.514445581252412
2212820,533658,4544569,5078227,8.51588283132643
2212853,533658,4544633,5078291,8.516002758320873
2212882,533660,4544648,5078308,8.51599895064273
2213223,533660,4544990,5078650,8.516639808117528
2213323,533724,4545125,5078849,8.51587149912689
2213343,533733,4545161,5078894,8.51579535085895
2213664,533733,4545778,5079511,8.516951359574918
2214489,533733,4547326,5081059,8.519851686142697
2214587,533787,4547542,5081329,8.519394440104387
2215008,533865,4548349,5082214,8.519661337604076
2215034,533865,4548366,5082231,8.51969318086033
2215164,533865,4548752,5082617,8.520416210090566
2215180,533877,4548764,5082641,8.520247173037985
2215318,533931,4548984,5082915,8.519797501924407
2215449,534007,4549166,5083173,8.518925781871774
2215473,534018,4549194,5083212,8.518802736986395
2215484,534027,4549220,5083247,8.518707855595316
2215682,534030,4549376,5083406,8.518952118794823
2215754,534071,4549526,5083597,8.518578990433856
2215770,534071,4549552,5083623,8.518627673099644
2215824,534074,4549688,5083762,8.518834468631688
2215832,534087,4549712,5083799,8.518672051557143
2215889,534134,4549838,5083972,8.518158364754912
2216035,534216,4550111,5084327,8.517361891070278
2216062,534216,4550161,5084377,8.517455486170388
2216099,534242,4550240,5084482,8.517188839514677
2216145,534268,4550282,5084550,8.516852965178524
2216212,534302,4550449,5084751,8.516623557463756
2216647,534317,4550857,5085174,8.51714806004675
2216752,534342,4551023,5085365,8.517060234830875
2216780,534352,4551059,5085411,8.516968215707998
2216794,534352,4551107,5085459,8.5170580441357
2216811,534365,4551137,5085502,8.516906983054653
2216817,534373,4551143,5085516,8.516790706117263
2216950,534492,4551371,5085863,8.515321089932122
2216957,534499,4551382,5085881,8.51523015010318
2216984,534515,4551431,5085946,8.515066929833587
2217337,534665,4552163,5086828,8.514047113613197
2217345,534668,4552177,5086845,8.514025526120882
2217397,534682,4552264,5086946,8.513965310221776
2217470,534710,4552311,5087021,8.5136073759608
2217786,534717,4553089,5087806,8.51495089926073
2217789,534717,4553098,5087815,8.51496773059394
2217802,534717,4553128,5087845,8.515023835037974
2217835,534741,4553179,5087920,8.514737040922615
2217867,534776,4553258,5088034,8.514327494128382
2217927,534840,4553453,5088293,8.513673248074191
2217949,534852,4553498,5088350,8.513566369762103
2217955,534855,4553505,5088360,8.513531704854588
2217986,534871,4553546,5088417,8.513353687150733
2218009,534874,4553610,5088484,8.513425591821624
2218021,534878,4553659,5088537,8.51345353519868
2218054,534886,4553708,5088594,8.51341781239367
2218081,534895,4553750,5088645,8.513353087989232
2218090,534901,4553772,5088673,8.513298722567354
2218248,534944,4554006,5088950,8.513051833462942
2218257,534947,4554042,5088989,8.513071388380531
2218402,534947,4554323,5089270,8.513596674063038
2218468,534977,4554452,5089429,8.51336038745591
2218519,534983,4554493,5089476,8.513341545432285
2218549,535005,4554541,5089546,8.51308118615714
2218622,535043,4554625,5089668,8.512633564031303
2218636,535047,4554641,5089688,8.51259982767869
2218766,535048,4555026,5090074,8.513303479314006
2218957,535189,4555386,5090575,8.511733238164462
2218976,535193,4555395,5090588,8.511686438350278
2219233,535193,4556110,5091303,8.51302240500156
2219242,535195,4556126,5091321,8.513020487859565
2219348,535195,4556189,5091384,8.51313820196377
2219524,535196,4556545,5091741,8.513787472253156
2219707,535196,4556774,5091970,8.514215352880067
2219804,535289,4556881,5092170,8.512936002794753
2219822,535289,4556891,5092180,8.512954684292037
2219848,535298,4556922,5092220,8.512869467100568
2219874,535300,4556960,5092260,8.512908649355502
2219884,535307,4556973,5092280,8.512821614512793
2219921,535308,4557017,5092325,8.512887907522398
2219950,535327,4557086,5092413,8.512714658517131
2219976,535341,4557113,5092454,8.51254247292847
2220024,535366,4557163,5092529,8.512238356563547
2220138,535422,4557404,5092826,8.511798170415112
2220185,535441,4557507,5092948,8.511688496024773
2220238,535480,4557580,5093060,8.511204900276388
2220267,535498,4557636,5093134,8.511023383840836
2220296,535507,4557679,5093186,8.510960641037371
2220538,535507,4558263,5093770,8.512051196342904
2220556,535507,4558296,5093803,8.512112820187225
2220693,535532,4558440,5093972,8.511984344539636
2220775,535557,4558539,5094096,8.511771856216985
2220944,535579,4558688,5094267,8.511700421413087
2221266,535752,4559127,5094879,8.509771312099629
2221543,535752,4559835,5095587,8.511092819065539
2221548,535753,4559839,5095592,8.511084398967435
2221566,535767,4559859,5095626,8.510899327506174
2221597,535778,4559939,5095717,8.510873906730026
2221599,535778,4559943,5095721,8.510881372508763
2221640,535799,4559997,5095796,8.510648582770777
2222372,535802,4560958,5096760,8.512394503939888
2222413,535807,4560992,5096799,8.512378524356718
2222418,535809,4561000,5096809,8.512361681121444
2222427,535811,4561024,5096835,8.512374699287623
2222434,535811,4561029,5096840,8.512384030936282
2222597,535811,4561447,5097258,8.513164156764232
2222668,535841,4561617,5097458,8.513004790600197
2222714,535846,4561721,5097567,8.513119441033432
2222727,535853,4561730,5097583,8.513025027386242
2222876,535985,4562017,5098002,8.511463940222209
2222911,535985,4562029,5098014,8.511486328908457
2222945,536004,4562074,5098078,8.511268572622592
2224094,536021,4564710,5100731,8.515916354023442
2232500,536049,4589858,5125907,8.562385155088434
2232510,536053,4589867,5125920,8.562338052394074
2232519,536055,4589888,5125943,8.562345281734151
2232531,536055,4589917,5125972,8.562399380660567
2232562,536061,4589945,5126006,8.56235577667467
2232606,536072,4589988,5126060,8.562260293393425
2232615,536075,4590015,5126090,8.562262743086322
2232634,536084,4590116,5126200,8.562307399586633
2232639,536084,4590116,5126200,8.562307399586633
2232684,536101,4590176,5126277,8.56214780423838
2233403,536101,4591556,5127657,8.564721946051211
2233584,536255,4591945,5128200,8.562987757689905
2234150,536263,4592924,5129187,8.564685611351146
2234198,536279,4592958,5129237,8.564493481937573
2234232,536300,4592988,5129288,8.564214059295171
2234291,536304,4593236,5129540,8.564612607774695
2234366,536332,4593326,5129658,8.56433328609891
2234378,536332,4593347,5129679,8.564372440950754
2234416,536366,4593420,5129786,8.563965650320863
2234453,536366,4593488,5129854,8.564092429423193
2234905,536366,4594848,5131214,8.56662801146978
2235708,536582,4595828,5132410,8.56500590776433
2235728,536606,4595864,5132470,8.564689921469384
2235907,536710,4596055,5132765,8.563386186208566
2236302,536710,4596535,5133245,8.564280523932851
2236348,536710,4596688,5133398,8.564565594082465
2236396,536717,4596700,5133417,8.564476250985155
2236424,536734,4596741,5133475,8.564281375877064
2236684,536734,4597059,5133793,8.564873848125888
2236884,536734,4597499,5134233,8.565693621048787
2237021,536764,4598052,5134816,8.56624512821277
2237125,536835,4598253,5135088,8.565486602028557
2237157,536842,4598328,5135170,8.565514620689141
2237408,537035,4598769,5135804,8.56325751580437
2237425,537058,4598825,5135883,8.562995058261864
2237485,537078,4598958,5136036,8.562923821120954
2237489,537081,4598959,5136040,8.562877852688887
2237505,537083,4598983,5136066,8.562890651910413
2237735,537159,4599651,5136810,8.562922710035576
2237756,537166,4599666,5136832,8.562839047892085
2237818,537185,4599749,5136934,8.562690693150405
2238033,537279,4600131,5137410,8.56190359198852
2238146,537284,4600316,5137600,8.562168238771301
2238191,537289,4600369,5137658,8.562187202790305
2238207,537295,4600401,5137696,8.562151146018481
2238249,537307,4600461,5137768,8.562071590357096
2238280,537320,4600508,5137828,8.561951909476662
2238334,537320,4600627,5137947,8.562173378992034
2238374,537339,4600664,5138003,8.561939483268477
2238381,537343,4600671,5138014,8.5618887749538
2238467,537388,4600802,5138190,8.561415587992288
2238684,537535,4601187,5138722,8.559790525268122
2238749,537593,4601350,5138943,8.559170227290906
2238760,537593,4601359,5138952,8.55918696858032
2238783,537593,4601433,5139026,8.559324619182169
2238834,537616,4601490,5139106,8.559064462367191
2238875,537624,4601527,5139151,8.559005922354658
2238883,537624,4601527,5139151,8.559005922354658
2238922,537628,4601552,5139180,8.558988743145818
2238983,537663,4601620,5139283,8.558558055882589
2239081,537710,4601742,5139452,8.55803686001748
2239097,537710,4601768,5139478,8.558085213219021
2239161,537751,4601853,5139604,8.557590780863261
2239230,537768,4602087,5139855,8.557755388940956
2239281,537801,4602217,5140018,8.557472001725545
2239312,537817,4602258,5140075,8.557293651929932
2239544,537833,4602366,5140199,8.55723988673064
2239653,537839,4602605,5140444,8.557588795159889
2239884,537839,4602896,5140735,8.55812984926716
2240047,537909,4603072,5140981,8.557343342461271
2240080,537933,4603119,5141052,8.557048926167385
2240101,537933,4603165,5141098,8.55713443867545
2240402,537933,4603167,5141100,8.557138156610582
2240478,537957,4603280,5141237,8.556966448991277
2240527,537967,4603314,5141281,8.556870588716409
2240581,538007,4603401,5141408,8.556396106370363
2240618,538028,4603458,5141486,8.556168080471648
2240686,538057,4603555,5141612,8.555887201541845
2240808,538093,4603659,5141752,8.55550806273265
2240922,538163,4603903,5142066,8.554848623929924
2241013,538189,4604024,5142213,8.554660165852516
2241103,538201,4604282,5142483,8.554948801655886
2241112,538203,4604296,5142499,8.554943023357358
2241149,538203,4604397,5142600,8.555130684890274
2241162,538209,4604412,5142621,8.55506318177511
2241331,538280,4604575,5142855,8.554237571524114
2241493,538363,4604804,5143167,8.553344119116655
2241665,538363,4605184,5143547,8.554049962571723
2241681,538367,4605201,5143568,8.554017984014623
2241685,538367,4605206,5143573,8.5540272713595
2241714,538384,4605265,5143649,8.553866756812981
2241741,538403,4605299,5143702,8.553628044420257
2241769,538411,4605355,5143766,8.553604959779797
2241977,538439,4605491,5143930,8.553412735704509
2242317,538445,4605868,5144313,8.55401758768305
2242326,538448,4605886,5144334,8.55400335779871
2242392,538495,4606062,5144557,8.553583598733507
2242495,538543,4606199,5144742,8.553075613275077
2243011,538810,4606943,5145753,8.550218073161226
2243054,538821,4606987,5145808,8.550125180718643
2243539,539129,4608226,5147355,8.547538715224
2243553,539136,4608230,5147366,8.547435155508072
2243569,539136,4608256,5147392,8.547483380816715
2243674,539136,4608512,5147648,8.547958214624881
2243725,539155,4608600,5147755,8.547820200127978
2243743,539155,4608629,5147784,8.54787398799974
2243831,539181,4608954,5148135,8.548064564589628
2243864,539210,4609042,5148252,8.547768031008326
2243877,539227,4609084,5148311,8.547576438123462
2243911,539231,4609103,5148334,8.547548267811012
2243915,539233,4609106,5148339,8.547522128653105
2243952,539260,4609162,5148422,8.547198012090643
2244045,539326,4609366,5148692,8.546530298928662
2244051,539326,4609380,5148706,8.546556257254425
2244090,539326,4609403,5148729,8.54659890307532
2244243,539326,4609557,5148883,8.546884444658703
2244245,539328,4609557,5148885,8.546852750089
2244288,539342,4609598,5148940,8.546706913238724
2244306,539346,4609635,5148981,8.546712129134173
2244373,539346,4609708,5149054,8.546847478242167
2244405,539346,4609757,5149103,8.546938329013287
2244449,539366,4609813,5149179,8.546725229250638
2244617,539414,4610210,5149624,8.546700678884864
2244646,539423,4610239,5149662,8.546611842654094
2244670,539456,4610287,5149743,8.546178001542295
2244733,539497,4610417,5149914,8.545769485279807
2244765,539497,4610477,5149974,8.545880699985357
2244942,539541,4610700,5150241,8.545597090860564
2245116,539631,4611233,5150864,8.545159562738242
2245154,539646,4611303,5150949,8.545051756151254
2245214,539660,4611358,5151018,8.544931994218581
2246100,539660,4615140,5154800,8.551940110439906
2246110,539665,4615155,5154820,8.551888671675947
2246133,539669,4615192,5154861,8.551893846042667
2246148,539678,4615219,5154897,8.551801259269416
2246321,539738,4615472,5155210,8.551319343829784
2246375,539738,4615591,5155329,8.551539821172495
2246417,539755,4615646,5155401,8.551372381914016
2246489,539802,4615778,5155580,8.550872356901234
2246509,539813,4615803,5155616,8.550744424458099
2246944,539813,4616571,5156384,8.552167139361224
2246972,539818,4616600,5156418,8.552141647740536
2247036,539843,4616738,5156581,8.552001229987237
2247078,539855,4616814,5156669,8.55195191301368
2247101,539859,4616822,5156681,8.551903367360737
2248000,540318,4618356,5158674,8.54747759652649
2248034,540345,4618407,5158752,8.547144879660218
2248075,540359,4618471,5158830,8.547041874013388
2248083,540360,4618482,5158842,8.547046413502109
2248138,540371,4618557,5158928,8.547011220069175
2248139,540371,4618563,5158934,8.547022323551783
2248266,540371,4618940,5159311,8.547719992375608
2248268,540372,4618946,5159318,8.547715277623563
2248278,540377,4618954,5159331,8.547650991807572
2248308,540380,4618975,5159355,8.547642399792739
2248317,540382,4618984,5159366,8.547627419122028
2248338,540399,4618996,5159395,8.547380731644582
2248392,540411,4619107,5159518,8.547396333531331
2248412,540411,4619128,5159539,8.547435192843965
2248609,540431,4619516,5159947,8.547836819131398
2248644,540431,4619665,5160096,8.548112525003193
2248647,540431,4619674,5160105,8.548129178377998
2248921,540431,4620058,5160489,8.548839722369738
2248940,540431,4620079,5160510,8.548878580244287
2249023,540480,4620230,5160710,8.548382918886915
2249043,540487,4620267,5160754,8.548340663142683
2249073,540498,4620404,5160902,8.548420160666645
2249087,540509,4620436,5160945,8.548305393619717
2249231,540512,4620868,5161380,8.549057190219644
2249488,540517,4621287,5161804,8.549753291755856
2249501,540517,4621301,5161818,8.54977919288385
2249522,540522,4621317,5161839,8.549729705728906
2249563,540575,4621411,5161986,8.549065347084124
2249619,540605,4621537,5162142,8.548824002737673
2249693,540621,4621591,5162212,8.548670880339461
2249731,540634,4621657,5162291,8.548587399238672
2249793,540672,4621762,5162434,8.548180782433713
2249833,540706,4621835,5162541,8.547778275070002
2249901,540726,4621898,5162624,8.547578625773497
2250069,540735,4622861,5163596,8.549217269087446
2250220,540770,4622980,5163750,8.548883998742534
2250548,540822,4623585,5164407,8.549180691613877
2250723,540954,4623956,5164910,8.547780402769922
2250767,540971,4624010,5164981,8.547611609494778
2250922,541046,4624208,5165254,8.5467926941517
2251043,541052,4624453,5165505,8.547150735973622
2251075,541073,4624489,5165562,8.546885540398431
2251105,541085,4624541,5165626,8.546792093663658
2251124,541092,4624575,5165667,8.546744361402498
2251151,541098,4624609,5165707,8.546712425475606
2251300,541172,4624898,5166070,8.546077771946813
2251338,541193,4624961,5166154,8.545862566589
2251369,541203,4625002,5166205,8.54578041880773
2251438,541227,4625227,5166454,8.545817189460244
2251508,541227,4625497,5166724,8.546316055924779
2251587,541227,4625679,5166906,8.546652328874945
2251814,541268,4625895,5167163,8.546403999497477
2251927,541277,4626024,5167301,8.546500220774206
2251968,541284,4626071,5167355,8.546476526185884
2252048,541293,4626221,5167514,8.54661153940657
2252786,541666,4627514,5169180,8.543113283831733
2252895,541701,4627633,5169334,8.542780980651688
2252938,541725,4627673,5169398,8.542476348700909
2252976,541744,4627783,5169527,8.542379795623026
2252991,541751,4627807,5169558,8.542313719771629
2253069,541785,4627920,5169705,8.541986212242865
2253123,541809,4628033,5169842,8.54181639655303
2253259,541886,4628209,5170095,8.54092742754011
2253640,542141,4629117,5171258,8.538584980660012
2253713,542141,4629239,5171380,8.538810014368956
2253734,542141,4629285,5171426,8.538894863144458
2253831,542198,4629463,5171661,8.538325482572787
2254299,542325,4629890,5172215,8.53711335453833
2254324,542328,4629946,5172274,8.537169388266879
2254371,542328,4630040,5172368,8.537342715109675
2254644,542328,4630838,5173166,8.538814149370861
2254721,542328,4630994,5173322,8.5391017981738
2254773,542348,4631037,5173385,8.538866189236431
2254818,542366,4631104,5173470,8.538706334836624
2254848,542383,4631158,5173541,8.538538265395486
2255077,542450,4631690,5174140,8.538464374596737
2255731,542617,4633124,5175741,8.538479258851087
2257335,542871,4636367,5179238,8.540458046202504
2257444,542871,4636558,5179429,8.540809879326764
2257515,542897,4636673,5179570,8.54061267606931
2257550,542897,4636787,5179684,8.54082266065202
2257756,542897,4637294,5180191,8.541756539454077
2257853,542897,4637363,5180260,8.541883635385718
2257880,542914,4637403,5180317,8.5416898440637
2257957,542939,4637465,5180404,8.541410729382122
2257988,542945,4637506,5180451,8.541391853686838
2258004,542945,4637521,5180466,8.541419480794556
2258017,542952,4637545,5180497,8.541353563482591
2258068,542952,4637633,5180585,8.541515640424937
2258148,543003,4637757,5180760,8.540941762752691
2258362,543003,4638066,5181069,8.541510820382207
2258373,543004,4638074,5181078,8.541509823132058
2258426,543022,4638157,5181179,8.54137953895054
2258457,543022,4638157,5181179,8.54137953895054
2258468,543031,4638183,5181214,8.541285856608555
2258631,543098,4638403,5181501,8.540637233059227
2258684,543101,4638486,5181587,8.540742882079025
2258878,543101,4638883,5181984,8.541473869501253
2258913,543102,4639031,5182133,8.541730650964276
2258938,543102,4639031,5182133,8.541730650964276
2258942,543102,4639055,5182157,8.541774841558308
2258960,543102,4639065,5182167,8.541793254305821
2259097,543133,4639244,5182377,8.541635290067074
2259730,543478,4640896,5184374,8.539252738841315
2259745,543486,4640913,5184399,8.53915832238549
2259855,543509,4641033,5184542,8.539017753155882
2259911,543528,4641125,5184653,8.538888520922566
2259927,543534,4641171,5184705,8.538878892580778
2259956,543534,4641202,5184736,8.538935926731355
2260006,543563,4641261,5184824,8.53858890321821
2260081,543570,4641367,5184937,8.53867395183693
2260100,543585,4641389,5184974,8.538478802763137
2260114,543587,4641421,5185008,8.538506255668366
2260135,543587,4641455,5185042,8.538568803153865
2260185,543596,4641476,5185072,8.538466066711308
2260191,543599,4641492,5185091,8.538448378308274
2260220,543610,4641539,5185149,8.538362061036405
2260309,543612,4641933,5185545,8.539055429239973
2260318,543616,4641962,5185578,8.539045944195903
2260349,543635,4642033,5185668,8.538878107553781
2260406,543656,4642107,5185763,8.538684388657533
2260453,543658,4642199,5185857,8.538822200721777
2260484,543679,4642281,5185960,8.538643206745157
2260519,543679,4642430,5186109,8.538917265518808
2260543,543683,4642447,5186130,8.538885710974961
2260678,543750,4642673,5186423,8.5382491954023
2261604,543812,4644533,5188345,8.540696049370004
2261643,543818,4644595,5188413,8.540715827721774
2261880,543875,4644762,5188637,8.540127786715697
2261894,543882,4644775,5188657,8.540041773767104
2261930,543899,4644831,5188730,8.539877808196007
2261939,543909,4644844,5188753,8.539744699940615
2262094,543916,4644959,5188875,8.539846226255525
2262358,543990,4645554,5189544,8.53977830474825
2262387,544000,4645592,5189592,8.539691176470589
2262401,544008,4645665,5189673,8.539699783826709
2262415,544008,4645672,5189680,8.53971265128454
2262501,544032,4645763,5189795,8.539503190988766
2262539,544050,4645817,5189867,8.539319915448948
2262695,544050,4645960,5190010,8.539582758937598
2262749,544050,4646118,5190168,8.53987317342156
2262781,544062,4646162,5190224,8.539765688469329
2262813,544079,4646205,5190284,8.539577892181098
2262835,544085,4646264,5190349,8.539592159313342
2262906,544085,4646460,5190545,8.539952397143828
2262977,544085,4646587,5190672,8.540185816554398
2262991,544092,4646606,5190698,8.54011086360395
2262992,544092,4646608,5190700,8.540114539452887
2263035,544092,4646657,5190749,8.54020459775185
2263233,544166,4646947,5191113,8.539576158745676
2263524,544218,4647367,5191585,8.539531952269128
2263551,544234,4647411,5191645,8.53936174513169
2263581,544243,4647446,5191689,8.539284841513808
2263603,544243,4647499,5191742,8.539382224484283
2263658,544261,4647560,5191821,8.539211885474066
2263767,544313,4647802,5192115,8.53884070378624
2263803,544320,4647842,5192162,8.538804379776602
2263826,544331,4647871,5192202,8.538685101528298
2263918,544358,4648197,5192555,8.538860455802983
2264004,544400,4648363,5192763,8.538506612784717
2264043,544413,4648431,5192844,8.538427627554816
2264087,544427,4648558,5192985,8.53844133373253
2264955,544445,4650455,5194900,8.54164332485375
2264973,544456,4650494,5194950,8.541542383590226
2265021,544456,4650494,5194950,8.541542383590226
2265327,544556,4650988,5195544,8.540881011319314
2265490,544556,4651409,5195965,8.54165411821741
2265505,544564,4651427,5195991,8.541561689718748
2265575,544571,4651603,5196174,8.541775085342406
2265595,544573,4651645,5196218,8.541820839446686
2265598,544575,4651646,5196221,8.541791305146216
2265618,544575,4651667,5196242,8.541829867327733
2265783,544637,4652053,5196690,8.541566217498994
2265844,544638,4652107,5196745,8.541649682908648
2265951,544672,4652258,5196930,8.541393719522942
2266268,544672,4653328,5198000,8.543358204570824
2266284,544677,4653351,5198028,8.543322005518867
2266463,544745,4653653,5198398,8.542809938595122
2266483,544767,4653693,5198460,8.542538369614899
2266850,544946,4654495,5199441,8.54120408260635
2266893,544954,4654571,5199525,8.541218157862865
2266897,544959,4654582,5199541,8.541159977172594
2266907,544963,4654592,5199555,8.54111563537341
2266980,544963,4654813,5199776,8.541521167492105
2266985,544963,4654824,5199787,8.541541352348691
2267012,544972,4654852,5199824,8.541451670911533
2267054,545001,4654921,5199922,8.541123777754537
2267095,545001,4654998,5199999,8.541265061898969
2267142,545026,4655074,5200100,8.541012722328842
2267159,545044,4655127,5200171,8.540827896463405
2267212,545063,4655190,5200253,8.540645760214874
2267230,545072,4655221,5200293,8.540561613878534
2267309,545094,4655303,5200397,8.540367349484676
2267355,545094,4655358,5200452,8.540468249512928
2267366,545094,4655380,5200474,8.54050860952423
2267391,545101,4655416,5200517,8.54046497804994
2267439,545111,4655487,5200598,8.54043855288189
2267882,545111,4656352,5201463,8.542025385655398
2268050,545181,4656663,5201844,8.541499061779483
2268095,545200,4656788,5201988,8.541430667644901
2268116,545202,4656811,5202013,8.541441520757443
2268185,545202,4657006,5202208,8.541799186356617
2268186,545202,4657008,5202210,8.541802854721736
2268215,545214,4657087,5202301,8.54175974938281
2268265,545214,4657186,5202400,8.541941329459625
2268889,545214,4658064,5203278,8.543551706302479
2268938,545225,4658130,5203355,8.543500389747352
2268960,545240,4658168,5203408,8.543335045117747
2268988,545255,4658214,5203469,8.543184381619609
2269006,545260,4658224,5203484,8.543124381029234
2269026,545271,4658275,5203546,8.543045568167022
2269070,545294,4658439,5203733,8.542985985541744
2269177,545343,4658624,5203967,8.542557619699895
2269313,545412,4658800,5204212,8.541799593701642
2269357,545412,4658900,5204312,8.54198294133609
2269945,545470,4659706,5205176,8.54255229435166
2269956,545475,4659721,5205196,8.542501489527476
2269972,545480,4659758,5205238,8.542491017085869
2269988,545480,4659784,5205264,8.542538681528196
2270011,545492,4659826,5205318,8.542427753294273
2270064,545512,4659909,5205421,8.542266714572731
2270091,545526,4659940,5205466,8.542104317667718
2270095,545526,4659942,5205468,8.542107983854114
2270185,545589,4660118,5205707,8.5414442006712
2270581,545599,4661187,5206786,8.543246963429185
2270597,545599,4661212,5206811,8.543292784627537
2270612,545602,4661244,5206846,8.54330446002764
2270720,545602,4661547,5207149,8.543859809898057
2270790,545647,4661664,5207311,8.543369614421046
2270817,545657,4661691,5207348,8.543262525725869
2270942,545717,4661941,5207658,8.54278133171589
2270950,545717,4661958,5207675,8.542812483393407
2270970,545717,4661979,5207696,8.5428509648774
2271003,545717,4662010,5207727,8.54290777087758
2271096,545769,4662134,5207903,8.542321018599445
2272215,545864,4663940,5209804,8.544142863423856
2272429,545871,4664478,5210349,8.54501887808658
2272452,545883,4664534,5210417,8.54493362130713
2272765,545883,4665129,5211012,8.546023598463407
2272771,545883,4665140,5211023,8.54604374930159
2272794,545894,4665153,5211047,8.545895356974064
2272909,545894,4665411,5211305,8.546367976200507
2273003,545918,4665691,5211609,8.546505152788514
2273014,545918,4665714,5211632,8.546547283657985
2273058,545918,4665857,5211775,8.54680922775948
2273436,545918,4666542,5212460,8.54806399495895
2273470,545928,4666581,5212509,8.54797885435442
2273513,545942,4666640,5212582,8.54786772221225
2273539,545961,4666695,5212656,8.547670987488118
2273572,545979,4666786,5212765,8.547555858375505
2273678,546032,4666867,5212899,8.546874542151375
2273710,546038,4666927,5212965,8.546890509451723
2274397,546467,4668541,5215008,8.543134352120074
2274420,546468,4668566,5215034,8.54316446708682
2274428,546474,4668578,5215052,8.543092626547649
2274483,546483,4668654,5215137,8.543091001915888
2274732,546609,4669198,5215807,8.542116942823847
2274799,546609,4669379,5215988,8.542448075315262
2274910,546609,4669595,5216204,8.542843238951425
2274932,546611,4669602,5216213,8.54282478764606
2274947,546614,4669630,5216244,8.542829126220697
2274986,546633,4669700,5216333,8.542660249198274
2275053,546633,4669852,5216485,8.542938315103552
2275064,546635,4669875,5216510,8.54294913424863
2275080,546639,4669903,5216542,8.54293784380551
2275129,546659,4669959,5216618,8.542727733376749
2275172,546687,4670012,5216699,8.542387142917246
2275198,546693,4670048,5216741,8.54235924001222
2275214,546703,4670078,5216781,8.542257862129896
2275240,546734,4670158,5216892,8.541919836703041
2275988,546734,4672005,5218739,8.545298079139032
2276018,546746,4672054,5218800,8.545200147783431
2276072,546746,4672117,5218863,8.545315374963877
2276120,546764,4672185,5218949,8.545158423012488
2276179,546766,4672228,5218994,8.545205810163763
2277679,547167,4674992,5222159,8.54399479500774
2277703,547184,4675051,5222235,8.543837173601567
2277708,547186,4675058,5222244,8.543818738052508
2278044,547372,4675861,5223233,8.542382511345117
2278075,547378,4675938,5223316,8.542429545944485
2278127,547387,4676026,5223413,8.542449857230807
2278149,547387,4676050,5223437,8.542493701896465
2278158,547389,4676070,5223459,8.542499027200035
2278189,547389,4676120,5223509,8.542590369919747
2278255,547389,4676305,5223694,8.542928337982678
2278330,547396,4676528,5223924,8.543226475896791
2278655,547600,4677005,5224605,8.540914901387874
2278682,547618,4677063,5224681,8.54074007793754
2278687,547621,4677074,5224695,8.540713376587092
2278859,547621,4677450,5225071,8.541399982834843
2279306,547816,4678146,5225962,8.539630094776347
2279324,547816,4678223,5226039,8.539770652919959
2279327,547816,4678243,5226059,8.539807161528689
2279389,547851,4678303,5226154,8.539371106377464
2279415,547872,4678331,5226203,8.539094898078384
2279456,547878,4678403,5226281,8.539132799637876
2279510,547878,4678481,5226359,8.539275167099245
2279525,547878,4679420,5227298,8.540989052307266
2279839,547998,4680145,5228143,8.540441753437056
2280612,548388,4681259,5229647,8.536399410636264
2280955,548413,4682362,5230775,8.538021527571374
2281033,548486,4682526,5231012,8.537184176077421
2281049,548486,4682552,5231038,8.537231579292817
2281090,548500,4682665,5231165,8.53721969006381
2281153,548525,4682779,5231304,8.537038421220545
2281162,548525,4682779,5231304,8.537038421220545
2281198,548534,4682821,5231355,8.536974918601217
2281476,548534,4682840,5231374,8.537009556381191
2281486,548538,4682861,5231399,8.53698558714255
2281828,548541,4683583,5232124,8.538255116755174
2281860,548552,4683683,5232235,8.538266199011215
2281905,548565,4683742,5232307,8.538171410862887
2281932,548582,4683771,5232353,8.5379596851519
2282814,549055,4685776,5234831,8.534256130988698
2282892,549112,4685870,5234982,8.53354142688559
2282991,549112,4686049,5235161,8.533867407741955
2283123,549182,4686279,5235461,8.533198466082283
2283148,549191,4686329,5235520,8.533149669240755
2283257,549283,4686555,5235838,8.532131888298018
2283345,549306,4686648,5235954,8.531943943812738
2283399,549309,4686784,5236093,8.53214493117717
2283417,549309,4686843,5236152,8.532252338847535
2283667,549355,4687203,5236558,8.53219320839894
2283673,549359,4687205,5236564,8.532134724287761
2283810,549466,4687477,5236943,8.530968249172833
2283842,549486,4687532,5237018,8.530757835504453
2283904,549490,4687675,5237165,8.530955977360826
2283912,549491,4687687,5237178,8.53096229055617
2283913,549491,4687690,5237181,8.530967750154234
2283927,549496,4687718,5237214,8.530941080553816
2283931,549497,4687721,5237218,8.530931015091983
2283947,549503,4687754,5237257,8.530897920484511
2283950,549504,4687757,5237261,8.530887855229443
2284003,549504,4687844,5237348,8.531046179827626
2284084,549540,4688037,5237577,8.530838519489027
2284119,549543,4688121,5237664,8.53094480322741
2284153,549554,4688195,5237749,8.530908700509867
2284343,549627,4688500,5238127,8.530330569640865
2284346,549630,4688515,5238145,8.530311300329313
2284359,549639,4688528,5238167,8.530195273625052
2284403,549655,4688603,5238258,8.53008341596092
2284424,549655,4688640,5238295,8.530150730913027
2284469,549676,4688737,5238413,8.530001309862538
2286480,550630,4698278,5248908,8.53254998819534
2286571,550645,4698415,5249060,8.532566354003032
2286732,550645,4698802,5249447,8.533269166159686
2286781,550670,4698903,5249573,8.533065175150272
2286822,550670,4698960,5249630,8.53316868541958
2286853,550678,4699007,5249685,8.533130068751612
2286875,550678,4699057,5249735,8.533220865914382
2286907,550685,4699085,5249770,8.533163242143875
2287534,550978,4699766,5250744,8.52986144637354
2287563,551006,4699878,5250884,8.529631256283961
2287614,551021,4699973,5250994,8.529571468238053
2287750,551039,4700323,5251362,8.529928008725335
2287763,551043,4700335,5251378,8.529887867190038
2287951,551052,4701437,5252489,8.531748364945596
2287973,551052,4701471,5252523,8.531810065111822
2288136,551061,4702400,5253461,8.53335656125184
2288346,551107,4702780,5253887,8.533333817207911
2288357,551116,4702797,5253913,8.533225310098056
2288430,551139,4702932,5254071,8.533114150876639
2288431,551139,4702934,5254073,8.53311777972526
2288440,551141,4702950,5254091,8.533115845128561
2288467,551162,4702983,5254145,8.532850595650643
2288515,551162,4703126,5254288,8.533110047499646
2288558,551168,4703195,5254363,8.533142344983744
2288638,551180,4703318,5254498,8.533179723502304
2288653,551197,4703348,5254545,8.532970970451581
2288682,551209,4703410,5254619,8.532897684907176
2288706,551217,4703455,5254672,8.532855481597991
2288784,551217,4703565,5254782,8.533055040029607
2288926,551217,4703817,5255034,8.533512210254763
2288929,551217,4703830,5255047,8.533535794433046
2289123,551222,4704399,5255621,8.534490640794454
2289152,551229,4704421,5255650,8.53442217299888
2289183,551229,4704474,5255703,8.534518321786408
2289727,551369,4705004,5256373,8.533312536613412
2289914,551438,4705233,5256671,8.532660063325341
2289959,551450,4705286,5256736,8.532570495965183
2289980,551450,4705316,5256766,8.532624897996191
2290016,551458,4705383,5256841,8.532622611332142
2290021,551458,4705385,5256843,8.532626238081594
2290046,551476,4705430,5256906,8.532429335093457
2290056,551480,4705453,5256933,8.532409153550446
2290105,551491,4705508,5256999,8.532338696370385
2290287,551491,4705748,5257239,8.532773880262779
2290432,551526,4705900,5257426,8.532507986930806
2290553,551526,4706082,5257608,8.532837980439725
2290583,551539,4706110,5257649,8.53268762499116
2290613,551555,4706157,5257712,8.532525314791815
2290639,551574,4706219,5257793,8.532343801557
2290649,551574,4706241,5257815,8.532383687410936
2290700,551585,4706319,5257904,8.532354940761623
2290931,551598,4706677,5258275,8.532802874557195
2290975,551598,4706799,5258397,8.53302405012346
2291015,551606,4706876,5258482,8.53303988716584
2291293,551606,4707545,5259151,8.534252709361391
2291348,551632,4707602,5259234,8.533953795283812
2291478,551717,4707798,5259515,8.532994270613376
2291554,551762,4707934,5259696,8.532544829111103
2291595,551770,4707979,5259749,8.532502673215289
2291701,551810,4708122,5259932,8.53214331019735
2292090,551926,4708524,5260450,8.531078441675152
2292200,551959,4708794,5260753,8.531057560434743
2292239,551974,4708904,5260878,8.53102501204767
2294195,551974,4712565,5264539,8.537657570827612
2294405,552008,4712660,5264668,8.5373038071912
2294411,552010,4712669,5264679,8.53728917954385
2294436,552010,4712669,5264679,8.53728917954385
2295276,552010,4714505,5266515,8.540615206246263
2295310,552015,4714513,5266528,8.540552340063224
2295359,552045,4714619,5266664,8.540280230778288
2295599,552191,4715051,5267242,8.538804507860505
2295613,552201,4715093,5267294,8.538725934940357
2295632,552210,4715137,5267347,8.538666449358034
2295636,552212,4715139,5267351,8.538639145835296
2295721,552222,4715442,5267664,8.539033214902702
2295873,552227,4715904,5268131,8.539792512861558
2295966,552287,4716071,5268358,8.539167135927515
2296042,552349,4716276,5268625,8.538579774743866
2296264,552366,4716841,5269207,8.539339857992708
2296338,552427,4716952,5269379,8.53859785998874
2296534,552522,4717290,5269812,8.537741483597033
2296569,552535,4717426,5269961,8.537786746540943
2296604,552562,4717485,5270047,8.537476337496969
2296695,552565,4717580,5270145,8.537601911087384
2296723,552590,4717636,5270226,8.53731699813605
2296751,552590,4717678,5270268,8.537393003854575
2296887,552590,4717811,5270401,8.537633688629906
2296900,552590,4717815,5270405,8.537640927269766
2296981,552608,4717889,5270497,8.537496742718165
2297295,552615,4718726,5271341,8.53890321471549
2297402,552656,4718905,5271561,8.53859362786254
2297685,552680,4719510,5272190,8.539317507418398
2297713,552690,4719548,5272238,8.539231757404693
2297716,552691,4719553,5272244,8.539225353769105
2297784,552712,4719703,5272415,8.53917229949775
2297798,552718,4719730,5272448,8.539128452483906
2297826,552727,4719750,5272477,8.539025594913944
2297871,552749,4719889,5272638,8.538937202961923
2297879,552749,4719907,5272656,8.538969767471311
2297888,552751,4719923,5272674,8.538967817335473
2297908,552757,4719941,5272698,8.53890769361582
2297985,552802,4720232,5273034,8.538739006009385
2298232,552896,4720869,5273765,8.538439417177914
2298245,552898,4720906,5273804,8.538475451168209
2298301,552928,4721001,5273929,8.53818399502286
2298409,552987,4721236,5274223,8.537697992900375
2298421,552995,4721252,5274247,8.537603414135752
2298475,553040,4721396,5274436,8.537169101692463
2298723,553112,4721644,5274756,8.536506168732553
2298835,553113,4721779,5274892,8.536734808257988
2298861,553117,4721828,5274945,8.536761661637591
2298873,553123,4721856,5274979,8.536719680794326
2298986,553181,4722013,5275194,8.536108434671473
2299182,553272,4722248,5275520,8.535129195043305
2299213,553288,4722302,5275590,8.534979974262951
2299530,553417,4722697,5276114,8.533704241105712
2299550,553417,4722718,5276135,8.533742187175312
2299648,553417,4723008,5276425,8.534266204326936
2299737,553417,4723194,5276611,8.534602298086254
2300549,553417,4724901,5278318,8.53768677145805
2300859,553417,4725820,5279237,8.539347363741989
2301194,553631,4726648,5280279,8.537542153528253
2301203,553634,4726661,5280295,8.537519372003887
2301223,553638,4726715,5280353,8.537555225616739
2301327,553653,4726940,5280593,8.537730311223816
2301355,553665,4727001,5280666,8.537655441467313
2301397,553691,4727064,5280755,8.537368315540617
2301463,553708,4727159,5280867,8.537277770955088
2301577,553708,4727412,5281120,8.537734690486683
2301594,553711,4727434,5281145,8.537728165053611
2301638,553733,4727544,5281277,8.53758760991308
2301659,553739,4727582,5281321,8.537563725870852
2301675,553739,4727608,5281347,8.537610679399501
2301941,553739,4728449,5282188,8.539129445460768
2301942,553739,4728451,5282190,8.539133057270664
2301951,553741,4728467,5282208,8.539131110031585
2302016,553741,4728558,5282299,8.5392954467883
2302734,553935,4729586,5283521,8.538160614512533
2302774,553965,4729681,5283646,8.537869721011255
2302849,553993,4729810,5283803,8.53767105360537
2302877,553996,4729902,5283898,8.537790886576799
2302901,553996,4729932,5283928,8.537845038592337
2302938,554012,4729972,5283984,8.537670664173339
2302959,554024,4730029,5284053,8.537588624319524
2303059,554038,4730072,5284110,8.537450499785214
2303083,554041,4730103,5284144,8.53746022406284
2303114,554062,4730142,5284204,8.537207027372387
2303364,554257,4730694,5284951,8.53519937501917
2303393,554266,4730722,5284988,8.535111300350373
2303414,554266,4730751,5285017,8.535163621798919
2303586,554351,4731096,5285447,8.534477253581215
2303642,554351,4731180,5285531,8.534628782125404
2303647,554356,4731183,5285539,8.534557215940659
2304010,554421,4731509,5285930,8.53414463016372
2304080,554421,4731610,5286031,8.534326802195444
2304189,554500,4731907,5286407,8.533646528403967
2304212,554509,4731970,5286479,8.533621636438724
2304244,554525,4732011,5286536,8.533449348541545
2304367,554598,4732210,5286808,8.532684935755269
2304416,554600,4732239,5286839,8.532706455102776
2304445,554614,4732291,5286905,8.532584824761004
2304457,554616,4732305,5286921,8.532579298108962
2304511,554630,4732335,5286965,8.532418008401997
2304649,554635,4732694,5287329,8.532988361715363
2304864,554668,4732956,5287624,8.532953045785948
2305023,554668,4733224,5287892,8.5334362177014
2305067,554686,4733281,5287967,8.533262061779096
2305120,554708,4733371,5288079,8.533085875812139
2305153,554729,4733436,5288165,8.532880018892108
2305663,554805,4733752,5288557,8.532280711240887
2305723,554826,4733879,5288705,8.532186667531803
2305851,554904,4734095,5288999,8.531376598474692
2305879,554906,4734110,5289016,8.531372881172667
2305908,554906,4734135,5289041,8.531417933848255
2305942,554915,4734187,5289102,8.531373273384212
2305991,554915,4734187,5289102,8.531373273384212
2305996,554915,4734200,5289115,8.531396700395556
2306014,554915,4734233,5289148,8.531456168962814
2306040,554922,4734328,5289250,8.531519745117333
2306070,554928,4734371,5289299,8.531504988034484
2306110,554931,4734400,5289331,8.531511124806508
2306139,554941,4734430,5289371,8.53141144734305
2306177,554947,4734492,5289439,8.53143092944011
2306232,554947,4734591,5289538,8.531609324854445
2306266,554954,4734645,5289599,8.53159901541389
2306325,554987,4734729,5289716,8.531243074162097
2306396,554987,4734901,5289888,8.531552991331328
2306410,554993,4734924,5289917,8.531502199126836
2306558,555078,4735150,5290228,8.530602906258219
2306673,555108,4735340,5290448,8.530484158037716
2306693,555115,4735365,5290480,8.530421624348108
2306702,555115,4735377,5290492,8.530443241490502
2306790,555118,4735626,5290744,8.530845694068649
2306876,555156,4735782,5290938,8.530542766357565
2306890,555156,4735796,5290952,8.530567984494448
2306901,555159,4735815,5290974,8.530556110951997
2307067,555204,4735961,5291165,8.530127664786276
2307159,555204,4736016,5291220,8.530226727473146
2307229,555223,4736259,5291482,8.530372480967108
2307256,555235,4736288,5291523,8.53024034868119
2307270,555235,4736302,5291537,8.530265563229984
2307319,555267,4736398,5291665,8.529946854396174
2307469,555307,4736535,5291842,8.52957913370442
2307646,555361,4736998,5292359,8.529583460127737
2307670,555361,4737044,5292405,8.529666289134456
2307757,555361,4737263,5292624,8.530060627231656
2307779,555361,4737302,5292663,8.530130851824309
2307913,555462,4737554,5293016,8.529033489239588
2307932,555462,4737594,5293056,8.52910550136643
2308037,555542,4737971,5293513,8.528555896763882
2308765,555568,4738472,5294040,8.5290585490885
2308780,555568,4738488,5294056,8.529087348443396
2308810,555574,4738549,5294123,8.52910503371288
2308836,555580,4738584,5294164,8.52907592065949
2308851,555586,4738613,5294199,8.529036008826717
2309711,555882,4740002,5295884,8.526993138831623
2309788,555904,4740085,5295989,8.526804987911582
2309801,555905,4740092,5295997,8.526802241390165
2309819,555913,4740107,5296020,8.526706517026945
2309824,555919,4740110,5296029,8.526619885271055
2310009,555928,4741179,5297107,8.528404757450605
2310626,556044,4741689,5297733,8.52754278438397
2310673,556060,4741851,5297911,8.52758874941553
2310693,556060,4741904,5297964,8.527684062870913
2310742,556067,4741952,5298019,8.527663033411441
2310790,556079,4742027,5298106,8.52761388220019
2311027,556079,4742540,5298619,8.528536412991679
2311946,556334,4743621,5299955,8.526570369598119
2312007,556339,4743664,5300003,8.526571029534152
2312050,556372,4743755,5300127,8.52622885407605
2312069,556372,4743802,5300174,8.526313329930334
2312093,556382,4743848,5300230,8.526242761268337
2312124,556401,4743885,5300286,8.526018105646827
2312186,556425,4743970,5300395,8.525803118120143
2312363,556425,4744237,5300662,8.5262829671564
2312366,556425,4744244,5300669,8.526295547468212
2312473,556425,4744481,5300906,8.526721480882419
2312490,556440,4744515,5300955,8.526552728056933
2312534,556440,4744554,5300994,8.52662281647617
2312562,556448,4744573,5301021,8.526534375179711
2312596,556470,4744630,5301100,8.526299710676227
2312641,556479,4744800,5301279,8.526467306043894
2312687,556501,4744851,5301352,8.526221875612084
2312688,556501,4744857,5301358,8.526232657263868
2312794,556566,4745168,5301734,8.5257956828121
2312857,556566,4745306,5301872,8.526043631842406
2312946,556608,4745432,5302040,8.525626652868805
2312967,556608,4745464,5302072,8.525684143957687
2313004,556608,4745565,5302173,8.525865600206968
2313005,556608,4745567,5302175,8.525869193400023
2313051,556640,4745664,5302304,8.525553319919517
2313321,556649,4747330,5303979,8.528408386613467
2313368,556654,4747410,5304064,8.52847549824487
2313387,556660,4747449,5304109,8.528453634175259
2313450,556695,4747550,5304245,8.528098869219232
2313720,556777,4747871,5304648,8.527419415672702
2314046,556777,4748811,5305588,8.52910770380242
2314147,556873,4749059,5305932,8.528082704674135
2314305,556972,4749431,5306403,8.527234762250167
2314375,556977,4749530,5306507,8.527335958217305
2314530,557076,4749683,5306759,8.526095182703976
2314548,557076,4749693,5306769,8.526113133576029
2314583,557087,4749726,5306813,8.526004017325839
2317205,557282,4757460,5314742,8.53689873349579
2317251,557309,4757537,5314846,8.536623309510523
2317293,557309,4757667,5314976,8.536856573283403
2317306,557316,4757690,5315006,8.53679061789003
2317335,557323,4757709,5315032,8.5367174869869
2317455,557356,4758000,5315356,8.536734151960326
2317492,557356,4758036,5315392,8.536798742634868
2317690,557432,4758256,5315688,8.536029506738041
2317724,557447,4758309,5315756,8.535894892249846
2317860,557447,4758538,5315985,8.536305693635448
2317866,557447,4758543,5315990,8.536314663098016
2317877,557452,4758548,5316000,8.536247067012047
2317893,557452,4758548,5316000,8.536247067012047
2317974,557484,4758688,5316172,8.536008208307324
2318081,557537,4758859,5316396,8.535503473312085
2318093,557541,4758882,5316423,8.53548348910663
2318194,557541,4758882,5316423,8.53548348910663
2318239,557555,4758946,5316501,8.535383953152603
2318278,557559,4758997,5316556,8.535414189350364
2318319,557584,4759062,5316646,8.535148067376396
2318370,557596,4759117,5316713,8.535063020538168
2318748,557726,4759827,5317553,8.534346614645901
2318751,557729,4759833,5317562,8.534311466680053
2319006,557921,4760286,5318207,8.53218645650549
2319210,557971,4760444,5318415,8.53170505277156
2319230,557971,4760468,5318439,8.53174806575969
2319285,558017,4760580,5318597,8.531245463847876
2319468,558090,4761000,5319090,8.530882115787776
2319478,558098,4761008,5319106,8.530774165110786
2319490,558098,4761037,5319135,8.530826127310974
2319516,558098,4761054,5319152,8.530856587911083
2319553,558113,4761097,5319210,8.53070435556957
2319574,558118,4761139,5319257,8.530703184631207
2319611,558125,4761184,5319309,8.530676819708846
2319871,558125,4761905,5320030,8.531968645016798
2319907,558135,4761976,5320111,8.53194298870345
2319919,558135,4761997,5320132,8.531980614009155
2320009,558137,4762261,5320398,8.532423043087988
2320064,558137,4762400,5320537,8.532672085885723
2320220,558212,4762678,5320890,8.532023675592786
2320235,558213,4762725,5320938,8.532092588313063
2320425,558213,4763043,5321256,8.53266226332959
2320475,558240,4763114,5321354,8.53237675551734
2320727,558242,4763857,5322099,8.533677150769737
2320802,558242,4764024,5322266,8.53397630418349
2320823,558260,4764070,5322330,8.533783541718913
2320853,558277,4764105,5322382,8.533586373789355
2320874,558288,4764132,5322420,8.533466597884962
2320898,558303,4764171,5322474,8.533307182658879
2320914,558303,4764197,5322500,8.533353752353113
2321037,558415,4764593,5323008,8.532351387409006
2321060,558438,4764620,5323058,8.53204832049395
2321080,558438,4764641,5323079,8.532085925384735
2321091,558438,4764653,5323091,8.532107413893753
2321137,558465,4764711,5323176,8.531798769842336
2321161,558481,4764740,5323221,8.531606267715464
2321213,558505,4764809,5323314,8.531363192809374
2321402,558594,4765101,5323695,8.530526643680384
2321526,558619,4765208,5323827,8.530336418918798
2321578,558634,4765281,5323915,8.53023804494535
2321649,558634,4765483,5324117,8.530599641267807
2321683,558647,4765509,5324156,8.530447670890563
2321708,558655,4765560,5324215,8.530416804646874
2321778,558692,4765675,5324367,8.5300577062138
2321879,558729,4765988,5324717,8.530053031075889
2321954,558729,4766218,5324947,8.530464679656864
2321967,558734,4766251,5324985,8.53044740431046
2322061,558748,4766444,5325192,8.530579080372547
2322148,558794,4766544,5325338,8.530055798737996
2322261,558794,4766877,5325671,8.530651724964835
2322264,558794,4766886,5325680,8.530667831079073
2322406,558867,4767044,5325911,8.529836258000563
2322461,558915,4767132,5326047,8.529261157778912
2322527,558932,4767260,5326192,8.529230747210752
2322587,558956,4767330,5326286,8.528989759480174
2322649,558973,4767431,5326404,8.52891105652688
2322685,558982,4767490,5326472,8.528879284127218
2323070,559185,4768026,5327211,8.526741597145847
2323071,559185,4768028,5327213,8.526745173779696
2323074,559185,4768035,5327220,8.526757691998176
2323124,559188,4768153,5327341,8.526922966873395
2323127,559188,4768162,5327350,8.526939061639377
2323153,559188,4768217,5327405,8.527037418542601
2323191,559188,4768277,5327465,8.527144716982482
2323370,559264,4768408,5327672,8.526220175087257
2323469,559296,4768507,5327803,8.525909357477973
2323577,559296,4768672,5327968,8.52620437120952
2323630,559314,4768704,5328018,8.525987191452387
2323680,559336,4768782,5328118,8.525791295393109
2323701,559336,4768812,5328148,8.525844930417495
2323912,559390,4769153,5328543,8.52563149144604
2323923,559397,4769168,5328565,8.525551620763071
2324443,559590,4769753,5329343,8.523656605729194
2324874,559590,4771223,5330813,8.526283529012312
2324927,559626,4771321,5330947,8.52591016142924
2324931,559626,4771323,5330949,8.52591373524461
2324953,559626,4771377,5331003,8.526010228259588
2324980,559647,4771410,5331057,8.52574926694863
2325016,559663,4771518,5331181,8.52569850070489
2325040,559673,4771571,5331244,8.525640865290983
2325054,559676,4771612,5331288,8.525668422444415
2325110,559676,4771804,5331480,8.526011478069455
2325130,559676,4771825,5331501,8.526048999778443
2325232,559684,4772040,5331724,8.526311275648402
2325263,559684,4772081,5331765,8.526384531271217
2325530,559732,4772820,5332552,8.52697362309105
2325554,559745,4772863,5332608,8.526852406006306
2325606,559789,4773005,5332794,8.52643585350909
2325635,559798,4773087,5332885,8.526445253466429
2325833,559798,4773364,5333162,8.5269400748127
2325838,559799,4773367,5333166,8.526930201733123
2325840,559799,4773377,5333176,8.52694806528772
2325874,559810,4773441,5333251,8.526894839320484
2325944,559833,4773508,5333341,8.526664201645849
2326092,559833,4773943,5333776,8.527441219077833
2326325,559920,4774350,5334270,8.526843120445777
2326377,559920,4774390,5334310,8.526914559222746
2326787,559920,4775245,5335165,8.52844156308044
2327034,559980,4775443,5335423,8.52788135290546
2327042,559980,4775458,5335438,8.527908139576413
2328355,559983,4780436,5340419,8.536752008543116
2328439,559983,4780560,5340543,8.536973443836688
2328492,559989,4780575,5340564,8.5369087607078
2329468,559989,4782145,5342134,8.539712387207606
2331906,561254,4787375,5348629,8.529783306666857
2331928,561255,4787426,5348681,8.529858976757446
2332186,561375,4787873,5349248,8.52883188599421
2332286,561393,4787994,5349387,8.528773960487573
2332302,561393,4788020,5349413,8.528820273854501
2332324,561405,4788060,5349465,8.528709220616133
2332391,561405,4788133,5349538,8.528839251520738
2332398,561405,4788155,5349560,8.528878438916646
2332409,561411,4788163,5349574,8.528801537554484
2332461,561446,4788250,5349696,8.528424817346638
2332504,561474,4788315,5349789,8.52811528227487
2332519,561481,4788361,5349842,8.528090888204588
2332621,561557,4788601,5350158,8.527364096609961
2332687,561576,4788715,5350291,8.52727858740402
2332721,561576,4788787,5350363,8.527406798011311
2332774,561576,4788879,5350455,8.527570622676183
2333010,561578,4789151,5350729,8.52802460210336
2333196,561578,4789512,5351090,8.52866743355331
2333515,561578,4790098,5351676,8.529710921724142
2333650,561614,4790182,5351796,8.529313727934133
2333709,561647,4790306,5351953,8.52903336081204
2333728,561647,4790359,5352006,8.52912772613403
2333801,561647,4790481,5352128,8.529344944422386
2333852,561663,4790510,5352173,8.529153602783163
2333865,561663,4790536,5352199,8.529199893886547
2333876,561665,4790542,5352207,8.529180205282508
2334199,561720,4792819,5354539,8.53239870398063
2334224,561734,4792858,5354592,8.53225548035191
2334315,561792,4793045,5354837,8.531707464684438
2334359,561818,4793125,5354943,8.53145502636085
2334372,561824,4793136,5354960,8.53138349376317
2334440,561843,4793233,5355076,8.531267631704942
2334528,561843,4793573,5355416,8.53187278296606
2334531,561843,4793582,5355425,8.531888801675914
2334564,561855,4793612,5355467,8.531759973658684
2334637,561902,4793734,5355636,8.531263458752594
2334693,561902,4793804,5355706,8.531388035636107
2334771,561952,4794006,5355958,8.53098841182165
2334971,562033,4794330,5356363,8.530335407351526
2334977,562033,4794332,5356365,8.530338965861436
2335000,562041,4794394,5356435,8.530327858643764
2335029,562059,4794431,5356490,8.530120503363525
2335041,562061,4794468,5356529,8.53015597951112
2335061,562066,4794502,5356568,8.530140588471816
2335081,562072,4794521,5356593,8.530083334519421
2335109,562081,4794586,5356667,8.530062393142625
2335510,562226,4795098,5357324,8.528773126820887
2335522,562226,4795098,5357324,8.528773126820887
2335559,562239,4795129,5357368,8.52863106259082
2335591,562256,4795172,5357428,8.528449674169773
2335892,562256,4795771,5358027,8.529515025184258
2335946,562265,4795822,5358087,8.529469200465972
2336100,562265,4796120,5358385,8.529999199665639
2336205,562314,4796314,5358628,8.52960089914176
2336263,562333,4796402,5358735,8.529469193520566
2336308,562356,4796448,5358804,8.529202142415125
2336311,562357,4796451,5358808,8.529192310222866
2336327,562363,4796463,5358826,8.529122648538399
2336370,562375,4796481,5358856,8.528972660591242
2336378,562375,4796481,5358856,8.528972660591242
2336412,562384,4796523,5358907,8.528910850948819
2336422,562387,4796545,5358932,8.528904473254183
2336543,562430,4796683,5359113,8.528497768611205
2336681,562484,4796880,5359364,8.528029241720654
2336737,562501,4796922,5359423,8.527846172717915
2336769,562513,4796970,5359483,8.527749580898575
2336790,562513,4797010,5359523,8.527820690366267
2337325,562545,4797815,5360360,8.528766587561885
2337354,562563,4797852,5360415,8.52855946800625
2337377,562563,4797867,5360430,8.528586131686584
2337382,562572,4797876,5360448,8.52846568972505
2337420,562586,4797929,5360515,8.528347665956849
2337467,562588,4798025,5360613,8.528487987657043
2337496,562588,4798071,5360659,8.528569752643142
2337561,562588,4798149,5360737,8.528708397619573
2337745,562707,4798524,5361231,8.527571187136466
2337837,562707,4798707,5361414,8.527896400791176
2337870,562725,4798768,5361493,8.527732018303789
2337913,562725,4798876,5361601,8.527923941534498
2337942,562739,4798917,5361656,8.527784639060027
2337960,562739,4798967,5361706,8.527873490197054
2337964,562741,4798971,5361712,8.527850289920229
2337983,562748,4799025,5361773,8.527840170022817
2338010,562770,4799060,5361830,8.52756898910745
2338041,562778,4799121,5361899,8.527556158911684
2338061,562781,4799156,5361937,8.527572892475048
2338401,562871,4800217,5363088,8.528094359098265
2338412,562871,4800227,5363098,8.52811212515834
2338468,562897,4800337,5363234,8.52791363251181
2338486,562897,4800347,5363244,8.527931397751276
2338578,562928,4800404,5363332,8.527563027598557
2338729,562928,4800644,5363572,8.527989369866129
2338806,562937,4800698,5363635,8.527948953435287
2338806,562937,4800698,5363635,8.527948953435287
2338826,562943,4800717,5363660,8.527891811426734
2338881,562960,4800868,5363828,8.527902515276397
2338889,562965,4800885,5363850,8.527856971570168
2338915,562978,4800921,5363899,8.527723996319573
2339368,563196,4801765,5364961,8.525921703989376
2340360,563196,4803592,5366788,8.529165690097232
2340380,563196,4803613,5366809,8.529202977293872
2340383,563196,4803622,5366818,8.529218957521005
2340422,563207,4803836,5367043,8.529432340152022
2340454,563224,4803975,5367199,8.529421686575857
2340741,563228,4817171,5380399,8.552790344230045
2340823,563263,4817310,5380573,8.552505667867408
2340845,563280,4817352,5380632,8.552322113336174
2341003,563335,4817473,5380808,8.551701918041662
2341031,563350,4817496,5380846,8.55151504393361
2341146,563350,4817754,5381104,8.551973018549747
2341266,563403,4817965,5381368,8.551543034027153
2341301,563418,4818035,5381453,8.55143960611837
2341316,563422,4818057,5381479,8.551417942501358
2341345,563434,4818114,5381548,8.551336980018956
2341429,563449,4818175,5381624,8.551217590234431
2341466,563449,4818211,5381660,8.55128148244118
2341478,563457,4818223,5381680,8.551181367877229
2341622,563464,4818680,5382144,8.551886189712208
2341710,563464,4818812,5382276,8.552120454900402
2341733,563474,4818840,5382314,8.552018371743861
2341821,563527,4819016,5382543,8.551526368745419
2341859,563527,4819107,5382634,8.551687851691224
2341904,563551,4819153,5382704,8.551405285413388
2342024,563608,4819354,5382962,8.550897077401315
2342061,563615,4819381,5382996,8.550838781792535
2342113,563639,4819476,5383115,8.550643230862308
2342624,563709,4819701,5383410,8.549980575083953
2342635,563709,4819713,5383422,8.550001862663182
2343014,563832,4820525,5384357,8.549576824302275
2343063,563861,4820618,5384479,8.549302044298152
2343173,563870,4820950,5384820,8.549754376008654
2343183,563874,4820964,5384838,8.549718554145075
2343274,563874,4821223,5385097,8.550177876617825
2343290,563874,4821249,5385123,8.550223986209685
2344485,563874,4822965,5386839,8.55326721927239
2344504,563877,4823003,5386880,8.553289103829382
2344588,563928,4823161,5387089,8.552795746974791
2344635,563959,4823233,5387192,8.552453281178241
2344663,563959,4823275,5387234,8.552527754677202
2344671,563959,4823275,5387234,8.552527754677202
2344698,563968,4823309,5387277,8.552451557535178
2344800,564007,4823435,5387442,8.552083573430826
2344805,564009,4823443,5387452,8.552067431548078
2344964,564009,4823443,5387452,8.552067431548078
2344981,564010,4823456,5387466,8.552075317813514
2345012,564019,4823494,5387513,8.55200622674059
2345053,564042,4823552,5387594,8.55176032990451
2345235,564042,4824096,5388138,8.552724797089578
2345267,564064,4824145,5388209,8.552478087592897
2345404,564174,4824376,5388550,8.551220013683722
2345422,564179,4824406,5388585,8.551197403660895
2345473,564205,4824515,5388720,8.550996534947403
2345478,564207,4824522,5388729,8.550978630183604
2345480,564207,4824524,5388731,8.550982174981877
2345539,564224,4824615,5388839,8.550885818398367
2345573,564235,4824708,5388943,8.55088394020222
2345670,564261,4824829,5389090,8.55070437262189
2345700,564270,4824864,5389134,8.550630017544792
2345986,564270,4825262,5389532,8.55133535364276
2345999,564276,4825286,5389562,8.551286958864102
2346020,564276,4825316,5389592,8.551340124336317
2346122,564278,4825577,5389855,8.551772353343564
2346158,564292,4825633,5389925,8.551659424553245
2346256,564318,4825706,5390024,8.551394780956837
2346369,564339,4825967,5390306,8.551539057197889
2346444,564407,4826124,5390531,8.550786932125222
2347195,564474,4829299,5393773,8.555396705605572
2347218,564474,4829316,5393790,8.555426822138841
2347271,564474,4829342,5393816,8.555472882719133
2347286,564474,4829368,5393842,8.555518943299425
2347412,564474,4829757,5394231,8.556208080443032
2347424,564479,4829773,5394252,8.556160636622444
2347462,564491,4829848,5394339,8.556111612054044
2347506,564501,4829946,5394447,8.55613364723889
2347602,564501,4830088,5394589,8.55638519683756
2347879,564541,4830868,5395409,8.557160595953173
2347926,564542,4830955,5395497,8.55729954547226
2347948,564542,4831005,5395547,8.557388112841915
2348785,564542,4832714,5397256,8.560415345536736
2348830,564548,4832746,5397294,8.560381048201393
2348880,564566,4832847,5397413,8.560287016929818
2348894,564570,4832880,5397450,8.560284818534459
2349220,564579,4833202,5397781,8.560718694815074
2349273,564582,4833285,5397867,8.5608202174352
2349287,564586,4833319,5397905,8.56081978653385
2349310,564586,4833347,5397933,8.560869380395546
2349401,564586,4833795,5398381,8.561662882182697
2349452,564586,4833916,5398502,8.561877198513601
2349491,564598,4833978,5398576,8.561805036503848
2349615,564670,4834178,5398848,8.561067526165726
2349639,564679,4834214,5398893,8.560994830691419
2349668,564688,4834247,5398935,8.560916824866121
2349764,564728,4834393,5399121,8.560568981881543
2349767,564728,4834402,5399130,8.560584918757348
2349783,564736,4834419,5399155,8.560493752833182
2349837,564751,4834482,5399233,8.560377936471117
2349863,564751,4834566,5399317,8.560526674587562
2349992,564794,4834679,5399473,8.56007500079675
2350042,564803,4834747,5399550,8.560058994020924
2350047,564808,4834752,5399560,8.559992068101018
2350050,564808,4834761,5399569,8.560008002719508
2350205,564808,4835082,5399890,8.560576337445646
2350244,564813,4835130,5399943,8.560585538930583
2350479,564813,4835821,5400634,8.561808952697618
2350544,564834,4835895,5400729,8.561621644589383
2350554,564834,4835911,5400745,8.56164997149605
2350585,564859,4835983,5400842,8.561398508300302
2350624,564859,4836031,5400890,8.561483485259153
2351122,564943,4836595,5401538,8.561208829917355
2351192,564943,4836749,5401692,8.561481423789656
2351441,565104,4837213,5402317,8.559863317194711
2351473,565122,4837295,5402417,8.559735773868297
2351537,565122,4837469,5402591,8.560043671985872
2351550,565122,4837473,5402595,8.560050750103517
2351770,565145,4837648,5402793,8.560012032310292
2352013,565145,4838062,5403207,8.56074458767219
2352224,565145,4838595,5403740,8.5616877084642
2352338,565162,4838882,5404044,8.561937993000237
2352340,565164,4838887,5404051,8.561916541039414
2352362,565180,4838918,5404098,8.561729006688134
2352457,565180,4839199,5404379,8.562226193425104
2352747,565180,4839766,5404946,8.563229413638133
2353204,565411,4840728,5406139,8.56143230322721
2353250,565425,4840750,5406175,8.561259229782907
2353261,565428,4840769,5406197,8.561247409042354
2353262,565428,4840771,5406199,8.561250946185899
2354276,565435,4842493,5407928,8.564190402079815
2354337,565442,4842610,5408052,8.564291297781205
2354362,565468,4842692,5408160,8.564042527605453
2354394,565478,4842745,5408223,8.563984805774938
2354414,565484,4842801,5408285,8.563992968854999
2354437,565489,4842842,5408331,8.563989750463758
2354507,565489,4842951,5408440,8.56418250399212
2354534,565498,4842983,5408481,8.564102790814468
2354797,565667,4843558,5409225,8.562560658479281
2354952,565667,4843880,5409547,8.563129897978847
2354955,565667,4843884,5409551,8.563136969276977
2355046,565667,4844195,5409862,8.56368676270668
2355079,565667,4844227,5409894,8.56374333309173
2355085,565667,4844241,5409908,8.56376808263519
2355095,565672,4844250,5409922,8.563708297387885
2355102,565673,4844279,5409952,8.563744424782517
2355137,565687,4844370,5410057,8.563693349856015
2355277,565687,4844455,5410142,8.563843609628647
2355299,565700,4844496,5410196,8.563719285840552
2355324,565707,4844523,5410230,8.56366104714985
2355375,565724,4844572,5410296,8.56349032390353
2355464,565771,4844725,5410496,8.56304936096053
2355489,565780,4844797,5410577,8.56304040439747
2355700,565789,4846046,5411835,8.56511172893075
2355761,565801,4846187,5411988,8.565179276812872
2355764,565801,4846196,5411997,8.565195183465566
2355808,565815,4846268,5412083,8.565110504316783
2355824,565815,4846281,5412096,8.56513348002439
2355903,565834,4846482,5412316,8.56520110138309
2356169,565846,4846672,5412518,8.565355237997618
2356195,565846,4846711,5412557,8.565424161344252
2356255,565874,4846779,5412653,8.565120503857749
2356653,566167,4847712,5413879,8.562335847903533
2356703,566201,4847764,5413965,8.561913525408821
2356770,566237,4847925,5414162,8.561653512575123
2356933,566246,4848852,5415098,8.563154530009925
2357079,566262,4849057,5415319,8.563274597271228
2357091,566262,4849090,5415352,8.563332874181915
2357118,566279,4849156,5415435,8.563192348647927
2357140,566290,4849182,5415472,8.563071924279079
2357373,566377,4849360,5415737,8.562070846803454
2357421,566387,4849400,5415787,8.561990299918607
2357465,566392,4849586,5415978,8.5622431107784
2357474,566392,4849608,5416000,8.562281953134931
2357514,566396,4849656,5416052,8.562306230976207
2357522,566399,4849678,5416077,8.562299721574368
2357681,566399,4849999,5416398,8.5628664598631
2357725,566405,4850038,5416443,8.562844607657064
2357820,566446,4850218,5416664,8.562542590114504
2357910,566452,4850478,5416930,8.562910890949277
2357945,566460,4850501,5416961,8.56283056173428
2358163,566543,4851030,5417573,8.562509818319175
2358182,566547,4851040,5417587,8.562467015093187
2358234,566560,4851064,5417624,8.562312905958768
2358247,566562,4851114,5417676,8.562370932042741
2358305,566584,4851202,5417786,8.56219377885715
2358388,566612,4851275,5417887,8.561899500893027
2358436,566612,4851348,5417960,8.56202833685132
2358500,566645,4851467,5418112,8.561739713577284
2358582,566689,4851621,5418310,8.561346699865359
2358610,566701,4851674,5418375,8.561258935488027
2358649,566725,4851737,5418462,8.561007543341127
2358682,566725,4851739,5418464,8.561011072389608
2358729,566729,4851755,5418484,8.560978880558432
2358790,566729,4851876,5418605,8.561192386484546
2358868,566759,4851980,5418739,8.560922720239114
2358893,566762,4852023,5418785,8.560953274919632
2358937,566765,4852139,5418904,8.561112630455304
2358943,566767,4852144,5418911,8.561091242080078
2359010,566774,4852200,5418974,8.561084312265558
2359020,566774,4852216,5418990,8.561112542212593
2359063,566784,4852301,5419085,8.561111463979223
2359079,566801,4852335,5419136,8.560914677285325
2359198,566801,4852562,5419363,8.561315170580151
2359218,566810,4852590,5419400,8.56122863040525
2359245,566831,4852639,5419470,8.56099789884463
2359264,566837,4852658,5419495,8.560940799559662
2359271,566838,4852662,5419500,8.560932753273422
2359310,566839,4852723,5419562,8.56102526466951
2359399,566839,4852869,5419708,8.561282833397138
2359419,566840,4852914,5419754,8.561347117352339
2359449,566840,4852961,5419801,8.561430033166326
2359568,566840,4853231,5420071,8.561906358055182
2359957,566867,4853368,5420235,8.561740231835687
2360025,566904,4853509,5420413,8.561430153959048
2360170,567014,4853822,5420836,8.560321261908877
2360281,567021,4854051,5421072,8.560619447956954
2360290,567021,4854062,5421083,8.560638847591182
2360304,567026,4854075,5421101,8.560586287048565
2360347,567041,4854163,5421204,8.560515024486765
2360372,567055,4854204,5421259,8.560375977638854
2360422,567061,4854248,5421309,8.560362994457387
2360522,567078,4854534,5421612,8.560610709637828
2360552,567091,4854553,5421644,8.560447970431554
2360576,567105,4854586,5421691,8.560294830763263
2360592,567120,4854640,5421760,8.560163633798844
2360636,567158,4854772,5421930,8.559822835964582
2360654,567168,4854796,5421964,8.559714229293613
2360695,567168,4854866,5422034,8.559837649514781
2360709,567168,4854886,5422054,8.559872912435116
2360794,567170,4855114,5422284,8.56024472380415
2360826,567194,4855180,5422374,8.559998871638275
2360843,567201,4855219,5422420,8.559961988783517
2361014,567254,4855403,5422657,8.559486579204378
2361267,567370,4856195,5423565,8.559132488499568
2361294,567388,4856227,5423615,8.55891735461448
2361332,567401,4856281,5423682,8.55881642788786
2361333,567401,4856283,5423684,8.558819952731842
2361352,567401,4856323,5423724,8.558890449611473
2361816,567401,4857180,5424581,8.560400845257586
2363158,567401,4860476,5427877,8.566209788139252
2363203,567401,4860579,5427980,8.566391317604305
2363231,567416,4860619,5428035,8.566235354660426
2363291,567416,4860659,5428075,8.566305849676429
2363533,567416,4861106,5428522,8.567093631480255
2363670,567454,4861332,5428786,8.566918199536879
2363686,567454,4861358,5428812,8.56696401822879
2363725,567454,4861381,5428835,8.567004550148559
2364384,567454,4862792,5430246,8.569491095313452
2364428,567465,4862829,5430294,8.569390182654438
2364491,567486,4862874,5430360,8.569152366754421
2371797,567811,4874906,5442717,8.585437760099751
2371798,567811,4874908,5442719,8.585441282398545
2371865,567811,4875060,5442871,8.585708977106819
2371873,567815,4875079,5442894,8.58568195627097
2371910,567840,4875170,5443010,8.585464215271907
2372052,567840,4875309,5443149,8.585709002535925
2372058,567840,4875309,5443149,8.585709002535925
2372122,567848,4875458,5443306,8.585850438849834
2372178,567864,4875498,5443362,8.585678965386078
2372286,567864,4875714,5443578,8.586059338151388
2372308,567864,4875738,5443602,8.58610160179198
2372434,567902,4876173,5444075,8.58629305760501
2372482,567908,4876271,5444179,8.586374905794601
2372565,567962,4876413,5444375,8.58580855761477
2372610,567996,4876498,5444494,8.585444263691997
2372666,568017,4876557,5444574,8.585230723728339
2372821,568017,4876783,5444800,8.585628599144039
2373025,568078,4877017,5445095,8.58511859286929
2373061,568098,4877064,5445162,8.584899084312918
2373159,568149,4877199,5445348,8.584366072984375
2373629,568310,4877695,5446005,8.582806918759127
2373657,568314,4877739,5446053,8.582823931840496
2373785,568314,4878078,5446392,8.58342043307045
2373843,568327,4878167,5446494,8.583380694564925
2374097,568450,4878485,5446935,8.582082856891548
2374377,568450,4878948,5447398,8.582897352449644
2374467,568474,4879046,5447520,8.58270738855251
2374650,568474,4879412,5447886,8.583351217469929
2374716,568493,4879465,5447958,8.583157576258635
2374735,568497,4879477,5447974,8.583118292620718
2374761,568505,4879503,5448008,8.583043245002242
2374827,568508,4879531,5448039,8.583047204260978
2374861,568524,4879593,5448117,8.582914705447791
2374893,568536,4879660,5448196,8.582851393755188
2375060,568536,4879953,5448489,8.583366752501162
2375107,568545,4879999,5448544,8.583311787105682
2375145,568561,4880061,5448622,8.58317928946938
2375159,568561,4880087,5448648,8.583225018951353
2375209,568561,4880271,5448832,8.583548642977622
2375209,568561,4880304,5448865,8.583606684243204
2375237,568571,4880342,5448913,8.583522550393882
2375259,568580,4880397,5448977,8.583483414822892
2375288,568596,4880436,5449032,8.58331046999979
2375313,568600,4880480,5449080,8.583327470981358
2375371,568600,4880535,5449135,8.583424199788956
2375405,568614,4880577,5449191,8.58328672878262
2375416,568619,4880607,5449226,8.583264013337578
2375560,568710,4881001,5449711,8.58258339048021
2375566,568710,4881010,5449720,8.58259921576902
2375635,568736,4881122,5449858,8.58240378664266
2375681,568753,4881180,5449933,8.582249236487543
2375701,568756,4881228,5449984,8.582288362672218
2375705,568762,4881239,5450001,8.58221716640704
2375729,568762,4881288,5450050,8.582303318435478
2375748,568762,4881303,5450065,8.58232969150541
2375768,568762,4881340,5450102,8.582394745077906
2375832,568800,4881443,5450243,8.582002461322082
2375883,568834,4881533,5450367,8.581647721479378
2375951,568835,4881707,5450542,8.581938523473415
2375986,568838,4881792,5450630,8.582042690537552
2376015,568852,4881837,5450689,8.581910584826986
2376608,568852,4883135,5451987,8.584192373411714
2376796,568852,4883414,5452266,8.584682834902576
2376874,568860,4883574,5452434,8.58484337095243
2376988,568860,4883733,5452593,8.585122877333614
2377017,568867,4883744,5452611,8.585036572696254
2377349,568867,4884366,5453233,8.586129974141583
2377387,568873,4884397,5453270,8.58609390848221
2377478,568912,4884521,5453433,8.58572327530444
2377494,568912,4884547,5453459,8.585768976572826
2377540,568934,4884582,5453516,8.585498493674134
2377612,568959,4884703,5453662,8.585333916855168
2377677,568959,4884824,5453783,8.585546585957863
2377728,568976,4884926,5453902,8.585469334383173
2377748,568982,4884952,5453934,8.585424494975236
2377967,568994,4885049,5454043,8.585413905946284
2377983,568994,4885049,5454043,8.585413905946284
2377986,568996,4885062,5454058,8.58540657579315
2377996,568996,4885078,5454074,8.585434695498739
2378005,568998,4885098,5454096,8.585439667626249
2378083,568998,4885255,5454253,8.585715591267457
2378281,569022,4885622,5454644,8.585998432398044
2378350,569037,4885720,5454757,8.585944323479843
2378368,569040,4885742,5454782,8.585937719668213
2378377,569042,4885765,5454807,8.585947961661882
2378425,569057,4885817,5454874,8.585813020488281
2378428,569057,4885826,5454883,8.585828836127137
2378437,569059,4885846,5454905,8.585833806336426
2378446,569060,4885862,5454922,8.58584683513162
2378533,569065,4886052,5455117,8.586105277955946
2378558,569082,4886073,5455155,8.585885689584277
2378706,569171,4886320,5455491,8.584977098270993
2378736,569203,4886388,5455591,8.584613925084724
2378767,569213,4886414,5455627,8.584508786693206
2378777,569216,4886426,5455642,8.584484624465933
2378828,569231,4886537,5455768,8.584453411708076
2378842,569236,4886577,5455813,8.584448278042851
2378870,569251,4886606,5455857,8.584273018404886
2378894,569269,4886635,5455904,8.584052530525991
2378897,569269,4886644,5455913,8.584068340274984
2378909,569269,4886664,5455933,8.584103473050526
2378935,569292,4886719,5456011,8.583853277404215
2378949,569298,4886766,5456064,8.583845367452547
2378965,569302,4886797,5456099,8.583839508731746
2379525,569560,4887450,5457010,8.581097689444483
2379722,569622,4887821,5457443,8.580814996611789
2379751,569640,4887886,5457526,8.580657959412962
2379805,569663,4887987,5457650,8.580488815317127
2380028,569663,4888465,5458128,8.581327907903445
2380146,569663,4888642,5458305,8.581638617919717
2380197,569690,4888737,5458427,8.581398655409082
2380357,569715,4888998,5458713,8.581480213791107
2380387,569715,4889045,5458760,8.581562711180151
2380403,569715,4889071,5458786,8.581608348033665
2380421,569719,4889095,5458814,8.581590222548309
2380882,569719,4890003,5459722,8.583183990704189
2381106,569757,4890451,5460208,8.583397834515416
2381133,569757,4890505,5460262,8.583492611762559
2381206,569786,4890598,5460384,8.583218962908882
2381430,569947,4890885,5460832,8.58129791015656
2381538,569947,4891442,5461389,8.582275194009268
2381585,569970,4891554,5461524,8.582125375019737
2381639,569986,4891579,5461565,8.581928328064198
2381658,570002,4891608,5461610,8.581738309690142
2381674,570002,4891634,5461636,8.58178392356518
2381681,570002,4891634,5461636,8.58178392356518
2382079,570165,4892545,5462710,8.58092832776477
2382179,570165,4892606,5462771,8.581035314338832
2382360,570180,4892979,5463159,8.581463748290014
2382376,570180,4893005,5463185,8.581509347925216
2382385,570196,4893023,5463219,8.581300114346647
2382398,570196,4893023,5463219,8.581300114346647
2382906,570196,4893925,5464121,8.582882026531228
2383134,570196,4894399,5464595,8.583713319630442
2383168,570204,4894463,5464667,8.583705130093792
2383188,570208,4894494,5464702,8.583699281665638
2383213,570223,4894549,5464772,8.583569936673898
2383644,570283,4894892,5465175,8.583268307138736
2383821,570283,4895273,5465556,8.583936396490865
2383848,570292,4895306,5465598,8.58385879514354
2383876,570310,4895341,5465651,8.583649243393944
2383907,570319,4895401,5465720,8.583618992178062
2383980,570319,4895523,5465842,8.583832907548231
2384011,570340,4895561,5465901,8.583583476522776
2386140,570408,4909041,5479449,8.606192409643624
2386229,570456,4909286,5479742,8.605897737949991
2386282,570483,4909335,5479818,8.60557632742781
2386355,570487,4909359,5479846,8.605558058290548
2386485,570487,4909745,5480232,8.606234673182737
2386612,570562,4909938,5480500,8.605441652265661
2386677,570582,4910051,5480633,8.605338058333421
2386682,570582,4910060,5480642,8.605353831701667
2386710,570583,4910075,5480658,8.605365038916336
2386726,570583,4910090,5480673,8.605391327817337
2386748,570594,4910107,5480701,8.605255225256487
2386852,570608,4910175,5480783,8.605163264447746
2386892,570619,4910216,5480835,8.605069231834202
2386902,570619,4910220,5480839,8.605076241765522
2386916,570627,4910249,5480876,8.605006422759526
2386938,570627,4910273,5480900,8.605048481757786
2386959,570635,4910318,5480953,8.605006703058873
2387027,570677,4910481,5481158,8.604659027786296
2387030,570677,4910486,5481163,8.60466778930989
2387087,570677,4910606,5481283,8.604878065876143
2387148,570684,4910669,5481353,8.604882912434903
2387183,570684,4910751,5481435,8.605026599659356
2387198,570684,4910795,5481479,8.605103700121258
2387501,570792,4911543,5482335,8.604785981583484
2387522,570814,4911568,5482382,8.604498137747147
2387571,570845,4911634,5482479,8.604146484597395
2387653,570872,4911780,5482652,8.603995291413836
2387781,570872,4912000,5482872,8.604380666769433
2387812,570882,4912039,5482921,8.604298261286921
2387921,570949,4912240,5483189,8.603640605378063
2387942,570964,4912281,5483245,8.603486384430543
2387979,570973,4912416,5483389,8.603587209903095
2388011,570973,4912495,5483468,8.60372557021085
2388013,570973,4912500,5483473,8.603734327192354
2388050,570973,4912605,5483578,8.603918223803928
2388108,570977,4913154,5484131,8.60481945857714
2388241,571060,4913399,5484459,8.603997828599447
2388255,571066,4913423,5484489,8.603949455929788
2388271,571072,4913444,5484516,8.603895830998542
2388324,571102,4913514,5484616,8.603566438219442
2388337,571108,4913525,5484633,8.603495310869398
2388353,571108,4913551,5484659,8.603540836409225
2388362,571110,4913571,5484681,8.60354572674266
2388411,571110,4913693,5484803,8.603759345835304
2388648,571110,4914093,5485203,8.604459736302989
2388670,571132,4914154,5485286,8.60423509801587
2388799,571132,4914341,5485473,8.604562517946814
2388806,571132,4914346,5485478,8.604571272490423
2388874,571165,4914521,5485686,8.604380520515088
2388894,571172,4914534,5485706,8.604297829725546
2388930,571184,4914582,5485766,8.604201098069973
2389062,571223,4914911,5486134,8.604189607211195
2389180,571223,4915138,5486361,8.604587000173312
2389210,571235,4915189,5486424,8.604495522858368
2389244,571236,4915269,5486505,8.604620507110896
2389275,571236,4915329,5486565,8.604725542507826
2389436,571236,4915716,5486952,8.605403020818017
2389458,571236,4915761,5486997,8.605481797365712
2389473,571236,4915812,5487048,8.605571077453101
2389507,571248,4915844,5487092,8.605446321037448
2389510,571248,4915844,5487092,8.605446321037448
2389531,571256,4915867,5487123,8.605366070553307
2389595,571303,4916005,5487308,8.604899676703957
2389704,571303,4916203,5487506,8.605246252864067
2389741,571324,4916251,5487575,8.605013967556063
2389776,571335,4916304,5487639,8.604941059098428
2389791,571340,4916329,5487669,8.6049095109742
2389808,571352,4916439,5487791,8.604921309455467
2389891,571377,4916579,5487956,8.604789832282364
2389898,571381,4916586,5487967,8.604741844758577
2389934,571385,4916624,5488009,8.604748112043543
2389981,571407,4916659,5488066,8.604478069047106
2390056,571407,4916659,5488066,8.604478069047106
2390081,571425,4916708,5488133,8.604292776829855
2390096,571430,4916755,5488185,8.604299739250651
2390110,571435,4916794,5488229,8.604292701707106
2390171,571456,4916930,5488386,8.60421449770411
2390300,571456,4916930,5488386,8.60421449770411
2390454,571456,4916930,5488386,8.60421449770411
2390487,571477,4916990,5488467,8.604003310719417
2390593,571531,4917127,5488658,8.603430085157235
2390785,571539,4917204,5488743,8.60344438437272
2390788,571539,4917217,5488756,8.603467129977131
2390793,571539,4917217,5488756,8.603467129977131
2390857,571550,4917331,5488881,8.603501006036216
2390875,571557,4917342,5488899,8.603414882505158
2390921,571566,4917384,5488950,8.603352893629083
2391981,572067,4919378,5491445,8.599303927686792
2392010,572067,4919442,5491509,8.59941580269444
2392035,572086,4919480,5491566,8.599196624283762
2392138,572147,4919720,5491867,8.598699285323526
2392142,572149,4919723,5491872,8.598674471160484
2392552,572286,4920268,5492554,8.597568348692786
2392607,572323,4920478,5492801,8.59737945181305
2392982,572323,4920478,5492801,8.59737945181305
2393017,572333,4920499,5492832,8.597265927353481
2393035,572341,4920519,5492860,8.597180701714537
2393070,572347,4920526,5492873,8.59710280651423
2393312,572347,4921110,5493457,8.598123166540578
2393313,572347,4921112,5493459,8.59812666092423
2393372,572367,4921237,5493604,8.598044611237196
2393403,572379,4921255,5493634,8.597895799810965
2393466,572388,4921385,5493773,8.597987728603675
2394020,572403,4922603,5495006,8.599890287087943
2394028,572403,4922603,5495006,8.599890287087943
2394167,572466,4922892,5495358,8.599448700883546
2394262,572469,4923109,5495578,8.599782695656883
2394283,572469,4923157,5495626,8.599866542991847
2394295,572475,4923175,5495650,8.59980785187126
2394363,572480,4923280,5495760,8.599916154276132
2394476,572542,4923495,5496037,8.599360396267873
2394490,572549,4923544,5496093,8.59934084244318
2394501,572551,4923569,5496120,8.599354467986258
2394547,572575,4923657,5496232,8.599147709907
2394668,572599,4923888,5496487,8.59919070763309
2394692,572603,4923901,5496504,8.599153340097764
2395035,572603,4924483,5497086,8.600169751119013
2395053,572619,4924543,5497162,8.600034228693076
2395092,572619,4924549,5497168,8.600044706864425
2395139,572631,4924610,5497241,8.599971011000102
2395145,572637,4924631,5497268,8.599917574309728
2395191,572653,4924791,5497444,8.59995669279651
2395626,572653,4925558,5498211,8.601296072839922
2395684,572653,4925655,5498308,8.60146545988583
2395791,572675,4925830,5498505,8.60144060767451
2396129,572798,4926178,5498976,8.600201118020664
2396209,572823,4926319,5499142,8.600071924486272
2396528,572957,4926986,5499943,8.599224723670362
2397797,572957,4929837,5502794,8.604200664273236
2398083,573072,4930316,5503388,8.603309880782868
2398920,573072,4932025,5505097,8.606292054052545
2398962,573080,4932073,5505153,8.60625567111049
2398996,573080,4932105,5505185,8.60631150973686
2399211,573092,4932222,5505314,8.606335457483267
2399250,573108,4932273,5505381,8.606184174710526
2399288,573117,4932329,5505446,8.606146737926112
2399313,573133,4932360,5505493,8.605960571106532
2399323,573133,4932362,5505495,8.605964060697953
2399394,573163,4932455,5505618,8.605675872308575
2399478,573182,4932564,5505746,8.605580775390713
2399502,573193,4932592,5505785,8.605464477060956
2399504,573198,4932597,5505795,8.605398134675976
2399580,573223,4932776,5505999,8.605335096463332
2400141,573351,4933623,5506974,8.604891244630252
2400252,573351,4933880,5507231,8.605339486632097
2400280,573358,4933910,5507268,8.605286749291018
2400307,573362,4933927,5507289,8.605256365088723
2400324,573370,4933958,5507328,8.605190365732424
2400362,573371,4933967,5507338,8.60519105430864
2400367,573374,4933976,5507350,8.605161726900766
2400490,573374,4934313,5507687,8.605749475909267
2400577,573374,4934425,5507799,8.605944810891321
2400616,573398,4934497,5507895,8.605710169899442
2400688,573419,4934605,5508024,8.605583351789878
2400876,573509,4935050,5508559,8.605008814159847
2400999,573612,4935210,5508822,8.603742599527207
2401028,573612,4935240,5508852,8.60379489968829
2401827,573660,4936693,5510353,8.605607851340515
2401930,573687,4936881,5510568,8.605530541915714
2401978,573706,4936928,5510634,8.605327467378762
2402057,573739,4937048,5510787,8.605041665286828
2402089,573748,4937122,5510870,8.605035660255025
2402139,573766,4937224,5510990,8.604943478700376
2402212,573810,4937307,5511117,8.604428295080252
2403995,573813,4939805,5513618,8.608736644168047
2404001,573813,4939824,5513637,8.608769756000648
2404159,573853,4940236,5514089,8.608887641957086
2404344,573877,4940386,5514263,8.60878899136923
2404402,573895,4940528,5514423,8.608766411974315
2404412,573895,4940545,5514440,8.60879603411774
2404443,573901,4940620,5514521,8.608836715740171
2404454,573908,4940648,5514556,8.608780501404405
2404480,573920,4940694,5514614,8.608680652355728
2404636,573964,4941151,5515115,8.608816929284764
2404802,573964,4941751,5515715,8.609862291014768
2405003,574087,4942166,5516253,8.608740487069033
2405197,574134,4942312,5516446,8.608290050754702
2405199,574134,4942314,5516448,8.608293534262037
2405213,574134,4942328,5516462,8.608317918813379
2405262,574134,4942344,5516478,8.608345786872054
2405351,574186,4942490,5516676,8.607820462358887
2405389,574203,4942552,5516755,8.607673592788613
2405442,574215,4942686,5516901,8.607727070870666
2405530,574229,4942866,5517095,8.607830673825251
2405803,574229,4942885,5517114,8.607863761669996
2405940,574310,4943430,5517740,8.607598683637757
2405943,574310,4943439,5517749,8.607614354616844
2406037,574323,4943633,5517956,8.607757307299202
2406073,574328,4943694,5518022,8.60778858074132
2406098,574338,4943731,5518069,8.60770312951607
2406415,574341,4944661,5519002,8.6092774153334
2406431,574341,4944687,5519028,8.609322684607228
2406461,574356,4944715,5519071,8.609146592009138
2406509,574388,4944797,5519185,8.60880972443714
2406512,574388,4944797,5519185,8.60880972443714
2406568,574395,4944871,5519266,8.60883364235413
2406584,574395,4944906,5519301,8.608894576032172
2407049,574395,4946430,5520825,8.611547802470426
2407553,574553,4947504,5522057,8.611048937173768
2407594,574561,4947575,5522136,8.611052612342293
2407596,574561,4947577,5522138,8.611056093260768
2407773,574561,4947844,5522405,8.6115207958772
2407791,574572,4947872,5522444,8.611404662949116
2407796,574574,4947880,5522454,8.61138861138861
2407817,574578,4947923,5522501,8.611403499611889
2407912,574610,4948096,5522706,8.611225004785855
2408037,574621,4948219,5522840,8.61127421378613
2408351,574621,4949047,5523668,8.612715163559981
2409307,574829,4951174,5526003,8.613298911502378
2409446,574846,4951348,5526194,8.6133468789902
2409447,574846,4951348,5526194,8.6133468789902
2409506,574855,4951487,5526342,8.613453827486932
2409530,574855,4951582,5526437,8.61361908655226
2409562,574877,4951650,5526527,8.613407737655185
2409666,574916,4951750,5526666,8.612997377008119
2409891,574916,4952528,5527444,8.614350618177264
2409944,574927,4952627,5527554,8.61435799675437
2410024,574976,4952855,5527831,8.614020411286733
2410094,574976,4953125,5528101,8.614489996104185
2410169,575000,4953212,5528212,8.614281739130435
2410185,575003,4953241,5528244,8.614287229805758
2410211,575022,4953283,5528305,8.614075635366994
2410372,575098,4953462,5528560,8.613248524599285
2410398,575102,4953481,5528583,8.613221654593445
2410399,575102,4953483,5528585,8.613225132237412
2410410,575102,4953509,5528611,8.613270341608967
2410790,575102,4954225,5529327,8.614515338148712
2410903,575177,4954417,5529594,8.613725861778201
2410977,575177,4954549,5529726,8.613955356351175
2410986,575181,4954573,5529754,8.613937178036132
2411009,575194,4954629,5529823,8.613839852293314
2411275,575198,4955457,5530655,8.615219454865976
2411283,575203,4955470,5530673,8.615167167069712
2411292,575205,4955486,5530691,8.615165028120408
2411485,575221,4956012,5531233,8.615839825041158
2411488,575221,4956021,5531242,8.615855471201504
2411559,575221,4956217,5531438,8.61619620980458
2411567,575221,4956217,5531438,8.61619620980458
2411628,575234,4956282,5531516,8.616114485583259
2411648,575234,4956311,5531545,8.616164899849453
2411728,575273,4956375,5531648,8.6156920279589
2411748,575279,4956401,5531680,8.615647364148526
2411793,575304,4956460,5531764,8.615375523201646
2411893,575364,4956578,5531942,8.614682183800168
2412229,575478,4957197,5532675,8.61405127563521
2412270,575486,4957226,5532712,8.613981921367332
2412310,575494,4957272,5532766,8.61394210886647
2412718,575781,4958020,5533801,8.610947565133271
2412829,575810,4958100,5533910,8.610652819506434
2412853,575810,4958112,5533922,8.610673659714141
2413125,575859,4958626,5534485,8.6108335547417
2413145,575859,4958647,5534506,8.610870022001913
2413170,575878,4958683,5534561,8.610648435953449
2413190,575878,4958704,5534582,8.610684902010496
2413289,575947,4958812,5534759,8.60984083604915
2413293,575947,4958822,5534769,8.609858198757872
2413335,575954,4958860,5534814,8.609819534198913
2413633,575960,4959413,5535373,8.610689978470727
2413701,575988,4959590,5535578,8.610578692611652
2413712,575990,4959613,5535603,8.610588725498706
2414083,576153,4960193,5536346,8.60915937259721
2414099,576153,4960219,5536372,8.609204499499265
2414120,576154,4960220,5536374,8.609191292605797
2414228,576154,4960777,5536931,8.610158048021884
2414480,576187,4961125,5537312,8.610268888399078
2414599,576277,4961362,5537639,8.609335441115991
2414881,576277,4961689,5537966,8.60990287656804
2414914,576302,4961754,5538056,8.609642166780612
2414933,576311,4961776,5538087,8.609545887550299
2415012,576344,4961904,5538248,8.609275016309704
2415041,576344,4961939,5538283,8.609335743930709
2415138,576344,4962008,5538352,8.609455464097831
2415159,576344,4962045,5538389,8.609519661868607
2415269,576367,4962318,5538685,8.60964975440995
2415277,576367,4962318,5538685,8.60964975440995
2415278,576367,4962320,5538687,8.609653224421246
2415358,576367,4962442,5538809,8.609864895110233
2415446,576381,4962482,5538863,8.609725164431167
2415457,576386,4962511,5538897,8.609700790789505
2415574,576468,4962746,5539214,8.608883754171957
2415863,576477,4963333,5539810,8.609767605646018
2415875,576483,4963354,5539837,8.609714423495575
2415878,576484,4963362,5539846,8.609713365852304
2416076,576484,4963659,5540143,8.610228557947835
2416107,576484,4963719,5540203,8.610332637159054
2416144,576511,4963771,5540282,8.610019583321046
2416169,576518,4963786,5540304,8.60994105994956
2416192,576523,4963806,5540329,8.609901079401862
2416237,576533,4963880,5540413,8.609880093593949
2416282,576533,4964017,5540550,8.610117720928377
2416298,576535,4964057,5540592,8.610157232431682
2416473,576679,4964367,5541046,8.608544788348457
2416513,576682,4964467,5541149,8.608673410996008
2416527,576692,4964508,5541200,8.608595229342527
2416553,576707,4964583,5541290,8.608501370713379
2416578,576718,4964622,5541340,8.608404800959914
2416994,576740,4965088,5541828,8.608884419322399
2417028,576761,4965167,5541928,8.608707939683855
2417060,576774,4965259,5542033,8.60867341454365
2417093,576784,4965308,5542092,8.608609115370745
2417120,576790,4965343,5542133,8.608580245843374
2417142,576795,4965354,5542149,8.608524692481732
2417396,576795,4966098,5542893,8.609814578836502
2417436,576800,4966115,5542915,8.609769417475729
2417470,576832,4966193,5543025,8.609427008210362
2417690,576832,4966717,5543549,8.6103354182847
2418198,577116,4968351,5545467,8.608929573950471
2418215,577119,4968381,5545500,8.608936805061001
2418354,577119,4968704,5545823,8.609496481661495
2418401,577133,4968797,5545930,8.609448775238983
2418428,577144,4968844,5545988,8.609366120067088
2418454,577153,4968877,5546030,8.60928904467273
2418511,577155,4969037,5546192,8.609536433020592
2418564,577164,4969146,5546310,8.609591034783874
2418621,577196,4969237,5546433,8.609271374021995
2418850,577196,4969792,5546988,8.610232919147048
2418941,577196,4969972,5547168,8.610544771620038
2418952,577199,4969980,5547179,8.610513878229172
2418978,577222,4970041,5547263,8.610276462089109
2418986,577222,4970041,5547263,8.610276462089109
2419018,577234,4970086,5547320,8.610175422792143
2419024,577234,4970099,5547333,8.610197943988053
2419063,577253,4970260,5547513,8.610193450705323
2419074,577253,4970270,5547523,8.610210774131966
2419240,577253,4970586,5547839,8.610758194413888
2419270,577256,4970625,5547881,8.61078100530787
2419335,577275,4970781,5548056,8.61076783162271
2419425,577312,4970955,5548267,8.610517363228203
2419472,577322,4971054,5548376,8.61053969881626
2419500,577341,4971094,5548435,8.610325613458944
2419533,577341,4971158,5548499,8.610436466490341
2419544,577343,4971181,5548524,8.610446476358074
2419874,577601,4971874,5549475,8.607800194251741
2419903,577613,4971892,5549505,8.607652528596136
2419939,577633,4971930,5549563,8.607420282428462
2419976,577648,4971972,5549620,8.607269478990666
2419987,577656,4971995,5549651,8.607190092373315
2420000,577670,4972020,5549690,8.607024771928609
2420062,577670,4972075,5549745,8.607119981996641
2420067,577672,4972099,5549771,8.607131728731876
2420090,577672,4972128,5549800,8.607181930230304
2420105,577681,4972134,5549815,8.607058220713508
2420135,577707,4972184,5549891,8.606757404705153
2421188,577707,4973889,5551596,8.609708727780692
2421231,577712,4973898,5551610,8.609649790899272
2421274,577737,4973964,5551701,8.6093914705134
2421616,577857,4974314,5552171,8.608209297455945
2421691,577876,4974422,5552298,8.60811315922447
2421811,577917,4974726,5552643,8.608028488519977
2421812,577919,4974727,5552646,8.60800042912588
2422385,577927,4975530,5553457,8.609270721042623
2422498,577939,4975596,5553535,8.609206161895978
2422504,577939,4975610,5553549,8.609230385905779
2422622,578021,4975832,5553853,8.608393120665166
2422690,578056,4975940,5553996,8.608058734793861
2422737,578056,4976034,5554090,8.608221348796656
2422746,578060,4976047,5554107,8.608184271528907
2422789,578073,4976134,5554207,8.60814118632076
2422797,578078,4976138,5554216,8.608073650960597
2422804,578087,4976165,5554252,8.607986341156263
2422860,578087,4976209,5554296,8.608062454267264
2423070,578087,4976629,5554716,8.60878898850865
2423078,578087,4976652,5554739,8.608828774907582
2423133,578113,4976708,5554821,8.608538469122818
2423150,578121,4976725,5554846,8.60844875034811
2423236,578180,4976857,5555037,8.60779860942959
2423238,578180,4976859,5555039,8.607802068559964
2423258,578188,4976884,5555072,8.607726206700935
2423278,578197,4976920,5555117,8.607654484544195
2423287,578199,4976938,5555137,8.607655841673887
2423312,578204,4976966,5555170,8.607629833069298
2423512,578204,4977532,5555736,8.608608726331882
2423594,578239,4977706,5555945,8.60838857289114
2423655,578239,4977824,5556063,8.608592640759271
2423721,578243,4977870,5556113,8.608612642089918
2423885,578346,4978125,5556471,8.60752041165669
2424075,578346,4978446,5556792,8.608075442728056
2424090,578346,4978446,5556792,8.608075442728056
2424105,578350,4978458,5556808,8.608036656004149
2424132,578361,4978498,5556859,8.607942098447163
2424158,578364,4978558,5556922,8.608001189562282
2424175,578371,4978582,5556953,8.607938503140717
2424226,578401,4978684,5557085,8.607668382316074
2424244,578409,4978718,5557127,8.60760811121542
2424264,578409,4978813,5557222,8.607772354856166
2424631,578596,4979531,5558127,8.606231290918016
2424893,578721,4979787,5558508,8.604814755296594
2425491,578734,4980483,5559217,8.60582409189714
2425511,578734,4980507,5559241,8.605865561726112
2425575,578734,4980637,5559371,8.606090189966375
2425644,578743,4980701,5559444,8.606066941630395
2425741,578769,4980830,5559599,8.605903218728024
2425806,578769,4980951,5559720,8.606112283138868
2425807,578769,4980953,5559722,8.606115738748965
2425882,578798,4981029,5559827,8.605815845942798
2425963,578830,4981167,5559997,8.60557849454935
2426073,578837,4981328,5560165,8.60575256937618
2426106,578842,4981344,5560186,8.605705874832855
2426181,578842,4981441,5560283,8.605873450786225
2426201,578847,4981457,5560304,8.605826755602084
2426294,578867,4981611,5560478,8.605795459060545
2426317,578892,4981648,5560540,8.605487724826046
2426332,578892,4981679,5560571,8.605541275401976
2426394,578892,4981836,5560728,8.60581248315748
2426412,578892,4981879,5560771,8.605886762988606
2426445,578917,4981950,5560867,8.605637768453855
2426483,578932,4981996,5560928,8.605494254938403
2426491,578942,4982008,5560950,8.605366340669704
2426828,579064,4982651,5561715,8.604663733197022
2426847,579078,4982687,5561765,8.604517871512991
2427328,579212,4983760,5562972,8.6043797435136
2427339,579212,4983770,5562982,8.604397008349274
2427617,579353,4984210,5563563,8.603062381656779
2427780,579356,4984514,5563870,8.603542554146328
2427798,579363,4984558,5563921,8.603514549600165
2427816,579377,4984588,5563965,8.603358435008639
2427862,579383,4984620,5564003,8.603324571138607
2427897,579390,4984675,5564065,8.60331555601581
2427950,579406,4984737,5564143,8.603184986002907
2427972,579417,4984767,5564184,8.603073434158818
2427977,579420,4984781,5564201,8.603053053053053
2427986,579426,4984808,5564234,8.603010565628743
2428059,579459,4984891,5564350,8.602663864052504
2428129,579472,4985036,5564508,8.602721097826988
2428144,579472,4985056,5564528,8.602755612005412
2428798,579472,4986657,5566129,8.605518471988292
2428828,579472,4986687,5566159,8.60557024325593
2428851,579483,4986711,5566194,8.605448304782021
2429139,579483,4987550,5567033,8.60689614708283
2429175,579504,4987604,5567108,8.606677434495706
2429558,579651,4988440,5568091,8.60593702072454
2429602,579651,4988526,5568177,8.606085385861492
2429618,579659,4988549,5568208,8.606006289904927
2429660,579707,4988652,5568359,8.605471384682263
2429707,579725,4988802,5568527,8.60546293501229
2429773,579751,4988897,5568648,8.605240870649641
2429784,579751,4988907,5568658,8.605258119434033
2429785,579751,4988910,5568661,8.605263294069351
2430475,579857,4989665,5569522,8.604992265334385
2430504,579857,4989696,5569553,8.60504572679126
2430596,579863,4989761,5569624,8.605068783488514
2430714,579955,4990066,5570021,8.604229638506435
2430730,579961,4990079,5570040,8.604163038549144
2431251,580225,4990948,5571173,8.601745874445259
2431319,580225,4990948,5571173,8.601745874445259
2431328,580225,4990968,5571193,8.601780343832134
2431784,580405,4992029,5572434,8.600940722426582
2431832,580423,4992121,5572544,8.600832496300113
2431843,580428,4992133,5572561,8.600779080264909
2431903,580458,4992196,5572654,8.600443098380934
2431920,580462,4992216,5572678,8.600418287502023
2432228,580462,4992938,5573400,8.601662124307879
2432457,580502,4993154,5573656,8.601441510968094
2432476,580511,4993185,5573696,8.601361559040225
2432517,580540,4993269,5573809,8.60107658387019
2432545,580546,4993318,5573864,8.601072094200976
2432683,580620,4993598,5574218,8.600458130963453
2433013,580747,4994123,5574870,8.599481357630776
2433044,580761,4994184,5574945,8.599379090538104
2433086,580769,4994252,5575021,8.599377721607041
2433126,580779,4994295,5575074,8.599303693831905
2433138,580786,4994306,5575092,8.59921898943845
2433165,580797,4994342,5575139,8.599118108392434
2433211,580812,4994436,5575248,8.59905787070515
2433249,580831,4994494,5575325,8.598876437380236
2433426,580939,4994829,5575768,8.597854507960388
2433556,580974,4995087,5576061,8.597780623573517
2433751,580974,4995557,5576531,8.59858960986206
2433762,580983,4995583,5576566,8.598501160963401
2433802,580984,4995624,5576608,8.598556930999822
2433906,581019,4995726,5576745,8.59821451622064
2434768,581019,4997459,5578478,8.60119720697602
2434808,581028,4997483,5578511,8.601105282361607
2434864,581047,4997597,5578644,8.601020227279376
2434883,581053,4997606,5578659,8.600946901573522
2434972,581100,4997768,5578868,8.60053002925486
2434985,581106,4997807,5578913,8.600508340991144
2435002,581106,4997832,5578938,8.60055136240204
2435045,581128,4997904,5579032,8.600349664789857
2435082,581151,4997999,5579150,8.600172760607828
2435125,581186,4998059,5579245,8.599758080889767
2435317,581286,4998446,5579732,8.598944409464533
2435716,581295,4999270,5580565,8.600228799490791
2435783,581342,4999470,5580812,8.599877524761672
2436133,581527,4999996,5581523,8.598046178423358
2436143,581527,5000008,5581535,8.598066813750695
2436161,581527,5000028,5581555,8.598101205962921
2436251,581557,5000147,5581704,8.597862290368786
2436315,581557,5000299,5581856,8.598123657698213
2436342,581574,5000338,5581912,8.59793938518572
2436363,581582,5000382,5581964,8.597896771220567
2436379,581582,5000405,5581987,8.597936318524301
2436390,581587,5000438,5582025,8.597919141934053
2436449,581599,5000543,5582142,8.597922279783837
2436473,581606,5000664,5582270,8.598026842914276
2436508,581606,5000730,5582336,8.598140321798606
2437039,581606,5001339,5582945,8.599187422413111
2437517,582046,5003080,5585126,8.595678004831234
2437529,582051,5003116,5585167,8.595666015520976
2437548,582051,5003131,5585182,8.595691786458575
2437637,582079,5003221,5585300,8.595432922335284
2437851,582079,5003530,5585609,8.595963778112592
2437896,582115,5003598,5585713,8.595548989460845
2437983,582169,5003851,5586020,8.595186277524224
2438184,582187,5004008,5586195,8.59519020520898
2438487,582372,5004894,5587266,8.593981166676969
2438662,582420,5005070,5587490,8.593575083273238
2438764,582437,5005236,5587673,8.593609265894852
2438769,582437,5005240,5587677,8.593616133590414
2438785,582437,5005266,5587703,8.593660773611566
2438812,582437,5005316,5587753,8.59374661980609
2439654,582729,5006460,5589189,8.591403551221923
2439722,582729,5006502,5589231,8.591475625891281
2439752,582729,5006519,5589248,8.591504798971735
2439776,582739,5006546,5589285,8.591403698739915
2439780,582739,5006566,5589305,8.591438019422075
2439821,582755,5006628,5589383,8.591308525881374
2439858,582755,5006673,5589428,8.591385745296051
2439880,582758,5006691,5589449,8.591372405012029
2439883,582758,5006698,5589456,8.591384416859142
2439910,582781,5006731,5589512,8.59110197484132
2439923,582785,5006747,5589532,8.591070463378433
2439952,582791,5006795,5589586,8.59106437813899
2439963,582799,5006813,5589612,8.59097733523908
2440041,582837,5006939,5589776,8.590633401791582
2440053,582845,5006948,5589793,8.590530930178693
2440143,582883,5007061,5589944,8.590164750044178
2440168,582886,5007084,5589970,8.590159996980542
2440918,582895,5007998,5590893,8.591595398828263
2440989,582914,5008127,5591041,8.591536658923959
2441047,582914,5008164,5591078,8.591600133124269
2441108,582914,5008307,5591221,8.591845452330876
2441181,582963,5008425,5591388,8.591325693054277
2441373,583112,5008827,5591939,8.58981979448202
2441418,583139,5008974,5592113,8.589674160020166
2441880,583375,5010052,5593427,8.588047139490037
2442050,583433,5010348,5593781,8.587700729989562
2442065,583440,5010368,5593808,8.58763197586727
2442075,583443,5010387,5593830,8.587620384510569
2442159,583520,5010593,5594113,8.586840211132438
2442694,583861,5011467,5595328,8.583322057818556
2442787,583876,5011632,5595508,8.58338414320849
2442837,583913,5011743,5595656,8.583030348699207
2442887,583944,5011830,5595774,8.582723685832889
2442934,583983,5011910,5595893,8.58228749809498
2442983,583992,5011930,5595922,8.5821894820477
2443126,583992,5012206,5596198,8.582662091261524
2443244,584051,5012388,5596439,8.582106699586166
2443278,584060,5012454,5596514,8.582087456768141
2443297,584060,5012476,5596536,8.582125124131082
2443738,584086,5012851,5596937,8.58238512821742
2443768,584099,5012924,5597023,8.582319093167426
2443790,584101,5012931,5597032,8.582301690974678
2443883,584184,5013119,5597303,8.58140414663873
2443914,584189,5013180,5597369,8.581435117744428
2443928,584193,5013213,5597406,8.581432848390858
2444972,584998,5015549,5600547,8.573617345700328
2445037,585036,5015712,5600748,8.573339076569647
2445107,585036,5015807,5600843,8.57350145973923
2445166,585070,5015908,5600978,8.573175859298887
2445172,585070,5015922,5600992,8.573199788059549
2445208,585078,5015944,5601022,8.573120165174558
2445319,585078,5015982,5601060,8.5731851137797
2445335,585086,5015999,5601085,8.573096946431807
2445384,585103,5016028,5601131,8.572897421479636
2445465,585116,5016145,5601261,8.572906910766411
2445499,585123,5016200,5601323,8.572898347868739
2445761,585152,5016414,5601566,8.572839193918846
2445958,585219,5016930,5602149,8.572739436006009
2446011,585234,5017042,5602276,8.572711086505569
2446334,585237,5017443,5602680,8.573352334182562
2446516,585268,5017516,5602784,8.573022957004312
2446525,585279,5017548,5602827,8.57291650648665
2446550,585286,5017589,5602875,8.572884025929204
2448772,585405,5019997,5605402,8.575254738172719
2448812,585423,5020064,5605487,8.575105521990082
2449258,585569,5020714,5606283,8.574077521180254
2449407,585580,5021576,5607156,8.575388503705728
2449546,585607,5021655,5607262,8.575128029548827
2449554,585607,5021674,5607281,8.575160474516185
2449601,585627,5021750,5607377,8.574997395953398
2449680,585700,5021921,5607621,8.574220590746116
2449803,585700,5022286,5607986,8.57484377667748
2449914,585740,5022465,5608205,8.574563799638065
2449928,585749,5022493,5608242,8.574479853998897
2449959,585750,5022575,5608325,8.574605206999573
2450164,585786,5022717,5608503,8.574320656348906
2450290,585813,5022887,5608700,8.57421566267734
2450331,585813,5022944,5608757,8.574312963351787
2450339,585813,5022944,5608757,8.574312963351787
2450350,585823,5022952,5608775,8.574180255811056
2450406,585823,5023078,5608901,8.574395337840953
2450419,585828,5023091,5608919,8.574344346804864
2450451,585848,5023129,5608977,8.574116494380794
2450472,585851,5023139,5608990,8.574089657609187
2450540,585890,5023251,5609141,8.573710082097323
2450633,585912,5023455,5609367,8.573736329005039
2450761,585914,5023792,5609706,8.574282232546073
2451090,585914,5024136,5610050,8.574869349426708
2451170,585941,5024184,5610125,8.574556141317982
2451214,585960,5024248,5610208,8.574387330193188
2452556,586727,5027494,5614221,8.568710831442903
2452644,586771,5027620,5614391,8.568283026938959
2452753,586826,5027916,5614742,8.567984376970346
2452830,586843,5027977,5614820,8.567840120781879
2453179,586928,5028349,5615277,8.567233118883406
2453216,586928,5028384,5615312,8.567292751410735
2453324,586942,5028530,5615472,8.567337147452388
2453337,586948,5028564,5615512,8.567307495723641
2453538,586948,5028909,5615857,8.567895282035206
2453543,586948,5028914,5615862,8.567903800677403
2453567,586948,5028965,5615913,8.567990690827807
2453688,586948,5029179,5616127,8.568355288713821
2453712,586953,5029222,5616175,8.568355558281498
2453755,586980,5029299,5616279,8.568092609628948
2453776,586998,5029331,5616329,8.567884388021765
2454201,587304,5030037,5617341,8.564622410199828
2454231,587319,5030147,5617466,8.5645909633436
2454372,587346,5030249,5617595,8.564370915950734
2454392,587346,5030270,5617616,8.564406670003711
2454412,587352,5030296,5617648,8.564363448153747
2454427,587352,5030308,5617660,8.564383878832455
2454853,587445,5030699,5618144,8.56369362238167
2454870,587450,5030712,5618162,8.563642863222402
2454900,587462,5030729,5618191,8.563496872989232
2454926,587469,5030779,5618248,8.563479945324774
2455663,587881,5032123,5620004,8.559764646246434
2455709,587905,5032192,5620097,8.55953257754229
2455956,587905,5032680,5620585,8.560362643624394
2455982,587913,5032727,5620640,8.560326102671654
2456032,587946,5032805,5620751,8.559978297326625
2459786,589734,5039909,5629643,8.5460716187298
2459796,589740,5039921,5629661,8.546005019160987
2459872,589755,5040059,5629814,8.546021653059322
2460484,589755,5040798,5630553,8.547274715771804
2460517,589770,5040870,5630640,8.547179408922123
2460637,589869,5041189,5631058,8.54628570072338
2460658,589880,5041237,5631117,8.54620770326168
2460688,589894,5041279,5631173,8.546076074684605
2460702,589897,5041313,5631210,8.546090249653753
2460804,589912,5041406,5631318,8.54603059439374
2460851,589912,5041529,5631441,8.546239100069164
2460915,589981,5041678,5631659,8.545492142967316
2460916,589981,5041680,5631661,8.545495532906992
2460969,590002,5041790,5631792,8.545377812278602
2460974,590004,5041798,5631802,8.545362404322683
2461076,590035,5041981,5632016,8.545223588431195
2461096,590044,5042023,5632067,8.545164428415507
2461120,590058,5042056,5632114,8.545017608438492
2461208,590058,5042286,5632344,8.545407400628413
2461242,590077,5042342,5632419,8.54522714832132
2461280,590098,5042422,5632520,8.545058617382198
2461620,590254,5042927,5633181,8.543655782087034
2461663,590256,5042958,5633214,8.543679352687647
2461713,590256,5043040,5633296,8.54381827546014
2462416,590261,5044102,5634363,8.545545106317375
2462454,590281,5044171,5634452,8.545372458202111
2463803,590281,5045146,5635427,8.54702421389135
2463826,590285,5045190,5635475,8.54704083620624
2463950,590285,5045546,5635831,8.547643934709505
2464032,590307,5045678,5635985,8.547548987221903
2464316,590307,5046000,5636307,8.548094466099842
2464403,590307,5046165,5636472,8.548373981673942
2464652,590488,5046638,5637126,8.546554714067009
2465309,590637,5047805,5638442,8.546374507523234
2465312,590640,5047815,5638455,8.5463480292564
2465505,590653,5048104,5638757,8.546649217052991
2465560,590673,5048221,5638894,8.546557909367788
2465638,590704,5048358,5639062,8.546341314770173
2465668,590704,5048358,5639062,8.546341314770173
2465702,590709,5048401,5639110,8.546341768958996
2465718,590709,5048428,5639137,8.546387476744048
2465762,590718,5048506,5639224,8.546389309281247
2465966,590812,5048825,5639637,8.545569487417318
2465992,590818,5048868,5639686,8.545555484091548
2466062,590818,5049005,5639823,8.545787365990881
2466132,590819,5049150,5639969,8.546018323716739
2466267,590874,5049249,5640123,8.545390387798413
2466315,590874,5049314,5640188,8.545500394331109
2466564,590874,5049396,5640270,8.545639171803126
2466582,590878,5049422,5640300,8.545625323670876
2466642,590897,5049499,5640396,8.54548085368516
2466743,590928,5049725,5640653,8.545415008258198
2466870,590933,5049975,5640908,8.54576576363141
2466898,590951,5050017,5640968,8.545576536802544
2466909,590951,5050017,5640968,8.545576536802544
2466913,590951,5050019,5640970,8.545579921177898
2467013,591037,5050289,5641326,8.54479330397251
2467107,591037,5050416,5641453,8.545008180536922
2467230,591050,5050481,5641531,8.544930208950174
2467305,591065,5050541,5641606,8.544814868077115
2467315,591065,5050553,5641618,8.54483517041273
2469220,591117,5056270,5647387,8.55375500958355
2469244,591119,5056274,5647393,8.553732835520428
2469294,591119,5056356,5647475,8.553871555473602
2469303,591124,5056369,5647493,8.553821194876202
2469349,591160,5056481,5647641,8.553489748968131
2469375,591169,5056511,5647680,8.553410276925888
2469395,591169,5056547,5647716,8.553471173217812
2469414,591184,5056589,5647773,8.553325191480148
2469470,591200,5056655,5647855,8.553205345060894
2469511,591200,5056734,5647934,8.553338971583221
2469565,591208,5056761,5647969,8.553268900285516
2469577,591208,5056780,5647988,8.553301037874995
2469593,591213,5056819,5648032,8.553294667065845
2469664,591247,5056993,5648240,8.553097098167095
2469812,591247,5056993,5648240,8.553097098167095
2469844,591251,5057021,5648272,8.553086590974054
2469898,591268,5057140,5648408,8.553041936989656
2469971,591291,5057251,5648542,8.552896966130044
2469975,591291,5057279,5648570,8.552944320140169
2470016,591314,5057352,5648666,8.552735095059477
2470073,591314,5057352,5648666,8.552735095059477
2470113,591325,5057415,5648740,8.552682534984992
2470279,591325,5057731,5649056,8.553216928085233
2470452,591325,5057871,5649196,8.553453684522047
2470616,591377,5058085,5649462,8.553063443454851
2470654,591389,5058147,5649536,8.552994729357495
2470699,591389,5058250,5649639,8.55316889560002
2470732,591389,5058314,5649703,8.5532771154012
2470762,591395,5058369,5649764,8.553283338546995
2470773,591395,5058387,5649782,8.55331377505728
2470829,591405,5058404,5649809,8.553197893152747
2470842,591407,5058429,5649836,8.553211240313354
2470876,591417,5058472,5649889,8.553139324706594
2470880,591417,5058478,5649895,8.553149469832622
2470915,591420,5058506,5649926,8.553153427344357
2470999,591443,5058594,5650037,8.552969601466245
2471017,591450,5058633,5650083,8.55293431397413
2471240,591468,5059197,5650665,8.553627584248007
2471359,591468,5059347,5650815,8.553881190529326
2471369,591468,5059363,5650831,8.553908241866
2471413,591494,5059441,5650935,8.55366411155481
2471435,591501,5059478,5650979,8.553625437657756
2471633,591546,5059600,5651146,8.55318098677026
2471724,591546,5059780,5651326,8.553485274179861
2471757,591559,5059817,5651376,8.553359850834829
2471907,591621,5060108,5651729,8.55295535486401
2471940,591621,5060174,5651795,8.553066912770168
2471950,591625,5060195,5651820,8.553044580604269
2471974,591625,5060257,5651882,8.55314937671667
2471991,591628,5060290,5651918,8.553161784094058
2472018,591628,5060329,5651957,8.553227703895015
2472209,591753,5060639,5652392,8.551944814812938
2472251,591768,5060727,5652495,8.551876748996229
2472502,591982,5061345,5653327,8.549829217780271
2473700,592053,5063870,5655923,8.553068728644226
2473783,592053,5064052,5656105,8.553376133555611
2473980,592129,5064500,5656629,8.553034896112164
2474017,592157,5064589,5656746,8.552780765911743
2474124,592224,5064815,5657039,8.5521947776517
2474160,592234,5064838,5657072,8.55208920798198
2474296,592234,5065197,5657431,8.552695387296238
2474343,592245,5065288,5657533,8.55269018733801
2474653,592245,5065737,5657982,8.553448319529924
2475007,592403,5066392,5658795,8.552272692744635
2475030,592413,5066425,5658838,8.552184033773736
2475088,592419,5066478,5658897,8.552186881244525
2475177,592433,5066559,5658992,8.55212150572301
2475185,592433,5066586,5659019,8.552167080496867
2475210,592442,5066662,5659104,8.552165444043467
2475214,592442,5066667,5659109,8.552173883688193
2475274,592477,5066764,5659241,8.551832391805927
2475618,592619,5067316,5659935,8.55071470877579
2475673,592631,5067383,5660014,8.550654623197234
2475942,592758,5067957,5660715,8.549790977093519
2476146,592807,5068225,5661032,8.549536358376335
2476156,592807,5068225,5661032,8.549536358376335
2476168,592807,5068259,5661066,8.549593712624851
2476203,592811,5068301,5661112,8.549606873016863
2476452,592858,5068810,5661668,8.549787638861245
2476469,592858,5068855,5661713,8.549863542365962
2476494,592871,5068896,5661767,8.549745222822503
2476514,592871,5068917,5661788,8.549780643681341
2476557,592893,5069042,5661935,8.549674224522805
2476838,592893,5069403,5662296,8.550283103359291
2477285,593007,5070061,5663068,8.549748991158621
2477333,593047,5070177,5663224,8.549367925307775
2477561,593056,5071550,5664606,8.551553310311336
2477599,593064,5071572,5664636,8.551475051596455
2478615,593457,5072771,5666228,8.547832446158694
2479112,593648,5073307,5666955,8.545985162924831
2479224,593661,5073616,5667277,8.546318521850012
2479417,593723,5073817,5667540,8.545764607401095
2479513,593759,5074063,5667822,8.54566078156289
2479556,593803,5074177,5667980,8.545219542508205
2479565,593803,5074217,5668020,8.545286904916276
2479625,593803,5074257,5668060,8.545354267324349
2479725,593848,5074458,5668306,8.545045196750683
2479752,593855,5074483,5668338,8.544986570795901
2479761,593863,5074512,5668375,8.544920293064225
2480107,593871,5074835,5668706,8.545349074125525
2480235,593894,5075077,5668971,8.545425614671979
2480262,593894,5075096,5668990,8.545457606913018
2480315,593907,5075157,5669064,8.545373265511268
2480325,593915,5075164,5669079,8.545269946036049
2480376,593915,5075288,5669203,8.545478730121314
2480602,593915,5075325,5669240,8.545541028598368
2480617,593919,5075355,5669274,8.545533986957818
2481405,594227,5077131,5671358,8.544093418844987
2481545,594227,5077392,5671619,8.544532644931987
2481571,594237,5078421,5672658,8.546120487280328
2481615,594271,5078505,5672776,8.545772888126798
2481745,594271,5078891,5673162,8.546422423439811
2481862,594293,5078957,5673250,8.54621710166534
2482067,594345,5079421,5673766,8.546250073610445
2482153,594405,5079639,5674044,8.545754157518864
2482220,594414,5079680,5674094,8.545693742072023
2482231,594416,5079689,5674105,8.545680129740788
2482301,594469,5079783,5674252,8.545076362266157
2482340,594491,5079860,5674351,8.54488966191246
2482723,594550,5080085,5674635,8.544420149693044
2482742,594550,5080132,5674682,8.544499201076444
2482752,594550,5080148,5674698,8.544526112185686
2482768,594555,5080199,5674754,8.544540034143182
2483074,594690,5080718,5675408,8.54347307000286
2483075,594690,5080720,5675410,8.543476433099599
2483173,594690,5080802,5675492,8.543614320065917
2483375,594690,5080896,5675586,8.543772385612671
2483470,594767,5081069,5675836,8.542957158013138
2483515,594775,5081289,5676064,8.543212139044176
2483521,594775,5081337,5676112,8.543292841830944
2483557,594786,5081375,5676161,8.543198730299638
2483567,594787,5081394,5676181,8.543216311049166
2483572,594792,5081403,5676195,8.543159625549771
2483591,594798,5081427,5676225,8.543113796616666
2483752,594807,5082342,5677149,8.544522845225426
2483763,594809,5082365,5677174,8.544532782792459
2483764,594809,5082365,5677174,8.544532782792459
2483773,594809,5082379,5677188,8.544556319759788
2483807,594812,5082410,5677222,8.54456534165417
2483851,594856,5082483,5677339,8.544056040453487
2483927,594894,5082631,5677525,8.543759056235228
2485404,594894,5085555,5680449,8.548674217591705
2486829,594904,5088734,5683638,8.553874238532604
2486841,594904,5088768,5683672,8.553931390610922
2486887,594941,5088853,5683794,8.553542284024802
2486917,594953,5088913,5683866,8.553470610283501
2486942,594972,5088974,5683946,8.55329998722629
2487153,595002,5089466,5684468,8.553695617829856
2487425,595129,5089993,5685122,8.552755789081022
2487431,595129,5090004,5685133,8.552774272468659
2487461,595129,5090059,5685188,8.552866689406834
2487572,595154,5090193,5685347,8.552732570057497
2487715,595241,5090552,5685793,8.552085625822146
2487837,595241,5090739,5685980,8.552399784289053
2487868,595246,5090813,5686059,8.552452263433942
2487903,595246,5090879,5686125,8.552563141961475
2487950,595246,5090925,5686171,8.55264042093521
2488005,595246,5091003,5686249,8.552771459195021
2488010,595247,5091007,5686254,8.552763810653392
2488108,595259,5091247,5686506,8.552994578830392
2488128,595267,5091285,5686552,8.552943469065141
2488179,595275,5091306,5686581,8.552863802444248
2488398,595284,5092606,5687890,8.5549183246988
2488431,595292,5092658,5687950,8.554890709097384
2488530,595334,5092825,5688159,8.554567688054101
2488795,595454,5093185,5688639,8.553448293235078
2488801,595458,5093208,5688666,8.55342946101992
2488810,595464,5093220,5688684,8.553363427511991
2488896,595556,5093425,5688981,8.55238634150273
2489659,595556,5095016,5690572,8.555057794732988
2489769,595568,5095241,5690809,8.55526321091798
2489896,595568,5095380,5690948,8.555496601563549
2489906,595568,5095396,5690964,8.555523466673831
2489956,595593,5095455,5691048,8.555263409744574
2489972,595593,5095521,5691114,8.555374223672878
2490293,595596,5096114,5691710,8.556326771838629
2490364,595601,5096231,5691832,8.556451382720983
2490379,595605,5096246,5691851,8.556419103264748
2490441,595615,5096380,5691995,8.556500423931567
2490964,595641,5098141,5693782,8.559083407623048
2491043,595641,5098361,5694002,8.559452757617423
2491116,595676,5098544,5694220,8.559257045776564
2491221,595727,5098672,5694399,8.558739154008464
2491303,595758,5098761,5694519,8.558443193377176
2491328,595758,5098786,5694544,8.55848515672471
2491501,595758,5098975,5694733,8.558802399632066
2491617,595758,5099159,5694917,8.559111249869913
2491659,595773,5099212,5694985,8.558984713976631
2491674,595779,5099220,5694999,8.558911945536853
2491724,595806,5099334,5695140,8.558715420791332
2491896,595806,5099455,5695261,8.558918507030812
2491906,595809,5099469,5695278,8.558898908878517
2491944,595833,5099518,5695351,8.558636396439942
2492636,596118,5100298,5696416,8.555853035808347
2492715,596125,5100464,5696589,8.556031033759698
2492752,596125,5100500,5696625,8.55609142377857
2492795,596125,5100555,5696680,8.556183686307403
2492811,596127,5100568,5696695,8.556176787832124
2493184,596127,5101193,5697320,8.557225222142261
2493328,596127,5101443,5697570,8.557644595866318
2493343,596130,5101466,5697596,8.557640112056095
2493375,596133,5101488,5697621,8.55763395081299
2493385,596133,5101504,5697637,8.557660790461188
2493417,596147,5101541,5697688,8.557521886380373
2494660,596623,5104078,5700701,8.5549467586734
2494764,596680,5104268,5700948,8.554447945297312
2494840,596714,5104387,5701101,8.554159949322456
2494868,596722,5104433,5701155,8.554122355133547
2494913,596744,5104483,5701227,8.553890780636253
2494922,596746,5104520,5701266,8.553924115117654
2494934,596749,5104536,5701285,8.553907924437242
2494966,596768,5104573,5701341,8.553697584320876
2494990,596789,5104601,5701390,8.553443511860976
2495007,596794,5104631,5701425,8.553422118855082
2495026,596798,5104653,5701451,8.553401653490797
2495325,596876,5105074,5701950,8.55298923059396
2495399,596879,5105099,5701978,8.552988126571718
2495402,596880,5105102,5701982,8.552978823214046
2495449,596892,5105147,5702039,8.552882263458047
2495808,596892,5105864,5702756,8.554083485789723
2495919,596892,5106121,5703013,8.55451404944278
2495952,596902,5106161,5703063,8.554437746899826
2496047,596902,5106265,5703167,8.55461197985599
2496078,596902,5106413,5703315,8.554859926755146
2515862,596902,5165761,5762663,8.654286633316692
2516027,596902,5166009,5762911,8.654702111904466
2516030,596903,5166014,5762917,8.654695989130563
2516082,596936,5166086,5763022,8.654338153503893
2516209,597030,5166328,5763358,8.653380902132222
2516256,597039,5166447,5763486,8.653449774637838
2516385,597072,5166681,5763753,8.653363413457674
2516489,597072,5167054,5764126,8.653988128734893
2516587,597072,5167344,5764416,8.654473832301631
2516691,597112,5167454,5764566,8.65407829686893
2516938,597221,5167860,5765081,8.653178639063261
2517020,597249,5167998,5765247,8.653004023447506
2517084,597265,5168104,5765369,8.652949695696215
2517272,597321,5168350,5765671,8.652550303773014
2517273,597321,5168352,5765673,8.652553652056431
2517428,597335,5168660,5765995,8.65286648195736
2517464,597354,5168727,5766081,8.652703422091424
2517494,597363,5168760,5766123,8.652628301384585
2517521,597385,5168793,5766178,8.652364890313617
2517540,597399,5168834,5766233,8.652230753650407
2517758,597475,5169178,5766653,8.651705929118373
2517837,597521,5169285,5766806,8.651218952974038
2517999,597607,5169560,5767167,8.650434148194382
2518022,597610,5169633,5767243,8.650512876290557
2518099,597610,5169806,5767416,8.650802362744933
2518129,597621,5169840,5767461,8.65070002560151
2518210,597621,5169970,5767591,8.650917554771334
2518438,597779,5170535,5768314,8.649576181163942
2518457,597787,5170573,5768360,8.64952399433243
2518477,597800,5170622,5768422,8.649417865506859
2519783,598367,5174254,5772621,8.647291712276914
2520424,598367,5175224,5773591,8.648912790979448
2520467,598394,5175265,5773659,8.648591062076157
2520486,598404,5175297,5773701,8.648500010026671
2520616,598488,5175540,5774028,8.647692184304447
2520708,598502,5175618,5774120,8.647620225162155
2520723,598502,5175637,5774139,8.647651971087816
2520740,598510,5175651,5774161,8.647559773437369
2520741,598510,5175653,5774163,8.647563115069088
2520784,598518,5175716,5774234,8.647552788721475
2520962,598585,5175879,5774464,8.646857171496112
2520990,598612,5175949,5774561,8.646584097879762
2521012,598625,5176009,5774634,8.646496554604301
2521020,598630,5176027,5774657,8.646454404222975
2521116,598660,5176282,5774942,8.646447065112083
2521708,598666,5176345,5775011,8.646465641943921
2521731,598673,5176369,5775042,8.646404631576837
2522317,599024,5177524,5776548,8.643266379978098
2522388,599060,5177773,5776833,8.643162621440256
2522414,599073,5177802,5776875,8.6430234712631
2522447,599087,5177826,5776913,8.64286155433184
2522505,599096,5177917,5777013,8.642883611307704
2522593,599096,5178257,5777353,8.643451133040447
2522670,599125,5178415,5777540,8.64329647402462
2522708,599161,5178508,5777669,8.64293236709332
2522770,599161,5178572,5777733,8.643039183124403
2522964,599161,5178969,5778130,8.643701776317217
2522980,599166,5178999,5778165,8.643679714803577
2523006,599172,5179033,5778205,8.643649903533543
2523012,599172,5179033,5778205,8.643649903533543
2523033,599177,5179043,5778220,8.64359446373943
2523106,599198,5179138,5778336,8.64345007827129
2523150,599204,5179221,5778425,8.643502046047757
2523179,599217,5179261,5778478,8.64338127923607
2523328,599265,5179342,5778607,8.642824126221289
2523911,599265,5180556,5779821,8.644849941177943
2523938,599277,5180613,5779890,8.64477195019999
2523964,599277,5180652,5779929,8.644837028619486
2523976,599281,5180671,5779952,8.644811031886544
2524112,599344,5180902,5780246,8.644287754611709
2524144,599344,5180975,5780319,8.644409554446195
2524155,599351,5180996,5780347,8.64434363169495
2524200,599358,5181133,5780491,8.644471250905136
2526515,599366,5184151,5783517,8.649391190024126
2526954,599574,5184839,5784413,8.647538085373949
2527314,599678,5185118,5784796,8.646503623611338
2527348,599687,5185167,5784854,8.64645556765446
2527825,599697,5186254,5785951,8.648123969271149
2527890,599697,5186444,5786141,8.648440795935281
2527899,599702,5186459,5786161,8.648393702205428
2527983,599702,5186768,5786470,8.648908958115864
2528006,599702,5186830,5786532,8.649012342796922
2528023,599707,5186860,5786567,8.64899025690879
2528108,599707,5186860,5786567,8.64899025690879
2528137,599742,5186954,5786696,8.648642249500618
2528180,599761,5187086,5786847,8.648588354361154
2528193,599761,5187091,5786852,8.648596691015255
2528288,599761,5187194,5786955,8.648768426089726
2528339,599820,5187270,5787090,8.648044413323998
2528440,599858,5187539,5787397,8.647945013653231
2528531,599882,5187751,5787633,8.647952430644693
2528794,599960,5188060,5788020,8.647343156210415
2528861,599960,5188172,5788132,8.647529835322354
2528897,599984,5188249,5788233,8.64731226166031
2529006,599984,5188453,5788437,8.64765227072722
2529056,599995,5188621,5788616,8.647773731447762
2529065,600008,5188639,5788647,8.647616365115132
2529124,600013,5188794,5788807,8.647802630942996
2529169,600030,5188960,5788990,8.647834274952919
2529169,600030,5188960,5788990,8.647834274952919
2529185,600030,5188987,5789017,8.647879272703031
2529192,600034,5188995,5789029,8.647834956019159
2529388,600177,5189490,5789667,8.6465992532203
2529411,600183,5189515,5789698,8.646554467554063
2529436,600187,5189580,5789767,8.646605141397599
2529596,600213,5189666,5789879,8.646373870609267
2529623,600223,5189706,5789929,8.646296459815769
2529692,600249,5189786,5790035,8.64605522041686
2529719,600268,5189828,5790096,8.645851519654554
2529798,600304,5189943,5790247,8.645524600868892
2529885,600304,5190162,5790466,8.645889416029211
2530054,600304,5190530,5790834,8.64650243876436
2530117,600304,5190656,5790960,8.646712332418241
2530131,600304,5190682,5790986,8.646755643807138
2530143,600304,5190719,5791023,8.646817279245182
2532458,600380,5197800,5798180,8.65751690595956
2532463,600388,5197821,5798209,8.6574365243809
2532514,600412,5197862,5798274,8.657158750990986
2532538,600426,5197894,5798320,8.65701018943217
2532578,600449,5197955,5798404,8.656780176168168
2532891,600449,5198741,5799190,8.658089196584555
2532916,600460,5198780,5799240,8.657995536755154
2532998,600460,5198915,5799375,8.658220364387303
2533093,600466,5198922,5799388,8.658145506989571
2533236,600466,5199190,5799656,8.658591827014352
2533241,600470,5199202,5799672,8.658554132596134
2533255,600477,5199211,5799688,8.658468184460022
2533300,600495,5199290,5799785,8.658340202666134
2533315,600495,5199313,5799808,8.658378504400536
2533344,600495,5199393,5799888,8.658511727824544
2533414,600553,5199577,5800130,8.657981893354957
2533446,600571,5199627,5800198,8.657805654951705
2533506,600574,5199635,5800209,8.657775727886989
2533536,600577,5199739,5800316,8.657905647402414
2533601,600577,5199957,5800534,8.658268631665882
2533752,600577,5200280,5800857,8.658806447799366
2533865,600612,5200548,5801160,8.6587480769615
2533881,600620,5200567,5801187,8.658664380140522
2534312,600620,5202037,5802657,8.66111185108721
2534953,600638,5202995,5803633,8.662447264408845
2536362,600639,5203004,5803643,8.66244782639822
2536420,600661,5203102,5803763,8.662293706433413
2536640,600737,5203345,5804082,8.661602331802436
2536669,600740,5203369,5804109,8.661599027865632
2536809,600740,5203632,5804372,8.662036821253787
2536881,600774,5203798,5804572,8.66182291510618
2536890,600774,5203803,5804577,8.661831237703362
2536921,600793,5203878,5804671,8.661682143433762
2537114,600793,5204322,5805115,8.662421166691356
2537161,600801,5204365,5805166,8.662377392847215
2537286,600801,5204736,5805537,8.662994901806089
2537630,600807,5205858,5806665,8.66477587644618
2537779,600838,5206288,5807126,8.665044487865282
2537807,600842,5206347,5807189,8.665084997387
2537880,600874,5206488,5807362,8.664858189903374
2537906,600874,5206511,5807385,8.66489646747904
2538021,600912,5206724,5807636,8.664702984796442
2538042,600912,5206753,5807665,8.664751244774608
2538231,601027,5207057,5808084,8.663599139472936
2538260,601050,5207089,5808139,8.663320855170118
2538263,601050,5207098,5808148,8.663335828965977
2538298,601053,5207183,5808236,8.66343400665166
2538353,601075,5207264,5808339,8.663251674083932
2538623,601103,5207826,5808929,8.663783078773521
2538662,601103,5207879,5808982,8.663871250018715
2538670,601103,5207879,5808982,8.663871250018715
2538689,601121,5207907,5809028,8.663658398225982
2538725,601121,5207936,5809057,8.663706641424938
2538868,601193,5208181,5809374,8.663076582728008
2538939,601257,5208321,5809578,8.662387298609413
2538992,601270,5208386,5809656,8.662308114490994
2538996,601270,5208395,5809665,8.662323082808056
2539083,601305,5208517,5809822,8.662021769318399
2539197,601358,5208706,5810064,8.661572640590132
2539221,601367,5208775,5810142,8.661557750924144
2539313,601370,5209009,5810379,8.661903653324908
2539912,601765,5210461,5812226,8.658630860884232
2540130,601765,5210604,5812369,8.658868495176689
2540326,601807,5211200,5813007,8.659254545061788
2540905,601877,5211412,5813289,8.65859968066565
2540931,601886,5211467,5813353,8.658561588074818
2540966,601896,5211619,5813515,8.658670268617835
2541370,601896,5212236,5814132,8.659695362654013
2541377,601899,5212241,5814140,8.659660507826064
2541628,601921,5212904,5814825,8.660445473741571
2541653,601923,5212965,5814888,8.660518039682817
2541955,601923,5213127,5815050,8.660787177097403
2542016,601937,5213172,5815109,8.660660501015887
2542193,601937,5213486,5815423,8.661182150291475
2542199,601941,5213505,5815446,8.661156159822973
2542361,601981,5213646,5815627,8.660814876217023
2542703,601981,5213975,5815956,8.66136140509418
2542720,601981,5214013,5815994,8.661424530010084
2542731,601981,5214028,5816009,8.661449447740045
2542740,601983,5214048,5816031,8.66145389487743
2542938,601983,5214211,5816194,8.66172466664341
2542979,601998,5214248,5816246,8.66157030422028
2543030,602015,5214352,5816367,8.661498467646155
2543154,602042,5214452,5816494,8.661276123592707
2543193,602068,5214542,5816610,8.661051575569537
2543260,602068,5214694,5816762,8.661304038746454
2543291,602076,5214749,5816825,8.66128030348328
2543331,602083,5214856,5816939,8.661357321166683
2543398,602083,5215015,5817098,8.66162140435787
2543430,602097,5215096,5817193,8.661554533571833
2543446,602097,5215096,5817193,8.661554533571833
2543542,602097,5215196,5817293,8.661720619767246
2543568,602097,5215219,5817316,8.661758819592192
2543632,602106,5215355,5817461,8.661855221505848
2543665,602106,5215428,5817534,8.661976462616217
2543797,602179,5215637,5817816,8.661273475162702
2544037,602179,5216215,5818394,8.662233322649909
2544222,602220,5216318,5818538,8.661814619242138
2544290,602267,5216418,5818685,8.66130470372775
2544344,602272,5216526,5818798,8.66141211944105
2544345,602273,5216531,5818804,8.66140604011802
2544420,602273,5216698,5818971,8.661683323011326
2545286,602980,5219241,5822221,8.655744800822582
2545394,603025,5219418,5822443,8.655392396666805
2545437,603038,5219488,5822526,8.655321886846268
2545515,603068,5219594,5822662,8.655067090278376
2545515,603085,5219756,5822841,8.655091736654038
2545524,603087,5219773,5822860,8.65509122232779
2545634,603114,5220150,5823264,8.655328843303256
2545667,603120,5220209,5823329,8.655340562408808
2545717,603129,5220287,5823416,8.655340731418983
2545812,603195,5220522,5823717,8.654783279039117
2547689,603445,5221591,5825036,8.65296920183281
2547711,603458,5221618,5825076,8.6528275372934
2547839,603499,5221724,5825223,8.652415331259869
2547929,603516,5222130,5825646,8.652844332213231
2548208,603584,5222661,5826245,8.652749244512776
2549090,603584,5226436,5830020,8.659003552115363
2549131,603591,5226501,5830092,8.659010820240859
2549134,603591,5226510,5830101,8.659025730999966
2550341,603591,5230612,5834203,8.665821723650618
2550345,603591,5230622,5834213,8.665838291160735
2550383,603599,5230847,5834446,8.666096199629225
2550409,603599,5230873,5834472,8.666139274584616
2550440,603606,5230890,5834496,8.666066937704397
2550476,603617,5230930,5834547,8.66597527902627
2550523,603629,5230971,5834600,8.665870924027839
2550539,603640,5230990,5834630,8.665744483466968
2550809,603649,5231492,5835141,8.666446892150903
2550865,603675,5231699,5835374,8.666416532074377
2550895,603687,5231721,5835408,8.666280705067361
2550985,603697,5231821,5835518,8.666302797595483
2551183,603697,5231960,5835657,8.666533045550997
2551240,603715,5232008,5835723,8.666354157176814
2551273,603738,5232059,5835797,8.666108477518394
2551349,603768,5232351,5836119,8.666161505743927
2551366,603783,5232380,5836163,8.665994239652326
2551389,603795,5232423,5836218,8.665893225349663
2551420,603799,5232458,5836257,8.665893782533592
2551511,603840,5232567,5836407,8.665485890302067
2552504,603840,5233837,5837677,8.66758909644939
2552689,603924,5234341,5838265,8.667218060550665
2552739,603957,5234402,5838359,8.666845487344297
2552886,604007,5234518,5838525,8.66632009231681
2552927,604007,5234545,5838552,8.666364793785503
2553000,604009,5234801,5838810,8.666759932385114
2553001,604009,5234803,5838812,8.666763243594053
2553022,604011,5234811,5838822,8.666747791017052
2553048,604020,5234858,5838878,8.666696467004403
2553172,604048,5234975,5839023,8.666488424760946
2553272,604082,5235161,5839243,8.666308547515072
2553493,604102,5235700,5839802,8.666913865539263
2553561,604123,5235789,5839912,8.666759914785565
2553628,604123,5235849,5839972,8.666859232308653
2553756,604158,5236086,5840244,8.666749426474532
2553784,604158,5236151,5840309,8.666857014224755
2553793,604160,5236171,5840331,8.66686142743644
2553954,604228,5236409,5840637,8.666279947304659
2553960,604232,5236415,5840647,8.666232506719274
2554019,604277,5236663,5840940,8.665997547482363
2554945,604277,5238585,5842862,8.669178208007255
2555189,604400,5238839,5843239,8.667834215751158
2555209,604409,5238882,5843291,8.667776290558214
2555229,604409,5238913,5843322,8.667827580330538
2555927,604414,5240804,5845218,8.670884526169148
2555950,604420,5240839,5845259,8.670856358161544
2555964,604422,5240856,5845278,8.670855792807012
2555971,604423,5240872,5845295,8.670867918659614
2556003,604431,5240941,5845372,8.670867311570717
2556046,604441,5240989,5845430,8.670803271121581
2556165,604446,5241238,5845684,8.671143493380715
2556186,604446,5241270,5845716,8.67119643442094
2556226,604446,5241337,5845783,8.671307279723912
2556891,604452,5242627,5847079,8.673355369822582
2557005,604452,5242880,5847332,8.673773930767043
2557038,604457,5242896,5847353,8.673728652327627
2557082,604466,5242969,5847435,8.673720275416649
2557165,604527,5243088,5847615,8.673041898873004
2557193,604539,5243129,5847668,8.672937560686739
2557432,604539,5243588,5848127,8.673696816913383
2557485,604542,5243671,5848213,8.673791068279789
2557529,604550,5243724,5848274,8.67376395666198
2557545,604550,5243750,5848300,8.673806963857414
2557736,604640,5244100,5848740,8.67309473405663
2557754,604640,5244132,5848772,8.673147658110612
2557756,604642,5244136,5848778,8.673125585056942
2557874,604642,5244330,5848972,8.673446436072917
2557890,604652,5244372,5849024,8.673372452253528
2557986,604679,5244489,5849168,8.673178661736227
2558029,604686,5244547,5849233,8.673174176349377
2558072,604697,5244604,5849301,8.673110665341484
2558090,604697,5244624,5849321,8.673143739757267
2558256,604697,5245039,5849736,8.67383003388474
2558286,604704,5245126,5849830,8.673873498438905
2558571,604704,5245726,5850430,8.674865719426364
2558579,604709,5245764,5850473,8.674856831963805
2558867,604709,5246331,5851040,8.675794473044059
2558909,604715,5246397,5851112,8.675817533879597
2558925,604715,5246423,5851138,8.675860529340268
2558993,604746,5246506,5851252,8.675553042103626
2559082,604746,5246769,5851515,8.675987935430744
2560108,604746,5248070,5852816,8.67813925185119
2560151,604767,5248174,5852941,8.678009878184492
2560205,604767,5248234,5853001,8.678109089947037
2560212,604767,5248254,5853021,8.678142160534552
2560228,604775,5248279,5853054,8.678068703236741
2560266,604792,5248320,5853112,8.677892564716464
2560279,604795,5248358,5853153,8.67791235046586
2560578,605031,5248943,5853974,8.675494313514514
2560747,605095,5249244,5854339,8.67507416190846
2560908,605095,5249631,5854726,8.675713730901759
2560984,605137,5249811,5854948,8.675409039605908
2561212,605137,5250534,5855671,8.676603810376823
2561223,605140,5250558,5855698,8.676600456092805
2561302,605156,5250685,5855841,8.676580914673242
2561329,605169,5250730,5855899,8.67646888720341
2561364,605177,5250871,5856048,8.676587180279489
2561379,605177,5250900,5856077,8.676635100144255
2561380,605177,5250902,5856079,8.676638404962516
2561401,605177,5250934,5856111,8.676691282054671
2561412,605183,5250950,5856133,8.676631696528158
2561590,605277,5251187,5856464,8.675675764980332
2561663,605282,5251343,5856625,8.675861829692606
2561773,605345,5251599,5856944,8.675381807068696
2561788,605348,5251622,5856970,8.675376808050906
2561845,605368,5251687,5857055,8.675197565778172
2561995,605407,5251942,5857349,8.675059918368966
2562048,605407,5252135,5857542,8.675378712172142
2562129,605442,5252230,5857672,8.675034107313335
2562159,605455,5252334,5857789,8.675019613348638
2562189,605461,5252367,5857828,8.674988149525733
2562242,605481,5252444,5857925,8.674828772496577
2562286,605502,5252540,5858042,8.674686458508807
2562413,605502,5252931,5858433,8.675332203692143
2562935,605545,5254007,5859552,8.67649307648482
2562973,605559,5254048,5859607,8.676360189510849
2563141,605559,5254376,5859935,8.67690183780606
2563177,605576,5254462,5860038,8.676800269495489
2563177,605683,5254857,5860540,8.675919581695375
2563245,605719,5254969,5860688,8.675588845652852
2563297,605756,5255085,5860841,8.675250430866553
2563326,605773,5255143,5860916,8.675102719995774
2563365,605773,5255259,5861032,8.675294210867767
2563471,605778,5256267,5862045,8.676886582213285
2563498,605795,5256327,5862122,8.676742132239454
2563505,605804,5256341,5862145,8.676636337825435
2563533,605817,5256413,5862230,8.676568996908307
2563582,605826,5256468,5862294,8.676530885105624
2563604,605826,5256492,5862318,8.67657050044072
2563617,605831,5256515,5862346,8.67653685598789
2563744,605917,5256815,5862732,8.675800480923956
2564011,605917,5257446,5863363,8.676841877682916
2564050,605937,5257511,5863448,8.676662755368957
2566867,606203,5263305,5869508,8.682413316991173
2566975,606203,5263862,5870065,8.683332151111097
2567658,606500,5264973,5871473,8.68091178895301
2567676,606506,5264991,5871497,8.680855589227477
2567680,606506,5264997,5871503,8.68086548195731
2567811,606605,5265516,5872121,8.680304316647572
2567852,606614,5265571,5872185,8.680266198933754
2567855,606614,5265580,5872194,8.680281035386589
2567899,606639,5265616,5872255,8.679982658549813
2568015,606639,5265882,5872521,8.68042114008496
2568025,606639,5265903,5872542,8.68045575704826
2568045,606639,5265918,5872557,8.68048048345062
2568180,606662,5266014,5872676,8.680309628755387
2568201,606662,5266043,5872705,8.6803574313209
2568249,606662,5266155,5872817,8.680542048125645
2568316,606662,5266307,5872969,8.680792599503512
2569218,606672,5267558,5874230,8.682711580557534
2569231,606672,5267572,5874244,8.682734657277738
2569246,606672,5267593,5874265,8.682769272358046
2569390,606672,5267788,5874460,8.683090698103753
2569782,606672,5268894,5875566,8.68491375899992
2569815,606690,5268942,5875632,8.684735202492211
2569852,606695,5268971,5875666,8.684711428312413
2569883,606695,5269027,5875722,8.68480373169385
2569972,606698,5269447,5876145,8.685453059017831
2570020,606727,5269558,5876285,8.685220865397453
2570167,606735,5269718,5876453,8.685370054471887
2570232,606762,5269795,5876557,8.685110471651159
2570539,606896,5270481,5877377,8.684323178930162
2570563,606902,5270506,5877408,8.684278516136049
2570572,606906,5270515,5877421,8.684236109051485
2570648,606923,5270748,5877671,8.684376766080705
2570664,606923,5270774,5877697,8.68441960512289
2570707,606932,5270821,5877753,8.684368265308139
2570724,606932,5270866,5877798,8.684442408704765
2570822,606962,5271004,5877966,8.684240529061128
2571188,606978,5271776,5878754,8.685283486386657
2571429,607113,5272284,5879397,8.684188940114938
2571631,607206,5272547,5879753,8.683291996455898
2571713,607253,5272667,5879920,8.682817540629689
2571786,607267,5272783,5880050,8.68280838576771
2571816,607276,5272826,5880102,8.682750512122988
2572010,607340,5273092,5880432,8.682273520598018
2572306,607465,5273558,5881023,8.68125406402015
2572459,607465,5273849,5881314,8.681733103964838
2572513,607511,5274022,5881533,8.681360502114366
2572552,607511,5274070,5881581,8.681439513029394
2572568,607518,5274107,5881625,8.681400386490607
2572882,607518,5274951,5882469,8.682789645738891
2572973,607518,5275066,5882584,8.682978940541679
2572989,607518,5275118,5882636,8.683064534713374
2573043,607530,5275164,5882694,8.682968742284332
2573057,607551,5275205,5882756,8.682736099520863
2573090,607588,5275253,5882841,8.68228635193585
2573148,607603,5275323,5882926,8.682187217640466
2573179,607603,5275372,5882975,8.682267862403576
2573225,607626,5275460,5883086,8.68208404511986
2573446,607626,5276019,5883645,8.683004018919533
2573709,607626,5276469,5884095,8.683744606057015
2573719,607626,5276485,5884111,8.683770938044125
2573787,607626,5276597,5884223,8.6839552619539
2574200,607626,5277560,5885186,8.685540118428111
2574833,607626,5278448,5886074,8.687001543712745
2574844,607626,5278458,5886084,8.687018001204688
2575745,607977,5279621,5887598,8.683915674441632
2575771,607985,5279649,5887634,8.683847463342023
2575900,607985,5279876,5887861,8.684220827816477
2577242,607985,5283172,5891157,8.68964201419443
2577259,607988,5283219,5891207,8.689676440982387
2577332,607988,5283341,5891329,8.689877102837556
2577357,607997,5283367,5891364,8.689791232522529
2577426,608017,5283489,5891506,8.689706044403364
2577479,608051,5283544,5891595,8.68931060059107
2577649,608060,5284523,5892583,8.690792027102589
2577656,608060,5284528,5892588,8.69080024997533
2577709,608084,5284608,5892692,8.690588800231547
2577723,608084,5284643,5892727,8.690646358068951
2577734,608084,5284669,5892753,8.690689115319595
2577766,608084,5284718,5892802,8.69076969629196
2577841,608093,5284876,5892969,8.69090089838232
2577859,608108,5284906,5893014,8.69073585613082
2577922,608144,5284998,5893142,8.690372674892789
2578028,608179,5285091,5893270,8.69002546947527
2578043,608185,5285112,5893297,8.689974267698151
2578797,608202,5286387,5894589,8.691827715134117
2578819,608216,5286410,5894626,8.691665460954662
2579237,608421,5287077,5895498,8.689833191162041
2579244,608421,5287077,5895498,8.689833191162041
2579586,608424,5287623,5896047,8.690687744073212
2579642,608424,5287815,5896239,8.691003313478758
2579667,608424,5287842,5896266,8.691047690426414
2579965,608424,5288401,5896825,8.691966457601936
2580011,608433,5288431,5896864,8.69188719218057
2580019,608437,5288441,5896878,8.691846485338663
2580081,608437,5288458,5896895,8.691874425782784
2580137,608452,5288545,5896997,8.69180313319703
2580145,608452,5288568,5897020,8.691840934042455
2580500,608452,5289514,5897966,8.6933956992499
2580577,608468,5289684,5898152,8.693446491845092
2580612,608483,5289768,5898251,8.693370233843838
2580793,608533,5290055,5898588,8.69312757073158
2580832,608536,5290092,5898628,8.693145516452601
2581092,608536,5290410,5898946,8.69366808208553
2581435,608766,5291074,5899840,8.69147422819277
2581451,608769,5291090,5899859,8.691457679349638
2581482,608778,5291150,5899928,8.69142774541787
2581487,608778,5291154,5899932,8.691434315957542
2581498,608778,5291164,5899942,8.691450742306719
2581773,608800,5292054,5900854,8.69259855453351
2581821,608805,5292134,5900939,8.69265856883567
2581900,608841,5292244,5901085,8.692325254048265
2581932,608859,5292315,5901174,8.692184890097707
2581935,608859,5292324,5901183,8.692199671845206
2584291,608870,5295468,5904338,8.697206300195443
2584508,608915,5296036,5904951,8.697496366487934
2584575,608924,5296093,5905017,8.697461423757316
2584605,608932,5296152,5905084,8.697444049581891
2584698,608966,5296317,5905283,8.697229401969896
2584723,608966,5296361,5905327,8.697301655593252
2584809,609026,5296476,5905502,8.696633641256694
2584817,609026,5296476,5905502,8.696633641256694
2584882,609062,5296598,5905660,8.696319914885512
2585080,609157,5296898,5906055,8.695456179605586
2585109,609157,5296936,5906093,8.695518560896453
2585230,609157,5297132,5906289,8.695840317028287
2585258,609157,5297174,5906331,8.695909264770822
2585362,609166,5297414,5906580,8.696174770095508
2585470,609166,5297557,5906723,8.696409517274438
2585518,609171,5297656,5906827,8.696500654167712
2585591,609219,5297791,5907010,8.696037057281536
2585702,609252,5297940,5907192,8.695810600539678
2585755,609271,5298015,5907286,8.695662521275425
2585810,609287,5298093,5907380,8.695562189903937
2585891,609327,5298226,5907553,8.69520963292288
2585995,609382,5298386,5907768,8.69468740461648
2586338,609382,5299514,5908896,8.696538460276148
2586360,609384,5299521,5908905,8.696521405222322
2586380,609388,5299550,5908938,8.696511910310017
2586397,609388,5299599,5908987,8.696592318851044
2586465,609450,5299776,5909226,8.695998031011568
2586486,609450,5299807,5909257,8.696048896546067
2586681,609450,5300206,5909656,8.69670358519977
2586788,609516,5300405,5909921,8.696088371757263
2586812,609516,5300466,5909982,8.69618845116453
2586982,609516,5300811,5910327,8.696754474041699
2587008,609516,5300855,5910371,8.696826662466613
2587043,609525,5300902,5910427,8.696775357860629
2587067,609525,5300935,5910460,8.696829498379886
2587077,609525,5300952,5910477,8.696857388950413
2587090,609529,5301027,5910556,8.696923362136994
2587125,609539,5301050,5910589,8.696818415228558
2587253,609579,5301306,5910885,8.696667700166836
2587293,609591,5301334,5910925,8.696542435829926
2587324,609599,5301398,5910997,8.696533294838082
2587386,609599,5301512,5911111,8.69672030301887
2587392,609602,5301528,5911130,8.696703750971945
2587400,609602,5301557,5911159,8.696751322994347
2587405,609603,5301578,5911181,8.696771505389574
2587440,609610,5301636,5911246,8.696766785321763
2587486,609621,5301712,5911333,8.696734528502136
2587563,609644,5301893,5911537,8.696703321938704
2588637,610350,5304792,5915142,8.691393462767264
2588697,610369,5304926,5915295,8.691342450222734
2588717,610369,5304941,5915310,8.691367025520627
2588728,610369,5304967,5915336,8.691409622703643
2588762,610394,5305010,5915404,8.691124093618221
2588805,610407,5305115,5915522,8.69111101281604
2589151,610407,5305445,5915852,8.69165163571191
2589375,610501,5305841,5916342,8.690962013166235
2589597,610626,5306191,5916817,8.689756086376931
2589673,610626,5306309,5916935,8.689949330686868
2589808,610658,5306487,5917145,8.689785444553252
2589874,610703,5306593,5917296,8.689318703199428
2590055,610703,5306782,5917485,8.689628182602673
2590126,610737,5306877,5917614,8.689299976913139
2590224,610737,5307167,5917904,8.689774813053736
2590250,610747,5307212,5917959,8.689706212228632
2590259,610747,5307243,5917990,8.689756969743609
2590331,610784,5307362,5918146,8.689425394247394
2590427,610798,5307413,5918211,8.689309722690645
2590460,610802,5307474,5918276,8.689352687122833
2590632,610802,5307854,5918656,8.689974819990766
2590659,610827,5307887,5918714,8.689673180786048
2590673,610837,5307905,5918742,8.6895603900877
2590711,610846,5307983,5918829,8.68956005277926
2590727,610872,5308122,5918994,8.689417750363415
2591105,610872,5308807,5919679,8.690539098207154
2591139,610894,5308867,5919761,8.690324344321601
2591210,610926,5308975,5919901,8.690045930276334
2591226,610926,5309001,5919927,8.69008848862219
2591362,610953,5309378,5920331,8.690321514093556
2591454,611004,5309555,5920559,8.68988582726136
2591618,611004,5309840,5920844,8.690352272652879
2591790,611004,5310216,5921220,8.690967653239586
2592034,611101,5310686,5921787,8.69035724045616
2592075,611109,5310743,5921852,8.69033674843604
2592115,611109,5310792,5921901,8.690416930531214
2592123,611111,5310798,5921909,8.690398307345147
2592475,611111,5311661,5922772,8.691810489420089
2592476,611111,5311661,5922772,8.691810489420089
2592627,611111,5311910,5923021,8.692217944039626
2592644,611121,5311925,5923046,8.692100255104963
2592648,611121,5311935,5923056,8.692116618476538
2592661,611129,5311984,5923113,8.692083013569967
2592692,611136,5312009,5923145,8.692024361189654
2592701,611139,5312019,5923158,8.691998056088712
2592720,611149,5312060,5923209,8.691922918960843
2592766,611149,5312203,5923352,8.692156904453743
2592878,611202,5312408,5923610,8.69173857415388
2592913,611202,5312420,5923622,8.691758207597488
2592922,611204,5312435,5923639,8.691754307890655
2592962,611204,5312470,5923674,8.691811571913796
2593144,611248,5312733,5923981,8.69161616888726
2593148,611248,5312735,5923983,8.691619440881606
2593189,611248,5312803,5924051,8.69173068868937
2593226,611259,5312842,5924101,8.691638078130547
2593984,611461,5313393,5924854,8.689667861073723
2593995,611461,5313403,5924864,8.689684215346523
2594112,611512,5313655,5925167,8.689371590418503
2594198,611536,5313770,5925306,8.68921862326993
2594245,611558,5313844,5925402,8.689027042406444
2594295,611558,5313951,5925509,8.689202005369891
2594317,611560,5313955,5925515,8.689180129504873
2594352,611573,5314013,5925586,8.689090263958677
2594372,611573,5314034,5925607,8.689124601641995
2594423,611588,5314088,5925676,8.688999784168427
2594453,611597,5314193,5925790,8.689043602241345
2595660,611597,5318295,5929892,8.695750633178383
2596488,611903,5319593,5931496,8.693523319872595
2596488,611903,5319772,5931675,8.693815849897778
2596513,611915,5319802,5931717,8.693694385658139
2596553,611930,5319887,5931817,8.693620185315314
2596761,612030,5320267,5932297,8.692820613368626
2596799,612085,5320338,5932423,8.692155501278418
2596842,612107,5320440,5932547,8.692009730324926
2596938,612134,5320551,5932685,8.691807676097064
2597020,612192,5320730,5932922,8.691276592964298
2597055,612195,5320805,5933000,8.691356512222413
2597523,612334,5321568,5933902,8.690629623702097
2597584,612353,5321686,5934039,8.69055267141665
2597603,612359,5321743,5934102,8.690560602522376
2598073,612359,5322551,5934910,8.691880089947237
2598138,612384,5322637,5935021,8.691665686889271
2598152,612384,5322670,5935054,8.691719574645974
2598192,612389,5322711,5935100,8.691715559881056
2598270,612389,5322868,5935257,8.691971932872733
2598426,612428,5323062,5935490,8.691735191728661
2598602,612513,5323410,5935923,8.691097168549891
2599018,612513,5324152,5936665,8.692308571409914
2599057,612513,5324218,5936731,8.692416324224956
2599120,612535,5324381,5936916,8.692370231905116
2599122,612535,5324386,5936921,8.692378394703976
2599133,612539,5324409,5936948,8.692359180395044
2599146,612542,5324433,5936975,8.692355789480558
2599162,612542,5324459,5937001,8.692398235549563
2599242,612563,5324668,5937231,8.692441430514085
2599283,612571,5324719,5937290,8.692411165399603
2599332,612571,5324828,5937399,8.692589103956928
2599355,612571,5324875,5937446,8.692665829756876
2599520,612571,5325123,5937694,8.693070680786391
2599531,612571,5325133,5937704,8.693087005424678
2599689,612572,5325431,5938003,8.693559287724545
2599774,612577,5325547,5938124,8.693677692763522
2599793,612577,5325578,5938155,8.693728298646537
2599798,612577,5325586,5938163,8.693741358229252
2599865,612613,5325738,5938351,8.693478590888539
2599917,612634,5325857,5938491,8.693374837178478
2599939,612634,5325902,5938536,8.693448290496447
2600355,612634,5326557,5939191,8.69451744434687
2600381,612665,5326635,5939300,8.694204826454914
2600666,612665,5327235,5939900,8.695184154472672
2600673,612665,5327235,5939900,8.695184154472672
2600692,612670,5327281,5939951,8.695188274274894
2600732,612681,5327346,5940027,8.695138253022373
2600960,612681,5327820,5940501,8.69591190195224
2601011,612696,5327872,5940568,8.695783879770719
2601100,612745,5328029,5940774,8.695344719255155
2601114,612748,5328041,5940789,8.695321730956282
2601260,612769,5328242,5941011,8.695351755718713
2601582,612853,5328994,5941847,8.695386985133466
2601777,612853,5329464,5942317,8.696153890084572
2601797,612853,5329493,5942346,8.696201209751768
2602231,612934,5330125,5943059,8.696083101932672
2602271,612938,5330202,5943140,8.696151976219454
2602305,612938,5330278,5943216,8.696275969184486
2602366,612978,5330369,5943347,8.695856947557662
2602464,613014,5330579,5943593,8.695688842342916
2602480,613014,5330605,5943619,8.695731255729886
2602481,613014,5330607,5943621,8.695734518298114
2602505,613014,5330622,5943636,8.695758987559827
2602544,613018,5330690,5943708,8.695813173512034
2602573,613039,5330779,5943818,8.695660471846
2602939,613048,5331190,5944238,8.696203233678277
2603480,613048,5331663,5944711,8.696974788271065
2603531,613062,5331745,5944807,8.696909937330972
2603565,613077,5331779,5944856,8.696752610194151
2603613,613077,5331887,5944964,8.696928770774308
2605926,613370,5335262,5948632,8.698276733456153
2605999,613387,5335288,5948675,8.69807804860553
2606042,613423,5335339,5948762,8.697650723888735
2606047,613425,5335343,5948768,8.697628886987
2606124,613425,5335460,5948885,8.69781961935037
2606146,613425,5335465,5948890,8.697827770306068
2606318,613425,5335841,5949266,8.698440722174675
2606583,613425,5336666,5950091,8.6997856298651
2606597,613425,5336673,5950098,8.69979704120308
2606661,613444,5336716,5950160,8.699597681287942
2607040,613601,5337250,5950851,8.69824201720662
2607210,613610,5338226,5951836,8.69970502436401
2607253,613620,5338347,5951967,8.699760438056126
2607416,613620,5338617,5952237,8.700200449789772
2607543,613620,5338833,5952453,8.70055245917669
2607578,613638,5338901,5952539,8.700408058171105
2607586,613643,5338913,5952556,8.700356722068042
2607613,613653,5338951,5952604,8.700276866567913
2607648,613664,5339006,5952670,8.700210538666111
2607778,613681,5339259,5952940,8.70038179445021
2607780,613681,5339259,5952940,8.70038179445021
2607817,613705,5339318,5953023,8.700137688303013
2607867,613737,5339390,5953127,8.69980138072171
2608014,613737,5339646,5953383,8.700218497499744
2608045,613768,5339710,5953478,8.699883343543489
2608144,613768,5339879,5953647,8.700158691883578
2608172,613770,5339894,5953664,8.70015478110693
2608373,613897,5340275,5954172,8.698975561046886
2608429,613923,5340355,5954278,8.698737463818752
2608461,613942,5340409,5954351,8.69855621540797
2608601,614007,5340546,5954553,8.697858493469944
2608626,614022,5340595,5954617,8.697725814384501
2608630,614023,5340598,5954621,8.697716535048361
2608714,614041,5340679,5954720,8.69759348317132
2608770,614057,5340781,5954838,8.697532965180757
2608787,614063,5340799,5954862,8.697477294674977
2610210,614063,5343971,5958034,8.702642888433271
2610323,614124,5344147,5958271,8.702065055265711
2610370,614135,5344270,5958405,8.70210947104464
2611834,614135,5346356,5960491,8.705506118361598
2611893,614156,5346402,5960558,8.705283348204691
2611914,614168,5346459,5960627,8.70520606739524
2612204,614390,5347074,5961464,8.703061573267794
2612302,614390,5347196,5961586,8.703260144208077
2612332,614402,5347213,5961615,8.703117828392486
2612362,614408,5347233,5961641,8.70306538977357
2612478,614500,5347440,5961940,8.702099267697315
2612534,614500,5347518,5962018,8.702226200162734
2612589,614553,5347639,5962192,8.701672597806862
2612849,614553,5348135,5962688,8.702479688489031
2612947,614556,5348275,5962831,8.702665013440598
2612948,614556,5348275,5962831,8.702665013440598
2612965,614565,5348330,5962895,8.702627061417425
2613069,614597,5348411,5963008,8.702305738557136
2613272,614597,5348910,5963507,8.703117652705757
2613358,614603,5349084,5963687,8.703315798979178
2613404,614638,5349226,5963864,8.703051226901037
2613424,614649,5349255,5963904,8.702942655076312
2613492,614662,5349295,5963957,8.702823665689436
2613532,614674,5349351,5964025,8.702744869638215
2613560,614691,5349376,5964067,8.702544855870674
2613701,614691,5349795,5964486,8.703226499167874
2613732,614708,5349826,5964534,8.70303623834406
2613737,614710,5349831,5964541,8.703016056351776
2613764,614710,5349886,5964596,8.703105529436645
2613781,614710,5349931,5964641,8.703178734687901
2613784,614711,5349934,5964645,8.703169456866723
2613880,614711,5350033,5964744,8.703330508157492
2613923,614711,5350066,5964777,8.703384191921081
2613939,614716,5350083,5964799,8.703341055056319
2614208,614748,5350479,5965227,8.703532179039216
2614211,614748,5350486,5965234,8.70354356581884
2614243,614756,5350516,5965272,8.70347910390464
2614256,614756,5350539,5965295,8.70351651712224
2614265,614758,5350555,5965313,8.70351422836303
2614452,614758,5351083,5965841,8.70437310291204
2614488,614782,5351215,5965997,8.70424800986366
2614545,614782,5351335,5966117,8.704443201004583
2614873,614820,5351902,5966722,8.70482742916626
2614898,614836,5351964,5966800,8.704701741602639
2614952,614848,5352002,5966850,8.704593655667741
2615014,614859,5352090,5966949,8.704581050289578
2615040,614870,5352161,5967031,8.704540797241693
2615105,614870,5352304,5967174,8.704773366727926
2615125,614870,5352325,5967195,8.704807520288842
2615159,614871,5352394,5967265,8.704905581821228
2615346,614887,5352738,5967625,8.705238523501066
2615390,614900,5352829,5967729,8.705202471946658
2615514,614977,5353028,5968005,8.704436100862308
2615519,614980,5353054,5968034,8.704435916615175
2615638,614980,5353214,5968194,8.704696087677648
2615650,614980,5353229,5968209,8.704720478714755
2616106,615072,5353609,5968681,8.704036275427917
2616117,615076,5353638,5968714,8.704026819449954
2616184,615114,5353792,5968906,8.703739469431683
2616514,615114,5354514,5969628,8.704913235595352
2616644,615175,5354823,5969998,8.704552363148698
2616670,615185,5354897,5970082,8.704531157294147
2616720,615197,5354993,5970190,8.704517414746821
2616741,615201,5355006,5970207,8.704481949801773
2616763,615201,5355043,5970244,8.704542092746923
2616790,615201,5355069,5970270,8.70458435535703
2617183,615332,5355476,5970808,8.703392640070726
2617252,615350,5355559,5970909,8.703272934102543
2617300,615350,5355671,5971021,8.703454944340619
2617326,615362,5355745,5971107,8.703405475151213
2617361,615384,5355817,5971201,8.703211328211328
2617402,615407,5355885,5971292,8.702996553500366
2617412,615407,5355901,5971308,8.703022552554652
2617491,615407,5356005,5971412,8.7031915464075
2617574,615444,5356276,5971720,8.703108650015274
2617977,615451,5356916,5972367,8.704049550654723
2618138,615451,5357280,5972731,8.704640986853542
2618200,615464,5357363,5972827,8.70459198263424
2618328,615513,5357593,5973106,8.704272696108774
2618348,615516,5357632,5973148,8.70429363330929
2618376,615523,5357660,5973183,8.704240133999868
2618379,615523,5357666,5973189,8.70424988180783
2618387,615523,5357683,5973206,8.704277500597053
2618446,615547,5357818,5973365,8.7041574404554
2619511,615552,5359142,5974694,8.706237653358286
2619560,615565,5359217,5974782,8.706175627269257
2619579,615565,5359242,5974807,8.706216240364544
2619592,615566,5359271,5974837,8.706249208045929
2619607,615566,5359302,5974868,8.706299568202272
2619634,615568,5359317,5974885,8.70629564889663
2619670,615589,5359397,5974986,8.706128602038048
2619825,615640,5359657,5975297,8.705829705672146
2619949,615699,5359860,5975559,8.705325167005306
2620006,615730,5360007,5975737,8.705125623243955
2620011,615734,5360020,5975754,8.705090185047439
2620020,615734,5360027,5975761,8.705101553592948
2620109,615805,5360234,5976039,8.704434033500865
2620156,615819,5360290,5976109,8.704327083120203
2620172,615819,5360316,5976135,8.704369303318021
2620272,615829,5360615,5976444,8.704713483775528
2620277,615831,5360623,5976454,8.704698204539882
2620339,615860,5360732,5976592,8.704465300555322
2620420,615869,5360855,5976724,8.70453781567184
2620441,615874,5360908,5976782,8.704553204064467
2621212,615874,5362039,5977913,8.706389618655765
2621249,615874,5362120,5977994,8.70652113906416
2621421,615874,5362496,5978370,8.707131653552512
2621447,615874,5362548,5978422,8.707216086407284
2621502,615884,5362603,5978487,8.707164011404744
2621547,615884,5362702,5978586,8.707324755960538
2621866,615884,5363288,5979172,8.708276233836242
2622095,615984,5363633,5979617,8.707422595392089
2622145,615996,5363764,5979760,8.70746563289372
2622203,616008,5363854,5979862,8.707442111141413
2622204,616008,5363856,5979864,8.707445357852496
2622269,616008,5363960,5979968,8.707614186828742
2622278,616008,5363960,5979968,8.707614186828742
2622318,616008,5364027,5980035,8.707722951649979
2622497,616102,5364382,5980484,8.706970599024187
2622582,616102,5364579,5980681,8.707290351273004
2622620,616119,5364640,5980759,8.707149105935704
2622716,616187,5364862,5981049,8.706548499075767
2622735,616187,5364884,5981071,8.706584202522935
2622821,616236,5365061,5981297,8.706179126178931
2622837,616244,5365092,5981336,8.70611640843562
2622854,616250,5365113,5981363,8.706065720081137
2623018,616309,5365329,5981638,8.70558275150939
2623197,616309,5365690,5981999,8.706168496646974
2623230,616309,5365754,5982063,8.706272340660286
2623248,616314,5365778,5982092,8.70624065005825
2623647,616314,5366611,5982925,8.70759223382886
2623667,616326,5366637,5982963,8.707464880598904
2623790,616332,5367246,5983578,8.70836821712973
2623911,616415,5367614,5984029,8.707792639698905
2624021,616437,5368081,5984518,8.708239447015673
2624031,616437,5368093,5984530,8.708258913725166
2624112,616437,5368137,5984574,8.708330291659975
2624241,616484,5368281,5984765,8.70789996171839
2624253,616493,5368303,5984796,8.70780852337334
2624340,616493,5368498,5984991,8.708124828667966
2624366,616505,5368577,5985082,8.708083470531463
2624398,616522,5368616,5985138,8.7079066116051
2624723,616522,5369222,5985744,8.708889544898641
2624734,616522,5369234,5985756,8.708909008924255
2624793,616539,5369361,5985900,8.708874864363812
2624809,616539,5369387,5985926,8.708917035256489
2624814,616540,5369394,5985934,8.708914263470334
2625346,616540,5370712,5987252,8.711051999870243
2625672,616658,5371221,5987879,8.710210521877604
2625741,616678,5371309,5987987,8.710070733835162
2625833,616678,5371455,5988133,8.710307486240794
2626138,616678,5372294,5988972,8.711668001777264
2626139,616679,5372300,5988979,8.711663604565747
2626850,616710,5372927,5989637,8.712242382967684
2626917,616732,5372986,5989718,8.712027266300435
2626937,616733,5373028,5989761,8.712081240990834
2627018,616745,5373205,5989950,8.712198720703046
2627029,616745,5373215,5989960,8.712214934859626
2627108,616765,5373253,5990018,8.711994033383865
2627113,616766,5373257,5990023,8.711986393543095
2627331,616840,5373603,5990443,8.711502172362364
2627375,616874,5373679,5990553,8.711145225767337
2627378,616874,5373688,5990562,8.711159815456641
2627400,616891,5373736,5990627,8.710997566831093
2627421,616910,5373773,5990683,8.710789256131365
2627819,616962,5374934,5991896,8.711936877797985
2628229,616962,5375789,5992751,8.71332270058772
2628255,616980,5375825,5992805,8.713126843657816
2628541,617093,5376363,5993456,8.712403154791904
2628553,617099,5376391,5993490,8.712363818447283
2628556,617099,5376400,5993499,8.712378402817052
2628557,617099,5376402,5993501,8.712381643788111
2629108,617337,5377535,5994872,8.710858088855844
2629116,617337,5377535,5994872,8.710858088855844
2629125,617339,5377555,5994894,8.71086226530318
2629149,617339,5377570,5994909,8.710886563136299
2629189,617339,5377670,5995009,8.711048548690428
2629236,617339,5377742,5995081,8.7111651782894
2629269,617339,5377742,5995081,8.7111651782894
2629285,617346,5377767,5995113,8.711106899534458
2629297,617358,5377788,5995146,8.710971591847843
2629319,617358,5377812,5995170,8.711010467184357
2629322,617358,5377821,5995179,8.71102504543555
2629343,617358,5377858,5995216,8.71108497824601
2629412,617358,5377990,5995348,8.71129879259684
2629454,617367,5378044,5995411,8.711259267178194
2629489,617394,5378135,5995529,8.711025698338501
2629551,617421,5378203,5995624,8.710754898197502
2629583,617446,5378256,5995702,8.710488042679035
2629614,617451,5378348,5995799,8.710566506492013
2630065,617577,5378948,5996525,8.709760888115976
2630115,617577,5379032,5996609,8.709896903544012
2630261,617642,5379424,5997066,8.709614954941536
2630293,617659,5379453,5997112,8.709422189266245
2630323,617659,5379494,5997153,8.709488568935287
2630367,617659,5379560,5997219,8.709595424012278
2630443,617707,5379665,5997372,8.709088613209822
2630592,617707,5380084,5997791,8.709766928333336
2630682,617742,5380176,5997918,8.709422380216983
2630779,617760,5380299,5998059,8.709367715617716
2630869,617799,5380511,5998310,8.709161070186259
2630888,617804,5380518,5998322,8.709101915817962
2631122,617889,5381026,5998915,8.70872600094839
2631248,617889,5381361,5999250,8.709268169525595
2631510,618027,5381662,5999689,8.707810500188502
2631515,618028,5381665,5999693,8.707801264667621
2631596,618070,5381794,5999864,8.70741825359587
2631664,618081,5381878,5999959,8.707399192015286
2631693,618093,5381907,6000000,8.707277060248215
2631877,618172,5382192,6000364,8.706625340520114
2631961,618197,5382306,6000503,8.706457650231236
2631968,618203,5382319,6000522,8.706394177964196
2631986,618203,5382339,6000542,8.706426529796847
2632019,618216,5382391,6000607,8.706327561887754
2632042,618227,5382441,6000668,8.706253528234775
2632056,618227,5382467,6000694,8.706295583984524
2632326,618232,5383308,6001540,8.707585501882788
2634332,618235,5393800,6012035,8.724514141062864
2634367,618257,5393855,6012112,8.724292648526422
2634413,618286,5393989,6012275,8.72410017370602
2634425,618286,5394012,6012298,8.724137373319143
2634446,618286,5394055,6012341,8.72420692042194
2634473,618306,5394105,6012411,8.72400558946541
2634562,618335,5394233,6012568,8.72380343988291
2634612,618353,5394364,6012717,8.723761346674149
2634639,618363,5394397,6012760,8.723673635065488
2634651,618372,5394412,6012784,8.723570924944855
2635013,618602,5395191,6013793,8.721586739131137
2635053,618605,5395263,6013868,8.721660833649906
2635069,618605,5395289,6013894,8.721702863701392
2635245,618704,5395713,6014417,8.720992590964338
2635265,618704,5395756,6014460,8.72106209108071
2635359,618752,5395834,6014586,8.720511610467522
2635421,618779,5395961,6014740,8.720336339791752
2635648,618779,5395998,6014777,8.720396134969027
2635691,618779,5396106,6014885,8.720570672243241
2635835,618779,5396356,6015135,8.720974693711325
2635927,618779,5396546,6015325,8.72128175002707
2636036,618791,5396966,6015757,8.72179136412779
2636051,618801,5396995,6015796,8.721697282325012
2636077,618802,5397073,6015875,8.72180923784991
2636157,618802,5397167,6015969,8.721961144275552
2636290,618838,5397257,6016095,8.721599190741356
2636302,618843,5397265,6016108,8.72154165111345
2636321,618856,5397286,6016142,8.721392375609188
2636332,618865,5397303,6016168,8.721293012207832
2636333,618865,5397305,6016170,8.721296243930421
2636491,618996,5397656,6016652,8.720017576850255
2636891,619305,5398588,6017893,8.717171668241011
2636924,619323,5398656,6017979,8.717028109726266
2636964,619329,5398750,6018079,8.717095437158603
2637379,619329,5399603,6018932,8.718472734201047
2637403,619338,5399618,6018956,8.718370259858107
2637409,619340,5399624,6018964,8.718351793845061
2637418,619341,5399629,6018970,8.71834579012208
2637540,619392,5399892,6019284,8.71805254184749
2637620,619460,5400068,6019528,8.717379653246375
2637664,619487,5400162,6019649,8.717151449505801
2637673,619487,5400173,6019660,8.717169206133462
2637755,619517,5400255,6019772,8.7168794399508
2637782,619528,5400288,6019816,8.716777934169238
2637807,619528,5400322,6019850,8.716832814658902
2637818,619528,5400332,6019860,8.71684895597939
2637889,619554,5400506,6020060,8.716763994744607
2637920,619572,5400546,6020118,8.716575313280782
2638132,619598,5400664,6020262,8.716399988379562
2638141,619602,5400684,6020286,8.716375996204015
2638846,619736,5401766,6021502,8.716237236500703
2638866,619741,5401795,6021536,8.716213708629896
2638886,619741,5401890,6021631,8.716366998471942
2638903,619752,5401922,6021674,8.716263924924808
2639163,619772,5402415,6022187,8.71677810549686
2639167,619772,5402419,6022191,8.716784559483164
2639197,619780,5402475,6022255,8.716762399561135
2639356,619784,5402790,6022574,8.717214384366166
2639484,619874,5402985,6022859,8.716263305123299
2639557,619907,5403087,6022994,8.715963846189831
2639597,619920,5403118,6023038,8.715831074977416
2639605,619922,5403142,6023064,8.715841670403696
2639620,619922,5403165,6023087,8.71587877184549
2639679,619922,5403286,6023208,8.716073957691451
2639892,619985,5403543,6023528,8.715602796841859
2640065,620047,5403906,6023953,8.715316742117936
2640066,620047,5403906,6023953,8.715316742117936
2640075,620051,5403913,6023964,8.715271808286738
2640398,620326,5404952,6025278,8.713083120810671
2640485,620371,5405057,6025428,8.71262035137039
2640539,620378,5405094,6025472,8.712581684070035
2640728,620495,5405600,6026095,8.711754325175868
2640791,620518,5405665,6026183,8.711536168169175
2640848,620541,5405733,6026274,8.711322861825407
2640879,620557,5405775,6026332,8.711165936408742
2640894,620560,5405799,6026359,8.711162498388552
2640912,620571,5405808,6026379,8.711022590485214
2641181,620571,5406236,6026807,8.711712277886011
2641626,620665,5406723,6027388,8.711177527329557
2642752,620673,5408626,6029299,8.71413127363362
2642874,620717,5408856,6029573,8.713884104994708
2642911,620736,5408909,6029645,8.713702765749046
2643172,620736,5409235,6029971,8.714227948757603
2643237,620770,5409348,6030118,8.713932696489843
2643287,620784,5409374,6030158,8.71377806129024
2643478,620865,5409788,6030653,8.713308046032552
2643499,620865,5409833,6030698,8.713380525557085
2643514,620869,5409851,6030720,8.713353380503778
2643543,620878,5409901,6030779,8.713307606325236
2643665,620878,5410177,6031055,8.713752138101205
2643727,620893,5410288,6031181,8.713720399489123
2643766,620893,5410332,6031225,8.71379126516163
2644515,620903,5412169,6033072,8.716609518717094
2644787,620920,5412912,6033832,8.717567480512788
2644797,620920,5412924,6033844,8.717586806673967
2644892,620920,5413169,6034089,8.71798138246473
2644936,620939,5413257,6034196,8.717856343376724
2644999,620952,5413314,6034266,8.717765624396089
2645004,620957,5413324,6034281,8.717711532360534
2645021,620964,5413344,6034308,8.717645467370088
2645057,620978,5413396,6034374,8.717532666213618
2645068,620978,5413408,6034386,8.717551990569714
2645076,620978,5413408,6034386,8.717551990569714
2645138,620978,5413535,6034513,8.717756506671734
2645183,620999,5413586,6034585,8.717543828572992
2645209,620999,5413609,6034608,8.717580865669671
2645289,621051,5413816,6034867,8.717184257009489
2645298,621051,5413816,6034867,8.717184257009489
2645384,621051,5413958,6035009,8.717412901677962
2645385,621051,5413967,6035018,8.717427393241456
2645422,621067,5414008,6035075,8.71726882928895
2645500,621067,5414147,6035214,8.717492637670333
2645570,621067,5414227,6035294,8.717621448249545
2645580,621070,5414242,6035312,8.717603490749834
2645666,621070,5414312,6035382,8.717716199462219
2645803,621167,5414581,6035748,8.71678791693699
2645949,621167,5414784,6035951,8.717114721161941
2645960,621169,5414807,6035976,8.717123681317
2646202,621169,5415391,6036560,8.718063844139035
2646310,621169,5415584,6036753,8.718374548633303
2646364,621169,5415703,6036872,8.71856612290697
2646386,621169,5415742,6036911,8.718628907752963
2646786,621237,5416736,6037973,8.719274608563238
2646827,621264,5416808,6038072,8.719011563522109
2646870,621275,5416890,6038165,8.718989175485897
2646900,621275,5416967,6038242,8.719113114160397
2647055,621416,5417352,6038768,8.717754290201732
2647081,621431,5417390,6038821,8.717605011658575
2647201,621449,5417653,6039102,8.717775714499501
2647506,621527,5417922,6039449,8.717114461640444
2647603,621592,5418204,6039796,8.716656585026834
2647765,621643,5418573,6040216,8.716535053077088
2647822,621671,5418675,6040346,8.716306535128709
2647838,621671,5418701,6040372,8.716348357893484
2648256,621682,5419105,6040787,8.716843981328074
2648296,621693,5419166,6040859,8.716787867966987
2648309,621693,5419189,6040882,8.716824863718909
2648360,621719,5419307,6041026,8.716650126504096
2648389,621746,5419548,6041294,8.716659214534552
2648410,621746,5419591,6041337,8.716728374609568
2648448,621757,5419619,6041376,8.716619193672125
2648652,621776,5419992,6041768,8.716952728957052
2648703,621776,5420167,6041943,8.71723418079823
2648705,621776,5420172,6041948,8.717242222279406
2648817,621862,5420420,6042282,8.71643547925424
2648855,621884,5420474,6042358,8.716213956300532
2649115,621971,5420948,6042919,8.71575684396861
2649162,621982,5421040,6043022,8.715750616577328
2649261,621982,5421333,6043315,8.716221691302964
2649715,622194,5421983,6044177,8.714296505591504
2649790,622209,5422113,6044322,8.714295357347773
2649820,622217,5422169,6044386,8.714273316222476
2649876,622217,5422361,6044578,8.714581890240865
2649891,622217,5422417,6044634,8.714671890996229
2649944,622263,5422503,6044766,8.71416587520068
2650112,622263,5422819,6045082,8.714673699062937
2650136,622272,5422867,6045139,8.71462479430217
2650203,622318,5423007,6045325,8.714205599066714
2650369,622328,5423981,6046309,8.715630664215654
2650390,622333,5424000,6046333,8.71559117064337
2650771,622333,5425163,6047496,8.717459945077636
2650778,622336,5425191,6047527,8.717462913924312
2650924,622342,5425439,6047781,8.717777363571798
2651506,622342,5426970,6049312,8.72023742572412
2651541,622342,5427036,6049378,8.72034347673787
2651580,622342,5427071,6049413,8.72039971591183
2651593,622349,5427101,6049450,8.7203498358638
2651597,622349,5427110,6049459,8.720364297203016
2651611,622349,5427132,6049481,8.720399647143322
2651649,622352,5427179,6049531,8.720433131089802
2651682,622369,5427223,6049592,8.720265630196877
2651710,622387,5427287,6049674,8.720116262068455
2651900,622387,5427857,6050244,8.72103209096591
2651911,622387,5427880,6050267,8.721069045465281
2652004,622406,5427986,6050392,8.720973126865744
2652262,622406,5428553,6050959,8.721884107801017
2652301,622424,5428607,6051031,8.721718635528193
2652438,622440,5428936,6051376,8.722023006233533
2652475,622440,5428972,6051412,8.722080843133474
2652496,622459,5429000,6051459,8.721859592358694
2652526,622461,5429015,6051476,8.721855666459424
2652549,622461,5429049,6051510,8.721910288355415
2652749,622461,5429489,6051950,8.722617159950584
2652866,622465,5429558,6052023,8.722671957459456
2652901,622465,5429651,6052116,8.722821363450153
2653747,622614,5431092,6053706,8.723048309225298
2653792,622632,5431157,6053789,8.722900525511056
2653805,622634,5431207,6053841,8.722952810158136
2654014,622691,5431378,6054069,8.72242894148141
2654025,622691,5431389,6054080,8.722446606743954
2654042,622706,5431433,6054139,8.722307156186066
2654115,622746,5431531,6054277,8.72190427557945
2654181,622756,5431618,6054374,8.721903923848185
2654192,622763,5431634,6054397,8.721831579589667
2654399,622799,5432204,6055003,8.722242649715238
2654409,622802,5432212,6055014,8.722213480367758
2654436,622817,5432259,6055076,8.722078877101941
2654490,622831,5432368,6055199,8.722057829491467
2654532,622849,5432473,6055322,8.721974346912333
2654791,623003,5432822,6055825,8.720378553554317
2655020,623084,5433532,6056616,8.720384410448672
2655258,623160,5433748,6056908,8.719667501123308
2655288,623166,5433766,6056932,8.719612430716696
2655321,623174,5433808,6056982,8.719567889546099
2655419,623223,5433981,6057204,8.71915991547167
2655440,623234,5434005,6057239,8.719044532230269
2655443,623234,5434014,6057248,8.719058973034205
2655460,623242,5434039,6057281,8.718987167103629
2655524,623249,5434135,6057384,8.719043271629799
2655570,623254,5434163,6057417,8.719018249381472
2655596,623272,5434214,6057486,8.718848271701601
2655962,623537,5435288,6058825,8.71686523814946
2656035,623545,5435410,6058955,8.71694905740564
2656290,623652,5435835,6059487,8.716134959881472
2656302,623655,5435878,6059533,8.716161980582212
2656413,623655,5436142,6059797,8.71658529154741
2656427,623663,5436156,6059819,8.716495928089369
2656745,623835,5436628,6060463,8.71484927905616
2657129,623836,5438081,6061917,8.717164447066216
2657142,623843,5438094,6061937,8.717087472328775
2657154,623846,5438114,6061960,8.717077612102987
2657778,623852,5438984,6062836,8.718388335695005
2658225,623886,5439849,6063735,8.719299679749184
2658233,623891,5439860,6063751,8.719247432644485
2658265,623891,5439958,6063849,8.719404511364965
2658314,623906,5439992,6063898,8.719249374104432
2658507,623906,5440370,6064276,8.71985523460265
2658552,623906,5440474,6064380,8.720021926379935
2658605,623931,5440552,6064483,8.71979754171535
2658624,623931,5440579,6064510,8.719840815731226
2659689,624362,5441635,6065997,8.715512795461608
2659700,624365,5441654,6066019,8.71550134937096
2659795,624365,5441798,6066163,8.715731983695434
2659874,624395,5442042,6066437,8.715704001473426
2659899,624399,5442074,6066473,8.715699416558962
2659913,624399,5442100,6066499,8.715741056600027
2659928,624399,5442123,6066522,8.715777892020967
2659992,624399,5442298,6066697,8.716058161528126
2660021,624404,5442318,6066722,8.716020397050627
2660046,624416,5442358,6066774,8.715916952800697
2660204,624416,5442860,6067276,8.716720904012709
2660225,624416,5442892,6067308,8.716772151898734
2660271,624430,5442946,6067376,8.716663196835514
2660310,624430,5442999,6067429,8.71674807424371
2660509,624467,5443090,6067557,8.71637732658411
2660512,624467,5443099,6067566,8.716391738874913
2660546,624467,5443131,6067598,8.71644298257554
2660555,624473,5443145,6067618,8.716381653009817
2660651,624473,5443294,6067767,8.71662025419834
2660698,624476,5443349,6067825,8.716666453154325
2661102,624480,5444313,6068793,8.718154304381246
2661343,624624,5444745,6069369,8.716836048566817
2661367,624630,5444770,6069400,8.716792341065911
2661404,624633,5444810,6069443,8.716814513482317
2661544,624735,5445206,6069941,8.716025194682546
2661595,624735,5445206,6069941,8.716025194682546
2661600,624737,5445212,6069949,8.716006895701712
2661627,624751,5445244,6069995,8.715862799739416
2662025,624899,5445878,6070777,8.71481311379919
2662029,624899,5445880,6070779,8.714816314316394
2662158,624899,5446107,6071006,8.715179573019
2662236,624932,5446192,6071124,8.714855376264937
2662955,624932,5447313,6072245,8.716649171429852
2663006,624932,5447401,6072333,8.716789986750559
2663037,624939,5447473,6072412,8.716807560417896
2663050,624950,5447493,6072443,8.716686134890791
2663072,624950,5447517,6072467,8.716724537963037
2663102,624950,5447547,6072497,8.716772541803344
2663145,624981,5447634,6072615,8.716479380973182
2663204,624999,5447730,6072729,8.716381946211113
2663303,625077,5447977,6073054,8.715689427062586
2663380,625084,5448126,6073210,8.715830192422139
2663492,625102,5448413,6073515,8.716038342542497
2663513,625102,5448442,6073544,8.716084734971252
2663571,625121,5448577,6073698,8.716035775473868
2664569,625121,5449781,6074902,8.717961802595017
2664647,625139,5449859,6074998,8.71783555337293
2664666,625144,5449866,6075010,8.71777702417363
2664805,625226,5450169,6075395,8.717118290026326
2664867,625269,5450312,6075581,8.71674751187089
2665029,625303,5450403,6075706,8.716419080030002
2665045,625303,5450410,6075713,8.716430274602873
2665086,625329,5450450,6075779,8.716131828205633
2665210,625400,5450828,6076228,8.715746722097858
2665346,625494,5451036,6076530,8.7147694462297
2665552,625494,5451485,6076979,8.715487278854793
2665575,625504,5451512,6077016,8.715391108610017
2665618,625528,5451574,6077102,8.715155836349451
2665898,625528,5452037,6077565,8.715896011049866
2665905,625529,5452067,6077596,8.715930036816838
2665915,625529,5452083,6077612,8.715955615167323
2665935,625537,5452116,6077653,8.715896901382333
2666081,625592,5452352,6077944,8.715507870944641
2666090,625595,5452372,6077967,8.715498045860341
2666125,625595,5452406,6078001,8.715552394120797
2666161,625608,5452450,6078058,8.715441618393626
2666196,625608,5452496,6078104,8.71551514686513
2666208,625608,5452517,6078125,8.715548714210815
2666251,625624,5452599,6078223,8.715456887843178
2666282,625624,5452659,6078283,8.715552792092375
2666302,625633,5452702,6078335,8.715496145503833
2666330,625639,5452750,6078389,8.715489283756288
2666499,625673,5453030,6078703,8.715463189237829
2666528,625690,5453078,6078768,8.71530310537167
2666688,625690,5453354,6079044,8.715744218382905
2666730,625694,5453381,6079075,8.715731651574092
2666925,625770,5453734,6079504,8.71523722773543
2667003,625770,5453891,6079661,8.715488118637838
2667022,625784,5453944,6079728,8.715377830049984
2667108,625806,5454130,6079936,8.715368660575322
2667197,625838,5454225,6080063,8.715074827671058
2667235,625856,5454289,6080145,8.714926436752224
2667288,625856,5454375,6080231,8.715063848553022
2667304,625856,5454404,6080260,8.7151101850905
2667383,625881,5454506,6080387,8.714925041661274
2667398,625881,5454550,6080431,8.71499534256512
2667430,625888,5454618,6080506,8.715006518738177
2667498,625956,5454748,6080704,8.71426745649854
2667704,626036,5454908,6080944,8.71340945249155
2668096,626037,5455427,6081464,8.71422455861235
2668116,626044,5455464,6081508,8.714186223332545
2668201,626044,5455739,6081783,8.714625489582202
2668204,626044,5455748,6081792,8.714639865568554
2668283,626107,5455915,6082022,8.714029710576627
2668380,626132,5456123,6082255,8.714013977883258
2668420,626150,5456168,6082318,8.713835342968936
2668456,626160,5456232,6082392,8.713798390187812
2669286,626184,5457804,6083988,8.715974857230462
2669311,626188,5457829,6084017,8.715959104933344
2669406,626234,5457996,6084230,8.715585547894237
2669487,626234,5458185,6084419,8.715887352012187
2669565,626271,5458301,6084572,8.71555764197927
2669707,626295,5458520,6084815,8.71557333205598
2669837,626295,5458906,6085201,8.716189655034768
2669866,626296,5458940,6085236,8.716230025419291
2669896,626303,5458970,6085273,8.716180506879258
2670035,626303,5458970,6085273,8.716180506879258
2670153,626333,5459266,6085599,8.716235612685265
2670205,626349,5459314,6085663,8.716089592224144
2670642,626392,5460085,6086477,8.716722116502126
2670967,626427,5460184,6086611,8.716393131202837
2671015,626427,5460301,6086728,8.71657990476145
2671035,626427,5460322,6086749,8.716613428220686
2671094,626463,5460449,6086912,8.716315249264522
2671363,626479,5461076,6087555,8.717093470012562
2671412,626493,5461194,6087687,8.717087022520603
2671727,626515,5461858,6088373,8.717840754012274
2671741,626515,5461905,6088420,8.717915772168265
2671893,626624,5462081,6088705,8.7166801782249
2672514,626880,5463238,6090118,8.71496618172537
2672529,626880,5463238,6090118,8.71496618172537
2672542,626893,5463288,6090181,8.714865216233074
2672741,626967,5463529,6090496,8.71422100365729
2672784,626987,5463623,6090610,8.714092955675317
2672820,626996,5463718,6090714,8.714119388321457
2672855,626996,5463809,6090805,8.714264524813556
2672919,626996,5463910,6090906,8.71442561037072
2672965,627000,5464004,6091004,8.714519936204146
2672985,627000,5464025,6091025,8.714553429027113
2673005,627000,5464061,6091061,8.714610845295056
2673053,627000,5464204,6091204,8.714838915470494
2673631,627040,5464983,6092023,8.715525325338097
2673665,627052,5465010,6092062,8.71540159348826
2673751,627129,5465245,6092374,8.714706224716126
2674078,627177,5466106,6093283,8.715412076654596
2674081,627177,5466115,6093292,8.715426426670621
2674271,627177,5466433,6093610,8.715933460570142
2674352,627220,5466529,6093749,8.715488983131916
2674414,627244,5466619,6093863,8.715298990504493
2674460,627259,5466701,6093960,8.715221304118394
2674488,627265,5466748,6094013,8.715212868564324
2674554,627269,5466881,6094150,8.715369323209021
2674673,627269,5467031,6094300,8.715608455064732
2674692,627279,5467049,6094328,8.715498207336767
2674743,627279,5467049,6094328,8.715498207336767
2674799,627294,5467081,6094375,8.715340813079672
2674912,627346,5467249,6094595,8.714886203147865
2674978,627382,5467415,6094797,8.714650723163878
2675238,627506,5467966,6095472,8.71380672057319
2675259,627516,5467983,6095499,8.713694949610847
2675332,627516,5468092,6095608,8.713868650361107
2675354,627520,5468129,6095649,8.713872067822539
2675470,627533,5468359,6095892,8.714058065472255
2675505,627533,5468393,6095926,8.714112245889858
2675574,627559,5468539,6096098,8.713983864465334
2675628,627593,5468620,6096213,8.71364084685457
2675637,627599,5468642,6096241,8.71359259654652
2675650,627599,5468656,6096255,8.713614903784103
2675704,627635,5468754,6096389,8.713271248416675
2675993,627635,5469111,6096746,8.713840050347734
2676018,627635,5469154,6096789,8.713908561504697
2676329,627763,5469491,6097254,8.7126686345006
2676373,627771,5469528,6097299,8.712616543293652
2676482,627771,5469932,6097703,8.71326009006469
2676526,627790,5469977,6097767,8.713068064161583
2676556,627790,5470084,6097874,8.713238503321174
2676600,627802,5470102,6097904,8.713100627267833
2676608,627802,5470117,6097919,8.713124520151258
2676627,627816,5470137,6097953,8.712962078061087
2676642,627823,5470163,6097986,8.712906344622608
2676664,627823,5470202,6098025,8.712968464041618
2677077,627961,5471167,6099128,8.712590431571387
2678322,627961,5473187,6101148,8.715807191847901
2678333,627963,5473210,6101173,8.71581605922642
2678334,627963,5473213,6101176,8.71582083657795
2678369,627967,5473251,6101218,8.71582583161217
2678610,628004,5473506,6101510,8.715718371220566
2678718,628004,5474063,6102067,8.716605308246445
2678873,628004,5474139,6102143,8.716726326583908
2679066,628016,5474389,6102405,8.71695784820769
2679143,628074,5474556,6102630,8.716418765941594
2679166,628086,5474583,6102669,8.716295220718182
2679277,628086,5474847,6102933,8.716715545323412
2679564,628288,5475242,6103530,8.714541738820413
2679586,628288,5475292,6103580,8.714621320158908
2680056,628518,5476176,6104694,8.712838773113896
2680088,628526,5476196,6104722,8.712759694905223
2680123,628538,5476238,6104776,8.712660173291034
2680186,628554,5476374,6104928,8.71265475997289
2680234,628562,5476411,6104973,8.712602734495563
2680267,628571,5476452,6105023,8.712543213097645
2680278,628581,5476466,6105047,8.712426878954343
2680525,628666,5476999,6105665,8.712096725447218
2680555,628669,5477042,6105711,8.712123549912594
2680579,628669,5477097,6105766,8.712211036332315
2680611,628686,5477193,6105879,8.712128153004839
2680678,628752,5477391,6106143,8.711528551797848
2680711,628757,5477420,6106177,8.711505398747052
2680719,628760,5477440,6106200,8.711495642216425
2680856,628760,5477802,6106562,8.712071378586424
2682122,628761,5477811,6106572,8.712071836516579
2682169,628762,5477932,6106694,8.712250422258343
2682251,628801,5478249,6107050,8.712214198132637
2682336,628858,5478399,6107257,8.711663046347507
2682878,629029,5478869,6107898,8.710041985345669
2682901,629047,5478891,6107938,8.709827723524633
2682922,629062,5478923,6107985,8.70967090684225
2683037,629062,5479226,6108288,8.71015257637562
2683152,629079,5479504,6108583,8.710359112289554
2683716,629146,5481944,6111090,8.713309788189068
2683719,629148,5481968,6111116,8.713320236256017
2683747,629161,5482003,6111164,8.713195827459108
2683808,629161,5482121,6111282,8.713383378817186
2683826,629174,5482132,6111306,8.713220826035405
2684074,629338,5482601,6111939,8.711695464122618
2684165,629362,5482702,6112064,8.711523733558748
2684216,629397,5482807,6112204,8.711206122685681
2684367,629415,5483062,6112477,8.71136213785817
2684370,629415,5483071,6112486,8.711376436850092
2684421,629423,5483127,6112550,8.71135468516403
2684500,629430,5483410,6112840,8.711707417822474
2684532,629434,5483471,6112905,8.711748968120565
2684557,629442,5483513,6112955,8.71170497043413
2684563,629442,5483532,6112974,8.711735155899987
2684600,629468,5483608,6113076,8.711496056987805
2684601,629468,5483608,6113076,8.711496056987805
2684688,629480,5483689,6113169,8.711458664294339
2684699,629482,5483724,6113206,8.711486587384547
2684717,629488,5483745,6113233,8.711436913809319
2684966,629490,5484024,6113514,8.71185245198494
2685024,629515,5484116,6113631,8.711652621462555
2685080,629515,5484204,6113719,8.711792411618468
2685177,629534,5484249,6113783,8.711600961981402
2685389,629552,5484776,6114328,8.712188985183115
2685429,629574,5484845,6114419,8.71199414207067
2686189,629657,5485940,6115597,8.712584788225971
2686206,629666,5485970,6115636,8.712507901014188
2686229,629666,5486038,6115704,8.712615894775961
2686261,629666,5486068,6115734,8.712663539082625
2686292,629675,5486144,6115819,8.712659705403581
2686308,629683,5486167,6115850,8.712585539072835
2686319,629683,5486169,6115852,8.712588715274194
2686349,629686,5486244,6115930,8.712666313051267
2686371,629686,5486297,6115983,8.71275048198626
2686380,629686,5486297,6115983,8.71275048198626
2686381,629686,5486299,6115985,8.712753658172486
2686448,629696,5486492,6116188,8.712921790832402
2686455,629699,5486509,6116208,8.712907277921675
2686485,629715,5486552,6116267,8.712754182447615
2686530,629733,5486666,6116399,8.712686170170533
2686670,629733,5486927,6116660,8.713100631537493
2686709,629753,5486980,6116733,8.712908076658627
2686742,629760,5487025,6116785,8.712882685467479
2686998,629781,5487526,6117307,8.713387669682001
2687117,629781,5487789,6117570,8.713805275167083
2687166,629804,5487888,6117692,8.713644244876184
2688284,629811,5489922,6119733,8.716776937843258
2688302,629811,5489951,6119762,8.716822983402958
2688443,629884,5490345,6120229,8.716438264823365
2688448,629886,5490357,6120243,8.71642963964908
2688494,629886,5490480,6120366,8.71662491307951
2688495,629886,5490482,6120368,8.71662808825724
2688521,629898,5490526,6120424,8.716531882939778
2688551,629899,5490619,6120518,8.716665687673737
2688571,629899,5490649,6120548,8.716713314356745
2688591,629899,5490687,6120586,8.716773641488556
2688629,629910,5490728,6120638,8.71668651077138
2688724,629960,5490877,6120837,8.71623118928186
2688735,629960,5490887,6120847,8.716247063305607
2688824,630010,5491107,6121117,8.715904509452232
2689154,630010,5491780,6121790,8.716972746464341
2689189,630010,5491809,6121819,8.717018777479723
2689229,630017,5491918,6121935,8.717094935533485
2689715,630124,5492273,6122397,8.716178085583156
2689720,630128,5492276,6122404,8.716127516948937
2689874,630205,5492604,6122809,8.71558302457137
2689888,630205,5492604,6122809,8.71558302457137
2689923,630213,5492626,6122839,8.715507296739357
2689979,630228,5492675,6122903,8.715377609373116
2690005,630240,5492726,6122966,8.715292586951003
2690332,630267,5493290,6123557,8.71581409148821
2690413,630289,5493360,6123649,8.71562092944665
2690450,630313,5493407,6123720,8.715363636796322
2690487,630338,5493468,6123806,8.715114747960618
2690508,630344,5493496,6123840,8.715076212353889
2690572,630369,5493607,6123976,8.714906665778297
2690603,630369,5493627,6123996,8.714938393226824
2690631,630389,5493699,6124088,8.714776114430931
2690669,630395,5493720,6124115,8.714726481015871
2690865,630395,5494193,6124588,8.715476804225922
2690868,630395,5494200,6124595,8.715487908374907
2690990,630395,5494436,6124831,8.715862276826435
2691144,630395,5494809,6125204,8.716453969336685
2691194,630395,5494988,6125383,8.716737918289326
2691219,630395,5495030,6125425,8.716804543183242
2691253,630407,5495070,6125477,8.716702067077302
2691334,630407,5495125,6125532,8.716789312301419
2691374,630426,5495193,6125619,8.716634466218082
2691442,630426,5495335,6125761,8.71685971073528
2691689,630426,5496156,6126582,8.718162004739652
2691876,630430,5496708,6127138,8.718982281934553
2691912,630433,5496740,6127173,8.71899155025197
2692051,630471,5496812,6127283,8.71858023604575
2692108,630516,5496928,6127444,8.718141966262554
2692161,630516,5497010,6127526,8.718272018473758
2692180,630519,5497036,6127555,8.718271772936264
2692206,630528,5497066,6127594,8.718194909663012
2692266,630540,5497182,6127722,8.718212960319725
2692290,630544,5497211,6127755,8.718203646375194
2692335,630544,5497254,6127798,8.718271841457534
2692395,630544,5497254,6127798,8.718271841457534
2692428,630549,5497358,6127907,8.718367644703266
2692436,630554,5497362,6127916,8.718304855730041
2692451,630554,5497388,6127942,8.718346089311938
2692639,630567,5497801,6128368,8.718821314784947
2692974,630715,5498288,6129003,8.717547545246267
2692975,630715,5498290,6129005,8.717550716250605
2692984,630719,5498306,6129025,8.717520797692792
2692999,630728,5498330,6129058,8.717434456691315
2693015,630739,5498368,6129107,8.717342672642726
2693044,630752,5498426,6129178,8.71725495915986
2693106,630772,5498513,6129285,8.717116485830061
2693159,630811,5498607,6129418,8.716726563106858
2693166,630814,5498625,6129439,8.716713643007289
2693182,630814,5498651,6129465,8.716754859594111
2693213,630822,5498687,6129509,8.716701383274522
2693223,630822,5498699,6129521,8.716720406073346
2694094,630822,5498934,6129756,8.717092935883656
2694146,630834,5498993,6129827,8.717020642514512
2694258,630834,5499177,6130011,8.7173123198813
2694270,630834,5499192,6130026,8.717336097927506
2694299,630852,5499304,6130156,8.717264905239263
2694347,630886,5499476,6130362,8.71706774282517
2694360,630889,5499490,6130379,8.717048482379626
2694465,630949,5499666,6130615,8.716498480859784
2694532,630998,5499808,6130806,8.716046643570978
2694573,631002,5499888,6130890,8.716118173951905
2694582,631004,5499911,6130915,8.716126997610157
2694618,631004,5499983,6130987,8.716241101482716
2694650,631009,5499999,6131008,8.716197391796314
2694815,631018,5500939,6131957,8.717562731966442
2694863,631018,5501004,6132022,8.717665740121518
2694893,631023,5501016,6132039,8.717615681203378
2694912,631029,5501029,6132058,8.717553392950245
2694965,631042,5501115,6132157,8.717510086491865
2695028,631047,5501351,6132398,8.71781499634734
2695076,631062,5501432,6132494,8.717736133692094
2695092,631068,5501453,6132521,8.717686525065444
2695166,631115,5501541,6132656,8.717176742748943
2695204,631115,5501601,6132716,8.717271812585661
2695238,631135,5501642,6132777,8.717060533800217
2695429,631260,5501896,6133156,8.71573678040744
2695457,631269,5501941,6133210,8.715683805160715
2697256,632046,5505358,6137404,8.710375510643212
2697278,632053,5505394,6137447,8.710336000303773
2697298,632062,5505415,6137477,8.710245197464806
2697327,632062,5505451,6137513,8.710302153902623
2697434,632102,5505585,6137687,8.709962949017722
2697456,632102,5505609,6137711,8.71000091757343
2697783,632102,5506178,6138280,8.710901088748335
2697804,632102,5506210,6138312,8.710951713489278
2697814,632102,5506226,6138328,8.71097702585975
2697840,632115,5506260,6138375,8.71085166464963
2697908,632133,5506407,6138540,8.71083616897077
2697972,632164,5506491,6138655,8.710541884700806
2698084,632164,5506923,6139087,8.711225251675199
2698107,632164,5506940,6139104,8.711252143431135
2698116,632170,5506957,6139127,8.711196355410728
2698195,632206,5507136,6139342,8.710983445269422
2698222,632213,5507172,6139385,8.710943938198044
2698284,632224,5507459,6139683,8.711246330414536
2698305,632224,5507491,6139715,8.711296945386446
2698334,632224,5507521,6139745,8.711344396922609
2698456,632293,5507668,6139961,8.71062624447843
2698498,632314,5507789,6140103,8.710528313464513
2698616,632314,5507983,6140297,8.71083512305595
2698735,632314,5508286,6140600,8.711314315355978
2698783,632353,5508348,6140701,8.710875096662782
2699215,632362,5508844,6141206,8.711535481259153
2699220,632365,5508856,6141221,8.711513129284512
2699267,632394,5508915,6141309,8.711206937447225
2699354,632394,5509146,6141540,8.711572216055181
2699573,632511,5509575,6142086,8.710639024459654
2699620,632520,5509645,6142165,8.710625750964397
2699767,632576,5509860,6142436,8.710194506272764
2699817,632586,5509937,6142523,8.710178536989437
2699909,632586,5510099,6142685,8.710434628651281
2700220,632619,5510409,6143028,8.710470283061369
2700244,632629,5510431,6143060,8.710367371713911
2700367,632702,5510603,6143305,8.709634235390437
2700408,632712,5510693,6143405,8.709638824615308
2700494,632734,5510909,6143643,8.709677368372807
2700503,632740,5510929,6143669,8.709626386825553
2700637,632814,5511293,6144107,8.709183109096827
2701366,632814,5512130,6144944,8.710505772628292
2701406,632814,5512172,6144986,8.71057214284134
2701431,632829,5512218,6145047,8.710438364866338
2701442,632834,5512242,6145076,8.710407468625263
2701531,632836,5512301,6145137,8.710473171564196
2701547,632836,5512327,6145163,8.710514256458229
2701689,632943,5512638,6145581,8.70953308591769
2701727,632943,5512744,6145687,8.709700557554156
2701777,632943,5512856,6145799,8.709877508717215
2701782,632943,5512861,6145804,8.709885408322709
2701816,632947,5512872,6145819,8.709847743965925
2701817,632947,5512874,6145821,8.709850903788153
2701829,632947,5512895,6145842,8.709884081921551
2701996,632947,5513188,6146135,8.710346995878012
2702018,632960,5513229,6146189,8.710232874115269
2702256,633086,5513512,6146598,8.708946335884857
2702281,633097,5513548,6146645,8.708851882097056
2702293,633099,5513590,6146689,8.70889071061556
2702295,633101,5513597,6146698,8.708874255450553
2702326,633101,5513597,6146698,8.708874255450553
2702380,633121,5513640,6146761,8.708667063641863
2702431,633121,5513727,6146848,8.708804478132931
2702434,633122,5513730,6146852,8.708795461222323
2703284,633289,5514435,6147724,8.707612164430458
2703304,633290,5514441,6147731,8.707607888960824
2703788,633290,5515273,6148563,8.708921663061156
2703823,633299,5515409,6148708,8.709012646475045
2703904,633310,5515435,6148745,8.708902433247541
2703917,633316,5515449,6148765,8.708842031466125
2703922,633318,5515457,6148775,8.708827161078636
2703949,633326,5515525,6148851,8.708824523231321
2704112,633326,5515878,6149204,8.709381898106189
2704143,633334,5515929,6149263,8.709352411207988
2704173,633334,5515990,6149324,8.709448726896078
2704205,633341,5516027,6149368,8.709410886078748
2704311,633346,5516415,6149761,8.709954748273455
2704368,633366,5516516,6149882,8.709839176716148
2704377,633368,5516530,6149898,8.709833777519547
2704543,633368,5516945,6150313,8.710489004812368
2704597,633368,5517054,6150422,8.710661100655543
2704675,633405,5517175,6150580,8.710343303257789
2704678,633406,5517178,6150584,8.710334287960645
2704692,633407,5517186,6150593,8.710333166510631
2704728,633407,5517211,6150618,8.710372635603964
2704783,633407,5517307,6150714,8.710524196922359
2705994,633407,5520095,6153502,8.714925790210717
2706119,633448,5520295,6153743,8.714677447872596
2706128,633450,5520311,6153761,8.714675191412109
2706148,633458,5520335,6153793,8.714603020247594
2706190,633470,5520405,6153875,8.714548439547256
2706215,633484,5520432,6153916,8.71439846941675
2706286,633512,5520685,6154197,8.714412670951774
2706329,633515,5520789,6154304,8.714535567429342
2706353,633521,5520817,6154338,8.714497230557471
2706385,633547,5520863,6154410,8.714212205250755
2706422,633547,5520911,6154458,8.714287969164086
2706462,633551,5521007,6154558,8.714384477334894
2706535,633574,5521051,6154625,8.714137575089888
2706679,633574,5521301,6154875,8.71453216198897
2706683,633574,5521306,6154880,8.714540053726953
2706725,633574,5521340,6154914,8.714593717545227
2706742,633581,5521357,6154938,8.714524267615348
2706866,633639,5521578,6155217,8.714075364679257
2706906,633667,5521656,6155323,8.713813406726246
2706936,633673,5521686,6155359,8.713778242090163
2706965,633682,5521775,6155457,8.713794931842786
2707360,633683,5522299,6155982,8.714608092689877
2707388,633683,5522346,6156029,8.71468226226678
2707414,633690,5522395,6156085,8.714663321182282
2707441,633698,5522438,6156136,8.714621160237211
2707667,633698,5522963,6156661,8.715449630581128
2708031,633971,5523720,6157691,8.712890652727017
2708032,633971,5523722,6157693,8.71289380744545
2709898,633989,5527685,6161674,8.718897331026248
2709904,633991,5527691,6161682,8.71887929008456
2709907,633992,5527696,6161688,8.718873424270338
2709963,633996,5527741,6161737,8.718889393623934
2710045,634033,5527904,6161937,8.718637673433403
2710092,634048,5527955,6162003,8.718511847683455
2710112,634055,5527983,6162038,8.718459755068567
2710246,634088,5528224,6162312,8.71838609152042
2710454,634211,5528681,6162892,8.71741581271848
2710493,634224,5528736,6162960,8.717323847725725
2710499,634227,5528747,6162974,8.71729995727082
2710526,634227,5528797,6163024,8.717378793397316
2710586,634283,5528857,6163140,8.71670374265115
2710610,634283,5528889,6163172,8.716754193317493
2710663,634299,5528966,6163265,8.716655709688963
2710700,634299,5529014,6163313,8.716731383779575
2710703,634299,5529023,6163322,8.716745572671563
2710994,634414,5529315,6163729,8.715625758574054
2711084,634414,5529581,6163995,8.716045043142175
2711087,634415,5529584,6163999,8.716036033195936
2711125,634415,5529663,6164078,8.716160557363871
2711135,634415,5529679,6164094,8.716185777448516
2711160,634426,5529721,6164147,8.716100853369818
2711187,634426,5529771,6164197,8.716179664767838
2711211,634441,5529805,6164246,8.716027179832325
2711261,634473,5529893,6164366,8.715726279920501
2711295,634473,5529916,6164389,8.71576253047805
2711346,634473,5530064,6164537,8.715995794935324
2711358,634493,5530089,6164582,8.71576045756218
2711423,634500,5530127,6164627,8.715724192277383
2711486,634500,5530309,6164809,8.716011032308904
2711489,634504,5530316,6164820,8.715967117622585
2711517,634522,5530370,6164892,8.715804968149252
2711661,634522,5530565,6165087,8.716112286098827
2711737,634523,5530908,6165431,8.716639113160594
2711756,634532,5530941,6165473,8.716567485958155
2711777,634537,5530949,6165486,8.716511409106166
2711792,634544,5530968,6165512,8.716445195289847
2711888,634544,5531067,6165611,8.716601212839457
2711976,634566,5531254,6165820,8.716593703413041
2712001,634578,5531283,6165861,8.71647457050197
2712044,634578,5531391,6165969,8.716644762346
2712079,634590,5531433,6166023,8.716546116390111
2712113,634597,5531488,6166085,8.71653663663711
2712128,634603,5531507,6166110,8.716484164115203
2712284,634686,5531862,6166548,8.715903612179881
2712305,634686,5531912,6166598,8.715982391292702
2712318,634696,5531962,6166658,8.715923843855956
2712346,634719,5532004,6166723,8.715674180227786
2712379,634728,5532031,6166759,8.71559313595745
2712408,634743,5532076,6166819,8.715458067280773
2712460,634771,5532210,6166981,8.7152847247275
2712514,634799,5532319,6167118,8.715072014921258
2712535,634800,5532361,6167161,8.715124448645243
2713076,634800,5532834,6167634,8.71586956521739
2713104,634800,5532929,6167729,8.716019218651544
2713177,634823,5533020,6167843,8.715846779338493
2713192,634833,5533039,6167872,8.715739414932747
2713228,634840,5533087,6167927,8.715718921303006
2713252,634841,5533139,6167980,8.715787102597343
2713482,634929,5533353,6168282,8.714916155979646
2713534,634948,5533425,6168373,8.71476876846608
2713555,634948,5533455,6168403,8.714816016429692
2713666,634948,5533691,6168639,8.715187700410112
2713697,634952,5533708,6168660,8.715159571117187
2713749,634958,5533763,6168721,8.715163837608157
2713765,634968,5533783,6168751,8.715058081667108
2713787,634975,5533804,6168779,8.7149950785464
2713815,634988,5533838,6168826,8.71487020227154
2713838,634990,5533849,6168839,8.714860076536638
2716171,635072,5537533,6172605,8.719535737680138
2716248,635072,5537678,6172750,8.719764058248513
2716561,635072,5538140,6173212,8.7204915348181
2716607,635072,5538172,6173244,8.720541922805603
2716678,635113,5538332,6173445,8.720230888046695
2716702,635120,5538356,6173476,8.720172565814334
2716714,635122,5538368,6173490,8.720163999987404
2716787,635122,5538490,6173612,8.720356089066353
2716898,635122,5538706,6173828,8.720696181206131
2717127,635144,5539143,6174287,8.721082148300228
2717133,635146,5539162,6174308,8.721084601020868
2717184,635158,5539267,6174425,8.721085147317675
2717348,635192,5539552,6174744,8.721067015957379
2717464,635192,5539736,6174928,8.721356692149776
2717470,635197,5539753,6174950,8.721314804698386
2717516,635206,5539819,6175025,8.721295138899821
2717555,635232,5539876,6175108,8.721027907913959
2717577,635234,5539883,6175117,8.721011469789085
2717773,635234,5540211,6175445,8.721527814946933
2717783,635234,5540216,6175450,8.721535686062143
2717799,635234,5540242,6175476,8.721576615861242
2717823,635253,5540317,6175570,8.721433822429804
2717933,635283,5540510,6175793,8.721325771349147
2718019,635293,5540585,6175878,8.721306546743
2718092,635302,5540765,6176067,8.721466326251138
2718101,635304,5540785,6176089,8.721470351201944
2719156,635304,5543491,6178795,8.725729729389395
2719985,635319,5546407,6181726,8.730113533516233
2720038,635355,5546494,6181849,8.72975580580935
2720092,635365,5546575,6181940,8.729745894092373
2720113,635365,5546628,6181993,8.729829310711166
2720124,635365,5546638,6182003,8.729845049695845
2720787,635378,5548506,6183884,8.732606416967537
2720794,635380,5548506,6183886,8.732578929144763
2720804,635380,5548522,6183902,8.732604110925745
2720845,635389,5548621,6184010,8.732636227570827
2721007,635389,5548982,6184371,8.733204383456433
2721047,635404,5549010,6184414,8.7330422849085
2721327,635495,5549402,6184897,8.732408594874862
2721329,635495,5549406,6184901,8.732414889180875
2721435,635532,5549609,6185141,8.732225914666767
2721473,635538,5549715,6185253,8.732310263115659
2721578,635550,5549921,6185471,8.732469514593658
2721603,635568,5549961,6185529,8.73228513707424
2721606,635568,5549961,6185529,8.73228513707424
2721651,635595,5550013,6185608,8.731996003744523
2721874,635595,5550491,6186086,8.732748054972113
2721993,635645,5550717,6186362,8.732416679121208
2722034,635677,5550810,6186487,8.732123389708924
2722057,635683,5550881,6186564,8.732152660996125
2722122,635698,5550924,6186622,8.732014258342797
2722158,635708,5550988,6186696,8.731977574609726
2722214,635747,5551080,6186827,8.731586621722164
2722540,635871,5551822,6187693,8.731050794893934
2722541,635871,5551822,6187693,8.731050794893934
2722671,635880,5551904,6187784,8.731056174120903
2722716,635884,5551947,6187831,8.731068874197181
2722905,635966,5552177,6188143,8.730304764720126
2723289,635997,5553020,6189017,8.731204706940442
2723320,635997,5553040,6189037,8.731236153629656
2723332,636002,5553060,6189062,8.731198958493842
2723333,636002,5553062,6189064,8.73120210313804
2723336,636003,5553065,6189068,8.731193091856484
2723339,636004,5553080,6189084,8.731202948409129
2723394,636034,5553194,6189228,8.730970356930605
2723509,636097,5553395,6189492,8.730421618086549
2723574,636123,5553487,6189610,8.730209409186589
2723588,636126,5553502,6189628,8.730191817344362
2725264,636157,5555670,6191827,8.733174357902216
2725524,636215,5556099,6192314,8.73305250583529
2726067,636328,5556614,6192942,8.732311009416527
2726107,636345,5556658,6193003,8.732146870015479
2726217,636345,5556816,6193161,8.732395163001202
2726312,636358,5556884,6193242,8.732323629152145
2726329,636369,5556903,6193272,8.732202542864282
2726350,636371,5556924,6193295,8.732208098734857
2726872,636568,5557778,6194346,8.730847293611994
2726920,636590,5557851,6194441,8.73066023657299
2726948,636604,5557933,6194537,8.730597043059737
2727009,636629,5558010,6194639,8.730375147849061
2727182,636653,5558648,6195301,8.73104815338968
2727258,636679,5558853,6195532,8.731013587694898
2727266,636679,5558871,6195550,8.731041859398536
2727683,636679,5559834,6196513,8.732554395543122
2728064,636694,5560462,6197156,8.733335008654079
2728103,636706,5560490,6197196,8.733214387802219
2728132,636715,5560518,6197233,8.733134919076823
2728153,636724,5560542,6197266,8.733049170441197
2728155,636724,5560542,6197266,8.733049170441197
2728308,636790,5560791,6197581,8.732535058653559
2728331,636803,5560814,6197617,8.732392906440454
2728367,636818,5560903,6197721,8.73232697568222
2728421,636851,5560975,6197826,8.731987544967348
2728777,636981,5561379,6198360,8.73083969537553
2728789,636983,5561401,6198384,8.73084682008782
2728802,636988,5561414,6198402,8.730798696364767
2728871,636988,5561637,6198625,8.731148781452712
2728897,637003,5561680,6198683,8.731010685977932
2728945,637009,5561751,6198760,8.731039906814503
2729002,637027,5561890,6198917,8.731011401400568
2729023,637027,5561919,6198946,8.73105692537365
2729065,637032,5561974,6199006,8.731074734079293
2729092,637032,5561993,6199025,8.73110455989652
2729107,637046,5562022,6199068,8.730958203960153
2729419,637170,5562771,6199941,8.730434577899148
2729439,637175,5562796,6199971,8.730405304665123
2729669,637267,5563116,6200383,8.729647071007914
2729759,637302,5563381,6200683,8.729583462785305
2729813,637330,5563468,6200798,8.729336450504448
2729821,637335,5563487,6200822,8.729297779033004
2730209,637338,5564260,6201598,8.7304695467711
2730527,637566,5564772,6202338,8.728150497360273
2730544,637566,5564817,6202383,8.728221078288366
2730774,637573,5565032,6202605,8.728462466258765
2730817,637600,5565085,6202685,8.728175972396487
2730819,637600,5565087,6202687,8.728179109159347
2730883,637611,5565229,6202840,8.728251237823688
2730898,637623,5565257,6202880,8.728130886119228
2731013,637670,5565433,6203103,8.727763576771684
2731063,637698,5565536,6203234,8.727541877189516
2731080,637698,5565566,6203264,8.727588921401667
2731092,637698,5565591,6203289,8.727628124911792
2731154,637711,5565645,6203356,8.727534886492471
2731247,637711,5565797,6203508,8.727773238975022
2731556,637742,5566606,6204348,8.72861752871851
2731671,637790,5566743,6204533,8.728175418241113
2731709,637818,5566807,6204625,8.727892596320581
2731753,637833,5566939,6204772,8.727894292079588
2735158,637833,5572708,6210541,8.73693897932531
2735562,637833,5573325,6211158,8.737906317170795
2735633,637852,5573460,6211312,8.737857684854793
2735644,637857,5573479,6211336,8.737818978234934
2735698,637896,5573608,6211504,8.737486988474611
2735843,637896,5573944,6211840,8.738013720104846
2736331,637979,5574885,6212864,8.73835188932551
2736420,638000,5575011,6213011,8.738261755485894
2736462,638020,5575061,6213081,8.738066204821166
2736494,638039,5575124,6213163,8.737904736230858
2736734,638050,5575814,6213864,8.738835514458115
2736877,638136,5576107,6214243,8.73811695312598
2736889,638136,5576122,6214258,8.738140459087091
2736915,638136,5576141,6214277,8.7381702333045
2737192,638324,5576833,6215157,8.736680745201497
2737310,638324,5577010,6215334,8.736958033851147
2737319,638336,5577024,6215360,8.736815720874272
2737408,638397,5577144,6215541,8.736168872974027
2737415,638399,5577150,6215549,8.736150902492016
2737453,638423,5577222,6215645,8.735935265490122
2737466,638428,5577239,6215667,8.735893475850057
2737481,638434,5577253,6215687,8.735833304617236
2737534,638449,5577345,6215794,8.735772160344835
2737554,638449,5577372,6215821,8.735814450331976
2737599,638456,5577434,6215890,8.735815780570627
2737689,638496,5577505,6216001,8.735379704806295
2737702,638501,5577518,6216019,8.73533165962152
2737789,638527,5577683,6216210,8.735234375367055
2737799,638534,5577718,6216252,8.73519342744474
2737932,638534,5578382,6216916,8.736233309424401
2738174,638538,5578713,6217251,8.736696954605677
2738189,638538,5578740,6217278,8.736739238698402
2738226,638541,5578787,6217328,8.736771796955873
2738849,638831,5579806,6218637,8.734400803968498
2738920,638831,5579978,6218809,8.73467004575545
2738941,638831,5580053,6218884,8.734787447697435
2739016,638833,5580236,6219069,8.73504656146442
2739232,638870,5580538,6219408,8.735013383004366
2739524,638955,5581226,6220181,8.734928124828823
2739612,638979,5581399,6220378,8.734870786050871
2739733,638979,5581581,6220560,8.73515561544276
2740149,638979,5582236,6221215,8.736180688254231
2740178,638985,5582274,6221259,8.7361581257776
2740187,638985,5582300,6221285,8.736198815308654
2741083,638985,5584013,6222998,8.73887962941227
2741146,639006,5584147,6223153,8.738802139573025
2741194,639014,5584229,6223243,8.73882105869355
2741204,639020,5584243,6223263,8.738760915151325
2741223,639029,5584275,6223304,8.738687915571907
2741252,639031,5584290,6223321,8.7386840388025
2741492,639068,5584484,6223552,8.738481663923087
2741669,639068,5584864,6223932,8.739076279832506
2741961,639211,5585463,6224674,8.738058325028824
2741980,639211,5585490,6224701,8.738100564602298
2741996,639211,5585516,6224727,8.738141239747126
2742034,639211,5585622,6224833,8.738307069183728
2742056,639215,5585641,6224856,8.738282111652573
2742408,639319,5586089,6225408,8.737561373899414
2742471,639343,5586189,6225532,8.737389789205482
2742521,639343,5586355,6225698,8.737649430743748
2742593,639374,5586521,6225895,8.73748541542196
2742674,639404,5586704,6226108,8.737361668053374
2742964,639633,5587320,6226953,8.735196589294173
2743112,639677,5587453,6227130,8.73480365872151
2743119,639684,5587465,6227149,8.734726833874225
2743147,639684,5587523,6227207,8.734817503642423
2743165,639693,5587541,6227234,8.734722749819054
2743230,639693,5587619,6227312,8.734844683309024
2744305,639892,5589349,6229241,8.734831815368844
2744321,639892,5589375,6229267,8.73487244722547
2744411,639913,5589461,6229374,8.734720188525628
2744492,639930,5589633,6229563,8.73475692653884
2744510,639942,5589680,6229622,8.734666579158736
2744547,639961,5589759,6229720,8.734530697964408
2744654,639961,5589956,6229917,8.734838529222875
2744702,639961,5590013,6229974,8.73492759715045
2744746,639961,5590150,6230111,8.73514167269568
2744762,639968,5590180,6230148,8.735093004650233
2744765,639969,5590183,6230152,8.73508404313334
2744778,639975,5590201,6230176,8.735030274620103
2744834,639975,5590271,6230246,8.73513965389273
2744849,639975,5590285,6230260,8.735161529747256
2745033,639975,5590691,6230666,8.735795929528496
2745178,640032,5590910,6230942,8.73536010699465
2745277,640065,5591005,6231070,8.735058158155812
2745351,640084,5591042,6231126,8.734856675061398
2745462,640108,5591212,6231320,8.734794753385366
2745986,640108,5592476,6232584,8.736769420160348
2746084,640141,5592696,6232837,8.736662703998025
2746120,640155,5592732,6232887,8.736527872155962
2746190,640167,5592840,6233007,8.736532810969637
2746256,640167,5592962,6233129,8.736723386241403
2746263,640170,5592971,6233141,8.736696502491526
2746312,640170,5593080,6233250,8.736866769764282
2746325,640177,5593094,6233271,8.736793105656718
2746339,640181,5593133,6233314,8.73679943640939
2746447,640181,5593293,6233474,8.737049365726255
2746494,640181,5593407,6233588,8.737227440364522
2747958,640181,5595493,6235674,8.740485893833151
2748160,640181,5595587,6235768,8.740632727306808
2748184,640185,5595604,6235789,8.740604668962877
2748214,640205,5595642,6235847,8.740390968517897
2748300,640205,5595781,6235986,8.740608086472301
2748323,640205,5595842,6236047,8.740703368452293
2748370,640205,5595926,6236131,8.740834576424739
2748396,640218,5595964,6236182,8.740716443461446
2748397,640218,5595966,6236184,8.740719567397356
2748414,640229,5595989,6236218,8.740605314660847
2748438,640240,5596024,6236264,8.740509808821692
2748448,640243,5596036,6236279,8.74048759611585
2748502,640243,5596114,6236357,8.740609424858999
2748634,640285,5596504,6236789,8.74064518144264
2748824,640325,5596958,6237283,8.740808183344395
2748844,640325,5596989,6237314,8.740856596259713
2748903,640325,5597101,6237426,8.74103150743763
2749007,640343,5597240,6237583,8.741002868775016
2749205,640448,5597669,6238117,8.740239644748677
2749225,640448,5597690,6238138,8.740272434295992
2749322,640473,5597781,6238254,8.740073352038259
2749364,640492,5597871,6238363,8.739954597403246
2749386,640492,5597895,6238387,8.739992068597266
2749438,640506,5597985,6238491,8.739941546215023
2749457,640513,5598042,6238555,8.739935020834862
2749460,640514,5598045,6238559,8.739926059383558
2749911,640521,5598979,6239500,8.741288732141491
2750106,640594,5599338,6239932,8.740853020790079
2750130,640601,5599361,6239962,8.740793411187306
2750931,640601,5600278,6240879,8.742224879449143
2751193,640611,5600872,6241483,8.743015652244498
2751341,640640,5601129,6241769,8.743021041458542
2751416,640653,5601280,6241933,8.743079326874298
2751438,640653,5601333,6241986,8.743162054965794
2751443,640658,5601344,6242002,8.74311098901442
2753119,640658,5603543,6244201,8.746543397569374
2753207,640670,5603725,6244395,8.746663648992461
2753228,640682,5603761,6244443,8.746556013747849
2753229,640682,5603763,6244445,8.746559135421316
2753282,640682,5603956,6244638,8.746860376910854
2753345,640724,5604024,6244748,8.746393142757256
2754882,640724,5607234,6247958,8.75140310024285
2754893,640731,5607248,6247979,8.751329341018305
2754927,640740,5607296,6248036,8.751281330961076
2754953,640750,5607339,6248089,8.751211861100273
2754959,640754,5607342,6248096,8.751161912371987
2755181,640900,5607913,6248813,8.750059291621158
2755380,640900,5608170,6249070,8.750460290216882
2755387,640903,5608178,6249081,8.750431812614389
2755518,640981,5609307,6250288,8.751128348578195
2755551,640991,5609393,6250384,8.751125990848545
2755580,641007,5609435,6250442,8.750973078297116
2755607,641017,5609479,6250496,8.750905202202127
2755618,641017,5609489,6250506,8.750920802412416
2755661,641025,5609540,6250565,8.750891150891151
2755822,641025,5609889,6250914,8.751435591435591
2755829,641025,5609904,6250929,8.75145899145899
2755851,641030,5609918,6250948,8.751412570394521
2755892,641037,5610019,6251056,8.751474563870728
2756131,641057,5610566,6251623,8.75205480947872
2756141,641061,5610576,6251637,8.752015798808538
2756216,641080,5610611,6251691,8.751811006426655
2756253,641112,5610686,6251798,8.751491159111044
2756416,641121,5611613,6252734,8.752814211357919
2756503,641121,5611844,6252965,8.753174517758739
2756505,641121,5611844,6252965,8.753174517758739
2756552,641127,5611910,6253037,8.75319554472047
2756629,641135,5612122,6253257,8.753416987062007
2756630,641135,5612124,6253259,8.753420106529825
2756651,641145,5612155,6253300,8.75333192959471
2756666,641152,5612190,6253342,8.753290951287681
2756692,641154,5612256,6253410,8.753366585874845
2756775,641154,5612393,6253547,8.75358026308812
2756904,641219,5612634,6253853,8.753068764337925
2756915,641228,5612647,6253875,8.75296618363515
2756928,641229,5612665,6253894,8.75298060443305
2757105,641229,5612894,6254123,8.753337731138174
2757112,641231,5612910,6254141,8.75333538147719
2757278,641231,5613226,6254457,8.753828183603101
2757309,641240,5613288,6254528,8.753802008608321
2757346,641252,5613335,6254587,8.753711489398864
2757348,641252,5613340,6254592,8.7537192866455
2757385,641261,5613356,6254617,8.753621380373982
2757460,641298,5613501,6254799,8.75334243986415
2757469,641304,5613524,6254828,8.753296408567543
2757480,641313,5613532,6254845,8.753186041761198
2757507,641331,5613564,6254895,8.752990265557099
2757555,641331,5613622,6254953,8.753080702476568
2757570,641332,5613662,6254994,8.753129424385497
2757604,641353,5613710,6255063,8.752917660009386
2757749,641373,5613902,6255275,8.752944074664821
2757788,641391,5613973,6255364,8.752809128908886
2757807,641399,5613998,6255397,8.752738934734854
2757835,641412,5614058,6255470,8.752655079730346
2757932,641412,5614247,6255659,8.752949742131422
2758956,641770,5615549,6257319,8.750095828723685
2759023,641796,5615656,6257452,8.749908070477224
2759168,641847,5615923,6257770,8.749628805618785
2759217,641858,5616012,6257870,8.749617516646984
2759227,641858,5616028,6257886,8.749642444278953
2759330,641965,5616276,6258241,8.748570404928618
2775276,642081,5647518,6289599,8.79564727814715
2775322,642120,5647655,6289775,8.79532641873793
2775383,642120,5647773,6289893,8.795510185012148
2775433,642131,5647808,6289939,8.79541401988068
2775488,642159,5647903,6290062,8.795178452688509
2775499,642159,5647903,6290062,8.795178452688509
2775597,642159,5648193,6290352,8.795630054238904
2775619,642161,5648197,6290358,8.795608889359523
2775842,642359,5648629,6290988,8.793570262111997
2775867,642365,5648674,6291039,8.79355817953967
2775905,642365,5648729,6291094,8.793643800642936
2776082,642369,5649123,6291492,8.794202397687311
2776157,642369,5649220,6291589,8.79435340123823
2776237,642384,5649350,6291734,8.794350419686667
2776268,642391,5649383,6291774,8.794305960077274
2776297,642409,5649446,6291855,8.794157616098156
2776438,642476,5649746,6292222,8.793707469228423
2776933,642702,5650559,6293261,8.79188021820377
2776972,642706,5650634,6293340,8.791942194409263
2777068,642830,5650908,6293738,8.790672495060903
2777117,642852,5650981,6293833,8.79048521277059
2777918,642852,5651898,6294750,8.791911668626682
2777949,642852,5651947,6294799,8.791987891458687
2778238,643055,5652885,6295940,8.790671093452348
2778367,643055,5653072,6296127,8.790961892839649
2778406,643074,5653136,6296210,8.790801680677497
2778419,643083,5653181,6296264,8.790748628093107
2778593,643156,5653374,6296530,8.79005093632027
2778599,643157,5653393,6296550,8.790066811058574
2778644,643157,5653505,6296662,8.790240952053697
2778650,643161,5653507,6296668,8.790189392702604
2778656,643161,5653523,6296684,8.790214269832903
2779446,643563,5654707,6298270,8.78656324244868
2779895,643586,5656424,6300010,8.788917098880336
2779950,643623,5656565,6300188,8.788630922139202
2779976,643626,5656579,6300205,8.788611709284584
2780309,643736,5656913,6300649,8.78762877949967
2780313,643736,5656915,6300651,8.787631886363354
2781777,643748,5658998,6302746,8.790703815778846
2781880,643791,5659176,6302967,8.790393155542715
2781913,643798,5659224,6303022,8.790372135359227
2782003,643798,5659603,6303401,8.790960829328453
2782099,643798,5659741,6303539,8.791175182277671
2782370,643798,5660254,6304052,8.79197201606715
2782379,643798,5660270,6304068,8.791996868583002
2782395,643804,5660346,6304150,8.792032978981181
2782498,643804,5660515,6304319,8.792295481233419
2782501,643804,5660520,6304324,8.792303247572242
2782543,643821,5660594,6304415,8.792186026861504
2782596,643830,5660683,6304513,8.792201357501204
2782653,643861,5660791,6304652,8.791945777116489
2782773,643861,5660949,6304810,8.792191171696997
2782843,643873,5661060,6304933,8.79219970397889
2782908,643899,5661190,6305089,8.792046578733622
2782974,643928,5661322,6305250,8.791855611186344
2783192,643928,5661907,6305835,8.79276409784945
2783290,643950,5662144,6306094,8.792831741594844
2783549,643950,5662476,6306426,8.793347309573724
2783591,643956,5662577,6306533,8.793422221394009
2783644,643992,5662669,6306661,8.793073516441199
2783656,643999,5662693,6306692,8.793015206545352
2784575,644019,5664065,6308084,8.79487251152528
2784603,644041,5664104,6308145,8.794632639847464
2784677,644082,5664244,6308326,8.794290168022084
2784704,644094,5664273,6308367,8.794171347660434
2784753,644106,5664397,6308503,8.794200022977584
2786428,644121,5666588,6310709,8.797396762409548
2786515,644140,5666773,6310913,8.797424472940666
2786546,644152,5666791,6310943,8.797288528173475
2787453,644160,5669032,6313192,8.80065822155986
2787474,644164,5669049,6313213,8.80062996379804
2787654,644248,5669511,6313759,8.800199612571557
2787661,644260,5669517,6313777,8.800045012882997
2787708,644295,5669620,6313915,8.799726833205286
2787748,644295,5669668,6313963,8.799801333240207
2787758,644295,5669684,6313979,8.799826166585182
2787805,644319,5669758,6314077,8.79961323505903
2787827,644319,5669804,6314123,8.799684628266434
2787997,644323,5669940,6314263,8.79984107349885
2788015,644324,5669963,6314287,8.799863112347204
2788053,644336,5670036,6314372,8.79981252017581
2788059,644340,5670046,6314386,8.799773411552907
2788116,644349,5670161,6314510,8.79982897467056
2788256,644446,5670431,6314877,8.798923416391753
2788318,644487,5670537,6315024,8.798528131676822
2788370,644496,5670592,6315088,8.79849060351034
2788403,644496,5670659,6315155,8.798594560711004
2788452,644496,5670768,6315264,8.798763685112087
2788463,644505,5670785,6315290,8.798667194203304
2788503,644505,5670885,6315390,8.798822352037611
2788558,644524,5670990,6315514,8.798725881425673
2788600,644533,5671048,6315581,8.798693007185047
2789798,644533,5673644,6318177,8.802720729582504
2789834,644533,5673720,6318253,8.802838644413862
2789979,644533,5674001,6318534,8.803274618987702
2790487,644533,5674903,6319436,8.804674081854614
2790522,644541,5674972,6319513,8.804671851751866
2790566,644552,5675057,6319609,8.804653464732093
2790717,644552,5675297,6319849,8.80502581638099
2790894,644552,5675710,6320262,8.805666571510134
2791186,644570,5676570,6321140,8.806754890857471
2791326,644587,5676708,6321295,8.806736716688361
2791392,644622,5676841,6321463,8.806464873988167
2791436,644625,5676957,6321582,8.806603839441536
2791625,644686,5677081,6321767,8.805962902870546
2791856,644686,5677331,6322017,8.806350688552257
2791955,644820,5677539,6322359,8.804843212059179
2792064,644820,5677784,6322604,8.805223163053256
2792082,644820,5677794,6322614,8.805238671257095
2792769,645068,5678413,6323481,8.802813036765116
2792775,645071,5678419,6323490,8.802781399256826
2792819,645076,5678439,6323515,8.802744172779642
2792876,645115,5678586,6323701,8.802439875061035
2792968,645115,5678641,6323756,8.802525131178163
2792992,645115,5678690,6323805,8.802601086627966
2793002,645115,5678706,6323821,8.802625888407492
2793210,645171,5678854,6324025,8.802091228527011
2793259,645186,5678969,6324155,8.802064830916976
2793419,645215,5679131,6324346,8.801920290135847
2793577,645231,5679667,6324898,8.802532736337838
2793591,645231,5679693,6324924,8.802573031983894
2793632,645241,5679744,6324985,8.802515649191543
2793655,645250,5679806,6325056,8.802488957768308
2793687,645264,5679853,6325117,8.80237081256664
2793785,645264,5680143,6325407,8.80282024101763
2793831,645271,5680256,6325527,8.802899866877638
2793862,645280,5680312,6325592,8.80286387304736
2793955,645328,5680434,6325762,8.802398160315375
2794528,645421,5681730,6327151,8.803137796879867
2794553,645431,5681785,6327216,8.80308661963866
2794588,645443,5681855,6327298,8.803031406336423
2794606,645459,5681876,6327335,8.80284572683935
2794648,645459,5681976,6327435,8.80300065534759
2794804,645479,5682177,6327656,8.803039293300014
2795063,645479,5682673,6328152,8.803807714890802
2795067,645479,5682680,6328159,8.803818559550349
2795185,645502,5683092,6328594,8.804143132011985
2795289,645512,5683402,6328914,8.804486980877195
2795441,645557,5683601,6329158,8.80418150527374
2795504,645565,5683656,6329221,8.804157598382812
2795518,645568,5683681,6329249,8.804155410429265
2795557,645582,5683724,6329306,8.804031091325347
2795605,645596,5683841,6329437,8.804021400380424
2795764,645709,5684120,6329829,8.80291276720628
2795766,645709,5684125,6329834,8.802920510632498
2795800,645724,5684159,6329883,8.802768675161524
2795890,645788,5684340,6330128,8.802176565684094
2795905,645788,5684359,6330147,8.802205987104127
2795926,645790,5684359,6330149,8.802178726830704
2795971,645818,5684473,6330291,8.801973621051133
2795987,645822,5684544,6330366,8.80202904205803
2796247,645822,5684862,6330684,8.802521437795553
2797274,646242,5686521,6332763,8.799367729116955
2797368,646277,5686699,6332976,8.799166611220885
2797389,646293,5686743,6333036,8.799016854584531
2797537,646293,5687178,6333471,8.799689923919956
2797772,646293,5687574,6333867,8.800302649108067
2797836,646316,5687677,6333993,8.800148843599725
2798144,646319,5688037,6334356,8.800664996696678
2798188,646340,5688142,6334482,8.800541510660024
2799337,646343,5690790,6337133,8.804597558881275
2799496,646343,5690790,6337133,8.804597558881275
2799550,646343,5690859,6337202,8.804704313344462
2800479,646728,5692846,6339574,8.802535223463341
2800519,646766,5692935,6339701,8.802155648256093
2800539,646766,5692959,6339725,8.802192755958105
2800550,646769,5692971,6339740,8.8021704812692
2800588,646781,5692989,6339770,8.80203500102817
2800596,646781,5692989,6339770,8.80203500102817
2800607,646786,5693023,6339809,8.802019524232126
2800670,646786,5693071,6339857,8.802093737341254
2801260,646801,5694497,6341298,8.80409430412136
2801269,646803,5694513,6341316,8.804091817755948
2801437,646803,5694829,6341632,8.804580374549902
2801479,646821,5694887,6341708,8.80442502639834
2801551,646821,5695024,6341845,8.804636831519076
2801558,646821,5695024,6341845,8.804636831519076
2801570,646821,5695050,6341871,8.804677028111332
2801597,646834,5695110,6341944,8.804592832164047
2801756,646892,5695449,6342341,8.804327461152711
2801776,646896,5695456,6342352,8.804283841606688
2801783,646899,5695472,6342371,8.804267745042116
2802018,646908,5695998,6342906,8.80495835574765
2802048,646908,5696039,6342947,8.805021734156943
2802177,646908,5696422,6343330,8.805613781248647
2802190,646913,5696446,6343359,8.805582821801385
2802224,646928,5696527,6343455,8.80550385823461
2802369,647036,5696898,6343934,8.804607471608998
2802385,647042,5696910,6343952,8.804544372699144
2802483,647042,5697200,6344242,8.804992566170357
2802516,647053,5697282,6344335,8.804969608362839
2802759,647177,5698109,6345286,8.804560421646629
2802769,647177,5698125,6345302,8.804585144404081
2802808,647196,5698160,6345356,8.804380744009542
2802879,647218,5698434,6345652,8.804504819087231
2802986,647248,5698532,6345780,8.804248139816577
2803226,647420,5698922,6346342,8.802511507213246
2803258,647420,5698943,6346363,8.80254394365327
2803271,647430,5698960,6346390,8.802434239995057
2803307,647451,5699024,6346475,8.802247583214792
2803322,647466,5699043,6346509,8.802073004605647
2803771,647466,5699584,6347050,8.802908569716402
2803928,647533,5699857,6347390,8.802419336157385
2804028,647537,5700079,6347616,8.802707798936586
2804058,647539,5700116,6347655,8.802737750158677
2804074,647551,5700158,6347709,8.80263948322217
2804075,647551,5700160,6347711,8.802642571781991
2804638,647680,5702105,6349785,8.803892354249012
2804700,647708,5702226,6349934,8.803698580224422
2804741,647717,5702341,6350058,8.803753799884825
2804760,647724,5702383,6350107,8.803723499515225
2805121,647896,5703137,6351033,8.802550100633434
2805180,647909,5703219,6351128,8.802500042444231
2805234,647951,5703362,6351313,8.802150162589456
2805992,648285,5704888,6353173,8.799969149371032
2806087,648306,5704960,6353266,8.799795158459123
2806904,648373,5709238,6357611,8.805483880420685
2807025,648373,5709597,6357970,8.80603757405074
2807028,648373,5709606,6357979,8.806051454949543
2807053,648391,5709638,6358029,8.80585634285485
2807103,648394,5709659,6358053,8.805847987489088
2807118,648402,5709676,6358078,8.805765559020484
2807263,648426,5709736,6358162,8.805532165582504
2807288,648437,5709771,6358208,8.805436765637989
2807319,648454,5709820,6358274,8.80528148488559
2807342,648468,5709867,6358335,8.805163863135883
2807369,648477,5709927,6358404,8.805134183633344
2807375,648477,5709940,6358417,8.805154230604941
2807395,648496,5709978,6358474,8.804954849374553
2807468,648496,5710117,6358613,8.805169191483062
2807469,648496,5710119,6358615,8.805172275542178
2807513,648512,5710181,6358693,8.805050639001283
2807528,648516,5710199,6358715,8.805024085758872
2807535,648519,5710215,6358734,8.805008025979193
2807961,648519,5711028,6359547,8.806261651547603
2807982,648531,5711073,6359604,8.806168093738002
2808074,648567,5711158,6359725,8.805810348044227
2808095,648574,5711210,6359784,8.805795483630241
2808136,648582,5711304,6359886,8.80583179921737
2808184,648582,5711408,6359990,8.805992149026645
2808254,648599,5711476,6360075,8.805866182340706
2808274,648603,5711542,6360145,8.805913632838578
2808283,648605,5711558,6360163,8.805911147770985
2808383,648641,5711772,6360413,8.805752334496278
2808566,648765,5712134,6360899,8.804627253319769
2808596,648774,5712189,6360963,8.804589888004143
2808638,648800,5712249,6361049,8.804329531442663
2808663,648811,5712284,6361095,8.80423420687997
2808693,648813,5712373,6361186,8.804344240944618
2808740,648827,5712455,6361282,8.80428064800016
2808780,648853,5712516,6361369,8.804021866277878
2808811,648869,5712594,6361463,8.803924983317126
2809083,649000,5713091,6362091,8.802913713405239
2809138,649015,5713204,6362219,8.802884370931334
2809166,649019,5713251,6362270,8.80290253444044
2809174,649019,5713268,6362287,8.802928727818445
2809320,649047,5713589,6362636,8.80304353921981
2809592,649047,5714243,6363290,8.804051170408306
2809646,649079,5714339,6363418,8.80376502706142
2809791,649079,5714675,6363754,8.804282683617865
2809830,649091,5714716,6363807,8.804183080646627
2809849,649091,5714797,6363888,8.804307870545117
2810011,649091,5715123,6364214,8.804810111371133
2810076,649100,5715219,6364319,8.804835926667694
2810139,649109,5715294,6364403,8.8048293892089
2810297,649109,5715543,6364652,8.80521299196283
2810336,649116,5715569,6364685,8.8051580919281
2810431,649147,5715697,6364844,8.804934783646848
2810559,649147,5715917,6365064,8.805273689934637
2810585,649155,5715978,6365133,8.805259144580262
2810616,649172,5716018,6365190,8.805090176409333
2810621,649177,5717529,6366706,8.807349921516012
2811051,649436,5718211,6367647,8.804887625570496
2811432,649649,5718713,6368362,8.802773497688753
2811457,649670,5718771,6368441,8.802578232025489
2811479,649672,5718778,6368450,8.802561908162888
2811853,649753,5719368,6369121,8.802372593893372
2811914,649760,5719383,6369143,8.802300849544448
2811926,649767,5719402,6369169,8.802235262794202
2811935,649769,5719422,6369191,8.802238949534374
2812014,649795,5719540,6369335,8.802068344631769
2812033,649804,5719576,6369380,8.802001834399295
2812129,649863,5719674,6369537,8.801353516048767
2812946,650194,5720468,6370662,8.798094107297207
2812955,650196,5720490,6370686,8.798100880349926
2812964,650196,5720516,6370712,8.798140868292023
2812992,650196,5720580,6370776,8.798239300149493
2813107,650197,5720702,6370899,8.798413403937575
2813116,650197,5720702,6370899,8.798413403937575
2813510,650311,5721551,6371862,8.798176564751326
2813602,650311,5721795,6372106,8.798551769845504
2814088,650311,5723241,6373552,8.800775321346249
2814099,650311,5723251,6373562,8.800790698604207
2814108,650311,5723251,6373562,8.800790698604207
2814160,650343,5723358,6373701,8.800522185984935
2814257,650357,5723423,6373780,8.80043268543277
2814282,650357,5723531,6373888,8.800598748072213
2814690,650357,5724638,6374995,8.8023008901265
2814791,650402,5724850,6375252,8.802017828973465
2814813,650402,5724885,6375287,8.80207164184612
2815143,650505,5725054,6375559,8.80093773299206
2815262,650505,5725324,6375829,8.801352795136086
2815277,650510,5725347,6375857,8.80132050237506
2815347,650525,5725400,6375925,8.80119903155144
2815413,650565,5725539,6376104,8.800871550114131
2815436,650569,5725576,6376145,8.800874311564185
2815468,650585,5725634,6376219,8.800747019989702
2815730,650585,5725966,6376551,8.801257329941514
2815752,650594,5725996,6376590,8.801181689348503
2815756,650594,5726002,6376596,8.801190911689933
2815853,650645,5726180,6376825,8.80077461595801
2815859,650647,5726188,6376835,8.800759859032624
2815885,650651,5726229,6376880,8.800768768510308
2815941,650652,5726234,6376886,8.800762927033192
2815980,650652,5726350,6377002,8.800941209740383
2816827,650678,5727998,6378676,8.803122281681569
2816859,650683,5728051,6378734,8.803136089309234
2816925,650683,5728118,6378801,8.80323905803594
2817016,650737,5728339,6379076,8.802848155245513
2817038,650747,5728384,6379131,8.80278203357065
2817089,650776,5728456,6379232,8.802500399523032
2817127,650780,5728480,6379260,8.80248317403731
2817136,650786,5728497,6379283,8.80242814074058
2817152,650790,5728527,6379317,8.802420135527589
2817163,650794,5728563,6379357,8.802421349920252
2817174,650794,5728573,6379367,8.802436715765666
2817298,650849,5728724,6379573,8.801924870438459
2817575,650961,5729383,6380344,8.801422819493027
2817603,650968,5729411,6380379,8.80137118875275
2817653,650997,5729476,6380473,8.801078960425317
2817683,651017,5729521,6380538,8.800877703654436
2817856,651090,5729904,6380994,8.800479196424458
2818101,651159,5730599,6381758,8.800613982145682
2818110,651159,5730604,6381763,8.800621660761811
2818121,651159,5730614,6381773,8.800637017994069
2818145,651159,5730635,6381794,8.800669268181812
2818173,651166,5730663,6381829,8.800617661241526
2818227,651166,5730773,6381939,8.800786588980383
2818264,651170,5730838,6382008,8.800832347927576
2818285,651176,5730860,6382036,8.800785041217734
2818553,651194,5731524,6382718,8.801561439448152
2818574,651194,5731570,6382764,8.801632078919646
2818687,651245,5731775,6383020,8.801257591229108
2818801,651245,5732067,6383312,8.801705963193575
2818810,651246,5732084,6383330,8.8017185518222
2818845,651249,5732169,6383418,8.801808524849942
2818956,651299,5732283,6383582,8.801307847854826
2819112,651299,5732721,6384020,8.801980350038923
2819157,651325,5732742,6384067,8.801661229033124
2819250,651403,5732883,6384286,8.800823760406384
2819450,651403,5732883,6384286,8.800823760406384
2819505,651406,5733035,6384441,8.801016570310988
2819528,651414,5733061,6384475,8.800948398407158
2819583,651419,5733241,6384660,8.801157166125028
2819598,651419,5733267,6384686,8.80119707899217
2819663,651448,5733369,6384817,8.80096185727794
2819706,651469,5733447,6384916,8.800797889078375
2819997,651474,5734532,6386006,8.802395797836905
2820269,651632,5735101,6386733,8.80113468951801
2820390,651709,5735382,6387091,8.8005260016357
2820934,651724,5736036,6387760,8.801326942079776
2821055,651724,5736218,6387942,8.801606201398139
2821368,651926,5736888,6388814,8.799906737881294
2821413,651926,5736946,6388872,8.799995705034007
2821651,651947,5737267,6389214,8.800204617860041
2821664,651947,5737274,6389221,8.800215354929158
2821960,651947,5737844,6389791,8.801089659128733
2822137,652044,5738172,6390216,8.800283416456558
2822157,652044,5738193,6390237,8.800315622872077
2822202,652053,5738253,6390306,8.800286173056485
2822327,652093,5738672,6390765,8.800388901583057
2822359,652101,5738710,6390811,8.800339211257151
2822756,652105,5738743,6390848,8.800335835486617
2823265,652108,5739560,6391668,8.801548209805738
2823272,652110,5739565,6391675,8.801528883163883
2823307,652119,5739597,6391716,8.801456482635839
2823555,652251,5739887,6392138,8.800119892495374
2823582,652272,5739933,6392205,8.799907093973067
2823588,652272,5739946,6392218,8.799927024308877
2823607,652279,5740002,6392281,8.799918439808732
2823642,652279,5740014,6392293,8.799936836844356
2823682,652289,5740045,6392334,8.799849453233152
2823683,652289,5740047,6392336,8.799852519358751
2823683,652289,5740047,6392336,8.799852519358751
2823799,652289,5740345,6392634,8.800309372072809
2823976,652289,5740743,6393032,8.800919531066752
2824332,652402,5742506,6394908,8.80209747977474
2824648,652402,5743291,6395693,8.803300725626224
2825023,652586,5744032,6396618,8.801954071953736
2825033,652586,5744050,6396636,8.801981654525227
2825087,652586,5744146,6396732,8.802128761573186
2825103,652586,5744172,6396758,8.802168603065343
2825128,652598,5744202,6396800,8.802052718518905
2825169,652604,5744258,6396862,8.802057603079357
2825261,652604,5744313,6396917,8.80214188083432
2825450,652634,5744660,6397294,8.802268959324829
2825762,652789,5745163,6397952,8.800949464528355
2825823,652789,5745256,6398045,8.801091930164265
2825842,652789,5745289,6398078,8.801142482486684
2826168,652936,5745611,6398547,8.799654177438525
2826232,652955,5745755,6398710,8.799618656722133
2826245,652955,5745778,6398733,8.799653881201614
2826320,652982,5745932,6398914,8.7995258674818
2826414,653051,5746108,6399159,8.798865632240055
2826615,653051,5746453,6399504,8.799393921761087
2826626,653060,5746470,6399530,8.799298686185036
2826659,653066,5746518,6399584,8.799291342682057
2826660,653066,5746520,6399586,8.799294405159662
2826727,653082,5746686,6399768,8.79933300871866
2826755,653088,5746731,6399819,8.799321071586064
2826917,653088,5746998,6400086,8.799729898574158
2826922,653090,5747006,6400096,8.799715200048999
2826945,653097,5747058,6400155,8.79970050390677
2827124,653106,5748097,6401203,8.80117010102495
2827270,653106,5748351,6401457,8.801559011860249
2827297,653114,5748398,6401512,8.801523164409277
2827379,653122,5748520,6401642,8.801602150899832
2827395,653128,5748549,6401677,8.801565696157567
2827428,653132,5748579,6401711,8.80155772493156
2827553,653132,5748950,6402082,8.802125757121072
2827647,653136,5749140,6402276,8.802362754464614
2827675,653152,5749180,6402332,8.802208368036842
2827972,653161,5749888,6403049,8.803171040524465
2828064,653205,5750017,6403222,8.802775545196377
2828149,653250,5750252,6403502,8.80252889399158
2828177,653260,5750292,6403552,8.80245537764443
2828503,653502,5750947,6404449,8.800198010105554
2828527,653525,5750997,6404522,8.799964806243066
2828707,653637,5751288,6404925,8.798902142932546
2828718,653641,5751302,6404943,8.798869715944992
2828729,653641,5751314,6404955,8.79888807464648
2828769,653655,5751364,6405019,8.798776112781207
2828796,653658,5751420,6405078,8.79882140201757
2828808,653663,5751439,6405102,8.798783165025403
2828844,653674,5751462,6405136,8.79867028518803
2828999,653674,5751806,6405480,8.799196541395252
2837405,653674,5776982,6430656,8.837711152654075
2837418,653674,5776987,6430661,8.837718801726854
2838048,653729,5777813,6431542,8.838238780901566
2838164,653779,5778241,6432020,8.838217501632815
2838253,653825,5778392,6432217,8.837826635567621
2838281,653833,5778431,6432264,8.837778148242746
2838299,653833,5778463,6432296,8.837827090403819
2838330,653833,5778558,6432391,8.8379723874445
2838417,653862,5778684,6432546,8.837773108087028
2838515,653862,5778974,6432836,8.838216626749986
2838645,653862,5779360,6433222,8.838806965384133
2838661,653862,5779375,6433237,8.838829906004632
2838702,653868,5779482,6433350,8.838912441043146
2838749,653887,5779544,6433431,8.8387504262969
2838758,653891,5779571,6433462,8.838737648935373
2838949,653891,5779850,6433741,8.83916432555273
2839799,653891,5781206,6435097,8.841238065671496
2839829,653903,5781277,6435180,8.84118439585076
2839965,653903,5781645,6435548,8.841747170451887
2839974,653905,5781661,6435566,8.841744595927542
2840026,653929,5781731,6435660,8.841527138267304
2840044,653941,5781753,6435694,8.84139853595355
2840113,653960,5781845,6435805,8.84128234142761
2840134,653960,5781882,6435842,8.841338919811609
2840161,653968,5781938,6435906,8.841316394685979
2840192,653980,5781994,6435974,8.84123979326585
2840297,654018,5782226,6436244,8.841080826521594
2840356,654041,5782247,6436288,8.840802029230584
2840359,654041,5782254,6436295,8.840812731923533
2841170,654046,5783954,6438000,8.843344351926318
2841605,654046,5784721,6438767,8.844517052317421
2841669,654076,5784844,6438920,8.8442994392089
2841675,654076,5784859,6438935,8.844322372323706
2841766,654110,5785127,6439237,8.844272370090657
2841821,654129,5785195,6439324,8.844119432099784
2841839,654129,5785205,6439334,8.844134719604238
2841854,654129,5785212,6439341,8.844145420857354
2841856,654129,5785217,6439346,8.84415306460958
2841957,654130,5785566,6439696,8.844673077217067
2842003,654143,5785631,6439774,8.844596670758534
2842153,654207,5785812,6440019,8.84400808918278
2842184,654216,5785872,6440088,8.843978135661617
2842395,654290,5786374,6440664,8.84374512830702
2842406,654290,5786384,6440674,8.843760412049702
2842479,654304,5786505,6440809,8.843756113366265
2842621,654327,5786813,6441140,8.843915962508042
2842686,654327,5786934,6441261,8.844100885337149
2842790,654327,5787129,6441456,8.844398901466699
2842808,654329,5787146,6441475,8.844397848788606
2842852,654363,5787268,6441631,8.844124744216895
2843655,654363,5789214,6443577,8.847098628742762
2843695,654364,5789398,6443762,8.847366297656961
2843724,654366,5789413,6443779,8.847362179575345
2843803,654370,5789555,6443925,8.847525100478324
2843806,654370,5789564,6443934,8.847538854165075
2843810,654374,5789568,6443942,8.847490884417779
2843817,654377,5789575,6443952,8.847461020176443
2843841,654380,5789646,6444026,8.847528958709008
2843873,654384,5789663,6444047,8.847500855766645
2843942,654429,5789810,6444239,8.847117105140512
2843978,654429,5789851,6444280,8.847179755175887
2844002,654452,5789887,6444339,8.846923838570286
2844430,654452,5790795,6445247,8.848311258885296
2844690,654496,5791230,6445726,8.848381044345572
2844867,654542,5791450,6445992,8.84809530939191
2844879,654548,5791464,6446012,8.848035590972701
2844907,654556,5791482,6446038,8.847954949614701
2844922,654561,5791493,6446054,8.847904167831569
2845006,654561,5791829,6446390,8.848417488973526
2845117,654568,5792041,6446609,8.848646741056697
2845128,654568,5792051,6446619,8.848662018308259
2845137,654568,5792068,6446636,8.848687989635913
2845165,654573,5792103,6446676,8.848673868308042
2845234,654573,5792187,6446760,8.848802196240909
2845296,654601,5792256,6446857,8.848529103988536
2845322,654613,5792276,6446889,8.848397450096469
2845362,654626,5792316,6446942,8.848282836306533
2845601,654703,5793124,6447827,8.848476332016197
2845637,654716,5793185,6447901,8.848393807391297
2845720,654733,5793238,6447971,8.848245009797887
2845756,654749,5793331,6448080,8.84817082576682
2845874,654749,5793508,6448257,8.848441158367558
2845919,654783,5793620,6448403,8.848152746787868
2845941,654783,5793660,6448443,8.848213835728783
2846008,654783,5793782,6448565,8.848400156998578
2846013,654783,5793787,6448570,8.848407793116193
2846014,654783,5793787,6448570,8.848407793116193
2846025,654790,5793804,6448594,8.848339162174133
2846218,654790,5794248,6449038,8.849017242169245
2846325,654865,5794350,6449215,8.848159544333566
2846355,654874,5794382,6449256,8.84808680753855
2846410,654890,5794502,6449392,8.848053871642566
2846451,654946,5794597,6449543,8.847442384563003
2846487,654956,5794664,6449620,8.84740959698056
2846543,654956,5794752,6449708,8.84754395715132
2846546,654959,5794761,6449720,8.847517172830665
2846826,655034,5795269,6450303,8.847279683192017
2847255,655140,5796080,6451220,8.847086118997467
2847328,655204,5796241,6451445,8.84646766503257
2847436,655204,5796546,6451750,8.846933168906173
2847879,655348,5797009,6452357,8.845695721967566
2847902,655350,5797069,6452419,8.845760280766003
2847937,655384,5797119,6452503,8.845377671716124
2847941,655384,5797128,6452512,8.845391404123385
2847966,655394,5797154,6452548,8.845296111957083
2850203,655428,5808068,6463496,8.861488981245843
2850285,655443,5808230,6463673,8.861533344623407
2850362,655502,5808353,6463855,8.860923383910347
2851061,655711,5809355,6465066,8.859627183317041
2851099,655727,5809427,6465154,8.85952080667717
2851367,655727,5810147,6465874,8.860618824602312
2851390,655735,5810184,6465919,8.860567149839493
2851450,655744,5810261,6466005,8.86056296359555
2851624,655744,5810552,6466296,8.86100673433535
2851709,655744,5810832,6466576,8.86143373023619
2851737,655751,5810854,6466605,8.861372685668798
2851750,655752,5810865,6466617,8.861375947004355
2851820,655786,5811035,6466821,8.861175749406057
2851836,655790,5811052,6466842,8.861147623477027
2851866,655815,5811085,6466900,8.860860151109687
2851957,655829,5811163,6466992,8.860789931521785
2852022,655834,5811286,6467120,8.860909925377458
2852059,655837,5811317,6467154,8.860916660694654
2852109,655852,5811365,6467217,8.86078718979282
2853451,655857,5814656,6470513,8.865737500705185
2853714,656019,5815044,6471063,8.864139605712639
2853736,656022,5815069,6471091,8.864137178326336
2853760,656037,5815125,6471162,8.864019864733239
2853772,656045,5815161,6471206,8.863966648629287
2853788,656045,5815161,6471206,8.863966648629287
2853798,656049,5815189,6471238,8.863955283827885
2853855,656063,5815257,6471320,8.86386978079849
2853893,656063,5815348,6471411,8.864008486989816
2853940,656100,5815474,6471574,8.863700655387898
2854118,656202,5815968,6472170,8.863075699251144
2854146,656205,5816003,6472208,8.863088516545897
2854155,656211,5816017,6472228,8.863028812378944
2854232,656274,5816157,6472431,8.86239131826036
2854353,656278,5816658,6472936,8.863100698179736
2854391,656289,5816736,6473025,8.863070994638033
2854460,656334,5816855,6473189,8.862644629106523
2854551,656357,5817049,6473406,8.862629636006014
2854562,656361,5817065,6473426,8.862600002132973
2854717,656361,5817617,6473978,8.86344100274087
2854729,656367,5817663,6474030,8.863430062754526
2854851,656435,5817871,6474306,8.86282876446259
2854889,656449,5817947,6474396,8.862755522515839
2854939,656457,5818073,6474530,8.86283945483101
2854952,656459,5818098,6474557,8.862850535981684
2855073,656459,5818312,6474771,8.863176527399274
2855593,656724,5819489,6476213,8.861392304834299
2855624,656730,5819509,6476239,8.861341799521874
2855781,656794,5819942,6476736,8.861137586518756
2855803,656810,5819970,6476780,8.860964358033526
2855805,656811,5819975,6476786,8.860958479684415
2855815,656811,5819991,6476802,8.860982839812365
2855897,656844,5820108,6476952,8.86071578639677
2856434,657049,5820717,6477766,8.858878104981516
2856505,657099,5820807,6477906,8.858340980582835
2856513,657099,5820807,6477906,8.858340980582835
2856700,657168,5821005,6478173,8.857712183186035
2856899,657265,5821470,6478735,8.857112428016096
2857038,657279,5821630,6478909,8.857167199925755
2857052,657279,5821658,6478937,8.857209799795825
2857085,657285,5821684,6478969,8.857168503769293
2857899,657285,5823004,6480289,8.859176765025826
2857920,657286,5823092,6480378,8.859297170485908
2858052,657286,5823460,6480746,8.859857048529864
2858065,657294,5823492,6480786,8.859797898657222
2858079,657294,5823518,6480812,8.859837454776706
2858149,657294,5823669,6480963,8.860067184547555
2858160,657296,5823677,6480973,8.860052396484994
2858200,657315,5823751,6481066,8.85990887169774
2858216,657315,5823777,6481092,8.85994842655348
2858230,657317,5823814,6481131,8.859977758068025
2858760,657317,5825630,6482947,8.862740504201168
2858870,657360,5825753,6483113,8.862347876353901
2858933,657360,5825841,6483201,8.862481745162468
2859330,657360,5826459,6483819,8.863421869295363
2859384,657379,5826576,6483955,8.863343672371645
2859666,657379,5826903,6484282,8.863841102316929
2859731,657411,5826959,6484370,8.863494830478954
2859762,657415,5826995,6484410,8.863495661036028
2859783,657415,5827038,6484453,8.863561068731318
2860079,657415,5827608,6485023,8.864428100971228
2860080,657415,5827610,6485025,8.864431143189615
2860106,657422,5827655,6485077,8.864405207005547
2861125,657422,5829160,6486582,8.866694451965405
2861174,657443,5829220,6486663,8.866502495273355
2861227,657443,5829306,6486749,8.86663330509261
2861238,657445,5829328,6486773,8.866639794963838
2861598,657445,5829328,6486773,8.866639794963838
2861608,657445,5829344,6486789,8.866664131600363
2861670,657499,5829453,6486952,8.866101697493075
2861684,657501,5829526,6487027,8.866185754850562
2861845,657501,5829875,6487376,8.866716552522353
2861990,657501,5830156,6487657,8.867143928298209
2870218,657501,5854841,6512342,8.904687597433313
2870239,657502,5854842,6512344,8.90467557513133
2870721,657502,5855997,6513499,8.906432223780309
2870911,657502,5856418,6513920,8.90707252601513
2871026,657520,5856505,6514025,8.90696100498844
2871775,657520,5858352,6515872,8.909770045017643
2872688,657535,5860604,6518139,8.912991703863673
2872708,657535,5860633,6518168,8.913035807979803
2872932,657582,5861219,6518801,8.913289901487571
2872989,657605,5861266,6518871,8.913049627055756
2873020,657623,5861302,6518925,8.912860407862864
2873023,657623,5861311,6518934,8.912874093515585
2873025,657623,5861313,6518936,8.912877134771746
2873135,657642,5861378,6519020,8.912718469927407
2873171,657665,5861433,6519098,8.912490401648256
2873234,657665,5861534,6519199,8.912643975276167
2873470,657775,5861985,6519760,8.91183915472616
2873501,657785,5862030,6519815,8.911772083583541
2873577,657819,5862176,6519995,8.911533415726819
2873658,657852,5862314,6520166,8.911296157798411
2873669,657852,5862324,6520176,8.911311358785866
2874185,657855,5863554,6521409,8.913140433682194
2874201,657859,5863571,6521430,8.9131120802482
2874205,657860,5863575,6521435,8.91310461192351
2874341,657916,5863832,6521748,8.912736580353723
2874380,657916,5863868,6521784,8.91279129858523
2874411,657922,5863904,6521826,8.91276473502938
2874574,657928,5864834,6522762,8.914096983256526
2874586,657931,5864854,6522785,8.914086735539136
2874608,657937,5864886,6522823,8.914054081165826
2874654,657937,5864936,6522873,8.9141300762839
2874724,657961,5865060,6523021,8.913993382586506
2874789,657979,5865089,6523068,8.913793601315543
2874859,658033,5865241,6523274,8.913293102321616
2874920,658070,5865362,6523432,8.91297582324069
2874935,658079,5865373,6523452,8.912870643190255
2875002,658108,5865480,6523588,8.912640478462501
2875051,658142,5865617,6523759,8.9123882080159
2875167,658213,5865838,6524051,8.911762605721856
2875178,658213,5865860,6524073,8.911796029552743
2875799,658213,5866593,6524806,8.912909650827316
2875946,658268,5866763,6525031,8.912423207568954
2875962,658272,5866777,6525049,8.912390318895532
2875973,658272,5866789,6525061,8.91240854844198
2876011,658300,5866862,6525162,8.912140361537293
2876032,658306,5866905,6525211,8.91212445276209
2876127,658306,5867125,6525431,8.912458643852554
2876430,658449,5868024,6526473,8.911888392267283
2876500,658472,5868145,6526617,8.911760864547011
2876555,658487,5868199,6526686,8.911639865327638
2876596,658487,5868250,6526737,8.9117173156038
2878851,658566,5872961,6531527,8.917801708560722
2878872,658566,5873007,6531573,8.917871557292663
2879331,658750,5873800,6532550,8.916584440227703
2879422,658750,5873848,6532598,8.916657305502847
2879473,658764,5873886,6532650,8.91652549319635
2879484,658765,5873893,6532658,8.916522583925982
2879489,658770,5873898,6532668,8.916462498292272
2879495,658772,5873901,6532673,8.916439982270042
2879526,658782,5873940,6532722,8.916363835077462
2879734,658897,5874447,6533344,8.915577093233084
2879739,658902,5874452,6533354,8.915517026811271
2879750,658902,5874462,6533364,8.915532203575038
2879765,658919,5874482,6533401,8.91533253707967
2879811,658936,5874541,6533477,8.915192067211382
2879884,659009,5874714,6533723,8.914467025488271
2880033,659013,5881304,6540317,8.924412720234654
2880075,659037,5881412,6540449,8.924251597406519
2880215,659077,5881549,6540626,8.923917842679991
2880218,659077,5881558,6540635,8.92393149814058
2880225,659077,5881558,6540635,8.92393149814058
2880250,659086,5881577,6540663,8.923838467210652
2880260,659092,5881593,6540685,8.923781505465094
2880828,659365,5882704,6542069,8.921771704594573
2880856,659381,5882737,6542118,8.921605263117986
2880890,659411,5882806,6542217,8.921304012216963
2880896,659414,5882824,6542238,8.92129072176205
2880986,659459,5882963,6542422,8.920892731769527
2881012,659465,5882996,6542461,8.920861607515183
2881068,659498,5883119,6542617,8.920601730407068
2881072,659498,5883125,6542623,8.920610828236022
2881157,659519,5883215,6542734,8.920463246699489
2883460,660769,5888981,6549750,8.912314288351904
2883471,660770,5888993,6549763,8.91231896121192
2883503,660782,5889044,6549826,8.912234292096334
2883506,660782,5889053,6549835,8.912247912322067
2883539,660796,5889105,6549901,8.912137785337684
2883588,660831,5889188,6550019,8.911791365719829
2883596,660841,5889201,6550042,8.911676182319196
2883735,660886,5889355,6550241,8.911302403137606
2883919,660966,5889822,6550788,8.910930365555869
2884064,661016,5890185,6551201,8.910805487310443
2884133,661024,5890218,6551242,8.910747567410564
2884253,661049,5890345,6551394,8.9106026935976
2884487,661164,5890748,6551912,8.909662353062176
2884561,661200,5890928,6552128,8.909449485783425
2884571,661203,5890943,6552146,8.909431747889831
2884599,661217,5890971,6552188,8.909285453943259
2884697,661246,5891162,6552408,8.909183571620849
2884701,661246,5891169,6552415,8.909194157696229
2884731,661255,5891227,6552482,8.90916061126192
2884766,661263,5891294,6552557,8.90915414895435
2884817,661283,5891394,6552677,8.909035919568476
2885326,661294,5892508,6553802,8.910572302183295
2885365,661324,5892555,6553879,8.910239156601001
2885435,661333,5892602,6553935,8.910188966829116
2885453,661333,5892633,6553966,8.910235841852742
2885491,661347,5892714,6554061,8.91016969911408
2885569,661347,5892878,6554225,8.910417677860488
2885613,661366,5892942,6554308,8.910258465055657
2885669,661388,5893025,6554413,8.91008757340623
2885680,661388,5893042,6554430,8.910113276926706
2885747,661433,5893262,6554695,8.909839696537668
2885782,661446,5893309,6554755,8.909735639795237
2885786,661446,5893316,6554762,8.909746222669726
2886292,661446,5893944,6555390,8.910695657695413
2886334,661454,5893972,6555426,8.910630217671978
2886354,661454,5894003,6555457,8.91067708412074
2886382,661461,5894039,6555500,8.910637210659434
2886395,661467,5894068,6555535,8.910600226466324
2886434,661467,5894102,6555569,8.910651627367654
2886446,661470,5894142,6555612,8.910671685790739
2886567,661513,5894430,6555943,8.910527835431806
2886760,661522,5895548,6557070,8.912096649846868
2886865,661536,5895741,6557277,8.912199789580612
2886919,661536,5895851,6557387,8.912366069269096
2886967,661548,5895926,6557474,8.912317775883231
2887446,661555,5897119,6558674,8.914026800492778
2887542,661602,5897304,6558906,8.91367317511132
2887588,661633,5897377,6559010,8.913365868993838
2887629,661633,5897377,6559010,8.913365868993838
2888204,661633,5898899,6560532,8.915666237929486
2888353,661687,5899225,6560912,8.915431314201427
2888404,661705,5899294,6560999,8.915293068663528
2888453,661719,5899347,6561066,8.91518454207904
2888552,661719,5899603,6561322,8.915571413243386
2888568,661719,5899629,6561348,8.915610704846015
2888679,661719,5899807,6561526,8.915879701202474
2888699,661728,5899836,6561564,8.91580226316553
2888725,661734,5899873,6561607,8.915777336512859
2888741,661734,5899899,6561633,8.915816627224837
2888744,661734,5899908,6561642,8.915830227855906
2888803,661780,5899973,6561753,8.915308712865302
2888806,661780,5899979,6561759,8.915317779322434
2888824,661795,5900039,6561834,8.915206370552815
2888842,661799,5900059,6561858,8.915182706531741
2889000,661866,5900366,6562232,8.914744072062925
2889020,661881,5900403,6562284,8.914597941321778
2889143,661967,5900641,6562608,8.913799328365311
2889309,662050,5900904,6562954,8.9130790725776
2889818,662050,5901724,6563774,8.91431764972434
2889919,662106,5901912,6564018,8.913847631648105
2890240,662206,5902533,6564739,8.913439322506894
2890249,662208,5902549,6564757,8.913436563738282
2890456,662215,5902926,6565141,8.913911645009552
2890628,662215,5903118,6565333,8.914201581057512
2891357,662215,5903955,6566170,8.915465521016587
2891455,662232,5904009,6566241,8.915318196644076
2891533,662232,5904119,6566351,8.91548430157407
2891542,662232,5904135,6566367,8.915508462291161
