loc,misses,hits,total,ratio
19,23,8,31,0.34782608695652173
75,53,32,85,0.6037735849056604
149,91,138,229,1.5164835164835164
177,124,152,276,1.2258064516129032
213,150,162,312,1.08
216,155,166,321,1.070967741935484
240,156,180,336,1.1538461538461537
241,157,181,338,1.1528662420382165
253,170,189,359,1.111764705882353
525,430,583,1013,1.3558139534883722
552,452,611,1063,1.3517699115044248
586,471,641,1112,1.3609341825902335
656,475,818,1293,1.7221052631578948
668,489,825,1314,1.687116564417178
787,593,936,1529,1.5784148397976392
922,765,1428,2193,1.8666666666666667
1241,999,1742,2741,1.7437437437437437
1283,1027,1773,2800,1.7263875365141188
1288,1034,1780,2814,1.7214700193423598
1322,1068,1846,2914,1.7284644194756553
1399,1083,1987,3070,1.83471837488458
1401,1088,1992,3080,1.8308823529411764
2327,1619,3383,5002,2.089561457689932
2336,1628,3401,5029,2.089066339066339
2358,1632,3403,5035,2.085171568627451
2390,1678,3484,5162,2.0762812872467222
2400,1683,3499,5182,2.079025549613785
2492,1747,3597,5344,2.058958214081282
2543,1766,3633,5399,2.0571913929784826
2634,1843,3736,5579,2.0271296798697773
2679,1889,3782,5671,2.0021175224986765
2762,1960,3891,5851,1.985204081632653
2811,1991,3961,5952,1.9894525364138624
2876,2025,4001,6026,1.9758024691358025
3161,2240,4386,6626,1.9580357142857143
3457,2472,4899,7371,1.9817961165048543
3573,2507,5010,7517,1.998404467491025
3601,2539,5039,7578,1.9846396218983853
3812,2681,5429,8110,2.024990675121223
3865,2709,5475,8184,2.0210409745293467
3884,2721,5488,8209,2.0169055494303563
4068,2878,5737,8615,1.9933981931897151
4116,2902,5780,8682,1.9917298414886286
4119,2902,5789,8691,1.9948311509303929
4310,3023,5947,8970,1.9672510750909693
4342,3049,5970,9019,1.9580190226303706
4376,3086,6006,9092,1.9462086843810757
4389,3099,6024,9123,1.9438528557599226
6266,3491,6951,10442,1.99112002291607
6646,3697,7461,11158,2.0181228022721127
6650,3698,7469,11167,2.019740400216333
6661,3708,7488,11196,2.0194174757281553
6677,3719,7503,11222,2.01747781661737
6685,3725,7506,11231,2.01503355704698
6773,3773,7578,11351,2.0084813146037637
7368,4278,8464,12742,1.978494623655914
7683,4473,8836,13309,1.9754080035770176
7739,4516,8925,13441,1.9763064658990257
8674,5021,9840,14861,1.9597689703246366
8865,5164,10137,15301,1.9630131680867544
8974,5254,10392,15646,1.9779215835553863
9002,5282,10431,15713,1.974820143884892
9029,5302,10451,15753,1.9711429649188985
9200,5382,10599,15981,1.9693422519509476
9305,5511,10791,16302,1.9580838323353293
9359,5542,10857,16399,1.9590400577408877
9444,5611,11018,16629,1.9636428444127607
10012,6102,11911,18013,1.9519829564077351
10212,6241,12226,18467,1.9589809325428618
10219,6243,12226,18469,1.9583533557584494
10233,6252,12243,18495,1.9582533589251438
10282,6287,12295,18582,1.9556227135358677
10579,6642,12928,19570,1.9464016862390847
10758,6809,13164,19973,1.933323542370392
10793,6820,13182,20002,1.9328445747800587
10841,6832,13257,20089,1.9404274004683841
10859,6842,13274,20116,1.9400760011692488
10890,6862,13313,20175,1.940104925677645
11004,6912,13414,20326,1.9406828703703705
11071,6949,13535,20484,1.9477622679522233
11097,6970,13571,20541,1.9470588235294117
11131,6993,13610,20603,1.9462319462319462
11274,7082,13782,20864,1.946060434905394
11341,7125,13840,20965,1.942456140350877
11471,7201,14033,21234,1.948757117067074
11542,7252,14154,21406,1.9517374517374517
11616,7315,14226,21541,1.944771018455229
11617,7315,14228,21543,1.9450444292549556
11629,7334,14238,21572,1.9413689664575948
11972,7453,14504,21957,1.9460619884610224
12503,7669,14896,22565,1.9423653670621985
12556,7709,14968,22677,1.941626670125827
12568,7723,14981,22704,1.9397902369545514
12630,7742,15026,22768,1.9408421596486696
12664,7778,15063,22841,1.936616096682952
12698,7809,15112,22921,1.935202970930977
12766,7809,15112,22921,1.935202970930977
12817,7851,15230,23081,1.9398802700292956
12827,7855,15242,23097,1.9404201145767028
12846,7870,15252,23122,1.937992376111817
12881,7886,15301,23187,1.9402739031194522
12925,7920,15458,23378,1.9517676767676768
12940,7928,15476,23404,1.9520686175580222
12967,7958,15516,23474,1.9497361146016587
13107,8004,15598,23602,1.948775612193903
13151,8023,15612,23635,1.9459055216253272
13355,8199,15985,24184,1.9496280034150506
13417,8238,16072,24310,1.9509589706239379
13447,8259,16098,24357,1.949146385760988
13682,8425,16467,24892,1.9545400593471811
13717,8443,16537,24980,1.9586639819969205
13780,8510,16680,25190,1.9600470035252644
14070,8573,16884,25457,1.9694389361950309
14102,8591,16938,25529,1.9715981841461996
14210,8700,17166,25866,1.973103448275862
14466,8780,17272,26052,1.9671981776765375
14583,8876,17666,26542,1.9903109508787742
14598,8876,17666,26542,1.9903109508787742
14687,8919,17769,26688,1.9922637066935756
14780,8997,17880,26877,1.9873291097032344
14886,9064,17996,27060,1.9854368932038835
14927,9102,18045,27147,1.9825313117996044
15003,9153,18315,27468,2.000983284169125
15019,9153,18341,27494,2.00382388287993
15087,9211,18461,27672,2.0042340679622193
15121,9221,18474,27695,2.003470339442577
15134,9232,18483,27715,2.0020580589254764
15188,9302,18603,27905,1.9998924962373683
15486,9409,19346,28755,2.056116484217239
15520,9426,19388,28814,2.0568639932102695
15551,9458,19440,28898,2.0554028335800383
15581,9492,19466,28958,2.050779603876949
15669,9514,19558,29072,2.055707378599958
16004,9739,19984,29723,2.0519560529828524
16113,9814,20116,29930,2.0497248828204606
16155,9849,20170,30019,2.0479236470707685
16263,9926,20309,30235,2.046040701188797
16282,9933,20317,30250,2.0454042081949058
16325,9957,20352,30309,2.0439891533594454
16366,9975,20372,30347,2.0423057644110276
16373,9976,20376,30352,2.042502004811548
16412,10025,20460,30485,2.0408977556109726
16475,10063,20526,30589,2.0397495776607375
16591,10121,20690,30811,2.044264400750914
16618,10134,20714,30848,2.044010262482731
16822,10232,20971,31203,2.049550430023456
16845,10248,20999,31247,2.0490827478532396
16912,10302,21111,31413,2.049213744903902
17065,10472,21433,31905,2.046695951107716
17068,10474,21439,31913,2.0468779835783844
17113,10482,21451,31933,2.046460599122305
17160,10495,21496,31991,2.048213434969033
17179,10499,21533,32032,2.0509572340222877
17188,10506,21547,32053,2.050923281934133
17251,10540,21642,32182,2.0533206831119544
17262,10560,21666,32226,2.0517045454545455
17269,10566,21668,32234,2.050728752602688
17325,10624,21735,32359,2.045839608433735
17353,10647,21763,32410,2.0440499671268904
17386,10660,21787,32447,2.0438086303939964
17508,10740,21894,32634,2.0385474860335195
17614,10826,22157,32983,2.0466469610197673
17702,10909,22342,33251,2.0480337336144467
17737,10929,22391,33320,2.0487693293073472
17738,10929,22393,33322,2.0489523286668496
17742,10929,22402,33331,2.04977582578461
17774,10958,22430,33388,2.0469063697755066
17802,10970,22453,33423,2.046763901549681
17836,10985,22484,33469,2.0467910787437416
17867,10997,22508,33505,2.046740020005456
17937,11051,22605,33656,2.045516242873948
17943,11057,22611,33668,2.0449489011485937
17991,11079,22708,33787,2.0496434696272225
18323,11264,23145,34409,2.054776278409091
18346,11271,23153,34424,2.0542099192618224
18364,11281,23163,34444,2.053275418845847
18739,11281,23163,34444,2.053275418845847
18745,11284,23174,34458,2.0537043601559732
19033,11411,23614,35025,2.069406712820962
19048,11421,23627,35048,2.068733035636109
20871,12555,26208,38763,2.0874551971326163
20873,12559,26210,38769,2.086949597897922
20904,12584,26255,38839,2.0863795295613476
20919,12593,26268,38861,2.0859207496228063
20967,12630,26300,38930,2.0823436262866193
21383,12828,26757,39585,2.085827876520112
21404,12841,26766,39607,2.084417101471848
21529,12899,26949,39848,2.08923172338941
21955,13037,27295,40332,2.093656516069648
21964,13047,27301,40348,2.092511688510769
21997,13057,27325,40382,2.0927471854177835
22003,13064,27327,40391,2.091778934476424
22119,13103,27413,40516,2.0921163092421584
22135,13105,27418,40523,2.0921785578023657
22175,13127,27471,40598,2.0927096823341205
22209,13160,27506,40666,2.0901215805471125
22220,13167,27521,40688,2.090149616465406
22385,13260,27676,40936,2.0871794871794873
22390,13268,27682,40950,2.086373228821224
22407,13278,27696,40974,2.0858563036601896
22428,13301,27742,41043,2.0857078415156756
22487,13362,27872,41234,2.0859152821433917
22638,13448,28035,41483,2.0846966091612136
22711,13479,28262,41741,2.0967430818309962
22822,13562,28436,41998,2.0967408936734997
23269,13743,29294,43037,2.1315578840136795
23380,13793,29422,43215,2.1331109983324876
23410,13823,29453,43276,2.1307241553931853
23435,13840,29478,43318,2.1299132947976878
23479,13849,29582,43431,2.1360387031554624
23756,14034,30105,44139,2.145147498931167
23779,14046,30126,44172,2.1448099102947458
24134,14206,30331,44537,2.135083767422216
24151,14217,30347,44564,2.134557220229303
24201,14252,30394,44646,2.1326129666011786
24802,14781,31447,46228,2.127528583992964
24930,14916,31651,46567,2.121949584338965
24984,14961,31743,46704,2.1217164628032887
25078,15020,31860,46880,2.1211717709720372
25131,15076,31961,47037,2.1199920403289996
25631,15327,32809,48136,2.1406015528152933
25652,15348,32834,48182,2.13930153765963
25678,15358,32877,48235,2.1407084255762467
25700,15375,32905,48280,2.1401626016260162
25713,15383,32918,48301,2.139894688942339
25748,15407,32950,48357,2.1386382813007074
25800,15471,33048,48519,2.136125654450262
25821,15481,33070,48551,2.136166914282023
25826,15481,33070,48551,2.136166914282023
26011,15501,34128,49629,2.2016644087478228
26039,15518,34155,49673,2.2009923959273103
27854,16306,35930,52236,2.203483380350791
27862,16317,35937,52254,2.202426916712631
27890,16334,35985,52319,2.203073343945145
27920,16358,36023,52381,2.202164078738232
27925,16375,36035,52410,2.200610687022901
27989,16401,36129,52530,2.2028534845436254
27994,16404,36134,52538,2.2027554255059743
28075,16420,36173,52593,2.2029841656516442
28190,16506,36307,52813,2.199624379013692
28217,16516,36394,52910,2.203560184063938
28271,16565,36479,53044,2.202173256866888
28277,16577,36489,53066,2.201182361102733
28320,16597,36518,53115,2.2002771585226246
28379,16644,36611,53255,2.1996515260754625
28404,16654,36685,53339,2.202774108322325
28487,16693,36811,53504,2.2051758222009226
28537,16728,36896,53624,2.205643232902917
28593,16752,36983,53735,2.207676695319962
28679,16800,37077,53877,2.2069642857142857
28711,16820,37122,53942,2.2070154577883474
28716,16824,37128,53952,2.2068473609129815
28745,16858,37177,54035,2.20530312018033
29308,17239,38250,55489,2.2188061952549454
29324,17242,38273,55515,2.219754088852801
29336,17253,38279,55532,2.2186866052280765
29352,17268,38302,55570,2.218091267083623
29419,17301,38392,55693,2.2190624819374603
29436,17305,38407,55712,2.219416353655013
29497,17350,38480,55830,2.2178674351585013
29617,17431,38590,56021,2.213871837530836
29636,17431,38605,56036,2.2147323733578106
29639,17434,38611,56045,2.2146954227371802
29745,17500,38736,56236,2.2134857142857145
29790,17518,38779,56297,2.213665943600868
30487,17880,40312,58192,2.254586129753915
30544,17910,40352,58262,2.2530429927414852
30552,17916,40355,58271,2.2524559053360127
30574,17950,40385,58335,2.2498607242339834
30584,17965,40401,58366,2.248872808238241
30729,18008,40529,58537,2.2506108396268325
30738,18015,40531,58546,2.24984734943103
31539,18280,41183,59463,2.2528993435448577
31544,18286,41186,59472,2.2523241824346494
31554,18291,41203,59494,2.2526379093543274
31666,18370,41352,59722,2.2510615133369622
31926,18578,41835,60413,2.2518570352029283
31956,18598,41874,60472,2.2515324228411657
32360,18829,42611,61440,2.2630516756067767
32518,18924,43190,62114,2.282287042908476
32548,18931,43207,62138,2.2823411335904074
32626,18997,43309,62306,2.2797810180554823
32844,19199,43633,62832,2.2726704515860203
32916,19238,43737,62975,2.273469175589978
34201,19238,43737,62975,2.273469175589978
34221,19248,43759,63007,2.2734310058187863
34374,19248,44251,63499,2.298992103075644
34435,19289,44331,63620,2.298252890248328
34450,19296,44352,63648,2.298507462686567
35987,19756,45495,65251,2.3028447054059527
36005,19765,45520,65285,2.3030609663546673
36075,19818,45595,65413,2.300686244827934
36086,19828,45600,65428,2.299778091587654
36478,20099,46596,66695,2.318324294741032
36741,20233,47054,67287,2.3256066821529187
36752,20236,47073,67309,2.3262008302035975
36830,20256,47170,67426,2.3286927330173777
36897,20280,47284,67564,2.3315581854043392
36943,20316,47322,67638,2.3292971057294745
37920,20901,48791,69692,2.334385914549543
37923,20903,48795,69698,2.3343539204898818
37972,20941,48866,69807,2.333508428441813
37980,20947,48879,69826,2.333460638754953
37990,20953,48887,69840,2.333174247124517
38107,20986,48942,69928,2.332126179357667
38120,20996,48956,69952,2.33168222518575
38166,21010,48993,70003,2.3318895763921943
38198,21020,49004,70024,2.331303520456708
38300,21093,49182,70275,2.3316740150760915
38340,21126,49242,70368,2.33087191138881
38377,21150,49310,70460,2.3314420803782507
38417,21179,49354,70533,2.3303272109164737
38449,21212,49410,70622,2.3293418819536114
38766,21476,50109,71585,2.333255727323524
38856,21525,50168,71693,2.33068524970964
38926,21596,50367,71963,2.332237451379885
38967,21611,50398,72009,2.3320531210957385
38969,21613,50398,72011,2.3318373201314024
41801,22846,53420,76266,2.3382649041407686
41832,22868,53455,76323,2.3375459156900473
41842,22868,53471,76339,2.3382455833479097
41918,22928,53563,76491,2.336139218422889
41942,22934,53569,76503,2.3357896572774046
41960,22939,53574,76513,2.33549849601116
42025,22964,53646,76610,2.336091273297335
42146,23011,53854,76865,2.3403589587588542
42328,23089,54016,77105,2.3394690112174628
43017,23531,55182,78713,2.3450767073222556
43040,23552,55216,78768,2.344429347826087
43045,23557,55234,78791,2.344695844122766
43160,23637,55405,79042,2.3439945847611794
43207,23671,55493,79164,2.344345401546196
43238,23703,55532,79235,2.342825802641016
43251,23723,55556,79279,2.3418623276988577
43280,23743,55579,79322,2.3408583582529587
43527,23858,55819,79677,2.3396345041495517
43639,23923,55965,79888,2.339380512477532
43802,24110,56196,80306,2.330817088345085
43907,24194,56463,80657,2.3337604364718527
43922,24201,56476,80677,2.333622577579439
43945,24205,56495,80700,2.334021896302417
44165,24257,56641,80898,2.335037308818073
44356,24412,56921,81333,2.331681140422743
44366,24412,56937,81349,2.3323365557922333
44685,24596,57339,81935,2.3312327207676047
44750,24638,57455,82093,2.331966880428606
44764,24647,57483,82130,2.332251389621455
44789,24665,57515,82180,2.331846746401784
44810,24674,57537,82211,2.331887817135446
45166,24969,58104,83073,2.3270455364652167
45178,24975,58118,83093,2.327047047047047
45221,24997,58191,83188,2.3279193503220386
45243,25010,58216,83226,2.327708916433427
45411,25157,58628,83785,2.330484556982152
45413,25158,58632,83790,2.330550918196995
45443,25180,58646,83826,2.3290706910246226
46036,25493,59405,84898,2.330247518926764
46250,25592,59615,85207,2.329438887152235
46274,25611,59638,85249,2.3286088009058608
46733,25750,60008,85758,2.3304077669902914
46772,25756,60046,85802,2.331340270228296
46783,25762,60050,85812,2.3309525657945813
46831,25799,60207,86006,2.3336951044614134
47329,26017,60596,86613,2.329092516431564
47509,26108,60850,86958,2.330703232725601
47537,26110,60889,86999,2.332018383761011
47725,26110,61168,87278,2.342703944848717
47833,26155,61285,87440,2.343146625884152
47863,26182,61318,87500,2.3419906806202735
47999,26260,61523,87783,2.342840822543793
48497,26475,61956,88431,2.340169971671388
48502,26479,61966,88445,2.3401941160919972
48572,26512,62023,88535,2.3394312009656004
48662,26577,62206,88783,2.340595251533281
48665,26578,62209,88787,2.34062006170517
48738,26608,62277,88885,2.3405366806975345
49958,26661,63747,90408,2.3910205918757734
49981,26674,63770,90444,2.390717552673015
50003,26674,63775,90449,2.3909050011246906
50356,26818,64367,91185,2.400141695875904
50388,26835,64403,91238,2.3999627352338364
50408,26844,64410,91254,2.3994188645507375
50636,26853,65783,92636,2.4497449074591295
50728,26898,65859,92757,2.448472005353558
50824,26922,66039,92961,2.4529752618676177
50892,26925,66211,93136,2.4590900649953573
50906,26925,66213,93138,2.4591643454038996
51188,27038,66655,93693,2.4652341149493306
51409,27189,67063,94252,2.4665489720107394
51771,27355,67483,94838,2.4669347468470115
51815,27384,67547,94931,2.4666593631317557
51939,27507,67755,95262,2.463191187697677
51944,27516,67759,95275,2.462530891117895
52001,27546,67817,95363,2.46195454875481
52094,27618,67961,95579,2.4607502353537547
52105,27626,67980,95606,2.4607254036052995
52221,27684,68116,95800,2.4604825892212108
52259,27698,68182,95880,2.4616217777456857
52285,27706,68214,95920,2.4620659784884142
52307,27720,68235,95955,2.4615800865800868
52503,27808,68419,96227,2.460407077100115
54851,28224,71114,99338,2.519628684807256
55275,28350,71372,99722,2.5175308641975307
55384,28398,71440,99838,2.5156701176139165
55388,28398,71442,99840,2.5157405451088106
55675,28458,71560,100018,2.5145828940895356
56076,28710,72029,100739,2.508847091605712
56105,28730,72061,100791,2.508214410024365
56175,28744,72085,100829,2.5078277205677706
56370,28805,72276,101081,2.5091477174101717
56398,28828,72308,101136,2.5082558623560427
56437,28860,72351,101211,2.506964656964657
56665,28887,72921,101808,2.5243535154221624
56810,29001,73143,102144,2.522085445329471
56886,29010,76191,105201,2.626370217166494
58005,29537,77565,107102,2.6260283711954497
58024,29537,77575,107112,2.6263669296137047
58072,29574,77681,107255,2.626665314127274
58339,29662,77943,107605,2.627705481761176
58446,29768,78130,107898,2.624630475678581
58785,30002,78775,108777,2.62565828944737
59143,30141,79288,109429,2.6305696559503664
59410,30145,91518,121663,3.03592635594626
59416,30151,91521,121672,3.0354217107226957
59423,30155,91534,121689,3.0354501741004807
59460,30184,91589,121773,3.0343559501722766
59524,30211,91663,121874,3.0340935420873194
59546,30226,91676,121902,3.0330179315820818
59617,30226,91848,122074,3.0387083967445245
59807,30297,92095,122392,3.03973990824174
59896,30340,92209,122549,3.039189189189189
59916,30343,92227,122570,3.0394819233431103
60357,30393,92578,122971,3.046030335932616
60399,30441,92660,123101,3.0439210275615123
60409,30447,92672,123119,3.0437153085689888
60417,30447,92672,123119,3.0437153085689888
60445,30484,92705,123189,3.041103529720509
60473,30491,92730,123221,3.041225279590699
60493,30512,92755,123267,3.0399514944939696
60501,30517,92759,123276,3.0395844938886523
60508,30526,92782,123308,3.0394417873288346
60678,30599,93054,123653,3.0410797738488187
60693,30607,93086,123693,3.0413304146110365
61081,30748,93485,124233,3.040360348640562
61107,30770,93534,124304,3.0397790055248617
61550,31000,94169,125169,3.037709677419355
61560,31000,94171,125171,3.0377741935483873
61634,31044,94308,125352,3.037881716273676
61763,31046,94689,125735,3.0499581266507763
61777,31052,94712,125764,3.0501094937524154
61802,31069,94735,125804,3.049180855515144
61852,31109,94863,125972,3.0493747790028607
61996,31191,95031,126222,3.046744253149947
62157,31200,95946,127146,3.0751923076923076
62318,31307,96333,127640,3.0770434727057845
62373,31356,96381,127737,3.0737657864523538
62543,31356,96726,128082,3.0847684653654803
62942,31692,97437,129129,3.074498296099962
62977,31701,97573,129274,3.077915523169616
62987,31705,97584,129289,3.0778741523419018
63006,31719,97611,129330,3.077366877896529
63012,31720,97621,129341,3.0775851197982345
63092,31744,97700,129444,3.0777469758064515
63190,31746,97988,129734,3.086625086625087
63211,31765,98019,129784,3.085754761529986
63239,31769,98063,129832,3.0867512354811293
63240,31769,98065,129834,3.086814189933583
63274,31785,98088,129873,3.085983954695611
63395,31855,98232,130087,3.083723120389264
63405,31860,98236,130096,3.083364720652856
63623,31882,98357,130239,3.085032306630701
64002,31997,98532,130529,3.0794136950339093
64011,32008,98550,130558,3.0789177705573607
64322,32144,99260,131404,3.087979094076655
64338,32152,99277,131429,3.087739487434685
64349,32152,99287,131439,3.088050510077134
64370,32165,99343,131508,3.0885434478470386
64415,32187,99458,131645,3.090005281635443
64439,32223,99511,131734,3.08819787108587
64471,32231,99537,131768,3.0882380317086033
64574,32312,99628,131940,3.0833127011636545
64851,32485,100080,132565,3.0808065260889643
65617,32726,100734,133460,3.078103037340341
65633,32744,100757,133501,3.077113364280479
65673,32785,100804,133589,3.0746987951807228
65814,32900,101111,134011,3.0732826747720363
65864,32917,101254,134171,3.076039736306468
65904,32929,101314,134243,3.0767408667132314
66180,33100,101800,134900,3.0755287009063443
66188,33106,101820,134926,3.0755754243943696
66579,33437,102318,135755,3.0600233274516255
66634,33477,102417,135894,3.0593243122143563
66667,33483,102421,135904,3.0588955589403577
66718,33486,102600,136086,3.063967030998029
66819,33543,102819,136362,3.0652893301135857
69416,34724,105843,140567,3.0481223361363896
69491,34771,105973,140744,3.0477409335365677
69821,35014,106403,141417,3.0388701662192266
69886,35031,106614,141645,3.0434186863064143
69908,35048,106663,141711,3.0433405615156355
69941,35064,106710,141774,3.043292265571526
70206,35284,107098,142382,3.0353134565242037
70263,35306,107150,142456,3.034894918710701
70305,35330,107235,142565,3.0352391735069344
70373,35358,107362,142720,3.036427399739804
70510,35460,107611,143071,3.034715172024817
70646,35538,107935,143473,3.0371714784174686
70736,35591,108138,143729,3.038352392458768
70880,35735,108411,144146,3.0337484259129703
71152,35866,108711,144577,3.0310321753192437
71184,35906,108761,144667,3.0290480699604525
71185,35906,108763,144669,3.0291037709575
71287,35952,108931,144883,3.029900979083222
71315,35966,108965,144931,3.0296669076349887
71346,35980,109000,144980,3.0294608115619788
71512,36048,109221,145269,3.0298768308921438
71540,36062,109255,145317,3.02964339193611
71945,36292,109969,146261,3.0301168301554062
71963,36292,109979,146271,3.0303923729747604
72039,36337,110076,146413,3.0293089688196604
72100,36353,110119,146472,3.0291585288696945
72109,36362,110130,146492,3.0287112920081403
72228,36422,110368,146790,3.030256438416342
72261,36452,110412,146864,3.0289696038626137
72266,36463,110427,146890,3.0284672133395496
72270,36465,110432,146897,3.0284382284382283
72281,36471,110453,146924,3.0285158070795974
72292,36476,110460,146936,3.0282925759403443
72310,36483,110472,146955,3.0280404571992436
72340,36503,110507,147010,3.027340218612169
73402,36989,111848,148837,3.023817891805672
73407,36990,111858,148848,3.024006488240065
73537,37041,111947,148988,3.02224561971869
73625,37114,112115,149229,3.0208277199978446
73648,37120,112126,149246,3.0206357758620688
73791,37171,112353,149524,3.022598262086035
73802,37182,112375,149557,3.0222957344951857
73803,37183,112379,149562,3.0223220288841675
73853,37200,112439,149639,3.02255376344086
73914,37200,112557,149757,3.025725806451613
73976,37251,112654,149905,3.024187270140399
73991,37259,112668,149927,3.0239136852840924
74024,37286,112714,150000,3.022957678485222
74169,37332,112855,150187,3.0230097503482267
74250,37368,112932,150300,3.0221579961464355
74367,37402,113025,150427,3.02189722474734
74376,37418,113040,150458,3.021005932973435
74449,37443,113127,150570,3.021312394840157
74527,37520,113287,150807,3.0193763326226013
74838,37618,113487,151105,3.0168270508798978
74860,37631,113514,151145,3.016502351784433
74946,37675,113735,151410,3.018845388188454
74952,37681,113746,151427,3.0186566173933813
75075,37766,113933,151699,3.0168140655616162
76071,38210,115437,153647,3.021120125621565
76076,38214,115447,153661,3.0210655780603966
76130,38241,115489,153730,3.0200308569336576
76251,38241,115703,153944,3.0256269449020685
76308,38279,115815,154094,3.025549256772643
76337,38289,115822,154111,3.0249418893154694
76350,38303,115847,154150,3.024488943424797
76398,38333,115920,154253,3.0240262958808337
76418,38355,115940,154295,3.022813192543345
76438,38368,115965,154333,3.0224405754795662
76468,38387,115982,154369,3.0213874488759216
76530,38414,116075,154489,3.021684802415786
76558,38427,116112,154539,3.021625419626825
76614,38475,116220,154695,3.020662768031189
76775,38608,116424,155032,3.015540820555325
76809,38613,116442,155055,3.01561650221428
76888,38636,116477,155113,3.0147271974324465
77036,38636,116477,155113,3.0147271974324465
77065,38645,116515,155160,3.015008409884849
77156,38672,116640,155312,3.0161357054199422
77189,38688,116690,155378,3.0161807278742763
77748,39046,117915,156961,3.0198996055934026
77940,39067,117977,157044,3.019863311746487
80378,40676,122863,163539,3.02052807552365
80391,40676,122863,163539,3.02052807552365
80403,40685,122883,163568,3.020351480889763
80445,40710,122930,163640,3.019651191353476
80465,40735,123002,163737,3.0195654842273227
80923,40910,124004,164914,3.031141530188218
81139,41054,124277,165331,3.027159351098553
81591,41432,124929,166361,3.0152780459548176
81634,41467,124975,166442,3.0138423324571346
81747,41499,125081,166580,3.0140726282561023
83076,42382,129228,171610,3.0491246283799724
83094,42400,129253,171653,3.0484198113207546
83097,42401,129256,171657,3.0484186693710056
83106,42406,129269,171675,3.0483657972928357
83147,42445,129339,171784,3.0472140417010247
83201,42484,129419,171903,3.0462997834478864
83265,42517,129557,172074,3.0471811275489804
83363,42595,129718,172313,3.045380913252729
83459,42660,129983,172643,3.046952648851383
83521,42672,130070,172742,3.0481346081739784
83539,42683,130092,172775,3.047864489375161
83548,42685,130108,172793,3.0480965210261215
83581,42705,130143,172848,3.047488584474886
83602,42705,130175,172880,3.04823791125161
83608,42705,130180,172885,3.048354993560473
83615,42706,130184,172890,3.0483772771975834
83648,42715,130204,172919,3.048203207304226
83707,42733,130280,173013,3.0486977277513865
83739,42767,130320,173087,3.0472092968877873
83880,42857,130576,173433,3.0467834892782975
83916,42871,130602,173473,3.0463949989503396
83953,42884,130673,173557,3.0471271336629044
83980,42891,130687,173578,3.046956237905388
84031,42932,130763,173695,3.045816640268331
84139,42966,130849,173815,3.0454079970209
84295,43067,131105,174172,3.044210184131702
84387,43148,131246,174394,3.0417632335218316
84492,43200,131588,174788,3.0460185185185185
84579,43277,131818,175095,3.045913533747718
84657,43305,131895,175200,3.0457222029788706
84686,43305,131895,175200,3.0457222029788706
84781,43387,132003,175390,3.0424551132827804
84813,43408,132043,175451,3.0419047180243273
84893,43436,132109,175545,3.0414633023298645
84984,43436,132289,175725,3.045607330325076
85035,43451,132321,175772,3.045292398333755
85062,43465,132363,175828,3.045277809731968
85083,43471,132429,175900,3.046375744749373
85306,43619,132759,176378,3.043604851096999
85360,43656,132833,176489,3.0427203591717062
85418,43669,132926,176595,3.043944216721244
85539,43716,133002,176718,3.0424101015646445
85565,43731,133036,176767,3.042144016830166
85573,43739,133044,176783,3.0417705022977204
85707,43811,133297,177108,3.0425463924585148
85862,43880,133542,177422,3.0433454876937103
85873,43887,133573,177460,3.0435664319730216
86267,44032,133950,177982,3.04210574127907
86378,44032,134128,178160,3.0461482558139537
86434,44071,134214,178285,3.045404007170248
86453,44091,134243,178334,3.0446803202467625
86473,44116,134283,178399,3.0438616375011334
86506,44138,134330,178468,3.0434093071729573
86528,44143,134334,178477,3.0431552001449833
86542,44155,134351,178506,3.042713169516476
86597,44203,134485,178688,3.0424405583331446
86627,44217,134511,178728,3.0420652690141803
87137,44334,134786,179120,3.0402399963910316
87175,44393,134853,179246,3.037708647759782
87184,44398,134865,179263,3.03763683048786
87211,44425,134912,179337,3.0368486212718064
87239,44437,134949,179386,3.0368611742466864
87240,44437,134951,179388,3.036906181785449
87335,44482,135011,179493,3.035182770558878
87424,44526,135120,179646,3.0346314512868884
87431,44529,135131,179660,3.034674032652878
87976,44853,136543,181396,3.0442333846119545
88177,44968,136773,181741,3.041562889165629
88373,45093,137081,182174,3.0399618566074555
88395,45100,137139,182239,3.040776053215078
88412,45114,137170,182284,3.0405195726382055
88423,45128,137211,182339,3.040484843112923
88455,45144,137265,182409,3.0406034024455075
88563,45170,137335,182505,3.040402922293558
88693,45172,137719,182891,3.048769149030373
88704,45178,137742,182920,3.048873345433618
88894,45326,138019,183345,3.045029342981953
88905,45341,138037,183378,3.044418958558479
88920,45341,138042,183383,3.0445292340265984
88954,45347,138075,183422,3.0448541248594174
88970,45358,138098,183456,3.0446227787821334
89198,45596,138573,184169,3.0391481708921835
89303,45657,138673,184330,3.037277963948573
89312,45660,138687,184347,3.0373850197109067
89361,45706,138759,184465,3.035903382488076
89444,45722,138993,184715,3.0399588819386727
89667,45722,139471,185193,3.050413367744193
89697,45748,139505,185253,3.0494229255923755
89742,45762,139549,185311,3.0494515099864516
89824,45845,139686,185531,3.046918966081361
89868,45858,139749,185607,3.0474290200183174
90043,45936,140066,186002,3.04915534656914
90102,46012,140214,186226,3.0473354777014694
90133,46024,140258,186282,3.047496958108813
90261,46026,140595,186621,3.054686481553904
90336,46053,140656,186709,3.0542201376674702
90347,46060,140675,186735,3.054168475900999
90362,46061,140684,186745,3.0542975619287467
90396,46076,140735,186811,3.0544101050438406
90465,46121,140820,186941,3.0532729125561024
90518,46144,140873,187017,3.052899618585298
90527,46144,140882,187026,3.0530946601941746
90539,46153,140888,187041,3.0526292982038004
90554,46164,140907,187071,3.052313491031973
90712,46297,141245,187542,3.0508456271464675
90785,46333,141337,187670,3.050460794681976
90792,46333,141337,187670,3.050460794681976
90891,46368,141473,187841,3.0510912698412698
90923,46383,141521,187904,3.051139426082832
90958,46405,141559,187964,3.050511798297597
90982,46425,141596,188021,3.0499946149703825
91040,46477,141636,188113,3.047442821180369
91096,46497,141661,188158,3.0466696776136093
91129,46539,141707,188246,3.0449085713057866
91188,46595,141760,188355,3.04238652215903
91238,46612,141821,188433,3.0425856002746072
91249,46618,141850,188468,3.0428160796258954
91433,46675,142160,188835,3.045741831815747
91439,46678,142171,188849,3.0457817387205965
91568,46750,142326,189076,3.0444064171122993
91581,46757,142334,189091,3.0441217357828774
91691,46780,142607,189387,3.0484608807182556
91888,46874,142972,189846,3.0501344028672612
91898,46887,143006,189893,3.0500138631177087
91997,46904,143094,189998,3.050784581272386
92001,46907,143097,190004,3.0506534205982048
92015,46922,143130,190052,3.0503814841652104
92046,46937,143155,190092,3.0499392803119076
92069,46943,143162,190105,3.0496985706069064
92262,47009,143486,190495,3.052309132293816
92459,47118,143756,190874,3.050978394668704
92497,47149,143815,190964,3.0502237587223484
114291,47151,209191,256342,4.436618523467159
114412,47275,209461,256736,4.430692755156002
114474,47314,209560,256874,4.4291330261656165
114498,47342,209598,256940,4.427316125216509
114588,47404,209740,257144,4.424521137456755
114610,47415,209793,257208,4.4246124644099964
114661,47465,209883,257348,4.421847677235858
114790,47582,210111,257693,4.41576646631079
114869,47609,210230,257839,4.415761725724128
114899,47647,210273,257920,4.413142485361093
114915,47647,210299,257946,4.413688165047117
114946,47668,210324,257992,4.412268188302425
115099,47709,210448,258157,4.411075478421262
115110,47712,210455,258167,4.410944835680751
115239,47713,210837,258550,4.418858591997988
115392,47836,211034,258870,4.411614683501965
115678,47974,211547,259521,4.409617709592696
117170,49074,214643,263717,4.373863960549374
117412,49230,215337,264567,4.374101157830591
117423,49230,215359,264589,4.3745480398131225
117656,49337,215746,265083,4.372904716541338
118057,49459,216053,265512,4.368325279524455
118587,49974,217354,267328,4.349341657661984
118653,50024,217427,267451,4.346453702222933
119057,50235,217950,268185,4.338608539862646
120122,50736,218936,269672,4.315200252286345
120143,50757,218980,269737,4.31428177394251
120524,50879,219501,270380,4.314176772342224
120568,50919,219580,270499,4.312339205404662
121049,51180,221091,272271,4.3198710433763186
121343,51312,221359,272671,4.31398113501715
121437,51350,221448,272798,4.312521908471275
121647,51418,221806,273224,4.313781166128593
121708,51437,221831,273268,4.312673756245505
121726,51450,221868,273318,4.312303206997084
121750,51477,221900,273377,4.310663014550188
121785,51490,221937,273427,4.310293260827345
122033,51567,222158,273725,4.308142804506758
122087,51610,222247,273857,4.306277853129239
122105,51610,222257,273867,4.306471614028289
122179,51641,222377,274018,4.306210181832265
122190,51645,222380,274025,4.305934746829315
122226,51676,222427,274103,4.304261165724902
122396,51762,222626,274388,4.30095436806924
122402,51770,222636,274406,4.300482905157427
122525,51855,222801,274656,4.296615562626555
122534,51864,222823,274687,4.296294153941076
122955,51870,223340,275210,4.305764411027569
122969,51870,223349,275219,4.305937921727395
122984,51880,223378,275258,4.305666923670008
123026,51895,223437,275332,4.305559302437614
123039,51907,223481,275388,4.3054116015181
123081,51930,223546,275476,4.30475640284999
123082,51930,223548,275478,4.304794916233391
123108,51942,223577,275519,4.304358707789458
123468,51942,223577,275519,4.304358707789458
123493,51958,223609,275567,4.303649101197121
123540,51972,223647,275619,4.303220965135073
123637,52064,223843,275907,4.299381530424093
123676,52110,223930,276040,4.297255805027826
123685,52117,223940,276057,4.296870502906921
123973,52332,224564,276896,4.291141175571352
124011,52350,224620,276970,4.290735434574976
124049,52358,224677,277035,4.291168493830933
124189,52490,224808,277298,4.282872928176795
124724,52881,225632,278513,4.266787693122294
124731,52884,225651,278535,4.26690492398457
124763,52904,225697,278601,4.26616134885831
124795,52925,225734,278659,4.265167690127539
124804,52925,225743,278668,4.26533774208786
124914,52964,225847,278811,4.264160561891096
124934,52975,225867,278842,4.263652666352053
125050,53055,226079,279134,4.261219489209311
125117,53077,226168,279245,4.2611300563332515
125123,53086,226186,279272,4.2607467128809855
125436,53234,226500,279734,4.254799564188301
125576,53237,226758,279995,4.259406052181753
125685,53321,226979,280300,4.256840644399017
125686,53321,226981,280302,4.256878153072898
125705,53326,226997,280323,4.256779057120354
125754,53351,227078,280429,4.256302599763829
125884,53352,227463,280815,4.263439046333783
125904,53363,227484,280847,4.262953731986583
125935,53386,227531,280917,4.261997527441651
125960,53402,227557,280959,4.26120744541403
126090,53403,227942,281345,4.268336984813587
126168,53457,228057,281514,4.266176553117459
126204,53460,228089,281549,4.266535727646839
126259,53494,228133,281627,4.264646502411486
126273,53502,228151,281653,4.264345258121192
126319,53547,228249,281796,4.262591741834276
126339,53547,228270,281817,4.262983920667825
126358,53555,228310,281865,4.263094015498086
126366,53566,228328,281894,4.262554605533361
126386,53578,228362,281940,4.2622344992347605
126452,53641,228552,282193,4.260770679144684
126509,53650,228734,282384,4.263448275862069
126537,53666,228769,282435,4.262829351917415
126806,53834,229302,283136,4.2594271278374265
126839,53858,229334,283192,4.258123212893164
127020,53980,229841,283821,4.257891811782142
127276,54057,230082,284139,4.256285032465731
127466,54178,230531,284709,4.255066632212337
127476,54184,230545,284729,4.25485383138934
127510,54215,230611,284826,4.253638291985613
127649,54304,231081,285385,4.255321891573365
127665,54304,231107,285411,4.25580067766647
127680,54305,231113,285418,4.25583279624344
127842,54402,231328,285730,4.252196610418735
127888,54429,231392,285821,4.251263113413805
127962,54466,231503,285969,4.250413101751551
128046,54508,231592,286100,4.24877082263154
128163,54579,231733,286312,4.245827149636307
128310,54621,232013,286634,4.247688617930833
128347,54636,232056,286692,4.247309466285965
128415,54658,232164,286822,4.247575835193384
128441,54658,232164,286822,4.247575835193384
128509,54716,232339,287055,4.246271657284889
128529,54716,232360,287076,4.246655457270268
128594,54747,232460,287207,4.246077410634372
128633,54755,232504,287259,4.246260615468907
128684,54755,232504,287259,4.246260615468907
128784,54826,232689,287515,4.244135993871521
128815,54853,232728,287581,4.2427579166134946
128869,54853,232847,287700,4.244927351284342
128991,54938,232998,287936,4.241108158287524
129029,54947,233065,288012,4.241632846197245
129640,55294,234118,289412,4.234057944804138
129984,55456,234650,290106,4.2312824581650315
129999,55468,234682,290150,4.230943967693085
130079,55493,234813,290306,4.2313985547726745
130151,55513,234996,290509,4.233170608686254
130215,55532,235043,290575,4.232568609090254
130316,55607,235488,291095,4.234862517308972
130335,55627,235531,291158,4.234112930771029
130355,55639,235548,291187,4.233505275076834
130359,55645,235562,291207,4.233300386377931
130391,55659,235614,291273,4.2331698377620866
130411,55659,235635,291294,4.233547135234194
130435,55666,235647,291313,4.233230338087881
130541,55716,235834,291550,4.23278770909613
130591,55749,235985,291734,4.232990726291055
130664,55765,236105,291870,4.2339280910965655
131110,55942,236724,292666,4.2315970111901615
131123,55954,236739,292693,4.230957572291525
131190,55987,236842,292829,4.230303463303981
131246,56019,236906,292925,4.229029436441207
131271,56031,236944,292975,4.228801913226607
131278,56038,236952,292990,4.228416431707056
131397,56043,236975,293018,4.228449583355638
131426,56075,237005,293080,4.226571555951851
131488,56095,237162,293257,4.227863445939923
131495,56095,237162,293257,4.227863445939923
131613,56140,237294,293434,4.226825792661204
131654,56170,237348,293518,4.225529642157736
131664,56170,237350,293520,4.225565248353213
131677,56176,237358,293534,4.225256337225861
132207,56176,239174,295350,4.257583309598405
132395,56229,239502,295731,4.259403510643974
132439,56257,239550,295807,4.258136765202552
132461,56271,239586,295857,4.257717118942262
132469,56277,239599,295876,4.257494180571103
132488,56294,239622,295916,4.256617046221622
132510,56300,239651,295951,4.256678507992895
132546,56314,239667,295981,4.25590439322371
132575,56322,239695,296017,4.2557970242534005
132592,56324,239707,296031,4.255858958880761
133060,56528,240500,297028,4.254528729125389
133079,56537,240518,297055,4.254169835682827
133174,56592,240635,297227,4.252102770709641
133183,56596,240653,297249,4.252120291186657
133291,56669,241137,297806,4.255183610086643
133292,56669,241139,297808,4.255218902751063
133331,56684,241179,297863,4.254798532213676
133501,56743,241341,298084,4.2532294732389895
133664,56752,242268,299020,4.268889202142656
133673,56761,242282,299043,4.268458977114568
133681,56768,242285,299053,4.267985484780158
133782,56778,242454,299232,4.270210292719011
133815,56783,242483,299266,4.270344997622528
133855,56810,242613,299423,4.27060376694244
133930,56845,242684,299529,4.26922332658985
134090,56959,243081,300040,4.267648659562141
134152,57001,243196,300197,4.266521639971229
134231,57051,243307,300358,4.264728050340923
134241,57051,243309,300360,4.26476310669401
134335,57073,243332,300405,4.263522155835509
134347,57081,243369,300450,4.263572817575025
134409,57153,243486,300639,4.260248805836964
134444,57165,243534,300699,4.260194174757282
134452,57168,243551,300719,4.260267982087881
134462,57168,243561,300729,4.260442905121747
134497,57175,243616,300791,4.260883253170092
134967,57535,244702,302237,4.253098114191362
134992,57541,244730,302271,4.2531412384213
135046,57553,244817,302370,4.25376609386131
135155,57597,244912,302509,4.252165911418998
135186,57611,244952,302563,4.251826908055754
135228,57629,245053,302682,4.2522514706137535
135334,57644,245101,302745,4.251977655957255
135369,57650,245188,302838,4.25304423243712
135378,57654,245206,302860,4.253061366080411
135432,57674,245305,302979,4.253303048167285
136073,57934,246015,303949,4.2464701211723686
136087,57945,246066,304011,4.246544136681336
136112,57969,246092,304061,4.245234521899636
136306,58086,246355,304441,4.241211307371828
136476,58136,246445,304581,4.23911173799367
138013,58793,248998,307791,4.235164050142024
138123,58865,249164,308029,4.232803873269345
138214,58954,249281,308235,4.228398412321471
138252,58980,249346,308326,4.227636486944727
138288,58998,249416,308414,4.227533136716499
138291,58998,249422,308420,4.227634835079155
138472,59174,249789,308963,4.2212627167337
138473,59174,249791,308965,4.221296515361477
138817,59310,250123,309433,4.2172146349688076
138836,59318,250142,309460,4.216966182271823
138865,59318,250178,309496,4.217573080683772
138907,59343,250217,309560,4.216453499149015
138956,59382,250292,309674,4.214947290424708
138978,59400,250329,309729,4.214292929292929
139088,59456,250418,309874,4.211820505920344
139119,59471,250470,309941,4.211632560407594
139150,59529,250582,310111,4.209410539400964
139192,59529,250582,310111,4.209410539400964
139228,59549,250618,310167,4.208601319921409
139236,59557,250682,310239,4.209110599929479
139267,59560,250699,310259,4.2091840161182
139323,59580,250727,310307,4.20824102047667
139444,59617,250865,310482,4.207944042806582
139480,59652,250903,310555,4.206112116944947
139522,59685,251012,310697,4.205612800536148
139559,59707,251026,310733,4.2042976535414605
139574,59721,251043,310764,4.203596724770182
139586,59727,251074,310801,4.203693471964104
139638,59765,251130,310895,4.201957667531164
139682,59782,251169,310951,4.2014151416814425
139944,59911,251644,311555,4.200297107375941
140100,59964,251756,311720,4.198452404776199
140109,59971,251773,311744,4.198245818812426
140406,60087,251955,312042,4.193169903639722
140438,60087,252004,312091,4.193985387854278
140464,60098,252033,312131,4.193700289527106
140465,60098,252035,312133,4.193733568504776
140515,60115,252119,312234,4.193944938867172
140857,60264,252519,312783,4.19021306252489
141050,60380,252847,313227,4.187595230208679
141393,60672,253683,314355,4.181220332278481
141439,60692,253763,314455,4.181160614248995
141584,60732,254025,314757,4.18272080616479
141724,60761,254118,314879,4.182255064926515
141725,60761,254120,314881,4.182287980777144
141737,60769,254147,314916,4.182181704487485
141773,60794,254202,314996,4.1813665822285095
141884,60794,254380,315174,4.184294502746981
141968,60838,254514,315352,4.183470857030145
142017,60856,254601,315457,4.183663073484948
142039,60872,254637,315509,4.1831548166644765
142075,60900,254708,315608,4.182397372742201
142091,60910,254741,315651,4.182252503693975
143555,61558,256179,317737,4.1615874459859
143645,61578,256429,318007,4.164295690019163
143806,61578,256766,318344,4.169768423787716
143917,61641,257068,318709,4.170406060901024
144550,61837,257760,319597,4.168378155473261
144585,61847,257778,319625,4.1679952139958285
144586,61847,257780,319627,4.168027551861853
144610,61855,257806,319661,4.167908819012206
144637,61864,257829,319693,4.167674253200569
144655,61880,257838,319718,4.166742081447964
144676,61884,257863,319747,4.166876737121065
144685,61893,257897,319790,4.166820157368361
144692,61897,257905,319802,4.1666801298932095
144707,61907,257943,319850,4.166620899090572
144856,62008,258200,320208,4.163978841439814
144861,62008,258205,320213,4.16405947619662
144941,62072,258300,320372,4.161296558834901
144961,62084,258325,320409,4.160894916564654
144984,62101,258362,320463,4.160351685158049
145002,62101,258383,320484,4.1606898439638655
145014,62101,258398,320499,4.16093138596802
145071,62162,258521,320683,4.158826936070268
145084,62172,258534,320706,4.15836711059641
145145,62174,258587,320761,4.159085791488404
145163,62192,258611,320803,4.158267944430151
145181,62199,258634,320833,4.158169745494301
145195,62199,258643,320842,4.158314442354379
148870,63826,262987,326813,4.120374142199104
149033,63974,263357,327331,4.116625504111045
149043,63980,263385,327365,4.11667708658956
149065,63997,263418,327415,4.116099192149632
149113,64013,263439,327452,4.115398434692953
149122,64023,263459,327482,4.11506802242944
149157,64045,263497,327542,4.114247794519478
149826,64109,264373,328482,4.123804770001092
149835,64117,264378,328495,4.123368217477424
149989,64257,264643,328900,4.118508489347464
150018,64270,264687,328957,4.118360043566205
150290,64376,265144,329520,4.11867776811234
150307,64386,265169,329555,4.118426365980182
150413,64439,265356,329795,4.117940998463664
150434,64443,265408,329851,4.118492311034558
150471,64464,265435,329899,4.117569496152892
150643,64623,265743,330366,4.112204633025393
150751,64623,266300,330923,4.120823855283723
150858,64674,266461,331135,4.120063704116028
150886,64686,266486,331172,4.119685867111895
151156,64740,266814,331554,4.121316033364226
151243,64808,266988,331796,4.119676583137884
151260,64822,267001,331823,4.118987380827497
151272,64829,267004,331833,4.118588903114347
151432,64923,267276,332199,4.116815304283536
151437,64925,267279,332204,4.116734693877551
151592,65014,267512,332526,4.114682991355708
151629,65040,267572,332612,4.113960639606396
151652,65054,267597,332651,4.113459587419682
151716,65086,267703,332789,4.113065789878007
151824,65157,267797,332954,4.110026551253127
151942,65233,268156,333389,4.1107414958686554
151992,65276,268207,333483,4.108814878362645
152029,65296,268301,333597,4.108995956873315
152091,65349,268394,333743,4.107086565976526
152245,65440,268601,334041,4.104538508557457
152325,65519,268766,334285,4.1021077855278625
152369,65526,268810,334336,4.1023410554589015
152409,65541,268852,334393,4.102042995987245
152510,65619,268984,334603,4.099178591566467
152526,65627,269041,334668,4.0995474423636615
152579,65634,269060,334694,4.0993997013742876
152617,65664,269106,334770,4.098227339181286
152796,65796,269423,335219,4.094823393519363
152806,65814,269437,335251,4.093916188045097
152828,65828,269464,335292,4.093455672358267
153003,65883,269597,335480,4.092057131581743
153031,65890,269625,335515,4.092047351646684
153139,65890,270182,336072,4.100500834724541
153183,65914,270215,336129,4.099508450405073
153479,66078,270880,336958,4.099397681527892
153619,66159,271164,337323,4.098671382578334
153664,66182,271253,337435,4.098591762110543
153681,66182,271298,337480,4.099271705297513
153711,66191,271407,337598,4.100361076279253
153760,66226,271483,337709,4.099341648295232
153777,66245,271530,337775,4.098875386821647
154431,66652,272724,339376,4.091760187241193
154474,66664,272771,339435,4.091728669146766
154509,66676,272789,339465,4.09126222328874
154529,66686,272825,339511,4.091188555318958
154544,66702,272863,339565,4.090776888249228
154596,66727,272924,339651,4.090158406641989
154616,66735,272942,339677,4.0899378137409155
154686,66771,273029,339800,4.089035659193362
154709,66783,273052,339835,4.088645313927197
157070,68936,282627,351563,4.099846234188233
157100,68945,282659,351604,4.099775183116977
157139,68955,282678,351633,4.099456167065478
157148,68961,282698,351659,4.099389510012906
157418,69029,283476,352505,4.106621854582857
157432,69042,283513,352555,4.1063845195678
157453,69070,283550,352620,4.105255537860142
157499,69097,283643,352740,4.104997322604454
157518,69109,283674,352783,4.104733102779667
157527,69111,283689,352800,4.104831358249772
157574,69175,283782,352957,4.102378026743766
157601,69197,283814,353011,4.101536193765626
157608,69200,283834,353034,4.101647398843931
157671,69200,283834,353034,4.101647398843931
157749,69236,283955,353191,4.1012623490669595
157757,69240,283965,353205,4.101169844020797
157763,69245,283970,353215,4.100945916672684
158555,69715,285433,355148,4.094283870042315
158692,69830,285697,355527,4.091321781469283
158710,69830,285707,355537,4.091464986395532
158748,69846,285741,355587,4.0910145176531225
158897,69931,285955,355886,4.089102114941872
158964,69965,286044,356009,4.088387050668191
159114,70104,286417,356521,4.085601392217277
159236,70104,286604,356708,4.088268857697136
159297,70155,286721,356876,4.086964578433469
159309,70166,286734,356900,4.086509135478722
159378,70174,286922,357096,4.088722318807536
159514,70271,287399,357670,4.089866374464573
159573,70297,287487,357784,4.089605530819238
159595,70303,287507,357810,4.089540986871115
159708,70345,287768,358113,4.090809581349065
159735,70357,287804,358161,4.090623534260983
159767,70380,287846,358226,4.089883489627735
159811,70398,287937,358335,4.090130401431859
159830,70412,287954,358366,4.089558597966255
159837,70418,287970,358388,4.089437359765969
159883,70453,288158,358611,4.090074233886421
159899,70455,288182,358637,4.090298772265985
159944,70475,288265,358740,4.09031571479248
159954,70486,288282,358768,4.089918565388872
160185,70549,288510,359059,4.089498079349105
160254,70584,288587,359171,4.088561147002154
160391,70708,288804,359512,4.0844600328109975
160489,70739,288876,359615,4.083687923210676
160607,70808,289033,359841,4.081925771099311
160700,70808,289033,359841,4.081925771099311
161080,70881,289186,360067,4.079880362861698
161111,70902,289214,360116,4.079066881047079
161295,71002,289478,360480,4.077040083377933
161434,71128,289631,360759,4.071968844899336
161501,71171,289747,360918,4.071138525523036
161502,71171,289749,360920,4.071166626856444
161674,71287,290148,361435,4.070139015528778
161705,71298,290202,361500,4.070268450727931
161712,71298,290202,361500,4.070268450727931
161861,71413,290413,361826,4.066668533740355
161873,71419,290436,361855,4.066648930956748
161911,71450,290530,361980,4.0662001399580125
161934,71460,290586,362046,4.066414777497901
161969,71479,290632,362111,4.065977419941521
161977,71490,290651,362141,4.065617568890754
162131,71626,291040,362666,4.063328958757993
162160,71639,291058,362697,4.062842864919946
162203,71649,291090,362739,4.06272243855462
162238,71678,291144,362822,4.06183208236837
162260,71680,291151,362831,4.06181640625
162515,71893,291583,363476,4.055791245322911
162570,71900,291618,363518,4.055883171070932
162746,71981,291923,363904,4.055556327364165
162833,71996,291998,363994,4.0557530973943
162936,72002,292006,364008,4.0555262353823505
162974,72025,292060,364085,4.054980909406456
163033,72047,292139,364186,4.054839202187461
163056,72078,292191,364269,4.053816698576542
163076,72078,292212,364290,4.054108049612919
163076,72078,292212,364290,4.054108049612919
163110,72090,292251,364341,4.053974198918019
163217,72138,292370,364508,4.052926335634479
163271,72147,292407,364554,4.052933593912429
163291,72147,292428,364575,4.053224666306291
163323,72158,292452,364610,4.052939383020593
163388,72158,292530,364688,4.054020344244575
163534,72197,292674,364871,4.053824951175256
165034,72644,295392,368036,4.066295908815594
165150,72740,295748,368488,4.065823480890844
165472,72926,296084,369010,4.060060883635466
165501,72948,296109,369057,4.059179141306136
165510,72952,296127,369079,4.059203311766641
165551,73015,296215,369230,4.056906115181812
165644,73043,296361,369404,4.057349780266418
165810,73116,296702,369818,4.057962689425024
166519,73460,297732,371192,4.052981214266268
166591,73504,297825,371329,4.051820309098825
166664,73539,297929,371468,4.051306109683297
166691,73556,297953,371509,4.050696068301702
166721,73570,298005,371575,4.0506320511077885
166733,73580,298023,371603,4.050326175591193
166738,73580,298023,371603,4.050326175591193
166780,73603,298083,371686,4.049875684415038
166811,73603,298139,371742,4.050636522967814
166845,73621,298174,371795,4.050121568574184
166903,73642,298216,371858,4.049536949023655
166907,73645,298222,371867,4.049453459162197
166945,73664,298258,371922,4.048897697654214
167539,74046,299485,373531,4.044580395970073
167570,74067,299533,373600,4.044081709803287
167738,74157,299759,373916,4.042221233329288
167767,74175,299776,373951,4.041469497809235
167778,74190,299809,373999,4.041097182908747
167948,74199,300785,374984,4.0537608323562315
167989,74216,300879,375095,4.054098846609896
168019,74244,300921,375165,4.0531356069177304
168084,74264,300977,375241,4.052798125605946
168175,74351,301134,375485,4.050167448991943
168184,74361,301137,375498,4.049663129866462
168199,74365,301159,375524,4.049741141666106
168228,74394,301211,375605,4.0488614673226335
168291,74422,301249,375671,4.04784875440058
168387,74453,301337,375790,4.0473453050918025
168416,74468,301370,375838,4.0469731965407965
168466,74509,301456,375965,4.0459004952421855
168739,74584,301780,376364,4.046176123565376
168757,74600,301788,376388,4.045415549597855
168772,74603,301792,376395,4.045306489015187
168815,74640,301889,376529,4.044600750267953
168842,74650,301955,376605,4.044943067649029
168852,74660,301974,376634,4.044655772836861
168881,74670,302004,376674,4.04451586982724
168942,74699,302088,376787,4.044070201742995
168950,74703,302097,376800,4.043974137584836
168987,74751,302187,376938,4.042581370148894
169210,74856,302400,377256,4.039756332157743
169349,74938,302641,377579,4.038551869545491
169460,74938,302950,377888,4.0426752782300035
169722,75012,303383,378395,4.044459553138164
169739,75027,303409,378436,4.043997494235408
169740,75027,303411,378438,4.04402415130553
169800,75036,303442,378478,4.043952236259929
169918,75036,303658,378694,4.046830854523162
169947,75039,303672,378711,4.046855635069764
170139,75123,304011,379134,4.04684317718941
170304,75132,304950,380082,4.058856412713624
170522,75141,306243,381384,4.075577913522578
170577,75165,306355,381520,4.07576664671057
170630,75190,306408,381598,4.07511637185796
170650,75210,306446,381656,4.07453796037761
170688,75242,306513,381755,4.073695542383243
170704,75246,306534,381780,4.073758073518858
170736,75261,306565,381826,4.07335804732863
170900,75269,306650,381919,4.074054391582192
170935,75290,306680,381970,4.073316509496613
170958,75297,306704,382001,4.073256570646905
170969,75298,306720,382018,4.073414964540891
171871,75348,307898,383246,4.08634602112863
171893,75366,307925,383291,4.085728312501659
171900,75368,307931,383299,4.085699501114531
172281,75668,308794,384462,4.08090606332928
172295,75668,308829,384497,4.081368610244754
172341,75706,308883,384589,4.08003328666156
172393,75772,309024,384796,4.078340284009925
172413,75777,309052,384829,4.078440687807646
172423,75783,309066,384849,4.078302521673726
172447,75789,309094,384883,4.078349100792991
172462,75794,309108,384902,4.078264770298441
172509,75810,309131,384941,4.077707426460889
172961,75956,309817,385773,4.078900942651009
173127,75970,310218,386188,4.083427668816638
173237,76025,310334,386359,4.0819993423216046
174066,76389,312901,389290,4.0961525874144185
175358,77091,315199,392290,4.088661452050174
175391,77105,315247,392352,4.088541599118086
175411,77127,315270,392397,4.087673577346455
175424,77134,315281,392415,4.087445225192522
175510,77184,315390,392574,4.086209577114428
175546,77205,315427,392632,4.085577358979341
175580,77226,315502,392728,4.08543754694015
175644,77236,315637,392873,4.086656481433528
175752,77263,315717,392980,4.086263800266622
176950,77877,317699,395576,4.07949715577128
176960,77883,317712,395595,4.079349793921652
176978,77893,317741,395634,4.079198387531614
177238,78087,318269,396356,4.075825681611536
177298,78140,318384,396524,4.07453288968518
177334,78149,318479,396628,4.075279274206964
177746,78456,319551,398007,4.072996329152646
177872,78496,319607,398103,4.0716342233999185
177908,78507,319676,398183,4.071942629319678
178074,78507,320091,398598,4.077228782146815
178195,78538,320300,398838,4.078280577554814
178321,78623,320502,399125,4.0764407361713495
178338,78623,320547,399170,4.077013087773298
178539,78738,321452,400190,4.082552261931977
178551,78748,321480,400228,4.082389394016356
179616,79319,323320,402639,4.076198640930924
179647,79346,323386,402732,4.075643384669674
179843,79407,323653,403060,4.075874922865743
179868,79421,323685,403106,4.075559360874328
179921,79445,323762,403207,4.075297375542829
179948,79467,323807,403274,4.074735424767513
180010,79504,323897,403401,4.0739711209498894
180030,79520,323928,403448,4.0735412474849095
180102,79553,324057,403610,4.073473030558244
180106,79553,324061,403614,4.073523311503023
180155,79577,324096,403673,4.0727345841135
180158,79580,324102,403682,4.072656446343302
180164,79584,324113,403697,4.07258996783273
180202,79647,324194,403841,4.07038557635567
180287,79647,324194,403841,4.07038557635567
180293,79651,324209,403860,4.070369486886542
180581,79651,324776,404427,4.0774880415813985
180698,79708,324963,404671,4.076918251618407
180734,79738,325056,404794,4.0765507035541395
180746,79747,325074,404821,4.076316350458325
180802,79774,325131,404905,4.075651214681475
180824,79776,325138,404914,4.075636782992379
180842,79776,325148,404924,4.075762133975131
180954,79861,325291,405152,4.073214710559597
180968,79868,325306,405174,4.073045525116442
180979,79872,325317,405189,4.072979266826923
181033,79925,325483,405408,4.072355333124804
181223,80021,325708,405729,4.0702815510928385
181253,80040,325741,405781,4.069727636181909
181281,80050,325759,405809,4.0694440974391
181331,80053,325780,405833,4.0695539205276505
181445,80067,325816,405883,4.069291967976819
181492,80088,325853,405941,4.068686944361203
181531,80101,325895,405996,4.068550954420044
182575,81149,327988,409137,4.041799652491097
182603,81177,328055,409232,4.0412308905231775
182614,81186,328067,409253,4.040930702337842
182622,81191,328079,409270,4.040829648606373
182635,81196,328089,409285,4.0407039755652985
182654,81204,328111,409315,4.040576818875917
182675,81225,328146,409371,4.039963065558633
182843,81354,328469,409823,4.0375273496078865
182853,81354,328485,409839,4.037724020945498
184034,81357,329963,411320,4.055741976719889
184095,81415,330032,411447,4.0537001780998585
184108,81422,330051,411473,4.053585026160006
184142,81437,330084,411521,4.053243611626165
184420,81706,330651,412357,4.046838665459085
184717,81885,331038,412923,4.042718446601942
184731,81892,331061,412953,4.042653739070971
184798,81931,331177,413108,4.042145219758089
184854,81955,331257,413212,4.041937648709657
184876,81966,331287,413253,4.041761218066028
184983,82037,331435,413472,4.040067286712094
185059,82073,331544,413617,4.0396232622177815
185092,82082,331591,413673,4.039752929996832
185097,82086,331597,413683,4.039629169407695
185122,82095,331673,413768,4.040112065290213
185128,82100,331677,413777,4.039914738124239
185129,82100,331679,413779,4.03993909866017
185210,82142,331739,413881,4.038603881083977
185240,82157,331788,413945,4.0384629429020045
186389,82294,334302,416596,4.062288866746057
186396,82304,334308,416612,4.061868195956454
186456,82337,334399,416736,4.0613454461542196
186457,82339,334400,416739,4.061258941692272
186525,82393,334486,416879,4.059640988918962
186585,82421,334568,416989,4.059256742820398
186588,82421,334577,416998,4.059365938292426
186699,82457,334654,417111,4.058527474926326
186771,82472,334717,417189,4.05855320593656
186778,82477,334728,417205,4.058440534937013
186911,82559,334854,417413,4.055935755035793
187021,82616,335502,418118,4.060980923792002
187141,82732,335727,418459,4.058006575448436
187174,82748,335819,418567,4.058333736162807
187210,82761,335849,418610,4.058058747477677
187234,82778,335877,418655,4.057563603856097
187427,82922,336165,419087,4.053990497093654
187466,82935,336175,419110,4.053475613432206
187480,82943,336178,419121,4.053120817911095
187607,83018,336397,419415,4.052097135560962
187665,83042,336470,419512,4.0518051106668915
187686,83053,336498,419551,4.05160560124258
187701,83059,336513,419572,4.051493516656834
187769,83091,336665,419756,4.051762525423933
187913,83239,336960,420199,4.048102451975637
187946,83262,337001,420263,4.047476640003843
188040,83335,337159,420494,4.045827083458331
188049,83339,337169,420508,4.045752888803562
188064,83339,337197,420536,4.046088865957115
188121,83378,337288,420666,4.045287725778983
188126,83383,337311,420694,4.04532098869074
188184,83442,337420,420862,4.043766927925985
188313,83471,337539,421010,4.043787662781086
188333,83491,337581,421072,4.043322034710328
188522,83495,338112,421607,4.0494879932930115
188544,83511,338149,421660,4.049155201111231
188698,83632,338375,422007,4.0459991390855174
188701,83634,338388,422022,4.046057823373269
188766,83634,338388,422022,4.046057823373269
188895,83682,338524,422206,4.045362204536221
188998,83737,338732,422469,4.045189103980319
189019,83747,338765,422512,4.0451001229894805
189246,83835,339388,423223,4.048285322359397
189266,83842,339436,423278,4.0485198349276015
189494,84030,339910,423940,4.045102939426395
189594,84059,339964,424023,4.044349801924839
189601,84066,339987,424053,4.044286631932053
189886,84099,340154,424253,4.04468543026671
189925,84140,340257,424397,4.043938673639173
190000,84167,340327,424494,4.043473095156059
190038,84183,340384,424567,4.043381680386776
190073,84194,340408,424602,4.0431384659239376
190075,84195,340414,424609,4.043161707939902
190103,84220,340450,424670,4.04238898123961
190117,84223,340486,424709,4.042672429146433
190161,84254,340521,424775,4.041600398794123
190178,84266,340539,424805,4.041238459165025
190216,84292,340642,424934,4.041213875575381
190243,84317,340675,424992,4.040407035354673
190338,84389,340789,425178,4.038310680301935
190367,84398,340806,425204,4.038081471124908
190428,84438,340867,425305,4.036890973258486
190501,84493,341020,425513,4.036073994295386
190559,84509,341104,425613,4.03630382562804
190575,84517,341121,425638,4.03612291018375
190586,84526,341136,425662,4.035870619690983
190773,84599,341267,425866,4.033936571354271
190920,84693,341438,426131,4.031478398450876
190947,84714,341494,426208,4.031140071298723
191313,84929,342116,427045,4.028258898609427
191328,84933,343051,427984,4.039077861373082
191347,84947,343082,428029,4.0387771198512015
191357,84947,343116,428063,4.039177369418579
191402,84958,343197,428155,4.039607806210127
191440,84970,343305,428275,4.0403083441214545
191634,84975,343697,428672,4.044683730508973
191653,84997,343785,428782,4.0446721648999375
191719,85015,343879,428894,4.044921484443922
191912,85081,344065,429146,4.043969864011942
192087,85191,344376,429567,4.04239884494841
192092,85198,344379,429577,4.042101927275288
192110,85208,344389,429597,4.041744906581542
192156,85234,344482,429716,4.041603116127367
192306,85353,344779,430132,4.03944793973264
192342,85365,344792,430157,4.039032390323904
192366,85368,344810,430178,4.03910130259582
192382,85375,344821,430196,4.038898975109809
192387,85375,344832,430207,4.039027818448023
192431,85405,344902,430307,4.0384286634272
192611,85538,345116,430654,4.034651266103954
192724,85560,345284,430844,4.0355773726040205
192737,85560,345310,430870,4.035881252921926
193307,85760,345899,431659,4.033337220149254
193335,85762,345924,431686,4.033534665702759
193411,85796,346008,431804,4.032915287425987
193454,85815,346107,431922,4.03317601817864
193573,85889,346296,432185,4.031901640489469
193671,85890,346585,432475,4.035219466759809
193968,85894,346600,432494,4.0352061843667775
194001,85912,346643,432555,4.0348612533755475
194064,85948,346762,432710,4.034555777912226
194081,85956,346782,432738,4.034412955465587
194326,86016,347736,433752,4.042689732142857
194431,86077,347893,433970,4.041648756346063
194461,86107,347958,434065,4.04099550559188
194770,86229,348282,434511,4.039035591274398
195077,86413,348845,435258,4.036950458842998
196390,87113,351447,438560,4.034380632052621
196405,87116,352383,439499,4.044985995683915
196691,87223,352639,439862,4.042958852596219
196698,87226,352648,439874,4.042922981679775
196827,87227,353030,440257,4.047256010180334
196849,87239,353059,440298,4.047031717465813
196858,87241,353074,440315,4.0471108767666575
196864,87241,353076,440317,4.047133801767518
196889,87254,353124,440378,4.047080936117542
196931,87269,353154,440423,4.046729079054418
196967,87283,353218,440501,4.046813239691578
197006,87291,353228,440519,4.04655691881179
197102,87335,353322,440657,4.045594549722334
197172,87374,353450,440824,4.045253736809578
197183,87383,353463,440846,4.0449858668162
197211,87401,353509,440910,4.0446791226645
197345,87435,353600,441035,4.044147080688512
197449,87490,353750,441240,4.0433192364841695
197588,87572,353921,441493,4.0414858630612525
197634,87588,353992,441580,4.041558204320227
197935,87589,353993,441582,4.04152347897567
197976,87618,354059,441677,4.040939076445479
198213,87700,354963,442663,4.047468643101483
198250,87731,355019,442750,4.046676773318439
198282,87740,355065,442805,4.046785958513791
198330,87751,355139,442890,4.047121970119998
198338,87751,355158,442909,4.047338491869039
198394,87766,355209,442975,4.047227855889524
198423,87772,355233,443005,4.047224627443832
198553,87773,355618,443391,4.051564832009843
198629,87773,355736,443509,4.052909208982261
198632,87775,355736,443511,4.052816861293079
198740,87775,356293,444068,4.059162631728852
198831,87775,356537,444312,4.061942466533751
198847,87775,356563,444338,4.062238678439191
198886,87784,356590,444374,4.062129773079377
198951,87809,356673,444482,4.061918482160143
199127,87810,357029,444839,4.06592643206924
199167,87816,357075,444891,4.066172451489478
199562,87952,357419,445371,4.063796161542659
199601,87991,357496,445487,4.062870066256776
199659,88026,357591,445617,4.06233385590621
199660,88028,357595,445623,4.06228699959104
199805,88096,357808,445904,4.0615691972393755
199814,88111,357859,445970,4.061456571824176
199986,88187,358159,446346,4.061358250082212
200046,88212,358287,446499,4.061658277785336
200078,88231,358341,446572,4.061395654588523
200160,88276,358508,446784,4.061217091848294
200182,88276,358561,446837,4.0618174815351855
200964,88676,359562,448238,4.054783706978212
200975,88676,359572,448248,4.054896477062565
201018,88688,359667,448355,4.055418996933069
201032,88688,359693,448381,4.055712159480426
201054,88695,359716,448411,4.055651389593551
201059,88695,359716,448411,4.055651389593551
201071,88706,359726,448432,4.055261199918833
201115,88733,359821,448554,4.055097877903373
201184,88745,359920,448665,4.055665107893402
201902,88990,360897,449887,4.055478143611642
202057,89089,361142,450231,4.053721559339537
202111,89127,361270,450397,4.053429376058882
202272,89253,361584,450837,4.051225168901886
202311,89272,361623,450895,4.050799802849718
202358,89286,361664,450950,4.050623838003719
202407,89289,361766,451055,4.05163010001232
202466,89289,361957,451246,4.053769221292656
202485,89289,361997,451286,4.054217204806863
202574,89331,362378,451709,4.056576104599747
202612,89353,362440,451793,4.05627119402818
202908,89592,363031,452623,4.052047057773016
202951,89614,363082,452696,4.051621398442208
202974,89631,363142,452773,4.0515223527574165
203151,89690,363312,453002,4.050752592262237
203343,89857,363587,453444,4.046284652280846
203407,89891,363692,453583,4.045922283654648
203480,89930,363762,453692,4.044946069164906
203491,89941,363780,453721,4.044651493757018
203495,89941,363789,453730,4.044751559355578
203619,90009,363924,453933,4.043195680431957
203707,90053,364046,454099,4.042574928097898
203751,90085,364112,454197,4.041871565743464
203775,90105,364148,454253,4.041373952610843
203811,90121,364181,454302,4.041022625137315
203852,90162,364270,454432,4.040172134602161
203884,90171,364331,454502,4.040445376007807
203917,90180,364376,454556,4.040541139942338
204128,90295,364706,455001,4.039049781272496
204154,90306,364747,455053,4.039011804309792
204233,90334,364846,455180,4.0388558018022005
204277,90347,364875,455222,4.038595636822473
204328,90347,364875,455222,4.038595636822473
204494,90397,365354,455751,4.041660674579909
205340,90723,366618,457341,4.041070070434179
205398,90746,366708,457454,4.041037621492959
205483,90795,366765,457560,4.039484553114158
205542,90827,366861,457688,4.039118323846433
205629,90836,366915,457751,4.039312607336298
205645,90850,366940,457790,4.038965327462851
205679,90860,367040,457900,4.039621395553599
205880,91123,367514,458637,4.0331639651899085
205892,91129,367532,458661,4.033095940918917
206037,91195,367700,458895,4.03201929930369
206133,91224,368027,459251,4.034322108217136
206140,91226,368045,459271,4.03443097362594
206154,91233,368063,459296,4.034318722392117
206178,91265,368126,459391,4.033594477620118
206199,91278,368150,459428,4.033282937838252
206215,91278,368175,459453,4.033556826398475
206292,91287,368185,459472,4.0332687020057625
206361,91327,368303,459630,4.032794244856396
206388,91344,368354,459698,4.032602031879488
206873,91715,369530,461245,4.02911192280434
207098,91851,370172,462023,4.03013576335587
207156,91880,370262,462142,4.0298432738354375
207176,91896,370291,462187,4.029457212501089
207211,91919,370361,462280,4.029210500549397
207213,91920,370364,462284,4.029199303742384
207229,91936,370402,462338,4.028911416637661
207304,91978,370551,462529,4.028691643653917
207331,91997,370582,462579,4.028196571627336
207362,92010,370608,462618,4.027910009781546
207525,92058,370714,462772,4.0269612635512395
208070,92058,372450,464508,4.045818940233331
208086,92060,372474,464534,4.045991744514447
208101,92060,372474,464534,4.045991744514447
208165,92074,372613,464687,4.04688620023025
208450,92206,373056,465262,4.045897230115177
208552,92238,373354,465592,4.047724365229081
208561,92244,373363,465607,4.047558648801006
208729,92314,373556,465870,4.046580150356393
210553,92368,376076,468444,4.0714966222068245
210674,92460,376265,468725,4.069489508976855
210679,92460,376288,468748,4.0697382651957605
210706,92476,376324,468800,4.069423417967905
210756,92502,376392,468894,4.069014724005967
210812,92522,376462,468984,4.068891723049653
210841,92538,376518,469056,4.068793360565389
210898,92572,376563,469135,4.067785075400769
210928,92594,376602,469196,4.0672397779553755
211569,92594,377572,470166,4.077715618722595
211588,92604,377592,470196,4.077491253077621
211603,92613,377613,470226,4.077321758284474
211650,92637,377939,470576,4.079784535336852
211759,92675,378055,470730,4.079363366603722
211769,92676,378075,470751,4.079535154732617
211801,92698,378166,470864,4.079548641826145
211833,92719,378208,470927,4.079077643201502
212357,92834,379357,472191,4.086401533920762
212371,92859,379388,472247,4.085635210372716
212516,92859,379669,472528,4.088661303697003
212533,92867,379696,472563,4.0885998255569795
212573,92914,379767,472681,4.087295778892309
212609,92918,379818,472736,4.087668697130804
212768,93009,380046,473055,4.086120697996968
213071,93199,380898,474097,4.086932263221708
213322,93413,381369,474782,4.082611627931873
213335,93422,381390,474812,4.0824431076191905
213618,93508,381752,475260,4.082559780981306
213710,93540,381910,475450,4.082852255719478
213742,93549,381932,475481,4.082694630621385
213893,93549,382172,475721,4.085260131054314
213960,93562,382232,475794,4.085333789358928
214116,93680,382469,476149,4.082717762596071
214130,93680,382495,476175,4.082995303159692
214691,93852,383298,477150,4.084068533435622
215471,94256,384355,478611,4.077777542013241
215595,94315,384756,479071,4.079478343847744
215699,94392,384926,479318,4.077951521315366
215702,94396,384938,479334,4.077905843467944
215723,94396,384975,479371,4.078297809229205
215737,94406,384985,479391,4.07797173908438
215742,94408,384992,479400,4.077959494958054
216212,94408,386438,480846,4.0932759935598675
216318,94445,386523,480968,4.092572396632961
216321,94448,386532,480980,4.092537692698627
216359,94484,386611,481095,4.091814487108929
216405,94506,386678,481184,4.09157090555097
216487,94573,386798,481371,4.089941103697672
216659,94607,386870,481477,4.089232297821514
216745,94619,387337,481956,4.093649267060527
216774,94626,387369,481995,4.093684610994864
225605,94637,413849,508486,4.373014782801652
225827,94737,414234,508971,4.372462712562146
225855,94746,414279,509025,4.3725223228421255
226375,94949,414854,509803,4.369229797048942
226384,94952,414873,509825,4.3692918527255875
226430,94981,414917,509898,4.368421052631579
226500,95012,414987,509999,4.367732496947754
226603,95023,415331,510354,4.370847058080675
226632,95042,415367,510409,4.370352054881
226689,95065,415422,510487,4.3698732446221005
226826,95098,415734,510832,4.371637679025847
226964,95170,415912,511082,4.37020069349585
226977,95180,415927,511107,4.369899138474469
226999,95195,415953,511148,4.369483691370345
227110,95245,416118,511363,4.368922253136647
227118,95245,416118,511363,4.368922253136647
227843,95544,417666,513210,4.371451896508415
227869,95568,417714,513282,4.370856353591161
228251,95757,418280,514037,4.368140188184676
228372,95784,418449,514233,4.368673264845904
228391,95803,418496,514299,4.368297443712619
228403,95807,418515,514322,4.368313380024424
228433,95824,418546,514370,4.367861913508098
228444,95824,418568,514392,4.368091501085323
228473,95834,418610,514444,4.368073961224618
228500,95856,418644,514500,4.367426139208813
228707,95871,418875,514746,4.3691522984009765
228723,95879,418896,514775,4.369006768948362
228738,95879,418919,514798,4.3692466546376165
228859,95879,419115,514994,4.371290897902565
228936,95936,419260,515196,4.370205136757838
228969,95962,419301,515263,4.3694483232946375
228978,95964,419317,515281,4.369523988162228
229257,96104,419975,516079,4.3700054108049615
229292,96114,419988,516102,4.369685997877521
229377,96189,420120,516309,4.367651186726133
229400,96206,420146,516352,4.367149658025487
229436,96236,420190,516426,4.366245479862006
229480,96255,420221,516476,4.365705677627136
229507,96276,420268,516544,4.365241597075076
229625,96367,420481,516848,4.363329770564612
229633,96373,420486,516859,4.363109999688709
229670,96384,420536,516920,4.3631308100929616
229867,96393,421702,518095,4.374819748321974
229884,96400,421719,518119,4.374678423236515
230156,96583,422263,518846,4.37202199144777
230201,96613,422346,518959,4.371523500978129
230212,96620,422364,518984,4.371393086317533
230247,96636,422388,519024,4.3709176704333785
230371,96678,422702,519380,4.372266699766234
230430,96706,422829,519535,4.372314023948876
230488,96707,422895,519602,4.372951285842803
230533,96757,422976,519733,4.371528674927912
230580,96771,422998,519769,4.371123580411487
230601,96778,423004,519782,4.3708694124697764
230610,96786,423009,519795,4.3705597917054115
230786,96904,423324,520228,4.368488400891604
231026,96904,424174,521078,4.377259968628746
231451,96937,425146,522083,4.385796960912757
231484,96951,425186,522137,4.38557621891471
231770,97100,425547,522647,4.382564366632338
231857,97114,425645,522759,4.382941697386577
232097,97288,426172,523460,4.380519694104104
232125,97295,426209,523504,4.380584819363791
232200,97345,426296,523641,4.379228517129796
232340,97395,426491,523886,4.378982493967863
232408,97445,426588,524033,4.377731027759249
232417,97447,426604,524051,4.377805371124817
232450,97469,426657,524126,4.3773610070894335
233154,97518,427471,524989,4.383508685575996
233211,97537,427576,525113,4.383731301967458
233823,97709,428143,525852,4.3818174374929635
233843,97747,428225,525972,4.380952868118714
233867,97759,428243,526002,4.380599228715515
233869,97759,428243,526002,4.380599228715515
233883,97759,428269,526028,4.380865188882865
234023,97843,428445,526288,4.378902936336784
234491,98249,429798,528047,4.374578876120877
234509,98249,429808,528057,4.3746806583273115
234582,98277,429940,528217,4.374777414858003
234625,98309,430012,528321,4.374085790721094
234764,98418,430269,528687,4.371852709870145
234773,98422,430287,528709,4.371857917945174
234822,98443,430361,528804,4.371677011062239
235011,98575,430648,529223,4.368734466142531
235067,98612,430718,529330,4.367805135277654
235091,98626,430743,529369,4.36743860645266
235165,98650,430804,529454,4.366994424733908
235542,98829,431283,530112,4.363931639498528
235608,98869,431354,530223,4.362884220534243
235631,98879,431393,530272,4.362837407336239
235637,98882,431405,530287,4.3628263991424125
235695,98914,431517,530431,4.362547263279212
235784,98966,431861,530827,4.363730978315785
236019,99023,432561,531584,4.368288175474385
236061,99062,432622,531684,4.367184187680443
236240,99249,432984,532233,4.362603149653901
236261,99249,433013,532262,4.362895344033693
236321,99268,433068,532336,4.362614336946448
236516,99402,433404,532806,4.36011347860204
236525,99409,433421,532830,4.359977466828959
236649,99484,433608,533092,4.358570222347312
236671,99490,433626,533116,4.35848829028043
236675,99499,433632,533131,4.358154353310083
236830,99566,433818,533384,4.357089769600064
236832,99566,433823,533389,4.357139987545949
236858,99584,433870,533454,4.356824389460154
236887,99593,433913,533506,4.356862430090469
236907,99607,433934,533541,4.35646089130282
237051,99716,434198,533914,4.354346343615869
237096,99748,434262,534010,4.3535910494446
237533,100122,435357,535479,4.3482651165577995
237615,100171,435512,535683,4.347685457867048
237629,100187,435539,535726,4.347260622635671
237673,100202,435608,535810,4.347298457116624
237847,100237,435900,536137,4.3486935961770605
237903,100258,435983,536241,4.348610584691496
237911,100263,435998,536261,4.348543331039367
238064,100263,436490,536753,4.353450425381247
238080,100263,436516,536779,4.353709743374924
238132,100290,436584,536874,4.353215674543823
238150,100304,436602,536906,4.352787525921199
238182,100316,436620,536936,4.352446269787472
238354,100316,436996,537312,4.356194425615056
238381,100340,437026,537366,4.355451465018936
238397,100345,437042,537387,4.355393891075789
238558,100404,437370,537774,4.356101350543803
238583,100420,437400,537820,4.355706034654451
238600,100441,437428,537869,4.3550741231170536
238765,100569,437756,538325,4.352792610048822
238781,100585,437793,538378,4.3524680618382465
238816,100603,437834,538437,4.35209685595857
238851,100610,437915,538525,4.352599145214193
238859,100610,437915,538525,4.352599145214193
238903,100618,437946,538564,4.352561171957304
238970,100644,437976,538620,4.35173482770955
239015,100686,438038,538724,4.350535327652305
239261,100701,438453,539154,4.354008401108231
240028,100940,439244,540184,4.351535565682584
240197,100986,439417,540403,4.351266512189809
240540,101009,439976,540985,4.3558098783276735
240587,101014,439991,541005,4.355742768329143
240760,101031,440163,541194,4.356712296225911
240884,101031,440519,541550,4.360235967178391
240961,101042,440539,541581,4.359959224876784
241080,101109,441011,542120,4.361738322008921
241091,101113,441035,542148,4.361803131150297
241114,101113,441052,542165,4.361971259877563
241144,101140,441083,542223,4.361113308285545
241165,101160,441122,542282,4.360636615262949
241212,101200,441194,542394,4.359624505928854
241226,101206,441220,542426,4.359622947256091
241261,101214,441224,542438,4.3593178809255635
241275,101214,441250,542464,4.35957476238465
241399,101281,441597,542878,4.360116902479241
241495,101298,441645,542943,4.3598590297932835
242236,101497,443192,544689,4.36655270599131
242258,101504,443202,544706,4.3663500945775535
242512,101732,443825,545557,4.362688239688594
242689,101804,444235,546039,4.363630112765707
242762,101836,444317,546153,4.363064142346518
242947,101905,444542,546447,4.362317845051764
243002,101932,444634,546566,4.3620649060157755
243123,102019,444878,546897,4.360736725511915
243203,102063,444956,547019,4.359621018390602
243207,102066,444959,547025,4.359522269903787
243233,102072,445002,547074,4.359687279567364
243249,102072,445028,547100,4.359942001724273
243265,102072,445054,547126,4.360196723881182
243368,102159,445205,547364,4.357961608864613
243479,102233,445395,547628,4.356665655903671
243591,102314,445695,548009,4.356148718650429
243839,102531,446765,549296,4.357365089582663
243861,102546,446810,549356,4.357166539894291
243875,102549,446821,549370,4.357146339798535
244097,102690,447155,549845,4.354416204109456
244106,102690,447171,549861,4.354572012854222
244143,102715,447233,549948,4.354115757192231
244181,102715,447324,550039,4.355001703743367
244369,102857,447832,550689,4.353928269344818
244446,102860,447848,550708,4.353956834532374
244484,102881,447922,550803,4.35378738542588
244517,102881,447986,550867,4.354409463360581
244578,102918,448077,550995,4.353728210808605
246055,103622,450297,553919,4.345573333848025
246078,103626,450319,553945,4.345617895122846
246136,103693,450422,554115,4.343803342559285
246163,103699,450457,554156,4.343889526417805
246373,103736,450549,554285,4.343227037865351
246429,103751,450622,554373,4.343302715154553
246465,103760,450654,554414,4.343234387047032
246626,103777,450986,554763,4.345722077146188
246737,103800,451088,554888,4.345741811175337
246863,103807,451541,555348,4.349812633059428
246930,103842,451639,555481,4.349290267907013
246933,103844,451654,555498,4.349350949501175
246973,103852,451714,555566,4.349593652505488
246992,103852,451714,555566,4.349593652505488
247030,103871,451756,555627,4.349202376024107
247046,103871,451782,555653,4.349452686505376
247562,103882,453004,556886,4.360755472555399
247655,103942,453209,557151,4.3602105020107365
247676,103950,453245,557195,4.360221260221261
247702,103978,453287,557265,4.359451037719517
247738,104005,453361,557366,4.359030815826162
247756,104013,453402,557415,4.35908972916847
247767,104019,453437,557456,4.3591747661484925
247848,104068,453577,557645,4.358467540454319
248297,104068,453577,557645,4.358467540454319
248323,104083,453614,557697,4.358194902145403
248350,104102,453682,557784,4.358052679103187
248380,104113,453708,557821,4.3578419601778835
248446,104128,453796,557924,4.358059311616472
248455,104130,453811,557941,4.358119658119658
248492,104150,453857,558007,4.357724435909746
248643,104188,453973,558161,4.357248435520406
248669,104201,454018,558219,4.357136687747718
248682,104205,454047,558252,4.357247732834317
248962,104332,454503,558835,4.35631445769275
249020,104377,454581,558958,4.355183613248129
249059,104390,454603,558993,4.354851997317751
249083,104408,454632,559040,4.354378974791204
249124,104416,454669,559085,4.35439970885688
249131,104416,454669,559085,4.35439970885688
249262,104416,454669,559085,4.35439970885688
249321,104439,454717,559156,4.353900362891257
249360,104450,454765,559215,4.35390138822403
249494,104489,454942,559431,4.35397027438295
249579,104511,455062,559573,4.354201950033968
249590,104516,455083,559599,4.35419457307972
249665,104562,455204,559766,4.353436238786557
249797,104632,455537,560169,4.3537063231133875
249966,104727,455810,560537,4.352363764836193
249974,104731,455823,560554,4.352321662163066
249996,104746,455872,560618,4.352166192503771
249996,104761,455902,560663,4.351829402163019
250030,104777,455945,560722,4.351575250293481
250079,104806,455977,560783,4.350676487987329
250367,104959,456429,561388,4.348640897874408
250504,104974,456776,561750,4.351325090022291
250538,104980,456820,561800,4.351495522956753
250595,104988,456870,561858,4.351640187449994
250604,104991,456887,561878,4.351677762855864
250626,105005,456940,561945,4.351602304652159
250734,105143,457232,562375,4.348668004527168
250774,105143,457281,562424,4.349134036502668
250783,105154,457301,562455,4.348869277440706
250796,105159,457319,562478,4.348833670917373
250820,105169,457338,562507,4.348600823436564
250829,105169,457360,562529,4.348810010554441
250890,105234,457457,562691,4.347045631639964
250901,105234,457467,562701,4.347140657962256
250965,105285,457601,562886,4.346307641164459
250987,105287,457608,562895,4.346291564960536
251037,105314,457673,562987,4.345794481265549
251150,105400,457843,563243,4.343861480075901
251506,105691,458601,564292,4.3390733364241045
251559,105724,458695,564419,4.338608073852673
251596,105737,458743,564480,4.33852861344657
251705,105747,459295,565042,4.343338345295848
251798,105799,459409,565208,4.342281117968979
251803,105805,459418,565223,4.342119937621096
251857,105805,459496,565301,4.3428571428571425
251877,105811,459546,565357,4.343083422328491
251940,105853,459656,565509,4.342399365157341
251957,105861,459670,565531,4.342203455474632
251978,105878,459722,565600,4.341997393226166
252013,105902,459782,565684,4.341579951275707
252411,105973,461070,567043,4.350825210195049
252426,106004,461102,567106,4.349854722463303
252459,106018,461144,567162,4.3496764700333905
252524,106052,461253,567305,4.3493097725644025
252597,106101,461419,567520,4.348865703433521
252694,106202,461518,567720,4.345662040262895
252708,106215,461584,567799,4.3457515416843195
252728,106220,461618,567838,4.34586706834871
253005,106220,462326,568546,4.352532479758991
253015,106228,462354,568582,4.352468275784163
253031,106239,462365,568604,4.3521211607789985
253042,106239,462365,568604,4.3521211607789985
253094,106262,462405,568667,4.351555589015828
253376,106271,464144,570415,4.367550884060562
253407,106280,464185,570465,4.367566804666917
253424,106289,464206,570495,4.367394556351081
253466,106312,464301,570613,4.367343291444051
253487,106312,464333,570645,4.3676442922718035
253536,106352,464397,570749,4.366603354896946
253549,106361,464409,570770,4.3663466872255805
253568,106376,464451,570827,4.366125817853651
253676,106438,464641,571079,4.365367631860802
253706,106463,464664,571127,4.364558579036848
253820,106525,464847,571372,4.363736212156771
253952,106545,464936,571481,4.363752405087053
253970,106565,464971,571536,4.36326185895932
254261,106754,465872,572626,4.363976993836297
254683,106925,466414,573339,4.362066869300912
254990,107078,467081,574159,4.3620631689049105
255009,107084,467117,574201,4.362154943782451
255031,107098,467160,574258,4.361986218230032
255059,107109,467195,574304,4.361865016011726
255122,107135,467354,574489,4.362290567974985
255138,107135,467361,574496,4.362355906099781
255230,107140,467411,574551,4.3626190031734176
255275,107170,467472,574642,4.361966968368013
255494,107184,467567,574751,4.36228354978355
255529,107211,467634,574845,4.361809888910653
255530,107211,467636,574847,4.361828543712865
255553,107220,467656,574876,4.361648946092147
255940,107363,468088,575451,4.359863267606158
255993,107397,468173,575570,4.35927446762945
256009,107397,468173,575570,4.35927446762945
256046,107416,468223,575639,4.358968868697401
256056,107427,468248,575675,4.3587552477496345
256066,107431,468265,575696,4.358751198443652
256259,107431,468517,575948,4.361096890096899
256268,107441,468547,575988,4.360970206904255
256302,107462,468611,576073,4.360713554558821
256413,107462,468868,576330,4.363105097615901
257116,107701,469700,577401,4.361147993054846
257206,107726,469785,577511,4.360924939197594
257236,107741,469827,577568,4.360707622910498
257315,107789,469994,577783,4.360315059978291
257379,107811,470031,577842,4.359768483735426
257434,107851,470152,578003,4.3592734420635875
257461,107869,470211,578080,4.35909297388499
257533,107923,470326,578249,4.357977446883426
257552,107923,470341,578264,4.3581164348655985
257819,108033,471020,579053,4.359964085048087
257839,108039,471034,579073,4.359851535093808
257942,108108,471210,579318,4.358696858696859
258064,108153,471293,579446,4.35765073553207
258071,108157,471294,579451,4.357498821158131
258230,108240,471715,579955,4.358046932742055
258496,108361,472053,580414,4.356299775749577
258534,108378,472073,580451,4.355800992821421
258544,108382,472081,580463,4.355714048458231
258808,108542,472591,581133,4.353992003095576
258819,108542,472617,581159,4.354231541707358
258824,108544,472622,581166,4.354197376179245
258885,108544,472723,581267,4.355127874410377
259058,108614,472966,581580,4.3545583442281846
259088,108621,472989,581610,4.354489463363438
259354,108827,473615,582442,4.351999044354802
259359,108830,473629,582459,4.3520077184599835
259503,108881,473773,582654,4.351291777261414
259531,108887,473796,582683,4.351263236198995
259594,108912,473882,582794,4.351054061995005
259778,109026,474198,583224,4.34940289472236
259904,109057,474463,583520,4.3505964770716234
260170,109096,474887,583983,4.352927696707487
260184,109106,474906,584012,4.352702876102139
260208,109117,474926,584043,4.35244737300329
260238,109124,474958,584082,4.352461420035922
260351,109191,475128,584319,4.351347638541638
260721,109401,475705,585106,4.348269211433168
260739,109406,475727,585133,4.348271575599145
260829,109409,476147,585556,4.351991152464605
260874,109409,476205,585614,4.3525212733870156
261170,109564,476678,586242,4.350680880581213
261293,109669,476886,586555,4.348412039865413
261413,109734,477166,586900,4.34838791987898
261490,109744,477219,586963,4.348474631870535
261508,109750,477255,587005,4.348564920273349
261517,109752,477277,587029,4.348686128726584
261536,109756,477293,587049,4.348673421043041
261537,109756,477295,587051,4.348691643281461
261858,109907,477865,587772,4.347903227273968
261866,109907,477885,587792,4.348085199304867
262000,110022,478123,588145,4.345703586555416
262067,110063,478351,588414,4.346156292305316
262181,110081,478586,588667,4.347580418055795
262277,110112,478655,588767,4.346983071781459
262330,110144,478748,588892,4.346564497385241
262364,110159,478795,588954,4.346399295563685
262381,110177,478849,589026,4.34617932962415
262522,110179,479266,589445,4.349885186832337
262575,110199,479414,589613,4.350438751712811
262730,110217,479948,590165,4.354573250950398
262742,110224,479954,590178,4.35435113949775
262764,110228,479975,590203,4.3543836411801
262798,110232,480029,590261,4.354715509108063
262905,110242,480256,590498,4.356379601240906
263005,110349,480490,590839,4.354275978939547
263247,110516,481135,591651,4.3535325201780735
263257,110522,481142,591664,4.353359512133331
263268,110534,481156,591690,4.353013552391119
263275,110540,481162,591702,4.352831554188529
263697,110540,481875,592415,4.3592817079790125
263805,110581,481995,592576,4.358750599108346
263835,110606,482019,592625,4.357982387935555
263841,110607,482031,592638,4.358051479562777
263847,110609,482040,592649,4.358054046234936
263881,110634,482117,592751,4.357765243957553
263914,110644,482131,592775,4.357497921260981
264289,110822,482632,593454,4.3550197614192125
264348,110894,482809,593703,4.353788302342778
264375,110908,482836,593744,4.353482165398348
264410,110926,482872,593798,4.353100265041559
264457,110938,482939,593877,4.353233337539887
264466,110953,482951,593904,4.352752967472713
264672,111074,483337,594411,4.3514863964564165
264830,111085,483653,594738,4.353900166539137
264871,111099,483763,594862,4.354341623236933
264923,111148,483898,595046,4.35363659265124
265120,111294,484134,595428,4.350045824572753
265218,111328,484378,595706,4.350909025582064
265221,111329,484384,595713,4.35092383835299
265488,111414,484874,596288,4.352002441344894
265509,111422,484891,596313,4.35184254456032
265631,111461,485145,596606,4.352598666798253
265683,111474,485209,596683,4.35266519547159
267466,111483,487701,599184,4.374666989585856
268492,111794,488691,600485,4.37135266651162
268533,111801,488779,600580,4.3718660834876255
268541,111801,488779,600580,4.3718660834876255
268808,111801,489568,601369,4.378923265444853
268992,111801,489935,601736,4.382205883668304
269098,111870,490090,601960,4.380888531331009
269110,111877,490119,601996,4.380873638013175
269123,111887,490131,602018,4.380589344606612
269204,111932,490225,602157,4.37966801272201
269266,111944,490357,602301,4.380377688844423
270341,112341,491889,604230,4.37853499612786
270361,112355,491939,604294,4.378434426594277
270368,112355,491951,604306,4.378541230919852
270456,112393,492071,604464,4.378128531136281
270544,112407,492111,604518,4.377939096319624
270694,112420,492419,604839,4.380172567158868
270720,112428,492461,604889,4.380234461166258
270789,112481,492572,605053,4.3791573688000645
270832,112521,492673,605194,4.378498235884857
270870,112551,492728,605279,4.377819832786915
270948,112592,492834,605426,4.377167116669035
270974,112602,492879,605481,4.3771780252571
271093,112686,493287,605973,4.377535807464991
271183,112757,493427,606184,4.376021000913469
271216,112787,493458,606245,4.375131885766977
271237,112794,493495,606289,4.375188396545916
271251,112798,493528,606326,4.375325803649001
271570,112798,494114,606912,4.3805209312221844
271590,112810,494133,606943,4.380223384451733
271802,112878,494300,607178,4.37906412232676
271817,112895,494330,607225,4.378670445989636
271830,112895,494350,607245,4.378847601753842
272251,113042,494774,607816,4.376904159515932
272352,113109,494951,608060,4.375876367044179
272781,113279,495615,608894,4.375171037879925
272789,113282,495623,608905,4.375125792270617
272805,113282,495649,608931,4.375355307992444
272815,113289,495666,608955,4.3752350184042585
272839,113303,495707,609010,4.375056265059178
272863,113314,495735,609049,4.37487865577069
273250,113562,496364,609926,4.370863493069865
273261,113564,496387,609951,4.3709890458243805
273336,113610,496522,610132,4.370407534548015
273364,113634,496547,610181,4.3697044898533886
273798,113794,497100,610894,4.368420127598995
274010,113803,498362,612165,4.379163993919317
274142,113898,498568,612466,4.377320058297776
274235,113918,498909,612827,4.379544935831037
274250,113933,498921,612854,4.379073666102007
274261,113949,498935,612884,4.378581646175043
274284,113960,498956,612916,4.378343278343278
274307,113976,498997,612973,4.378088369481294
274507,114075,499338,613413,4.377278106508876
274578,114090,499427,613517,4.377482689105093
274644,114138,499558,613696,4.376789500429305
274721,114153,499771,613924,4.378080295743432
274771,114165,499867,614032,4.378460999430649
274847,114207,500169,614376,4.379495127268907
274874,114212,500183,614395,4.3794259797569435
274896,114219,500213,614432,4.379420236563094
275186,114303,500331,614634,4.377234193328259
275200,114315,500344,614659,4.376888422341775
275233,114336,500388,614724,4.376469353484467
275357,114384,500475,614859,4.375393411665967
275756,114578,501114,615692,4.373562114891166
275776,114578,501135,615713,4.373745396149348
275804,114583,501146,615729,4.373650541528848
275862,114603,501277,615880,4.374030348245683
275880,114612,501295,615907,4.373843925592434
275951,114612,501467,616079,4.375344641049803
276014,114637,501522,616159,4.374870242591833
276399,114992,502417,617409,4.369147418950884
276450,115019,502495,617514,4.368799937401647
276539,115096,502696,617792,4.367623549037325
276551,115103,502722,617825,4.367583816234156
276653,115161,503044,618205,4.368180199894061
276749,115198,503289,618487,4.368903974027327
276852,115253,503569,618822,4.369248522815024
276898,115263,503628,618891,4.369381327919627
277443,115469,504386,619855,4.368150759078194
277474,115485,504439,619924,4.368004502749275
277497,115488,504449,619937,4.367977625380992
277606,115578,504644,620222,4.36626347574798
277827,115582,504690,620272,4.36651035628385
277834,115582,504701,620283,4.366605526812133
277849,115594,504714,620308,4.366264685018254
277913,115612,504799,620411,4.366320105179393
278007,115630,504988,620618,4.367274928651734
278020,115641,505011,620652,4.3670583962435465
278047,115656,505043,620699,4.366768693366535
278130,115673,505192,620865,4.367415040675006
278180,115688,505217,620905,4.367064864117281
278217,115708,505341,621049,4.367381684931034
278231,115717,505369,621086,4.367283977289421
278235,115720,505371,621091,4.367188040096785
278274,115758,505473,621231,4.366635567304203
278296,115770,505514,621284,4.366537099421266
278363,115800,505655,621455,4.366623488773748
280493,115805,514247,630052,4.440628642977419
280504,115812,514262,630074,4.440489759265016
280645,115913,514429,630342,4.438061304599139
280847,116031,514834,630865,4.437038377674932
280872,116051,514878,630929,4.436652850901758
280898,116068,514902,630970,4.436209808043561
281257,116337,515692,632029,4.432742807533287
281261,116340,515693,632033,4.432637098160564
281315,116340,515771,632111,4.433307546845453
281636,116357,516371,632728,4.437816375465164
284003,117618,520230,637848,4.423047492730705
284046,117626,520255,637881,4.422959209698536
284078,117651,520299,637950,4.422393349822781
284103,117668,520378,638046,4.422425808206139
284386,117721,520938,638659,4.425191766974456
284892,117930,521571,639501,4.422716865937421
284893,117930,521573,639503,4.422733825150513
284942,117956,521721,639677,4.423013666112788
285016,117996,521813,639809,4.422293976066985
285091,118041,521912,639953,4.421446785438958
285343,118207,522491,640698,4.420135863358346
285571,118391,523030,641421,4.41781892204644
285700,118391,523413,641804,4.421053965250737
285942,118398,523917,642315,4.425049409618405
286348,118672,524802,643474,4.422290009437778
286376,118679,524815,643494,4.422138710302581
286441,118712,524903,643615,4.42165071770335
286444,118718,524906,643624,4.421452517731094
286646,118729,524989,643718,4.421741950155396
286653,118734,524999,643733,4.421639968332576
286698,118742,525060,643802,4.421855788179414
286814,118742,525060,643802,4.421855788179414
286854,118768,525265,644033,4.4226138353765325
286863,118778,525282,644060,4.422384616679857
287138,118960,525781,644741,4.41981338264963
287158,118960,525812,644772,4.420073974445192
287195,118974,525866,644840,4.4200077327819525
287211,118991,525901,644892,4.419670395239976
287217,118994,525903,644897,4.419575776929929
287282,119012,525932,644944,4.419151009982187
287353,119025,526045,645070,4.4196177273682
287394,119037,526090,645127,4.41955022387997
287471,119115,526215,645330,4.417705578642488
287492,119136,526259,645395,4.417296199301639
287527,119164,526295,645459,4.41656037058172
287625,119215,526456,645671,4.4160214738078265
287684,119235,526584,645819,4.416354258397282
287742,119250,526671,645921,4.4165283018867925
287746,119252,526674,645926,4.416479388186362
287837,119273,527101,646374,4.41928181566658
287864,119280,527125,646405,4.4192236753856475
287875,119283,527137,646420,4.419213131795813
287969,119317,527220,646537,4.418649479956754
287996,119327,527247,646574,4.418505451406639
288024,119346,527296,646642,4.418212591959513
288043,119354,527317,646671,4.418092397406036
288159,119359,527345,646704,4.418141908025369
288190,119380,527383,646763,4.417683028983079
288255,119400,527421,646821,4.417261306532663
288367,119457,527522,646979,4.415999062424136
289129,119854,528720,648574,4.411367163382115
289138,119855,528736,648591,4.411463852154687
289183,119867,528808,648675,4.41162288202758
289194,119875,528824,648699,4.411461939520334
289227,119899,528861,648760,4.410887496976622
289290,119932,528942,648874,4.410349197878798
289320,119941,528957,648898,4.410143320465895
289341,119955,528979,648934,4.409812012838148
289439,119981,529391,649372,4.412290279294222
289490,120024,529464,649488,4.41131773645271
289571,120075,529615,649690,4.4107016448053304
290396,120276,530443,650719,4.410214839203166
290424,120304,530496,650800,4.40962894001862
290460,120318,530524,650842,4.40934855965026
290529,120346,530628,650974,4.409186844598076
290578,120347,530643,650990,4.409274846901044
291137,120347,532226,652573,4.422428477652122
291201,120378,532296,652674,4.42187110601605
291219,120384,532329,652713,4.421924840510367
291283,120428,532418,652846,4.4210482612017135
291329,120428,532561,652989,4.42223569269605
291343,120445,532604,653049,4.421968533355473
291359,120452,532634,653086,4.42196061501677
291429,120494,532744,653238,4.421332182515312
291514,120569,532868,653437,4.419610347601788
291576,120599,532933,653532,4.419049909203228
291737,120614,533305,653919,4.421584559006417
291775,120623,533355,653978,4.42166916757169
291787,120632,533373,654005,4.4214884939319585
292741,120999,534924,655923,4.420896040463144
292760,121004,534962,655966,4.421027404052759
292775,121004,534981,655985,4.421184423655417
292872,121063,535103,656166,4.420037501135773
292946,121085,535164,656249,4.419738200437709
292977,121098,535201,656299,4.4195692744719155
293921,121554,536828,658382,4.416374615397272
293973,121582,536899,658481,4.415941504499021
294044,121582,537026,658608,4.4169860670164995
294062,121582,537046,658628,4.417150565050748
294117,121644,537160,658804,4.41583637499589
294125,121653,537174,658827,4.415624768809647
294127,121653,537179,658832,4.415665869316827
294178,121669,537245,658914,4.415627645497209
294189,121684,537277,658961,4.41534630682752
294210,121689,537361,659050,4.415855171790383
294222,121697,537380,659077,4.415721012021661
294241,121702,537404,659106,4.415736799723915
294242,121702,537406,659108,4.415753233307587
294264,121724,537452,659176,4.4153330485360325
295593,121724,542482,664206,4.456656041536591
295655,121778,542571,664349,4.455410665309005
295666,121788,542592,664380,4.455217262784511
295683,121797,542628,664425,4.4551836252124435
295730,121800,542683,664483,4.455525451559934
295788,121811,542774,664585,4.455870159509404
296114,121999,543452,665451,4.45456110295986
296267,122022,543687,665709,4.455647342282539
296275,122022,543687,665709,4.455647342282539
296378,122092,543923,666015,4.455025718310782
296995,122252,544389,666641,4.453006903772535
297237,122279,544892,667171,4.45613719444876
297248,122292,544901,667193,4.455737088280509
297272,122293,544912,667205,4.455790601260906
297331,122319,544973,667292,4.455342179056402
297357,122327,545000,667327,4.455271526318802
297448,122366,545124,667490,4.454864913456352
297541,122423,545237,667660,4.453713762936703
297587,122432,545261,667693,4.453582396759018
297619,122447,545311,667758,4.453445164030152
297726,122485,545401,667886,4.452798301832877
298175,122491,545936,668427,4.4569478573936046
298188,122494,545975,668469,4.457157085244992
298202,122501,546001,668502,4.4571146357988916
298628,122525,546790,669315,4.462681085492757
298763,122569,547027,669596,4.463012670414216
298830,122579,547220,669799,4.464223072467552
299273,122827,548020,670847,4.461722585425028
299340,122863,548097,670960,4.461041973580329
299380,122877,548170,671047,4.461127794461127
299495,122952,548408,671360,4.460342247381091
299496,122952,548410,671362,4.4603585138916
299514,122974,548462,671436,4.459983411127555
299596,123006,548634,671640,4.460221452612068
299760,123063,548843,671906,4.459853895971982
299925,123185,549100,672285,4.457523237407152
300018,123246,549191,672437,4.456055368936923
300049,123251,549227,672478,4.45616668424597
300090,123284,549287,672571,4.455460562603419
300096,123286,549301,672587,4.455501841247181
300103,123299,549339,672638,4.4553402703995975
300169,123314,549421,672735,4.455463288839872
300200,123333,549469,672802,4.4551660950435
300357,123402,549686,673088,4.454433477577349
300369,123407,549727,673134,4.454585234224963
300375,123415,549737,673152,4.454377506786047
300403,123443,549779,673222,4.453707379114247
300438,123472,549899,673371,4.453633212388234
300496,123513,550000,673513,4.4529725615927065
300504,123516,550001,673517,4.452872502347874
300691,123600,550279,673879,4.452095469255664
300698,123602,550279,673881,4.452023430041585
300717,123602,550279,673881,4.452023430041585
300844,123604,550654,674258,4.4549852755574255
300851,123604,550674,674278,4.455147082618685
300926,123710,550938,674648,4.453463745857246
301108,123749,551003,674752,4.452585475438186
301569,123980,551569,675549,4.448854653976448
301611,123989,551630,675619,4.449023703715652
301660,124001,551708,675709,4.449222183692067
301745,124028,551778,675806,4.448818008836715
302124,124231,553477,677708,4.455224541378561
302171,124260,553529,677789,4.454603251247384
302197,124265,553564,677829,4.454705669335694
302211,124273,553593,677866,4.454652257529793
302265,124319,553698,678017,4.453848566992978
302272,124321,553698,678019,4.453776916208846
302300,124336,553738,678074,4.4535613177197275
302314,124336,553764,678100,4.453770428516279
302335,124347,553791,678138,4.453593572824435
302344,124354,553804,678158,4.453447416247165
302365,124366,553863,678229,4.453492111992023
302497,124444,554043,678487,4.452147150525538
302802,124444,554882,679326,4.458889138889782
302931,124495,555249,679744,4.460010442186433
303125,124607,555694,680301,4.459572897188761
303426,124645,556255,680900,4.46271410806691
303461,124669,556330,680999,4.462456585037178
303497,124696,556380,681076,4.461891319689485
303525,124706,556432,681138,4.461950507593861
303545,124715,556464,681179,4.461885098023494
303554,124718,556472,681190,4.461841915361054
303621,124724,556539,681263,4.462164459125749
303671,124759,556609,681368,4.461473721334733
303761,124761,556873,681634,4.46351824688805
303786,124778,556929,681707,4.463358925451602
303816,124794,556947,681741,4.46293091013991
303903,124805,557131,681936,4.4640118584992585
303994,124805,557310,682115,4.465446095909619
304079,124861,557418,682279,4.464308310841656
304111,124868,557455,682323,4.464354358202262
304155,124900,557578,682478,4.464195356285028
304185,124915,557657,682572,4.46429171836849
304221,124936,557792,682728,4.46462188640584
304223,124936,557792,682728,4.46462188640584
304233,124936,557808,682744,4.464749951975412
305655,125017,560559,685576,4.483862194741516
306100,125171,560986,686157,4.4817569564835305
306103,125174,560992,686166,4.481697477111861
306279,125303,561366,686669,4.48006831440588
306311,125310,561449,686759,4.480480408586705
306343,125319,561490,686809,4.480485800237793
306438,125374,561612,686986,4.479493355879209
306479,125411,561687,687098,4.47876980488155
306675,125569,561988,687557,4.475531381152992
306678,125572,561994,687566,4.47547223903418
306690,125572,562027,687599,4.4757350364730994
306732,125584,562072,687656,4.475665689896802
306808,125646,562178,687824,4.4743008133963675
307006,125728,562259,687987,4.47202691524561
307117,125739,562286,688025,4.471850420315097
307202,125810,562473,688283,4.470813130911692
307216,125818,562502,688320,4.4707593508083106
307247,125828,562559,688387,4.470857042947515
307257,125828,562587,688415,4.471079568935372
307377,125956,562877,688833,4.468838324494268
307486,126009,563015,689024,4.468053869168076
307493,126009,563015,689024,4.468053869168076
307530,126025,563106,689131,4.468208688752232
307561,126025,563155,689180,4.4685975004959335
307755,126164,563472,689636,4.466186867886243
307817,126197,563588,689785,4.465938176026372
307833,126205,563613,689818,4.465853175389248
307861,126209,563630,689839,4.465846334255085
307920,126257,563693,689950,4.464647504692809
308038,126333,563873,690206,4.463386446929939
308040,126337,563878,690215,4.463284706776321
308068,126337,563925,690262,4.46365672764115
308138,126365,563973,690338,4.4630475210699165
308238,126423,564196,690619,4.462763895810098
308268,126447,564246,690693,4.46231227312629
308883,126938,565394,692332,4.454095700263121
309038,126944,565464,692408,4.454436601966221
309059,126957,565492,692449,4.454201028694755
309109,126974,565554,692528,4.454092963913872
309144,126984,565606,692590,4.4541517041517045
309311,127080,565818,692898,4.452455146364495
309346,127089,565957,693046,4.45323356073303
309384,127106,566002,693108,4.452991990936699
309402,127115,566024,693139,4.452849781693742
309412,127119,566040,693159,4.452835532060511
309517,127174,566297,693471,4.452930630474783
309529,127180,566316,693496,4.4528699481050475
309716,127253,566541,693794,4.452083644393452
309728,127262,566581,693843,4.452083104147349
309872,127339,566754,694093,4.450749573971839
309913,127356,566804,694160,4.4505480699770725
309941,127364,566823,694187,4.450417700449107
309995,127380,566857,694237,4.450125608415764
310027,127407,566898,694305,4.4495043443452875
310138,127476,567048,694524,4.448272616021839
310190,127489,567093,694582,4.448171999152868
310227,127494,567117,694611,4.448185796978682
310303,127526,567195,694721,4.447681257155404
310352,127538,567274,694812,4.447882199814957
310516,127634,567531,695165,4.446550292241879
310570,127644,567581,695225,4.4465936510921
310601,127667,567609,695276,4.44601189030838
310784,127716,567984,695700,4.447242318895048
311316,127832,568533,696365,4.4475014080981286
311321,127838,568557,696395,4.447480404887435
311351,127864,568601,696465,4.446920165175499
311363,127864,568624,696488,4.447100043796534
311419,127921,568785,696706,4.446377060842239
311497,127966,568879,696845,4.445548036197115
311522,127980,568919,696899,4.445374277230817
311720,127987,569071,697058,4.446318766749748
311925,128016,569232,697248,4.446569178852643
311964,128043,569307,697350,4.446217286380357
312666,128197,570824,699021,4.452709501782413
312690,128206,570848,699054,4.452584122427967
312758,128243,571035,699278,4.452757655388599
312767,128252,571054,699306,4.452593331877866
312777,128253,571059,699312,4.452597600056139
312792,128256,571085,699341,4.4526961701596806
312884,128265,571147,699412,4.452867111059136
313197,128454,571744,700198,4.450962990642565
313235,128479,571798,700277,4.450517205146366
313292,128507,571868,700375,4.450092212875563
313301,128518,571896,700414,4.449929192797896
313314,128519,571922,700441,4.450096872835923
313554,128684,572335,701019,4.447600323272512
314134,128706,573080,701786,4.452628471089149
314147,128711,573100,701811,4.452610887958294
314167,128718,573125,701843,4.452562967106387
314198,128750,573212,701962,4.452132038834952
314218,128760,573235,701995,4.451964895930413
314380,128890,573650,702540,4.450694390565599
314693,128890,574436,703326,4.456792613856777
315042,129042,575096,704138,4.456657522357062
315155,129077,575248,704325,4.456626664704014
315311,129107,575439,704546,4.457070491917556
315330,129113,575453,704566,4.456971799896215
315660,129224,575614,704838,4.454389277533585
315703,129249,575697,704946,4.4541698581807205
315880,129378,575977,705355,4.4518929029665015
315972,129400,576041,705441,4.451630602782071
316008,129409,576069,705478,4.451537373752985
316144,129475,576219,705694,4.450426723305657
316186,129491,576298,705789,4.45048690642593
316190,129491,576307,705798,4.450556409325745
316221,129506,576325,705831,4.450179914444118
316262,129518,576392,705910,4.450284902484596
316317,129542,576452,705994,4.449923576909419
316333,129558,576505,706063,4.449783108723506
316396,129588,576563,706151,4.449200543260178
316442,129608,576598,706206,4.448784025677427
316454,129611,576627,706238,4.448904799746935
316780,129771,576936,706707,4.445800679658784
316840,129790,577100,706890,4.446413437090685
316918,129825,577168,706993,4.445738494126709
316959,129867,577238,707105,4.444839720637267
317389,130088,577929,708017,4.44260039357973
317441,130108,578002,708110,4.442478556276324
317485,130126,578043,708169,4.442179118700337
317881,130234,578321,708555,4.44062994302563
317890,130238,578338,708576,4.440624088207743
320229,131048,580701,711749,4.431208412184849
320270,131058,580752,711810,4.431259442384288
320276,131062,580757,711819,4.431162350643207
320410,131124,580964,712088,4.4306458009212655
320756,131217,581202,712419,4.429319371727749
321032,131334,581882,713216,4.430551113953737
321448,131351,582607,713958,4.435497255445333
321468,131360,582650,714010,4.435520706455542
321500,131374,582664,714038,4.4351545967999755
321706,131475,583232,714707,4.436067693477847
321726,131481,583252,714733,4.436017371331219
321775,131518,583334,714852,4.435392873979227
322086,131657,583660,715317,4.433186233926035
322271,131668,583971,715639,4.43517787161649
322285,131668,583997,715665,4.435375337971261
322335,131689,584084,715773,4.435328691082779
322411,131707,584210,715917,4.4356791970054745
322426,131707,584238,715945,4.435891790109865
322501,131714,584461,716175,4.437349104878752
322516,131714,584468,716182,4.437402250330261
322678,131808,584778,716586,4.436589584850692
322730,131826,584846,716672,4.4364996282979074
322771,131846,584912,716758,4.436327230253478
322776,131852,584919,716771,4.436178442496132
322843,131877,584982,716859,4.435815191428376
322887,131902,585040,716942,4.435414171127049
322943,131915,585122,717037,4.4355986809688055
323022,131966,585256,717222,4.434899898458694
323251,132075,585606,717681,4.433889835320841
323459,132214,585954,718168,4.431860468634184
323483,132218,585971,718189,4.431854966797259
323509,132226,585989,718215,4.431722959175956
323516,132228,585997,718225,4.431716429198052
323534,132233,586035,718268,4.431836228475494
323555,132243,586060,718303,4.4316901461703075
323581,132250,586085,718335,4.43164461247637
323711,132251,586470,718721,4.434522234236414
323724,132256,586492,718748,4.434520929107186
323842,132297,586802,719099,4.435489844818854
323853,132304,586830,719134,4.435466803724755
323982,132380,587016,719396,4.434325426801632
324030,132405,587103,719508,4.434145236207092
324083,132430,587164,719594,4.433768783508269
324142,132471,587292,719763,4.433362773739158
324156,132487,587309,719796,4.43295568621827
324174,132508,587364,719872,4.432668216258641
324290,132579,587591,720170,4.432006577210569
324300,132585,587600,720185,4.431873892220085
324493,132585,587852,720437,4.433774559716408
324677,132693,588291,720984,4.433474260134295
324770,132707,588369,721076,4.433594309267786
324786,132707,588395,721102,4.433790229603563
324826,132744,588480,721224,4.433194720665341
324885,132763,588553,721316,4.433110128574979
324912,132777,588593,721370,4.43294395866754
325054,132845,588804,721649,4.432263163837555
325065,132851,588821,721672,4.43219095076439
325091,132854,588844,721698,4.432263989040601
325101,132858,588853,721711,4.432198286892773
325290,132912,589073,721985,4.432052786806308
325440,133002,589317,722319,4.430888257319439
325478,133015,589400,722415,4.431079201593805
325504,133024,589430,722454,4.431004931440943
325518,133024,589456,722480,4.431200384892952
326036,133241,590554,723795,4.432224315338372
326099,133290,590687,723977,4.431592767649486
326119,133300,590705,724005,4.431395348837209
326136,133309,590718,724027,4.431193692848945
326152,133309,590744,724053,4.431388728442941
326157,133311,590747,724058,4.431344750245666
326222,133320,590783,724103,4.431315631563156
326253,133326,590819,724145,4.431386226242443
326280,133341,590849,724190,4.431112711019116
326317,133364,590894,724258,4.4306859422332865
326483,133375,591201,724576,4.432622305529522
326520,133391,591247,724638,4.432435471658508
332281,135867,602151,738018,4.4319150345558525
332331,135897,602226,738123,4.43148855383121
332339,135902,602233,738135,4.431377021677386
332391,135923,602276,738199,4.431008732885531
332405,135927,602309,738236,4.431121116481641
332427,135944,602352,738296,4.430883304890249
332445,135944,602362,738306,4.430956864591303
332455,135944,602378,738322,4.431074560112988
332512,135944,602528,738472,4.432177955628788
332529,135955,602566,738521,4.432098856239197
332536,135956,602570,738526,4.432095678013475
332539,135956,602579,738535,4.432161875901027
332565,135956,602618,738574,4.432448733413752
332573,135956,602618,738574,4.432448733413752
332658,136000,602806,738806,4.432397058823529
332741,136022,602847,738869,4.431981591213186
332992,136272,603429,739701,4.428121697780909
333084,136272,603434,739706,4.428158389104144
333116,136280,603459,739739,4.4280818902260055
333123,136286,603465,739751,4.4279309686981785
333194,136308,603627,739935,4.428404789153975
333231,136334,603687,740021,4.428000352076518
333246,136344,603716,740060,4.427888282579358
333319,136369,603809,740178,4.427758508165345
333340,136381,603866,740247,4.427786861806263
333351,136388,603886,740274,4.4277062498166995
333430,136445,603960,740405,4.426398915313863
333464,136454,603969,740423,4.426172922743196
333551,136520,604118,740638,4.425124523879285
333615,136557,604256,740813,4.4249361072665625
333623,136565,604272,740837,4.424794054113426
334191,136959,605269,742228,4.419344475353938
334238,136999,605352,742351,4.418659990218907
334299,137007,605498,742505,4.419467618442853
334300,137007,605500,742507,4.419482216237126
334314,137016,605535,742551,4.419447363811526
334365,137034,605584,742618,4.419224426054848
334418,137052,605644,742696,4.419081808364708
334420,137055,605648,742703,4.41901426434643
334474,137085,605787,742872,4.419061166429588
334797,137241,606678,743919,4.420530307998339
334907,137279,606798,744077,4.420180799685312
335663,137700,608223,745923,4.4170152505446625
335694,137700,608272,745972,4.417371096586783
335743,137700,608381,746081,4.418162672476398
335780,137711,608411,746122,4.418027608542528
335806,137723,608438,746161,4.417838705227159
335876,137784,608536,746320,4.416594089299193
335895,137784,608551,746335,4.416702955350403
335899,137786,608556,746342,4.4166751339033
335907,137790,608568,746358,4.416634008273459
336093,137898,608807,746705,4.414908120494858
336095,137898,608809,746707,4.41492262396844
336139,137912,608899,746811,4.415127037531179
336140,137912,608899,746811,4.415127037531179
336191,137927,608981,746908,4.415241395810828
336229,137957,609029,746986,4.414629196053843
336331,138033,609239,747272,4.413719907558337
336411,138046,609281,747327,4.413608507309158
336468,138046,609431,747477,4.414695101632789
336648,138099,609525,747624,4.413681489366324
336808,138172,609728,747900,4.41281880554671
336824,138183,609821,748004,4.413140545508492
337196,138389,610551,748940,4.4118463172651
337208,138390,610584,748974,4.412052893995231
337752,138405,611238,749643,4.416299989162241
337792,138412,611256,749668,4.416206687281449
338035,138487,611587,750074,4.416205131167547
338041,138488,611594,750082,4.4162237883426725
338052,138488,611609,750097,4.416332100976258
338104,138507,611681,750188,4.416246110304894
338129,138519,611697,750216,4.415979035366989
338248,138592,612018,750610,4.415969175709997
338271,138594,612029,750623,4.415984818967632
338299,138617,612062,750679,4.415490163544154
338326,138617,612112,750729,4.415850869662451
338409,138693,612330,751023,4.4150029201185355
338493,138735,612422,751157,4.414329477060583
338518,138752,612486,751238,4.414249884686347
338534,138759,612502,751261,4.414142506071678
338763,138807,612710,751517,4.414114561945723
338779,138811,612719,751530,4.414052200474026
339276,139188,613882,753070,4.41045205046412
339292,139208,613912,753120,4.41003390609735
339350,139220,614022,753242,4.410443901738256
339423,139279,614130,753409,4.409351014869435
339735,139514,614760,754274,4.406439497111401
340119,139647,616081,755728,4.41170236381734
340178,139661,616236,755897,4.412369952957518
340318,139722,616546,756268,4.412662286540416
340378,139727,616806,756533,4.414365154909216
340420,139736,616825,756561,4.414216808839526
340490,139744,617087,756831,4.415838962674605
340793,139956,617946,757902,4.415287661836577
340837,139956,618012,757968,4.415759238617851
341025,139965,618283,758248,4.417411495731075
341147,140044,618436,758480,4.4160121104795635
341276,140044,618819,758863,4.418746965239496
341294,140056,618834,758890,4.418475466956075
341384,140102,618999,759101,4.418202452498893
341401,140141,619029,759170,4.4171869759741975
341412,140141,619039,759180,4.41725833267923
341514,140166,619217,759383,4.417740393533382
341568,140178,619315,759493,4.418061322033415
341631,140205,619427,759632,4.41800934346136
341722,140267,619529,759796,4.416783705361917
341731,140269,619545,759814,4.416834795999116
341748,140282,619596,759878,4.416789039220998
341785,140292,619655,759947,4.416894762352807
341818,140303,619683,759986,4.416748038174522
341871,140336,619786,760122,4.416443392999658
341967,140342,619879,760221,4.416917245015747
342016,140371,619934,760305,4.416396549144767
342038,140385,619959,760344,4.4161342023720485
342071,140390,619988,760378,4.416183488852482
342080,140392,620004,760396,4.4162345432788195
342222,140476,620144,760620,4.414590392664939
342261,140498,620176,760674,4.414126891486
342294,140507,620188,760695,4.4139295551111335
342712,140542,620568,761110,4.415534146376173
342833,140604,621011,761615,4.416737788398623
342860,140625,621042,761667,4.416298666666667
342955,140627,621321,761948,4.418219829762421
342986,140667,621429,762096,4.417731237603703
343066,140707,621492,762199,4.416923109724463
343659,140992,622505,763497,4.415179584657285
343730,140992,622677,763669,4.416399512029051
343856,141053,622789,763842,4.415283616796524
343866,141061,622795,763856,4.415075747371705
344010,141082,623032,764114,4.416098439205569
344094,141102,623148,764250,4.416294595399073
344126,141120,623189,764309,4.416021825396825
344180,141189,623309,764498,4.414713610833705
344241,141211,623354,764565,4.414344491576435
344331,141255,623461,764716,4.413726947718665
344477,141259,623656,764915,4.414982408200539
344504,141278,623687,764965,4.414608077690794
344522,141287,623729,765016,4.414624133855202
344549,141298,623782,765080,4.414655550680123
344707,141315,624267,765582,4.417556522662138
344712,141320,624275,765595,4.4174568355505235
344739,141322,624301,765623,4.417578296372822
344752,141333,624350,765683,4.417581173540504
344887,141393,624444,765837,4.416371390380005
344907,141399,624462,765861,4.416311289330193
344918,141401,624485,765886,4.416411482238456
345165,141465,624679,766144,4.41578482310112
345188,141479,624719,766198,4.415630588285187
345257,141514,624826,766340,4.415294599827579
345280,141525,624839,766364,4.41504327857269
345309,141538,624877,766415,4.414906244259492
345429,141578,625078,766656,4.415078613908941
345467,141602,625135,766737,4.414732842756458
345485,141617,625165,766782,4.414477075492349
345588,141617,625520,767137,4.416983836686273
345866,141770,626036,767806,4.4158566692530155
345905,141790,626094,767884,4.4156428521052264
345994,141822,626185,768007,4.415288178138794
346041,141835,626276,768111,4.415525081961434
346071,141852,626336,768188,4.415418887290979
346216,141852,626672,768524,4.417787553224487
346795,141927,626879,768806,4.416911510847125
346798,141927,626888,768815,4.416974923728396
346807,141934,626914,768848,4.416940268011893
346849,141945,626977,768922,4.417041811969424
346883,141960,627025,768985,4.416913214990138
346927,141985,627077,769062,4.416501743141882
347318,142183,627976,770159,4.416674285955423
347647,142264,628265,770529,4.416191025136366
347726,142314,628418,770732,4.415714546706578
347780,142314,628537,770851,4.416550725859719
348756,142639,629782,772421,4.41521603488527
348910,142705,630085,772790,4.415297291615571
348943,142715,630148,772863,4.415429352205445
348960,142732,630220,772952,4.415407897318051
348960,142732,630265,772997,4.415723173499986
349070,142752,630343,773095,4.41565091907644
349091,142760,630378,773138,4.415648641075932
349155,142799,630513,773312,4.415388062941617
349234,142850,630608,773458,4.4144767238361915
349245,142850,630617,773467,4.414539726986349
349265,142852,630624,773476,4.414526922969227
349280,142855,630647,773502,4.414595218928284
349376,142890,630735,773625,4.414129750157464
349429,142919,630817,773736,4.413807821213415
349762,142991,631085,774076,4.4134595883657015
349771,142998,631111,774109,4.413425362592484
349808,143013,631259,774272,4.413997328914155
349863,143047,631426,774473,4.414115640314023
349995,143126,631742,774868,4.413887064544527
350016,143133,631760,774893,4.413796958073959
350023,143133,631760,774893,4.413796958073959
350315,143278,632493,775771,4.414446041960384
350470,143365,632679,776044,4.413064555505179
350581,143365,632943,776308,4.414906009137516
350628,143390,633012,776402,4.414617476811493
350714,143408,633093,776501,4.41462819368515
350725,143408,633103,776511,4.414697924801963
350731,143413,633112,776525,4.414606765077085
350793,143449,633243,776692,4.414412090708196
350952,143528,633921,777449,4.4167061479293235
351016,143587,634053,777640,4.415810623524414
351110,143621,634188,777809,4.415705224166382
351138,143634,634214,777848,4.4154865839564446
351147,143643,634232,777875,4.415335240840139
351184,143678,634362,778040,4.4151644649842
351189,143679,634369,778048,4.4151824553344605
351235,143702,634522,778224,4.4155404935213145
351404,143807,634782,778589,4.414124486290653
351451,143807,634876,778683,4.4147781401461685
351502,143831,634911,778742,4.414284820379473
351504,143831,634916,778747,4.414319583399963
351526,143839,634953,778792,4.414331300968444
351808,143916,635203,779119,4.413706606631647
351953,143957,636542,780499,4.421750939516661
352003,143963,636586,780549,4.4218722866292035
352581,144060,637308,781368,4.423906705539358
352601,144060,637339,781399,4.424121893655421
352722,144105,637476,781581,4.423691058603102
352735,144120,637508,781628,4.423452678323619
352741,144128,637512,781640,4.4232349023090585
352762,144134,637527,781661,4.423154842022007
353331,144148,638304,782452,4.428115547909093
353584,144151,638743,782894,4.431068809789735
353603,144175,638774,782949,4.430546211201665
353709,144191,638975,783166,4.43144856475092
353773,144199,639047,783246,4.431702022898911
353780,144202,639048,783250,4.431616759823026
353811,144220,639101,783321,4.431431146858966
353866,144236,639129,783365,4.431133697551235
353950,144323,639325,783648,4.429820610713469
353957,144323,639325,783648,4.429820610713469
354065,144337,639377,783714,4.429751207244157
354316,144458,639762,784220,4.428705921444295
354359,144487,639839,784326,4.428349955359305
354401,144499,639855,784354,4.42809292797874
354444,144511,639950,784461,4.4283826144722545
354475,144528,640005,784533,4.428242278312853
354484,144531,640022,784553,4.428267984031107
354515,144540,640073,784613,4.428345094783451
354606,144554,640151,784705,4.428455801984033
354625,144554,640178,784732,4.428642583394441
354745,144554,640670,785224,4.432046155761861
354746,144554,640672,785226,4.432059991421891
354763,144555,640698,785253,4.432209193732489
354807,144570,640759,785329,4.432171266514492
354838,144581,640795,785376,4.432083053789917
355097,144795,641424,786219,4.4298767222625095
355114,144795,641424,786219,4.4298767222625095
355259,144918,641780,786698,4.4285734001297286
355287,144928,641805,786733,4.4284403289909475
355344,144950,641904,786854,4.42845119006554
355410,144990,641976,786966,4.427726050072419
355428,144997,642010,787007,4.427746780967882
355442,145005,642028,787033,4.42762663356436
355562,145045,642111,787156,4.426977834465166
355582,145054,642145,787199,4.426937554290126
355624,145064,642168,787232,4.426790933656869
355628,145064,642175,787239,4.426839188220372
355656,145085,642212,787297,4.426453458317538
355659,145085,642221,787306,4.426515490919116
355670,145094,642255,787349,4.426475250527244
355736,145117,642369,787486,4.426559259080604
355746,145120,642378,787498,4.426529768467475
355836,145164,642461,787625,4.425759830260946
355846,145164,642477,787641,4.425870050425726
355847,145164,642479,787643,4.425883827946323
356438,145189,643204,788393,4.430115229115153
356457,145203,643245,788448,4.429970455155885
356516,145238,643369,788607,4.429756675250279
356534,145250,643396,788646,4.429576592082616
356569,145264,643437,788701,4.429431930829386
356653,145298,643584,788882,4.4294071494445895
356705,145310,643756,789066,4.430225036129654
356716,145310,643766,789076,4.430293854517927
356731,145313,643789,789102,4.430360669726728
356764,145343,643846,789189,4.429838382309433
356782,145343,643889,789232,4.430134234190845
356802,145352,643924,789276,4.430100721008311
356829,145355,643959,789314,4.430250077396718
356853,145368,644001,789369,4.430142809971933
356906,145395,644138,789533,4.43026238866536
356907,145397,644145,789542,4.430249592495031
356929,145418,644171,789589,4.429788609388109
356940,145418,644197,789615,4.429967404310333
357097,145428,644366,789794,4.430824875539786
357113,145439,644385,789824,4.430620397554988
357315,145495,644541,790036,4.429987284786419
357331,145495,644548,790043,4.4300353964053745
360736,145767,650045,795812,4.459479854836829
360756,145773,650109,795882,4.459735341935749
360764,145776,650131,795907,4.459794479200966
360845,145810,650269,796079,4.459700980728345
360967,145861,650384,796245,4.458930077265341
360980,145871,650403,796274,4.458754653083889
361073,145904,650513,796417,4.458500109661147
361105,145932,650577,796509,4.458083216840721
361143,145945,650621,796566,4.457987598067765
361374,145958,650979,796937,4.460043300127434
361379,145960,650987,796947,4.46003699643738
361429,145971,651097,797068,4.460454473833844
361434,145971,651102,797073,4.460488727212939
361635,146124,651496,797620,4.4585146861569624
361676,146147,651587,797734,4.4584356846189115
361743,146197,651724,797921,4.457847972256612
361759,146197,651750,797947,4.4580258144831975
378095,147324,682736,830060,4.634248323423203
378122,147324,682790,830114,4.634614862479976
378146,147328,682811,830139,4.634631570373588
378199,147370,682962,830332,4.634335346407003
378219,147370,682983,830353,4.634477844880234
378248,147392,683091,830483,4.634518834129397
378264,147395,683120,830515,4.63462125580922
378272,147395,683120,830515,4.63462125580922
378394,147407,683232,830639,4.6350037650857825
378492,147408,683521,830929,4.6369328666015415
378498,147412,683533,830945,4.636888448701598
378508,147416,683558,830974,4.636932219026429
378526,147416,683568,830984,4.637000054268193
378555,147428,683594,831022,4.636798979841007
378564,147446,683602,831048,4.636287183104323
378632,147467,683664,831131,4.6360473868729954
381449,147767,689424,837191,4.665615462180324
381469,147767,689445,837212,4.665757577808306
381492,147777,689476,837253,4.6656516237303505
381591,147799,689511,837310,4.665193945831839
381709,147799,689688,837487,4.666391518210543
381724,147799,689716,837515,4.66658096468853
381733,147801,689731,837532,4.666619305688053
381754,147801,689760,837561,4.666815515456594
381772,147812,689782,837594,4.6666170540957435
382030,147978,690091,838069,4.663470245577045
382053,147985,690151,838136,4.6636551001790725
382084,147985,690200,838185,4.66398621481907
382094,147988,690212,838200,4.663972754547666
382114,147991,690227,838218,4.663979566324979
382132,148010,690258,838268,4.663590297952841
382145,148011,690262,838273,4.663585814567837
382168,148023,690300,838323,4.66346446160394
382199,148040,690375,838415,4.663435557957309
382229,148059,690427,838486,4.663188323573711
382301,148059,690630,838689,4.664559398618119
382329,148097,690736,838833,4.664078273023762
382655,148111,691544,839655,4.669092775013334
382720,148132,691614,839746,4.668903410471741
382731,148132,691624,839756,4.668970917830044
383184,148292,692818,841110,4.671985002562511
383215,148292,692888,841180,4.672457044210072
383263,148297,692956,841253,4.672758046352927
383332,148314,693182,841496,4.673746241083108
383491,148383,693307,841690,4.672415303639905
383704,148513,693970,842483,4.672789587443524
384479,149167,696213,845380,4.66733929086192
385011,149429,697135,846564,4.6653260076691945
385049,149437,697190,846627,4.665444300942872
385120,149438,697293,846731,4.666102330063304
385181,149438,697394,846832,4.6667781956396635
385222,149454,697429,846883,4.666512773160973
385234,149461,697443,846904,4.666387887141127
385296,149495,697528,847023,4.665895180440818
385541,149638,697807,847445,4.6633007658482475
385568,149659,697832,847491,4.662813462604989
385576,149669,697856,847525,4.662662274752955
385585,149669,697882,847551,4.662835991421069
385591,149671,697894,847565,4.662853859465093
385604,149671,697908,847579,4.662947397959525
385933,149769,698154,847923,4.661538769705346
386002,149819,698225,848044,4.660456951388008
386008,149824,698241,848065,4.660408212302435
386013,149826,698248,848074,4.660392722224447
386098,149850,698334,848184,4.6602202202202205
386261,149930,698541,848471,4.659114253318215
386348,149982,698629,848611,4.6580856369431
386355,149988,698654,848642,4.6580659786116225
386360,149988,698656,848644,4.658079313011708
386399,149988,698691,848679,4.658312665013201
386723,150063,698896,848959,4.6573505794233085
386842,150098,699279,849377,4.658816240056496
386875,150119,699361,849480,4.658710756133467
386886,150119,699373,849492,4.658790692717111
386931,150128,699468,849596,4.659144196951934
387027,150222,699637,849859,4.657353783067727
390788,150320,705643,855963,4.694272219265566
390799,150322,705657,855979,4.694302896448956
390806,150325,705670,855995,4.69429569266589
390857,150329,705677,856006,4.694217349945785
390872,150332,705705,856037,4.6943099273607745
390895,150338,705715,856053,4.694189093908393
390977,150377,705850,856227,4.693869408220672
391104,150404,706249,856653,4.6956796361798885
391179,150455,706383,856838,4.694978565019441
391676,150683,707489,858172,4.695214456839856
391697,150690,707495,858185,4.695036166965293
391733,150701,707525,858226,4.694892535550527
392890,151301,709362,860663,4.6884158069014745
392960,151337,709447,860784,4.687862188361075
392962,151342,709456,860798,4.687766779876043
393188,151451,710044,861495,4.688275415811054
393248,151460,710102,861562,4.688379770236366
393318,151505,710222,861727,4.687779281211841
393345,151525,710254,861779,4.687371720838145
393592,151715,710601,862316,4.683788682727482
393612,151715,710622,862337,4.683927100154896
393640,151732,710651,862383,4.683593441067145
393672,151746,710727,862473,4.683662172314262
393726,151746,710864,862610,4.68456499677092
393791,151758,710897,862655,4.68441202440728
393797,151766,710920,862686,4.684316645361939
394127,151945,711463,863408,4.682371910888809
395976,152807,714628,867435,4.676670571374348
395981,152812,714633,867445,4.6765502709211315
396322,153071,715535,868606,4.674530120009669
396335,153081,715545,868626,4.674290081721441
396357,153088,715562,868650,4.6741873954849495
396370,153095,715586,868681,4.674130441882491
397151,153368,716456,869824,4.6714829690678625
397176,153381,716488,869869,4.671295662435373
397247,153421,716610,870031,4.670872957417824
397278,153431,716672,870103,4.670972619614028
397283,153434,716683,870117,4.670952983041568
397851,153661,717943,871604,4.672252555951087
397858,153667,717954,871621,4.672141709020154
397881,153675,717987,871662,4.6721132259638845
397921,153720,718069,871789,4.671278948737966
397941,153727,718087,871814,4.671183331490239
397962,153739,718144,871883,4.67118948347524
398039,153740,718253,871993,4.671868088981397
398128,153782,718372,872154,4.671365959605155
398163,153782,718401,872183,4.6715545382424475
398169,153782,718417,872199,4.671658581628539
398796,154058,719267,873325,4.668806553376001
399158,154107,720249,874356,4.673694251396757
399168,154114,720256,874370,4.673527388816071
399211,154147,720315,874462,4.672909625227867
399499,154147,720915,875062,4.676802013662283
399567,154192,720984,875176,4.675884611393587
399608,154210,721074,875284,4.6759224434213085
399620,154219,721092,875311,4.675766280419404
399663,154245,721130,875375,4.675224480534215
399774,154245,721308,875553,4.676378488767869
399798,154254,721334,875588,4.676274197103479
399814,154257,721366,875623,4.676390698639284
399833,154267,721423,875690,4.676457051734979
399934,154308,721664,875972,4.67677631749488
399964,154308,721684,875992,4.676905928402935
399996,154322,721739,876061,4.676838039942458
400024,154324,721774,876098,4.67700422487753
400115,154326,721799,876125,4.677105607609865
400130,154326,721825,876151,4.677274082137812
400177,154366,721973,876339,4.677020846559476
400605,154534,722713,877247,4.676724863136915
400639,154540,722779,877319,4.676970363659894
400871,154549,724168,878717,4.685685446039767
401124,154647,724450,879097,4.684539628961441
401231,154679,724583,879262,4.684430336374039
401417,154852,724947,879799,4.681547542169297
401690,154852,724966,879818,4.681670239971069
401698,154852,724966,879818,4.681670239971069
401720,154860,724974,879834,4.681480046493607
401801,154860,725029,879889,4.68183520599251
401855,154876,725078,879954,4.681667914977143
402041,154963,725343,880306,4.680749598291205
402130,155071,725481,880552,4.678379580966138
402135,155074,725487,880561,4.678327766098766
402147,155079,725495,880574,4.678228515788727
402213,155104,725537,880641,4.677745254796782
402266,155146,725618,880764,4.6770010183955755
402727,155181,726787,881968,4.683479291923625
402974,155258,727328,882586,4.684641049092479
402987,155265,727352,882617,4.684584420184845
403790,155306,729257,884563,4.695613820457677
403799,155307,729275,884582,4.695699485535101
403806,155312,729279,884591,4.695574070258576
403849,155312,729387,884699,4.696269444730607
403873,155312,729412,884724,4.696430411043576
403956,155375,729534,884909,4.695311343523733
403983,155386,729582,884968,4.695287863771511
404001,155411,729645,885056,4.694937938755944
404011,155411,729679,885090,4.695156713488749
404221,155630,730135,885765,4.691479791813918
404277,155646,730244,885890,4.691697827120517
404543,155646,730703,886349,4.694646826773576
404612,155673,730848,886521,4.694764024590006
404660,155713,730927,886640,4.694065363842454
404676,155722,730948,886670,4.6939289246220826
404767,155729,731056,886785,4.694411445523955
404792,155744,731095,886839,4.694209728785699
404898,155816,731292,887108,4.693304923756226
404919,155821,731328,887149,4.693385358841234
404927,155827,731331,887158,4.6932238957305215
404948,155836,731359,887195,4.693132523935419
404955,155836,731359,887195,4.693132523935419
405241,155930,731666,887596,4.692272173411146
406101,156236,733045,889281,4.691908394992192
406231,156236,733431,889667,4.694379016359866
406277,156250,733456,889706,4.6941184
406322,156265,733535,889800,4.694173359357501
406618,156419,733759,890178,4.69098383188743
406624,156422,733771,890193,4.690970579585992
406635,156422,733793,890215,4.69111122476378
406648,156429,733819,890248,4.691067513057042
407048,156775,734714,891489,4.686423217987562
407090,156789,734777,891566,4.686406571889609
407125,156802,734803,891605,4.686183849695794
407171,156821,734852,891673,4.685928542733435
407201,156834,734893,891727,4.685801548133695
407214,156839,734915,891754,4.685792436830125
407245,156868,734966,891834,4.685251294081648
407293,156889,735047,891936,4.685140449617245
407295,156891,735047,891938,4.685080724834439
407297,156891,735057,891948,4.685144463353539
407302,156893,735061,891954,4.685110234363547
407334,156906,735096,892002,4.6849451263814
407594,157049,735628,892677,4.684066756235315
407618,157051,735630,892681,4.684019840688694
407860,157222,736253,893475,4.68288789100762
407932,157262,736346,893608,4.6822881560707605
408099,157285,736630,893915,4.683409098133961
408107,157292,736634,893926,4.683226101772499
408174,157334,736752,894086,4.682725920652879
408338,157377,737026,894403,4.683187505162762
411950,157396,742904,900300,4.71996747058375
412099,157453,743158,900611,4.719871961791773
412150,157470,743207,900677,4.719673588620054
412243,157470,743350,900820,4.720581698101226
412326,157470,743532,901002,4.721737473804534
412390,157483,743661,901144,4.722166837055428
412426,157489,743696,901185,4.722209170164265
412474,157501,743754,901255,4.722217636713418
412506,157503,743761,901264,4.722202116785077
412522,157503,743768,901271,4.722246560382977
412705,157505,743995,901500,4.723627821339005
412730,157511,744020,901531,4.723606605252966
412756,157511,744059,901570,4.723854207007765
412780,157517,744081,901598,4.723813937543249
412793,157525,744110,901635,4.723758133629582
412825,157530,744198,901728,4.724166825366597
412841,157540,744218,901758,4.723993906309508
414030,158011,745738,903749,4.71953218446817
414262,158020,747140,905160,4.728135679027971
414274,158025,747149,905174,4.728043031165955
414416,158142,747450,905592,4.7264483818340475
414459,158159,747501,905660,4.726262811474529
414472,158172,747528,905700,4.726045064866095
414484,158172,747560,905732,4.726247376273929
414954,158246,748280,906526,4.728587136483703
414978,158257,748302,906559,4.728397480048276
415052,158257,748302,906559,4.728397480048276
415082,158267,748334,906601,4.728300909223022
415097,158273,748363,906636,4.728304890916328
415100,158273,748369,906642,4.728342800098564
415149,158273,748478,906751,4.729031483575847
415189,158295,748541,906836,4.728772229065984
415277,158341,748679,907020,4.7282699995579165
415334,158368,748744,907112,4.72787431804405
415393,158407,748813,907220,4.727145896330339
415456,158442,748879,907321,4.726518221178728
416429,158876,750528,909404,4.7239860016616735
416499,158917,750638,909555,4.723459415921519
416519,158917,750669,909586,4.723654486304171
416575,158963,750754,909717,4.722822291979894
416581,158972,750761,909733,4.7225989482424575
416595,158975,750773,909748,4.722585312155999
416662,159032,750908,909940,4.721741536294582
416664,159033,750912,909945,4.721736997981551
416726,159052,750989,910041,4.721657068128662
416765,159064,751011,910075,4.721439169139466
416853,159108,751175,910283,4.721164240641577
416915,159157,751314,910471,4.720584077357578
416930,159160,751336,910496,4.720633324956019
417194,159160,752005,911165,4.7248366423724555
417457,159326,752384,911710,4.722292657821071
417554,159363,752527,911890,4.722093585085622
417696,159463,752827,912290,4.721013652069759
417765,159523,753016,912539,4.720422760354306
417868,159523,753371,912894,4.722648144781631
418724,159880,754457,914337,4.718895421566175
418731,159884,754465,914349,4.718827399864902
418804,159926,754553,914479,4.718138389004915
418838,159942,754612,914554,4.718035287791825
418877,159942,754728,914670,4.718760550699629
419211,160037,755657,915694,4.721764341995914
419239,160056,755705,915761,4.721503723696706
419294,160078,755770,915848,4.721260885318407
419391,160106,755975,916081,4.7217156134061185
419677,160123,756356,916479,4.72359373731444
419758,160171,756502,916673,4.723089697885385
419780,160186,756530,916716,4.722822219170214
419886,160228,756882,917110,4.72378111191552
420006,160276,757181,917457,4.724231949886446
420043,160306,757256,917562,4.723815702469028
420214,160372,757534,917906,4.723605118100417
420252,160390,757588,917978,4.723411684020201
420377,160453,757817,918270,4.722984300698647
420403,160462,757910,918372,4.723298974211963
420576,160462,758099,918561,4.724476823173088
420727,160521,758209,918730,4.723425595404962
420871,160525,758404,918929,4.724522660021804
420979,160599,758633,919232,4.723771629960336
421117,160688,758884,919572,4.722717315543164
421836,160959,759993,920952,4.72165582539653
421837,160959,759995,920954,4.721668250921042
421874,160983,760077,921060,4.721473695980321
421883,160988,760098,921086,4.721457499937884
421903,161003,760131,921134,4.721222585914548
421926,161008,760203,921211,4.721523154128987
421954,161037,760246,921283,4.72093990821985
422070,161081,760368,921449,4.720407745171684
422080,161085,760384,921469,4.720389856287054
422387,161091,761124,922215,4.724807717377135
422627,161091,761702,922793,4.728395751469666
422726,161137,761835,922972,4.727871314471536
422868,161175,761971,923146,4.727600434310532
422910,161194,762038,923232,4.727458838418303
422916,161194,762051,923245,4.727539486581386
422946,161199,762063,923262,4.7274672919807195
423000,161199,762063,923262,4.7274672919807195
423016,161199,762089,923288,4.727628583303867
423158,161262,762306,923568,4.727127283550992
423188,161262,762383,923645,4.727604767397155
423225,161262,762419,923681,4.727828006597958
423242,161268,762430,923698,4.727720316491802
423263,161290,762518,923808,4.7276210552421105
423273,161295,762549,923844,4.727666697665768
423317,161319,762600,923919,4.7272794897067305
423457,161403,762833,924236,4.726262832785016
423465,161404,762844,924248,4.726301702560035
423474,161407,762845,924252,4.726220052414083
423723,161464,763069,924533,4.725938908982807
423746,161480,763115,924595,4.725755511518455
423841,161489,763221,924710,4.72614853024045
423848,161493,763230,924723,4.726087198825955
423952,161583,763424,925007,4.724655440238144
424086,161649,763706,925355,4.724470921564625
424097,161654,763728,925382,4.72446088559516
424647,161908,764639,926547,4.722675840600835
424691,161958,764745,926703,4.721872337272626
424716,161974,764776,926750,4.721597293392767
425068,162107,765195,927302,4.720308191503143
425162,162142,765268,927410,4.719739487609626
425225,162161,765348,927509,4.719679824372075
425785,162445,765975,928420,4.715288251408169
427741,162586,769880,932466,4.735217054358924
427855,162586,770051,932637,4.736268805432202
427901,162594,770103,932697,4.73635558507694
427932,162607,770150,932757,4.73626596640981
427973,162628,770489,933117,4.7377388887522445
428071,162676,770609,933285,4.737078610243675
428102,162683,770644,933327,4.7370899233478605
428210,162692,770940,933632,4.738647259852974
428410,162754,771583,934337,4.740792853017437
428540,162788,771819,934607,4.741252426468781
428566,162789,771861,934650,4.741481304019313
428632,162837,772015,934852,4.741029372931213
428862,162904,772170,935074,4.740030938466827
429043,162983,772430,935413,4.739328641637472
429187,162991,772741,935732,4.741004104521108
429220,163015,772792,935807,4.740618961445266
429236,163015,772805,935820,4.740698708707788
429246,163020,772811,935831,4.740590111642743
429255,163028,772817,935845,4.74039428809775
429286,163046,772877,935923,4.740238950970892
429388,163122,773167,936289,4.7398082416841385
429870,163357,774087,937444,4.7386215466738495
429875,163360,774093,937453,4.73857125367287
429931,163397,774171,937568,4.737975605427272
429940,163400,774179,937579,4.737937576499388
430005,163432,774278,937710,4.73761564442704
430040,163452,774372,937824,4.737611041773731
430664,163462,775400,938862,4.743610135689028
430708,163471,775448,938919,4.743642603275199
430756,163474,775516,938990,4.743971518406597
430780,163501,775576,939077,4.743555085289998
430843,163508,775695,939203,4.74407980037674
430878,163511,775779,939290,4.744506485802178
430891,163512,775809,939321,4.74466094231616
430984,163535,775850,939385,4.744244351362093
431013,163542,775873,939415,4.744181922686527
431068,163551,775952,939503,4.7444038862495495
431115,163582,776017,939599,4.74390214082234
431139,163592,776072,939664,4.7439483593329745
431181,163607,776125,939732,4.743837366371855
431302,163607,776365,939972,4.745304296270942
431317,163618,776390,940008,4.745138065494016
431357,163640,776457,940097,4.7449095575653875
431535,163720,776607,940327,4.743507207427315
431560,163732,776645,940377,4.743391639997069
431580,163737,776661,940398,4.743344509793144
431588,163740,776673,940413,4.743330890436058
431618,163764,776758,940522,4.743154783713148
431640,163775,776772,940547,4.742921691344833
431729,163801,776888,940689,4.742877027612774
431752,163808,776933,940741,4.742949062316859
431825,163849,777040,940889,4.742415272598551
431836,163856,777054,940910,4.742298115418416
431845,163862,777073,940935,4.74224042181836
431956,163890,777188,941078,4.7421319177497105
432045,163919,777318,941237,4.742086030295451
432122,163953,777424,941377,4.741749159820192
432154,163966,777522,941488,4.741970896405352
432160,163966,777533,941499,4.742037983484381
432368,164084,777895,941979,4.740833963092075
432481,164122,778016,942138,4.740473550163903
432497,164122,778042,942164,4.740631968901183
432599,164179,778205,942384,4.739978925441134
432739,164182,778287,942469,4.740391760363499
432895,164269,778490,942759,4.739116936244818
432909,164281,778525,942806,4.73898381431815
433178,164367,778908,943275,4.738834437569585
433189,164368,778925,943293,4.738909033388494
433366,164422,779138,943560,4.738648112782961
433690,164509,779648,944157,4.7392422299083945
433783,164577,779833,944410,4.738408161529254
433807,164586,779864,944450,4.738337404153452
433816,164593,779880,944473,4.7382330961827055
433831,164594,779927,944521,4.738489859897688
433843,164600,779936,944536,4.738371810449575
433865,164614,779983,944597,4.738254340457069
433915,164626,780001,944627,4.738018296016425
433954,164661,780098,944759,4.737600281791074
433964,164669,780124,944793,4.73752801073669
434030,164756,780295,945051,4.736064240452548
434051,164767,780333,945100,4.735978685052225
434132,164768,780517,945285,4.737066663429792
434157,164779,780553,945332,4.736968909873224
434238,164839,780714,945553,4.736221403915335
434513,164969,781399,946368,4.736641429601925
434550,164997,781446,946443,4.73612247495409
434748,165029,781649,946678,4.736434202473505
434833,165097,781761,946858,4.735161753393459
434866,165107,781773,946880,4.734947640015263
434894,165116,781818,946934,4.7349620872598654
434948,165116,781887,947003,4.735379975290099
435032,165150,781977,947127,4.73495004541326
435159,165190,782207,947397,4.735195835098977
435200,165195,782355,947550,4.735948424589122
435234,165233,782414,947647,4.735216330878214
435255,165249,782443,947692,4.734933343015691
435332,165316,782558,947874,4.7337099857243095
435357,165320,782575,947895,4.7336982821195255
435400,165335,782652,947987,4.733734538966341
435574,165393,782802,948195,4.73298144419655
435704,165394,783187,948581,4.735280602682081
435744,165406,783232,948638,4.735209121797275
435764,165415,783262,948677,4.735132847686123
436024,165513,783450,948963,4.733465045041779
436043,165517,783453,948970,4.733368777829468
436311,165558,783873,949431,4.734733446888703
436360,165586,783976,949562,4.734554853671204
436624,165754,784482,950236,4.732808861324614
436790,165754,784897,950651,4.7353125716423135
436821,165757,784943,950700,4.735504382921988
436833,165769,784967,950736,4.735306360055257
438629,165889,788452,954341,4.75288897998059
438666,165900,788466,954366,4.7526582278481015
438698,165924,788503,954427,4.752193775463465
438809,165924,788681,954605,4.753266555772522
439029,165924,789459,955383,4.757955449482896
439052,165928,789504,955432,4.758111952172026
439065,165931,789509,955440,4.758056059446396
439089,165953,789548,955501,4.75766030141064
439115,165962,789629,955591,4.757890360443957
439464,166089,789988,956077,4.756413729988139
439485,166094,790009,956103,4.75639698002336
439541,166127,790168,956295,4.7564092531617375
439563,166133,790248,956381,4.756719014283736
439674,166144,790456,956600,4.757656009244992
439704,166159,790484,956643,4.757395025246902
439774,166209,790596,956805,4.756637727198888
440537,166364,791289,957653,4.756371570772523
440539,166366,791290,957656,4.756320402005217
440694,166468,791551,958019,4.754973928923277
440713,166469,791575,958044,4.755089536189921
440732,166483,791601,958084,4.754845840115808
441291,166483,793184,959667,4.764354318458942
441324,166511,793300,959811,4.764249809321907
441468,166511,793550,960061,4.765751211631664
441488,166527,793581,960108,4.7654794717973665
441566,166592,793804,960396,4.764958701498271
441595,166592,793835,960427,4.765144784863619
441653,166614,793943,960557,4.765163791758195
441673,166621,793968,960589,4.765113641137671
441695,166621,794028,960649,4.7654737398047065
441709,166621,794054,960675,4.7656297825604215
441840,166634,794291,960925,4.766680269332789
441936,166676,794469,961145,4.766547073363892
441979,166704,794509,961213,4.765986419042134
442015,166722,794574,961296,4.765861733904344
442094,166754,794708,961462,4.765750746608777
442125,166754,794762,961516,4.766074576921693
442149,166776,794792,961568,4.765625749508323
442194,166806,794849,961655,4.765110367732576
442260,166824,794909,961733,4.764955881647724
442331,166883,795021,961904,4.763942402761216
442363,166896,795068,961964,4.763852938356821
442384,166912,795122,962034,4.763719804447852
442416,166924,795158,962082,4.7635930123888715
442457,166959,795241,962200,4.763091537443325
442548,167024,795487,962511,4.762710748155953
442635,167066,795675,962741,4.762638717632552
442650,167080,795717,962797,4.762491022264784
442683,167091,795753,962844,4.762392947555524
442707,167100,795773,962873,4.762256134051466
442740,167105,795802,962907,4.762287184704228
442790,167122,795831,962953,4.761976280800852
442806,167126,795838,962964,4.761904192046719
442811,167128,795843,962971,4.761877124120435
442875,167128,795944,963072,4.762481451342683
443126,167234,796594,963828,4.763349558104213
443183,167280,796677,963957,4.762535868005739
443241,167292,796737,964029,4.762552901513521
443528,167510,797116,964626,4.758617395976359
443545,167526,797139,964665,4.758300204147416
444015,167716,797606,965322,4.755694149633905
444113,167736,797657,965393,4.755431153717747
444175,167774,797782,965556,4.755099121437172
444231,167774,797866,965640,4.75559979496227
444264,167808,797908,965716,4.75488653699466
444265,167808,797910,965718,4.754898455377575
444280,167818,797915,965733,4.754644912941401
444308,167833,797955,965788,4.754458300810925
444367,167854,798029,965883,4.7543043359109705
444510,167891,798135,966026,4.753887939198647
444546,167916,798189,966105,4.753501750875437
444694,167974,798302,966276,4.752533130127282
444801,168006,798372,966378,4.752044569836792
444892,168045,798546,966591,4.751977148977953
445010,168139,798885,967024,4.751336691665824
445086,168176,798944,967120,4.75064218437827
445089,168177,798947,967124,4.750631774856252
445102,168177,798974,967151,4.750792319996195
445169,168198,799080,967278,4.750829379659687
445185,168205,799117,967322,4.750851639368627
445213,168223,799166,967389,4.750634574344769
445279,168250,799220,967470,4.750193164933135
445365,168299,799406,967705,4.749915329265177
445385,168307,799434,967741,4.749855918054507
445421,168319,799495,967814,4.749879692726311
445572,168322,799815,968137,4.751696153800454
445583,168322,799825,968147,4.751755563740925
445730,168381,799991,968372,4.751076427863001
445800,168416,800218,968634,4.751436918107543
446161,168659,800921,969580,4.748759330957731
446250,168659,801067,969726,4.749624982953771
446631,168659,802969,971628,4.760902175395325
446684,168662,803052,971714,4.761309601451424
447768,169195,804629,973824,4.755631076568457
447799,169217,804677,973894,4.755296453666003
447828,169242,804707,973949,4.75477127426998
447861,169272,804769,974041,4.754294862706177
447900,169288,804819,974107,4.754140872359529
447920,169291,804854,974145,4.754263368991854
447955,169319,804912,974231,4.75381971308595
447977,169335,804934,974269,4.7535004576726605
448074,169339,804999,974338,4.753772019440294
448101,169351,805037,974388,4.753659559140483
448163,169395,805116,974511,4.752891171522182
448174,169398,805128,974526,4.7528778379910035
448229,169401,805178,974579,4.753088824741294
448636,169630,806039,975669,4.751747921947769
448766,169631,806424,976055,4.7539895420058835
448771,169636,806429,976065,4.753878893631069
448795,169641,806437,976078,4.75378593618288
452555,169651,812526,982177,4.789397056309718
452608,169666,812570,982236,4.789232963587283
452657,169714,812621,982335,4.788178936328175
452934,169837,813269,983106,4.7885266461371785
452957,169846,813356,983202,4.788785134769144
453011,169859,813397,983256,4.78866000624047
453041,169866,813451,983317,4.788780568212591
453043,169867,813452,983319,4.788758263818163
453194,169909,813573,983482,4.788286671100413
453264,169934,813696,983630,4.788306048230489
453297,169945,813764,983709,4.788396245844243
453311,169953,813787,983740,4.788306178767071
453411,169984,813926,983910,4.788250658885542
453459,169984,814038,984022,4.788909544427711
453480,169993,814092,984085,4.7889736636214435
453520,170005,814110,984115,4.788741507602718
453787,170005,814727,984732,4.792370812623158
453816,170018,814774,984792,4.792280817325224
453845,170020,814789,984809,4.792312669097753
453900,170038,814819,984857,4.79198179230525
454204,170093,814998,985091,4.791484658392761
454249,170115,815055,985170,4.791200070540516
454368,170168,815173,985341,4.790401250528889
454431,170186,815263,985449,4.790423419082651
454432,170186,815268,985454,4.790452798702596
454445,170195,815278,985473,4.79025823320309
455135,170488,815967,986455,4.786067054572756
455265,170488,815967,986455,4.786067054572756
455345,170521,816227,986748,4.786665571982336
455604,170646,816720,987366,4.786048310537605
455648,170659,816811,987470,4.786216958964953
455752,170685,817025,987710,4.786741658610891
455784,170701,817086,987787,4.786650341825766
455838,170701,817086,987787,4.786650341825766
455905,170749,817248,987997,4.786253506609117
456114,170871,817853,988724,4.786376857395345
456125,170871,817865,988736,4.786447085813275
456136,170871,817882,988753,4.786546576072007
456185,170883,817914,988797,4.786397710714349
456187,170886,817928,988814,4.7863956087684185
456255,170900,817956,988856,4.7861673493270915
456283,170913,818016,988929,4.7861543592354
456305,170915,818020,988935,4.786121756428634
456389,170961,818175,989136,4.785740607506975
456418,170982,818198,989180,4.785287340187856
456473,171004,818293,989297,4.785227246146289
456516,171044,818371,989415,4.784564205701457
456529,171054,818393,989447,4.78441310931051
456537,171059,818403,989462,4.784331721803588
456687,171110,818696,989806,4.784618081935597
456720,171122,818734,989856,4.784504622433118
456841,171214,819093,990307,4.78403051152359
456899,171244,819197,990441,4.783799724369905
456963,171296,819416,990712,4.783626004109845
456964,171296,819418,990714,4.783637679805716
457043,171351,819545,990896,4.782843403306663
457069,171364,819623,990987,4.782935739128405
457533,171715,820348,992063,4.7773811257024725
457585,171728,820393,992121,4.777281514953881
457588,171729,820396,992125,4.777271165615592
457612,171751,820464,992215,4.777055155428498
457623,171751,820488,992239,4.777194892606157
457656,171776,820531,992307,4.77674995342772
457661,171780,820534,992314,4.776656188147631
457685,171807,820559,992366,4.776051034009091
457703,171810,820607,992417,4.776247017053723
457710,171817,820622,992439,4.776139730061636
457978,171974,821483,993457,4.776786025794597
458071,171974,821626,993600,4.777617546838475
458318,171974,821981,993955,4.779681812366985
458352,171986,822039,994025,4.779685555801054
458449,172007,822159,994166,4.779799659316191
458458,172009,822174,994183,4.779831287897727
458480,172009,822209,994218,4.780034765622729
458698,172138,822665,994803,4.779101651000941
459510,172629,823881,996510,4.772552699720209
459535,172655,823963,996618,4.77230893979323
459622,172685,824056,996741,4.772018415033153
459643,172696,824114,996810,4.772050308055774
459717,172712,824327,997039,4.772841493353097
459726,172714,824343,997057,4.772878863323181
460395,173012,825511,998523,4.7714089196125125
460556,173052,825778,998830,4.771848924022837
460591,173074,825860,998934,4.77171614453933
460681,173086,825896,998982,4.771593311995193
461033,173086,826759,999845,4.776579272731475
461072,173100,826853,999953,4.776735990756788
461126,173110,826878,999988,4.7766044711455145
461136,173110,826890,1000000,4.776673791231009
461201,173156,827034,1000190,4.776236457298621
461232,173163,827112,1000275,4.776493823738328
461244,173169,827131,1000300,4.776438046070601
461280,173183,827172,1000355,4.776288665746638
461347,173202,827280,1000482,4.776388263414972
461404,173225,827350,1000575,4.776158175782942
461415,173229,827356,1000585,4.77608252659774
461438,173248,827388,1000636,4.775743442925748
461465,173270,827422,1000692,4.775333294857736
461552,173311,827529,1000840,4.77482098655019
461778,173475,827890,1001365,4.772387952154489
461783,173479,827891,1001370,4.77228367698684
461892,173547,828044,1001591,4.771295383959388
461942,173568,828097,1001665,4.771023460545723
461967,173593,828125,1001718,4.7704976583157155
461991,173599,828147,1001746,4.770459507255226
462009,173602,828179,1001781,4.770561399062223
462062,173636,828239,1001875,4.769972816696998
462084,173636,828239,1001875,4.769972816696998
462195,173709,828424,1002133,4.769033268282012
462196,173709,828433,1002142,4.769085079069018
462446,173790,828699,1002489,4.768392887968237
463254,174052,829796,1003848,4.767517753315102
463363,174111,829935,1004046,4.766700553095439
463429,174143,829998,1004141,4.766186410019352
463565,174231,830274,1004505,4.765363224684471
463601,174249,830326,1004575,4.765169384042376
463672,174261,830494,1004755,4.765805315015982
463702,174270,830532,1004802,4.765777242210363
463774,174332,830637,1004969,4.764684624739004
463831,174362,830713,1005075,4.764300707723013
463852,174366,830722,1005088,4.764243029030889
463968,174366,830916,1005282,4.765355631258387
463988,174366,830937,1005303,4.765476067581983
464270,174467,831112,1005579,4.763720359724188
464343,174505,831171,1005676,4.763021116873442
464466,174535,831254,1005789,4.762677972899419
464493,174550,831309,1005859,4.76258378688055
464565,174571,831417,1005988,4.762629531823728
464651,174581,831492,1006073,4.762786328409162
464660,174581,831492,1006073,4.762786328409162
464804,174639,831637,1006276,4.7620348261270395
464818,174643,831670,1006313,4.762114714016594
466045,175117,833169,1008286,4.75778479530828
466292,175280,833827,1009107,4.757114331355545
466469,175344,834280,1009624,4.757961492836937
466613,175371,834582,1009953,4.758951023829481
466956,175371,835164,1010535,4.762269702516379
466985,175389,835211,1010600,4.76204893123286
467047,175389,835368,1010757,4.76294408429263
468646,175495,837255,1012750,4.770819681472407
468799,175532,837372,1012904,4.7704805961306205
469003,175541,838565,1014106,4.777032146336183
469016,175549,838590,1014139,4.776956861047343
469064,175565,838624,1014189,4.776715176715177
469192,175668,838806,1014474,4.774950474759205
469200,175668,838821,1014489,4.775035863105403
469439,175786,839162,1014948,4.773770379893734
469491,175801,839235,1015036,4.7737783061529795
469504,175812,839281,1015093,4.773741269082884
469632,175846,839467,1015313,4.7738760051408615
469733,175952,839705,1015657,4.772352687096481
470162,175952,840539,1016491,4.777092616168046
470179,175955,840565,1016520,4.777158932681652
470247,175978,840652,1016630,4.7770289468001685
470338,175978,840872,1016850,4.778279103069702
470360,175984,840881,1016865,4.778167333393945
470408,176028,841027,1017055,4.777802395073511
470427,176030,841057,1017087,4.777918536613077
470436,176030,841069,1017099,4.777986706811339
470463,176039,841102,1017141,4.77792989053562
470499,176065,841163,1017228,4.777570783517451
470566,176109,841271,1017380,4.77699038663555
470600,176125,841301,1017426,4.77672675656494
470604,176125,841306,1017431,4.776755145493258
470679,176153,841435,1017588,4.776728185157221
470697,176158,841459,1017617,4.776728845695342
470709,176166,841466,1017632,4.776551661501085
470763,176184,841569,1017753,4.7766482768015255
471136,176198,842180,1018378,4.77973643287665
471281,176198,842461,1018659,4.781331229639383
471392,176243,842632,1018875,4.781080667033584
471459,176268,842788,1019056,4.7812875848140335
471559,176273,842884,1019157,4.78169657292949
471569,176281,842909,1019190,4.781621388578463
471586,176293,842921,1019214,4.781363979284486
471601,176297,842932,1019229,4.781317889697499
471764,176311,843339,1019650,4.783246649386595
471797,176316,843355,1019671,4.7832017514008935
471886,176374,843469,1019843,4.782275165273793
472867,176449,843663,1020112,4.781341917494574
472940,176471,843763,1020234,4.781312510270809
473002,176492,843821,1020313,4.7810722299027715
473024,176504,843856,1020360,4.780945474323528
473080,176545,843925,1020470,4.780226004701351
473137,176582,844007,1020589,4.779688756498397
473188,176615,844096,1020711,4.77929960648869
473272,176665,844334,1020999,4.77929414428438
473301,176672,844377,1021049,4.779348170621264
473328,176693,844416,1021109,4.7790008659086665
473373,176704,844517,1021221,4.779274945671858
473452,176732,844622,1021354,4.779111875608265
473619,176738,844909,1021647,4.7805735042831765
473693,176742,844929,1021671,4.780578470312659
473702,176748,844934,1021682,4.780444474619232
473944,176782,845083,1021865,4.7803679107601456
473973,176792,845187,1021979,4.7806857776369975
473990,176799,845201,1022000,4.780575681989151
473993,176803,845214,1022017,4.7805410541676325
474009,176811,845226,1022037,4.780392622630945
474143,176900,845575,1022475,4.779960429621255
474158,176908,845610,1022518,4.779942116806476
474339,176926,845727,1022653,4.780117111108599
474369,176936,845776,1022712,4.780123886603065
474399,176945,845828,1022773,4.780174630534912
474408,176957,845852,1022809,4.7799860983176705
474448,176990,845906,1022896,4.7793999660997795
474487,177001,845969,1022970,4.779458873113711
474516,177010,846002,1023012,4.779402293655726
474549,177049,846054,1023103,4.778643200469927
474640,177049,846081,1023130,4.778795700625251
474659,177055,846126,1023181,4.778887916184236
475436,177089,847230,1024319,4.784204552513143
475477,177104,847289,1024393,4.784132487126208
475613,177253,847683,1024936,4.782333726368524
475680,177274,847760,1025034,4.782201563681081
475778,177319,847961,1025280,4.782121487263068
475886,177322,848211,1025533,4.78345044608114
475936,177335,848377,1025712,4.784035864324584
475984,177373,848545,1025918,4.783958099598022
476142,177373,849047,1026420,4.786788293595982
476234,177431,849226,1026657,4.786232394564648
476455,177431,849276,1026707,4.7865141942501594
476463,177432,849288,1026720,4.786554849181658
476533,177460,849433,1026893,4.78661670235546
476569,177479,849494,1026973,4.786447974126516
476597,177481,849509,1026990,4.786478552633803
476768,177599,849912,1027511,4.785567486303414
476849,177608,850035,1027643,4.786017521733255
477093,177810,850466,1028276,4.783004330465103
477101,177810,850486,1028296,4.783116810078173
477172,177858,850589,1028447,4.782405064714547
477252,177902,850678,1028580,4.78172252138818
477323,177932,850848,1028780,4.781871726277454
477378,177936,850886,1028822,4.781977789767107
477419,177952,850919,1028871,4.781733276389138
477444,177959,850955,1028914,4.781747481161391
477519,177998,851076,1029074,4.78137956606254
477584,178032,851156,1029188,4.7809157904197
477594,178032,851172,1029204,4.781005661903478
477735,178113,851399,1029512,4.7801058878352505
477770,178117,851421,1029538,4.780122054604558
477790,178131,851454,1029585,4.779931623355845
478033,178135,851694,1029829,4.781171583349707
478052,178150,851716,1029866,4.7808925063149035
479053,178470,853098,1031568,4.780063876281728
479082,178473,853120,1031593,4.78010679486533
479085,178474,853133,1031607,4.780152851395721
479158,178495,853253,1031748,4.780262752458052
479286,178597,853459,1032056,4.778686092151604
479296,178601,853468,1032069,4.778629458961596
479300,178607,853490,1032097,4.778592104452793
479445,178641,853540,1032181,4.7779625058077375
479481,178653,853579,1032232,4.777859873609735
479492,178662,853587,1032249,4.777663968835007
479502,178666,853594,1032260,4.777596185060392
479519,178680,853613,1032293,4.777328184463846
479605,178731,853756,1032487,4.776765082722079
479608,178731,853765,1032496,4.776815437724849
479633,178740,853785,1032525,4.776686807653575
479686,178756,853856,1032612,4.776656447895455
479730,178768,853916,1032684,4.776671440078761
479772,178805,853955,1032760,4.7759011213332965
479787,178805,853965,1032770,4.775957048180979
479832,178840,854058,1032898,4.775542384254082
480266,179008,854656,1033664,4.774401144082946
480328,179008,854720,1033728,4.774758670003576
480728,179108,855329,1034437,4.775492998637693
480738,179113,855342,1034455,4.775432269014533
480825,179158,855420,1034578,4.774668169995199
480852,179178,855449,1034627,4.774297067720368
480869,179184,855483,1034667,4.774326948834718
482106,179934,857530,1037464,4.765803016661665
482116,179938,857539,1037477,4.765747090664562
482517,180152,858088,1038240,4.763133354056574
482621,180185,858168,1038353,4.762704997641313
482699,180225,858277,1038502,4.762252739631017
482723,180242,858309,1038551,4.761981114279691
482771,180263,858408,1038671,4.761975557934795
482857,180316,858562,1038878,4.761429934115664
482860,180317,858565,1038882,4.7614201655972535
482886,180349,858616,1038965,4.760858113990097
483894,180641,859571,1040212,4.758449078559131
484018,180641,859927,1040568,4.7604198382427025
484095,180701,860013,1040714,4.759315111703865
484120,180709,860044,1040753,4.759275963012357
484224,180802,860169,1040971,4.7575192752292566
484246,180816,860234,1041050,4.757510397309972
484371,180873,860539,1041412,4.757697389881298
484384,180878,860552,1041430,4.757637744778249
484490,180911,860878,1041789,4.758571894467445
484508,180918,860894,1041812,4.75847621574415
484562,180928,860941,1041869,4.758472983728334
484582,180933,860971,1041904,4.758507292754777
484603,180949,861014,1041963,4.758324168688415
484647,180956,861069,1042025,4.7584440416454825
484678,180956,861069,1042025,4.7584440416454825
484733,180980,861144,1042124,4.7582274284451325
484736,180980,861149,1042129,4.758255055807272
484777,181006,861195,1042201,4.757825707435113
485074,181204,861522,1042726,4.754431469503984
485101,181222,861557,1042779,4.754152365606825
485154,181242,861587,1042829,4.753793270875404
485159,181246,861609,1042855,4.753809739249418
485171,181256,861628,1042884,4.7536522928896146
485288,181301,861922,1043223,4.754094020441145
485426,181400,862188,1043588,4.752965821389195
485507,181413,862305,1043718,4.753270162557259
485779,181430,863048,1044478,4.7569200242517775
485799,181430,863069,1044499,4.757035771371879
485810,181443,863082,1044525,4.756766587854036
485822,181453,863093,1044546,4.756565060924868
486052,181533,863665,1045198,4.757619826698176
486068,181535,863689,1045224,4.757699617153717
486177,181614,863823,1045437,4.756367901152995
486205,181627,863858,1045485,4.756220165504027
486224,181630,863861,1045491,4.756158123657986
486682,181723,865013,1046736,4.760063393186333
486924,181920,865552,1047472,4.757871591908531
487018,181986,865784,1047770,4.75742090050883
487096,181999,865822,1047821,4.757289875219095
487117,181999,865851,1047850,4.757449216753939
487128,182012,865865,1047877,4.75718633936224
487215,182054,865980,1048034,4.7567205334680915
487231,182065,865996,1048061,4.756521022711669
487285,182079,866045,1048124,4.7564244091850245
487393,182101,866167,1048268,4.756519733554456
487416,182108,866179,1048287,4.7564027939464495
487560,182204,866354,1048558,4.7548571930363766
487811,182338,866855,1049193,4.754110498085972
487844,182350,866939,1049289,4.754258294488621
488104,182350,867257,1049607,4.756002193583767
488135,182362,867274,1049636,4.755782454678058
488224,182387,867429,1049816,4.755980415270825
488343,182459,867627,1050086,4.75518883694419
488348,182461,867632,1050093,4.755164117263416
488370,182461,867667,1050128,4.755355939077392
488398,182461,867732,1050193,4.755712179589063
488485,182502,867910,1050412,4.7556191165028325
488502,182509,867937,1050446,4.755584656099152
488518,182514,867950,1050464,4.755525603515347
488536,182521,867992,1050513,4.7555733312879065
488636,182529,868210,1050739,4.756559231683733
488679,182543,868268,1050811,4.756512164257189
488734,182561,868329,1050890,4.756377320457272
488922,182570,869431,1052001,4.762178890288657
488953,182592,869461,1052053,4.7617694093936205
489091,182654,869673,1052327,4.761313740733846
489108,182669,869701,1052370,4.761076044649065
489162,182728,869839,1052567,4.7602939888796465
489163,182728,869845,1052573,4.7603268245698525
490107,182748,871914,1054662,4.771127454199225
490128,182756,871935,1054691,4.7710335091597535
490220,182808,872066,1054874,4.77039298061354
490247,182821,872101,1054922,4.770245212530289
490558,182917,872708,1055625,4.771060098295949
490594,182928,872731,1055659,4.770898932913496
490599,182928,872742,1055670,4.7709590658619785
490607,182931,872757,1055688,4.770962822047657
490610,182931,872766,1055697,4.771012020925923
490653,182952,872863,1055815,4.770994577812759
490675,182952,872913,1055865,4.771267873540601
490704,182964,872959,1055923,4.771206357534815
490925,183107,873337,1056444,4.769544583221832
491015,183118,873425,1056543,4.7697386384735525
491387,183410,874323,1057733,4.767041055558584
491398,183414,874332,1057746,4.766986162452158
491436,183432,874368,1057800,4.766714640847835
491674,183575,874634,1058209,4.764450497072041
491684,183575,874650,1058225,4.764537654909438
491889,183668,874850,1058518,4.763214060152014
491914,183678,874873,1058551,4.763079955138885
491936,183691,874907,1058598,4.762927960542433
491967,183715,874943,1058658,4.762501701004273
492002,183722,875018,1058740,4.762728470188654
492020,183741,875061,1058802,4.76246999853054
492455,183749,875821,1059570,4.7663987287005645
492790,183749,876472,1060221,4.769941605124382
494387,184392,878980,1063372,4.7669096273157185
494572,184404,879246,1063650,4.768041907984642
494682,184455,879398,1063853,4.767547640345883
494732,184471,879444,1063915,4.767383491172054
494765,184479,879488,1063967,4.7674152613576615
494774,184481,879504,1063985,4.767450306535633
494791,184497,879549,1064046,4.767280768792989
494854,184502,879726,1064228,4.768110914786831
494910,184502,879814,1064316,4.768587874386186
495092,184541,879957,1064498,4.768354999701963
495120,184548,879979,1064527,4.768293343737131
495199,184579,880168,1064747,4.76851646178601
495227,184604,880217,1064821,4.768136118393968
495260,184611,880265,1064876,4.768215328447384
495314,184663,880381,1065044,4.767500798752322
495317,184663,880386,1065049,4.767527875102213
495334,184679,880414,1065093,4.76726644610378
495405,184683,880484,1065167,4.767542220994894
495432,184714,880551,1065265,4.767104821507845
495481,184728,880640,1065368,4.767225325884544
495515,184747,880697,1065444,4.767043578515484
495618,184817,880834,1065651,4.765979320084192
495660,184817,880922,1065739,4.766455466759011
495684,184843,880990,1065833,4.766152897323675
495741,184912,881082,1065994,4.7648719390845375
496116,185123,881796,1066919,4.763297915440004
496408,185408,882570,1067978,4.760150586813945
496501,185454,882710,1068164,4.759724783504265
496603,185505,882846,1068351,4.759149349074149
496644,185522,882907,1068429,4.759042054311618
496680,185529,882926,1068455,4.758964905755973
496723,185545,882968,1068513,4.758780888733192
496739,185545,882994,1068539,4.758921016465009
496905,185545,883408,1068953,4.761152281117788
496920,185552,883442,1068994,4.761155902388548
496967,185571,883529,1069100,4.761137246660308
496984,185573,883553,1069126,4.761215262996234
497007,185601,883575,1069176,4.760615513925033
497158,185656,883778,1069434,4.760298616796656
497170,185656,883778,1069434,4.760298616796656
497270,185698,883841,1069539,4.759561223061099
497302,185720,883888,1069608,4.759250484600474
497472,185752,884255,1070007,4.760406348249279
497858,185914,884648,1070562,4.75837215056424
497873,185917,884672,1070589,4.758424458225982
497912,185917,884695,1070612,4.758548169344385
497933,185917,884732,1070649,4.758747182882685
497999,185921,884759,1070680,4.758790023719752
498201,185921,884853,1070774,4.759295614804137
498233,185938,884900,1070838,4.759113252804698
498289,185957,884928,1070885,4.758777566856854
498319,185981,884984,1070965,4.758464574338239
498337,185981,885027,1071008,4.758695780751797
498522,186085,885317,1071402,4.757594647607276
498592,186109,885451,1071560,4.757701132132245
498627,186112,885536,1071648,4.758081155433287
498682,186125,885664,1071789,4.758436534586971
498855,186125,885664,1071789,4.758436534586971
498895,186141,885701,1071842,4.758226290822549
498964,186183,885802,1071985,4.757695385722649
498980,186197,885816,1072013,4.75741284768283
499069,186255,885956,1072211,4.756683042065985
499083,186255,885991,1072246,4.75687095648439
499694,186544,886749,1073293,4.753564842610858
499700,186544,886762,1073306,4.753634531263402
499732,186561,886790,1073351,4.753351450731932
499862,186561,887176,1073737,4.7554204790926295
500039,186561,887443,1074004,4.756851646378396
500468,186667,888126,1074793,4.757809361054712
500498,186680,888158,1074838,4.7576494536104565
500539,186702,888263,1074965,4.7576512303028355
500548,186702,888274,1074976,4.7577101477220385
500603,186705,888313,1075018,4.757842585897539
500627,186726,888337,1075063,4.757436029262127
500634,186730,888343,1075073,4.757366250736357
500635,186730,888345,1075075,4.7573769613881005
500655,186736,888366,1075102,4.757336560706023
500698,186750,888423,1075173,4.757285140562249
500719,186760,888457,1075217,4.757212465195973
500763,186787,888516,1075303,4.7568406794905425
500783,186790,888534,1075324,4.756860645644842
500870,186798,888756,1075554,4.757845373076799
501008,186869,889076,1075945,4.757750081607972
501026,186869,889086,1075955,4.757803595031814
501080,186894,889182,1076076,4.75768082442454
501121,186921,889273,1076194,4.75748043291016
501211,186963,889400,1076363,4.757090975219696
501241,186982,889424,1076406,4.756735942497139
501300,187001,889488,1076489,4.756594884519334
501523,187072,889741,1076813,4.7561420201847415
501574,187117,889811,1076928,4.7553723071661045
501599,187128,889859,1076987,4.755349279637468
501636,187143,889906,1077049,4.755219270824984
501677,187157,889961,1077118,4.755157434667151
501724,187179,890002,1077181,4.75481758103206
501817,187239,890215,1077454,4.7544315019840955
501978,187248,891129,1078377,4.759084209177134
502003,187264,891166,1078430,4.75887517088175
502260,187281,891864,1079145,4.762170214810899
502283,187281,891881,1079162,4.762260987500067
503455,187633,892432,1080065,4.756263557050199
503808,187681,892683,1080364,4.756384503492629
503861,187742,892784,1080526,4.755377060007883
503943,187772,893060,1080832,4.756087169546046
503952,187772,893067,1080839,4.756124448799608
504237,187772,893667,1081439,4.759319813390708
504343,187875,893868,1081743,4.757780439121756
504368,187885,893927,1081812,4.75784123266892
504678,187898,894007,1081905,4.757937817326422
504696,187904,894025,1081929,4.757881684264305
504851,187904,894101,1082005,4.758286146117166
504860,187910,894135,1082045,4.758315150870097
504910,187936,894171,1082107,4.757848416482207
504959,187953,894225,1082178,4.757705383792756
504989,187963,894264,1082227,4.757659752185271
505015,187966,894290,1082256,4.757722141238309
505045,187968,894327,1082295,4.7578683605720125
505078,187988,894369,1082357,4.757585590569611
505094,187988,894407,1082395,4.757787731131774
505189,187988,894510,1082498,4.758335638445007
505309,188033,894746,1082779,4.758451973855653
505513,188119,895113,1083232,4.75822750493039
505539,188131,895169,1083300,4.758221664691093
505819,188214,895816,1084030,4.759560925329678
505867,188246,895913,1084159,4.759267129182028
505891,188254,895967,1084221,4.759351726922137
505958,188261,896262,1084523,4.760741736206649
506215,188416,896643,1085059,4.758847443953805
506228,188416,896657,1085073,4.758921747622282
506443,188437,896765,1085202,4.758964534565929
506496,188439,896918,1085357,4.759725959063676
506535,188448,896993,1085441,4.759896629308881
506545,188448,897009,1085457,4.759981533367295
506797,188591,897520,1086111,4.759081822568415
506901,188607,897565,1086172,4.758916689200295
507026,188688,897787,1086475,4.758050326464852
507069,188699,897831,1086530,4.758006136757482
507232,188808,898144,1086952,4.756917079784755
507740,188930,898926,1087856,4.757984438680993
507824,188983,899061,1088044,4.757364419021817
507886,188983,899125,1088108,4.757703073821455
507901,188994,899138,1088132,4.7574949469295325
507939,189005,899327,1088332,4.758218036559879
507966,189013,899413,1088426,4.758471639516858
508006,189019,899425,1088444,4.7583840777911215
508172,189019,899741,1088760,4.760055867399574
508176,189019,899750,1088769,4.760103481660574
508200,189019,899765,1088784,4.7601828387622405
508331,189100,900891,1089991,4.764098360655738
508346,189104,900911,1090015,4.764103350537271
508432,189172,901020,1090192,4.762967035290635
508467,189172,901080,1090252,4.76328420696509
510251,189933,903692,1093625,4.75795148815635
510322,189968,903778,1093746,4.757527583593026
511081,189995,904711,1094706,4.761762151635569
511476,189995,905369,1095364,4.765225400668439
511522,190003,905411,1095414,4.765245811908233
511557,190018,905445,1095463,4.765048574345588
511577,190018,905466,1095484,4.765159090191456
511730,190018,905620,1095638,4.7659695397278155
511859,190026,905965,1095991,4.7675844358140465
511905,190055,906039,1096094,4.7672463234326905
511929,190065,906093,1096158,4.767279614868597
511983,190070,906214,1096284,4.767790813910665
512026,190085,906277,1096362,4.7677460083646785
512062,190085,906302,1096387,4.767877528474104
512080,190085,906345,1096430,4.768103743062314
512472,190086,906864,1096950,4.770809002241091
513991,190902,910121,1101023,4.7674775539281935
514180,190975,910336,1101311,4.766780992276476
514270,191002,910428,1101430,4.76658883153056
514317,191002,910522,1101524,4.767080972974105
514568,191162,910921,1102083,4.765178225798015
514727,191172,911232,1102404,4.76655577176574
514784,191172,911311,1102483,4.766969012198439
514793,191174,911333,1102507,4.767034220134537
514861,191193,911406,1102599,4.766942304373068
514911,191212,911506,1102718,4.766991611405142
514920,191216,911525,1102741,4.766991255961845
514958,191238,911579,1102817,4.766725232432885
515046,191286,911700,1102986,4.766161663686836
515068,191293,911738,1103031,4.766185903300173
515084,191293,911764,1103057,4.766321820453441
515358,191305,912136,1103441,4.76796738192938
515379,191309,912169,1103478,4.76804018629547
515439,191334,912204,1103538,4.767600112891593
515684,191449,912853,1104302,4.768126237274679
515710,191463,912883,1104346,4.767934274507346
515745,191466,912968,1104434,4.7683035108060965
515792,191491,913044,1104535,4.76807787311153
517104,191508,916326,1107834,4.784792280218059
517127,191516,916379,1107895,4.784869149313895
517136,191518,916402,1107920,4.784939274637371
517163,191531,916447,1107978,4.784849449958492
517180,191531,916492,1108023,4.785084398870157
517369,191567,916879,1108446,4.786205348520361
517395,191590,916925,1108515,4.785870870087165
517440,191625,917032,1108657,4.785555120678408
517468,191642,917073,1108715,4.785344548689745
517566,191643,917362,1109005,4.786827590885135
517648,191661,917421,1109082,4.786685867234335
517671,191678,917447,1109125,4.786396978265633
517978,191683,918294,1109977,4.790690880255422
518016,191696,918361,1110057,4.790715507887488
518735,191728,919450,1111178,4.795595844112492
518745,191735,919465,1111200,4.795498996010118
518875,191759,919532,1111291,4.795248202170432
518923,191759,919603,1111362,4.795618458586038
519265,191823,919868,1111691,4.795399925973423
519281,191829,919881,1111710,4.795317704830865
519285,191833,919888,1111721,4.795254205480809
519293,191836,919901,1111737,4.795246981796952
519396,191886,920072,1111958,4.794888631791793
519426,191895,920184,1112079,4.7952474009223796
519441,191906,920216,1112122,4.7951392869425655
519626,192021,920586,1112607,4.794194384989142
519632,192021,920595,1112616,4.794241254862749
519687,192021,920679,1112700,4.79467870701642
519721,192038,920699,1112737,4.794358408231704
519734,192043,920708,1112751,4.794280447608088
519825,192074,920809,1112883,4.794032508304091
519841,192074,920835,1112909,4.794167872799026
519928,192124,920972,1113096,4.79363327850763
519936,192124,920972,1113096,4.79363327850763
519948,192130,920985,1113115,4.7935512413470045
520830,192792,924098,1116890,4.793238308643512
520845,192792,924098,1116890,4.793238308643512
520880,192805,924164,1116969,4.793257436269807
521069,192830,924370,1117200,4.79370429912358
521164,192830,924651,1117481,4.795161541253954
521487,193133,925662,1118795,4.792873304924585
521545,193147,925733,1118880,4.792893495627682
521545,193164,925895,1119059,4.793310347683834
522225,193388,926528,1119916,4.791031501437525
522262,193391,926575,1119966,4.791200210971555
522341,193450,926806,1120256,4.790933057637632
522371,193461,926873,1120334,4.791006972981634
522381,193461,926883,1120344,4.791058662986338
522402,193468,926924,1120392,4.791097235718569
522995,193468,928222,1121690,4.797806355573015
523028,193475,928247,1121722,4.797761984752552
523073,193501,928301,1121802,4.797396395884259
523090,193501,928336,1121837,4.797577273502463
523103,193506,928352,1121858,4.797535993715957
523352,193683,928800,1122483,4.79546475426341
523682,193683,929473,1123156,4.798939504241467
523702,193696,929502,1123198,4.7987671402610275
523709,193698,929507,1123205,4.798743404681515
523737,193705,929553,1123258,4.798807464959603
523744,193708,929559,1123267,4.798764119189708
523962,193804,930075,1123879,4.799049555220739
523964,193804,930077,1123881,4.799059874925182
524122,193874,930381,1124255,4.7988951587113275
524364,194002,930700,1124702,4.797373222956464
524462,194065,930907,1124972,4.7968824878262435
524489,194076,930973,1125049,4.796950679115398
524550,194112,931049,1125161,4.796452563468513
524614,194137,931192,1125329,4.796571493326877
524660,194164,931288,1125452,4.796398920500196
524669,194174,931302,1125476,4.79622400527362
524679,194179,931310,1125489,4.796141704303761
524764,194203,931397,1125600,4.7959969722403875
524834,194203,931498,1125701,4.796517046595572
524865,194215,931533,1125748,4.796400895914322
524899,194219,931582,1125801,4.796554405078803
525069,194219,931927,1126146,4.798330750338535
525189,194235,932113,1126348,4.798893093417767
525196,194238,932116,1126354,4.798834419629527
525197,194238,932116,1126354,4.798834419629527
525216,194246,932141,1126387,4.798765482944308
525231,194246,932169,1126415,4.798909630056732
525236,194248,932181,1126429,4.798921996622874
525351,194300,932352,1126652,4.7985177560473495
526189,194709,933337,1128046,4.793496962133235
526209,194729,933358,1128087,4.79311247939444
526317,194729,933915,1128644,4.795972864853206
526343,194735,933930,1128665,4.795902123398465
526673,194735,934652,1129387,4.799609726037949
526737,194767,934750,1129517,4.799324320855176
526780,194794,934794,1129588,4.798884975923283
527765,194895,936701,1131596,4.806182816388311
527819,194895,936820,1131715,4.806793401575207
527828,194900,936837,1131737,4.806757311441765
527939,194900,936875,1131775,4.806952283222166
528199,194950,937321,1132271,4.808007181328546
528248,194970,937437,1132407,4.808108939836898
528281,195004,937528,1132532,4.807737277184057
528284,195004,937537,1132541,4.807783430083486
528331,195006,937623,1132629,4.808175133072829
528366,195021,937662,1132683,4.808005291737813
528396,195034,937753,1132787,4.808151399243209
528451,195034,937831,1132865,4.808551329511777
528459,195034,937831,1132865,4.808551329511777
528508,195072,937918,1132990,4.8080606135170605
528542,195081,937973,1133054,4.80812072933807
528582,195086,938015,1133101,4.808212788206227
528645,195123,938078,1133201,4.807623909021489
528660,195123,938104,1133227,4.807757158305274
528778,195240,938370,1133610,4.806238475722188
528791,195247,938400,1133647,4.8062198138767815
528913,195318,938511,1133829,4.805041010045157
529000,195325,938735,1134060,4.80601561500064
529015,195331,938758,1134089,4.805985737030989
529016,195331,938760,1134091,4.805995976061148
529044,195339,938778,1134117,4.805891296668868
529302,195443,939112,1134555,4.805042902534243
529328,195449,939185,1134634,4.805268893675588
529481,195470,939486,1134956,4.80629252570727
529502,195472,939486,1134958,4.806243349431121
530739,195560,940288,1135848,4.808181632235631
530869,195561,940673,1136234,4.810125740817443
530904,195564,940758,1136322,4.810486592624409
531153,195575,940829,1136404,4.81057906174102
531214,195637,941006,1136643,4.809959261284931
531232,195641,941026,1136667,4.809963146784161
531252,195641,941047,1136688,4.810070486247771
531339,195654,941127,1136781,4.810159771842129
531353,195665,941161,1136826,4.810063118084481
531576,195665,941639,1137304,4.812506069046584
531624,195687,941701,1137388,4.812281858273672
531639,195687,941720,1137407,4.812378952102081
531659,195702,941749,1137451,4.812158281468764
531709,195738,941817,1137555,4.8116206357477855
531720,195738,941827,1137565,4.8116717244479865
531748,195758,941865,1137623,4.811374247795748
531784,195768,941936,1137704,4.811491152793102
531800,195768,941962,1137730,4.811623963058314
531813,195768,941983,1137751,4.811731232887908
531845,195783,942018,1137801,4.811541349351067
531876,195808,942090,1137898,4.811294737702239
532038,195885,942333,1138218,4.8106440003063025
532070,195885,942354,1138239,4.810751206064783
532119,195928,942429,1138357,4.810078191988894
532174,195965,942530,1138495,4.809685403005639
532198,195986,942585,1138571,4.809450675048217
532393,196030,942767,1138797,4.809299597000459
532406,196030,942781,1138811,4.809371014640616
532509,196076,942904,1138980,4.8088700299883715
532702,196165,943193,1139358,4.808161496699207
533145,196165,944058,1140223,4.812571049881478
533189,196203,944119,1140322,4.811949868248702
533210,196203,944169,1140372,4.812204706350056
533479,196349,945241,1141590,4.81408614253192
533513,196363,945263,1141626,4.813854952307715
533543,196377,945291,1141668,4.813654348523503
533572,196384,945302,1141686,4.813538781163435
533622,196415,945376,1141791,4.813155818038338
533637,196420,945407,1141827,4.813191121067101
533677,196426,945443,1141869,4.813227373158339
533830,196523,945627,1142150,4.811787933219012
533840,196525,945633,1142158,4.811769494975194
533861,196546,945668,1142214,4.811433455781343
533871,196550,945677,1142227,4.8113813279063855
533891,196557,945700,1142257,4.811326994205244
533912,196569,945763,1142332,4.811353773992847
533917,196571,945771,1142342,4.811345518921916
533990,196571,945893,1142464,4.811966159809941
534039,196578,945941,1142519,4.812038987068746
534065,196584,945975,1142559,4.812065071419851
534087,196600,946013,1142613,4.811866734486267
534155,196629,946104,1142733,4.81161985261584
534320,196704,946477,1143181,4.811681511306328
534360,196740,946548,1143288,4.811161939615737
534448,196811,946817,1143628,4.810793095914354
534477,196814,946840,1143654,4.8108366274756875
534492,196826,946864,1143690,4.8106652576387265
534493,196826,946866,1143692,4.81067541889791
534673,196954,947262,1144216,4.8095595925952255
535510,197002,948923,1145925,4.816819118587628
535520,197002,948952,1145954,4.816966325214972
535568,197013,949058,1146071,4.817235410861212
535646,197065,949226,1146291,4.816816786339532
535660,197076,949258,1146334,4.816710304654042
535671,197076,949268,1146344,4.816761046499828
535691,197083,949305,1146388,4.816777702795269
535734,197100,949343,1146443,4.816555048198884
535754,197100,949378,1146478,4.816732623033993
535833,197104,952614,1149718,4.833052601672214
536087,197338,953170,1150508,4.830139152114646
536128,197358,953237,1150595,4.82998915676081
536210,197415,953356,1150771,4.829197376085911
536369,197480,953603,1151083,4.828858618594288
536797,197480,954511,1151991,4.833456552562285
536837,197488,954565,1152053,4.833534189419104
536865,197502,954617,1152119,4.833454851090115
536938,197540,954752,1152292,4.833208464108535
536970,197573,954833,1152406,4.832811163468692
537057,197636,954981,1152617,4.83201947013702
537124,197636,955103,1152739,4.832636766580987
537385,197642,955301,1152943,4.833491869137127
537424,197649,955347,1152996,4.833553420457478
537442,197656,955361,1153017,4.833453069980168
537551,197680,955573,1153253,4.833938688789964
537585,197698,955643,1153341,4.833852643931653
537789,197841,955913,1153754,4.831723454693416
537840,197851,956027,1153878,4.832055435656125
537847,197858,956044,1153902,4.831970403016305
537908,197880,956159,1154039,4.832014352132606
538074,198023,956386,1154409,4.829671300808492
538256,198068,956661,1154729,4.829962437142799
538277,198077,956690,1154767,4.8298893864507235
538317,198098,956793,1154891,4.829897323546931
538482,198107,957732,1155839,4.834417764137562
538538,198107,957820,1155927,4.834861968532157
538566,198116,957831,1155947,4.834697853782632
538602,198130,957865,1155995,4.834527835259678
538616,198139,957880,1156019,4.83438394258576
538621,198141,957887,1156028,4.834370473551663
538699,198141,958026,1156167,4.835071994185959
538734,198166,958083,1156249,4.834749654330208
538769,198168,958180,1156348,4.8351903435468895
538832,198205,958244,1156449,4.834610630407911
538860,198220,958282,1156502,4.8344364847139545
538921,198227,958345,1156572,4.834583583467439
538993,198278,958525,1156803,4.834247874196834
539162,198368,958792,1157160,4.83340054847556
539565,198666,959931,1158597,4.831883664039141
539626,198698,960050,1158748,4.831704395615457
539880,198730,960655,1159385,4.833970714034117
539912,198739,960722,1159461,4.8340889307081145
539935,198753,960769,1159522,4.833984895825472
539987,198756,960790,1159546,4.834017589406106
540049,198784,960855,1159639,4.833663675144881
540070,198799,960884,1159683,4.833444836241631
540098,198817,960927,1159744,4.833223517103669
540150,198829,960976,1159805,4.8331782587047165
540182,198845,961019,1159864,4.833005607382635
540203,198855,961035,1159890,4.8328430263257145
540309,198912,961181,1160093,4.8321921251608755
540441,198985,961408,1160393,4.8315601678518485
540516,199023,961552,1160575,4.831361199459359
540597,199034,961585,1160619,4.831259985731081
540615,199038,961598,1160636,4.831228207678936
541216,199038,962486,1161524,4.835689667299712
541379,199038,962904,1161942,4.83778976878787
541479,199133,963165,1162298,4.836792495467853
541481,199133,963165,1162298,4.836792495467853
541542,199155,963279,1162434,4.836830609324395
541622,199197,963401,1162598,4.836423239305812
541719,199197,963470,1162667,4.83676963006471
541748,199210,963512,1162722,4.836664826062949
541782,199215,963545,1162760,4.836709083151369
541813,199230,963601,1162831,4.836626010139035
541837,199233,963619,1162852,4.83664352792961
541870,199248,963670,1162918,4.836535373002489
541871,199248,963674,1162922,4.836555448486308
541891,199248,963695,1162943,4.836660844776359
541911,199248,963716,1162964,4.836766241066409
541954,199258,963799,1163057,4.836940047576509
542216,199385,964053,1163438,4.835133034079796
542217,199385,964055,1163440,4.835143064924643
542248,199404,964091,1163495,4.834862891416421
542275,199418,964121,1163539,4.834673901052062
542594,199646,964677,1164323,4.831937529427086
542619,199655,964695,1164350,4.83180987202925
542709,199700,964777,1164477,4.831131697546319
543036,199761,965539,1165300,4.833470997842421
543039,199761,965548,1165309,4.83351605168176
543139,199835,965744,1165579,4.832706983261191
543151,199835,965753,1165588,4.8327520204168435
543174,199841,965773,1165614,4.832707002066643
543334,199841,966049,1165890,4.834088100039532
543341,199843,966061,1165904,4.83409976831813
543405,199853,966110,1165963,4.834103065753329
543448,199874,966192,1166066,4.834005423416753
543521,199902,966298,1166200,4.833858590709448
543542,199904,966306,1166210,4.833850248119097
543660,199904,966522,1166426,4.834930766768049
543700,199920,966546,1166466,4.834663865546219
543896,199920,966874,1166794,4.8363045218087235
543911,199920,966881,1166801,4.836339535814326
543940,199932,966899,1166831,4.836139287357701
544027,199964,967018,1166982,4.8359604728851195
544194,200000,967081,1167081,4.835405
544290,200055,967227,1167282,4.834805428507161
544316,200067,967268,1167335,4.834720368676494
544875,200067,968851,1168918,4.842632718039456
545285,200277,969496,1169773,4.840775525896633
545329,200290,969558,1169848,4.84077088222078
545388,200290,969650,1169940,4.8412302161865295
545421,200295,969679,1169974,4.84125415012856
545432,200295,969696,1169991,4.841339024938216
545467,200295,969756,1170051,4.841638583089942
545744,200352,969921,1170273,4.841084690943939
546018,200352,970305,1170657,4.843001317680882
546179,200352,970654,1171006,4.844743251876697
546289,200356,970990,1171346,4.846323544091517
546314,200362,971021,1171383,4.84633313702199
546335,200370,971053,1171423,4.846299346209513
546368,200391,971083,1171474,4.845941184983357
546415,200408,971149,1171557,4.8458594467286735
547474,200443,972439,1172882,4.851449040375568
547484,200443,972468,1172911,4.851593719910398
547552,200443,972560,1173003,4.852052703262274
547554,200443,972562,1173005,4.852062681161228
547577,200451,972599,1173050,4.852053619088954
547605,200466,972660,1173126,4.851994851994852
547671,200511,972755,1173266,4.851379724803128
547687,200519,972786,1173305,4.851340770700033
547715,200541,972824,1173365,4.850998050274009
547724,200545,972839,1173384,4.8509760901543295
547832,200545,973396,1173941,4.853753521653494
547975,200602,973607,1174209,4.8534261871765985
548266,200696,974237,1174933,4.854292063618607
548405,200696,974560,1175256,4.855901462909077
548453,200696,974703,1175399,4.856613983337984
548506,200739,974787,1175526,4.8559921091566665
548547,200756,974838,1175594,4.855834943912012
548573,200756,974864,1175620,4.85596445436251
548576,200756,974873,1175629,4.856009284903067
548589,200760,974879,1175639,4.855942418808527
548660,200778,975020,1175798,4.856209345645439
548706,200780,975137,1175917,4.856743699571671
548966,200850,975546,1176396,4.857087378640776
549063,200919,975824,1176743,4.856802990259756
549110,200968,975943,1176911,4.856210939054974
549130,200969,975958,1176927,4.856261413451826
549179,200986,976029,1177015,4.856203914700527
549191,200994,976041,1177035,4.856070330457626
549194,200997,976043,1177040,4.85600780111146
549301,201033,976103,1177136,4.8554366696015085
549321,201044,976129,1177173,4.855300332265574
549401,201110,976340,1177450,4.854756103624882
549424,201117,976400,1177517,4.8548854646797635
549430,201119,976409,1177528,4.854881935570483
549483,201140,976495,1177635,4.854802625037287
549483,201140,976495,1177635,4.854802625037287
550061,201331,977186,1178517,4.853629098350478
550091,201342,977205,1178547,4.853458294841613
550107,201349,977234,1178583,4.853433590432533
550450,201349,978362,1179711,4.859035803505356
550485,201373,978420,1179793,4.858744717514265
550544,201410,978570,1179980,4.85859689191202
550668,201456,978669,1180125,4.857978913509649
550711,201475,978766,1180241,4.858002233527733
550722,201475,978776,1180251,4.8580518674773545
550793,201517,979019,1180536,4.858245210081532
550802,201519,979035,1180554,4.858276390811785
550862,201537,979123,1180660,4.858279124924952
550867,201539,979130,1180669,4.858265645855145
550897,201542,979168,1180710,4.8583818757380595
551058,201621,979357,1180978,4.857415646187649
551455,201743,979853,1181596,4.8569367958243905
551473,201755,979874,1181629,4.8567520011895615
551670,201835,980218,1182053,4.856531325092278
551740,201887,980347,1182234,4.855919400456691
551748,201895,980383,1182278,4.855905297308007
552234,202125,981431,1183556,4.85556462585034
552253,202130,981469,1183599,4.855632513728788
552451,202212,981684,1183896,4.854726722449707
552581,202213,982069,1184282,4.85660664744601
552604,202231,982098,1184329,4.856317775217449
552712,202295,982278,1184573,4.855671173286537
552782,202306,982450,1184756,4.8562573527231025
552794,202314,982476,1184790,4.856193837302411
552832,202322,982532,1184854,4.856278605391406
552857,202336,982581,1184917,4.856184761980073
552877,202336,982602,1184938,4.856288549739048
552907,202350,982654,1185004,4.85620953792933
552930,202357,982699,1185056,4.856263929589784
552977,202371,982787,1185158,4.856362818783324
553562,202529,983199,1185728,4.854608475823215
553997,202542,983953,1186495,4.85801957124942
554085,202607,984118,1186725,4.857275414965919
554143,202643,984192,1186835,4.856777682920209
554259,202699,984354,1187053,4.856235107227959
554400,202750,984472,1187222,4.855595561035758
554509,202764,984571,1187335,4.85574855497031
554594,202818,984705,1187523,4.855116409786113
554635,202842,984761,1187603,4.854818035712525
554782,202994,985019,1188013,4.852453767106417
555031,202994,985355,1188349,4.854108988443008
555077,203044,985493,1188537,4.853593309824472
555170,203083,985773,1188856,4.854039973803814
555197,203103,985799,1188902,4.853689999655347
555262,203147,985930,1189077,4.85328358282426
555324,203175,986019,1189194,4.853052787006275
555402,203216,986234,1189450,4.8531316431777025
555729,203374,987196,1190570,4.85409147678661
555749,203383,987239,1190622,4.854088099792018
556091,203618,987729,1191347,4.850892357257217
556210,203680,987827,1191507,4.84989689709348
556565,203774,988260,1192034,4.849784565253663
556597,203786,988308,1192094,4.849734525433543
556701,203786,988638,1192424,4.851353871217846
556738,203799,988696,1192495,4.851329005539772
558337,203912,991771,1195683,4.863720624583154
558429,203974,991949,1195923,4.863114906801847
558664,203998,992639,1196637,4.865925156128982
558673,204003,992644,1196647,4.865830404454837
558688,204003,992670,1196673,4.865957853560977
558731,204024,992743,1196767,4.865814806101243
558764,204051,992806,1196857,4.865479708504246
558827,204071,992844,1196915,4.865189076350878
558852,204083,992896,1196979,4.865157803442717
558945,204129,992986,1197115,4.864502349004796
559075,204129,993372,1197501,4.866393310112723
559183,204153,993508,1197661,4.866487389359941
559281,204189,993692,1197881,4.866530518294326
559320,204216,993746,1197962,4.86615152583539
559346,204235,993782,1198017,4.865875094866208
559438,204307,993917,1198224,4.864821078083472
559482,204337,993994,1198331,4.86448367158175
559551,204352,994174,1198526,4.865007438145944
559570,204353,994208,1198561,4.865150010031661
559579,204358,994222,1198580,4.865099482281095
559906,204395,994754,1199149,4.866821595440202
560003,204437,994867,1199304,4.866374482114295
560008,204437,994890,1199327,4.866486986210911
560144,204539,995090,1199629,4.865037963420179
560268,204539,995293,1199832,4.866030439182747
560283,204539,995349,1199888,4.8663042256000075
560295,204551,995381,1199932,4.86617518369502
560319,204569,995412,1199981,4.86589854767829
560440,204601,995492,1200093,4.865528516478414
560450,204608,995500,1200108,4.865401157335001
560489,204615,995524,1200139,4.865352002541358
560535,204639,995653,1200292,4.86541177390429
560563,204642,995667,1200309,4.8654088603512475
560574,204649,995671,1200320,4.865261985155071
560598,204655,995681,1200336,4.865168209914246
560703,204672,996010,1200682,4.866371560350219
560706,204673,996013,1200686,4.866362441553112
560744,204691,996112,1200803,4.866418162010055
560748,204693,996116,1200809,4.8663901550126285
560751,204694,996119,1200813,4.866381037060197
560797,204694,996174,1200868,4.866649730817708
560878,204734,996307,1201041,4.866348530288081
560883,204736,996315,1201051,4.866340067208503
560909,204746,996387,1201133,4.866454045500278
560934,204754,996460,1201214,4.866620432323667
561126,204842,996832,1201674,4.866345768934106
561270,204875,996974,1201849,4.866255033557047
561312,204909,997041,1201950,4.865774563342752
561313,204909,997043,1201952,4.865784323772992
561520,205097,997447,1202544,4.863293953592691
562368,205376,998694,1204070,4.862759037083204
562472,205409,998818,1204227,4.862581483771402
562504,205417,998885,1204302,4.862718275507869
562538,205417,998903,1204320,4.862805902140524
562688,205480,999084,1204564,4.862195834144442
562804,205480,999382,1204862,4.863646096943741
562819,205484,999387,1204871,4.86357575285667
562831,205484,999387,1204871,4.86357575285667
562847,205484,999410,1204894,4.863687683712601
562874,205503,999437,1204940,4.863369391201101
562906,205511,999450,1204961,4.863243330040728
562999,205603,999577,1205180,4.861684897593907
563002,205603,999579,1205182,4.861694625078428
563026,205617,999611,1205228,4.861519232359192
563077,205617,999735,1205352,4.862122295335502
563098,205624,999802,1205426,4.862282612924561
563364,205638,999990,1205628,4.862865812738891
563394,205651,1000043,1205694,4.862816130240067
563402,205654,1000055,1205709,4.862803543816312
563471,205679,1000125,1205804,4.86255281287832
564820,205715,1001064,1206779,4.866266436574873
564833,205715,1001091,1206806,4.866397686119146
564914,205742,1001134,1206876,4.865968057081199
564933,205751,1001174,1206925,4.865949618713882
564999,205782,1001251,1207033,4.865590770815718
565124,205881,1001497,1207378,4.864445966359208
565140,205881,1001523,1207404,4.864572252903376
565143,205882,1001528,1207410,4.864572910696419
565162,205890,1001545,1207435,4.864466462674243
565186,205896,1001568,1207464,4.864436414500524
565219,205909,1001597,1207506,4.864270138750613
565239,205911,1001604,1207515,4.864256887684485
565244,205913,1001611,1207524,4.864243636875768
565256,205921,1001634,1207555,4.864166355058494
565459,206051,1002003,1208054,4.8628883140581705
565462,206051,1002012,1208063,4.862931992564947
565491,206062,1002041,1208103,4.862813133911153
565514,206073,1002065,1208138,4.862670024699985
565942,206073,1002973,1209046,4.867076230267915
566024,206099,1003056,1209155,4.866864953250622
566054,206118,1003098,1209216,4.866620091403953
566108,206139,1003140,1209279,4.866328060192394
566130,206153,1003176,1209329,4.86617221190087
566151,206166,1003232,1209398,4.866136996400958
566231,206231,1003410,1209641,4.865466394479976
566467,206250,1004076,1210326,4.868247272727273
566523,206250,1004142,1210392,4.868567272727272
566527,206252,1004150,1210402,4.868558850338421
566930,206275,1004774,1211049,4.8710410859289786
566945,206285,1004813,1211098,4.870994013137165
567056,206410,1005079,1211489,4.869332881158859
567092,206427,1005161,1211588,4.8693291090797235
567283,206448,1005561,1212009,4.870771332248315
567329,206464,1005643,1212107,4.870791033787973
567370,206486,1005707,1212193,4.870582024931473
567390,206489,1005724,1212213,4.8705935909418905
567451,206525,1005829,1212354,4.870252996005326
567485,206543,1005895,1212438,4.870148104753006
567555,206568,1005946,1212514,4.869805584601681
567568,206573,1005969,1212542,4.869799054087417
567569,206573,1005971,1212544,4.869808735894817
567576,206577,1005973,1212550,4.869724122240133
567588,206585,1005996,1212581,4.869646876588329
567689,206636,1006161,1212797,4.8692435006484835
567741,206663,1006285,1212948,4.869207356904719
567771,206663,1006346,1213009,4.869502523431867
567834,206708,1006472,1213180,4.869051996052402
567906,206708,1006675,1213383,4.870034057704588
567959,206708,1006843,1213551,4.870846798382259
568035,206747,1006972,1213719,4.8705519306205165
568107,206775,1007117,1213892,4.870593640430419
569255,207128,1008640,1215768,4.869645822872813
569265,207129,1008656,1215785,4.869699559211892
569392,207212,1008841,1216053,4.868641777503234
569406,207215,1008866,1216081,4.868691938324928
569465,207238,1008919,1216157,4.86840733842249
569513,207255,1008993,1216248,4.868365057537816
569565,207263,1009152,1216415,4.868944288174927
569779,207306,1009270,1216576,4.868503564778637
569781,207306,1009275,1216581,4.86852768371393
569805,207311,1009288,1216599,4.868472970561138
569808,207312,1009291,1216603,4.868463957706259
569873,207360,1009438,1216798,4.868045910493827
569960,207409,1009854,1217263,4.868901542363157
570158,207423,1009979,1217402,4.869175549481012
577464,207749,1022010,1229759,4.919446062315583
577487,207769,1022058,1229827,4.9192035385452115
577574,207800,1022157,1229957,4.918946102021174
577594,207800,1022178,1229978,4.9190471607314725
577615,207807,1022234,1230041,4.919150942942249
577627,207807,1022244,1230051,4.919199064516595
577673,207836,1022328,1230164,4.918916838276333
577745,207858,1022496,1230354,4.919204456888838
577830,207905,1022729,1230634,4.919213102137996
577840,207915,1022755,1230670,4.919101555924296
578004,208022,1022921,1230943,4.917369316706886
578021,208032,1022937,1230969,4.91720985233041
578037,208040,1022971,1231011,4.9171841953470485
578074,208055,1023009,1231064,4.917012328470837
578388,208214,1023460,1231674,4.915423554612082
578470,208214,1023636,1231850,4.9162688387908595
578755,208357,1023999,1232356,4.914636897248473
578993,208461,1024208,1232669,4.913187598639554
579070,208461,1024227,1232688,4.913278742786421
579600,208700,1025244,1233944,4.912525155725922
579615,208709,1025277,1233986,4.9124714315146925
579624,208714,1025285,1233999,4.912392077196547
579722,208715,1025574,1234289,4.913753204130034
579861,208808,1025743,1234551,4.91237404697138
579863,208808,1025748,1234556,4.912397992414084
580029,208808,1026064,1234872,4.913911344392935
580075,208812,1026097,1234909,4.913975250464532
580234,208845,1026396,1235241,4.914630467571644
580295,208875,1026517,1235392,4.914503889886296
580311,208875,1026543,1235418,4.914628366247756
580376,208875,1026664,1235539,4.915207660083782
580390,208876,1026672,1235548,4.915222428617936
582705,210309,1032396,1242705,4.908948261843288
582736,210329,1032435,1242764,4.908666898050198
582756,210335,1032456,1242791,4.908626714526826
582786,210338,1032560,1242898,4.909051146250321
582853,210388,1032696,1243084,4.908530904804456
582870,210395,1032726,1243121,4.908510183226788
582892,210395,1032750,1243145,4.908624254378669
582956,210454,1032994,1243448,4.9084075379893
582965,210454,1032994,1243448,4.9084075379893
582993,210458,1033011,1243469,4.9083950241853485
583012,210462,1033021,1243483,4.908349250696087
583110,210463,1033310,1243773,4.90969909200192
583170,210511,1033451,1243962,4.909249397893697
583267,210543,1033574,1244117,4.909087454819206
583331,210577,1033727,1244304,4.909021403097205
583418,210609,1033860,1244469,4.908907026765238
583503,210668,1034020,1244688,4.90829171967266
583627,210705,1034186,1244891,4.908217650269334
583659,210710,1034239,1244949,4.908352712258554
583694,210719,1034379,1245098,4.908807463968603
583799,210780,1034490,1245270,4.9079134642755475
583828,210799,1034543,1245342,4.907722522402858
584114,210799,1035053,1245852,4.910141888718637
584255,210846,1035400,1246246,4.910693112508656
584826,211041,1036103,1247144,4.9094867821892425
584849,211048,1036124,1247172,4.9094234486941355
584858,211058,1036139,1247197,4.9092619090486975
584892,211058,1036203,1247261,4.909565143230771
585172,211283,1036736,1248019,4.90685952016963
585195,211293,1036782,1248075,4.906844997231333
585215,211293,1036806,1248099,4.906958583578254
585341,211386,1036986,1248372,4.905651273026596
585360,211395,1037030,1248425,4.905650559379361
585378,211395,1037057,1248452,4.9057782823624025
585493,211401,1037309,1248710,4.906831093514222
585531,211424,1037392,1248816,4.906689874375663
585537,211427,1037412,1248839,4.906714847204945
585560,211427,1037446,1248873,4.90687565921098
585755,211530,1037855,1249385,4.906419893159363
585790,211536,1037934,1249470,4.906654186521443
585829,211536,1037970,1249506,4.906824370319946
585896,211536,1038122,1249658,4.907542924135845
585906,211551,1038155,1249706,4.907350946107558
585933,211561,1038216,1249777,4.907407319874646
585989,211594,1038287,1249881,4.906977513540081
585992,211594,1038287,1249881,4.906977513540081
586026,211605,1038351,1249956,4.90702488126462
586084,211646,1038509,1250155,4.906820823450478
586108,211659,1038543,1250202,4.906680084475501
586164,211694,1038644,1250338,4.906345952176254
586605,211922,1039681,1251603,4.905960683647757
586940,212107,1040131,1252238,4.903803269104745
586977,212118,1040194,1252312,4.903845972524727
587010,212123,1040210,1252333,4.903805810779595
587069,212152,1040317,1252469,4.90363984313134
587165,212152,1040416,1252568,4.90410648968664
587187,212154,1040420,1252574,4.904079112342921
587232,212167,1040496,1252663,4.9041368356059145
587815,212171,1041706,1253877,4.909747326448949
587908,212221,1041800,1254021,4.909033507522818
587909,212221,1041800,1254021,4.909033507522818
588005,212221,1041899,1254120,4.909500002356035
588146,212278,1042139,1254417,4.909312316867504
588183,212283,1042169,1254452,4.909338006340593
588273,212326,1042318,1254644,4.9090455243352205
588285,212336,1042334,1254670,4.908889684273981
588325,212349,1042392,1254741,4.908862297444301
588919,212349,1044001,1256350,4.916439446383077
588976,212351,1044161,1256512,4.917146611035503
588983,212354,1044163,1256517,4.917086563003287
589026,212354,1044196,1256550,4.9172419638904845
589031,212354,1044201,1256555,4.917265509479454
589057,212367,1044232,1256599,4.917110473849515
589112,212397,1044281,1256678,4.916646656967848
589201,212470,1044432,1256902,4.915668094319198
589239,212500,1044494,1256994,4.915265882352942
589241,212500,1044499,1256999,4.9152894117647055
590405,212523,1046353,1258876,4.923481223208782
590464,212544,1046399,1258943,4.923211193917495
590517,212591,1046497,1259088,4.922583740609904
590549,212609,1046574,1259183,4.922529149753774
590707,212664,1046762,1259426,4.922140089530903
590727,212670,1046780,1259450,4.922085860723186
590730,212675,1046795,1259470,4.922040672387445
590776,212709,1046858,1259567,4.921550098961492
590872,212786,1047197,1259983,4.921362307670617
590903,212807,1047255,1260062,4.9211492103173295
590987,212825,1047313,1260138,4.921005520967931
591037,212852,1047422,1260274,4.920893390712796
591070,212858,1047437,1260295,4.920825151039661
591107,212880,1047507,1260387,4.92064543404735
591173,212898,1047634,1260532,4.920825935424475
591305,212943,1047894,1260837,4.921007030050295
591388,212951,1048084,1261035,4.921714384999366
607334,213070,1079323,1292393,5.065579387055897
607458,213077,1079475,1292552,5.066126329918292
607505,213091,1079553,1292644,5.066159528088939
607523,213107,1079581,1292688,5.065910551976237
607678,213150,1079731,1292881,5.065592305887872
607722,213165,1079746,1292911,5.065306218187788
607758,213170,1079807,1292977,5.065473565698738
607793,213204,1079874,1293078,5.064980019136602
607801,213207,1079880,1293087,5.064936892315918
608016,213226,1080358,1293584,5.066727322183974
608067,213253,1080400,1293653,5.066282772106371
609476,213256,1080407,1293663,5.066244326068199
609494,213256,1080450,1293706,5.066445961661102
609504,213262,1080456,1293718,5.066331554613574
609633,213341,1080683,1294024,5.065519520392236
609770,213418,1081015,1294433,5.065247542381617
609772,213421,1081026,1294447,5.065227882916864
609791,213427,1081046,1294473,5.065179194759801
609831,213445,1081092,1294537,5.064967556044882
609858,213456,1081129,1294585,5.064879881568098
609865,213460,1081141,1294601,5.064841188044599
609966,213500,1081451,1294951,5.065344262295082
611922,213781,1084831,1298612,5.0744967981251845
612059,213781,1085029,1298810,5.075422979591264
612064,213783,1085041,1298824,5.075431629268931
612076,213790,1085055,1298845,5.07533093222321
612782,213790,1086193,1299983,5.080653912718088
612841,213790,1086269,1300059,5.08100940174938
613000,213895,1086766,1300661,5.08083872928306
613049,213905,1086862,1300767,5.081049998831257
613081,213925,1086898,1300823,5.080743251139418
613130,213956,1087009,1300965,5.080525902522014
613147,213971,1087028,1300999,5.080258539708652
613157,213979,1087035,1301014,5.0801013183536705
613208,213979,1087159,1301138,5.080680814472448
613228,213991,1087184,1301175,5.0805127318438625
613244,213995,1087195,1301190,5.080469169840417
613395,213995,1087435,1301430,5.081590691371294
613465,214054,1087561,1301615,5.080778682014818
613535,214054,1087831,1301885,5.082040045969708
613559,214073,1087869,1301942,5.081766500212544
613803,214178,1088176,1302354,5.080708569507606
613809,214179,1088186,1302365,5.080731537639077
613918,214218,1088351,1302569,5.080576795600743
613940,214227,1088387,1302614,5.080531398936642
614139,214336,1088840,1303176,5.08006121230218
614148,214338,1088860,1303198,5.080107120529258
614172,214346,1088908,1303254,5.080141453537738
614421,214346,1088990,1303336,5.080524012577794
614428,214346,1088990,1303336,5.080524012577794
614449,214346,1089022,1303368,5.080673303910499
614461,214349,1089042,1303391,5.08069550126196
614472,214353,1089055,1303408,5.080661339006219
614668,214519,1089444,1303963,5.07854315934719
614744,214558,1089585,1304143,5.078277202434773
614745,214560,1089588,1304148,5.07824384787472
614831,214603,1089725,1304328,5.077864708321878
614842,214603,1089725,1304328,5.077864708321878
614920,214649,1089796,1304445,5.077107277462275
614926,214654,1089813,1304467,5.077068212099472
615106,214754,1090259,1305013,5.07678087486147
615144,214772,1090313,1305085,5.0766068202559
615249,214841,1090500,1305341,5.0758467890207175
615378,214894,1090749,1305643,5.075753627369773
615403,214911,1090797,1305708,5.075575470776275
615418,214920,1090808,1305728,5.075414107574912
615462,214935,1090918,1305853,5.075571684462744
615480,214943,1090943,1305886,5.075499085804143
615485,214945,1090955,1305900,5.075507688013213
615680,214980,1091207,1306187,5.075853567773747
615820,215052,1091317,1306369,5.074665662258431
615853,215057,1091346,1306403,5.074682526027983
615979,215121,1091671,1306792,5.074683550188034
615992,215124,1091681,1306805,5.074659266283632
616113,215124,1091895,1307019,5.075654041390082
616146,215132,1091936,1307068,5.075655876392169
616157,215146,1091949,1307095,5.075386016937336
616185,215156,1091973,1307129,5.075261670601796
616198,215160,1091981,1307141,5.075204498977505
616370,215161,1092101,1307262,5.0757386329306895
616416,215161,1092244,1307405,5.07640325151863
616538,215198,1092555,1307753,5.076975622450023
616618,215268,1092740,1308008,5.076184105394207
616671,215271,1092834,1308105,5.076550022994272
616744,215272,1092927,1308199,5.07695845256234
616803,215296,1093048,1308344,5.07695451843044
617255,215296,1093880,1309176,5.080818965517241
617277,215312,1093910,1309222,5.08058073864903
617304,215324,1093936,1309260,5.080418346306032
617346,215346,1094063,1309409,5.08048907339816
617590,215453,1094523,1309976,5.080100996505038
617684,215501,1094672,1310173,5.079660883244161
617740,215525,1094743,1310268,5.079424660712214
618929,215525,1096734,1312259,5.088662568147547
619438,215742,1097337,1313079,5.086339238534917
619447,215746,1097353,1313099,5.086319097457195
619526,215775,1097441,1313216,5.086043332174719
619574,215790,1097530,1313320,5.0861022290189535
620030,215901,1097891,1313792,5.085159401762845
620070,215901,1097940,1313841,5.085386357636139
620219,215973,1098153,1314126,5.0846772513230825
620369,216000,1098493,1314493,5.0856157407407405
620423,216016,1098609,1314625,5.085776053625658
620598,216068,1099041,1315109,5.086551456023104
620604,216069,1099088,1315157,5.086745437799962
620620,216074,1099105,1315179,5.086706406138638
620705,216112,1099208,1315320,5.086288591100911
620736,216124,1099249,1315373,5.0861958875460385
621086,216180,1099951,1316131,5.088125636044038
621110,216194,1099992,1316186,5.087985790539978
621136,216213,1100069,1316282,5.08789480743526
621174,216224,1100147,1316371,5.087996707118544
621190,216224,1100173,1316397,5.0881169527897
621225,216235,1100250,1316485,5.088214211390386
621354,216299,1100468,1316767,5.087716540529545
621522,216348,1100864,1317212,5.088394623476991
621805,216505,1101605,1318110,5.08812729498164
621835,216521,1101637,1318158,5.0878990952378755
621868,216531,1101660,1318191,5.087770342352827
621885,216550,1101710,1318260,5.087554837220042
621901,216555,1101726,1318281,5.087511255801067
621914,216555,1101733,1318288,5.087543580152848
621915,216555,1101735,1318290,5.087552815681929
621918,216555,1101744,1318299,5.08759437556279
621927,216559,1101765,1318324,5.087597375311116
621948,216571,1101822,1318393,5.087578669350929
621977,216583,1101863,1318446,5.087486090782749
621980,216583,1101863,1318446,5.087486090782749
621988,216596,1101879,1318475,5.087254612273542
622022,216619,1101935,1318554,5.0869729802094925
622037,216627,1101952,1318579,5.086863595027397
622067,216643,1101989,1318632,5.086658696565317
622206,216719,1102131,1318850,5.085530110419484
622248,216731,1102191,1318922,5.085525374773336
622261,216739,1102200,1318939,5.085379188793895
622274,216745,1102210,1318955,5.085284550970034
622340,216770,1102257,1319027,5.084914886746321
622394,216803,1102382,1319185,5.084717462396738
622529,216861,1102544,1319405,5.084104564675068
622533,216866,1102547,1319413,5.084001180452446
622544,216876,1102557,1319433,5.083812870027113
622565,216885,1102607,1319492,5.083832445766189
622873,216946,1103291,1320237,5.085555852608484
622951,216987,1103368,1320355,5.084949789618733
622960,216991,1103389,1320380,5.084952832145112
623015,217004,1103492,1320496,5.085122854878251
623296,217160,1104081,1321241,5.084182169828698
623328,217190,1104147,1321337,5.083783783783784
623407,217228,1104268,1321496,5.083451488758355
623527,217317,1104392,1321709,5.081940207162808
623564,217342,1104464,1321806,5.081686926594951
623752,217342,1104743,1322085,5.082970617736103
623786,217349,1104787,1322136,5.0830093536202146
623969,217349,1105016,1322365,5.084062958651754
623978,217352,1105031,1322383,5.0840617983731455
624075,217384,1105231,1322615,5.084233430243256
624107,217402,1105291,1322693,5.084088462847628
624178,217402,1105463,1322865,5.084879623922503
624282,217429,1105539,1322968,5.0845977307534875
624286,217431,1105542,1322973,5.084564758475103
624344,217454,1105617,1323071,5.0843718671535125
624399,217482,1105672,1323154,5.083970167646058
624615,217610,1106397,1324007,5.084311382748955
624684,217641,1106469,1324110,5.083918011771679
624687,217641,1106478,1324119,5.083959364274195
624689,217641,1106478,1324119,5.083959364274195
624728,217653,1106540,1324193,5.083963924228014
624765,217665,1106594,1324259,5.08393172995199
624877,217736,1106787,1324523,5.083160340963368
624964,217824,1106898,1324722,5.081616350815337
625133,217862,1107174,1325036,5.081996860397867
625143,217862,1107174,1325036,5.081996860397867
625159,217876,1107184,1325060,5.08171620554811
625163,217883,1107194,1325077,5.081598839744267
625167,217883,1107196,1325079,5.081608018982665
625169,217883,1107201,1325084,5.081630967078661
625265,217932,1107364,1325296,5.081236348952884
625291,217953,1107400,1325353,5.080911939730125
625335,217967,1107459,1325426,5.080856276408814
625369,217985,1107509,1325494,5.080666100878501
625387,217985,1107562,1325547,5.0809092368740965
625460,217988,1107583,1325571,5.080935647833826
625527,217988,1107656,1325644,5.081270528652953
625569,218005,1107704,1325709,5.081094470310314
625587,218013,1107738,1325751,5.081063973249302
625697,218067,1107900,1325967,5.080548638721127
625721,218076,1107937,1326013,5.080508630018892
626157,218314,1108801,1327115,5.0789275996958505
626202,218333,1108842,1327175,5.078673402554813
626324,218371,1108948,1327319,5.078275045679143
626333,218371,1108970,1327341,5.078375791657317
626359,218384,1108997,1327381,5.078197120668181
626385,218397,1109036,1327433,5.078073416759388
626667,218512,1109331,1327843,5.076750933587172
627043,218681,1109795,1328476,5.0749493554538345
627050,218681,1109800,1328481,5.074972219808762
627594,218839,1110312,1329151,5.073647750172501
627703,218839,1110503,1329342,5.074520537929711
627712,218843,1110524,1329367,5.074523745333413
627746,218868,1110584,1329452,5.074218250269569
627787,218869,1110664,1329533,5.074560581900589
627880,218939,1110821,1329760,5.073655219033612
627891,218942,1110829,1329771,5.073622237852947
627918,218946,1110875,1329821,5.07373964356508
627972,218954,1110911,1329865,5.073718680636115
627997,218971,1110988,1329959,5.073676422905316
628034,219004,1111039,1330043,5.073144782743694
628159,219114,1111271,1330385,5.071656763146125
636990,219114,1137762,1356876,5.192557298940278
636998,219117,1137777,1356894,5.192554662577527
637011,219126,1137790,1356916,5.192400719220905
637048,219141,1137819,1356960,5.192177639054307
637114,219165,1137933,1357098,5.192129217712682
637682,219165,1139324,1358489,5.198476034038282
637713,219195,1139366,1358561,5.197956157759073
637816,219262,1139580,1358842,5.197343816986072
637831,219266,1139592,1358858,5.197303731540686
637861,219274,1139626,1358900,5.197269170079444
637867,219278,1139636,1358914,5.197219967347386
637896,219286,1139717,1359003,5.197399742801638
637935,219297,1139775,1359072,5.197403521252001
638005,219321,1139879,1359200,5.197308967221561
638147,219367,1140024,1359391,5.196880114146612
638280,219420,1140163,1359583,5.196258317382189
638321,219432,1140251,1359683,5.196375186846039
638334,219439,1140259,1359698,5.1962458815433905
638343,219442,1140272,1359714,5.196234084632842
638379,219442,1140308,1359750,5.196398137093173
638457,219481,1140469,1359950,5.196208327827922
638570,219553,1140612,1360165,5.195155611629083
639102,219573,1142420,1361993,5.202916569887919
639123,219584,1142441,1362025,5.20275156659866
639134,219586,1142464,1362050,5.2028089222445875
640612,219746,1144200,1363946,5.2069207175557235
640634,219761,1144237,1363998,5.206733678860217
640637,219761,1144244,1364005,5.206765531645742
640659,219761,1144284,1364045,5.2069475475630345
640704,219761,1144326,1364087,5.207138664276191
640723,219773,1144369,1364142,5.2070500015925525
640725,219775,1144369,1364144,5.2070026163121375
640727,219776,1144377,1364153,5.207015324694234
640906,219843,1144529,1364372,5.206119821872882
641070,219920,1144812,1364732,5.205583848672244
641291,220159,1145401,1365560,5.202608115044127
641351,220175,1145513,1365688,5.20273873055524
641390,220204,1145597,1365801,5.202435014804454
641430,220240,1145686,1365926,5.201988739556847
641457,220272,1145740,1366012,5.2014781724413455
641489,220291,1145778,1366069,5.201202046384101
641520,220291,1145858,1366149,5.201565202391382
641537,220300,1145887,1366187,5.201484339536995
641590,220321,1145963,1366284,5.2013335088348365
642013,220338,1146770,1367108,5.204594758961233
642045,220347,1146824,1367171,5.204627247024012
642074,220365,1146861,1367226,5.204370022462732
642181,220372,1146958,1367330,5.204644873214383
642190,220374,1146974,1367348,5.204670242406092
642370,220508,1147243,1367751,5.20272733869066
642395,220515,1147261,1367776,5.2026438110786115
642830,220515,1148028,1368543,5.206122032514795
643592,220515,1149623,1370138,5.213355100560053
643631,220529,1149651,1370180,5.213151104843354
643660,220554,1149681,1370235,5.212696210451862
643968,220565,1150392,1370957,5.215659782830458
644028,220577,1150551,1371128,5.216096873200741
644064,220584,1150599,1371183,5.216148950059841
644102,220591,1150617,1371208,5.21606502531835
644137,220618,1150707,1371325,5.21583461004995
644161,220618,1150762,1371380,5.216083909744445
644422,220737,1151194,1371931,5.215228982907261
644453,220737,1151248,1371985,5.215473617925404
644468,220744,1151268,1372012,5.215398833037365
644896,221227,1152448,1373675,5.209346056313199
644932,221236,1152469,1373705,5.209229058561898
645032,221236,1152810,1374046,5.210770399030899
645062,221253,1152851,1374104,5.2105553371027735
645083,221277,1152878,1374155,5.210112212294996
645127,221308,1152932,1374240,5.209626403022033
646440,221411,1157810,1379221,5.229234319884739
646462,221413,1157817,1379230,5.22921869989567
646485,221427,1157841,1379268,5.228996463845872
646515,221427,1157858,1379285,5.229073238584274
646571,221444,1157911,1379355,5.228911146836221
646740,221444,1158279,1379723,5.230572966528784
646857,221479,1158348,1379827,5.23005792874268
646894,221504,1158434,1379938,5.229855894250217
647081,221611,1158855,1380466,5.229230498486086
647097,221613,1158879,1380492,5.229291602929431
647103,221617,1158894,1380511,5.22926490296322
647222,221617,1159164,1380781,5.230483221052537
647235,221624,1159208,1380832,5.230516550554092
647519,221660,1159494,1381154,5.2309573220247225
647523,221661,1159500,1381161,5.23096079147888
647557,221672,1159555,1381227,5.230949330542423
647635,221688,1159584,1381272,5.2307026090722095
647794,221688,1159584,1381272,5.2307026090722095
648049,221849,1159955,1381804,5.228578898259627
648070,221849,1159987,1381836,5.228723140514494
648092,221851,1159994,1381845,5.228707555972251
648344,221885,1160341,1382226,5.229470221060459
648386,221914,1160479,1382393,5.229408689852826
648461,221914,1160646,1382560,5.230161233631046
648486,221928,1160706,1382634,5.230101654590678
648518,221955,1160768,1382723,5.229744768083621
649106,222013,1161574,1383587,5.232008936413633
649113,222015,1161575,1383590,5.231966308582753
649163,222034,1161641,1383675,5.231815848023276
649170,222035,1161647,1383682,5.231819307766793
649173,222036,1161650,1383686,5.23180925615666
649392,222167,1162108,1384275,5.230785850283795
649501,222278,1162356,1384634,5.229289448348465
649566,222318,1162465,1384783,5.228838870446838
649594,222339,1162526,1384865,5.228619360526044
649626,222350,1162597,1384947,5.228680008994828
649629,222350,1162606,1384956,5.228720485720711
649910,222433,1162884,1385317,5.228019223766258
649948,222443,1162934,1385377,5.22800897308524
650969,222710,1163876,1386586,5.225970993668897
651016,222731,1163977,1386708,5.225931729305755
651027,222733,1164000,1386733,5.225988066429312
651061,222750,1164023,1386773,5.225692480359147
651254,222750,1164467,1387217,5.227685746352413
651263,222752,1164490,1387242,5.227742062921994
651456,222752,1164584,1387336,5.228164056888378
652975,223479,1166928,1390407,5.221644986777281
653021,223479,1166960,1390439,5.221788176965173
653394,223479,1167585,1391064,5.224584860322446
653456,223496,1167715,1391211,5.224769123384759
653653,223532,1168143,1391675,5.2258423849829105
653689,223532,1168194,1391726,5.22607054023585
654961,224648,1171723,1396371,5.215817634699619
654970,224650,1171739,1396389,5.215842421544625
655038,224650,1171851,1396501,5.216340974849766
655076,224663,1171918,1396581,5.21633735862158
656283,225043,1175640,1400683,5.224068289171403
656353,225043,1175768,1400811,5.224637069360078
656367,225061,1175802,1400863,5.224370281834703
656422,225080,1175884,1400964,5.224293584503288
656676,225201,1176359,1401560,5.22359580996532
656797,225203,1176716,1401919,5.225134656287882
656876,225231,1176853,1402084,5.225093348606542
656965,225289,1176995,1402284,5.224378464993852
657481,225576,1177719,1403295,5.2209410575593145
657583,225646,1178004,1403650,5.220584455297235
657612,225657,1178023,1403680,5.220414168406032
657657,225658,1178159,1403817,5.220993716154535
657666,225661,1178167,1403828,5.220959758221403
657708,225691,1178253,1403944,5.220646813563678
657763,225739,1178341,1404080,5.219926552345851
657773,225739,1178370,1404109,5.220055019292191
657851,225756,1178418,1404174,5.219874554829108
657981,225807,1178596,1404403,5.219483895539111
658453,225839,1179570,1405409,5.223057133621739
658550,225871,1179681,1405552,5.222808594286119
659745,226274,1180994,1407268,5.219309332932639
659756,226283,1181020,1407303,5.219216644644096
659820,226302,1181126,1407428,5.219246847133476
659831,226302,1181141,1407443,5.219313130241889
659853,226304,1181162,1407466,5.219359799208145
659900,226344,1181220,1407564,5.218693669812321
659945,226355,1181312,1407667,5.2188465021757855
659960,226365,1181327,1407692,5.218682216773795
660120,226457,1181492,1407949,5.2172906997796495
660313,226457,1181936,1408393,5.219251336898396
661232,226528,1183257,1409785,5.223446991100438
661351,226592,1183544,1410136,5.223238243185991
661392,226598,1183616,1410214,5.223417682415556
661614,226711,1184060,1410771,5.22277260476995
661654,226735,1184089,1410824,5.222347674598099
661675,226747,1184130,1410877,5.222252113589154
661748,226773,1184202,1410975,5.221970869547962
661815,226799,1184257,1411056,5.22161473375103
661830,226799,1184282,1411081,5.221724963513949
661871,226820,1184342,1411162,5.221506040031743
661950,226823,1184600,1411423,5.222574430282643
662039,226872,1184778,1411650,5.222231037765789
663111,227125,1187169,1414294,5.22694111172262
663171,227145,1187270,1414415,5.2269255321490675
663178,227149,1187290,1414439,5.2269215360842445
663199,227158,1187324,1414482,5.226864121008285
663218,227172,1187357,1414529,5.226687267797088
663232,227184,1187374,1414558,5.226486020142263
663262,227193,1187409,1414602,5.226433032707874
663291,227202,1187460,1414662,5.226450471386696
663292,227202,1187462,1414664,5.226459274126108
663446,227264,1187866,1415130,5.226811109546607
663466,227270,1187884,1415154,5.226752321027853
663504,227292,1187941,1415233,5.22649719303803
664090,227455,1188835,1416290,5.226682200874898
664436,227463,1189157,1416620,5.227913990407231
664487,227495,1189228,1416723,5.227490714081628
664897,227495,1190083,1417578,5.231249038440406
664942,227524,1190215,1417739,5.231162426820907
664963,227533,1190253,1417786,5.231122518491823
664998,227539,1190335,1417874,5.231344956249258
665204,227624,1190699,1418323,5.230990580958071
665238,227624,1190699,1418323,5.230990580958071
665327,227659,1190887,1418546,5.2310121717129565
665373,227670,1190972,1418642,5.231132779900734
665455,227679,1191122,1418801,5.231584818977596
665511,227686,1191147,1418833,5.23153377897631
665573,227694,1191288,1418982,5.231969221850378
665575,227697,1191300,1418997,5.231952990157973
665787,227762,1191738,1419500,5.232382926036828
665910,227846,1191997,1419843,5.231590635780308
666227,228024,1192479,1420503,5.229620566256184
666425,228024,1192618,1420642,5.230230151212153
666509,228024,1192742,1420766,5.230773953618917
666574,228034,1192792,1420826,5.230763833463431
666970,228064,1193841,1421905,5.234675354286516
666973,228064,1193850,1421914,5.234714816893503
666993,228066,1193857,1421923,5.2346996045004515
667073,228156,1194044,1422200,5.2334543031960585
667080,228156,1194044,1422200,5.2334543031960585
667162,228185,1194288,1422473,5.233858492013059
667292,228185,1194288,1422473,5.233858492013059
667317,228195,1194334,1422529,5.233830714958698
667385,228234,1194446,1422680,5.23342709675158
667462,228237,1194599,1422836,5.234028663187827
667573,228237,1194704,1422941,5.234488711295715
667577,228237,1194709,1422946,5.234510618348471
667914,228447,1195307,1423754,5.232316467276874
668152,228598,1195688,1424286,5.230526951241918
668172,228609,1195717,1424326,5.230402127650268
668186,228620,1195739,1424359,5.2302466975767645
668202,228620,1195765,1424385,5.230360423410025
668265,228641,1195799,1424440,5.230028735003783
668309,228668,1195864,1424532,5.229695453670824
668332,228676,1195932,1424608,5.229809861988141
668350,228676,1195975,1424651,5.229997900960311
668357,228676,1195975,1424651,5.229997900960311
668399,228701,1196038,1424739,5.229701662869861
668423,228706,1196116,1424822,5.229928379666472
668435,228706,1196139,1424845,5.230028945458361
668491,228724,1196256,1424980,5.230128888966615
668530,228739,1196281,1425020,5.22989520807558
668562,228743,1196342,1425085,5.2300704283846935
668585,228749,1196381,1425130,5.230103738158419
668613,228762,1196409,1425171,5.2299289217614815
668650,228787,1196455,1425242,5.229558497641912
668732,228832,1196548,1425380,5.228936512375891
668753,228838,1196571,1425409,5.228899920467755
668878,228848,1197042,1425890,5.230729567223659
669052,228906,1197231,1426137,5.230229876018977
669614,229011,1197710,1426721,5.229923453458568
669641,229024,1197763,1426787,5.229858006147827
669658,229032,1197807,1426839,5.22986744210416
669723,229049,1197871,1426920,5.229758697920532
670101,229262,1198498,1427760,5.227634758485924
670143,229283,1198565,1427848,5.227448175398961
672499,229397,1201606,1431003,5.238106862775014
672660,229472,1201837,1431309,5.237401513038628
672705,229488,1201902,1431390,5.237319598410374
672929,229659,1202179,1431838,5.2346261195947035
672990,229681,1202250,1431931,5.234433845202695
673188,229715,1202730,1432445,5.235748645060183
673268,229760,1202881,1432641,5.235380396935933
673298,229770,1202929,1432699,5.235361448404927
673346,229777,1202941,1432718,5.235254181227886
673604,229808,1203215,1433023,5.2357402701385505
673781,229896,1203508,1433404,5.235010613494798
674044,229959,1203936,1433895,5.235437621489048
674055,229966,1203973,1433939,5.235439151874625
674073,229975,1204010,1433985,5.235395151646918
674109,229975,1204039,1434014,5.235521252310034
674122,229984,1204069,1434053,5.235446813691388
674131,229986,1204089,1434075,5.235488247110694
674174,229994,1204176,1434170,5.2356844091585
674628,230220,1204812,1435032,5.233307271305708
674638,230224,1204821,1435045,5.233255438181945
674648,230224,1204831,1435055,5.233298874139968
674678,230224,1204851,1435075,5.233385746056015
674860,230279,1205070,1435349,5.233086820769588
674893,230303,1205132,1435435,5.232810688527723
675102,230362,1205333,1435695,5.232343007961383
675998,230553,1206855,1437408,5.234609829410157
676098,230558,1206868,1437426,5.234552693899149
676129,230568,1206930,1437498,5.234594566461955
676162,230584,1206990,1437574,5.234491551885647
676196,230591,1207015,1437606,5.234441066650477
676253,230600,1207126,1437726,5.234718126626192
677272,230808,1208423,1439231,5.235620082492808
677546,230922,1209126,1440048,5.236079715228518
677576,230931,1209164,1440095,5.236040202484725
677619,230970,1209212,1440182,5.235363900073603
677627,230970,1209212,1440182,5.235363900073603
677647,230993,1209255,1440248,5.235028767105497
677746,231137,1209453,1440590,5.232623941644999
677811,231137,1209596,1440733,5.233242622340863
677859,231156,1209625,1440781,5.23293792936372
677888,231162,1209645,1440807,5.232888623562697
678286,231217,1210803,1442020,5.236652149279681
678436,231265,1211049,1442314,5.236628975417811
678490,231294,1211090,1442384,5.236149662334518
678538,231304,1211197,1442501,5.2363858817832805
678584,231321,1211284,1442605,5.236377155554403
678606,231329,1211312,1442641,5.236317106804594
678734,231414,1211521,1442935,5.235296913756298
678823,231436,1211595,1443031,5.235118996180369
678844,231444,1211617,1443061,5.235033096558995
679182,231578,1211958,1443536,5.233476409676221
679193,231578,1211968,1443546,5.233519591671056
679299,231629,1212085,1443714,5.232872395080063
679300,231629,1212087,1443716,5.232881029577471
679307,231631,1212087,1443718,5.232835846669919
679317,231631,1212103,1443734,5.2329049220527475
679443,231684,1212250,1443934,5.232342328343779
679480,231708,1212307,1444015,5.23204636870544
679520,231722,1212357,1444079,5.231946038787858
679550,231738,1212404,1444142,5.231787622228551
679582,231750,1212462,1444212,5.231766990291262
679661,231833,1212623,1444456,5.230588397682815
679949,231842,1214401,1446243,5.238054364610381
679958,231845,1214416,1446261,5.238051284263193
679989,231845,1214455,1446300,5.238219500097047
680002,231851,1214468,1446319,5.238140012335508
680044,231863,1214530,1446393,5.238136313253947
680174,231864,1214915,1446779,5.239774177966394
680225,231914,1215010,1446924,5.2390541321351884
680302,231914,1215029,1446943,5.239136059056374
680328,231928,1215066,1446994,5.23897933841537
680398,231948,1215186,1447134,5.239044958352734
680439,231964,1215231,1447195,5.2388775844527595
680585,232056,1215651,1447707,5.23861050780846
680620,232086,1215740,1447826,5.238316830829951
680693,232131,1215833,1447964,5.237701987239964
680871,232282,1216193,1448475,5.235846944662092
680895,232292,1216237,1448529,5.2358109620649875
680918,232305,1216292,1448597,5.235754719011644
680942,232326,1216370,1448696,5.235617193082135
680946,232330,1216378,1448708,5.235561485817587
681100,232413,1216720,1449133,5.235163265393933
681198,232490,1216889,1449379,5.234156307798185
681286,232543,1217094,1449637,5.233844923304507
681723,232543,1217094,1449637,5.233844923304507
681754,232561,1217146,1449707,5.233663425939861
681824,232561,1217283,1449844,5.23425251869402
681836,232561,1217308,1449869,5.234360017371786
682124,232760,1217666,1450426,5.231422924901186
682136,232765,1217682,1450447,5.231379288123215
682359,232844,1217905,1450749,5.230562093075192
682447,232904,1218016,1450920,5.229691203242537
682484,232940,1218098,1451038,5.229234996136344
682487,232940,1218103,1451043,5.229256460891216
682507,232949,1218137,1451086,5.229200382916432
682526,232957,1218150,1451107,5.22907661070498
682592,232982,1218270,1451252,5.2290305688851495
682681,233015,1218564,1451579,5.229551745595777
682692,233018,1218576,1451594,5.229535915680334
682746,233038,1218684,1451722,5.229550545404612
682833,233055,1218837,1451892,5.229825577653344
682909,233081,1218895,1451976,5.229491035305323
683394,233410,1220008,1453418,5.22688830812733
683402,233410,1220027,1453437,5.226969709952444
683426,233422,1220052,1453474,5.226808098636804
683470,233464,1220121,1453585,5.2261633485248264
683501,233477,1220173,1453650,5.226095075746219
684237,233561,1221739,1455300,5.2309204019506685
684311,233603,1221885,1455488,5.230604915176603
684342,233623,1221955,1455578,5.230456761534609
685646,233855,1223865,1457720,5.233435248337645
685733,233892,1223965,1457857,5.233034904998888
685772,233902,1224024,1457926,5.23306341972279
685810,233911,1224103,1458014,5.2331998067641115
685886,233981,1224219,1458200,5.232129959270197
686207,233981,1224836,1458817,5.234766925519594
686574,234169,1225629,1459798,5.233950693729742
686595,234178,1225646,1459824,5.23382213529879
687228,234455,1226240,1460695,5.230172101256104
687258,234473,1226282,1460755,5.229949717024988
687271,234490,1226302,1460792,5.229655848863491
687414,234610,1226591,1461201,5.228212778653936
687551,234641,1227143,1461784,5.2298745743497514
687569,234646,1227156,1461802,5.2298185351550845
687661,234693,1227259,1461952,5.2292100744376695
687722,234711,1227322,1462033,5.229077461218264
687748,234724,1227370,1462094,5.228992348460319
687767,234729,1227408,1462137,5.229042853673811
687789,234745,1227457,1462202,5.228895184135977
687864,234745,1227554,1462299,5.229308398474941
688161,234891,1227971,1462862,5.22783333546198
688186,234899,1228015,1462914,5.227842604693932
688461,234900,1228031,1462931,5.22788846317582
688878,234902,1228992,1463894,5.231935019710347
688941,234922,1229104,1464026,5.2319663547901
689214,235100,1229521,1464621,5.2297788175244575
689250,235120,1229574,1464694,5.229559373936713
689603,235142,1230382,1465524,5.232506315332863
689615,235147,1230398,1465545,5.2324630975517445
689669,235188,1230488,1465676,5.231933602054527
689682,235192,1230512,1465704,5.231946664852546
689717,235225,1230586,1465811,5.231527261132958
690152,235225,1231353,1466578,5.234787968965883
690181,235237,1231397,1466634,5.234707975361019
690320,235347,1231692,1467039,5.233514767555992
690874,235544,1232185,1467729,5.231230683014639
690888,235550,1232232,1467782,5.231296964551051
691342,235564,1232743,1468307,5.233155320846988
691361,235575,1232767,1468342,5.23301284092115
691375,235580,1232796,1468376,5.233024874777146
691568,235580,1232890,1468470,5.233423889973682
691571,235583,1232896,1468479,5.233382714372429
691585,235594,1232917,1468511,5.233227501549275
691620,235616,1232981,1468597,5.233010491647426
691679,235638,1233067,1468705,5.232886885816379
691728,235647,1233119,1468766,5.2329076966819015
691998,235734,1233435,1469169,5.232316933492835
692046,235743,1233516,1469259,5.232460772960385
693781,236212,1234874,1471086,5.227820771171659
693800,236234,1234905,1471139,5.227465140496288
694699,236698,1236434,1473132,5.223677428622126
694715,236705,1236454,1473159,5.223607443864726
694732,236711,1236472,1473183,5.223551081276324
694739,236716,1236482,1473198,5.223482992277666
694762,236737,1236506,1473243,5.223121016148722
694807,236746,1236616,1473362,5.223387089961393
695091,236864,1236862,1473726,5.221823493650365
695124,236864,1236935,1473799,5.222131687381789
695135,236873,1236952,1473825,5.222005040675805
695147,236873,1236986,1473859,5.222148577507778
695152,236873,1237012,1473885,5.222258340967523
695156,236882,1237024,1473906,5.222110586705617
695169,236891,1237033,1473924,5.221950179618474
695186,236894,1237055,1473949,5.2219769179464235
697408,237017,1239459,1476476,5.229409704789108
697445,237039,1239514,1476553,5.229156383548699
697465,237050,1239539,1476589,5.229019194262814
697546,237085,1239668,1476753,5.228791361747897
697561,237092,1239692,1476784,5.228738211327249
697949,237175,1240718,1477893,5.2312343206493095
714285,237175,1272831,1510006,5.366632233582798
714293,237182,1272860,1510042,5.36659611606277
714358,237206,1272958,1510164,5.366466278256031
714481,237259,1273164,1510423,5.366135741952887
714482,237259,1273166,1510425,5.366144171559351
714744,237478,1273695,1511173,5.363423138143323
714761,237495,1273727,1511222,5.363173961557085
714786,237518,1273752,1511270,5.36275987504105
714798,237524,1273783,1511307,5.362754921607921
714868,237550,1273899,1511449,5.362656282887813
714909,237561,1273921,1511482,5.362500578798708
714958,237570,1273941,1511511,5.362381613840132
716839,237979,1277603,1515582,5.368553527832288
717093,237979,1278240,1516219,5.371230234600532
717141,238024,1278395,1516419,5.370865963096159
717262,238024,1278609,1516633,5.371765032097604
717291,238039,1278637,1516676,5.371544158730292
717312,238039,1278669,1516708,5.371678590483072
717341,238054,1278728,1516782,5.371587959034505
717404,238064,1278802,1516866,5.371673163519054
717428,238081,1278850,1516931,5.371491215174667
717441,238090,1278873,1516963,5.37138477046495
717599,238250,1279195,1517445,5.36912906610703
717616,238273,1279228,1517501,5.368749291778758
717619,238273,1279237,1517510,5.368787063578332
717643,238273,1279269,1517542,5.368921363310153
717833,238391,1279547,1517938,5.367429978480732
717837,238391,1279556,1517947,5.367467731583827
717990,238444,1279848,1518292,5.367499287044337
718034,238474,1279924,1518398,5.36714274931439
718141,238524,1280052,1518576,5.366554309000352
718155,238524,1280066,1518590,5.366613003303651
718240,238530,1280164,1518694,5.366888860939924
718634,238543,1280924,1519467,5.369782387242552
718839,238602,1281381,1519983,5.370369904694847
718921,238627,1281491,1520118,5.370268242906293
718952,238634,1281543,1520177,5.370328620397764
718969,238644,1281562,1520206,5.370183201756592
718989,238663,1281584,1520247,5.3698478607911575
719031,238685,1281653,1520338,5.369641996773991
719082,238724,1281711,1520435,5.369007724401401
719144,238727,1281725,1520452,5.3689988983231896
719154,238727,1281741,1520468,5.369065920486581
719201,238758,1281832,1520590,5.368749947645734
719375,238853,1282007,1520860,5.367347280544938
719388,238855,1282033,1520888,5.367411190889871
719395,238862,1282044,1520906,5.367299947249877
719633,238945,1282303,1521248,5.36651949193329
719763,238946,1282688,1521634,5.368108275509948
719772,238952,1282739,1521691,5.368186916200743
720355,238952,1283953,1522905,5.373267434463825
720375,238961,1283996,1522957,5.373245006507338
720413,238961,1284087,1523048,5.373625821786819
720478,238990,1284169,1523159,5.373316875183062
720489,238992,1284192,1523184,5.3733681462141
721465,238992,1285762,1524754,5.379937403762469
721472,238992,1285767,1524759,5.379958324964853
721508,239010,1285831,1524841,5.379820927994644
721633,239068,1286053,1525121,5.379444342195526
721634,239068,1286055,1525123,5.379452708016129
721658,239068,1286087,1525155,5.379586561145783
721773,239091,1286216,1525307,5.379608600909277
722079,239202,1286699,1525901,5.379131445389253
722102,239213,1286749,1525962,5.379093109488196
722116,239224,1286792,1526016,5.379025515834532
722144,239242,1286823,1526065,5.3787503866377975
722250,239277,1287004,1526281,5.378720060849977
722274,239277,1287025,1526302,5.3788078252402025
722290,239290,1287067,1526357,5.378691127920097
722292,239292,1287067,1526359,5.378646172876652
722299,239295,1287072,1526367,5.378599636432019
722314,239297,1287117,1526414,5.378742733924788
722320,239301,1287119,1526420,5.378661184031826
722574,239348,1287816,1527164,5.380517071377241
722649,239348,1287913,1527261,5.380922339021007
723156,239691,1288701,1528392,5.3765097563112505
723195,239696,1288717,1528413,5.376464354849476
723294,239737,1288805,1528542,5.375911936830777
723492,239836,1289101,1528937,5.374927033472873
723523,239848,1289119,1528967,5.374733164337414
723547,239864,1289157,1529021,5.374533068738952
723587,239877,1289192,1529069,5.374387707033188
723608,239878,1289234,1529112,5.374540391365611
723624,239878,1289247,1529125,5.374594585581003
723777,239956,1289460,1529416,5.373735184783877
723945,239967,1289647,1529614,5.37426812853434
723989,239980,1289688,1529668,5.3741478456538045
724003,239984,1289721,1529705,5.374195779718648
724237,240148,1290019,1530167,5.371766577277346
724279,240181,1290110,1530291,5.371407396921488
724281,240183,1290110,1530293,5.371362669297993
724296,240190,1290129,1530319,5.371285232524252
724333,240214,1290205,1530419,5.371064967071028
724336,240214,1290212,1530426,5.37109410775392
724566,240308,1290420,1530728,5.369858681358923
724607,240308,1290420,1530728,5.369858681358923
724632,240315,1290449,1530764,5.369822940723633
724643,240320,1290459,1530779,5.369752829560586
725341,240333,1292342,1532675,5.377297333283402
725383,240386,1292440,1532826,5.376519431248076
725408,240397,1292485,1532882,5.376460604749643
725443,240409,1292548,1532957,5.376454292476571
727006,240552,1294249,1534801,5.380329409025907
727241,240664,1294964,1535628,5.380796463118705
727852,240930,1295788,1536718,5.37827584775661
727950,240975,1295996,1536971,5.3781346612719165
727996,240997,1296104,1537101,5.378091843466931
728169,241064,1296462,1537526,5.3780821690505425
728351,241191,1296879,1538070,5.376979240518925
729082,241278,1297636,1538914,5.378177869511518
729111,241299,1297691,1538990,5.377937745286967
729226,241299,1297949,1539248,5.379006958172226
729337,241299,1298206,1539505,5.380072026821495
729394,241299,1298296,1539595,5.380445008060539
729510,241299,1298421,1539720,5.38096303755921
729531,241301,1298421,1539722,5.380918437967518
729538,241305,1298431,1539736,5.380870682331489
729559,241313,1298501,1539814,5.3809823755868935
729563,241317,1298514,1539831,5.380947053046408
729621,241330,1298542,1539872,5.380773215099656
729730,241330,1298740,1540070,5.381593668420835
729811,241354,1298857,1540211,5.381543293253893
729982,241416,1299032,1540448,5.380886105311992
730043,241449,1299175,1540624,5.380742931219429
730089,241481,1299247,1540728,5.380328058936314
730128,241481,1299363,1540844,5.380808427992265
730195,241481,1299436,1540917,5.381110729208509
730242,241512,1299547,1541059,5.380879625028984
730266,241533,1299583,1541116,5.380560834337337
730399,241602,1299685,1541287,5.379446362198989
730441,241631,1299740,1541371,5.379028353150051
730445,241631,1299744,1541375,5.379044907317356
730556,241631,1299782,1541413,5.37920217190675
730810,241631,1300419,1542050,5.381838423050023
730851,241637,1300440,1542077,5.381791695808175
730955,241666,1300525,1542191,5.381497604131321
733577,242148,1307972,1550120,5.4015395543221505
733606,242159,1308052,1550211,5.401624552463464
733813,242269,1308482,1550751,5.40094688135915
733928,242293,1308753,1551046,5.4015303785086655
733966,242296,1308853,1551149,5.401876217519067
734000,242316,1308874,1551190,5.401517027352713
734032,242334,1308961,1551295,5.401474824003235
734136,242378,1309130,1551508,5.40119152728383
734177,242394,1309192,1551586,5.401090786075563
734267,242470,1309355,1551825,5.4000701117664045
734273,242470,1309366,1551836,5.400115478203489
734283,242470,1309382,1551852,5.40018146574834
734320,242484,1309429,1551913,5.400063509344946
734341,242500,1309463,1551963,5.399847422680413
734489,242592,1309682,1552274,5.398702347975201
734497,242596,1309685,1552281,5.398625698692476
734555,242609,1309717,1552326,5.398468317333652
734863,242692,1309962,1552654,5.397631565935424
734876,242698,1309983,1552681,5.397584652531129
735016,242698,1310244,1552942,5.398660063123717
735047,242698,1310392,1553090,5.399269874494228
735071,242726,1310458,1553184,5.398918945642412
735174,242751,1310536,1553287,5.398684248468595
735198,242759,1310573,1553332,5.3986587520957
735214,242759,1310596,1553355,5.398753496265844
735243,242766,1310637,1553403,5.3987667136254665
735280,242789,1310692,1553481,5.39848180930767
735281,242789,1310694,1553483,5.398490046913163
735312,242789,1310743,1553532,5.398691868247738
735538,242791,1310778,1553569,5.398791553228909
735546,242791,1310778,1553569,5.398791553228909
735573,242806,1310812,1553618,5.398598057708623
735671,242807,1311101,1553908,5.399766069347259
735698,242807,1311139,1553946,5.399922572248741
735711,242814,1311147,1553961,5.399799846796313
735762,242840,1311241,1554081,5.399608795915006
735811,242854,1311340,1554194,5.3997051726551755
735871,242854,1311382,1554236,5.399878116069737
735879,242857,1311402,1554259,5.399893764643391
735997,242857,1311629,1554486,5.400828471075571
736142,242905,1311845,1554750,5.400650460056401
736167,242921,1311873,1554794,5.400410009838589
736187,242921,1311894,1554815,5.400496457696123
736467,242937,1312341,1555278,5.401980760444066
736514,242945,1312352,1555297,5.401848154932186
736526,242951,1312369,1555320,5.401784722022136
736544,242958,1312389,1555347,5.401711406909836
737654,243420,1314368,1557788,5.399589187412702
737657,243421,1314375,1557796,5.399595762074759
737680,243424,1314401,1557825,5.3996360260286576
737701,243432,1314456,1557888,5.399684511485754
737709,243432,1314456,1557888,5.399684511485754
737710,243432,1314458,1557890,5.399692727332479
737977,243538,1315139,1558677,5.400138787376098
738017,243568,1315216,1558784,5.399789791762465
738022,243570,1315220,1558790,5.399761875436219
738023,243570,1315222,1558792,5.399770086628074
739621,243577,1318397,1561974,5.412649798626307
739657,243602,1318441,1562043,5.412274940271426
739829,243665,1318682,1562347,5.411864650237006
739902,243707,1318811,1562518,5.41146130394285
739934,243713,1318861,1562574,5.41153323786585
739981,243713,1318955,1562668,5.411918937438709
740001,243718,1318983,1562701,5.411922796018349
740058,243753,1319071,1562824,5.411506730173578
740647,243786,1319627,1563413,5.4130548924056345
740692,243817,1319779,1563596,5.412990070421669
740715,243828,1319799,1563627,5.412827895073576
740793,243852,1320079,1563931,5.413443400095139
740811,243861,1320143,1564004,5.41350605467869
740868,243865,1320155,1564020,5.4134664671027
740902,243865,1320231,1564096,5.413778114940643
740938,243879,1320277,1564156,5.413655952337019
741075,243905,1320497,1564402,5.413980853201042
741113,243934,1320571,1564505,5.413640574909607
741389,244073,1321051,1565124,5.412524121881568
741394,244073,1321062,1565135,5.412569190365177
741397,244073,1321071,1565144,5.41260606457904
741413,244073,1321097,1565170,5.412712590085753
741437,244084,1321125,1565209,5.412583372937186
741446,244085,1321151,1565236,5.4126677182129175
741493,244102,1321250,1565352,5.412696331861271
741539,244115,1321345,1565460,5.412797247199066
741728,244147,1321690,1565837,5.413500882664952
741931,244147,1322189,1566336,5.415544733295924
742439,244163,1323075,1567238,5.418818576115136
742605,244163,1323391,1567554,5.420112793502701
742636,244185,1323483,1567668,5.420001228576694
742669,244198,1323535,1567733,5.419925634116577
742705,244212,1323590,1567802,5.419840138895713
742728,244227,1323611,1567838,5.419593247265864
742819,244264,1323833,1568097,5.419681164641536
742919,244314,1323999,1568313,5.419251455094673
743075,244343,1324113,1568456,5.419074825143343
743100,244343,1324138,1568481,5.41917714033142
743103,244343,1324158,1568501,5.41925899248188
743116,244357,1324207,1568564,5.419149031949156
743133,244360,1324222,1568582,5.419143886069733
743163,244378,1324289,1568667,5.419018896954718
743509,244378,1324619,1568997,5.420369264009035
743515,244381,1324634,1569015,5.420364103592341
743531,244390,1324670,1569060,5.42031179671836
743563,244414,1324802,1569216,5.420319621625603
743609,244442,1324867,1569309,5.419964654191997
743831,244655,1325355,1570010,5.417240604116
743851,244664,1325370,1570034,5.417102638720858
743885,244679,1325404,1570083,5.416909501837101
743888,244679,1325411,1570090,5.416938110749186
745520,245553,1333017,1578570,5.4286325151800225
745540,245591,1333074,1578665,5.428024642596838
745568,245610,1333114,1578724,5.427767599039127
745594,245619,1333156,1578775,5.427739710690134
745720,245741,1333384,1579125,5.4259728738794095
745747,245748,1333440,1579188,5.4260461936618
745805,245768,1333580,1579348,5.4261742781810485
745858,245792,1333690,1579482,5.42609198021091
745975,245859,1333822,1579681,5.425150187709216
745997,245865,1333842,1579707,5.425099139771826
746008,245865,1333852,1579717,5.425139812498729
746572,246116,1334582,1580698,5.42257309561345
746606,246139,1334651,1580790,5.422346722786718
746626,246149,1334686,1580835,5.422268625913572
746754,246185,1334922,1581107,5.422434348152812
746822,246195,1335054,1581249,5.422750258941083
746834,246198,1335085,1581283,5.422810095939041
746865,246206,1335111,1581317,5.422739494569588
747707,246467,1336286,1582753,5.42176437413528
747736,246484,1336336,1582820,5.421593288002467
747737,246484,1336336,1582820,5.421593288002467
747979,246631,1336773,1583404,5.420133722038186
747999,246632,1336813,1583445,5.420273930390217
748069,246641,1336860,1583501,5.420266703427249
748116,246670,1336918,1583588,5.419864596424373
748149,246675,1337022,1583697,5.420176345393736
748166,246682,1337059,1583741,5.420172529815714
748280,246708,1337337,1584045,5.420728148256238
749028,246721,1339171,1585892,5.427876021903283
749239,246784,1339296,1586080,5.426996887966805
749256,246794,1339324,1586118,5.426890443041565
749421,246829,1339633,1586462,5.427372796551459
749584,246935,1339854,1586789,5.425937999878511
749677,246963,1339938,1586901,5.425662953559845
749678,246963,1339940,1586903,5.425671051938955
749708,246976,1340075,1587051,5.425932074371599
749717,246980,1340084,1587064,5.425880638108349
749777,247003,1340130,1587133,5.425561632854662
749833,247020,1340180,1587200,5.425390656626994
749904,247073,1340267,1587340,5.42457897058764
749916,247073,1340296,1587369,5.4246963448049765
750076,247073,1340572,1587645,5.425813423563077
750221,247150,1340877,1588027,5.425357070604896
750275,247175,1340962,1588137,5.425152220086983
750299,247186,1340995,1588181,5.425044298625327
750330,247198,1341062,1588260,5.425051982621219
750371,247207,1341123,1588330,5.4251012309521975
750424,247239,1341236,1588475,5.424856110888654
750678,247239,1341832,1589071,5.427266733808177
750681,247239,1341837,1589076,5.427286957154818
750809,247337,1342156,1589493,5.426426292871669
750910,247397,1342399,1589796,5.426092474848119
750940,247397,1342476,1589873,5.426403715485637
751123,247529,1342830,1590359,5.424940108027746
751211,247574,1342955,1590529,5.424458949647378
751285,247584,1343084,1590668,5.4247608892335535
751501,247744,1343521,1591265,5.423021344613795
751583,247784,1343595,1591379,5.422444548477706
751653,247806,1343669,1591475,5.422261769287265
751670,247812,1343724,1591536,5.422352428453828
752097,247927,1344152,1592079,5.42156360541611
752265,247974,1344543,1592517,5.422112802148613
752267,247974,1344547,1592521,5.422128932871995
752402,248006,1344698,1592704,5.42203817649573
752465,248021,1344829,1592850,5.422238439486979
752505,248023,1344832,1592855,5.422206811465066
752567,248076,1345077,1593153,5.422035988971122
752604,248083,1345130,1593213,5.422096637012613
752703,248167,1345371,1593538,5.421232476517829
752732,248190,1345412,1593602,5.420895281840526
752733,248192,1345417,1593609,5.420871744455905
752766,248225,1345479,1593704,5.420400846006647
752810,248247,1345594,1593841,5.4203837307198075
752836,248259,1345668,1593927,5.420419803511655
752897,248279,1345756,1594035,5.420337604066393
752961,248319,1345868,1594187,5.419915511902029
752985,248319,1345898,1594217,5.420036324244218
752995,248324,1345919,1594243,5.420011758831205
753416,248426,1346702,1595128,5.420938227077681
753616,248426,1347142,1595568,5.422709378245433
753898,248576,1347693,1596269,5.4216537397013385
754042,248576,1347868,1596444,5.422357749742534
754084,248594,1347950,1596544,5.422294987006927
754178,248594,1348077,1596671,5.422805860157526
754204,248606,1348149,1596755,5.422833720827334
754275,248633,1348270,1596903,5.422731495819139
754284,248635,1348291,1596926,5.422772336959801
754874,249083,1350254,1599337,5.4208998606890075
754963,249097,1350335,1599432,5.420920364356054
755014,249118,1350435,1599553,5.420864811053397
755196,249118,1350979,1600097,5.42304851516149
755207,249131,1350991,1600122,5.422813700422669
755292,249196,1351103,1600299,5.421848665307629
755358,249247,1351236,1600483,5.421272873896175
755568,249266,1351864,1601130,5.423379040863977
755588,249275,1351899,1601174,5.423323638551801
755630,249283,1351922,1601205,5.423241857647734
755650,249290,1351945,1601235,5.42318183641542
756459,249897,1354294,1604191,5.419408796424126
756466,249901,1354301,1604202,5.419350062624799
756554,249961,1354467,1604428,5.418713319277807
756565,249961,1354477,1604438,5.4187533255187805
756586,249972,1354505,1604477,5.418626886211256
756652,250011,1354703,1604714,5.418573582762359
757026,250108,1355277,1605385,5.41876709261599
757135,250156,1355402,1605558,5.4182270263355665
757178,250189,1355526,1605715,5.418007985962612
757199,250200,1355584,1605784,5.418001598721023
757235,250216,1355634,1605850,5.417854973303066
757269,250216,1355652,1605868,5.417926911148768
757394,250227,1355816,1606043,5.418344143517686
758418,250604,1357099,1607703,5.415312604746932
758418,250604,1357099,1607703,5.415312604746932
758741,250785,1357535,1608320,5.413142731822079
758779,250798,1357627,1608425,5.413228973117808
758812,250810,1357661,1608471,5.413105538056696
758831,250824,1357699,1608523,5.412954900647466
758922,250891,1357857,1608748,5.412139136118872
759015,250915,1358091,1609006,5.412554052169061
759025,250920,1358124,1609044,5.412577714012434
759099,250944,1358223,1609167,5.412454571537873
759217,250988,1358404,1609392,5.412226879372719
759594,251101,1358707,1609808,5.410997964962306
759614,251105,1358765,1609870,5.411142749049202
760860,251157,1360743,1611900,5.417897968203156
761101,251177,1361208,1612385,5.419317851554879
761230,251178,1361590,1612768,5.4208171097787226
761326,251209,1361844,1613053,5.421159273752135
761462,251214,1362068,1613282,5.421943044575541
761553,251221,1362109,1613330,5.421955170945104
761713,251253,1362346,1613599,5.422207894035096
761945,251269,1362454,1613723,5.422292443556507
761973,251279,1362510,1613789,5.422299515677793
762016,251285,1362587,1613872,5.422476470939372
762035,251291,1362614,1613905,5.422454445244756
762198,251296,1362879,1614175,5.42340108875589
762265,251305,1363204,1614509,5.424500109428782
762279,251305,1363230,1614535,5.4246035693679
762318,251317,1363260,1614577,5.424463924048115
762458,251317,1363625,1614942,5.425916273073449
762884,251708,1364362,1616070,5.42041571980231
763153,251769,1364824,1616593,5.420937446627662
763209,251769,1364894,1616663,5.421215479268695
765165,251769,1368555,1620324,5.435756586394671
765199,251780,1368570,1620350,5.435578679799825
765223,251784,1368583,1620367,5.435543958313475
765285,251823,1368653,1620476,5.434980124929018
765382,251858,1368765,1620623,5.434669536008386
765401,251863,1368803,1620666,5.43471252228394
765470,251911,1368900,1620811,5.434062029843873
765478,251917,1368917,1620834,5.434000087330351
765490,251923,1368940,1620863,5.433961964568539
765542,251950,1369034,1620984,5.433752728716015
765596,251970,1369150,1621120,5.433781799420566
765657,252017,1369237,1621254,5.433113639159263
765714,252046,1369332,1621378,5.432865429326393
765727,252051,1369354,1621405,5.432844940111327
765898,252060,1370349,1622409,5.436598428945489
766026,252062,1370727,1622789,5.4380549229951365
766111,252062,1371175,1623237,5.439832263490729
766115,252062,1371184,1623246,5.439867968991756
766230,252153,1371372,1623525,5.4386503432439826
766241,252157,1371385,1623542,5.43861562439274
766261,252167,1371407,1623574,5.438487193010981
766290,252205,1371498,1623703,5.438028587855118
766300,252205,1371514,1623719,5.438092028310303
766542,252309,1371829,1624138,5.437098954060299
766544,252309,1371834,1624143,5.43711877103076
767536,252670,1373300,1625970,5.435152570546562
767565,252692,1373338,1626030,5.434829753217356
767728,252701,1374267,1626968,5.438312472051951
767805,252755,1374351,1627106,5.4374829380229865
767836,252764,1374411,1627175,5.437526704752259
767880,252782,1374455,1627237,5.437313574542491
767897,252788,1374484,1627272,5.437299238887922
767945,252829,1374559,1627388,5.436714142760522
768011,252844,1374604,1627448,5.436569584407777
768446,252855,1375025,1627880,5.43799806213047
768653,252928,1375608,1628536,5.438733552631579
768690,252933,1375671,1628604,5.438875117125879
768752,252952,1375764,1628716,5.438834245232297
768754,252954,1375764,1628718,5.438791242676534
768813,253000,1375851,1628851,5.438146245059288
768855,253009,1375933,1628942,5.438276899240739
768941,253032,1376023,1629055,5.438138259192513
769100,253131,1376400,1629531,5.437500740723183
769121,253138,1376423,1629561,5.437441237585823
769169,253147,1376444,1629591,5.437330878896452
769191,253158,1376476,1629634,5.437221024024522
769195,253158,1376478,1629636,5.437228924229138
769203,253168,1376491,1629659,5.4370655059091195
769279,253215,1376766,1629981,5.4371423493868845
769331,253228,1376788,1630016,5.4369501003048635
769363,253245,1376834,1630079,5.436766767359671
769466,253328,1377122,1630450,5.436122339417672
769490,253328,1377152,1630480,5.436240762963431
769508,253332,1377155,1630487,5.436166769298786
769518,253332,1377171,1630503,5.436229927525934
769524,253338,1377186,1630524,5.436160386519195
769563,253363,1377244,1630607,5.4358529066990835
769584,253363,1377273,1630636,5.435967366979393
769611,253363,1377323,1630686,5.436164712290271
769784,253472,1377661,1631133,5.435160491099609
769803,253481,1377683,1631164,5.4350543038728745
769863,253497,1377736,1631233,5.434920334362931
770144,253656,1378251,1631907,5.433543854669316
770322,253751,1378622,1632373,5.432971692722393
770991,253935,1379285,1633220,5.431645893634197
771106,253972,1379383,1633355,5.431240451703338
771131,253983,1379435,1633418,5.431209962871531
771318,254060,1379625,1633685,5.430311737384869
771331,254065,1379640,1633705,5.4302639088422255
771362,254077,1379691,1633768,5.430208165241246
771423,254090,1379831,1633921,5.430481325514582
771502,254138,1379972,1634110,5.4300104667542834
771578,254187,1380141,1634328,5.42962858053323
771629,254205,1380219,1634424,5.429550952971027
771782,254205,1380373,1634578,5.430156763242265
771912,254205,1380759,1634964,5.43167522275329
771947,254219,1380806,1635025,5.431560976952942
772022,254273,1380883,1635156,5.430710299559922
772042,254273,1380904,1635177,5.430792887959004
772075,254278,1380920,1635198,5.430749022723162
772114,254278,1380968,1635246,5.430937792494828
772233,254324,1381502,1635826,5.432055173715418
772257,254341,1381556,1635897,5.4319044117936155
772280,254347,1381581,1635928,5.43187456506269
772331,254347,1381697,1636044,5.432330634920011
772359,254354,1381725,1636079,5.432291216179026
772394,254373,1381808,1636181,5.432211752033432
772661,254519,1382787,1637306,5.432942137915048
772695,254519,1382805,1637324,5.43301285955076
772719,254523,1382827,1637350,5.4330139122986925
772750,254534,1382842,1637376,5.432838049140782
772783,254553,1382889,1637442,5.432617175990854
772804,254566,1382902,1637468,5.432390814169999
773015,254690,1383208,1637898,5.430947426282932
773128,254721,1383297,1638018,5.430635872189572
773157,254730,1383368,1638098,5.430722726023633
773169,254730,1383389,1638119,5.430805166254466
773655,254730,1384835,1639565,5.436481765006085
773726,254735,1384952,1639687,5.436834357273245
773731,254735,1384974,1639709,5.436920721534143
773746,254740,1385026,1639766,5.437018136138808
773838,254809,1385247,1640056,5.436413156521159
773885,254838,1385345,1640183,5.4361790627771365
773908,254844,1385372,1640216,5.4361570215504385
773930,254855,1385431,1640286,5.436153891428459
773951,254862,1385449,1640311,5.43607520932897
773976,254867,1385486,1640353,5.436113737753416
774162,254993,1385869,1640862,5.434929586302369
774268,255092,1386058,1641150,5.433561224969814
774343,255092,1386225,1641317,5.43421589073746
774361,255107,1386244,1641351,5.4339708436068
774411,255121,1386293,1641414,5.433864715174368
774470,255149,1386309,1641458,5.433331112408828
774490,255158,1386347,1641505,5.433288393857923
774525,255175,1386397,1641572,5.433122367003037
774676,255227,1386670,1641897,5.4330850576153775
774984,255227,1387392,1642619,5.43591391192938
775010,255236,1387438,1642674,5.435902458900782
775059,255236,1387543,1642779,5.43631384287483
775253,255360,1387797,1643157,5.434668703007519
775284,255360,1387847,1643207,5.4348645050125315
775410,255427,1388047,1643474,5.434221910761196
775430,255427,1388076,1643503,5.434335446135295
775455,255444,1388109,1643553,5.434102973645887
775465,255444,1388125,1643569,5.434165609683531
775590,255446,1388494,1643940,5.435567595499636
775616,255460,1388524,1643984,5.435387144758475
775662,255484,1388557,1644041,5.435005714643578
775835,255616,1388925,1644541,5.433638739359038
775882,255640,1388956,1644596,5.433249882647473
775913,255640,1388956,1644596,5.433249882647473
776063,255695,1389220,1644915,5.433113670584095
776176,255760,1389488,1645248,5.43278073193619
776214,255783,1389577,1645360,5.432640167642103
776234,255789,1389609,1645398,5.432637838218219
776282,255827,1389661,1645488,5.43203414807663
776444,255912,1389996,1645908,5.431538966519741
776499,255936,1390057,1645993,5.431267973243311
776858,256089,1390621,1646710,5.430225429440546
776867,256091,1390644,1646735,5.4302728327039995
776969,256091,1390644,1646735,5.4302728327039995
776999,256101,1390665,1646766,5.430142795225321
777034,256113,1390762,1646875,5.430267108659068
777068,256124,1390812,1646936,5.430229107775921
777120,256161,1390968,1647129,5.430053755255484
777331,256220,1391304,1647524,5.430114745140894
777381,256244,1391384,1647628,5.429918359064017
777439,256267,1391481,1647748,5.4298095345869735
777524,256304,1391642,1647946,5.429653848554842
777769,256304,1392656,1648960,5.433610088020476
777777,256304,1392685,1648989,5.4337232349085465
777802,256316,1392737,1649053,5.433671717723435
777849,256341,1392838,1649179,5.433535798019045
777892,256364,1392914,1649278,5.433344775397481
777906,256364,1392949,1649313,5.433481300026525
777976,256364,1393077,1649441,5.433980590098454
778062,256408,1393220,1649628,5.433605815731179
778127,256441,1393275,1649716,5.433121068783853
778150,256456,1393326,1649782,5.433002152416009
778235,256488,1393561,1650049,5.433240541467827
778245,256488,1393577,1650065,5.433302922553882
778256,256498,1393593,1650091,5.433153474880895
778284,256505,1393623,1650128,5.433122161361377
778303,256510,1393630,1650140,5.433043546060582
778336,256515,1393659,1650174,5.433050698789544
778428,256565,1393863,1650428,5.432787013037632
778608,256642,1394188,1650830,5.432423375752994
778640,256654,1394214,1650868,5.432270683488276
779065,256843,1394686,1651529,5.430111001662494
779075,256843,1394702,1651545,5.4301732965274505
779106,256880,1394773,1651653,5.42966754905014
779136,256890,1394807,1651697,5.429588539841956
779185,256890,1394916,1651806,5.430012845965199
779290,256958,1395021,1651979,5.428984503304042
779508,257071,1395508,1652579,5.428492517631316
779529,257071,1395537,1652608,5.4286053269330266
779556,257085,1395570,1652655,5.428438065231344
779574,257092,1395591,1652683,5.428371944673502
779580,257093,1395595,1652688,5.428366388816499
779688,257128,1395895,1653023,5.428794219221555
779691,257128,1395904,1653032,5.428829221243894
779723,257145,1395933,1653078,5.428583095140874
779963,257208,1396101,1653309,5.427906596995427
780341,257417,1396894,1654311,5.426580218089715
780529,257565,1397245,1654810,5.424824801506416
780703,257637,1397429,1655066,5.424022947014598
780712,257637,1397429,1655066,5.424022947014598
780764,257673,1397501,1655174,5.423544570055846
780789,257690,1397541,1655231,5.4233420000776125
782510,258355,1399412,1657767,5.416624412146078
782604,258427,1399585,1658012,5.415784728375905
782869,258427,1400374,1658801,5.418837814934198
782901,258438,1400430,1658868,5.418823857172707
782952,258453,1400482,1658935,5.418710558592858
783723,258468,1401598,1660066,5.422713836915982
783747,258481,1401645,1660126,5.42262293940367
783792,258519,1401753,1660272,5.422243626193819
783885,258537,1401915,1660452,5.4224927186437535
783925,258566,1401963,1660529,5.4220701871089005
784026,258620,1402187,1660807,5.421804191477844
784037,258620,1402199,1660819,5.421850591601578
784062,258634,1402248,1660882,5.421746560777005
784075,258635,1402270,1660905,5.421810659810157
784108,258645,1402325,1660970,5.421813682847145
784111,258645,1402338,1660983,5.42186394478919
784130,258656,1402408,1661064,5.421903996041074
784144,258664,1402445,1661109,5.421879349271642
784235,258664,1402493,1661157,5.422064918195033
784283,258668,1402513,1661181,5.42205839145159
784302,258678,1402538,1661216,5.421945430225995
784325,258691,1402580,1661271,5.421835317038474
784406,258691,1402769,1661460,5.422565918412315
784421,258696,1402780,1661476,5.42250363360856
784611,258790,1403107,1661897,5.421797596506821
784646,258794,1403134,1661928,5.421818125613422
784775,258826,1403289,1662115,5.421746656054647
784858,258877,1403464,1662341,5.4213545428910255
784908,258907,1403533,1662440,5.4209928661642985
785096,258969,1403773,1662742,5.420621773262437
785130,258986,1403841,1662827,5.420528522777293
785153,259011,1403878,1662889,5.420148179034867
785254,259055,1404141,1663196,5.420242805581826
785347,259121,1404330,1663451,5.419591619359296
785481,259198,1404552,1663750,5.418838108318737
785510,259198,1404569,1663767,5.418903695244562
785598,259269,1404727,1663996,5.418029151190463
786448,259446,1405422,1664868,5.4170116324784345
786912,259470,1406255,1665725,5.419720969668941
786932,259479,1406297,1665776,5.419694850064938
786957,259490,1406332,1665822,5.4195999845851475
786970,259490,1406345,1665835,5.41965008285483
787018,259515,1406502,1666017,5.419732963412519
787045,259532,1406532,1666064,5.419493549928332
787077,259556,1406597,1666153,5.419242860885512
787117,259581,1406678,1666259,5.419032980071731
787200,259630,1406829,1666459,5.41859184223703
787277,259647,1406998,1666645,5.418887951719065
788105,259959,1408290,1668249,5.417354275097227
788139,259980,1408331,1668311,5.417074390337718
788249,260073,1408552,1668625,5.415987049789867
788496,260205,1408962,1669167,5.414815241828558
788836,260377,1409369,1669746,5.412801437915023
788885,260379,1409398,1669777,5.41287123769582
788906,260379,1409441,1669820,5.413036381582232
788978,260382,1409625,1670007,5.41368066917068
789295,260485,1410592,1671077,5.415252317791811
789325,260506,1410621,1671127,5.4149271034064475
789358,260535,1410666,1671201,5.414497092521159
789428,260572,1410818,1671390,5.414311591421948
789449,260582,1410906,1671488,5.414441519368183
789466,260594,1410928,1671522,5.414276614196797
789631,260715,1411204,1671919,5.412822430623478
789650,260715,1411234,1671949,5.412937498801373
789674,260728,1411256,1671984,5.412751986744807
789694,260753,1411322,1672075,5.412486145892856
789710,260760,1411344,1672104,5.4124252185918085
789725,260772,1411360,1672132,5.412237510162134
789757,260780,1411391,1672171,5.41219035202086
789815,260782,1411426,1672208,5.412283056345913
789868,260819,1411511,1672330,5.411841161878544
789894,260839,1411540,1672379,5.411537385130291
790025,260941,1412056,1672997,5.411399511767028
790143,260941,1412403,1673344,5.412729314289437
790315,261005,1412556,1673561,5.411988276086665
790340,261012,1412613,1673625,5.41206151441313
790841,261177,1413748,1674925,5.412988126825869
790844,261177,1413755,1674932,5.413014928573343
790857,261177,1413769,1674946,5.413068532068291
790885,261201,1413819,1675020,5.412762585135585
791012,261301,1414055,1675356,5.411594291640675
791032,261310,1414082,1675392,5.411511231870192
791042,261310,1414097,1675407,5.4115686349546515
791084,261318,1414145,1675463,5.411586649216663
791155,261363,1414296,1675659,5.411232653436025
791196,261387,1414357,1675744,5.410969175972792
791227,261395,1414400,1675795,5.410968075135331
791322,261447,1414547,1675994,5.410454126457752
791333,261447,1414559,1676006,5.410500024861635
791918,261704,1415800,1677504,5.409928774493321
792528,262027,1416578,1678605,5.406229129059219
792562,262042,1416612,1678654,5.4060494119263325
792917,262146,1416987,1679133,5.405335194891396
792930,262146,1416994,1679140,5.405361897568531
792936,262151,1416999,1679150,5.405277874202273
792977,262165,1417079,1679244,5.405294375679438
793038,262208,1417187,1679395,5.404819837686111
793065,262221,1417219,1679440,5.404673920090305
793101,262277,1417332,1679609,5.403950784857231
794099,262289,1418524,1680813,5.408248153754065
794108,262293,1418540,1680833,5.408226677799255
794251,262384,1418895,1681279,5.407703975852186
794356,262417,1419007,1681424,5.407450736804399
794372,262417,1419007,1681424,5.407450736804399
794639,262427,1419517,1681944,5.409188078970533
794702,262442,1419630,1682072,5.409309485524421
794863,262442,1420017,1682459,5.410784097057635
794876,262450,1420023,1682473,5.410642027052772
795014,262530,1420297,1682827,5.4100369481583055
795300,262569,1421225,1683794,5.412767691540129
795318,262569,1421225,1683794,5.412767691540129
795335,262579,1421267,1683846,5.412721504766185
795515,262664,1421558,1684222,5.412077787591752
795537,262664,1421582,1684246,5.412169159077757
795578,262675,1421666,1684341,5.412262301322928
795646,262709,1421864,1684573,5.412315527827368
795662,262719,1421893,1684612,5.412219900349803
795994,262964,1423238,1686202,5.412292176875922
796065,262994,1423382,1686376,5.412222332068413
796117,262994,1423422,1686416,5.412374426793007
796153,263011,1423490,1686501,5.4122831364467645
796223,263024,1423571,1686595,5.412323590242716
796236,263025,1423589,1686614,5.4123714475810285
796257,263035,1423600,1686635,5.412207500902921
796261,263035,1423606,1686641,5.412230311555496
796348,263063,1423793,1686856,5.412365098854647
796390,263072,1423851,1686923,5.412400407493005
796465,263082,1424008,1687090,5.412791449053907
796474,263088,1424025,1687113,5.412732621784346
796760,263088,1424535,1687623,5.4146711366538955
818554,263088,1489913,1753001,5.66317353889193
818599,263125,1489994,1753119,5.662685035629454
818635,263136,1490032,1753168,5.662592727714946
818975,263191,1490340,1753531,5.662579647480347
819044,263223,1490419,1753642,5.6621913738541085
819074,263239,1490456,1753695,5.661987775367631
819121,263248,1490497,1753745,5.661949948337689
820007,263274,1494253,1757527,5.675657299999241
820145,263328,1494491,1757819,5.675397223234901
820158,263340,1494512,1757852,5.675218348902559
820266,263360,1494586,1757946,5.675068347509113
820284,263365,1494684,1758049,5.675332713154747
821061,263365,1495822,1759187,5.67965371252824
821115,263378,1495887,1759265,5.679620165693414
821126,263382,1495897,1759279,5.679571876589896
821729,263499,1496311,1759810,5.678621171237841
821754,263516,1496356,1759872,5.678425598445635
822071,263542,1497337,1760879,5.6815877545135125
824008,263556,1501420,1764976,5.69677791437114
824037,263579,1501470,1765049,5.696470507893269
824064,263579,1501496,1765075,5.696569150046097
824123,263609,1501594,1765203,5.696292615199026
824302,263698,1501985,1765683,5.695852831648325
824556,263842,1502300,1766142,5.693938038674661
824593,263857,1502342,1766199,5.693773521263411
824601,263862,1502361,1766223,5.693737635582236
824604,263863,1502367,1766230,5.693738796269276
824612,263863,1502367,1766230,5.693738796269276
824624,263863,1502401,1766264,5.693867651015868
824921,263903,1502552,1766455,5.693576806629709
825005,263942,1502664,1766606,5.693159860878526
825101,264016,1502880,1766896,5.692382279861826
825270,264096,1503068,1767164,5.6913698049194235
826313,264103,1505068,1769171,5.698791759275737
826403,264113,1505324,1769437,5.699545270395626
826422,264124,1505347,1769471,5.69939498114522
826428,264124,1505360,1769484,5.699444200451303
826446,264140,1505381,1769521,5.699178465965018
826450,264141,1505390,1769531,5.699190962402656
826715,264269,1505768,1770037,5.6978608917428835
826728,264272,1505784,1770056,5.6978567536477565
826740,264294,1505816,1770110,5.697503537726925
827006,264297,1506015,1770312,5.69819180694446
827174,264389,1506326,1770715,5.697385292126374
827267,264389,1506469,1770858,5.697926161829728
827270,264389,1506478,1770867,5.697960202580289
827316,264389,1506533,1770922,5.698168229389271
827452,264417,1506638,1771055,5.697961931343295
827474,264419,1506645,1771064,5.69794530650218
827801,264676,1507446,1772122,5.695438951775
827805,264676,1507456,1772132,5.695476733817951
827873,264721,1507615,1772336,5.69510919043068
827901,264738,1507648,1772386,5.694868133777546
827921,264752,1507669,1772421,5.694646310509458
828302,264918,1508126,1773044,5.692803056039982
828635,265080,1508863,1773943,5.692104270408933
828781,265103,1509043,1774146,5.692289412039849
828790,265105,1509059,1774164,5.692306821825315
828833,265114,1509142,1774256,5.692426654194045
828930,265114,1509331,1774445,5.693139555059333
828986,265124,1509426,1774550,5.6932831429821515
829549,265124,1510880,1776004,5.6987673692310015
829648,265205,1511171,1776376,5.698124092683019
829790,265208,1511307,1776515,5.698572441253657
829826,265209,1511347,1776556,5.698701778597258
829968,265237,1511562,1776799,5.6989107854484855
829981,265245,1511585,1776830,5.698825614054931
830006,265256,1511620,1776876,5.698721235334922
830024,265270,1511659,1776929,5.698567497266936
830034,265276,1511678,1776954,5.698510230853903
830050,265276,1511704,1776980,5.698608241981936
830186,265342,1511997,1777339,5.698295030564329
830322,265432,1512311,1777743,5.697545887458935
830338,265437,1512325,1777762,5.697491306788428
830429,265485,1512508,1777993,5.697150498144905
831121,265862,1513196,1779058,5.691659582791072
831141,265866,1513234,1779100,5.691716879931996
831175,265870,1513300,1779170,5.691879489976304
831189,265876,1513361,1779237,5.691980472099776
831253,265917,1513495,1779412,5.691606779559035
831702,266120,1514252,1780372,5.690109724936119
831705,266120,1514261,1780381,5.690143544265744
831952,266258,1514611,1780869,5.688508889873732
832104,266295,1514878,1781173,5.688721155109935
832120,266295,1514904,1781199,5.688818791190221
832132,266295,1514941,1781236,5.688957734842937
833330,266295,1517537,1783832,5.698706321936198
833346,266302,1517558,1783860,5.698635383887466
833544,266383,1517841,1784224,5.697964960226441
833713,266454,1517961,1784415,5.696897025377739
833764,266516,1518034,1784550,5.695845652793828
833815,266551,1518131,1784682,5.695461656493504
833852,266557,1518226,1784783,5.695689852451821
833868,266557,1518252,1784809,5.695787392565192
834150,266557,1518579,1785136,5.697014147067982
834182,266579,1518632,1785211,5.696742804196879
834254,266611,1518743,1785354,5.696475389237503
834315,266653,1518824,1785477,5.69588191394809
834330,266657,1518840,1785497,5.695856474797211
834371,266678,1518915,1785593,5.695689183209714
834442,266696,1518963,1785659,5.695484746677866
834464,266700,1518980,1785680,5.69546306711661
834474,266700,1518992,1785692,5.695508061492314
834527,266727,1519102,1785829,5.695343928436191
834555,266742,1519133,1785875,5.695139872985881
834613,266752,1519178,1785930,5.695095069577735
834626,266753,1519181,1785934,5.695084966242179
834640,266763,1519205,1785968,5.694961445177929
835827,266814,1521891,1788705,5.703939823247656
836057,266838,1522189,1789027,5.704543580749369
836100,266861,1522280,1789141,5.704392923656885
836159,266884,1522365,1789249,5.704219810854154
836177,266890,1522418,1789308,5.704290156993518
836276,266895,1522582,1789477,5.7047977669120815
836852,266901,1523241,1790142,5.707138601953534
836905,266932,1523310,1790242,5.706734299372124
836972,266932,1523383,1790315,5.707007777261625
839146,267087,1526941,1794028,5.717017301478545
839219,267122,1527019,1794141,5.716560223418513
839246,267143,1527051,1794194,5.716230633031747
839254,267143,1527056,1794199,5.716249349599278
839519,267235,1527360,1794595,5.715419013228058
839557,267247,1527378,1794625,5.715229731297264
839566,267247,1527378,1794625,5.715229731297264
839616,267263,1527501,1794764,5.71534780347448
839638,267277,1527573,1794850,5.7153178163478335
839644,267281,1527591,1794872,5.715299628480887
839675,267286,1527623,1794909,5.71531243686538
839707,267296,1527726,1795022,5.715483957859452
839717,267300,1527740,1795040,5.715450804339693
840468,267710,1528691,1796401,5.7102498972769045
840499,267729,1528728,1796457,5.709982855798214
840517,267734,1528779,1796513,5.710066708001225
840577,267755,1528900,1796655,5.71007077365502
840604,267773,1528932,1796705,5.709806440529852
840918,267898,1529652,1797550,5.709829860618593
840935,267901,1529678,1797579,5.7098629717694225
841004,267947,1529772,1797719,5.7092335424542915
841100,267977,1529891,1797868,5.709038462256089
841181,268025,1530057,1798082,5.7086353884898795
841236,268041,1530117,1798158,5.708518472920187
841369,268064,1530208,1798272,5.70836815088934
841454,268099,1530379,1798478,5.708260754422806
841746,268103,1531454,1799557,5.7121852422389905
842009,268285,1532016,1800301,5.710404979778966
842055,268309,1532062,1800371,5.7100656332810305
842146,268309,1532158,1800467,5.71042342970232
842267,268309,1532333,1800642,5.7110756627619645
842296,268315,1532354,1800669,5.711026219182677
842320,268326,1532402,1800728,5.710970983057922
842342,268334,1532424,1800758,5.710882705881476
842382,268362,1532654,1801016,5.711143902638972
842505,268493,1532856,1801349,5.709109734704443
842598,268526,1533002,1801528,5.708951833342023
842636,268545,1533065,1801610,5.708782513172839
842646,268549,1533079,1801628,5.708749613664545
842651,268549,1533086,1801635,5.708775679671121
842670,268549,1533117,1801666,5.708891114843102
842783,268549,1533237,1801786,5.70933796067012
842815,268566,1533294,1801860,5.709188802752396
842858,268572,1533387,1801959,5.709407533175462
842880,268572,1533425,1801997,5.709549022236123
842936,268587,1533466,1802053,5.7093828070606545
842960,268591,1533468,1802059,5.70930522616171
842972,268591,1533497,1802088,5.709413197017026
843092,268615,1533631,1802246,5.709401932133351
843146,268620,1533765,1802385,5.709794505249051
843166,268623,1533815,1802438,5.709916872345257
843208,268633,1533854,1802487,5.709849497269509
843243,268641,1533898,1802539,5.709843248052233
843372,268710,1534153,1802863,5.709326039224443
843389,268716,1534165,1802881,5.709243215885917
843413,268733,1534181,1802914,5.708941588863295
843443,268733,1534236,1802969,5.709146252972281
843950,268763,1535710,1804473,5.713993369623051
844057,268763,1535806,1804569,5.714350561647251
844081,268773,1535826,1804599,5.714212365081314
844103,268773,1535879,1804652,5.714409557507636
844124,268775,1535902,1804677,5.714452609059622
844131,268779,1535915,1804694,5.7144159327923685
844218,268796,1535996,1804792,5.714355868390899
844360,268796,1536248,1805044,5.715293382341999
844654,268874,1537053,1805927,5.716629350550815
844692,268880,1537098,1805978,5.716669146087474
844713,268892,1537116,1806008,5.716480966335927
844879,268892,1537405,1806297,5.717555747288874
845195,268899,1538183,1807082,5.720300187059082
845451,269046,1538558,1807604,5.71856857191707
845621,269170,1538741,1807911,5.716614035739496
845854,269300,1539330,1808630,5.716041589305608
845920,269315,1539362,1808677,5.71584204370347
845931,269317,1539385,1808702,5.715884997976363
846501,269365,1541028,1810393,5.720965975535055
846568,269416,1541138,1810554,5.720291296730706
846594,269426,1541173,1810599,5.720208888525978
846629,269436,1541196,1810632,5.72008194896005
846657,269452,1541229,1810681,5.719864762555112
846778,269490,1541335,1810825,5.719451556644032
846791,269495,1541345,1810840,5.719382548841351
846794,269496,1541348,1810844,5.719372458218304
846812,269500,1541369,1810869,5.719365491651206
846844,269509,1541407,1810916,5.7193154959574635
846919,269531,1541499,1811030,5.719190000408116
846974,269553,1541556,1811109,5.71893468074924
847023,269575,1541617,1811192,5.718694240934805
847058,269588,1541648,1811236,5.71853346588127
847102,269608,1541772,1811380,5.718569181923385
847135,269619,1541811,1811430,5.7184805225151045
847182,269619,1541915,1811534,5.718866252007462
847207,269636,1541951,1811587,5.718639202480381
847266,269666,1542065,1811731,5.718425756305948
847348,269681,1542133,1811814,5.718359839959063
847380,269692,1542195,1811887,5.718356495557896
847414,269723,1542267,1811990,5.71796620977818
847537,269742,1542547,1812289,5.718601478449778
847551,269742,1542594,1812336,5.718775719020397
847563,269745,1542615,1812360,5.718789968303398
847652,269797,1542773,1812570,5.718273368495573
847784,269847,1543008,1812855,5.718084692436825
847883,269858,1543047,1812905,5.717996131298683
847949,269858,1543159,1813017,5.718411164390161
848251,270087,1543779,1813866,5.715858223461329
848336,270134,1543902,1814036,5.715319063872005
848404,270173,1543986,1814159,5.7148049583044935
848409,270174,1543992,1814166,5.714806013902152
848609,270201,1544531,1814732,5.7162297696899715
848636,270221,1544557,1814778,5.715902909100329
848642,270224,1544566,1814790,5.7158727574160695
848700,270249,1544683,1814932,5.715776931644521
848861,270249,1545070,1815319,5.71720894434392
848871,270249,1545086,1815335,5.717268149003327
848901,270262,1545137,1815399,5.717181845764481
848908,270267,1545151,1815418,5.717127877247314
848912,270267,1545161,1815428,5.71716487769502
848960,270285,1545254,1815539,5.7171282165122
849072,270290,1545433,1815723,5.7176847090162415
849089,270296,1545449,1815745,5.717616982863231
849137,270304,1545485,1815789,5.717580945897952
849199,270304,1545502,1815806,5.717643838049011
849217,270308,1545522,1815830,5.717633218402711
849236,270308,1545562,1815870,5.717781197744795
849240,270308,1545567,1815875,5.717799695162555
849260,270309,1545636,1815945,5.718033805755635
849299,270322,1545685,1816007,5.717940086267489
849353,270325,1545821,1816146,5.718379728105059
849368,270334,1545826,1816160,5.718207846589774
849395,270334,1545865,1816199,5.718352112571855
849425,270346,1545937,1816283,5.7183646142350915
849739,270530,1546530,1817060,5.716667282741286
849814,270546,1546589,1817135,5.716547278466509
849838,270546,1546619,1817165,5.71665816533972
849863,270557,1546658,1817215,5.716569891002635
849919,270585,1546712,1817297,5.7161779108228465
849964,270586,1546882,1817468,5.716785051702601
849996,270601,1546943,1817544,5.716693582063629
850031,270611,1546967,1817578,5.716571018916452
850097,270645,1547108,1817753,5.716373847660219
850113,270651,1547136,1817787,5.716350576942261
850136,270651,1547151,1817802,5.7164059988693925
850317,270669,1547521,1818190,5.717392830357373
850368,270683,1547594,1818277,5.717366809145753
850395,270698,1547630,1818328,5.71718298620603
850602,270817,1547913,1818730,5.715715778551568
850754,270893,1548304,1819197,5.715555588368839
850792,270933,1548394,1819327,5.71504394075288
850848,270956,1548448,1819404,5.714758115708824
850957,271050,1548672,1819722,5.7136026563364695
850995,271074,1548721,1819795,5.713277555206328
851558,271533,1550336,1821869,5.709567529545212
851581,271563,1550387,1821950,5.709124586191786
851621,271596,1550436,1822032,5.708611319754341
851864,271690,1550756,1822446,5.707814052780742
851874,271690,1550782,1822472,5.707909750082815
851886,271695,1550800,1822495,5.7078709582436185
851915,271705,1550821,1822526,5.707738171914392
851954,271714,1550882,1822596,5.707773614903906
851964,271718,1550902,1822620,5.707763195666095
851990,271729,1550928,1822657,5.707627820365143
852038,271738,1551032,1822770,5.707821504537459
852350,271874,1551769,1823643,5.707677085708821
852376,271908,1551846,1823754,5.7072465686923515
852408,271932,1551886,1823818,5.706889957783564
852462,271955,1551982,1823937,5.706760309610046
852502,271971,1552066,1824037,5.706733438491604
852511,271974,1552076,1824050,5.70670725878209
852568,271996,1552192,1824188,5.706672156943484
852676,272004,1552489,1824493,5.707596211820414
852698,272012,1552515,1824527,5.707523932767672
852725,272024,1552572,1824596,5.707481692791813
852732,272024,1552587,1824611,5.707536834985149
852782,272053,1552639,1824692,5.707119568613469
852797,272065,1552654,1824719,5.706922977964824
852835,272078,1552677,1824755,5.706734833393365
852894,272090,1552692,1824782,5.706538277775736
852990,272133,1552860,1824993,5.706253927307603
853056,272133,1552957,1825090,5.706610370664344
853079,272136,1553030,1825166,5.706815709792163
853119,272137,1553214,1825351,5.707470869451783
853552,272233,1554108,1826341,5.708742143678393
855071,272233,1558181,1830414,5.723703592143495
855075,272233,1558190,1830423,5.723736652059082
855110,272233,1558256,1830489,5.723979091440053
855134,272247,1558298,1830545,5.7238390138367
855271,272275,1558471,1830746,5.723885777247268
855297,272289,1558489,1830778,5.723657584404805
855323,272301,1558511,1830812,5.723486142173551
855403,272359,1558712,1831071,5.723005298154274
855519,272456,1558914,1831370,5.721709193411046
855529,272456,1558930,1831386,5.721767918489591
855659,272524,1559140,1831664,5.721110801250532
855688,272539,1559165,1831704,5.7208876527763
855710,272555,1559202,1831757,5.720687567646897
855815,272640,1559574,1832214,5.720268485915493
855978,272750,1559876,1832626,5.71906874427131
856011,272754,1559906,1832660,5.719094862036854
856054,272776,1559965,1832741,5.718849898818078
856056,272777,1559971,1832748,5.718850929513852
856248,272941,1560358,1833299,5.716832575538303
856398,273009,1560771,1833780,5.7169214201729615
856828,273191,1562433,1835624,5.719196459619827
856957,273227,1562604,1835831,5.71906875967602
856991,273251,1562672,1835923,5.718815301682336
857624,273309,1563925,1837234,5.722186243409475
857657,273339,1563965,1837304,5.721704550027622
857855,273359,1564285,1837644,5.722456549811786
857953,273376,1564390,1837766,5.722484782863162
858308,273554,1565158,1838712,5.721568684793496
858328,273554,1565179,1838733,5.721645452086243
858333,273557,1565184,1838741,5.721600982610571
858373,273560,1565213,1838773,5.721644246234829
858405,273582,1565253,1838835,5.721330350680966
858449,273617,1565380,1838997,5.721062653270812
858480,273628,1565466,1839094,5.721146958644583
858514,273657,1565526,1839183,5.720759929400673
858544,273657,1565573,1839230,5.720931677245603
858622,273707,1565665,1839372,5.720222719915823
858730,273707,1566222,1839929,5.722257742768727
858737,273707,1566227,1839934,5.7222760104783585
858761,273724,1566266,1839990,5.7220631000569915
858814,273730,1566281,1840011,5.721992474336025
858837,273750,1566312,1840062,5.721687671232877
858869,273763,1566403,1840166,5.7217483735932175
858874,273763,1566403,1840166,5.7217483735932175
858924,273781,1566504,1840285,5.721741099638032
858973,273794,1566561,1840355,5.721677611635025
859014,273827,1566641,1840468,5.721280224375244
859062,273836,1566733,1840569,5.721428154077623
859107,273845,1566769,1840614,5.721371578812832
859128,273845,1566799,1840644,5.721481129836222
859144,273845,1566825,1840670,5.721576074056491
859197,273886,1566915,1840801,5.721048173327588
859217,273886,1566930,1840816,5.721102940639536
860088,273915,1567136,1841051,5.721249292663782
860101,273918,1567146,1841064,5.721223139771756
860141,273928,1567198,1841126,5.721204112029438
860285,273934,1567472,1841406,5.722079040936868
860320,273936,1567539,1841475,5.72228184685474
860364,273967,1567587,1841554,5.721809561005522
860411,273975,1567678,1841653,5.721974632721964
860429,273982,1567709,1841691,5.721941587403552
860453,273994,1567781,1841775,5.721953765410921
861028,274181,1568543,1842724,5.720830400355969
861223,274181,1569013,1843194,5.722544596452709
861419,274187,1569480,1843667,5.724122587868863
861425,274192,1569482,1843674,5.724025500379296
861458,274192,1569514,1843706,5.724142206920698
861533,274240,1569634,1843874,5.72357788798133
861663,274278,1570000,1844278,5.724119324189326
861744,274293,1570134,1844427,5.724294823418753
861777,274296,1570152,1844448,5.724297838831044
862166,274436,1570688,1845124,5.723330758355318
862189,274441,1570731,1845172,5.723383167966886
862286,274441,1570911,1845352,5.724039046643905
862333,274488,1571020,1845508,5.723456034507884
862359,274492,1571039,1845531,5.723441848942774
862392,274501,1571092,1845593,5.723447273416126
862407,274508,1571111,1845619,5.723370539292115
862420,274514,1571127,1845641,5.7233037295001346
862494,274549,1571200,1845749,5.722840003059563
862503,274549,1571212,1845761,5.722883711104393
862527,274556,1571251,1845807,5.722879849648159
862572,274592,1571358,1845950,5.722519228528143
862643,274640,1571419,1846059,5.721741188464899
862649,274640,1571419,1846059,5.721741188464899
863290,274658,1572377,1847035,5.72485418229216
863319,274675,1572420,1847095,5.7246564121234185
863507,274675,1572699,1847374,5.725672158004915
863518,274675,1572709,1847384,5.725708564667334
863669,274693,1572964,1847657,5.72626168122231
863886,274792,1573320,1848112,5.725494191970654
863902,274792,1573346,1848138,5.725588808990072
863941,274810,1573438,1848248,5.725548560823842
863982,274814,1573461,1848275,5.725548916721856
863995,274819,1573478,1848297,5.72550660616624
864003,274819,1573507,1848326,5.725612130165673
864106,274921,1573706,1848627,5.724211682628828
864135,274929,1573735,1848664,5.724150598881893
864145,274936,1573743,1848679,5.724033956993628
864274,275001,1573976,1848977,5.723528278078989
864290,275001,1573991,1848992,5.723582823335188
864303,275003,1574016,1849019,5.723632105831573
864406,275029,1574093,1849122,5.7233709899683305
864667,275155,1574445,1849600,5.722029401610001
864752,275212,1574618,1849830,5.72147290089095
864796,275212,1574780,1849992,5.722061538014331
864807,275212,1574790,1850002,5.722097873639231
864828,275220,1574804,1850024,5.721982414068745
864863,275225,1574908,1850133,5.722256335725316
864883,275225,1574908,1850133,5.722256335725316
864897,275229,1574941,1850170,5.7222930723143275
865052,275229,1575285,1850514,5.723542940605823
865070,275242,1575306,1850548,5.723348907506849
865670,275395,1575736,1851131,5.721730605130812
865912,275436,1575868,1851304,5.72135813764359
866059,275490,1576070,1851560,5.720969908163636
866097,275490,1576106,1851596,5.721100584413227
866131,275525,1576154,1851679,5.720548044642047
866181,275562,1576238,1851800,5.7200847722109724
866244,275593,1576349,1851942,5.719844117956552
866268,275604,1576382,1851986,5.71973556261883
866362,275626,1576437,1852063,5.719478568785238
866367,275628,1576449,1852077,5.719480604292742
866434,275634,1576482,1852116,5.719475826639674
866442,275637,1576496,1852133,5.719464367991235
866609,275637,1576789,1852426,5.720527360260053
866786,275795,1577127,1852922,5.718475679399554
866875,275813,1577170,1852983,5.7182583852102695
866975,275838,1577264,1853102,5.718080902558748
867034,275844,1577303,1853147,5.718097910413132
867186,275906,1577468,1853374,5.717411002297884
867254,275961,1577629,1853590,5.716854917905066
867264,275961,1577645,1853606,5.716912897112273
867537,275966,1578438,1854404,5.71968285948269
867614,275966,1578555,1854521,5.720106824753774
868277,275979,1580423,1856402,5.726606009877563
868315,275993,1580478,1856471,5.726514802911668
868326,275993,1580488,1856481,5.726551035714674
868337,275996,1580513,1856509,5.726579370715518
868398,275996,1580656,1856652,5.727097494166582
868429,276028,1580719,1856747,5.726661787934558
868583,276028,1581017,1857045,5.727741388554784
868610,276037,1581049,1857086,5.727670565902397
868617,276037,1581071,1857108,5.727750265362976
868799,276112,1581356,1857468,5.7272266326708
868839,276126,1581395,1857521,5.7270774936079905
869065,276184,1581907,1858091,5.727728615705471
869103,276195,1581948,1858143,5.7276489436810945
869160,276233,1582045,1858278,5.727212172332777
869229,276236,1582200,1858436,5.7277110876207304
869252,276251,1582221,1858472,5.727476099634028
869268,276256,1582251,1858507,5.727481032086181
869301,276285,1582356,1858641,5.727259894673978
869718,276445,1582977,1859422,5.726191466657021
869963,276456,1583604,1860060,5.728231617327893
869984,276456,1583648,1860104,5.728390774662152
870037,276459,1583731,1860190,5.7286288382725825
870248,276561,1584151,1860712,5.728034683125965
870290,276569,1584219,1860788,5.728114864644989
870398,276569,1584362,1860931,5.728631914639746
870419,276585,1584409,1860994,5.728470452121409
870451,276605,1584445,1861050,5.728186402993439
870512,276625,1584567,1861192,5.728213285133303
870632,276678,1584703,1861381,5.727607543787363
870820,276706,1584870,1861576,5.7276314933539565
870844,276706,1584902,1861608,5.727747139563291
870879,276716,1584934,1861650,5.72765579149742
870886,276720,1584942,1861662,5.727601908065915
871077,276785,1585326,1862111,5.72764420037213
871146,276818,1585428,1862246,5.727329870167402
871595,276818,1585969,1862787,5.72928422284678
871615,276826,1585982,1862808,5.729165613056577
871616,276826,1585984,1862810,5.729172837811477
871683,276846,1586081,1862927,5.72910932431749
871816,276908,1586481,1863389,5.729271093648432
871854,276923,1586503,1863426,5.729040202511167
871925,276961,1586555,1863516,5.728441910593911
871927,276961,1586560,1863521,5.728459963677197
872982,277284,1588943,1866227,5.730381125488669
873253,277395,1589345,1866740,5.7295373024027105
873256,277399,1589359,1866758,5.72950515322694
873324,277399,1589401,1866800,5.729656559684786
873483,277495,1589725,1867220,5.728841961116417
873500,277505,1589748,1867253,5.7287184014702435
873547,277519,1589846,1867365,5.728782533808496
873640,277529,1590040,1867569,5.729275138814322
873848,277591,1590465,1868056,5.72952653364122
873921,277635,1590548,1868183,5.728917463576278
873957,277654,1590592,1868246,5.728683901546529
874143,277749,1590858,1868607,5.727682187874664
874177,277749,1590907,1868656,5.727858606151598
874206,277770,1590934,1868704,5.727522770637578
874224,277770,1590954,1868724,5.727594772653634
874293,277809,1591113,1868922,5.72736304439381
874301,277813,1591131,1868944,5.727345372606753
874318,277828,1591152,1868980,5.727111738197734
874389,277862,1591230,1869092,5.7266916670865395
875611,278325,1596193,1874518,5.734996856193299
875925,278526,1596820,1875346,5.733109296798145
875962,278526,1596856,1875382,5.733238548645369
876004,278534,1596884,1875418,5.733174405997113
876022,278541,1596913,1875454,5.73313443981317
876047,278572,1596973,1875545,5.732711830334707
876187,278624,1597117,1875741,5.732158751579189
876247,278662,1597216,1875878,5.731732349584802
876274,278671,1597331,1876002,5.731959909714322
876920,278999,1598297,1877296,5.72868361535346
876926,279001,1598303,1877304,5.7286640549675445
876958,279013,1598356,1877369,5.728607627601582
877066,279085,1598559,1877644,5.7278571044663815
877076,279085,1598588,1877673,5.727961015461239
877116,279097,1598675,1877772,5.7280264567515955
877302,279097,1599027,1878124,5.729287667011827
877312,279097,1599043,1878140,5.729344994750929
877396,279158,1599202,1878360,5.728662621167941
877407,279160,1599222,1878382,5.728693222524717
877410,279160,1599231,1878391,5.728725462100588
877446,279173,1599253,1878426,5.728537501835779
877565,279243,1599383,1878626,5.727567029433146
877590,279259,1599422,1878681,5.7273785267439905
877623,279275,1599464,1878739,5.727200787754006
877634,279284,1599481,1878765,5.727077097148422
877671,279290,1599494,1878784,5.7270006086863114
877792,279290,1599638,1878928,5.727516201797415
877854,279320,1599762,1879082,5.727344980667335
877856,279320,1599766,1879086,5.72735930115996
877874,279337,1599799,1879136,5.727128880169831
877899,279345,1599829,1879174,5.727072258318566
877925,279356,1599862,1879218,5.7269648763584815
877938,279356,1599875,1879231,5.727011411961798
878006,279419,1600041,1879460,5.726314244915343
878037,279420,1600106,1879526,5.726526376064705
878040,279420,1600115,1879535,5.726558585641686
878241,279571,1600472,1880043,5.724742551981429
878409,279580,1601435,1881015,5.72800271836326
878446,279580,1601470,1881050,5.728127906144931
878602,279580,1601613,1881193,5.728639387652908
878670,279585,1601718,1881303,5.728912495305543
878718,279588,1601780,1881368,5.729072778516961
878747,279598,1601807,1881405,5.7289644418057355
878758,279598,1601817,1881415,5.7290002074406825
878791,279617,1601864,1881481,5.728779008429387
879616,279859,1603170,1883029,5.728491847680439
879660,279889,1603202,1883091,5.727992168323871
879758,279889,1603492,1883381,5.729028293359153
879767,279893,1603511,1883404,5.729014301893938
879784,279898,1603541,1883439,5.729019142687694
879870,279947,1603655,1883602,5.728423594466095
879890,279957,1603703,1883660,5.728390431387678
880360,280211,1604563,1884774,5.726266991659856
880434,280237,1604735,1884972,5.726349482759236
881131,280237,1606630,1886867,5.733111616239112
881420,280441,1607366,1887807,5.731565641257876
881489,280497,1607514,1888011,5.730948994106889
882007,280516,1609277,1889793,5.736845670122204
882015,280516,1609277,1889793,5.736845670122204
882070,280545,1609359,1889904,5.736544939314548
882183,280559,1609423,1889982,5.736486799568005
882339,280650,1609783,1890433,5.73590949581329
882599,280650,1610101,1890751,5.737042579725637
882741,280683,1610399,1891082,5.737429769526477
882748,280683,1610399,1891082,5.737429769526477
882808,280686,1610407,1891093,5.737396948903757
882812,280689,1610409,1891098,5.73734275301134
882910,280689,1610699,1891388,5.73837592495609
882915,280691,1610702,1891393,5.738345725370603
882932,280697,1610744,1891441,5.7383726936874995
882951,280708,1610766,1891474,5.738226199467062
885473,281736,1615960,1897696,5.735724224096317
885899,281736,1616773,1898509,5.7386099043075784
886164,281749,1617585,1899334,5.741227120593152
886230,281768,1617699,1899467,5.741244570000852
886295,281768,1617820,1899588,5.741674001306039
886348,281798,1617941,1899739,5.741492132662404
886371,281806,1618003,1899809,5.7415491508342615
886426,281832,1618073,1899905,5.741267847511993
887114,281852,1618880,1900732,5.74372365638704
887148,281859,1618969,1900828,5.743896771080576
887312,281920,1619183,1901103,5.743413024971623
887578,282100,1619721,1901821,5.741655441332861
887611,282125,1619775,1901900,5.741338059370846
888019,282146,1620861,1903007,5.7447598052072335
888069,282187,1620985,1903172,5.744364552583924
888096,282204,1621024,1903228,5.744156709330839
888109,282204,1621050,1903254,5.744248841263767
888120,282204,1621068,1903272,5.7443126249096395
888152,282212,1621090,1903302,5.744227743682055
888422,282219,1621748,1903967,5.746416789797994
888609,282228,1622841,1905069,5.750106297036439
888616,282231,1622853,1905084,5.750087694122899
888729,282257,1623010,1905267,5.750114257573771
888794,282257,1623010,1905267,5.750114257573771
888806,282263,1623047,1905310,5.750123112133011
888934,282287,1623288,1905575,5.750487978546657
888972,282305,1623357,1905662,5.750365739182799
889209,282335,1623727,1906062,5.751065223936104
889235,282345,1623777,1906122,5.75103862296127
889252,282351,1623831,1906182,5.751107663865189
889273,282361,1623869,1906230,5.75103856410765
889309,282378,1623955,1906333,5.750996890692618
889327,282387,1623969,1906356,5.750863177129259
889406,282423,1624126,1906549,5.7506860276960445
889419,282431,1624145,1906576,5.750590409692987
889440,282456,1624193,1906649,5.75025136658453
889505,282503,1624280,1906783,5.749602659086806
889524,282511,1624324,1906835,5.7495955909681395
889554,282520,1624357,1906877,5.749529236868186
889601,282529,1624399,1906928,5.749494742132666
889634,282540,1624522,1907062,5.749706236285128
889662,282540,1624588,1907128,5.7499398315282795
890046,282701,1625301,1908002,5.749187303900587
890240,282760,1625649,1908409,5.749218418446739
890277,282771,1625672,1908443,5.749076107521634
890304,282775,1625689,1908464,5.749054902307488
890504,282856,1626013,1908869,5.748554034561756
890674,282856,1626298,1909154,5.749561614390361
890708,282856,1626395,1909251,5.749904545068869
890739,282870,1626443,1909313,5.749789656025736
890782,282878,1626461,1909339,5.749690679374147
890794,282878,1626484,1909362,5.749771986510086
890825,282878,1626533,1909411,5.749945206060564
890988,282980,1626751,1909731,5.74864301364054
892107,283108,1628667,1911775,5.752811647851703
892351,283244,1628908,1912152,5.750900283854204
892401,283259,1628984,1912243,5.750864050215527
892422,283261,1628984,1912245,5.750823445514913
892450,283261,1629005,1912266,5.750897582088604
892482,283270,1629064,1912334,5.750923147527094
892485,283271,1629075,1912346,5.750941677757342
892526,283271,1629098,1912369,5.751022872090683
892592,283296,1629208,1912504,5.750903648480741
892768,283306,1629409,1912715,5.751410136036653
892898,283307,1629794,1913101,5.752748784887066
893308,283307,1630649,1913956,5.755766712435626
893453,283307,1630930,1914237,5.756758569325855
893466,283307,1630956,1914263,5.75685034256125
893502,283329,1631001,1914330,5.756562159185964
893629,283334,1631251,1914585,5.757342923899002
893685,283334,1631443,1914777,5.758020569363366
893775,283396,1631622,1915018,5.757392482603848
893797,283405,1631644,1915049,5.7572872743953
893887,283458,1631766,1915224,5.75664119552103
894013,283467,1632092,1915559,5.757608469416193
894040,283485,1632124,1915609,5.757355768382807
894050,283485,1632150,1915635,5.757447483993862
894057,283489,1632169,1915658,5.757433269015729
894146,283504,1632569,1916073,5.758539562052034
895704,284165,1636004,1920169,5.757232593739553
895716,284175,1636028,1920203,5.75711445412158
895764,284204,1636126,1920330,5.756871824464118
895775,284204,1636136,1920340,5.756907010457277
895816,284211,1636162,1920373,5.756856701535127
896453,284408,1637100,1921508,5.756167196422042
896480,284416,1637146,1921562,5.756167022952296
896518,284419,1637193,1921612,5.756271557104132
896648,284420,1637578,1921998,5.757604950425427
896742,284477,1637744,1922221,5.7570348393719
896750,284479,1637761,1922240,5.757054123502965
896763,284484,1637785,1922269,5.757037302625104
896874,284484,1638001,1922485,5.757796572039201
897095,284567,1638391,1922958,5.75748769182653
897177,284591,1638449,1923040,5.757205955212919
897626,284670,1640110,1924780,5.761443074437067
897748,284725,1640223,1924948,5.760727017297392
897763,284728,1640234,1924962,5.76070495349948
897809,284753,1640320,1925073,5.760501206308625
898035,284753,1640357,1925110,5.760631143482246
898072,284781,1640446,1925227,5.760377272360165
898194,284876,1640648,1925524,5.759165391257951
898268,284896,1640732,1925628,5.75905593620128
898628,285013,1641639,1926652,5.7598741110054625
898658,285013,1641694,1926707,5.760067084659296
898731,285029,1641799,1926828,5.760112128941266
898898,285029,1642092,1927121,5.761140094516699
899123,285091,1642673,1927764,5.761925139692239
899143,285091,1642694,1927785,5.761998800383036
899183,285105,1642721,1927826,5.761810561021378
899201,285105,1642774,1927879,5.761996457445503
899293,285156,1642893,1928049,5.7613832428565415
899309,285159,1642916,1928075,5.761403287288846
899345,285188,1642959,1928147,5.7609682034307195
899374,285214,1643027,1928241,5.7606814532245965
899405,285225,1643071,1928296,5.760613550705584
899454,285225,1643176,1928401,5.760981681128933
899483,285240,1643216,1928456,5.760818959472725
899596,285268,1643464,1928732,5.761122873929077
899681,285295,1643537,1928832,5.760833523195289
899697,285319,1643563,1928882,5.7604400688352335
899842,285319,1643899,1929218,5.761617698085301
899927,285361,1643972,1929333,5.761025508040692
900062,285423,1644115,1929538,5.760275100464924
900110,285458,1644168,1929626,5.759754499786308
900186,285491,1644205,1929696,5.75921832912421
900212,285500,1644222,1929722,5.759096322241681
900248,285500,1644254,1929754,5.759208406304729
900265,285507,1644266,1929773,5.759109233749085
901286,285510,1645469,1930979,5.763262232496235
902120,285644,1646086,1931730,5.762718628782681
902411,285745,1646795,1932540,5.763162959981802
902421,285745,1646795,1932540,5.763162959981802
902474,285766,1646889,1932655,5.763068384622383
902496,285768,1646893,1932661,5.763042048094958
902641,285807,1647014,1932821,5.76267901066104
902682,285821,1647057,1932878,5.7625471886250486
902759,285848,1647234,1933082,5.762622092860541
902762,285848,1647243,1933091,5.7626535781254375
902815,285889,1647323,1933212,5.762106971586874
902848,285908,1647413,1933321,5.762038837668061
902889,285908,1647543,1933451,5.762493529387076
903136,286029,1647937,1933966,5.761433281240714
903214,286040,1648054,1934094,5.7616207523423295
903246,286042,1648101,1934143,5.7617447787387865
903277,286042,1648181,1934223,5.762024457946735
903383,286140,1648458,1934598,5.761019081568463
904173,286571,1649613,1936184,5.756384979638554
904314,286675,1649920,1936595,5.7553675765239385
904359,286696,1649989,1936685,5.755186678572425
904430,286722,1650104,1936826,5.755065882631957
905625,286722,1651820,1938542,5.761050773920383
905641,286722,1651846,1938568,5.76114145409142
905818,286793,1652221,1939014,5.761022758575
905984,286959,1652655,1939614,5.759202534159932
906147,287046,1652962,1940008,5.758526507946462
906200,287049,1653045,1940094,5.758755473804124
906462,287233,1653685,1940918,5.757294600550773
906536,287244,1653858,1941102,5.757676400551447
906580,287247,1653974,1941221,5.758020101167288
906593,287255,1653996,1941251,5.757936328349376
906629,287266,1654025,1941291,5.757816796975625
906682,287294,1654109,1941403,5.75754801701393
906846,287310,1654376,1941686,5.7581566948592116
906903,287361,1654498,1941859,5.757559306934483
907053,287405,1654631,1942036,5.757140620378908
907080,287417,1654660,1942077,5.75700115163682
907125,287429,1654705,1942134,5.756917360461192
907155,287448,1654776,1942224,5.756783835685063
907232,287475,1654854,1942329,5.756514479519958
907250,287475,1654864,1942339,5.756549265153492
908969,287660,1671962,1959622,5.812285336856011
909034,287690,1672072,1959762,5.812061594076958
909058,287698,1672119,1959817,5.812063344201211
909101,287721,1672247,1959968,5.812043611693272
909120,287728,1672263,1959991,5.811957821275649
909382,287940,1672870,1960810,5.809786761130791
909442,287967,1673276,1961243,5.8106519149763685
909684,287967,1673860,1961827,5.81267992513031
909709,287993,1673911,1961904,5.812332244186491
909863,288049,1674097,1962146,5.811847984197133
910192,288049,1674441,1962490,5.813042225454697
910382,288155,1674761,1962916,5.812014367267617
910391,288160,1674780,1962940,5.811979455857856
910439,288164,1674830,1962994,5.8120722921669605
910453,288168,1674863,1963031,5.8121061325338
910486,288175,1674931,1963106,5.812200919580116
910516,288202,1674974,1963176,5.811805608566214
910551,288211,1675045,1963256,5.811870469898789
910576,288228,1675083,1963311,5.8116595195470255
910610,288228,1675101,1963329,5.811721970106999
910729,288228,1675328,1963556,5.812509541057774
910757,288237,1675365,1963602,5.812456416074272
910772,288237,1675388,1963625,5.8125362115203805
910779,288237,1675403,1963640,5.812588252028712
910785,288240,1675418,1963658,5.812579794615598
910877,288272,1675474,1963746,5.812128822778487
910936,288291,1675549,1963840,5.812005924569272
911012,288320,1675665,1963985,5.811823668146504
911218,288382,1676079,1964461,5.812009764825821
911331,288440,1676213,1964653,5.811305644154763
911344,288446,1676245,1964691,5.811295701795137
911411,288446,1676372,1964818,5.811735992178779
911431,288448,1676379,1964827,5.811719963390281
911452,288467,1676407,1964874,5.811434236845116
911468,288475,1676431,1964906,5.811356270040731
911513,288488,1676487,1964975,5.811288511133912
911533,288494,1676545,1965039,5.811368693976305
911660,288599,1676738,1965337,5.809923111306692
911727,288615,1676772,1965387,5.809718829582662
911789,288622,1676934,1965556,5.810139213226989
911977,288630,1677471,1966101,5.811838686207255
912003,288643,1677531,1966174,5.811784799908538
912051,288661,1677641,1966302,5.811803464964092
912112,288661,1677683,1966344,5.811948964356113
912824,288755,1677956,1966711,5.81100240688473
912833,288767,1677975,1966742,5.810826721889967
912859,288780,1678031,1966811,5.810759055336242
912872,288787,1678040,1966827,5.810649371335967
912909,288811,1678102,1966913,5.810381183542178
913172,288853,1678510,1967363,5.8109488217190055
913174,288853,1678515,1967368,5.810966131561728
913239,288906,1678648,1967554,5.810360463264868
913293,288932,1678731,1967663,5.810124873672698
913323,288940,1678787,1967727,5.810157818232159
913372,288940,1678896,1967836,5.810535059181837
914011,289090,1679270,1968360,5.8088138641945415
914040,289094,1679280,1968374,5.808768082353836
914228,289094,1679661,1968755,5.810085992791272
914238,289102,1679689,1968791,5.810022068335743
914240,289102,1679694,1968796,5.810039363269711
914247,289102,1679701,1968803,5.810063576177266
914281,289126,1679777,1968903,5.809844150992992
914287,289130,1679783,1968913,5.809784525991768
914427,289226,1680044,1969270,5.808758548678196
914504,289230,1680160,1969390,5.809079279466169
914593,289278,1680309,1969587,5.808630452367619
915101,289463,1680737,1970200,5.806396672459002
915120,289476,1680797,1970273,5.806343185618151
915224,289491,1681002,1970493,5.806750468926495
915295,289520,1681254,1970774,5.807039237358386
915326,289536,1681279,1970815,5.806804680592396
915329,289536,1681292,1970828,5.806849580017683
915344,289543,1681327,1970870,5.80683007359874
915371,289552,1681361,1970913,5.806767005581036
916028,289700,1681817,1971517,5.805374525371073
916064,289721,1681883,1971604,5.80518153671981
916507,289794,1684070,1973864,5.811265933732237
916655,289843,1684201,1974044,5.810735467132206
916687,289846,1684219,1974065,5.810737426081436
916745,289857,1684321,1974178,5.810868807722429
916843,289858,1684610,1974468,5.811845800357417
916872,289884,1684638,1974522,5.811421120172207
917135,289884,1685129,1975013,5.813114901132867
917174,289896,1685151,1975047,5.812950161437205
917260,289912,1685270,1975182,5.8130398189795525
917349,289957,1685418,1975375,5.812648082301859
917435,289963,1685446,1975409,5.812624369316085
917436,289963,1685448,1975411,5.812631266747826
917446,289969,1685464,1975433,5.812566170866541
917491,289988,1685520,1975508,5.812378443245928
917731,290121,1685807,1975928,5.810703120422168
917860,290197,1686014,1976211,5.809894657766965
917870,290206,1686026,1976232,5.809755828618292
917890,290210,1686030,1976240,5.809689535164192
918058,290252,1686316,1976568,5.809834213028679
918105,290262,1686369,1976631,5.809816648407301
918125,290262,1686406,1976668,5.809944119450703
918270,290318,1686763,1977081,5.810053114171357
918283,290327,1686817,1977144,5.810059002435185
919056,290702,1688092,1978794,5.80695007258292
919108,290746,1688263,1979009,5.806659420937863
927811,295065,1703258,1998323,5.772484028942776
928041,295208,1703681,1998889,5.771120701336007
928043,295209,1703682,1998891,5.771104539495747
928053,295209,1703704,1998913,5.7711790629689474
928093,295231,1703792,1999023,5.771047078389465
928146,295258,1703841,1999099,5.770685298958877
928207,295258,1703962,1999220,5.771095110039355
928430,295308,1704494,1999802,5.771919487450391
928457,295324,1704563,1999887,5.771840419336051
928484,295333,1704597,1999930,5.771779652121504
928487,295334,1704600,1999934,5.771770266884273
928512,295343,1704628,1999971,5.771689188502859
928520,295347,1704638,1999985,5.77164487873586
928617,295412,1704810,2000222,5.770957171678876
928628,295421,1704824,2000245,5.7708287494795565
928771,295495,1705026,2000521,5.77006717541752
928967,295495,1705298,2000793,5.770987664765901
929006,295518,1705360,2000878,5.770748313131518
929126,295585,1705594,2001179,5.770231912986112
929396,295591,1705970,2001561,5.7713868148894925
929576,295680,1706154,2001834,5.7702719155844155
929577,295680,1706156,2001836,5.770278679653679
929588,295688,1706176,2001864,5.770190200481589
929612,295705,1706209,2001914,5.769970071523985
929930,295946,1706708,2002654,5.766957485487217
929948,295946,1706741,2002687,5.767068992316166
930015,295977,1706848,2002825,5.766826476381611
930110,296024,1706918,2002942,5.766147339404913
930274,296034,1707310,2003344,5.767276731726761
930579,296201,1707861,2004062,5.765885327868576
931028,296201,1708402,2004603,5.767711790304556
931048,296213,1708465,2004678,5.767690817080952
931129,296213,1708595,2004808,5.76812969045923
931142,296215,1708600,2004815,5.76810762452948
931239,296218,1708668,2004886,5.768278767664356
931243,296218,1708668,2004886,5.768278767664356
931272,296236,1708705,2004941,5.7680531738208725
931356,296238,1709039,2005277,5.769141703630189
931918,296389,1709351,2005740,5.767255195030855
932488,296432,1710326,2006758,5.769707723862471
932542,296438,1710453,2006891,5.7700193632395305
932583,296470,1710527,2006997,5.7696461699328765
932953,296549,1710864,2007413,5.769245554697537
933176,296619,1711316,2007935,5.769407893627853
933234,296624,1711864,2008488,5.771158099142348
933270,296635,1711968,2008603,5.771294688758912
933397,296700,1712175,2008875,5.7707280080889785
933398,296700,1712177,2008877,5.7707347489046175
933407,296702,1712197,2008899,5.770763257409792
933498,296742,1712332,2009074,5.770440315155927
933938,296844,1713699,2010543,5.773062618749242
933969,296856,1713733,2010589,5.7729437841916615
934159,296954,1714143,2011097,5.772419297264896
935214,296954,1716849,2013803,5.781531819743125
935256,296977,1716896,2013873,5.7812423184287
935287,296981,1716916,2013897,5.78123179597348
935324,296985,1716960,2013945,5.7813020859639375
935373,297028,1717089,2014117,5.780899443823478
935420,297028,1717183,2014211,5.781215912304564
935431,297038,1717205,2014243,5.781095348069944
935577,297114,1717438,2014552,5.78040078892277
935586,297116,1717454,2014570,5.780415729883278
935629,297132,1717503,2014635,5.780269375227172
935668,297137,1717538,2014675,5.780289899945143
935673,297142,1717543,2014685,5.780209462142679
935791,297195,1717771,2014966,5.7799458268140445
935851,297205,1717810,2015015,5.77988257263505
935889,297213,1717912,2015125,5.780070185355284
935899,297213,1717928,2015141,5.780124018801331
936209,297248,1718577,2015825,5.781626789751319
936226,297248,1718622,2015870,5.781778178490688
936247,297265,1718634,2015899,5.781487898003465
936271,297273,1718662,2015935,5.781426500220336
936295,297298,1718710,2016008,5.781101790123041
936323,297298,1718747,2016045,5.781226244374332
936753,297328,1719214,2016542,5.782213582306409
936817,297352,1719310,2016662,5.782069735532298
936843,297364,1719350,2016714,5.781970917797716
937063,297491,1719726,2017217,5.780766476969051
937068,297494,1719733,2017227,5.780731712236213
937109,297508,1719798,2017306,5.780678166637536
937130,297509,1719799,2017308,5.780662097617215
937161,297509,1719879,2017388,5.780930997045467
937386,297608,1720359,2017967,5.7806208166447135
937711,297659,1720442,2018101,5.779909224985638
937819,297724,1720671,2018395,5.779416506563126
937883,297750,1720778,2018528,5.779271200671705
937933,297767,1720868,2018635,5.779243502470052
937934,297767,1720871,2018638,5.7792535774615725
937990,297779,1720940,2018719,5.779252398590901
938050,297804,1721040,2018844,5.77910303421042
938183,297804,1721704,2019508,5.781332688613988
938217,297812,1721758,2019570,5.781358709521443
938235,297819,1721791,2019610,5.781333628814817
938261,297832,1721828,2019660,5.781205511832174
938283,297834,1721832,2019666,5.7811801204697915
938405,297893,1721946,2019839,5.780417801022515
938634,298002,1722404,2020406,5.77984040375568
938648,298011,1722432,2020443,5.779759807523884
938739,298070,1722648,2020718,5.779340423390479
938770,298093,1722682,2020775,5.779008564441298
938967,298093,1723146,2021239,5.780565125648707
938998,298101,1723210,2021311,5.780624687605878
939039,298132,1723275,2021407,5.780241637932191
939112,298162,1723362,2021524,5.779951838262421
939128,298171,1723405,2021576,5.7799215886186115
939228,298233,1723526,2021759,5.779125717140625
939353,298260,1723693,2021953,5.779162475692349
939410,298332,1723807,2022139,5.778149846479761
939450,298358,1723858,2022216,5.777817253098626
939477,298365,1723906,2022271,5.777842575369095
939530,298365,1724061,2022426,5.7783620732994825
939588,298376,1724163,2022539,5.778490897391211
939598,298380,1724177,2022557,5.778460352570548
939611,298387,1724188,2022575,5.778361657847024
939657,298395,1724236,2022631,5.778367599993297
939709,298406,1724265,2022671,5.778251777779267
939800,298419,1724310,2022729,5.778150855005881
939808,298419,1724327,2022746,5.778207821888016
939855,298442,1724446,2022888,5.778161250762293
939883,298456,1724493,2022949,5.778047685420966
939911,298470,1724557,2023027,5.777991087881529
939934,298470,1724602,2023072,5.778141856803029
939970,298485,1724657,2023142,5.778035747189976
940311,298652,1725169,2023821,5.776519159423008
940329,298662,1725186,2023848,5.776382666693453
940354,298662,1725213,2023875,5.7764730698917175
940374,298665,1725237,2023902,5.776495404550249
940404,298674,1725269,2023943,5.776428480550701
940579,298758,1725507,2024265,5.775600988090695
940644,298782,1725631,2024413,5.775552074756846
940654,298790,1725652,2024442,5.775467719803206
940657,298790,1725659,2024449,5.775491147628769
940688,298790,1725708,2024498,5.775655142407711
940751,298804,1725823,2024627,5.775769400677367
941501,298814,1726736,2025550,5.778631523288735
941542,298822,1726830,2025652,5.778791387514976
941793,299025,1727261,2026286,5.776309673104255
941837,299030,1727332,2026362,5.77645052335886
942014,299112,1727811,2026923,5.776468346305063
942021,299112,1727811,2026923,5.776468346305063
942150,299112,1728038,2027150,5.777227259354356
942181,299112,1728118,2027230,5.777494717697719
942201,299116,1728144,2027260,5.777504379571805
942213,299116,1728178,2027294,5.777618047847658
942555,299333,1729042,2028375,5.776316009260589
942575,299354,1729076,2028430,5.776024372482078
942684,299360,1729315,2028675,5.776706974879743
942687,299360,1729324,2028684,5.776737039016568
942823,299378,1729674,2029052,5.7775588052562314
943165,299378,1730003,2029381,5.778657750402501
943171,299379,1730015,2029394,5.778678531226305
943210,299393,1730097,2029490,5.778682200318645
943220,299396,1730116,2029512,5.778687758019479
943256,299410,1730174,2029584,5.778611268828697
944127,299410,1730409,2029819,5.7793961457533145
944416,299452,1731073,2030525,5.780802933358268
944419,299459,1731086,2030545,5.7807112158926595
944470,299496,1731173,2030669,5.7802875497502475
944996,299497,1732186,2031683,5.783650587485017
945044,299541,1732326,2031867,5.783268400652999
945064,299546,1732344,2031890,5.78323195769598
945123,299577,1732492,2032069,5.7831275431692015
945126,299577,1732501,2032078,5.7831575855289294
945179,299602,1732552,2032154,5.782845241353529
945188,299606,1732567,2032173,5.78281810110612
945236,299616,1732638,2032254,5.782862063441205
945325,299678,1732748,2032426,5.782032715114223
945341,299678,1732774,2032452,5.782119474903062
945363,299678,1732819,2032497,5.782269636076055
945481,299678,1732996,2032674,5.782860270023158
945512,299689,1733038,2032727,5.782788157056149
945534,299690,1733088,2032778,5.782935700223565
945570,299722,1733147,2032869,5.782515130687771
945590,299731,1733175,2032906,5.782434916641923
945634,299741,1733244,2032985,5.782472201000197
946044,299741,1734099,2033840,5.785324663626264
946348,299877,1734503,2034380,5.78404812639849
948639,300012,1737714,2037726,5.792148314067437
948766,300108,1738004,2038112,5.791261812414198
948787,300122,1738049,2038171,5.791141602415018
948909,300257,1738359,2038616,5.789570268136963
948923,300263,1738386,2038649,5.789544499322261
948957,300272,1738453,2038725,5.789594101348111
948960,300273,1738456,2038729,5.789584811155182
949005,300282,1738675,2038957,5.790140601168235
949045,300297,1738734,2039031,5.7900478526259
949061,300297,1738760,2039057,5.790134433577425
949169,300319,1738842,2039161,5.7899833177388045
949178,300320,1738859,2039179,5.790020644645711
949187,300322,1738882,2039204,5.79005867036048
949196,300327,1738892,2039219,5.789995571493739
949227,300327,1738933,2039260,5.790132089355935
949250,300344,1738966,2039310,5.7899142316810055
949287,300344,1739001,2039345,5.7900307647231175
949315,300372,1739081,2039453,5.789757367530928
949345,300372,1739142,2039514,5.789960449043186
949474,300447,1739334,2039781,5.789154160301151
949533,300452,1739622,2040074,5.7900163753278395
949776,300452,1740036,2040488,5.791394299255788
949937,300452,1740423,2040875,5.79268235857974
949988,300471,1740491,2040962,5.7925423751377005
950383,300471,1740971,2041442,5.7941398670753586
950400,300471,1741016,2041487,5.794289631944514
950411,300478,1741041,2041519,5.794237847696005
950422,300478,1741067,2041545,5.794324376493454
950484,300510,1741129,2041639,5.793913680077202
950542,300517,1741218,2041735,5.794074877627555
950752,300693,1741754,2042447,5.792466070044863
950999,300700,1742236,2042936,5.793934153641503
951018,300706,1742260,2042966,5.793898359194695
951181,300739,1742381,2043120,5.793664938701
951936,300775,1743903,2044678,5.798031751309118
951947,300778,1743922,2044700,5.798037090478692
951974,300790,1743939,2044729,5.797862295953988
952069,300870,1744109,2044979,5.796885698142055
952111,300881,1744128,2045009,5.796736915923571
952249,300881,1744420,2045301,5.797707399270808
952271,300893,1744446,2045339,5.79756258869432
952331,300903,1744539,2045442,5.797678986251383
952377,300916,1744821,2045737,5.798365656861051
952403,300934,1744860,2045794,5.798148431217476
952443,300950,1744923,2045873,5.798049509885363
952466,300952,1744962,2045914,5.7981405672665405
952519,300952,1745020,2045972,5.79833328902948
952526,300957,1745026,2045983,5.798256893841978
952648,301042,1745217,2046259,5.797254203732369
952653,301044,1745225,2046269,5.797242263589376
952708,301057,1745266,2046323,5.797128118595482
952817,301057,1745464,2046521,5.7977858013598755
952863,301066,1745494,2046560,5.797712129566275
952893,301075,1745553,2046628,5.797734783691771
952931,301086,1745581,2046667,5.797615963545299
952951,301087,1745626,2046713,5.7977461663904455
952961,301087,1745642,2046729,5.797799307176995
953153,301171,1746123,2047294,5.797779334663696
953316,301241,1746406,2047647,5.797371539730648
953343,301255,1746436,2047691,5.7972017061957475
953796,301511,1747242,2048753,5.794952754625868
953801,301511,1747247,2048758,5.794969337768771
953809,301511,1747265,2048776,5.795029037083224
953890,301543,1747369,2048912,5.794758956434074
953907,301555,1747403,2048958,5.794641110245229
953934,301567,1747434,2049001,5.79451332539701
954012,301569,1747524,2049093,5.7947733354555675
954037,301576,1747574,2049150,5.794804626362841
954093,301576,1747662,2049238,5.795096426771361
954113,301576,1747683,2049259,5.795166060959758
954285,301605,1748382,2049987,5.79692644352713
954330,301632,1748423,2050055,5.79654347018884
954374,301643,1748460,2050103,5.796454749488634
954437,301643,1748540,2050183,5.796719963665658
954509,301692,1748664,2050356,5.796189491269241
954572,301714,1748751,2050465,5.796055204597732
954625,301749,1748873,2050622,5.795787227132484
954710,301819,1749042,2050861,5.795002965353407
954800,301901,1749213,2051114,5.793995382592307
954833,301916,1749272,2051188,5.7939029398905655
954895,301916,1749289,2051205,5.793959246942858
954943,301916,1749362,2051278,5.794201036049762
954947,301918,1749365,2051283,5.794172589908518
955369,301918,1750078,2051996,5.796534158281387
955381,301926,1750111,2052037,5.796489868378345
956092,301958,1750737,2052695,5.797948721345353
956118,301965,1750793,2052758,5.797999768185054
956178,302000,1750926,2052926,5.79776821192053
956253,302072,1751079,2053151,5.796892793771021
956275,302072,1751125,2053197,5.797045075346275
956507,302133,1751387,2053520,5.796741832239444
956531,302142,1751408,2053550,5.796638666587234
956551,302142,1751429,2053571,5.796708170330507
956638,302156,1751518,2053674,5.796734137333034
956641,302156,1751527,2053683,5.796763923271422
956940,302407,1752097,2054504,5.793837444239055
956974,302407,1752199,2054606,5.79417473801863
957284,302423,1752632,2055055,5.795299960651141
957314,302457,1752698,2055155,5.794866708325481
957454,302457,1752959,2055416,5.795729640907633
957495,302469,1753001,2055470,5.7956385613071095
957525,302469,1753001,2055470,5.7956385613071095
957538,302475,1753013,2055488,5.79556326969171
957568,302484,1753069,2055553,5.795575964348528
957966,302728,1753708,2056436,5.793015512275046
958047,302757,1753819,2056576,5.792827250897584
958436,302821,1754538,2057359,5.793977300121194
958476,302848,1754578,2057426,5.793592825443787
958495,302850,1754598,2057448,5.793620604259535
958737,302861,1755171,2058032,5.795302135302994
958847,302884,1755637,2058521,5.796400602210747
958912,302884,1755728,2058612,5.7967010472656195
958948,302892,1755765,2058657,5.796670100233746
959073,302939,1756132,2059071,5.796982230746123
959240,303014,1756519,2059533,5.796824569161821
959508,303169,1757084,2060253,5.79572449689777
959591,303229,1757189,2060418,5.794923968353951
959615,303246,1757217,2060463,5.79469143863398
959632,303252,1757235,2060487,5.794636144196906
959694,303296,1757338,2060634,5.794135102342266
959909,303360,1757545,2060905,5.793595068565401
959911,303360,1757549,2060909,5.793608254219409
959980,303378,1757591,2060969,5.793402949455794
960025,303383,1757607,2060990,5.793360208053846
960038,303396,1757647,2061043,5.79324381336603
960047,303398,1757672,2061070,5.793288024311301
960579,303431,1758957,2062388,5.796892868559903
960615,303441,1759024,2062465,5.796922630758533
960659,303467,1759084,2062551,5.796623685606672
960660,303468,1759089,2062557,5.796621060540156
960686,303472,1759125,2062597,5.796663283597828
960717,303490,1759173,2062663,5.796477643414939
960838,303490,1759317,2062807,5.796952123628456
961596,303836,1760831,2064667,5.795333666846588
961872,304031,1761401,2065432,5.793491453174183
961955,304058,1761475,2065533,5.793220372428944
962016,304058,1761517,2065575,5.793358503969637
962073,304082,1761651,2065733,5.793341927506396
962106,304103,1761733,2065836,5.7932115105737205
962149,304111,1761849,2065960,5.793440552955993
962868,304111,1763229,2067340,5.7979783697399965
962889,304111,1763277,2067388,5.798136206845527
962939,304111,1763376,2067487,5.7984617458756835
962983,304120,1763412,2067532,5.798408522951466
963007,304130,1763465,2067595,5.798392134942294
963062,304133,1763504,2067637,5.798463172362092
963090,304141,1763558,2067699,5.798488201196156
963165,304183,1763645,2067828,5.797973588267589
963168,304183,1763647,2067830,5.7979801632569865
963191,304195,1763710,2067905,5.797958546327192
963250,304234,1763783,2068017,5.7974552482628505
963296,304234,1763902,2068136,5.797846394551562
963319,304238,1763910,2068148,5.797796461980424
963373,304242,1763962,2068204,5.797891152437862
963416,304266,1764034,2068300,5.797670459400656
963442,304273,1764084,2068357,5.797701406302893
963465,304281,1764135,2068416,5.7977165843414475
963609,304376,1764525,2068901,5.7971883459931135
963655,304387,1764581,2068968,5.797162822328155
963657,304390,1764585,2068975,5.797118827819574
963662,304396,1764599,2068995,5.797050552569679
963702,304429,1764689,2069118,5.79671778969809
964699,304674,1767066,2071740,5.7998582091021875
964853,304688,1767308,2071996,5.800385968597385
964977,304714,1767414,2072128,5.800238912554067
965055,304746,1767518,2072264,5.799971123493007
965062,304746,1767540,2072286,5.800043314760489
965093,304767,1767611,2072378,5.799876627062641
965365,304918,1767982,2072900,5.7982211610990495
965375,304921,1768001,2072922,5.798226425861125
965446,304985,1768064,2073049,5.797216256537207
965674,305099,1768612,2073711,5.796846269571516
965707,305125,1768675,2073800,5.79655878738222
965739,305125,1768724,2073849,5.796719377304384
965760,305132,1768777,2073909,5.796760090714838
965767,305136,1768792,2073928,5.796733259923444
965802,305136,1768858,2073994,5.796949556918882
965843,305154,1768909,2074063,5.796774743244395
965988,305158,1769468,2074626,5.798530597264368
966612,305189,1770313,2075502,5.800710379469771
966645,305194,1770381,2075575,5.800838155402793
967154,305214,1771486,2076700,5.804078449874514
968147,305249,1772721,2077970,5.807458828693951
968209,305249,1772848,2078097,5.807874882472998
968224,305250,1772870,2078120,5.807927927927928
1005526,305255,1883390,2188645,6.16989074708031
1005577,305273,1883471,2188744,6.169792284283248
1005583,305273,1883490,2188763,6.169854523655875
1005872,305285,1884074,2189359,6.171524968472084
1005873,305285,1884076,2189361,6.171531519727468
1005929,305313,1884154,2189467,6.17122100925935
1005983,305343,1884253,2189596,6.1709389113226765
1006093,305364,1884316,2189680,6.170720844631325
1006158,305385,1884410,2189795,6.170604319138137
1006183,305401,1884464,2189865,6.170457857046965
1006188,305403,1884468,2189871,6.170430545868901
1006303,305404,1884590,2189994,6.170809812576128
1006309,305404,1884604,2190008,6.1708556534950425
1006333,305404,1884664,2190068,6.171052114576103
1006446,305483,1884852,2190335,6.170071657015284
1006932,305583,1885132,2190715,6.168968823527487
1006964,305591,1885203,2190794,6.169039664126234
1006971,305596,1885219,2190815,6.168991086270763
1006971,305600,1885223,2190823,6.1689234293193715
1007086,305625,1885314,2190939,6.168716564417178
1007175,305641,1885383,2191024,6.1686193933405535
1007286,305641,1885598,2191239,6.169322832996882
1007306,305651,1885640,2191291,6.169258402557165
1007425,305670,1885685,2191355,6.169022148068178
1007442,305672,1885706,2191378,6.169050485487713
1007455,305684,1885738,2191422,6.168912995119142
1007986,305694,1886337,2192031,6.17067067067067
1008252,305705,1887167,2192872,6.173163670859162
1008341,305734,1887354,2193088,6.173189766267409
1008474,305784,1887524,2193308,6.172736310598331
1008490,305784,1887551,2193335,6.172824608220181
1008531,305810,1887602,2193412,6.172466564206533
1008669,305909,1887859,2193768,6.171309114802114
1008703,305920,1887938,2193858,6.171345449790795
1008743,305939,1887975,2193914,6.17108312441369
1009382,306172,1889784,2195956,6.172295311132305
1011672,306199,1893121,2199320,6.182649192192006
1012115,306199,1893986,2200185,6.185474152430282
1015869,308026,1901051,2209077,6.171722516930389
1015919,308026,1901133,2209159,6.171988728224241
1015945,308033,1901185,2209218,6.172017283862443
1016068,308102,1901415,2209517,6.171381555458907
1016127,308102,1901516,2209618,6.171709368975209
1016148,308104,1901527,2209631,6.171705008698361
1016230,308104,1901662,2209766,6.172143172435281
1016332,308142,1902057,2210199,6.172663901707654
1016361,308142,1902091,2210233,6.172774240447586
1016521,308174,1902307,2210481,6.1728341780941935
1016904,308259,1902614,2210873,6.1721279832867815
1016917,308259,1902628,2210887,6.172173399641211
1017065,308304,1902760,2211064,6.17170065908973
1017073,308306,1902766,2211072,6.171680084072317
1017199,308306,1903155,2211461,6.172941817544907
1017440,308310,1903573,2211883,6.174217508351983
1017741,308448,1904167,2212615,6.1733809264446515
1017742,308448,1904169,2212617,6.173387410519763
1017838,308498,1904351,2212849,6.1729768102224325
1017925,308550,1904416,2212966,6.172147139847675
1017939,308551,1904437,2212988,6.172195196256048
1017986,308561,1904506,2213067,6.172218783319992
1018011,308568,1904521,2213089,6.1721273754893575
1018039,308588,1904593,2213181,6.171960672482403
1018233,308636,1904738,2213374,6.171470599670809
1018493,308640,1905455,2214095,6.173713711767755
1018577,308678,1905553,2214231,6.173271175788362
1018589,308678,1905574,2214252,6.17333920784766
1018723,308752,1905763,2214515,6.172471757267969
1018801,308781,1905902,2214683,6.172342210174849
1018817,308788,1905926,2214714,6.172280010881252
1018822,308790,1905934,2214724,6.172265941254574
1018868,308844,1906033,2214877,6.171507298182902
1018905,308847,1906064,2214911,6.171547724277716
1018993,308898,1906175,2215073,6.170888124882647
1019042,308898,1906175,2215073,6.170888124882647
1019541,308903,1907282,2216185,6.174371890205016
1019561,308903,1907303,2216206,6.174439872710851
1019562,308903,1907305,2216208,6.174446347235216
1019567,308904,1907312,2216216,6.174449019760185
1019666,308958,1907581,2216539,6.174240511655306
1019784,308987,1907764,2216751,6.17425328573694
1019797,308988,1907775,2216763,6.174268903646744
1019830,308988,1907839,2216827,6.174476031431642
1019834,308990,1907843,2216833,6.174449011294864
1020229,308991,1908367,2217358,6.176124870950934
1020275,309011,1908438,2217449,6.175954901281831
1020314,309032,1908490,2217522,6.175703487017525
1020358,309058,1908596,2217654,6.17552692374894
1020368,309062,1908609,2217671,6.175489060447418
1020377,309065,1908621,2217686,6.175467943636452
1020390,309070,1908639,2217709,6.175426278836509
1020408,309070,1908649,2217719,6.175458633966415
1020574,309132,1908821,2217953,6.174776470892693
1020648,309144,1908879,2218023,6.174724400279481
1020699,309144,1908995,2218139,6.175099629945915
1020810,309172,1909309,2218481,6.175556001190276
1020928,309211,1909521,2218732,6.175462709929466
1021126,309211,1909684,2218895,6.17598985805809
1021131,309211,1909684,2218895,6.17598985805809
1021137,309211,1909695,2218906,6.176025432471678
1021148,309211,1909707,2218918,6.176064240922865
1021152,309214,1909708,2218922,6.176007554638535
1021173,309233,1909749,2218982,6.175760672373259
1021181,309233,1909749,2218982,6.175760672373259
1021214,309240,1909804,2219044,6.175798732376148
1021632,309486,1910692,2220178,6.173759071492733
1021985,309486,1910991,2220477,6.174725189507765
1021995,309488,1911008,2220496,6.174740216098847
1022101,309573,1911201,2220774,6.173668246261786
1022165,309573,1911376,2220949,6.174233541038785
1022168,309573,1911385,2220958,6.174262613341603
1022506,309751,1911982,2221733,6.172641896232781
1022532,309765,1912040,2221805,6.172550158991494
1022579,309787,1912090,2221877,6.1722732070745385
1022613,309808,1912137,2221945,6.172006533078552
1022636,309831,1912196,2222027,6.17173878662884
1022718,309861,1912332,2222193,6.171580160136319
1022765,309871,1912343,2222214,6.17141649266953
1022882,309942,1912532,2222474,6.170612566222068
1022904,309951,1912587,2222538,6.170610838487374
1022924,309951,1912616,2222567,6.170704401663489
1023627,309956,1913678,2223634,6.1740311528087854
1023676,310010,1913792,2223802,6.173323441179317
1023792,310061,1914007,2224068,6.173001441651804
1023922,310137,1914135,2224272,6.171901450004353
1024085,310217,1914301,2224518,6.170844924681755
1024141,310253,1914397,2224650,6.170438319693927
1024700,310253,1915980,2226233,6.175540607181881
1024754,310256,1916116,2226372,6.175919240884947
1024909,310353,1916508,2226861,6.175252051695972
1024942,310360,1916595,2226955,6.175393091893286
1025001,310385,1916687,2227072,6.175192100133705
1025013,310391,1916724,2227115,6.175191935333176
1025031,310401,1916738,2227139,6.175038095882423
1025161,310402,1917123,2227525,6.1762585292620535
1025182,310409,1917145,2227554,6.176190123353382
1025858,310839,1919033,2229872,6.173720157380509
1025895,310839,1919134,2229973,6.174045084432777
1025990,310850,1919227,2230077,6.17412578414026
1026046,310863,1919268,2230131,6.173999478870114
1026157,310938,1919551,2230489,6.1734204246505735
1026287,310939,1919936,2230875,6.174638755511531
1026382,311009,1920176,2231185,6.17402068750422
1026439,311038,1920265,2231303,6.17373118397109
1026630,311125,1920673,2231798,6.1733161912414625
1026767,311152,1920815,2231967,6.173236874582198
1026876,311192,1920883,2232075,6.172661893621944
1026897,311198,1920936,2232134,6.172713192244166
1027752,311469,1922243,2233712,6.17153874061303
1028455,311503,1923050,2234553,6.1734557933631455
1028872,311503,1923831,2235334,6.1759629923307315
1028903,311521,1923875,2235396,6.175747381396439
1028986,311549,1923990,2235539,6.175561468661431
1028994,311554,1924007,2235561,6.17551692483486
1029138,311563,1924832,2236395,6.177986474645578
1029238,311594,1924958,2236552,6.177776208784508
1029269,311617,1924995,2236612,6.1774389715580345
1029340,311629,1925184,2236813,6.177807585301753
1029360,311629,1925225,2236854,6.177939152004467
1029385,311638,1925260,2236898,6.177873045007348
1029455,311638,1925397,2237035,6.1783126576348195
1029465,311638,1925413,2237051,6.178363999255547
1029508,311656,1925458,2237114,6.178151551710861
1029791,311681,1926062,2237743,6.17959387963976
1029805,311691,1926075,2237766,6.179437327353051
1029814,311693,1926092,2237785,6.179452217406229
1029868,311707,1926136,2237843,6.179315831854915
1030365,311903,1926667,2238570,6.177135199084331
1030418,311911,1926946,2238857,6.1778712517352705
1030637,311920,1928246,2240166,6.1818607335214155
1030731,311949,1928367,2240316,6.181673927468913
1030752,311954,1928383,2240337,6.181626137186893
1030789,311977,1928436,2240413,6.181340291111204
1030911,312032,1928704,2240736,6.18110962978156
1030989,312092,1928795,2240887,6.180212885943888
1031048,312102,1928834,2240936,6.180139826082499
1031052,312102,1928840,2240942,6.180159050566802
1031138,312102,1928840,2240942,6.180159050566802
1032982,312769,1931516,2244285,6.175535299214436
1033031,312794,1931575,2244369,6.1752303432930296
1033040,312796,1931591,2244387,6.175242010767401
1033096,312812,1931697,2244509,6.175265015408616
1033118,312815,1931722,2244537,6.175285712002301
1033146,312840,1931779,2244619,6.174974427822529
1033228,312917,1932001,2244918,6.17416439503127
1033294,312945,1932094,2245039,6.173909153365607
1033442,313021,1932250,2245271,6.172908526903946
1033554,313100,1932535,2245635,6.1722612583839025
1033559,313103,1932541,2245644,6.17222128181461
1033673,313134,1932883,2246017,6.17270242132761
1035077,313455,1935613,2249068,6.17509052336061
1035145,313526,1935740,2249266,6.174097204059631
1035161,313536,1935767,2249303,6.173986400285773
1035186,313539,1935810,2249349,6.174064470448652
1035334,313590,1936141,2249731,6.174115883797315
1035339,313595,1936146,2249741,6.17403338701191
1035361,313603,1936179,2249782,6.173981116252077
1035408,313610,1936210,2249820,6.173942157456714
1035864,313891,1937425,2251316,6.17228592090885
1035964,313933,1937521,2251454,6.171765950059408
1036009,313961,1937637,2251598,6.1715850057809725
1036016,313965,1937641,2251606,6.171519118373067
1036078,314002,1937835,2251837,6.171409736243718
1036201,314111,1938062,2252173,6.169990863102534
1036232,314111,1938111,2252222,6.170146858912932
1036347,314160,1938247,2252407,6.16961739241151
1036376,314186,1938309,2252495,6.169304170141254
1036391,314186,1938309,2252495,6.169304170141254
1036422,314195,1938369,2252564,6.169318416906698
1036483,314212,1938391,2252603,6.1690546509999615
1036518,314228,1938435,2252663,6.1688805580661175
1036551,314237,1938482,2252719,6.1688534450112495
1036788,314324,1938757,2253081,6.168020895636349
1036887,314326,1939048,2253374,6.168907440046321
1036975,314349,1939416,2253765,6.169626752431215
1037016,314354,1939450,2253804,6.1696367789180355
1037028,314364,1939477,2253841,6.169526408876335
1037039,314376,1939494,2253870,6.169344988167036
1037071,314385,1939568,2253953,6.1694037565405475
1037510,314605,1940244,2254849,6.167238282926209
1037640,314664,1940424,2255088,6.166653954694532
1037720,314667,1940559,2255226,6.167024187474378
1037737,314675,1940592,2255267,6.1669722729800585
1037768,314688,1940630,2255318,6.166838265202359
1037875,314728,1940733,2255461,6.166381764571312
1037888,314728,1940740,2255468,6.166404005998831
1037931,314737,1940787,2255524,6.166377006834278
1037959,314753,1940827,2255580,6.166190632019393
1038451,314836,1941596,2256432,6.167007584901345
1038463,314842,1941633,2256475,6.167007578404406
1038503,314862,1941700,2256562,6.166828642389365
1038569,314862,1941856,2256718,6.167324097541145
1038595,314882,1941890,2256772,6.167040351623783
1039096,314887,1942705,2257592,6.169530657029347
1039132,314909,1942784,2257693,6.16935051078248
1039247,314995,1942977,2257972,6.168278861569231
1039258,314995,1942977,2257972,6.168278861569231
1039560,315022,1943112,2258134,6.168178730374387
1039631,315059,1943243,2258302,6.167870144956976
1039685,315117,1943396,2258513,6.167220429237394
1039699,315129,1943436,2258565,6.167112515826852
1040027,315173,1943997,2259170,6.168031525543115
1040040,315184,1944041,2259225,6.167955860703589
1040067,315214,1944088,2259302,6.167517940193012
1040086,315214,1944110,2259324,6.167587734047346
1040124,315223,1944126,2259349,6.167462399634545
1040146,315229,1944143,2259372,6.167398938549436
1040152,315233,1944152,2259385,6.167349230569134
1040201,315233,1944213,2259446,6.167542738228549
1040221,315245,1944250,2259495,6.167425335849894
1040719,315488,1944893,2260381,6.164713079419819
1040741,315489,1944958,2260447,6.164899568606195
1040793,315525,1945055,2260580,6.164503605102607
1040831,315551,1945094,2260645,6.1641192707359505
1040940,315639,1945357,2260996,6.163233947642718
1040945,315644,1945369,2261013,6.163174335643953
1040965,315649,1945407,2261056,6.163197095507985
1040993,315668,1945470,2261138,6.163025710556661
1043122,315743,1958943,2274686,6.204232556224524
1043392,315752,1959445,2275197,6.205645569940966
1043663,315846,1960236,2276082,6.206303071750157
1043671,315846,1960252,2276098,6.206353729349114
1043693,315865,1960308,2276173,6.20615769395153
1045492,316670,1963697,2280367,6.201083146493195
1045524,316683,1963721,2280404,6.200904374405952
1045725,316702,1964080,2280782,6.201665919381627
1045756,316719,1964120,2280839,6.2014593377726
1046075,316865,1964775,2281640,6.200669054644723
1046200,316927,1965023,2281950,6.20023854073651
1046267,316952,1965157,2282109,6.20017226583205
1046292,316962,1965224,2282186,6.200188035158789
1046344,316973,1965313,2282286,6.200253649364457
1046365,316973,1965343,2282316,6.200348294649702
1046686,317182,1965730,2282912,6.197482833199866
1046711,317182,1965755,2282937,6.197561652300572
1046740,317196,1965807,2283003,6.197452048575644
1046958,317250,1965932,2283182,6.196791174152876
1048516,318526,1969312,2287838,6.182578502225878
1048585,318559,1969379,2287938,6.18214836184192
1049396,318564,1971079,2289643,6.187387777652214
1049406,318564,1971095,2289659,6.187438003038636
1050023,318579,1971993,2290572,6.189965440283258
1050066,318590,1972028,2290618,6.189861577576195
1050223,318627,1972249,2290876,6.189836391768432
1050255,318640,1972324,2290964,6.189819231734873
1050265,318653,1972339,2290992,6.189613780507323
1050370,318705,1972466,2291171,6.1890023689618925
1050374,318705,1972469,2291174,6.1890117820555055
1050401,318710,1972535,2291245,6.189121772143955
1050760,318718,1973586,2292304,6.192264007680771
1050835,318718,1973753,2292471,6.1927879818522955
1050961,318783,1973824,2292607,6.191747991580479
1052206,318801,1975826,2294627,6.197678175413502
1052275,318801,1975958,2294759,6.198092226812338
1052295,318801,1975958,2294759,6.198092226812338
1052324,318822,1976017,2294839,6.197869030368042
1052334,318822,1976033,2294855,6.197919215110626
1052925,318983,1976800,2295783,6.1971954618271194
1053025,318983,1977141,2296124,6.198264484314211
1053098,319004,1977236,2296240,6.198154255119058
1053154,319004,1977324,2296328,6.198430113728982
1053159,319006,1977328,2296334,6.198403791778211
1053271,319044,1977607,2296651,6.198540013289703
1053336,319058,1977650,2296708,6.198402798237311
1053356,319065,1977674,2296739,6.1983420306207195
1053375,319074,1977718,2296792,6.198305095369726
1053402,319088,1977749,2296837,6.198130296344582
1053669,319088,1978366,2297454,6.200063932206789
1053708,319101,1978439,2297540,6.200040112691593
1054044,319214,1979059,2298273,6.199787603300607
1054184,319214,1979424,2298638,6.200931036859286
1054203,319220,1979431,2298651,6.200836413758537
1054265,319248,1979566,2298814,6.200715431263469
1054303,319256,1979653,2298909,6.200832560703636
1054322,319264,1979739,2299003,6.200946552069761
1054371,319287,1979838,2299125,6.2008099296244445
1054836,319526,1981123,2300649,6.200193411490771
1054865,319535,1981152,2300687,6.200109534166836
1054926,319545,1981250,2300795,6.200222190927725
1054948,319556,1981406,2300962,6.200496939503561
1055066,319565,1981591,2301156,6.200901225102874
1055087,319578,1981645,2301223,6.2008179536764105
1055145,319578,1981742,2301320,6.201121478950366
1055170,319578,1981769,2301347,6.201205965366827
1055334,319578,1982122,2301700,6.202310547033901
1055376,319602,1982230,2301832,6.202182714751472
1055379,319602,1982239,2301841,6.202210874775502
1055402,319618,1982293,2301911,6.202069345280929
1055448,319632,1982331,2301963,6.201916579065926
1056217,320006,1983962,2303968,6.199765004406167
1056308,320006,1984058,2304064,6.200064998781273
1056335,320010,1984075,2304085,6.200040623730509
1056345,320010,1984075,2304085,6.200040623730509
1056418,320029,1984099,2304128,6.199747522880739
1056680,320119,1984801,2304920,6.2001974265819895
1056792,320196,1985154,2305350,6.199808867068921
1057007,320250,1986167,2306417,6.201926619828259
1057028,320250,1986210,2306460,6.202060889929743
1057071,320280,1986271,2306551,6.201670413388285
1057257,320413,1986545,2306958,6.19995131283687
1057457,320471,1986903,2307374,6.199946328997007
1057477,320476,1986932,2307408,6.199940089117438
1057521,320501,1987031,2307532,6.199765367346748
1057536,320507,1987070,2307577,6.19977098784114
1057597,320517,1987156,2307673,6.199845874009803
1057721,320517,1987512,2308029,6.200956579526203
1057757,320525,1987552,2308077,6.200926604789018
1057792,320539,1987647,2308186,6.200952146228696
1057795,320539,1987656,2308195,6.200980223935309
1057859,320560,1987757,2308317,6.200889069129024
1057912,320563,1987840,2308403,6.2010899573562765
1058020,320636,1988028,2308664,6.200264474357215
1058373,320840,1988682,2309522,6.198360553546939
1058513,320840,1988945,2309785,6.19918027677347
1058584,320874,1989013,2309887,6.198735329132307
1058634,320874,1989120,2309994,6.1990687933581405
1058652,320875,1989135,2310010,6.199096221269965
1058710,320913,1989249,2310162,6.19871740939133
1058759,320913,1989265,2310178,6.198767267140939
1058764,320916,1989271,2310187,6.198728016054045
1058770,320916,1989290,2310206,6.1987872215782325
1058961,321063,1989644,2310707,6.197051668987084
1059462,321179,1990156,2311335,6.196407610709293
1059523,321239,1990245,2311484,6.195527317666908
1059603,321244,1990529,2311773,6.196314950629428
1059623,321261,1990561,2311822,6.19608667096224
1059687,321275,1990660,2311935,6.19612481518948
1059703,321275,1990686,2311961,6.196205742743755
1059807,321323,1990792,2312115,6.1956100248037025
1059853,321323,1990847,2312170,6.195781192133772
1059872,321323,1990867,2312190,6.195843434799252
1059977,321389,1991077,2312466,6.1952244787469395
1060010,321408,1991137,2312545,6.195044927319793
1060060,321425,1991224,2312649,6.194987944310492
1060348,321425,1991791,2313216,6.19675196391071
1060349,321425,1991793,2313218,6.196758186202069
1060356,321425,1991793,2313218,6.196758186202069
1060406,321438,1991837,2313275,6.196644453984906
1060417,321442,1991860,2313302,6.1966388959750125
1060777,321551,1992134,2313685,6.195390466831078
1060801,321558,1992148,2313706,6.195299137325148
1060989,321672,1992437,2314109,6.194001964734263
1061032,321691,1992466,2314157,6.1937262777012725
1061049,321709,1992552,2314261,6.193647053703813
1061186,321807,1992788,2314595,6.192494258981315
1061207,321812,1992805,2314617,6.192450871937653
1061338,321844,1992931,2314775,6.192226668820919
1061381,321868,1993054,2314922,6.19214709135422
1061626,321918,1993922,2315840,6.193881671730068
1061659,321931,1993940,2315871,6.193687467190174
1061675,321945,1993980,2315925,6.193542375250431
1061783,321955,1994163,2316118,6.193918404746005
1061841,321993,1994244,2316237,6.1934389878040825
1061903,322030,1994306,2316336,6.192919914293699
1062033,322031,1994691,2316722,6.194096220550195
1062058,322031,1994734,2316765,6.194229748067732
1062102,322043,1994788,2316831,6.19416661750139
1062279,322143,1995101,2317244,6.193215435381181
1062306,322162,1995162,2317324,6.193039526697748
1062470,322247,1995662,2317909,6.192957576020879
1062491,322269,1995688,2317957,6.192615485820851
1062503,322269,1995717,2317986,6.192705472757231
1062684,322314,1995907,2318221,6.192430362938005
1062697,322322,1995931,2318253,6.192351127133736
1062717,322322,1995968,2318290,6.192465919173994
1062747,322330,1995996,2318326,6.192399094096113
1062774,322335,1996046,2318381,6.192458156886469
1062788,322343,1996078,2318421,6.192403743838086
1062860,322384,1996228,2318612,6.192081492878058
1062917,322411,1996313,2318724,6.191826581599263
1063185,322475,1996787,2319262,6.1920676021397005
1063205,322481,1996838,2319319,6.1921105429467165
1063212,322486,1996847,2319333,6.1920424452534375
1063230,322486,1996880,2319366,6.192144775277066
1063257,322500,1996921,2319421,6.192003100775194
1063288,322513,1996940,2319453,6.191812423065117
1063418,322596,1997079,2319675,6.190650225049287
1063432,322602,1997094,2319696,6.190581583499172
1063483,322615,1997114,2319729,6.190394123025897
1063490,322622,1997129,2319751,6.190306302731989
1063691,322729,1997394,2320123,6.189075044387087
1063756,322741,1997425,2320166,6.188940977440114
1063801,322741,1997562,2320303,6.189365466426639
1064143,322898,1997875,2320773,6.1873254092623675
1064475,322898,1998497,2321395,6.189251714163606
1064583,322898,1998713,2321611,6.18992065605857
1064675,322898,1998768,2321666,6.190090988485528
1064924,323005,1999048,2322053,6.188907292456773
1065106,323043,1999185,2322228,6.188603374782923
1065119,323047,1999201,2322248,6.188576275278829
1065162,323062,1999279,2322341,6.188530374974463
1065197,323062,1999291,2322353,6.188567519547331
1065224,323083,1999324,2322407,6.1882674111605995
1065268,323113,1999374,2322487,6.187847595113784
1065404,323184,1999492,2322676,6.186853309569781
1065487,323263,1999732,2322995,6.18608377698654
1065670,323304,2000057,2323361,6.186304530720313
1065839,323335,2000158,2323493,6.18602378338256
1065868,323341,2000196,2323537,6.186026516897022
1065884,323350,2000213,2323563,6.185906912014844
1065927,323360,2000281,2323641,6.185925903018307
1065981,323394,2000350,2323744,6.185488908266696
1066022,323402,2000398,2323800,6.185484319824862
1066031,323408,2000431,2323839,6.1854716024340775
1066047,323415,2000468,2323883,6.185452128070745
1066100,323431,2000530,2323961,6.1853378309438485
1066126,323453,2000605,2324058,6.185149001555095
1066235,323453,2000718,2324171,6.1854983567937225
1066301,323453,2000813,2324266,6.185792062525313
1066342,323453,2000881,2324334,6.186002293996346
1066378,323461,2000914,2324375,6.185951320251901
1066405,323464,2000939,2324403,6.185971236366335
1066421,323478,2000970,2324448,6.1857993433865675
1066548,323478,2001240,2324718,6.186634021479049
1066567,323491,2001272,2324763,6.18648432259321
1066625,323499,2001309,2324808,6.186445707714707
1066629,323499,2001311,2324810,6.186451890114034
1066645,323499,2001337,2324836,6.18653226130529
1066676,323500,2001399,2324899,6.186704791344668
1066702,323510,2001439,2324949,6.186637198231894
1066752,323545,2001498,2325043,6.186150303667187
1066851,323564,2001702,2325266,6.1864175248173465
1066873,323571,2001722,2325293,6.186345500678367
1066895,323572,2001727,2325299,6.186341834274907
1066904,323574,2001743,2325317,6.186353044434967
1066943,323592,2001890,2325482,6.186463200573562
1066946,323592,2001899,2325491,6.186491013374867
1067014,323634,2002031,2325665,6.1860960220495995
1067031,323642,2002061,2325703,6.1860358049944075
1067913,323642,2005836,2329478,6.197699927697888
1067973,323676,2005946,2329622,6.197388746771463
1067990,323676,2005981,2329657,6.197496879595645
1068005,323676,2005981,2329657,6.197496879595645
1068039,323682,2006013,2329695,6.1974808608449035
1068283,323900,2006676,2330576,6.195356591540599
1068791,323900,2007578,2331478,6.198141401667181
1068827,323921,2007625,2331546,6.197884669410134
1069140,324054,2008056,2332110,6.196670925216168
1069177,324086,2008101,2332187,6.196197922773584
1069182,324091,2008104,2332195,6.196111585943454
1069193,324099,2008120,2332219,6.19600800989821
1069977,324137,2009754,2333891,6.200322703054573
1070035,324177,2009816,2333993,6.199748902605675
1070038,324177,2009825,2334002,6.199776665216842
1070178,324177,2010190,2334367,6.200902593336356
1070306,324177,2010410,2334587,6.20158123494264
1070360,324177,2010600,2334777,6.202167334511702
1070443,324229,2010751,2334980,6.20163834820451
1070546,324318,2010926,2335244,6.200476075950148
1070570,324338,2010972,2335310,6.200235556734024
1070618,324367,2011043,2335410,6.199900113143445
1070997,324526,2011819,2336345,6.199253680752852
1071099,324560,2012054,2336614,6.1993283214197685
1071171,324589,2012200,2336789,6.199224249743522
1071187,324600,2012229,2336829,6.199103512014787
1071279,324676,2012395,2337071,6.1981637078194876
1071379,324722,2012599,2337321,6.1979139078966
1071399,324733,2012622,2337355,6.197774787286787
1071573,324748,2012898,2337646,6.198338403931664
1071889,324804,2013337,2338141,6.198621322397507
1071912,324816,2013365,2338181,6.1984785232254564
1071924,324816,2013390,2338206,6.198555489877346
1071991,324817,2013428,2338245,6.198653395604294
1072049,324824,2013487,2338311,6.198701450631726
1072095,324862,2013571,2338433,6.198234942837266
1072228,324897,2013688,2338585,6.197927343127207
1072243,324902,2013735,2338637,6.197976620642533
1072266,324907,2013776,2338683,6.198007429818379
1072291,324917,2013831,2338748,6.1979859471803564
1072300,324921,2013846,2338767,6.197955810797086
1072557,324921,2014561,2339482,6.200156345696339
1072911,324928,2015418,2340346,6.202660281662399
1072946,324928,2015484,2340412,6.202863403584794
1072983,324935,2015561,2340496,6.202966747195593
1073030,324948,2015651,2340599,6.202995556212071
1073072,324961,2015721,2340682,6.202962817076511
1073230,325005,2015954,2340959,6.202839956308364
1073244,325005,2015980,2340985,6.202919955077614
1073311,325055,2016114,2341169,6.202378059097692
1073482,325072,2016229,2341301,6.202407466653542
1073485,325074,2016241,2341315,6.2024062213526765
1073623,325096,2016327,2341423,6.202251027388833
1073628,325097,2016333,2341430,6.202250405263659
1074196,325097,2017724,2342821,6.206529128229421
1074254,325116,2017807,2342923,6.206421707944242
1074353,325116,2017976,2343092,6.206941522410463
1074378,325128,2018006,2343134,6.206804704608646
1074456,325161,2018141,2343302,6.206589966201359
1074505,325162,2018232,2343394,6.206850739016244
1074830,325347,2018768,2344115,6.204968848644678
1074887,325369,2018819,2344188,6.204706041448325
1075097,325412,2019237,2344649,6.205170675943112
1075143,325423,2019287,2344710,6.205114573954514
1075219,325453,2019488,2344941,6.205160192101471
1075232,325466,2019526,2344992,6.2050290967412876
1075515,325634,2019975,2345609,6.203206667608419
1075546,325651,2020053,2345704,6.20312236105524
1075668,325691,2020370,2346061,6.203333834831175
1075743,325691,2020600,2346291,6.204040025668502
1075820,325750,2020761,2346511,6.203410590943975
1075831,325757,2020784,2346541,6.203347894289301
1075859,325775,2020812,2346587,6.203091090476556
1076032,325775,2021001,2346776,6.20367124549152
1076124,325775,2021001,2346776,6.20367124549152
1076163,325788,2021060,2346848,6.203604798212335
1076172,325794,2021067,2346861,6.203512035212435
1076184,325794,2021072,2346866,6.203527382333622
1076818,326116,2022967,2349083,6.203212967165058
1076880,326118,2023147,2349265,6.203726871868465
1076886,326119,2023157,2349276,6.203738512628826
1076963,326180,2023349,2349529,6.20316696302655
1077007,326204,2023435,2349639,6.202974212456009
1077038,326213,2023473,2349686,6.20291956482421
1077094,326225,2023626,2349851,6.2031603954326
1077144,326228,2023802,2350030,6.203642851012176
1077347,326331,2024095,2350426,6.202582653808556
1077447,326349,2024340,2350689,6.2029912762104376
1077622,326494,2024649,2351143,6.201182870129314
1077669,326512,2024809,2351321,6.201331038369187
1077683,326526,2024833,2351359,6.201138653583482
1077775,326526,2025023,2351549,6.201720536802583
1077783,326528,2025030,2351558,6.201703988631909
1077825,326539,2025090,2351629,6.201678819375327
1077848,326545,2025126,2351671,6.201675113690303
1077915,326557,2025174,2351731,6.201594208668012
1077988,326606,2025346,2351952,6.201190425160591
1078082,326642,2025528,2352170,6.201064161987742
1079201,326642,2027572,2354214,6.207321777358699
1079241,326664,2027610,2354274,6.207020057306591
1079279,326676,2027632,2354308,6.206859395853996
1079310,326688,2027650,2354338,6.206686502105985
1079448,326735,2027779,2354514,6.206188501384914
1079690,326767,2028233,2355000,6.206970104080278
1079716,326767,2028259,2355026,6.207049671478454
1079744,326776,2028299,2355075,6.2070011261536955
1079747,326780,2028306,2355086,6.2069465695575
1079755,326782,2028330,2355112,6.2069820247137235
1079778,326788,2028354,2355142,6.206941503359976
1079908,326788,2028740,2355528,6.208122697283866
1079941,326800,2028767,2355567,6.207977356181151
1080151,326831,2028939,2355770,6.207914793884301
1080207,326831,2029131,2355962,6.208502253458209
1080229,326842,2029141,2355983,6.208323899621224
1080405,326956,2029411,2356367,6.206985037742082
1080466,326975,2029533,2356508,6.2069974768713205
1080559,326996,2029720,2356716,6.207170729917186
1080680,326996,2029934,2356930,6.20782517217336
1080704,327007,2029978,2356985,6.20775090441489
1080707,327008,2029981,2356989,6.207741095019082
1080777,327008,2030251,2357259,6.208566762892651
1081719,327425,2031760,2359185,6.20526838207223
1081945,327425,2032285,2359710,6.206871802702909
1081979,327447,2032327,2359774,6.206583050081387
1082125,327510,2032555,2360065,6.2060853103722025
1082134,327510,2032595,2360105,6.20620744404751
1082599,327510,2034119,2361629,6.210860737076731
1083055,327703,2034626,2362329,6.2087499961855706
1083079,327716,2034678,2362394,6.208662378400811
1083123,327744,2034744,2362488,6.208333333333333
1083192,327770,2034853,2362623,6.208173414284407
1083221,327786,2034891,2362677,6.207986308140067
1083230,327788,2034906,2362694,6.207994191367591
1083336,327788,2034969,2362757,6.208186388763469
1083423,327788,2035081,2362869,6.208528073022808
1083533,327788,2035239,2363027,6.2090100918886595
1083663,327789,2035624,2363413,6.21016568585279
1083664,327789,2035626,2363415,6.2101717873388065
1083711,327797,2035669,2363466,6.210151404680336
1083714,327797,2035678,2363475,6.210178860697321
1083888,327797,2035969,2363766,6.21106660524654
1084007,327872,2036151,2364023,6.210200932071052
1085156,327878,2038798,2366676,6.218160413324468
1085165,327882,2038825,2366707,6.218166901507249
1085326,327907,2039120,2367027,6.218592466766491
1085762,327984,2040047,2368031,6.219958900434167
1085785,327995,2040119,2368114,6.219969816613058
1085819,328007,2040182,2368189,6.219934330669772
1085854,328014,2040199,2368213,6.219853420890572
1085876,328014,2040252,2368266,6.220014999359783
1086043,328099,2040441,2368540,6.218979637243637
1086051,328104,2040445,2368549,6.218897057030698
1086124,328155,2040577,2368732,6.218332800048757
1086146,328158,2040598,2368756,6.218339946001621
1086206,328174,2040788,2368962,6.218615734336053
1086237,328187,2040806,2368993,6.218424252027045
1086281,328205,2040871,2369076,6.218281257141116
1086295,328205,2040897,2369102,6.2183604759220605
1086334,328219,2040916,2369135,6.218153123371895
1086371,328229,2040969,2369198,6.218125150428512
1086646,328320,2042095,2370415,6.219831262183236
1087078,328344,2042576,2370920,6.220841556416441
1087216,328382,2042902,2371284,6.22111443379966
1087736,328422,2044405,2372827,6.224933165256895
1087795,328441,2044485,2372926,6.224816633733304
1087819,328454,2044502,2372956,6.224622017086107
1087828,328455,2044507,2372962,6.224618288654458
1088279,328494,2045409,2373903,6.226625143838244
1088347,328494,2045451,2373945,6.226753000054796
1088418,328532,2045611,2374143,6.22651979107058
1088480,328571,2045712,2374283,6.226088120984506
1088494,328577,2045738,2374315,6.226053558222274
1089847,328728,2048696,2377424,6.23219196417707
1089908,328753,2048779,2377532,6.231970506733019
1089923,328753,2048807,2377560,6.23205567705846
1090380,328903,2049200,2378103,6.230408357479257
1090401,328909,2049226,2378135,6.230373750794293
1090406,328911,2049229,2378140,6.230344986941756
1090416,328920,2049236,2378156,6.230195792289918
1090460,328920,2049373,2378293,6.230612306943938
1090790,329033,2049629,2378662,6.229250561493832
1090840,329033,2049736,2378769,6.22957575683898
1090862,329045,2049769,2378814,6.229448859578477
1090899,329045,2049850,2378895,6.22969502651613
1091051,329108,2050067,2379175,6.229161855682633
1091279,329115,2050534,2379649,6.230448323534327
1091303,329115,2050536,2379651,6.230454400437537
1091367,329148,2050618,2379766,6.230078870295429
1091370,329148,2050618,2379766,6.230078870295429
1091400,329157,2050673,2379830,6.230075617410536
1091411,329160,2050693,2379853,6.230079596548791
1091551,329230,2050920,2380150,6.229444461318835
1091563,329243,2050953,2380196,6.2292987246501825
1091572,329243,2050953,2380196,6.2292987246501825
1091635,329285,2051021,2380306,6.228710691346402
1091651,329285,2051047,2380332,6.228789650302929
1091653,329285,2051051,2380336,6.228801797834702
1091673,329312,2051077,2380389,6.2283700563599265
1091723,329330,2051122,2380452,6.2281662769866095
1091736,329337,2051146,2380483,6.2281067720905945
1093442,329467,2054473,2383940,6.235747434492681
1093452,329471,2054482,2383953,6.235699044832474
1093514,329534,2054641,2384175,6.234989409287054
1093530,329534,2054667,2384201,6.235068308581209
1093626,329534,2054805,2384339,6.235487081757876
1094371,329853,2055981,2385834,6.233021982519486
1094434,329853,2056209,2386062,6.233713199516148
1094467,329872,2056283,2386155,6.233578478925159
1094560,329872,2056469,2386341,6.234142333996217
1094604,329875,2056581,2386456,6.23442516104585
1094658,329889,2056690,2386579,6.2344909954560475
1094684,329908,2056732,2386640,6.234259248032785
1094823,329908,2056985,2386893,6.235026128496429
1094989,329997,2057214,2387211,6.234038491259011
1094998,329999,2057230,2387229,6.234049194088467
1095046,330027,2057311,2387338,6.233765722198487
1095137,330068,2057572,2387640,6.233782129742962
1095226,330070,2057833,2387903,6.234535098615445
1095371,330082,2058071,2388153,6.235029477523767
1095557,330153,2058371,2388524,6.234597292770322
1095940,330434,2059073,2389507,6.231419890205003
1095956,330440,2059095,2389535,6.231373320421256
1096061,330471,2059390,2389861,6.2316814485991205
1096082,330479,2059407,2389886,6.231582036982683
1096114,330501,2059485,2389986,6.231403233273122
1096137,330501,2059514,2390015,6.231490978847265
1096738,330658,2060267,2390925,6.230809476861289
1096776,330673,2060337,2391010,6.230738524161332
1096836,330707,2060408,2391115,6.2303126332372765
1096904,330730,2060491,2391221,6.230130317781876
1096979,330730,2060658,2391388,6.230635261391467
1097019,330746,2060695,2391441,6.230445719676126
1097051,330746,2060716,2391462,6.230509212507483
1097063,330752,2060762,2391514,6.230535265092879
1097078,330755,2060780,2391535,6.2305331741016765
1097120,330755,2060829,2391584,6.230681320010279
1097239,330755,2060989,2391744,6.231165061752657
1097745,330807,2061565,2392372,6.231926773012663
1097754,330809,2061568,2392377,6.231898164802046
1097788,330842,2061645,2392487,6.231509300512027
1097936,330874,2061742,2392616,6.231199792065862
1098418,330892,2062281,2393173,6.232489754965366
1098467,330908,2062374,2393282,6.232469447701476
1098540,330960,2062447,2393407,6.231710780759004
1098955,330972,2063433,2394405,6.23446394256916
1099166,331082,2063969,2395051,6.234011513763962
1099385,331206,2064391,2395597,6.232951697734944
1099744,331206,2065450,2396656,6.2361491035790415
1099801,331206,2065450,2396656,6.2361491035790415
1099814,331212,2065463,2396675,6.2360753837421345
1099866,331236,2065586,2396822,6.235994879783599
1099964,331237,2065875,2397112,6.236848540471022
1100719,331237,2067433,2398670,6.241552121290797
1100735,331243,2067467,2398710,6.241541708051189
1100830,331243,2067571,2398814,6.241855676950155
1100932,331284,2067882,2399166,6.242021950954468
1100947,331298,2067925,2399223,6.241887967932194
1100969,331308,2067964,2399272,6.241817281804242
1101016,331340,2068037,2399377,6.241434779984306
1101804,331665,2069796,2401461,6.240622314684998
1101843,331683,2069850,2401533,6.240446450375811
1101942,331714,2069907,2401621,6.240035090469501
1102022,331791,2070213,2402004,6.239509209110555
1102066,331797,2070241,2402038,6.239480766854432
1102210,331797,2070436,2402233,6.240068475604059
1102751,332133,2071889,2404022,6.238130507959161
1102993,332133,2072399,2404532,6.23966603740068
1103070,332164,2072494,2404658,6.239369708938958
1103225,332168,2072716,2404884,6.23996291033453
1103376,332168,2072965,2405133,6.2407125310084055
1103470,332192,2073245,2405437,6.241104541951643
1103552,332224,2073325,2405549,6.240744196686573
1104020,332224,2074322,2406546,6.243745183972259
1104175,332231,2074437,2406668,6.2439597749758455
1104193,332240,2074475,2406715,6.243905008427642
1104242,332257,2074563,2406820,6.243850392918735
1104534,332344,2075249,2407593,6.244280023108586
1105165,332344,2076560,2408904,6.248224731001613
1105209,332382,2076620,2409002,6.247690909856731
1105240,332382,2076659,2409041,6.247808244730461
1105325,332389,2076814,2409203,6.248142989088087
1105343,332395,2076865,2409260,6.248183636937981
1105358,332411,2076897,2409308,6.247979158331102
1105384,332423,2076959,2409382,6.247940124479955
1105834,332671,2077809,2410480,6.2458374790709135
1106174,332884,2078747,2411631,6.244658800062484
1106221,332884,2078747,2411631,6.244658800062484
1106253,332902,2078789,2411691,6.244447314825384
1106301,332923,2078868,2411791,6.244290721878633
1106573,332923,2079522,2412445,6.2462551400774355
1106598,332934,2079602,2412536,6.246289054287036
1106621,332945,2079628,2412573,6.246160777305561
1106767,332964,2079830,2412794,6.246411023413943
1106837,332977,2079912,2412889,6.246413415941642
1106963,332989,2080170,2413159,6.246963112895621
1107008,332996,2080307,2413303,6.247243210128651
1107191,333005,2081375,2414380,6.250281527304395
1107260,333047,2081471,2414518,6.249781562362069
1107312,333081,2081576,2414657,6.249458840342139
1107342,333096,2081650,2414746,6.249399572495617
1107367,333106,2081703,2414809,6.24937107107047
1107604,333170,2081863,2415033,6.248650838911066
1107645,333187,2081897,2415084,6.248434062553461
1107680,333221,2081974,2415195,6.248027585296245
1107725,333244,2082039,2415283,6.24779140809737
1107754,333248,2082049,2415297,6.247746423084309
1107780,333252,2082062,2415314,6.247710441347689
1107888,333252,2082205,2415457,6.248139546049236
1108027,333357,2082454,2415811,6.246918468788716
1108312,333409,2082738,2416147,6.24679597731315
1108325,333409,2082745,2416154,6.246816972547232
1108447,333453,2082857,2416310,6.246328568044072
1108464,333461,2082882,2416343,6.246253684838707
1108665,333589,2083292,2416881,6.245086019023409
1108708,333600,2083333,2416933,6.245002997601919
1108725,333607,2083344,2416951,6.244904933049966
1108801,333622,2083482,2417104,6.245037797267567
1108836,333643,2083512,2417155,6.24473464151803
1109565,333652,2084340,2417992,6.247047822281899
1109710,333693,2084511,2418204,6.246792710665193
1109925,333733,2084920,2418653,6.247269523840915
1112264,333733,2088093,2421826,6.2567771242280505
1112462,333756,2088347,2422103,6.257106988338786
1112547,333776,2088484,2422260,6.2571425147404245
1112604,333791,2088606,2422397,6.257226827565752
1112633,333791,2088606,2422397,6.257226827565752
1112661,333798,2088634,2422432,6.257179491788447
1112688,333808,2088674,2422482,6.257111872693285
1112735,333837,2088759,2422596,6.256822940536849
1112736,333837,2088761,2422598,6.2568289314845265
1112757,333844,2088794,2422638,6.256796587627754
1112779,333844,2088818,2422662,6.256868477492482
1112900,333916,2089011,2422927,6.256097341846452
1113046,333948,2089328,2423276,6.256447111526345
1113072,333960,2089398,2423358,6.256431908012936
1113351,333971,2089700,2423671,6.2571301100993795
1113637,334147,2090852,2424999,6.257281974699758
1113668,334165,2090882,2425047,6.257034698427423
1113797,334216,2090987,2425203,6.256394068506594
1113884,334272,2091081,2425353,6.255627153934521
1113978,334345,2091210,2425555,6.254647145912156
1114018,334357,2091270,2425627,6.254602116899004
1114129,334413,2091450,2425863,6.254092992796332
1114134,334415,2091458,2425873,6.254079511983613
1114216,334463,2091608,2426071,6.253630446417093
1114394,334488,2091755,2426243,6.253602520867714
1114531,334574,2092021,2426595,6.252790115191258
1114578,334610,2092124,2426734,6.252425211440184
1114595,334615,2092145,2426760,6.252394542982233
1114617,334627,2092178,2426805,6.2522689442274535
1114617,334627,2092178,2426805,6.2522689442274535
1114664,334646,2092240,2426886,6.252099233219582
1114666,334650,2092246,2426896,6.252042432392051
1114688,334664,2092263,2426927,6.251831687901896
1114759,334694,2092356,2427050,6.251549176262497
1114819,334713,2092433,2427146,6.251424354596326
1114819,334713,2092433,2427146,6.251424354596326
1114827,334713,2092433,2427146,6.251424354596326
1115094,334888,2092915,2427803,6.249596880150976
1115105,334893,2092936,2427829,6.2495662793787865
1115193,334909,2093114,2428023,6.249799199185451
1115337,335035,2093388,2428423,6.248266599012044
1115350,335043,2093402,2428445,6.248159191506762
1115392,335066,2093466,2428532,6.247921305056317
1115415,335073,2093513,2428586,6.247931047861212
1115479,335111,2093616,2428727,6.247529922921062
1123885,335139,2118764,2453903,6.322045479636808
1123940,335142,2118803,2453945,6.32210525687619
1124059,335142,2119073,2454215,6.322910885535086
1124136,335172,2119360,2454532,6.323201222059122
1124166,335188,2119402,2454590,6.3230246906213825
1124306,335219,2119605,2454824,6.323045531428708
1124350,335249,2119674,2454923,6.322685526280466
1124370,335257,2119695,2454952,6.322597291033446
1124432,335257,2119759,2455016,6.322788189359208
1124470,335270,2119813,2455083,6.3227040892415065
1124934,335345,2120485,2455830,6.323293921185645
1125388,335711,2121787,2457498,6.320278453789122
1125686,335827,2122230,2458057,6.319414460421586
1125770,335846,2122310,2458156,6.319295153135664
1125912,335894,2122475,2458369,6.318883338195978
1126385,336315,2124015,2460330,6.315552383925784
1126930,336315,2125751,2462066,6.3207142113792125
1127546,336648,2126883,2463531,6.317824552648464
1127686,336648,2127248,2463896,6.318908771179392
1127713,336664,2127292,2463956,6.318739158329967
1127827,336697,2127589,2464286,6.319001951309337
1127957,336708,2127783,2464491,6.319371681100538
1127965,336712,2127811,2464523,6.319379766684882
1128035,336718,2127959,2464677,6.3197066981866135
1128070,336721,2128034,2464755,6.31987312938605
1128227,336805,2128276,2465081,6.319015454046109
1128241,336808,2128306,2465114,6.319048241134415
1128497,336915,2128997,2465912,6.3190923526705545
1128547,336915,2129104,2466019,6.31940994019263
1128752,336915,2129773,2466688,6.321395604232522
1128775,336928,2129801,2466729,6.3212348038750115
1128829,336946,2130021,2466967,6.321550040659334
1128985,337039,2130366,2467405,6.320829340224722
1128994,337043,2130379,2467422,6.320792895861953
1129003,337043,2130401,2467444,6.320858169432387
1129014,337045,2130410,2467455,6.320847364595232
1129249,337045,2131124,2468169,6.322965776083312
1129270,337045,2131167,2468212,6.323093355486656
1129313,337072,2131220,2468292,6.322744102150282
1129338,337080,2131251,2468331,6.322686009255963
1129360,337096,2131285,2468381,6.322486769347604
1129368,337098,2131289,2468387,6.322461124064812
1129452,337125,2131342,2468467,6.322111976269929
1129719,337266,2131832,2469098,6.320921765016338
1129742,337281,2131852,2469133,6.320699950486389
1130336,337391,2132262,2469653,6.319854412239805
1130384,337403,2132314,2469717,6.319783760073266
1130409,337403,2132339,2469742,6.319857855442898
1130425,337403,2132365,2469768,6.319934914627315
1131217,337412,2134302,2471714,6.325507095183337
1131287,337447,2134467,2471914,6.32533997931527
1131311,337466,2134511,2471977,6.325114233730213
1131320,337468,2134527,2471995,6.325124159920348
1131459,337548,2134835,2472383,6.324537547252539
1131541,337568,2134928,2472496,6.32443833538724
1131601,337584,2135045,2472629,6.324485165173705
1131639,337617,2135103,2472720,6.324038777668187
1131777,337665,2135245,2472910,6.3235603334666015
1131920,337706,2135472,2473178,6.32346478889922
1131981,337706,2135590,2473296,6.3238142052554585
1132008,337706,2135590,2473296,6.3238142052554585
1132051,337721,2135675,2473396,6.323785017810559
1132105,337728,2135784,2473512,6.323976691301876
1132134,337748,2135828,2473576,6.3237324869429274
1132189,337769,2135915,2473684,6.32359689610355
1132530,337939,2136799,2474738,6.3230316713963175
1132747,338040,2137037,2475077,6.32184652703822
1132749,338040,2137039,2475079,6.321852443497811
1132791,338046,2137105,2475151,6.321935476236962
1132823,338062,2137140,2475202,6.321739799208429
1132905,338079,2137292,2475371,6.321871515237563
1132936,338083,2137332,2475415,6.321915032699071
1132969,338083,2137364,2475447,6.322009684012506
1132977,338084,2137372,2475456,6.322014647247429
1133024,338110,2137447,2475557,6.321750317943865
1133174,338172,2137695,2475867,6.321324651360846
1133456,338172,2138022,2476194,6.3222916149178525
1133475,338182,2138040,2476222,6.322157891312962
1133501,338191,2138053,2476244,6.322028084721356
1141907,338191,2163229,2501420,6.3964712248404005
1141927,338191,2163250,2501441,6.39653331992868
1142016,338223,2163331,2501554,6.3961676172229565
1142039,338223,2163414,2501637,6.396413017447069
1144354,338266,2166397,2504663,6.4044184162759485
1144542,338280,2166877,2505157,6.405572306964645
1144600,338305,2166904,2505209,6.405178758812315
1144623,338318,2166954,2505272,6.405080427290301
1145175,338570,2167662,2506232,6.402404229553711
1145342,338570,2167955,2506525,6.403269634049089
1145609,338681,2168594,2507275,6.403057744603329
1145735,338725,2169023,2507748,6.403492508672227
1145753,338740,2169052,2507792,6.403294562201098
1145867,338818,2169288,2508106,6.40251698552025
1145937,338819,2169433,2508252,6.40292604605999
1145983,338836,2169478,2508314,6.402737607574165
1146082,338836,2169771,2508607,6.403602332691921
1146102,338836,2169792,2508628,6.403664309577494
1146163,338836,2169910,2508746,6.40401256064881
1146314,338854,2170012,2508866,6.40397339267059
1148405,340390,2176056,2516446,6.392831751814096
1148426,340399,2176099,2516498,6.392789050496623
1148927,340640,2177302,2517942,6.391797792390793
1148945,340640,2177333,2517973,6.391888797557539
1149140,340640,2177803,2518443,6.3932685533114135
1149162,340662,2177850,2518512,6.392993641791571
1149192,340673,2177881,2518554,6.392878214592879
1149306,340688,2178025,2518713,6.393019419527544
1149376,340727,2178119,2518846,6.392563547943075
1149391,340743,2178159,2518902,6.392380767910126
1149417,340763,2178217,2518980,6.392175793733474
1149457,340770,2178256,2519026,6.392158934178478
1150359,340780,2179507,2520287,6.395642349903163
1150378,340789,2179538,2520327,6.395564410823119
1150392,340793,2179571,2520364,6.395586176946122
1150395,340793,2179576,2520369,6.3956008486089795
1151171,341071,2180758,2521829,6.393853479187618
1151218,341102,2180815,2521917,6.3934394990354795
1151304,341151,2180942,2522093,6.392893469460737
1151560,341153,2181225,2522378,6.393685531125331
1151901,341153,2181904,2523057,6.39567584045868
1151923,341164,2181949,2523113,6.3956015288834696
1151941,341164,2181979,2523143,6.395689463132101
1151950,341169,2181983,2523152,6.395607455542561
1152332,341169,2182738,2523907,6.397820435033664
1152355,341176,2182786,2523962,6.397829859075667
1152359,341176,2182793,2523969,6.397850376345347
1152366,341177,2182795,2523972,6.397837486114246
1152397,341183,2182815,2523998,6.39778359414156
1152406,341185,2182831,2524016,6.3977929862098275
1152497,341238,2183027,2524265,6.397373680539682
1152736,341272,2183560,2524832,6.398298131695539
1152763,341279,2183609,2524888,6.398310473249159
1152773,341279,2183635,2524914,6.3983866572511054
1152799,341289,2183690,2524979,6.398360333910556
1153285,341578,2184568,2526146,6.395517275702768
1153305,341583,2184574,2526157,6.395441225119517
1153321,341589,2184586,2526175,6.395364019333175
1153338,341596,2184610,2526206,6.395303223691144
1153352,341602,2184626,2526228,6.395237732800159
1154559,341701,2189047,2530748,6.406323071925455
1155171,341701,2189786,2531487,6.408485781428793
1155174,341702,2189789,2531491,6.408475806404411
1155267,341702,2189932,2531634,6.408894299711444
1155331,341726,2190015,2531741,6.408687076780812
1155363,341732,2190052,2531784,6.408682827478843
1155417,341756,2190163,2531919,6.408557567387259
1155427,341756,2190179,2531935,6.408604384414612
1155602,341882,2190466,2532348,6.407081975652418
1155618,341882,2190492,2532374,6.407158025283578
1155874,341946,2191092,2533038,6.40771349862259
1155900,341952,2191102,2533054,6.40763031068688
1155910,341952,2191102,2533054,6.40763031068688
1155923,341959,2191125,2533084,6.407566404159563
1156013,341991,2191215,2533206,6.407230014824951
1156033,341991,2191239,2533230,6.407300192110319
1156108,341991,2191239,2533230,6.407300192110319
1156113,341996,2191254,2533250,6.4072503771973945
1156140,342017,2191300,2533317,6.406991465336518
1156158,342017,2191310,2533327,6.407020703649234
1156180,342019,2191341,2533360,6.407073876012736
1156209,342044,2191402,2533446,6.406783922536282
1156281,342091,2191538,2533629,6.406301247328927
1156295,342096,2191565,2533661,6.406286539450915
1156304,342098,2191580,2533678,6.4062929336038215
1156339,342101,2191584,2533685,6.406248447096033
1156399,342101,2191687,2533788,6.4065495277710385
1156421,342110,2191717,2533827,6.406468679664435
1156518,342154,2191856,2534010,6.406051076415883
1156548,342163,2191911,2534074,6.406043318535318
1156596,342171,2191948,2534119,6.406001677523811
1156633,342171,2192016,2534187,6.406200408567646
1156658,342188,2192096,2534284,6.406115936268952
1156707,342220,2192186,2534406,6.405779907661738
1156788,342220,2192230,2534450,6.405908479925194
1156868,342232,2192431,2534663,6.406271184459665
1156898,342255,2192475,2534730,6.4059692334662754
1157137,342439,2192963,2535402,6.403952236748735
1157140,342439,2192968,2535407,6.403966837889376
1157149,342442,2192981,2535423,6.403948697881685
1157439,342536,2193164,2535700,6.402725552934582
1157452,342541,2193186,2535727,6.402696319564665
1157479,342549,2193247,2535796,6.4027248656396605
1157785,342691,2193759,2536450,6.401565842114325
1157828,342691,2193867,2536558,6.401880994832079
1157833,342693,2193869,2536562,6.401849468766505
1157899,342700,2194036,2536736,6.402206011088415
1157953,342728,2194123,2536851,6.40193681286618
1157977,342740,2194160,2536900,6.401820622045865
1157978,342740,2194162,2536902,6.401826457372936
1158008,342755,2194190,2536945,6.4016279850038655
1158031,342779,2194251,2537030,6.401357726115077
1158094,342791,2194379,2537170,6.401507040733275
1158109,342791,2194410,2537201,6.401597474846189
1158135,342807,2194459,2537266,6.401441627504689
1158907,343009,2195779,2538788,6.40152007673268
1158944,343016,2195800,2538816,6.401450661193647
1159003,343052,2195859,2538911,6.400950876251997
1159042,343081,2195946,2539027,6.400663400188294
1159477,343100,2197362,2540462,6.404436024482658
1159564,343109,2197854,2540963,6.4057019780885955
1159712,343209,2198189,2541398,6.40481164538226
1160253,343209,2199978,2543187,6.410024212651766
1160307,343209,2200041,2543250,6.410207774271654
1160341,343247,2200098,2543345,6.409664177691283
1161161,343446,2200628,2544074,6.407493463310098
1161208,343454,2200692,2544146,6.407530557221636
1161231,343468,2200725,2544193,6.407365460537808
1161366,343561,2200997,2544558,6.406422731334465
1161403,343568,2201074,2544642,6.406516322824012
1161629,343605,2201371,2544976,6.406690822310502
1162001,343608,2202086,2545694,6.408715745849922
1162037,343621,2202137,2545758,6.40862170821923
1162067,343647,2202232,2545879,6.408413284562356
1162137,343703,2202382,2546085,6.407805576326072
1162144,343708,2202394,2546102,6.407747273848732
1162169,343716,2202408,2546124,6.407638864644067
1162217,343718,2202430,2546148,6.407665586323672
1162246,343726,2202457,2546183,6.4075950029965725
1162270,343735,2202490,2546225,6.407523237377631
1162281,343743,2202519,2546262,6.407458479154484
1162286,343747,2202532,2546279,6.4074217374988
1162367,343785,2202685,2546470,6.407158543857353
1162629,343987,2203182,2547169,6.404840880614675
1162639,343991,2203190,2547181,6.404789660194598
1162676,344002,2203224,2547226,6.404683693699456
1162686,344002,2203240,2547242,6.404730205056947
1162717,344012,2203285,2547297,6.404674836924293
1162780,344012,2203467,2547479,6.405203888236457
1163168,344199,2204098,2548297,6.403557244501001
1163214,344211,2204195,2548406,6.4036158054216745
1163250,344237,2204256,2548493,6.403309347920183
1163274,344237,2204306,2548543,6.403454596687747
1163647,344473,2204873,2549346,6.400713553747319
1163721,344513,2205027,2549540,6.400417400794745
1163766,344529,2205076,2549605,6.400262387201077
1163902,344538,2205845,2550383,6.402327174361028
1163913,344541,2205850,2550391,6.402285939844605
1163921,344541,2205850,2550391,6.402285939844605
1163987,344559,2205951,2550510,6.402244608325424
1164070,344567,2206166,2550733,6.402719935455224
1164108,344591,2206220,2550811,6.402430707708559
1164204,344591,2206369,2550960,6.402863104375912
1164233,344604,2206431,2551035,6.4028014764773475
1164251,344604,2206441,2551045,6.4028304952931485
1164564,344709,2207087,2551796,6.402754207171847
1164658,344740,2207161,2551901,6.402393107849393
1164678,344757,2207186,2551943,6.402149920088642
1164746,344757,2207306,2552063,6.402497991338827
1164806,344769,2207325,2552094,6.4023302559104796
1164830,344769,2207350,2552119,6.402402768230322
1164911,344780,2207376,2552156,6.402273913800104
1165301,344917,2207689,2552606,6.400638414459131
1165838,345133,2208287,2553420,6.3983652678822365
1165848,345134,2208290,2553424,6.398355421372568
1165856,345134,2208290,2553424,6.398355421372568
1165909,345177,2208380,2553557,6.3978190899161875
1165962,345197,2208475,2553672,6.3977236186873006
1166191,345298,2208819,2554117,6.396848519250039
1166261,345316,2208881,2554197,6.396694621737771
1166603,345341,2209634,2554975,6.3984120043666985
1166631,345347,2209648,2554995,6.398341378381744
1166702,345376,2209714,2555090,6.397995228388771
1166729,345393,2209749,2555142,6.397781657416335
1166769,345422,2209817,2555239,6.397441390531003
1166833,345433,2209929,2555362,6.3975619005711675
1166842,345445,2209953,2555398,6.397409138936734
1169236,345459,2215113,2560572,6.412086528357924
1169291,345509,2215237,2560746,6.411517500267721
1169393,345565,2215329,2560894,6.410744722411124
1169479,345601,2215433,2561034,6.410377863489979
1169520,345624,2215474,2561098,6.410069902553063
1171371,345644,2219486,2565130,6.4213063151682075
1171387,345651,2219505,2565156,6.421231241917425
1171427,345676,2219580,2565256,6.420983811430356
1171462,345683,2219722,2565405,6.421264568983722
1171490,345683,2219769,2565452,6.42140053170101
1171585,345683,2219872,2565555,6.421698492549532
1171605,345683,2219899,2565582,6.421776598791379
1171684,345693,2220071,2565764,6.422088384780716
1171762,345712,2220148,2565860,6.421958161706854
1171846,345712,2220484,2566196,6.4229300689591335
1171855,345714,2220487,2566201,6.422901589174867
1171886,345734,2220537,2566271,6.42267465739557
1171910,345736,2220579,2566315,6.422758983733253
1172044,345911,2220997,2566908,6.420718045971363
1172199,345911,2221319,2567230,6.421648921254311
1172961,345911,2222914,2568825,6.426259933913637
1173093,345911,2222914,2568825,6.426259933913637
1173114,345911,2222943,2568854,6.426343770507443
1173418,345941,2223313,2569254,6.426856024582227
1173427,345941,2223313,2569254,6.426856024582227
1173519,345985,2223442,2569427,6.426411549633655
1173530,346002,2223466,2569468,6.426165166675337
1173557,346009,2223497,2569506,6.426124753980388
1173668,346076,2223696,2569772,6.425455680255204
1173682,346076,2223722,2569798,6.425530808261769
1173717,346090,2223779,2569869,6.425435580340374
1173722,346090,2223786,2569876,6.425455806293161
1173780,346105,2223838,2569943,6.425327574002109
1173847,346157,2223978,2570135,6.424766796569187
1173858,346157,2223988,2570145,6.424795685194868
1173921,346190,2224079,2570269,6.424446113405933
1174003,346212,2224237,2570449,6.424494240523147
1174021,346221,2224268,2570489,6.424416774256906
1174089,346242,2224418,2570660,6.424460348542349
1174220,346256,2224638,2570894,6.424835959521279
1174236,346258,2224662,2570920,6.424868161890845
1174345,346290,2225034,2571324,6.425348696179503
1174361,346290,2225060,2571350,6.425423777758526
1174391,346304,2225112,2571416,6.425314174829052
1174412,346312,2225132,2571444,6.425223497886299
1174520,346312,2225275,2571587,6.42563642033773
1174551,346340,2225352,2571692,6.425339261996882
1174607,346346,2225425,2571771,6.425438723126584
1174756,346429,2225613,2572042,6.42444194914398
1174764,346434,2225621,2572055,6.424372319114175
1174766,346434,2225626,2572060,6.4243867518777025
1174863,346483,2225745,2572228,6.423821659359911
1174917,346495,2225842,2572337,6.4238791324550135
1174938,346500,2225862,2572362,6.423844155844156
1174970,346509,2225917,2572426,6.423836033118909
1175112,346516,2226094,2572610,6.4242170635699365
1175132,346516,2226109,2572625,6.424260351614356
1175183,346530,2226190,2572720,6.424234554006868
1175271,346571,2226281,2572852,6.423737127457288
1175323,346610,2226364,2572974,6.423253801102104
1175565,346733,2226682,2573415,6.421892349444674
1175661,346733,2226782,2573515,6.422180755797688
1175772,346787,2227023,2573810,6.421875675847134
1175789,346793,2227041,2573834,6.421816472650832
1175836,346793,2227164,2573957,6.422171151090131
1175845,346793,2227164,2573957,6.422171151090131
1175875,346793,2227211,2574004,6.422306678623848
1175987,346854,2227300,2574154,6.421433802118471
1176277,346854,2227867,2574721,6.423068495678297
1176310,346864,2227929,2574793,6.42306206467088
1176394,346903,2228124,2575027,6.422902079255584
1176399,346905,2228132,2575037,6.422888110577824
1176883,346905,2228964,2575869,6.425286461711419
1176930,346923,2228996,2575919,6.425045327061048
1176961,346925,2229014,2575939,6.42506017150681
1177000,346937,2229047,2575984,6.4249330570103504
1177080,346983,2229176,2576159,6.4244530711879255
1177151,346999,2229339,2576338,6.424626583938283
1177188,346999,2229387,2576386,6.424764912867184
1177330,346999,2229578,2576577,6.425315346730106
1177610,347086,2229910,2576996,6.42466132313029
1177740,347093,2230481,2577574,6.426176845974998
1177776,347126,2230573,2577699,6.425830966277375
1177953,347189,2230824,2578013,6.425387901114378
1178003,347219,2230889,2578108,6.425019944185082
1178172,347219,2230889,2578108,6.425019944185082
1178207,347229,2230909,2578138,6.424892506098281
1178224,347245,2230987,2578232,6.424821091736382
1178250,347249,2231006,2578255,6.424801799285239
1178268,347264,2231050,2578314,6.424650985993365
1178377,347270,2231381,2578651,6.425493132145017
1178590,347346,2231791,2579137,6.425267600605736
1178627,347357,2231830,2579187,6.425176403527207
1178684,347378,2231879,2579257,6.424929039835568
1179112,347499,2232328,2579827,6.423983953910659
1179124,347503,2232344,2579847,6.423956052177966
1179146,347517,2232409,2579926,6.423884299185364
1179203,347543,2232478,2580021,6.423602259288779
1179221,347543,2232508,2580051,6.4236885795426755
1179295,347557,2232548,2580105,6.4235449149348165
1180130,347797,2233402,2581199,6.421567753603395
1180166,347812,2233459,2581271,6.421454693915104
1180330,347915,2233801,2581716,6.420536625325151
1180981,347955,2234519,2582474,6.421862022387953
1181077,348018,2234830,2582848,6.421593135987219
1181095,348026,2234844,2582870,6.4214857510645755
1181128,348041,2234898,2582939,6.42136414962605
1181141,348050,2234939,2582989,6.421315902887516
1181179,348057,2234994,2583051,6.421344779734354
1181229,348098,2235074,2583172,6.420818275313274
1181474,348205,2235482,2583687,6.420016944041585
1181520,348223,2235569,2583792,6.419934926756705
1181561,348230,2235613,2583843,6.419932228699423
1181567,348233,2235620,2583853,6.419897022970253
1181620,348251,2235720,2583971,6.419852347875526
1181721,348296,2235908,2584204,6.419562670831707
1181745,348312,2235940,2584252,6.419359654562576
1182522,348315,2237075,2585390,6.422562910009618
1182862,348448,2237494,2585942,6.421313940674075
1182980,348448,2237721,2586169,6.4219654008632565
1182989,348450,2237735,2586185,6.421968718610992
1183457,348703,2238501,2587204,6.4195059979409415
1183583,348761,2238783,2587544,6.4192469914927415
1183751,348858,2239021,2587879,6.418144345263689
1183761,348866,2239049,2587915,6.4180774280096085
1183770,348868,2239065,2587933,6.418086496898541
1184096,348984,2239889,2588873,6.418314306673086
1184207,348984,2239927,2588911,6.418423194186553
1184269,349013,2240036,2589049,6.418202187311074
1184414,349099,2240391,2589490,6.417637976619813
1184434,349099,2240432,2589531,6.417755421814443
1184697,349099,2241024,2590123,6.419451215844216
1184719,349099,2241048,2590147,6.419519964250829
1184731,349104,2241078,2590182,6.41951395572666
1184847,349104,2241296,2590400,6.420138411476236
1184895,349137,2241377,2590514,6.419763588505372
1185022,349203,2241718,2590921,6.419526750915656
1185228,349203,2242387,2591590,6.4214425420171075
1185313,349238,2242537,2591775,6.421228503198392
1185331,349245,2242562,2591807,6.421171383985454
1185347,349251,2242594,2591845,6.421152695339455
1185855,349251,2243496,2592747,6.4237353651099065
1185882,349270,2243529,2592799,6.4234804019812755
1186707,349270,2245077,2594347,6.427912503221004
1186729,349271,2245115,2594386,6.428002897463574
1186982,349371,2245532,2594903,6.4273565922758324
1187003,349385,2245579,2594964,6.427233567554417
1187016,349385,2245593,2594978,6.427273637963851
1187054,349408,2245671,2595079,6.427073793387673
1187119,349429,2245737,2595166,6.426876418385423
1187124,349431,2245742,2595173,6.426853942552321
1187936,349431,2247449,2596880,6.431739027161299
1187987,349431,2247565,2596996,6.4320709954182655
1187991,349431,2247567,2596998,6.432076719008903
1188048,349449,2247669,2597118,6.4320372929955445
1188176,349497,2247917,2597414,6.431863506696767
1188350,349548,2248032,2597580,6.43125407669333
1188370,349548,2248073,2597621,6.431371371027727
1188424,349548,2248184,2597732,6.431688923981828
1188465,349554,2248291,2597845,6.431884630128678
1188481,349572,2248324,2597896,6.431647843648805
1188484,349575,2248334,2597909,6.431621254380319
1188666,349619,2248597,2598216,6.431564074034878
1188874,349799,2248881,2598680,6.429066406707852
1188931,349837,2248947,2598784,6.428556727847541
1188952,349856,2249041,2598897,6.42847628738681
1189252,349856,2249263,2599119,6.429110834171773
1189259,349860,2249277,2599137,6.429077345223804
1189489,349938,2249943,2599881,6.4295475198463725
1189936,350006,2251584,2601590,6.4329868630823475
1189983,350031,2251619,2601650,6.432627395859224
1189999,350042,2251669,2601711,6.432568091828981
1190211,350081,2251774,2601855,6.4321514163864935
1190373,350081,2252276,2602357,6.433585370242887
1190495,350140,2252414,2602554,6.4328954132632665
1190568,350158,2252477,2602635,6.4327446467023455
1190594,350177,2252508,2602685,6.432484143733026
1190682,350177,2252848,2603025,6.433455081287463
1190730,350190,2252902,2603092,6.43337045603815
1190842,350217,2253083,2603300,6.433391297395615
1190879,350236,2253136,2603372,6.433193618017565
1190962,350290,2253278,2603568,6.432607268263439
1191007,350295,2253365,2603660,6.4327638133573135
1191011,350298,2253380,2603678,6.4327515429719835
1191054,350320,2253482,2603802,6.432638730303722
1191057,350324,2253490,2603814,6.432588118427513
1191100,350336,2253508,2603844,6.432419163317501
1191181,350336,2253797,2604133,6.4332440856777495
1191227,350372,2253883,2604255,6.432828536526891
1191259,350372,2253956,2604328,6.433036886509196
1191271,350381,2253991,2604372,6.432971536698623
1191362,350439,2254192,2604631,6.432480403151476
1191465,350454,2254314,2604768,6.432553202417436
1191469,350454,2254316,2604770,6.432558909300507
1191509,350454,2254416,2604870,6.432844253454091
1191763,350620,2254888,2605508,6.431144829159774
1192536,351026,2255986,2607012,6.426834479497245
1192754,351026,2256129,2607155,6.427241856728561
1192793,351047,2256252,2607299,6.4272077528080285
1192826,351047,2256252,2607299,6.4272077528080285
1193254,351047,2257160,2608207,6.429794301048008
1193318,351066,2257226,2608292,6.4296343137757574
1193356,351080,2257275,2608355,6.42951748889142
1193366,351080,2257287,2608367,6.42955166913524
1193491,351129,2257446,2608575,6.42910725118119
1193531,351137,2257507,2608644,6.429134497361429
1194274,351517,2259757,2611274,6.428585246232757
1194339,351517,2259878,2611395,6.428929468560553
1194389,351545,2259970,2611515,6.428679116471575
1194410,351557,2260027,2611584,6.42862181666131
1194455,351582,2260134,2611716,6.4284690342509005
1194493,351600,2260187,2611787,6.428290671217292
1194577,351619,2260220,2611839,6.428037165227135
1194627,351631,2260295,2611926,6.428031089409068
1194661,351642,2260359,2612001,6.42801201221697
1194691,351650,2260418,2612068,6.428033556092706
1194746,351673,2260532,2612205,6.427937316768703
1195400,351673,2262133,2613806,6.432489841415178
1196097,351673,2264028,2615701,6.4378783699630056
1196112,351680,2264056,2615736,6.437829845313922
1196431,351756,2264532,2616288,6.437792105891584
1196447,351756,2264558,2616314,6.437866020764393
1197762,352105,2266042,2618147,6.435699578250806
1197832,352120,2266191,2618311,6.435848574349653
1197871,352144,2266245,2618389,6.435563292289518
1197884,352144,2266250,2618394,6.4355774910263985
1198076,352267,2266656,2618923,6.434482934819328
1198481,352546,2267493,2620039,6.4317649328030955
1198490,352554,2267509,2620063,6.4316643691462865
1198568,352628,2267672,2620300,6.430776909377587
1198575,352631,2267678,2620309,6.430739214646472
1198601,352643,2267722,2620365,6.430645156716566
1198636,352653,2267774,2620427,6.430610259943911
1198749,352743,2268011,2620754,6.429641410318561
1198864,352833,2268324,2621157,6.428888454311246
1198954,352844,2268579,2621423,6.42941073108796
1198995,352854,2268634,2621488,6.429384391277979
1199009,352860,2268646,2621506,6.42930907442045
1199013,352867,2268657,2621524,6.429212706203754
1199359,352889,2269774,2622663,6.431977193961841
1199370,352889,2269774,2622663,6.431977193961841
1199415,352900,2269863,2622763,6.43202890337206
1199515,352963,2270071,2623034,6.4314701540954715
1199532,352963,2270116,2623079,6.431597646212209
1199578,352963,2270171,2623134,6.4317534699104435
1199664,352976,2270304,2623280,6.431893386519197
1200001,353104,2270941,2624045,6.431365829897141
1200068,353157,2271079,2624236,6.4307914043895495
1200232,353261,2271625,2624886,6.430443779528451
1200243,353261,2271635,2624896,6.4304720872103065
1200312,353276,2271704,2624980,6.430394365878237
1200325,353276,2271718,2624994,6.430433994950124
1200358,353276,2271782,2625058,6.430615156421608
1200399,353286,2271882,2625168,6.430716190282094
1200476,353332,2272172,2625504,6.430699738489579
1200683,353393,2272300,2625693,6.4299519232129665
1200697,353397,2272317,2625714,6.429927248957971
1200710,353399,2272348,2625747,6.429978579452687
1200744,353411,2272385,2625796,6.429864944781006
1200777,353431,2272432,2625863,6.429634072845902
1201074,353602,2273299,2626901,6.428976646059694
1201131,353602,2273378,2626980,6.429200061085627
1201198,353629,2273515,2627144,6.429096595584638
1201423,353714,2274055,2627769,6.429078294893615
1201475,353743,2274181,2627924,6.428907427143435
1201493,353758,2274192,2627950,6.428665924162845
1202738,353758,2276212,2629970,6.434376042379253
1202807,353821,2276453,2630274,6.433911497621679
1202969,353875,2276689,2630564,6.433596608972095
1203118,353972,2277013,2630985,6.432748917993513
1203129,353972,2277039,2631011,6.432822370130971
1203220,353972,2277259,2631231,6.433443888217147
1203364,353975,2277691,2631666,6.4346097888268945
1203399,353981,2277847,2631828,6.434941423409731
1203489,353988,2277975,2631963,6.435175768670124
1203888,353988,2278738,2632726,6.437331208967535
1204173,353988,2279338,2633326,6.439026181678475
1204224,354015,2279455,2633470,6.438865584791605
1204436,354133,2280057,2634190,6.43842002863331
1204468,354139,2280112,2634251,6.438466251951917
1204714,354146,2280445,2634591,6.439279280296827
1204770,354163,2280532,2634695,6.439215841293416
1205069,354292,2280983,2635275,6.438144242602148
1205202,354394,2281193,2635587,6.436883807287934
1205389,354394,2281721,2636115,6.438373674497876
1205625,354492,2282259,2636751,6.438111438339934
1205642,354502,2282285,2636787,6.438003170645017
1205775,354552,2282576,2637128,6.437916017960694
1205828,354578,2282653,2637231,6.4376611070060745
1205867,354578,2282689,2637267,6.437762636147759
1205888,354588,2282700,2637288,6.437612101932383
1205899,354593,2282714,2637307,6.4375608091530285
1205901,354595,2282714,2637309,6.437524499781441
1206498,354630,2283953,2638583,6.440382934325918
1206611,354630,2284073,2638703,6.440721315173561
1206756,354743,2284383,2639126,6.439543556884844
1207450,354792,2284495,2639287,6.438969875307222
1207480,354806,2284544,2639350,6.438853908896693
1207570,354817,2284799,2639616,6.439372972546411
1207593,354819,2284810,2639629,6.439367677604638
1207959,354874,2285811,2640685,6.441190394337145
1208109,354930,2285942,2640872,6.440543205702533
1208143,354930,2285974,2640904,6.44063336432536
1208167,354947,2286035,2640982,6.440496750219046
1208199,354974,2286098,2641072,6.440184351529971
1208208,354978,2286107,2641085,6.440137135259087
1208281,354982,2286131,2641113,6.440132175715952
1208310,355004,2286173,2641177,6.4398513819562595
1208354,355034,2286234,2641268,6.439479035810654
1208382,355057,2286272,2641329,6.439168922173059
1208565,355129,2286487,2641616,6.438468838084189
1208570,355129,2286487,2641616,6.438468838084189
1208578,355132,2286520,2641652,6.438507371906784
1208771,355145,2286809,2641954,6.439085443973588
1208796,355153,2286852,2642005,6.439061474913629
1208947,355246,2287071,2642317,6.437992264515294
1209002,355259,2287117,2642376,6.437886161926932
1209022,355259,2287147,2642406,6.437970607359701
1209166,355259,2287342,2642601,6.438519502672698
1209278,355314,2287545,2642859,6.438094192742194
1209316,355314,2287651,2642965,6.438392520418559
1209346,355323,2287684,2643007,6.4383223151892786
1209395,355333,2287765,2643098,6.4383690791454775
1209403,355333,2287765,2643098,6.4383690791454775
1209471,355358,2287904,2643262,6.438307284484942
1209842,355652,2289236,2644888,6.436730286909675
1210337,355894,2290033,2645927,6.434592884398164
1210407,355894,2290154,2646048,6.434932873271255
1210408,355894,2290167,2646061,6.434969401001422
1210421,355899,2290180,2646079,6.434915523786243
1211727,356484,2293794,2650278,6.43449355370788
1211978,356563,2294145,2650708,6.4340523273587
1212006,356572,2294182,2650754,6.433993695522924
1212018,356579,2294216,2650795,6.433962740374503
1212049,356600,2294298,2650898,6.433813796971396
1212070,356613,2294330,2650943,6.433668991315516
1212703,356974,2295966,2652940,6.431745729380851
1212747,356977,2296082,2653059,6.432016628522286
1212863,356992,2296310,2653302,6.43238503944066
1213127,356992,2296979,2653971,6.434259031014701
1213158,357026,2297060,2654086,6.433873163299031
1213225,357075,2297183,2654258,6.433334733599384
1213246,357077,2297183,2654260,6.433298700280332
1213273,357090,2297197,2654287,6.4331036993475035
1213312,357108,2297275,2654383,6.432997860591193
1213348,357117,2297304,2654421,6.432916943186687
1213349,357117,2297306,2654423,6.432922543592156
1213439,357128,2297561,2654689,6.433438431038732
1213454,357138,2297584,2654722,6.433322693188627
1213479,357149,2297620,2654769,6.433225348524005
1213590,357149,2297877,2655026,6.433944936147098
1213612,357149,2297917,2655066,6.434056934220731
1213641,357165,2297982,2655147,6.4339506950569065
1213822,357253,2298231,2655484,6.43306284341909
1213901,357323,2298391,2655714,6.432250372911903
1213927,357330,2298459,2655789,6.432314667114432
1214240,357493,2299054,2656547,6.4310462023032615
1214347,357556,2299198,2656754,6.4303158106702165
1214502,357700,2299580,2657280,6.428795079675706
1214523,357700,2299626,2657326,6.428923679060666
1214844,357714,2300013,2657727,6.429753937503145
1214865,357714,2300043,2657757,6.429837803384827
1214962,357800,2300188,2657988,6.428697596422582
1215263,357800,2300787,2658587,6.430371716042482
1215325,357817,2300888,2658705,6.430348474220062
1215401,357876,2301051,2658927,6.42974382188244
1215489,357901,2301223,2659124,6.429775273050368
1215526,357908,2301299,2659207,6.429861863942689
1215533,357912,2301335,2659247,6.429890587630479
1215678,357984,2301581,2659565,6.4292845490301245
1215762,358007,2301710,2659717,6.429231830662529
1215828,358024,2301790,2659814,6.429150001117243
1215844,358032,2301807,2659839,6.42905382759083
1215936,358046,2301885,2659931,6.429020293481843
1215976,358068,2301952,2660020,6.428812404347777
1216002,358068,2302007,2660075,6.428966006456874
1216128,358096,2302216,2660312,6.4290469594745545
1216151,358110,2302250,2660360,6.428890564351735
1216166,358110,2302250,2660360,6.428890564351735
1216210,358119,2302328,2660447,6.428946802599136
1216211,358119,2302330,2660449,6.428952387334936
1216324,358192,2302548,2660740,6.428250770536472
1216435,358203,2302651,2660854,6.428340912834343
1216481,358228,2302738,2660966,6.428135154147638
1216576,358260,2302899,2661159,6.428010383520348
1216596,358260,2302923,2661183,6.428077373974209
1216637,358272,2302945,2661217,6.427923477134691
1216792,358378,2303091,2661469,6.42642963574773
1217075,358387,2304836,2663223,6.431137290136082
1217098,358395,2304868,2663263,6.431083022921637
1217208,358395,2305066,2663461,6.431635485986132
1217409,358415,2305221,2663636,6.43170905235551
1217427,358415,2305241,2663656,6.431764853591507
1217470,358439,2305328,2663767,6.431576921038168
1217622,358525,2305688,2664213,6.4310382818492435
1217743,358534,2306337,2664871,6.432686997606922
1217757,358534,2306387,2664921,6.432826454394841
1217758,358534,2306389,2664923,6.432832032666358
1217789,358542,2306460,2665002,6.432886523754539
1217840,358550,2306507,2665057,6.432874076140008
1218006,358594,2306654,2665248,6.432494687585403
1218039,358609,2306704,2665313,6.432365054976311
1218102,358614,2306837,2665451,6.43264624359339
1218145,358662,2306947,2665609,6.432092053242329
1218175,358673,2306974,2665647,6.431970067443047
1218220,358696,2307050,2665746,6.431769520708343
1218243,358702,2307078,2665780,6.431739995874012
1218369,358728,2307217,2665945,6.431661314422069
1218529,358728,2307493,2666221,6.432430699582971
1218556,358746,2307565,2666311,6.4323086529187785
1218586,358774,2307625,2666399,6.431973888854822
1218628,358800,2307685,2666485,6.43167502787068
1218775,358840,2307934,2666774,6.431651989744733
1219872,358840,2307934,2666774,6.431651989744733
1220066,358845,2308503,2667348,6.433148016553108
1220131,358845,2308503,2667348,6.433148016553108
1220172,358858,2308535,2667393,6.433004140913676
1220188,358858,2308561,2667419,6.433076592969921
1221226,359400,2309758,2669158,6.426705620478575
1221256,359413,2309786,2669199,6.426551070773733
1221324,359451,2309885,2669336,6.426147096544453
1221567,359451,2310299,2669750,6.427298852973006
1221583,359451,2310325,2669776,6.427371185502335
1221686,359479,2310411,2669890,6.42710978944528
1221755,359504,2310471,2669975,6.426829743201744
1221856,359555,2310668,2670223,6.426466048309716
1222007,359654,2311019,2670673,6.425673007946527
1224322,359657,2314046,2673703,6.434035761850875
1224591,359670,2314549,2674219,6.435201712681069
1224609,359677,2314586,2674263,6.435179341464703
1224640,359691,2314629,2674320,6.435048416557545
1224656,359701,2314677,2674378,6.435002960792436
1224675,359707,2314707,2674414,6.434979024595018
1224719,359716,2314738,2674454,6.434904202203961
1224841,359761,2314833,2674594,6.434363369014429
1224894,359796,2314915,2674711,6.433965358147395
1224976,359796,2314915,2674711,6.433965358147395
1224985,359805,2314937,2674742,6.43386556607051
1225053,359823,2314972,2674795,6.433640984595204
1225246,359899,2315286,2675185,6.433154857334975
1225346,359965,2315419,2675384,6.432344811301099
1225431,360008,2315550,2675558,6.431940401324415
1225462,360027,2315595,2675622,6.431725953886792
1225528,360040,2315734,2675774,6.431879791134318
1225583,360055,2315845,2675900,6.431920123314494
1225615,360056,2315910,2675966,6.432082787122003
1225616,360056,2315912,2675968,6.432088341813496
1225693,360098,2316079,2676177,6.43180189837211
1225748,360135,2316121,2676256,6.431257722798395
1225793,360158,2316258,2676416,6.4312274057496985
1225804,360160,2316281,2676441,6.431255553087516
1225816,360166,2316296,2676462,6.431190062360134
1225868,360192,2316363,2676555,6.430911847014926
1225878,360192,2316365,2676557,6.430917399609098
1227417,360206,2319587,2679793,6.439612332942816
1227517,360210,2319808,2680018,6.440154354404375
1227520,360210,2319817,2680027,6.440179339829544
1227683,360210,2320170,2680380,6.441159323727826
1228228,360271,2320372,2680643,6.440629415079204
1228606,360451,2320877,2681328,6.43881415227035
1228636,360466,2320948,2681414,6.438743182436069
1228676,360495,2321010,2681505,6.438397203844714
1228692,360500,2321026,2681526,6.438352288488211
1228926,360504,2321349,2681853,6.439176819119899
1229004,360522,2321774,2682296,6.440034172671848
1229033,360534,2321803,2682337,6.439900259060172
1229119,360534,2321945,2682479,6.440294119278626
1229137,360545,2321963,2682508,6.440147554396816
1229144,360545,2321979,2682524,6.440191931659016
1229146,360545,2321982,2682527,6.4402002523956785
1229174,360554,2322027,2682581,6.4401643027119375
1229245,360554,2322270,2682824,6.4408382655580025
1229264,360562,2322328,2682890,6.440856218902713
1229329,360573,2322421,2682994,6.440917650517371
1229339,360577,2322442,2683019,6.440904439273719
1229375,360585,2322555,2683140,6.441074919921793
1229423,360609,2322626,2683235,6.4408431292618875
1229493,360659,2322762,2683421,6.440327289766788
1230061,360935,2323550,2684485,6.43758571487941
1230636,361266,2324741,2686007,6.434984194471664
1230660,361278,2324779,2686057,6.434875635936868
1230716,361281,2324863,2686144,6.435054708108093
1230770,361281,2324973,2686254,6.435359180250276
1230779,361283,2324989,2686272,6.435367841830366
1230790,361283,2324999,2686282,6.435395520962791
1230974,361370,2325398,2686768,6.434950327918753
1230976,361372,2325403,2686775,6.434928550081357
1231558,361716,2326590,2688306,6.4320903692399565
1231695,361749,2326780,2688529,6.432028837674741
1231765,361774,2326915,2688689,6.431957520440938
1231807,361788,2326974,2688762,6.431871703870775
1232023,361875,2327268,2689143,6.431137823834197
1232143,361929,2327478,2689407,6.430758518936035
1232152,361932,2327498,2689430,6.430760474343247
1232165,361932,2327512,2689444,6.430799155642497
1232185,361932,2327533,2689465,6.4308571775913705
1232205,361932,2327554,2689486,6.430915199540245
1232599,361932,2328327,2690259,6.433050959848812
1232782,361984,2328466,2690450,6.432510829207921
1232869,362024,2328638,2690662,6.432275208273484
1232949,362024,2328794,2690818,6.432706118931342
1233337,362027,2329567,2691594,6.434788013048751
1233358,362037,2329587,2691624,6.4346655176128404
1233508,362104,2329765,2691869,6.433966484766807
1233544,362119,2329854,2691973,6.4339457471162795
1233695,362226,2330095,2692321,6.432710517743066
1233715,362235,2330139,2692374,6.432672160337902
1233752,362236,2330213,2692449,6.43285868881061
1233836,362302,2330501,2692803,6.4324817417513565
1233847,362304,2330522,2692826,6.432504195371842
1234718,362304,2330757,2693061,6.433152821939586
1234765,362310,2331096,2693406,6.433981949159559
1234904,362387,2331382,2693769,6.433404068026722
1234954,362400,2331471,2693871,6.433418874172186
1234982,362415,2331497,2693912,6.433224342259565
1235038,362447,2331559,2694006,6.432827420284897
1235054,362454,2331576,2694030,6.43275008690758
1235064,362455,2331593,2694048,6.432779241561021
1235306,362455,2332177,2694632,6.434390476059097
1235905,362855,2333624,2696479,6.4312852241253395
1235981,362888,2333851,2696739,6.431325918740768
1235997,362888,2333877,2696765,6.4313975661912215
1236008,362894,2333891,2696785,6.43132980980672
1236029,362899,2333901,2696800,6.431268755218394
1236070,362906,2334012,2696918,6.431450568466765
1236080,362913,2334019,2696932,6.431345804641884
1236112,362927,2334083,2697010,6.431274057868387
1236208,362972,2334209,2697181,6.430823865201724
1236236,362981,2334251,2697232,6.430780123477537
1236251,362989,2334264,2697253,6.430674207758361
1236296,363016,2334411,2697427,6.430600855058731
1236871,363016,2335933,2698949,6.434793507724177
1236878,363018,2335933,2698951,6.4347580560743545
1236961,363019,2336185,2699204,6.435434508937549
1236999,363020,2336194,2699214,6.435441573467027
1237034,363034,2336262,2699296,6.435380708143039
1237067,363039,2336291,2699330,6.435371957282826
1237099,363058,2336415,2699473,6.43537671666786
1237126,363058,2336441,2699499,6.435448330569772
1237157,363074,2336488,2699562,6.4352941824531635
1237170,363080,2336499,2699579,6.4352181337446295
1237197,363098,2336539,2699637,6.435009281240877
1237228,363107,2336653,2699760,6.435163739613943
1237248,363107,2336748,2699855,6.435425370483081
1237285,363145,2336796,2699941,6.434884137190378
1237324,363165,2336860,2700025,6.434705987636474
1237353,363167,2336875,2700042,6.434711854325971
1237400,363172,2336992,2700164,6.434945425308118
1237402,363172,2336992,2700164,6.434945425308118
1237465,363181,2337110,2700291,6.435110867583932
1237725,363181,2337428,2700609,6.4359864640496065
1237931,363339,2337746,2701085,6.434062954981436
1237952,363339,2337778,2701117,6.434151027002331
1237973,363353,2337839,2701192,6.434070999826615
1238273,363364,2338050,2701414,6.43445690822426
1238323,363379,2338133,2701512,6.4344197105501415
1238345,363379,2338193,2701572,6.434584827411601
1238392,363379,2338287,2701666,6.434843510494552
1238499,363459,2338472,2701931,6.433936152358313
1238544,363470,2338559,2702029,6.433980796214268
1238766,363541,2338757,2702298,6.4332688747624065
1238866,363564,2338973,2702537,6.433456007745542
1239147,363564,2339334,2702898,6.434448955342113
1239198,363581,2339436,2703017,6.434428641760708
1239208,363581,2339465,2703046,6.434508403904495
1239254,363618,2339545,2703163,6.434073670720371
1239587,363733,2339874,2703607,6.432943945146577
1239894,363733,2340621,2704354,6.4349976493746786
1239910,363733,2340621,2704354,6.4349976493746786
1239926,363740,2340641,2704381,6.434928795293342
1240209,363750,2341304,2705054,6.436574570446735
1240255,363778,2341380,2705158,6.436288065798371
1240343,363818,2341446,2705264,6.435761836962437
1240393,363830,2341525,2705355,6.435766704229998
1240511,363830,2341702,2705532,6.43625319517357
1240608,363847,2341902,2705749,6.436502156126064
1240623,363854,2341924,2705778,6.436438791383357
1240690,363860,2341958,2705818,6.436426097949761
1240704,363874,2341981,2705855,6.436241666071222
1240717,363883,2342026,2705909,6.4362061431833855
1240758,363905,2342079,2705984,6.4359626825682525
1240975,363978,2342619,2706597,6.4361554819247315
1240980,363983,2342629,2706612,6.436094542877003
1241120,363983,2342890,2706873,6.436811609333403
1241154,363986,2342921,2706907,6.436843724758645
1241183,363995,2342971,2706966,6.43682193436723
1241261,364017,2343070,2707087,6.436704879167731
1241290,364033,2343094,2707127,6.436487900822178
1241414,364033,2343297,2707330,6.437045542574437
1241679,364111,2343540,2707651,6.4363339750790285
1241747,364161,2343640,2707801,6.435724857961176
1241804,364178,2343703,2707881,6.435597427631543
1241847,364196,2343767,2707963,6.4354550846247625
1241858,364202,2343799,2708001,6.435436927858715
1241859,364202,2343801,2708003,6.435442419316753
1241885,364202,2343824,2708026,6.435505571084178
1242150,364264,2343994,2708258,6.4348769024663435
1242565,364283,2345090,2709373,6.437549926842592
1242712,364291,2345250,2709541,6.437847764561847
1242740,364291,2345289,2709580,6.437954821831997
1242760,364291,2345313,2709604,6.438020703229012
1242765,364296,2346824,2711120,6.4420800667588995
1242867,364300,2346871,2711171,6.442138347515784
1243072,364309,2348070,2712379,6.445270361149464
1243136,364332,2348173,2712505,6.44514618534743
1243142,364334,2348181,2712515,6.445132762794579
1243196,364364,2348264,2712628,6.444829895379346
1243205,364366,2348295,2712661,6.444879599084437
1243235,364375,2348330,2712705,6.444816466552315
1243238,364375,2348332,2712707,6.444821955403087
1243318,364375,2348426,2712801,6.445079931389365
1243369,364412,2348600,2713012,6.444903021854385
1243408,364426,2348811,2713237,6.445234423449479
1243487,364449,2348892,2713341,6.44504992468082
1243537,364483,2349016,2713499,6.444788920196553
1243718,364499,2349189,2713688,6.444980644665692
1243822,364529,2349413,2713942,6.445064727360512
1244045,364594,2350036,2714630,6.445624448016149
1244159,364594,2350289,2714883,6.446318370571101
1244164,364598,2350294,2714892,6.446261361828644
1244170,364598,2350312,2714910,6.446310731271153
1244205,364607,2350380,2714987,6.446338111994558
1244394,364721,2350646,2715367,6.445052519597172
1244488,364756,2350799,2715555,6.444853545932075
1244497,364756,2350815,2715571,6.444897410871925
1244505,364757,2350821,2715578,6.444896191162884
1244534,364766,2350864,2715630,6.444855057763059
1244555,364768,2350864,2715632,6.444819721028161
1244952,364977,2351470,2716447,6.4427895456426025
1244987,365015,2351534,2716549,6.442294152295111
1245097,365082,2351786,2716868,6.441802115689078
1245153,365095,2351851,2716946,6.441750777194977
1245179,365097,2351866,2716963,6.44175657428026
1245211,365097,2351935,2717032,6.441945565151179
1245271,365122,2352046,2717168,6.441808491408351
1245633,365232,2352753,2717985,6.441804113549744
1245707,365255,2352909,2718164,6.441825573914115
1245754,365275,2352962,2718237,6.441617959071932
1245764,365275,2352962,2718237,6.441617959071932
1245788,365275,2352983,2718258,6.441675450003422
1245809,365282,2353020,2718302,6.441653297999902
1245819,365286,2353033,2718319,6.441618348362653
1245849,365295,2353088,2718383,6.441610205450389
1245913,365326,2353202,2718528,6.44137564805133
1245981,365331,2353275,2718606,6.441487308769307
1246761,365762,2354623,2720385,6.4375823623011685
1246781,365777,2354635,2720412,6.437351172982446
1246804,365795,2354661,2720456,6.437105482579041
1246834,365816,2354695,2720511,6.4368288975878585
1246914,365851,2354926,2720777,6.436844507736756
1246928,365854,2354937,2720791,6.436821792299661
1246934,365854,2354937,2720791,6.436821792299661
1247095,365854,2355324,2721178,6.437879591312382
1247108,365854,2355347,2721201,6.437942457920372
1247163,365879,2355457,2721336,6.437803208164448
1247654,365949,2355881,2721830,6.437730394125958
1247730,365974,2356097,2722071,6.437880833064644
1247801,366003,2356248,2722251,6.437783296858222
1247826,366013,2356279,2722292,6.4376921038323776
1248003,366134,2356601,2722735,6.436444034151431
1248018,366145,2356676,2722821,6.4364555026014285
1248022,366152,2356681,2722833,6.4363461076274335
1248061,366155,2356721,2722876,6.4364026163783095
1248152,366155,2356769,2722924,6.436533708402179
1248224,366196,2356910,2723106,6.436198101563098
1248253,366207,2357025,2723232,6.436318803299773
1248304,366238,2357059,2723297,6.435866840688296
1248357,366250,2357121,2723371,6.435825255972696
1248415,366250,2357218,2723468,6.436090102389079
1248449,366259,2357266,2723525,6.436063004595109
1248633,366358,2357566,2723924,6.43514267465157
1248641,366368,2357591,2723959,6.435035265088654
1248809,366368,2357919,2724287,6.435930539785134
1248822,366370,2357944,2724314,6.435963643311407
1249247,366684,2358642,2725326,6.4323559249926365
1249375,366766,2358819,2725585,6.431400402436431
1249546,366847,2359027,2725874,6.430547339899195
1249561,366851,2359047,2725898,6.430531741769819
1249589,366862,2359066,2725928,6.430390719125993
1249615,366862,2359110,2725972,6.430510655232758
1249638,366883,2359163,2726046,6.430287039737464
1249678,366883,2359214,2726097,6.430426048631308
1249901,366916,2359345,2726261,6.430204733508487
1249921,366923,2359428,2726351,6.4303082663120055
1249933,366930,2359447,2726377,6.430237374976153
1249958,366938,2359475,2726413,6.430173489799366
1249984,366948,2359521,2726469,6.43012361424507
1250069,366948,2359801,2726749,6.430886665140565
1250083,366948,2359826,2726774,6.430954794684806
1250094,366956,2359836,2726792,6.430841844798832
1250168,367012,2359965,2726977,6.430212091157783
1250191,367034,2360005,2727039,6.429935646288899
1250253,367052,2360130,2727182,6.429960877477851
1250283,367052,2360156,2727208,6.430031712127982
1250291,367057,2360173,2727230,6.429990437452494
1250317,367067,2360191,2727258,6.4298643027022315
1250445,367218,2360544,2727762,6.428181625083738
1250469,367222,2360573,2727795,6.428190576817293
1250615,367261,2360704,2727965,6.427864652113891
1250713,367275,2361056,2728331,6.428578040977469
1250739,367275,2361099,2728374,6.428695119460895
1250753,367278,2361116,2728394,6.428688895060417
1250802,367286,2361151,2728437,6.428644162859461
1250826,367286,2361201,2728487,6.428780296553639
1250908,367286,2361336,2728622,6.429147857527921
1251263,367286,2362282,2729568,6.4317235070217755
1251321,367307,2362374,2729681,6.431606258524885
1251426,367348,2362603,2729951,6.431511808965885
1251592,367348,2363018,2730366,6.432641527924475
1251743,367355,2363314,2730669,6.433324713152128
1251786,367371,2363382,2730753,6.433229623459663
1251820,367393,2363406,2730799,6.432909717931479
1251888,367412,2363494,2730906,6.432816565599381
1252050,367503,2363764,2731267,6.43195837857106
1252291,367557,2364002,2731559,6.43166093966378
1252354,367575,2364110,2731685,6.431639801401075
1252357,367575,2364119,2731694,6.431664286200095
1252430,367613,2364203,2731816,6.431227948957192
1252476,367617,2364297,2731914,6.431413672381854
1252528,367624,2364378,2732002,6.431511544404065
1252559,367644,2364448,2732092,6.431352068849213
1257750,368141,2374711,2742852,6.4505474804490675
1257828,368157,2374862,2743019,6.450677292568116
1258219,368165,2375953,2744118,6.453500468539921
1258670,368172,2376887,2745059,6.455914626859186
1258781,368172,2377102,2745274,6.456498593048901
1258785,368172,2377104,2745276,6.456504025292526
1258797,368172,2377133,2745305,6.456582792825093
1258808,368172,2377143,2745315,6.456609954043219
1258880,368200,2377259,2745459,6.4564340032590986
1259140,368248,2377967,2746215,6.457515044209337
1259276,368327,2378256,2746583,6.4569146437812055
1259300,368327,2378288,2746615,6.457001523103112
1259377,368346,2378319,2746665,6.45675261846199
1259430,368358,2378386,2746744,6.456724165078538
1259992,368529,2379200,2747729,6.455936981892877
1261596,368802,2382424,2751226,6.459899892083015
1261628,368821,2382469,2751290,6.459689117485175
1261630,368821,2382469,2751290,6.459689117485175
1261797,368920,2382722,2751642,6.458641439878565
1261818,368920,2382751,2751671,6.45872004770682
1262050,369068,2383161,2752229,6.45724094204862
1262053,369068,2383170,2752238,6.457265327798671
1262109,369075,2383200,2752275,6.457224141434668
1262259,369138,2383490,2752628,6.456907714729993
1262294,369157,2383547,2752704,6.456729792473121
1262550,369370,2384170,2753540,6.454693126133687
1262601,369393,2384295,2753688,6.454629622109786
1262658,369393,2384415,2753808,6.454954479375624
1262726,369435,2384516,2753951,6.454494024659277
1263141,369453,2385351,2754804,6.456439655382416
1263174,369469,2385410,2754879,6.456319745364293
1263210,369490,2385450,2754940,6.456061057132804
1263260,369518,2385563,2755081,6.4558776568394505
1263273,369520,2385581,2755101,6.4558914267157395
1263337,369564,2385663,2755227,6.455344676429522
1263371,369577,2385694,2755271,6.455201487105529
1264061,369833,2386484,2756317,6.452869268020971
1264081,369842,2386505,2756347,6.452769020284338
1264221,369883,2386641,2756524,6.452421441374705
1264226,369886,2386647,2756533,6.452385329533964
1264349,369886,2386984,2756870,6.453296421059462
1264369,369900,2387008,2756908,6.453117058664504
1264385,369900,2387034,2756934,6.453187347931873
1264413,369924,2387075,2756999,6.452879510385917
1264445,369934,2387099,2757033,6.452769953559284
1264489,369954,2387167,2757121,6.452604918449321
1264517,369968,2387210,2757178,6.452476970981274
1264552,369974,2387228,2757202,6.452420980933796
1264582,369992,2387291,2757283,6.4522773465372225
1264602,369992,2387312,2757304,6.452334104521179
1264629,369992,2387331,2757323,6.452385456982854
1264638,369998,2387346,2757344,6.452321363899264
1264673,370015,2387395,2757410,6.452157344972501
1264714,370023,2387424,2757447,6.452096221045719
1264746,370040,2387492,2757532,6.451983569343855
1264753,370043,2387509,2757552,6.451977202649422
1264804,370043,2387509,2757552,6.451977202649422
1264807,370049,2387518,2757567,6.451896910949631
1264858,370060,2387533,2757593,6.4517456628654815
1264894,370075,2387637,2757712,6.451765182733229
1264910,370082,2387665,2757747,6.451718808264115
1264923,370084,2387694,2757778,6.45176230261238
1264941,370099,2387743,2757842,6.451633211654179
1264966,370118,2387779,2757897,6.4513992834717575
1265253,370122,2400981,2771103,6.4869988814499004
1265346,370145,2401165,2771310,6.4870928960272325
1265354,370149,2401172,2771321,6.487041704826975
1265386,370155,2401236,2771391,6.487109454147586
1265466,370179,2401372,2771551,6.48705626197056
1266185,370179,2402493,2772672,6.4900845266749325
1266195,370183,2402502,2772685,6.4900387105836845
1266212,370190,2402529,2772719,6.489988924606283
1266244,370206,2402582,2772788,6.489851596138366
1266526,370206,2402858,2773064,6.490597127004965
1266588,370272,2403048,2773320,6.489953331604874
1267219,370506,2404024,2774530,6.488488715432409
1267251,370506,2404088,2774594,6.488661452176213
1267302,370519,2404400,2774919,6.48927585359995
1267309,370528,2404412,2774940,6.489150617497193
1267344,370537,2404459,2774996,6.489119844981743
1267349,370539,2404467,2775006,6.489106409851595
1267388,370552,2404582,2775134,6.489189101664544
1267399,370558,2404613,2775171,6.489167687649437
1267551,370603,2404812,2775415,6.4889167114135615
1267651,370667,2405004,2775671,6.488314309069866
1267773,370726,2405259,2775985,6.487969551636518
1268216,370900,2405692,2776592,6.486093286600162
1268318,370902,2405953,2776855,6.486762001822584
1270166,370903,2409968,2780871,6.4975694453805986
1270504,371034,2410308,2781342,6.496191723669529
1270592,371034,2410648,2781682,6.49710808173914
1270970,371034,2411333,2782367,6.498954273732326
1271081,371034,2411438,2782472,6.499237266665588
1271116,371037,2411522,2782559,6.499411109943213
1271138,371046,2411552,2782598,6.499334314343774
1271162,371056,2411620,2782676,6.499342417317063
1271182,371056,2411673,2782729,6.499485252899832
1271201,371056,2411694,2782750,6.4995418481307405
1271295,371104,2411890,2782994,6.49922932654997
1271326,371121,2411941,2783062,6.499069036783151
1271345,371121,2411961,2783082,6.499122927562708
1271425,371121,2412055,2783176,6.4993762142266265
1271507,371142,2412242,2783384,6.499512316040761
1271532,371152,2412279,2783431,6.49943688839074
1271681,371214,2412485,2783699,6.498906291249791
1272892,371243,2415244,2786487,6.505830412964015
1272948,371258,2415345,2786603,6.505839604803128
1273202,371258,2416089,2787347,6.5078436020233905
1273246,371273,2416214,2787487,6.507917354615068
1273319,371303,2416353,2787656,6.5077658947005546
1273342,371316,2416372,2787688,6.507589223195338
1273391,371329,2416400,2787729,6.507436801327125
1273409,371340,2416424,2787764,6.507308665912641
1273415,371340,2416472,2787812,6.50743792750579
1273437,371348,2416498,2787846,6.507367752081605
1273561,371393,2417076,2788469,6.508135586831201
1273589,371405,2417116,2788521,6.50803300978716
1273846,371492,2417416,2788908,6.507316442884369
1273890,371527,2417475,2789002,6.506862219973246
1273900,371532,2417485,2789017,6.506801567563494
1273926,371551,2417515,2789066,6.50654957192956
1274004,371625,2417691,2789316,6.505727547931382
1274134,371727,2418103,2789830,6.505050749609256
1275264,371973,2418915,2790888,6.502931664394996
1275934,372262,2420551,2792813,6.502277965518909
1275952,372284,2420619,2792903,6.502076371802173
1275964,372289,2420638,2792927,6.502040081764435
1276244,372345,2420857,2793202,6.501650351152828
1276313,372362,2420889,2793251,6.50143945945075
1276364,372373,2420999,2793372,6.501542807883493
1276384,372389,2421016,2793405,6.501309114930892
1276419,372402,2421074,2793476,6.50123790957084
1276444,372402,2421116,2793518,6.501350690920027
1276580,372478,2421482,2793960,6.501006770869689
1276623,372495,2421685,2794180,6.501255050403361
1276641,372502,2421709,2794211,6.501197309007737
1276642,372503,2421715,2794218,6.5011959635224414
1276726,372553,2421876,2794429,6.5007555971901985
1276753,372573,2421918,2794491,6.500519361306375
1276873,372665,2422102,2794767,6.499408315779587
1276918,372694,2422157,2794851,6.499050159111764
1276997,372756,2422404,2795160,6.498631812767601
1277006,372756,2422404,2795160,6.498631812767601
1277026,372756,2422433,2795189,6.498709611649444
1277434,372756,2423540,2796296,6.501679382759768
1277449,372769,2423565,2796334,6.501519707915626
1277456,372769,2423565,2796334,6.501519707915626
1277485,372780,2423602,2796382,6.501427115188583
1277499,372780,2423628,2796408,6.5014968614196045
1277696,372844,2423763,2796607,6.50074293806525
1277731,372858,2423827,2796685,6.50067049654292
1277782,372858,2423951,2796809,6.501003062828208
1277902,372911,2424096,2797007,6.500467940071491
1277934,372917,2424154,2797071,6.500518882217759
1277967,372957,2424199,2797156,6.499942352603651
1278160,372969,2424449,2797418,6.500403518791106
1278259,372981,2424617,2797598,6.5006448049632555
1278260,372981,2424619,2797600,6.500650167166692
1278294,372981,2424721,2797702,6.500923639541961
1278448,373044,2425226,2798270,6.501179485529857
1278477,373044,2425251,2798295,6.501246501753144
1278495,373052,2425294,2798346,6.501222349699238
1278645,373098,2425469,2798567,6.500889846635468
1278695,373106,2425567,2798673,6.5010131169158365
1278734,373116,2425602,2798718,6.5009326858135275
1278753,373124,2425629,2798753,6.500865663961578
1278776,373130,2425657,2798787,6.500836169699569
1278987,373213,2426150,2799363,6.50071139001053
1279056,373221,2426183,2799404,6.5006604665868215
1279063,373221,2426183,2799404,6.5006604665868215
1279108,373236,2426229,2799465,6.500522457640742
1279118,373236,2426229,2799465,6.500522457640742
1279153,373266,2426333,2799599,6.500278621679982
1280466,373266,2429635,2802901,6.509124860019396
1280785,373362,2429935,2803297,6.508254723298032
1280816,373368,2429963,2803331,6.508225129095155
1280951,373402,2430139,2803541,6.508103866610249
1280970,373407,2430195,2803602,6.508166692108075
1280989,373415,2430233,2803648,6.508129025347134
1280990,373415,2430235,2803650,6.5081343813183725
1281021,373431,2430260,2803691,6.507922480993812
1281027,373434,2430272,2803706,6.507902333477937
1281038,373434,2430284,2803718,6.507934467670324
1281052,373439,2430317,2803756,6.507935700341957
1281082,373448,2430348,2803796,6.5078618709967655
1281125,373484,2430401,2803885,6.507376487346178
1281216,373484,2430516,2804000,6.5076843987962
1281222,373484,2430564,2804048,6.507812918357948
1281262,373502,2430660,2804162,6.507756317235249
1281268,373502,2430673,2804175,6.507791122939101
1281289,373502,2430703,2804205,6.507871443794143
1281294,373503,2430706,2804209,6.507862051978163
1281311,373510,2430723,2804233,6.507785601456454
1281348,373527,2430788,2804315,6.5076634353072205
1281364,373528,2430811,2804339,6.50770758818616
1281417,373537,2430867,2804404,6.507700709702118
1283240,373537,2434582,2808119,6.517646176951681
1283267,373556,2434615,2808171,6.5174030132028395
1283438,373665,2434893,2808558,6.516245835173216
1283515,373720,2435025,2808745,6.515640051375361
1284318,373720,2436971,2810691,6.520847158300332
1284389,373735,2437192,2810927,6.52117676963624
1284417,373735,2437287,2811022,6.521430960439884
1284437,373739,2437312,2811051,6.521428055407651
1284446,373743,2437321,2811064,6.521382340271256
1284526,373807,2437478,2811285,6.5206858084519554
1284630,373879,2437711,2811590,6.520053279269496
1284900,373930,2437985,2811915,6.519896772123125
1284919,373941,2438010,2811951,6.5197718356639145
1284947,373959,2438045,2812004,6.519551608598803
1284991,373962,2438161,2812123,6.519809499360898
1285161,374100,2438596,2812696,6.5185672280139
1285270,374100,2438841,2812941,6.519222133119487
1285278,374103,2438856,2812959,6.519209950200881
1285325,374127,2438889,2813016,6.518879952529488
1286301,374127,2440459,2814586,6.523076388499093
1286603,374127,2440621,2814748,6.523509396541816
1286722,374204,2440847,2815051,6.522771001913394
1286724,374205,2440848,2815053,6.522756243235659
1286774,374216,2440964,2815180,6.522874489599589
1286792,374221,2440992,2815213,6.522862158991612
1286850,374221,2441089,2815310,6.5231213641137185
1286864,374232,2441112,2815344,6.522991085743603
1286883,374238,2441121,2815359,6.522910554246228
1287045,374342,2441303,2815645,6.5215845403401165
1287108,374358,2441436,2815794,6.521661083775424
1287162,374403,2441576,2815979,6.521251165188313
1287222,374423,2441644,2816067,6.52108444192798
1287334,374475,2441924,2816399,6.520926630616196
1287381,374492,2442035,2816527,6.5209270157974
1287698,374633,2442418,2817051,6.5194950791841615
1288396,374638,2444309,2818947,6.524455607813409
1288402,374638,2444323,2818961,6.524492977220677
1288499,374692,2444498,2819190,6.524019728203431
1288684,374692,2444776,2819468,6.524761670919048
1288912,374805,2445126,2819931,6.523728338736142
1289109,374827,2445180,2820007,6.523489503157457
1289113,374827,2445186,2820013,6.523505510542197
1289944,374836,2446558,2821394,6.527009145332892
1290077,374864,2446624,2821488,6.526697682359469
1290158,374900,2446817,2821717,6.526585756201654
1290200,374928,2446878,2821806,6.526261042120087
1290355,374942,2447186,2822128,6.5268388177371435
1290467,374990,2447409,2822399,6.52659804261447
1290763,375033,2447936,2822969,6.527254934899062
1290877,375033,2448107,2823140,6.527710894774593
1290947,375065,2448333,2823398,6.527756522202818
1290960,375065,2448356,2823421,6.527817844906883
1291031,375066,2448465,2823531,6.528091055974149
1292818,375066,2448465,2823531,6.528091055974149
1292965,375116,2448613,2823729,6.5276154576184435
1293009,375116,2448699,2823815,6.527844720033269
1293017,375124,2448717,2823841,6.5277534895128015
1293084,375150,2448875,2824025,6.527722244435559
1293179,375183,2449001,2824184,6.5274839211797975
1293234,375211,2449096,2824307,6.5272500006662915
1293281,375242,2449201,2824443,6.526990582077699
1293376,375272,2449391,2824663,6.526975100726939
1293704,375355,2450185,2825540,6.5276471606878825
1293728,375355,2450210,2825565,6.527713764303126
1293879,375434,2450424,2825858,6.52691018927428
1293982,375482,2450682,2826164,6.526762934042111
1294234,375562,2450961,2826523,6.526115528195079
1294266,375590,2451025,2826615,6.5257994089299505
1294336,375591,2451108,2826699,6.526003019241675
1294379,375598,2451133,2826731,6.525947954994436
1294388,375603,2451143,2826746,6.525887705902242
1294480,375611,2451320,2826931,6.526219945635245
1294503,375618,2451345,2826963,6.526164880277303
1294725,375768,2451912,2827680,6.525068659385578
1295023,375777,2452302,2828079,6.525950231121117
1295983,376084,2453528,2829612,6.523882962316929
1295995,376089,2453576,2829665,6.523923858448399
1296028,376103,2453633,2829736,6.523832567142511
1296057,376103,2453663,2829766,6.5239123325259305
1296062,376106,2453674,2829780,6.523889541778115
1296087,376117,2453728,2829845,6.523842315024314
1296235,376152,2453979,2830131,6.5239025713009635
1296488,376152,2454359,2830511,6.524912801208022
1296503,376164,2454394,2830558,6.524797694622558
1296555,376212,2454532,2830744,6.5243320255600565
1296582,376231,2454563,2830794,6.524084937179552
1296727,376274,2454733,2831007,6.523791173453388
1296777,376286,2454816,2831102,6.523803702502883
1296804,376301,2454863,2831164,6.52366855256829
1296881,376355,2455012,2831367,6.523128429275551
1296906,376372,2455056,2831428,6.522950697713964
1296935,376394,2455094,2831488,6.522670393258128
1296995,376394,2455204,2831598,6.522962640212119
1297003,376394,2455204,2831598,6.522962640212119
1297052,376427,2455275,2831702,6.522579411147447
1297074,376436,2455322,2831758,6.52254832162705
1297180,376454,2455450,2831904,6.522576463525424
1297266,376504,2455562,2832066,6.52200773431358
1297296,376504,2455603,2832107,6.522116630899007
1297391,376539,2455813,2832352,6.5220680991876
1297407,376539,2455842,2832381,6.522145116442122
1297425,376550,2455874,2832424,6.52203956977825
1297551,376554,2456207,2832761,6.52285462377242
1297721,376554,2456552,2833106,6.523770827026137
1297828,376568,2456762,2833330,6.524085955259077
1297989,376615,2456970,2833585,6.5238240643628105
1298041,376633,2457016,2833649,6.5236344133413695
1298105,376654,2457123,2833777,6.523554774408343
1298140,376677,2457176,2833853,6.523297148485307
1298242,376771,2457441,2834212,6.522373006415037
1298262,376782,2457473,2834255,6.522267518087382
1298284,376791,2457519,2834310,6.522233811317149
1298296,376804,2457539,2834343,6.522061867708411
1298744,376977,2459498,2836475,6.524265406112309
1298758,376977,2459520,2836497,6.5243237651103385
1298812,376984,2459627,2836611,6.524486450353331
1298860,377015,2459711,2836726,6.524172778271422
1298922,377015,2459805,2836820,6.524422105221277
1298927,377017,2459812,2836829,6.524406061265142
1299097,377017,2460097,2837114,6.52516199534769
1299113,377017,2460123,2837140,6.5252309577552206
1299165,377036,2460202,2837238,6.525111660424999
1299170,377037,2460207,2837244,6.525107615432968
1299210,377059,2460283,2837342,6.52492845947186
1299237,377060,2460315,2837375,6.524996021853286
1299274,377060,2460360,2837420,6.525115366254708
1299393,377166,2460756,2837922,6.5243314614785
1299686,377226,2461552,2838778,6.52540386929851
1299711,377226,2461552,2838778,6.52540386929851
1299778,377240,2461596,2838836,6.525278337397943
1299782,377240,2461605,2838845,6.525302194889195
1299925,377329,2461799,2839128,6.52427722226492
1299955,377331,2461814,2839145,6.524282393972401
1299976,377358,2461863,2839221,6.523945431129061
1300302,377374,2462214,2839588,6.524598938983607
1300373,377436,2462438,2839874,6.52412064561939
1300397,377451,2462465,2839916,6.523932907847641
1300431,377463,2462497,2839960,6.523810280742748
1300517,377463,2462656,2840119,6.5242315140821745
1300613,377539,2462841,2840380,6.523408177698198
1300656,377541,2462853,2840394,6.523405404975883
1300777,377551,2463183,2840734,6.5241066769787395
1301006,377671,2463493,2841164,6.522854548006069
1301018,377676,2463514,2841190,6.522823796057997
1301027,377676,2463525,2841201,6.522852921551807
1301170,377766,2463814,2841580,6.52206392316937
1301230,377796,2463989,2841785,6.5220092324958445
1301242,377799,2464005,2841804,6.52199979354101
1301353,377799,2464220,2842019,6.522568879218844
1301414,377807,2464336,2842143,6.522737799987825
1301476,377843,2464478,2842321,6.522492146208875
1301516,377852,2464523,2842375,6.522455882197263
1301518,377852,2464525,2842377,6.522461175274976
1301579,377878,2464616,2842494,6.522253214000286
1301963,377879,2466021,2843900,6.525954075246309
1301964,377879,2466024,2843903,6.525962014295581
1302000,377905,2466115,2844020,6.525753827020019
1302157,377976,2466384,2844360,6.525239697758588
1302191,377976,2466448,2844424,6.525409020678562
1302236,378015,2466550,2844565,6.525005621470047
1302252,378042,2466688,2844730,6.52490464022516
1303246,378042,2467958,2846000,6.528264055316605
1303255,378044,2467978,2846022,6.528282422151919
1303339,378099,2468132,2846231,6.527740089235888
1303479,378208,2468521,2846729,6.526887321262374
1303483,378208,2468530,2846738,6.526911117691852
1303567,378229,2468574,2846803,6.52666506270011
1303607,378229,2468622,2846851,6.526791969944134
1303626,378239,2468664,2846903,6.526730453496334
1303668,378265,2468731,2846996,6.526458963953842
1303686,378274,2468750,2847024,6.526353912772223
1303709,378292,2468772,2847064,6.526101530035
1303770,378334,2468861,2847195,6.525612289669974
1303823,378340,2468922,2847262,6.525670032246127
1303824,378340,2468924,2847264,6.5256753184965905
1304285,378340,2469832,2848172,6.528075276206587
1304407,378361,2469963,2848324,6.528059181575268
1304421,378361,2469996,2848357,6.5281463998667935
1304507,378416,2470173,2848589,6.527665320705256
1304554,378426,2470272,2848698,6.527754435477478
1304629,378470,2470446,2848916,6.527455280471371
1304637,378470,2470465,2848935,6.527505482600999
1304751,378473,2470761,2849234,6.528235831882327
1304849,378511,2470974,2849485,6.528143171532664
1304899,378511,2471158,2849669,6.528629286863525
1304911,378513,2471161,2849674,6.528602716419251
1305475,378513,2472615,2851128,6.532444064008369
1305500,378534,2472642,2851176,6.532152990220165
1305515,378537,2472665,2851202,6.532161981523602
1305660,378542,2472976,2851518,6.53289727427868
1305777,378578,2473210,2851788,6.53289414598841
1305833,378592,2473237,2851829,6.53272388217395
1305853,378592,2473265,2851857,6.532797840419238
1305858,378593,2473270,2851863,6.532793791749979
1306035,378599,2473644,2852243,6.5336781132543935
1306041,378603,2473653,2852256,6.533632855524124
1306223,378661,2474001,2852662,6.53355111828258
1306304,378661,2474056,2852717,6.533696366935069
1306397,378743,2474245,2852988,6.532780803869643
1306446,378755,2474289,2853044,6.532689997491782
1306458,378760,2474323,2853083,6.5326935262435315
1306478,378760,2474353,2853113,6.532772732073081
1306522,378792,2474392,2853184,6.532323808316965
1306526,378792,2474401,2853193,6.5323475680584595
1306614,378822,2474490,2853312,6.532065191567543
1307164,378822,2475655,2854477,6.53514051454245
1307195,378836,2475701,2854537,6.535020431004445
1307413,378862,2476279,2855141,6.536097576426245
1307431,378875,2476316,2855191,6.535970966677664
1307436,378876,2476322,2855198,6.5359695520434125
1307582,378943,2476506,2855449,6.535299504147062
1308070,379146,2477327,2856473,6.533965807367083
1309084,379156,2479046,2858202,6.538327232062792
1309126,379184,2479142,2858326,6.5380975990548125
1309476,379218,2479747,2858965,6.539106793453898
1309490,379218,2479775,2858993,6.539180629611463
1309517,379232,2479786,2859018,6.538968230529069
1309644,379232,2480163,2859395,6.539962344949793
1309653,379234,2480183,2859417,6.539980592457427
1309674,379253,2480223,2859476,6.5397584198411085
1309738,379308,2480322,2859630,6.539071150621658
1309743,379310,2480330,2859640,6.539057762779785
1309925,379310,2480604,2859914,6.539780127072842
1309957,379335,2480657,2859992,6.539488842316159
1310189,379465,2481233,2860698,6.53876642114556
1310202,379472,2481241,2860713,6.538666884513218
1310463,379547,2482011,2861558,6.539403552129249
1310487,379557,2482061,2861618,6.539362994227481
1310552,379575,2482164,2861739,6.53932424422051
1310822,379729,2482693,2862422,6.538065304467133
1310846,379735,2482718,2862453,6.538027835200864
1310876,379747,2482762,2862509,6.537937100227256
1311000,379758,2483165,2862923,6.538808925684251
1311027,379773,2483206,2862979,6.5386586197544325
1311039,379780,2483213,2862993,6.538556532729475
1311064,379784,2483278,2863062,6.538658816590483
1311073,379794,2483294,2863088,6.538528781392018
1311088,379794,2483320,2863114,6.53859723955618
1311116,379802,2483350,2863152,6.538538501640328
1311245,379873,2483532,2863405,6.537795526399613
1311719,380088,2484233,2864321,6.535941676664351
1311746,380097,2484318,2864415,6.536010544676754
1311757,380097,2484336,2864433,6.536057901009479
1311794,380108,2484395,2864503,6.5360239721342355
1311797,380108,2484404,2864512,6.536047649615372
1311847,380140,2484521,2864661,6.535805229652233
1311895,380170,2484587,2864757,6.535463082305284
1311999,380215,2484714,2864929,6.535023605065555
1312114,380266,2484987,2865253,6.534865068136515
1312119,380272,2484998,2865270,6.53479088652333
1312230,380360,2485310,2865670,6.5340992743716475
1312293,380360,2485492,2865852,6.534577768429909
1313609,380375,2490476,2870851,6.54742293789024
1313682,380404,2490668,2871072,6.547428523359375
1313842,380508,2491025,2871533,6.54657720731233
1313873,380517,2491060,2871577,6.5465143475849965
1313936,380542,2491145,2871687,6.546307634899696
1313944,380542,2491163,2871705,6.54635493585465
1314005,380569,2491263,2871832,6.54615325998702
1314759,380618,2492506,2873124,6.548576262814685
1314824,380654,2492603,2873257,6.548211761862479
1314896,380665,2492672,2873337,6.548203801242562
1314922,380675,2492714,2873389,6.548142115978196
1315078,380739,2492912,2873651,6.547561452858782
1315096,380743,2492928,2873671,6.547534688753306
1315134,380766,2492996,2873762,6.5473177752215275
1315172,380775,2493074,2873849,6.547367868163613
1315178,380775,2493090,2873865,6.547409887728974
1315242,380781,2493421,2874202,6.548175985671554
1315251,380783,2493441,2874224,6.548194115808742
1315384,380836,2493527,2874363,6.54750863888918
1315400,380836,2493556,2874392,6.547584787152475
1316041,380836,2494526,2875362,6.550131815269565
1316115,380837,2494708,2875545,6.5505925107066805
1316133,380837,2494751,2875588,6.5507054199040535
1316170,380859,2494818,2875677,6.550502942033666
1316235,380887,2494918,2875805,6.550283942481628
1316734,380956,2495234,2876190,6.549927025693256
1316755,380956,2495263,2876219,6.550003149970076
1316919,380992,2495401,2876393,6.5497464513690575
1317026,381069,2495501,2876570,6.548685408679268
1317067,381088,2495567,2876655,6.548532097573264
1317169,381169,2495769,2876938,6.547670455887022
1317557,381271,2496142,2877413,6.546897088947231
1317653,381296,2496259,2877555,6.54677468423482
1317679,381309,2496309,2877618,6.546682611740085
1317690,381316,2496330,2877646,6.54661750359282
1317706,381316,2496356,2877672,6.546685688510317
1317726,381336,2496388,2877724,6.546426248767491
1317915,381502,2496805,2878307,6.544670801201566
1317999,381524,2496969,2878493,6.544723267736761
1318023,381535,2497005,2878540,6.544628933125401
1318091,381556,2497096,2878652,6.544507228296764
1318201,381556,2497436,2878992,6.545398316367716
1318248,381594,2497561,2879155,6.545074083974066
1318254,381597,2497574,2879171,6.545056695938385
1318289,381600,2497659,2879259,6.5452279874213835
1318482,381600,2497659,2879259,6.5452279874213835
1318532,381620,2497720,2879340,6.545044808972276
1318599,381620,2497872,2879492,6.545443110948064
1318785,381697,2498132,2879829,6.544803862749773
1318791,381699,2498139,2879838,6.544787908797246
1318988,381766,2498505,2880271,6.544597999821881
1319139,381766,2498828,2880594,6.545444067832127
1319780,381774,2499791,2881565,6.547829344062194
1319842,381808,2499852,2881660,6.547406026065457
1319869,381824,2499896,2881720,6.547246899094871
1319927,381838,2499997,2881835,6.547271355915336
1319976,381877,2500088,2881965,6.546840998541415
1320030,381900,2500189,2882089,6.546711180937418
1320169,381938,2500463,2882401,6.546777225623007
1320172,381939,2500466,2882405,6.54676793938299
1320190,381953,2500486,2882439,6.546580338418601
1320405,381962,2500623,2882585,6.546784758693273
1320433,381984,2500652,2882636,6.546483622350674
1320466,382023,2500727,2882750,6.546011627572162
1320549,382041,2500887,2882928,6.546122013082366
1320719,382041,2501232,2883273,6.547025057520004
1320730,382041,2501244,2883285,6.547056467761314
1320821,382081,2501360,2883441,6.546674657991368
1320831,382081,2501376,2883457,6.546716533928669
1320856,382092,2501425,2883517,6.546656302670561
1320969,382129,2501562,2883691,6.546380934187146
1321102,382170,2501647,2883817,6.54590103880472
1321211,382196,2502053,2884249,6.54651801693372
1321444,382287,2502227,2884514,6.54541483231185
1321531,382322,2502400,2884722,6.545268124774405
1321574,382329,2502461,2884790,6.545307836967638
1321636,382352,2502552,2884904,6.545152111143659
1321685,382356,2502658,2885014,6.545360867882287
1321741,382400,2502765,2885165,6.5448875523012555
1321778,382416,2502831,2885247,6.544786306012301
1321794,382416,2502860,2885276,6.544862139659428
1321799,382420,2502864,2885284,6.54480414204278
1321819,382427,2502883,2885310,6.54473402767064
1321889,382463,2502994,2885457,6.544408217265461
1321921,382477,2503033,2885510,6.544270635881373
1321924,382477,2503042,2885519,6.544294166708063
1321987,382515,2503140,2885655,6.543900239206305
1322151,382515,2503423,2885938,6.544640079474007
1322346,382515,2503675,2886190,6.545298877168215
1322380,382527,2503713,2886240,6.545192888345136
1322417,382539,2503747,2886286,6.545076449721466
1322439,382539,2503747,2886286,6.545076449721466
1322508,382559,2503828,2886387,6.544946008328127
1322566,382573,2503934,2886507,6.544983571762775
1322590,382584,2503978,2886562,6.544910398762102
1322623,382603,2504017,2886620,6.544687312958863
1322632,382605,2504031,2886636,6.544689693025444
1322662,382626,2504087,2886713,6.5444768520696455
1322689,382626,2504137,2886763,6.544607527977712
1322732,382646,2504168,2886814,6.544346471673557
1322738,382646,2504186,2886832,6.544393512541618
1322788,382646,2504277,2886923,6.544631330263481
1322818,382646,2504311,2886957,6.544720185236485
1322967,382710,2504627,2887337,6.5444514122965165
1322993,382716,2504656,2887372,6.544424586377366
1323033,382726,2504719,2887445,6.54441819996551
1323068,382730,2504757,2887487,6.544449089436418
1323244,382803,2505007,2887810,6.543854149523384
1323732,382985,2505671,2888656,6.542478164941186
1323758,382997,2505708,2888705,6.542369783575328
1324200,383023,2506730,2889753,6.544593927779794
1324335,383040,2506827,2889867,6.544556704260652
1324380,383068,2506912,2889980,6.544300228680026
1324480,383068,2507013,2890081,6.544563889439995
1324515,383076,2507036,2890112,6.544487255792585
1324609,383076,2507163,2890239,6.544818782695862
1324635,383082,2507197,2890279,6.5448050286883745
1324663,383095,2507230,2890325,6.54466907686083
1324673,383095,2507230,2890325,6.54466907686083
1324690,383106,2507247,2890353,6.5445255360135315
1324729,383118,2507309,2890427,6.544482378797133
1324811,383152,2507529,2890681,6.544475821606047
1324965,383181,2507936,2891117,6.545042682178918
1325030,383184,2508086,2891270,6.545382896989436
1325107,383234,2508264,2891498,6.544993398289296
1325123,383243,2508282,2891525,6.544886664596613
1325312,383266,2508417,2891683,6.54484613819123
1325324,383271,2508437,2891708,6.544812939147496
1325402,383301,2508541,2891842,6.544572020422592
1325903,383673,2509490,2893163,6.540700023196837
1325919,383683,2509498,2893181,6.54055040228522
1326001,383717,2509608,2893325,6.540257533546859
1326070,383721,2509688,2893409,6.540397841139787
1326139,383726,2509795,2893521,6.540591463700661
1326226,383754,2509958,2893712,6.540538991124523
1326409,383831,2510374,2894205,6.540310709661283
1326596,383858,2510707,2894565,6.5407181822444755
1326785,383912,2511073,2894985,6.540751526391465
1326835,383937,2511132,2895069,6.540479297384727
1326856,383945,2511179,2895124,6.540465431246663
1326893,383977,2511198,2895175,6.539969841943658
1326961,384018,2511285,2895303,6.539498148524288
1326986,384026,2511306,2895332,6.539416602000906
1326990,384026,2511308,2895334,6.539421809981616
1327134,384026,2511507,2895533,6.539940004062225
1327155,384034,2511535,2895569,6.539876677585839
1327197,384047,2511604,2895651,6.539834968115882
1327210,384047,2511630,2895677,6.539902668163012
1327227,384047,2511657,2895704,6.5399729720581075
1327393,384110,2511833,2895943,6.5393585170914585
1327436,384110,2511867,2895977,6.53944703340189
1327450,384110,2511893,2896003,6.539514722345162
1327576,384170,2512199,2896369,6.539289897701538
1327612,384184,2512262,2896446,6.539215584199238
1327748,384263,2512436,2896699,6.538324012460216
1327771,384276,2512462,2896738,6.538170481632993
1327960,384363,2512687,2897050,6.53727596048527
1328087,384399,2512924,2897323,6.537280273882086
1328114,384418,2512955,2897373,6.537037807802965
1328310,384566,2513270,2897836,6.535341137802094
1328381,384566,2513344,2897910,6.535533562509427
1328431,384579,2513401,2897980,6.5354608545968444
1328448,384588,2513417,2898005,6.535349516885602
1328478,384588,2513450,2898038,6.5354353229949975
1328510,384594,2513487,2898081,6.535429569884085
1328622,384654,2513742,2898396,6.5350730786629025
1328675,384654,2513935,2898589,6.53557482828724
1328677,384654,2513935,2898589,6.53557482828724
1328700,384654,2513964,2898618,6.53565022071784
1328740,384662,2513991,2898653,6.535584487160156
1328753,384666,2513998,2898664,6.53553472363037
1329104,384878,2514650,2899528,6.533628838229257
1329118,384885,2514670,2899555,6.533561973056887
1329253,384958,2514890,2899848,6.532894497581554
1329277,384958,2514985,2899943,6.53314127774978
1329766,385349,2516363,2901712,6.530088309558349
1329799,385369,2516411,2901780,6.529873964953071
1329813,385375,2516424,2901799,6.5298060330846575
1329817,385375,2516426,2901801,6.529811222834901
1329873,385375,2516514,2901889,6.530039571845605
1329938,385375,2516642,2902017,6.5303717158611745
1329964,385375,2516661,2902036,6.530421018488485
1330018,385387,2516736,2902123,6.530412286870082
1332505,385438,2520479,2905917,6.539259232353841
1332684,385556,2520656,2906212,6.537716959404081
1332728,385578,2520710,2906288,6.537483985082137
1332816,385578,2521050,2906628,6.538365778130495
1332834,385584,2521078,2906662,6.538336652973152
1332856,385591,2521123,2906714,6.5383346603006816
1333134,385591,2521142,2906733,6.538383935309693
1333143,385591,2521142,2906733,6.538383935309693
1333177,385613,2521188,2906801,6.5381301978927056
1333288,385613,2521452,2907065,6.5388148221144
1333308,385619,2521470,2907089,6.538759760281521
1333512,385670,2521627,2907297,6.538302175434957
1333548,385698,2521683,2907381,6.537972714403497
1333557,385702,2521695,2907397,6.537936023147404
1333570,385709,2521725,2907434,6.537895148933522
1333913,385709,2522307,2908016,6.539404058500061
1334039,385762,2522557,2908319,6.5391536750639
1334050,385772,2522571,2908343,6.5390204576796656
1334085,385779,2522581,2908360,6.5389277280515525
1334121,385779,2522621,2908400,6.539031414358998
1334142,385781,2522649,2908430,6.5390700941726
1334234,385836,2522801,2908637,6.538531915114193
1334414,385887,2522951,2908838,6.538056477673516
1334443,385894,2523014,2908908,6.538101136581548
1334522,385904,2523077,2908981,6.538094966623824
1334560,385912,2523099,2909011,6.5380164389809075
1334589,385924,2523117,2909041,6.537859785864574
1334623,385946,2523163,2909109,6.53760629725402
1334638,385948,2523185,2909133,6.537629421580109
1334659,385969,2523211,2909180,6.537341081796725
1335200,386012,2524037,2910049,6.538752681263795
1335234,386022,2524077,2910099,6.538686914217324
1335269,386025,2524152,2910177,6.53883038663299
1335282,386033,2524174,2910207,6.538751868363586
1335860,386033,2525056,2911089,6.541036647126023
1335976,386125,2525315,2911440,6.540148915506636
1335986,386128,2525321,2911449,6.540113641072391
1336179,386164,2525635,2911799,6.5403170673599815
1336230,386164,2525722,2911886,6.540542360240726
1336290,386178,2525821,2911999,6.5405616063059
1336331,386193,2525858,2912051,6.540403373442812
1336353,386195,2525865,2912060,6.540387628011755
1336407,386196,2525985,2912181,6.540681415654228
1336453,386196,2526074,2912270,6.540911868584864
1336678,386242,2526385,2912627,6.540938064736616
1336722,386271,2526472,2912743,6.540672222351665
1336722,386271,2526472,2912743,6.540672222351665
1336766,386288,2526526,2912814,6.540524168496044
1336781,386296,2526552,2912848,6.540456023360325
1336795,386299,2526573,2912872,6.540459592181186
1336833,386313,2526626,2912939,6.540359760090911
1337228,386436,2527184,2913620,6.5397219720729955
1337347,386482,2527335,2913817,6.539334302761836
1337406,386522,2527419,2913941,6.538874889398275
1337462,386529,2527475,2914004,6.538901350222105
1337506,386536,2527513,2914049,6.538881242626819
1337538,386558,2527550,2914108,6.538604814801401
1337587,386562,2527659,2914221,6.538819128626197
1337653,386585,2527708,2914293,6.538556850369259
1337834,386675,2527994,2914669,6.5377746169263595
1337849,386680,2528021,2914701,6.537759904830868
1337877,386703,2528070,2914773,6.537497769606132
1337888,386707,2528093,2914800,6.53748962392716
1337996,386752,2528248,2915000,6.537129736885653
1338052,386771,2528316,2915087,6.536984417135721
1338088,386771,2528385,2915156,6.537162817274305
1338107,386783,2528414,2915197,6.537034978269469
1346335,386789,2553093,2939882,6.60073838707926
1346482,386789,2553349,2940138,6.601400246646104
1346553,386798,2553502,2940300,6.601642200838681
1346597,386821,2553594,2940415,6.601487509726721
1346938,387102,2554145,2941247,6.5981188420622985
1347330,387131,2554849,2941980,6.5994430825741155
1347365,387142,2554865,2942007,6.599296898812322
1347401,387156,2554901,2942057,6.599151246525948
1347411,387156,2554916,2942072,6.599189990598105
1347490,387156,2555209,2942365,6.599946791474237
1347690,387212,2555319,2942531,6.599276365401899
1347888,387215,2555473,2942688,6.599622948491148
1347906,387215,2555490,2942705,6.599666851749029
1348723,387555,2556275,2943830,6.595902517062094
1348943,387555,2556275,2943830,6.595902517062094
1348948,387558,2556284,2943842,6.595874681983084
1349219,387589,2556360,2943949,6.595543217170766
1349229,387595,2556376,2943971,6.59548239786375
1349239,387595,2556392,2943987,6.595523678066023
1349276,387597,2556435,2944032,6.595600585143848
1349291,387597,2556456,2944053,6.595654765129761
1349364,387604,2556497,2944101,6.595641427849042
1349485,387604,2556711,2944315,6.596193537734389
1349500,387604,2556725,2944329,6.596229657072683
1349522,387610,2556762,2944372,6.596223007662341
1349773,387610,2557268,2944878,6.597528443538608
1349884,387610,2557484,2945094,6.598085704703181
1349953,387654,2557633,2945287,6.597721163718161
1349962,387660,2557653,2945313,6.597670639219935
1349978,387660,2557679,2945339,6.597737708301088
1350000,387662,2557686,2945348,6.59772172665879
1350046,387696,2557756,2945452,6.597323676282448
1350069,387705,2557819,2945524,6.597333023819656
1350085,387705,2557845,2945550,6.597400085116261
1350152,387705,2557997,2945702,6.597792135773333
1350163,387715,2558014,2945729,6.597665811227319
1350192,387733,2558054,2945787,6.597462686952103
1350214,387733,2558099,2945832,6.597578746199059
1350255,387744,2558120,2945864,6.597445737393745
1350267,387749,2558130,2945879,6.597386453607875
1350285,387754,2558147,2945901,6.597345224033795
1350292,387754,2558147,2945901,6.597345224033795
1350327,387757,2558231,2945988,6.597510812183919
1350482,387833,2558593,2946426,6.597151351225914
1350522,387854,2558667,2946521,6.596984947944329
1350543,387854,2558697,2946551,6.597062296637395
1350568,387865,2558732,2946597,6.59696543900584
1350610,387885,2558770,2946655,6.596723255604109
1350613,387887,2558773,2946660,6.5966969761812075
1350680,387887,2558925,2946812,6.597088842884655
1350990,387978,2559488,2947466,6.59699261298321
1351039,388010,2559581,2947591,6.596688229684802
1351201,388010,2560083,2948093,6.597982010772919
1351234,388019,2560137,2948156,6.597968140735376
1351274,388028,2560180,2948208,6.5979259228715454
1351321,388046,2560330,2948376,6.598006421919051
1351670,388051,2561061,2949112,6.599805180246927
1351718,388051,2561173,2949224,6.6000938021033315
1351777,388090,2561311,2949401,6.599786132082764
1351853,388110,2561541,2949651,6.60003864883667
1351926,388110,2561650,2949760,6.600319497049806
1351993,388133,2561842,2949975,6.600423050861432
1352661,388597,2562993,2951590,6.5955038252997324
1352670,388603,2563005,2951608,6.5954328710792245
1352677,388609,2563018,2951627,6.595364492330337
1353320,388807,2563521,2952328,6.593299503352563
1353375,388815,2563593,2952408,6.593349022028471
1353420,388848,2563663,2952511,6.592969489363453
1353438,388854,2563696,2952550,6.592952624892633
1353513,388885,2563783,2952668,6.592650783650694
1353603,388948,2563882,2952830,6.591837469276099
1353617,388952,2563915,2952867,6.591854521894732
1353672,388964,2563937,2952901,6.591707715881161
1353708,388979,2563988,2952967,6.59158463567442
1353804,389024,2564190,2953214,6.591341408242165
1353871,389044,2564234,2953278,6.591115657869032
1353919,389055,2564296,2953351,6.591088663556566
1353963,389074,2564370,2953444,6.590956990186957
1354014,389084,2564425,2953509,6.590928951074832
1354043,389093,2564456,2953549,6.590856170632728
1354065,389093,2564461,2953554,6.5908690210309615
1354139,389109,2564515,2953624,6.590736785836359
1354252,389109,2564848,2953957,6.591592587167092
1354259,389110,2564852,2953962,6.591585926858729
1354305,389136,2564894,2954030,6.5912534435261705
1354355,389136,2565015,2954151,6.591564388799803
1354398,389158,2565050,2954208,6.591281690213229
1354962,389196,2566022,2955218,6.593135592349356
1355576,389268,2568632,2957900,6.598621001469425
1355587,389271,2568644,2957915,6.598600974642344
1355607,389271,2568665,2957936,6.59865492163557
1355957,389271,2569304,2958575,6.600296451572298
1355987,389274,2569395,2958669,6.600479353874135
1356045,389288,2569498,2958786,6.600506565833008
1356074,389312,2569540,2958852,6.600207545618938
1356163,389323,2569715,2959038,6.600470560434395
1356309,389369,2569853,2959222,6.600045201338576
1356537,389373,2569938,2959311,6.6001956992395465
1356589,389377,2570061,2959438,6.600443785842512
1356622,389385,2570128,2959513,6.600480244488103
1356655,389406,2570204,2959610,6.600319460922533
1356705,389436,2570272,2959708,6.599985620230282
1356721,389441,2570290,2959731,6.5999471036691055
1356728,389445,2570295,2959740,6.599892154219466
1356760,389445,2570344,2959789,6.6000179742967555
1356792,389447,2570391,2959838,6.600104763934502
1356828,389466,2570468,2959934,6.599980486101482
1356849,389471,2570510,2959981,6.600003594619368
1356941,389477,2570689,2960166,6.600361510435789
1357041,389477,2571030,2960507,6.601237043522468
1357085,389477,2571057,2960534,6.601306367256603
1357227,389562,2571310,2960872,6.600515450685641
1357270,389594,2571408,2961002,6.600224849458667
1358102,389643,2572941,2962584,6.603329201345847
1358118,389643,2572967,2962610,6.603395929094068
1358129,389643,2572977,2962620,6.603421593612615
1358223,389703,2573069,2962772,6.602640985571063
1358330,389745,2573247,2962992,6.6023861755763384
1358349,389746,2573282,2963028,6.6024590374243735
1358359,389746,2573301,2963047,6.602507787122895
1358471,389826,2573500,2963326,6.60166330619302
1359488,390385,2575364,2965749,6.596985027600958
1359498,390385,2575374,2965759,6.597010643339267
1359686,390385,2575653,2966038,6.597725322438106
1359848,390391,2575973,2966364,6.598443611661129
1360012,390391,2576258,2966649,6.599173648982687
1360016,390394,2576265,2966659,6.599140867943667
1360166,390465,2576692,2967157,6.599034484524862
1360214,390465,2576804,2967269,6.5993213220134965
1360327,390465,2576804,2967269,6.5993213220134965
1360346,390468,2576825,2967293,6.5993244004630345
1360368,390477,2576880,2967357,6.599313147765425
1360390,390478,2576931,2967409,6.599426856314568
1360414,390479,2576992,2967471,6.599566173853139
1360457,390499,2577093,2967592,6.599486810465584
1360467,390512,2577103,2967615,6.599292723399025
1360526,390515,2577285,2967800,6.599708077794707
1360615,390567,2577442,2968009,6.599231373874393
1360642,390582,2577496,2968078,6.599116190710274
1360653,390587,2577508,2968095,6.599062436793852
1360670,390599,2577532,2968131,6.598921144191357
1360695,390603,2577570,2968173,6.598950852912036
1360725,390625,2577603,2968228,6.59866368
1360744,390639,2577639,2968278,6.598519349066529
1360766,390640,2577671,2968311,6.5985843743600245
1361367,390640,2578559,2969199,6.600857567069425
1361423,390674,2578825,2969499,6.600963975078966
1361446,390684,2578886,2969570,6.6009511523379505
1361621,390739,2579055,2969794,6.600454523351905
1361640,390745,2579074,2969819,6.600401796568094
1361651,390747,2579087,2969834,6.600401282671396
1361710,390774,2579176,2969950,6.600172990014689
1361739,390795,2579219,2970014,6.599928351181566
1361753,390800,2579252,2970052,6.59992835209826
1361818,390805,2579315,2970120,6.600005117641791
1361934,390864,2579506,2970370,6.599497523435262
1361955,390878,2579561,2970439,6.599401859403701
1362011,390900,2579639,2970539,6.599229982092607
1362323,391055,2580063,2971118,6.597698533454373
1362416,391126,2580321,2971447,6.597160505821654
1362455,391134,2580338,2971472,6.597069035164419
1362477,391149,2580378,2971527,6.596918309902365
1362521,391166,2580412,2971578,6.596718528706482
1362524,391167,2580414,2971581,6.596706777412205
1363055,391449,2581243,2972692,6.5940722801693195
1363232,391449,2581624,2973073,6.595045587036881
1363246,391462,2581657,2973119,6.594910872575116
1363255,391469,2581673,2973142,6.594833818258917
1363502,391469,2582494,2973963,6.59693104690282
1363514,391472,2582534,2974006,6.596982670535824
1363541,391474,2582549,2974023,6.596987283957556
1363696,391527,2582807,2974334,6.596753225192643
1363712,391530,2582811,2974341,6.5967128955635586
1363737,391546,2582868,2974414,6.596588906539717
1363860,391548,2583231,2974779,6.597482301020564
1363883,391549,2583271,2974820,6.597567609673375
1364167,391711,2583778,2975489,6.596133373839387
1364214,391724,2583818,2975542,6.596016583104431
1365453,391724,2583818,2975542,6.596016583104431
1365510,391735,2583933,2975668,6.596124931394948
1365514,391736,2583939,2975675,6.596123409643229
1365620,391736,2584002,2975738,6.5962842322380375
1365630,391739,2584016,2975755,6.596269454917688
1365665,391760,2584050,2975810,6.596002654686543
1365686,391794,2584123,2975917,6.595616574015937
1365713,391796,2584138,2975934,6.5956211906196085
1365716,391796,2584144,2975940,6.595636504711636
1365743,391817,2584177,2975994,6.5953672250055515
1365775,391841,2584243,2976084,6.59513169882682
1366524,391851,2586080,2977931,6.599651398107954
1366931,391989,2586620,2978609,6.598705575921773
1366993,391989,2586684,2978673,6.598868845809449
1367076,392037,2586832,2978869,6.598438412700842
1367560,392258,2587831,2980089,6.597267614682173
1367595,392259,2587979,2980238,6.5976280977619375
1367628,392270,2588048,2980318,6.5976189869222726
1367635,392270,2588055,2980325,6.597636831774033
1367781,392343,2588275,2980618,6.596969998190359
1367793,392348,2588314,2980662,6.596985329350475
1367807,392356,2588329,2980685,6.5968890497405415
1367842,392368,2588372,2980740,6.596796884557354
1367856,392374,2588428,2980802,6.59683873039498
1367987,392432,2588659,2981091,6.596452379010886
1368234,392432,2589480,2981912,6.598544461206018
1368269,392432,2589594,2982026,6.598834957393892
1368296,392435,2589667,2982102,6.59897053015149
1368310,392442,2589687,2982129,6.5989037870564315
1368548,392459,2590483,2982942,6.600646182148964
1368697,392519,2590657,2983176,6.600080505657051
1368740,392545,2590724,2983269,6.599814034059789
1368762,392560,2590750,2983310,6.599628082331363
1368771,392562,2590766,2983328,6.599635216857465
1368795,392582,2590800,2983382,6.599385606064465
1368795,392608,2590879,2983487,6.599149788083788
1368826,392618,2590934,2983552,6.599121792683983
1368879,392621,2591017,2983638,6.5992827688788935
1368889,392626,2591031,2983657,6.5992343859041425
1368903,392630,2591064,2983694,6.59925120342307
1368927,392645,2591098,2983743,6.59908568808975
1369061,392667,2591159,2983826,6.598871308258651
1369235,392667,2591450,2984117,6.599612394216983
1369307,392685,2591516,2984201,6.599477953066708
1369479,392705,2591688,2984393,6.599579837282438
1369656,392705,2592069,2984774,6.600550031193899
1369685,392722,2592115,2984837,6.600381440306374
1369920,392741,2592492,2985233,6.601022047608984
1369992,392766,2592615,2985381,6.600915048654924
1372295,394054,2598343,2992397,6.5938754586934785
1372314,394064,2598368,2992432,6.593771570100288
1372319,394065,2598372,2992437,6.5937649880095925
1372405,394081,2598426,2992507,6.593634303607634
1372429,394092,2598470,2992562,6.593561909401865
1372465,394109,2598516,2992625,6.593394213276023
1372508,394136,2598597,2992733,6.593148050419145
1372674,394166,2598925,2993091,6.593478382204452
1372689,394172,2598955,2993127,6.593454126624925
1372706,394180,2598980,2993160,6.593383733319803
1372785,394223,2599203,2993426,6.593230227561558
1372788,394223,2599208,2993431,6.593242910738338
1372855,394268,2599333,2993601,6.592807430478761
1372946,394303,2599491,2993794,6.592622932110585
1372954,394309,2599528,2993837,6.592616450550203
1372965,394309,2599545,2993854,6.592659563946042
1373002,394334,2599604,2993938,6.592391221654739
1373207,394466,2600050,2994516,6.591315854851875
1373257,394469,2600071,2994540,6.591318962960334
1373262,394471,2600079,2994550,6.591305824762784
1373282,394471,2600100,2994571,6.591359060615356
1373316,394471,2600140,2994611,6.5914604622393025
1373344,394487,2600173,2994660,6.5912767721116285
1373396,394520,2600274,2994794,6.5909814458075635
1373505,394583,2600414,2994997,6.590283919986416
1373532,394607,2600487,2995094,6.590068093064746
1373608,394670,2600691,2995361,6.5895330275926725
1374021,394867,2601298,2996165,6.587782721777206
1374187,394867,2601656,2996523,6.588689356162961
1374205,394867,2601699,2996566,6.588798253589183
1374223,394867,2601719,2996586,6.588848903554868
1374285,394868,2601887,2996755,6.58925767598286
1376896,395689,2607090,3002779,6.588735092458976
1376976,395711,2607235,3002946,6.588735213324876
1377014,395729,2607312,3003041,6.588630097870007
1377084,395729,2607582,3003311,6.589312382969153
1377085,395729,2607588,3003317,6.589327544860245
1377278,395801,2607779,3003580,6.588611448682545
1377376,395841,2607954,3003795,6.588387761752825
1377474,395876,2608101,3003977,6.588176600753771
1377775,395876,2608700,3004576,6.5896897008154065
1377825,395876,2608884,3004760,6.590154492820984
1377855,395885,2608928,3004813,6.590115816461851
1378189,396079,2609566,3005645,6.58849875908594
1378338,396092,2609810,3005902,6.588898538723327
1379339,396092,2611512,3007604,6.5931955202326735
1379348,396099,2611534,3007633,6.5931345446466665
1379442,396139,2611753,3007892,6.593021641393551
1379471,396139,2611791,3007930,6.593117567318542
1379501,396139,2611846,3007985,6.593256407473135
1379655,396163,2612195,3008358,6.593737931104116
1379896,396163,2612616,3008779,6.594800624995267
1380480,396607,2613493,3010100,6.589629028231978
1380489,396607,2613519,3010126,6.589694584311422
1380537,396607,2613662,3010269,6.590055142748363
1380592,396622,2613738,3010360,6.589997529133533
1380841,396622,2614074,3010696,6.590844683350898
1380957,396651,2614328,3010979,6.591003174074943
1381093,396720,2614553,3011273,6.590423976608188
1381145,396731,2614662,3011393,6.590515991944164
1381352,396747,2615030,3011777,6.591177753076898
1381371,396752,2615037,3011789,6.5911123321369525
1381760,396784,2615169,3011953,6.5909134440904875
1381779,396798,2615202,3012000,6.590764066351141
1381791,396798,2615223,3012021,6.59081699000499
1381858,396817,2615263,3012080,6.590602217142915
1381940,396818,2615618,3012436,6.591480225191398
1381954,396818,2615625,3012443,6.591497865520213
1381989,396828,2615648,3012476,6.591389720483433
1382056,396850,2615688,3012538,6.591125110243165
1382083,396857,2615713,3012570,6.591071847038102
1382255,396857,2616089,3012946,6.592019291583618
1382258,396857,2616098,3012955,6.592041969777527
1382313,396873,2616176,3013049,6.591972746949276
1382340,396877,2616201,3013078,6.591969300312187
1382369,396889,2616247,3013136,6.591885892529145
1382437,396907,2616394,3013301,6.591957309898793
1382445,396917,2616406,3013323,6.5918214639332655
1382924,397224,2617343,3014567,6.589085755140676
1383179,397252,2617907,3015159,6.590041082234954
1383188,397252,2617933,3015185,6.590106531873974
1383214,397252,2617959,3015211,6.590171981512994
1383755,397486,2618866,3016352,6.58857418877646
1384602,397512,2620514,3018026,6.592289037815211
1384687,397512,2620514,3018026,6.592289037815211
1385031,397761,2621277,3019038,6.590080475461395
1385065,397779,2621367,3019146,6.590008522320183
1385193,397893,2621770,3019663,6.589133259444122
1385269,397907,2621904,3019811,6.589238188823017
1385278,397907,2621920,3019827,6.589278399223939
1385287,397912,2621941,3019853,6.589248376525463
1385310,397926,2621973,3019899,6.5890969677779285
1385829,398024,2622360,3020384,6.588446927823448
1385877,398040,2622441,3020481,6.588385589388001
1385888,398040,2622451,3020491,6.588410712491207
1385933,398068,2622491,3020559,6.588047770732639
1385964,398071,2622541,3020612,6.588123726671875
1386008,398077,2622560,3020637,6.5880721568942695
1386028,398077,2622575,3020652,6.5881098380464085
1386033,398079,2622582,3020661,6.588094322986141
1386089,398080,2622640,3020720,6.58822347266881
1386098,398082,2622677,3020759,6.588283318512266
1386202,398111,2622789,3020900,6.588084730138077
1386232,398132,2622828,3020960,6.5878351903388825
1386266,398148,2622889,3021037,6.587723660548339
1386278,398156,2622899,3021055,6.587616411657742
1386465,398165,2623977,3022142,6.590174927479814
1386707,398311,2624523,3022834,6.589130101855083
1386736,398327,2624565,3022892,6.588970870666563
1386743,398327,2624570,3022897,6.588983423167398
1386786,398340,2624617,3022957,6.5888863784706535
1386793,398342,2624623,3022965,6.588868359349504
1386920,398407,2624851,3023258,6.588365666265904
1386956,398419,2624889,3023308,6.588262607957954
1386975,398419,2624916,3023335,6.588330375810391
1386983,398420,2624926,3023346,6.588338938808293
1387008,398436,2625001,3023437,6.588262606792559
1387099,398461,2625212,3023673,6.588378787384462
1387220,398461,2625552,3024013,6.589232070390829
1387270,398491,2625621,3024112,6.5889091598053655
1387317,398531,2625700,3024231,6.588446068185411
1387412,398574,2625804,3024378,6.587996206476087
1388835,398858,2628692,3027550,6.590546008855282
1388869,398870,2628719,3027589,6.5904154235715895
1388915,398892,2628786,3027678,6.590219909148341
1389137,398987,2629137,3028124,6.589530485955683
1389341,399007,2629509,3028516,6.5901325039410334
1389769,399007,2630417,3029424,6.592408153240419
1389795,399007,2630456,3029463,6.592505895886538
1389892,399082,2630748,3029830,6.591998636871621
1389925,399082,2630748,3029830,6.591998636871621
1390049,399144,2630877,3030021,6.59129787745776
1392952,399395,2636970,3036365,6.602411146859625
1392993,399415,2637003,3036418,6.6021631636268046
1392994,399415,2637003,3036418,6.6021631636268046
1393052,399415,2637040,3036455,6.602255799106193
1393091,399427,2637081,3036508,6.602160094335135
1393226,399466,2637162,3036628,6.601718293922386
1393242,399466,2637162,3036628,6.601718293922386
1393294,399482,2637307,3036789,6.601816852824408
1393316,399482,2637346,3036828,6.601914479250629
1393339,399482,2637407,3036889,6.602067176994208
1393397,399505,2637494,3036999,6.601904857260861
1393507,399535,2637687,3037222,6.601892199682131
1393551,399561,2637779,3037340,6.601692857911558
1393597,399597,2637874,3037471,6.601335845864709
1393666,399655,2638012,3037667,6.600723123694186
1393753,399655,2638177,3037832,6.601135979782563
1393874,399655,2638517,3038172,6.601986713540429
1393897,399662,2638554,3038216,6.601963659292101
1393923,399675,2638598,3038273,6.601859010445987
1393969,399675,2638751,3038426,6.602241821479953
1393975,399683,2638757,3038440,6.602124683811921
1394008,399683,2638821,3038504,6.60228481071249
1394018,399689,2638840,3038529,6.602233236341255
1394103,399723,2639067,3038790,6.60223955088899
1394137,399737,2639109,3038846,6.602113389553631
1394234,399792,2639300,3039092,6.601682875095049
1394267,399798,2639326,3039124,6.601648832660493
1394290,399812,2639346,3039158,6.601467689814212
1394304,399815,2639362,3039177,6.601458174405662
1394330,399822,2639412,3039234,6.601467653105632
1394387,399869,2639542,3039411,6.601016833012812
1394419,399869,2639590,3039459,6.601136872325687
1394895,399987,2640000,3039987,6.600214506971477
1394939,399999,2640034,3040033,6.600101500253751
1395027,400048,2640126,3040174,6.599523057233132
1397607,400095,2644289,3044384,6.609152826203776
1397747,400095,2644552,3044647,6.609810170084605
1397822,400121,2644637,3044758,6.609593098087829
1397894,400152,2644797,3044949,6.609480897259042
1397903,400155,2644823,3044978,6.609496320175932
1397992,400208,2644934,3045142,6.60889837284612
1398260,400217,2646587,3046804,6.612880012593168
1398304,400233,2646659,3046892,6.612795546594109
1398400,400260,2646776,3047036,6.612641782841154
1398509,400271,2647158,3047429,6.6134144117360485
1399121,400271,2647897,3048168,6.615260660902239
1399130,400272,2647921,3048193,6.615304093216612
1399167,400272,2648026,3048298,6.61556641483791
1399180,400274,2648032,3048306,6.615548349380674
1399209,400274,2648059,3048333,6.615615803174825
1399222,400284,2648107,3048391,6.615570444984061
1399242,400285,2648113,3048398,6.615568907153653
1399381,400372,2648411,3048783,6.614875665630963
1399466,400398,2648587,3048985,6.614885688739704
1399477,400407,2648604,3049011,6.614779461897519
1399501,400418,2648624,3049042,6.614647693160647
1399529,400425,2648660,3049085,6.614621964163077
1399678,400429,2655250,3055679,6.631013238301922
1399694,400436,2655279,3055715,6.6309697429801515
1399702,400436,2655294,3055730,6.631007202149656
1399713,400443,2655304,3055747,6.630916260241782
1399723,400469,2655343,3055812,6.6305831412668645
1399757,400469,2655366,3055835,6.630640573927071
1399782,400476,2655394,3055870,6.630594592435003
1399863,400516,2655545,3056061,6.630309400872874
1399880,400519,2655611,3056130,6.630424524179877
1399904,400527,2655656,3056183,6.630404442147471
1400000,400577,2655746,3056323,6.629801511319921
1400067,400624,2655946,3056570,6.629522944207037
1400103,400634,2656012,3056646,6.629522207301427
1400214,400634,2656227,3056861,6.630058856712111
1400226,400637,2656254,3056891,6.630076603009707
1400267,400650,2656325,3056975,6.630038687133408
1400289,400656,2656372,3057028,6.630056707000519
1400734,400759,2656928,3057687,6.629740068220552
1402085,400765,2660021,3060786,6.63735855176974
1402128,400765,2660067,3060832,6.637473332252068
1402138,400773,2660103,3060876,6.637430665239425
1402147,400773,2660103,3060876,6.637430665239425
1402197,400774,2660185,3060959,6.6376187078004065
1402231,400774,2660257,3061031,6.637798360173065
1402235,400774,2660262,3061036,6.637810836032277
1402458,400774,2660740,3061514,6.639003528172985
1402488,400777,2660761,3061538,6.639006230397453
1402666,400786,2661217,3062003,6.639994910001846
1402712,400796,2661281,3062077,6.63998892204513
1402782,400796,2661409,3062205,6.640308286509845
1405181,400803,2666584,3067387,6.653103893932929
1405244,400822,2666664,3067486,6.65298810943511
1405356,400832,2666769,3067601,6.653084085102986
1405442,400861,2666867,3067728,6.6528472463023345
1405468,400869,2666893,3067762,6.652779336890605
1405483,400874,2666908,3067782,6.652733776697915
1405533,400887,2666947,3067834,6.652615325515669
1405603,400950,2667126,3068076,6.65201646090535
1405653,400974,2667219,3068193,6.651850244654267
1405671,400974,2667250,3068224,6.651927556400166
1405696,401001,2667356,3068357,6.65174401061344
1405743,401024,2667429,3068453,6.651544545962336
1406037,401197,2667889,3069086,6.649822904956917
1406092,401198,2667995,3069193,6.650070538736484
1406339,401333,2668529,3069862,6.649164160435349
1406370,401333,2668570,3069903,6.649266319988638
1406379,401335,2668586,3069921,6.649273051191648
1406398,401340,2668624,3069964,6.649284895599741
1406416,401347,2668654,3070001,6.64924367193476
1406607,401347,2669103,3070450,6.650362404602501
1406656,401364,2669169,3070533,6.650245163990792
1406679,401377,2669192,3070569,6.650087075243475
1406693,401388,2669232,3070620,6.6500044844389965
1406791,401388,2669522,3070910,6.650726977388462
1407692,401543,2671026,3072569,6.651905275400144
1407709,401553,2671039,3072592,6.6517719952285255
1407723,401553,2671061,3072614,6.651826782516879
1408344,401572,2671775,3073347,6.653290070024802
1408416,401621,2671911,3073532,6.652816959272548
1408443,401630,2671942,3073572,6.652745063864751
1408545,401654,2672127,3073781,6.652808138347932
1408743,401678,2672494,3074172,6.653324304542444
1408769,401684,2672527,3074211,6.653307077204967
1408801,401705,2672566,3074271,6.65305634731955
1408830,401712,2672594,3074306,6.653010116700521
1408983,401712,2672885,3074597,6.6537345162703625
1408989,401712,2672901,3074613,6.6537743457999765
1409005,401716,2672972,3074688,6.653884834061874
1409078,401746,2673064,3074810,6.65361696196104
1409117,401765,2673134,3074899,6.653476534790238
1409126,401765,2673165,3074930,6.653553694323796
1409134,401765,2673194,3074959,6.653625875822931
1409296,401765,2673696,3075461,6.654875362463131
1409342,401780,2673758,3075538,6.6547812235551795
1409366,401780,2673774,3075554,6.65482104634377
1409389,401789,2673839,3075628,6.654833756026173
1409508,401789,2674096,3075885,6.65547339523979
1409601,401789,2674282,3076071,6.655936324787389
1409650,401800,2674333,3076133,6.655881035340966
1410617,402380,2676525,3078905,6.6517346786619616
1410679,402409,2676630,3079039,6.651516243423979
1410741,402420,2676718,3079138,6.651553103722479
1410844,402459,2676848,3079307,6.651231554021652
1410863,402465,2676862,3079327,6.651167182239449
1410888,402465,2676862,3079327,6.651167182239449
1411046,402535,2677017,3079552,6.650395617772368
1411069,402539,2677044,3079583,6.65039660753368
1411207,402641,2677419,3080060,6.6496432305701605
1411278,402670,2677583,3080253,6.649571609506544
1411288,402675,2677592,3080267,6.64951139256224
1411357,402701,2677704,3080405,6.649360195281362
1411530,402850,2678217,3081067,6.6481742584088375
1411549,402858,2678254,3081112,6.648134081984223
1411570,402869,2678295,3081164,6.6480543303158095
1411877,402927,2678639,3081566,6.647951117696258
1411891,402927,2678665,3081592,6.648015645513952
1412349,402927,2679910,3082837,6.651105535245838
1412365,402930,2679933,3082863,6.651113096567642
1412373,402930,2679962,3082892,6.651185069366887
1412424,402938,2680062,3083000,6.6513011927393295
1412448,402946,2680107,3083053,6.651280816784383
1412513,402974,2680203,3083177,6.651056892007921
1412537,402974,2680256,3083230,6.651188414140862
1412550,402981,2680276,3083257,6.6511225094979665
1412566,402985,2680293,3083278,6.651098676129385
1412625,402997,2680371,3083368,6.651094176879728
1412674,403012,2680447,3083459,6.65103520490705
1412676,403012,2680449,3083461,6.651040167538436
1412732,403027,2680536,3083563,6.651008493227501
1412742,403027,2680552,3083579,6.651048192800979
1412907,403036,2681493,3084529,6.653234450520549
1413073,403036,2681908,3084944,6.654264135213728
1413091,403046,2681923,3084969,6.654136252437687
1413365,403055,2683606,3086661,6.658163277964546
1413408,403065,2683657,3086722,6.658124620098495
1413411,403068,2683663,3086731,6.658089950082864
1413448,403076,2683681,3086757,6.6580024610743385
1413472,403076,2683711,3086787,6.6580768887257
1413480,403081,2683727,3086808,6.658033993167626
1413489,403091,2683747,3086838,6.657918435291287
1413664,403158,2683965,3087123,6.6573527004301045
1413680,403167,2683986,3087153,6.657256174240451
1413863,403234,2684336,3087570,6.657018009394049
1413910,403234,2684430,3087664,6.657251124657147
1413946,403234,2684471,3087705,6.657352802591052
1413974,403252,2684513,3087765,6.657159790899983
1414010,403260,2684582,3087842,6.657198829539255
1414055,403280,2684678,3087958,6.657106724856179
1414091,403280,2684750,3088030,6.65728526086094
1414102,403282,2684771,3088053,6.657304318070234
1414122,403282,2684792,3088074,6.657356390813376
1414153,403290,2684808,3088098,6.657264003570631
1414163,403290,2684836,3088126,6.657333432517543
1414187,403300,2684875,3088175,6.657265063228366
1414258,403319,2685004,3088323,6.657271291459118
1414306,403326,2685074,3088400,6.657329306813843
1414371,403345,2685127,3088472,6.657147107315078
1414415,403354,2685262,3088616,6.657333260609787
1414479,403354,2685436,3088790,6.657764643464549
1414554,403368,2685587,3088955,6.65790791535273
1414556,403368,2685589,3088957,6.6579128736042525
1414599,403393,2685714,3089107,6.657810125609517
1414823,403469,2685973,3089442,6.6571979507719306
1414878,403481,2686060,3089541,6.657215581402842
1415955,403542,2687696,3091238,6.660263367877445
1415958,403543,2687699,3091242,6.6602542975593675
1416011,403581,2687789,3091370,6.659850191163608
1417137,403595,2689686,3093281,6.664319429130688
1417189,403632,2689802,3093434,6.6639959170729774
1417199,403632,2689806,3093438,6.664005827090023
1417261,403659,2689858,3093517,6.663688905734791
1417294,403682,2689976,3093658,6.6636015477529345
1417349,403682,2690072,3093754,6.663839358703138
1417509,403682,2690348,3094030,6.664523065184972
1417530,403687,2690389,3094076,6.664542083346752
1417560,403697,2690441,3094138,6.664505805096397
1417849,403740,2690755,3094495,6.664573735572398
1417902,403765,2690777,3094542,6.664215570938541
1417918,403765,2690803,3094568,6.664279964831028
1418192,403837,2691033,3094870,6.663661328704403
1418198,403837,2691049,3094886,6.6637009486500745
1418248,403847,2691126,3094973,6.663726609334724
1418281,403857,2691164,3095021,6.663655699913583
1418496,403866,2692435,3096301,6.666654286322691
1418507,403866,2692453,3096319,6.666698855561003
1418539,403870,2692564,3096434,6.6669076683091095
1418625,403929,2692674,3096603,6.666206189701655
1418682,403951,2692725,3096676,6.665969387376192
1418698,403956,2692764,3096720,6.66598342393726
1418725,403972,2692810,3096782,6.665833275573554
1418736,403973,2692819,3096792,6.665839053600116
1419671,403973,2694239,3098212,6.6693541400044065
1419697,403993,2694272,3098265,6.6691056528207175
1419817,404066,2694509,3098575,6.668487326327877
1419826,404066,2694525,3098591,6.668526923819376
1419854,404084,2694556,3098640,6.668306589718969
1419888,404085,2694595,3098680,6.668386601828823
1419920,404089,2694656,3098745,6.668471549584374
1420028,404138,2694769,3098907,6.667942633456889
1420045,404138,2694784,3098922,6.6679797494915105
1420119,404139,2694863,3099002,6.668158727566506
1421120,404608,2695917,3100525,6.663034344353052
1421176,404608,2696032,3100640,6.663318570072762
1421202,404636,2696064,3100700,6.662936565209225
1421358,404636,2696326,3100962,6.663584060736069
1421361,404638,2696350,3100988,6.66361043698318
1421510,404701,2696657,3101358,6.663331694263172
1421969,404886,2697449,3102335,6.662243199320303
1421983,404893,2697475,3102368,6.662192233503666
1422013,404917,2697523,3102440,6.661915898813831
1422047,404933,2697611,3102544,6.661869988368446
1422473,404933,2698424,3103357,6.663877727920421
1422548,404934,2698727,3103661,6.664609541307966
1422551,404938,2698740,3103678,6.664575811605728
1422567,404938,2698766,3103704,6.6646400189658666
1422610,404956,2698800,3103756,6.664427740297711
1422647,404982,2698875,3103857,6.664185074892218
1422684,404982,2698950,3103932,6.664370268308221
1422701,404982,2698999,3103981,6.66449126134001
1423011,405146,2699754,3104900,6.663657052025689
1423038,405165,2699785,3104950,6.663421075364358
1423072,405168,2699831,3104999,6.663485270307626
1423094,405168,2699884,3105052,6.663616080243257
1423150,405178,2699901,3105079,6.663493575663042
1423177,405196,2699954,3105150,6.663328364544566
1423304,405222,2700144,3105366,6.663369708456106
1423684,405222,2700860,3106082,6.66513664114979
1423798,405279,2701048,3106327,6.664663108623936
1423857,405294,2701094,3106388,6.6645299461625385
1423889,405308,2701142,3106450,6.664418170872522
1424213,405309,2701708,3107017,6.665798193477076
1424569,405421,2702419,3107840,6.665710459004344
1424614,405432,2702478,3107910,6.665675131711359
1424635,405446,2702508,3107954,6.665518959368202
1424665,405455,2702551,3108006,6.665477056640071
1424753,405467,2702733,3108200,6.665728653626559
1424789,405473,2702769,3108242,6.665718802484999
1424859,405487,2702909,3108396,6.665833923159066
1425116,405685,2703367,3109052,6.66370952832863
1425134,405707,2703420,3109127,6.663478815992822
1425166,405736,2703477,3109213,6.663143028964647
1425220,405766,2703584,3109350,6.6629140933444395
1425224,405766,2703591,3109357,6.662931344666631
1425250,405782,2703675,3109457,6.662875632728904
1425271,405803,2703704,3109507,6.662602297173752
1425293,405812,2703723,3109535,6.662501355307383
1425364,405821,2703772,3109593,6.662474342136065
1425671,405922,2704180,3110102,6.661821729297747
1425704,405946,2704231,3110177,6.66155350711671
1425743,405946,2704279,3110225,6.6616717494445075
1425744,405946,2704282,3110228,6.661679139589995
1425745,405946,2704294,3110240,6.661708700171944
1425772,405946,2704348,3110294,6.661841722790716
1425794,405946,2704363,3110309,6.661878673518153
1425822,405946,2704397,3110343,6.661962428500343
1425850,405955,2704410,3110365,6.661846756413889
1426008,405956,2704708,3110664,6.662564415848023
1426218,406132,2705020,3111152,6.6604453724404875
1426227,406142,2705036,3111178,6.660320774507438
1426588,406252,2705328,3111580,6.659236139145161
1426873,406400,2705745,3112145,6.657837106299213
1426934,406438,2705893,3112331,6.657578769701652
1426970,406453,2705952,3112405,6.657478232415556
1426973,406456,2705958,3112414,6.657443856161552
1426980,406456,2705972,3112428,6.65747830023422
1427004,406465,2706041,3112506,6.657500645812062
1427031,406473,2706068,3112541,6.657436041262273
1427078,406491,2706135,3112626,6.657306065816956
1427105,406499,2706222,3112721,6.657389071067826
1427300,406559,2706343,3112902,6.656704192995359
1427697,406563,2706376,3112939,6.656719868753428
1427785,406576,2706457,3113033,6.656706249262131
1427808,406590,2706482,3113072,6.656538527755233
1427829,406599,2706502,3113101,6.656440374914842
1427843,406606,2706528,3113134,6.6563897237128815
1427903,406615,2706633,3113248,6.656500620980535
1427911,406619,2706646,3113265,6.656467110489181
1428065,406651,2706877,3113528,6.656511357404752
1428122,406667,2706982,3113649,6.65650765860028
1428276,406758,2707296,3114054,6.65579042083991
1428395,406798,2707656,3114454,6.656020924389992
1428413,406798,2707666,3114464,6.656045506615077
1428479,406833,2707735,3114568,6.655642487212198
1428531,406871,2707850,3114721,6.655303523721278
1428654,406947,2708019,3114966,6.654475889980759
1428687,406977,2708101,3115078,6.654186845939697
1428711,406990,2708119,3115109,6.654018526253716
1428865,406995,2708588,3115583,6.6550891288590766
1428886,407008,2708621,3115629,6.6549576421102286
1428904,407025,2708649,3115674,6.654748479823107
1428947,407040,2708732,3115772,6.65470715408805
1428977,407049,2708775,3115824,6.654665654503511
1429004,407062,2708812,3115874,6.654544025234485
1429062,407062,2708849,3115911,6.654634920478944
1429105,407062,2708957,3116019,6.654900236327635
1429181,407107,2709048,3116155,6.6543881583957045
1429912,407360,2711497,3118857,6.656267183817754
1429934,407361,2711502,3118863,6.656263117971529
1429995,407372,2711564,3118936,6.656235578292077
1430000,407373,2711568,3118941,6.656229057890434
1430028,407373,2711610,3118983,6.656332157506757
1430191,407373,2712028,3119401,6.657358244164439
1430354,407418,2712241,3119659,6.657145732392776
1430364,407418,2712257,3119675,6.657185004098984
1430403,407418,2712305,3119723,6.65730281921761
1430577,407521,2712617,3120138,6.65638580588485
1430612,407536,2712701,3120237,6.65634692395273
1430639,407538,2712716,3120254,6.656351064195241
1430753,407558,2712988,3120546,6.656691808282502
1430774,407560,2713011,3120571,6.656715575620767
1430932,407648,2713290,3120938,6.655962987675641
1430980,407648,2713433,3121081,6.656313780516524
1430996,407653,2713446,3121099,6.656264028475198
1431582,408013,2714592,3122605,6.65319977549735
1431600,408021,2714633,3122654,6.65316981233809
1431616,408021,2714659,3122680,6.653233534548467
1431631,408021,2714666,3122687,6.653250690528184
1431662,408035,2714727,3122762,6.653171909272489
1431842,408121,2714968,3123089,6.652360451924797
1431843,408121,2714974,3123095,6.65237515344714
1431854,408121,2714984,3123105,6.652399655984377
1431996,408174,2715405,3123579,6.652567287480339
1432054,408197,2715483,3123680,6.652383530501204
1432110,408197,2715675,3123872,6.652853891625857
1432337,408197,2715712,3123909,6.652944534134254
1432349,408197,2715747,3123944,6.653030277047602
1432353,408198,2715750,3123948,6.653021327884997
1432358,408203,2715759,3123962,6.652961884160577
1432406,408213,2715788,3124001,6.652869947796861
1432448,408227,2715866,3124093,6.652832860148888
1432738,408451,2716479,3124930,6.6506851495038575
1432872,408552,2717007,3125559,6.650333372496035
1432895,408554,2717018,3125572,6.650327741253299
1433158,408623,2717231,3125854,6.649726031084888
1433171,408630,2717273,3125903,6.649714901010694
1433202,408630,2717353,3125983,6.6499106771406895
1433423,408713,2717809,3126522,6.649675933968335
1433453,408723,2717851,3126574,6.649615999099635
1433461,408723,2717851,3126574,6.649615999099635
1433491,408731,2717907,3126638,6.649622857086935
1433524,408750,2717974,3126724,6.649477675840979
1433563,408754,2718054,3126808,6.649608321875749
1433573,408754,2718070,3126824,6.649647465223582
1433622,408772,2718147,3126919,6.649543021537679
1433659,408787,2718200,3126987,6.649428675569428
1433668,408789,2718220,3127009,6.649445068238138
1433697,408801,2718263,3127064,6.649355065178412
1433715,408801,2718273,3127074,6.649379526958104
1433768,408808,2718346,3127154,6.649444237881842
1433803,408808,2718439,3127247,6.649671728537602
1433811,408813,2718451,3127264,6.649619752796511
1433826,408817,2718473,3127290,6.649608504538706
1433874,408864,2718582,3127446,6.649110706738671
1433889,408874,2718598,3127472,6.648987218556328
1433896,408878,2718601,3127479,6.648929509535852
1434078,408890,2718811,3127701,6.649247964000097
1434142,408908,2718911,3127819,6.649199820008413
1434149,408912,2718925,3127837,6.649169014360058
1434163,408912,2718947,3127859,6.64922281566694
1434192,408923,2718986,3127909,6.649139324518308
1434313,408979,2719168,3128147,6.648673892791561
1434328,408985,2719190,3128175,6.648630145359855
1434400,409024,2719340,3128364,6.6483629322484745
1434409,409030,2719362,3128392,6.648319194191135
1434445,409030,2719434,3128464,6.648495220399481
1434490,409060,2719521,3128581,6.648220309978976
1434558,409103,2719683,3128786,6.647917517104495
1434599,409103,2719736,3128839,6.648047068831077
1434700,409152,2719837,3128989,6.647497751446895
1434713,409158,2719854,3129012,6.647441819541595
1434729,409160,2719871,3129031,6.647450874963339
1434931,409251,2720084,3129335,6.646493227872382
1434942,409253,2720107,3129360,6.646516946729774
1435221,409349,2720546,3129895,6.646030648664098
1435224,409349,2720555,3129904,6.646052634793294
1435269,409349,2720616,3129965,6.6462016518911735
1435285,409349,2720642,3129991,6.646265167375516
1435302,409365,2720685,3130050,6.646110439338976
1435312,409376,2720723,3130099,6.646024681466427
1435337,409386,2720769,3130155,6.645974703580484
1435662,409414,2721347,3130761,6.646931956405985
1435725,409414,2721448,3130862,6.647178650461391
1435755,409427,2721548,3130975,6.647211835076827
1435828,409429,2721557,3130986,6.647201346265164
1435840,409429,2721572,3131001,6.647237982653891
1436103,409605,2721946,3131551,6.645294857240512
1436132,409609,2721980,3131589,6.645312969197454
1436185,409636,2722127,3131763,6.645233817340273
1436675,409825,2722752,3132577,6.643694259745013
1436685,409827,2722760,3132587,6.643681358231644
1436763,409873,2722879,3132752,6.64322607246635
1436932,409963,2723179,3133142,6.642499445071873
1437209,410153,2723869,3134022,6.641104660943599
1437660,410455,2724890,3135345,6.638705826460879
1437664,410455,2724892,3135347,6.638710699102216
1437705,410467,2724921,3135388,6.638587267673162
1438044,410467,2725760,3136227,6.640631280955595
1438055,410472,2725778,3136250,6.640594242725448
1438103,410497,2725842,3136339,6.6403457272525745
1438188,410525,2725953,3136478,6.6401632056513
1438197,410525,2725957,3136482,6.640172949272273
1438248,410534,2726012,3136546,6.640161350825998
1438362,410534,2726265,3136799,6.640777621341959
1438484,410600,2726630,3137230,6.640599123234291
1438517,410600,2726661,3137261,6.640674622503653
1438541,410609,2726686,3137295,6.6405899529722925
1438611,410627,2726764,3137391,6.640488813448702
1438644,410637,2726796,3137433,6.640405029259419
1438652,410650,2726820,3137470,6.640253257031535
1438674,410665,2726849,3137514,6.6400813314989104
1438812,410774,2727061,3137835,6.638835466704319
1439385,410799,2727847,3138646,6.640344791491703
1439436,410838,2727950,3138788,6.639965144412153
1439488,410856,2728019,3138875,6.6398421831493275
1439631,410944,2728325,3139269,6.639164947048746
1439826,410944,2728612,3139556,6.639863339043763
1439848,410944,2728658,3139602,6.639975276436692
1439934,410979,2728706,3139685,6.639526593816229
1439947,410985,2728717,3139702,6.639456427850165
1440025,410985,2728874,3139859,6.639838436925922
1440061,410996,2728901,3139897,6.639726420695092
1440076,411001,2728911,3139912,6.639669976472077
1441945,411004,2732915,3143919,6.649363509844187
1441961,411013,2732939,3143952,6.649276300263009
1441985,411024,2732975,3143999,6.649185935614465
1441994,411026,2732991,3144017,6.649192508503112
1442024,411034,2733037,3144071,6.649175007420311
1442080,411054,2733093,3144147,6.648987724240611
1442216,411054,2733322,3144376,6.649544828659981
1442259,411067,2733451,3144518,6.6496483541612434
1442269,411070,2733472,3144542,6.64965091103705
1442316,411102,2733536,3144638,6.649288984242354
1442418,411179,2733775,3144954,6.648625051376651
1442659,411297,2734345,3145642,6.648103438634369
1442685,411303,2734379,3145682,6.648089121645113
1442883,411383,2734595,3145978,6.647321352608153
1442942,411383,2734844,3146227,6.647926627984141
1442945,411383,2734851,3146234,6.647943643757763
1442963,411400,2734880,3146280,6.647739426349052
1442999,411405,2734888,3146293,6.647678078778819
1443023,411405,2734950,3146355,6.647828781857294
1443062,411410,2734965,3146375,6.647784448603582
1443071,411412,2734990,3146402,6.647812898019503
1443121,411431,2735056,3146487,6.647666315858552
1443221,411456,2735267,3146723,6.64777521776326
1443409,411514,2735497,3147011,6.647397172392677
1443411,411514,2735502,3147016,6.647409322647589
1443603,411606,2736003,3147609,6.647140712234515
1443625,411618,2736049,3147667,6.6470586806213525
1443665,411640,2736099,3147739,6.646824895539792
1443712,411667,2736185,3147852,6.6465978570057835
1443897,411676,2737250,3148926,6.649039535945744
1443926,411684,2737290,3148974,6.649007491182558
1443937,411691,2737311,3149002,6.6489454469492895
1444017,411716,2737375,3149091,6.648697160178376
1444548,411716,2737984,3149700,6.650176335143643
1444619,411731,2738119,3149850,6.650261942870467
1444981,411986,2738873,3150859,6.64797590209376
1445138,411986,2739052,3151038,6.648410382877088
1445169,411996,2739078,3151074,6.648312119535141
1445204,412014,2739107,3151121,6.648092055124341
1445357,412089,2739306,3151395,6.647365010956371
1445419,412121,2739391,3151512,6.647055112454837
1445470,412151,2739459,3151610,6.646736268988793
1445581,412207,2739674,3151881,6.646354865395299
1445624,412215,2739741,3151956,6.64638841381318
1445660,412231,2739834,3152065,6.646356047943993
1445696,412243,2739896,3152139,6.6463129755993435
1445723,412243,2739915,3152158,6.646359064920447
1446118,412243,2740573,3152816,6.647955210882902
1446133,412251,2740591,3152842,6.647869865688622
1446516,412314,2740812,3153126,6.647390095897786
1446577,412323,2740911,3153234,6.647485102698613
1446605,412323,2740931,3153254,6.647533608360436
1446627,412323,2740965,3153288,6.647616067985536
1446659,412345,2741033,3153378,6.64742630564212
1446695,412365,2741066,3153431,6.647183926860912
1446739,412377,2741146,3153523,6.647184493800576
1446798,412394,2741244,3153638,6.647148115636988
1446871,412394,2741366,3153760,6.647443949233015
1446897,412404,2741390,3153794,6.647340956925733
1446903,412404,2741406,3153810,6.6473797538336195
1447089,412404,2741758,3154162,6.648233285807121
1447105,412404,2741784,3154188,6.648296330782436
1447178,412432,2741857,3154289,6.648021976956201
1447195,412432,2741857,3154289,6.648021976956201
1447403,412493,2742010,3154503,6.647409774226472
1448233,412517,2743582,3156099,6.650833783819818
1448276,412540,2743689,3156229,6.650722354195957
1448305,412547,2743708,3156255,6.650655561669337
1448314,412549,2743732,3156281,6.650681494804253
1448345,412557,2743787,3156344,6.650685844622682
1448362,412564,2743808,3156372,6.650623903200473
1448400,412570,2743854,3156424,6.650638679496812
1448402,412570,2743856,3156426,6.650643527159027
1448420,412574,2743906,3156480,6.650700238017907
1448461,412574,2743959,3156533,6.650828699821123
1448506,412587,2744018,3156605,6.650762142287566
1448579,412655,2744219,3156874,6.6501532757388135
1448721,412739,2744477,3157216,6.649424939247321
1448750,412748,2744505,3157253,6.649347786058321
1448852,412765,2744671,3157436,6.649476094145579
1448868,412765,2744697,3157462,6.649539083982411
1448887,412780,2744716,3157496,6.649343475943602
1448934,412789,2744835,3157624,6.649486783804801
1448960,412803,2744870,3157673,6.6493460561090885
1448997,412809,2744948,3157757,6.6494383601132725
1449035,412818,2744986,3157804,6.64938544346419
1449078,412832,2745059,3157891,6.649336776218898
1449088,412839,2745075,3157914,6.649262787672677
1449109,412848,2745096,3157944,6.6491687013138
1449153,412854,2745122,3157976,6.649135045318684
1449178,412867,2745162,3158029,6.649022566589241
1449380,412892,2745443,3158335,6.649300543483526
1449451,412941,2745595,3158536,6.648879622028328
1449779,412995,2746198,3159193,6.649470332570612
1449895,413068,2746466,3159534,6.648943999535185
1449919,413076,2746492,3159568,6.6488781725396775
1449961,413099,2746547,3159646,6.648641124766702
1450013,413103,2746627,3159730,6.648770403507116
1451011,413458,2747881,3161339,6.6460946456472
1451042,413466,2747887,3161353,6.645980564302748
1451484,413466,2748935,3162401,6.648515234626306
1451605,413466,2749117,3162583,6.648955415922954
1451870,413492,2749833,3163325,6.65026892902402
1451878,413492,2749833,3163325,6.65026892902402
1452051,413585,2750196,3163781,6.649651220426272
1452091,413600,2750274,3163874,6.649598646034816
1452222,413634,2750373,3164007,6.649291402544279
1452497,413676,2750665,3164341,6.649322174842147
1452549,413688,2750798,3164486,6.649450793834967
1452579,413688,2750853,3164541,6.649583744271045
1452631,413700,2750912,3164612,6.649533478365965
1452683,413700,2750970,3164670,6.64967367657723
1452740,413722,2751059,3164781,6.64953519513103
1453026,413840,2751535,3165375,6.6487893872027835
1453866,414237,2753292,3167529,6.646658796775759
1453912,414255,2753403,3167658,6.64663794039903
1453934,414255,2753416,3167671,6.646669322035944
1453940,414255,2753423,3167678,6.646686219840436
1453978,414272,2753486,3167758,6.646565541479994
1454074,414304,2753600,3167904,6.646327334517649
1454083,414306,2753615,3167921,6.6463314554942485
1454248,414306,2753863,3168169,6.646930046873567
1454259,414307,2753875,3168182,6.646942967413054
1454348,414307,2753960,3168267,6.647148129285771
1454399,414325,2754117,3168442,6.647238279128703
1454447,414363,2754187,3168550,6.646797614651887
1454504,414381,2754326,3168707,6.646844329252548
1454518,414390,2754354,3168744,6.646767537826685
1454526,414400,2754361,3168761,6.646624034749035
1454700,414491,2754777,3169268,6.6461684330902235
1454724,414497,2754803,3169300,6.6461349539321155
1454881,414500,2754999,3169499,6.6465597104945715
1454932,414500,2755025,3169525,6.646622436670688
1455056,414585,2755212,3169797,6.645710771011976
1455112,414610,2755334,3169944,6.645604302838812
1455270,414610,2755583,3170193,6.646204867224621
1455355,414617,2755773,3170390,6.646550913252471
1455405,414617,2755952,3170569,6.646982636987871
1455422,414630,2756061,3170691,6.647037117429998
1455445,414634,2756086,3170720,6.647033287188219
1455464,414643,2756119,3170762,6.646968597082309
1455497,414656,2756206,3170862,6.646970018521377
1455527,414665,2756252,3170917,6.646936683829115
1455535,414666,2756260,3170926,6.646939946848789
1455787,414685,2756673,3171358,6.647631334627488
1455950,414694,2757605,3172299,6.6497345030311505
1455988,414707,2757650,3172357,6.649634561268559
1456009,414718,2757695,3172413,6.6495666935122175
1456207,414718,2757852,3172570,6.649945264010725
1456283,414749,2757905,3172654,6.649576008622082
1456583,414778,2758339,3173117,6.650157433615091
1456617,414797,2758393,3173190,6.649983003734357
1456899,414932,2759181,3174113,6.649718508092892
1456921,414940,2759207,3174147,6.649652961874006
1456976,414956,2759359,3174315,6.649762866424392
1457051,414975,2759467,3174442,6.6497186577504666
1457069,414975,2759477,3174452,6.649742755587686
1457191,414975,2759713,3174688,6.650311464546057
1457393,414978,2760184,3175162,6.651398387384392
1457421,414985,2760203,3175188,6.651331975854549
1457443,414987,2760207,3175194,6.6513095590946225
1457468,414998,2760234,3175232,6.651198319028044
1457530,415006,2760342,3175348,6.65133034221192
1457790,415062,2761018,3176080,6.652061619709826
1457924,415077,2761258,3176335,6.652399434321825
1459276,415091,2762218,3177309,6.65448781110648
1459293,415101,2762243,3177344,6.654387727324194
1459567,415130,2762364,3177494,6.654214342495122
1459608,415157,2762445,3177602,6.653976688337183
1459676,415175,2762484,3177659,6.65378214006142
1459729,415188,2762541,3177729,6.653711089915894
1459800,415188,2762668,3177856,6.65401697544245
1459873,415188,2762766,3177954,6.654253013092864
1459887,415196,2762809,3178005,6.65422836443511
1460066,415228,2763026,3178254,6.654238153496392
1460193,415234,2763159,3178393,6.654462303183266
1460233,415259,2763195,3178454,6.65414837486966
1460251,415267,2763255,3178522,6.654164669959328
1460268,415273,2763285,3178558,6.654140770047656
1460295,415276,2763298,3178574,6.654124004276674
1460306,415288,2763318,3178606,6.653979888655583
1460317,415288,2763328,3178616,6.654003968330412
1460335,415295,2763365,3178660,6.65398090513972
1460472,415361,2763645,3179006,6.653597713795951
1460510,415367,2763707,3179074,6.6536508677868005
1460536,415373,2763743,3179116,6.653641425899131
1460666,415392,2763951,3179343,6.653837820660966
1460708,415411,2764008,3179419,6.653670702027631
1460788,415411,2764102,3179513,6.653896983950834
1460798,415411,2764118,3179529,6.653935500022869
1460848,415437,2764190,3179627,6.653692376942834
1460905,415446,2764219,3179665,6.653618039408251
1461232,415446,2765042,3180488,6.655599042956244
1461264,415461,2765146,3180607,6.655609070406127
1461303,415469,2765241,3180710,6.655709571592586
1461426,415560,2765461,3181021,6.654781499663105
1461504,415626,2765647,3181273,6.65417226063817
1461519,415626,2765670,3181296,6.65422759885089
1461542,415630,2765714,3181344,6.654269422322739
1461557,415638,2765731,3181369,6.654182245126769
1461992,415644,2767160,3182804,6.657524227463887
1462188,415653,2768308,3183961,6.660141993441645
1462566,415735,2768754,3184489,6.659901138946685
1462595,415735,2768801,3184536,6.6600141917327145
1462716,415735,2768983,3184718,6.6604519706062755
1462782,415741,2768997,3184738,6.6603895213606545
1463041,415759,2769311,3185070,6.660856409602679
1463055,415763,2769335,3185098,6.6608500515918925
1463096,415783,2769426,3185209,6.660748515451569
1463172,415835,2769601,3185436,6.660336431517308
1463239,415846,2769656,3185502,6.660292512131895
1463360,415890,2769813,3185703,6.659965375459858
1463457,415911,2769856,3185767,6.659732490845397
1464376,416178,2770925,3187103,6.6580285358668645
1464395,416178,2770946,3187124,6.658078995045389
1464479,416178,2771082,3187260,6.658405778296786
1465540,416501,2772468,3188969,6.656569852173224
1465784,416612,2773223,3189835,6.656608547041372
1466486,416612,2773223,3189835,6.656608547041372
1466926,416797,2774228,3191025,6.656065182810817
1467065,416797,2774228,3191025,6.656065182810817
1467082,416797,2774273,3191070,6.65617314903898
1467153,416797,2774469,3191266,6.656643401943872
1467228,416814,2774584,3191398,6.656647809334619
1467247,416819,2774591,3191410,6.656584752614444
1467257,416830,2774613,3191443,6.656461866948156
1467313,416863,2774732,3191595,6.656220388952725
1467329,416865,2774739,3191604,6.6562052463027594
1467341,416872,2774765,3191637,6.656155846398895
1467349,416878,2774775,3191653,6.656084034177865
1467368,416891,2774791,3191682,6.65591485544183
1467387,416891,2774824,3191715,6.655994012823496
1467390,416891,2774833,3191724,6.6560156012003135
1467653,416891,2775283,3192174,6.65709502004121
1467858,416959,2775741,3192700,6.657107773186333
1467903,416973,2775798,3192771,6.657020958191538
1467918,416973,2775824,3192797,6.657083312348761
1468054,417016,2776061,3193077,6.656965200376005
1468466,417200,2776956,3194156,6.6561744966442955
1468527,417214,2777050,3194264,6.65617644661972
1468616,417253,2777158,3194411,6.655813139749744
1468966,417267,2777544,3194811,6.656514893341673
1470682,417288,2780998,3198286,6.6644571614808
1471074,417422,2781656,3199078,6.663894092788593
1471077,417423,2781671,3199094,6.663914063192493
1471183,417455,2781858,3199313,6.663851193541819
1471225,417462,2781882,3199344,6.663796944392543
1471234,417464,2781903,3199367,6.663815322997912
1471243,417467,2781916,3199383,6.663798575695804
1471336,417489,2782116,3199605,6.6639264747095135
1471353,417499,2782139,3199638,6.66382194927413
1471378,417516,2782160,3199676,6.663600915893044
1471507,417516,2782543,3200059,6.664518246007338
1471528,417524,2782569,3200093,6.664452821873713
1471560,417534,2782602,3200136,6.664372242739513
1471562,417534,2782606,3200140,6.664381822797664
1471605,417558,2782668,3200226,6.664147256189559
1471646,417558,2782747,3200305,6.66433645146303
1471672,417558,2782773,3200331,6.664398718261894
1471699,417558,2782805,3200363,6.664475354322034
1471730,417569,2782844,3200413,6.6643931901075035
1471750,417573,2782871,3200444,6.664394010149124
1471824,417590,2782990,3200580,6.664407672597524
1471837,417597,2783004,3200601,6.664329485125611
1471838,417597,2783009,3200606,6.664341458391703
1472037,417749,2783369,3201118,6.662778366914104
1472062,417757,2783417,3201174,6.6627656747822295
1472103,417788,2783490,3201278,6.662446025256829
1472130,417788,2783560,3201348,6.662613574348713
1472191,417805,2783656,3201461,6.662572252605881
1472201,417810,2783680,3201490,6.662549962901798
1472235,417819,2783722,3201541,6.662506970721772
1472265,417828,2783827,3201655,6.662614760140536
1472297,417831,2783849,3201680,6.662619575857224
1472471,417831,2784264,3202095,6.663612800390588
1472598,417936,2784507,3202443,6.662520098771104
1472667,417975,2784577,3202552,6.662065913033076
1472969,418120,2785001,3203121,6.660769635511336
1473420,418120,2785942,3204062,6.663020185592653
1473472,418147,2786027,3204174,6.662793228218784
1473497,418165,2786086,3204251,6.6626475195198065
1473637,418165,2786349,3204514,6.6632764578575445
1473648,418168,2786361,3204529,6.663257351112471
1473670,418170,2786368,3204538,6.663242222062798
1473700,418181,2786423,3204604,6.66319847147527
1473775,418201,2786457,3204658,6.662961112001167
1473787,418213,2786511,3204724,6.662899049049169
1475129,418227,2789793,3208020,6.670523423882246
1475184,418240,2789957,3208197,6.670708205814843
1475239,418267,2790028,3208295,6.670447345834121
1475316,418292,2790098,3208390,6.670216021343942
1475427,418299,2790284,3208583,6.670549057014241
1475464,418320,2790428,3208748,6.670558424172882
1475603,418349,2790505,3208854,6.670280077160457
1475611,418353,2790513,3208866,6.670235423195244
1476403,418353,2792446,3210799,6.674855923107997
1476425,418355,2792453,3210808,6.6748407453000445
1476486,418367,2792534,3210901,6.674842901089235
1476500,418379,2792560,3210939,6.6747135970017615
1476521,418384,2792568,3210952,6.674652950399633
1476566,418410,2792589,3210999,6.674288377428838
1476574,418410,2792593,3211003,6.6742979374297935
1476648,418465,2792795,3211260,6.673903432784104
1476701,418479,2792903,3211382,6.673938238238956
1476783,418516,2793066,3211582,6.673737682669241
1476806,418532,2793083,3211615,6.673523171465981
1476817,418532,2793095,3211627,6.673551843108771
1477620,418769,2794054,3212823,6.672065028691235
1477916,418787,2794540,3213327,6.6729387492926
1478057,418787,2794540,3213327,6.6729387492926
1478066,418789,2794565,3213354,6.672966577441146
1478068,418789,2794567,3213356,6.67297135311577
1479145,419437,2796416,3215853,6.667070382441225
1479201,419453,2796536,3215989,6.667102154472611
1479244,419460,2796594,3216054,6.667129166070662
1479319,419460,2796761,3216221,6.667527297000906
1479331,419480,2796786,3216266,6.667268999713931
1479355,419482,2796834,3216316,6.667351638449325
1479359,419482,2796843,3216325,6.667373093481961
1479628,419482,2797359,3216841,6.668603182019729
1479733,419516,2797450,3216966,6.668279636533529
1479739,419520,2797469,3216989,6.668261346300534
1479833,419568,2797547,3217115,6.667684380124318
1480114,419568,2797908,3217476,6.668544788925752
1480154,419573,2798003,3217576,6.668691741365627
1480320,419573,2798418,3217991,6.6696808421895595
1480363,419596,2798478,3218074,6.669458240783992
1480408,419630,2798540,3218170,6.669065605414294
1480470,419652,2798625,3218277,6.668918532498356
1480516,419666,2798703,3218369,6.6688819203843055
1480661,419754,2799003,3218757,6.668198516273818
1480713,419754,2799043,3218797,6.6682938101840605
1480772,419780,2799190,3218970,6.668230978131402
1480808,419783,2799232,3219015,6.6682833749818355
1481130,419803,2800037,3219840,6.669883254764735
1481156,419813,2800083,3219896,6.669833949877684
1481298,419887,2800240,3220127,6.669032382521964
1481353,419906,2800345,3220251,6.668980676627626
1481850,419936,2800698,3220634,6.66934485254896
1481894,420004,2800741,3220745,6.66836744411958
1481967,420004,2800863,3220867,6.6686579175436425
1481973,420008,2800882,3220890,6.668639644959144
1482041,420064,2801010,3221074,6.668055343947589
1482054,420067,2801026,3221093,6.668045811739556
1482100,420067,2801145,3221212,6.668329099881686
1482113,420067,2801176,3221243,6.668402897632997
1482137,420068,2801212,3221280,6.66847272346382
1482470,420263,2801766,3222029,6.666696806523534
1482491,420263,2801795,3222058,6.666765810932678
1483254,420273,2803376,3223649,6.670369022040435
1483280,420279,2803422,3223701,6.670383245415545
1483284,420284,2803441,3223725,6.67034909727708
1483293,420284,2803441,3223725,6.67034909727708
1483306,420291,2803452,3223743,6.670264174107939
1483517,420414,2803739,3224153,6.668995323657157
1483555,420426,2803814,3224240,6.668983364492205
1483561,420427,2803839,3224266,6.669026965442277
1483586,420441,2803921,3224362,6.668999931024805
1483599,420448,2803951,3224399,6.668960251921759
1483622,420455,2803974,3224429,6.6689039255092695
1483633,420455,2803984,3224439,6.668927709267341
1483683,420477,2804035,3224512,6.668700071585366
1483792,420477,2804239,3224716,6.669185234864214
1488936,420571,2833815,3254386,6.738018075426028
1488967,420590,2833852,3254442,6.7378016595734564
1488991,420605,2833888,3254493,6.737646960925334
1489045,420625,2833937,3254562,6.73744309063893
1489103,420637,2834032,3254669,6.737476731718798
1489121,420662,2834068,3254730,6.737161901954538
1489144,420680,2834120,3254800,6.736997242559665
1489168,420695,2834155,3254850,6.736840228669226
1489200,420705,2834186,3254891,6.7367537823415455
1489230,420710,2834256,3254966,6.736840103634332
1489293,420718,2834489,3255207,6.737265817008067
1489310,420718,2834507,3255225,6.737308601010653
1489313,420718,2834512,3255230,6.737320485455816
1489343,420741,2834587,3255328,6.737130443669621
1489414,420741,2834714,3255455,6.737432292075172
1489466,420773,2834790,3255563,6.737100526887419
1489495,420785,2834821,3255606,6.736982069227753
1489541,420809,2834908,3255717,6.736804583552158
1489666,420863,2835100,3255963,6.736396404530691
1489683,420864,2835103,3255967,6.736387526611922
1489839,420864,2835246,3256110,6.736727303832117
1489890,420864,2835362,3256226,6.737002927311435
1489924,420871,2835418,3256289,6.737023933699399
1490653,420871,2836255,3257126,6.7390126665890495
1490681,420872,2836281,3257153,6.739058431066928
1490704,420877,2836308,3257185,6.739042523112453
1490741,420877,2836376,3257253,6.739204090506252
1490852,420877,2836640,3257517,6.739831352152767
1490982,420945,2836978,3257923,6.73954554633028
1490995,420952,2837001,3257953,6.7394881126589254
1491045,420967,2837033,3258000,6.739323985015453
1491084,420986,2837099,3258085,6.739176599696902
1491116,420993,2837137,3258130,6.739154807799655
1491227,421029,2837253,3258282,6.73885409318598
1491363,421091,2837504,3258595,6.738457958018576
1491368,421094,2837515,3258609,6.738436073655763
1491462,421137,2837672,3258809,6.738120849034875
1491774,421189,2838202,3259391,6.738547302992243
1492200,421189,2839015,3260204,6.740477552832576
1492266,421239,2839204,3260443,6.74012615166212
1492332,421285,2839325,3260610,6.739677415526306
1492341,421285,2839336,3260621,6.739703526116524
1492430,421338,2839504,3260842,6.7392544702827655
1492484,421374,2839583,3260957,6.738866185384006
1492564,421416,2839665,3261081,6.73838914516772
1492795,421421,2840477,3261898,6.740236011019859
1492810,421427,2840512,3261939,6.74022309913698
1492906,421492,2840711,3262203,6.739655794178774
1492935,421514,2840752,3262266,6.739401301024403
1493039,421523,2840992,3262515,6.739826771018426
1493066,421525,2841021,3262546,6.73986359053437
1493115,421543,2841131,3262674,6.73983674263361
1493138,421551,2841150,3262701,6.73975390877972
1493239,421551,2841329,3262880,6.740178531186025
1493375,421635,2841531,3263166,6.739314810203138
1493391,421635,2841557,3263192,6.7393764749131355
1493412,421641,2841573,3263214,6.739318519783418
1493445,421649,2841632,3263281,6.739330580648834
1493457,421649,2841647,3263296,6.739366155261841
1493462,421649,2841669,3263318,6.739418331360919
1493531,421675,2841724,3263399,6.739133218711093
1493534,421675,2841733,3263408,6.7391545621628035
1493606,421675,2841870,3263545,6.739479456927729
1493690,421696,2841946,3263642,6.739324062831993
1493719,421703,2841968,3263671,6.739264363782093
1493723,421703,2841977,3263680,6.739285705816653
1493844,421727,2842239,3263966,6.739523435777174
1493998,421809,2842438,3264247,6.738685044652912
1494024,421817,2842480,3264297,6.738656810891927
1494455,422059,2843708,3265767,6.737702548695799
1494500,422079,2843819,3265898,6.737646270011064
1494515,422079,2843826,3265905,6.737662854584094
1496669,422789,2845658,3268447,6.730681261811447
1496734,422810,2845719,3268529,6.730491237198741
1496768,422818,2845790,3268608,6.730531812742125
1496771,422819,2845793,3268612,6.7305229897426555
1519925,422821,2915249,3338070,6.894759248003292
1519971,422840,2915305,3338145,6.894581874940876
1519992,422847,2915357,3338204,6.894590714844849
1520038,422884,2915449,3338333,6.894205030221054
1520067,422884,2915489,3338373,6.894299618807994
1520168,422948,2915731,3338679,6.893828555756263
1520203,422961,2915772,3338733,6.893713604800443
1520238,422961,2915824,3338785,6.893836547577672
1520259,422961,2915853,3338814,6.89390511181882
1520310,422999,2915909,3338908,6.893418187749853
1520347,423006,2915964,3338970,6.893434135686019
1520358,423011,2915971,3338982,6.893369203164929
1520374,423016,2915976,3338992,6.893299544225277
1520524,423040,2916314,3339354,6.893707450832073
1520562,423055,2916366,3339421,6.893585940362364
1520568,423057,2916372,3339429,6.893567533452939
1520622,423081,2916472,3339553,6.8934128452943995
1520712,423110,2916558,3339668,6.893143626952802
1520731,423110,2916605,3339715,6.893254709177283
1520752,423115,2916626,3339741,6.893222882667833
1520817,423139,2916697,3339836,6.89299969986222
1520833,423139,2916723,3339862,6.89306114539194
1520893,423139,2916772,3339911,6.893176946582565
1520896,423139,2916781,3339920,6.893198216189006
1520916,423139,2916802,3339941,6.893247845270703
1520928,423143,2916813,3339956,6.893208678862702
1521138,423219,2917157,3340376,6.8927836415661865
1521398,423344,2917545,3340889,6.891664934426849
1521439,423358,2917602,3340960,6.891571672201777
1521456,423381,2917658,3341039,6.891329558955173
1521747,423528,2918607,3342135,6.891178387261291
1521790,423537,2918648,3342185,6.891128756165341
1521945,423551,2918955,3342506,6.891625801851489
1522358,423775,2919834,3343609,6.89005722376261
1522822,423776,2920368,3344144,6.891301064713433
1522866,423821,2920440,3344261,6.890739250768603
1522897,423837,2920498,3344335,6.890615967931068
1522958,423844,2920513,3344357,6.890537556270703
1522973,423844,2920520,3344364,6.890554071781127
1523002,423852,2920563,3344415,6.890525466436397
1523019,423856,2920578,3344434,6.8904958287720355
1523059,423885,2920655,3344540,6.8902060700425825
1523071,423890,2920670,3344560,6.890160183066362
1523157,423940,2920904,3344844,6.889899514082181
1523298,423960,2920963,3344923,6.889713652231342
1523727,424049,2921209,3345258,6.88884775108537
1523994,424049,2921866,3345915,6.890397100335103
1525759,424373,2925086,3349459,6.892724089421335
1525768,424379,2925100,3349479,6.892659627361391
1525796,424379,2925158,3349537,6.892796297649036
1525806,424379,2925174,3349553,6.892833999797351
1525811,424381,2925181,3349562,6.892818010231372
1525820,424384,2925190,3349574,6.892790491630222
1525909,424384,2925376,3349760,6.893228773940582
1525938,424386,2925391,3349777,6.89323163346576
1526026,424393,2925433,3349826,6.8932169003730035
1526035,424408,2925452,3349860,6.893018039245255
1526084,424408,2925557,3349965,6.893265442687225
1526344,424498,2926028,3350526,6.89291351196001
1526429,424533,2926223,3350756,6.892804564073935
1526472,424543,2926271,3350814,6.892755268606478
1526808,424673,2926841,3351514,6.891987482133312
1526885,424673,2926921,3351594,6.8921758623694
1527020,424750,2927108,3351858,6.891366686286051
1527030,424756,2927143,3351899,6.891351740764109
1527116,424756,2927213,3351969,6.8915165412613355
1527118,424756,2927215,3351971,6.891521249846971
1527196,424794,2927341,3352135,6.891201382317076
1527199,424795,2927344,3352139,6.891192222130675
1527201,424795,2927349,3352144,6.891203992514036
1527479,424928,2927797,3352725,6.890101381881165
1527505,424951,2927856,3352807,6.8898673023478
1527634,424951,2927856,3352807,6.8898673023478
1527706,424974,2927937,3352911,6.88968501602451
1527831,424974,2928363,3353337,6.890687430289853
1527872,424990,2928428,3353418,6.890580954845996
1529099,424990,2930401,3355391,6.895223417021577
1529120,424990,2930444,3355434,6.895324595872844
1529145,424997,2930480,3355477,6.8952957314992815
1529348,425015,2930820,3355835,6.895803677517264
1529388,425029,2930884,3355913,6.8957271150909705
1530213,425097,2934780,3359877,6.903789017565403
1530694,425187,2936432,3361619,6.906213030972254
1530722,425206,2936472,3361678,6.905998504254408
1530742,425212,2936511,3361723,6.905992775368522
1530825,425260,2936619,3361879,6.905467243568641
1530829,425262,2936628,3361890,6.905455930696841
1530900,425287,2936803,3362090,6.9054614883596255
1530930,425293,2936849,3362142,6.905472227382064
1530963,425317,2936933,3362250,6.9052800616951595
1531017,425334,2937030,3362364,6.905232123460621
1531095,425361,2937140,3362501,6.9050524143022045
1531946,425361,2938583,3363944,6.90844482686471
1532121,425419,2938893,3364312,6.908231649268133
1532142,425421,2938893,3364314,6.9081991721142115
1532198,425459,2939019,3364478,6.907878314949267
1532223,425468,2939065,3364533,6.907840307614204
1532237,425470,2939082,3364552,6.9078477918537144
1533238,425473,2940782,3366255,6.911794637967627
1533297,425515,2940879,3366394,6.911340375779937
1533337,425528,2940933,3366461,6.911256133556429
1533362,425532,2940971,3366503,6.911280467743906
1533384,425549,2941000,3366549,6.911072520438305
1533444,425563,2941041,3366604,6.910941505723007
1533465,425563,2941081,3366644,6.911035498856808
1533605,425630,2941339,3366969,6.910553767356625
1534774,425782,2943713,3369495,6.913662390613037
1534794,425782,2943766,3369548,6.913786867457995
1534957,425782,2944187,3369969,6.914775636358512
1536421,425786,2946269,3372055,6.919600456567384
1536542,425786,2946483,3372269,6.920103056464985
1536714,425795,2947475,3373270,6.922286546342724
1536909,425795,2947945,3373740,6.923390363907514
1537096,425822,2948289,3374111,6.923759223337451
1537386,426055,2948901,3374956,6.921409207731396
1537764,426108,2949382,3375490,6.921677133496672
1537842,426113,2949506,3375619,6.9218869173200535
1537857,426119,2949519,3375638,6.921819961090681
1537960,426156,2949638,3375794,6.921498230694863
1537966,426161,2949645,3375806,6.921433448860877
1538027,426201,2949718,3375919,6.920955136191609
1538575,426257,2949901,3376158,6.920475206272273
1538587,426261,2949924,3376185,6.920464222624167
1538661,426302,2950175,3376477,6.9203874248772
1538662,426302,2950177,3376479,6.920392116386974
1538714,426327,2950227,3376554,6.92010358246135
1538724,426327,2950227,3376554,6.92010358246135
1538885,426446,2950472,3376918,6.918747039484483
1539031,426519,2950856,3377375,6.91846318686858
1539039,426519,2950856,3377375,6.91846318686858
1539518,426715,2951368,3378083,6.91648524190619
1539619,426789,2951689,3378478,6.916038135940711
1539666,426803,2951721,3378524,6.91588625197105
1539751,426808,2951781,3378589,6.915945811699874
1539880,426888,2952007,3378895,6.915179157062274
1539937,426939,2952077,3379016,6.9145170621564205
1540020,426973,2952228,3379201,6.914320109234073
1540095,427001,2952375,3379376,6.914210973744792
1540148,427040,2952448,3379488,6.9137504683402025
1540223,427055,2952578,3379633,6.9138120382620505
1540304,427055,2952622,3379677,6.913915069487537
1540481,427055,2953035,3380090,6.914882158035851
1540488,427057,2953039,3380096,6.914859140583107
1540579,427118,2953223,3380341,6.914302370773417
1540809,427202,2953532,3380734,6.913666134521842
1540853,427227,2953658,3380885,6.9135564933864195
1540940,427272,2953759,3381031,6.91306474564212
1541001,427292,2953874,3381166,6.9130103067691415
1541038,427301,2953943,3381244,6.913026180608049
1541246,427364,2954084,3381448,6.912337024176112
1541309,427399,2954177,3381576,6.911988563379886
1541338,427401,2954192,3381593,6.911991314947789
1541366,427412,2954211,3381623,6.911857879516719
1542094,427421,2955824,3383245,6.915486136619399
1542150,427440,2955861,3383301,6.915265300393037
1542480,427568,2956385,3383953,6.9144206301687685
1542525,427583,2956405,3383988,6.914224840557272
1542585,427603,2956538,3384141,6.914212482138806
1542597,427610,2956565,3384175,6.914162437735319
1542616,427617,2956619,3384236,6.9141755355844134
1542619,427617,2956628,3384245,6.914196582455796
1542979,427653,2957509,3385162,6.915674624052678
1542984,427656,2957515,3385171,6.915640140673813
1543008,427662,2957540,3385202,6.915601573205008
1543010,427662,2957545,3385207,6.915613264680986
1543126,427662,2957739,3385401,6.91606689394896
1543142,427662,2957765,3385427,6.916127689624049
1543194,427677,2957838,3385515,6.916055808472282
1543216,427677,2957862,3385539,6.916111925588703
1543259,427693,2957944,3385637,6.916044920071172
1543260,427693,2957946,3385639,6.916049596322596
1543374,427752,2958184,3385936,6.915652060072191
1543559,427752,2958506,3386258,6.916404832706802
1543600,427774,2958574,3386348,6.916208091188338
1543620,427774,2958619,3386393,6.916313286922533
1543630,427774,2958635,3386409,6.916350689850248
1543680,427806,2958734,3386540,6.916064758325035
1543743,427833,2958823,3386656,6.915836319311507
1543756,427837,2958837,3386674,6.9158043834450975
1543769,427837,2958844,3386681,6.915820744816367
1543823,427866,2958962,3386828,6.9156277900090215
1543926,427866,2959317,3387183,6.916457489026938
1543942,427876,2959335,3387211,6.916337910983556
1543978,427894,2959408,3387302,6.916217567902331
1544027,427911,2959521,3387432,6.9162068747940575
1544030,427911,2959530,3387441,6.916227907205003
1544500,427920,2960329,3388249,6.917949616750795
1544679,427920,2960690,3388610,6.918793232379884
1544710,427939,2960738,3388677,6.918598211427329
1544721,427944,2960744,3388688,6.918531396631335
1544726,427944,2960752,3388696,6.918550090666068
1544795,427948,2960832,3388780,6.91867236206268
1544857,427953,2960888,3388841,6.91872238306543
1544868,427953,2960914,3388867,6.918783137400602
1544889,427967,2960933,3388900,6.9186012005598565
1544987,427987,2961120,3389107,6.918714820777266
1545021,427991,2961131,3389122,6.9186758600064024
1545037,427995,2961166,3389161,6.918692975385227
1545050,427995,2961182,3389177,6.918730358999521
1545086,428027,2961213,3389240,6.9182855287166465
1545143,428027,2961258,3389285,6.918390662271305
1547273,428027,2969855,3397882,6.938475843813591
1548750,428027,2972779,3400806,6.945307188565208
1548772,428033,2972832,3400865,6.945333654180869
1548792,428033,2972853,3400886,6.94538271581864
1548914,428095,2973103,3401198,6.944960814772422
1549010,428153,2973240,3401393,6.944339990610833
1549026,428157,2973262,3401419,6.944326497055987
1549156,428157,2973648,3401805,6.945228035510339
1549172,428167,2973686,3401853,6.945154577536335
1549932,428377,2975159,3403536,6.945188467167939
1549970,428377,2975230,3403607,6.945354209026162
1550023,428409,2975298,3403707,6.944994152783905
1550168,428409,2975579,3403988,6.945650068042455
1550303,428444,2975837,3404281,6.945684850295488
1551510,429060,2978447,3407507,6.941796019204773
1551521,429062,2978455,3407517,6.941782306519804
1551538,429070,2978472,3407542,6.941692497727644
1551857,429070,2979058,3408128,6.943058242244855
1551910,429102,2979211,3408313,6.942897026814137
1551926,429111,2979235,3408346,6.942807338893666
1551988,429115,2979351,3408466,6.943012945247777
1552034,429163,2979451,3408614,6.942469411389146
1552265,429163,2979701,3408864,6.94305194063794
1552285,429167,2979721,3408888,6.943033830653335
1552334,429182,2979807,3408989,6.942991551369815
1552367,429195,2979852,3409047,6.942886100723447
1552394,429217,2979887,3409104,6.94261177912338
1552791,429270,2980586,3409856,6.943382952454167
1552862,429320,2980738,3410058,6.942928351812168
1552902,429350,2980831,3410181,6.942659834633749
1552914,429354,2980855,3410209,6.942651052511447
1552947,429362,2980907,3410269,6.9426428049058835
1552955,429366,2980912,3410278,6.9425897718962375
1552956,429366,2980914,3410280,6.942594429926915
1553014,429398,2981003,3410401,6.942284314319116
1553131,429446,2981157,3410603,6.941866963483185
1553146,429452,2981197,3410649,6.941863118579026
1553223,429456,2981366,3410822,6.942191982414962
1553311,429510,2981475,3410985,6.94157295522805
1553357,429513,2981591,3411104,6.941794544053382
1553391,429523,2981656,3411179,6.941784258351706
1553447,429523,2981781,3411304,6.942075278855847
1553467,429523,2981805,3411328,6.942131154792642
1553740,429760,2982681,3412441,6.940341120625465
1553853,429792,2982978,3412770,6.940515412106321
1554057,429887,2983567,3413454,6.9403517668596635
1554076,429893,2983655,3413548,6.940459602738356
1554486,430014,2984216,3414230,6.939811261958913
1554658,430055,2984692,3414747,6.9402564788224765
1556334,430135,2986811,3416946,6.943892033896335
1556787,430344,2987904,3418248,6.9430595058836655
1556810,430348,2987948,3418296,6.943097214347459
1556843,430363,2988038,3418401,6.943064343356655
1557046,430491,2988384,3418875,6.941803661400587
1557200,430491,2988757,3419248,6.942670113893206
1557303,430528,2988935,3419463,6.942486899806749
1557414,430528,2989113,3419641,6.94290034562212
1557454,430550,2989144,3419694,6.942617582162351
1557619,430576,2989288,3419864,6.942532793281558
1557754,430631,2989420,3420051,6.941952623011349
1557954,430745,2989843,3420588,6.941097401014521
1558100,430767,2990043,3420810,6.941207195537262
1558145,430786,2990142,3420928,6.941130863119971
1558165,430792,2990161,3420953,6.941078293004512
1558217,430792,2990288,3421080,6.941373098850489
1558271,430812,2990359,3421171,6.941215657873968
1558350,430856,2990569,3421425,6.940994206881185
1558458,430923,2990752,3421675,6.940339689457281
1558471,430925,2990777,3421702,6.940365492835181
1558538,430925,2990850,3421775,6.940534895863549
1558976,430995,2991217,3422212,6.940259167739765
1559291,431209,2991915,3423124,6.938433567017386
1559366,431244,2992048,3423292,6.93817885002458
1559470,431282,2992147,3423429,6.937797079405122
1559556,431343,2992298,3423641,6.937166014053781
1559618,431378,2992382,3423760,6.936797889553941
1559640,431394,2992421,3423815,6.936631014803173
1559716,431444,2992532,3423976,6.9360844049285655
1559811,431450,2992539,3423989,6.936004171978213
1559865,431450,2992697,3424147,6.936370378954687
1559890,431456,2992739,3424195,6.936371263813691
1559947,431456,2992784,3424240,6.936475561818586
1560099,431544,2992981,3424525,6.935517583375044
1560179,431566,2993104,3424670,6.935449039080929
1560773,431566,2993624,3425190,6.936653953277135
1560824,431575,2993649,3425224,6.936567224700226
1560854,431594,2993705,3425299,6.9363916087804744
1561091,431608,2994382,3425990,6.9377351670960685
1561526,431608,2995149,3426757,6.9395122425904985
1561543,431626,2995202,3426828,6.9393456371951645
1561930,431626,2995202,3426828,6.9393456371951645
1562023,431662,2995390,3427052,6.939202431532078
1562441,431869,2996055,3427924,6.937416207229507
1562469,431882,2996098,3427980,6.937306949583451
1562475,431883,2996107,3427990,6.937311725629395
1562562,431961,2996266,3428227,6.936427131153044
1563116,431976,2997484,3429460,6.93900587069652
1563163,431992,2997523,3429515,6.938839145169355
1563270,432013,2997699,3429712,6.9389092457865855
1563312,432013,2997763,3429776,6.939057389476705
1563364,432030,2997837,3429867,6.938955628081383
1563387,432041,2997864,3429905,6.938841452547328
1563403,432041,2997890,3429931,6.938901632021035
1563442,432065,2997961,3430026,6.938680522606552
1564241,432113,2999414,3431527,6.941272306086602
1564252,432115,2999430,3431545,6.941277206299249
1564268,432123,2999453,3431576,6.941201926303391
1564489,432138,2999497,3431635,6.941062808639833
1564529,432169,2999620,3431789,6.940849528772309
1564588,432169,2999620,3431789,6.940849528772309
1564612,432175,2999648,3431823,6.940817955689246
1564722,432184,2999980,3432164,6.941441608203913
1564741,432184,2999995,3432179,6.941476315643337
1564769,432209,3000030,3432239,6.94115578342885
1564951,432209,3000574,3432783,6.942414433757742
1564988,432236,3000649,3432885,6.942154286084454
1565044,432273,3000768,3433041,6.9418353679272125
1565069,432292,3000799,3433091,6.9416019727406475
1565072,432292,3000808,3433100,6.941622792001702
1565092,432292,3000835,3433127,6.941685249784868
1565136,432292,3000907,3433199,6.941851803873308
1565219,432309,3001068,3433377,6.941951243207983
1565322,432341,3001175,3433516,6.941684920005273
1565329,432345,3001177,3433522,6.941625322369867
1565405,432397,3001278,3433675,6.941024105162617
1565560,432482,3001649,3434131,6.940517755652258
1565561,432482,3001651,3434133,6.940522380122179
1565585,432496,3001680,3434176,6.940364766379342
1565606,432503,3001730,3434233,6.940368043689871
1565682,432527,3001820,3434347,6.940191016976975
1565713,432538,3001902,3434440,6.9402040976746555
1566017,432633,3002541,3435174,6.940157130870738
1566038,432644,3002565,3435209,6.940036149813704
1566052,432653,3002580,3435233,6.939926453763177
1566074,432657,3002606,3435263,6.939922386555632
1566128,432680,3002686,3435366,6.939738374780438
1566155,432688,3002729,3435417,6.939709444218467
1566554,432688,3003562,3436250,6.941634618940206
1566710,432756,3003723,3436479,6.940915897179935
1566765,432756,3003862,3436618,6.941237094344157
1566794,432766,3003905,3436671,6.941176062814546
1566899,432766,3004161,3436927,6.941767606512526
1566907,432770,3004180,3436950,6.941747348476095
1566971,432791,3004295,3437086,6.941676236335783
1567081,432834,3004418,3437252,6.941270787415037
1567128,432856,3004492,3437348,6.941088953370174
1567335,432894,3005060,3437954,6.94179175502548
1567403,432894,3005152,3438046,6.942004278183574
1567497,432938,3005293,3438231,6.941624435831459
1567533,432947,3005322,3438269,6.94154711777654
1567564,432947,3005384,3438331,6.941690322372023
1567569,432949,3005391,3438340,6.941674423546423
1567605,432955,3005418,3438373,6.941640586204109
1568404,432967,3008275,3441242,6.9480468488360545
1568405,432967,3008277,3441244,6.948051468125747
1568440,432979,3008347,3441326,6.948020573746071
1568468,432985,3008408,3441393,6.948065175467972
1569145,433042,3009723,3442765,6.950187279755775
1569229,433110,3009935,3443045,6.949585555632519
1569336,433110,3010151,3443261,6.950084274202858
1569359,433132,3010220,3443352,6.949890564539217
1569373,433135,3010250,3443385,6.949911690350583
1569393,433142,3010278,3443420,6.9498640168813
1569491,433154,3010416,3443570,6.9499900728147495
1569514,433169,3010481,3443650,6.949899461872849
1569567,433182,3010579,3443761,6.94991712490362
1569572,433184,3010587,3443771,6.949903505207948
1569624,433211,3010658,3443869,6.949634242897803
1569682,433226,3010728,3443954,6.949555197518155
1569687,433231,3010732,3443963,6.949484224351443
1570118,433231,3012202,3445433,6.952877333339488
1570171,433238,3012277,3445515,6.952938107922204
1570200,433240,3012292,3445532,6.952940633367187
1570298,433277,3012354,3445631,6.952489977543235
1570732,433277,3013120,3446397,6.954257899680805
1570742,433277,3013132,3446409,6.954285595588965
1570762,433284,3013212,3446496,6.954357880743347
1570787,433286,3013245,3446531,6.954401942366013
1570803,433292,3013295,3446587,6.954421037083537
1570911,433318,3013464,3446782,6.954393770856507
1570924,433327,3013470,3446797,6.954263177692597
1571010,433408,3013598,3447006,6.953258823095098
1571192,433408,3013872,3447280,6.953891021854695
1571239,433426,3014085,3447511,6.95409366304744
1571337,433448,3014252,3447700,6.9541259851239365
1571423,433516,3014359,3447875,6.95328200112568
1571448,433522,3014373,3447895,6.953218060444453
1571480,433537,3014421,3447958,6.95308820239103
1571496,433540,3014441,3447981,6.953086220417955
1571560,433540,3014593,3448133,6.95343682243853
1571844,433542,3015268,3448810,6.954961687679625
1571920,433553,3015411,3448964,6.955115060903742
1571928,433560,3015423,3448983,6.955030445613064
1572003,433622,3015596,3449218,6.9544349687054625
1572078,433622,3015763,3449385,6.954820096766308
1572080,433622,3015765,3449387,6.954824709078414
1572126,433632,3015794,3449426,6.954731200649398
1572141,433639,3015851,3449490,6.954750379924315
1572361,433750,3016264,3450014,6.953922766570606
1572386,433750,3016307,3450057,6.954021902017291
1572388,433752,3016312,3450064,6.9540013648352055
1572409,433769,3016339,3450108,6.9537910731287855
1572433,433769,3016401,3450170,6.953934006349002
1572513,433769,3016523,3450292,6.954215262040395
1572562,433803,3016660,3450463,6.953986025914989
1572694,433823,3016841,3450664,6.954082655829682
1573607,434359,3018572,3452931,6.9494864846820255
1573898,434380,3019098,3453478,6.950361434688522
1573975,434380,3019254,3453634,6.950720567245269
1574040,434380,3019375,3453755,6.9509991251899255
1574070,434400,3019403,3453803,6.950743554327809
1574128,434413,3019449,3453862,6.950641440288389
1574149,434417,3019462,3453879,6.950607365733846
1574173,434417,3019495,3453912,6.950683329611871
1574203,434417,3019550,3453967,6.950809936075245
1574270,434417,3019610,3454027,6.950948052217109
1574280,434423,3019619,3454042,6.950872766865475
1574298,434423,3019722,3454145,6.951109862967661
1574423,434468,3020136,3454604,6.951342791644033
1574736,434468,3020922,3455390,6.9531519007153575
1574811,434468,3021028,3455496,6.953395877256783
1574878,434519,3021174,3455693,6.952915752820935
1574984,434524,3021562,3456086,6.9537286778175655
1575130,434524,3021765,3456289,6.954195855694968
1575313,434581,3021963,3456544,6.953739348936102
1575453,434634,3022119,3456753,6.953250320959704
1575463,434634,3022129,3456763,6.953273328823792
1575521,434640,3022219,3456859,6.9533844100865085
1575582,434640,3022340,3456980,6.953662801398859
1575614,434661,3022397,3457058,6.95345798219762
1575697,434710,3022513,3457223,6.952941041153872
1575908,434819,3022937,3457756,6.9521732031029
1576249,434894,3023204,3458098,6.951588203102365
1576256,434896,3023210,3458106,6.951570030536036
1576300,434919,3023374,3458293,6.951579489514139
1576327,434932,3023400,3458332,6.951431488140675
1576706,435035,3023670,3458705,6.950406289149149
1576715,435035,3023682,3458717,6.950433873136644
1576770,435045,3023767,3458812,6.950469491661782
1576777,435050,3023781,3458831,6.9504217905987815
1576802,435050,3023781,3458831,6.9504217905987815
1577381,435344,3024655,3459999,6.947735583814179
1577411,435358,3024707,3460065,6.947631604334823
1577478,435423,3024855,3460278,6.946934360380595
1577485,435426,3024869,3460295,6.946918649782052
1577517,435429,3024916,3460345,6.946978726726975
1577556,435457,3024999,3460456,6.946722638515399
1577615,435481,3025077,3460558,6.9465189066802
1577987,435654,3025501,3461155,6.944733664789029
1578043,435680,3025580,3461260,6.944500550863019
1578063,435680,3025611,3461291,6.9445717040029376
1578103,435697,3025655,3461352,6.94440172872432
1578123,435705,3025678,3461383,6.9443270102477594
1578137,435715,3025700,3461415,6.9442181242325836
1578423,435715,3026098,3461813,6.945131565358089
1578445,435722,3026145,3461867,6.9451278567527
1578456,435725,3026157,3461882,6.94510757932182
1578554,435756,3026228,3461984,6.9447764345184
1578606,435809,3026421,3462230,6.944374714611217
1578637,435836,3026471,3462307,6.944059233289586
1578708,435844,3026540,3462384,6.944090087278934
1578753,435864,3026681,3462545,6.944094947047703
1578864,435864,3026990,3462854,6.944803883780262
1579231,435868,3027295,3463163,6.945439903824093
1579247,435878,3027329,3463207,6.9453585636347785
1579253,435882,3027331,3463213,6.9452994158969625
1579495,435882,3027915,3463797,6.946639228047958
1579557,435894,3028033,3463927,6.946718697665029
1579891,435909,3028692,3464601,6.947991438580071
1579942,435936,3028813,3464749,6.947838673566762
1579976,435943,3028868,3464811,6.947853274395965
1579996,435954,3028919,3464873,6.947794950843438
1580047,435973,3029011,3464984,6.9477031834540215
1580082,435987,3029049,3465036,6.947567243977458
1580174,435987,3029234,3465221,6.947991568555943
1580260,436008,3029414,3465422,6.948069760187886
1580343,436028,3029554,3465582,6.9480721421560085
1580372,436036,3029617,3465653,6.948089148602409
1580419,436044,3029650,3465694,6.948037354028492
1580472,436078,3029746,3465824,6.947715775618123
1580496,436084,3029788,3465872,6.947716494987204
1581582,436121,3031642,3467763,6.951378172571373
1581612,436129,3031658,3467787,6.951287348467999
1581645,436139,3031705,3467844,6.951235729893451
1581692,436157,3031737,3467894,6.951022223648824
1581716,436177,3031796,3467973,6.950838764996779
1581798,436226,3031954,3468180,6.950420195036518
1582007,436233,3032273,3468506,6.951039925911153
1582025,436233,3032290,3468523,6.95107889591113
1582123,436282,3032463,3468745,6.950694734139845
1582148,436294,3032504,3468798,6.950597532856285
1582160,436301,3032522,3468823,6.950527273602399
1582201,436339,3032586,3468925,6.950068639291927
1582254,436354,3032698,3469052,6.950086397741283
1582279,436368,3032736,3469104,6.949950500494995
1582290,436368,3032746,3469114,6.949973416932497
1582347,436386,3032841,3469227,6.949904442397327
1582381,436394,3032904,3469298,6.949921401302492
1582446,436398,3032950,3469348,6.9499631070719845
1582536,436409,3033205,3469614,6.950372242552285
1582700,436409,3033490,3469899,6.951025299661556
1582733,436424,3033551,3469975,6.950926163547376
1582878,436495,3033756,3470251,6.950265180586261
1582982,436535,3033872,3470407,6.94989405202332
1583018,436546,3033895,3470441,6.949771616278697
1583019,436546,3033898,3470444,6.94977848840672
1583466,436746,3034589,3471335,6.948178117258086
1583748,436746,3034865,3471611,6.948810063515178
1583759,436748,3034888,3471636,6.948830904778041
1583942,436796,3035182,3471978,6.94874037308034
1583970,436796,3035230,3472026,6.948850264196558
1583994,436803,3035254,3472057,6.94879384985909
1584012,436815,3035308,3472123,6.948726577612948
1584031,436815,3035348,3472163,6.948818149559882
1584063,436821,3035414,3472235,6.948873794986962
1584161,436821,3035536,3472357,6.949153085588834
1584258,436830,3035758,3472588,6.949518119176797
1584347,436882,3035883,3472765,6.948977069323067
1584396,436893,3035949,3472842,6.948953176178149
1585325,437336,3037878,3475214,6.9463250224084
1585343,437355,3037899,3475254,6.94607126933498
1585370,437378,3037949,3475327,6.945820320180713
1585410,437395,3037975,3475370,6.945609803495696
1585416,437395,3037991,3475386,6.945646383703518
1585496,437421,3038064,3475485,6.945400426591316
1586382,437559,3039414,3476973,6.946295242470159
1586446,437576,3039498,3477074,6.946217342815877
1586610,437576,3039783,3477359,6.946868658244511
1586902,437666,3040194,3477860,6.946379202405487
1586921,437673,3040224,3477897,6.946336648593813
1586934,437687,3040269,3477956,6.946217273988032
1586971,437687,3040305,3477992,6.94629952454608
1587738,437713,3041555,3479268,6.948742669283297
1588015,437813,3041833,3479646,6.947790495028699
1588916,438184,3042976,3481160,6.944516458839209
1588950,438189,3043040,3481229,6.944583273427676
1589214,438310,3043413,3481723,6.943517145399375
1589311,438358,3043603,3481961,6.943190269140748
1589435,438388,3043930,3482318,6.9434610436417055
1589476,438390,3044008,3482398,6.943607290312279
1589519,438390,3044149,3482539,6.943928921736354
1589677,438392,3044394,3482786,6.944456103213562
1589910,438427,3044714,3483141,6.944631603436832
1589935,438438,3044730,3483168,6.944493862302082
1589985,438456,3044778,3483234,6.944318244019924
1589996,438463,3044795,3483258,6.9442461507584445
1590185,438478,3045435,3483913,6.945468187685585
1590219,438508,3045490,3483998,6.945118447097887
1590390,438617,3045784,3484401,6.9440628156227415
1590596,438617,3046453,3485070,6.945588064302113
1590616,438617,3046474,3485091,6.945635942063349
1590620,438617,3046502,3485119,6.94569977907833
1590890,438617,3046884,3485501,6.946570698354145
1590991,438617,3046884,3485501,6.946570698354145
1591013,438633,3046912,3485545,6.946381143233637
1591064,438649,3046984,3485633,6.946291909932543
1591134,438649,3047138,3485787,6.946642987901488
1591154,438657,3047169,3485826,6.946586968861776
1591289,438665,3047412,3486077,6.947014236376278
1591346,438682,3047477,3486159,6.946893193702956
1591379,438692,3047539,3486231,6.946876168245603
1592159,438692,3049000,3487692,6.950206523027545
1592209,438695,3049109,3487804,6.9504074584848246
1592247,438710,3049149,3487859,6.950260992455153
1592267,438716,3049156,3487872,6.950181894437404
1592281,438724,3049174,3487898,6.950096188036214
1592417,438764,3049364,3488128,6.949895615866389
1592449,438781,3049416,3488197,6.949744861331735
1592612,438794,3049824,3488618,6.950468784896786
1592816,438845,3050266,3489111,6.9506682313801
1592839,438862,3050291,3489153,6.950455951984907
1592863,438866,3050322,3489188,6.950463239348685
1592898,438875,3050343,3489218,6.950368555966961
1593015,438876,3050844,3489720,6.951494271730511
1593080,438876,3051034,3489910,6.951927195836637
1593095,438883,3051057,3489940,6.951868721276513
1593182,438883,3051169,3490052,6.952123914574043
1593224,438913,3051240,3490153,6.951810495474046
1593239,438918,3051268,3490186,6.951795096122738
1594056,438986,3055545,3494531,6.960461153658659
1594089,438995,3055579,3494574,6.96039590428137
1594135,439025,3055663,3494688,6.960111610956096
1594146,439032,3055682,3494714,6.960043914794365
1594627,439153,3056200,3495353,6.959305754486477
1594662,439177,3056267,3495444,6.959078002718722
1594729,439177,3056340,3495517,6.959244222716581
1594812,439225,3056601,3495826,6.9590779213387215
1594815,439225,3056610,3495835,6.9590984119756385
1594866,439258,3056710,3495968,6.958803254579314
1594886,439258,3056725,3495983,6.958837403075186
1594899,439263,3056747,3496010,6.958808276590562
1594920,439272,3056795,3496067,6.9587749731373725
1594962,439301,3056866,3496167,6.958477217215531
1594985,439306,3056910,3496216,6.958498176669565
1595019,439323,3056977,3496300,6.958381418682837
1595047,439330,3057005,3496335,6.958334281747206
1595057,439330,3057027,3496357,6.958384357999681
1595466,439397,3057248,3496645,6.957826293761678
1595502,439410,3057274,3496684,6.957679615848524
1595523,439433,3057334,3496767,6.957451989267988
1595561,439450,3057377,3496827,6.957280691773808
1595758,439524,3057714,3497238,6.95687607502662
1595888,439524,3058100,3497624,6.95775429783129
1597154,439526,3058108,3497634,6.957740838994735
1597360,439623,3058821,3498444,6.957827502200749
1597393,439659,3058889,3498548,6.95741244919358
1597419,439682,3058927,3498609,6.957134929335292
1597445,439684,3058965,3498649,6.957189708972808
1597525,439684,3059059,3498743,6.957403498876466
1597526,439684,3059059,3498743,6.957403498876466
1597555,439702,3059137,3498839,6.957296077798145
1597595,439726,3059197,3498923,6.9570528010624795
1597699,439726,3059392,3499118,6.957496259034035
1597729,439739,3059496,3499235,6.957527078562511
1597831,439775,3059557,3499332,6.9570962423966805
1597849,439789,3059581,3499370,6.956929345663489
1597982,439871,3059827,3499698,6.956191701657986
1597989,439876,3059848,3499724,6.956160372468605
1598110,439876,3060030,3499906,6.95657412543535
1598115,439876,3060034,3499910,6.956583218907147
1598311,439876,3060362,3500238,6.957328883594467
1598338,439896,3060394,3500290,6.957085311073526
1598467,439897,3060776,3500673,6.957937880913032
1598489,439907,3060837,3500744,6.957918378202666
1598534,439917,3060876,3500793,6.957848866945356
1598593,439938,3061034,3500972,6.957875882510717
1598594,439938,3061036,3500974,6.957880428605849
1598605,439938,3061045,3500983,6.957900886033941
1598621,439942,3061062,3501004,6.957876265507726
1598659,439954,3061092,3501046,6.957754674352318
1598765,440021,3061401,3501422,6.957397487847171
1599036,440021,3061914,3501935,6.958563341295075
1599100,440026,3062049,3502075,6.958791071436687
1599122,440031,3062099,3502130,6.958825628194377
1599514,440036,3063198,3503234,6.961244080029815
1599548,440042,3063239,3503281,6.961242335958841
1599872,440137,3063984,3504121,6.961432463073997
1599913,440146,3064049,3504195,6.9614377956405376
1600025,440159,3064358,3504517,6.9619342101377
1600028,440161,3064369,3504530,6.961927567412833
1600536,440161,3065271,3505432,6.9639768175735695
1600623,440180,3065371,3505551,6.963903403153256
1600672,440195,3065436,3505631,6.963813764354434
1601749,440195,3067133,3507328,6.96766887402174
1601757,440200,3067137,3507337,6.9675988187187645
1601784,440200,3067187,3507387,6.967712403452976
1601792,440203,3067209,3507412,6.967714895173363
1601838,440232,3067343,3507575,6.967560286394447
1601956,440232,3067537,3507769,6.9680009631285325
1602247,440349,3067827,3508176,6.966808145357432
1602272,440350,3067856,3508206,6.966858180992393
1602281,440351,3067863,3508214,6.966858256254669
1602310,440364,3067903,3508267,6.966743421351428
1602368,440374,3068053,3508427,6.966925840308465
1602430,440408,3068160,3508568,6.966630942217217
1602452,440414,3068192,3508606,6.966608690913549
1602465,440420,3068226,3508646,6.966590981335997
1602469,440420,3068236,3508656,6.966613686935198
1602486,440420,3068261,3508681,6.9666704509332
1602526,440432,3068355,3508787,6.966694064009881
1602707,440432,3068544,3508976,6.967123188142551
1602923,440479,3068859,3509338,6.967094912583801
1603001,440479,3068987,3509466,6.967385505324885
1603026,440479,3069014,3509493,6.9674468022312075
1603118,440479,3069069,3509548,6.967571666299642
1603328,440495,3069251,3509746,6.967731756319595
1603468,440529,3069471,3510000,6.967693386814489
1603494,440529,3069494,3510023,6.967745596771155
1603579,440545,3069753,3510298,6.968080445811438
1603593,440549,3069786,3510335,6.968092085102906
1603621,440556,3069815,3510371,6.9680471949082525
1603638,440562,3069824,3510386,6.967972725745752
1603682,440601,3069907,3510508,6.9675443314926655
1603792,440613,3070132,3510745,6.967865224130927
1603842,440656,3070255,3510911,6.967464416687847
1603863,440666,3070286,3510952,6.967376652612183
1603865,440668,3070287,3510955,6.96734730000817
1603904,440703,3070329,3511032,6.966889265559799
1603954,440726,3070390,3511116,6.96666409515209
1604035,440751,3070530,3511281,6.966586576093985
1604067,440755,3070583,3511338,6.966643600186044
1604130,440782,3070678,3511460,6.9664323860774715
1604131,440782,3070680,3511462,6.966436923467836
1604152,440782,3070680,3511462,6.966436923467836
1604184,440796,3070721,3511517,6.966308677937186
1604300,440830,3070788,3511618,6.965923371821337
1604322,440830,3070840,3511670,6.9660413311253775
1604387,440866,3070951,3511817,6.9657242790326315
1604425,440903,3071043,3511946,6.9653483872869995
1604433,440906,3071049,3511955,6.965314602205459
1604448,440906,3071075,3511981,6.965373571691018
1604453,440908,3071083,3511991,6.965360120478649
1604461,440912,3071099,3512011,6.965333218420002
1604476,440912,3071125,3512037,6.965392187103095
1604480,440912,3071127,3512039,6.965396723155641
1604489,440914,3071143,3512057,6.965401416149181
1604529,440927,3071212,3512139,6.9653525413503825
1604601,440939,3071319,3512258,6.965405645678881
1604633,440961,3071398,3512359,6.965237288558399
1604697,440976,3071466,3512442,6.965154566234897
1604732,440988,3071530,3512518,6.965110161727757
1604826,441030,3071660,3512690,6.964741627553681
1605087,441096,3071888,3512984,6.964216406405861
1605136,441120,3071976,3513096,6.964036996735582
1607960,441125,3076210,3517335,6.97355624822896
1608009,441148,3076345,3517493,6.973498689782114
1608009,441153,3076373,3517526,6.973483122635457
1608020,441153,3076383,3517536,6.973505790508055
1608058,441166,3076431,3517597,6.973409102242694
1608099,441192,3076471,3517663,6.973088813940416
1608151,441208,3076530,3517738,6.972969665101267
1608152,441208,3076530,3517738,6.972969665101267
1608187,441208,3076679,3517887,6.97330737429965
1608194,441212,3076688,3517900,6.9732645530946575
1608222,441221,3076708,3517929,6.973167641612706
1608511,441230,3077295,3518525,6.974355778165583
1608551,441251,3077364,3518615,6.974180228486734
1608581,441281,3077449,3518730,6.973898717597177
1608617,441303,3077514,3518817,6.973698343315137
1608831,441303,3077823,3519126,6.974398542498012
1608850,441303,3077838,3519141,6.974432532749607
1609770,441751,3079440,3521191,6.97098591740596
1609820,441780,3079611,3521391,6.970915387749558
1609855,441788,3079667,3521455,6.970915914420491
1609874,441799,3079693,3521492,6.970801201451339
1609904,441809,3079725,3521534,6.970715852325326
1609929,441819,3079759,3521578,6.970635033803435
1609953,441824,3079787,3521611,6.970619522705874
1609978,441824,3079814,3521638,6.97068063301224
1610094,441824,3079998,3521822,6.971097088433403
1610110,441824,3080024,3521848,6.97115593539509
1610242,441896,3080234,3522130,6.970495320165831
1610272,441910,3080286,3522196,6.970392161299812
1610602,442171,3080976,3523147,6.967838234529175
1610636,442192,3081025,3523217,6.967618138727069
1610665,442192,3081063,3523255,6.9677040742482905
1610677,442192,3081078,3523270,6.967737996164562
1610695,442192,3081111,3523303,6.967812624380359
1610770,442210,3081216,3523426,6.967766445806292
1610811,442219,3081315,3523534,6.967848509448938
1610826,442220,3081328,3523548,6.967862150061055
1612113,442746,3084012,3526758,6.965646217018335
1612144,442752,3084070,3526822,6.965682820179243
1612160,442752,3084096,3526848,6.965741543798786
1612255,442805,3084231,3527036,6.9652126782669574
1612284,442805,3084303,3527108,6.965375278056933
1612300,442811,3084332,3527143,6.965346389317339
1612349,442825,3084404,3527229,6.965288770959183
1612350,442826,3084410,3527236,6.965286591121569
1612523,442845,3084531,3527376,6.965260982962436
1612565,442872,3084607,3527479,6.9650079481204505
1612638,442872,3084729,3527601,6.965283422749688
1613011,442950,3085331,3528281,6.965415961169432
1613026,442950,3085338,3528288,6.965431764307484
1613290,443053,3085904,3528957,6.965089955377799
1613388,443056,3086044,3529100,6.965358780831317
1613416,443064,3086102,3529166,6.965363920336565
1613437,443086,3086136,3529222,6.965094812293776
1613525,443086,3086551,3529637,6.966031425050668
1613569,443095,3086668,3529763,6.966153985037069
1613695,443095,3087003,3530098,6.966910030580349
1613739,443114,3087048,3530162,6.966712854931236
1613769,443129,3087091,3530220,6.966574067596569
1613784,443134,3087104,3530238,6.966524798367988
1613801,443134,3087138,3530272,6.966601524595269
1613866,443160,3087268,3530428,6.966486144958932
1613942,443195,3087426,3530621,6.966292489761843
1613974,443195,3087553,3530748,6.9665790453412155
1614133,443208,3087983,3531191,6.967344903521597
1614247,443251,3088181,3531432,6.9671156974265145
1614327,443251,3088337,3531588,6.967467642486988
1614349,443251,3088390,3531641,6.967587213565226
1614427,443272,3088523,3531795,6.967557165803389
1614452,443283,3088550,3531833,6.967445176106461
1614463,443283,3088560,3531843,6.967467735058642
1614485,443283,3088613,3531896,6.967587297505205
1614529,443292,3088653,3531945,6.967536071032186
1614567,443292,3088759,3532051,6.967775191070445
1614696,443362,3088990,3532352,6.967196106116447
1614927,443362,3089240,3532602,6.967759979429902
1615872,443364,3092066,3535430,6.97410254328272
1616303,443427,3092406,3535833,6.973878451244511
1616342,443449,3092483,3535932,6.973706108255966
1616354,443455,3092500,3535955,6.973650088509545
1616389,443455,3092591,3536046,6.973855295351275
1616402,443460,3092638,3536098,6.973882650069905
1616402,443460,3092638,3536098,6.973882650069905
1616510,443474,3092784,3536258,6.973991710900751
1616688,443554,3093161,3536715,6.973583825193776
1616776,443554,3093281,3536835,6.973854367224734
1618827,444603,3099379,3543982,6.971115804436767
1618866,444609,3099436,3544045,6.9711499317377745
1618983,444654,3099636,3544290,6.970894223373679
1619033,444654,3099740,3544394,6.971128113094676
1619048,444661,3099748,3544409,6.971036362532356
1619139,444715,3099962,3544677,6.970671103965461
1619188,444736,3100017,3544753,6.970465624550295
1619240,444762,3100114,3544876,6.970276237628215
1619309,444779,3100258,3545037,6.970333581396604
1619324,444792,3100287,3545079,6.970195057465062
1619594,444799,3100660,3545459,6.970923945422539
1620336,444950,3101017,3545967,6.969360602314866
1620616,444950,3101480,3546430,6.970401168670637
1620661,444965,3101522,3546487,6.9702605822929895
1621193,444971,3102204,3547175,6.971699279278875
1621215,444980,3102230,3547210,6.971616701874241
1621244,444980,3102265,3547245,6.971695357094701
1621317,445003,3102400,3547403,6.971638393449033
1621354,445003,3102425,3547428,6.971694572845577
1621363,445005,3102447,3547452,6.971712677385647
1621386,445012,3102477,3547489,6.971670426864893
1621413,445029,3102517,3547546,6.97149399252633
1621653,445224,3102977,3548201,6.969473792967135
1621666,445231,3102990,3548221,6.96939341600203
1621679,445233,3103040,3548273,6.969474410028008
1621698,445243,3103081,3548324,6.9694099626496095
1621769,445246,3103301,3548547,6.969857112697251
1621859,445256,3103557,3548813,6.970275526887903
1621939,445268,3103680,3548948,6.970363915664274
1621955,445276,3103740,3549016,6.970373431310019
1621983,445289,3103780,3549069,6.97025976388368
1622086,445289,3103917,3549206,6.970567429242582
1622792,445289,3105055,3550344,6.9731230728807585
1622816,445296,3105078,3550374,6.9730651072545005
1622845,445306,3105102,3550408,6.972962412363633
1622855,445306,3105118,3550424,6.972998342712652
1622898,445313,3105208,3550521,6.97309083723134
1623165,445347,3105714,3551061,6.973694669549812
1623257,445396,3105879,3551275,6.973297919155089
1623268,445396,3105889,3551285,6.973320371085506
1623317,445396,3105998,3551394,6.973565097127051
1623817,445526,3106841,3552367,6.973422426525051
1623883,445526,3106841,3552367,6.973422426525051
1623948,445555,3107030,3552585,6.973392734903659
1624030,445584,3107166,3552750,6.973244102122159
1624056,445584,3107187,3552771,6.973291231282991
1624387,445631,3107372,3553003,6.972970910910597
1624420,445654,3107439,3553093,6.97276137990459
1624485,445668,3107478,3553146,6.972629850022887
1624792,445674,3108072,3553746,6.973868791986968
1624855,445683,3108202,3553885,6.974019650738305
1624906,445690,3108296,3553986,6.974121025825125
1624984,445720,3108372,3554092,6.973822130485507
1625035,445720,3108460,3554180,6.974019563851746
1625068,445720,3108535,3554255,6.974187830925245
1625101,445725,3108539,3554264,6.974118570867687
1625111,445731,3108558,3554289,6.974067318629397
1625122,445731,3108570,3554301,6.974094240696743
1626975,446004,3113919,3559923,6.9818185487125675
1626980,446004,3113921,3559925,6.981823032977283
1627024,446022,3114050,3560072,6.981830492666281
1627040,446022,3114076,3560098,6.981888785754963
1627094,446041,3114125,3560166,6.981701233743086
1627105,446041,3114151,3560192,6.981759524348658
1627325,446212,3114689,3560901,6.980289638109239
1628062,446673,3115984,3562657,6.975984668874098
1628123,446673,3116102,3562775,6.9762488442328054
1628146,446682,3116144,3562826,6.976202309472958
1628225,446696,3116204,3562900,6.976117986281498
1628789,446696,3117185,3563881,6.978314110715117
1628827,446711,3117255,3563966,6.978236488467935
1628844,446711,3117300,3564011,6.978337224738142
1629465,446711,3118033,3564744,6.979978106650608
1629478,446712,3118071,3564783,6.980047547413099
1629509,446720,3118131,3564851,6.980056858882522
1629596,446742,3118230,3564972,6.979934727426568
1629675,446772,3118474,3565246,6.980012176233068
1629849,446863,3119006,3565869,6.979781275245434
1629933,446894,3119220,3566114,6.97977596477017
1630294,446897,3120274,3567171,6.982087595128184
1630466,446897,3120650,3567547,6.982928952308921
1630609,446928,3120790,3567718,6.982757849139011
1630752,446928,3120929,3567857,6.983068861203594
1630799,446958,3121022,3567980,6.982808228066172
1630869,446981,3121143,3568124,6.982719623429184
1631057,447072,3121587,3568659,6.982291442989049
1631148,447146,3121724,3568870,6.981442302961449
1631277,447146,3121911,3569057,6.981860510884588
1631318,447155,3121969,3569124,6.981849694177634
1631340,447178,3122029,3569207,6.981624766871358
1631373,447188,3122081,3569269,6.981584926250257
1631653,447333,3122498,3569831,6.980254083646858
1631667,447333,3122524,3569857,6.980312205895832
1631831,447342,3123457,3570799,6.982257422732496
1631870,447350,3123503,3570853,6.98223538616296
1632132,447381,3123715,3571096,6.982225440955248
1632170,447398,3123756,3571154,6.982051774929705
1632368,447398,3124033,3571431,6.982670910464508
1632378,447402,3124043,3571445,6.9826308331209965
1632474,447450,3124197,3571647,6.982225947033188
1632534,447506,3124257,3571763,6.981486281748178
1632607,447507,3124334,3571841,6.981642745253147
1632816,447651,3124706,3572357,6.980227900753042
1632934,447670,3124950,3572620,6.980476690419282
1632943,447672,3124970,3572642,6.980490180310585
1632950,447674,3124970,3572644,6.980458994714904
1633264,447681,3125807,3573488,6.982219482175925
1633361,447747,3125956,3573703,6.981523047613942
1633369,447750,3125966,3573716,6.98149860413177
1633380,447750,3125978,3573728,6.981525404801786
1633399,447755,3125997,3573752,6.981489877276636
1633445,447770,3126058,3573828,6.9813922326194255
1633586,447845,3126265,3574110,6.9806852817381015
1633595,447850,3126273,3574123,6.980625209333482
1633603,447857,3126285,3574142,6.980542896504911
1633627,447857,3126334,3574191,6.980652306428168
1633842,447962,3126763,3574725,6.979973747773249
1633859,447970,3126782,3574752,6.9798915105922275
1633975,448024,3127084,3575108,6.979724300483903
1634028,448029,3127173,3575202,6.979845054672801
1634124,448107,3127335,3575442,6.978991624768192
1634125,448107,3127335,3575442,6.978991624768192
1634135,448112,3127358,3575470,6.978965080158532
1634171,448132,3127450,3575582,6.978858907643284
1634204,448164,3127535,3575699,6.978550262850207
1634219,448167,3127558,3575725,6.978554869055508
1634422,448213,3127736,3575949,6.978235794142517
1634427,448215,3127748,3575963,6.9782314291132606
1634476,448227,3127823,3576050,6.978211932792982
1634575,448241,3127901,3576142,6.978167994449414
1634612,448241,3127937,3576178,6.978248308387675
1634671,448250,3128247,3576497,6.978799776910206
1634689,448259,3128270,3576529,6.978710968435659
1634735,448268,3128317,3576585,6.978675702927712
1634966,448268,3128608,3576876,6.979324868159226
1635277,448301,3129163,3577464,6.980049118784032
1635289,448307,3129177,3577484,6.979986928600267
1635297,448308,3129186,3577494,6.979991434460237
1635379,448350,3129264,3577614,6.979511542321847
1635547,448360,3129607,3577967,6.980120885003123
1635606,448368,3129668,3578036,6.980132391250045
1637684,448480,3136182,3584662,6.9929138423118085
1637722,448504,3136225,3584729,6.992635517186023
1637786,448540,3136339,3584879,6.992328443394123
1637807,448551,3136404,3584955,6.992301878716132
1637838,448572,3136511,3585083,6.9922130672445
1638150,448787,3137053,3585840,6.990071013643443
1638170,448787,3137074,3585861,6.9901178064427
1638232,448816,3137171,3585987,6.9898822680118355
1638334,448843,3137278,3586121,6.989700184697099
1638348,448849,3137322,3586171,6.989704778221629
1638370,448864,3137366,3586230,6.989569223640123
1638666,448971,3137863,3586834,6.989010426063153
1638667,448971,3137865,3586836,6.989014880693853
1638722,448983,3137987,3586970,6.9890998100150785
1638937,449076,3138370,3587446,6.988505286410318
1638954,449082,3138388,3587470,6.9884519976307224
1638974,449087,3138416,3587503,6.988436539022506
1639026,449101,3138491,3587592,6.988385686070616
1639088,449112,3138524,3587636,6.9882879994299865
1639194,449199,3138834,3588033,6.987624638523238
1639284,449210,3139089,3588299,6.988021192760624
1639302,449210,3139099,3588309,6.988043454063801
1639532,449300,3139349,3588649,6.987200089027376
1639738,449300,3139856,3589156,6.988328511017138
1640166,449308,3140755,3590063,6.990204937370356
1640264,449308,3141045,3590353,6.9908503743534505
1640289,449318,3141071,3590389,6.990752651796723
1640317,449328,3141108,3590436,6.990679414592458
1640479,449409,3141422,3590831,6.990118132925687
1640495,449415,3141460,3590875,6.990109364395937
1640526,449415,3141608,3591023,6.9904386813969275
1640566,449426,3141668,3591094,6.990401089389577
1640598,449431,3141738,3591169,6.990479072427136
1640671,449431,3141874,3591305,6.990781677276378
1640682,449435,3141890,3591325,6.990755059129796
1640695,449447,3141908,3591355,6.990608458839418
1640754,449458,3141992,3591450,6.990624263001215
1640773,449466,3142034,3591500,6.990593281805521
1640793,449479,3142064,3591543,6.990457841189466
1641003,449514,3142158,3591672,6.990122665812411
1641026,449526,3142171,3591697,6.989964985340114
1641055,449526,3142202,3591728,6.990033946868479
1641075,449535,3142245,3591780,6.989989655977844
1641109,449557,3142291,3591848,6.98974990935521
1641296,449561,3142731,3592292,6.990666450159155
1641313,449566,3142761,3592327,6.990655432127874
1641327,449566,3142787,3592353,6.990713265682903
1641371,449586,3142874,3592460,6.990595792573612
1641417,449620,3142949,3592569,6.990233975356968
1641514,449655,3143184,3592839,6.990212496247123
1641760,449770,3143643,3593413,6.989445716699646
1641793,449777,3143694,3593471,6.989450327606792
1641878,449777,3143856,3593633,6.9898105060952425
1641888,449785,3143868,3593653,6.989712862812232
1641895,449785,3143883,3593668,6.989746212079105
1641922,449788,3143913,3593701,6.989766289896574
1641941,449800,3143953,3593753,6.989668741662961
1641989,449839,3144015,3593854,6.989200580652189
1642022,449839,3144058,3593897,6.989296170407635
1642023,449841,3144070,3593911,6.989291771981656
1642103,449851,3144199,3594050,6.989423164558931
1642142,449876,3144241,3594117,6.989128115302884
1642237,449908,3144414,3594322,6.989015532064333
1642239,449908,3144419,3594327,6.989026645447514
1642606,450104,3145128,3595232,6.987558430940405
1642655,450137,3145225,3595362,6.987261655895872
1642676,450149,3145282,3595431,6.987202015332701
1642692,450156,3145357,3595513,6.9872599720985615
1642725,450165,3145477,3595642,6.987386847044973
1642745,450185,3145514,3595699,6.987158612570388
1642754,450187,3145534,3595721,6.987171997414408
1642769,450198,3145574,3595772,6.987090124789537
1642876,450249,3145730,3595979,6.986645167451788
1642929,450254,3145775,3596029,6.986667525441195
1642963,450291,3145837,3596128,6.986231126094014
1642987,450309,3145895,3596204,6.986080669051695
1642991,450311,3145898,3596209,6.986056303310379
1643032,450319,3145964,3596283,6.986078757503014
1643089,450349,3146021,3596370,6.985739948351168
1643096,450352,3146036,3596388,6.985726720432018
1643105,450352,3146052,3596404,6.985762248196966
1643115,450352,3146062,3596414,6.985784453050059
1643139,450364,3146112,3596476,6.985709337336021
1643169,450387,3146151,3596538,6.985439188964158
1643178,450389,3146176,3596565,6.98546367695481
1643247,450434,3146342,3596776,6.9851343371059915
1643308,450463,3146416,3596879,6.98484892210903
1643319,450474,3146445,3596919,6.984742737649675
1643320,450474,3146447,3596921,6.984747177417565
1643342,450490,3146483,3596973,6.984579013962574
1643351,450493,3146487,3596980,6.984541380221224
1643404,450534,3146580,3597114,6.984112186871579
1643457,450558,3146660,3597218,6.983917719805219
1643519,450558,3146715,3597273,6.984039790659582
1643639,450612,3146874,3597486,6.9835556975846185
1643661,450612,3146934,3597546,6.983688849830896
1643699,450628,3147001,3597629,6.983589568335745
1643726,450642,3147045,3597687,6.983470249111268
1643759,450646,3147075,3597721,6.983474833905105
1644024,450646,3147900,3598546,6.98530553915934
1644033,450654,3147908,3598562,6.985199288145672
1644336,450869,3148634,3599503,6.9834785713810446
1644341,450873,3148639,3599512,6.9834277058062915
1644429,450924,3148819,3599743,6.983037052807125
1644459,450924,3148849,3599773,6.983103582865406
1644503,450927,3148965,3599892,6.98331437239287
1644656,451017,3149370,3600387,6.982818829445454
1644829,451017,3149510,3600527,6.983129239030902
1644927,451065,3149631,3600696,6.982654384623059
1644952,451072,3149672,3600744,6.982636918274688
1644979,451092,3149711,3600803,6.98241378698802
1645040,451109,3149851,3600960,6.982461001664786
1645240,451274,3150296,3601570,6.980894090951395
1645410,451335,3150480,3601815,6.980358270464289
1645508,451351,3150546,3601897,6.9802570504995005
1645549,451388,3150686,3602074,6.979995037528689
1645583,451391,3150717,3602108,6.980017324226668
1645625,451404,3150791,3602195,6.979980239430754
1645641,451404,3150817,3602221,6.980037837502548
1646234,451404,3151889,3603293,6.982412650308814
1646482,451484,3152457,3603941,6.982433486015008
1646835,451657,3153151,3604808,6.981295540642567
1646883,451684,3153228,3604912,6.981048697762152
1646898,451693,3153271,3604964,6.981004797506271
1646933,451693,3153335,3605028,6.981146486662401
1646991,451693,3153372,3605065,6.981228400705789
1647041,451717,3153426,3605143,6.980977027652269
1647054,451725,3153438,3605163,6.980879960152747
1647077,451725,3153506,3605231,6.981030494216614
1647189,451754,3153661,3605415,6.980925459431461
1647240,451786,3153823,3605609,6.980789577366275
1647542,451786,3153985,3605771,6.981148154214606
1647574,451788,3154032,3605820,6.98122128077771
1647577,451789,3154035,3605824,6.9812124686524015
1647597,451796,3154096,3605892,6.981239320401243
1647785,451850,3154420,3606270,6.9811220537789085
1647980,451866,3154803,3606669,6.981722457542723
1648024,451892,3154855,3606747,6.9814358298000405
1648089,451945,3154982,3606927,6.980898118133844
1648408,451950,3155562,3607512,6.982104215068039
1649427,451950,3157067,3609017,6.985434229450161
1649462,451965,3157109,3609074,6.985295321540384
1649738,452062,3157409,3609471,6.984460096181497
1649751,452066,3157418,3609484,6.984418204421479
1649758,452066,3157423,3609489,6.984429264753377
1649792,452088,3157469,3609557,6.984191130930261
1649804,452092,3157485,3609577,6.984164727533334
1649915,452092,3157749,3609841,6.98474867947232
1649960,452092,3157886,3609978,6.985051715137627
1650031,452092,3158013,3610105,6.985332631411306
1650080,452116,3158073,3610189,6.985094533261376
1650154,452176,3158185,3610361,6.984415360390645
1650203,452191,3158267,3610458,6.984365013898994
1650260,452203,3158313,3610516,6.984281395744832
1650453,452280,3158679,3610959,6.983901565401964
1650566,452282,3159012,3611294,6.984606948762056
1650614,452292,3159105,3611397,6.984658141200817
1650657,452300,3159181,3611481,6.984702630997126
1650672,452305,3159231,3611536,6.984735963564409
1650983,452377,3159832,3612209,6.98495281590355
1651018,452383,3159839,3612222,6.984875647404964
1651089,452383,3159966,3612349,6.985156382976371
1651283,452383,3160363,3612746,6.986033957951559
1651395,452430,3160570,3613000,6.98576575381827
1651739,452436,3161692,3614128,6.988153020537712
1651781,452452,3161770,3614222,6.988078293388028
1651826,452466,3161811,3614277,6.987952685947674
1651844,452466,3161823,3614289,6.987979207277453
1651863,452476,3161849,3614325,6.9878822302177355
1651901,452476,3161897,3614373,6.987988313192302
1651966,452524,3162010,3614534,6.98749679575006
1652087,452535,3162250,3614785,6.987857292806082
1652180,452581,3162380,3614961,6.987434293529777
1652203,452599,3162436,3615035,6.9872801309768695
1652217,452606,3162462,3615068,6.98722951087701
1652251,452626,3162541,3615167,6.987095306058423
1652370,452638,3162614,3615252,6.987071346197182
1652396,452652,3162643,3615295,6.986919311082244
1652470,452674,3162981,3615655,6.987326420337815
1652650,452723,3163110,3615833,6.986855096825211
1652682,452743,3163148,3615891,6.98663038412521
1652696,452746,3163189,3615935,6.986674647594898
1652710,452746,3163215,3615961,6.986732074938265
1652769,452748,3163258,3616006,6.986796186841245
1652861,452778,3163374,3616152,6.986589454434624
1652890,452790,3163392,3616182,6.986444046909163
1653128,452800,3164382,3617182,6.988476148409894
1653294,452916,3164734,3617650,6.987463459007851
1653328,452926,3164797,3617723,6.9874482807346014
1653351,452929,3164811,3617740,6.987432908910668
1653369,452932,3164828,3617760,6.98742416080118
1653436,452965,3164985,3617950,6.987261708962061
1653469,452965,3165058,3618023,6.987422869316614
1653603,453076,3165380,3618456,6.986421704084965
1653702,453124,3165497,3618621,6.9859398310396275
1653831,453143,3165790,3618933,6.986293509995741
1653851,453147,3165844,3618991,6.986351007509704
1653869,453147,3165898,3619045,6.986470174137752
1654313,453259,3166539,3619798,6.986158024440773
1654356,453278,3166655,3619933,6.98612110007545
1655032,453486,3167119,3620605,6.9839399672757265
1655041,453488,3167134,3620622,6.983942243234661
1655054,453515,3167216,3620731,6.983707264368323
1655189,453618,3167469,3621087,6.982679258759573
1655196,453621,3167477,3621098,6.982650715024216
1655216,453621,3167498,3621119,6.982697009177265
1655498,453621,3167825,3621446,6.983417875274734
1655534,453621,3167866,3621487,6.983508259097352
1655845,453798,3168265,3622063,6.981663647702281
1657620,454511,3170631,3625142,6.975916974506668
1657654,454524,3170657,3625181,6.9757746565637895
1657770,454524,3170841,3625365,6.976179475671252
1657801,454531,3170874,3625405,6.976144641399596
1657830,454542,3170939,3625481,6.9761188185030205
1657899,454607,3171099,3625706,6.975473320912348
1658047,454636,3171505,3626141,6.975921396457825
1658110,454671,3171624,3626295,6.97564612653985
1658117,454673,3171632,3626305,6.975633037369714
1658122,454673,3171639,3626312,6.975648433049686
1658439,454753,3171880,3626633,6.974951237265064
1658629,454753,3172450,3627203,6.976204664949984
1658665,454767,3172508,3627275,6.976117440359569
1658670,454773,3172524,3627297,6.976060584071614
1658703,454783,3172582,3627365,6.976034724253105
1658781,454783,3172834,3627617,6.976588834674999
1658804,454787,3172872,3627659,6.976611028899243
1659044,454961,3173260,3628221,6.974795641824245
1659046,454961,3173262,3628223,6.974800037805438
1659175,455021,3173415,3628436,6.974216574619633
1659282,455070,3173544,3628614,6.973749093546048
1659472,455147,3173845,3628992,6.973230626588772
1659509,455154,3173891,3629045,6.9732244471102085
1659604,455205,3174079,3629284,6.972856185674586
1659612,455205,3174079,3629284,6.972856185674586
1659638,455216,3174105,3629321,6.972744806860919
1659654,455216,3174105,3629321,6.972744806860919
1659723,455266,3174267,3629533,6.97233485478819
1659993,455315,3174808,3630123,6.972772695825967
1660002,455317,3174828,3630145,6.972785993055388
1660013,455318,3174850,3630168,6.972818996832983
1660036,455327,3174872,3630199,6.972729488916756
1660060,455332,3174910,3630242,6.972736376973286
1660112,455342,3174975,3630317,6.972725994966421
1660129,455343,3174986,3630329,6.9727348394507
1660193,455373,3175262,3630635,6.972881571810362
1660264,455382,3175425,3630807,6.973101703624649
1660272,455384,3175432,3630816,6.973086450116824
1660279,455387,3175454,3630841,6.9730888233524455
1660294,455392,3175487,3630879,6.973084727004427
1660358,455424,3175674,3631098,6.973005375210793
1660604,455427,3176105,3631532,6.973905807077753
1660633,455434,3176158,3631592,6.973914990975641
1660649,455434,3176184,3631618,6.973972079379229
1660781,455499,3176458,3631957,6.973578427175472
1660834,455499,3176534,3632033,6.973745277157579
1660867,455516,3176586,3632102,6.973599171049974
1660914,455523,3176663,3632186,6.973661044557574
1660969,455526,3176702,3632228,6.973700732779249
1661065,455568,3176846,3632414,6.973373898078882
1661084,455580,3176902,3632482,6.973313139294965
1661177,455580,3177054,3632634,6.973646779928882
1661257,455608,3177192,3632800,6.973521097083458
1661363,455649,3177336,3632985,6.973209641632046
1661383,455656,3177398,3633054,6.973238583492811
1661399,455656,3177424,3633080,6.973295644082378
1661446,455665,3177449,3633114,6.973212776930421
1661472,455671,3177486,3633157,6.973202156819284
1661482,455671,3177512,3633183,6.973259215530503
1661493,455671,3177522,3633193,6.973281161188664
1661532,455677,3177584,3633261,6.9733254037399295
1662048,455687,3178803,3634490,6.975847456697251
1662079,455689,3178856,3634545,6.975933147387802
1662095,455698,3178871,3634569,6.975828289788413
1662128,455698,3178873,3634571,6.97583267865999
1662135,455700,3178874,3634574,6.975804257186746
1662260,455760,3179014,3634774,6.97519308407934
1662309,455771,3179069,3634840,6.975145412937637
1662324,455771,3179095,3634866,6.975202459129695
1662335,455773,3179112,3634885,6.975209150169054
1662345,455773,3179122,3634895,6.975231090915873
1662594,455773,3179458,3635231,6.975968300008995
1662667,455776,3179479,3635255,6.975968458189988
1662696,455784,3179528,3635312,6.975953521843681
1662815,455892,3179839,3635731,6.974983110034833
1662826,455900,3179868,3635768,6.97492432550998
1662832,455900,3179879,3635779,6.974948453608247
1662905,455900,3180001,3635901,6.975216056152665
1662978,455914,3180117,3636031,6.9752562983369675
1662991,455916,3180135,3636051,6.975265180427973
1662994,455916,3180144,3636060,6.975284920906483
1663164,455925,3181123,3637048,6.977294511158633
1663220,455946,3181182,3637128,6.977102551617954
1663222,455946,3181187,3637133,6.977113517828866
1663241,455963,3181214,3637177,6.9769126003645034
1663521,455963,3181677,3637640,6.977928033634308
1663597,455988,3181789,3637777,6.977791082221462
1663611,455996,3181803,3637799,6.97769936578391
1663651,455996,3181882,3637878,6.977872612917658
1663656,455997,3181886,3637883,6.977866082452297
1663696,455997,3181986,3637983,6.978085382140672
1663720,456001,3182003,3638004,6.978061451619624
1664669,456061,3184286,3640347,6.982149317744775
1664698,456063,3184301,3640364,6.982151588705946
1664761,456063,3184428,3640491,6.982430059005006
1664779,456063,3184455,3640518,6.98248926135205
1665430,456286,3185139,3641425,6.980575779226187
1666043,456292,3186230,3642522,6.982875001095789
1666128,456337,3186369,3642706,6.982491009933448
1666307,456412,3186501,3642913,6.981632822975732
1666328,456412,3186530,3642942,6.981696362058842
1666338,456421,3186552,3642973,6.981606893635481
1666347,456423,3186572,3642995,6.9816201199326064
1666359,456434,3186601,3643035,6.981515399816841
1666370,456442,3186625,3643067,6.981445616310506
1666470,456442,3186726,3643168,6.981666893055416
1666555,456442,3186923,3643365,6.982098492250932
1666594,456442,3187063,3643505,6.9824052124914004
1666609,456452,3187089,3643541,6.982309202281948
1666786,456452,3187356,3643808,6.982894148782347
1666861,456488,3187493,3643981,6.982643574420357
1666951,456525,3187756,3644281,6.982653742949455
1667010,456525,3187877,3644402,6.982918788675319
1667112,456541,3187969,3644510,6.982875579630307
1667143,456552,3188029,3644581,6.982838756592896
1667209,456587,3188146,3644733,6.982559731223184
1667279,456609,3188190,3644799,6.982319665183998
1667311,456614,3188227,3644841,6.982324238853824
1667354,456624,3188348,3644972,6.982436315217772
1667596,456693,3188759,3645452,6.982281313705268
1667610,456700,3188768,3645468,6.982194000437924
1667624,456703,3188779,3645482,6.982172221334215
1667626,456703,3188784,3645487,6.982183169368277
1667670,456738,3188867,3645605,6.981829845556971
1667689,456748,3188887,3645635,6.9817207738183855
1667810,456780,3188971,3645751,6.981415561101624
1667856,456780,3189083,3645863,6.981660755724857
1667862,456781,3189102,3645883,6.98168706666871
1667871,456783,3189117,3645900,6.981689336074241
1667916,456787,3189154,3645941,6.981709199254795
1668084,456839,3189306,3646145,6.981247222763381
1668116,456839,3189354,3646193,6.981352292601989
1668125,456839,3189359,3646198,6.9813632373768435
1668432,456847,3189923,3646770,6.982475533384262
1668553,456847,3190137,3646984,6.9829439615451125
1668603,456847,3190221,3647068,6.98312783054283
1668629,456860,3190248,3647108,6.982988223963577
1668811,456860,3190654,3647514,6.983876898831152
1668822,456863,3190678,3647541,6.983883571223759
1668847,456897,3190729,3647626,6.983475487910842
1669009,456897,3191055,3647952,6.984188996644758
1669380,457063,3191632,3648695,6.982914827934005
1669397,457066,3191659,3648725,6.982928067281311
1669459,457070,3191802,3648872,6.9831798192836985
1669517,457100,3191921,3649021,6.982981842047692
1669528,457100,3191931,3649031,6.983003719098665
1669533,457102,3191948,3649050,6.983010356550617
1669582,457112,3192045,3649157,6.983069794711143
1669776,457177,3192310,3649487,6.982656607834603
1669850,457222,3192481,3649703,6.982343369304189
1669942,457222,3192481,3649703,6.982343369304189
1669977,457232,3192524,3649756,6.982284704482626
1670016,457246,3192632,3649878,6.982307116956736
1670034,457247,3192667,3649914,6.982368391700765
1670062,457254,3192695,3649949,6.982322735284984
1671189,457705,3195562,3653267,6.981706557717307
1671200,457709,3195572,3653281,6.981667391290099
1671287,457732,3195701,3653433,6.981598402558703
1671315,457740,3195757,3653497,6.981598724166558
1671320,457742,3195765,3653507,6.981585696746202
1671368,457760,3195882,3653642,6.98156675987417
1671513,457760,3196132,3653892,6.982112897588256
1671516,457760,3196141,3653901,6.982132558545963
1671956,457880,3196453,3654333,6.980984100637722
1671983,457903,3196494,3654397,6.980722991550612
1672021,457927,3196566,3654493,6.98051436145936
1672049,457940,3196610,3654550,6.980412281084858
1672277,457940,3197084,3655024,6.9814473511813775
1672297,457940,3197121,3655061,6.981528147792287
1672350,457973,3197215,3655188,6.981230334539372
1672373,457980,3197230,3655210,6.981156382374776
1672818,457980,3197889,3655869,6.982595309838858
1672854,457980,3197964,3655944,6.982759072448578
1673020,458042,3198321,3656363,6.982593299304431
1673031,458048,3198335,3656383,6.982532398351265
1675268,458082,3209249,3667331,7.0058395658419235
1675280,458086,3209268,3667354,7.005819867885069
1675308,458097,3209344,3667441,7.005817545192394
1675309,458097,3209350,3667447,7.005830642855116
1675349,458097,3209450,3667547,7.0060489372338175
1675392,458120,3209492,3667612,7.005788876276958
1675450,458125,3209581,3667706,7.005906684856753
1675490,458144,3209642,3667786,7.005749284067892
1675768,458144,3209661,3667805,7.005790755744918
1675777,458153,3209672,3667825,7.005677142788544
1675863,458213,3209803,3668016,7.005045688358908
1675927,458236,3209943,3668179,7.004999607189308
1676004,458239,3210010,3668249,7.005099958755148
1676059,458261,3210091,3668352,7.004940416051115
1676293,458383,3210487,3668870,7.003939936690497
1676301,458388,3210500,3668888,7.003891899438903
1676334,458409,3210546,3668955,7.003671393886246
1676362,458409,3210588,3668997,7.003763015124049
1676415,458421,3210722,3669143,7.003871986667278
1677242,458727,3212200,3670927,7.002421919791074
1677672,458795,3212872,3671667,7.002848766878453
1678136,458795,3213729,3672524,7.004716703538618
1678140,458800,3213740,3672540,7.004664341761116
1678238,458800,3213862,3672662,7.0049302528334785
1678252,458806,3213883,3672689,7.004884417379023
1678325,458806,3213883,3672689,7.004884417379023
1678658,458806,3214632,3673438,7.006516915646264
1678858,458806,3214632,3673438,7.006516915646264
1678876,458813,3214644,3673457,7.006436173342952
1678900,458825,3214671,3673496,7.006311774641748
1678943,458859,3214761,3673620,7.005988767791413
1679075,458929,3215064,3673993,7.005580383893805
1679201,458967,3215309,3674276,7.005534166944464
1679236,458967,3215392,3674359,7.005715007832807
1679297,458967,3215510,3674477,7.005972106927078
1679585,458976,3217294,3676270,7.009721641218713
1679653,458976,3217510,3676486,7.010192254061215
1679661,458976,3217510,3676486,7.010192254061215
1679672,458976,3217518,3676494,7.010209684166492
1679695,458979,3217557,3676536,7.010248834914016
1679736,459002,3217615,3676617,7.010023921464395
1679750,459008,3217622,3676630,7.009947539040714
1679817,459023,3217661,3676684,7.0098034303292
1679833,459023,3217661,3676684,7.0098034303292
1679916,459048,3217773,3676821,7.0096656558791235
1680176,459048,3218494,3677542,7.011236297729213
1680525,459133,3218866,3677999,7.010748519492173
1680609,459133,3219116,3678249,7.011293024025718
1680648,459139,3219224,3678363,7.01143662376753
1680667,459146,3219252,3678398,7.011390712322442
1680671,459152,3219257,3678409,7.0113099801372964
1680869,459152,3219436,3678588,7.011699829250444
1680915,459171,3219519,3678690,7.011590453229842
1680940,459180,3219557,3678737,7.011535781175138
1680979,459187,3219583,3678770,7.011485516793812
1680988,459190,3219600,3678790,7.011476730765043
1681250,459360,3220237,3679597,7.010268634622083
1681435,459384,3220387,3679771,7.0102289152430215
1681462,459386,3220424,3679810,7.0102789375383665
1681607,459493,3220780,3680273,7.0094212534249705
1681638,459495,3220838,3680333,7.0095169697167545
1681819,459504,3221889,3681393,7.011666927817821
1681835,459527,3221945,3681472,7.011437848048102
1681984,459663,3222228,3681891,7.009979049869143
1682050,459710,3222404,3682114,7.009645211111353
1682057,459714,3222422,3682136,7.009623374532862
1682075,459721,3222439,3682160,7.009553620565517
1682697,460219,3223866,3684085,7.005069325690595
1683535,460664,3225194,3685858,7.001185245645416
1683720,460664,3225516,3686180,7.001884236667072
1683723,460664,3225525,3686189,7.001903773683205
1683738,460669,3225542,3686211,7.001864679411899
1684476,460672,3226372,3687044,7.003620797443735
1684572,460672,3226471,3687143,7.003835700889136
1684833,460886,3226954,3687840,7.001631639928312
1684888,460900,3226994,3687894,7.001505749620308
1685096,460927,3227504,3688431,7.002202084061033
1685818,461316,3228553,3689869,6.99857147811912
1685819,461316,3228555,3689871,6.998575813542128
1686235,461316,3229297,3690613,7.000184255477807
1686557,461455,3229994,3691449,6.99958609181827
1686900,461455,3230576,3692031,7.0008473198903465
1686921,461468,3230593,3692061,7.0006869382059
1686930,461472,3230604,3692076,7.000650093613481
1687951,461996,3232537,3694533,6.996893912501407
1688494,462136,3233025,3695161,6.995830231793239
1688550,462144,3233087,3695231,6.995843286940867
1688707,462183,3233400,3695583,6.995930183498744
1688777,462194,3233478,3695672,6.995932443952107
1688827,462205,3233516,3695721,6.9958481626118285
1688851,462214,3233568,3695782,6.995824444954069
1688878,462214,3233618,3695832,6.9959326199552585
1688932,462247,3233727,3695974,6.995668982167542
1688961,462259,3233747,3696006,6.995530644076156
1689205,462399,3234101,3696500,6.994178188101618
1689231,462409,3234128,3696537,6.9940853227337705
1689243,462416,3234147,3696563,6.994020535621605
1689398,462416,3234468,3696884,6.99471471575378
1689406,462416,3234468,3696884,6.99471471575378
1689431,462418,3234506,3696924,6.994766639706932
1689465,462418,3234529,3696947,6.994816378255171
1689477,462427,3234571,3696998,6.994771066568345
1689740,462512,3234873,3697385,6.99413853045975
1689803,462526,3234984,3697510,6.994166814406109
1689805,462526,3234990,3697516,6.994179786649831
1689837,462526,3235021,3697547,6.994246809909065
1689839,462526,3235026,3697552,6.994257620112166
1689918,462566,3235152,3697718,6.993925191215956
1689957,462566,3235175,3697741,6.993974913850131
1690027,462571,3235274,3697845,6.994113336114888
1690101,462571,3235406,3697977,6.994398697713432
1690120,462582,3235440,3698022,6.994305874417941
1690141,462601,3235477,3698078,6.9940985860385085
1690428,462605,3248673,3711278,7.022563526118395
1690448,462612,3248686,3711298,7.022485365706034
1690499,462633,3248796,3711429,7.02240436804119
1690520,462633,3248821,3711454,7.02245840655552
1690541,462639,3248855,3711494,7.022440823190435
1690570,462639,3248882,3711521,7.022499184029016
1690745,462718,3249186,3711904,7.02195721800319
1690767,462718,3249230,3711948,7.0220523083173765
1690898,462784,3249483,3712267,7.021597548748444
1690939,462810,3249547,3712357,7.021341371189041
1690986,462821,3249577,3712398,7.021239312822884
1691022,462830,3249603,3712433,7.021158956852408
1691081,462838,3249704,3712542,7.021255817370225
1691136,462853,3249758,3712611,7.021144942346706
1691152,462871,3249807,3712678,7.020977767023641
1691179,462871,3249839,3712710,7.0210469007563665
1691220,462898,3249888,3712786,7.0207432306901305
1691282,462898,3249952,3712850,7.02088149009069
1691374,462934,3250136,3713070,7.020732977055045
1691671,463166,3251071,3714237,7.019235004296516
1691680,463173,3251097,3714270,7.019185056123738
1691685,463173,3251119,3714292,7.019232554574641
1691713,463173,3251161,3714334,7.019323233435455
1691726,463179,3251190,3714369,7.019294916220295
1691817,463251,3251457,3714708,7.018780315638822
1691993,463357,3251919,3715276,7.018171733674035
1692035,463370,3251963,3715333,7.018069793037961
1692080,463402,3252020,3715422,7.017708166991079
1692111,463409,3252099,3715508,7.017772637130483
1692165,463409,3252268,3715677,7.018137325774855
1692200,463417,3252345,3715762,7.018182328227061
1692547,463677,3253094,3716771,7.0158623352031695
1692561,463681,3253127,3716808,7.015872981640395
1692655,463681,3253296,3716977,7.016237456354692
1692923,463681,3254016,3717697,7.0177902480369045
1692945,463681,3254031,3717712,7.017822597863617
1692966,463688,3254048,3717736,7.017753316885492
1693032,463752,3254195,3717947,7.017101813038003
1693320,463849,3255041,3718890,7.017458267669005
1693391,463878,3255180,3719058,7.017319208929934
1693412,463878,3255212,3719090,7.017388192585119
1693440,463886,3255240,3719126,7.017327533057691
1693484,463890,3255335,3719225,7.0174718144387676
1693529,463902,3255381,3719283,7.017389448633548
1693721,463928,3255815,3719743,7.017931661809591
1693769,463929,3255833,3719762,7.017955333682525
1693840,463941,3255964,3719905,7.0180561752464214
1693858,463955,3255982,3719937,7.017883199879298
1693908,463962,3256020,3719982,7.017859221229325
1693925,463969,3256037,3720006,7.017789981658257
1694237,464133,3256531,3720664,7.016374616758559
1694366,464133,3256718,3720851,7.016777518513012
1694548,464238,3257088,3721326,7.015987489175811
1694555,464246,3257094,3721340,7.015879512155194
1694567,464252,3257115,3721367,7.015834072874215
1694763,464252,3257443,3721695,7.0165405857163785
1694767,464252,3257445,3721697,7.016544893721513
1694796,464268,3257484,3721752,7.016387086768849
1694818,464276,3257527,3721803,7.016358803814972
1694836,464289,3257567,3721856,7.016248500395228
1694910,464305,3257704,3722009,7.016301784387418
1695031,464305,3257848,3722153,7.0166119253507935
1695080,464341,3257978,3722319,7.016347899496275
1695145,464341,3258056,3722397,7.016515879493734
1695214,464341,3258168,3722509,7.016757081541368
1695337,464452,3258565,3723017,7.015934908235943
1695353,464469,3258610,3723079,7.015775003283319
1695395,464482,3258663,3723145,7.015692750203453
1695399,464482,3258672,3723154,7.015712126627081
1695410,464482,3258687,3723169,7.015744420666463
1695429,464492,3258719,3723211,7.015662271901346
1695462,464499,3258785,3723284,7.015698634442701
1695618,464540,3258977,3723517,7.015492745511689
1695618,464540,3258977,3723517,7.015492745511689
1695730,464540,3259231,3723771,7.016039522968959
1695815,464542,3259459,3724001,7.016500122701499
1695880,464586,3259582,3724168,7.016100356015894
1696117,464623,3259783,3724406,7.015974241481803
1696152,464639,3259831,3724470,7.015835950060154
1696187,464653,3259876,3724529,7.015721409309743
1696241,464686,3260003,3724689,7.015496485799012
1696433,464804,3260277,3725081,7.014304954346348
1696513,464828,3260328,3725156,7.01405250974554
1696524,464835,3260349,3725184,7.013992061699312
1696545,464840,3260368,3725208,7.0139574907495055
1696583,464859,3260427,3725286,7.013797732215575
1696603,464860,3260469,3725329,7.013872994019705
1696613,464865,3260496,3725361,7.013855635507083
1696619,464865,3260510,3725375,7.013885751777398
1696681,464865,3260574,3725439,7.014023426155981
1696718,464885,3260639,3725524,7.013861492627209
1696864,464897,3261028,3725925,7.014517194131173
1696875,464897,3261038,3725935,7.014538704272129
1696930,464925,3261126,3726051,7.014305533150508
1696940,464925,3261142,3726067,7.014339947303329
1696977,464946,3261219,3726165,7.014188744499362
1697027,464976,3261303,3726279,7.013916847321152
1697117,465007,3261402,3726409,7.013662159924475
1697146,465019,3261437,3726456,7.013556435328449
1697176,465022,3261480,3726502,7.013603657461368
1697196,465022,3261518,3726540,7.013685374025315
1697199,465024,3261521,3726545,7.013661660473438
1697244,465065,3261616,3726681,7.013247610549063
1697280,465071,3261686,3726757,7.01330764549929
1697289,465075,3261715,3726790,7.01330968123421
1697311,465080,3261726,3726806,7.013257934118862
1697331,465080,3261741,3726821,7.013290186634557
1697378,465085,3261821,3726906,7.013386800262317
1697398,465093,3261846,3726939,7.013319916661829
1697561,465163,3262072,3727235,7.012750369225412
1697584,465163,3262100,3727263,7.012810563178928
1697630,465186,3262137,3727323,7.012543369748875
1697849,465275,3262436,3727711,7.011844608027511
1698019,465300,3262594,3727894,7.011807436062755
1698178,465306,3262856,3728162,7.0122800909509015
1698184,465306,3262856,3728162,7.0122800909509015
1698592,465598,3263599,3729197,7.009478133497137
1698649,465608,3263686,3729294,7.009514441332623
1698692,465637,3263770,3729407,7.009258284887155
1698696,465638,3263774,3729412,7.009251822231003
1698875,465740,3264266,3730006,7.008773135225662
1698983,465826,3264514,3730340,7.008011575137497
1699034,465826,3264540,3730366,7.0080673899696455
1699098,465884,3264640,3730524,7.007409569764147
1699189,465884,3264899,3730783,7.007965502142164
1699255,465927,3265041,3730968,7.007623511837691
1699318,465944,3265105,3731049,7.00750519375719
1699329,465956,3265149,3731105,7.007419155456739
1699381,465988,3265294,3731282,7.007249113711083
1699452,466035,3265510,3731545,7.007005911573165
1699461,466043,3265545,3731588,7.006960731091337
1699669,466167,3266001,3732168,7.0060750760993376
1699692,466175,3266061,3732236,7.0060835523140454
1699740,466209,3266122,3732331,7.005703450598337
1699938,466209,3266462,3732671,7.006432737248745
1699980,466209,3266511,3732720,7.006537840324833
1700159,466227,3266701,3732928,7.006674860100337
1700274,466227,3266959,3733186,7.0072282386047995
1700474,466304,3267361,3733665,7.006933245264891
1700484,466308,3267371,3733679,7.006894584695094
1700545,466346,3267491,3733837,7.0065809506246435
1700693,466458,3267748,3734206,7.005449579597735
1700731,466462,3267769,3734231,7.005434526285099
1700785,466462,3267888,3734350,7.005689638169883
1700837,466485,3267969,3734454,7.005517862310685
1700873,466501,3268013,3734514,7.005371907026994
1700894,466501,3268043,3734544,7.005436215570813
1700927,466507,3268052,3734559,7.005365407164309
1700937,466507,3268068,3734575,7.005399704613221
1701157,466595,3268285,3734880,7.004543554903075
1701160,466595,3268294,3734889,7.004562843579549
1701180,466602,3268322,3734924,7.004517768890832
1701226,466602,3268465,3735067,7.00482423993039
1701244,466602,3268497,3735099,7.004892820862319
1701275,466609,3268514,3735123,7.004824167557849
1701398,466626,3269112,3735738,7.005850509830142
1701622,466662,3269594,3736256,7.006342920572063
1701669,466662,3269794,3736456,7.006771496286391
1701707,466672,3269866,3736538,7.006775636849865
1701748,466683,3269920,3736603,7.006726193154668
1701804,466686,3269961,3736647,7.006769005284067
1701837,466691,3269990,3736681,7.006756076290308
1701846,466693,3270010,3736703,7.0067689037547165
1701884,466715,3270070,3736785,7.0065671769709565
1701905,466719,3270087,3736806,7.00654355190168
1710133,466719,3294772,3761491,7.059434049181627
1710158,466740,3294807,3761547,7.0591914127779924
1710216,466745,3294892,3761637,7.059297903566187
1710344,466823,3295133,3761956,7.058634643108844
1710397,466838,3295271,3762109,7.05870344744858
1710438,466852,3295359,3762211,7.058680266979685
1710459,466857,3295370,3762227,7.058628230914391
1710677,466950,3295697,3762647,7.057922689795482
1710710,466958,3295764,3762722,7.057945254177035
1710752,466981,3295826,3762807,7.057730400166173
1711074,466998,3296490,3763488,7.058895327174849
1711084,466998,3296506,3763504,7.058929588563548
1711136,466998,3296546,3763544,7.059015242035298
1711151,466998,3296558,3763556,7.059040938076823
1711314,467070,3296756,3763826,7.058376688719036
1711345,467076,3296831,3763907,7.05844659113292
1711350,467077,3296853,3763930,7.05847858061947
1711364,467085,3296882,3763967,7.058419773702859
1711542,467174,3297173,3764347,7.05769798832983
1711609,467222,3297390,3764612,7.057437363822765
1711879,467358,3297648,3765006,7.055935706674541
1711909,467374,3297757,3765131,7.055927372939017
1711929,467383,3297793,3765176,7.055868527524535
1712039,467383,3297951,3765334,7.056206580042492
1712280,467538,3298439,3765977,7.054911044663749
1712416,467538,3298807,3766345,7.055698146460823
1712534,467600,3298986,3766586,7.055145423438836
1712542,467602,3299004,3766606,7.055153741857391
1712580,467628,3299073,3766701,7.054909030254818
1713032,467660,3300401,3768061,7.057265962451353
1713083,467660,3300525,3768185,7.0575311123465765
1713088,467660,3300527,3768187,7.05753538895779
1713179,467662,3300794,3768456,7.0580761319072325
1713362,467662,3301160,3768822,7.058858748412315
1713418,467688,3301200,3768888,7.058551855082876
1714601,467858,3303091,3770949,7.060028897656982
1714650,467858,3303200,3771058,7.060261874329391
1714669,467858,3303222,3771080,7.060308897144005
1716018,467858,3304197,3772055,7.062392862791702
1716059,467872,3304226,3772098,7.0622435195951025
1716078,467879,3304262,3772141,7.062214803400025
1716094,467879,3304288,3772167,7.062270373323018
1716099,467882,3304299,3772181,7.062248601143024
1716147,467902,3304387,3772289,7.0621348060063855
1716177,467902,3304407,3772309,7.062177549999786
1716288,467902,3304623,3772525,7.06263918512851
1716351,467915,3304646,3772561,7.062492119295171
1716396,467936,3304743,3772679,7.062382462558983
1716413,467936,3304747,3772683,7.062391010736511
1716792,468141,3305481,3773622,7.060866277467686
1716825,468146,3305510,3773656,7.0608528108752395
1716832,468149,3305521,3773670,7.060831060196647
1716863,468160,3305550,3773710,7.060727101845523
1717000,468198,3305776,3773974,7.060636739157365
1717098,468251,3305909,3774160,7.060121601448795
1717143,468269,3305974,3774243,7.059989023403215
1717170,468284,3306005,3774289,7.059829078080822
1717197,468300,3306093,3774393,7.059775784753363
1717219,468311,3306133,3774444,7.0596953733736765
1717299,468311,3306227,3774538,7.059896094689213
1717564,468311,3307052,3775363,7.061657744533013
1717592,468324,3307107,3775431,7.061579163143465
1717614,468324,3307157,3775481,7.061685926836976
1717835,468324,3307716,3776040,7.062879544930433
1718043,468347,3307814,3776161,7.062741941338366
1718238,468365,3307903,3776268,7.06266053185016
1718250,468371,3307918,3776289,7.062602082537134
1718450,468371,3308358,3776729,7.063541508761217
1718534,468399,3308524,3776923,7.063473662411747
1718550,468405,3308536,3776941,7.063408802211761
1718576,468414,3308591,3777005,7.063390504980637
1719206,468470,3309416,3777886,7.064307212841804
1719282,468499,3309591,3778090,7.064243466901743
1719333,468517,3309768,3778285,7.064349852833515
1719347,468521,3309784,3778305,7.0643236909338105
1719351,468521,3309786,3778307,7.064327959685905
1719405,468552,3309931,3778483,7.064170038757704
1719454,468559,3310031,3778590,7.064277924444947
1719494,468573,3310081,3778654,7.06417356527158
1719835,468573,3310423,3778996,7.064903440872607
1720146,468616,3310723,3779339,7.064895351417792
1720563,468853,3311516,3780369,7.063015486730382
1720658,468904,3311674,3780578,7.0625842389913505
1720760,468904,3312020,3780924,7.0633221299029225
1720772,468912,3312046,3780958,7.063257071689358
1720793,468922,3312118,3781040,7.06325998780181
1720829,468938,3312212,3781150,7.06321944478801
1720844,468938,3312243,3781181,7.063285551608102
1720874,468946,3312299,3781245,7.063284471986114
1720992,469005,3312564,3781569,7.062960949243611
1721076,469005,3312873,3781878,7.063619790833786
1721263,469075,3313359,3782434,7.063601769439855
1721272,469075,3313359,3782434,7.063601769439855
1721306,469086,3313429,3782515,7.063585355350618
1721345,469086,3313429,3782515,7.063585355350618
1722514,469086,3315955,3785041,7.068970295425572
1722579,469118,3316136,3785254,7.068873929373846
1722602,469118,3316181,3785299,7.068969854066568
1722732,469118,3316567,3785685,7.069792674764132
1722747,469130,3316584,3785714,7.0696480719629955
1722791,469138,3316637,3785775,7.0696404895787595
1722828,469167,3316739,3785906,7.069420909825286
1722863,469170,3316823,3785993,7.069554745614596
1722899,469197,3316874,3786071,7.069256623550449
1722967,469228,3317036,3786264,7.069134834238366
1723004,469241,3317130,3786371,7.0691393122084385
1723122,469326,3317442,3786768,7.06852379795707
1723197,469346,3317557,3786903,7.06846761237978
1723239,469346,3317621,3786967,7.068603972335974
1723254,469352,3317650,3787002,7.068575397569415
1723279,469369,3317671,3787040,7.06836412289691
1723315,469389,3317775,3787164,7.068284514549766
1723359,469412,3317872,3787284,7.06814482799758
1723366,469412,3317889,3787301,7.068181043518274
1723415,469414,3317931,3787345,7.068240401862748
1723575,469414,3318297,3787711,7.069020097398033
1723664,469414,3318560,3787974,7.069580370419288
1723689,469414,3318603,3788017,7.069671973993106
1723742,469448,3318658,3788106,7.069277108433735
1723894,469482,3319018,3788500,7.06953195223672
1723913,469493,3319043,3788536,7.069419565360932
1724175,469493,3319375,3788868,7.070126711154373
1724204,469507,3319420,3788927,7.070011735714271
1724275,469510,3319544,3789054,7.0702306660135035
1724287,469517,3319563,3789080,7.07016572349883
1724301,469522,3319578,3789100,7.070122379781991
1724317,469522,3319603,3789125,7.070175625423303
1724381,469541,3319742,3789283,7.070185564199932
1724441,469568,3319811,3789379,7.069925974512744
1724461,469579,3319853,3789432,7.069849801630823
1724495,469592,3319884,3789476,7.069720097446294
1726625,469592,3328481,3798073,7.08802747917341
1726717,469592,3328536,3798128,7.088144602122694
1726877,469609,3328584,3798193,7.087990221652481
1726930,469612,3328667,3798279,7.088121683432281
1726987,469616,3328822,3798438,7.08839136656332
1727081,469633,3329012,3798645,7.088539348810667
1727114,469638,3329028,3798666,7.088497949484497
1727145,469648,3329103,3798751,7.088506711409396
1727383,469648,3329916,3799564,7.090237795114639
1727418,469651,3329947,3799598,7.090258511107184
1727824,469789,3330589,3800378,7.089542326448682
1727875,469804,3330684,3800488,7.089518182050387
1727891,469814,3330703,3800517,7.089407723056358
1727904,469814,3330707,3800521,7.08941623706403
1727930,469825,3330743,3800568,7.089326877028681
1727964,469850,3330810,3800660,7.0890922634883475
1727990,469859,3330844,3800703,7.089028836310468
1728008,469867,3330864,3800731,7.088950703071295
1728040,469871,3330903,3800774,7.088973356517002
1728128,469955,3331105,3801060,7.088136098137055
1728183,469967,3331201,3801168,7.088159381403375
1728425,469967,3331374,3801341,7.088527492355846
1728449,469978,3331418,3801396,7.088455204286158
1728578,470029,3331558,3801587,7.087983932906267
1729504,470029,3333480,3803509,7.092073042301645
1729512,470036,3333500,3803536,7.092009973704142
1729536,470047,3333531,3803578,7.091909957940376
1729544,470056,3333556,3803612,7.091827356740473
1729548,470056,3333563,3803619,7.091842248583148
1729630,470118,3333752,3803870,7.091308990508766
1729653,470125,3333793,3803918,7.091290614198352
1729654,470125,3333795,3803920,7.0912948683860675
1729758,470166,3333904,3804070,7.090908317487866
1729796,470181,3333946,3804127,7.090771426323054
1730623,470392,3336098,3806490,7.092165683089848
1731221,470418,3336781,3807199,7.093225599360569
1731231,470418,3336797,3807215,7.09325961166452
1731253,470418,3336802,3807220,7.093270240509504
1731302,470437,3336872,3807309,7.093132555475016
1732136,470473,3338672,3809145,7.09641573480306
1732139,470473,3338681,3809154,7.096434864487441
1732148,470476,3338688,3809164,7.096404492471454
1732189,470511,3338785,3809296,7.096082769584558
1732395,470590,3339356,3809946,7.096104889606664
1732422,470591,3339412,3810003,7.096208809773243
1732649,470639,3339639,3810278,7.095967397516993
1733131,470706,3340593,3811299,7.096984104727792
1733178,470713,3340621,3811334,7.09693804929968
1733271,470716,3340824,3811540,7.097324076513226
1733304,470716,3340873,3811589,7.097428173250963
1733375,470716,3341000,3811716,7.097697974999788
1733408,470721,3341016,3811737,7.097656573639162
1733441,470744,3341085,3811829,7.097456366942542
1733488,470751,3341144,3811895,7.09747616043301
1733679,470839,3341422,3812261,7.09674007463273
1733751,470855,3341508,3812363,7.09668156863578
1733902,470898,3341705,3812603,7.096451885546339
1733932,470906,3341736,3812642,7.096397157819182
1733964,470913,3341811,3812724,7.096450936797242
1734049,470917,3345314,3816231,7.1038293372292785
1734094,470939,3345377,3816316,7.103631255852669
1734399,470941,3346285,3817226,7.105529142716391
1734504,470992,3346477,3817469,7.105167391378197
1734526,470996,3346490,3817486,7.10513465082506
1734608,471033,3346584,3817617,7.104776098489915
1734652,471047,3346711,3817758,7.104834549418635
1734675,471059,3346786,3817845,7.104812772922288
1734805,471059,3347172,3818231,7.105632203184739
1734815,471059,3347189,3818248,7.105668292082308
1734900,471151,3347363,3818514,7.104650101559797
1734913,471158,3347386,3818544,7.10459336358504
1734935,471170,3347405,3818575,7.104452745293631
1735107,471184,3347693,3818877,7.104852881252334
1735326,471219,3347879,3819098,7.104719886082692
1735353,471228,3347925,3819153,7.104681810079198
1735361,471228,3347943,3819171,7.104720008148922
1735394,471228,3347980,3819208,7.104798526403354
1735403,471230,3347995,3819225,7.104800203722174
1735434,471232,3348053,3819285,7.1048931311965235
1735437,471234,3348056,3819290,7.104869343044008
1735445,471234,3348073,3819307,7.104905418539409
1735474,471249,3348117,3819366,7.104772636122305
1735911,471292,3348888,3820180,7.105760335418382
1736018,471342,3349072,3820414,7.105396930466625
1736043,471346,3349118,3820464,7.105434224539935
1736478,471361,3349526,3820887,7.106073688743871
1736511,471374,3349563,3820937,7.105956204627324
1736516,471374,3349589,3820963,7.10601136252742
1736524,471374,3349604,3820978,7.10604318439286
1736570,471374,3349747,3821121,7.10634655284339
1736590,471374,3349771,3821145,7.106397467828094
1736593,471375,3349779,3821154,7.106399363564042
1736661,471385,3349819,3821204,7.106333464153505
1737211,471385,3350984,3822369,7.108804904695737
1737294,471402,3351037,3822439,7.108660973012419
1737405,471402,3351215,3822617,7.1090385700527365
1737416,471404,3351245,3822649,7.109072048603745
1739671,471563,3355876,3827439,7.116495568990782
1739779,471563,3356433,3827996,7.117676747327504
1739924,471563,3356714,3828277,7.1182726380144326
1739944,471563,3356745,3828308,7.1183383768446635
1739990,471591,3356802,3828393,7.11803660375198
1740045,471622,3356841,3828463,7.117651424233815
1740170,471623,3357211,3828834,7.118420857337322
1740238,471629,3357302,3828931,7.118523246026008
1741110,472088,3358765,3830853,7.114701072681364
1741155,472115,3358855,3830970,7.114484818317571
1741192,472127,3358873,3831000,7.114342115574835
1741272,472127,3359162,3831289,7.114954239007725
1741360,472127,3359392,3831519,7.115441396065042
1742007,472451,3361202,3833653,7.11439281533958
1742031,472453,3361206,3833659,7.11437116496244
1742064,472453,3361281,3833734,7.114529910911774
1742070,472455,3361284,3833739,7.114506143442233
1742135,472456,3361503,3833959,7.114954620112773
1742271,472520,3361700,3834220,7.1144078557521375
1742595,472520,3362267,3834787,7.115607804960637
1742671,472565,3362346,3834911,7.11509739400929
1742716,472568,3362458,3835026,7.115289228216891
1743530,472615,3363731,3836346,7.1172751605429365
1780832,472615,3474256,3946871,7.351133586534495
1780991,472615,3474577,3947192,7.351812786305978
1780995,472616,3474580,3947196,7.351803578380757
1781554,472616,3476163,3948779,7.355153020634088
1781562,472616,3476163,3948779,7.355153020634088
1781947,472680,3476360,3949040,7.354573918930354
1782027,472697,3476466,3949163,7.354533665328953
1782039,472702,3476479,3949181,7.354483374303473
1796903,472774,3588262,4061036,7.58980400783461
1796962,472789,3588333,4061122,7.5897133816565105
1796963,472789,3588335,4061124,7.589717611873373
1797006,472803,3588571,4061374,7.589992026277329
1797050,472822,3588603,4061425,7.589754706845282
1797228,472925,3589096,4062021,7.589144156050113
1797253,472934,3589131,4062065,7.58907373967615
1798498,472939,3591149,4064088,7.593260441621435
1798501,472939,3591154,4064093,7.5932710138093915
1798556,472939,3591250,4064189,7.593473999818158
1798588,472951,3591312,4064263,7.593412425388677
1798656,473010,3591441,4064451,7.592737997082514
1798718,473043,3591643,4064686,7.59263534181882
1798850,473100,3591783,4064883,7.592016487000634
1798860,473103,3591791,4064894,7.5919852547965245
1799179,473103,3592343,4065446,7.593152019750456
1799209,473112,3592376,4065488,7.593077326299058
1799213,473112,3592393,4065505,7.593113258594159
1799523,473112,3593312,4066424,7.595055716194051
1799565,473142,3593380,4066522,7.59471786482705
1799659,473164,3593555,4066719,7.59473459519321
1799665,473168,3593558,4066726,7.59467673215433
1799679,473172,3593582,4066754,7.594663251418089
1800076,473336,3594130,4067466,7.59318961583315
1800131,473339,3594321,4067660,7.5935450068555514
1800151,473339,3594353,4067692,7.593612611680001
1800228,473339,3594526,4067865,7.59397810026218
1800231,473339,3594533,4067872,7.593992888817528
1800256,473357,3594572,4067929,7.593786507857706
1800291,473374,3594631,4068005,7.593638433881033
1800296,473380,3594639,4068019,7.593559085723943
1800304,473380,3594639,4068019,7.593559085723943
1800354,473389,3594713,4068102,7.5935710377723185
1800366,473394,3594744,4068138,7.593556318838008
1800401,473418,3594778,4068196,7.593243180445188
1800523,473434,3595119,4068553,7.593706831364034
1800544,473448,3595141,4068589,7.593528750781501
1800667,473448,3595506,4068954,7.594299690779136
1800682,473455,3595536,4068991,7.594250773568766
1800841,473455,3595680,4069135,7.594554920742204
1800870,473466,3595730,4069196,7.594484081222305
1800890,473475,3595757,4069232,7.594396747452347
1800945,473498,3595874,4069372,7.594274949419005
1800975,473507,3595942,4069449,7.594274213475197
1801031,473510,3596026,4069536,7.594403497286224
1801183,473621,3596200,4069821,7.592991020246147
1801225,473624,3596334,4069958,7.593225850041383
1801254,473635,3596354,4069989,7.593091726751613
1801301,473649,3596447,4070096,7.593063639952792
1801329,473664,3596483,4070147,7.592899185920822
1801558,473802,3596900,4070702,7.591567785699511
1802394,474138,3598256,4072394,7.589047914320304
1802405,474138,3598266,4072404,7.589069005226326
1802440,474138,3598326,4072464,7.589195550662465
1802446,474142,3598329,4072471,7.589137853216969
1802516,474154,3598437,4072591,7.589173559645179
1802572,474210,3598557,4072767,7.58853039792497
1802603,474210,3598637,4072847,7.58869909955505
1802617,474218,3598666,4072884,7.588632232433184
1802652,474230,3598728,4072958,7.588570946587099
1802686,474252,3598774,4073026,7.588315916432614
1802697,474252,3598784,4073036,7.588337002268836
1802774,474277,3598909,4073186,7.588200566335707
1802803,474289,3598927,4073216,7.588046528593326
1802845,474296,3599021,4073317,7.58813272724206
1802871,474305,3599062,4073367,7.58807518368982
1802883,474313,3599087,4073400,7.587999907234252
1802897,474320,3599159,4073479,7.588039720020239
1802904,474321,3599166,4073487,7.588038480269691
1803222,474415,3599701,4074116,7.5876627003783605
1803242,474420,3599756,4074176,7.5876986636313815
1803332,474430,3599978,4074408,7.588006660624328
1803360,474436,3600026,4074462,7.588011870937281
1803381,474439,3600034,4074473,7.587980752003945
1803438,474457,3600082,4074539,7.587794046668086
1803557,474457,3600352,4074809,7.5883631182594
1804123,474465,3601331,4075796,7.590298546784273
1804203,474499,3601442,4075941,7.589988598500734
1804271,474511,3601525,4076036,7.589971570732818
1804313,474523,3601583,4076106,7.589901859340854
1804401,474523,3601923,4076446,7.590618368340418
1804421,474523,3601944,4076467,7.590662623308038
1804436,474523,3601956,4076479,7.590687911860964
1804511,474541,3602095,4076636,7.59069290114026
1804571,474541,3602135,4076676,7.590777193119246
1804580,474544,3602162,4076706,7.5907861020263665
1804616,474597,3602268,4076865,7.590161758291772
1804672,474612,3602397,4077009,7.590193673990544
1804717,474626,3602461,4077087,7.5901046297505825
1804742,474631,3602506,4077137,7.59011948229256
1804744,474633,3602518,4077151,7.590112781875681
1804821,474675,3602636,4077311,7.589689787749513
1805085,474714,3603195,4077909,7.590243809957153
1805096,474719,3603225,4077944,7.590227060640084
1805125,474726,3603245,4077971,7.590157269667134
1805278,474726,3603590,4078316,7.590884004667956
1805346,474731,3603695,4078426,7.59102523323735
1805359,474737,3603706,4078443,7.590952464206498
1805373,474742,3603719,4078461,7.590899899313732
1805465,474752,3604088,4078840,7.591517255324885
1805501,474761,3604140,4078901,7.591482872434762
1805517,474761,3604166,4078927,7.591537636832006
1805666,474788,3604222,4079010,7.591223872549433
1806228,475132,3605320,4080452,7.588038692405479
1806364,475214,3605446,4080660,7.586994490903046
1806382,475224,3605465,4080689,7.58687482113698
1806413,475230,3605561,4080791,7.586981040759212
1806495,475288,3605740,4081028,7.586431805557893
1806507,475288,3605794,4081082,7.586545420881655
1806547,475318,3605889,4081207,7.586266457403254
1806567,475318,3605932,4081250,7.586356923154604
1806589,475318,3605937,4081255,7.586367442428017
1806804,475318,3606434,4081752,7.587413058205244
1806813,475319,3606451,4081770,7.587432860878694
1806844,475319,3606482,4081801,7.587498080236641
1807355,475678,3607976,4083654,7.584912482814005
1807597,475678,3608149,4083827,7.585276174218694
1807885,475678,3608716,4084394,7.5864681570305965
1807989,475763,3608930,4084693,7.585562559509672
1808005,475763,3608930,4084693,7.585562559509672
1808019,475770,3608979,4084749,7.585553944132669
1808038,475784,3609021,4084805,7.5854190136700685
1808160,475854,3609167,4085021,7.584609985415694
1808161,475854,3609167,4085021,7.584609985415694
1808204,475872,3609228,4085100,7.584451281016744
1808246,475887,3609299,4085186,7.584361413528842
1808306,475936,3609444,4085380,7.583885228265985
1808448,476013,3609875,4085888,7.583563894263392
1808449,476013,3609877,4085890,7.583568095829316
1808474,476020,3609911,4085931,7.583528003025083
1808531,476027,3609982,4086009,7.583565638083554
1808542,476027,3609992,4086019,7.5835866452953296
1808702,476142,3610366,4086508,7.582540502623167
1808719,476163,3610421,4086584,7.582321599956318
1808859,476293,3610611,4086904,7.580650985842748
1808908,476318,3610712,4087030,7.580465151432446
1808925,476320,3610740,4087060,7.580492106147128
1809148,476518,3611172,4087690,7.578248880420047
1809506,476586,3611555,4088141,7.577971237090472
1810029,476618,3613310,4089928,7.581144648334725
1810032,476618,3613319,4089937,7.5811635313815255
1810052,476627,3613353,4089980,7.581091713226486
1810063,476630,3613365,4089995,7.581069173153179
1810077,476634,3613401,4090035,7.581081081081081
1810149,476706,3613606,4090312,7.580366095664833
1810184,476731,3613671,4090402,7.580104922902014
1810212,476743,3613704,4090447,7.57998334532442
1810224,476743,3613738,4090481,7.580054662575014
1810272,476743,3613811,4090554,7.580207784907172
1810303,476768,3613865,4090633,7.579923568695886
1810325,476768,3613889,4090657,7.579973907644808
1810328,476769,3613892,4090661,7.579964301370265
1810354,476779,3613909,4090688,7.579840974539566
1810365,476785,3613923,4090708,7.579774950973709
1810430,476804,3613951,4090755,7.579531631446045
1810446,476804,3613977,4090781,7.579586161189923
1810468,476808,3614035,4090843,7.579644217378903
1810592,476813,3614226,4091039,7.579965311348474
1810623,476825,3614242,4091067,7.579808105699156
1810704,476825,3614297,4091122,7.57992345200021
1810736,476825,3614331,4091156,7.5799947569863155
1810812,476833,3614456,4091289,7.580129730954024
1811587,477296,3616164,4093460,7.576355133921089
1811656,477316,3616214,4093530,7.576142429753036
1811767,477316,3616429,4093745,7.57659286510404
1811787,477316,3616458,4093774,7.576653621500222
1811801,477316,3616458,4093774,7.576653621500222
1811933,477333,3616691,4094024,7.576871911223401
1811957,477340,3616709,4094049,7.576798508400721
1812035,477371,3616839,4094210,7.576578803488272
1812123,477385,3616879,4094264,7.57644039925846
1812154,477406,3616919,4094325,7.576190915070192
1812178,477413,3616943,4094356,7.576130101191212
1812286,477413,3617086,4094499,7.576429632205239
1812704,477413,3618220,4095633,7.5788049340927035
1812705,477413,3618224,4095637,7.578813312582606
1812724,477413,3618254,4095667,7.578876151256878
1812886,477527,3618582,4096109,7.577753718637899
1812991,477527,3618838,4096365,7.578289813979105
1813011,477532,3618846,4096378,7.578227218280659
1813027,477532,3618872,4096404,7.5782816648936615
1813081,477532,3618982,4096514,7.578512015948669
1813099,477543,3618991,4096534,7.578356294616401
1813180,477557,3619056,4096613,7.578270237898304
1813294,477557,3619215,4096772,7.578603182447331
1813951,477707,3620381,4098088,7.578664327715525
1814074,477707,3620718,4098425,7.579369781058264
1814107,477733,3620788,4098521,7.5791038090314045
1814247,477733,3620873,4098606,7.579281732683319
1814264,477742,3620931,4098673,7.579260353914875
1814296,477762,3620983,4098745,7.579051912877123
1814609,477762,3621445,4099207,7.580018921555084
1814926,477765,3622375,4100140,7.581917888501669
1814957,477765,3622406,4100171,7.581982773957908
1814961,477765,3622413,4100178,7.581997425512543
1815041,477789,3622563,4100352,7.5819305174459855
1815072,477789,3622623,4100412,7.582056095891701
1815101,477797,3622643,4100440,7.58197100442238
1815225,477936,3622879,4100815,7.580259700043521
1815254,477941,3622899,4100840,7.580222245005136
1815269,477948,3622923,4100871,7.58016144015667
1815319,477980,3623009,4100989,7.57983388426294
1815364,477984,3623052,4101036,7.579860413737698
1815408,478009,3623153,4101162,7.579675278080538
1815474,478009,3623338,4101347,7.580062300082216
1815493,478022,3623369,4101391,7.579921007819724
1815580,478022,3623588,4101610,7.580379145729695
1815629,478031,3623686,4101717,7.580441435806464
1815646,478033,3623714,4101747,7.58046829402991
1815780,478047,3623973,4102020,7.58078808150663
1815832,478079,3624047,4102126,7.580435451044702
1815862,478091,3624080,4102171,7.580314207964593
1815877,478100,3624111,4102211,7.580236352227567
1815970,478100,3624263,4102363,7.580554277347836
1815980,478100,3624275,4102375,7.580579376699435
1816031,478127,3624370,4102497,7.5803499906928495
1816064,478141,3624407,4102548,7.5802054205767755
1816074,478141,3624423,4102564,7.580238883509257
1816148,478174,3624609,4102783,7.580104731750367
1816167,478181,3624615,4102796,7.580006315600159
1816170,478181,3624624,4102805,7.580025136925139
1816177,478181,3624629,4102810,7.580035593216794
1816197,478192,3624675,4102867,7.579957422959815
1816236,478221,3624758,4102979,7.579671323509423
1816389,478289,3625005,4103294,7.5791101196138735
1816430,478301,3625102,4103403,7.57912276997121
1816496,478301,3625258,4103559,7.579448924422069
1816568,478332,3625424,4103756,7.579304750675263
1816596,478341,3625455,4103796,7.579226953156849
1816631,478370,3625544,4103914,7.578953529694588
1816645,478378,3625573,4103951,7.578887407029588
1816655,478382,3625592,4103974,7.578863753234862
1817065,478382,3626447,4104829,7.580651027839676
1817244,478423,3626626,4105049,7.580375525424154
1817390,478429,3626874,4105303,7.5807988228138345
1817430,478452,3626944,4105396,7.58058070611054
1817453,478457,3626952,4105409,7.58051820748782
1817454,478457,3626954,4105411,7.580522387591779
1817455,478457,3626956,4105413,7.580526567695738
1818529,478809,3627907,4106716,7.576939865374293
1818562,478814,3627936,4106750,7.576921309736139
1818588,478814,3627975,4106789,7.577002760988609
1818706,478847,3628268,4107115,7.577092474214102
1818716,478851,3628289,4107140,7.5770730352447835
1818752,478861,3628353,4107214,7.577048454561971
1818802,478897,3628453,4107350,7.576687680231866
1818842,478906,3628477,4107383,7.57659540703186
1818887,478924,3628538,4107462,7.5764380152174455
1818936,478943,3628565,4107508,7.576193826822816
1818957,478950,3628592,4107542,7.576139471761144
1819013,478964,3628629,4107593,7.575995273131174
1819053,478972,3628706,4107678,7.576029496505015
1819235,478972,3628946,4107918,7.576530569636638
1820699,478972,3631032,4110004,7.580885730272334
1820701,478972,3631034,4110006,7.580889905881763
1820761,478997,3631103,4110100,7.580638292097863
1820785,479006,3631146,4110152,7.580585629407564
1820786,479006,3631148,4110154,7.580589804720609
1820800,479011,3631161,4110172,7.58053781645933
1820810,479013,3631178,4110191,7.580541655445677
1821831,479013,3632384,4111397,7.583059332418953
1821967,479027,3632437,4111464,7.582948351554297
1821985,479030,3632466,4111496,7.582961401164854
1822035,479035,3632562,4111597,7.583082655755843
1822053,479035,3632562,4111597,7.583082655755843
1822181,479072,3632738,4111810,7.582864371117494
1822291,479072,3633142,4112214,7.583707668158439
1822368,479105,3633341,4112446,7.583600672086495
1822610,479105,3633829,4112934,7.584619237954102
1822713,479108,3634197,4113305,7.58533983986909
1822716,479109,3634200,4113309,7.585330269312411
1822720,479113,3634207,4113320,7.585281551533772
1822897,479113,3634521,4113634,7.585936929283906
1823301,479196,3635055,4114251,7.585737360078131
1823374,479245,3635143,4114388,7.585145384928377
1823651,479245,3635365,4114610,7.585608613548394
1823672,479246,3635412,4114658,7.58569085605305
1823750,479284,3635532,4114816,7.585339798532812
1823814,479326,3635656,4114982,7.584933844606802
1823868,479346,3635738,4115084,7.584788440917417
1823998,479346,3636124,4115470,7.5855937047560635
1824688,479460,3636871,4116331,7.585348099945772
1824733,479484,3636917,4116401,7.585064360854585
1824798,479541,3637081,4116622,7.584504766015836
1824801,479541,3637090,4116631,7.5845235339626855
1824872,479541,3637262,4116803,7.584882210280247
1824905,479553,3637343,4116896,7.584861318769771
1824912,479554,3637350,4116904,7.584860099175484
1824923,479554,3637377,4116931,7.584916401489718
1824944,479554,3637420,4116974,7.585006068138312
1825009,479565,3637523,4117088,7.585046865388425
1825133,479643,3637721,4117364,7.58422618489168
1825345,479714,3638027,4117741,7.583741562681097
1825361,479714,3638053,4117767,7.583795761641311
1825394,479745,3638135,4117880,7.583476638630939
1825478,479754,3638258,4118012,7.583590756929593
1825510,479762,3638288,4118050,7.583526832054227
1825606,479762,3638437,4118199,7.583837402712178
1825653,479799,3638522,4118321,7.5834297278652105
1825682,479799,3638522,4118321,7.5834297278652105
1825736,479811,3638601,4118412,7.58340471560677
1825742,479814,3638610,4118424,7.583376058222561
1825785,479848,3638710,4118558,7.5830471315916705
1825908,479884,3638791,4118675,7.582647056371957
1825931,479896,3638849,4118745,7.582578308633537
1825959,479909,3638885,4118794,7.582447922418625
1826046,479936,3639053,4118989,7.5823713995199356
1826067,479945,3639089,4119034,7.582304222358812
1826618,480188,3640217,4120405,7.580816263630078
1826633,480202,3640246,4120448,7.580655640751184
1826704,480202,3640442,4120644,7.5810638023165255
1826719,480206,3640460,4120666,7.581038137799195
1826760,480206,3640483,4120689,7.581086033910447
1826774,480212,3640511,4120723,7.581049619751276
1826775,480212,3640515,4120727,7.581057949405679
1826820,480212,3640618,4120830,7.581272438006547
1827052,480270,3641348,4121618,7.581876860932392
1827108,480277,3641390,4121667,7.581853805199916
1827251,480358,3641644,4122002,7.581104093197157
1827300,480369,3641736,4122105,7.581122012452926
1827339,480369,3641780,4122149,7.581213608704974
1827440,480403,3641947,4122350,7.581024681361273
1827462,480410,3641968,4122378,7.580957931766616
1827470,480410,3641993,4122403,7.5810099706500695
1827483,480413,3642030,4122443,7.581039647136943
1827610,480465,3642330,4122795,7.580843557803378
1827636,480465,3642390,4122855,7.580968436826824
1827667,480465,3642450,4122915,7.5810933158502705
1827814,480606,3642830,4123436,7.5796598461109514
1827832,480617,3642853,4123470,7.579534223716598
1827847,480617,3642909,4123526,7.579650740610507
1827863,480617,3642935,4123552,7.579704837739822
1827887,480628,3642979,4123607,7.579622910026049
1828079,480673,3643169,4123842,7.579308594408257
1828120,480691,3643253,4123944,7.57919952734709
1828166,480691,3643285,4123976,7.579266098179496
1828456,480862,3643705,4124567,7.577444256356293
1828470,480862,3643732,4124594,7.57750040552175
1828473,480862,3643741,4124603,7.577519121910236
1828525,480889,3643810,4124699,7.57723715867903
1828535,480899,3643836,4124735,7.57713366008247
1828581,480916,3643915,4124831,7.577030084255878
1828615,480925,3643938,4124863,7.576936112699485
1828689,480950,3644083,4125033,7.576843746751222
1828710,480964,3644131,4125095,7.576722997979059
1828818,480964,3644436,4125400,7.577357141075008
1828887,481021,3644557,4125578,7.57671078809449
1828972,481048,3644818,4125866,7.576828091999135
1829035,481048,3644945,4125993,7.577092098917364
1829063,481053,3644980,4126033,7.577086100699923
1829073,481053,3645009,4126062,7.577146385117648
1830262,481053,3647000,4128053,7.581285222210442
1830363,481105,3647134,4128239,7.580744328161212
1831703,481541,3648452,4129993,7.576617567351482
1831799,481541,3648672,4130213,7.577074433952665
1831813,481554,3648709,4130263,7.5769467183327315
1831823,481554,3648724,4130278,7.576977867487343
1831894,481575,3648896,4130471,7.57700462025645
1832479,481595,3649373,4130968,7.577680416117277
1832505,481618,3649434,4131052,7.577445195154666
1832522,481625,3649454,4131079,7.577376589670386
1832534,481628,3649495,4131123,7.577414519089421
1832575,481651,3649527,4131178,7.577119117369215
1832604,481657,3649574,4131231,7.577122309029039
1832635,481660,3649595,4131255,7.5771187144458745
1832638,481660,3649604,4131264,7.577137399825603
1833004,481929,3650674,4132603,7.575128286531833
1833046,481929,3650738,4132667,7.575261086176594
1833195,481934,3650986,4132920,7.575697087153013
1833223,481934,3651054,4132988,7.575838185311682
1833573,482124,3651575,4133699,7.573933261982394
1833692,482124,3651845,4133969,7.574493283885474
1833742,482135,3651883,4134018,7.574399286506892
1833835,482202,3652086,4134288,7.573767840033844
1833885,482209,3652157,4134366,7.573805134288245
1834061,482218,3653174,4135392,7.575772783264001
1834189,482267,3653404,4135671,7.575479972712211
1834486,482405,3654031,4136436,7.57461261802842
1834574,482408,3654280,4136688,7.575081673604086
1834703,482409,3654662,4137071,7.575857830181444
1834721,482414,3654684,4137098,7.575824913870659
1835000,482593,3655164,4137757,7.574009569140041
1835183,482620,3655277,4137897,7.573819982595002
1835286,482620,3655414,4138034,7.574103849819734
1835389,482701,3655606,4138307,7.573230633456322
1835470,482707,3655744,4138451,7.573422386665203
1835695,482741,3655871,4138612,7.573152062907439
1835765,482782,3655973,4138755,7.572720192550675
1835803,482782,3656030,4138812,7.572838258261493
1835913,482853,3656265,4139118,7.572211418381992
1836108,482853,3656664,4139517,7.573037756832825
1836123,482859,3656688,4139547,7.572993358309569
1836129,482859,3656704,4139563,7.573026494276797
1836207,482899,3656889,4139788,7.572782300232554
1836267,482899,3656889,4139788,7.572782300232554
1836281,482899,3656924,4139823,7.572854779156718
1836420,482958,3657121,4140079,7.572337553161972
1836446,482961,3657152,4140113,7.5723547035889025
1836687,483008,3657314,4140322,7.57195325957334
1837299,483008,3658053,4141061,7.573483254935736
1837339,483017,3658083,4141100,7.573404248711743
1837345,483019,3658088,4141107,7.57338324165302
1837364,483033,3658104,4141137,7.573196862326176
1837390,483051,3658135,4141186,7.572978836603174
1837428,483058,3658177,4141235,7.5729560425456155
1837442,483064,3658215,4141279,7.572940645545931
1837480,483078,3658271,4141349,7.572837098770799
1837501,483087,3658299,4141386,7.572753975991902
1837608,483087,3658496,4141583,7.573161770033141
1837843,483206,3659258,4142464,7.57287368120429
1839307,483206,3661344,4144550,7.577190680579298
1839408,483267,3661540,4144807,7.576639828500601
1839721,483276,3662126,4145402,7.577711287131991
1839746,483300,3662209,4145509,7.5775067246016965
1839755,483308,3662238,4145546,7.577441300371606
1840202,483428,3662890,4146318,7.576909074360608
1841413,483428,3665678,4149106,7.582676220657471
1841438,483443,3665734,4149177,7.582556785391453
1841455,483443,3665738,4149181,7.582565059376183
1841472,483443,3665783,4149226,7.5826581417044
1841488,483443,3665809,4149252,7.582711922605147
1841499,483443,3665821,4149264,7.582736744559338
1841553,483464,3665884,4149348,7.582537686363411
1841617,483500,3665973,4149473,7.582157187176835
1841681,483544,3666039,4149583,7.581603742368843
1841682,483544,3666039,4149583,7.581603742368843
1841691,483546,3666057,4149603,7.581609609013413
1841810,483546,3666360,4149906,7.5822362298519685
1841813,483546,3666369,4149915,7.582254842352124
1841847,483567,3666399,4149966,7.581987604613218
1842136,483580,3666583,4150163,7.582164274783904
1842307,483580,3666927,4150507,7.5828756358823775
1842362,483596,3667016,4150612,7.582808790808857
1842600,483597,3667736,4151333,7.5842819537755615
1843123,483768,3668354,4152122,7.582878569893007
1843135,483783,3668392,4152175,7.5827220055272715
1843166,483790,3668425,4152215,7.582680501870646
1843208,483802,3668460,4152262,7.582564768231632
1843227,483809,3668517,4152326,7.582572874832837
1843287,483820,3668612,4152432,7.582596833533132
1843333,483830,3668673,4152503,7.582566190604138
1843362,483843,3668731,4152574,7.58248233414558
1843388,483852,3668764,4152616,7.582409497118953
1843400,483859,3668778,4152637,7.582328736264077
1843409,483861,3668794,4152655,7.582330462674197
1843436,483872,3668821,4152693,7.582213891277032
1843756,484048,3669304,4153352,7.580454830925858
1843771,484048,3669324,4153372,7.580496149142234
1844364,484048,3670622,4154670,7.583177701384987
1844460,484066,3670741,4154807,7.583141555077201
1844524,484066,3670916,4154982,7.5835030760268225
1844543,484071,3670954,4155025,7.583503246424595
1844844,484071,3671553,4155624,7.584740668207763
1844865,484071,3671590,4155661,7.584817103276173
1844866,484071,3671592,4155663,7.584821234901492
1844911,484083,3671648,4155731,7.584748896366945
1844982,484083,3671775,4155858,7.585011248071095
1845241,484084,3672270,4156354,7.586018129085035
1845341,484108,3672549,4156657,7.586218364497178
1845360,484115,3672571,4156686,7.586154116274026
1845415,484152,3672654,4156806,7.585745798840033
1845438,484154,3672661,4156815,7.585728920963165
1845462,484169,3672692,4156861,7.585557935349021
1845495,484177,3672734,4156911,7.58551934519814
1845529,484187,3672792,4156979,7.585482468550374
1845546,484197,3672824,4157021,7.585391896273624
1845649,484197,3672993,4157190,7.585740927762873
1845682,484204,3673036,4157240,7.585720068400922
1845712,484217,3673085,4157302,7.585617605329841
1846353,484226,3674050,4158276,7.5874694873881205
1846449,484226,3674192,4158418,7.587762738886388
1846517,484226,3674372,4158598,7.588134466137713
1846535,484229,3674397,4158626,7.5881390829545525
1846593,484264,3674544,4158808,7.5878942064658945
1846620,484264,3674590,4158854,7.587989195975749
1846638,484281,3674650,4158931,7.5878467253516035
1846654,484290,3674679,4158969,7.5877655949947345
1846669,484300,3674693,4158993,7.58763782779269
1846700,484309,3674753,4159062,7.587620713222344
1846798,484310,3675042,4159352,7.588201771592575
1846810,484318,3675057,4159375,7.588107400509583
1846837,484342,3675091,4159433,7.587801594740906
1846881,484350,3675193,4159543,7.587886858676577
1847297,484350,3675935,4160285,7.589418808712708
1847320,484356,3675960,4160316,7.589376409087531
1847340,484356,3675981,4160337,7.5894197656269355
1847418,484366,3676062,4160428,7.589430306834088
1847481,484366,3676189,4160555,7.589692505254291
1847508,484372,3676236,4160608,7.589695523275499
1847537,484402,3676289,4160691,7.589334891267996
1847628,484405,3676384,4160789,7.589484006151877
1847629,484405,3676386,4160791,7.589488134928417
1847942,484405,3677172,4161577,7.591110744108752
1847960,484410,3677196,4161606,7.591081934724716
1847982,484415,3677207,4161622,7.5910262894419045
1848100,484432,3677314,4161746,7.590980777487862
1848193,484432,3677466,4161898,7.591294547015886
1848215,484446,3677494,4161940,7.591132964251949
1848224,484446,3677494,4161940,7.591132964251949
1848275,484464,3677586,4162050,7.591040820370554
1848281,484464,3677634,4162098,7.5911398989398595
1848310,484473,3677662,4162135,7.591056673952934
1848331,484473,3677693,4162166,7.591120661006909
1848772,484536,3677915,4162451,7.590591823930523
1848796,484551,3677949,4162500,7.5904270138747005
1848797,484551,3677951,4162502,7.590431141407199
1848834,484560,3677982,4162542,7.590354135710748
1848837,484563,3677997,4162560,7.5903380984515945
1848866,484575,3678033,4162608,7.5902244234638605
1848902,484606,3678103,4162709,7.589883327899366
1848925,484616,3678127,4162743,7.589776235204781
1848940,484623,3678173,4162796,7.589761525969672
1848955,484628,3678203,4162831,7.589745124095182
1848984,484643,3678243,4162886,7.589592751778113
1849004,484650,3678263,4162913,7.589524399050862
1849104,484675,3678378,4163053,7.5893701965234435
1849124,484675,3678399,4163074,7.589413524526745
1849127,484675,3678408,4163083,7.589432093671016
1849195,484703,3678585,4163288,7.589358844488275
1849223,484715,3678646,4163361,7.589296803276152
1849303,484715,3678802,4163517,7.5896186418823435
1849466,484726,3679098,4163824,7.590057063165582
1849507,484740,3679133,4163873,7.589910054874778
1849551,484748,3679182,4163930,7.589885878848391
1849604,484770,3679257,4164027,7.589696144563401
1849650,484791,3679404,4164195,7.5896706003205505
1849758,484791,3679597,4164388,7.590068710021432
1849827,484850,3679833,4164683,7.5896318449004845
1849842,484856,3679864,4164720,7.589601861171152
1849897,484874,3679943,4164817,7.58948304095497
1849923,484880,3679986,4164866,7.589477808942418
1849936,484880,3679990,4164870,7.589486058406203
1849970,484880,3680022,4164902,7.589552054116482
1850126,484880,3680284,4165164,7.59009239399439
1850142,484887,3680309,4165196,7.590034379144007
1850158,484901,3680347,4165248,7.589893607148675
1850184,484907,3680384,4165291,7.5898759968406315
1850300,484912,3680665,4165577,7.590377223083776
1850598,484912,3681224,4166136,7.591530009568746
1850684,484973,3681441,4166414,7.591022593010332
1850725,484973,3681498,4166471,7.5911401253265645
1850745,484973,3681513,4166486,7.591171054883468
1850840,485039,3681660,4166699,7.590441181018433
1850979,485089,3681792,4166881,7.5899309198930505
1851109,485089,3682178,4167267,7.590726650161105
1851230,485089,3682322,4167411,7.591023502903591
1851722,485263,3682804,4168067,7.589294877210914
1854073,486263,3687992,4174255,7.584356613602104
1854114,486263,3688063,4174326,7.584502625122619
1854226,486277,3688281,4174558,7.5847325701195
1854250,486277,3688336,4174613,7.5848456743790065
1854297,486297,3688386,4174683,7.584636549269273
1854326,486307,3688429,4174736,7.584569006820795
1854346,486322,3688446,4174768,7.584370026443385
1854443,486347,3688537,4174884,7.584167271516017
1854525,486367,3688650,4175017,7.584087736215656
1854545,486367,3688691,4175058,7.584172034698078
1854574,486377,3688754,4175131,7.5841456318863765
1854614,486386,3688924,4175310,7.584354812844119
1854652,486391,3688990,4175381,7.584412540528094
1856251,486391,3690983,4177374,7.588510067003707
1856302,486401,3691064,4177465,7.588520582811301
1856349,486401,3691136,4177537,7.588668608822761
1856564,486481,3691600,4178081,7.588374468889843
1856583,486491,3691623,4178114,7.588265764423186
1856610,486500,3691664,4178164,7.588209660842755
1856676,486500,3691761,4178261,7.588409044193217
1856761,486551,3691912,4178463,7.587923979192315
1856783,486553,3691919,4178472,7.58790717558005
1856786,486553,3691925,4178478,7.587919507227373
1856877,486556,3692138,4178694,7.588310492522957
1856943,486573,3692276,4178849,7.588328986606326
1857250,486576,3692871,4179447,7.589505031074283
1857304,486590,3692954,4179544,7.5894572432643495
1857385,486618,3693137,4179755,7.589396610893966
1857415,486621,3693169,4179790,7.589415582147092
1857426,486627,3693185,4179812,7.589354885774936
1857447,486631,3693198,4179829,7.589319217230304
1857555,486679,3693372,4180051,7.5889282257915385
1857606,486715,3693452,4180167,7.588531276003411
1857699,486788,3693635,4180423,7.587769213702885
1857785,486788,3693734,4180522,7.587972587656228
1857870,486815,3693880,4180695,7.587851647956616
1857884,486815,3693904,4180719,7.587900947998726
1857963,486834,3694033,4180867,7.587869787237539
1858029,486837,3694186,4181023,7.588137302629011
1858044,486849,3694213,4181062,7.588005726621601
1858086,486863,3694258,4181121,7.587879958016937
1858219,486863,3694258,4181121,7.587879958016937
1858519,486867,3694797,4181664,7.588924696066893
1858529,486867,3694813,4181680,7.588957559251295
1858578,486879,3694849,4181728,7.588844456220128
1858600,486896,3694897,4181793,7.58867807498932
1858873,486960,3695036,4181996,7.5879661573845905
1858946,486969,3695216,4182185,7.588195552488967
1859016,486969,3695344,4182313,7.588458402896283
1859019,486969,3695353,4182322,7.588476884565547
1859088,486969,3695437,4182406,7.588649380145348
1859114,486988,3695492,4182480,7.58846624557484
1859133,486996,3695524,4182520,7.588407296979852
1859499,487015,3696293,4183308,7.589690255946942
1859719,487015,3697002,4184017,7.591146063262938
1860835,487130,3698724,4185854,7.592888961878759
1860862,487139,3698808,4185947,7.592921116970721
1860940,487139,3698972,4186111,7.5932577765278495
1860953,487139,3698977,4186116,7.593268040538738
1860973,487147,3698998,4186145,7.593186450907016
1861004,487157,3699019,4186176,7.593073690822465
1861016,487165,3699035,4186200,7.59298184393378
1861273,487175,3699449,4186624,7.593675783855904
1861301,487189,3699481,4186670,7.593523252782801
1861332,487205,3699542,4186747,7.5933990825217315
1861565,487280,3699794,4187074,7.592747496306025
1861578,487285,3699808,4187093,7.592698318232657
1861662,487320,3699883,4187203,7.592306903061643
1861760,487320,3700173,4187493,7.592901994582615
1862014,487439,3700717,4188156,7.592164352872873
1862019,487439,3700721,4188160,7.592172559027899
1862049,487448,3700758,4188206,7.592108286422347
1862196,487448,3701014,4188462,7.592633470647125
1862209,487448,3701037,4188485,7.59268065516732
1862264,487504,3701203,4188707,7.592148987495487
1862346,487564,3701377,4188941,7.591571568040298
1862420,487581,3701413,4188994,7.591380714178772
1862436,487581,3701439,4189020,7.591434038652039
1862463,487585,3701469,4189054,7.591433288554816
1862483,487585,3701490,4189075,7.591476357968355
1862521,487589,3701514,4189103,7.591463302084337
1862523,487589,3701519,4189108,7.591473556622483
1862536,487597,3701529,4189126,7.591369512117589
1862558,487597,3701576,4189173,7.5914659031946465
1862616,487627,3701772,4189399,7.591400804303289
1862658,487627,3701872,4189499,7.591605879083808
1862673,487636,3701910,4189546,7.591543692426318
1862680,487645,3701928,4189573,7.591440494622113
1862688,487649,3701941,4189590,7.5914048834305
1862712,487660,3701967,4189627,7.591286962227781
1862942,487666,3705610,4193276,7.598663839595133
1863023,487715,3705858,4193573,7.598408906841086
1863185,487753,3706358,4194111,7.598842036850619
1863511,487873,3706865,4194738,7.598012187598002
1863539,487905,3706930,4194835,7.597647082936227
1863587,487916,3707011,4194927,7.597641807196321
1863873,487926,3707390,4195316,7.598262851334014
1863902,487926,3707428,4195354,7.598340731996245
1863938,487942,3707479,4195421,7.598196097077111
1863959,487949,3707516,4195465,7.59816292276447
1864027,487974,3707565,4195539,7.59787406706095
1864032,487977,3707575,4195552,7.597847849386344
1864055,487977,3707616,4195593,7.597931869739762
1864097,487995,3707692,4195687,7.597807354583551
1864234,488065,3708051,4196116,7.597453208076793
1864310,488119,3708175,4196294,7.596866747657845
1864377,488119,3708327,4196446,7.597178147132154
1864523,488165,3708658,4196823,7.597140311165282
1864533,488173,3708670,4196843,7.59704039346707
1864567,488187,3708740,4196927,7.596965916749115
1864987,488372,3709553,4197925,7.5957528277624435
1865118,488388,3709688,4198076,7.595780404104933
1865188,488395,3709843,4198238,7.595988902425291
1865335,488415,3709950,4198365,7.59589693191241
1865359,488415,3709990,4198405,7.595978829479029
1865444,488420,3710123,4198543,7.596173375373654
1865488,488420,3710180,4198600,7.596290078211376
1865497,488422,3710194,4198616,7.596287636511049
1865592,488480,3710370,4198850,7.595745987553227
1865611,488493,3710392,4198885,7.595588882542841
1865664,488526,3710479,4199005,7.59525388618006
1865678,488535,3710492,4199027,7.595140573346843
1865682,488535,3710502,4199037,7.595161042709325
1865711,488547,3710561,4199108,7.5950952518386154
1865734,488560,3710592,4199152,7.594956607172097
1866121,488616,3711153,4199769,7.5952342944152464
1866137,488616,3711178,4199794,7.595285459338212
1866184,488625,3711383,4200008,7.595565106165259
1866233,488639,3711436,4200075,7.595455950098129
1866661,488639,3712343,4200982,7.597312126129924
1866761,488647,3712396,4201043,7.597296207691851
1866779,488647,3712425,4201072,7.5973555552372165
1866789,488651,3712440,4201091,7.59732406154904
1866879,488672,3712526,4201198,7.59717356427215
1866914,488682,3712592,4201274,7.597153158904973
1866981,488682,3712652,4201334,7.597275938135638
1867168,488714,3712958,4201672,7.597404617015268
1867179,488728,3712984,4201712,7.597240182678299
1867206,488733,3712992,4201725,7.59717882770347
1867224,488741,3713027,4201768,7.597126085186224
1867260,488741,3713061,4201802,7.597195651684634
1867309,488745,3713089,4201834,7.597190764099889
1867359,488758,3713128,4201886,7.597068487881528
1867531,488758,3713508,4202266,7.597845968761637
1867552,488770,3713530,4202300,7.597704441761974
1867983,488770,3715000,4203770,7.600711991325163
1867985,488770,3715002,4203772,7.60071608322933
1868030,488807,3715052,4203859,7.600243040709318
1868090,488816,3715129,4203945,7.60026062976662
1868414,488937,3715610,4204547,7.59936351718115
1868615,488998,3715902,4204900,7.599012674898466
1868684,489033,3715986,4205019,7.598640582537374
1868886,489033,3716080,4205113,7.598832798604593
1869011,489101,3716309,4205410,7.598244534359979
1869020,489105,3716318,4205423,7.598200795330246
1869035,489105,3717257,4206362,7.600120628494904
1869061,489112,3717307,4206419,7.600114084299711
1869196,489154,3717462,4206616,7.59977839289876
1869198,489154,3717464,4206618,7.5997824815906645
1869207,489154,3717468,4206622,7.599790658974475
1869209,489154,3717468,4206622,7.599790658974475
1869274,489193,3717611,4206804,7.599477097996087
1869295,489200,3717644,4206844,7.599435813573181
1869332,489216,3717709,4206925,7.5993201367085295
1869370,489216,3717738,4206954,7.59937941522763
1869493,489235,3718031,4207266,7.599683178840435
1869544,489272,3718134,4207406,7.599318988211056
1869586,489287,3718242,4207529,7.599306746347236
1869632,489311,3718300,4207611,7.599052545313716
1869663,489323,3718356,4207679,7.598980632424799
1869731,489364,3718451,4207815,7.598538102516736
1869767,489364,3718489,4207853,7.5986157543260235
1870841,490073,3721385,4211458,7.5935319840105455
1872517,490073,3723584,4213657,7.598019070628253
1872538,490073,3723614,4213687,7.598080285998209
1872553,490080,3723649,4213729,7.598043176624224
1872577,490080,3723704,4213784,7.598155403199478
1872633,490089,3723807,4213896,7.598226036495412
1872642,490089,3723827,4213916,7.598266845409711
1872654,490094,3723850,4213944,7.598236256718099
1872687,490123,3724033,4214156,7.598160053700806
1872739,490138,3724115,4214253,7.598094822274543
1872778,490157,3724185,4214342,7.597943108024571
1872804,490161,3724214,4214375,7.597940268605622
1872842,490177,3724285,4214462,7.5978371078202365
1872861,490177,3724321,4214498,7.597910550678632
1872869,490178,3724324,4214502,7.597901170595171
1873147,490178,3724993,4215171,7.599265980929377
1873416,490178,3725509,4215687,7.600318659752172
1873479,490206,3725673,4215879,7.600219091565586
1873522,490217,3725780,4215997,7.600266820612096
1873571,490217,3725885,4216102,7.60048101147043
1873607,490222,3725893,4216115,7.600419809800457
1873689,490267,3726068,4216335,7.600079140549945
1873720,490278,3726148,4216426,7.600071796001452
1873790,490349,3726368,4216717,7.5994200049352605
1873828,490356,3726427,4216783,7.599431841356076
1873890,490411,3726535,4216946,7.598799782223482
1873956,490415,3726668,4217083,7.599009002579448
1873983,490415,3726704,4217119,7.599082409795785
1873994,490420,3726723,4217143,7.5990436768484155
1874045,490420,3726817,4217237,7.599235349292443
1874063,490426,3726857,4217283,7.5992239400031805
1874078,490429,3726877,4217306,7.599218235463237
1874087,490431,3726897,4217328,7.599228025960839
1874105,490431,3726924,4217355,7.599283079576944
1874138,490431,3726956,4217387,7.599348328307142
1874434,490431,3727526,4217957,7.600510571313803
1874490,490459,3727686,4218145,7.600402887907042
1874645,490459,3727912,4218371,7.60086368075619
1874654,490464,3727926,4218390,7.600814738696418
1874669,490473,3727939,4218412,7.600701771555213
1874791,490548,3728214,4218762,7.600100295995499
1874841,490548,3728380,4218928,7.600438693053483
1874878,490571,3728426,4218997,7.600176121295388
1875078,490571,3728866,4219437,7.601073035299682
1875138,490580,3728999,4219579,7.601204696481716
1875196,490597,3729045,4219642,7.601035065440677
1875241,490604,3729072,4219676,7.600981647112539
1876300,490604,3730397,4221001,7.6036823996543035
1876323,490622,3730426,4221048,7.603462543465234
1876380,490644,3730529,4221173,7.603331539772218
1876409,490652,3730593,4221245,7.603338007386091
1876438,490658,3730641,4221299,7.603342857958089
1876468,490671,3730676,4221347,7.6032127433657175
1876478,490681,3730689,4221370,7.603084284902003
1876575,490681,3730920,4221601,7.603555059193243
1876594,490686,3730947,4221633,7.603532605372886
1876615,490686,3730977,4221663,7.603593744268228
1876649,490708,3731023,4221731,7.6033465930859085
1876673,490717,3731059,4221776,7.60328050587202
1876723,490717,3731141,4221858,7.603447608295617
1876836,490735,3731223,4221958,7.603335812607619
1876842,490735,3731271,4222006,7.603433625072595
1876893,490761,3731380,4222141,7.603252907219604
1876932,490775,3731416,4222191,7.603109367836585
1877124,490840,3731817,4222657,7.60291948496455
1877141,490851,3731836,4222687,7.602787811372494
1877292,490934,3732110,4223044,7.602060562112219
1877303,490934,3732122,4223056,7.602085005316397
1877402,490973,3732292,4223265,7.601827391730299
1877518,490973,3732476,4223449,7.602202157756129
1877519,490973,3732476,4223449,7.602202157756129
1877546,490996,3732529,4223525,7.601953987405193
1877605,491045,3732654,4223699,7.6014499689437836
1877665,491068,3732727,4223795,7.6012425977665
1877674,491070,3732743,4223813,7.601244221801372
1877713,491086,3732781,4223867,7.601073946314902
1877721,491088,3732787,4223875,7.601055208027889
1877745,491101,3732820,4223921,7.600921195436377
1877827,491147,3732935,4224082,7.600443451756806
1877847,491157,3732957,4224114,7.60033349825005
1877928,491157,3733159,4224316,7.600744772038269
1878112,491300,3733561,4224861,7.5993507022186035
1878121,491302,3733575,4224877,7.599348262372227
1878142,491314,3733593,4224907,7.599199290067045
1878198,491351,3733710,4225061,7.598865169705567
1879054,491418,3735374,4226792,7.601215258700332
1879208,491473,3735515,4226988,7.600651510866314
1879228,491473,3735560,4227033,7.600743072355958
1879231,491473,3735565,4227038,7.600753245854808
1879442,491518,3736179,4227697,7.601306564561217
1879538,491518,3736390,4227908,7.601735846906929
1879569,491527,3736453,4227980,7.6017248289514106
1879592,491535,3736479,4228014,7.601654002258232
1879678,491557,3736695,4228252,7.601753204613097
1879852,491557,3736916,4228473,7.602202796420354
1879869,491560,3736940,4228500,7.60220522418423
1879937,491560,3737052,4228612,7.602433070225405
1879968,491567,3737081,4228648,7.602383805259507
1880008,491570,3737181,4228751,7.602540838537746
1880049,491593,3737254,4228847,7.602333637785729
1880119,491620,3737400,4229020,7.602213091412066
1880164,491636,3737665,4229301,7.60250469859815
1880256,491636,3737909,4229545,7.603001000740385
1880294,491651,3737954,4229605,7.602860565726501
1880333,491689,3738052,4229741,7.602472294478827
1880334,491689,3738054,4229743,7.6024763620906715
1880781,491723,3738919,4230642,7.603709812231683
1880848,491733,3738972,4230705,7.6036629634374755
1880870,491740,3738990,4230730,7.603591328750966
1880887,491740,3739035,4230775,7.603682840525481
1881265,491740,3739720,4231460,7.605075853093098
1881486,491874,3739993,4231867,7.60355904154316
1881579,491931,3740112,4232043,7.602919921696335
1881634,491938,3740212,4232150,7.603015014087141
1881666,491955,3740266,4232221,7.6028620503907876
1881677,491957,3740302,4232259,7.602904318873398
1881711,491987,3740350,4232337,7.602538278450447
1881838,492021,3740720,4232741,7.602764922635416
1881872,492030,3740783,4232813,7.6027538971200945
1883079,492030,3744885,4236915,7.611090787147125
1883477,492196,3745793,4237989,7.6103686336337555
1883530,492220,3745886,4238106,7.610186501970664
1883805,492282,3746535,4238817,7.610546394139944
1883854,492294,3746655,4238949,7.610604638691513
1883871,492294,3746700,4238994,7.61069604748382
1884518,492583,3747866,4240449,7.608597941869695
1884538,492587,3747886,4240473,7.608576759029369
1884584,492587,3747918,4240505,7.608641722172936
1884617,492595,3747945,4240540,7.608572965620844
1884682,492595,3748088,4240683,7.6088632649539685
1884719,492618,3748143,4240761,7.608619660670134
1884762,492618,3748227,4240845,7.608790178190809
1884794,492622,3748244,4240866,7.608762905432563
1884863,492622,3748244,4240866,7.608762905432563
1884880,492622,3748289,4240911,7.608854253362619
1885147,492622,3748920,4241542,7.610135154337403
1885771,492622,3749958,4242580,7.612242246590692
1885814,492647,3750058,4242705,7.612058938753306
1886682,492682,3751181,4243863,7.613797540807255
1886884,492682,3751865,4244547,7.615185860250628
1886887,492683,3751868,4244551,7.6151764927955705
1886952,492688,3751991,4244679,7.615348861754295
1886972,492688,3752006,4244694,7.6153793069853535
1886990,492692,3752032,4244724,7.615370251597347
1887057,492708,3752163,4244871,7.615388830707031
1887092,492708,3752215,4244923,7.615494369890483
1887208,492760,3752324,4245084,7.61491192466921
1887292,492760,3752660,4245420,7.615593798197906
1887313,492770,3752686,4245456,7.615492014530106
1887359,492784,3752732,4245516,7.615369005487191
1887398,492799,3752774,4245573,7.615222433487081
1887444,492813,3752820,4245633,7.615099439341089
1887452,492816,3752825,4245641,7.615063228466608
1887493,492824,3752870,4245694,7.6150309238186455
1887528,492824,3752955,4245779,7.615203399185105
1887564,492836,3753001,4245837,7.615111314920176
1887598,492862,3753055,4245917,7.6148191583039475
1887626,492876,3753120,4245996,7.614734740583838
1887667,492892,3753170,4246062,7.614588997183967
1887676,492894,3753186,4246080,7.614590561053695
1887788,492978,3753518,4246496,7.613966546174474
1887813,492987,3753554,4246541,7.613900569386211
1887840,492999,3753579,4246578,7.613765950843714
1887860,493003,3753588,4246591,7.61372243170934
1887904,493022,3753637,4246659,7.6135284023836665
1887926,493022,3753670,4246692,7.613595336516423
1888092,493058,3753772,4246830,7.613246311792933
1888152,493123,3753966,4247089,7.612636198271019
1889421,493762,3756178,4249940,7.6072642285149525
1889641,493790,3756806,4250596,7.608104659875655
1889650,493794,3756812,4250606,7.608055180905398
1889732,493811,3756921,4250732,7.608013997258061
1889824,493826,3757081,4250907,7.608106904051224
1889836,493830,3757110,4250940,7.60810400340198
1890533,493830,3759005,4252835,7.611941356337201
1890553,493830,3759026,4252856,7.611983881092684
1891846,493869,3759890,4253759,7.613132227372036
1891897,493869,3760065,4253934,7.6134865723501575
1891984,493916,3760278,4254194,7.61319333651876
1892042,493926,3760361,4254287,7.6132072415706
1892124,493934,3760483,4254417,7.61333093085311
1892164,493950,3760524,4254474,7.613167324627999
1892444,493950,3760987,4254937,7.614104666464217
1892495,493987,3761073,4255060,7.613708457914885
1892537,493995,3761125,4255120,7.613690421967834
1892671,493995,3761394,4255389,7.614234961892326
1892675,493995,3761403,4255398,7.614253180700209
1892747,494020,3761606,4255626,7.614278774138699
1892784,494025,3761703,4255728,7.614398056778503
1892789,494025,3761711,4255736,7.614414250290977
1892875,494118,3761915,4256033,7.613393966623357
1892901,494124,3761954,4256078,7.6133804470133
1892965,494167,3762005,4256172,7.612821171790103
1893112,494267,3762430,4256697,7.612140806487182
1893165,494270,3762513,4256783,7.6122625285774985
1893559,494385,3763361,4257746,7.612207085570962
1893915,494501,3763688,4258189,7.611082687395981
1893953,494508,3763776,4258284,7.611152903491956
1894494,494532,3764225,4258757,7.611691457782308
1894552,494572,3764301,4258873,7.611229507533786
1894745,494572,3764745,4259317,7.6121272534636
1895026,494576,3765414,4259990,7.613418362395264
1895027,494576,3765417,4259993,7.6134244281970815
1895031,494576,3765419,4259995,7.61342847206496
1895056,494580,3765463,4260043,7.613455861539084
1895509,494742,3766497,4261239,7.613052863916951
1895516,494742,3766501,4261243,7.613060948939043
1895531,494751,3766518,4261269,7.612956820703748
1895598,494751,3766640,4261391,7.613203409391795
1895625,494760,3766695,4261455,7.613176085374727
1895699,494769,3767113,4261882,7.613882438067058
1895714,494773,3767125,4261898,7.613845137062855
1895724,494773,3767137,4261910,7.613869390609431
1895848,494903,3767456,4262359,7.612513967383507
1895858,494906,3767471,4262377,7.612498130958202
1895957,494923,3767695,4262618,7.612689246610079
1896000,494958,3767755,4262713,7.612272152384647
1896400,495043,3768732,4263775,7.612938674014177
1896468,495062,3768829,4263891,7.61284243185702
1896491,495067,3768888,4263955,7.612884720653972
1897341,495072,3770239,4265311,7.615536730010988
1898246,495118,3772178,4267296,7.618745430382252
1898288,495141,3772238,4267379,7.618512706481588
1898379,495166,3772452,4267618,7.618560240404228
1898389,495171,3772461,4267632,7.618501487364971
1898446,495185,3772511,4267696,7.618387067459636
1898461,495192,3772532,4267724,7.618321782258195
1898481,495203,3772571,4267774,7.61823131119965
1898558,495206,3772713,4267919,7.618471908660235
1898790,495206,3773271,4268477,7.619598712455018
1898795,495206,3773271,4268477,7.619598712455018
1898806,495207,3773316,4268523,7.6196741968510135
1898841,495207,3773328,4268535,7.619698429141753
1898927,495258,3773465,4268723,7.61919040177039
1899000,495269,3773522,4268791,7.619136267361777
1899011,495279,3773535,4268814,7.619008679956146
1899535,495282,3774794,4270076,7.621504516618815
1899589,495306,3774934,4270240,7.621417870972691
1899644,495318,3774988,4270306,7.621342248817931
1899694,495331,3775118,4270449,7.621404676872637
1899712,495331,3775128,4270459,7.62142486539304
1899740,495347,3775160,4270507,7.621243290057273
1899780,495362,3775226,4270588,7.621145747958059
1899808,495363,3775275,4270638,7.621229280345928
1899830,495373,3775302,4270675,7.621129936431739
1899861,495383,3775336,4270719,7.6210447270092025
1900796,495383,3776756,4272139,7.623911195983713
1900862,495383,3776823,4272206,7.624046444871947
1900935,495411,3776894,4272305,7.623758858806123
1903268,495755,3780316,4276071,7.625371403213281
1903323,495755,3780492,4276247,7.62572641728273
1903336,495757,3780517,4276274,7.625746081245449
1903373,495783,3780574,4276357,7.625461139248421
1903520,495858,3781029,4276887,7.625225366939729
1903521,495858,3781031,4276889,7.62522940035252
1903548,495876,3781096,4276972,7.625083690277408
1903582,495890,3781185,4277075,7.6250478936861
1903635,495920,3781281,4277201,7.624780206484917
1903648,495920,3781308,4277228,7.624834650750121
1903684,495934,3781343,4277277,7.624689978908484
1903749,495962,3781419,4277381,7.624412757428996
1903832,495962,3781556,4277518,7.624688988269263
1904081,496009,3782065,4278074,7.624992691664869
1904270,496102,3782353,4278455,7.624143825261741
1904279,496105,3782369,4278474,7.6241299724856635
1904314,496124,3782414,4278538,7.623928695245543
1904335,496136,3782459,4278595,7.623834996855701
1904350,496136,3782507,4278643,7.623931744521664
1904360,496136,3782523,4278659,7.623963993743651
1904403,496160,3782658,4278818,7.623867300870687
1904419,496160,3782684,4278844,7.623919703321509
1904486,496160,3782843,4279003,7.624240164463076
1904697,496256,3783148,4279404,7.623379868454991
1904708,496265,3783159,4279424,7.623263780439886
1904736,496272,3783187,4279459,7.62321267369507
1904786,496278,3783229,4279507,7.623205139055126
1904824,496308,3783293,4279601,7.622873296420771
1904836,496310,3783301,4279611,7.622858697185227
1905029,496310,3783745,4280055,7.623753299349197
1905069,496328,3783790,4280118,7.623567479569962
1905080,496337,3783800,4280137,7.623449390232846
1905173,496337,3783800,4280137,7.623449390232846
1905338,496342,3784156,4280498,7.624089841278796
1905385,496342,3784228,4280570,7.624234902547034
1905487,496384,3784414,4280798,7.623964511346054
1906323,496390,3786100,4282490,7.627268881323153
1906357,496390,3786138,4282528,7.627345434033724
1906775,496664,3787127,4283791,7.625128859752267
1906917,496715,3787382,4284097,7.624859325770311
1906948,496725,3787464,4284189,7.624870904423977
1907009,496764,3787573,4284337,7.624491710349381
1907132,496853,3787808,4284661,7.623598931675969
1907156,496867,3787863,4284730,7.623494818532928
1907161,496872,3787876,4284748,7.623444267336457
1907279,496955,3788108,4285063,7.622637864595386
1907351,496978,3788240,4285218,7.622550696409097
1907370,496991,3788301,4285292,7.622474048825834
1907577,497026,3788376,4285402,7.6220881804976
1907596,497026,3788423,4285449,7.622182742955097
1907630,497034,3788487,4285521,7.6221888241045885
1907686,497048,3788554,4285602,7.622108931129388
1907727,497072,3788608,4285680,7.6218495509704836
1907730,497072,3788617,4285689,7.621867656999388
1907845,497121,3788993,4286114,7.6218727432556665
1907849,497121,3789932,4287053,7.623761619404531
1907945,497121,3790032,4287153,7.623962777673846
1907977,497147,3790203,4287350,7.623908019157311
1907989,497158,3790260,4287418,7.623853986056747
1908015,497172,3790288,4287460,7.623695622440524
1908212,497238,3790805,4288043,7.623723448328567
1908227,497238,3790812,4288050,7.6237375260941445
1908473,497238,3792099,4289337,7.626325823850952
1908473,497238,3792099,4289337,7.626325823850952
1908479,497238,3792114,4289352,7.626355990491475
1908516,497258,3792151,4289409,7.6261236621633035
1908555,497291,3792232,4289523,7.625780478633235
1908562,497301,3792248,4289549,7.625659308949711
1908744,497301,3792792,4290093,7.626753213848353
1908821,497301,3792937,4290238,7.627044787764352
1908840,497308,3792963,4290271,7.626989712612707
1908855,497317,3792998,4290315,7.6269220637943205
1908870,497323,3793035,4290358,7.6269044464060585
1909000,497378,3793392,4290770,7.62677882817495
1909427,497378,3793935,4291313,7.62787055318088
1909536,497378,3794139,4291517,7.628280704011838
1909571,497390,3794182,4291572,7.628183115864815
1909604,497390,3794256,4291646,7.628331892478739
1909620,497399,3794296,4291695,7.628274282819226
1909622,497399,3794298,4291697,7.628278303736034
1909653,497423,3794347,4291770,7.62800875713427
1909655,497423,3794352,4291775,7.628018808941284
1909732,497449,3794413,4291862,7.627742743477221
1909775,497469,3794464,4291933,7.627538600395201
1909799,497475,3794488,4291963,7.627494848987387
1909831,497475,3794570,4292045,7.627659681391025
1909840,497478,3794605,4292083,7.62768403828913
1909963,497583,3794763,4292346,7.626391978825644
1910027,497614,3794885,4292499,7.6261620452800765
1910066,497614,3794885,4292499,7.6261620452800765
1910131,497623,3795197,4292820,7.626651099326197
1910198,497671,3795388,4293059,7.626299302149412
1910446,497771,3796195,4293966,7.626388439664022
1910898,497771,3797027,4294798,7.628059890994051
1910928,497781,3797086,4294867,7.628025175729889
1910993,497833,3797226,4295059,7.627509626722214
1911468,498163,3798506,4296669,7.625026346798136
1911500,498179,3798554,4296733,7.624877804965685
1911521,498179,3798586,4296765,7.6249420389056946
1911543,498191,3798632,4296823,7.624850709868303
1911629,498191,3798702,4296893,7.624991218227548
1911668,498199,3798771,4296970,7.625007276208905
1911682,498199,3798797,4296996,7.625059464190012
1911725,498211,3798825,4297036,7.624932006720044
1911861,498211,3799184,4297395,7.625652584948948
1911872,498215,3799213,4297428,7.625649568961191
1911951,498281,3799316,4297597,7.62484622130886
1911979,498281,3799363,4297644,7.624940545595758
1912004,498284,3799395,4297679,7.624958858803414
1912022,498290,3799428,4297718,7.62493327178952
1912093,498323,3799552,4297875,7.624677167218852
1912325,498323,3799875,4298198,7.625325341194366
1912329,498323,3799892,4298215,7.62535945561413
1912384,498360,3800033,4298393,7.625076250100329
1912487,498388,3800160,4298548,7.624902686260504
1912555,498431,3800275,4298706,7.624475604446754
1912621,498431,3800372,4298803,7.624670215135094
1912693,498431,3800568,4298999,7.625063449103286
1912711,498431,3800578,4299009,7.625083512060847
1912752,498440,3800633,4299073,7.625056175266833
1912933,498445,3800951,4299396,7.625617670956675
1912959,498457,3800989,4299446,7.625510324862526
1913084,498468,3801112,4299580,7.62558880409575
1913103,498476,3801145,4299621,7.625532623436234
1913219,498476,3801443,4299919,7.626130445598183
1913437,498476,3802047,4300523,7.6273421388391816
1913458,498476,3802077,4300553,7.6274023222783045
1913547,498493,3802230,4300723,7.6274491316828925
1913740,498493,3802674,4301167,7.628339816206045
1913795,498502,3802730,4301232,7.628314430032377
1913829,498502,3802770,4301272,7.628394670432616
1914037,498617,3803277,4301894,7.62765208566896
1914054,498623,3803306,4301929,7.627618461242261
1914286,498692,3803544,4302236,7.62704033752296
1914415,498692,3803927,4302619,7.627808346634796
1914445,498692,3803988,4302680,7.627930666623888
1914505,498713,3804058,4302771,7.62774982805742
1914527,498713,3804082,4302795,7.6277979519282635
1914964,498985,3804952,4303937,7.625383528562983
1916387,498985,3808124,4307109,7.631740433079151
1916400,498985,3808150,4307135,7.631792538853873
1916498,498985,3808440,4307425,7.632373718648857
1916691,498985,3808884,4307869,7.63326352495566
1916887,499069,3809420,4308489,7.633052744209719
1916896,499072,3809442,4308514,7.633050942549372
1916934,499085,3809511,4308596,7.6329903723814585
1916955,499085,3809559,4308644,7.633086548383542
1916961,499085,3809578,4308663,7.633124618051033
1917091,499086,3809963,4309049,7.6338807339817185
1917273,499215,3810384,4309599,7.632751419728974
1917344,499250,3810490,4309740,7.632428642964447
1917381,499265,3810554,4309819,7.632327521456541
1917407,499281,3810605,4309886,7.632185082148129
1917441,499323,3810706,4310029,7.631745383248919
1917682,499468,3811137,4310605,7.630392737873097
1917683,499468,3811139,4310607,7.63039674213363
1917703,499468,3811160,4310628,7.630438786869229
1917850,499558,3811635,4311193,7.6300149332009495
1937634,499560,3870981,4370541,7.74878092721595
1937790,499607,3871314,4370921,7.74871849273529
1939512,499652,3888552,4388204,7.782520634361515
1939527,499657,3888567,4388224,7.782472776324559
1939529,499657,3888572,4388229,7.782482783189268
1939543,499662,3888642,4388304,7.782545000420284
1939578,499680,3888681,4388361,7.78234269932757
1939698,499702,3888833,4388535,7.7823042533349875
1939769,499702,3889029,4388731,7.782696487106316
1940532,499702,3890620,4390322,7.785880384709286
1940545,499709,3890659,4390368,7.78584936433004
1940554,499712,3890681,4390393,7.785846647669057
1940914,499779,3891337,4391116,7.786115463034661
1941063,499839,3891593,4391432,7.785692993143792
1941071,499844,3891615,4391459,7.785659125647202
1941072,499850,3891619,4391469,7.785573672101631
1941604,499850,3892284,4392134,7.786904071221366
1941630,499869,3892317,4392186,7.786674108616458
1941676,499873,3892378,4392251,7.78673383039292
1941781,499873,3892634,4392507,7.78724596047396
1941946,499882,3893574,4393456,7.788986200743375
1941980,499893,3893634,4393527,7.78893483205406
1942001,499893,3893668,4393561,7.789002846609175
1942004,499894,3893671,4393565,7.788993266572513
1942007,499894,3893680,4393574,7.789011270389323
1942037,499903,3893792,4393695,7.789095084446383
1942123,499903,3893934,4393837,7.789379139553073
1942184,499925,3894032,4393957,7.789232384857729
1942190,499927,3894043,4393970,7.789223226591083
1942240,499934,3894161,4394095,7.789350194225638
1942666,499934,3894974,4394908,7.790976408885973
1942707,499943,3895019,4394962,7.790926165582876
1944758,500867,3897355,4398222,7.781217369082012
1944762,500868,3897363,4398231,7.781217805888977
1944894,500907,3897692,4398599,7.781268778435917
1944916,500907,3897707,4398614,7.781298724114456
1945058,501012,3898054,4399066,7.780360550246302
1945076,501012,3898086,4399098,7.780424420971952
1945589,501229,3899036,4400265,7.778951337612149
1945613,501240,3899068,4400308,7.778844465725002
1945649,501254,3899124,4400378,7.778738922781663
1945721,501254,3899124,4400378,7.778738922781663
1945744,501254,3899152,4400406,7.778794782685026
1945810,501290,3899284,4400574,7.778499471363881
1945835,501314,3899327,4400641,7.7782128566128215
1945879,501321,3899399,4400720,7.778247869129759
1945914,501321,3899495,4400816,7.778439363202419
1946020,501378,3899572,4400950,7.777708635001935
1946886,502120,3902080,4404200,7.771210069306142
1946901,502123,3902103,4404226,7.7712094446978135
1946997,502187,3902243,4404430,7.770497842437179
1947479,502187,3903398,4405585,7.772797782499348
1947574,502239,3903551,4405790,7.772297651118293
1947588,502239,3903577,4405816,7.772349419300373
1947746,502325,3903854,4406179,7.771570198576619
1947932,502325,3904191,4406516,7.77224107898273
1947940,502326,3904204,4406530,7.7722514860867244
1947974,502326,3904270,4406596,7.772382874866123
1948680,502326,3905408,4407734,7.774648335941202
1948755,502362,3905586,4407948,7.7744455193665125
1948828,502365,3905648,4408013,7.7745225085346314
1948856,502374,3905708,4408082,7.774502661363845
1949521,502384,3906994,4409378,7.776907704067009
1949535,502384,3907018,4409402,7.776955476289054
1949611,502406,3907139,4409545,7.776855770034594
1949629,502413,3907163,4409576,7.776795186430287
1949654,502425,3907199,4409624,7.776681096681097
1949658,502425,3907209,4409634,7.776701000149276
1949699,502425,3907281,4409706,7.776844305120167
1949729,502425,3907322,4409747,7.7769259093397025
1949775,502455,3907395,4409850,7.776606860315849
1949853,502490,3907464,4409954,7.776202511492766
1949868,502490,3907489,4409979,7.776252263726641
1949893,502499,3907515,4410014,7.776164728686028
1949930,502523,3907574,4410097,7.7759107543336325
1949953,502523,3907587,4410110,7.775936623796324
1950053,502541,3907708,4410249,7.7758988818822745
1950380,502617,3908604,4411221,7.776505768806069
1950519,502664,3908756,4411420,7.77608104021772
1950540,502674,3908797,4411471,7.77600790969893
1950581,502690,3908878,4411568,7.775921542103483
1950604,502701,3908903,4411604,7.775801122337135
1950689,502732,3909042,4411774,7.7755981318078025
1950713,502732,3909097,4411829,7.775707534034038
1950738,502732,3909124,4411856,7.7757612405814625
1950839,502763,3909350,4412113,7.775731308787639
1951037,502763,3909864,4412627,7.776753659278826
1951063,502774,3909901,4412675,7.776657106373838
1951255,502844,3910045,4412889,7.775860903182696
1951379,502879,3910165,4413044,7.775558335106457
1951390,502884,3910173,4413057,7.7754969336864965
1951787,502884,3910791,4413675,7.7767258453241705
1951829,502899,3910872,4413771,7.776654954573384
1951841,502902,3910890,4413792,7.776644356156866
1951876,502915,3910951,4413866,7.776564628217492
1952097,502980,3911185,4414165,7.7760248916457915
1952145,502993,3911270,4414263,7.775992906461919
1952236,502993,3911318,4414311,7.776088335225341
1952307,503038,3911428,4414466,7.775611385223383
1952427,503064,3911554,4414618,7.775459981234992
1952844,503064,3912517,4415581,7.77737425059237
1952936,503064,3912663,4415727,7.77766447211488
1952984,503094,3912749,4415843,7.7773716243882856
1953046,503094,3912931,4416025,7.777733385808617
1953283,503094,3913293,4416387,7.778452933249055
1953310,503105,3913332,4416437,7.778360382027609
1953338,503107,3913347,4416454,7.778359275462277
1953380,503124,3913420,4416544,7.778241546815496
1953779,503436,3914362,4417798,7.77529219205619
1953786,503437,3914376,4417813,7.775304556478765
1954056,503439,3915169,4418608,7.776848833721663
1954249,503511,3915489,4419000,7.776372313613804
1954362,503532,3915750,4419282,7.776566335406687
1954407,503537,3915854,4419391,7.776695654936976
1954458,503537,3916002,4419539,7.776989575741207
1954576,503537,3916218,4419755,7.777418541239274
1954591,503544,3916248,4419792,7.7773700014298655
1954765,503623,3916435,4420058,7.77652132646841
1954858,503661,3916714,4420375,7.776488550830817
1955284,503843,3917162,4421005,7.774568665238974
1955704,504021,3917966,4421987,7.773418171068269
1956261,504044,3919396,4423440,7.775900516621565
1956275,504044,3919431,4423475,7.775969955003928
1956692,504044,3920394,4424438,7.7778805024958135
1956719,504067,3920427,4424494,7.777591074202437
1956852,504109,3920731,4424840,7.777546125937049
1956861,504115,3920758,4424873,7.777507116431766
1956863,504115,3920763,4424878,7.777517034803567
1956871,504116,3920773,4424889,7.777521443477295
1956902,504125,3920836,4424961,7.77750756260848
1956908,504125,3920847,4424972,7.7775293825936025
1956946,504125,3920902,4425027,7.777638482519216
1956968,504132,3920939,4425071,7.777603881523093
1956992,504134,3920969,4425103,7.777632534207175
1957022,504147,3921023,4425170,7.777539090781062
1957127,504148,3921120,4425268,7.777716067503987
1957516,504184,3921474,4425658,7.77786284372372
1957548,504208,3921513,4425721,7.777569971123029
1957567,504208,3921534,4425742,7.7776116206010215
1957579,504208,3921555,4425763,7.777653270079015
1957582,504208,3921564,4425772,7.777671119855298
1957597,504215,3921584,4425799,7.777602808325813
1957653,504234,3921762,4425996,7.7776627518176085
1957688,504242,3921804,4426046,7.777622649442133
1957717,504255,3921855,4426110,7.777523276913467
1957760,504255,3921904,4426159,7.777620449970749
1957769,504255,3921904,4426159,7.777620449970749
1957795,504265,3922933,4427198,7.779506806936829
1958036,504276,3923428,4427704,7.780318714354838
1958042,504278,3923432,4427710,7.78029578922737
1958196,504278,3923432,4427710,7.78029578922737
1958275,504314,3923547,4427861,7.77996843236555
1958290,504321,3923568,4427889,7.779902086171307
1958295,504325,3923581,4427906,7.779866157735587
1958310,504332,3923600,4427932,7.779795848766289
1958960,504602,3924475,4429077,7.77736711309111
1959033,504646,3924630,4429276,7.776996151757866
1959075,504657,3924709,4429366,7.776983178673832
1959084,504657,3924722,4429379,7.777008938744533
1959109,504668,3924737,4429405,7.776869149619156
1959110,504668,3924741,4429409,7.776877075621993
1959177,504702,3924854,4429556,7.776577069240859
1959231,504706,3924959,4429665,7.776723478619235
1959253,504706,3924999,4429705,7.776802732680015
1959349,504706,3925098,4429804,7.776998886480446
1959359,504717,3925110,4429827,7.776853167220442
1959421,504717,3925165,4429882,7.776962139178986
1959452,504717,3925260,4429977,7.777150363471015
1959510,504717,3925315,4430032,7.777259335429558
1959520,504717,3925320,4430037,7.7772692419712435
1959648,504767,3925565,4430332,7.776984232328975
1959966,504941,3926035,4430976,7.775235126480124
1960048,504975,3926176,4431151,7.774990841130749
1960100,504987,3926316,4431303,7.775083318976528
1960200,505004,3926643,4431647,7.7754691051952065
1960712,505127,3927285,4432412,7.774846721715529
1960780,505171,3927451,4432622,7.774498140233703
1960834,505177,3927600,4432777,7.7747007484505435
1960869,505194,3927694,4432888,7.774625193490025
1960873,505194,3927711,4432905,7.774658843929263
1960918,505194,3927814,4433008,7.774862726002288
1961058,505194,3928010,4433204,7.775250695772317
1961077,505213,3928055,4433268,7.775047356263595
1961284,505353,3928325,4433678,7.77342768322341
1961334,505353,3928432,4433785,7.773639416407937
1961608,505456,3928912,4434368,7.773004969769871
1961931,505459,3929313,4434772,7.773752173766814
1962075,505501,3929735,4435236,7.773941100017606
1962077,505501,3929740,4435241,7.773950991194874
1962191,505501,3929899,4435400,7.774265530631987
1962230,505509,3929962,4435471,7.774267124818747
1962255,505509,3929992,4435501,7.774326470943149
1962269,505513,3930025,4435538,7.774330234830756
1962344,505519,3930204,4435723,7.77459205291987
1962361,505527,3930265,4435792,7.77458968561521
1962454,505566,3930358,4435924,7.774173896187639
1962457,505566,3930367,4435933,7.774191698017668
1962464,505575,3930379,4435954,7.774077040992929
1962498,505576,3930459,4436035,7.774219899678783
1962514,505576,3930486,4436062,7.774273304112537
1963082,505576,3931877,4437453,7.777024621421903
1963083,505576,3931879,4437455,7.7770285773058845
1963608,505580,3932551,4438131,7.778296214248981
1963611,505581,3932554,4438135,7.778286763149723
1963698,505581,3932749,4438330,7.778672458023541
1963853,505645,3933016,4438661,7.778215942014654
1963870,505645,3933046,4438691,7.778275272177121
1965292,506541,3935605,4442146,7.769568504819945
1965365,506553,3935728,4442281,7.76962726506407
1965397,506564,3935769,4442333,7.769539485632615
1965470,506600,3935921,4442521,7.7692874062376625
1965491,506602,3935944,4442546,7.769302134614549
1965761,506697,3936318,4443015,7.768583591377095
1965763,506697,3936323,4443020,7.768593459207376
1965777,506697,3936330,4443027,7.76860727416977
1965854,506697,3936447,4443144,7.76883818139835
1965875,506712,3936481,4443193,7.768675302736071
1966092,506862,3936863,4443725,7.7671299091271395
1966160,506923,3937024,4443947,7.766512862900282
1966376,506961,3937325,4444286,7.766524446653688
1966413,506983,3937371,4444354,7.766278159228219
1966647,507069,3937878,4444947,7.765960845565396
1966673,507085,3937919,4445004,7.765796661309248
1966704,507097,3937989,4445086,7.765750931281392
1966714,507101,3938003,4445104,7.765717283144778
1966730,507109,3938020,4445129,7.765628296875031
1966844,507167,3938332,4445499,7.765355395757216
1966873,507180,3938410,4445590,7.765310146299144
1966954,507180,3938601,4445781,7.765686738436059
1967735,507180,3939744,4446924,7.767940376197799
1967850,507180,3940047,4447227,7.768537797231752
1967893,507186,3940113,4447299,7.768576025363476
1967993,507247,3940253,4447500,7.767917799415275
1968001,507247,3940272,4447519,7.7679552565121135
1968012,507247,3940290,4447537,7.7679907421828025
1968379,507294,3940560,4447854,7.767803285668665
1968734,507481,3940987,4448468,7.7657823642658546
1968770,507497,3941033,4448530,7.765628171201012
1968797,507497,3941066,4448563,7.765693196215938
1969309,507612,3942288,4449900,7.766341221247725
1969329,507612,3942342,4449954,7.766447601711543
1969505,507690,3942772,4450462,7.766101361066792
1969521,507697,3942797,4450494,7.766043525961351
1969598,507712,3942894,4450606,7.766005136770453
1969632,507712,3942966,4450678,7.766146949451658
1969692,507724,3943046,4450770,7.766120963358045
1969721,507743,3943101,4450844,7.765938673699096
1969790,507744,3943170,4450914,7.766059273964832
1969804,507752,3943191,4450943,7.765978272857615
1969848,507754,3943253,4451007,7.766069789701312
1969892,507762,3943313,4451075,7.766065597661897
1969912,507784,3943353,4451137,7.765807902572748
1969960,507809,3943430,4451239,7.765577215055266
1970003,507817,3943497,4451314,7.765586815722987
1970028,507828,3943527,4451355,7.765477681419693
1970072,507831,3943643,4451474,7.7656602294857935
1970153,507875,3943770,4451645,7.7652375092296335
1970155,507875,3943775,4451650,7.765247354171795
1970379,507924,3944359,4452283,7.765648010332255
1970412,507927,3944399,4452326,7.765680895089255
1970455,507958,3944513,4452471,7.765431393934144
1970510,507958,3944612,4452570,7.765626291937522
1970582,507986,3944744,4452730,7.765458103176072
1970594,507988,3944755,4452743,7.765449183838989
1970604,507988,3944771,4452759,7.765480680645999
1970655,507988,3944859,4452847,7.765653913084561
1970766,507988,3945075,4453063,7.766079119979212
1970821,508023,3945284,4453307,7.765955478393694
1970916,508042,3945371,4453413,7.765836289125702
1971020,508052,3945681,4453733,7.7662936077409395
1971038,508052,3945713,4453765,7.766356593419571
1971076,508078,3945777,4453855,7.766085128661348
1971081,508078,3945781,4453859,7.7660930014682785
1971087,508078,3945792,4453870,7.76611465168734
1971207,508102,3945855,4453957,7.765871813139881
1971228,508112,3945872,4453984,7.765752432534559
1971276,508137,3945922,4454059,7.765468761377345
1971290,508137,3945936,4454073,7.7654963130022026
1971300,508137,3945942,4454079,7.765508120841426
1971331,508141,3945973,4454114,7.7655079987641225
1971604,508141,3945992,4454133,7.765545389960661
1971698,508196,3946191,4454387,7.765096537556376
1971759,508222,3946267,4454489,7.764848825906789
1972072,508222,3946862,4455084,7.76601957412312
1972096,508222,3946911,4455133,7.766115988682111
1972110,508226,3946944,4455170,7.766119797098141
1972152,508235,3946973,4455208,7.766039332198687
1972198,508240,3947001,4455241,7.766018022981268
1972207,508242,3947016,4455258,7.766016976164898
1972216,508244,3947036,4455280,7.766025767151211
1972249,508265,3947077,4455342,7.765785564616883
1972264,508272,3947133,4455405,7.765788790254037
1972291,508281,3947179,4455460,7.76574178456405
1972311,508292,3947207,4455499,7.765628811785351
1972340,508304,3947225,4455529,7.76548089332368
1972349,508306,3947248,4455554,7.765495587303711
1972451,508323,3947354,4455677,7.765444412312644
1972538,508380,3947497,4455877,7.764855029702192
1972610,508440,3947600,4456040,7.764141294941389
1972664,508440,3947660,4456100,7.764259302965935
1972669,508442,3947664,4456106,7.764236628760016
1972709,508446,3947741,4456187,7.764326988510088
1972978,508503,3948327,4456830,7.7646090583536385
1973164,508589,3948610,4457199,7.763852541049846
1973411,508589,3949431,4458020,7.765466811118604
1973550,508649,3949775,4458424,7.765227101596582
1973607,508682,3949876,4458558,7.764921896194479
1973608,508682,3949878,4458560,7.764925827923929
1973642,508720,3949938,4458658,7.76446375216229
1974145,508756,3951634,4460390,7.767247953832485
1974254,508846,3951920,4460766,7.766436210562724
1974847,508851,3953213,4462064,7.768900915985229
1974886,508851,3953279,4462130,7.769030619965373
1975166,508851,3953742,4462593,7.769940513038198
1975189,508855,3953792,4462647,7.769977695021175
1975384,508855,3954191,4463046,7.770761808373702
1975543,508855,3954191,4463046,7.770761808373702
1975709,508926,3954483,4463409,7.770251470744273
1976920,508926,3957271,4466197,7.7757296738622115
1977060,508942,3957416,4466358,7.775770127047876
1977215,508942,3957642,4466584,7.7762141855064035
1977358,508942,3957910,4466852,7.776740768103242
1977391,508957,3957954,4466911,7.776598023015697
1977569,508968,3958512,4467480,7.77752628848965
1977593,508977,3958548,4467525,7.777459492275683
1977661,508991,3958663,4467654,7.777471507354747
1977843,509059,3959062,4468121,7.7772163933846565
1978274,509059,3960532,4469591,7.780104074380376
1978295,509059,3960569,4469628,7.78017675750748
1978339,509068,3960611,4469679,7.780121712619925
1978356,509076,3960646,4469722,7.780068201997344
1978424,509092,3960816,4469908,7.78015761394797
1978430,509092,3960835,4469927,7.780194935296567
1978467,509109,3960987,4470096,7.780233702409504
1978487,509118,3961030,4470148,7.780180626102397
1978621,509167,3961177,4470344,7.779720602474237
1978630,509169,3961200,4470369,7.779735215616033
1978712,509206,3961556,4470762,7.779869051032391
1978966,509330,3961873,4471203,7.778597373019457
1979089,509330,3962210,4471540,7.77925902656431
1982764,509330,3968181,4477511,7.79098227082638
1982786,509335,3968195,4477530,7.7909332757418985
1982795,509338,3968202,4477540,7.790901130487025
1983306,509408,3968427,4477835,7.790272237577737
1983313,509408,3968427,4477835,7.790272237577737
1983433,509408,3968629,4478037,7.790668776305044
1983923,509459,3969330,4478789,7.7912648515385925
1983937,509459,3969355,4478814,7.791313923200885
1983942,509461,3969363,4478824,7.791299039573196
1984045,509461,3969532,4478993,7.791630762708039
1984111,509480,3969675,4479155,7.791620868336343
1984234,509495,3969738,4479233,7.791515127724511
1984268,509514,3969779,4479293,7.791305047555121
1984285,509520,3969797,4479317,7.7912486261579526
1984307,509531,3969814,4479345,7.791113788954941
1984312,509533,3969822,4479355,7.791098908215955
1984322,509533,3969838,4479371,7.791130309518716
1986086,509658,3973334,4482992,7.796078939210216
1986193,509677,3973456,4483133,7.796027680275939
1986241,509677,3973560,4483237,7.796231731076741
1986275,509679,3973599,4483278,7.796277657113595
1986310,509699,3973642,4483341,7.796056103700419
1986312,509699,3973652,4483351,7.796075723122863
1986333,509699,3973682,4483381,7.796134581390193
1986375,509699,3973731,4483430,7.796230716560166
1987225,509699,3975087,4484786,7.798891110243496
1987245,509705,3975110,4484815,7.798844429621055
1987255,509705,3975115,4484820,7.798854239216801
1987273,509705,3975115,4484820,7.798854239216801
1987530,509705,3975447,4485152,7.799505596374374
1987535,509706,3975450,4485156,7.799496180150911
1987636,509724,3975504,4485228,7.799326694446406
1987650,509736,3975519,4485255,7.799172512830171
1987677,509743,3975544,4485287,7.7991144557159195
1988027,509743,3975944,4485687,7.799899164873279
1988137,509743,3976284,4486027,7.800566167657035
1988234,509760,3976594,4486354,7.800914155681105
1988574,509893,3976980,4486873,7.799636394302334
1988624,509923,3977038,4486961,7.799291265544014
1988635,509928,3977063,4486991,7.799263817637
1988935,510011,3977929,4487940,7.79969255565076
1988970,510011,3977941,4487952,7.799716084555039
1988975,510018,3977968,4487986,7.799661972714689
1989053,510068,3978170,4488238,7.799293427542994
1989088,510081,3978306,4488387,7.799361277914684
1989109,510092,3978373,4488465,7.799324435592011
1989119,510092,3978389,4488481,7.7993558024826894
1989145,510092,3978412,4488504,7.79940089238804
1989169,510106,3978455,4488561,7.799271131882393
1989972,510106,3980401,4490507,7.803086025257495
1990237,510119,3980844,4490963,7.803755594282903
1990262,510130,3980888,4491018,7.803673573402858
1990313,510173,3981077,4491250,7.803386302293536
1990321,510173,3981094,4491267,7.803419624323514
1990350,510181,3981150,4491331,7.803407026133862
1990633,510181,3981598,4491779,7.804285145859999
1990643,510188,3981627,4491815,7.804234909484347
1990717,510207,3981664,4491871,7.804016801023898
1990758,510207,3981713,4491920,7.804112840474552
1990763,510207,3981726,4491933,7.804138320328808
1990773,510214,3981739,4491953,7.804056729137185
1990786,510217,3981753,4491970,7.804038281750706
1990863,510217,3981772,4491989,7.804075520807813
1990885,510230,3981794,4492024,7.803919800874116
1990911,510236,3981828,4492064,7.803894668349548
1990966,510246,3981883,4492129,7.803849515723788
1990970,510246,3981889,4492135,7.803861274757666
1991014,510264,3981954,4492218,7.803713371901604
1991043,510272,3981972,4492244,7.8036263012667755
1991078,510289,3982040,4492329,7.803499585528985
1991367,510289,3982636,4492925,7.804667551132789
1991371,510289,3982636,4492925,7.804667551132789
1991414,510305,3982700,4493005,7.804548260354102
1991468,510317,3982784,4493101,7.804529341566124
1991495,510328,3982799,4493127,7.80439050963302
1991554,510361,3982883,4493244,7.804050466238603
1991568,510366,3982902,4493268,7.804011238993193
1991586,510369,3982917,4493286,7.803994756734833
1991631,510374,3983007,4493381,7.8040946443196555
1991699,510406,3983149,4493555,7.803883575036344
1991858,510411,3983462,4493873,7.80442035927909
1991879,510423,3983503,4493926,7.80431720357429
1991960,510455,3983612,4494067,7.804041492394041
1992026,510496,3983722,4494218,7.803630194947659
1992053,510503,3983752,4494255,7.8035819574027965
1992178,510573,3983977,4494550,7.802952760917636
1992522,510624,3984744,4495368,7.803675502914081
1992544,510626,3984751,4495377,7.803658646445736
1992588,510626,3984851,4495477,7.803854484495502
1992591,510627,3984857,4495484,7.803850951868977
1992625,510648,3984905,4495553,7.803624022810233
1992819,510648,3985399,4496047,7.804591421096332
1992897,510657,3985523,4496180,7.804696694650225
1993087,510657,3985841,4496498,7.805319421842841
1993105,510663,3985860,4496523,7.80526492030948
1993123,510663,3985880,4496543,7.805304085081551
1993253,510750,3986074,4496824,7.804354380812531
1993324,510791,3986173,4496964,7.803921760563518
1993589,510937,3986409,4497346,7.802153690180981
1993618,510947,3986469,4497416,7.8021184193272495
1993627,510955,3986487,4497442,7.80203149005294
1993706,511001,3986594,4497595,7.801538548848241
1993730,511035,3986641,4497676,7.801111469860186
1993853,511075,3986731,4497806,7.8006770043535685
1993887,511075,3986795,4497870,7.800802230592379
1993901,511087,3986827,4497914,7.8006816843316304
1993929,511107,3986875,4497982,7.80047035160935
1994125,511107,3987348,4498455,7.8013957938357334
1994752,511412,3988017,4499429,7.798051277639164
1995091,511412,3988856,4500268,7.799691833590138
1995246,511496,3989219,4500715,7.799120618734066
1995273,511496,3989257,4500753,7.799194910615137
1995298,511518,3989290,4500808,7.798923987034669
1995600,511718,3989771,4501489,7.79681582434075
1995646,511728,3989854,4501582,7.7968256573804835
1995669,511735,3989912,4501647,7.7968323448659955
1995782,511817,3990128,4501945,7.796005212800669
1996075,511901,3990430,4502331,7.795315891158642
1996145,511901,3990558,4502459,7.795565939507835
1996163,511908,3990588,4502496,7.795517944630676
1996172,511911,3990609,4502520,7.7955132825823235
1996198,511919,3990624,4502543,7.79542075992491
1996268,511947,3990705,4502652,7.795152623220763
1996276,511947,3990718,4502665,7.795178016474361
1996294,511959,3990753,4502712,7.795063667207725
1996297,511959,3990762,4502721,7.7950812467404615
1996455,511997,3990847,4502844,7.794668718762024
1996458,511997,3990856,4502853,7.7946862969900215
1996575,512050,3991106,4503156,7.794367737525632
1996582,512053,3991134,4503187,7.794376753968828
1996992,512053,3991989,4504042,7.796046502998713
1997003,512053,3992000,4504053,7.796067985149975
1997016,512060,3992026,4504086,7.796012186071945
1997156,512060,3992346,4504406,7.796637112838339
1997246,512090,3992465,4504555,7.796412739948056
1997287,512090,3992529,4504619,7.796537717979262
1997357,512093,3992633,4504726,7.796695131548371
1997542,512110,3992890,4505000,7.796938157817657
1997558,512110,3992916,4505026,7.796988928159966
1997694,512110,3993049,4505159,7.797248637987932
1998747,512136,3994728,4506864,7.800131215145977
1998778,512159,3994791,4506950,7.799903936082349
1998897,512247,3995030,4507277,7.799030545810908
1999225,512249,3995906,4508155,7.800710201484044
1999393,512309,3996073,4508382,7.800122582269685
1999449,512309,3996161,4508470,7.800294353603001
1999621,512309,3996537,4508846,7.801028285663535
1999695,512349,3996695,4509044,7.8007276290185015
1999707,512355,3996723,4509078,7.800690927189156
1999770,512417,3996803,4509220,7.799903203835938
1999838,512417,3996923,4509340,7.800137388103829
1999862,512429,3996950,4509379,7.8000074156614865
2000004,512528,3997261,4509789,7.799107560952767
2000082,512528,3997371,4509899,7.7993221833733966
2000127,512551,3997420,4509971,7.799067800082334
2000145,512566,3997436,4510002,7.7988707795679
2000157,512568,3997478,4510046,7.798922289335269
2000313,512596,3997745,4510341,7.799017159712522
2000348,512599,3997829,4510428,7.799135386530212
2000350,512599,3997839,4510438,7.799154894956876
2000419,512614,3997937,4510551,7.799117854760112
2000475,512614,3998025,4510639,7.799289523891271
2000617,512719,3998329,4511048,7.79828522055941
2000618,512719,3998331,4511050,7.7982891213315675
2000781,512768,3998502,4511270,7.797877402646031
2000800,512768,3998517,4511285,7.797906655641538
2000806,512774,3998522,4511296,7.797825162742261
2000930,512822,3998682,4511504,7.797407287518866
2001006,512868,3998838,4511706,7.797012096679848
2001028,512868,3998884,4511752,7.7971017883743965
2001092,512887,3998940,4511827,7.796922129045969
2001208,512928,3999090,4512018,7.796591334456298
2001268,512940,3999188,4512128,7.796599992201817
2001301,512945,3999204,4512149,7.796555186228543
2001328,512953,3999257,4512210,7.79653691468809
2002560,512953,3999257,4512210,7.79653691468809
2002580,512953,3999278,4512231,7.796577854111391
2002607,512965,3999313,4512278,7.796463696353553
2002693,513016,3999488,4512504,7.796029753457982
2002736,513038,3999560,4512598,7.795835786043139
2002794,513056,3999686,4512742,7.795807865028379
2002816,513056,3999725,4512781,7.795883880122248
2003099,513192,4000111,4513303,7.79457006344604
2003277,513217,4000396,4513613,7.794745692367946
2003354,513256,4000551,4513807,7.794455398475614
2003365,513258,4000574,4513832,7.794469837781389
2003385,513258,4000595,4513853,7.794510752876721
2003417,513269,4000625,4513894,7.794402155594825
2003652,513269,4001316,4514585,7.795748428212107
2003661,513273,4001327,4514600,7.795709106070259
2003690,513273,4001399,4514672,7.79584938229753
2003719,513285,4001456,4514741,7.795778173918973
2003778,513320,4001603,4514923,7.795533000857165
2003883,513320,4001859,4515179,7.796031715109484
2003905,513320,4001909,4515229,7.796129120236889
2003952,513322,4002001,4515323,7.796277969773358
2003968,513329,4002026,4515355,7.7962203577043185
2004406,513510,4002577,4516087,7.794545383731573
2004416,513520,4002594,4516114,7.794426701978502
2004484,513555,4002767,4516322,7.794232360701385
2004511,513574,4002806,4516380,7.794019946492618
2004602,513649,4003031,4516680,7.7933199519516245
2004609,513658,4003058,4516716,7.793235966343365
2004648,513669,4003121,4516790,7.79319172463201
2004674,513679,4003195,4516874,7.793184070207269
2005182,513679,4004099,4517778,7.79494392412382
2005196,513679,4004132,4517811,7.7950081665787385
2005196,513679,4004132,4517811,7.7950081665787385
2005256,513707,4004200,4517907,7.794715664766102
2005327,513764,4004336,4518100,7.794115586144611
2005494,513885,4004686,4518571,7.792961460248889
2005522,513892,4004722,4518614,7.792925361749162
2005561,513892,4004838,4518730,7.793151090112319
2006619,514427,4007341,4521768,7.7899118825411575
2006642,514444,4007385,4521829,7.789739991136061
2006667,514453,4007457,4521910,7.78974366948973
2006685,514454,4007462,4521916,7.789738246762587
2006697,514454,4007481,4521935,7.789775179121943
2006762,514497,4007649,4522146,7.78945066735083
2006805,514516,4007702,4522218,7.7892660286560575
2008816,515475,4017238,4532713,7.793274164605461
2008833,515475,4017256,4532731,7.793309083854697
2008851,515482,4017266,4532748,7.793222653749306
2008888,515484,4017311,4532795,7.79327971382235
2008937,515509,4017372,4532881,7.793020102461838
2009108,515554,4017771,4533325,7.793113815429615
2009156,515554,4017828,4533382,7.793224376108031
2009230,515600,4017988,4533588,7.792839410395656
2009284,515616,4018082,4533698,7.792779898218829
2009295,515619,4018094,4533713,7.792757830879002
2009303,515622,4018116,4533738,7.792755157848191
2009424,515622,4018312,4533934,7.793135281271939
2009513,515665,4018401,4534066,7.792658024104797
2009755,515665,4018985,4534650,7.793790542309445
2009856,515708,4019147,4534855,7.793454823272084
2009925,515730,4019263,4534993,7.793347294126772
2009958,515735,4019279,4535014,7.793302762077423
2010362,515739,4020243,4535982,7.795111480807153
2010363,515739,4020243,4535982,7.795111480807153
2010522,515739,4020243,4535982,7.795111480807153
2010547,515748,4020309,4536057,7.795103422601736
2010579,515748,4020358,4536106,7.7951984302411255
2010627,515748,4020423,4536171,7.795324460783173
2010663,515748,4020448,4536196,7.795372934068576
2010681,515748,4020463,4536211,7.795402018039818
2010768,515748,4020694,4536442,7.7958499111969415
2011041,515748,4021492,4537240,7.797397178467003
2011745,515748,4022355,4538103,7.799070476279113
2011763,515751,4022390,4538141,7.799092973159529
2011773,515751,4022406,4538157,7.799123995881733
2011938,515871,4022691,4538562,7.79786225626174
2012667,515871,4023528,4539399,7.799484754909658
2012804,515903,4023706,4539609,7.7993460010893525
2012866,515911,4023753,4539664,7.799316161120814
2012870,515911,4023761,4539672,7.799331667671362
2012903,515926,4023784,4539710,7.799149490430798
2012915,515926,4023799,4539725,7.799178564367758
2012924,515926,4023813,4539739,7.799205700042254
2012937,515935,4023840,4539775,7.799121982420266
2012988,515971,4023901,4539872,7.798696050747038
2013003,515971,4023945,4539916,7.798781326857517
2013058,515987,4024074,4540061,7.798789504386739
2013215,516051,4024507,4540558,7.798661372616272
2013266,516103,4024644,4540747,7.798141068740154
2013305,516108,4024823,4540931,7.798412347803173
2013416,516133,4024957,4541090,7.798294238113044
2013424,516141,4024991,4541132,7.798239240827603
2014192,516525,4025976,4542501,7.794348773050675
2015534,516525,4029272,4545797,7.800729877547069
2015551,516533,4029325,4545858,7.800711667986363
2015596,516539,4029507,4546046,7.800973401814771
2015631,516555,4029544,4546099,7.800803399444396
2015640,516562,4029572,4546134,7.800751894254707
2015777,516614,4029736,4546350,7.800284157998041
2016172,516799,4030294,4547093,7.798571591663297
2016204,516825,4030338,4547163,7.79826440284429
2016507,517053,4030994,4548047,7.796094404248694
2016616,517134,4031224,4548358,7.795318041358719
2016660,517149,4031387,4548536,7.7954071263794384
2016692,517154,4031485,4548639,7.795521256724302
2016813,517195,4031625,4548820,7.795173967265732
2017066,517311,4032417,4549728,7.794956998787963
2017175,517336,4032592,4549928,7.794918582893903
2017748,517434,4033883,4551317,7.79593725963118
2017868,517465,4034111,4551576,7.795910834549197
2017881,517470,4034151,4551621,7.795912806539509
2017901,517483,4034173,4551656,7.795759474224274
2017911,517483,4034183,4551666,7.79577879853058
2017929,517490,4034194,4551684,7.795694602794257
2018011,517534,4034348,4551882,7.795329388987004
2018057,517549,4034430,4551979,7.795261897907252
2018079,517553,4034449,4552002,7.79523836206147
2018089,517553,4034466,4552019,7.7952712089389875
2018128,517565,4034528,4552093,7.795210263445171
2018158,517577,4034602,4552179,7.795172505733446
2018196,517577,4034708,4552285,7.795377306178597
2018275,517583,4034820,4552403,7.795503329900711
2018380,517596,4034973,4552569,7.795603134490993
2018584,517639,4035415,4553054,7.7958094347605185
2018769,517681,4035517,4553198,7.795373985137566
2018778,517686,4035526,4553212,7.795316079631283
2018859,517686,4035570,4553256,7.7954010732374455
2018883,517695,4035585,4553280,7.795294526700084
2018968,517742,4035840,4553582,7.795079402482317
2019164,517746,4036108,4553854,7.795536807623815
2019231,517790,4036369,4554159,7.795378435272987
2019441,517790,4036789,4554579,7.796189574924197
2019499,517813,4036874,4554687,7.796007438978936
2019907,517813,4037981,4555794,7.7981452763835595
2020002,517852,4038113,4555965,7.7978128886245495
2021018,518247,4039310,4557557,7.7941792234204925
2021037,518250,4039363,4557613,7.7942363724071395
2021231,518397,4039800,4558197,7.792869171696595
2021238,518397,4039800,4558197,7.792869171696595
2022257,518397,4041305,4559702,7.7957723520776545
2022288,518410,4041338,4559748,7.795640516193746
2022325,518435,4041367,4559802,7.795320531985688
2022348,518456,4041401,4559857,7.7950703627694535
2022368,518456,4041437,4559893,7.795139799712994
2022525,518522,4041636,4560158,7.794531379575023
2022577,518556,4041707,4560263,7.794157236634038
2022602,518570,4041750,4560320,7.794029735619106
2022686,518593,4041847,4560440,7.793871108942851
2022823,518625,4042078,4560703,7.793835623041697
2023032,518683,4042248,4560931,7.793291856490381
2023092,518699,4042320,4561019,7.793190270272355
2023094,518699,4042325,4561024,7.793199909774263
2023186,518699,4042380,4561079,7.793305944295247
2023237,518707,4042401,4561108,7.793226233692624
2023275,518722,4042422,4561144,7.793041359340841
2023333,518729,4042467,4561196,7.793022946471086
2023372,518744,4042539,4561283,7.7929364002282435
2023627,518946,4043037,4561983,7.790862633106335
2023771,518946,4043212,4562158,7.791199855090896
2023800,518961,4043282,4562243,7.791109543877093
2024239,519157,4044080,4563237,7.789705233676903
2024544,519157,4044990,4564147,7.791458075302847
2024576,519176,4045064,4564240,7.791315469128003
2024609,519176,4045128,4564304,7.791438741390203
2024832,519176,4045606,4564782,7.79235943109851
2024935,519262,4045862,4565124,7.791561870500826
2024959,519262,4045877,4565139,7.791590757652206
2024992,519262,4045941,4565203,7.7917140094980955
2025045,519291,4046064,4565355,7.791515739729747
2025356,519428,4046930,4566358,7.79112793303403
2025382,519448,4046982,4566430,7.790928062096687
2025527,519549,4047208,4566757,7.789848503221063
2025538,519554,4047223,4566777,7.789802407449466
2025547,519556,4047243,4566799,7.789810915473981
2025579,519556,4047292,4566848,7.78990522677055
2025599,519567,4047321,4566888,7.789796118691141
2025656,519567,4047441,4567008,7.790027080241817
2025679,519567,4047470,4567037,7.7900828959498964
2025766,519599,4047593,4567192,7.789839857274552
2025800,519620,4047667,4567287,7.789667449289865
2025840,519630,4047724,4567354,7.789627234763197
2025896,519630,4047916,4567546,7.789996728441391
2025922,519647,4047949,4567596,7.789805387118563
2025931,519647,4047968,4567615,7.7898419504009455
2026011,519696,4048112,4567808,7.78938456328315
2026049,519723,4048185,4567908,7.789120358344734
2026105,519749,4048392,4568141,7.789128983413147
2026297,519844,4048725,4568569,7.788346119220382
2026394,519844,4048794,4568638,7.788478851347712
2026407,519850,4048806,4568656,7.788412041935174
2026473,519898,4048904,4568802,7.787881469057392
2026483,519901,4048912,4568813,7.787851917961304
2026499,519901,4048938,4568839,7.7879019274823476
2026529,519918,4049035,4568953,7.787833850722614
2026540,519918,4049047,4568965,7.787856931285318
2026730,519918,4049368,4569286,7.788474336337654
2026819,519946,4049451,4569397,7.788214545356634
2026865,519961,4049504,4569465,7.788091799192632
2027039,519961,4049986,4569947,7.789018791794
2027206,520082,4050300,4570382,7.787810383747178
2027219,520086,4050314,4570400,7.787777406044385
2027257,520095,4050370,4570465,7.787750314846326
2027261,520095,4050375,4570470,7.787759928474606
2027273,520098,4050423,4570521,7.787807297855404
2027406,520202,4050560,4570762,7.786513700447134
2027438,520217,4050623,4570840,7.786410286476605
2028179,520217,4052369,4572586,7.789766578177953
2028245,520228,4052498,4572726,7.789849835072315
2029709,520228,4054584,4574812,7.793859615399402
2030663,520999,4057892,4578891,7.788675218186599
2030688,521008,4057913,4578921,7.78858098148205
2030786,521031,4058082,4579113,7.788561525129983
2030799,521037,4058097,4579134,7.788500624715711
2030860,521043,4058214,4579257,7.788635486898394
2030894,521051,4058342,4579393,7.788761560768523
2030985,521079,4058564,4579643,7.788769073403457
2031039,521087,4058572,4579659,7.788664848672103
2031046,521094,4058584,4579678,7.788583249855113
2031073,521119,4058617,4579736,7.788272928064416
2031116,521133,4058672,4579805,7.788169238946679
2031160,521145,4058847,4579992,7.7883257058975905
2031301,521170,4058951,4580121,7.788151658767773
2031449,521170,4059386,4580556,7.788986319243241
2031645,521216,4059978,4581194,7.7894347065324165
2031670,521231,4060026,4581257,7.789302631654679
2031725,521244,4060066,4581310,7.789185103329727
2031742,521250,4060103,4581353,7.789166426858513
2031789,521267,4060156,4581423,7.789014075320325
2033214,521277,4063335,4584612,7.794963138600015
2033240,521293,4063367,4584660,7.794785274308307
2033242,521295,4063367,4584662,7.794755368841059
2033255,521295,4063390,4584685,7.794799489732301
2033707,521295,4064222,4585517,7.79639551501549
2033877,521295,4064443,4585738,7.796819459231338
2033899,521312,4064481,4585793,7.796638097722669
2034680,521315,4065791,4587106,7.799106106672549
2034780,521383,4065962,4587345,7.798416902737527
2034869,521400,4066141,4587541,7.798505945531262
2034949,521400,4066263,4587663,7.79873993095512
2034993,521414,4066335,4587749,7.798668620328568
2035029,521424,4066399,4587823,7.798641796311639
2035144,521442,4066486,4587928,7.798539434874828
2035650,521631,4066987,4588618,7.79667427741066
2035698,521684,4067090,4588774,7.796079619079749
2035766,521691,4067235,4588926,7.796252954335038
2035893,521691,4067374,4589065,7.796519395580909
2035948,521691,4067481,4589172,7.7967244978349255
2035975,521709,4067515,4589224,7.7965206657351125
2036004,521737,4067627,4589364,7.7963169182940835
2036203,521811,4067868,4589679,7.795673146024135
2036294,521811,4068048,4589859,7.796018098506931
2036356,521844,4068159,4590003,7.795737806700853
2036402,521844,4068209,4590053,7.795833620775557
2036529,521912,4068372,4590284,7.795130213522587
2037023,521933,4069432,4591365,7.796847488087551
2037090,521967,4069586,4591553,7.796634653148571
2037121,521983,4069627,4591610,7.79647421467749
2037151,521992,4069662,4591654,7.796406841484161
2037214,521999,4069703,4591702,7.796380835978613
2037217,522000,4069704,4591704,7.796367816091954
2037227,522004,4069720,4591724,7.796338725373752
2037257,522004,4069720,4591724,7.796338725373752
2037703,522263,4070530,4592793,7.794023317753699
2037739,522279,4070579,4592858,7.793878367692364
2037748,522287,4070591,4592878,7.793781962790573
2037755,522297,4070603,4592900,7.793655716957976
2037759,522297,4070612,4592909,7.793672948533114
2037773,522306,4070649,4592955,7.793609493285545
2037894,522386,4070927,4593313,7.792948126481185
2037951,522412,4070992,4593404,7.79268470096399
2037965,522412,4071018,4593430,7.7927344701117125
2038060,522416,4071095,4593511,7.792822195338581
2038254,522493,4071348,4593841,7.792157981063861
2038287,522502,4071375,4593877,7.79207543703182
2038397,522502,4071715,4594217,7.792726152244393
2038415,522502,4071735,4594237,7.792764429609838
2039891,522538,4074829,4597367,7.798148651389947
2039928,522543,4074858,4597401,7.7981295319236885
2040003,522552,4074967,4597519,7.798203815122705
2040065,522552,4075022,4597574,7.798309067805692
2040095,522552,4075083,4597635,7.79842580259955
2041116,522552,4076292,4598844,7.800739447940109
2041137,522552,4076338,4598890,7.800827477456789
2041238,522583,4076604,4599187,7.800873736803531
2041317,522583,4076769,4599352,7.801189476121497
2041326,522585,4076785,4599370,7.801190236994938
2041417,522585,4076812,4599397,7.801241903231054
2041578,522585,4077199,4599784,7.801982452615364
2041663,522629,4077326,4599955,7.801568607941771
2041678,522639,4077368,4600007,7.801499696731396
2041722,522649,4077397,4600046,7.801405914868296
2041765,522669,4077472,4600141,7.801250887272825
2041773,522672,4077487,4600159,7.8012348088284815
2041844,522693,4077556,4600249,7.8010533908049275
2042077,522693,4077911,4600604,7.8017325657699645
2042112,522700,4077991,4600691,7.801781136407117
2042123,522704,4078009,4600713,7.80175586947871
2042168,522729,4078102,4600831,7.801560655712616
2042195,522729,4078178,4600907,7.801706046536542
2042200,522729,4078178,4600907,7.801706046536542
2042246,522729,4078321,4601050,7.8019796108499815
2043049,522729,4080267,4602996,7.805702381157349
2043150,522730,4080616,4603346,7.806355097277753
2043161,522730,4080639,4603369,7.806399097048189
2043288,522812,4080904,4603716,7.805681583437258
2043297,522814,4080928,4603742,7.805697628602141
2043398,522893,4081165,4604058,7.804971571621728
2043681,522893,4081613,4604506,7.805828343466063
2043700,522893,4081628,4604521,7.8058570300233505
2043705,522896,4081642,4604538,7.805839019613843
2043722,522909,4081672,4604581,7.805702330615843
2043744,522928,4081735,4604663,7.80553919468837
2043781,522949,4081796,4604745,7.805342394765073
2043866,522949,4082026,4604975,7.805782208207684
2044206,523046,4082793,4605839,7.805801019413207
2044917,523185,4083652,4606837,7.805369037720883
2044950,523190,4083668,4606858,7.805325025325407
2044995,523210,4083744,4606954,7.805171919496951
2045077,523251,4083850,4607101,7.8047629149299285
2045084,523258,4083862,4607120,7.804681438219769
2045313,523329,4084390,4607719,7.804631503318181
2045345,523329,4084450,4607779,7.804746153949045
2045356,523329,4084462,4607791,7.804769084075218
2045377,523329,4084492,4607821,7.804826409390651
2045438,523329,4084610,4607939,7.805051888964686
2045445,523331,4084615,4607946,7.805031614790639
2045676,523335,4085120,4608455,7.805936923767758
2045699,523344,4085166,4608510,7.805890580574154
2045765,523379,4085240,4608619,7.8055099650540045
2045950,523387,4086306,4609693,7.807427391203832
2045976,523387,4086323,4609710,7.807459871949437
2045977,523387,4086325,4609712,7.807463693213625
2046001,523398,4086353,4609751,7.807353104138724
2046050,523411,4086433,4609844,7.807312035857099
2046066,523411,4086459,4609870,7.807361710013737
2046120,523427,4086521,4609948,7.807241506456488
2046207,523427,4086686,4610113,7.8075567366605085
2046269,523454,4086802,4610256,7.807375624219129
2046329,523476,4086890,4610366,7.807215612559124
2046377,523511,4086992,4610503,7.806888489449124
2046540,523511,4087288,4610799,7.807453902592305
2046624,523529,4087398,4610927,7.807395578850455
2046640,523529,4087424,4610953,7.807445241810864
2046727,523529,4087554,4611083,7.80769355661291
2046741,523535,4087594,4611129,7.807680479815103
2046757,523538,4087628,4611166,7.807700682662959
2047289,523538,4088946,4612484,7.810218169454748
2047469,523641,4089150,4612791,7.809071482179585
2047543,523676,4089242,4612918,7.808725242325408
2047611,523697,4089327,4613024,7.808574423760304
2047695,523697,4089327,4613024,7.808574423760304
2047713,523697,4089344,4613041,7.808606885279083
2047774,523707,4089417,4613124,7.808597173610435
2048054,523800,4089807,4613607,7.8079553264604815
2048793,524317,4091223,4615540,7.802956989760012
2048804,524317,4091241,4615558,7.802991320136482
2049073,524349,4091637,4615986,7.803270340937048
2049162,524379,4091719,4616098,7.802980287158715
2049251,524379,4091946,4616325,7.803413180161677
2049260,524381,4091969,4616350,7.803427279020407
2049260,524381,4091969,4616350,7.803427279020407
2049543,524381,4092642,4617023,7.804710696993217
2049588,524410,4092742,4617152,7.804469785091817
2051901,524449,4096371,4620820,7.810809058650126
2052442,524484,4097659,4622143,7.812743572730532
2052472,524500,4097698,4622198,7.812579599618685
2052507,524500,4097732,4622232,7.812644423260248
2052569,524500,4097899,4622399,7.812962821734986
2052588,524500,4097980,4622480,7.813117254528122
2052629,524521,4098051,4622572,7.812939806032552
2052644,524528,4098071,4622599,7.81287366927981
2052800,524595,4098287,4622882,7.812287574223925
2053331,524595,4098896,4623491,7.813448469771919
2053347,524595,4098922,4623517,7.813498031815019
2053365,524604,4098941,4623545,7.8134002028196505
2053492,524604,4099157,4623761,7.813811941960031
2053545,524604,4099183,4623787,7.813861503152855
2053848,524713,4099930,4624643,7.813661944720256
2053853,524714,4099943,4624657,7.813671828843903
2053924,524750,4100115,4624865,7.813463554073368
2053938,524754,4100131,4624885,7.81343448549225
2053980,524772,4100236,4625008,7.813366566813778
2053990,524772,4100252,4625024,7.813397056245379
2054002,524774,4100266,4625040,7.813393956255455
2054295,524797,4100902,4625699,7.814263419950953
2054537,524797,4101349,4626146,7.815115177868776
2054545,524802,4101355,4626157,7.8150521530024655
2054548,524802,4101364,4626166,7.815069302327354
2054591,524817,4101391,4626208,7.814897383278362
2054609,524824,4101406,4626230,7.814821730713534
2054629,524831,4101420,4626251,7.814744174791504
2054673,524853,4101491,4626344,7.814551884051344
2054898,524853,4102070,4626923,7.815655050080689
2054899,524857,4102079,4626936,7.8156126335363725
2054907,524857,4102079,4626936,7.8156126335363725
2055235,524905,4102325,4627230,7.815366590144883
2055257,524919,4102348,4627267,7.8152019644935695
2055322,524919,4102566,4627485,7.815617266664
2055627,525053,4103123,4628176,7.81468347004969
2055684,525068,4103234,4628302,7.8146716234849585
2055703,525090,4103296,4628386,7.814462282656306
2055733,525099,4103354,4628453,7.81443880106418
2055815,525122,4103617,4628739,7.814597369754076
2055853,525129,4103818,4628947,7.814875963810797
2055924,525129,4103990,4629119,7.8152035023775115
2055940,525134,4104007,4629141,7.815161463550256
2056051,525215,4104286,4629501,7.814487400397932
2056330,525313,4104608,4629921,7.81364253311835
2056351,525313,4104638,4629951,7.813699641927765
2056359,525318,4104642,4629960,7.813632885223807
2056434,525318,4104642,4629960,7.813632885223807
2056446,525320,4104647,4629967,7.813612655143531
2056471,525320,4104690,4630010,7.813694510012945
2056838,525320,4105007,4630327,7.814297951724663
2056870,525332,4105024,4630356,7.814151812568052
2056916,525343,4105056,4630399,7.8140491069644025
2056917,525343,4105058,4630401,7.814052914000948
2057050,525361,4105329,4630690,7.814301023486707
2057104,525361,4105438,4630799,7.814508499869613
2057193,525361,4105523,4630884,7.814670293379219
2057195,525363,4105526,4630889,7.814646254113822
2057200,525363,4105531,4630894,7.814655771342862
2057332,525406,4105920,4631326,7.814756588238429
2057352,525417,4105946,4631363,7.814642464937373
2057364,525417,4105946,4631363,7.814642464937373
2057432,525417,4106088,4631505,7.814912726462981
2057522,525462,4106227,4631689,7.814507994869277
2057597,525481,4106372,4631853,7.8145013806398325
2057794,525501,4106760,4632261,7.814942312193507
2058453,525762,4107910,4633672,7.813250101757069
2058514,525778,4108046,4633824,7.813271000308115
2058528,525782,4108085,4633867,7.81328573439182
2058559,525793,4108145,4633938,7.813236387703906
2058570,525793,4108155,4633948,7.813255406595371
2058826,526003,4108818,4634821,7.811396512947645
2059084,526013,4109525,4635538,7.812592084226055
2059381,526069,4110186,4636255,7.813016923635493
2059449,526120,4110307,4636427,7.812489546111153
2059544,526187,4110541,4636728,7.811939481591145
2059632,526193,4110593,4636786,7.811949227754835
2059660,526193,4110613,4636806,7.811987236622304
2059710,526202,4110686,4636888,7.811992352746664
2059801,526202,4110866,4637068,7.812334426703053
2059820,526211,4110891,4637102,7.812248318640242
2059842,526216,4110912,4637128,7.8122139957735985
2059876,526236,4110953,4637189,7.811994998441763
2059917,526260,4111096,4637356,7.811910462509026
2059961,526278,4111193,4637471,7.811827589220906
2060539,526278,4112075,4638353,7.813503509551986
2060643,526325,4112243,4638568,7.8131249703130194
2060750,526325,4112421,4638746,7.813463164394623
2060809,526347,4112512,4638859,7.8133094707483846
2060927,526382,4112733,4639115,7.813209798207385
2060945,526386,4112759,4639145,7.813199819144126
2060971,526388,4112774,4639162,7.813198629148081
2061012,526394,4112830,4639224,7.813215956108922
2061045,526394,4112886,4639280,7.813322340300231
2061110,526394,4112990,4639384,7.813519910941234
2061725,526552,4113693,4640245,7.812510445312144
2061912,526631,4113961,4640592,7.8118473846013625
2061969,526650,4114050,4640700,7.811734548561663
2062001,526652,4114097,4640749,7.8117941259123675
2062032,526652,4114157,4640809,7.811908053135657
2062158,526730,4114477,4641207,7.811358760655364
2062169,526738,4114498,4641236,7.811279991191067
2062182,526740,4114548,4641288,7.811345255723887
2062295,526740,4114548,4641288,7.811345255723887
2062300,526745,4114565,4641310,7.8113033820919044
2062329,526747,4114580,4641327,7.811302200107452
2062357,526763,4114620,4641383,7.811140873599703
2062486,526763,4115003,4641766,7.8118679557979585
2062580,526779,4115214,4641993,7.8120312313133216
2062644,526793,4115299,4642092,7.811984973224777
2062674,526793,4115360,4642153,7.812100768233443
2062710,526805,4115422,4642227,7.812040508347491
2062788,526814,4115814,4642628,7.8126511444266855
2062791,526814,4115823,4642637,7.812668228255133
2062871,526814,4115979,4642793,7.812964347948232
2062916,526814,4116116,4642930,7.813224401781274
2063453,526850,4117276,4644126,7.814892284331403
2063522,526869,4117365,4644234,7.814779385388019
2063541,526880,4117390,4644270,7.814663680534467
2063578,526880,4117426,4644306,7.814732007288187
2063643,526880,4117554,4644434,7.814974946856969
2063681,526889,4117615,4644504,7.8149572300807195
2063721,526901,4117723,4644624,7.814984219046842
2063745,526901,4117783,4644684,7.815098092431026
2064110,526943,4118384,4645327,7.815615730733684
2064532,527135,4119115,4646250,7.814155766549366
2066488,527135,4122776,4649911,7.821100856516831
2066509,527139,4122819,4649958,7.8211230813884
2066531,527145,4122843,4649988,7.821079589107361
2066589,527182,4122979,4650161,7.820788646046337
2066686,527182,4123048,4650230,7.820919530636479
2067568,527649,4125059,4652708,7.817808808507171
2067601,527649,4125118,4652767,7.8179206252641436
2067661,527649,4125210,4652859,7.81809498359705
2067698,527673,4125302,4652975,7.8179137458236445
2067816,527733,4125406,4653139,7.817221966411045
2067846,527739,4125431,4653170,7.817180462311862
2067938,527742,4125628,4653370,7.81750931326292
2067955,527742,4125658,4653400,7.817566159221741
2068061,527742,4125721,4653463,7.817685535735264
2068102,527742,4125818,4653560,7.817869337668785
2068307,527779,4125959,4653738,7.8175884224268115
2068847,527786,4127293,4655079,7.820012277703463
2068934,527786,4127405,4655191,7.820224484923814
2069055,527867,4127683,4655550,7.819551136934114
2069059,527867,4127688,4655555,7.819560609017044
2069119,527867,4127798,4655665,7.819768994841503
2069133,527867,4127831,4655698,7.819831510588841
2069212,527898,4127927,4655825,7.819554156295345
2069227,527906,4127952,4655858,7.8194830140214355
2069288,527911,4128053,4655964,7.819600273530955
2069303,527924,4128064,4655988,7.819428554110061
2069335,527924,4128094,4656018,7.8194853804714315
2069389,527963,4128326,4656289,7.819347189102267
2069490,527993,4128474,4656467,7.819183208868299
2069874,528105,4128722,4656827,7.817994527603412
2069914,528118,4128766,4656884,7.817885396824194
2069953,528127,4128855,4656982,7.817920689531117
2069961,528127,4128872,4656999,7.817952878758329
2070168,528205,4129066,4657271,7.817165683778079
2070365,528309,4129636,4657945,7.816705753640388
2070383,528309,4129713,4658022,7.816851501677995
2070947,528396,4130516,4658912,7.8170841565795355
2070956,528398,4130547,4658945,7.81711323661331
2071015,528412,4130615,4659027,7.817034813743821
2071173,528412,4130864,4659276,7.817506036956011
2071229,528418,4130898,4659316,7.817481614933632
2071544,528440,4131562,4660002,7.818412686397699
2071567,528440,4131583,4660023,7.818452426008629
2071660,528489,4131712,4660201,7.817971613411064
2072098,528539,4132254,4660793,7.818257498500584
2072133,528539,4132288,4660827,7.818321826771534
2072240,528539,4132525,4661064,7.81877023266022
2072263,528543,4132571,4661114,7.818798092113603
2072332,528543,4132679,4661222,7.819002427427853
2072435,528575,4132890,4661465,7.818928250484794
2072448,528583,4132912,4661495,7.818851533250218
2072470,528583,4132947,4661530,7.818917748016868
2072560,528603,4133122,4661725,7.818952976051971
2072570,528607,4133152,4661759,7.818950562516198
2072607,528620,4133209,4661829,7.8188661041958305
2072641,528638,4133279,4661917,7.818732289392742
2072736,528638,4133382,4662020,7.818927129718257
2072779,528638,4133444,4662082,7.8190444122442955
2072805,528638,4133484,4662122,7.819120078390127
2073061,528684,4133974,4662658,7.819366578144979
2073068,528687,4133984,4662671,7.819341122441066
2073073,528688,4133987,4662675,7.819332006779045
2073139,528692,4134033,4662725,7.819359854130571
2073297,528692,4134585,4663277,7.820403940290377
2073310,528695,4134623,4663318,7.82043143967694
2073332,528707,4134646,4663353,7.820297442628904
2074010,528777,4136079,4664856,7.821972211348073
2074082,528820,4136207,4665027,7.821578230777958
2074254,528820,4136328,4665148,7.8218070420937185
2074467,528831,4137376,4666207,7.823626073358029
2074500,528831,4137440,4666271,7.8237470950076675
2074513,528834,4137445,4666279,7.823712166766887
2074517,528836,4137472,4666308,7.8237336338675885
2074782,528836,4137928,4666764,7.824595904968648
2074833,528852,4137957,4666809,7.8244140137505385
2075085,528936,4138234,4667170,7.823695116233344
2075130,528941,4138405,4667346,7.823944447490363
2075250,528954,4138502,4667456,7.823935540708644
2075288,528966,4138531,4667497,7.823812872661003
2075312,528966,4138586,4667552,7.823916849098052
2076310,528966,4139790,4668756,7.826192987829085
2076334,528973,4139821,4668794,7.826148026458817
2076476,529062,4140090,4669152,7.825339941254522
2076518,529065,4140126,4669191,7.825363613166624
2076546,529065,4140152,4669217,7.825412756466597
2076567,529065,4140198,4669263,7.8254997023050095
2076605,529065,4140260,4669325,7.825616890174175
2076654,529087,4140319,4669406,7.825403005554852
2077154,529116,4140879,4669995,7.826032476810378
2077167,529116,4140884,4670000,7.826041926534068
2077415,529249,4141173,4670422,7.82462130301616
2077474,529251,4141257,4670508,7.824750449219747
2077484,529251,4141269,4670520,7.824773122771615
2077518,529259,4141307,4670566,7.82472664612222
2077563,529283,4141401,4670684,7.824549437635443
2077843,529369,4141616,4670985,7.823684424286273
2077881,529390,4141828,4671218,7.8237745329530215
2078245,529665,4142583,4672248,7.821137889043074
2078289,529668,4142699,4672367,7.821312595814737
2078400,529668,4142963,4672631,7.821811021243496
2079970,529737,4152525,4682262,7.838842670985791
2079980,529739,4152527,4682266,7.838816851317347
2080061,529739,4152582,4682321,7.838920676031027
2080112,529739,4152608,4682347,7.838969756804766
2080437,529739,4153214,4682953,7.84011371637731
2080557,529772,4153505,4683277,7.840174641166389
2080941,529859,4153846,4683705,7.839530894068044
2080949,529859,4153873,4683732,7.839581851020744
2080974,529867,4153917,4683784,7.8395465277135585
2081244,529867,4154299,4684166,7.840267463344575
2081785,529867,4154772,4684639,7.841160140186123
2081792,529868,4154776,4684644,7.841152890908679
2081897,529868,4155032,4684900,7.841636030105612
2082322,529881,4155499,4685380,7.842324974852844
2082336,529881,4155520,4685401,7.842364606392756
2082877,529881,4155993,4685874,7.8432572596488646
2082912,529912,4156112,4686024,7.843022992496867
2082957,529914,4156124,4686038,7.843016036564424
2082967,529914,4156140,4686054,7.843046230143004
2083083,529999,4156496,4686495,7.842460080113359
2083128,530021,4156560,4686581,7.8422553068652
2083130,530022,4156562,4686584,7.8422442841995235
2083217,530088,4156760,4686848,7.841641387845037
2083251,530101,4156804,4686905,7.841532085395047
2083256,530106,4156817,4686923,7.8414826468668535
2083260,530106,4156819,4686925,7.841486419697192
2083295,530118,4156896,4687014,7.841454166808145
2083523,530118,4157370,4687488,7.842348307357985
2084348,530118,4158918,4689036,7.845268411938474
2084400,530142,4159013,4689155,7.845092446929313
2084611,530151,4160262,4690413,7.847315198877301
2084881,530160,4161928,4692088,7.850324430360645
2084909,530167,4161956,4692123,7.850273593037666
2085237,530193,4162563,4692756,7.851033491577596
2085635,530487,4163495,4693982,7.848439264298654
2085721,530511,4163610,4694121,7.848300977736559
2087396,530526,4165801,4696327,7.852208939806909
2087533,530534,4165849,4696383,7.85218101007664
2087667,530567,4166090,4696657,7.852146854214453
2087863,530576,4167098,4697674,7.853913482705588
2087883,530581,4167116,4697697,7.85387339539109
2087921,530597,4167197,4697794,7.85378922232881
2088111,530597,4167515,4698112,7.854388547240184
2088145,530597,4167617,4698214,7.854580783532511
2088842,530597,4169512,4700109,7.858152232296828
2088877,530609,4169568,4700177,7.858080055181876
2088903,530615,4169611,4700226,7.858072236932616
2088931,530621,4169660,4700281,7.858075726365899
2089094,530621,4169880,4700501,7.858490334909474
2089140,530641,4169961,4700602,7.858346791898854
2089185,530649,4170047,4700696,7.8583903861121005
2089188,530649,4170056,4700705,7.8584073464757305
2089238,530649,4170235,4700884,7.858744669263487
2089267,530661,4170269,4700930,7.858631028095149
2089283,530667,4170303,4700970,7.858606244594068
2089842,530667,4171886,4702553,7.8615892829213045
2089857,530667,4171893,4702560,7.8616024738677925
2089973,530667,4172054,4702721,7.861905865637019
2090236,530706,4172238,4702944,7.86167482560966
2090255,530718,4172260,4702978,7.861538519515072
2090270,530724,4172281,4703005,7.861489210964645
2090431,530724,4172645,4703369,7.862175066512915
2090445,530724,4172671,4703395,7.8622240561949335
2090738,530874,4173249,4704123,7.86109133240656
2090751,530881,4173268,4704149,7.861023468536263
2090881,530965,4173511,4704476,7.860237492113416
2090905,530974,4173557,4704531,7.860190894469409
2091009,530996,4173641,4704637,7.860023427671772
2091274,531019,4174240,4705259,7.86081100676247
2091288,531021,4174258,4705279,7.860815297323458
2091318,531029,4174285,4705314,7.8607477181095575
2091353,531029,4174297,4705326,7.860770315745468
2091390,531039,4174345,4705384,7.860712678353191
2091590,531146,4174866,4706012,7.860110026245138
2091712,531249,4175139,4706388,7.859099970070532
2091730,531249,4175172,4706421,7.859162087834518
2091731,531249,4175172,4706421,7.859162087834518
2091763,531273,4175223,4706496,7.8589030498444306
2091770,531277,4175243,4706520,7.858881525080137
2091947,531277,4175472,4706749,7.859312561996849
2091984,531281,4175537,4706818,7.859375735251214
2091999,531281,4175544,4706825,7.859388910952961
2092032,531286,4175560,4706846,7.8593450608523465
2092078,531312,4175659,4706971,7.8591467913391755
2092120,531331,4175710,4707041,7.858961739480662
2092162,531357,4175807,4707164,7.858759741567345
2092168,531360,4175815,4707175,7.858730427582054
2092371,531366,4176623,4707989,7.860162298679253
2092387,531366,4176649,4708015,7.860211229171607
2092426,531373,4176689,4708062,7.860182959992322
2092781,531426,4176996,4708422,7.859976741822944
2093239,531426,4178241,4709667,7.862319495094331
2093291,531426,4178281,4709707,7.8623947642757415
2093926,531608,4179388,4710996,7.861785375690358
2094089,531617,4180315,4711932,7.863396016304971
2094096,531619,4180341,4711960,7.863415340685717
2094351,531682,4180526,4712208,7.862831542162421
2094380,531682,4180573,4712255,7.8629199408669095
2094384,531684,4180582,4712266,7.862907290796789
2094419,531692,4180630,4712322,7.8628792609254985
2094480,531705,4180695,4712400,7.862809264535786
2094645,531737,4180846,4712583,7.862620054651077
2094698,531741,4180941,4712682,7.862739566819185
2094716,531744,4180947,4712691,7.862706490341217
2094718,531744,4180951,4712695,7.862714012758019
2094934,531801,4181063,4712864,7.862081868969784
2095104,531801,4181408,4713209,7.862730607877759
2095191,531811,4181570,4713381,7.862887379162898
2095450,531811,4182066,4713877,7.863820041330473
2095461,531820,4182092,4713912,7.863735850475725
2095470,531824,4182099,4713923,7.863689867324529
2095490,531833,4182141,4713974,7.863635765362435
2095640,531874,4182256,4714130,7.863245806337591
2095670,531879,4182264,4714143,7.863186927853891
2095825,531917,4182411,4714328,7.86290154290989
2095896,531917,4182538,4714455,7.863140301964404
2096016,531972,4182741,4714713,7.862708939568248
2096163,532093,4183067,4715160,7.861533604088007
2096495,532093,4183689,4715782,7.862702572670567
2096556,532106,4183759,4715865,7.862642029971472
2096745,532225,4184263,4716488,7.861830992531354
2096796,532238,4184367,4716605,7.861834367331908
2096874,532261,4184506,4716767,7.861755792740779
2096877,532261,4184508,4716769,7.8617595502958135
2096900,532265,4184538,4716803,7.861756831653405
2096944,532282,4184614,4716896,7.861648524654225
2097007,532282,4184752,4717034,7.861907785722606
2097037,532294,4184769,4717063,7.861762484641946
2097453,532294,4185424,4717718,7.862993007623606
2097484,532303,4185480,4717783,7.8629652660232985
2097510,532326,4185535,4717861,7.862728854123225
2097599,532363,4185625,4717988,7.862351440652337
2097661,532367,4185673,4718040,7.862382529345358
2097700,532373,4185697,4718070,7.862338999160363
2097756,532402,4185794,4718196,7.862092929778626
2097787,532424,4185887,4718311,7.861942737367211
2097848,532438,4185981,4718419,7.8619125607112945
2097896,532460,4186108,4718568,7.861826240468767
2097928,532472,4186153,4718625,7.861733574723178
2097963,532476,4186213,4718689,7.861787197920657
2098055,532476,4186403,4718879,7.862144021514585
2098080,532493,4186449,4718942,7.861979406302055
2098124,532493,4186592,4719085,7.862247954433204
2098302,532545,4186946,4719491,7.862144983053075
2098317,532553,4186958,4719511,7.862049411044534
2098987,532899,4188009,4720908,7.858916980516008
2099022,532911,4188051,4720962,7.858818827158756
2099318,533038,4188515,4721553,7.8578168911034485
2099346,533038,4188555,4721593,7.857891932657709
2099366,533038,4188576,4721614,7.857931329473696
2099511,533090,4188710,4721800,7.857416196139488
2099631,533175,4189036,4722211,7.856774980072209
2099715,533233,4189300,4722533,7.8564154881637105
2099725,533237,4189310,4722547,7.856375307789969
2099789,533262,4189448,4722710,7.856265775547479
2099798,533273,4189480,4722753,7.856163728521789
2099810,533277,4189489,4722766,7.856121677852223
2099957,533277,4189687,4722964,7.856492967069647
2100123,533277,4190050,4723327,7.857173663968257
2100192,533308,4190237,4723545,7.857067585710321
2100268,533308,4190307,4723615,7.857198841944992
2100275,533311,4190316,4723627,7.857171519057361
2100287,533316,4190330,4723646,7.857124106533463
2100311,533326,4190375,4723701,7.857061159590945
2100314,533326,4190385,4723711,7.8570799098487605
2100339,533340,4190407,4723747,7.85691491356358
2100354,533348,4190424,4723772,7.856828937204227
2100375,533350,4190424,4723774,7.856799475016405
2100557,533488,4190795,4724283,7.85546254086315
2100721,533497,4191728,4725225,7.857078858925167
2100791,533497,4191849,4725346,7.857305664324261
2100919,533572,4192299,4725871,7.8570445975425995
2101051,533615,4192500,4726115,7.856788133766854
2101119,533637,4192656,4726293,7.8567565592340864
2101156,533638,4192700,4726338,7.856824289124837
2101186,533658,4192749,4726407,7.856621656566565
2101198,533659,4192776,4726435,7.856657528496662
2101251,533688,4192834,4726522,7.85633928437589
2101254,533688,4192843,4726531,7.856356148161472
2101312,533717,4192925,4726642,7.856082905359957
2101321,533720,4192947,4726667,7.856079967023907
2101357,533720,4192998,4726718,7.8561755227460095
2101379,533721,4193029,4726750,7.856218885897313
2101446,533788,4193226,4727014,7.855601849423366
2101477,533788,4193246,4727034,7.855639317481847
2101581,533859,4193447,4727306,7.854971069139979
2101587,533861,4193466,4727327,7.854977231901188
2101605,533864,4193484,4727348,7.854966808026014
2101646,533864,4193507,4727371,7.855009890159291
2101869,533971,4193773,4727744,7.853934015143144
2106218,535347,4202944,4738291,7.850878028643105
2106238,535347,4202974,4738321,7.850934067063045
2106398,535399,4203222,4738621,7.850634760244229
2106477,535422,4203338,4738760,7.850514173866595
2106512,535452,4203477,4738929,7.85033392348894
2106522,535454,4203511,4738965,7.8503680988469595
2106537,535454,4203555,4739009,7.85045027210554
2106587,535462,4203940,4739402,7.8510519887499015
2106619,535466,4203991,4739457,7.85108858452264
2106709,535512,4204242,4739754,7.850882893380541
2106763,535553,4204328,4739881,7.850442439870564
2106794,535561,4204352,4739913,7.850369985865289
2107376,535561,4205883,4741444,7.853228670496918
2107636,535561,4206201,4741762,7.8538224403942785
2107698,535581,4206269,4741850,7.85365612297673
2107723,535582,4206327,4741909,7.853749752605577
2107931,535625,4206558,4742183,7.853550525087514
2107936,535625,4206558,4742183,7.853550525087514
2109273,535625,4209854,4745479,7.859704084014003
2109321,535644,4209901,4745545,7.859513034776829
2109357,535651,4209962,4745613,7.859524205126099
2109511,535680,4210014,4745694,7.8591957885304655
2109562,535694,4210157,4745851,7.859257337211169
2109660,535694,4210239,4745933,7.8594104096741795
2109704,535720,4210317,4746037,7.859174568804599
2109771,535778,4210413,4746191,7.858502962047714
2109815,535800,4210461,4746261,7.858269876819709
2109842,535805,4210469,4746274,7.858211476190032
2109886,535825,4210517,4746342,7.858007745066019
2109915,535837,4210551,4746388,7.857895218135366
2109963,535865,4210598,4746463,7.85757233631605
2110081,535865,4210775,4746640,7.85790264338966
2110101,535865,4210811,4746676,7.857969824489377
2110118,535880,4210866,4746746,7.857852504292006
2110129,535880,4210882,4746762,7.8578823617227735
2110140,535884,4210889,4746773,7.8578367706443935
2110172,535888,4210917,4746805,7.857830367539486
2110192,535888,4210938,4746826,7.857869554832353
2110198,535890,4210942,4746832,7.857847692623486
2110220,535890,4210963,4746853,7.857886879770102
2110400,535904,4211136,4747040,7.858004418701857
2110468,535941,4211231,4747172,7.857639180432175
2110730,536084,4211527,4747611,7.856095313421031
2110803,536119,4211710,4747829,7.855923778116425
2110810,536121,4211715,4747836,7.855903797836683
2110834,536121,4211740,4747861,7.8559504291008935
2110852,536126,4211770,4747896,7.8559331201993565
2111001,536253,4212293,4748546,7.855047897167942
2111054,536264,4212392,4748656,7.855071382751779
2111121,536291,4212498,4748789,7.854873566776247
2111149,536308,4212531,4748839,7.8546861132036065
2111164,536320,4212551,4748871,7.854547658114559
2111196,536329,4212594,4748923,7.854496027624835
2111262,536362,4212707,4749069,7.854223453563079
2111288,536366,4212741,4749107,7.854228269502541
2111325,536381,4212787,4749168,7.854094384402132
2111328,536381,4212796,4749177,7.854111163519961
2111367,536393,4212814,4749207,7.8539690115269964
2111381,536393,4212834,4749227,7.854006297621334
2111472,536393,4213103,4749496,7.854507795590173
2111502,536405,4213174,4749579,7.854464443843738
2111546,536423,4213296,4749719,7.854428314967852
2111659,536472,4213415,4749887,7.853932730878778
2111779,536494,4213563,4750057,7.853886529951873
2111834,536520,4213619,4750139,7.853610303436964
2111859,536539,4213680,4750219,7.853445881846427
2111903,536548,4213753,4750301,7.853450203896017
2111906,536548,4213762,4750310,7.853466977791363
2112045,536565,4213936,4750501,7.85354244126993
2112124,536602,4214209,4750811,7.853509677563632
2112282,536689,4214382,4751071,7.852558930777415
2112308,536699,4214427,4751126,7.8524964644987225
2112325,536704,4214440,4751144,7.852447531600286
2112359,536714,4214483,4751197,7.852381342763557
2112853,536714,4215564,4752278,7.854395450836013
2113654,536714,4216481,4753195,7.856103995796644
2113667,536732,4216505,4753237,7.855885246268156
2113738,536732,4216632,4753364,7.856121863425322
2113743,536732,4216643,4753375,7.856142357824762
2114475,536735,4217604,4754339,7.857888902344732
2114485,536740,4217618,4754358,7.857841785594515
2114651,536750,4218592,4755342,7.859510013972986
2114787,536843,4218954,4755797,7.858822784314968
2115411,536863,4219812,4756675,7.860128189128325
2115438,536863,4219899,4756762,7.860290241644516
2115632,536863,4220456,4757319,7.86132775028266
2115669,536875,4220503,4757378,7.861239580908032
2115865,536875,4220831,4757706,7.861850523864959
2115871,536875,4220845,4757720,7.861876600698487
2115874,536876,4220848,4757724,7.861867544833443
2116374,536920,4221640,4758560,7.862698353572227
2116387,536926,4221651,4758577,7.862630977080641
2116624,536985,4221926,4758911,7.8622792070542005
2116675,536990,4221945,4758935,7.8622413825210895
2116697,536999,4221973,4758972,7.862161754491163
2116745,537011,4222048,4759059,7.862125729268116
2116857,537099,4222294,4759393,7.861295589826084
2116870,537099,4222294,4759393,7.861295589826084
2116963,537099,4222446,4759545,7.861578591656287
2117005,537111,4222567,4759678,7.861628229546593
2117086,537141,4222750,4759891,7.8615298403957246
2117155,537171,4222903,4760074,7.861375614096815
2117351,537171,4223376,4760547,7.862256153068576
2117373,537180,4223432,4760612,7.862228675676682
2117423,537195,4223520,4760715,7.862172953955268
2117437,537195,4223546,4760741,7.862221353512226
2117750,537397,4224216,4761613,7.86051280524454
2117752,537397,4224220,4761617,7.860520248531347
2117753,537397,4224220,4761617,7.860520248531347
2117776,537404,4224246,4761650,7.86046624141242
2117779,537404,4224255,4761659,7.86048298858959
2117878,537436,4224351,4761787,7.860193585840919
2117905,537457,4224400,4761857,7.859977635420136
2117909,537459,4224403,4761862,7.85995396858179
2117968,537459,4224524,4761983,7.86017910203383
2117969,537459,4224531,4761990,7.860192126283121
2118203,537591,4225016,4762607,7.859164308926303
2118221,537591,4225069,4762660,7.859262896886294
2118691,537591,4225877,4763468,7.860765898238624
2118724,537594,4225895,4763489,7.860755514384461
2118734,537594,4225905,4763499,7.860774115782542
2119494,537677,4227000,4764677,7.8615972042694775
2119776,537677,4227327,4765004,7.862205376090106
2120101,537677,4228048,4765725,7.863546329859749
2120938,537677,4229757,4767434,7.866724818059914
2121079,537677,4230176,4767853,7.867504096325489
2121084,537680,4230187,4767867,7.8674806576402325
2121178,537684,4230377,4768061,7.867775496388213
2121185,537688,4230387,4768075,7.867735564118969
2121198,537693,4230391,4768084,7.867669841340691
2121252,537730,4230527,4768257,7.8673813995871535
2121300,537741,4230585,4768326,7.867328323486586
2122207,537753,4232822,4770575,7.871312665852166
2122344,537853,4233088,4770941,7.870343755635834
2122392,537869,4233178,4771047,7.870276963349812
2122422,537883,4233230,4771113,7.870168791354254
2122735,537883,4234016,4771899,7.871630075685604
2122843,537924,4234090,4772014,7.871167674243945
2122899,537924,4234180,4772104,7.871334984124151
2122996,537976,4234332,4772308,7.870856692491858
2123006,537976,4234363,4772339,7.870914315880262
2123037,537996,4234423,4772419,7.870733239652339
2123128,538010,4234501,4772511,7.87067340755748
2123144,538010,4234527,4772537,7.87072173379677
2123335,538085,4234978,4773063,7.870462845089531
2123363,538092,4235022,4773114,7.870442229209875
2123423,538105,4235218,4773323,7.870616329526765
2123479,538105,4235296,4773401,7.870761282649297
2123598,538114,4235358,4773472,7.870744860754413
2124140,538286,4235827,4774113,7.869101184128883
2124209,538286,4235959,4774245,7.869346406928659
2124249,538308,4235988,4774296,7.869078668717537
2124266,538312,4235996,4774308,7.869035057736034
2124607,538338,4236677,4775015,7.869920013077286
2124614,538341,4236695,4775036,7.8699095926188045
2125316,538347,4237518,4775865,7.871350634442098
2125348,538361,4237536,4775897,7.871179375920618
2125370,538377,4237615,4775992,7.871092190045266
2125400,538392,4237637,4776029,7.87091375800532
2125460,538439,4237685,4776124,7.870315857506607
2126460,538439,4238891,4777330,7.8725556655442865
2126507,538439,4238985,4777424,7.872730244280225
2127273,538439,4239880,4778319,7.874392456712831
2127304,538448,4239940,4778388,7.874372269931358
2127385,538504,4240108,4778612,7.873865375187557
2127432,538533,4240183,4778716,7.873580634798611
2127534,538580,4240779,4779359,7.87400014853875
2128610,538580,4240779,4779359,7.87400014853875
2128664,538613,4240851,4779464,7.873651397199845
2128697,538617,4240873,4779490,7.873633769450278
2128806,538617,4240986,4779603,7.8738435660218675
2128825,538626,4241006,4779632,7.87374913205081
2128844,538636,4241024,4779660,7.873636370387423
2128860,538636,4241050,4779686,7.873684640462205
2128879,538636,4241060,4779696,7.873703205875582
2128898,538648,4241085,4779733,7.87357420801711
2128965,538655,4241176,4779831,7.873640827616935
2129308,538892,4241833,4780725,7.8713972372943
2129339,538892,4241887,4780779,7.871497442901361
2129393,538892,4242006,4780898,7.871718266368772
2129493,538912,4242230,4781142,7.871841784929636
2129614,538912,4242589,4781501,7.872507941927439
2129652,538934,4242643,4781577,7.872286773519577
2129749,538948,4242708,4781656,7.872202884137245
2130206,539030,4243914,4782944,7.873242676659926
2130317,539030,4244092,4783122,7.873572899467562
2130351,539052,4244133,4783185,7.873327619598851
2130436,539057,4244249,4783306,7.873469781488785
2130490,539109,4244353,4783462,7.872903253330959
2130543,539112,4244436,4783548,7.873013399813026
2130556,539112,4244450,4783562,7.873039368442921
2130590,539132,4244562,4783694,7.872955046259543
2130970,539132,4245278,4784410,7.8742831069200125
2131115,539132,4245614,4784746,7.874906330917104
2131297,539132,4246020,4785152,7.875659393246923
2131314,539132,4246065,4785197,7.875742860746533
2131316,539132,4246065,4785197,7.875742860746533
2131334,539141,4246082,4785223,7.875642920868567
2131343,539147,4246089,4785236,7.875568258749469
2131368,539150,4246113,4785263,7.875568951126773
2131623,539150,4246705,4785855,7.876666975795233
2131660,539166,4246766,4785932,7.876546369763672
2131715,539198,4246860,4786058,7.876253250197515
2131951,539317,4247302,4786619,7.875334914345366
2131990,539317,4247418,4786735,7.875550001205228
2132050,539346,4247482,4786828,7.875245204377153
2132119,539346,4247566,4786912,7.875400948556214
2132174,539346,4247665,4787011,7.875584504195823
2132181,539348,4247672,4787020,7.875568278736549
2132203,539356,4247690,4787046,7.875484837472838
2132219,539356,4247716,4787072,7.875533043110673
2132239,539362,4247736,4787098,7.875482514526422
2132288,539381,4247834,4787215,7.875386785963911
2132293,539381,4247834,4787215,7.875386785963911
2132407,539434,4248023,4787457,7.874963387550655
2132500,539491,4248239,4787730,7.874531734542374
2132556,539491,4248431,4787922,7.874887625558165
2132628,539497,4248848,4788345,7.875572987430885
2132900,539628,4249345,4788973,7.874582119534198
2133055,539628,4249666,4789294,7.875176973767114
2133449,539628,4250439,4790067,7.876609442060086
2133484,539631,4250524,4790155,7.876723168239037
2133504,539631,4250545,4790176,7.8767620837201715
2133668,539670,4250676,4790346,7.876435599533048
2133918,539804,4251126,4790930,7.875314002860297
2133953,539807,4251160,4790967,7.8753332209474864
2133975,539810,4251208,4791018,7.875378373872288
2133985,539817,4251243,4791060,7.8753410878130925
2135327,539822,4254534,4794356,7.881364597960069
2135384,539843,4254608,4794451,7.8811950882015696
2135456,539874,4254815,4794689,7.881125966429204
2135498,539884,4254947,4794831,7.881224485259796
2135501,539884,4254956,4794840,7.881241155507479
2135515,539890,4255004,4794894,7.881242475319047
2135603,539936,4255196,4795132,7.880926628341137
2135627,539939,4255235,4795174,7.880955070850596
2135687,539977,4255309,4795286,7.880537504375186
2135707,539989,4255334,4795323,7.880408674991528
2135733,540009,4255379,4795388,7.8802001448124015
2135734,540009,4255381,4795390,7.880203848454378
2135744,540009,4255407,4795416,7.88025199580007
2135817,540026,4255474,4795500,7.880127993837334
2135825,540029,4255497,4795526,7.880126808004755
2135855,540054,4255530,4795584,7.879823128798232
2136207,540066,4256381,4796447,7.88122377635326
2136239,540080,4256443,4796523,7.881134276403496
2136565,540080,4257383,4797463,7.8828747592949195
2136763,540125,4257505,4797630,7.882443878731775
2138544,540143,4261029,4801172,7.888705398385242
2138562,540150,4261055,4801205,7.888651300564658
2138572,540153,4261074,4801227,7.8886426623567765
2138606,540153,4261123,4801276,7.8887333773949235
2138660,540177,4261236,4801413,7.888592072598426
2138672,540177,4261265,4801442,7.888645758705017
2138716,540177,4261304,4801481,7.888717957262156
2138740,540183,4261327,4801510,7.888672912698104
2138793,540197,4261397,4801594,7.888598048489718
2138852,540226,4261522,4801748,7.88840596343012
2138888,540246,4261588,4801834,7.8882360998508085
2138980,540273,4261914,4802187,7.888445285994303
2138997,540282,4261927,4802209,7.888337942037676
2139117,540367,4262117,4802484,7.887448715410082
2139341,540403,4262567,4802970,7.887755989511531
2139374,540408,4262583,4802991,7.8877126171337215
2139895,540673,4263451,4804124,7.885452019982504
2139970,540701,4263541,4804242,7.885210125374282
2140003,540706,4263557,4804263,7.885166800442384
2140115,540719,4263859,4804578,7.885535740375315
2140179,540744,4263936,4804680,7.885313567973015
2140291,540763,4264155,4804918,7.885441496552094
2140302,540768,4264163,4804931,7.885383380673413
2140331,540773,4264187,4804960,7.8853548531454045
2140336,540774,4264190,4804964,7.8853458191407135
2140416,540813,4264465,4805278,7.885285671757151
2140419,540813,4264471,4805284,7.885296766165014
2140459,540813,4264562,4805375,7.885465031350948
2140513,540834,4264713,4805547,7.885438045684998
2140598,540834,4264870,4805704,7.885728338085253
2140725,540891,4265084,4805975,7.885292970302705
2140747,540899,4265147,4806046,7.885292818067699
2140830,540918,4265281,4806199,7.885263570448756
2140952,540953,4265481,4806434,7.885123106813346
2141122,540963,4266054,4807017,7.886036568120185
2204484,540965,4456134,4997099,8.237379497749393
2204568,540986,4456224,4997210,8.237226101969368
2204597,540996,4456250,4997246,8.237121901086145
2204835,541091,4456894,4997985,8.236865887623338
2204837,541091,4456899,4997990,8.236875128213184
2205102,541226,4457412,4998638,8.23576842206398
2205169,541248,4457489,4998737,8.235575928225138
2205631,541485,4458566,5000051,8.233960312843385
2205633,541485,4458576,5000061,8.233978780575638
2205701,541496,4458670,5000166,8.233985107923235
2205718,541503,4458695,5000198,8.2339248351348
2205728,541512,4458718,5000230,8.233830459897472
2205741,541516,4458725,5000241,8.23378256598143
2205764,541531,4458752,5000283,8.233604355060006
2206099,541531,4459403,5000934,8.234806502305501
2206120,541543,4459448,5000991,8.234707123903364
2206141,541548,4459467,5001015,8.234666179175253
2206221,541548,4459561,5001109,8.234839755663394
2206260,541566,4459615,5001181,8.234665765576125
2206298,541566,4459721,5001287,8.23486149425924
2206317,541576,4459753,5001329,8.234768527408896
2206531,541597,4460277,5001874,8.23541673975299
2206627,541602,4460479,5002081,8.235713679048452
2206831,541602,4460834,5002436,8.23636914191602
2206867,541637,4460916,5002553,8.235988309513568
2206886,541640,4460954,5002594,8.236012849863378
2206906,541647,4460979,5002626,8.235952566893198
2207081,541744,4461226,5002970,8.234933843291296
2207158,541744,4461382,5003126,8.235221802179627
2207376,541744,4461967,5003711,8.236301648010869
2207401,541759,4462013,5003772,8.236158513287274
2207478,541802,4462168,5003970,8.2357909346957
2207484,541809,4462177,5003986,8.235701141915325
2207581,541863,4462358,5004221,8.235214436121307
2208162,542141,4463246,5005387,8.232629518888997
2208211,542153,4463305,5005458,8.232556123455925
2208307,542187,4463418,5005605,8.232248283341356
2208516,542245,4463732,5005977,8.23194681370967
2208953,542501,4464595,5007096,8.229653032897636
2208963,542501,4464611,5007112,8.229682525930828
2208984,542501,4464673,5007174,8.229796811434449
2208999,542501,4464692,5007193,8.229831834411366
2209150,542506,4464830,5007336,8.23001035933243
2209172,542506,4464835,5007341,8.230019575820359
2209278,542506,4464898,5007404,8.230135703568255
2209349,542506,4465070,5007576,8.230452750752987
2209378,542511,4465111,5007622,8.230452470088164
2209429,542529,4465202,5007731,8.230347133517286
2209443,542532,4465222,5007754,8.230338486946392
2209482,542553,4465267,5007820,8.2301028655265
2209536,542567,4465297,5007864,8.229945794712911
2209559,542567,4465349,5007916,8.230041635410926
2209720,542567,4465669,5008236,8.230631424321789
2210155,542567,4466437,5009004,8.232046917707859
2210379,542567,4466750,5009317,8.232623804986297
2210496,542598,4466850,5009448,8.232337752811473
2210516,542598,4466874,5009472,8.232381984452578
2210544,542605,4466908,5009513,8.232338441407654
2210583,542612,4466950,5009562,8.232309642986149
2210614,542633,4466989,5009622,8.232062922822607
2210670,542633,4467059,5009692,8.23219192345471
2210676,542635,4467067,5009702,8.232176324785538
2210738,542663,4467136,5009799,8.231878716625236
2210857,542695,4467239,5009934,8.23158311758907
2210892,542707,4467288,5009995,8.231491394067149
2210899,542718,4467295,5010013,8.231337453336725
2210986,542737,4467480,5010217,8.23139015766384
2211023,542751,4467520,5010271,8.231251531549459
2211412,542867,4467922,5010789,8.230233187871063
2211816,543021,4469324,5012345,8.230480957458367
2211830,543027,4469351,5012378,8.230439738723858
2212298,543165,4470115,5013280,8.2297552309151
2212299,543165,4470117,5013282,8.229758913037475
2212454,543268,4470356,5013624,8.228638535676682
2212479,543284,4470387,5013671,8.228453258332658
2212541,543343,4470534,5013877,8.227830302405662
2212595,543374,4470634,5014008,8.227544932219796
2212617,543392,4470678,5014070,8.227353365526175
2212940,543510,4471062,5014572,8.226273665617928
2212949,543510,4471082,5014592,8.226310463468934
2213020,543510,4471192,5014702,8.226512851649463
2213021,543510,4471201,5014711,8.226529410682415
2213037,543518,4471262,5014780,8.226520556816885
2213182,543528,4471456,5014984,8.22672613002458
2213227,543532,4471561,5015093,8.226858768205
2213250,543541,4471627,5015168,8.226843973131741
2213294,543556,4471726,5015282,8.226799078659788
2213476,543556,4472270,5015826,8.227799895502947
2213511,543565,4472297,5015862,8.227713336951423
2213744,543662,4472605,5016267,8.226811879439799
2213752,543665,4472609,5016274,8.226773840508402
2213787,543673,4472750,5016423,8.226912132844559
2213880,543673,4472956,5016629,8.227291037075595
2213943,543700,4473065,5016765,8.227082950156337
2213973,543731,4473136,5016867,8.226744474749463
2214841,543749,4475033,5018782,8.229960882686681
2216305,543749,4477119,5020868,8.233797211581079
2216364,543754,4477366,5021120,8.234175748592195
2216487,543790,4477524,5021314,8.23392118280954
2216497,543790,4477540,5021330,8.233950605932437
2216500,543791,4477545,5021336,8.233944658885491
2216611,543791,4477761,5021552,8.234341870314147
2216630,543805,4477776,5021581,8.234157464532323
2217572,543805,4479702,5023507,8.237699175255836
2217625,543811,4479860,5023671,8.237898828821043
2217647,543825,4479918,5023743,8.23779340780582
2217720,543848,4480067,5023915,8.237718995013312
2217805,543882,4480145,5024027,8.237347439334266
2217824,543889,4480178,5024067,8.237302096567499
2217878,543924,4480240,5024164,8.236886035549084
2217931,543949,4480301,5024250,8.236619609558984
2217959,543988,4480367,5024355,8.236150429788893
2218015,544006,4480482,5024488,8.236089307838517
2218071,544018,4480547,5024565,8.236027116749813
2218084,544022,4480566,5024588,8.236001485234054
2218147,544022,4480647,5024669,8.236150376271548
2218179,544022,4480695,5024717,8.236238607997471
2218185,544022,4480709,5024731,8.236264342250864
2218231,544022,4480832,5024854,8.236490436048543
2218272,544028,4480890,5024918,8.23650620923923
2218383,544052,4481060,5025112,8.236455338827906
2218418,544055,4481145,5025200,8.236566155995257
2218463,544070,4481284,5025354,8.236594555847594
2218496,544070,4481315,5025385,8.236651533809988
2218536,544089,4481364,5025453,8.236453962495107
2218879,544100,4482155,5026255,8.237741224039699
2219019,544100,4482418,5026518,8.238224591067818
2219035,544105,4482454,5026559,8.238215050403875
2219202,544123,4482815,5026938,8.238605976957416
2219313,544123,4483031,5027154,8.23900294602507
2219421,544146,4483139,5027285,8.238853175434533
2219488,544162,4483305,5027467,8.238915984578123
2219510,544171,4483370,5027541,8.238899169562508
2219524,544175,4483403,5027578,8.238899251160014
2219813,544340,4484360,5028700,8.238159973545946
2219851,544340,4484470,5028810,8.23836205312856
2219878,544351,4484489,5028840,8.23823047996605
2219931,544368,4484563,5028931,8.238109146753667
2219953,544372,4484605,5028977,8.238125766938785
2219977,544385,4484640,5029025,8.237993331925017
2220830,545058,4486504,5031562,8.231241445864477
2220850,545060,4486535,5031595,8.231268117271494
2220867,545065,4486545,5031610,8.231210956491427
2220891,545071,4486568,5031639,8.231162545796787
2221046,545071,4486889,5031960,8.231751459901554
2221125,545136,4487095,5032231,8.231147823662353
2221140,545140,4487127,5032267,8.23114612760025
2221154,545149,4487139,5032288,8.231032249898652
2221236,545198,4487257,5032455,8.230508916026839
2221289,545217,4487287,5032504,8.230277119018666
2222233,545217,4489376,5034593,8.2341086209711
2222303,545271,4489481,5034752,8.233485734616366
2222349,545271,4489536,5034807,8.233586601891536
2222867,545283,4491306,5036589,8.236651426873753
2223015,545350,4491652,5037002,8.236273952507563
2223141,545393,4491806,5037199,8.235906951501027
2223197,545393,4491890,5037283,8.236060968879322
2223270,545393,4492111,5037504,8.236466181267453
2223291,545406,4492152,5037558,8.236345034708089
2223527,545408,4492424,5037832,8.236813541422201
2223535,545408,4492424,5037832,8.236813541422201
2223594,545455,4492547,5038002,8.236329303058914
2223624,545477,4492641,5038118,8.236169444357873
2223685,545513,4492741,5038254,8.235809229110947
2223778,545534,4492915,5038449,8.235811150175792
2223810,545550,4492968,5038518,8.235666758317295
2223834,545554,4493025,5038579,8.235710855387367
2223935,545590,4493080,5038670,8.235268241719973
2224175,545630,4493251,5038881,8.2349779154372
2224249,545633,4493276,5038909,8.234978456215075
2224322,545645,4493394,5039039,8.235013607748627
2224343,545645,4493423,5039068,8.235066755857746
2224369,545652,4493470,5039122,8.235047246230199
2224422,545675,4493560,5039235,8.234865075365374
2224438,545677,4493610,5039287,8.234926522466587
2224573,545730,4493843,5039573,8.234553717039562
2224664,545733,4493940,5039673,8.234686192698627
2224685,545733,4493962,5039695,8.2347265054523
2224711,545743,4493988,5039731,8.234623256734396
2224724,545743,4494014,5039757,8.234670898206666
2224776,545773,4494155,5039928,8.234476604742264
2224822,545773,4494308,5040081,8.23475694107257
2224840,545783,4494349,5040132,8.234681182814414
2225219,545940,4494883,5040823,8.23329120416163
2225258,545955,4494929,5040884,8.233149252227747
2225518,545960,4494961,5040921,8.233132463916771
2225711,546029,4495071,5041100,8.232293522871496
2225792,546077,4495204,5041281,8.231813462204048
2225861,546122,4495351,5041473,8.231404338224792
2225876,546127,4495362,5041489,8.231349118428497
2225886,546127,4495378,5041505,8.231378415643247
2225894,546127,4495397,5041524,8.231413206085763
2225968,546136,4495544,5041680,8.231546720963276
2226014,546146,4495609,5041755,8.231515016131217
2226031,546149,4495656,5041805,8.231555857467468
2226050,546163,4495699,5041862,8.231423585999051
2226080,546163,4495766,5041929,8.231546259999304
2226093,546163,4495796,5041959,8.231601188656134
2226096,546163,4495805,5041968,8.231617667253182
2226869,546163,4497455,5043618,8.234638743378808
2226943,546167,4497560,5043727,8.234770683691984
2227066,546198,4497711,5043909,8.23457976777652
2227120,546199,4497855,5044054,8.234828331798484
2227161,546231,4497904,5044135,8.234435614236467
2227202,546231,4497964,5044195,8.23454545787405
2227300,546256,4498203,5044459,8.23460611874286
2227332,546271,4498232,5044503,8.234433092732361
2227345,546276,4498249,5044525,8.234388843734669
2227396,546295,4498314,5044609,8.234221437135613
2227409,546301,4498343,5044644,8.234184085330249
2227497,546323,4498437,5044760,8.234024560562158
2227549,546338,4498519,5044857,8.233948581281185
2227552,546338,4498528,5044866,8.2339650545999
2227566,546338,4498554,5044892,8.234012644187297
2227614,546352,4498671,5045023,8.234015799338156
2227699,546381,4498843,5045224,8.23389356511299
2227734,546381,4498912,5045293,8.23401985061706
2227754,546381,4498939,5045320,8.234069266683871
2227816,546397,4498992,5045389,8.233925149662243
2228051,546397,4499388,5045785,8.23464989741891
2228129,546397,4499498,5045895,8.234851216240207
2228173,546409,4499512,5045921,8.234695987804008
2228197,546416,4499551,5045967,8.234661869344968
2228221,546416,4499583,5045999,8.234720432783813
2228237,546422,4499604,5046026,8.234668443071472
2228532,546448,4500285,5046733,8.23552286768366
2228564,546448,4500333,5046781,8.235610707697713
2229530,546714,4502315,5049029,8.235229022852899
2229560,546723,4502348,5049071,8.235153816466473
2229580,546747,4502384,5049131,8.234858170232302
2229651,546769,4502553,5049322,8.23483591791049
2229672,546769,4502583,5049352,8.23489078568829
2229725,546769,4502669,5049438,8.235048073317982
2229748,546778,4502714,5049492,8.234994824224822
2229799,546798,4502815,5049613,8.23487832801144
2229813,546806,4502855,5049661,8.234831000391363
2229823,546809,4502867,5049676,8.23480776651445
2230534,547030,4503826,5050856,8.233234009103706
2230572,547046,4503898,5050944,8.233124819485015
2230660,547052,4504125,5051177,8.233449470982649
2230704,547069,4504209,5051278,8.23334716461726
2230744,547072,4504281,5051353,8.23343362482452
2230744,547180,4504675,5051855,8.232528601191564
2230894,547269,4505033,5052302,8.23184393780755
2230912,547269,4505060,5052329,8.231893273691732
2231081,547389,4505551,5052940,8.230985642751316
2231358,547430,4506330,5053760,8.2317921926091
2231661,547542,4506558,5054100,8.230524781660584
2231668,547551,4506572,5054123,8.230415066359116
2231713,547574,4506618,5054192,8.230153367398744
2231739,547588,4506694,5054282,8.230081740286494
2231762,547588,4506756,5054344,8.230194964097095
2231934,547711,4507242,5054953,8.229234030355425
2231946,547711,4507277,5054988,8.22929793266887
2232234,547711,4507844,5055555,8.230333150146702
2232256,547711,4507889,5055600,8.23041531026399
2232281,547722,4507916,5055638,8.230299312424917
2232424,547733,4508063,5055796,8.230402404091045
2232460,547748,4508139,5055887,8.230315765644056
2232483,547753,4508183,5055936,8.23032096583679
2232908,547864,4508920,5056784,8.229998685805237
2232951,547866,4508954,5056820,8.23003070093782
2232991,547869,4509023,5056892,8.230111577767678
2233017,547903,4509098,5057001,8.229737745549851
2233069,547918,4509160,5057078,8.229625600911085
2233098,547918,4509199,5057117,8.2296967794451
2233135,547936,4509308,5057244,8.22962535770601
2233189,547946,4509389,5057335,8.22962299204666
2233227,547970,4509474,5057444,8.229417668850484
2233279,547976,4509531,5057507,8.229431580945151
2233297,547976,4509564,5057540,8.229491802560696
2233366,547981,4509656,5057637,8.229584602385849
2233420,547997,4509681,5057678,8.229389941915741
2233616,547997,4510009,5058006,8.229988485338424
2233640,547999,4510013,5058012,8.22996574811268
2233719,548065,4510192,5058257,8.229301269010064
2233797,548107,4510359,5058466,8.228975364299307
2233926,548193,4510564,5058757,8.228058366305298
2233951,548203,4510600,5058803,8.227973943958716
2233975,548203,4510649,5058852,8.228063326906273
2234196,548214,4510873,5059087,8.228306829084993
2234212,548214,4510908,5059122,8.228370672766474
2234236,548223,4510946,5059169,8.228304905120726
2234243,548223,4510954,5059177,8.228319497722643
2234314,548249,4511160,5059409,8.228305021988184
2234438,548277,4511259,5059536,8.22806537571337
2234448,548277,4511285,5059562,8.228112796998598
2234458,548277,4511314,5059591,8.22816568997058
2234480,548288,4511340,5059628,8.228048033150461
2234501,548296,4511383,5059679,8.228006405299327
2234553,548317,4511502,5059819,8.227908308514964
2234698,548317,4511783,5060100,8.228420785786325
2234709,548322,4511790,5060112,8.228358519264228
2234792,548379,4511934,5060313,8.227765833483776
2234815,548388,4511995,5060383,8.227742036660175
2235321,548388,4512623,5061011,8.228887211244594
2235396,548388,4512790,5061178,8.22919174015478
2235509,548388,4513125,5061513,8.229802621501564
2235563,548415,4513207,5061622,8.229546967169023
2235590,548429,4513272,5061701,8.229455408083817
2235626,548448,4513330,5061778,8.22927606628158
2235644,548455,4513408,5061863,8.229313252682536
2235810,548486,4513688,5062174,8.229358634495684
2235820,548490,4513697,5062187,8.22931502853288
2235895,548490,4513794,5062284,8.229491877700596
2235948,548504,4513858,5062362,8.229398509400113
2236027,548546,4514126,5062672,8.229256981182981
2236045,548546,4514159,5062705,8.229317140221603
2236062,548548,4514187,5062735,8.229338180068106
2236095,548548,4514221,5062769,8.229400161881914
2236105,548554,4514251,5062805,8.229364839195412
2236295,548594,4514705,5063299,8.229592376147023
2236367,548607,4514845,5063452,8.229652556383714
2236384,548612,4514858,5063470,8.229601248241016
2236434,548612,4514965,5063577,8.229796285899688
2236632,548612,4515200,5063812,8.230224639636027
2236672,548619,4515309,5063928,8.2303183083342
2236892,548619,4515833,5064452,8.231273433840242
2236965,548648,4516000,5064648,8.231142736326388
2237000,548655,4516055,5064710,8.23113796465903
2237035,548671,4516144,5064815,8.23106014351041
2237073,548698,4516187,5064885,8.230733481806022
2237232,548698,4516331,5065029,8.230995921253585
2237246,548698,4516357,5065055,8.23104330615384
2237272,548705,4516462,5065167,8.23112965983543
2237344,548755,4516592,5065347,8.23061657752549
2237393,548769,4516636,5065405,8.230486780412159
2237423,548772,4516657,5065429,8.230480053647051
2237456,548797,4516703,5065500,8.23018894053721
2237578,548797,4516890,5065687,8.23052968584012
2239356,548804,4519389,5068193,8.234978243598807
2239478,548813,4519539,5068352,8.235116515097127
2239587,548813,4519743,5068556,8.23548822640863
2239604,548822,4519764,5068586,8.235391438389861
2239626,548822,4519830,5068652,8.23551169595971
2239636,548829,4519861,5068690,8.235463140613925
2239903,548829,4520381,5069210,8.236410612412973
2239950,548843,4520481,5069324,8.236382717826409
2240050,548857,4520524,5069381,8.236250972475526
2240129,548857,4520706,5069563,8.236582570687812
2240423,548995,4521186,5070181,8.23538647892968
2240521,549009,4521436,5070445,8.235631838458021
2240592,549039,4521702,5070741,8.235666318786096
2240619,549049,4521747,5070796,8.235598279934942
2240888,549157,4522072,5071229,8.23457044160413
2241354,549464,4522747,5072211,8.231198040271973
2241372,549472,4522800,5072272,8.231174654941471
2241445,549510,4522877,5072387,8.230745573328965
2241473,549510,4522932,5072442,8.230845662499318
2242785,549515,4526226,5075741,8.236765147448205
2242792,549519,4526228,5075747,8.236708830813857
2242832,549531,4526266,5075797,8.236598117303664
2242854,549539,4526302,5075841,8.236543721191763
2242887,549549,4526386,5075935,8.236546695563089
2243063,549602,4526717,5076319,8.23635467119843
2243175,549602,4526901,5076503,8.236689458917544
2243198,549609,4526930,5076539,8.236637318530082
2243247,549609,4527052,5076661,8.236859294516647
2243275,549619,4527093,5076712,8.236784026753078
2243383,549619,4527650,5077269,8.237797456055922
2243390,549622,4527661,5077283,8.237772505467394
2243394,549623,4527664,5077287,8.237762975712442
2243422,549644,4527695,5077339,8.237504639366572
2243823,549794,4528202,5077996,8.236179369000025
2243842,549808,4528255,5078063,8.236066044873846
2243845,549808,4528264,5078072,8.236082414224603
2243895,549846,4528374,5078220,8.235713272443556
2243960,549865,4528457,5078322,8.235579642275832
2244031,549894,4528607,5078501,8.235418098760853
2244141,549894,4528805,5078699,8.235778168156045
2244152,549899,4528827,5078726,8.235743291040718
2244391,549979,4529632,5079611,8.236009011253158
2244413,549984,4529657,5079641,8.235979592133589
2244448,549990,4529687,5079677,8.23594428989618
2244773,549990,4530293,5080283,8.23704612811142
2244796,549990,4530340,5080330,8.237131584210623
2244820,550008,4530375,5080383,8.236925644717894
2244852,550027,4530438,5080465,8.236755650177173
2244865,550029,4530467,5080496,8.23677842441035
2244936,550052,4530598,5080650,8.236672169176732
2244985,550061,4530653,5080714,8.236637391125711
2245170,550169,4530916,5081085,8.235498546810161
2245217,550189,4530964,5081153,8.235286419757575
2245275,550189,4531033,5081222,8.235411831207093
2245313,550217,4531106,5081323,8.235125414154778
2245327,550217,4531132,5081349,8.235172668238167
2245348,550226,4531159,5081385,8.235087036962993
2245353,550227,4531162,5081389,8.235077522549783
2245452,550227,4531341,5081568,8.235402842826687
2245454,550227,4531346,5081573,8.235411929985261
2247160,550227,4534803,5085030,8.24169479142245
2247589,550370,4535577,5085947,8.240959718007886
2247595,550370,4535596,5085966,8.240994240238384
2247654,550410,4535708,5086118,8.240598826329464
2247691,550410,4535756,5086166,8.240686034047346
2247780,550431,4535882,5086313,8.240600547570903
2247819,550433,4536030,5086463,8.240839484551254
2247902,550462,4536163,5086625,8.240646947473213
2247944,550468,4536238,5086706,8.24069337363843
2247978,550474,4536313,5086787,8.240739798791587
2248005,550485,4536337,5086822,8.240618727122447
2248059,550517,4536433,5086950,8.240314104741543
2248085,550523,4536470,5086993,8.240291504623785
2249068,551120,4540016,5091136,8.237799390332414
2249138,551137,4540067,5091204,8.237637828706838
2249240,551137,4540204,5091341,8.237886405739408
2249269,551137,4540250,5091387,8.237969869560564
2249293,551147,4540277,5091424,8.237869388747466
2249296,551147,4540283,5091430,8.237880275135309
2249448,551302,4540718,5092020,8.236353214753438
2249453,551305,4540732,5092037,8.236333789825958
2249522,551305,4540955,5092260,8.236738284615594
2249534,551318,4540983,5092301,8.236594850884607
2249544,551318,4541015,5092333,8.236652893611309
2249768,551512,4541652,5093164,8.234910573115362
2249787,551527,4541679,5093206,8.2347355614503
2249790,551531,4541688,5093219,8.234692156923183
2249912,551581,4541912,5093493,8.23435179964502
2249972,551618,4541974,5093592,8.233911873796721
2250211,551618,4542433,5094051,8.234743971371493
2250235,551625,4542465,5094090,8.234697484704283
2250269,551625,4542529,5094154,8.234813505551779
2250329,551625,4542571,5094196,8.234889644232949
2250336,551627,4542592,5094219,8.234897856703896
2250423,551676,4542809,5094485,8.234559777840616
2250447,551690,4542851,5094541,8.234426942667078
2250465,551690,4542861,5094551,8.23444506878863
2250519,551725,4542925,5094650,8.234038696814537
2250550,551734,4542980,5094714,8.234004067177299
2251036,551764,4545050,5096814,8.237307979498482
2251041,551765,4545071,5096836,8.237331110164654
2251124,551765,4545380,5097145,8.237891131188096
2251394,551796,4545905,5097701,8.2383797635358
2251431,551808,4545937,5097745,8.238258597193227
2251451,551808,4545958,5097766,8.238296653908606
2251561,551815,4546119,5097934,8.238483912180712
2251579,551818,4546150,5097968,8.23849530098692
2251910,551821,4546483,5098304,8.23905396858764
2251937,551821,4546545,5098366,8.239166323862268
2252058,551874,4546759,5098633,8.238762833545339
2252105,551888,4546843,5098731,8.238706041805584
2252179,551899,4546902,5098801,8.238648738265516
2252278,551935,4546986,5098921,8.238263563644269
2252396,551935,4547163,5099098,8.238584253580585
2252460,551952,4547242,5099194,8.238473635388585
2252582,552046,4547424,5099470,8.237400506479533
2252596,552056,4547502,5099558,8.237392583361109
2252641,552062,4547534,5099596,8.237361021044737
2252673,552062,4547565,5099627,8.237417174157976
2252919,552192,4547823,5100015,8.23594510605007
2253073,552308,4548048,5100356,8.234622710516597
2253185,552308,4548312,5100620,8.235100704679272
2253250,552308,4548461,5100769,8.235370481687754
2253261,552313,4548466,5100779,8.23530498105241
2253270,552319,4548496,5100815,8.23526983500477
2254052,552319,4549897,5102216,8.237806412598516
2254261,552389,4550188,5102577,8.237289301561038
2254283,552391,4550195,5102586,8.237272149618658
2254792,552391,4551015,5103406,8.23875660537554
2254808,552391,4551067,5103458,8.23885074159427
2254828,552397,4551086,5103483,8.238795648781583
2254930,552477,4551282,5103759,8.237957417231849
2255325,552631,4551925,5104556,8.236825295721738
2255493,552631,4552241,5104872,8.237397105844588
2255621,552631,4552621,5105252,8.23808472561257
2255642,552646,4552655,5105301,8.237922648494697
2255745,552646,4552824,5105470,8.238228450038541
2256036,552698,4553244,5105942,8.238213273795093
2256053,552706,4553279,5105985,8.238157356714058
2256109,552760,4553539,5106299,8.23782292495839
2256119,552760,4553575,5106335,8.237888052681091
2256313,552872,4553775,5106647,8.236580980769508
2256377,552890,4553854,5106744,8.236455714518259
2256513,552906,4553913,5106819,8.236324076787012
2256671,552961,4554034,5106995,8.235723676714994
2256704,552976,4554097,5107073,8.235614203871416
2257854,552983,4555976,5108959,8.238907886860899
2257878,552996,4556004,5109000,8.238764837358678
2257918,553000,4556099,5109099,8.238877034358048
2258106,553037,4556776,5109813,8.239549975860566
2258193,553037,4557007,5110044,8.239967669432605
2258217,553037,4557028,5110065,8.240005641575518
2258267,553037,4557098,5110135,8.240132215385227
2258367,553047,4557397,5110444,8.240523861443965
2258431,553058,4557454,5110512,8.240463025577787
2258486,553070,4557535,5110605,8.24043068689316
2258533,553086,4557615,5110701,8.240336945791432
2258830,553093,4558324,5111417,8.241514537338205
2258847,553099,4558343,5111442,8.24145948555322
2258982,553167,4558970,5112137,8.241579848400212
2259185,553307,4559481,5112788,8.240418068088783
2259196,553307,4559491,5112798,8.240436141238046
2259275,553315,4559656,5112971,8.240615201106062
2259443,553386,4559966,5113352,8.240118109240205
2259481,553386,4560069,5113455,8.240304236102828
2259511,553400,4560121,5113521,8.240189736176363
2259608,553400,4560190,5113590,8.240314419949403
2259673,553400,4560380,5113780,8.240657752078063
2259682,553401,4560397,5113798,8.240673580279038
2259695,553403,4560430,5113833,8.240703429507972
2259711,553403,4560456,5113859,8.240750411544571
2259755,553419,4560531,5113950,8.240647682858738
2259864,553439,4560594,5114033,8.240463718675409
2259917,553487,4560704,5114191,8.23994782171939
2259944,553502,4560754,5114256,8.239814851617519
2260073,553522,4560873,5114395,8.23973211543534
2260196,553577,4561093,5114670,8.239310881774351
2260268,553606,4561264,5114870,8.23918815908787
2260563,553606,4561971,5115577,8.240465240622392
2260582,553613,4562005,5115618,8.240422461177754
2261119,553613,4562614,5116227,8.241522507600074
2261133,553613,4562640,5116253,8.241569471815149
2261142,553615,4562656,5116271,8.241568599116714
2261330,553628,4563069,5116697,8.24212106324102
2261583,553628,4563511,5117139,8.242919433265659
2261602,553646,4563565,5117211,8.242748976782998
2261620,553660,4563585,5117245,8.242576671603512
2261648,553675,4563624,5117299,8.242423804578499
2261711,553710,4563706,5117416,8.242050893066768
2261750,553710,4563822,5117532,8.2422603890123
2261802,553728,4563875,5117603,8.24208817325474
2261851,553750,4563950,5117700,8.241896162528217
2261912,553750,4564068,5117818,8.242109255079006
2261953,553769,4564139,5117908,8.24195467785304
2261963,553769,4564155,5117924,8.241983570766871
2261987,553769,4564203,5117972,8.24207024950837
2262050,553782,4564260,5118042,8.24197969598145
2263377,554104,4565354,5119458,8.2391644889768
2263478,554154,4565434,5119588,8.238565452924638
2263527,554159,4565535,5119694,8.238673377135443
2263527,554159,4565535,5119694,8.238673377135443
2263527,554159,4565535,5119694,8.238673377135443
2263568,554161,4565721,5119882,8.238979285803223
2263573,554162,4565725,5119887,8.238971636452879
2263578,554164,4565733,5119897,8.23895633783501
2263795,554164,4566402,5120566,8.24016356168932
2263993,554260,4566686,5120946,8.239248728033775
2264097,554300,4566785,5121085,8.238832762042215
2264842,554713,4568039,5122752,8.234959339334035
2265183,554820,4568385,5123205,8.233994809127285
2265216,554833,4568416,5123249,8.233857755396668
2265225,554833,4568416,5123249,8.233857755396668
2265353,554833,4568833,5123666,8.234609332898367
2265380,554840,4568869,5123709,8.234570326580636
2265445,554840,4568947,5123787,8.234710907649053
2265506,554843,4568955,5123798,8.234680801596127
2265523,554846,4568988,5123834,8.234695753416263
2265561,554886,4569074,5123960,8.234257126689085
2265573,554892,4569107,5123999,8.234227561399335
2265617,554892,4569216,5124108,8.234423996020848
2265821,554941,4569484,5124425,8.234179849749793
2266078,555034,4569901,5124935,8.233551458108872
2266160,555086,4570051,5125137,8.233050374176253
2266192,555095,4570119,5125214,8.233039389654023
2266202,555098,4570138,5125236,8.233029122785526
2266205,555098,4570151,5125249,8.233052542073652
2266367,555098,4570418,5125516,8.23353353822208
2266442,555129,4570498,5125627,8.233217864676499
2266895,555201,4570661,5125862,8.232443745598442
2267298,555283,4571555,5126838,8.232838030337684
2267301,555285,4571561,5126846,8.232819182942093
2267336,555299,4571653,5126952,8.232777296555549
2267478,555304,4572062,5127366,8.233439701496838
2267548,555304,4572190,5127494,8.233670205869217
2267620,555304,4572377,5127681,8.234006958350742
2267631,555309,4572406,5127715,8.233985042561889
2267676,555314,4572510,5127824,8.234098185891225
2267746,555314,4572647,5127961,8.234344893159546
2267763,555319,4572665,5127984,8.234303166288205
2268230,555327,4573498,5128825,8.235684560628242
2268240,555336,4573543,5128879,8.235632121814541
2268289,555346,4573615,5128961,8.235613473402168
2268305,555346,4573641,5128987,8.235660291061789
2268317,555346,4573670,5129016,8.235712510759058
2268320,555346,4573679,5129025,8.235728716872003
2268334,555355,4573717,5129072,8.235663674586526
2268337,555356,4573726,5129082,8.23566505088628
2268359,555364,4573765,5129129,8.235616640617685
2268401,555387,4573857,5129244,8.235441232870052
2268450,555399,4573936,5129335,8.235405537280405
2268487,555399,4573988,5129387,8.23549916366432
2268542,555414,4574055,5129469,8.235397379252234
2268554,555414,4574080,5129494,8.235442390721156
2268657,555460,4574253,5129713,8.235071832355166
2268750,555498,4574322,5129820,8.234632707948544
2269550,555498,4575239,5130737,8.23628347896842
2269590,555517,4575340,5130857,8.236183591141225
2269599,555517,4575345,5130862,8.23619259176587
2269803,555594,4575538,5131132,8.235398510423078
2270291,555606,4576381,5131987,8.236737904198298
2270348,555639,4576481,5132120,8.236428688411001
2270379,555649,4576526,5132175,8.236361444005118
2270425,555649,4576669,5132318,8.23661880071772
2270452,555658,4576711,5132369,8.236560978155628
2270460,555661,4576733,5132394,8.236556101651907
2270507,555675,4576800,5132475,8.236469159130786
2270567,555710,4576897,5132607,8.23612495726188
2270825,555830,4577344,5133174,8.235151035388519
2270960,555933,4577680,5133613,8.23422966436603
2271031,555938,4577706,5133644,8.234202375084992
2271033,555941,4577717,5133658,8.234177727492666
2271070,555941,4577765,5133706,8.234264067589907
2271087,555948,4577783,5133731,8.234192766229935
2271097,555948,4577799,5133747,8.234221545899976
2271338,555948,4578284,5134232,8.235093929648096
2271379,555980,4578384,5134364,8.234799812942912
2271427,556001,4578519,5134520,8.234731592209366
2271576,556012,4579381,5135393,8.236119004625799
2272154,556212,4580145,5136357,8.234531078078144
2272178,556226,4580187,5136413,8.234399326892307
2272211,556243,4580274,5136517,8.234304072141132
2272373,556281,4580417,5136698,8.23399864456992
2272417,556301,4580462,5136763,8.233783509287239
2272985,556301,4581853,5138154,8.236283954190268
2272985,556301,4581853,5138154,8.236283954190268
2273067,556318,4581990,5138308,8.236278531343585
2273090,556323,4582010,5138333,8.236240457432103
2273129,556323,4582063,5138386,8.23633572582834
2273152,556323,4582097,5138420,8.236396841403286
2273179,556345,4582142,5138487,8.236152027968258
2273520,556562,4582679,5139241,8.233905656512661
2273548,556568,4582726,5139294,8.233901338201262
2273582,556569,4582808,5139377,8.234033875404487
2273613,556574,4582865,5139439,8.234062316960548
2274017,556574,4583482,5140056,8.235170884734105
2274033,556579,4583512,5140091,8.235150805186684
2274196,556579,4583732,5140311,8.23554607701692
2274204,556582,4583750,5140332,8.235534027331102
2274235,556582,4583780,5140362,8.2355879277447
2274280,556591,4583950,5140541,8.235760190157585
2274416,556656,4584130,5140786,8.235121870598718
2274455,556679,4584184,5140863,8.234878628437574
2274481,556685,4584221,5140906,8.234856337066743
2274506,556693,4584254,5140947,8.234797276057002
2274509,556693,4584263,5140956,8.23481344295689
2274548,556699,4584306,5141005,8.234801930666302
2274565,556702,4584322,5141024,8.234786295001635
2274603,556718,4584364,5141082,8.234625070502481
2274632,556725,4584403,5141128,8.234591584714178
2274657,556733,4584443,5141176,8.234545105104242
2274722,556765,4584555,5141320,8.234272987705765
2274778,556777,4584661,5141438,8.23428589902241
2274818,556801,4584751,5141552,8.234092611184247
2274851,556823,4584796,5141619,8.233848098947062
2275011,556874,4585122,5141996,8.233679431972044
2275067,556888,4585197,5142085,8.233607116691328
2275236,556895,4585471,5142366,8.23399563652035
2275249,556895,4585494,5142389,8.234036936945026
2275284,556913,4585545,5142458,8.233862380659097
2275751,556913,4586386,5143299,8.235372490855843
2275764,556924,4586406,5143330,8.235245742686613
2275785,556924,4586481,5143405,8.235380410971695
2275798,556924,4586507,5143431,8.235427095977188
2275993,556967,4587046,5144013,8.23575903060684
2275996,556968,4587049,5144017,8.235749630140331
2276495,556968,4588161,5145129,8.23774615417762
2276509,556974,4588177,5145151,8.237686139747995
2276624,557067,4588419,5145486,8.236745310707688
2276709,557113,4588528,5145641,8.23626086628745
2276726,557120,4588545,5145665,8.236187894887996
2276815,557136,4588591,5145727,8.236033930674019
2276961,557170,4588827,5145997,8.235954915016961
2276964,557170,4588836,5146006,8.235971068076172
2276979,557175,4588848,5146023,8.235918696998251
2277513,557420,4589711,5147131,8.233847009436332
2277550,557436,4589788,5147224,8.233748807037937
2277589,557460,4589851,5147311,8.23350733684928
2277609,557460,4589851,5147311,8.23350733684928
2277650,557471,4589901,5147372,8.233434564309174
2277708,557490,4590036,5147526,8.233396114728516
2277757,557500,4590091,5147591,8.233347085201794
2277765,557500,4590108,5147608,8.233377578475336
2277776,557500,4590120,5147620,8.233399103139014
2277868,557500,4590282,5147782,8.233689686098655
2277880,557503,4590325,5147828,8.233722509116543
2277907,557524,4590358,5147882,8.233471563556009
2277923,557524,4590383,5147907,8.233516404674956
2277956,557534,4590448,5147982,8.233485312106525
2277966,557534,4590464,5147998,8.233514009907916
2278382,557541,4590945,5148486,8.234273353887875
2278393,557554,4590966,5148520,8.234119027035947
2278407,557560,4590981,5148541,8.234057321185164
2278788,557778,4591544,5149322,8.231848513207764
2278811,557790,4591575,5149365,8.231726994030012
2279452,557790,4592546,5150336,8.233467792538411
2279455,557791,4592549,5150340,8.233458410049643
2279467,557804,4592574,5150378,8.2333113423353
2279523,557850,4592681,5150531,8.23282423590571
2279548,557868,4592744,5150612,8.232671528031721
2280605,557878,4594053,5151931,8.234870347997232
2280674,557878,4594161,5152039,8.235063938710613
2280685,557878,4594173,5152051,8.235085448789878
2280757,557909,4594238,5152147,8.234744375874918
2280758,557911,4594239,5152150,8.234716648354308
2280764,557911,4594253,5152164,8.234741741962427
2280790,557931,4594285,5152216,8.234503908189364
2280816,557952,4594313,5152265,8.234244164372562
2280878,557952,4594377,5152329,8.234358869580179
2281048,557952,4594598,5152550,8.23475496100023
2281051,557953,4594602,5152555,8.234747371194349
2281090,557972,4594639,5152611,8.2345332740711
2281114,557974,4594736,5152710,8.234677601465302
2281314,558123,4595047,5153170,8.233036445371361
2281883,558328,4595810,5154138,8.231380120645928
2281900,558333,4595823,5154156,8.231329690346083
2281911,558333,4595833,5154166,8.231347600804538
2281970,558362,4595907,5154269,8.231052614612025
2282009,558379,4595966,5154345,8.230907680983705
2282045,558379,4596007,5154386,8.230981107813868
2282119,558401,4596122,5154523,8.230862767079572
2282140,558401,4596154,5154555,8.230920073567203
2282178,558401,4596203,5154604,8.23100782412639
2282316,558421,4596283,5154704,8.230856289430376
2282418,558444,4596474,5154918,8.23085931624299
2282419,558444,4596476,5154920,8.23086289762268
2282445,558458,4596514,5154972,8.230724602387287
2282475,558470,4596546,5155016,8.230605045929057
2282528,558493,4596626,5155119,8.230409333689053
2282574,558493,4596686,5155179,8.230516765653284
2282600,558508,4596729,5155237,8.230372707284408
2283217,558594,4597242,5155836,8.230023952996273
2283356,558658,4597530,5156188,8.229596640520676
2283394,558672,4597565,5156237,8.229453060113984
2283814,558797,4597937,5156734,8.228277889824033
2283829,558797,4597964,5156761,8.228326207907344
2283901,558838,4598066,5156904,8.227905045827235
2284042,558875,4598226,5157101,8.22764661149631
2286334,559353,4599799,5159152,8.22342778174069
2286586,559470,4600449,5159919,8.222869858973672
2286596,559470,4600470,5159940,8.222907394498364
2286766,559553,4600741,5160294,8.222171983708424
2286781,559559,4600758,5160317,8.222114200647296
2286805,559567,4600775,5160342,8.222027031615516
2286820,559573,4600787,5160360,8.221960316169652
2286838,559573,4600808,5160381,8.22199784478522
2286847,559577,4600829,5160406,8.221976600181923
2286897,559599,4600970,5160569,8.221905328637114
2286910,559599,4600970,5160569,8.221905328637114
2286924,559601,4601002,5160603,8.221933127353239
2286952,559601,4601069,5160670,8.222052855516699
2286968,559601,4601095,5160696,8.22209931719207
2287622,559879,4603461,5163340,8.222242663146858
2287815,559879,4603839,5163718,8.222917809026594
2287820,559884,4603851,5163735,8.222865807917355
2288028,559991,4604288,5164279,8.222074997633891
2288044,559991,4604314,5164305,8.222121426951505
2288072,559991,4604356,5164347,8.222196428156881
2288098,559997,4604391,5164388,8.222170833058033
2288163,560017,4604657,5164674,8.222352178594578
2288208,560030,4604755,5164785,8.222336303412318
2288232,560030,4604785,5164815,8.222389871971144
2288253,560032,4604785,5164817,8.222360507970974
2288280,560043,4604830,5164873,8.222279360691946
2288299,560048,4604868,5164916,8.22227380510242
2288343,560062,4604962,5165024,8.222236109573583
2288369,560084,4605026,5165110,8.222027410174189
2288406,560116,4605101,5165217,8.221691578173093
2288426,560122,4605127,5165249,8.221649926266064
2288439,560122,4605132,5165254,8.221658852892762
2288518,560150,4605271,5165421,8.221496027849684
2288568,560176,4605387,5165563,8.221321513238696
2288673,560239,4605560,5165799,8.220705805914976
2288746,560239,4605696,5165935,8.22094855945409
2288829,560253,4605745,5165998,8.220830589037453
2289330,560519,4606816,5167335,8.218840039320702
2289352,560532,4606876,5167408,8.218756467070568
2289426,560542,4607041,5167583,8.218904203431679
2289709,560542,4607714,5168256,8.220104827113758
2290119,560555,4608555,5169110,8.221414490995532
2290123,560555,4608560,5169115,8.221423410726869
2290145,560559,4608591,5169150,8.221420046774737
2290172,560559,4608659,5169218,8.221541354255306
2290245,560623,4608820,5169443,8.22088997418943
2290322,560654,4608864,5169518,8.220513899838403
2290373,560670,4608957,5169627,8.22044518165766
2290777,560675,4609686,5170361,8.221672091675213
2290870,560709,4609851,5170560,8.221467820206204
2290921,560729,4609951,5170680,8.221352917362934
2291152,560729,4609951,5170680,8.221352917362934
2291258,560825,4610126,5170951,8.220257656131592
2291295,560830,4610180,5171010,8.22028065545709
2291296,560830,4610182,5171012,8.220284221600128
2291306,560830,4610197,5171027,8.220310967672914
2291411,560917,4610380,5171297,8.219362222931379
2291440,560932,4610415,5171347,8.219204823401054
2291548,560932,4610972,5171904,8.22019781363873
2291753,560959,4611180,5172139,8.22017295381659
2291786,560976,4611222,5172198,8.219998716522632
2291834,560994,4611274,5172268,8.21982766304096
2291880,561029,4611416,5172445,8.219567972422103
2291903,561051,4611465,5172516,8.21933300181267
2292095,561051,4611888,5172939,8.22008694396766
2292098,561053,4611895,5172948,8.220070118152831
2292164,561090,4612041,5173131,8.219788269261615
2292493,561264,4613150,5174414,8.219215912654295
2292568,561335,4613303,5174638,8.21844887633944
2292599,561345,4613342,5174687,8.218371945951242
2292628,561345,4613422,5174767,8.218514460803961
2292653,561353,4613473,5174826,8.218488188359196
2292692,561353,4613496,5174849,8.218529160795436
2292695,561355,4613497,5174852,8.21850166115916
2292715,561363,4613525,5174888,8.218434417658449
2292732,561368,4613577,5174945,8.218453848455916
2292998,561368,4614418,5175786,8.219951974462385
2292999,561368,4614418,5175786,8.219951974462385
2293045,561374,4614450,5175824,8.219921122103981
2293045,561374,4614629,5176003,8.220239982614086
2293126,561392,4614703,5176095,8.220108230968735
2293194,561423,4614798,5176221,8.219823555500932
2293367,561522,4615127,5176649,8.218960254451295
2293433,561552,4615258,5176810,8.21875445194746
2293610,561558,4615650,5177208,8.219364696077697
2293902,561673,4615969,5177642,8.218249764542714
2293933,561681,4616030,5177711,8.218241314910065
2294022,561707,4616223,5177930,8.218204508756344
2294026,561707,4616228,5177935,8.218213410194283
2294185,561808,4616524,5178332,8.217262837125851
2294336,561827,4616763,5178590,8.217410341617615
2294369,561832,4616792,5178624,8.217388827977047
2294449,561854,4616914,5178768,8.217284205505345
2294518,561854,4617026,5178880,8.21748354554742
2294534,561862,4617037,5178899,8.217386119723349
2294630,561934,4617229,5179163,8.216674912000341
2294633,561934,4617238,5179172,8.216690928116114
2294654,561948,4617269,5179217,8.216541388171148
2294721,562000,4617499,5179499,8.216190391459074
2294844,562085,4617717,5179802,8.215335758826512
2294861,562105,4617766,5179871,8.215130625061153
2294871,562105,4617782,5179887,8.215159089493955
2294931,562123,4617912,5180035,8.215127294204294
2294952,562129,4617927,5180056,8.21506629261255
2295084,562153,4617972,5180125,8.21479561614009
2295138,562153,4618091,5180244,8.215007302282475
2295154,562153,4618117,5180270,8.215053553036274
2295191,562156,4618211,5180367,8.215176925977843
2295196,562157,4618217,5180374,8.215172985482702
2295214,562157,4618233,5180390,8.21520144728252
2295257,562171,4618328,5180499,8.21516584811383
2295732,562171,4619938,5182109,8.218029745397752
2295734,562171,4619948,5182119,8.218047533579641
2295934,562171,4620514,5182685,8.219054344674484
2295957,562177,4620537,5182714,8.219007536772226
2296486,562177,4620537,5182714,8.219007536772226
2296511,562190,4620590,5182780,8.218911755812092
2296581,562190,4620718,5182908,8.219139436845195
2296703,562241,4620985,5183226,8.218868776912391
2296748,562265,4621062,5183327,8.218654904715748
2297036,562265,4621629,5183894,8.219663326011757
2297054,562265,4621660,5183925,8.219718460156688
2297070,562268,4621669,5183937,8.219690610171662
2297271,562268,4622014,5184282,8.220304196575299
2298263,562268,4623841,5186109,8.2235535367476
2298371,562268,4624006,5186274,8.223846991114558
2298425,562268,4624075,5186343,8.223969708395284
2298433,562272,4624088,5186360,8.223934323601389
2298514,562299,4624199,5186498,8.223736837518828
2298708,562299,4624693,5186992,8.224615373671304
2298759,562314,4624804,5187118,8.224593376654324
2298918,562427,4625083,5187510,8.223436997156965
2298974,562480,4625194,5187674,8.222859479448157
2299017,562516,4625245,5187761,8.222423895498084
2299558,562521,4626563,5189084,8.224693833652433
2299600,562563,4626687,5189250,8.224300211709622
2299624,562571,4626718,5189289,8.224238362802206
2299630,562571,4626734,5189305,8.224266803656782
2299644,562571,4626741,5189312,8.22427924653066
2299743,562619,4626901,5189520,8.223861974089036
2299774,562625,4626978,5189603,8.22391113085981
2300043,562625,4627494,5190119,8.22482826038658
2300188,562638,4627939,5190577,8.225429139162303
2300596,562828,4628403,5191231,8.22347679930636
2300633,562855,4628455,5191310,8.223174707517922
2300730,562904,4628636,5191540,8.222780438582777
2300746,562908,4628667,5191575,8.222777079025347
2300766,562914,4628677,5191591,8.222707198612932
2300801,562914,4628791,5191705,8.222909716226635
2300833,562922,4628829,5191751,8.22286036076046
2302076,563396,4631368,5194764,8.2204488494771
2302125,563404,4631439,5194843,8.22045814371215
2302126,563404,4631441,5194845,8.2204616935627
2302165,563404,4631464,5194868,8.220502516844041
2302865,563635,4632403,5196038,8.21879940032113
2303037,563665,4632648,5196313,8.21879662565531
2303068,563683,4632698,5196381,8.218622878461831
2303098,563692,4632731,5196423,8.21855020117369
2303405,563692,4633329,5197021,8.21961106419818
2303439,563716,4633419,5197135,8.219420772161868
2303463,563721,4633448,5197169,8.219399312780613
2303464,563721,4633450,5197171,8.21940286063496
2305186,563722,4650733,5214455,8.2500470089867
2305285,563745,4650795,5214540,8.249820397520155
2305316,563745,4650795,5214540,8.249820397520155
2305383,563754,4650917,5214671,8.249905100451615
2305506,563784,4651125,5214909,8.249835043208037
2305561,563806,4651214,5215020,8.24967098611934
2305602,563814,4651265,5215079,8.24964438626923
2305639,563821,4651312,5215133,8.249625324349395
2305732,563821,4651585,5215406,8.250109520574792
2305733,563821,4651585,5215406,8.250109520574792
2305910,563821,4651814,5215635,8.250515677848112
2305919,563823,4651830,5215653,8.250514789215764
2305940,563823,4651860,5215683,8.25056799740344
2306140,563962,4652354,5216316,8.249410421269518
2306165,563962,4652462,5216424,8.249601923533856
2306183,563970,4652480,5216450,8.249516818270475
2306253,563995,4652599,5216594,8.24936213973528
2306446,564056,4652826,5216882,8.248872452380615
2306662,564174,4653140,5217314,8.2477037226104
2306688,564177,4653200,5217377,8.247766215212602
2306708,564177,4653245,5217422,8.247845977414888
2306731,564188,4653281,5217469,8.247748977291257
2306775,564188,4653399,5217587,8.2479581274327
2306904,564254,4653559,5217813,8.24727693556448
2307846,564564,4654571,5219135,8.244540920072835
2307867,564564,4654619,5219183,8.244625941434451
2307920,564564,4654705,5219269,8.244778271374017
2307948,564564,4654753,5219317,8.244863292735634
2309781,564571,4657236,5221807,8.24915909602158
2309828,564602,4657308,5221910,8.248833691697868
2309857,564610,4657351,5221961,8.24879297214006
2309918,564652,4657496,5222148,8.248436204954556
2310031,564691,4657593,5222284,8.248038307676234
2310046,564693,4657632,5222325,8.24807815928301
2311072,564693,4658933,5223626,8.250382066007548
2311124,564706,4658957,5223663,8.250234635367784
2311157,564717,4658985,5223702,8.250123513193333
2311171,564721,4659001,5223722,8.250093408957698
2311225,564740,4659088,5223828,8.249969897652017
2311292,564740,4659200,5223940,8.250168219003434
2311409,564795,4659313,5224108,8.249564886374703
2311879,564795,4660107,5224902,8.25097070618543
2311901,564798,4660163,5224961,8.251026030545434
2312008,564819,4660390,5225209,8.251121155626846
2312129,564825,4660635,5225460,8.251467268623024
2312179,564891,4660738,5225629,8.250685530482873
2312289,564891,4660941,5225832,8.25104489184639
2312460,564891,4661285,5226176,8.251653858886051
2312777,564891,4662355,5227246,8.253548029619873
2312863,564933,4662540,5227473,8.25326189123312
2312936,564956,4662625,5227581,8.25307634576852
2312972,564973,4662696,5227669,8.252953680972364
2312996,564984,4662717,5227701,8.252830168641944
2313005,564989,4662732,5227721,8.252783682514172
2313014,564992,4662748,5227740,8.2527681807884
2313045,564992,4662828,5227820,8.252909775713638
2313045,565077,4662936,5228013,8.251859481097267
2313212,565077,4663229,5228306,8.252377994503403
2313237,565103,4663283,5228386,8.252093866073972
2313261,565114,4663327,5228441,8.252011098645584
2313410,565161,4663409,5228570,8.251469935115834
2313932,565408,4664265,5229673,8.249379209349708
2314078,565492,4664536,5230028,8.248633048743395
2314217,565536,4664660,5230196,8.248210547162339
2314233,565536,4664686,5230222,8.2482565212471
2314249,565536,4664701,5230237,8.24828304475754
2314309,565536,4664741,5230277,8.248353774118712
2314318,565538,4664756,5230294,8.248351127598852
2314357,565579,4664837,5230416,8.247896403508618
2314382,565593,4664881,5230474,8.24777003958677
2314393,565595,4664903,5230498,8.2477797717448
2314422,565602,4664951,5230553,8.247762560952754
2314446,565606,4664953,5230559,8.247707768305146
2314560,565654,4665276,5230930,8.24757890866148
2314588,565667,4665365,5231032,8.247546701504595
2315069,565802,4666437,5232239,8.247473497796049
2315106,565802,4666473,5232275,8.247537124294364
2315252,565802,4666727,5232529,8.247986044588036
2315704,565810,4667550,5233360,8.249323978013821
2315772,565873,4667726,5233599,8.248716584816734
2315798,565879,4667763,5233642,8.248694508896778
2315831,565892,4667809,5233701,8.248586302686732
2315856,565899,4667840,5233739,8.24853905025455
2316515,565899,4669251,5235150,8.251032428048115
2316524,565901,4669266,5235167,8.251029773759015
2316546,565917,4669297,5235214,8.25085127324325
2316621,565959,4669448,5235407,8.250505778687149
2316654,565983,4669532,5235515,8.250304337762795
2316693,565989,4669605,5235594,8.250345854778097
2316714,565989,4669642,5235631,8.250411227073318
2316852,566007,4669956,5235963,8.250703613206197
2316901,566017,4670024,5236041,8.250677983170117
2317060,566017,4670292,5236309,8.251151467182082
2317070,566021,4670302,5236323,8.251110824510045
2317103,566034,4670326,5236360,8.250963723027239
2317135,566041,4670458,5236499,8.251094885352828
2317138,566041,4670467,5236508,8.251110785261139
2317252,566041,4670759,5236800,8.25162664895299
2317267,566041,4670782,5236823,8.251667282052006
2317294,566046,4670833,5236879,8.251684492073082
2317459,566046,4671081,5237127,8.252122619009763
2317555,566072,4671317,5237389,8.252160502550913
2317573,566072,4671327,5237399,8.252178168148221
2317728,566072,4671648,5237720,8.252745233821846
2317882,566072,4671904,5237976,8.25319747311296
2317914,566100,4671977,5238077,8.252918212329977
2317983,566135,4672048,5238183,8.25253340634301
2318075,566135,4672248,5238383,8.25288667897233
2318171,566174,4672344,5238518,8.252487751115382
2318200,566178,4672400,5238578,8.252528356806517
2318217,566182,4672429,5238611,8.252521274077946
2318366,566226,4672694,5238920,8.25234800238774
2318485,566226,4672921,5239147,8.252748902381734
2318544,566248,4673008,5239256,8.252581907574067
2318557,566248,4673038,5239286,8.252634887893644
2318558,566248,4673038,5239286,8.252634887893644
2318577,566251,4673049,5239300,8.252610591416174
2318624,566251,4673163,5239414,8.252811915563946
2318631,566251,4673177,5239428,8.252836639582094
2318681,566284,4673255,5239539,8.252493448516999
2318699,566294,4673285,5239579,8.252400696458023
2318725,566303,4673316,5239619,8.252324285762215
2318743,566314,4673332,5239646,8.252192246704125
2318776,566316,4673398,5239714,8.252279645992697
2318802,566330,4673455,5239785,8.252176292974061
2320134,566829,4676753,5243582,8.250729937953068
2320549,566829,4677606,5244435,8.252234800971722
2320597,566842,4677685,5244527,8.252184912197755
2320616,566844,4677710,5244554,8.252199899796064
2320636,566844,4677731,5244575,8.25223694702599
2320648,566850,4677748,5244598,8.252179588956514
2320657,566855,4677761,5244616,8.252129733353327
2320708,566855,4677883,5244738,8.252344955941114
2320996,566855,4678483,5245338,8.25340342768433
2320997,566855,4678485,5245340,8.253406955923472
2321045,566860,4678584,5245444,8.253508802879018
2321268,566860,4679062,5245922,8.25435204459655
2321417,566905,4679478,5246383,8.254430636526402
2321456,566918,4679510,5246428,8.254297799681789
2321497,566932,4679572,5246504,8.254203325972075
2321711,566932,4679881,5246813,8.254748364883266
2322413,566932,4681552,5248484,8.257695808315635
2322456,566946,4681588,5248534,8.257555393282605
2322476,566957,4681624,5248581,8.25745867852412
2322524,566983,4681697,5248680,8.257208769927846
2322608,567043,4681866,5248909,8.25663309484466
2322623,567058,4681885,5248943,8.2564481940119
2322697,567066,4681905,5248971,8.256366983737342
2322738,567073,4682005,5249078,8.2564414105415
2322777,567092,4682166,5249258,8.256448689101592
2322786,567096,4682190,5249286,8.256432773287063
2322817,567096,4682252,5249348,8.256542102219024
2322860,567111,4682310,5249421,8.256425990679073
2322876,567111,4682336,5249447,8.25647183708304
2322916,567115,4682416,5249531,8.25655466704284
2322950,567121,4682458,5249579,8.256541373005055
2322962,567126,4682485,5249611,8.256516188642383
2322974,567130,4682502,5249632,8.256487930456862
2322999,567130,4682557,5249687,8.256584909985365
2323707,567387,4683312,5250699,8.254175721333059
2323974,567387,4684101,5251488,8.25556630659497
2323984,567387,4684117,5251504,8.255594506042613
2324039,567413,4684231,5251644,8.255417130026983
2324219,567507,4684491,5251998,8.254507873911688
2324234,567517,4684520,5252037,8.254413524176368
2324245,567517,4684539,5252056,8.254447003349679
2324570,567716,4685021,5252737,8.252402609755581
2324611,567735,4685087,5252822,8.25224268364642
2324893,567735,4685414,5253149,8.252818656591543
2324897,567735,4685420,5253155,8.252829224902463
2324976,567735,4685577,5253312,8.25310576237153
2324997,567747,4685613,5253360,8.252994731808359
2325029,567771,4685687,5253458,8.252776207308933
2325137,567771,4686244,5254015,8.253757236632374
2325165,567778,4686272,5254050,8.253704793070531
2325186,567778,4686309,5254087,8.253769959385535
2325314,567778,4686529,5254307,8.254157434772042
2325470,567782,4686794,5254576,8.254566013012036
2325525,567782,4686878,5254660,8.254713957117344
2325615,567821,4687292,5255113,8.254876096516332
2326205,567879,4688675,5256554,8.25646836738108
2326441,567935,4688925,5256860,8.256094447427962
2326466,567940,4688996,5256936,8.256146776067894
2326662,568036,4689226,5257262,8.255156363329085
2326863,568036,4689571,5257607,8.255763719200896
2326930,568076,4689694,5257770,8.255398925495884
2326959,568084,4689724,5257808,8.255335478555988
2327002,568103,4689797,5257900,8.255187879662667
2327008,568110,4689817,5257927,8.255121367340832
2327071,568132,4689890,5258022,8.254930192279259
2328081,568741,4691626,5260367,8.24914328314646
2328102,568759,4691672,5260431,8.24896309333127
2328232,568836,4692180,5261016,8.248739531253296
2328257,568839,4692218,5261057,8.2487628309592
2328318,568865,4692435,5261300,8.248767282219859
2328329,568868,4692447,5261315,8.248744875788407
2328351,568870,4692454,5261324,8.248728180427866
2328370,568878,4692474,5261352,8.248647337390443
2328372,568878,4692474,5261352,8.248647337390443
2328393,568886,4692512,5261398,8.248598137412417
2328414,568886,4692552,5261438,8.248668450269474
2328437,568890,4692589,5261479,8.248675490868182
2328494,568904,4692626,5261530,8.248537538846625
2328573,568964,4692797,5261761,8.247968237006209
2328751,569059,4693033,5262092,8.247006022222651
2328955,569121,4693266,5262387,8.246516997264202
2329577,569439,4694786,5264225,8.244581070140963
2329607,569450,4694841,5264291,8.244518394942489
2329707,569450,4694902,5264352,8.244625515848625
2329777,569467,4695019,5264486,8.244584848639166
2329794,569477,4695059,5264536,8.244510313849375
2329900,569524,4695377,5264901,8.244388296191206
2330133,569556,4696493,5266049,8.245884513550907
2330172,569556,4696527,5266083,8.245944209173462
2330278,569598,4696668,5266266,8.245583727470953
2330327,569619,4696737,5266356,8.245400873215255
2330347,569629,4696781,5266410,8.2453333661032
2330373,569645,4696820,5266465,8.245170237604121
2330412,569658,4696888,5266546,8.245101446833011
2330507,569685,4697005,5266690,8.244916050097862
2330729,569711,4697561,5267272,8.245515708841852
2330767,569719,4697605,5267324,8.245477156282307
2330858,569719,4697916,5267635,8.24602303942821
2330906,569747,4698010,5267757,8.245782777267804
2330968,569767,4698086,5267853,8.245626721098274
2330991,569779,4698109,5267888,8.245493428153722
2330994,569780,4698112,5267892,8.245484221980414
2331200,569858,4698274,5268132,8.24463989274521
2331353,569955,4698664,5268619,8.24392101130791
2331368,569961,4698682,5268643,8.243865808362326
2331386,569973,4698721,5268694,8.24376066936504
2331395,569975,4698744,5268719,8.243772095267337
2331481,569986,4698808,5268794,8.243725284480671
2331622,570024,4698899,5268923,8.243335368335368
2331646,570024,4698931,5268955,8.24339150632254
2331823,570024,4699329,5269353,8.244089722537998
2331886,570024,4699455,5269479,8.24431076586249
2331958,570076,4699634,5269710,8.243872746791656
2331994,570087,4699657,5269744,8.243754023508693
2332024,570101,4699691,5269792,8.243611219766322
2332325,570101,4699693,5269794,8.243614727916633
2332403,570149,4699885,5270034,8.243257464276882
2332465,570192,4700044,5270236,8.242914667340123
2332473,570192,4700054,5270246,8.242932205292252
2332659,570329,4700458,5270787,8.241660515246464
2332682,570331,4700475,5270806,8.24166142117472
2332685,570331,4700479,5270810,8.241668434645845
2332956,570370,4701016,5271386,8.242046390939215
2333166,570370,4701663,5272033,8.243180742325157
2333178,570377,4701683,5272060,8.243114641719425
2333184,570381,4701694,5272075,8.243076119295699
2333196,570382,4701698,5272080,8.243068680287948
2333213,570389,4701746,5272135,8.243051671753838
2333236,570400,4701776,5272176,8.242945301542777
2333236,570400,4701776,5272176,8.242945301542777
2333317,570431,4701906,5272337,8.242725237583512
2333457,570431,4702203,5272634,8.243245896523856
2333595,570525,4702614,5273139,8.242608124096227
2333636,570536,4702685,5273221,8.242573650041365
2333662,570552,4702710,5273262,8.242386320615825
2333725,570587,4702817,5273404,8.242068256024059
2333805,570625,4703029,5273654,8.241890909090909
2333916,570657,4703312,5273969,8.241924658770506
2333941,570679,4703360,5274039,8.241691038219384
2333971,570689,4703409,5274098,8.241632482840917
2334217,570733,4703747,5274480,8.241589324605377
2334303,570758,4703930,5274688,8.241548957701863
2334341,570758,4704015,5274773,8.241697882465072
2334353,570761,4704032,5274793,8.241684347739247
2334387,570766,4704040,5274806,8.241626165538943
2334540,570796,4704172,5274968,8.241424256652113
2334601,570801,4704265,5275066,8.241514993841987
2335388,570967,4704842,5275809,8.240129464575011
2335749,571031,4705144,5276175,8.239734795483958
2335822,571031,4705238,5276269,8.239899410014518
2335947,571031,4705609,5276640,8.240549112044706
2335992,571057,4705724,5276781,8.240375304041454
2336176,571176,4706099,5277275,8.239315027242041
2336201,571192,4706141,5277333,8.239157761313184
2336257,571208,4706207,5277415,8.239042520412879
2336268,571210,4706230,5277440,8.239053938131335
2336283,571210,4706244,5277454,8.239078447506172
2336305,571218,4706301,5277519,8.239062844658257
2336394,571259,4706428,5277687,8.238693832394762
2336562,571268,4706697,5277965,8.239034918812186
2336583,571277,4706718,5277995,8.238941879333494
2336628,571319,4706841,5278160,8.23855149224864
2336689,571337,4706925,5278262,8.238438959843315
2339028,571356,4711977,5283333,8.247007119904227
2339041,571362,4712016,5283378,8.246988774192193
2339057,571367,4712023,5283390,8.246928856584297
2339068,571368,4712046,5283414,8.246954677195783
2339113,571368,4712150,5283518,8.247136696489829
2339132,571376,4712164,5283540,8.247045728206995
2339151,571376,4712189,5283565,8.247089482232365
2339205,571389,4712236,5283625,8.246984103649178
2339236,571405,4712277,5283682,8.246824931528426
2339401,571425,4712325,5283750,8.246620291376821
2339414,571429,4712354,5283783,8.246613315040014
2339429,571441,4712382,5283823,8.24648913886123
2339486,571454,4712461,5283915,8.246439783429638
2339822,571630,4713274,5284904,8.24532302363417
2339853,571630,4713315,5284945,8.245394748351206
2339860,571633,4713326,5284959,8.245370718625411
2339916,571642,4713425,5285067,8.245414087838192
2339954,571650,4713478,5285128,8.245391410828304
2339963,571650,4713498,5285148,8.245426397271057
2339969,571654,4713504,5285158,8.245379197906425
2340004,571661,4713543,5285204,8.245346455329296
2340031,571670,4713603,5285273,8.245321601623314
2340044,571670,4713610,5285280,8.245333846449874
2340171,571726,4713775,5285501,8.244814823884168
2340204,571738,4713849,5285587,8.24477120639174
2340234,571752,4713887,5285639,8.244635786145041
2340243,571760,4713912,5285672,8.244564152791382
2340311,571760,4714024,5285784,8.244760039177278
2340441,571760,4714410,5286170,8.245435147614383
2340444,571765,4714419,5286184,8.245378783241367
2340460,571771,4714438,5286209,8.245325488700896
2340486,571784,4714460,5286244,8.245176500216866
2340516,571791,4714479,5286270,8.245108789750102
2340688,571791,4714855,5286646,8.245766372678128
2340755,571791,4715036,5286827,8.246082921906781
2340765,571794,4715045,5286839,8.246055397573253
2340955,571869,4715256,5287125,8.245342901958315
2340994,571869,4715309,5287178,8.24543558052631
2341010,571875,4715340,5287215,8.245403278688524
2341375,572080,4716334,5288414,8.244186127814292
2341393,572095,4716369,5288464,8.24403114867286
2341552,572164,4716739,5288903,8.24368362916926
2341569,572167,4716775,5288942,8.243703324379071
2341711,572181,4717068,5289249,8.244013694967151
2341801,572199,4717118,5289317,8.243841740373542
2342077,572208,4718816,5291024,8.246679529122277
2342599,572214,4718829,5291043,8.246615776615043
2342612,572220,4718887,5291107,8.24663066652686
2342717,572257,4719038,5291295,8.246361337650741
2342836,572257,4719301,5291558,8.246820921369245
2342897,572312,4719489,5291801,8.246356882260026
2343232,572401,4720544,5292945,8.246917807620882
2343248,572401,4720570,5292971,8.246963230322798
2343627,572435,4720972,5293407,8.247175661865539
2343766,572525,4721276,5293801,8.24641020042793
2343787,572542,4721302,5293844,8.24621075833738
2343941,572656,4721744,5294400,8.245341007515856
2344059,572672,4722030,5294702,8.245610052525704
2344656,572672,4723304,5295976,8.247834711667412
2344667,572676,4723340,5296016,8.24783996535563
2344741,572685,4723546,5296231,8.248070055964448
2344999,572685,4724113,5296798,8.24906012904127
2345144,572690,4724383,5297073,8.249459568003632
2345169,572699,4724460,5297159,8.249464378320898
2345294,572792,4724674,5297466,8.248498582382435
2345374,572792,4724768,5297560,8.248662690819705
2345486,572819,4724849,5297668,8.248415293487122
2345668,572884,4725060,5297944,8.247847731827036
2345683,572884,4725086,5297970,8.247893116232955
2345932,572895,4725930,5298825,8.249207970046868
2345947,572895,4725961,5298856,8.249262081184161
2346085,572948,4726073,5299021,8.248694471400546
2346149,572972,4726204,5299176,8.248577591924212
2346295,573021,4726405,5299426,8.248223014514302
2346371,573036,4726487,5299523,8.248150203477618
2346543,573036,4726867,5299903,8.24881333807998
2346598,573060,4726957,5300017,8.248624925836737
2347124,573202,4727338,5300540,8.24724617150673
2347185,573212,4727484,5300696,8.247356998806724
2347239,573212,4727580,5300792,8.24752447611006
2347489,573212,4728164,5301376,8.248543296372024
2347492,573212,4728173,5301385,8.24855899736921
2347503,573212,4728190,5301402,8.248588654808342
2347773,573282,4728427,5301709,8.247994878611225
2347803,573301,4728460,5301761,8.247779089867278
2347832,573322,4728549,5301871,8.24763222063692
2347852,573337,4728581,5301918,8.247472254537907
2348476,573337,4729459,5302796,8.249003640093
2348558,573359,4729591,5302950,8.248917344979324
2348573,573359,4729638,5302997,8.248999318053786
2348705,573359,4730006,5303365,8.249641149785736
2348817,573411,4730208,5303619,8.24924530572312
2348839,573413,4730215,5303628,8.249228740890073
2348945,573448,4730308,5303756,8.248887431815962
2348963,573461,4730354,5303815,8.248780649425157
2349052,573489,4730444,5303933,8.248534845480908
2349107,573504,4730557,5304061,8.248516139381765
2349256,573504,4730927,5304431,8.249161296172302
2349274,573513,4730954,5304467,8.249078922360958
2369058,573513,4790302,5363815,8.352560447627168
2369103,573550,4790385,5363935,8.35216633249063
2369144,573558,4790519,5364077,8.352283465665199
2369163,573576,4790547,5364123,8.352070170300012
2369232,573576,4790742,5364318,8.352410142683794
2369236,573579,4790743,5364322,8.352368200369957
2369365,573579,4791025,5364604,8.352859850168851
2369682,573734,4791481,5365215,8.351398034629288
2369710,573739,4791524,5365263,8.351400201136753
2369766,573752,4791629,5365381,8.351393982068908
2369782,573762,4791673,5365435,8.3513251138974
2369866,573787,4791777,5365564,8.351142497128725
2369875,573797,4791792,5365589,8.351023097018633
2369945,573797,4792062,5365859,8.351493646707809
2369975,573797,4792169,5365966,8.351680123806851
2370060,573834,4792273,5366107,8.351322856435834
2370099,573851,4792339,5366190,8.351190465817782
2370492,573981,4792747,5366728,8.350009843531407
2370545,574000,4792790,5366790,8.349808362369338
2370684,574009,4793579,5367588,8.35105198698975
2370825,574085,4793974,5368059,8.350634487924262
2370883,574105,4794093,5368198,8.350550857421553
2370922,574108,4794167,5368275,8.350636117246232
2371062,574173,4794304,5368477,8.34992937668612
2371093,574190,4794381,5368571,8.34981626290949
2371216,574235,4794506,5368741,8.349379609393367
2371255,574236,4794567,5368803,8.349471297515308
2371368,574276,4794692,5368968,8.34910739783658
2371407,574289,4794787,5369076,8.349083823649766
2371428,574300,4794843,5369143,8.349021417377678
2371478,574325,4794893,5369218,8.348745048535237
2371569,574357,4795134,5369491,8.348699502225967
2371699,574357,4795596,5369953,8.349503879991016
2371803,574371,4795913,5370284,8.349852273182316
2371816,574371,4795927,5370298,8.349876647671975
2371850,574380,4795986,5370366,8.349848532330514
2371851,574380,4795988,5370368,8.349852014345904
2371869,574380,4796015,5370395,8.349899021553675
2372076,574444,4796193,5370637,8.349278606791959
2372086,574444,4796209,5370653,8.349306459811574
2372104,574451,4796223,5370674,8.34922909003553
2372120,574451,4796249,5370700,8.349274350640872
2372139,574451,4796296,5370747,8.349356167888994
2372156,574462,4796344,5370806,8.349279847927278
2372172,574462,4796370,5370832,8.349325107665955
2372188,574462,4796396,5370858,8.349370367404633
2372257,574481,4796431,5370912,8.349155150474951
2372260,574483,4796443,5370926,8.34914697214713
2372367,574506,4796705,5371211,8.349268763076452
2372439,574543,4796824,5371367,8.348938199577752
2372476,574548,4796896,5371444,8.348990858901258
2372685,574636,4797183,5371819,8.348211737517316
2372746,574668,4797282,5371950,8.347919146359288
2372857,574716,4797374,5372090,8.347382011289055
2373076,574735,4797780,5372515,8.347812470094913
2373106,574735,4797827,5372562,8.347894246913794
2373592,574843,4798181,5373024,8.346941686686625
2373648,574855,4798333,5373188,8.347031860208226
2373682,574876,4798380,5373256,8.346808703094233
2373708,574895,4798410,5373305,8.346585028570434
2373794,574895,4798509,5373404,8.346757233929674
2373881,574895,4798621,5373516,8.346952052113865
2373973,574895,4798804,5373699,8.347270371111247
2373995,574926,4798859,5373785,8.34691595092238
2374066,574926,4798986,5373912,8.34713684891621
2374268,574935,4800173,5375108,8.349070764521207
2374453,575019,4800677,5375696,8.348727607261672
2374541,575041,4800910,5375951,8.348813388958353
2374668,575082,4801011,5376093,8.348393794276294
2438030,575082,4991093,5566175,8.67892404909213
2438051,575082,4991125,5566207,8.67897969333069
2438105,575118,4991220,5566338,8.678601608713342
2438120,575126,4991230,5566356,8.678498276899322
2439064,575126,4993319,5568445,8.6821305244416
2439124,575173,4993421,5568594,8.68159840604479
2439177,575176,4993504,5568680,8.681697428265435
2439193,575176,4993530,5568706,8.681742631820521
2439319,575179,4993916,5569095,8.682368445301377
2439339,575179,4993937,5569116,8.682404955674668
2439360,575185,4993959,5569144,8.682352634369812
2439416,575202,4994084,5569286,8.682313343833993
2439629,575202,4994570,5569772,8.683158264401028
2439921,575343,4995171,5570514,8.682074866644767
2439936,575343,4995197,5570540,8.682120057078995
2440047,575343,4995433,5570776,8.682530247174295
2440168,575343,4995773,5571116,8.683121199006505
2440224,575352,4995826,5571178,8.683077489953977
2440240,575352,4995852,5571204,8.683122679681308
2440257,575356,4995861,5571217,8.683077955213815
2440285,575376,4995923,5571299,8.682883888100998
2440349,575377,4995988,5571365,8.682981766737287
2440375,575391,4996034,5571425,8.682850444306567
2440391,575391,4996060,5571451,8.68289563097094
2440494,575392,4996273,5571665,8.683250722985374
2440541,575427,4996376,5571803,8.682901567010237
2440622,575447,4996541,5571988,8.682886521260864
2440731,575470,4996961,5572431,8.683269327679984
2440780,575470,4997070,5572540,8.683458738074965
2440805,575491,4997128,5572619,8.68324265713973
2440825,575498,4997156,5572654,8.683185693086683
2440832,575501,4997159,5572660,8.68314564179732
2440980,575588,4997408,5572996,8.682265787333996
2441017,575601,4997426,5573027,8.682100969247795
2441151,575660,4997570,5573230,8.681461279227321
2441182,575660,4997624,5573284,8.681555084598548
2441211,575671,4997644,5573315,8.681423938325883
2441234,575679,4997665,5573344,8.681339774422899
2441319,575679,4997806,5573485,8.68158470258599
2441600,575679,4998479,5574158,8.682753756867976
2441763,575781,4998749,5574530,8.68168452936099
2441788,575790,4998787,5574577,8.681614824849337
2441839,575804,4998825,5574629,8.681469736229689
2441865,575812,4998864,5574676,8.681416851333422
2442024,575812,4999185,5574997,8.681974324953284
2442230,575836,4999517,5575353,8.682189026042137
2442328,575865,4999714,5575579,8.682093893534075
2442355,575889,4999752,5575641,8.681798054833484
2443295,575906,5003010,5578916,8.687198952606849
2443337,575921,5003058,5578979,8.687056037199547
2443392,575957,5003269,5579226,8.686879402455391
2443784,575963,5004369,5580332,8.688698753218523
2443794,575968,5004386,5580354,8.688652841824545
2443833,575976,5004430,5580406,8.68860855313416
2443855,575985,5004473,5580458,8.688547444811931
2443887,575985,5004539,5580524,8.688662031129283
2443922,575985,5004632,5580617,8.68882349366737
2443940,575994,5004656,5580650,8.68872939648677
2444076,576001,5004907,5580908,8.689059567604918
2444111,576001,5004940,5580941,8.689116859172119
2444114,576001,5004942,5580943,8.689120331388313
2444273,576014,5005256,5581270,8.689469353175443
2444581,576014,5005978,5581992,8.690722794932068
2444636,576040,5006071,5582111,8.69049197972363
2444672,576068,5006119,5582187,8.690152898616136
2445028,576198,5006523,5582721,8.688893401226661
2446806,576201,5009026,5585227,8.693192132606503
2447738,576442,5010055,5586497,8.691342754344756
2447824,576442,5010194,5586636,8.691583888752033
2447867,576456,5010260,5586716,8.69148729478052
2447886,576456,5010295,5586751,8.691548010602718
2447950,576524,5010445,5586969,8.690783037653246
2448027,576531,5010586,5587117,8.690922083981608
2448051,576531,5010619,5587150,8.690979322881164
2448192,576604,5011013,5587617,8.690562327004322
2448200,576604,5011013,5587617,8.690562327004322
2448250,576604,5011097,5587701,8.69070800757539
2448318,576639,5011210,5587849,8.690376474709481
2448351,576639,5011277,5587916,8.690492665255038
2448608,576808,5011798,5588606,8.688849669214019
2448815,576901,5012124,5589025,8.68801406133808
2448820,576903,5012131,5589034,8.687996075596764
2448830,576909,5012151,5589060,8.687940385745412
2448847,576918,5012181,5589099,8.687856853140307
2448971,576976,5012402,5589378,8.687366545575552
2449432,577005,5012567,5589572,8.68721588201142
2449483,577024,5012655,5589679,8.68708233972937
2449504,577037,5012727,5589764,8.687011404814596
2449552,577037,5012844,5589881,8.687214164776263
2449571,577041,5012875,5589916,8.687207668085977
2449583,577041,5012895,5589936,8.687242327668224
2449593,577041,5012911,5589952,8.687270055334023
2449624,577054,5012976,5590030,8.687186987699592
2450040,577054,5013631,5590685,8.688322063446401
2450087,577071,5013691,5590762,8.688170086523149
2450232,577085,5013928,5591013,8.688369997487372
2450298,577094,5013952,5591046,8.688276086738036
2450316,577094,5013981,5591075,8.688326338516775
2451496,577310,5015952,5593262,8.688489719561414
2451715,577418,5016543,5593961,8.687888150352086
2451732,577421,5016580,5594001,8.68790709032058
2451761,577432,5016605,5594037,8.6877848820294
2451941,577503,5016975,5594478,8.687357468272893
2451948,577503,5016975,5594478,8.687357468272893
2452078,577503,5017214,5594717,8.687771318936871
2452153,577548,5017422,5594970,8.687454549232271
2452265,577560,5017546,5595106,8.687488745758017
2452280,577560,5017570,5595130,8.687530299882264
2452907,577777,5019057,5596834,8.686841116901503
2453236,577910,5019645,5597555,8.685859389870394
2453311,577955,5019744,5597699,8.685354396103502
2453378,577975,5019844,5597819,8.685226869674294
2453530,578023,5020176,5598199,8.68508000546691
2453570,578044,5020255,5598299,8.684901149393472
2453578,578044,5020278,5598322,8.684940938752067
2453677,578069,5020342,5598411,8.684676050782866
2453726,578073,5020424,5598497,8.684757807404948
2453746,578073,5020445,5598518,8.68479413499679
2453747,578073,5020447,5598520,8.684797594767442
2453765,578085,5020507,5598592,8.684721105027807
2453877,578155,5020707,5598862,8.68401553216698
2453900,578160,5020746,5598906,8.684007887090079
2453934,578160,5020819,5598979,8.684134149716341
2454100,578248,5021398,5599646,8.683813865331139
2454200,578283,5021499,5599782,8.68346294115511
2454248,578290,5021582,5599872,8.683501357450414
2454284,578298,5021608,5599906,8.683426192032481
2454478,578339,5021739,5600078,8.683037111451934
2454513,578356,5021797,5600153,8.68288216945964
2454544,578371,5021853,5600224,8.682753803354593
2454546,578371,5021865,5600236,8.682774551282828
2454601,578401,5021979,5600380,8.682521295779226
2454635,578408,5022034,5600442,8.682511306897553
2455038,578513,5022477,5600990,8.681701189083046
2455076,578530,5022521,5601051,8.681522133683647
2455165,578530,5022667,5601197,8.68177449743315
2455175,578530,5022683,5601213,8.681802153734465
2455180,578530,5022683,5601213,8.681802153734465
2455493,578530,5023145,5601675,8.682600729434947
2455536,578556,5023225,5601781,8.682348813252304
2455558,578567,5023255,5601822,8.682235592420584
2455754,578716,5023744,5602460,8.680845181401585
2455937,578779,5023935,5602714,8.680230277878085
2455953,578779,5023935,5602714,8.680230277878085
2455968,578779,5023943,5602722,8.680244100079651
2456687,578779,5025323,5604102,8.682628429849736
2456806,578849,5025517,5604366,8.681913590590984
2456819,578852,5025546,5604398,8.681918694243087
2456838,578852,5025567,5604419,8.681954972946453
2457120,578852,5025894,5604746,8.682519884184558
2457257,578870,5026104,5604974,8.682612676421304
2457364,578931,5026470,5605401,8.682330018603253
2457386,578931,5026502,5605433,8.682385292893281
2457407,578931,5026555,5605486,8.68247684093614
2457434,578942,5026587,5605529,8.682367145586259
2457448,578953,5026630,5605583,8.682276454219945
2457464,578953,5026659,5605612,8.682326544641793
2457476,578953,5026680,5605633,8.682362817016234
2457555,578979,5026798,5605777,8.682176728344206
2457608,578998,5026921,5605919,8.68210425597325
2457770,579104,5027083,5606187,8.68079481405758
2457825,579143,5027155,5606298,8.680334563311652
2457854,579143,5027185,5606328,8.68038636398955
2458022,579143,5027448,5606591,8.680840483265792
2458056,579143,5027466,5606609,8.68087156367253
2458113,579165,5027595,5606760,8.680764548962731
2458162,579187,5027669,5606856,8.680562581687779
2458261,579211,5027843,5607054,8.680503305358496
2458271,579211,5027859,5607070,8.680530929143266
2458276,579213,5027871,5607084,8.680521673374043
2458320,579238,5027907,5607145,8.680209171359614
2458322,579240,5027919,5607159,8.680199917132795
2458342,579246,5027938,5607184,8.680142806337894
2458368,579251,5028005,5607256,8.680183547374108
2458476,579252,5028137,5607389,8.680396442308357
2458701,579266,5028692,5607958,8.681144759057151
2458721,579269,5028731,5608000,8.681167126153825
2458724,579269,5028740,5608009,8.681182662976958
2458838,579321,5028935,5608256,8.680740038769525
2458912,579321,5029119,5608440,8.68105765197533
2458982,579321,5029228,5608549,8.681245803276594
2459053,579321,5029383,5608704,8.68151335787931
2459059,579325,5029391,5608716,8.681467224787468
2459117,579347,5029442,5608789,8.681225586738172
2459222,579361,5029635,5608996,8.681348934429483
2459234,579363,5029647,5609010,8.681339678232817
2459253,579375,5029675,5609050,8.681208198489752
2459319,579375,5029797,5609172,8.681418770226538
2459407,579430,5029961,5609391,8.680877759177122
2459482,579459,5030110,5609569,8.680700446450913
2459524,579476,5030173,5609649,8.68055450096294
2459623,579502,5030536,5610038,8.680791438165873
2459640,579507,5030570,5610077,8.680775210653193
2460044,579726,5031299,5611025,8.678753411094206
2460073,579740,5031346,5611086,8.678624900817608
2460087,579746,5031366,5611112,8.678569580471448
2460711,579746,5032244,5611990,8.680084036802324
2460775,579773,5032394,5612167,8.679938527665138
2460805,579788,5032427,5612215,8.679770881770578
2460856,579788,5032549,5612337,8.679981303510939
2460950,579831,5032612,5612443,8.679446252442522
2461112,579831,5032973,5612804,8.680068847646988
2461122,579831,5032989,5612820,8.680096441894277
2461151,579831,5033036,5612867,8.680177499995688
2461272,579882,5033266,5613148,8.679810720112023
2461383,579911,5033346,5613257,8.679514615173707
2461482,579990,5033742,5613732,8.679015155433714
2461513,580008,5033790,5613798,8.678828567881823
2461525,580013,5033808,5613821,8.678784785858248
2462767,580020,5035822,5615842,8.682152339574497
2462833,580037,5035959,5615996,8.682134070757556
2462902,580037,5036043,5616080,8.68227888910535
2463007,580054,5036125,5616179,8.682165798356705
2463045,580058,5036185,5616243,8.682209365270369
2463123,580058,5036342,5616400,8.682480027859283
2463146,580058,5036390,5616448,8.682562778204938
2463383,580058,5036752,5616810,8.68318685372842
2463414,580079,5036809,5616888,8.682970767774734
2464878,580079,5038895,5618974,8.686566829690438
2464954,580117,5039043,5619160,8.686252945526507
2465005,580136,5039173,5619309,8.686192547954272
2465050,580152,5039234,5619386,8.686058136488368
2465059,580154,5039250,5619404,8.686055771398628
2465797,580527,5040543,5621070,8.682702096543313
2465836,580543,5040594,5621137,8.682550646549869
2465846,580547,5040617,5621164,8.682530441118463
2465854,580558,5040636,5621194,8.682398657842972
2465865,580558,5040646,5621204,8.68241588265083
2465876,580561,5040676,5621237,8.682422691155624
2465880,580565,5040694,5621259,8.682393874932178
2465909,580576,5040713,5621289,8.682262098329934
2466115,580576,5041162,5621738,8.68303546822466
2466120,580576,5041168,5621744,8.683045802788955
2466172,580586,5041203,5621789,8.682956530126459
2466219,580597,5041326,5621923,8.683003873599072
2466220,580597,5041328,5621925,8.683007318329237
2466291,580622,5041411,5622033,8.682776401858696
2466490,580659,5041502,5622161,8.682379847724741
2466617,580687,5041792,5622479,8.682460602699905
2467185,580687,5043183,5623870,8.684856041206364
2467250,580687,5043304,5623991,8.685064415080758
2467566,580687,5044089,5624776,8.686416262117113
2467710,580687,5044339,5625026,8.686846786650984
2467763,580708,5044449,5625157,8.686722070300393
2467791,580726,5044489,5625215,8.68652169870128
2467795,580726,5044491,5625217,8.686525142666248
2468493,580726,5046387,5627113,8.689790021455902
2468559,580748,5046499,5627247,8.68965368800237
2468595,580748,5046532,5627280,8.68971051127167
2468643,580760,5046607,5627367,8.689660100557889
2468953,580760,5047056,5627816,8.690433225428748
2469041,580786,5047381,5628167,8.690603767997162
2469042,580786,5047381,5628167,8.690603767997162
2469069,580801,5047418,5628219,8.690443026096718
2469101,580823,5047486,5628309,8.690230930937652
2469112,580823,5047498,5628321,8.690251591276516
2469345,580823,5047825,5628648,8.69081458551056
2469399,580860,5047922,5628782,8.690427986089592
2469413,580864,5047955,5628819,8.690424953173205
2469422,580871,5047971,5628842,8.690347770847572
2469453,580884,5048021,5628905,8.69023935932131
2469518,580905,5048061,5628966,8.68999406099104
2469549,580926,5048098,5629024,8.689743616226508
2469599,580972,5048178,5629150,8.689193282980936
2469724,581012,5048398,5629410,8.688973721713149
2469729,581014,5048405,5629419,8.688955859927644
2469731,581016,5048417,5629433,8.6889466038801
2469740,581016,5048437,5629453,8.688981026340066
2469783,581041,5048503,5629544,8.688720761529737
2469804,581044,5048526,5629570,8.688715484541618
2469861,581119,5048680,5629799,8.687859113193683
2470363,581280,5049319,5630599,8.68655209193504
2470364,581280,5049321,5630601,8.686555532617671
2470936,581293,5050114,5631407,8.687725467191244
2470951,581293,5050135,5631428,8.68776159355093
2471144,581387,5050441,5631828,8.686883263643667
2471252,581387,5050584,5631971,8.687129227175703
2471389,581406,5050889,5632295,8.68736992738293
2471654,581406,5051714,5633120,8.688788901387326
2471847,581406,5052158,5633564,8.689552567396966
2471918,581406,5052285,5633691,8.689771003395219
2472003,581413,5052386,5633799,8.689840096454672
2472171,581503,5052658,5634161,8.688962911627284
2472290,581513,5052798,5634311,8.68905424298339
2472358,581542,5052903,5634445,8.68880149671047
2472377,581548,5052922,5634470,8.688744523237979
2472620,581679,5053742,5635421,8.688197442231884
2472764,581719,5053874,5635593,8.687826940498763
2472774,581719,5053892,5635611,8.687857883273539
2472954,581719,5054333,5636052,8.688615981255555
2473158,581837,5054704,5636541,8.687491513946346
2473286,581843,5055108,5636951,8.688096273393338
2473586,581843,5055651,5637494,8.689029514834758
2473949,581908,5055977,5637885,8.688619163166686
2474022,581908,5056206,5638114,8.68901269616503
2474067,581920,5056357,5638277,8.689093002474566
2474086,581920,5056372,5638292,8.689118779213638
2474125,581920,5056442,5638362,8.689239070662634
2474176,581920,5056558,5638478,8.689438410778115
2474217,581946,5056605,5638551,8.689130950294357
2474220,581946,5056612,5638558,8.689142978901822
2474462,581946,5057196,5639142,8.690146508438927
2474490,581960,5057278,5639238,8.690078355900749
2474552,581987,5057484,5639471,8.690029158726913
2474708,582050,5057788,5639838,8.689610858173696
2474758,582086,5057838,5639924,8.68915933384414
2474786,582098,5057880,5639978,8.68905235888115
2474809,582109,5057924,5640033,8.688963750775198
2474811,582110,5057928,5640038,8.688955695658896
2474814,582110,5057937,5640047,8.68897115665424
2474846,582127,5057990,5640117,8.688808455886774
2474873,582129,5058005,5640134,8.688804371539641
2474895,582138,5058066,5640204,8.68877482658751
2474972,582198,5058312,5640510,8.688301917904218
2475066,582232,5058458,5640690,8.688045315269514
2475154,582255,5058644,5640899,8.688021571304668
2475293,582293,5058716,5641009,8.68757824669024
2475544,582417,5059123,5641540,8.686427422276479
2475587,582417,5059195,5641612,8.686551045041611
2475630,582417,5059267,5641684,8.686674667806743
2475952,582591,5059705,5642296,8.684832069153146
2475990,582597,5059726,5642323,8.684778672049461
2476677,582849,5060341,5643190,8.68207889178844
2476738,582875,5060497,5643372,8.681959253699334
2476873,582918,5060609,5643527,8.681510950082172
2476924,582957,5060739,5643696,8.681153155378528
2476978,582957,5060739,5643696,8.681153155378528
2477159,582966,5061787,5644753,8.682816836659427
2477219,582987,5061919,5644906,8.682730489702172
2477264,583032,5062023,5645055,8.68223871073972
2477379,583095,5062224,5645319,8.681645357960539
2477388,583096,5062241,5645337,8.681659623801227
2477428,583116,5062288,5645404,8.681442457418422
2477491,583151,5062389,5645540,8.681094604999391
2477531,583151,5062489,5645640,8.681266087171247
2477542,583160,5062507,5645667,8.681162974140888
2477999,583392,5063468,5646860,8.679357961713565
2478263,583411,5064149,5647560,8.680242573417368
2478314,583436,5064204,5647640,8.679964897606594
2478335,583436,5064234,5647670,8.680016317128185
2478395,583451,5064346,5647797,8.679985123000904
2478398,583452,5064349,5647801,8.679975387863955
2478429,583473,5064380,5647853,8.67971611368478
2478454,583478,5064435,5647913,8.67973599690134
2478540,583489,5064663,5648152,8.679963118413543
2478561,583489,5064709,5648198,8.680041954518423
2478566,583494,5064723,5648217,8.679991568036689
2478691,583507,5064864,5648371,8.680039828142593
2478712,583507,5064894,5648401,8.680091241407558
2478740,583507,5064914,5648421,8.680125516917535
2479088,583515,5065717,5649232,8.681382655115979
2479232,583526,5065918,5649444,8.681563460754106
2479243,583528,5065948,5649476,8.681585116738185
2479294,583539,5066026,5649565,8.681555131704993
2479853,583784,5067123,5650907,8.679790813040439
2479973,583784,5067281,5651065,8.680061461088348
2480386,583784,5068244,5652028,8.681711043810724
2480402,583789,5068314,5652103,8.68175659356377
2480409,583789,5068322,5652111,8.68177029714503
2480494,583821,5068381,5652202,8.6813954962223
2480525,583845,5068433,5652278,8.6811276965633
2480570,583862,5068537,5652399,8.681053057058003
2480599,583884,5068575,5652459,8.68079104753684
2480723,583940,5068725,5652665,8.68021543309244
2480868,584033,5069072,5653105,8.679427361125143
2481362,584033,5070153,5654186,8.681278283932587
2481483,584095,5070457,5654552,8.680877254556194
2481775,584172,5070739,5654911,8.680215758372533
2481812,584185,5070765,5654950,8.680067102031035
2481852,584212,5070842,5655054,8.679797744654337
2482024,584212,5071218,5655430,8.68044134663444
2482863,584212,5073064,5657276,8.683601158483564
2483257,584212,5073837,5658049,8.684924308299042
2483629,584276,5074459,5658735,8.685037550746564
2483700,584308,5074537,5658845,8.684695400371037
2483705,584311,5074549,5658860,8.68467134796367
2483736,584318,5074581,5658899,8.684622072227794
2483765,584346,5074821,5659167,8.684616648355597
2483801,584350,5074859,5659209,8.684622229828014
2483807,584353,5074865,5659218,8.684587911758817
2483870,584368,5074992,5659360,8.684582317991403
2483914,584388,5075089,5659477,8.684451083868936
2483916,584391,5075094,5659485,8.684415057726762
2483997,584423,5075232,5659655,8.684175674126447
2484214,584506,5075478,5659984,8.683363387202185
2484276,584535,5075587,5660122,8.683119060449759
2484326,584543,5075713,5660256,8.68321577711135
2484769,584692,5076265,5660957,8.68194707640946
2484797,584713,5076294,5661007,8.681684860777851
2484940,584762,5076451,5661213,8.681225866249859
2484966,584774,5076497,5661271,8.681126383867955
2484974,584774,5076519,5661293,8.681164005239632
2485000,584796,5076561,5661357,8.680909240145281
2485012,584796,5076582,5661378,8.680945150103625
2485036,584804,5076603,5661407,8.680862306003378
2485065,584813,5076614,5661427,8.68074752100244
2485145,584855,5076780,5661635,8.680407964367236
2485180,584855,5076929,5661784,8.68066272836857
2485202,584871,5076963,5661834,8.680483388644676
2485234,584885,5077004,5661889,8.680345708985527
2485255,584901,5077046,5661947,8.680180064660515
2485281,584906,5077084,5661990,8.68017083086855
2485288,584906,5077098,5662004,8.680194766338523
2485293,584910,5077114,5662024,8.680162760082748
2485337,584910,5077236,5662146,8.680371339180386
2485382,584931,5077287,5662218,8.680146889120255
2485414,584958,5077320,5662278,8.679802652498129
2485448,584967,5077372,5662339,8.67975800344293
2485603,585099,5077810,5662909,8.678548416592747
2485662,585135,5077931,5663066,8.678221265178122
2485663,585135,5077931,5663066,8.678221265178122
2485670,585137,5077937,5663074,8.67820185700101
2485690,585145,5077976,5663121,8.67814986029104
2485747,585176,5078084,5663260,8.677874690691347
2485852,585201,5078250,5663451,8.677787631941845
2485862,585201,5078266,5663467,8.677814972975098
2485911,585212,5078300,5663512,8.677709958100655
2485920,585216,5078307,5663523,8.677662606627296
2486131,585331,5078634,5663965,8.676516364245188
2486167,585344,5078678,5664022,8.676398835556528
2486415,585417,5078925,5664342,8.675738832319526
2486555,585434,5079063,5664497,8.675722626290924
2486581,585441,5079108,5664549,8.675695757557124
2487083,585744,5079828,5665572,8.672437105629763
2487666,585744,5081042,5666786,8.674509683411182
2487682,585744,5081068,5666812,8.674554071403207
2487722,585772,5081163,5666935,8.674301605402785
2487973,585772,5081722,5667494,8.675255901613598
2488028,585775,5081874,5667649,8.675470957278819
2488039,585780,5081908,5667688,8.675454948956947
2488043,585780,5081910,5667690,8.67545836320803
2488051,585780,5081925,5667705,8.675483970091161
2488073,585782,5081932,5667714,8.675466299749736
2488096,585786,5081980,5667766,8.675489001102791
2488132,585812,5082048,5667860,8.67522003646221
2488452,585951,5082693,5668644,8.674262864983591
2488700,586042,5082944,5668986,8.673344231300828
2488730,586068,5082994,5669062,8.673044766136353
2488838,586068,5083299,5669367,8.673565183562317
2488933,586113,5083370,5669483,8.673020390266041
2489041,586120,5083478,5669598,8.673101071452944
2489073,586131,5083522,5669653,8.673013370731116
2489180,586177,5083650,5669827,8.672551123636717
2489212,586177,5083699,5669876,8.672634716135228
2489218,586179,5083702,5669881,8.672610243628652
2489283,586217,5083865,5670082,8.672326118143964
2489328,586236,5084023,5670259,8.672314562735826
2489444,586259,5084160,5670419,8.672208017275642
2489584,586338,5084449,5670787,8.671532460799062
2489632,586338,5084522,5670860,8.671656962366416
2489656,586345,5084643,5670988,8.671759800117679
2489699,586361,5084712,5671073,8.671640849237926
2489716,586364,5084732,5671096,8.671630591236843
2489791,586377,5084883,5671260,8.671695854373551
2489883,586377,5085066,5671443,8.672007940284152
2489886,586377,5085075,5671452,8.672023288771559
2490009,586412,5085172,5671584,8.671671111778068
2490022,586416,5085208,5671624,8.671673351341028
2490056,586423,5085263,5671686,8.671663628472963
2490128,586441,5085315,5671756,8.671486134155012
2490164,586441,5085349,5671790,8.671544111001788
2490185,586449,5085374,5671823,8.67146844823676
2490200,586451,5085403,5671854,8.671488325537855
2490261,586471,5085465,5671936,8.671298325066372
2490291,586491,5085510,5672001,8.671079351601303
2490317,586498,5085580,5672078,8.671095212600896
2490333,586503,5085601,5672104,8.671057096042134
2490602,586503,5086029,5672532,8.671786845080076
2490694,586542,5086150,5672692,8.67141653965104
2490705,586547,5086159,5672706,8.671357964493893
2490741,586553,5086180,5672733,8.671305065356412
2490964,586553,5086658,5673211,8.672119995976493
2491092,586583,5086919,5673502,8.672121421861867
2491093,586583,5086921,5673504,8.67212483143903
2491110,586593,5086936,5673529,8.672002563958316
2491144,586609,5086998,5673607,8.671871723754665
2491214,586609,5087107,5673716,8.672057537473854
2491294,586665,5087255,5673920,8.671482021255743
2491337,586703,5087335,5674038,8.6710567356908
2491645,586716,5087685,5674401,8.671461149857853
2491671,586716,5087685,5674401,8.671461149857853
2491749,586730,5087795,5674525,8.671441719359843
2491818,586743,5087881,5674624,8.671396164930814
2492036,586810,5088018,5674828,8.67063955965304
2492144,586810,5088575,5675385,8.671588759564425
2492164,586810,5088596,5675406,8.671624546275625
2492172,586810,5088615,5675425,8.671656924728618
2492226,586823,5088695,5675518,8.671601147194298
2492228,586823,5088699,5675522,8.67160796355971
2492400,586823,5089079,5675902,8.672255518273824
2492409,586823,5089083,5675906,8.672262334639235
2492460,586830,5089160,5675990,8.672290101051411
2492520,586856,5089261,5676117,8.672077988467358
2492540,586863,5089295,5676158,8.672032484583283
2492605,586920,5089461,5676381,8.67147311388264
2492669,586957,5089710,5676667,8.671350712232753
2493726,586957,5091029,5677986,8.6735978955869
2493761,586957,5091080,5678037,8.67368478440499
2493787,586972,5091129,5678101,8.673546608696837
2493899,587010,5091236,5678246,8.67316740771026
2493980,587036,5091325,5678361,8.672934879632596
2493990,587036,5091341,5678377,8.672962135201248
2493999,587038,5091357,5678395,8.67295984246335
2494325,587280,5092012,5679292,8.670501294101621
2494357,587290,5092080,5679370,8.670469444397146
2494525,587290,5092433,5679723,8.671070510310068
2496078,587306,5094256,5681562,8.67393828770692
2496233,587430,5094579,5682009,8.67265716766253
2496331,587452,5094816,5682268,8.672735815011269
2496406,587516,5094991,5682507,8.672088930344025
2496414,587516,5095008,5682524,8.67211786572621
2496480,587529,5095108,5682637,8.672096185890398
2496729,587608,5095361,5682969,8.671360839198922
2496766,587619,5095441,5683060,8.671334657320475
2496819,587650,5095665,5683315,8.6712584021101
2496833,587656,5095678,5683334,8.671191989871625
2496859,587656,5095695,5683351,8.671220918360401
2496884,587668,5095731,5683399,8.671105113771722
2497949,587673,5097055,5684728,8.673284292455158
2497968,587680,5097078,5684758,8.673220119793084
2498023,587698,5097138,5684836,8.67305656987092
2498039,587705,5097241,5684946,8.673128525365618
2498054,587711,5097276,5684987,8.67309953361431
2498911,587967,5098922,5686889,8.672122755188642
2498963,587987,5098974,5686961,8.671916215834704
2499226,587987,5099465,5687452,8.672751268310353
2499342,588054,5099818,5687872,8.672363422406786
2499376,588086,5099907,5687993,8.672042864479005
2499404,588102,5099972,5688074,8.671917456495642
2499441,588121,5100034,5688155,8.671742719610421
2499468,588133,5100063,5688196,8.671615093864823
2499569,588163,5100241,5688404,8.67147542432965
2499592,588163,5100275,5688438,8.671533231434143
2499728,588269,5100491,5688760,8.670337889638924
2499819,588279,5100636,5688915,8.6704369865319
2499828,588281,5100658,5688939,8.67044490643077
2500213,588461,5101217,5689678,8.668742703424696
2500263,588461,5101299,5689760,8.668882049957432
2500306,588484,5101378,5689862,8.66867748316012
2500343,588487,5101418,5689905,8.668701262729678
2500796,588565,5102344,5690909,8.669125755014315
2500814,588577,5102375,5690952,8.669001676925873
2500823,588583,5102397,5690980,8.668950683251131
2501069,588583,5102827,5691410,8.66968125141229
2501097,588596,5102869,5691465,8.669561125118078
2502439,589364,5106114,5695478,8.663769758587224
2502490,589389,5106209,5695598,8.663563452999632
2502530,589421,5106266,5695687,8.663189808303402
2502560,589430,5106309,5695739,8.663130481991075
2502577,589430,5106354,5695784,8.663206826934497
2502713,589520,5106662,5696182,8.66240670375899
2502723,589520,5106678,5696198,8.662433844483648
2502784,589543,5106761,5696304,8.662236681633061
2502855,589543,5106888,5696431,8.66245210273042
2502966,589618,5107085,5696703,8.661684344779163
2502998,589630,5107153,5696783,8.66162339094008
2503013,589639,5107164,5696803,8.661509839071025
2503242,589639,5107719,5697358,8.662451092956877
2504994,589641,5111279,5700920,8.668459282851769
2504994,589641,5111279,5700920,8.668459282851769
2505053,589670,5111405,5701075,8.668246646429358
2505066,589678,5111421,5701099,8.668156180152558
2505132,589699,5111569,5701268,8.668098470575666
2505148,589699,5111595,5701294,8.668142560865798
2505203,589711,5111682,5701393,8.668113703152901
2505495,589711,5112183,5701894,8.668963271839935
2505587,589725,5112432,5702157,8.669179702403662
2505595,589730,5112443,5702173,8.669124853746629
2505617,589737,5112465,5702202,8.669059258618672
2505636,589737,5112480,5702217,8.669084693685491
2505655,589737,5112505,5702242,8.66912708546352
2505730,589744,5112611,5702355,8.669203925771182
2505826,589744,5112875,5702619,8.669651577633685
2506277,589878,5113467,5703345,8.66868572823533
2506417,589878,5113730,5703608,8.66913158314092
2506430,589885,5113743,5703628,8.669050747179535
2506491,589912,5113894,5703806,8.668909939109563
2506522,589916,5113911,5703827,8.668879976132196
2506535,589919,5113919,5703838,8.668849452212932
2506555,589919,5113940,5703859,8.668885050320467
2506697,589979,5114175,5704154,8.668401756672695
2506736,589979,5114291,5704270,8.668598373840425
2506737,589979,5114293,5704272,8.668601763791592
2506738,589979,5114295,5704274,8.66860515374276
2506740,589980,5114300,5704280,8.668598935557137
2506894,590022,5114474,5704496,8.668276776120212
2506953,590034,5114579,5704613,8.668278438191697
2506967,590042,5114608,5704650,8.668210059622874
2507025,590064,5114713,5704777,8.668064820087313
2507106,590104,5114846,5704950,8.667702642246113
2507181,590131,5115006,5705137,8.667577198960908
2507211,590138,5115045,5705183,8.667540473584145
2507242,590138,5115094,5705232,8.667623505010692
2507265,590142,5115131,5705273,8.66762745237587
2507680,590382,5115967,5706349,8.665519951489037
2507971,590557,5116450,5707007,8.663769966319931
2507994,590569,5116477,5707046,8.663639642446523
2508021,590588,5116547,5707135,8.663479447601373
2508080,590588,5116659,5707247,8.66366908911119
2508081,590588,5116661,5707249,8.663672475566724
2508112,590598,5116712,5707310,8.663612135496564
2508139,590598,5116765,5707363,8.66370187504868
2508153,590603,5116791,5707394,8.663672551612505
2508186,590603,5116825,5707428,8.663730119894414
2508192,590606,5116836,5707442,8.663704737168265
2508402,590643,5117105,5707748,8.66361744742594
2508456,590662,5117191,5707853,8.663484361614595
2508560,590720,5117385,5708105,8.662962147887324
2508603,590720,5117440,5708160,8.66305525460455
2508627,590720,5117461,5708181,8.663090804442037
2508677,590729,5117545,5708274,8.66310101586345
2508750,590761,5117648,5708409,8.662806109408034
2508769,590764,5117685,5708449,8.66282474896913
2508790,590770,5117722,5708492,8.662799397396618
2508881,590792,5117807,5708599,8.662620685452747
2508940,590832,5117956,5708788,8.662286402903025
2509013,590837,5118112,5708949,8.662477129902156
2509025,590850,5118132,5708982,8.662320385884742
2509037,590852,5118140,5708992,8.662304604198683
2509092,590859,5118330,5709189,8.662523546226765
2509174,590894,5118504,5709398,8.66230491424858
2509477,590995,5119062,5710057,8.661768712087243
2509534,591020,5119147,5710167,8.66154614057054
2509737,591121,5119372,5710493,8.660446845908028
2509746,591123,5119388,5710511,8.66044461135838
2509778,591145,5119446,5710591,8.660220419693983
2510074,591196,5120134,5711330,8.660637081441688
2510182,591196,5120327,5711523,8.660963538318933
2510246,591196,5120467,5711663,8.661200346416416
2510254,591196,5120485,5711681,8.661230793171807
2510257,591196,5120500,5711696,8.661256165467966
2510271,591209,5120513,5711722,8.661087703333338
2510305,591232,5120572,5711804,8.660850562892401
2510334,591240,5120623,5711863,8.660819633313038
2510443,591240,5120821,5712061,8.661154522698059
2512990,591366,5128429,5719795,8.67217425418438
2513468,591724,5130252,5721976,8.670008314687253
2513615,591779,5130348,5722127,8.669364745960907
2513811,591779,5130676,5722455,8.669919006926571
2513854,591786,5130708,5722494,8.669870527521773
2513883,591794,5130755,5722549,8.669832745854132
2513917,591812,5130812,5722624,8.669665366704292
2513933,591812,5130827,5722639,8.66969071259116
2513977,591823,5130912,5722735,8.669673196209002
2514012,591828,5130943,5722771,8.669652331420615
2514045,591851,5130990,5722841,8.66939483079356
2514074,591853,5131005,5722858,8.669390879154115
2514340,591853,5131723,5723576,8.670604018227499
2514382,591861,5131799,5723660,8.670615228913546
2514403,591861,5131831,5723692,8.670669295662327
2514409,591861,5131847,5723708,8.670696329036716
2514417,591861,5131855,5723716,8.670709845723911
2515455,591866,5133176,5725042,8.672868520915207
2515501,591905,5133313,5725218,8.672528530760848
2515562,591919,5133407,5725326,8.672482214627339
2515633,591937,5133520,5725457,8.672409394918716
2515692,591940,5133633,5725573,8.672556340169612
2515693,591940,5133635,5725575,8.672559718890428
2515771,591999,5133747,5725746,8.671884580886116
2515800,592013,5133792,5725805,8.671755518882186
2515806,592017,5133794,5725811,8.671700305903379
2515878,592042,5133915,5725957,8.671538505714121
2515910,592042,5134013,5726055,8.671704034511064
2515989,592074,5134134,5726208,8.671439718683812
2515998,592076,5134154,5726230,8.671444206487005
2516042,592103,5134248,5726351,8.671207543282165
2516108,592149,5134396,5726545,8.670783873653422
2516134,592157,5134458,5726615,8.67077143392715
2516154,592162,5134500,5726662,8.670769147631898
2516275,592191,5134827,5727018,8.670896720821492
2516360,592209,5134901,5727110,8.670758127620486
2516370,592213,5134911,5727124,8.670716448304917
2516437,592213,5134984,5727197,8.670839714764789
2516538,592237,5135234,5727471,8.67091046320983
2516691,592237,5135388,5727625,8.671170494244702
2516716,592247,5135444,5727691,8.6711186380007
2516763,592259,5135489,5727748,8.671018929218468
2516766,592259,5135498,5727757,8.671034125272897
2516855,592306,5135744,5728050,8.670761396980614
2516903,592328,5135856,5728184,8.670628435596495
2516998,592342,5135923,5728265,8.670536615671352
2517280,592342,5136199,5728541,8.671002562708706
2517289,592344,5136215,5728559,8.671000297124644
2517299,592344,5136231,5728575,8.671027308455898
2517357,592369,5136323,5728692,8.670816670014805
2517378,592369,5136369,5728738,8.670894324314743
2517489,592419,5136483,5728902,8.670354934598654
2517522,592446,5136523,5728969,8.670027310505937
2517556,592451,5136566,5729017,8.670026719509293
2517625,592459,5136631,5729090,8.670019359989467
2517680,592471,5136657,5729128,8.669887640070147
2517865,592521,5137128,5729649,8.669950938447752
2517959,592574,5137288,5729862,8.669445503852684
2518072,592626,5137456,5730082,8.668968286912826
2518084,592626,5137477,5730103,8.669003722415148
2518087,592627,5137481,5730108,8.668995843928812
2518096,592630,5137496,5730126,8.66897727080978
2518173,592630,5137705,5730335,8.669329936047786
2518308,592656,5138004,5730660,8.66945411840933
2518375,592692,5138165,5730857,8.669199179337665
2518404,592701,5138247,5730948,8.669205889647563
2518684,592789,5138595,5731384,8.668505994544434
2518711,592789,5138624,5731413,8.668554915830084
2518872,592843,5139007,5731850,8.668411366921765
2518941,592873,5139138,5732011,8.668193694096376
2520290,592873,5140113,5732986,8.669838228423288
2520403,592913,5140706,5733619,8.67025347732298
2520425,592917,5140797,5733714,8.670348463612951
2520469,592917,5140940,5733857,8.670589644081717
2520547,592928,5141026,5733954,8.6705738302121
2520888,592928,5141705,5734633,8.671718994549085
2520900,592934,5141718,5734652,8.671653168818114
2520922,592934,5141770,5734704,8.671740868292256
2520929,592937,5141786,5734723,8.671723977420873
2520965,592947,5141864,5734811,8.6717092758712
2520972,592947,5141915,5734862,8.671795286931209
2521047,593003,5142118,5735121,8.6713186948464
2521109,593018,5142151,5735169,8.671155007099278
2521147,593018,5142211,5735229,8.671256184466577
2521157,593018,5142227,5735245,8.671283165097856
2521273,593059,5142428,5735487,8.671022613264448
2521397,593109,5142621,5735730,8.67061703666611
2521432,593125,5142666,5735791,8.670459009483666
2521450,593125,5142693,5735818,8.670504531085353
2521474,593136,5142733,5735869,8.670411170456692
2521621,593199,5142869,5736068,8.66971960505665
2521751,593200,5143254,5736454,8.670354012137558
2521777,593226,5143306,5736532,8.670061662840132
2521813,593226,5143375,5736601,8.670177976015886
2521819,593229,5143383,5736612,8.670147615844808
2521929,593262,5143653,5736915,8.670120452683637
2523119,593286,5148101,5741387,8.677266950509535
2523233,593307,5148194,5741501,8.677116568656698
2523701,593453,5148622,5742075,8.675703046408056
2523788,593465,5148796,5742261,8.675820815043853
2523869,593500,5148891,5742391,8.675469250210615
2523877,593506,5148922,5742428,8.675433778260034
2523968,593531,5149022,5742553,8.675236845253238
2523999,593537,5149067,5742604,8.67522496491373
2524051,593563,5149172,5742735,8.675021859516177
2524292,593572,5149669,5743241,8.675727628661729
2524364,593616,5149833,5743449,8.675360839330477
2524566,593699,5150153,5743852,8.674687004694299
2524577,593702,5150176,5743878,8.67468191112713
2524607,593711,5150220,5743931,8.674624522705491
2524613,593714,5150236,5743950,8.67460763936845
2524643,593727,5150285,5744012,8.674500233272195
2524646,593727,5150294,5744021,8.674515391754122
2524706,593727,5150334,5744061,8.674582762784917
2524726,593735,5150381,5744116,8.67454504113788
2524756,593747,5150403,5744150,8.674406775950025
2524790,593756,5150537,5744293,8.674500973463847
2524875,593761,5150625,5744386,8.674576134168461
2524905,593767,5150680,5744447,8.674581106730418
2524909,593767,5150682,5744449,8.67458447505503
2525746,593767,5152391,5746158,8.677462708436137
2525823,593793,5152552,5746345,8.677353892686508
2526188,593803,5153575,5747378,8.678930554409458
2526252,593810,5153676,5747486,8.678998332800054
2526305,593824,5153766,5747590,8.678945276714986
2526311,593827,5153782,5747609,8.678928374762346
2526321,593830,5153797,5747627,8.678909788996851
2526420,593837,5154046,5747883,8.679226791190175
2526444,593837,5154097,5747934,8.679312673343022
2526469,593837,5154137,5747974,8.679380031894274
2526498,593837,5154167,5748004,8.679430550807714
2526589,593881,5154270,5748151,8.678960936618616
2526631,593883,5154282,5748165,8.67895191477109
2526649,593891,5154303,5748194,8.678870365100666
2526714,593891,5154424,5748315,8.679074106191203
2526945,593915,5154536,5748451,8.678911965516951
2527003,593915,5154633,5748548,8.679075288551392
2527036,593920,5154662,5748582,8.679051050646551
2527211,593937,5154784,5748721,8.67900804294058
2527297,593937,5154784,5748721,8.67900804294058
2527347,593969,5154872,5748841,8.67868861842958
2527389,593985,5154933,5748918,8.678557539331802
2527402,593993,5154948,5748941,8.678465907847398
2527439,594014,5155020,5749034,8.678280309891687
2527487,594014,5155128,5749142,8.678462123788329
2527547,594038,5155249,5749287,8.678315191957417
2527565,594044,5155282,5749326,8.678283090141472
2527755,594044,5155703,5749747,8.678991791853802
2527968,594044,5156556,5750600,8.680427712425342
2527971,594044,5156565,5750609,8.680442862818243
2528025,594044,5156630,5750674,8.680552282322521
2528059,594048,5156664,5750712,8.680551066580477
2528079,594063,5156696,5750759,8.680385750332878
2528406,594063,5157265,5751328,8.681343561204788
2528506,594063,5157326,5751389,8.681446243916891
2528520,594063,5157374,5751437,8.681527043428053
2528556,594071,5157417,5751488,8.681482516399555
2528592,594095,5157507,5751602,8.681283296442489
2528632,594110,5157598,5751708,8.681217282994732
2528718,594189,5157831,5752020,8.680455208696223
2528819,594266,5158028,5752294,8.67966196955572
2528829,594271,5158043,5752314,8.679614182755005
2528887,594304,5158164,5752468,8.679335828128366
2528894,594312,5158174,5752486,8.679235822261708
2528945,594312,5158174,5752486,8.679235822261708
2529057,594366,5158367,5752733,8.67877200243621
2529099,594387,5158412,5752799,8.678541085185241
2529144,594415,5158463,5752878,8.67821807996097
2529221,594432,5158524,5752956,8.678072512919897
2532981,594438,5164620,5759058,8.688239984657777
2533146,594438,5164981,5759419,8.688847280961177
2533197,594453,5165035,5759488,8.688718872644262
2533313,594510,5165266,5759776,8.688274377218214
2533618,594510,5166105,5760615,8.68968562345461
2533654,594510,5166181,5760691,8.689813459824057
2534050,594581,5166884,5761465,8.68995813858835
2535137,594607,5169131,5763738,8.693357124958165
2535184,594623,5169181,5763804,8.693207292687973
2535214,594625,5169270,5763895,8.693327727559387
2535237,594633,5169288,5763921,8.693241041112753
2535266,594643,5169331,5763974,8.693167160800682
2535276,594648,5169340,5763988,8.693109200737243
2535542,594648,5169542,5764190,8.693448897499024
2535636,594699,5169748,5764447,8.69304976130782
2535680,594726,5169805,5764531,8.69275094749515
2535719,594735,5169877,5764612,8.692740464240376
2535886,594735,5170170,5764905,8.69323312063356
2535897,594743,5170183,5764926,8.693138044499893
2535921,594743,5170215,5764958,8.693191849252534
2535959,594748,5170285,5765033,8.693236463174319
2535978,594748,5170337,5765085,8.69332389516232
2536330,594857,5170760,5765617,8.692442049097513
2536363,594866,5170794,5765660,8.69236769289218
2536400,594893,5170859,5765752,8.69208244171641
2536511,594913,5170902,5765815,8.691862507627166
2536512,594913,5170902,5765815,8.691862507627166
2536549,594922,5170972,5765894,8.691848679322668
2536837,594922,5171539,5766461,8.692801745438897
2536859,594924,5171623,5766547,8.692913716710034
2536871,594924,5171633,5766557,8.692930525579738
2536885,594928,5171666,5766594,8.692927547535163
2536967,594943,5171828,5766771,8.692980672097999
2536978,594946,5171840,5766786,8.692957007862898
2537030,594966,5171955,5766921,8.692858079285203
2537287,594966,5172287,5767253,8.693416094365055
2537305,594966,5172307,5767273,8.693449709731313
2537411,594966,5172526,5767492,8.693817797991818
2537674,594966,5172976,5767942,8.694574143732583
2537756,595016,5173111,5768127,8.694070411551959
2537771,595016,5173140,5768156,8.69411914973715
2537823,595029,5173224,5768253,8.694070373040642
2537885,595042,5173278,5768320,8.693971181866154
2537975,595087,5173490,5768577,8.693670001193103
2537999,595087,5173511,5768598,8.693705290150852
2538045,595100,5173555,5768655,8.693589312720551
2538075,595100,5173585,5768685,8.693639724416064
2538076,595100,5173587,5768687,8.693643085195765
2538271,595175,5173944,5769119,8.693147393623724
2538313,595186,5174025,5769211,8.693122822109391
2538406,595260,5174169,5769429,8.692284043947183
2538525,595260,5174426,5769686,8.692715788059
2538555,595260,5174473,5769733,8.692794745153378
2538734,595373,5174913,5770286,8.691883911430313
2538752,595379,5174932,5770311,8.691828230421295
2538931,595388,5175971,5771359,8.693441923585963
2538958,595388,5176021,5771409,8.69352590243673
2538988,595401,5176048,5771449,8.693381435368769
2539247,595555,5176397,5771952,8.6917194885443
2539255,595555,5176413,5771968,8.691746354241003
2539295,595562,5176488,5772050,8.691770126368036
2539334,595588,5176545,5772133,8.6914863966366
2539436,595623,5176667,5772290,8.691180495044684
2539531,595623,5176839,5772462,8.69146926831234
2539551,595632,5176860,5772492,8.691373196873236
2539724,595641,5177853,5773494,8.692908983767067
2540176,595641,5179213,5774854,8.695192238277755
2541210,595737,5180788,5776525,8.696434836177708
2541322,595815,5180987,5776802,8.695630355059876
2541430,595815,5181147,5776962,8.695898894791169
2541517,595863,5181336,5777199,8.695515579923573
2541647,595863,5181722,5777585,8.696163379837312
2541672,595863,5181722,5777585,8.696163379837312
2541709,595875,5181788,5777663,8.696099014054962
2541722,595875,5181788,5777663,8.696099014054962
2541779,595875,5181788,5777663,8.696099014054962
2541788,595877,5181795,5777672,8.696081573881859
2541897,595944,5181996,5777940,8.695441182392976
2541921,595944,5182017,5777961,8.695476420603278
2541965,595959,5182088,5778047,8.695376695376696
2542766,595959,5183005,5778964,8.696915391830647
2542981,595959,5183502,5779461,8.697749341817138
2543027,595966,5183531,5779497,8.697695841709091
2543046,595966,5183546,5779512,8.697721010930154
2543078,595990,5183612,5779602,8.697481501367472
2543092,595990,5183638,5779628,8.697525126260508
2543125,596016,5183684,5779700,8.697222893345145
2543142,596016,5183740,5779756,8.697316850554348
2543331,596077,5183864,5779941,8.696634830734956
2543687,596190,5185627,5781817,8.697943608581157
2544162,596449,5186404,5782853,8.69546935278624
2544203,596459,5186462,5782921,8.695420808471328
2544259,596459,5186580,5783039,8.695618642689606
2544270,596461,5186603,5783064,8.695628046091866
2544304,596461,5186642,5783103,8.695693431758322
2544452,596461,5187077,5783538,8.696422733422638
2544454,596461,5187082,5783543,8.696431116200388
2544485,596485,5187125,5783610,8.6961532980712
2544764,596556,5187653,5784209,8.696003392808052
2545064,596556,5187875,5784431,8.69637552886904
2545147,596556,5188057,5784613,8.69668061338751
2545196,596565,5188129,5784694,8.696670103006378
2545300,596608,5188338,5784946,8.696393611885862
2545313,596615,5188347,5784962,8.696306663426162
2545318,596616,5188352,5784968,8.6963004679727
2545343,596619,5188375,5784994,8.696295290629363
2545359,596619,5188390,5785009,8.696320432302691
2545952,596839,5189393,5786232,8.694795413838573
2546289,596856,5189785,5786641,8.695204538448134
2546311,596867,5189822,5786689,8.695106279958516
2546573,596984,5190708,5787692,8.694886295110086
2546600,597004,5190740,5787744,8.694648612069601
2546720,597014,5190966,5787980,8.694881527066366
2546750,597033,5191023,5788056,8.694700292948632
2547009,597033,5191519,5788552,8.695531067796923
2547199,597144,5191844,5788988,8.694458957973286
2547264,597167,5191954,5789121,8.694308292320239
2547309,597191,5192028,5789219,8.694082797630909
2547451,597191,5192212,5789403,8.694390906761823
2547467,597204,5192260,5789464,8.694282020883985
2547470,597204,5192269,5789473,8.694297091111245
2547489,597209,5192306,5789515,8.69428625489569
2547562,597209,5192428,5789637,8.694490538488202
2548205,597552,5193458,5791010,8.691223525316625
2548373,597601,5193802,5791403,8.691086527632987
2548515,597601,5193989,5791590,8.691399445449388
2548555,597601,5194089,5791690,8.691566781180086
2548596,597615,5194201,5791816,8.691550580223053
2548643,597629,5194283,5791912,8.69148418165785
2548667,597651,5194345,5791996,8.691267980811544
2548862,597678,5194795,5792473,8.691628268064076
2549234,597678,5195513,5793191,8.692829583822727
2549477,597759,5196028,5793787,8.69251320348167
2549503,597769,5196071,5793840,8.692439721698516
2549542,597781,5196122,5793903,8.692350543091868
2549590,597781,5196187,5793968,8.692459278565227
2550356,597781,5197082,5794863,8.693956482390709
2550401,597798,5197170,5794968,8.693856453183182
2550435,597816,5197212,5795028,8.693664940382995
2550481,597817,5197264,5795081,8.69373738117183
2550500,597821,5197272,5795093,8.693692593602433
2550615,597849,5197345,5795194,8.693407532671293
2550714,597875,5197454,5795329,8.693211791762492
2551368,598054,5198776,5796830,8.692820380768293
2551493,598095,5198949,5797044,8.69251373109623
2551766,598117,5199817,5797934,8.693645223258995
2551825,598143,5199932,5798075,8.693459590766757
2551950,598143,5200303,5798446,8.694079843783175
2551973,598145,5200363,5798508,8.694151083767315
2551994,598145,5200406,5798551,8.694222972690568
2552354,598280,5200968,5799248,8.693200508123287
2552360,598280,5200982,5799262,8.693223908537808
2552389,598290,5201025,5799315,8.693150478864764
2552394,598295,5201036,5799331,8.693096215077846
2552534,598295,5201232,5799527,8.693423812667664
2552683,598295,5201651,5799946,8.694124136086714
2552710,598309,5201706,5800015,8.694012625583103
2552731,598316,5201735,5800051,8.693959379324637
2552821,598341,5201777,5800118,8.693666320710097
2552890,598357,5201829,5800186,8.693520757674767
2552912,598357,5201853,5800210,8.693560867508861
2552986,598399,5201982,5800381,8.693166265317958
2552988,598401,5201982,5800383,8.693137210666427
2552998,598401,5202010,5800411,8.693184002032082
2553128,598401,5202396,5800797,8.693829054430056
2553258,598401,5202782,5801183,8.69447410682803
2553385,598427,5202891,5801318,8.69427850013452
2553440,598451,5202977,5801428,8.694073533171471
2553630,598451,5203298,5801749,8.694609917938143
2553649,598458,5203316,5801774,8.694538296755995
2553728,598489,5203433,5801922,8.694283437122486
2553816,598544,5203607,5802151,8.693775227886338
2553822,598544,5203619,5802163,8.693795276537731
2553837,598550,5203661,5802211,8.693778297552418
2553976,598635,5203850,5802485,8.692859588898077
2554500,598635,5205114,5803749,8.694971059159588
2554537,598635,5205150,5803785,8.695031195970834
2554666,598692,5205400,5804092,8.694620940316558
2554847,598692,5205589,5804281,8.694936628516833
2555143,598692,5206159,5804851,8.695888704041478
2555155,598697,5206195,5804892,8.695876211171928
2555232,598754,5206338,5805092,8.695287213112564
2555265,598761,5206419,5805180,8.695320837529499
2555824,598761,5208002,5806763,8.697964630294893
2555841,598769,5208033,5806802,8.697900191893702
2555884,598799,5208172,5806971,8.697696555939473
2556101,598904,5208807,5807711,8.697231943683796
2556280,598904,5209168,5808072,8.697834711406168
2556440,598942,5209335,5808277,8.697561700465153
2556460,598957,5209372,5808329,8.697405656833462
2556466,598957,5209385,5808342,8.697427361229604
2556519,598966,5209474,5808440,8.697445264004969
2556841,598994,5209998,5808992,8.697913501637746
2557133,598994,5210499,5809493,8.698749904005716
2557218,599061,5210681,5809742,8.698080829832021
2557228,599065,5210696,5809761,8.698047791141194
2557389,599065,5211083,5810148,8.69869379783496
2557415,599065,5211135,5810200,8.698780599767971
2557486,599095,5211327,5810422,8.698665487109723
2557499,599101,5211345,5810446,8.69860841494172
2557948,599101,5211886,5810987,8.69951143463289
2557966,599101,5211945,5811046,8.699609915523427
2557992,599101,5212029,5811130,8.699750125604865
2558122,599101,5212415,5811516,8.700394424312428
2558244,599244,5212688,5811932,8.6987737883066
2558764,599510,5213864,5813374,8.696875781888542
2558776,599528,5213897,5813425,8.69666971350796
2558784,599528,5213920,5813448,8.69670807702059
2558815,599532,5213956,5813488,8.696710100545092
2558837,599532,5213995,5813527,8.696775151284669
2558868,599542,5214036,5813578,8.696698479839611
2559075,599569,5214632,5814201,8.697300894475864
2559094,599574,5214639,5814213,8.697240040428705
2559136,599586,5214740,5814326,8.697234425086643
2559149,599598,5214762,5814360,8.697097055026868
2559668,599598,5215247,5814845,8.69790593030664
2559759,599614,5215365,5814979,8.697870630105367
2560062,599702,5215814,5815516,8.697343013696802
2560075,599714,5215845,5815559,8.697220675188506
2563042,600765,5219829,5820594,8.688636987840503
2563121,600803,5219973,5820776,8.688327122201454
2563238,600803,5220512,5821315,8.68922425487223
2563251,600809,5220527,5821336,8.689162445968686
2564094,601122,5221815,5822937,8.6867807200535
2564153,601132,5221832,5822964,8.686664492989893
2564363,601133,5222392,5823525,8.687581616713771
2564396,601167,5222475,5823642,8.687228340876993
2564426,601168,5222529,5823697,8.687303715433956
2564431,601168,5222538,5823706,8.687318686290688
2564530,601270,5222711,5823981,8.686132685815025
2564556,601281,5222758,5824039,8.686051945762463
2564922,601290,5223169,5824459,8.686605464917095
2565162,601399,5223527,5824926,8.685626347898816
2565184,601412,5223578,5824990,8.685523401594914
2565218,601434,5223624,5825058,8.685282175600316
2565230,601443,5223683,5825126,8.68525030634657
2565296,601443,5223805,5825248,8.6854531518365
2565654,601522,5224153,5825675,8.684890993180632
2565672,601530,5224167,5825697,8.684798763153957
2565691,601534,5224174,5825708,8.684752649060568
2565704,601534,5224174,5825708,8.684752649060568
2565755,601568,5224303,5825871,8.684476235438055
2565847,601612,5224379,5825991,8.683967407565008
2565966,601663,5224604,5826267,8.683605274048762
2566027,601673,5224806,5826479,8.68379668025655
2566050,601681,5224836,5826517,8.683731080090613
2566075,601684,5224893,5826577,8.68378251706876
2566096,601693,5224933,5826626,8.683719105922789
2566145,601726,5225013,5826739,8.683375822218085
2566393,601875,5225424,5827299,8.681909034267912
2566433,601888,5225455,5827343,8.681773020894253
2566800,602011,5225861,5827872,8.68067360895399
2566815,602011,5225892,5827903,8.68072510302968
2566840,602011,5225947,5827958,8.680816463486547
2566871,602024,5225986,5828010,8.680693792938488
2566907,602031,5226026,5828057,8.680659301597426
2566930,602047,5226057,5828104,8.680480095407834
2567019,602096,5226278,5828374,8.680140708458453
2567055,602118,5226325,5828443,8.679901613969355
2567150,602159,5226505,5828664,8.679609538344524
2567432,602159,5226781,5828940,8.680067889045917
2567553,602210,5226961,5829171,8.679631689942047
2567710,602324,5227216,5829540,8.678412283090164
2567752,602339,5227285,5829624,8.678310718714876
2567913,602425,5227485,5829910,8.677403826202433
2567927,602444,5227543,5829987,8.677226431004376
2568128,602444,5228090,5830534,8.678134399213869
2568631,602444,5229822,5832266,8.681009355226378
2568830,602444,5230079,5832523,8.681435950893361
2568876,602444,5230181,5832625,8.6816052612359
2568983,602549,5230365,5832914,8.680397776778321
2569017,602559,5230429,5832988,8.68035993155857
2569089,602593,5230505,5833098,8.679996282731462
2569105,602593,5230531,5833124,8.680039429598418
2569258,602593,5230685,5833278,8.680294991810392
2569330,602610,5230935,5833545,8.680464977348533
2569345,602622,5230977,5833599,8.680361818851619
2569568,602622,5231455,5834077,8.68115501923262
2569569,602622,5231457,5834079,8.681158338062666
2569855,602622,5232424,5835046,8.682762992389923
2569888,602636,5232469,5835105,8.682635952714408
2569920,602636,5232517,5835153,8.682715602785098
2569998,602636,5232627,5835263,8.682898134197094
2570028,602646,5232669,5835315,8.682823747274519
2570052,602646,5232724,5835370,8.6829150114661
2570132,602667,5232933,5835600,8.68295924615086
2570200,602667,5233075,5835742,8.683194865489565
2570246,602693,5233231,5835924,8.683079113246711
2570261,602696,5233252,5835948,8.683070735495175
2570286,602701,5233281,5835982,8.68304681757621
2570347,602732,5233376,5836108,8.682757842623255
2570445,602732,5233666,5836398,8.683238985154265
2570516,602767,5233837,5836604,8.683018479777427
2570580,602798,5233956,5836754,8.682769352253988
2570793,602860,5234214,5837074,8.682304349268486
2570876,602860,5234351,5837211,8.682531599376306
2570912,602879,5234412,5837291,8.682359146694445
2570944,602879,5234442,5837321,8.682408907923481
2571002,602894,5234511,5837405,8.68230733760827
2571017,602894,5234523,5837417,8.68232724160466
2571054,602915,5234571,5837486,8.682104442583118
2571531,602925,5235658,5838583,8.68376332047933
2571778,603015,5236299,5839314,8.683530260441282
2571846,603015,5236377,5839392,8.683659610457452
2572015,603116,5236729,5839845,8.682789048872854
2572028,603116,5236733,5839849,8.682795681096174
2572034,603120,5236739,5839859,8.682748043507097
2572102,603144,5236830,5839974,8.682553420078786
2572199,603177,5236938,5840115,8.682257446819094
2573406,603177,5241040,5844217,8.689058104005955
2573415,603179,5241063,5844242,8.689067424429563
2573466,603218,5241130,5844348,8.688616718997112
2573492,603230,5241165,5844395,8.688501898115147
2573514,603233,5241170,5844403,8.688466977105032
2573536,603242,5241207,5844449,8.6883986857679
2573677,603245,5241500,5844745,8.688841183930244
2573732,603276,5241592,5844868,8.688547198960343
2573851,603281,5241841,5845122,8.688887931163089
2574043,603382,5242227,5845609,8.688073227242443
2575161,603389,5244261,5847650,8.691343395388381
2575319,603389,5244510,5847899,8.691756064495706
2575342,603396,5244562,5847958,8.691741410284457
2575460,603406,5244817,5848223,8.69201996665595
2575604,603419,5245251,5848670,8.692551941519906
2575776,603419,5245627,5849046,8.693175057464217
2575778,603421,5245636,5849057,8.693161159455835
2575928,603482,5245801,5849283,8.692555867449236
2576056,603500,5245907,5849407,8.692472245236123
2576110,603520,5245995,5849515,8.692329997348887
2576170,603545,5246092,5849637,8.692130661342567
2576180,603549,5246112,5849661,8.692106191875059
2576361,603601,5246293,5849894,8.691657237148382
2576390,603613,5246311,5849924,8.691514264934652
2576420,603626,5246370,5849996,8.691424822655089
2576505,603626,5246658,5850284,8.691901939280283
2576530,603634,5246687,5850321,8.69183478730489
2576672,603634,5246826,5850460,8.692065059290895
2576718,603641,5246875,5850516,8.692045437602813
2576719,603641,5246875,5850516,8.692045437602813
2576800,603649,5246924,5850573,8.692011417230875
2576821,603649,5246949,5850598,8.692052832026558
2576843,603656,5246985,5850641,8.692011675523808
2576878,603656,5247068,5850724,8.692149171051062
2577006,603656,5247288,5850944,8.692513617026917
2577030,603665,5247316,5850981,8.69243040428052
2577115,603743,5247444,5851187,8.691519404779848
2577163,603772,5247555,5851327,8.691285783375182
2577185,603783,5247581,5851364,8.691170503309964
2577216,603789,5247626,5851415,8.6911586663553
2578271,603789,5250332,5854121,8.695640364431945
2578296,603805,5250394,5854199,8.695512624108776
2578359,603805,5250482,5854287,8.695658366525617
2578381,603805,5250514,5854319,8.695711363768105
2578407,603812,5250557,5854369,8.69568176849748
2578444,603816,5250609,5854425,8.695710282602647
2578448,603816,5250619,5854435,8.695726843939214
2578460,603822,5250637,5854459,8.695670247192053
2578548,603839,5250747,5854586,8.695607604013652
2578604,603843,5250793,5854636,8.695626180977506
2578621,603843,5250820,5854663,8.695670894586838
2578706,603862,5250945,5854807,8.695604293696242
2578730,603872,5251001,5854873,8.69555303110593
2578837,603881,5251162,5855043,8.69569004489295
2578848,603888,5251187,5855075,8.695630646742442
2578876,603901,5251221,5855122,8.69549975906647
2579407,603901,5251830,5855731,8.69650820250339
2579509,603938,5251958,5855896,8.696187356980353
2579612,604020,5252197,5856217,8.695402470116884
2579721,604075,5252493,5856568,8.695100773910525
2579799,604110,5252611,5856721,8.694792339143534
2579828,604125,5252656,5856781,8.694650941444237
2580695,604129,5253811,5857940,8.696505216601091
2580708,604143,5253840,5857983,8.696351691569712
2580888,604170,5253982,5858152,8.696198089941573
2580955,604184,5254042,5858226,8.696095891317876
2580978,604193,5254104,5858297,8.69606897133863
2581121,604233,5254345,5858578,8.69589214756559
2581190,604283,5254473,5858756,8.695384447353309
2581275,604298,5254549,5858847,8.695294374629736
2581288,604310,5254567,5858877,8.695151495093578
2581446,604415,5254888,5859303,8.694172050660557
2581539,604448,5254965,5859413,8.693824778971889
2581754,604482,5255226,5859708,8.693767556354036
2581758,604487,5255230,5859717,8.693702263241393
2581855,604492,5255448,5859940,8.69399098747378
2581919,604508,5255518,5860026,8.693876673261562
2581968,604539,5255617,5860156,8.693594623341092
2582001,604560,5255670,5860230,8.693380309646685
2582006,604563,5255673,5860236,8.693342133077943
2582028,604563,5255726,5860289,8.693429799706564
2582102,604563,5255822,5860385,8.693588592090485
2582148,604572,5255930,5860502,8.693637813196775
2582175,604577,5255950,5860527,8.693598995661429
2582183,604577,5255969,5860546,8.693630422592987
2582258,604589,5256129,5860718,8.693722512318285
2582292,604602,5256173,5860775,8.693608357233353
2582302,604605,5256191,5860796,8.693594991771487
2582342,604634,5256278,5860912,8.693321910444997
2582827,604782,5256683,5861465,8.691864175851794
2582834,604785,5256689,5861474,8.691830981257802
2582930,604910,5256962,5861872,8.690486188027972
2583338,604940,5258202,5863142,8.692105002148974
2583364,604950,5258228,5863178,8.692004297875858
2583406,604967,5258283,5863250,8.691850960465612
2583562,605011,5258740,5863751,8.691974195510495
2583611,605018,5258854,5863872,8.692062054352101
2583636,605036,5258886,5863922,8.691856352349282
2584090,605194,5259617,5864811,8.690795017795946
2584135,605204,5259661,5864865,8.69072411947046
2584172,605204,5259762,5864966,8.690891005346957
2584238,605213,5259867,5865080,8.690935257504382
2584265,605228,5259943,5865171,8.690845433456483
2584268,605228,5259952,5865180,8.690860303885477
2584503,605300,5260205,5865505,8.690244506856104
2584567,605309,5260393,5865702,8.690425881657138
2584570,605309,5260402,5865711,8.690440750096231
2584647,605317,5260649,5865966,8.690733946015063
2584828,605317,5260972,5866289,8.691267550721358
2584831,605317,5260977,5866294,8.69127581085613
2584847,605317,5261008,5866325,8.691327023691718
2585534,605719,5262649,5868368,8.688267992253834
2585663,605819,5262918,5868737,8.68727788332819
2585692,605826,5262929,5868755,8.687195663441319
2585764,605902,5263088,5868990,8.686368422616198
2585793,605902,5263152,5869054,8.686474050258953
2585837,605923,5263254,5869177,8.68634133379984
2585927,605962,5263466,5869428,8.686132133698152
2585979,605970,5263574,5869544,8.686195686255095
2586033,605970,5263683,5869653,8.68637556314669
2586059,605979,5263713,5869692,8.686296059764448
2586082,605991,5263755,5869746,8.686193359307316
2586114,606004,5263798,5869802,8.686077979683303
2586151,606013,5263824,5869837,8.68599188466254
2586179,606025,5263853,5869878,8.685867744730002
2586274,606026,5264194,5870220,8.686416094358988
2586308,606030,5264234,5870264,8.686424764450605
2586379,606042,5264364,5870406,8.686467274545329
2586390,606045,5264383,5870428,8.686455626232375
2586399,606048,5264397,5870445,8.68643572786314
2586433,606056,5264434,5870490,8.686382116504085
2586461,606066,5264472,5870538,8.686301491916723
2586735,606067,5264629,5870696,8.686546206937518
2586788,606084,5264697,5870781,8.68641475439048
2586912,606118,5264784,5870902,8.686071029073547
2586968,606144,5264894,5871038,8.685879922922606
2587067,606197,5265191,5871388,8.68561045336747
2587089,606211,5265231,5871442,8.685475849168029
2587141,606229,5265317,5871546,8.685359822773242
2587217,606256,5265443,5871699,8.685180847694703
2587315,606256,5265733,5871989,8.685659193476024
2587346,606256,5265782,5872038,8.685740017418384
2587360,606256,5265791,5872047,8.685754862632287
2587361,606256,5265793,5872049,8.68575816156871
2587438,606264,5266010,5872274,8.686001477904016
2587589,606410,5266402,5872812,8.684556653089494
2587644,606410,5266541,5872951,8.684785870945399
2587788,606415,5266815,5873230,8.685166099123537
2589794,606418,5277307,5883725,8.702424730136638
2590837,606418,5279314,5885732,8.705734328466503
2590861,606418,5279375,5885793,8.70583491914818
2591021,606447,5279537,5885984,8.705685740056428
2591158,606540,5280070,5886610,8.7052296633363
2591207,606551,5280159,5886710,8.705218522432574
2591229,606555,5280172,5886727,8.70518254733701
2591245,606555,5280187,5886742,8.705207277163654
2591524,606596,5280716,5887312,8.70549096927774
2591699,606655,5281011,5887666,8.705130593170749
2591777,606688,5281111,5887799,8.704821918350124
2591907,606723,5281369,5888092,8.704744998953394
2591930,606728,5281410,5888138,8.704740839387666
2592409,606735,5282603,5889338,8.706606673424147
2592736,606762,5283167,5889929,8.70714876673226
2592752,606762,5283193,5889955,8.707191617141483
2592793,606789,5283258,5890047,8.70691129865571
2592835,606807,5283348,5890155,8.706801338811188
2592842,606807,5283399,5890206,8.70688538530373
2592856,606817,5283438,5890255,8.706806170558835
2594393,606817,5286648,5893465,8.712096068501706
2594411,606822,5286683,5893505,8.712081961431853
2594437,606822,5286747,5893569,8.712187428933031
2594698,606822,5287073,5893895,8.712724654017158
2594717,606829,5287092,5893921,8.712655459775323
2594750,606847,5287192,5894039,8.712561815416407
2594772,606851,5287229,5894080,8.71256535788851
2594881,606911,5287479,5894390,8.712115944512457
2595038,606970,5287784,5894754,8.711771586734105
2595051,606977,5287817,5894794,8.71172548547968
2595077,606989,5287851,5894840,8.711609271337702
2595098,606993,5287881,5894874,8.711601287000015
2595108,606997,5287891,5894888,8.711560353675553
2595127,607005,5287914,5894919,8.711483430943732
2595180,607017,5287978,5894995,8.711416648957114
2595220,607035,5288024,5895059,8.711234113354255
2595246,607047,5288044,5895091,8.711094857564571
2595257,607052,5288062,5895114,8.711052759895363
2595297,607076,5288157,5895233,8.710864867001826
2595335,607084,5288189,5895273,8.710802788411488
2595491,607166,5288555,5895721,8.71022916302955
2595709,607166,5289155,5896321,8.7112173606559
2595816,607183,5289204,5896387,8.711054163242384
2596212,607194,5289722,5896916,8.71174945733983
2596262,607204,5289792,5896996,8.711721266658323
2596283,607204,5289824,5897028,8.711773967233418
2596428,607280,5290078,5897358,8.711101962850744
2596727,607415,5290685,5898100,8.710165208300749
2596746,607419,5290697,5898116,8.710127605491431
2596784,607432,5290763,5898195,8.710049849201228
2598006,607462,5293043,5900505,8.71337301757147
2598016,607462,5293074,5900536,8.713424049570179
2598028,607465,5293094,5900559,8.713413941543957
2598402,607693,5294001,5901694,8.711637290539796
2598542,607792,5294269,5902061,8.710659238686919
2598581,607803,5294338,5902141,8.710615117069182
2598584,607803,5294347,5902150,8.710629924498562
2598584,607806,5294389,5902195,8.710656031694324
2598603,607812,5294402,5902214,8.710591432877271
2598847,607817,5295062,5902879,8.71160563130021
2598851,607820,5295070,5902890,8.711575795465762
2598874,607820,5295145,5902965,8.711699187259386
2599079,607838,5295503,5903341,8.712030179093771
2599157,607857,5295654,5903511,8.712006277792309
2599262,607857,5295910,5903767,8.712427429477657
2599293,607876,5296005,5903881,8.71231139245504
2599335,607882,5296106,5903988,8.71239154967576
2599414,607934,5296319,5904253,8.711996697009873
2599423,607936,5296335,5904271,8.711994354668912
2599459,607936,5296377,5904313,8.712063440888514
2599489,607944,5296455,5904399,8.712077099206505
2599566,607960,5296614,5904574,8.712109349299295
2599596,607973,5296633,5904606,8.711954313760645
2599612,607973,5296659,5904632,8.711997078817644
2599628,607980,5296694,5904674,8.71195434060331
2599636,607987,5296733,5904720,8.711918182461138
2599652,607987,5296758,5904745,8.711959301761386
2599814,608021,5296849,5904870,8.711621802536426
2599907,608040,5296955,5904995,8.711523912900468
2600149,608044,5297286,5905330,8.71201097289012
2600246,608044,5297355,5905399,8.712124451519955
2600514,608062,5298019,5906081,8.712958546990274
2600833,608062,5298605,5906667,8.713922264505921
2600896,608101,5298722,5906823,8.713555807341214
2600907,608101,5298745,5906846,8.713593630005542
2600947,608101,5298812,5906913,8.713703809071191
2600982,608118,5298859,5906977,8.713537504234376
2601029,608148,5298917,5907065,8.713203036103053
2601053,608152,5298943,5907095,8.71318847919599
2601061,608154,5298954,5907108,8.713177912173562
2601070,608156,5298974,5907130,8.713182144055144
2601198,608197,5299080,5907277,8.712769053448143
2601222,608207,5299131,5907338,8.712709653127964
2601237,608214,5299153,5907367,8.712645549099495
2601381,608235,5299409,5907644,8.712765625128446
2601422,608257,5299484,5907741,8.712573796931231
2601522,608257,5299825,5908082,8.713134415222513
2601746,608312,5300014,5908326,8.712657320585489
2601939,608407,5300458,5908865,8.712026653210762
2601964,608410,5300476,5908886,8.712013280518072
2602647,608708,5301586,5910294,8.709571748687384
2602658,608710,5301609,5910319,8.709580917021242
2602690,608730,5301659,5910389,8.709376899446388
2603147,608744,5302405,5911149,8.71040207377814
2603176,608748,5302430,5911178,8.710385906812014
2603206,608751,5302447,5911198,8.710370906988244
2604102,608751,5304160,5912911,8.713184865404738
2604116,608755,5304171,5912926,8.713145682581663
2604127,608756,5304179,5912935,8.713144511101328
2604179,608764,5304214,5912978,8.713087501889074
2604732,609028,5305247,5914275,8.711006718902908
2605158,609028,5306060,5915088,8.71234163289701
2605206,609042,5306160,5915202,8.712305555281901
2605530,609142,5306800,5915942,8.711925954867667
2605559,609142,5306838,5915980,8.71198833769466
2605603,609153,5306920,5916073,8.711965630966276
2605657,609164,5306958,5916122,8.711870694919595
2605668,609164,5306958,5916122,8.711870694919595
2605684,609174,5307014,5916188,8.711819611473897
2605745,609178,5307123,5916301,8.711941337343108
2605801,609199,5307201,5916400,8.711769060684604
2605900,609268,5307309,5916577,8.710959709027883
2605942,609287,5307399,5916686,8.71083578018241
2606169,609304,5307975,5917279,8.711538082796109
2606210,609304,5307986,5917290,8.71155613618161
2606232,609304,5308010,5917314,8.711595525386343
2606263,609325,5308069,5917394,8.711392114224758
2606320,609359,5308149,5917508,8.711037335954668
2606333,609361,5308172,5917533,8.711046489683456
2606354,609368,5308220,5917588,8.711025193315042
2606374,609370,5308262,5917632,8.7110655266915
2606504,609445,5308596,5918041,8.710541558303046
2606515,609454,5308633,5918087,8.710473637058744
2606529,609454,5308687,5918141,8.71056224095666
2606868,609454,5309526,5918980,8.711938883000194
2607194,609648,5310125,5919773,8.710149135238694
2607366,609733,5310470,5920203,8.709500715887117
2607422,609733,5310514,5920247,8.709572878620643
2607481,609751,5310610,5920361,8.709473211196046
2607499,609751,5310630,5920381,8.709506011470255
2607858,609751,5311689,5921440,8.711242785989691
2607899,609772,5311823,5921595,8.711162532881142
2607938,609772,5311876,5921648,8.711249450614329
2607991,609785,5311962,5921747,8.711204768893955
2608047,609792,5312050,5921842,8.711249081654072
2608063,609799,5312065,5921864,8.711173681819748
2608110,609799,5312265,5922064,8.711501658743291
2608142,609799,5312314,5922113,8.71158201308956
2608179,609803,5312357,5922160,8.711595384083056
2608290,609831,5312652,5922483,8.71167913733477
2608313,609845,5312674,5922519,8.711515221080766
2608343,609849,5312697,5922546,8.711495796500445
2608363,609849,5312718,5922567,8.711530231253967
2608378,609849,5312728,5922577,8.711546628755643
2608433,609894,5312841,5922735,8.71108914008008
2608454,609894,5312870,5922764,8.711136689326342
2608683,609960,5313328,5923288,8.710944979998688
2612088,609960,5319097,5929057,8.72040297724441
2612192,609964,5319466,5929430,8.72095074463411
2612213,609972,5319511,5929483,8.72091014013758
2612297,610000,5319594,5929594,8.720645901639344
2612457,610025,5319855,5929880,8.720716364083438
2612515,610031,5319881,5929912,8.720673211689242
2612536,610034,5319891,5929925,8.72064671805178
2612560,610042,5319921,5929963,8.720581533730465
2612598,610067,5319988,5930055,8.720333996102067
2612783,610071,5320064,5930135,8.7204013959031
2612817,610083,5320093,5930176,8.720277404877697
2612879,610099,5320177,5930276,8.720186395978358
2612967,610131,5320461,5930592,8.720194515604026
2612989,610142,5320502,5930644,8.720104500263872
2613015,610148,5320539,5930687,8.72007939057409
2613693,610148,5322042,5932190,8.722542727338285
2613712,610162,5322072,5932234,8.722391758254366
2613721,610162,5322072,5932234,8.722391758254366
2613772,610173,5322275,5932448,8.722567206349675
2613902,610173,5322661,5932834,8.723199813823292
2613907,610175,5322669,5932844,8.723184332363665
2613913,610175,5322684,5932859,8.723208915475068
2613927,610182,5322714,5932896,8.723158008594158
2613943,610193,5322729,5932922,8.723025337884899
2616282,610205,5327790,5937995,8.73114772904188
2616335,610225,5327862,5938087,8.730979556720882
2616372,610225,5327963,5938188,8.731145069441599
2616485,610289,5328175,5938464,8.730576825077955
2616504,610298,5328195,5938493,8.7304808470616
2616505,610298,5328198,5938496,8.730485762692979
2616533,610313,5328247,5938560,8.730351475390496
2616610,610351,5328451,5938802,8.730142164099018
2616710,610384,5328638,5939022,8.72997653935883
2616746,610392,5328705,5939097,8.72997188691857
2616803,610392,5328825,5939217,8.730168481893603
2617213,610392,5329680,5940072,8.731569221090709
2617228,610397,5329699,5940096,8.731528824682952
2617400,610397,5329891,5940288,8.731843374066386
2617418,610407,5329926,5940333,8.73175766332955
2617459,610420,5329957,5940377,8.731622489433505
2618341,610420,5333732,5944152,8.737806756004062
2618345,610420,5333742,5944162,8.737823138167164
2618465,610420,5333944,5944364,8.7381540578618
2618486,610422,5333944,5944366,8.73812542798261
2618584,610429,5334112,5944541,8.738300441165148
2618597,610434,5334125,5944559,8.738250162998785
2618655,610446,5334230,5944676,8.738250393974242
2618683,610453,5334258,5944711,8.73819606095801
2618714,610475,5334296,5944771,8.737943404725828
2618730,610489,5334336,5944825,8.737808543642883
2618755,610489,5334391,5944880,8.737898635356247
2618778,610499,5334421,5944920,8.737804648328662
2618833,610500,5334709,5945209,8.73826208026208
2618853,610503,5334745,5945248,8.738278108379484
2619185,610600,5335367,5945967,8.737908614477563
2619194,610600,5335384,5945984,8.737936455944972
2619199,610602,5335391,5945993,8.737919299314447
2619402,610742,5335763,5946505,8.736525406800252
2619469,610748,5335819,5946567,8.736531269852705
2619509,610748,5335819,5946567,8.736531269852705
2619594,610758,5336122,5946880,8.736884330618674
2619669,610758,5336228,5946986,8.737057885447264
2619683,610767,5336300,5947067,8.737047024479057
2619793,610767,5336640,5947407,8.737603701575232
2619814,610770,5336650,5947420,8.737577156703832
2619829,610781,5336688,5947469,8.737482010737073
2619864,610796,5336758,5947554,8.73738203917511
2619927,610818,5336867,5947685,8.737245791708823
2620621,611071,5337998,5949069,8.73547918327003
2620643,611075,5338021,5949096,8.735459640796956
2621066,611212,5338470,5949682,8.734236238817301
2621395,611212,5338814,5950026,8.734799054992376
2621405,611215,5338826,5950041,8.734775815384111
2623271,611311,5342711,5954022,8.73975930418396
2623298,611327,5342751,5954078,8.739595993633522
2623334,611350,5342783,5954133,8.739319538725772
2623355,611350,5342828,5954178,8.739393146315532
2623663,611353,5343188,5954541,8.739939118643402
2623666,611354,5343191,5954545,8.739929729747413
2623742,611354,5343339,5954693,8.740171815347573
2623854,611379,5343619,5954998,8.740272400589488
2623879,611386,5343659,5955045,8.740237754871718
2624116,611386,5344059,5955445,8.740892006032196
2624130,611393,5344109,5955502,8.740873709708813
2624223,611437,5344242,5955679,8.740462222600202
2624240,611437,5344265,5955702,8.740499838904089
2624245,611440,5344273,5955713,8.740470037943217
2624283,611459,5344343,5955802,8.740312923679266
2624303,611465,5344399,5955864,8.740318742691732
2624411,611544,5344635,5956179,8.73957556610808
2624423,611549,5344656,5956205,8.739538450721039
2624430,611552,5344664,5956216,8.739508659934069
2624478,611584,5344747,5956331,8.739187094495605
2624506,611597,5344777,5956374,8.739050387755336
2624519,611605,5344796,5956401,8.738967143826489
2624563,611611,5344879,5956490,8.739017120359183
2624753,611611,5345449,5957060,8.7399490852846
2625130,611775,5346039,5957814,8.73857055289935
2625149,611782,5346073,5957855,8.738526141664842
2625177,611797,5346100,5957897,8.738356023321462
2625197,611807,5346143,5957950,8.738283478286453
2625203,611811,5346145,5957956,8.738229616662663
2625242,611823,5346167,5957990,8.738094187371184
2625266,611837,5346200,5958037,8.73794817900846
2626210,611837,5348283,5960120,8.741352680534195
2627674,611837,5350369,5962206,8.744762085326647
2627738,611856,5350412,5962268,8.744560811694255
2627778,611869,5350473,5962342,8.74447471599313
2627787,611873,5350483,5962356,8.744433893961656
2627979,611880,5350561,5962441,8.744461332287377
2628001,611892,5350586,5962478,8.744330698881502
2628117,611892,5350852,5962744,8.744765416119185
2628174,611917,5351022,5962939,8.744685962311882
2628502,611917,5351655,5963572,8.745720416330974
2628507,611917,5351666,5963583,8.745738392625144
2628516,611917,5351677,5963594,8.745756368919315
2628613,611917,5351746,5963663,8.745869129310021
2628754,611984,5352046,5964030,8.745401840570995
2628767,611988,5352121,5964109,8.745467231383621
2628815,611988,5352264,5964252,8.745700896096002
2628941,612003,5352543,5964546,8.745942421850874
2629000,612008,5352698,5964706,8.746124233670148
2629163,612017,5353625,5965642,8.747510281577146
2629269,612067,5353750,5965817,8.746999919943406
2629634,612178,5354183,5966361,8.746121226179314
2629676,612186,5354234,5966420,8.746090240547808
2630158,612186,5355389,5967575,8.747976922046568
2630188,612192,5355450,5967642,8.747990826407401
2630263,612233,5355578,5967811,8.747614061966605
2630312,612242,5355710,5967952,8.747701072451743
2630335,612242,5355749,5967991,8.747764772753257
2630435,612303,5355866,5968169,8.74708436836011
2630497,612303,5355883,5968186,8.747112132391969
2630548,612318,5355953,5968271,8.747012173413161
2630808,612318,5356271,5968589,8.747531511404205
2630843,612318,5356420,5968738,8.747774849016361
2630932,612379,5356540,5968919,8.747099426988841
2630950,612391,5356558,5968949,8.746957417728217
2630983,612391,5356624,5969015,8.74706519200968
2630995,612401,5356645,5969046,8.746956650952562
2631034,612406,5356711,5969117,8.74699300790652
2631058,612416,5356744,5969160,8.746904065210575
2631100,612439,5356823,5969262,8.746704569761233
2631154,612455,5356968,5969423,8.746712819717366
2631210,612455,5357080,5969535,8.746895690295613
2631222,612455,5357095,5969550,8.746920181890914
2632084,612464,5358819,5971283,8.749606507484522
2632326,612464,5358992,5971456,8.749888973066172
2632372,612477,5359057,5971534,8.74980938059715
2632787,612477,5360055,5972532,8.75143882953972
2632809,612477,5360070,5972547,8.751463320255292
2632849,612504,5360151,5972655,8.75120978801771
2632870,612504,5360180,5972684,8.751257134647284
2632908,612537,5360254,5972791,8.750906475853704
2632952,612552,5360326,5972878,8.750809727174182
2633389,612765,5361141,5973906,8.749097941298867
2633462,612798,5361224,5974022,8.74876223486369
2633503,612802,5361275,5974077,8.748788352518432
2633933,612836,5361626,5974462,8.748875718789366
2633952,612836,5361682,5974518,8.74896709723319
2633992,612837,5361723,5974560,8.749019723025862
2634104,612837,5362155,5974992,8.7497246412994
2634328,612930,5362552,5975482,8.749044752255559
2634371,612930,5362578,5975508,8.749087171455141
2634507,612930,5363020,5975950,8.749808297848041
2634589,612965,5363135,5976100,8.74949630076758
2634718,612965,5363518,5976483,8.750121132527958
2635469,613033,5366692,5979725,8.75432807043014
2635519,613044,5366841,5979885,8.754414038796563
2635524,613044,5366846,5979890,8.754422194817991
2635564,613047,5366871,5979918,8.754420134182208
2635599,613062,5366941,5980003,8.754320117704244
2635763,613074,5367365,5980439,8.754840361848652
2636177,613078,5368357,5981435,8.756401306195949
2636178,613078,5368361,5981439,8.756407830651238
2636223,613104,5368476,5981580,8.756224066390041
2636360,613198,5368690,5981888,8.755230773746815
2636371,613202,5368730,5981932,8.755238893545684
2636418,613202,5368776,5981978,8.755313909608905
2636475,613256,5368937,5982193,8.754805497214866
2636481,613260,5368960,5982220,8.754785898313928
2636508,613279,5369002,5982281,8.754583150572579
2636627,613279,5369152,5982431,8.754827737457177
2636688,613293,5369299,5982592,8.754867575530783
2636819,613320,5369589,5982909,8.754954999021718
2636859,613329,5369667,5982996,8.754953703477252
2636901,613346,5369741,5983087,8.754831693693282
2636913,613353,5369755,5983108,8.754754602977405
2636959,613353,5369874,5983227,8.754948618495385
2637009,613374,5369953,5983327,8.754777672349986
2637035,613381,5370032,5983413,8.754806555794849
2637101,613402,5370073,5983475,8.754573672730118
2637123,613416,5370099,5983515,8.754416252592042
2637205,613441,5370198,5983639,8.754220862316018
2637257,613478,5370255,5983733,8.753785791829536
2637328,613494,5370392,5983886,8.753780803072239
2637334,613494,5370405,5983899,8.753801993173527
2637545,613494,5370938,5984432,8.754670787326363
2637558,613499,5370947,5984446,8.75461410695046
2637610,613529,5371021,5984550,8.754306642391802
2637673,613542,5371076,5984618,8.75421079567495
2637694,613555,5371128,5984683,8.754110063482491
2637721,613574,5371159,5984733,8.753889506400206
2637766,613586,5371185,5984771,8.75376067902462
2638537,613586,5372316,5985902,8.755603941419785
2638578,613637,5372412,5986049,8.755032698484609
2638601,613650,5372433,5986083,8.754881447078954
2638717,613693,5372708,5986401,8.754716120275122
2638860,613693,5372984,5986677,8.755165856543908
2638895,613696,5373069,5986765,8.755261562728126
2638904,613696,5373080,5986776,8.755279486912087
2638945,613705,5373148,5986853,8.755261892929013
2638974,613721,5373189,5986910,8.755100444664595
2639100,613721,5373526,5987247,8.75564955411335
2639143,613721,5373565,5987286,8.755713100904156
2639205,613744,5373610,5987354,8.755458301832686
2639245,613764,5373717,5987481,8.755347332199348
2639274,613764,5373734,5987498,8.75537503014188
2639328,613786,5373875,5987661,8.755290932018651
2639446,613839,5374116,5987955,8.754927595020844
2639464,613839,5374143,5987982,8.754971580495862
2639534,613839,5374238,5988077,8.755126344204262
2639558,613839,5374293,5988132,8.755215944245966
2639658,613870,5374473,5988343,8.755067033736784
2640047,614064,5374880,5988944,8.752963860444513
2640325,614064,5375549,5989613,8.754053323432085
2640410,614084,5375804,5989888,8.754183466756992
2640415,614085,5375807,5989892,8.754174096419877
2640428,614085,5375807,5989892,8.754174096419877
2640501,614108,5375851,5989959,8.753917877637159
2640518,614113,5375899,5990012,8.75392476628894
2640600,614140,5376045,5990185,8.75377764027746
2640656,614153,5376074,5990227,8.753639565385173
2640729,614200,5376196,5990396,8.753168349071963
2640753,614200,5376242,5990442,8.753243243243244
2640764,614200,5376252,5990452,8.753259524584825
2640792,614204,5376311,5990515,8.753298578322513
2641233,614211,5377349,5991560,8.754888792287993
2641288,614220,5377624,5991844,8.755208231578262
2641313,614227,5377684,5991911,8.755206137144736
2641330,614240,5377708,5991948,8.75505991143527
2641394,614253,5377768,5992021,8.754972299687587
2641459,614253,5377889,5992142,8.75516928692249
2641564,614261,5378046,5992307,8.755310853204094
2641599,614274,5378111,5992385,8.755231378830945
2641634,614274,5378157,5992431,8.755306263979918
2641672,614274,5378267,5992541,8.755485337162243
2641715,614280,5378336,5992616,8.755512144299017
2641745,614289,5378442,5992731,8.755556423767965
2641855,614294,5378687,5992981,8.75588399040199
2641883,614296,5378750,5993046,8.755958039772358
2641899,614301,5378769,5993070,8.755917701582774
2642027,614301,5379108,5993409,8.756469548315891
2643207,614301,5381295,5995596,8.760029692284402
2643375,614348,5381504,5995852,8.759699714168518
2643378,614348,5381511,5995859,8.759711108362035
2643464,614385,5381613,5995998,8.759349593495935
2643465,614386,5381617,5996003,8.75934184698219
2643485,614387,5381631,5996018,8.75935037687972
2643516,614397,5381654,5996051,8.7592452437105
2643537,614397,5381686,5996083,8.759297327298148
2643548,614399,5381721,5996120,8.759325780152636
2643599,614409,5381788,5996197,8.759292262971409
2643627,614421,5381820,5996241,8.759173270444858
2643705,614431,5381893,5996324,8.75914952207815
2643869,614529,5382153,5996682,8.758175773641277
2643899,614529,5382183,5996712,8.758224591516429
2644092,614529,5382561,5997090,8.75883969674336
2645556,614529,5384647,5999176,8.76223416632901
2645628,614529,5384834,5999363,8.762538464417464
2645665,614542,5384867,5999409,8.7624068005116
2645680,614549,5384887,5999436,8.76233953679853
2645784,614563,5384955,5999518,8.762250574798678
2645785,614563,5384957,5999520,8.762253829143635
2645880,614584,5385029,5999613,8.762071580125744
2645887,614585,5385059,5999644,8.762106136661325
2645921,614597,5385099,5999696,8.762000139929091
2645941,614607,5385118,5999725,8.761888491344875
2645954,614612,5385148,5999760,8.761866022791615
2645957,614612,5385150,5999762,8.76186927687712
2645984,614625,5385223,5999848,8.761802725238967
2646044,614636,5385340,5999976,8.761836273827111
2646120,614673,5385476,6000149,8.761530114386023
2646123,614673,5385478,6000151,8.761533368148593
2646192,614693,5385572,6000265,8.761401219795898
2646236,614704,5385616,6000320,8.761316015513158
2646258,614704,5385669,6000373,8.761402235872875
2646293,614740,5385794,6000534,8.76109249438787
2646322,614740,5385819,6000559,8.761133161987182
2646340,614746,5385828,6000574,8.761062292393932
2646424,614798,5385987,6000785,8.760579897787567
2646854,615057,5386669,6001726,8.757999665071692
2646858,615057,5386675,6001732,8.758009420265113
2646889,615071,5386758,6001829,8.75794501772966
2646947,615071,5386855,6001926,8.75810272310026
2646976,615075,5386916,6001991,8.75814494167378
2646986,615084,5386940,6002024,8.758055810263313
2647014,615084,5386978,6002062,8.758117590442932
2647373,615156,5387772,6002928,8.758383239373428
2648213,615162,5389602,6004764,8.761272640377657
2648259,615162,5389721,6004883,8.761466085356378
2648271,615162,5389742,6004904,8.761500222705564
2648292,615162,5389771,6004933,8.7615473647592
2648295,615163,5389779,6004942,8.761546126798914
2648352,615208,5389932,6005140,8.76115395118399
2648381,615222,5389977,6005199,8.761027726576748
2648396,615239,5389997,6005236,8.760818153595595
2648494,615239,5390353,6005592,8.761396790515557
2648496,615239,5390358,6005597,8.76140491743859
2648524,615250,5390415,6005665,8.761340918325883
2648708,615250,5390821,6006071,8.762000812677773
2650613,615302,5396538,6011840,8.770551696565263
2650641,615313,5396553,6011866,8.770419282544006
2651205,615381,5398992,6014373,8.773413543804569
2651211,615381,5399003,6014384,8.773431418909587
2651223,615389,5399019,6014408,8.773343364928525
2651249,615401,5399057,6014458,8.773234037643748
2651270,615405,5399070,6014475,8.773198137811685
2651287,615412,5399089,6014501,8.773129220749677
2651432,615412,5399370,6014782,8.773585825430768
2651459,615415,5399409,6014824,8.773606428182608
2651589,615415,5399795,6015210,8.774233647213668
2651616,615424,5399817,6015241,8.774141079970882
2651718,615424,5400250,6015674,8.774844659941763
2652446,615450,5400751,6016201,8.775288000649931
2652542,615450,5400962,6016412,8.775630839223332
2652597,615461,5401037,6016498,8.775595854164601
2652613,615467,5401065,6016532,8.775555797467614
2652635,615469,5401072,6016541,8.775538654262034
2652658,615478,5401132,6016610,8.775507816688817
2652748,615519,5401202,6016721,8.775037001294843
2652759,615519,5401212,6016731,8.775053247747023
2652847,615519,5401344,6016863,8.775267700915812
2652883,615540,5401398,6016938,8.775056048347793
2653292,615540,5401398,6016938,8.775056048347793
2653544,615622,5401673,6017295,8.774333925688167
2653608,615622,5401774,6017396,8.774497987401359
2653660,615634,5401852,6017486,8.774453652657261
2653688,615645,5401891,6017536,8.774360223830293
2653710,615651,5401958,6017609,8.774383538725674
2654137,615887,5402611,6018498,8.772081566910813
2654171,615887,5402699,6018586,8.772224450264416
2654178,615891,5402711,6018602,8.77218696165393
2654191,615895,5402735,6018630,8.77216895737098
2654308,615918,5402956,6018874,8.772200195480567
2654347,615918,5402956,6018874,8.772200195480567
2654367,615918,5402977,6018895,8.772234290928338
2654377,615918,5402993,6018911,8.772260268412353
2654408,615938,5403062,6019000,8.772087450360264
2654420,615938,5403095,6019033,8.772141027181307
2654662,615938,5403679,6019617,8.773089174559777
2654668,615938,5403692,6019630,8.773110280580187
2654697,615938,5403727,6019665,8.773167104481296
2655500,615938,5405673,6021611,8.776326513382841
2655574,615956,5405742,6021698,8.77618206495269
2655593,615956,5405769,6021725,8.776225899252545
2655602,615962,5405790,6021752,8.776174504271367
2655840,616038,5406006,6022044,8.775442424006311
2655907,616038,5406066,6022104,8.775539820595483
2655972,616038,5406147,6022185,8.775671305990864
2656010,616044,5406178,6022222,8.775636155858997
2656081,616108,5406318,6022426,8.774951794165958
2656567,616108,5407764,6023872,8.777298785277905
2656606,616122,5407807,6023929,8.777169132087476
2656673,616140,5407852,6023992,8.776985749991885
2656679,616144,5407875,6024019,8.77696609883404
2656819,616193,5408125,6024318,8.776673866791736
2656830,616193,5408127,6024320,8.776677112528056
2657352,616235,5409204,6025439,8.77782664081073
2657373,616238,5409247,6025485,8.777853686400384
2657563,616238,5409817,6026055,8.778778653701979
2657792,616319,5410527,6026846,8.778776899625031
2658102,616319,5411446,6027765,8.780268010559467
2658147,616337,5411525,6027862,8.78013976120207
2658229,616371,5411798,6028169,8.780098349857472
2658240,616380,5411812,6028192,8.779992861546448
2658263,616386,5411883,6028269,8.780022583251403
2658336,616459,5412056,6028515,8.779263503331121
2658419,616459,5412331,6028790,8.779709599502969
2658458,616472,5412409,6028881,8.779650981715308
2658481,616473,5412465,6028938,8.779727579310043
2658531,616501,5412549,6029050,8.779465077915527
2658547,616511,5412569,6029080,8.779355112885252
2659387,616809,5413757,6030566,8.777039569785785
2659479,616809,5413812,6030621,8.777128738393895
2659657,616941,5414444,6031385,8.77627520297727
2659746,616941,5414586,6031527,8.77650537085394
2659771,616941,5414613,6031554,8.776549135168517
2659862,616941,5414661,6031602,8.776626938394433
2659914,616941,5414701,6031642,8.77669177441603
2659921,616945,5414706,6031651,8.776642974657385
2659938,616956,5414738,6031694,8.77653835929953
2660035,616990,5414822,6031812,8.776190862088527
2660050,616990,5414825,6031815,8.77619572440396
2660244,616990,5415222,6032212,8.77683917081314
2660442,617069,5415497,6032566,8.776161174844304
2661281,617069,5417343,6034412,8.779152736565926
2661418,617124,5417485,6034609,8.778600410938482
2661616,617127,5417759,6034886,8.77900172897961
2661686,617144,5417827,6034971,8.778870085425767
2661760,617169,5417905,6035074,8.77864085850067
2661776,617179,5417945,6035124,8.778563431354598
2661872,617198,5418130,6035328,8.778592931279752
2661881,617207,5418144,6035351,8.778487606264997
2662401,617467,5419114,6036581,8.776362137571725
2664619,618200,5424457,6042657,8.774598835328373
2664644,618200,5424501,6042701,8.774670009705597
2664741,618200,5424690,6042890,8.774975736007764
2664802,618258,5424801,6043059,8.774332074958998
2664835,618258,5424801,6043059,8.774332074958998
2665085,618296,5425169,6043465,8.774387995393791
2665110,618314,5425209,6043523,8.774197252528651
2665132,618319,5425223,6043542,8.774148942536135
2665298,618403,5425485,6043888,8.77338078890303
2665387,618468,5425673,6044141,8.772762697504156
2665416,618468,5425708,6044176,8.772819288952702
2665437,618477,5425722,6044199,8.772714264232947
2665453,618479,5425746,6044225,8.772724700434454
2667294,619210,5429451,6048661,8.768351609308635
2667295,619210,5429453,6048663,8.768354839230632
2667360,619230,5429546,6048776,8.768221823878042
2667466,619235,5430554,6049789,8.769778840020347
2667528,619286,5430668,6049954,8.769240706232662
2667920,619286,5431774,6051060,8.771026633897748
2667936,619286,5431800,6051086,8.77106861773074
2668029,619293,5431850,6051143,8.771050213711442
2668042,619297,5431858,6051155,8.771006479928047
2668114,619297,5432061,6051358,8.771334270955617
2668162,619305,5432118,6051423,8.771313004093297
2668217,619308,5432157,6051465,8.771333488345055
2668229,619308,5432166,6051474,8.771348020694065
2668253,619313,5432218,6051531,8.771361169554005
2668447,619322,5433336,6052658,8.773038903833546
2668497,619332,5433420,6052752,8.773032880587472
2668498,619333,5433423,6052756,8.773023559216124
2668529,619333,5433443,6052776,8.773055852021448
2668572,619333,5433485,6052818,8.77312366691263
2668655,619362,5433764,6053126,8.77316335196541
2668699,619399,5433868,6053267,8.772807188904082
2669886,619414,5436587,6056001,8.77698437555496
2669899,619417,5436627,6056044,8.777006443155418
2669923,619417,5436629,6056046,8.777009671998023
2669948,619425,5436645,6056070,8.776922145538201
2669994,619469,5436766,6056235,8.776494061849746
2670008,619469,5436792,6056261,8.776536033280117
2670055,619471,5436888,6056359,8.776662668631785
2670057,619471,5436893,6056364,8.776670740034643
2670074,619478,5436916,6056394,8.776608693125503
2670101,619487,5436962,6056449,8.776555440227156
2670116,619487,5436993,6056480,8.776605481632384
2670137,619487,5437030,6056517,8.77666520847088
2670148,619487,5437040,6056527,8.776681350859663
2670317,619562,5437199,6056761,8.775875537879987
2670704,619833,5437861,6057694,8.773106627107625
2670724,619844,5437887,6057731,8.772992882080008
2670815,619849,5438026,6057875,8.773146363065843
2672279,619861,5440109,6059970,8.776336952962035
2672303,619872,5440144,6060016,8.776237674874812
2672340,619888,5440186,6060074,8.77607890457631
2672369,619895,5440219,6060114,8.776033037853185
2672461,619895,5440274,6060169,8.776121762556562
2672466,619895,5440285,6060180,8.776139507497238
2672550,619895,5440471,6060366,8.776439558312294
2672617,619933,5440634,6060567,8.77616452100469
2672737,619967,5440789,6060756,8.775933235156065
2672777,619979,5440829,6060808,8.775827890944694
2673104,620027,5441690,6061717,8.776537150801497
2673188,620061,5441882,6061943,8.77636555113126
2675131,620061,5445979,6066040,8.782972965563065
2675134,620062,5445983,6066045,8.78296525186191
2675219,620080,5446219,6066299,8.78309089149787
2675272,620113,5446377,6066490,8.782878281861532
2675307,620132,5446433,6066565,8.782699489786046
2675319,620135,5446449,6066584,8.78268280293807
2675383,620167,5446569,6066736,8.782423121514043
2675435,620183,5446666,6066849,8.782352950661338
2675487,620191,5446733,6066924,8.782347696112971
2675520,620204,5446770,6066974,8.782223268472954
2675542,620219,5446803,6067022,8.78206407736622
2675558,620219,5446829,6067048,8.782105998042628
2675680,620219,5447105,6067324,8.782551002146016
2675767,620219,5447305,6067524,8.782873468887603
2675855,620219,5447425,6067644,8.783066948932554
2675874,620228,5447475,6067703,8.783020115183449
2675890,620228,5447501,6067729,8.783062035251552
2675976,620270,5447667,6067937,8.782734938010867
2676025,620281,5447702,6067983,8.782635611924274
2676096,620316,5447802,6068118,8.782301278703113
2676124,620330,5447830,6068160,8.782148211435848
2676142,620334,5447938,6068272,8.78226568268062
2676841,620544,5448939,6069483,8.780906752784654
2676872,620560,5448999,6069559,8.78077704009282
2676926,620572,5449110,6069682,8.780786113456617
2677788,620572,5450843,6071415,8.783578698362156
2677830,620572,5450944,6071516,8.783741451435128
2677851,620579,5450978,6071557,8.783697160232622
2678614,620591,5452550,6073141,8.786060384375538
2679965,620591,5455649,6076240,8.791054011418149
2680015,620639,5455749,6076388,8.790535238681423
2680046,620647,5455796,6076443,8.790497658089059
2680081,620647,5455830,6076477,8.790552439631545
2680089,620652,5455837,6076489,8.790492901013772
2680106,620652,5455875,6076527,8.790554126950369
2680138,620664,5455919,6076583,8.79045506103141
2680141,620666,5455943,6076609,8.790465403292592
2680366,620762,5456228,6076990,8.789565082914224
2680538,620821,5456607,6077428,8.789340244611571
2680562,620827,5456630,6077457,8.789292347143407
2680565,620827,5456635,6077462,8.789300400916842
2680760,620828,5457105,6077933,8.790043297016243
2680781,620834,5457137,6077971,8.790009889922265
2680867,620856,5457230,6078086,8.789848209568724
2680887,620866,5457265,6078131,8.789763008443046
2681047,620866,5457631,6078497,8.790352507626444
2681413,621049,5458550,6079599,8.789242072686696
2681439,621060,5458623,6079683,8.78920394164815
2681448,621072,5458661,6079733,8.789095306180283
2681495,621108,5458700,6079808,8.78864867301661
2681585,621135,5458750,6079885,8.788347138705756
2681662,621135,5458895,6080030,8.788580582321073
2681951,621176,5459279,6080455,8.78861868455961
2681972,621178,5459300,6080478,8.788624194675279
2681985,621194,5459382,6080576,8.788529831260444
2682235,621390,5459933,6081323,8.78664445839167
2682244,621390,5459944,6081334,8.786662160639855
2682268,621390,5459992,6081382,8.786739406813757
2682444,621432,5460553,6081985,8.787048301342706
2682491,621433,5460733,6082166,8.787323814473966
2682584,621452,5460787,6082239,8.78714204797796
2683032,621830,5461474,6083304,8.782905295659585
2683093,621830,5461567,6083397,8.783054854220607
2683324,621830,5461858,6083688,8.783522827782512
2683386,621830,5461972,6083802,8.783706157631507
2683402,621830,5461998,6083828,8.78374796970233
2683512,621864,5462185,6084049,8.783568432969266
2683519,621866,5462194,6084060,8.7835546564694
2683538,621874,5462201,6084075,8.783452918115245
2683551,621879,5462219,6084098,8.783411242379948
2683558,621880,5462223,6084103,8.783403550524216
2683587,621880,5462254,6084134,8.783453399369654
2683618,621892,5462272,6084164,8.783312858181164
2683639,621912,5462303,6084215,8.783080242863942
2683641,621912,5462305,6084217,8.783083458753007
2683910,622000,5462693,6084693,8.78246463022508
2683942,622008,5462746,6084754,8.782436881840749
2684041,622008,5463002,6085010,8.78284845210994
2684061,622008,5463045,6085053,8.782917583053594
2684073,622010,5463087,6085097,8.782956865645247
2684106,622020,5463136,6085156,8.782894440693225
2684187,622020,5463193,6085213,8.782986077618084
2684288,622073,5463363,6085436,8.782511055776412
2684293,622075,5463370,6085445,8.782494072258169
2684504,622216,5463770,6085986,8.781146740038828
2684634,622236,5463947,6086183,8.781148953130323
2684652,622236,5463957,6086193,8.781165024203036
2684727,622236,5464054,6086290,8.781320913608342
2684867,622294,5464316,6086610,8.7809234863264
2685340,622432,5464643,6087075,8.779502017891112
2685497,622433,5464961,6087394,8.77999881111702
2685525,622441,5465000,6087441,8.779948621636429
2685552,622444,5465056,6087500,8.779996272757067
2685713,622502,5465367,6087869,8.779677816296173
2685761,622502,5465479,6087981,8.779857735396835
2685785,622520,5465518,6088038,8.779666516738418
2685841,622520,5465710,6088230,8.77997494056416
2685880,622520,5465826,6088346,8.780161279958877
2686782,622523,5467051,6089574,8.782086766272089
2686821,622538,5467161,6089699,8.782051858681719
2686848,622538,5467199,6089737,8.782112899132262
2687383,622570,5468004,6090574,8.78295452720176
2687494,622570,5468261,6090831,8.783367332187545
2687514,622570,5468291,6090861,8.783415519539972
2687564,622573,5468409,6090982,8.783562730796229
2687567,622573,5468418,6090991,8.783577186932295
2687582,622573,5468437,6091010,8.78360770544177
2687646,622573,5468656,6091229,8.783959471419417
2687714,622614,5468774,6091388,8.783570558965907
2688462,622614,5470621,6093235,8.786537083971771
2688473,622619,5470649,6093268,8.78651149418826
2688513,622630,5470710,6093340,8.78645423445706
2689013,622630,5471299,6093929,8.78740022164046
2689266,622726,5471622,6094348,8.786564235313765
2689352,622760,5471833,6094593,8.786423341255059
2689378,622767,5471882,6094649,8.786403261572948
2689491,622804,5472001,6094805,8.786072343787131
2689581,622811,5472260,6095071,8.78638945041112
2689588,622814,5472268,6095082,8.786359972640307
2689622,622840,5472327,6095167,8.786087919851004
2689640,622840,5472391,6095231,8.786190674972705
2689655,622840,5472398,6095238,8.786201913814141
2689719,622848,5472547,6095395,8.786328285552816
2689791,622877,5472762,6095639,8.786264382855684
2689954,622883,5473692,6096575,8.787672805326201
2690294,622889,5474069,6096958,8.788193402034713
2690315,622904,5474101,6097005,8.788033147965015
2690370,622904,5474208,6097112,8.788204924033238
2690431,622934,5474330,6097264,8.787977538551436
2690453,622937,5474364,6097301,8.787989796721016
2690470,622945,5474384,6097329,8.787909044939761
2690496,622956,5474414,6097370,8.787802027751558
2690643,623008,5474528,6097536,8.787251528070266
2690719,623046,5474641,6097687,8.786896954638983
2690753,623073,5474722,6097795,8.786646187525378
2691174,623238,5475586,6098824,8.785706263096923
2691236,623261,5475677,6098938,8.785528053255378
2691392,623278,5475814,6099092,8.785508232281583
2691423,623295,5475855,6099150,8.785334392221982
2691449,623295,5475881,6099176,8.785376106017216
2691481,623301,5475917,6099218,8.785349293519504
2691508,623315,5475953,6099268,8.785209725419731
2691522,623326,5475970,6099296,8.785081963531121
2691544,623340,5476006,6099346,8.78494240703308
2691575,623350,5476091,6099441,8.78493783588674
2691578,623350,5476098,6099448,8.784949065533008
2691612,623359,5476147,6099506,8.78490083563404
2691782,623359,5476368,6099727,8.785255366490256
2691887,623359,5476624,6099983,8.78566604476714
2691900,623365,5476635,6100000,8.785599127317061
2691916,623365,5476661,6100026,8.785640836428096
2692318,623389,5477403,6100792,8.786492864006263
2692644,623398,5477725,6101123,8.786882537319658
2692700,623405,5477795,6101200,8.786896158997763
2692746,623419,5477817,6101236,8.786734122636622
2692772,623419,5477874,6101293,8.786825553921199
2692787,623425,5477898,6101323,8.786779484300437
2692857,623437,5478018,6101455,8.786802836533603
2692858,623437,5478018,6101455,8.786802836533603
2692868,623437,5478022,6101459,8.786809252578848
2693921,623437,5479727,6103164,8.789544091864936
2693999,623437,5479884,6103321,8.78979592164084
2694110,623437,5480141,6103578,8.790208152547892
2694152,623456,5480179,6103635,8.790001219011446
2694179,623474,5480217,6103691,8.789808396180113
2694187,623479,5480228,6103707,8.7897555491043
2694218,623491,5480265,6103756,8.789645720627885
2694244,623512,5480310,6103822,8.789421855553702
2694421,623558,5480530,6104088,8.78912627213507
2694452,623566,5480586,6104152,8.78910331865432
2694502,623566,5480698,6104264,8.789282930756327
2694518,623566,5480713,6104279,8.78930698594856
2694564,623569,5480783,6104352,8.789376957481851
2694824,623630,5481026,6104656,8.788906883889485
2694935,623630,5481283,6104913,8.789318987219986
2695038,623740,5481528,6105268,8.788161734055857
2695063,623740,5481553,6105293,8.788201814858756
2695101,623740,5481644,6105384,8.788347708981306
2695159,623773,5481747,6105520,8.788047895628699
2695179,623773,5481771,6105544,8.78808637116387
2695266,623773,5481908,6105681,8.788306002343802
2695282,623773,5481974,6105747,8.78841181006552
2695421,623786,5482101,6105887,8.788432250803961
2695437,623786,5482111,6105897,8.788448281942847
2695560,623830,5482261,6106091,8.788068864915122
2695699,623830,5482584,6106414,8.788586634179184
2695701,623832,5482589,6106421,8.788566473024789
2695758,623832,5482589,6106421,8.788566473024789
2695800,623841,5482660,6106501,8.78855349359853
2695863,623872,5482743,6106615,8.788249833299139
2695896,623872,5482775,6106647,8.788301125871973
2695949,623892,5482894,6106786,8.788210138934303
2696056,623952,5483160,6107112,8.787791368566813
2698371,623952,5486190,6110142,8.792647511347027
2698391,623962,5486217,6110179,8.792549866818813
2698461,623962,5486487,6110449,8.792982585477962
2698536,623992,5486562,6110554,8.792680034359416
2698585,624014,5486635,6110649,8.792487027534639
2698678,624044,5486828,6110872,8.792373614681017
2698841,624044,5487249,6111293,8.793048246597996
2698966,624098,5487497,6111595,8.792684802707267
2699112,624136,5487685,6111821,8.79245068382532
2699133,624142,5487720,6111862,8.792422237247292
2699151,624142,5487753,6111895,8.792475109830775
2699172,624154,5487798,6111952,8.792378163081548
2699188,624154,5487824,6111978,8.792419819467632
2699586,624302,5488458,6112760,8.79135098077533
2699642,624314,5488592,6112906,8.791396636948715
2699653,624322,5488619,6112941,8.791327231781036
2699756,624322,5488788,6113110,8.791597925429507
2699811,624353,5488874,6113227,8.791299152883065
2699961,624367,5489119,6113486,8.791494425554202
2699990,624384,5489177,6113561,8.791347952542026
2700021,624384,5489237,6113621,8.791444047252973
2700163,624531,5489534,6114065,8.789850303667873
2700168,624531,5489543,6114074,8.789864714481746
2700190,624535,5489574,6114109,8.789858054392468
2700290,624535,5489693,6114228,8.79004859615554
2700317,624555,5489743,6114298,8.789847171185885
2700382,624564,5489839,6114403,8.789874216253258
2700467,624611,5490002,6114613,8.789473768473497
2700819,624624,5490535,6115159,8.790144150721074
2700867,624624,5490606,6115230,8.790257819103973
2700980,624674,5490728,6115402,8.789749533356598
2700987,624674,5490728,6115402,8.789749533356598
2701129,624674,5490915,6115589,8.790048889500763
2701271,624674,5491167,6115841,8.790452299919638
2701299,624689,5491190,6115879,8.790278042353876
2701310,624692,5491214,6115906,8.790274247148995
2701486,624692,5491717,6116409,8.791079443949979
2701504,624699,5491730,6116429,8.791001746441086
2701599,624699,5491833,6116532,8.791166625847008
2701608,624701,5491847,6116548,8.791160891370431
2701629,624710,5491868,6116578,8.791067855484945
2701655,624710,5491923,6116633,8.7911558963359
2701671,624710,5491950,6116660,8.791199116390006
2701697,624717,5492003,6116720,8.791185448771204
2701725,624717,5492067,6116784,8.791287895158929
2701728,624717,5492076,6116793,8.791302301682201
2701773,624735,5492143,6116878,8.791156250250106
2702717,624735,5494226,6118961,8.794490463956718
2702749,624735,5494305,6119040,8.794616917573052
2702828,624735,5494422,6119157,8.79480419697952
2702844,624752,5494455,6119207,8.794617704305068
2703158,624752,5495283,6120035,8.795943030194382
2703175,624764,5495314,6120078,8.795823703030264
2703180,624766,5495326,6120092,8.795814753043539
2703302,624799,5495644,6120443,8.795859148302094
2703325,624824,5495679,6120503,8.795563230605739
2703330,624825,5495684,6120509,8.795557156003682
2703331,624827,5495692,6120519,8.795541805971894
2703374,624830,5495796,6120626,8.795666021157755
2703778,624830,5496413,6121243,8.796653489749211
2703801,624842,5496435,6121277,8.796519760195377
2704083,624944,5496836,6121780,8.795725697022453
2704088,624944,5496847,6121791,8.795743298599554
2704136,624944,5496955,6121899,8.795916114083822
2704195,624990,5497032,6122022,8.79539192627082
2704256,624990,5497175,6122165,8.795620729931679
2704292,624990,5497204,6122194,8.79566713067409
2704353,625002,5497310,6122312,8.795667853862868
2704458,625030,5497522,6122552,8.795613010575492
2704460,625030,5497522,6122552,8.795613010575492
2704838,625184,5498115,6123299,8.794394930132569
2704861,625194,5498171,6123365,8.794343835673407
2704879,625201,5498210,6123411,8.794307750627398
2704970,625201,5498430,6123631,8.794659637460592
2705011,625233,5498523,6123756,8.794358263239465
2705040,625236,5498603,6123839,8.794444017938826
2705066,625242,5498646,6123888,8.794428397324555
2705089,625253,5498702,6123955,8.794363241759736
2705247,625296,5498882,6124178,8.79404633965354
2705398,625296,5499122,6124418,8.79443015787723
2705401,625297,5499125,6124422,8.794420891192505
2705422,625306,5499149,6124455,8.794332694712669
2705437,625306,5499175,6124481,8.794374274355276
2705444,625307,5499186,6124493,8.794377801623842
2705481,625332,5499261,6124593,8.794146149565352
2705546,625350,5499361,6124711,8.794052930359
2705577,625366,5499388,6124754,8.793871109078523
2705590,625374,5499412,6124786,8.79379699188006
2705638,625393,5499503,6124896,8.793675336948127
2706750,625419,5501869,6127288,8.797092828967461
2706906,625526,5502186,6127712,8.796094806610757
2706973,625526,5502338,6127864,8.796337802105748
2706985,625526,5502359,6127885,8.796371373851766
2707250,625612,5502859,6128471,8.795961394602406
2707272,625617,5502894,6128511,8.795947041081044
2707282,625617,5502910,6128527,8.79597261583365
2707327,625651,5503062,6128713,8.795737559757756
2707355,625659,5503091,6128750,8.795671444029415
2707448,625680,5503309,6128989,8.795724651579082
2707684,625772,5503596,6129368,8.794890151684639
2707698,625777,5503621,6129398,8.794859830259021
2707707,625782,5503635,6129417,8.794811931311543
2707717,625782,5503651,6129433,8.794837499320849
2707824,625782,5503867,6129649,8.795182667446491
2707895,625801,5503907,6129708,8.794979554203334
2708025,625801,5504293,6130094,8.795596363700282
2708032,625813,5504299,6130112,8.795437295166447
2708067,625829,5504385,6130214,8.795349847961663
2708114,625851,5504498,6130349,8.79522122677762
2708291,625851,5504812,6130663,8.79572294363994
2708309,625851,5504822,6130673,8.795738921883963
2708350,625858,5504887,6130745,8.795744402084818
2708378,625861,5504922,6130783,8.795758163553888
2708385,625861,5504934,6130795,8.795777337140356
2708407,625870,5504979,6130849,8.795722753926535
2708464,625870,5505099,6130969,8.795914487034048
2708764,625870,5505642,6131512,8.796782079345551
2708793,625882,5505661,6131543,8.796643776302881
2708978,625886,5506096,6131982,8.797282572225614
2708980,625886,5506098,6131984,8.797285767695714
2709054,625889,5506119,6132008,8.797277152977605
2709068,625889,5506133,6132022,8.7972995211611
2709094,625899,5506188,6132087,8.797246840145135
2709105,625899,5506198,6132097,8.79726281716379
2709123,625905,5506251,6132156,8.797263162940062
2709321,625905,5506548,6132453,8.797737675845376
2709358,625913,5506627,6132540,8.797751444689597
2709663,625989,5506898,6132887,8.79711624325667
2709747,626016,5507010,6133026,8.796915733783162
2709890,626076,5507267,6133343,8.796483174566665
2709956,626095,5507315,6133410,8.796292894848225
2710125,626117,5507464,6133581,8.7962217924126
2710146,626117,5507512,6133629,8.796298455400509
2710170,626120,5507583,6133703,8.796369705487766
2710210,626128,5507656,6133784,8.79637390437738
2710226,626133,5507671,6133804,8.796327617295367
2710242,626147,5507706,6133853,8.796186837915059
2710346,626147,5508079,6134226,8.796782544674015
2710376,626154,5508135,6134289,8.796773637156354
2710841,626349,5509117,6135466,8.79560277097912
2710859,626349,5509167,6135516,8.795682598679011
2710914,626367,5509228,6135595,8.795527222858164
2710957,626371,5509276,6135647,8.795547686594686
2711046,626418,5509442,6135860,8.795152757423956
2711507,626418,5510646,6137064,8.797074796701244
2711649,626418,5510862,6137280,8.797419614378898
2711678,626429,5510911,6137340,8.79734335415506
2711734,626429,5510955,6137384,8.797413593559686
2711764,626434,5510976,6137410,8.79737689844421
2711840,626434,5511128,6137562,8.797619541723469
2711865,626439,5511141,6137580,8.797570074660102
2711917,626445,5511169,6137614,8.797530509462124
2711972,626448,5511208,6137656,8.797550634689552
2711989,626457,5511235,6137692,8.79746734412737
2712045,626457,5511361,6137818,8.797668475250497
2712240,626477,5511813,6138290,8.798109108554664
2712245,626477,5511823,6138300,8.798125070832608
2713266,626477,5513032,6139509,8.80005491023613
2713288,626482,5513042,6139524,8.800000638486022
2713310,626497,5513068,6139565,8.799831443725987
2713313,626498,5513073,6139571,8.799825378532733
2713403,626515,5513256,6139771,8.799878694045633
2713453,626524,5513334,6139858,8.79987678045853
2713776,626579,5515611,6142190,8.802738361802742
2713808,626597,5515681,6142278,8.802597203625297
2713817,626597,5515700,6142297,8.802627526145194
2713897,626597,5515833,6142430,8.802839783784474
2713908,626597,5515845,6142442,8.802858934849672
2714055,626597,5516101,6142698,8.803267490907233
2714103,626612,5516217,6142829,8.803241878546851
2714152,626621,5516267,6142888,8.803195232844095
2714315,626621,5516537,6143158,8.803626115307338
2714341,626630,5516567,6143197,8.80354754799483
2714342,626630,5516569,6143199,8.803550739670937
2715647,627305,5520316,6147621,8.80005101186823
2715668,627307,5520339,6147646,8.800059619930911
2715760,627346,5520546,6147892,8.799842511150146
2716049,627486,5521124,6148610,8.798800291958704
2716131,627489,5521616,6149105,8.799542302733594
2716836,627624,5522697,6150321,8.799371916943903
2716854,627624,5522724,6150348,8.799414936331306
2716880,627624,5522747,6150371,8.799451582476133
2717036,627692,5522896,6150588,8.798735685654748
2717072,627699,5522940,6150639,8.79870766083744
2717129,627699,5523013,6150712,8.798823958617108
2717132,627699,5523022,6150721,8.798838296699532
2717184,627713,5523109,6150822,8.79878065294171
2717205,627715,5523109,6150824,8.798752618624695
2717455,627894,5523603,6151497,8.797031027530124
2717477,627894,5523627,6151521,8.79706925054229
2717533,627904,5523792,6151696,8.797191927428397
2717631,627945,5524032,6151977,8.796999737238133
2717650,627961,5524061,6152022,8.796821777148581
2717777,627966,5524447,6152413,8.797366417927085
2717780,627966,5524456,6152422,8.797380749913211
2717801,627970,5524473,6152443,8.797351784320908
2717823,627970,5524533,6152503,8.797447330286479
2717881,627991,5524664,6152655,8.797361745630113
2717905,627996,5524707,6152703,8.797360174268626
2718119,628126,5525025,6153151,8.796045697837695
2718155,628136,5525048,6153184,8.795942280015792
2718226,628171,5525142,6153313,8.795601834532317
2718242,628171,5525168,6153339,8.795643224535993
2718337,628176,5525308,6153484,8.795796082626525
2718497,628192,5525648,6153840,8.79611329020427
2718786,628192,5526005,6154197,8.796681587794815
2718794,628192,5526027,6154219,8.796716608934847
2718864,628192,5526122,6154314,8.796867836584994
2718889,628200,5526182,6154382,8.796851321235275
2718903,628202,5526255,6154457,8.796939519453934
2719474,628202,5527153,6155355,8.798368995959898
2719526,628216,5527224,6155440,8.798285939867815
2719897,628392,5527889,6156281,8.796879973010478
2719930,628398,5528012,6156410,8.796991715441488
2720167,628553,5528384,6156937,8.795414229189902
2720230,628553,5528432,6156985,8.795490595065173
2720342,628617,5528591,6157208,8.79484805533417
2720350,628620,5528605,6157225,8.794828354172632
2720420,628654,5528822,6157476,8.794697878324165
2720515,628654,5528925,6157579,8.794861720437634
2720572,628674,5528990,6157664,8.794685321804305
2720622,628674,5529102,6157776,8.794863474551198
2720699,628694,5529293,6157987,8.794887496938097
2720723,628708,5529326,6158034,8.794744141954611
2720748,628708,5529347,6158055,8.794777543788213
2720754,628712,5529349,6158061,8.794724770642201
2720853,628712,5529518,6158230,8.794993574164323
2720882,628721,5529607,6158328,8.795009233030232
2720883,628721,5529611,6158332,8.795015595152698
2721004,628776,5529792,6158568,8.794534142524524
2721099,628776,5530037,6158813,8.794923788439762
2721107,628779,5530051,6158830,8.794904091898744
2721189,628814,5530178,6158992,8.794616532074668
2721328,628828,5530338,6159166,8.794675173497364
2721357,628845,5530413,6159258,8.794556687259977
2721476,628845,5530670,6159515,8.79496537302515
2721504,628845,5530735,6159580,8.795068737129181
2721825,628845,5531352,6160197,8.796049901008992
2721902,628845,5531508,6160353,8.79629797485867
2721933,628845,5531557,6160402,8.79637589549094
2721953,628863,5531595,6160458,8.796184542579226
2721999,628896,5531694,6160590,8.795880399938941
2722034,628907,5531755,6160662,8.795823547837756
2722160,628986,5531918,6160904,8.794977948634786
2722169,628988,5531932,6160920,8.794972241123837
2722249,628994,5531993,6160987,8.794985325774173
2722286,629001,5532038,6161039,8.794958990526247
2722315,629001,5532073,6161074,8.795014634316956
2722405,629033,5532167,6161200,8.794716652385487
2722425,629042,5532201,6161243,8.794644872679408
2722444,629049,5532257,6161306,8.794636029943613
2722512,629074,5532355,6161429,8.794442307264328
2722829,629187,5532818,6162005,8.793598723431984
2722888,629189,5532888,6162077,8.793682025591675
2723048,629278,5533184,6162462,8.792908698540232
2723051,629278,5533193,6162471,8.792923000645184
2723249,629384,5533621,6163005,8.792122138471903
2723445,629384,5533949,6163333,8.792643282956034
2723491,629389,5533957,6163346,8.792586143068913
2723548,629407,5534089,6163496,8.792544410850214
2723581,629428,5534149,6163577,8.792346384336254
2723890,629459,5534958,6164417,8.793198603880475
2723925,629462,5535042,6164504,8.793290143011015
2723938,629462,5535046,6164508,8.79329649764402
2724185,629469,5535861,6165330,8.794493454006473
2724234,629469,5535944,6165413,8.794625311174974
2724524,629519,5536199,6165718,8.794331862898499
2724596,629575,5536396,6165971,8.79386252630743
2724612,629575,5536422,6165997,8.79390382400826
2724691,629575,5536526,6166101,8.79406901481158
2724800,629627,5536768,6166395,8.793727079683686
2724826,629646,5536830,6166476,8.793560190964447
2724907,629663,5537002,6166665,8.79359593941521
2724960,629682,5537065,6166747,8.79343065229751
2724980,629690,5537074,6166764,8.793333227461131
2726444,629690,5539160,6168850,8.79664596865124
2726451,629690,5539160,6168850,8.79664596865124
2726504,629736,5539246,6168982,8.796139969765107
2726680,629904,5539799,6169703,8.79467188650969
2726761,629926,5539869,6169795,8.794475859069161
2726774,629926,5539883,6169809,8.79449808390192
2726855,629932,5539924,6169856,8.79447940412616
2727033,630042,5540286,6170328,8.793518527336273
2727040,630042,5540301,6170343,8.793542335272887
2727060,630055,5540338,6170393,8.793419622096483
2727092,630061,5540400,6170461,8.793434286521464
2727136,630073,5540453,6170526,8.793350929178049
2727192,630073,5540645,6170718,8.79365565577322
2727245,630073,5540721,6170794,8.793776276717143
2727287,630079,5540835,6170914,8.79387346666053
2727343,630107,5540877,6170984,8.793549349554917
2727367,630116,5540918,6171034,8.793488817931935
2727387,630116,5540939,6171055,8.793522145128833
2727425,630141,5540997,6171138,8.793265316810047
2727426,630141,5541003,6171144,8.793274838488529
2727499,630167,5541130,6171297,8.793113571481845
2727555,630167,5541174,6171341,8.793183394243114
2728059,630320,5542253,6172573,8.792760819901003
2728118,630356,5542380,6172736,8.79246013363877
2728155,630356,5542448,6172804,8.792568009188459
2728294,630356,5542448,6172804,8.792568009188459
2728316,630356,5542502,6172858,8.792653675066154
2728325,630358,5542518,6172876,8.7926511601344
2728341,630368,5542538,6172906,8.792543403218437
2728638,630503,5543019,6173522,8.791423672845331
2728647,630505,5543036,6173541,8.791422748431813
2729239,630511,5543099,6173610,8.791439007408277
2729287,630511,5543136,6173647,8.79149768996893
2729838,630538,5543578,6174116,8.79182222165833
2730235,630538,5544196,6174734,8.792802337051851
2730271,630548,5544223,6174771,8.792705709953882
2730280,630553,5544233,6174786,8.792651846870921
2730326,630574,5544275,6174849,8.792425631250257
2730380,630583,5544359,6174942,8.79243335135898
2730408,630586,5544370,6174956,8.792408965628796
2730466,630610,5544456,6175066,8.792210716607729
2730497,630619,5544482,6175101,8.792126466218113
2730772,630641,5545372,6176013,8.79323101415861
2730828,630652,5545459,6176111,8.79321559275163
2730959,630725,5545644,6176369,8.792491180784019
2731135,630824,5546068,6176892,8.791783445144763
2731481,631019,5546819,6177838,8.790256711763037
2731503,631019,5546842,6177861,8.790293160744763
2731665,631019,5547109,6178128,8.790716285880457
2731673,631029,5547135,6178164,8.790618180780916
2731713,631034,5547152,6178186,8.790575468199812
2731729,631039,5547182,6178221,8.790553357240995
2731756,631039,5547232,6178271,8.790632591646474
2731766,631039,5547258,6178297,8.790673793537325
2731836,631039,5547409,6178448,8.790913081441875
2731866,631063,5547492,6178555,8.790710277737722
2731964,631075,5547732,6178807,8.790923424315652
2731973,631077,5547755,6178832,8.79093200988152
2732033,631096,5547866,6178962,8.790843231457655
2732104,631096,5548068,6179164,8.79116330954403
2732172,631096,5548068,6179164,8.79116330954403
2732244,631127,5548239,6179366,8.791002444832815
2732258,631135,5548268,6179403,8.790936962773417
2732278,631139,5548288,6179427,8.790912936769871
2732281,631139,5548301,6179440,8.790933534451206
2732298,631143,5548321,6179464,8.79090950862166
2732636,631143,5549096,6180239,8.792137439534304
2732848,631161,5549623,6180784,8.792721666896401
2732928,631191,5549715,6180906,8.792449512112816
2732951,631197,5549739,6180936,8.792403956292567
2733007,631205,5549820,6181025,8.792420845842475
2733025,631214,5549849,6181063,8.79234142461986
2733050,631232,5549898,6181130,8.79216833113657
2733113,631258,5549963,6181221,8.791909171844159
2733126,631258,5549970,6181228,8.791920260812537
2733147,631258,5550000,6181258,8.791967784962726
2733189,631258,5550062,6181320,8.792066001539782
2733219,631269,5550114,6181383,8.791995171630477
2733727,631552,5551749,6183301,8.79064431749088
2733738,631555,5551768,6183323,8.790632644821116
2733842,631580,5552002,6183582,8.790655182241363
2733883,631603,5552070,6183673,8.790442730639342
2733886,631603,5552079,6183682,8.790456980096675
2734068,631721,5552551,6184272,8.789562164309878
2734135,631721,5552663,6184384,8.789739457766958
2734146,631728,5552670,6184398,8.78965314185852
2734150,631728,5552680,6184408,8.78966897145607
2734163,631735,5552691,6184426,8.789588989053955
2734260,631737,5553100,6184837,8.790208583635279
2734271,631737,5553110,6184847,8.790224413007312
2734300,631755,5553141,6184896,8.790023031080086
2734304,631755,5553151,6184906,8.790038860001108
2734421,631759,5553220,6184979,8.790092424484653
2734444,631759,5553294,6185053,8.790209557758576
2734485,631759,5553371,6185130,8.790331439678738
2734682,631835,5553819,6185654,8.789983144333569
2734706,631841,5553877,6185718,8.789991469372833
2734980,631859,5554461,6186320,8.790665322484921
2735040,631875,5554538,6186413,8.79056458951533
2735066,631894,5554585,6186479,8.790374651444704
2735156,631958,5554766,6186724,8.789770839201339
2735188,631965,5554834,6186799,8.789781079648398
2735348,631991,5554920,6186911,8.78955554746824
2735398,631991,5555024,6187015,8.789720106773672
2735418,631991,5555065,6187056,8.789784981115238
2735516,632038,5555198,6187236,8.789341780082843
2735568,632062,5555268,6187330,8.789118788979563
2735664,632121,5555366,6187487,8.788453476470487
2735681,632125,5555400,6187525,8.788451651176587
2735841,632125,5555400,6187525,8.788451651176587
2735871,632139,5555452,6187591,8.788339273482572
2736437,632144,5556122,6188266,8.789329646409678
2736461,632165,5556150,6188315,8.78908196436057
2736472,632165,5556173,6188338,8.789118347266932
2736577,632171,5556227,6188398,8.789120348766394
2736719,632240,5556533,6188773,8.788645134758953
2736735,632251,5556571,6188822,8.788552331273497
2736752,632261,5556589,6188850,8.788441798561037
2736825,632275,5556844,6189119,8.78865050808588
2736867,632283,5556890,6189173,8.788612061371254
2736906,632299,5556946,6189245,8.788478235771368
2736928,632299,5556970,6189269,8.788516192497537
2736963,632311,5557012,6189323,8.78841582702183
2737002,632322,5557081,6189403,8.788372063600507
2737140,632327,5557440,6189767,8.78887031551713
2737228,632359,5557576,6189935,8.78864062976885
2737246,632373,5557620,6189993,8.788515638713228
2737609,632531,5558513,6191044,8.78773214277245
2737665,632538,5558673,6191211,8.78788784231145
2737718,632538,5558866,6191404,8.78819296232005
2737763,632538,5558961,6191499,8.78834315092532
2737786,632551,5559017,6191568,8.788251065921957
2737815,632562,5559053,6191615,8.788155153170756
2737846,632581,5559104,6191685,8.787971817047936
2737898,632582,5559188,6191770,8.788090713931158
2738165,632582,5559845,6192427,8.789129314460418
2738176,632592,5559853,6192445,8.789003022485266
2738204,632595,5559882,6192477,8.789007184691627
2738766,632602,5560767,6193369,8.790308914609819
2738779,632608,5560778,6193386,8.790242930851333
2738823,632626,5560863,6193489,8.790127184149878
2738868,632626,5560863,6193489,8.790127184149878
2738891,632630,5560908,6193538,8.790142737461075
2738918,632634,5560925,6193559,8.790114031177584
2738951,632650,5560994,6193644,8.790000790326404
2739013,632654,5561137,6193791,8.790171246842666
2739060,632666,5561196,6193862,8.790097776709986
2739139,632666,5561416,6194082,8.790445511533731
2739170,632682,5561494,6194176,8.790346493182989
2739603,632699,5561932,6194631,8.790802577528968
2739902,632777,5562353,6195130,8.790384290200182
2739923,632792,5562381,6195173,8.790220167132327
2739973,632809,5562475,6195284,8.790132567646793
2740033,632837,5562663,6195500,8.790040721386392
2740103,632876,5562809,6195685,8.789729741687156
2740267,632918,5563086,6196004,8.789584116741821
2740315,632928,5563126,6196054,8.789508443298448
2740341,632940,5563165,6196105,8.789403418965463
2740376,632962,5563220,6196182,8.78918481678205
2740400,632963,5563272,6196235,8.789253084303505
2740463,632984,5563382,6196366,8.789135270401779
2740472,632984,5563402,6196386,8.789166866777043
2740714,632984,5563575,6196559,8.789440175423076
2740752,632996,5563605,6196601,8.789320943576262
2740771,632996,5563620,6196616,8.789344640408471
2740781,632996,5563636,6196632,8.789369917029491
2740872,633019,5563830,6196849,8.789357033517161
2741433,633022,5564707,6197729,8.790700797128693
2741651,633022,5565311,6198333,8.791654950380872
2741662,633022,5565321,6198343,8.791670747620145
2741761,633057,5565475,6198532,8.791427944087184
2741816,633083,5565553,6198636,8.791190096717177
2741977,633083,5565902,6198985,8.791741367245685
2742039,633090,5566128,6199218,8.79200113727906
2742059,633090,5566152,6199242,8.792039046581055
2742515,633270,5567213,6200483,8.791215437333207
2742633,633270,5567407,6200677,8.791521783757323
2742710,633293,5567497,6200790,8.791344606682847
2742721,633296,5567509,6200805,8.791321909502035
2742738,633304,5567518,6200822,8.791225067266273
2742756,633304,5567534,6200838,8.791250331594306
2743009,633304,5567976,6201280,8.791948258656191
2743108,633334,5568077,6201411,8.791691271903924
2743141,633343,5568118,6201461,8.791631075104643
2743165,633348,5568129,6201477,8.791579037117035
2743533,633417,5568586,6202003,8.79134282786853
2743550,633419,5568614,6202033,8.791359274035038
2743596,633436,5568673,6202109,8.79121647648697
2743645,633436,5568689,6202125,8.791241735550237
2743696,633444,5568716,6202160,8.79117333181781
2743811,633444,5569019,6202463,8.791651669287262
2743929,633485,5569163,6202648,8.79130997576896
2744035,633546,5569477,6203023,8.790959141088413
2744057,633550,5569523,6203073,8.790976244968826
2744091,633555,5569531,6203086,8.790919493966586
2744236,633555,5569847,6203402,8.791418266764527
2744262,633563,5569898,6203461,8.791387754651076
2744643,633563,5571061,6204624,8.793223404775848
2744843,633621,5571245,6204866,8.792708890645985
2744879,633633,5571293,6204926,8.792618124371678
2744915,633650,5571366,6205016,8.79249743549278
2745483,633984,5572133,6206117,8.789075118614981
2745732,634110,5572677,6206787,8.788186592231632
2745832,634201,5572900,6207101,8.78727721968272
2745842,634201,5572916,6207117,8.787302448277439
2746072,634294,5573235,6207529,8.786516977931369
2746093,634299,5573288,6207587,8.786531273106217
2746135,634308,5573342,6207650,8.786491735875947
2746196,634308,5573425,6207733,8.786622587134326
2746240,634324,5573535,6207859,8.786574368934488
2746267,634332,5573561,6207893,8.78650454336215
2746277,634332,5573577,6207909,8.786529766746751
2746605,634332,5574455,6208787,8.787913899976669
2746703,634332,5574745,6209077,8.78837107382254
2746730,634336,5574772,6209108,8.788358220249206
2747757,634754,5576433,6211187,8.785187647498086
2747932,634886,5576804,6211690,8.783945464225074
2747968,634902,5576865,6211767,8.783820180122287
2747977,634902,5576876,6211778,8.78383750563079
2748600,635192,5577895,6213087,8.781431441202031
2748692,635192,5577950,6213142,8.781518029194322
2748784,635243,5578127,6213370,8.781091645244418
2748812,635248,5578162,6213410,8.78107762637584
2748838,635248,5578185,6213433,8.781113832707856
2751137,635277,5583098,6218375,8.788446614626375
2751171,635277,5583146,6218423,8.788522172217789
2751217,635277,5583206,6218483,8.788616619207055
2751238,635277,5583249,6218526,8.788684306216028
2751244,635277,5583251,6218528,8.788687454449004
2751266,635290,5583278,6218568,8.788550110972942
2751282,635296,5583299,6218595,8.788500163703219
2751300,635296,5583319,6218615,8.788531645091423
2751311,635303,5583334,6218637,8.788458420627638
2751355,635321,5583391,6218712,8.788299143267734
2751521,635321,5583707,6219028,8.78879652962833
2751680,635393,5583924,6219317,8.788142141949942
2752058,635397,5584353,6219750,8.788761986600504
2752128,635397,5584433,6219830,8.788887892136728
2752154,635419,5584496,6219915,8.788682743197796
2752164,635419,5584524,6219943,8.788726808609752
2752196,635446,5584593,6220039,8.78846196214942
2752212,635458,5584627,6220085,8.788349505396107
2752280,635463,5584705,6220168,8.78840310136074
2752283,635463,5584714,6220177,8.788417264262435
2753747,635467,5586796,6222263,8.791638275472998
2753855,635516,5586940,6222456,8.7911870039464
2753907,635536,5587080,6222616,8.791130636187408
2754044,635536,5587442,6222978,8.791700234133078
2754218,635606,5587603,6223209,8.790985295922317
2754266,635621,5587684,6223305,8.790905272166905
2754411,635687,5587988,6223675,8.790470782004352
2754416,635689,5587992,6223681,8.790449417875722
2754458,635716,5588075,6223791,8.790206633150651
2754508,635743,5588253,6223996,8.790113300500359
2754509,635743,5588253,6223996,8.790113300500359
2754546,635758,5588294,6224052,8.789970397541202
2754577,635765,5588307,6224072,8.789894064630799
2754602,635774,5588357,6224131,8.789848279420045
2755179,636077,5589396,6225473,8.787294619990975
2755215,636095,5589468,6225563,8.787159150755784
2755457,636095,5589954,6226049,8.787923187574183
2755478,636096,5589955,6226051,8.787910944259986
2755731,636232,5590317,6226549,8.786601428409762
2755887,636232,5590755,6226987,8.787289856530322
2755922,636241,5590787,6227028,8.787215850597494
2755938,636244,5590816,6227060,8.787219997359504
2755963,636248,5590826,6227074,8.787180470508355
2756034,636272,5591006,6227278,8.787131918424825
2756069,636290,5591042,6227332,8.786939917333292
2756107,636290,5591121,6227411,8.787064074557199
2756138,636310,5591165,6227475,8.786857035092957
2756193,636315,5591345,6227660,8.787070868987843
2756250,636346,5591492,6227838,8.786873807645526
2756295,636371,5591586,6227957,8.786676325602517
2756336,636371,5591671,6228042,8.786809895485495
2756345,636373,5591680,6228053,8.786796422852635
2756503,636413,5592092,6228505,8.78689153112837
2756575,636433,5592130,6228563,8.786675109555915
2756588,636438,5592154,6228592,8.786643789340046
2756615,636451,5592184,6228635,8.786511451784977
2756688,636460,5592545,6229005,8.786954404047387
2756741,636460,5592627,6229087,8.787083241680545
2756797,636469,5592736,6229205,8.78713024514941
2756913,636520,5593163,6229683,8.787097027587507
2756924,636520,5593185,6229705,8.78713159052347
2756946,636526,5593221,6229747,8.787105318557293
2757118,636526,5593221,6229747,8.787105318557293
2757165,636533,5593336,6229869,8.787189352319519
2757319,636589,5593639,6230228,8.786892327702803
2757327,636594,5593649,6230243,8.786839021417103
2757347,636596,5593656,6230252,8.786822411702241
2757348,636596,5593664,6230260,8.786834978542121
2757435,636611,5593757,6230368,8.786774026838996
2757614,636679,5594059,6230738,8.786309898708769
2757620,636679,5594064,6230743,8.786317751959778
2757659,636679,5594113,6230792,8.78639471381968
2758181,636877,5594966,6231843,8.785002441601753
2758302,636896,5595210,6232106,8.785123473848163
2758372,636944,5595398,6232342,8.784756587706298
2758411,636947,5595498,6232445,8.784872210717689
2758423,636954,5595516,6232470,8.784803926186193
2758521,636954,5595806,6232760,8.785259218091102
2758550,636954,5595844,6232798,8.785318877030367
2758576,636954,5595893,6232847,8.785395805662576
2758597,636960,5595943,6232903,8.785391547349912
2758702,637035,5596195,6233230,8.784752800081629
2758726,637039,5596208,6233247,8.784718047089738
2758953,637039,5596245,6233284,8.784776128306117
2758969,637039,5596271,6233310,8.78481694213384
2759039,637051,5596379,6233430,8.784820995493297
2759103,637051,5596509,6233560,8.785025060787913
2759177,637099,5596626,6233725,8.78454682867184
2759206,637108,5596645,6233753,8.784452557494177
2759212,637108,5596659,6233767,8.78447453179053
2759351,637135,5596788,6233923,8.784304739184003
2759362,637143,5596798,6233941,8.784210138069476
2759381,637156,5596819,6233975,8.784063871328215
2760490,637171,5598381,6235552,8.786308541976958
2760623,637184,5598467,6235651,8.786264250200883
2760761,637217,5598637,6235854,8.786076014921134
2760776,637217,5598652,6235869,8.786099554782751
2760899,637217,5598951,6236168,8.786568782690983
2760916,637217,5598955,6236172,8.786575059987413
2761014,637217,5599037,6236254,8.786703744564253
2761076,637250,5599225,6236475,8.786543742644174
2761120,637272,5599294,6236566,8.786348686275248
2761150,637279,5599382,6236661,8.786390262349771
2761171,637282,5599392,6236674,8.78636459212719
2761260,637314,5599471,6236785,8.786047380098351
2761416,637389,5599749,6237138,8.785449701830437
2761453,637398,5599899,6237297,8.785560983875067
2761503,637398,5600068,6237466,8.785826124336756
2762459,637605,5602196,6239801,8.7863112742215
2762667,637633,5602332,6239965,8.786138734977644
2763456,637641,5604022,6241663,8.788678896118663
2763484,637651,5604065,6241716,8.788608502143022
2763533,637676,5604181,6241857,8.788445856516475
2763628,637676,5604325,6242001,8.788671676525382
2763776,637686,5604671,6242357,8.789076442010645
2763942,637686,5605271,6242957,8.790017343959253
2763955,637689,5605330,6243019,8.790068513021238
2763975,637689,5605387,6243076,8.790157898285841
2763984,637692,5605426,6243118,8.79017770334268
2764742,637891,5605980,6243871,8.788303957886223
2764758,637895,5605997,6243892,8.788275499886344
2764801,637906,5606037,6243943,8.788186660730577
2764810,637909,5606042,6243951,8.788153169182438
2764849,637922,5606103,6244025,8.788069701311446
2764865,637922,5606129,6244051,8.788110458645415
2764994,637922,5606356,6244278,8.788466301522757
2765016,637945,5606401,6244346,8.788219987616488
2765097,637978,5606539,6244517,8.787981717237898
2765113,637978,5606566,6244544,8.788024038446467
2765117,637979,5606569,6244548,8.788014966009852
2765688,637979,5607467,6245446,8.789422535851493
2765801,638033,5607690,6245723,8.789028153716187
2765810,638037,5607711,6245748,8.789005966738607
2765814,638038,5607714,6245752,8.788996893601949
2765905,638079,5607823,6245902,8.788602978628038
2765956,638079,5607939,6246018,8.788784774299106
2765959,638079,5607945,6246024,8.788794177523473
2765966,638082,5607962,6246044,8.788779498559746
2765993,638088,5608024,6246112,8.788794022141147
2766103,638126,5608250,6246376,8.788624817042402
2766128,638135,5608298,6246433,8.788576084997688
2766144,638147,5608338,6246485,8.7884735021868
2766184,638151,5608434,6246585,8.788568849692314
2766206,638155,5608454,6246609,8.788545102678816
2766703,638155,5609788,6247943,8.790635503913625
2766751,638171,5609866,6248037,8.79053733247045
2766889,638221,5610067,6248288,8.790163595369002
2766889,638221,5610788,6249009,8.791293298089533
2766929,638235,5610813,6249048,8.791139627253285
2767127,638300,5611217,6249517,8.790877330408899
2767134,638300,5611227,6249527,8.790892997023343
2767283,638373,5611517,6249890,8.790342010078747
2767318,638391,5611585,6249976,8.790200676387983
2767418,638436,5611786,6250222,8.789895933186726
2767428,638436,5611786,6250222,8.789895933186726
2767459,638444,5611838,6250282,8.789867239726584
2767605,638444,5612037,6250481,8.790178935035806
2767625,638448,5612054,6250502,8.7901504899381
2767692,638466,5612110,6250576,8.789990383199731
2767697,638469,5612113,6250582,8.789953780058234
2767729,638469,5612162,6250631,8.790030526149273
2767735,638470,5612179,6250649,8.790043384967188
2767951,638650,5612615,6251265,8.788248649495028
2767969,638663,5612662,6251325,8.788143355729078
2768001,638688,5612727,6251415,8.787901134826393
2768014,638691,5612738,6251429,8.787877079839859
2768068,638694,5612874,6251568,8.788048736953847
2768098,638716,5612933,6251649,8.787838413316717
2768137,638723,5612988,6251711,8.787828213482214
2768174,638723,5613075,6251798,8.787964422762293
2768179,638727,5613087,6251814,8.787928175887352
2768187,638727,5613087,6251814,8.787928175887352
2768234,638727,5613191,6251918,8.788090999754198
2768403,638826,5613638,6252464,8.787428814732024
2768444,638826,5613695,6252521,8.787518040906287
2768454,638830,5613710,6252540,8.787486498755538
2768557,638877,5613848,6252725,8.78705603739061
2768601,638893,5613910,6252803,8.78693302321359
2768744,638947,5614157,6253104,8.786576977433183
2768772,638960,5614229,6253189,8.786510892700639
2768788,638960,5614255,6253215,8.786551583823714
2768808,638960,5614270,6253230,8.786575059471641
2768830,638972,5614399,6253371,8.786611932917248
2768882,638997,5614504,6253501,8.786432487163477
2768936,639004,5614611,6253615,8.786503683858005
2768978,639004,5614741,6253745,8.786707125464003
2769018,639032,5614810,6253842,8.786430100527047
2769100,639032,5614986,6254018,8.786705517094605
2769114,639032,5615001,6254033,8.786728990097522
2769162,639032,5615074,6254106,8.786843225378385
2769265,639076,5615300,6254376,8.78659189204414
2769276,639076,5615315,6254391,8.786615363430954
2769314,639076,5615363,6254439,8.786690471868761
2769337,639076,5615380,6254456,8.786717072773817
2769365,639096,5615413,6254509,8.786493734900548
2769387,639102,5615443,6254545,8.786458186643134
2769412,639117,5615492,6254609,8.786328637792455
2769543,639152,5615760,6254912,8.786266803514657
2769596,639175,5615828,6255003,8.786057026635898
2769829,639212,5616411,6255623,8.786460517011571
2769911,639241,5616486,6255727,8.786179234435838
2770003,639299,5616655,6255954,8.785646465894676
2770103,639299,5616895,6256194,8.786021877087247
2770138,639318,5616973,6256291,8.78588276882553
2770270,639360,5617130,6256490,8.785551176176176
2770305,639360,5617212,6256572,8.785679429429429
2770339,639391,5617280,6256671,8.785359818952722
2770851,639602,5617988,6257590,8.78356853168064
2771061,639602,5618573,6258175,8.78448316296697
2771133,639617,5618648,6258265,8.784394411030352
2771189,639617,5618732,6258349,8.784525739622305
2771236,639620,5618833,6258453,8.784642443951096
2771271,639647,5618924,6258571,8.784413903293535
2771274,639647,5618933,6258580,8.784427973554163
2771290,639647,5618933,6258580,8.784427973554163
2771321,639648,5619015,6258663,8.784542435839711
2771338,639648,5619054,6258702,8.78460340687378
2771347,639650,5619076,6258726,8.784610333776284
2772161,639650,5620396,6260046,8.786673962323146
2772558,639700,5621078,6260778,8.787053306237299
2772562,639700,5621087,6260787,8.787067375332187
2772592,639706,5621147,6260853,8.787078751801609
2772634,639720,5621206,6260926,8.7869786781717
2772866,639720,5621529,6261249,8.787483586569124
2773677,639725,5623233,6262958,8.790078549376686
2773794,639805,5623470,6263275,8.789349880041575
2773799,639805,5623475,6263280,8.789357694922671
2773833,639812,5623497,6263309,8.789295918175965
2773889,639833,5623640,6263473,8.789230939948393
2773934,639841,5623693,6263534,8.789203880339022
2773971,639855,5623745,6263600,8.789092841346868
2773983,639861,5623757,6263618,8.789029179774982
2774112,639872,5624088,6263960,8.789395379075815
2774178,639902,5624217,6264119,8.789184906438798
2774211,639907,5624246,6264153,8.78916155003774
2774310,639984,5624426,6264410,8.788385334633366
2774330,639993,5624446,6264439,8.788292996954654
2776163,639993,5626936,6266929,8.79218366450883
2776396,639996,5627287,6267283,8.792690891818074
2776511,640047,5627521,6267568,8.792355873865514
2776709,640186,5628391,6268577,8.791805818933872
2776764,640191,5628587,6268778,8.792043312074053
2776774,640195,5628597,6268792,8.792003998781622
2776904,640271,5628846,6269117,8.791349288035848
2776940,640292,5628910,6269202,8.791160907835799
2777254,640444,5629505,6269949,8.790003497573558
2777366,640445,5629665,6270110,8.7902395990288
2777405,640466,5629697,6270163,8.790001342772294
2777453,640466,5629762,6270228,8.790102831375904
2777730,640582,5630140,6270722,8.789101161131596
2777744,640587,5630157,6270744,8.789059097359141
2777807,640587,5630205,6270792,8.789134028633113
2777875,640598,5630289,6270887,8.78911423388771
2777914,640602,5630357,6270959,8.789165503698085
2777997,640644,5630504,6271148,8.788818751131673
2778244,640644,5630859,6271503,8.789372881038455
2778367,640688,5631104,6271792,8.78915166196339
2778404,640689,5631163,6271852,8.789230032043628
2778465,640689,5631306,6271995,8.789453229257877
2778591,640690,5631523,6272213,8.78977820786964
2778607,640690,5631549,6272239,8.789818789117982
2778645,640690,5631585,6272275,8.789874978538762
2778674,640690,5631625,6272315,8.78993741122852
2778711,640713,5631682,6272395,8.789710837769798
2778733,640713,5631732,6272445,8.78978887583052
2778749,640721,5631755,6272476,8.789715024168085
2778794,640741,5631888,6272629,8.789648235402447
2778824,640750,5631941,6272691,8.789607491221226
2778911,640766,5632013,6272779,8.789500379233605
2779032,640834,5632316,6273150,8.789040531557314
2779225,640850,5632842,6273692,8.789641881875633
2779586,641024,5633594,6274618,8.788429138378595
2779626,641042,5633632,6274674,8.788241644073244
2779658,641068,5633669,6274737,8.787942932731005
2779793,641123,5634015,6275138,8.787728719762043
2779814,641130,5634035,6275165,8.78766396830596
2780081,641320,5634545,6275865,8.785855735046466
2780201,641406,5634760,6276166,8.785012924730982
2780343,641406,5634947,6276353,8.78530447173865
2780361,641406,5634979,6276385,8.785354362135683
2780394,641418,5634997,6276415,8.785218063727553
2780408,641418,5635004,6276422,8.785228977047728
2780606,641510,5635207,6276717,8.784285513865724
2780861,641575,5635430,6277005,8.78374313213576
2780904,641583,5635528,6277111,8.78378635344141
2780924,641586,5635576,6277162,8.783820095825034
2780964,641602,5635706,6277308,8.783803666447424
2781026,641621,5635789,6277410,8.783672915942589
2781119,641669,5635942,6277611,8.783254294659708
2781158,641707,5636020,6277727,8.782855726990666
2781244,641777,5636155,6277932,8.782108115435735
2781436,641777,5636615,6278392,8.782824875307154
2781452,641785,5636625,6278410,8.782730976884782
2781542,641823,5636751,6278574,8.78240729920866
2781567,641827,5636768,6278595,8.78237905229914
2781654,641827,5636898,6278725,8.782581599091344
2781678,641831,5636925,6278756,8.782568931696973
2781683,641831,5636931,6278762,8.7825782799522
2781704,641838,5636955,6278793,8.782519888196086
2781734,641843,5637019,6278862,8.782551184635494
2781918,641847,5637568,6279415,8.783351795677163
2781945,641868,5637601,6279469,8.783115843132856
2782063,641870,5637949,6279819,8.783630641718728
2782075,641872,5637991,6279863,8.78366870653339
2782167,641898,5638155,6280053,8.783568417412113
2782278,641973,5638376,6280349,8.782886507688017
2782304,641973,5638431,6280404,8.782972181073037
2782311,641973,5638431,6280404,8.782972181073037
2782336,641987,5638465,6280452,8.78283360878024
2782445,641987,5638656,6280643,8.783131122592826
2782528,642016,5638741,6280757,8.78286678213627
2782925,642074,5638912,6280986,8.78233973031146
2783004,642090,5639039,6281129,8.782318678066938
2783195,642215,5639293,6281508,8.781004803687239
2783215,642215,5639336,6281551,8.781071759457502
2783240,642219,5639401,6281620,8.781118278967144
2783316,642264,5639537,6281801,8.78071478395177
2783323,642264,5639544,6281808,8.780725682896753
2783356,642277,5639596,6281873,8.780628918675276
2783376,642292,5639628,6281920,8.780473678638376
2783419,642306,5639760,6282066,8.78048780487805
2783641,642321,5640014,6282335,8.780678196727182
2783752,642321,5640323,6282644,8.781159264604458
2783828,642342,5640426,6282768,8.781032534070635
2783856,642352,5640474,6282826,8.78097055819862
2783902,642387,5640555,6282942,8.780618225462222
2784001,642435,5640863,6283298,8.78044160109583
2784037,642435,5640904,6283339,8.78050542078187
2784301,642497,5641368,6283865,8.780380297495553
2784436,642520,5641464,6283984,8.780215401855195
2784447,642529,5641481,6284010,8.780118874011912
2784463,642531,5641521,6284052,8.780153798026866
2784522,642548,5641636,6284184,8.78010047498397
2784552,642557,5641668,6284225,8.780027297189198
2784608,642560,5641870,6284430,8.780300672310757
2784647,642569,5641962,6284531,8.780320868264731
2784660,642575,5642004,6284579,8.780304244640703
2784690,642593,5642077,6284670,8.780171897297356
2784719,642593,5642127,6284720,8.780249707046295
2786185,643341,5645024,6288365,8.77454413755691
2786196,643341,5645034,6288375,8.774559681413123
2786496,643341,5645256,6288597,8.774904755021055
2786576,643348,5645395,6288743,8.775025336209952
2786734,643368,5645553,6288921,8.774998134815533
2786748,643380,5645575,6288955,8.774868662376823
2786755,643380,5645589,6288969,8.774890422456401
2786766,643382,5645614,6288996,8.774902002231956
2786795,643389,5645633,6289022,8.774836063407985
2787049,643443,5646174,6289617,8.774940437614521
2787089,643454,5646215,6289669,8.774854146527957
2787178,643503,5646372,6289875,8.774429956037501
2787212,643511,5646409,6289920,8.774378371154494
2787342,643572,5646718,6290290,8.77402683771202
2787378,643581,5646777,6290358,8.773995814046717
2787425,643604,5646882,6290486,8.773845408045942
2787718,643604,5647541,6291145,8.774869329587759
2787937,643695,5647940,6291635,8.77424867367309
2789414,643695,5650864,6294559,8.778791197694561
2789512,643722,5651628,6295350,8.779609831573257
2789543,643750,5651682,6295432,8.779311844660194
2789562,643750,5651707,6295457,8.77935067961165
2789643,643763,5651898,6295661,8.779470084487615
2789813,643818,5652135,6295953,8.779088189519399
2789858,643826,5652174,6296000,8.77903967842243
2789920,643876,5652263,6296139,8.778496170070014
2790271,643986,5652692,6296678,8.77766286844745
2790497,644001,5652731,6296732,8.777518979007796
2790724,644041,5652948,6296989,8.77731076127141
2790744,644049,5652983,6297032,8.777256078341866
2790774,644061,5653000,6297061,8.777118937491945
2790783,644063,5653020,6297083,8.777122734887737
2790926,644116,5653290,6297406,8.776819703283259
2790994,644149,5653470,6297619,8.776649501900957
2791021,644149,5653483,6297632,8.776669683567
2791024,644149,5653492,6297641,8.776683655489647
2791035,644149,5653514,6297663,8.776717809078335
2791094,644158,5653653,6297811,8.776810968737484
2791102,644158,5653653,6297811,8.776810968737484
2791178,644158,5653723,6297881,8.776919637728632
2791799,644415,5654879,6299294,8.77521317784347
2791994,644491,5655232,6299723,8.774726101683344
2792023,644491,5655262,6299753,8.774772650044763
2792255,644500,5656661,6301161,8.776820791311094
2792266,644500,5656671,6301171,8.776836307214895
2792440,644597,5657150,6301747,8.776258654632274
2792573,644699,5657395,6302094,8.775250155498922
2792688,644754,5657541,6302295,8.774728035809007
2792749,644766,5657599,6302365,8.774654680923001
2792779,644772,5657617,6302389,8.774600944209736
2792839,644794,5657715,6302509,8.774453546403969
2792861,644801,5657736,6302537,8.774390858574971
2793178,644928,5658204,6303132,8.773388657338494
2793196,644929,5658236,6303165,8.773424671552993
2794916,644929,5675519,6320448,8.80022297028045
2795189,644960,5675673,6320633,8.800038762093774
2795323,645010,5675796,6320806,8.799547293840405
2795353,645017,5675850,6320867,8.79953551611818
2795388,645020,5675934,6320954,8.799624817835106
2795404,645020,5675960,6320980,8.79966512666274
2795682,645161,5676236,6321397,8.79816975917639
2795722,645161,5676271,6321432,8.798224009200805
2795808,645180,5676422,6321602,8.798198952230385
2795862,645185,5676530,6321715,8.798298162542526
2795874,645185,5676545,6321730,8.79832141168812
2795945,645185,5676672,6321857,8.798518254454148
2795978,645199,5676723,6321922,8.798406383146904
2796173,645280,5677062,6322342,8.797827299776841
2796217,645314,5677138,6322452,8.7974815361204
2797029,645314,5678845,6324159,8.800126759995909
2797075,645314,5678895,6324209,8.800204241656001
2797280,645437,5679326,6324763,8.799194964032122
2797310,645451,5679368,6324819,8.799069177985626
2797321,645456,5679377,6324833,8.799014959966287
2797345,645467,5679426,6324893,8.798940921844185
2797392,645479,5679446,6324925,8.798808326839447
2797395,645480,5679449,6324929,8.798799343124497
2797411,645480,5679476,6324956,8.798841172460804
2797792,645694,5679977,6325671,8.796700914055265
2797833,645703,5680030,6325733,8.796660384108483
2797944,645736,5680179,6325915,8.796441579840678
2797968,645736,5680230,6325966,8.79652055948561
2798004,645761,5680361,6326122,8.796382872301052
2798027,645763,5680421,6326184,8.796448542267054
2798072,645794,5680513,6326307,8.796168747309514
2798131,645831,5680617,6326448,8.79582584298369
2798233,645919,5680798,6326717,8.794907720627508
2798263,645920,5680891,6326811,8.795038085211791
2798300,645932,5680941,6326873,8.794952100221076
2799046,646034,5681781,6327815,8.79486373782185
2799097,646034,5681897,6327931,8.795043294934942
2799168,646079,5682051,6328130,8.794669072977143
2799233,646091,5682188,6328279,8.794717771954724
2799263,646091,5682249,6328340,8.79481218589951
2799336,646091,5682388,6328479,8.795027325872052
2799429,646162,5682661,6328823,8.794483426756758
2799630,646293,5683027,6329320,8.793267140445588
2799664,646293,5683067,6329360,8.79332903187873
2799682,646308,5683113,6329421,8.793196123210606
2799699,646312,5683153,6329465,8.793203592073178
2800181,646414,5683634,6330048,8.792560185887064
2800201,646423,5683670,6330093,8.792493460164629
2800230,646427,5683719,6330146,8.792514854732243
2800299,646444,5683953,6330397,8.792645611994233
2800331,646470,5683999,6330469,8.792363141367735
2800368,646495,5684049,6330544,8.792100480282137
2800427,646517,5684147,6330664,8.791952879815998
2800455,646526,5684243,6330769,8.791978976870226
2800462,646530,5684258,6330788,8.791947782778834
2800542,646531,5684312,6330843,8.792017706807561
2800657,646564,5684518,6331082,8.791887578027852
2800997,646680,5685063,6331743,8.791153275190203
2801017,646680,5685158,6331838,8.791300179377744
2801185,646680,5685421,6332101,8.791706872023257
2801226,646684,5685501,6332185,8.791776199813201
2801249,646694,5685528,6332222,8.791682001070058
2801325,646735,5685709,6332444,8.791404516533047
2801363,646741,5685769,6332510,8.791415729016716
2801427,646758,5685897,6332655,8.791382557308916
2801436,646760,5685914,6332674,8.791381656255798
2802646,646879,5689009,6335888,8.794548903272482
2802981,647088,5689842,6336930,8.792995697648543
2802997,647093,5689885,6336978,8.792994206396918
2803090,647093,5690037,6337130,8.79322910308101
2803104,647105,5690109,6337214,8.793177305074138
2803145,647132,5690181,6337313,8.792921691401444
2803256,647132,5690396,6337528,8.793253926555943
2803305,647147,5690430,6337577,8.79310264901174
2803395,647147,5690696,6337843,8.793513683907983
2803675,647147,5691454,6338601,8.794684978837884
2803726,647176,5691526,6338702,8.794402140994103
2803754,647183,5691554,6338737,8.794350284231816
2803766,647183,5691563,6338746,8.794364190653956
2803857,647183,5691678,6338861,8.79454188382575
2803971,647189,5691989,6339178,8.794940890528114
2804011,647189,5692056,6339245,8.795044415155388
2805880,647189,5696063,6343252,8.801235805923772
2805892,647193,5696085,6343278,8.801215402515169
2805921,647206,5696105,6343311,8.801069520369094
2806124,647260,5696293,6343553,8.800625714550566
2806964,647260,5698129,6345389,8.803462287179805
2807058,647260,5698298,6345558,8.803723387819423
2807106,647260,5698298,6345558,8.803723387819423
2807144,647271,5698326,6345597,8.803617032124103
2807174,647293,5698401,6345694,8.803433684591058
2807187,647310,5698417,6345727,8.80322720180439
2807518,647310,5698753,6346063,8.803746273037648
2807632,647385,5699025,6346410,8.803146504784634
2807659,647408,5699065,6346473,8.802895546548699
2807785,647456,5699436,6346892,8.802815944249494
2807807,647474,5699488,6346962,8.802651535042333
2807836,647499,5699531,6347030,8.80237807317077
2807935,647522,5699628,6347150,8.80221521430932
2808327,647522,5700361,6347883,8.803347222179324
2808445,647522,5700538,6348060,8.803620571965123
2808498,647522,5700616,6348138,8.803741031192763
2808700,647613,5700881,6348494,8.802913159556711
2808983,647725,5701156,6348881,8.801815585317843
2808987,647727,5701160,6348887,8.801794583211754
2809040,647743,5701237,6348980,8.80169604302941
2809695,648203,5702470,6350673,8.797352064091033
2809780,648220,5702515,6350735,8.797190768566228
2809833,648254,5702624,6350878,8.796897512394834
2809967,648279,5702772,6351051,8.796786568745864
2810227,648454,5703345,6351799,8.79529619680039
2810268,648476,5703422,6351898,8.795116550188443
2810290,648486,5703467,6351953,8.79505031720037
2810295,648488,5703474,6351962,8.795033986750719
2810344,648506,5703517,6352023,8.794856177120952
2810400,648507,5703522,6352029,8.794850325439818
2810477,648522,5703596,6352118,8.794761010420618
2810513,648540,5703664,6352204,8.79462176581244
2811081,648540,5704453,6352993,8.795838344589386
2811144,648559,5704566,6353125,8.79575489662467
2811172,648559,5704603,6353162,8.79581194617606
2811207,648570,5704658,6353228,8.79574756772592
2811231,648570,5704688,6353258,8.795793823334412
2811311,648570,5705002,6353572,8.796277965369967
2813163,648571,5709044,6357615,8.802496565526365
2813263,648647,5709232,6357879,8.801755037794054
2813317,648676,5709308,6357984,8.801478704314635
2813334,648686,5709351,6358037,8.80140931051387
2813339,648690,5709391,6358081,8.801416701351956
2813349,648690,5709407,6358097,8.801441366446223
2813512,648699,5710341,6359040,8.802759060827903
2813637,648735,5710700,6359435,8.802823957394006
2813725,648735,5710930,6359665,8.803178493529716
2813746,648741,5710968,6359709,8.80315565071423
2813852,648785,5711102,6359887,8.802765168738489
2813875,648785,5711136,6359921,8.802817574389051
2813904,648785,5711172,6359957,8.80287306272494
2813926,648785,5711196,6359981,8.802910054948866
2814257,648943,5711666,6360609,8.80149104004512
2814488,648943,5711916,6360859,8.801876281892246
2814581,648965,5712120,6361085,8.801892243803595
2814783,648965,5712214,6361179,8.802037089827648
2814793,648967,5712232,6361199,8.802037699913862
2815577,648992,5713698,6362690,8.80395752181845
2815633,649007,5713747,6362754,8.803829542670572
2815818,649061,5714038,6363099,8.803545429474271
2815836,649066,5714048,6363114,8.803493019199896
2816246,649072,5714700,6363772,8.804416151058742
2816255,649072,5714720,6363792,8.804446964281313
2816328,649099,5714828,6363927,8.804247117928082
2816339,649099,5714846,6363945,8.804274848674856
2816386,649106,5714973,6364079,8.80437555653468
2816938,649314,5716361,6365675,8.803692820422784
2817011,649339,5716411,6365750,8.803430873549871
2817142,649348,5717145,6366493,8.804439222112027
2817426,649357,5717332,6366689,8.804605170961429
2817484,649374,5717440,6366814,8.804540988706046
2817498,649374,5717447,6366821,8.804551768318412
2817526,649396,5717514,6366910,8.804356663730605
2818771,649396,5719534,6368930,8.807467246487505
2818777,649402,5719552,6368954,8.807413589733324
2819025,649566,5720021,6369587,8.805911947361777
2819079,649583,5720140,6369723,8.805864685498236
2819101,649588,5720166,6369754,8.80583693048517
2819118,649591,5720194,6369785,8.80583936661684
2819666,649726,5720642,6370368,8.804699211667687
2819688,649726,5720679,6370405,8.804756158749996
2820156,649851,5721108,6370959,8.803722699511118
2820162,649853,5721117,6370970,8.80370945429197
2820207,649853,5721160,6371013,8.803775623102455
2820313,649854,5721287,6371141,8.803957504300966
2820314,649854,5721289,6371143,8.803960581915323
2820331,649861,5721317,6371178,8.803908835889521
2820390,649877,5721370,6371247,8.803773637165186
2820449,649889,5721495,6371384,8.803803418737662
2820859,649889,5722153,6372042,8.804815899330501
2821159,649889,5722696,6372585,8.80565142662824
2821430,649889,5723809,6373698,8.807364026779958
2821439,649891,5723823,6373714,8.807358464727162
2821482,649896,5723832,6373728,8.80730455334392
2821511,649913,5723850,6373763,8.807101873635395
2821532,649913,5723882,6373795,8.807151110994857
2821576,649939,5723952,6373891,8.806906494301773
2821596,649939,5723952,6373891,8.806906494301773
2821616,649939,5723989,6373928,8.806963422721209
2821674,649974,5724098,6374072,8.806656881659881
2821710,649976,5724145,6374121,8.806702093615764
2821930,650048,5724392,6374440,8.806106625972236
2821991,650052,5724436,6374488,8.806120125774553
2822764,650101,5725239,6375340,8.806691575616712
2822780,650101,5725265,6375366,8.806731569402293
2822784,650102,5725268,6375370,8.80672263737075
2822801,650109,5725282,6375391,8.806649346494204
2822810,650109,5725293,6375402,8.806666266733732
2822862,650146,5725449,6375595,8.806405022871786
2822879,650150,5725475,6375625,8.806390832884718
2822949,650150,5725648,6375798,8.806656925324925
2822969,650155,5725663,6375818,8.806612269381917
2822974,650157,5725671,6375828,8.806597483377091
2823019,650174,5725743,6375917,8.806477958208111
2823114,650189,5725931,6376120,8.80656393756277
2823129,650190,5725991,6376181,8.80664267368
2823290,650267,5726169,6376436,8.805873587311059
2823368,650323,5726241,6376564,8.805226018455445
2823416,650341,5726309,6376650,8.805086869811376
2823644,650341,5727032,6377373,8.806198594275926
2823714,650378,5727137,6377515,8.805859054273053
2823726,650388,5727156,6377544,8.805752873669256
2823780,650402,5727240,6377642,8.80569247942042
2823800,650402,5727270,6377672,8.805738604739838
2823829,650407,5727290,6377697,8.805701660652483
2823870,650429,5727364,6377793,8.805517589160385
2824023,650437,5727796,6378233,8.806073455230868
2824050,650453,5727826,6378279,8.805902963011931
2824099,650472,5727895,6378367,8.805751823291395
2824774,650762,5728741,6379503,8.803127717967552
2824778,650767,5728756,6379523,8.80308313113603
2824791,650767,5728761,6379528,8.803090814377496
2824977,650859,5729057,6379916,8.802301266480145
2825086,650969,5729454,6380423,8.801423723710347
2825538,650969,5730286,6381255,8.80270181836616
2825541,650969,5730293,6381262,8.802712571566389
2825558,650975,5730311,6381286,8.80265908829064
2825598,650986,5730376,6381362,8.80261019438206
2825646,650994,5730412,6381406,8.802557320036744
2825667,650994,5730458,6381452,8.802627981210271
2825677,650994,5730458,6381452,8.802627981210271
2825746,651009,5730551,6381560,8.802568013652653
2825789,651011,5730656,6381667,8.802702258487184
2825933,651011,5730831,6381842,8.802971071149335
2825954,651030,5730861,6381891,8.802760241463528
2826070,651058,5730937,6381995,8.802498394920269
2826081,651067,5730954,6382021,8.802402824901277
2826568,651067,5731800,6382867,8.803702230338812
2826577,651070,5731836,6382906,8.803716958237978
2826650,651070,5731914,6382984,8.80383676102416
2826663,651073,5731941,6383014,8.803837664900863
2826666,651075,5731954,6383029,8.8038305878739
2826697,651075,5731954,6383029,8.8038305878739
2826749,651087,5732005,6383092,8.803746657512743
2826794,651112,5732083,6383195,8.803528425217166
2826833,651125,5732138,6383263,8.80343712804761
2826852,651129,5732147,6383276,8.803396869130387
2826879,651145,5732217,6383362,8.80328805412005
2826911,651152,5732298,6383450,8.803317812123744
2826930,651159,5732362,6383521,8.803321462192798
2826937,651160,5732370,6383530,8.803320228515265
2827055,651160,5732547,6383707,8.80359205110879
2827344,651359,5733135,6384494,8.80180514892709
2827359,651363,5733165,6384528,8.801797154582006
2827684,651368,5733872,6385240,8.802814998587587
2827711,651379,5733887,6385266,8.802689371318388
2827713,651379,5733892,6385271,8.802697047341102
2827842,651406,5734114,6385520,8.802672987353509
2829708,651440,5738084,6389524,8.80830774898686
2829739,651460,5738141,6389601,8.808124827310962
2829770,651466,5738182,6389648,8.808106639486942
2829807,651475,5738265,6389740,8.80811236041291
2830006,651569,5738494,6390063,8.8071930985053
2830032,651573,5738535,6390108,8.80720195588215
2830110,651582,5738630,6390212,8.807226105079637
2831118,651596,5739860,6391456,8.80892454833977
2831152,651603,5739915,6391518,8.808914323598879
2831168,651603,5739941,6391544,8.808954225195404
2831224,651624,5740063,6391687,8.808857562029637
2833821,651624,5744268,6395892,8.815310669956908
2833846,651624,5744310,6395934,8.815375124304813
2833909,651632,5744365,6395997,8.815351302575687
2833917,651632,5744365,6395997,8.815351302575687
2833948,651658,5744404,6396062,8.815059433015477
2833974,651664,5744438,6396102,8.81503044513737
2834022,651664,5744496,6396160,8.815119448059123
2834026,651665,5744508,6396173,8.815124335356357
2834066,651688,5744588,6396276,8.814935981635383
2834080,651709,5744629,6396338,8.814714849725874
2834383,651790,5745757,6397547,8.815350036054557
2834698,651808,5746413,6398221,8.816113027149099
2834728,651824,5746481,6398305,8.81600094504038
2834797,651858,5746630,6398488,8.815769692172221
2834816,651872,5746650,6398522,8.815611040204212
2835133,652131,5747610,6399741,8.813581933691237
2835252,652131,5747760,6399891,8.813811948826233
2835440,652131,5748141,6400272,8.814396187269121
2835451,652138,5748158,6400296,8.814327642308836
2835523,652184,5748291,6400475,8.813909878193884
2835541,652184,5748311,6400495,8.813940544386247
2835668,652184,5748702,6400886,8.814540068446941
2835860,652217,5749227,6401444,8.81489902900415
2835861,652217,5749229,6401446,8.814902095468225
2835891,652226,5749272,6401498,8.814846387601843
2835926,652226,5749306,6401532,8.814898516771795
2835991,652249,5749423,6401672,8.814767059819179
2835992,652249,5749425,6401674,8.814770126132812
2836031,652264,5749444,6401708,8.81459654373076
2836113,652284,5749629,6401913,8.814609893849918
2836116,652284,5749638,6401922,8.814623691520872
2836135,652288,5749681,6401969,8.814635559752746
2836149,652288,5749728,6402016,8.814707613814758
2836367,652362,5750074,6402436,8.814238107063256
2836384,652369,5750087,6402456,8.814163456571357
2836483,652369,5750344,6402713,8.8145574053948
2836518,652403,5750394,6402797,8.81417467424276
2837659,652414,5752365,6404779,8.81704715104213
2837690,652421,5752455,6404876,8.817090498313206
2837890,652456,5752576,6405032,8.816802972154445
2837929,652486,5752651,6405137,8.816512538200053
2838011,652539,5752806,6405345,8.81603398417566
2838053,652564,5752858,6405422,8.815775923894055
2838086,652578,5752882,6405460,8.815623572967523
2838340,652641,5753832,6406473,8.816228217350734
2838402,652684,5753975,6406659,8.815866483627605
2838528,652684,5754262,6406946,8.816306206372456
2838559,652693,5754322,6407015,8.816276564939413
2840786,653598,5757533,6411131,8.80898197362905
2841046,653598,5758029,6411627,8.809740849880201
2842600,653605,5759868,6413473,8.812460124999044
2842954,653763,5760523,6414286,8.811332241194439
2842955,653763,5760532,6414295,8.81134600765109
2843034,653774,5760571,6414345,8.811257406993855
2843762,653774,5762193,6415967,8.81373838665961
2844022,653828,5762626,6416454,8.81367270903051
2844057,653828,5762654,6416482,8.813715533748937
2844064,653832,5762667,6416499,8.813681496164152
2844107,653856,5762733,6416589,8.813458926736162
2844120,653856,5762748,6416604,8.813481867567171
2844144,653863,5762773,6416636,8.813425748207193
2844159,653873,5762797,6416670,8.81332766454648
2844322,653873,5763215,6417088,8.81396693241654
2844427,653899,5763464,6417363,8.813997268691342
2844439,653899,5763485,6417384,8.81402938374275
2844509,653899,5763755,6417654,8.814442291546554
2844563,653913,5763852,6417765,8.81440191585119
2844687,653967,5764007,6417974,8.81391109948973
2844794,653996,5764163,6418159,8.81375879974801
2844839,654015,5764288,6418303,8.813693875522732
2845714,654079,5766076,6420155,8.815565092290075
2845774,654079,5766168,6420247,8.815705748082419
2845836,654079,5766185,6420264,8.815731738826656
2845901,654124,5766297,6420421,8.815296488127633
2846215,654124,5767141,6421265,8.816586763365967
2846401,654149,5767354,6421503,8.816575428533866
2846594,654158,5768472,6422630,8.818163196047438
2846633,654180,5768549,6422729,8.81798434681586
2846671,654184,5768639,6422823,8.818068005331833
2847030,654184,5769356,6423540,8.819164027246156
2847044,654190,5769385,6423575,8.819127470612512
2847077,654198,5769492,6423690,8.819183183073015
2847338,654198,5769970,6424168,8.819913848712469
2847471,654198,5770190,6424388,8.820250138337324
2847499,654198,5770228,6424426,8.82030822472707
2847518,654213,5770258,6424471,8.820151846569848
2847641,654214,5770730,6424944,8.820859840969469
2848027,654514,5771722,6426236,8.818332380972752
2848043,654516,5771751,6426267,8.818349742405076
2848064,654526,5771768,6426294,8.818240986607101
2848084,654543,5771786,6426329,8.818039456536852
2848124,654543,5771828,6426371,8.818103623444143
2855784,654558,5834698,6489256,8.913951093715148
2855787,654558,5834707,6489265,8.91396484345161
2855813,654560,5834733,6489293,8.913977328281593
2855835,654566,5834786,6489352,8.913976589068177
2855902,654566,5834938,6489504,8.91420880400143
2855922,654570,5834945,6489515,8.914165024367142
2855956,654570,5835018,6489588,8.914276547962785
2855993,654606,5835111,6489717,8.913928378291674
2856049,654610,5835243,6489853,8.914075556438185
2856086,654617,5835298,6489915,8.91406425436553
2856120,654620,5835358,6489978,8.914115059118267
2856139,654638,5835395,6490033,8.913926475395563
2856257,654638,5835745,6490383,8.914461122024692
2856294,654651,5835774,6490425,8.914328397879176
2857302,654651,5837021,6491672,8.916233229613947
2857323,654656,5837029,6491685,8.91617735115847
2857376,654677,5837101,6491778,8.916001325844654
2857383,654681,5837110,6491791,8.915960597604023
2857821,654865,5837703,6492568,8.91436097516282
2857970,654932,5837868,6492800,8.913700964374927
2858259,655132,5838809,6493941,8.91241612377353
2858264,655140,5838830,6493970,8.912339347315077
2859533,655140,5841681,6496821,8.916691088927557
2859595,655172,5841826,6496998,8.916476894616986
2860481,655172,5845608,6500780,8.922249424578585
2860496,655179,5845634,6500813,8.922193782157242
2860706,655245,5845853,6501098,8.921629314225976
2860707,655245,5845857,6501102,8.92163541881281
2860717,655249,5845895,6501144,8.921638949468065
2860728,655256,5845901,6501157,8.92155279768518
2861012,655256,5846223,6501479,8.922044208675693
2861365,655406,5846955,6502361,8.921119123108424
2862426,655782,5848826,6504608,8.91885718119741
2862440,655792,5848871,6504663,8.918789799204626
2862465,655792,5848928,6504720,8.918876717007832
2862475,655798,5848949,6504747,8.918827138844584
2862487,655806,5848960,6504766,8.918735113737904
2862498,655807,5848967,6504774,8.918732187976035
2862532,655817,5849012,6504829,8.918664810457795
2862623,655888,5849322,6505210,8.918172004976459
2862668,655888,5849421,6505309,8.918322945380918
2862721,655888,5849508,6505396,8.918455589978777
2862770,655920,5849574,6505494,8.918121112330772
2862852,655968,5849670,6505638,8.917614883652861
2862881,655973,5849706,6505679,8.917601791537152
2862902,655978,5849714,6505692,8.917546015262706
2862905,655978,5849723,6505701,8.917559735235024
2862960,655981,5849762,6505743,8.91757840547211
2862988,655988,5849786,6505774,8.917519832679867
2863020,655991,5849832,6505823,8.917549173692931
2863049,655997,5849933,6505930,8.917621574488908
2863244,655997,5850185,6506182,8.918005722587147
2863260,656000,5850214,6506214,8.918009146341463
2863293,656006,5850258,6506264,8.917994652487934
2863495,656170,5850659,6506829,8.91637685355929
2863515,656178,5850685,6506863,8.916307770147734
2863568,656178,5850763,6506941,8.916426640332348
2863573,656180,5850770,6506950,8.916410131366394
2863595,656192,5850788,6506980,8.91627450502292
2863717,656248,5851003,6507251,8.915841267325767
2863959,656248,5851450,6507698,8.91652241225878
2863990,656267,5851501,6507768,8.916341976664986
2864054,656267,5851676,6507943,8.916608636423895
2864099,656273,5851737,6508010,8.916620065125336
2864102,656273,5851746,6508019,8.916633778930414
2864183,656290,5851915,6508205,8.916660317847294
2864257,656353,5852090,6508443,8.916071077606105
2864344,656353,5852277,6508630,8.91635598527012
2864351,656355,5852285,6508640,8.9163410044869
2864363,656364,5852307,6508671,8.91625226246412
2864377,656371,5852326,6508697,8.91618612034962
2864403,656383,5852373,6508756,8.916094719089312
2864425,656385,5852380,6508765,8.916078216290744
2864458,656412,5852452,6508864,8.915821161100041
2864489,656422,5852491,6508913,8.91574474956659
2864528,656432,5852559,6508991,8.915712518585321
2864624,656432,5852708,6509140,8.915939503253954
2864642,656432,5852718,6509150,8.915954737124332
2864856,656595,5853308,6509903,8.91463992263115
2864881,656617,5853358,6509975,8.914417384868196
2864919,656617,5853453,6510070,8.914562065861833
2864959,656633,5853602,6510235,8.914571762308626
2865196,656672,5854076,6510748,8.914764144047561
2865223,656694,5854109,6510803,8.914515740969158
2865320,656694,5854436,6511130,8.915013689785502
2865393,656734,5854533,6511267,8.914618399534668
2865409,656734,5854559,6511293,8.91465798938383
2866873,656734,5856645,6513379,8.91783431343588
2866960,656734,5856864,6513598,8.91816778178075
2866991,656752,5856904,6513656,8.917984261943626
2867378,656876,5857779,6514655,8.917632856125053
2867451,656890,5857900,6514790,8.91762699995433
2867673,656982,5858261,6515243,8.916927708826117
2867698,656993,5858340,6515333,8.916898657976569
2867712,656998,5858380,6515378,8.916891680035556
2867902,657080,5858636,6515716,8.916168503074207
2867934,657102,5858685,6515787,8.915944556552864
2867941,657107,5858695,6515802,8.915891932364136
2867956,657107,5858746,6515853,8.915969545294754
2868225,657107,5859262,6516369,8.916754805533953
2868904,657355,5860648,6518003,8.915499235572865
2868926,657370,5860690,6518060,8.915359690889453
2868983,657393,5860787,6518180,8.915195324562324
2868998,657393,5860813,6518206,8.91523487472486
2869083,657393,5861010,6518403,8.915534543264075
2869132,657423,5861116,6518539,8.915288938780662
2869155,657435,5861152,6518587,8.91518096846076
2869184,657449,5861217,6518666,8.915089991771225
2869224,657494,5861313,6518807,8.914625836889766
2869233,657495,5861330,6518825,8.914638134130298
2869267,657495,5861348,6518843,8.91466551076434
2869280,657500,5861355,6518855,8.914608365019012
2869472,657500,5861815,6519315,8.915307984790875
2869543,657500,5861942,6519442,8.91550114068441
2869625,657555,5862111,6519666,8.915012432420102
2869748,657573,5862325,6519898,8.915093837490286
2869769,657573,5862357,6519930,8.91514250128883
2871566,657573,5865962,6523535,8.920624782343557
2871615,657604,5866028,6523632,8.92030462101812
2871686,657613,5866175,6523788,8.920406074697429
2873254,657699,5866751,6524450,8.92011543274355
2873264,657702,5866770,6524472,8.920103633560489
2873480,657702,5867132,6524834,8.920654034806036
2873613,657722,5867231,6524953,8.920533295221993
2873808,657727,5867601,6525328,8.921028025305333
2873884,657782,5867714,6525496,8.920453888978415
2873913,657796,5867756,6525552,8.920327882808651
2873932,657796,5867771,6525567,8.92035068623099
2873973,657809,5867812,6525621,8.920236725250035
2874126,657880,5868160,6526040,8.91980300358728
2874139,657880,5868188,6526068,8.919845564540646
2874183,657890,5868286,6526176,8.919858942984389
2874948,658062,5869532,6527594,8.9194209664135
2874958,658067,5869540,6527607,8.919365353375872
2874962,658069,5869542,6527611,8.919341284880462
2875045,658166,5869728,6527894,8.918309362683578
2875562,658666,5870942,6529608,8.913382503423586
2875601,658682,5871017,6529699,8.913279852796949
2875695,658682,5871186,6529868,8.913536425771465
2875757,658741,5871286,6530027,8.912889891474798
2875787,658757,5871333,6530090,8.912744760207481
2875797,658759,5871340,6530099,8.912728327051319
2875843,658774,5871434,6530208,8.91266807736796
2875898,658794,5871544,6530338,8.912564473871955
2875991,658810,5871808,6530618,8.91274874394742
2876028,658810,5871856,6530666,8.912821602586481
2876494,658816,5872707,6531523,8.9140321425102
2876552,658831,5872819,6531650,8.913999189473477
2876562,658835,5872834,6531669,8.913967837167121
2876632,658836,5873116,6531952,8.914382334905804
2876660,658843,5873144,6531987,8.914330121136599
2877409,658843,5874991,6533834,8.917133520428994
2877425,658851,5875014,6533865,8.917060154723906
2877460,658861,5875035,6533896,8.91695668737412
2877556,658886,5875256,6534142,8.916953767419553
2877608,658886,5875383,6534269,8.917146516999907
2877664,658905,5875462,6534367,8.91700928054879
2877680,658905,5875488,6534393,8.917048739954925
2877687,658905,5875500,6534405,8.917066951988527
2877713,658905,5875552,6534457,8.917145870800798
2877756,658913,5875621,6534534,8.91714232379692
2878148,658913,5876725,6535638,8.91881781054555
2878238,658973,5876904,6535877,8.918277380105103
2878251,658980,5876912,6535892,8.91819478588121
2878488,658980,5877425,6536405,8.918973261707487
2879020,658985,5878752,6537737,8.920919292548389
2879026,658988,5878756,6537744,8.920884750556915
2879310,659151,5880485,6539636,8.921301795794895
2879323,659159,5880516,6539675,8.921240550458993
2879434,659159,5880731,6539890,8.92156672365848
2879460,659165,5880765,6539930,8.921537096174706
2879472,659171,5880788,6539959,8.921490781602953
2879486,659175,5880821,6539996,8.921486706868434
2879568,659204,5880881,6540085,8.921185247662333
2879589,659204,5880927,6540131,8.9212550287923
2879766,659204,5881307,6540511,8.921831481605087
2879776,659204,5881323,6540527,8.921855753302468
2879788,659215,5881346,6540561,8.921741768618736
2879816,659224,5881391,6540615,8.921688227370362
2880019,659369,5881924,6541293,8.920534632353053
2880153,659434,5882202,6541636,8.920076914444811
2880197,659472,5882334,6541806,8.919763083193828
2880228,659490,5882370,6541860,8.919574216439976
2880243,659490,5882394,6541884,8.919610608197244
2880297,659490,5882570,6542060,8.919877481083867
2880562,659601,5882939,6542540,8.91893584151631
2880619,659622,5883122,6542744,8.918929326189849
2880652,659631,5883249,6542880,8.9190001682759
2880746,659631,5883401,6543032,8.919230600138562
2880966,659783,5884440,6544223,8.91875055889588
2881113,659838,5884656,6544494,8.918334500286434
2881133,659838,5884677,6544515,8.918366326280086
2881171,659850,5884725,6544575,8.918276881109342
2881261,659850,5885104,6544954,8.918851254072896
2881276,659850,5885125,6544975,8.918883079487763
2881287,659850,5885135,6544985,8.918898234447223
2881380,659850,5885287,6545137,8.919128589831022
2881400,659864,5885328,6545192,8.919001491216372
2881426,659873,5885359,6545232,8.918926823797912
2881541,659947,5885607,6545554,8.91830253035471
2881993,659947,5886438,6546385,8.919561722380736
2882028,659970,5886486,6546456,8.919323605618438
2882056,659971,5886537,6546508,8.919387367020672
2882081,659989,5886573,6546562,8.919198653310888
2882120,660011,5886604,6546615,8.918948320558293
2882175,660015,5886663,6546678,8.918983659462285
2882245,660015,5886759,6546774,8.919129110702029
2883298,660015,5888464,6548479,8.921712385324575
2883306,660019,5888474,6548493,8.921673466975951
2883326,660019,5888495,6548514,8.921705284241817
2883425,660082,5888635,6548717,8.921065867574029
2883457,660104,5888675,6548779,8.920829142074583
2883464,660105,5888678,6548783,8.920820172548307
2883478,660109,5888711,6548820,8.920816107642828
2883618,660244,5889000,6549244,8.919429786563756
2883684,660272,5889114,6549386,8.91922419851213
2883719,660309,5889179,6549488,8.918822854148589
2883735,660311,5889192,6549503,8.918815527834612
2883777,660311,5889226,6549537,8.918867018722995
2883867,660339,5889360,6549699,8.918691762867255
2883897,660339,5889413,6549752,8.918772024672176
2884146,660519,5889887,6550406,8.917059161053656
2884166,660519,5889908,6550427,8.917090954234473
2884431,660519,5890733,6551252,8.91833997205228
2884565,660600,5890929,6551529,8.917543142597639
2885625,661094,5892930,6554024,8.913906343122157
2885637,661094,5892956,6554050,8.91394567187117
2885701,661115,5893061,6554176,8.913821347269385
2885783,661156,5893234,6554390,8.913530240971873
2885832,661172,5893311,6554483,8.91343099828789
2885878,661198,5893333,6554531,8.913113772273963
2885901,661198,5893374,6554572,8.913175780930978
2885917,661198,5893400,6554598,8.913215103493961
2885976,661231,5893502,6554733,8.912924530156632
2885995,661238,5893550,6554788,8.912902767233582
2886045,661254,5893722,6554976,8.912947218466732
2886140,661254,5893942,6555196,8.913279919667783
2886151,661254,5893968,6555222,8.913319238900634
2886448,661254,5894684,6555938,8.914402030082238
2886453,661257,5894696,6555953,8.91437973435442
2886501,661274,5894753,6556027,8.914236761161032
2886554,661274,5894845,6556119,8.914375886546273
2886588,661286,5894920,6556206,8.91432753755561
2886672,661286,5895102,6556388,8.914602758866813
2886719,661305,5895148,6556453,8.914416192225977
2886762,661314,5895210,6556524,8.914388626280406
2886772,661314,5895226,6556540,8.914412820536084
2886800,661320,5895321,6556641,8.914475594266014
2886814,661329,5895342,6556671,8.914386031763312
2887208,661329,5896115,6557444,8.915554890228615
2887725,661382,5897315,6558697,8.916654822780178
2887755,661391,5897350,6558741,8.91658640652806
2887825,661425,5897520,6558945,8.916385077673205
2887845,661425,5897561,6558986,8.916447065048947
2888222,661425,5898219,6559644,8.917441886835242
2888235,661442,5898235,6559677,8.91723688547144
2888246,661449,5898245,6559694,8.917157634224257
2888303,661449,5898306,6559755,8.917249855997968
2888321,661449,5898326,6559775,8.917280092645086
2888356,661462,5898370,6559832,8.9171713567824
2888375,661475,5898408,6559883,8.917053554556105
2888380,661484,5898417,6559901,8.916945836936343
2888410,661495,5898472,6559967,8.916880702046123
2888456,661531,5898544,6560075,8.91650429080421
2888496,661557,5898658,6560215,8.91632618202211
2888515,661568,5898685,6560253,8.916218740930638
2888617,661576,5898900,6560476,8.916435904567276
2888931,661688,5899415,6561103,8.915704984826686
2888994,661688,5899612,6561300,8.916002708225024
2889033,661688,5899618,6561306,8.91601177594274
2889872,661688,5901464,6563152,8.918801610426666
2890608,662061,5902489,6564550,8.915325022920848
2890892,662061,5903166,6565227,8.916347587306909
2891069,662154,5903498,6565652,8.915596673885531
2891167,662174,5903634,6565808,8.91553277537324
2891395,662222,5903765,6565987,8.915084367477975
2891422,662232,5903779,6566011,8.914970886335906
2891434,662232,5903798,6566030,8.914999577187452
2891542,662232,5904135,6566367,8.915508462291161
