loc,misses,hits,total,ratio
322,204,348,552,1.7058823529411764
342,226,371,597,1.6415929203539823
390,257,403,660,1.5680933852140078
406,275,409,684,1.4872727272727273
471,376,531,907,1.4122340425531914
658,521,914,1435,1.7543186180422266
765,656,1095,1751,1.6692073170731707
944,675,2124,2799,3.1466666666666665
1413,965,3165,4130,3.2797927461139897
1482,985,3186,4171,3.234517766497462
1502,1011,3201,4212,3.166172106824926
1506,1020,3203,4223,3.1401960784313725
1525,1034,3209,4243,3.1034816247582206
1562,1061,3264,4325,3.0763430725730445
1948,1499,4118,5617,2.7471647765176783
2011,1543,4155,5698,2.6928062216461437
2037,1559,4167,5726,2.672867222578576
2346,1559,4167,5726,2.672867222578576
2349,1562,4173,5735,2.67157490396927
2543,1665,4699,6364,2.8222222222222224
2546,1671,4706,6377,2.8162776780371037
2563,1702,4762,6464,2.797884841363102
2596,1730,4793,6523,2.770520231213873
2606,1737,4819,6556,2.774323546344272
2661,1799,4912,6711,2.7304057809894386
2666,1803,4919,6722,2.728230726566833
2809,1922,5081,7003,2.6436004162330904
2868,1972,5140,7112,2.606490872210953
3362,2410,5941,8351,2.4651452282157678
3376,2432,5962,8394,2.4514802631578947
3393,2450,5977,8427,2.439591836734694
3421,2474,6027,8501,2.4361358124494745
4496,2983,7447,10430,2.4964800536372778
4501,2986,7450,10436,2.4949765572672473
4627,3084,7764,10848,2.517509727626459
4696,3093,7825,10918,2.5299062398965404
4788,3195,8169,11364,2.556807511737089
4798,3197,8187,11384,2.5608382858930248
4824,3220,8209,11429,2.5493788819875776
4841,3222,8227,11449,2.553382991930478
4958,3302,8464,11766,2.5632949727437917
4985,3312,8547,11859,2.5806159420289854
4996,3326,8565,11891,2.5751653638003607
5042,3391,8832,12223,2.604541433205544
5126,3444,8942,12386,2.5963995354239255
5140,3462,8957,12419,2.5872328134026574
5259,3545,9274,12819,2.6160789844851906
5273,3559,9301,12860,2.6133745434110707
5293,3581,9314,12895,2.600949455459369
5299,3582,9327,12909,2.603852596314908
5337,3614,9371,12985,2.592971776425014
5371,3641,9457,13098,2.597363361713815
5531,3718,9799,13517,2.635556750941366
5602,3785,9989,13774,2.639101717305152
5611,3799,10003,13802,2.633061331929455
5768,3909,10294,14203,2.63341007930417
5878,4003,10512,14515,2.626030477142143
5884,4003,10526,14529,2.629527854109418
6047,4131,10751,14882,2.6025175502299684
6061,4137,10752,14889,2.598984771573604
6155,4171,10795,14966,2.58810836729801
6191,4197,10861,15058,2.587800810102454
6222,4229,10896,15125,2.5764956254433673
6330,4304,11378,15682,2.6435873605947955
6340,4310,11385,15695,2.6415313225058004
6352,4313,11411,15724,2.6457222351031766
6358,4314,11423,15737,2.647890588780714
6575,4476,11980,16456,2.676496872207328
6593,4495,12009,16504,2.671635150166852
6626,4526,12054,16580,2.6632788334069817
6722,4602,12189,16791,2.648631029986962
6831,4659,12271,16930,2.6338270015024685
6874,4721,12350,17071,2.6159711925439524
7109,4874,13024,17898,2.6721378744357818
7837,5488,14032,19520,2.556851311953353
7857,5498,14048,19546,2.5551109494361586
8687,5902,15240,21142,2.582175533717384
8690,5905,15241,21146,2.5810330228619813
8797,5955,15361,21316,2.5795130142737195
8877,5975,15476,21451,2.5901255230125524
9063,6119,15787,21906,2.579996731492074
9163,6203,15974,22177,2.575205545703692
9177,6217,16000,22217,2.5735885475309637
9186,6223,16006,22229,2.572071348224329
9264,6272,16201,22473,2.5830676020408165
9273,6283,16215,22498,2.580773515836384
9276,6286,16222,22508,2.58065542475342
9307,6324,16266,22590,2.5721062618595827
9319,6331,16278,22609,2.571157794977097
9343,6352,16299,22651,2.5659634760705288
9363,6365,16312,22677,2.562765121759623
9400,6386,16336,22722,2.558095834638271
9430,6416,16396,22812,2.5554862842892767
9526,6470,16491,22961,2.548840803709428
9601,6531,16597,23128,2.5412647374062165
9802,6640,16887,23527,2.543222891566265
10132,6904,17296,24200,2.5052143684820396
10180,6945,17367,24312,2.500647948164147
10200,6963,17395,24358,2.498204796782996
10247,7074,17517,24591,2.476251060220526
10257,7081,17530,24611,2.475639034034741
10336,7128,17727,24855,2.486952861952862
10491,7199,18027,25226,2.504097791359911
10595,7308,18231,25539,2.494663382594417
10664,7364,18400,25764,2.498642042368278
10703,7402,18480,25882,2.4966225344501485
10714,7413,18500,25913,2.495615810063402
10728,7424,18511,25935,2.4933997844827585
10741,7430,18550,25980,2.496635262449529
10908,7518,18755,26273,2.4946794360202182
10926,7538,18819,26357,2.4965508092332183
10933,7539,18838,26377,2.4987398859265153
11465,7844,19851,27695,2.5307241203467616
11506,7873,19875,27748,2.5244506541343834
11999,7873,19875,27748,2.5244506541343834
12390,8227,20350,28577,2.4735626595356752
12404,8227,20357,28584,2.4744135164701593
12594,8412,20742,29154,2.465763195435093
12601,8423,20759,29182,2.464561320194705
12672,8459,20845,29304,2.4642392717815347
12680,8463,20850,29313,2.463665366891173
12689,8478,20865,29343,2.4610757254069355
12712,8495,20906,29401,2.460977045320777
12729,8501,20923,29424,2.4612398541348077
12776,8517,20962,29479,2.4611952565457322
12796,8525,20975,29500,2.4604105571847508
13337,8688,21681,30369,2.4955110497237567
13450,8787,21873,30660,2.489245476271765
13454,8791,21874,30665,2.4882265953816405
14235,9135,22673,31808,2.4819923371647508
14290,9171,22748,31919,2.4804274343037838
14306,9182,22763,31945,2.479089522979743
14320,9197,22771,31968,2.475916059584647
14321,9197,22776,31973,2.476459715124497
14371,9239,22834,32073,2.4714795973590213
14636,9477,23421,32898,2.471351693573916
14652,9487,23430,32917,2.4696953726151576
14700,9505,23449,32954,2.467017359284587
14727,9518,23473,32991,2.46616936331162
14763,9547,23511,33058,2.4626584267309104
14773,9558,23524,33082,2.461184348189998
15063,9685,23969,33654,2.4748580278781622
15170,9741,24300,34041,2.4946104096088697
15238,9747,24414,34161,2.504770698676516
15250,9758,24439,34197,2.504509120721459
15259,9765,24454,34219,2.5042498719918074
16191,10045,25444,35489,2.533001493280239
16221,10067,25484,35551,2.531439356312705
16479,10225,25764,35989,2.519706601466993
16538,10283,25893,36176,2.5180394826412527
16555,10286,25929,36215,2.52080497763951
16620,10353,26052,36405,2.5163720660678064
16640,10369,26104,36473,2.517504098755907
16697,10414,26316,36730,2.526982907624352
16721,10445,26391,36836,2.526663475347056
16844,10517,26638,37155,2.5328515736426738
16855,10536,26645,37181,2.5289483675018984
16876,10552,26692,37244,2.5295678544351783
16902,10581,26747,37328,2.527832908042718
17140,10674,27066,37740,2.5356942102304667
17172,10690,27089,37779,2.5340505144995324
17259,10794,27292,38086,2.5284417268853066
17644,11214,28122,39336,2.5077581594435525
17645,11217,28123,39340,2.507176606935901
17758,11265,28310,39575,2.513093652907235
17768,11265,28330,39595,2.5148690634709276
17778,11265,28330,39595,2.5148690634709276
17836,11294,28456,39750,2.5195679121657517
17995,11412,28794,40206,2.5231335436382754
17996,11412,28799,40211,2.523571678934455
18015,11432,28828,40260,2.5216934919524143
18028,11445,28860,40305,2.521625163826999
18052,11449,28862,40311,2.5209188575421435
18104,11493,28947,40440,2.5186635343252415
18194,11561,29145,40706,2.5209756941441053
18362,11650,29485,41135,2.530901287553648
18410,11684,29575,41259,2.531239301609038
18432,11704,29632,41336,2.531784005468216
18437,11705,29642,41347,2.532422041862452
18759,11905,29964,41869,2.5169256614867703
18799,11947,30020,41967,2.51276471080606
18995,12024,30271,42295,2.5175482368596143
19084,12077,30415,42492,2.5184234495321687
19123,12125,30528,42653,2.5177731958762886
19142,12142,30548,42690,2.515895239663976
19287,12262,30991,43253,2.52740172891861
19294,12269,31015,43284,2.5279158855652457
19379,12342,31172,43514,2.5256846540269002
19406,12371,31197,43568,2.5217848193355428
19464,12407,31291,43698,2.5220440074151687
19483,12430,31326,43756,2.520193081255028
19486,12433,31330,43763,2.519906699911526
19493,12435,31344,43779,2.520627261761158
19525,12459,31390,43849,2.519463841399791
19549,12483,31417,43900,2.5167828246415125
19573,12492,31425,43917,2.5156099903938522
19649,12523,31583,44106,2.521999520881578
19658,12529,31595,44124,2.5217495410647297
19718,12576,31719,44295,2.522185114503817
19818,12664,31870,44534,2.516582438408086
19869,12701,31953,44654,2.5157861585701915
20047,12852,32371,45223,2.5187519452225335
20059,12862,32388,45250,2.518115378634738
20064,12867,32391,45258,2.517370016320821
20154,12949,32626,45575,2.5195768012973976
20205,13013,32800,45813,2.520556366710213
20226,13032,32839,45871,2.5198741559238798
20332,13092,33039,46131,2.5236021998166818
20375,13142,33171,46313,2.5240450464160706
20401,13162,33211,46373,2.523248746391126
20660,13361,33515,46876,2.5084200284409848
20726,13407,33644,47051,2.509435369583054
20749,13428,33675,47103,2.5078194816800714
20754,13432,33679,47111,2.5073704586063132
20763,13434,33706,47140,2.5090069971713564
20821,13493,33819,47312,2.5064107314904023
20891,13536,33899,47435,2.5043587470449173
20970,13564,34262,47826,2.5259510468888235
21015,13607,34322,47929,2.5223781876975084
21182,13684,34499,48183,2.521119555685472
21218,13702,34541,48243,2.5208728652751424
21275,13751,34587,48338,2.5152352556177733
21315,13788,34692,48480,2.516100957354221
21317,13791,34692,48483,2.515553621927344
21614,13970,35524,49494,2.542877594846099
21627,13980,35554,49534,2.5432045779685266
21655,13999,35602,49601,2.5431816558325595
21739,14038,35813,49851,2.551146887020943
21991,14203,36302,50505,2.555938886150813
22002,14209,36323,50532,2.5563375325497923
22137,14289,36448,50737,2.5507733221359086
22595,14642,37955,52597,2.592200519054774
22674,14723,38183,52906,2.5934252530055018
22725,14772,38270,53042,2.590712158137016
22750,14781,38304,53085,2.5914349502740004
22980,14935,39076,54011,2.6164044191496485
23005,14971,39131,54102,2.6137866541981163
23006,14971,39136,54107,2.6141206332242337
23022,14979,39143,54122,2.6131918018559315
23043,14993,39159,54152,2.611818848796105
23053,14993,39179,54172,2.613152804642166
23123,15043,39342,54385,2.6153027986438877
23206,15083,39439,54522,2.6147981170854604
23213,15083,39455,54538,2.6158589140091495
23220,15086,39474,54560,2.6165981704891954
23250,15112,39509,54621,2.614412387506617
23670,15319,40300,55619,2.630720020889092
23696,15338,40346,55684,2.6304602946929196
24306,15714,41071,56785,2.613656611938399
24401,15719,41419,57138,2.634964056237674
24457,15784,41572,57356,2.6338063862138874
24516,15826,41675,57501,2.6333249083786177
24534,15855,41706,57561,2.6304635761589403
24553,15864,41736,57600,2.6308623298033282
24581,15879,41800,57679,2.6324075823414574
24678,15952,41933,57885,2.628698595787362
24706,15985,41985,57970,2.6265248670628716
24743,15992,41997,57989,2.626125562781391
24753,15996,42002,57998,2.62578144536134
25145,16321,42783,59104,2.621346731205196
25224,16392,42977,59369,2.621827720839434
25246,16399,43002,59401,2.6222330629916457
25295,16439,43076,59515,2.620354036133585
26272,16866,44955,61821,2.665421558164354
26391,16953,45245,62198,2.668849171238129
26398,16958,45254,62212,2.6685929944568936
26404,16958,45268,62226,2.669418563509848
26526,17018,45560,62578,2.677165354330709
26659,17018,45560,62578,2.677165354330709
26674,17031,45588,62619,2.6767658974810637
26915,17169,45900,63069,2.6734230298794337
26952,17187,45941,63128,2.6730086693431083
27108,17248,46045,63293,2.669584879406308
27492,17562,47137,64699,2.684033709144744
27597,17641,47337,64978,2.68335128394082
27804,17773,47944,65717,2.6975749732740675
27818,17787,47974,65761,2.6971383594760217
27832,17793,47982,65775,2.6966784690608665
28298,18039,48593,66632,2.693774599478907
28361,18082,48681,66763,2.6922353721933416
28366,18083,48692,66775,2.6926947962174417
28369,18086,48695,66781,2.692414021895389
28461,18162,48804,66966,2.687148992401718
28471,18186,48850,67036,2.686132189596393
28708,18255,49640,67895,2.7192549986305123
28996,18384,50078,68462,2.723999129677981
29018,18396,50082,68478,2.7224396607958252
29062,18426,50143,68569,2.721317703245414
29143,18475,50422,68897,2.7292016238159675
29148,18475,50433,68908,2.7297970230040596
29162,18491,50457,68948,2.7287328970850684
29238,18545,50583,69128,2.727581558371529
29256,18560,50614,69174,2.7270474137931036
29265,18569,50624,69193,2.7262642037804943
29280,18590,50656,69246,2.7249058633674017
29302,18632,50736,69368,2.7230571060541005
29444,18699,51000,69699,2.7274185785336114
29462,18718,51029,69747,2.7261993802756703
29478,18723,51099,69822,2.7292100624899858
29497,18733,51113,69846,2.728500507126461
29508,18743,51125,69868,2.7276850024008965
29577,18792,51242,70034,2.726798637718178
29625,18843,51341,70184,2.7246722920978614
29689,18897,51397,70294,2.719849711594433
29718,18910,51437,70347,2.720095187731359
29729,18923,51453,70376,2.7190720287480845
29735,18926,51469,70395,2.7194864207967875
29951,18987,51747,70734,2.7253910570390265
29998,19020,51810,70830,2.72397476340694
30004,19020,51824,70844,2.7247108307045216
30197,19091,52005,71096,2.724058456864491
30204,19097,52021,71118,2.724040425197675
30206,19101,52031,71132,2.7239935081932884
31207,19496,53338,72834,2.735843249897415
31541,19651,54226,73877,2.759452445168185
31547,19651,54240,73891,2.760164877105491
31705,19783,54482,74265,2.7539806904918365
31737,19799,54555,74354,2.7554421940502047
32021,19975,55302,75277,2.7685607008760953
32125,20032,55417,75449,2.7664237220447285
32166,20066,55477,75543,2.764726402870527
32197,20080,55584,75664,2.7681274900398405
32342,20198,55802,76000,2.762748787008615
32394,20252,55887,76139,2.7595793008097966
32478,20299,55964,76263,2.756983102615892
32499,20311,55993,76304,2.7567820392890554
32672,20466,56356,76822,2.7536401837193396
32677,20466,56368,76834,2.7542265220365483
32681,20469,56371,76840,2.753969417167424
32714,20489,56417,76906,2.753526282395432
33137,20996,58000,78996,2.7624309392265194
33150,21004,58022,79026,2.76242620453247
33319,21155,58434,79589,2.762183880879225
33379,21196,58826,80022,2.7753349688620492
33435,21264,58934,80198,2.771538750940557
33441,21264,58948,80212,2.7721971407072985
33471,21274,58977,80251,2.7722572153802765
33708,21396,59217,80613,2.7676668536174986
33723,21404,59251,80655,2.7682208932909735
33775,21457,59343,80800,2.765670876636995
33786,21457,59343,80800,2.765670876636995
33821,21478,59396,80874,2.7654343979886393
33911,21553,59569,81122,2.763837980791537
33932,21567,59596,81163,2.763295775954004
34083,21627,59906,81533,2.769963471586443
34085,21628,59910,81538,2.7700203439985205
34133,21662,59995,81657,2.7695965284830577
34156,21698,60076,81774,2.7687344455710203
34168,21710,60089,81799,2.7678028558268077
34179,21729,60114,81843,2.7665332044732844
34760,22115,61239,83354,2.7691159846258198
34762,22116,61249,83365,2.769442937240007
34783,22118,61249,83367,2.7691925128854327
34827,22154,61312,83466,2.7675363365532184
34857,22184,61382,83566,2.766949152542373
34863,22184,61396,83580,2.767580238009376
34893,22207,61416,83623,2.7656144458954386
34904,22220,61432,83652,2.764716471647165
34967,22253,61465,83718,2.7620994922032986
34982,22264,61491,83755,2.761902623068631
34992,22268,61512,83780,2.7623495599065926
35001,22278,61535,83813,2.7621420235209624
35073,22338,61654,83992,2.760050138776972
35104,22365,61709,84074,2.759177285937849
35203,22412,61831,84243,2.7588345529180796
35253,22443,61862,84305,2.75640511518068
36064,22980,63030,86010,2.7428198433420365
36065,22980,63035,86015,2.743037423846823
36086,22996,63054,86050,2.7419551226300225
36131,23038,63115,86153,2.7396041323031515
36174,23047,63189,86236,2.7417451295179416
36193,23067,63213,86280,2.7404083756015085
36219,23080,63257,86337,2.7407712305025997
36254,23111,63341,86452,2.74072952273809
36316,23192,63516,86708,2.7387030010348394
36330,23202,63526,86728,2.737953624687527
36413,23292,63769,87061,2.737806972351022
36512,23331,63822,87153,2.7355021216407356
36546,23348,63845,87193,2.7344954599965736
36615,23390,64020,87410,2.7370671227020096
36621,23390,64034,87424,2.7376656690893544
36656,23405,64106,87511,2.7389873958555864
36939,23580,64604,88184,2.739779474130619
36975,23596,64623,88219,2.7387269028648924
36991,23610,64665,88275,2.738881829733164
37230,23826,65121,88947,2.7331906320825987
37230,23826,65121,88947,2.7331906320825987
37280,23889,65259,89148,2.731759387165641
37319,23916,65336,89252,2.73189496571333
37369,23924,65352,89276,2.7316502257147635
37740,24047,66350,90397,2.759179939285566
37859,24132,66588,90720,2.759323719542516
37904,24151,66614,90765,2.758229472899673
37928,24172,66645,90817,2.7571156710243256
37929,24172,66650,90822,2.7573225219261954
39865,24172,66650,90822,2.7573225219261954
39891,24173,66668,90841,2.7579530881562073
39891,24173,66668,90841,2.7579530881562073
39898,24174,66687,90861,2.7586249689749316
40858,24545,67849,92394,2.764269708698309
40898,24568,67915,92483,2.764368283946597
40931,24580,67937,92517,2.7639137510170873
40933,24580,67937,92517,2.7639137510170873
40953,24581,67977,92558,2.7654285830519507
41171,24736,68422,93158,2.7660899094437257
41197,24751,68497,93248,2.767443739646883
41203,24754,68512,93266,2.767714308798578
41219,24762,68520,93282,2.767143203295372
41467,24850,68730,93580,2.76579476861167
41486,24862,68740,93602,2.7648620384522564
41527,24894,68794,93688,2.7634771430866873
41549,24902,68811,93713,2.7632720263432655
41557,24912,68827,93739,2.762805073859987
42111,25139,69290,94429,2.7562751103862526
42122,25146,69310,94456,2.7563031893740555
42195,25173,69399,94572,2.756882373972113
42243,25218,69504,94722,2.7561265762550557
42292,25248,69563,94811,2.7551885297845375
42321,25260,69633,94893,2.756650831353919
42366,25304,69748,95052,2.75640214985773
42386,25304,69769,95073,2.757232058172621
42392,25304,69783,95087,2.757785330382548
42402,25308,69786,95094,2.7574679943100997
42410,25314,69789,95103,2.756932922493482
42697,25566,70455,96021,2.755808495658296
42704,25573,70473,96046,2.7557580260430923
42712,25580,70478,96058,2.755199374511337
42734,25595,70532,96127,2.7556944715764797
42804,25630,70601,96231,2.7546234880998828
42938,25720,70810,96530,2.7531104199066876
43006,25746,70876,96622,2.7528936533830497
43038,25772,70950,96722,2.7529877386310724
43046,25772,70970,96742,2.7537637746391432
43625,26194,71716,97910,2.737878903565702
43663,26215,71767,97982,2.737631127217242
43844,26239,71878,98117,2.7393574450245817
43945,26301,72143,98444,2.7429755522603703
44399,26513,72984,99497,2.752762795609701
44412,26525,73001,99526,2.7521583411875588
44455,26531,73009,99540,2.751837473144623
44531,26623,73119,99742,2.746459827968298
44572,26642,73164,99806,2.7461902259590123
44631,26682,73284,99966,2.746570721834945
44642,26687,73289,99976,2.7462434893393786
45108,27061,73897,100958,2.730756439155981
45145,27087,73975,101062,2.7310148779857495
45168,27102,74016,101118,2.731016161168917
45867,27445,75489,102934,2.7505556567680816
45896,27471,75561,103032,2.7505733318772525
45907,27471,75573,103044,2.751010156164683
45980,27505,75711,103216,2.7526267951281587
46165,27615,76035,103650,2.753394894079305
46172,27616,76057,103673,2.7540918308227114
46186,27625,76068,103693,2.7535927601809953
46223,27643,76094,103737,2.752740295915783
46238,27656,76116,103772,2.752241828174718
46282,27686,76189,103875,2.7518962652604206
46337,27695,76243,103938,2.7529517963531323
46364,27720,76273,103993,2.7515512265512267
46379,27727,76293,104020,2.751577884372633
46386,27735,76308,104043,2.7513250405624663
46406,27743,76315,104058,2.750783981544894
46441,27783,76386,104169,2.7493791167260553
46469,27792,76404,104196,2.7491364421416233
46475,27796,76416,104212,2.7491725428119156
46497,27810,76439,104249,2.748615605897159
46579,27870,76587,104457,2.7480086114101185
46592,27877,76594,104471,2.747569681099114
46708,27883,76621,104504,2.747946777606427
46753,27901,76674,104575,2.7480735457510486
47009,28113,77126,105239,2.7434283071888452
47040,28144,77178,105322,2.742254121660034
47070,28160,77202,105362,2.7415482954545456
47087,28164,77238,105402,2.7424371538133787
47162,28211,77448,105659,2.745312112296622
47170,28213,77468,105681,2.7458263920887536
47201,28248,77513,105761,2.7440172755593317
47231,28264,77543,105807,2.743525332578545
47300,28310,77658,105968,2.7431296361709645
47308,28313,77663,105976,2.7430155758838697
47500,28440,77964,106404,2.741350210970464
47627,28552,78299,106851,2.7423297842532923
47679,28613,78485,107098,2.7429839583406146
47706,28649,78548,107197,2.7417361862543195
47740,28679,78606,107285,2.7408905470902054
47748,28687,78622,107309,2.740683933489037
47929,28771,78771,107542,2.737861040631191
47932,28776,78775,107551,2.7375243258270783
47977,28804,78826,107630,2.7366338008609916
50320,28804,78826,107630,2.7366338008609916
50435,28884,78997,107881,2.7349743802797395
50489,28920,79212,108132,2.7390041493775934
50510,28938,79231,108169,2.7379570115419174
50566,28963,79333,108296,2.7391154231260573
50572,28964,79350,108314,2.7396077889794226
50597,28978,79408,108386,2.7402857340051074
50609,28990,79436,108426,2.7401172818213175
50691,29059,79554,108613,2.7376716335730755
50742,29106,79623,108729,2.735621521335807
50794,29134,79689,108823,2.7352577744216378
50823,29160,79739,108899,2.734533607681756
50826,29160,79748,108908,2.7348422496570644
50830,29168,79763,108931,2.73460641799232
50876,29182,79805,108987,2.734733739976698
51005,29247,80231,109478,2.7432215269942217
51042,29274,80286,109560,2.7425701988112317
51121,29309,80399,109708,2.7431505680848884
51332,29496,80753,110249,2.7377610523460807
51432,29580,81012,110592,2.7387423935091277
51459,29607,81055,110662,2.7376971662106935
51488,29628,81086,110714,2.736803024166329
51577,29672,81247,110919,2.738170665947695
51695,29707,81432,111139,2.741172114316491
51715,29708,81452,111160,2.7417530631479736
51719,29719,81462,111181,2.7410747333355765
51747,29738,81498,111236,2.740533996906315
51774,29762,81540,111302,2.739735232847255
51821,29799,81634,111433,2.7394879022786
51828,29801,81649,111450,2.7398073890137913
52080,30002,82193,112195,2.7395840277314845
52113,30016,82232,112248,2.7396055437100215
52325,30152,82671,112823,2.7418081719288936
52331,30157,82673,112830,2.741419902510197
52376,30191,82799,112990,2.7425060448478025
52377,30191,82804,112995,2.742671657116359
52383,30191,82818,113009,2.7431353714683184
52397,30205,82833,113038,2.742360536335044
52487,30207,83097,113304,2.7509186612374616
52521,30220,83110,113330,2.7501654533421576
52530,30230,83126,113356,2.749784981806153
53994,30906,84536,115442,2.7352617614702646
54017,30922,84578,115500,2.7352047086216933
54023,30922,84592,115514,2.735657460707587
54034,30923,84618,115541,2.7364097920641592
54041,30929,84634,115563,2.736396262407449
54078,30951,84756,115707,2.73839294368518
54164,31006,84840,115846,2.736244597819777
54241,31071,84979,116050,2.734994045894886
54342,31134,85223,116357,2.737296845891951
54398,31162,85283,116445,2.736762723830306
54460,31211,85357,116568,2.734837076671686
54852,31450,86222,117672,2.741558028616852
54996,31508,86359,117867,2.7408594642630444
55157,31578,86676,118254,2.74482234467034
55200,31621,86763,118384,2.743841118244205
55308,31642,86808,118450,2.7434422602869604
55311,31646,86809,118455,2.7431270934715286
55558,31825,87429,119254,2.7471798900235664
55626,31846,87465,119311,2.7464987753564025
55672,31868,87586,119454,2.74839964855027
55770,31894,87631,119525,2.7475700758763404
55777,31899,87639,119538,2.7473902003197592
55780,31900,87644,119544,2.747460815047022
55784,31902,87651,119553,2.7475079932292648
55792,31912,87664,119576,2.747054399598897
55793,31912,87669,119581,2.747211080471296
55800,31912,87692,119604,2.7479318124843317
56010,32045,88020,120065,2.746762365423623
56403,32254,89468,121722,2.7738575060457618
56496,32339,89610,121949,2.7709576672129628
56565,32361,89714,122075,2.7722876301721207
56568,32363,89716,122079,2.772178104625653
56624,32389,89854,122243,2.7742134675352745
56642,32401,89862,122263,2.773432918737076
56665,32426,89911,122337,2.772805773145007
56681,32436,89942,122378,2.7729066469355037
57515,32614,90515,123129,2.775341877721224
57547,32638,90567,123205,2.7748942949935658
57584,32672,90619,123291,2.7735981880509306
57628,32705,90688,123393,2.7729093410793455
57643,32718,90699,123417,2.7721437740693196
57709,32749,90850,123599,2.774130507801765
57720,32756,90861,123617,2.7738734888264744
60687,34287,94365,128652,2.7522092921515444
60740,34337,94509,128846,2.752395375251187
60765,34365,94564,128929,2.751753237305398
60784,34365,94564,128929,2.751753237305398
60869,34420,94921,129341,2.757728065078443
63087,35347,100070,135417,2.8310747729651737
63125,35365,100155,135520,2.8320373250388804
63165,35387,100271,135658,2.8335546952270607
63205,35423,100364,135787,2.833300398046467
63252,35453,100429,135882,2.832736298761741
63320,35507,100563,136070,2.83220210099417
63340,35530,100583,136113,2.8309316070925976
63794,36058,101723,137781,2.8210937933329636
63840,36085,101771,137856,2.820313149508106
63922,36140,101860,138000,2.8184836745987827
63976,36175,101976,138151,2.818963372494817
64008,36208,102070,138278,2.8189902783915155
64016,36208,102093,138301,2.8196254971277064
64241,36274,102471,138745,2.824915917737222
64288,36318,102550,138868,2.8236687042238007
66339,37581,108434,146015,2.885340996780288
66391,37610,108521,146131,2.885429407072587
66432,37633,108592,146225,2.885552573539181
66442,37644,108625,146269,2.8855860163638294
66516,37672,108751,146423,2.8867859418135486
66664,37780,108954,146734,2.883906829010058
66896,37987,109797,147784,2.890383552267881
66914,37992,109802,147794,2.890134765213729
67471,38357,110890,149247,2.890997731835128
67495,38368,110919,149287,2.890924728940784
67522,38393,110967,149360,2.8902925012372047
67557,38405,110988,149393,2.889936206223148
67592,38420,111083,149503,2.891280583029672
67656,38464,111207,149671,2.891196963394343
67818,38592,111365,149957,2.8857016998341627
68434,38592,111365,149957,2.8857016998341627
68452,38609,111410,150019,2.8855966225491465
68527,38609,111410,150019,2.8855966225491465
68548,38634,111436,150070,2.884402339907853
68618,38687,111584,150271,2.884276371907876
68652,38703,111612,150315,2.8838074567862955
68667,38709,111632,150341,2.8838771345165206
69016,38874,112279,151153,2.8882800843751606
69132,38963,112476,151439,2.8867387008187255
69238,39044,112624,151668,2.8845405183895094
69254,39044,112650,151694,2.8852064337670322
70273,39268,113931,153199,2.9013700723235205
70292,39271,113971,153242,2.902166993455731
70399,39319,114090,153409,2.9016506014903736
70454,39345,114233,153578,2.903367645189986
70476,39365,114253,153618,2.9024006096786485
70498,39365,114253,153618,2.9024006096786485
71032,39662,115064,154726,2.901114416822147
71033,39662,115069,154731,2.901240482073521
71815,40098,116034,156132,2.8937602872961246
71850,40120,116063,156183,2.8928963110668
71945,40184,116204,156388,2.891797730439976
72389,40374,116767,157141,2.8921335512953883
73128,40999,118075,159074,2.879948291421742
73137,41004,118086,159090,2.879865378987416
73146,41013,118114,159127,2.8799161241557556
73158,41016,118152,159168,2.8806319485078995
73167,41019,118176,159195,2.881006362904995
73237,41078,118343,159421,2.8809338331953844
73285,41078,118493,159571,2.8845854228540824
73296,41079,118507,159586,2.8848560091530953
73351,41104,118560,159664,2.8843908135461267
73353,41106,118565,159671,2.8843721111273295
74363,41821,120195,162016,2.8740345759307524
74405,41842,120247,162089,2.873834902729315
74430,41859,120286,162145,2.8735994648701593
74470,41879,120315,162194,2.8729196017096874
74544,41908,120395,162303,2.8728405077789443
74594,41953,120538,162491,2.873167592305675
74628,41974,120624,162598,2.873779006051365
74721,42040,120710,162750,2.871313035204567
74743,42067,120731,162798,2.8699693346328474
74780,42084,120827,162911,2.871091151031271
74810,42111,120888,162999,2.870698867279333
74850,42138,120964,163102,2.870663059471261
74910,42203,121166,163369,2.871028125962609
74922,42203,121166,163369,2.871028125962609
74944,42203,121179,163382,2.8713361609364263
74983,42240,121238,163478,2.870217803030303
74992,42251,121248,163499,2.8697072258644765
75009,42273,121321,163594,2.8699406240389846
75048,42287,121330,163617,2.8692033012509754
75263,42372,121540,163912,2.868403662796186
75317,42387,121582,163969,2.868379455965272
75466,42396,128167,170563,3.0230918011133125
75484,42405,128191,170596,3.0230161537554534
75490,42405,128205,170610,3.0233463035019454
75553,42434,128267,170701,3.0227411980958667
75612,42477,128406,170883,3.0229535984179674
75977,42615,128911,171526,3.0250146661973485
75980,42618,128917,171535,3.0249425125533813
75988,42625,128933,171558,3.0248211143695016
76019,42637,129002,171639,3.0255881042287216
76514,42921,129757,172678,3.023158826681578
76827,43128,130336,173464,3.0220738267482843
76871,43162,130386,173548,3.020851675084565
76902,43186,130431,173617,3.0202148844532952
76946,43215,130509,173724,3.019993057965984
77293,43429,131295,174724,3.0232102972668033
78332,43728,133430,177158,3.051362971094036
78401,43771,133547,177318,3.0510383587306666
78532,43818,133658,177476,3.0502989638961155
78559,43832,133726,177558,3.0508760722759627
78602,43857,133787,177644,3.050527851882254
78609,43863,133798,177661,3.0503613523926774
78673,43863,133798,177661,3.0503613523926774
78678,43865,133804,177669,3.0503590561951444
78721,43896,133907,177803,3.0505513030800073
78945,44030,134406,178436,3.0526004996593232
78947,44034,134413,178447,3.0524821728664215
79006,44060,134477,178537,3.05213345438039
79149,44179,134926,179105,3.0540754657190066
79405,44261,135162,179423,3.0537493504439572
79429,44272,135184,179456,3.053487531622696
79482,44321,135347,179668,3.0537894000586627
79495,44330,135361,179691,3.053485224452966
79516,44330,135424,179754,3.054906383938642
79992,44330,135424,179754,3.054906383938642
80092,44402,135608,180010,3.0540966623125083
80223,44448,135839,180287,3.056133009359251
80295,44501,135996,180497,3.0560212130064492
80372,44534,136177,180711,3.057820990703732
80483,44594,136332,180926,3.0571825806162263
80731,44759,136690,181449,3.053910945284747
80763,44782,136746,181528,3.0535929614577286
80784,44800,136796,181596,3.053482142857143
80815,44822,136831,181653,3.0527642675471864
80836,44830,136848,181678,3.052598706223511
81930,44830,136848,181678,3.052598706223511
81945,44853,136898,181751,3.0521481283303236
82005,44881,136983,181864,3.0521378757157818
82094,44926,137085,182011,3.0513511107153986
82100,44926,137099,182025,3.0516627342741396
82112,44933,137123,182056,3.0517214519395544
82190,44953,137328,182281,3.054924031766512
82229,44960,137361,182321,3.055182384341637
82265,44982,137388,182370,3.0542883820194744
82293,44997,137417,182414,3.053914705424806
82333,45003,137433,182436,3.053863075794947
82386,45035,137553,182588,3.054357721771955
82389,45035,137562,182597,3.054557566337293
82422,45056,137623,182679,3.0544877485795454
82439,45064,137643,182707,3.0543893129770994
82503,45099,137787,182886,3.0552118672254376
82555,45122,137853,182975,3.0551172377110944
82874,45298,138478,183776,3.0570444611241117
82877,45300,138480,183780,3.056953642384106
82925,45333,138555,183888,3.056382767520349
83563,45654,140357,186011,3.074363692118982
83593,45689,140440,186129,3.073825209569043
83673,45756,140532,186288,3.071334906897456
83803,45809,140925,186734,3.076360540505141
83823,45830,140969,186799,3.0759109753436613
83950,45908,141247,187155,3.0767404373965324
84117,46001,141552,187553,3.077150496728332
84144,46013,141564,187577,3.076608784473953
84161,46030,141614,187644,3.0765587660221594
84214,46068,141688,187756,3.0756273335069895
84225,46079,141695,187774,3.0750450313591875
84255,46109,141849,187958,3.076384220000434
84270,46125,141887,188012,3.076140921409214
84413,46226,142200,188426,3.0761908882447107
84446,46254,142247,188501,3.0753448350412937
84534,46317,142410,188727,3.0746810026556126
84559,46323,142463,188786,3.0754268937676748
84573,46329,142493,188822,3.0756761423730277
84592,46344,142539,188883,3.0756732263076128
84604,46356,142562,188918,3.075373198722927
85145,46466,142925,189391,3.075904962768476
85151,46469,142940,189409,3.076029180744152
85159,46474,142957,189431,3.0760640358049662
85218,46509,143050,189559,3.075748779806059
85276,46527,143084,189611,3.0752896167816535
85399,46574,143167,189741,3.0739683084983036
85430,46603,143205,189808,3.0728708452245566
85593,46784,143442,190226,3.0660482216142273
85639,46813,143539,190352,3.0662209215388887
85673,46827,143596,190423,3.066521451299464
85683,46833,143608,190441,3.066384814126791
85724,46833,143661,190494,3.0675164947793223
85808,46857,143830,190687,3.0695520413171993
85840,46877,143923,190800,3.070226337009621
85875,46900,143999,190899,3.0703411513859273
85920,46928,144099,191027,3.0706401295601773
86013,46928,144099,191027,3.0706401295601773
86353,47082,144497,191579,3.0690497430015715
86526,47172,144720,191892,3.0679216484355125
86645,47262,144900,192162,3.065888028437222
86692,47281,144934,192215,3.06537509781942
86742,47311,144988,192299,3.0645727209317073
86811,47333,145065,192398,3.0647751040500286
86871,47370,145153,192523,3.0642389698121173
87060,47438,145359,192797,3.0641890467557653
87084,47474,145418,192892,3.063108227661457
87298,47628,145712,193340,3.059376837154615
87304,47628,145730,193358,3.0597547661039726
87330,47661,145806,193467,3.0592308176496505
87393,47702,145853,193555,3.0575866839964783
87398,47704,145855,193559,3.0575004192520545
87405,47704,145875,193579,3.057919671306389
87494,47748,145988,193736,3.0574683756387704
87500,47755,145995,193750,3.057166788817925
87675,47858,146465,194323,3.0604078732918216
87695,47879,146523,194402,3.0602769481401033
87736,47902,146587,194489,3.0601436265709157
88171,48131,147126,195257,3.056782531009121
88310,48256,147386,195642,3.054252320954907
88614,48447,147977,196424,3.0544099737857864
88651,48465,148078,196543,3.055359537810791
88757,48537,148519,197056,3.0599130560191194
88763,48537,148533,197070,3.0602014957661168
88863,48589,148617,197206,3.0586552511885405
88953,48689,148953,197642,3.059274168703403
88956,48689,148960,197649,3.059417938343363
88983,48694,148980,197674,3.059514519242617
89008,48710,149027,197737,3.0594744405666185
89034,48740,149082,197822,3.058719737382027
89057,48756,149099,197855,3.0580646484535237
89202,48867,149376,198243,3.056786788630364
89360,48960,149711,198671,3.0578227124183006
89396,48989,149777,198766,3.0573598154687787
89441,49012,149811,198823,3.056618787235779
89459,49029,149840,198869,3.056150441575394
89468,49040,149866,198906,3.055995106035889
89473,49043,149881,198924,3.0561140223885164
89645,49135,150093,199228,3.0547064210847665
89705,49158,150112,199270,3.053663696651613
90097,49415,151122,200537,3.0582211878984116
90163,49460,151199,200659,3.056995551961181
90224,49484,151311,200795,3.057776250909385
90291,49519,151443,200962,3.0582806599487067
90301,49520,151460,200980,3.058562197092084
90400,49608,151840,201448,3.060796645702306
90426,49619,151863,201482,3.060581632036115
90431,49625,151872,201497,3.0603929471032747
90460,49642,151908,201550,3.0600701019298175
90543,49697,152098,201795,3.060506670422762
90632,49734,152231,201965,3.060904009329634
90672,49774,152308,202082,3.059991160043396
90719,49797,152519,202316,3.062815029017812
90776,49835,152560,202395,3.0613022975820208
91011,49964,153006,202970,3.0623248739092146
91016,49965,153018,202983,3.0625037526268386
91029,49973,153032,203005,3.062293638564825
91069,49989,153057,203046,3.0618135989917783
91174,50068,153234,203302,3.0605176959335303
91336,50140,153602,203742,3.0634623055444754
91348,50153,153616,203769,3.062947381014097
91397,50188,153673,203861,3.0619470789830237
91472,50225,153814,204039,3.062498755599801
91476,50226,153822,204048,3.0625970612830007
91504,50249,153857,204106,3.0618917789408746
91509,50249,153857,204106,3.0618917789408746
91545,50253,153882,204135,3.0621455435496387
91573,50275,153927,204202,3.061700646444555
91899,50425,154778,205203,3.0694695091720376
92055,50515,154978,205493,3.06796001187766
92078,50527,155001,205528,3.0676865834108495
92609,50712,155424,206136,3.0648367250354944
92859,50881,155839,206720,3.0628132308720346
92899,50895,155879,206774,3.0627566558601043
92924,50923,155930,206853,3.062074111894429
92969,50942,155987,206929,3.0620509599151977
92989,50960,156031,206991,3.061832810047096
93027,50983,156073,207056,3.0612753270698074
93046,50999,156132,207131,3.06147179356458
93051,50999,156134,207133,3.0615110100198044
93067,51017,156196,207213,3.06164611796068
93083,51032,156243,207275,3.0616671892146106
93088,51038,156254,207292,3.061522786943062
93120,51064,156305,207369,3.060962713457622
93132,51072,156340,207412,3.0611685463659146
93142,51075,156364,207439,3.061458639255996
93188,51120,156460,207580,3.060641627543036
93235,51175,156641,207816,3.0608891060087933
93248,51186,156654,207840,3.060485288946196
93254,51186,156668,207854,3.0607588012347127
93383,51235,156803,208038,3.0604664779935593
93438,51257,156878,208135,3.060616110970209
93493,51303,156988,208291,3.0600159834707523
93551,51330,157059,208389,3.05978959672706
93599,51343,157116,208459,3.06012504138831
94240,51613,157820,209433,3.0577567667060626
94249,51618,157828,209446,3.0576155604634043
94417,51695,158014,209709,3.056659251378276
94473,51744,158075,209819,3.0549435683364257
94498,51753,158091,209844,3.0547214654222943
94626,51818,158375,210193,3.0563703732293797
95040,52064,159125,211189,3.0563345113706206
95109,52086,159200,211286,3.056483508044388
95731,52642,160569,213211,3.0502070590023176
95900,52757,160867,213624,3.049206740337775
95907,52762,160876,213638,3.049088359046283
96314,53117,162308,215425,3.055669559651336
96333,53134,162339,215473,3.05527534158919
96418,53223,162611,215834,3.0552768539916952
96497,53271,162781,216052,3.055715117043044
96564,53307,162880,216187,3.055508657399591
96622,53324,162960,216284,3.056034806091066
96689,53369,163067,216436,3.0554629091794863
97357,53883,164168,218051,3.046749438598445
97674,54174,164947,219121,3.044763170524606
97696,54182,165003,219185,3.045347163264553
97728,54202,165029,219231,3.0447031474853326
97733,54209,165034,219243,3.044402221033408
97854,54240,165126,219366,3.044358407079646
97875,54242,165149,219391,3.044670181777958
97903,54273,165225,219498,3.0443314355204247
97925,54293,165263,219556,3.043909896303391
97941,54307,165297,219604,3.0437512659509824
98312,54656,166574,221230,3.047680035128806
98323,54663,166592,221255,3.0476190476190474
98365,54686,166678,221364,3.0479098855282887
98396,54698,166710,221408,3.0478262459322094
98445,54731,166765,221496,3.0469934771884306
98515,54756,166820,221576,3.0466067645554826
98578,54783,166873,221656,3.046072686782396
98580,54783,166884,221667,3.0462734789989594
98638,54814,166940,221754,3.0455722990476883
98649,54815,166966,221781,3.045991060841011
98697,54849,167075,221924,3.0460901748436617
98721,54866,167125,221991,3.046057667772391
98764,54886,167203,222089,3.0463688372262507
98918,54969,167489,222458,3.0469719296330657
99013,54988,167573,222561,3.0474467156470504
100047,55105,169127,224232,3.0691770256782505
100093,55142,169193,224335,3.068314533386529
100118,55146,169215,224361,3.0684909150255684
100126,55146,169237,224383,3.068889856018569
100133,55147,169253,224400,3.0691243403992963
100159,55150,169276,224426,3.0693744333635538
100164,55155,169276,224431,3.0690961834829116
100232,55208,169370,224578,3.06785248514708
100476,55352,169700,225052,3.0658332128920365
101402,55825,171415,227240,3.070577698163905
101425,55828,171433,227261,3.0707351149960593
101439,55835,171458,227293,3.07079788663025
101455,55844,171487,227331,3.070822290666858
101490,55850,171515,227365,3.070993733213966
103889,57177,175370,232547,3.0671423824265003
103901,57187,175381,232568,3.0667983982373617
103997,57255,175598,232853,3.066946118242948
103997,57442,176132,233574,3.066258138644198
104042,57461,176276,233737,3.0677503002036164
104074,57486,176300,233786,3.0668336638485894
104090,57488,176324,233812,3.067144447536877
104127,57506,176341,233847,3.0664800194762285
104381,57695,176896,234591,3.066054250801629
104636,57875,177597,235472,3.0686306695464363
104711,57918,177703,235621,3.0681826029904347
104722,57925,177727,235652,3.0682261545101426
104833,58062,178037,236099,3.06632565188936
104869,58080,178150,236230,3.0673209366391183
104901,58098,178218,236316,3.0675410513270682
104940,58121,178308,236429,3.067875638753635
104947,58125,178328,236453,3.0680086021505377
105002,58183,178495,236678,3.0678204973961467
105082,58211,178611,236822,3.0683375994227897
105099,58225,178642,236867,3.0681322455989695
105161,58253,178726,236979,3.0680994970216124
105505,58391,179056,237447,3.0664999743111094
105592,58437,179185,237622,3.0662936153464413
105601,58437,179214,237651,3.0667898762770163
105663,58503,179320,237823,3.065141958532041
105782,58578,179784,238362,3.0691385844515007
106006,58678,180019,238697,3.067913016803572
106174,58754,180374,239128,3.0699867243081322
106406,58894,180792,239686,3.0697863958977147
106448,58910,180868,239778,3.070242743167544
106626,59018,181533,240551,3.075892100715036
107679,59481,182775,242256,3.072829979321128
107719,59517,182837,242354,3.0720130382915807
107732,59524,182854,242378,3.0719373698004167
107755,59540,182914,242454,3.0721195834732953
107766,59554,182938,242492,3.0718003828458205
107833,59582,183018,242600,3.0716995065623847
107843,59586,183030,242616,3.071694693384352
108187,59758,183552,243310,3.071588741256401
108276,59782,183627,243409,3.0716101836673246
108443,59821,183687,243508,3.0706106551211114
108613,59867,183889,243756,3.0716254363839846
108629,59869,183913,243782,3.071923700078505
108696,59940,184116,244056,3.071671671671672
108889,60055,184445,244500,3.0712680043293648
108896,60055,184468,244523,3.0716509865956207
108935,60068,184490,244558,3.0713524672038357
108948,60071,184519,244590,3.0716818431522697
109012,60129,184689,244818,3.0715461757221973
109012,60145,184718,244863,3.071211239504531
109080,60174,184763,244937,3.0704789443945892
109329,60366,185406,245772,3.0713646754795745
109359,60379,185451,245830,3.0714486824889446
109621,60532,186090,246622,3.0742417233859776
109642,60549,186141,246690,3.0742208789575387
110235,60863,187125,247988,3.0745280383812825
110255,60863,187146,248009,3.0748730755960105
110287,60889,187196,248085,3.074381251129104
110288,60889,187198,248087,3.074414097784493
110374,60976,187488,248464,3.0747835213854633
110460,61011,187661,248672,3.0758551736572093
110539,61074,187872,248946,3.0761371451026625
112016,61823,190047,251870,3.0740501108001874
112143,61886,190255,252141,3.074281743851598
112317,61976,190838,252814,3.079224215825481
112365,62021,190909,252930,3.078134825301108
112383,62032,190954,252986,3.078314418364715
112485,62053,191041,253094,3.0786746813208064
112509,62068,191053,253121,3.078123993039892
112576,62086,191101,253187,3.07800470315369
112615,62099,191226,253325,3.0793732588286447
112692,62153,191370,253523,3.079014689556417
112885,62249,191717,253966,3.079840640010281
112939,62284,191766,254050,3.07889666688074
112966,62290,191773,254063,3.0787124739123453
112984,62305,191819,254124,3.078709573870476
113014,62316,191870,254186,3.0789845304576673
113279,62316,192695,255011,3.0922235060016687
113293,62324,192713,255037,3.0921153969578334
113366,62336,192836,255172,3.0934933264887063
113372,62336,192850,255186,3.093717915811088
113450,62396,193048,255444,3.093916276684403
113456,62396,193062,255458,3.0941406500416693
113551,62480,193228,255708,3.0926376440460945
113597,62499,193314,255813,3.093073489175827
113603,62499,193328,255827,3.093297492759884
113610,62499,193344,255843,3.0935534968559497
113971,62774,194126,256900,3.092458661229171
113985,62790,194159,256949,3.092196209587514
114010,62806,194197,257003,3.0920135018947232
114053,62842,194272,257114,3.0914356640463385
114150,62913,194450,257363,3.0907761511929173
114255,62957,194732,257689,3.0930952872595583
114518,63062,195014,258076,3.0924169864577715
114525,63062,195038,258100,3.092797564301798
116157,64037,202543,266580,3.1629058200727704
116267,64090,202727,266817,3.1631611795912
116290,64117,202791,266908,3.1628273312849946
116345,64137,202813,266950,3.162184074715063
116373,64155,202837,266992,3.1616709531603147
116734,64328,203900,268228,3.1696928242755877
116816,64377,204106,268483,3.170480140422822
116960,64377,204301,268678,3.173509172530562
117164,64464,204569,269033,3.173383593943907
117616,64609,205256,269865,3.176894859849247
117644,64628,205288,269916,3.1764560252522127
117689,64670,205390,270060,3.1759703108087214
117736,64695,205546,270241,3.177154339593477
117985,64771,205751,270522,3.1765913757700206
118588,65179,207142,272321,3.1780481443409685
118591,65180,207149,272329,3.1781067812212336
119215,65366,207841,273207,3.1796499709329007
119270,65395,207948,273343,3.179876137319367
119378,65404,208054,273458,3.1810592624304324
119396,65426,208075,273501,3.180310579891786
119826,65741,208701,274442,3.1745942410367958
120117,65990,209548,275538,3.1754508258827094
120506,66150,210064,276214,3.1755706727135298
120535,66163,210106,276269,3.175581518371295
120673,66242,210278,276520,3.1743908698408863
120715,66257,210326,276583,3.1743966675219224
120866,66305,210441,276746,3.1738330442651383
120990,66369,210585,276954,3.1729421868643493
120991,66369,210590,276959,3.1730175232412723
121006,66373,211525,277898,3.1869133533213807
121020,66389,211548,277937,3.186491738089141
121033,66398,211569,277967,3.186376095665532
121068,66414,211614,278028,3.186286024031078
121102,66429,211638,278067,3.1859278327236598
121137,66470,211699,278169,3.1848803971716566
121243,66536,211999,278535,3.1862300108212094
121245,66539,212001,278540,3.186116412930762
121284,66598,212067,278665,3.1842848133577584
121463,66617,212728,279345,3.193299007760782
121474,66635,212758,279393,3.192886621145044
121543,66688,212897,279585,3.192433421305182
121575,66711,212950,279661,3.1921272353884667
121632,66744,213004,279748,3.191358024691358
121688,66775,213144,279919,3.1919730438038187
121716,66787,213235,280022,3.192762064473625
121765,66839,213335,280174,3.191774263528778
121795,66855,213380,280235,3.1916834941290855
122033,67007,213637,280644,3.188278836539466
122634,67388,215093,282481,3.191859084703508
122635,67388,215098,282486,3.1919332818899506
122663,67409,215156,282565,3.1917993146315773
122682,67420,215212,282632,3.1921091664194603
123023,67708,216085,283793,3.1914249423997165
123099,67773,216287,284060,3.191344635769407
123169,67795,216427,284222,3.192374068884136
123187,67814,216466,284280,3.1920547379597135
123202,67814,216507,284321,3.192659332881116
123261,67854,216768,284622,3.194623750994783
123281,67869,216797,284666,3.1943449881389148
123856,68315,217873,286188,3.1892410158823097
124057,68334,218543,286877,3.1981590423508064
124107,68353,218606,286959,3.198191739938262
124154,68398,218701,287099,3.1974765344015905
124168,68398,218745,287143,3.198119828065148
124216,68428,218818,287246,3.197784532647454
124234,68437,218847,287284,3.197787746394494
124297,68483,218923,287406,3.1967495582845378
124322,68501,218951,287452,3.1963183019225996
124349,68522,219032,287554,3.1965208254283297
124478,68593,219243,287836,3.19628825098771
124494,68595,219267,287862,3.196544937677673
124501,68598,219269,287867,3.196434298376046
124546,68598,219372,287970,3.1979357998775475
124635,68675,219573,288248,3.1972770294867128
124891,68705,220009,288714,3.202226912160687
125042,68737,220217,288954,3.2037621659368316
125057,68748,220231,288979,3.203453191365567
125070,68763,220266,289029,3.2032633829239563
125099,68780,220313,289093,3.2031549869148006
125161,68783,220327,289110,3.203218818603434
125181,68792,220350,289142,3.2031340853587627
125196,68792,220423,289215,3.2041952552622397
125219,68808,220451,289259,3.203857109638414
125241,68822,220502,289324,3.20394641248438
125286,68838,220541,289379,3.203768267526657
125291,68838,220553,289391,3.20394258984863
125318,68857,220586,289443,3.2035377666758644
125320,68858,220589,289447,3.2035348107699906
125337,68877,220632,289509,3.2032754039810096
125352,68884,220652,289536,3.203240229951803
125413,68907,220772,289679,3.2039125197730276
125424,68916,220789,289705,3.203740785884265
125441,68922,220805,289727,3.203694030933519
125464,68934,220845,289779,3.203716598485508
125497,68949,220896,289845,3.2037593003524343
126550,68949,222601,291550,3.228487722809613
127024,69231,223235,292466,3.2244948072395316
127061,69246,223281,292527,3.224460618663894
127118,69288,223362,292650,3.2236750952545896
127955,69327,225032,294359,3.245950351234007
128001,69365,225165,294530,3.2460895264182223
128023,69376,225193,294569,3.2459784363468636
128409,69496,225902,295398,3.2505755726948315
128451,69544,226020,295564,3.250028758771425
128466,69552,226058,295610,3.2502012882447664
128500,69578,226134,295712,3.2500790479749346
128718,69600,226255,295855,3.2507902298850575
129159,69646,226610,296256,3.2537403440255006
129167,69647,226633,296280,3.2540238631958305
129293,69691,226883,296574,3.2555566715931756
129302,69697,226893,296590,3.2554198889478743
129320,69697,226936,296633,3.2560368452013715
129341,69708,226973,296681,3.256053824525162
129357,69726,226993,296719,3.255500100392967
129368,69726,227005,296731,3.2556722026216907
129386,69733,227022,296755,3.255589175856481
129517,69785,227287,297072,3.2569606648993337
129747,69916,227900,297816,3.2596258367183477
129758,69924,227918,297842,3.259510325496253
129810,69953,227987,297940,3.259145426214744
129866,69956,227990,297946,3.2590485447995885
129874,69957,228007,297964,3.2592449647640693
129973,70020,228152,298172,3.2583833190516995
130178,70203,228610,298813,3.256413543580759
130223,70233,228648,298881,3.2555636239374652
130304,70279,228775,299054,3.2552398298211416
130309,70285,228787,299072,3.255132674112542
130391,70356,228978,299334,3.2545625106600715
130406,70402,229051,299453,3.2534729127013438
130424,70411,229074,299485,3.2533837042507563
130438,70421,229089,299510,3.25313471833686
130501,70460,229177,299637,3.2525830258302584
130522,70486,229208,299694,3.2518230570609767
131429,71074,230869,301943,3.2482905141120524
131497,71116,230995,302111,3.2481438776084146
131538,71141,231072,302213,3.2480847893619713
131649,71187,231239,302426,3.2483318583449226
131660,71204,231262,302466,3.2478793326217628
131666,71204,231276,302480,3.2480759507892816
131726,71256,231438,302694,3.247979117547996
131737,71256,231450,302706,3.248147524418996
132206,71256,232781,304037,3.266826653194117
132739,71518,233828,305346,3.269498587768114
132747,71525,233844,305369,3.2694023068857043
132784,71557,233942,305499,3.2693097810137375
132789,71560,233950,305510,3.269284516489659
132795,71568,233966,305534,3.2691426335792535
133265,71876,235069,306945,3.270479715064834
133278,71890,235096,306986,3.270218389205731
133329,71919,235165,307084,3.2698591470960388
133381,71960,235258,307218,3.2692884936075597
133471,72014,235435,307449,3.2692948593329074
133558,72040,235583,307623,3.2701693503609106
133627,72069,235638,307707,3.269616617408317
133652,72083,235684,307767,3.2696197439063304
133937,72146,235957,308103,3.270548609763535
134031,72234,236314,308548,3.27150649278733
134037,72239,236323,308562,3.2714046429214134
134149,72281,236513,308794,3.2721323722693376
134319,72373,236775,309148,3.2715929973885287
134338,72390,236816,309206,3.2713910761154854
134343,72398,236842,309240,3.27138871239537
134349,72405,236845,309250,3.271113873351288
134473,72475,236978,309453,3.2697895826146945
134589,72566,237228,309794,3.269134305322052
134613,72614,237319,309933,3.2682265127936763
134648,72662,237436,310098,3.267677740772343
134656,72662,237458,310120,3.2679805125099777
134678,72682,237507,310189,3.2677554277537766
134762,72705,237681,310386,3.2691149164431605
134843,72748,237768,310516,3.2683785121240447
134884,72763,237802,310565,3.2681720104998417
134955,72816,237906,310722,3.2672214897824654
134984,72830,237922,310752,3.2668131264588767
135106,72890,238210,311100,3.2680751817807656
135122,72901,238232,311133,3.2678838424712966
135235,72955,238514,311469,3.2693304091563293
135246,72961,238530,311491,3.2692808486725786
135249,72964,238536,311500,3.2692286607093908
135426,73046,238936,311982,3.2710346904690195
135584,73141,239318,312459,3.272008859599951
135593,73148,239337,312485,3.2719554875047847
135752,73258,239703,312961,3.272038548690928
135766,73264,239735,312999,3.272207359685521
136097,73340,239995,313335,3.272361603490592
136207,73392,240282,313674,3.2739535644211903
136341,73457,240560,314017,3.2748410634793146
136356,73462,240584,314046,3.2749448694563177
136474,73527,240735,314262,3.2741033905912116
136492,73539,240756,314295,3.273854689348509
136594,73539,240756,314295,3.273854689348509
136690,73597,240998,314595,3.274562821854152
136699,73610,241021,314631,3.2742969705203095
137150,73832,241740,315572,3.2741900530935095
137166,73841,241767,315608,3.274156633848404
137172,73841,241785,315626,3.27440040086131
137192,73852,241810,315662,3.2742512051129284
137208,73852,241836,315688,3.2746032605752045
137570,73992,242584,316576,3.278516596388799
137598,74026,242658,316684,3.2780104287682708
137619,74053,242713,316766,3.2775579652411113
137711,74113,242947,317060,3.2780618784828572
137743,74113,242996,317109,3.2787230310471847
137931,74145,243350,317495,3.282082406096163
138223,74412,244142,318554,3.280949309251196
138369,74517,244422,318939,3.2800837392809696
138416,74527,244475,319002,3.280354770754223
138425,74534,244489,319023,3.2802345238414685
138438,74538,244508,319046,3.2803133971933778
138447,74538,244537,319075,3.2807024604899513
138539,74604,244792,319396,3.281218165245831
138663,74644,245078,319722,3.2832913563045927
138693,74680,245122,319802,3.2822978039635777
138771,74733,245264,319997,3.2818701243092074
138797,74748,245326,320074,3.282040991063306
138852,74790,245410,320200,3.281321032223559
138871,74812,245446,320258,3.280837298829065
138906,74838,245481,320319,3.2801651567385552
138917,74846,245488,320334,3.2799080779199956
138945,74886,245537,320423,3.2788104585636835
139061,74967,245748,320715,3.278082356236744
139066,74967,245760,320727,3.2782424266677337
139188,75043,246039,321082,3.278640246258812
139241,75098,246129,321227,3.277437481690591
139581,75342,247135,322477,3.2801757319954343
140284,75584,247960,323544,3.280588484335309
140291,75585,247978,323563,3.2807832241846926
140361,75646,248064,323710,3.279274515506438
140393,75662,248125,323787,3.2793872749861226
140636,75898,248593,324491,3.2753563993781127
140642,75903,248605,324508,3.2752987365453277
140676,75914,248662,324576,3.27557499275496
140747,75939,248774,324713,3.2759715034435533
140803,75953,248897,324850,3.2769870841178097
140839,75978,248967,324945,3.27683013503909
140859,75993,248993,324986,3.276525469451134
140864,75993,249004,324997,3.2766702196254918
140884,76008,249024,325032,3.276286706662457
140979,76056,249255,325311,3.277256232249921
141020,76076,249371,325447,3.2779194489720807
141051,76101,249428,325529,3.277591621660688
141065,76105,249444,325549,3.2776295906970634
141095,76117,249474,325591,3.2775069958090834
141105,76127,249488,325615,3.2772603675437098
141149,76143,249537,325680,3.277215239746267
141153,76143,249546,325689,3.277333438398802
141170,76161,249567,325728,3.2768346003860245
141247,76192,249686,325878,3.277063208735825
141266,76197,249725,325922,3.27736000104991
141284,76209,249736,325945,3.2769882822238845
141306,76231,249765,325996,3.276422977528827
143842,77391,257266,334657,3.3242366683464484
143874,77406,257289,334695,3.3238896209596156
144664,77501,258485,335986,3.335247287131779
144685,77527,258547,336074,3.334928476530757
144694,77532,258559,336091,3.334868183459733
144705,77541,258580,336121,3.3347519376845796
144726,77550,258609,336159,3.3347388781431335
144751,77550,258609,336159,3.3347388781431335
144782,77573,258656,336229,3.3343560259368594
144996,77576,258714,336290,3.334974734453955
145831,78002,260624,338626,3.341247660316402
145838,78002,260641,338643,3.3414656034460655
145876,78022,260681,338703,3.3411217348952857
145934,78053,260799,338852,3.3413065481147424
145953,78076,260855,338931,3.341039499974384
146685,78292,261603,339895,3.34137587492975
146778,78359,261725,340084,3.340075804949017
146828,78378,261793,340171,3.340133710990329
146839,78379,261822,340201,3.3404610928947807
146988,78457,262124,340581,3.340989331735855
147009,78465,262156,340621,3.3410565220161854
147199,78534,262405,340939,3.3412916698500013
147207,78540,262418,340958,3.3412019353195825
147257,78559,262493,341052,3.341348540587329
147339,78594,262570,341164,3.340840267704914
147564,78638,262687,341325,3.340458811261731
149625,78958,266727,345685,3.3780870842726514
149631,78958,266745,345703,3.3783150535727855
149869,79077,267251,346328,3.3796299809046877
149870,79079,267258,346337,3.3796330252026454
149946,79079,267258,346337,3.3796330252026454
149981,79101,267296,346397,3.3791734617767157
150043,79111,267341,346452,3.3793151394875554
150081,79131,267399,346530,3.379193994768169
150129,79158,267474,346632,3.378988857727583
150135,79163,267479,346642,3.3788385988403675
150169,79163,267519,346682,3.379343885401008
150326,79231,267815,347046,3.380179475205412
150583,79336,268097,347433,3.3792603609962693
150902,79458,268690,348148,3.3815348989403207
150918,79480,268728,348208,3.381077000503271
150941,79504,268808,348312,3.3810625880458844
151320,79618,268984,348602,3.3784320128614134
151809,79997,270242,350239,3.378151680688026
151834,80010,270268,350278,3.377927759030121
151840,80010,270282,350292,3.3781027371578554
151864,80024,270311,350335,3.3778741377586723
151873,80026,270326,350352,3.377977157423837
152126,80117,270882,350999,3.381080170251008
152150,80131,270938,351069,3.381188304151951
152460,80263,271255,351518,3.379577140151751
152477,80271,271268,351539,3.379402274794135
153105,80353,273064,353417,3.3983049792789317
153122,80367,273095,353462,3.3980987221123096
153133,80367,273122,353489,3.398434680901365
153187,80378,273250,353628,3.3995620692229216
153588,80453,273801,354254,3.4032416441897753
153631,80476,273873,354349,3.4031636761270443
153723,80509,274193,354702,3.405743457253226
153728,80509,274205,354714,3.4058925089120473
153736,80514,274214,354728,3.405792781379636
153930,80634,274651,355285,3.406143810303346
153955,80649,274680,355329,3.405869880593684
156419,82061,282888,364949,3.4472892116839913
156498,82125,283076,365201,3.4468919330289194
156521,82139,283112,365251,3.4467427166145193
156542,82153,283157,365310,3.4467031027473127
156612,82187,283291,365478,3.4469076617956613
156676,82211,283326,365537,3.4463271338385373
156803,82285,283551,365836,3.4459622045330254
156817,82299,283579,365878,3.4457162298448343
156878,82299,283579,365878,3.4457162298448343
156893,82306,283610,365916,3.4457998201832187
156928,82322,283658,365980,3.4457131750929277
156956,82332,283685,366017,3.4456226011757276
156994,82343,283742,366085,3.445854535297475
157011,82358,283770,366128,3.4455669151752106
157108,82411,283989,366400,3.446008421205907
157139,82421,284015,366436,3.4459057764404704
157171,82428,284060,366488,3.4461590721599458
157292,82474,284158,366632,3.4454252249193686
157481,82577,284590,367167,3.446359155697107
157498,82594,284651,367245,3.4463883575078094
157569,82652,284844,367496,3.4463049895949283
157983,82876,285796,368672,3.448477243110189
158042,82886,285859,368745,3.44882127259127
158058,82898,285917,368815,3.449021689304929
158127,82932,285991,368923,3.448499975883857
158137,82932,286007,368939,3.4486929050306276
158258,82989,286164,369153,3.4482160286303003
158298,82998,286190,369188,3.4481553772380056
158330,83021,286240,369261,3.4478023632574892
158819,83278,287548,370826,3.4528687048200006
158851,83301,287606,370907,3.4526116133059626
159573,83739,288606,372345,3.4464944649446494
161934,85872,298201,384073,3.472622042109186
162052,85949,298380,384329,3.4715936194720123
162252,86101,298765,384866,3.4699364699596984
162304,86123,298831,384954,3.469816425345146
162308,86128,298838,384966,3.469696266022664
162316,86132,298847,384979,3.469639622904379
162384,86194,299009,385203,3.469023365895538
162459,86251,299374,385625,3.4709626555054434
162568,86314,299595,385909,3.4709896424681976
162598,86328,299636,385964,3.470901677323696
162609,86336,299651,385987,3.4707537991104522
162646,86362,299758,386120,3.470947870591232
162761,86396,299946,386342,3.471757951757026
162767,86396,299960,386356,3.471919996296125
163768,86396,301662,388058,3.491619982406593
163803,86418,301718,388136,3.491379110833391
163910,86418,301934,388352,3.493878590108542
163916,86418,301948,388366,3.4940405933948946
164049,86470,302204,388674,3.4948999653058865
164175,86535,302312,388847,3.493522852025192
164188,86547,302341,388888,3.4933735426993424
164218,86565,302404,388969,3.493374920579911
164238,86578,302448,389026,3.4933585899420176
164562,86659,302647,389306,3.492389711397547
164744,86717,302909,389626,3.4930751755711107
164903,86717,302909,389626,3.4930751755711107
165175,86818,303239,390057,3.4928125503927756
165314,86878,303378,390256,3.492000276249453
165321,86878,303401,390279,3.4922650153088237
165331,86887,303419,390306,3.4921104422986176
165379,86922,303499,390421,3.4916246749959736
165386,86931,303515,390446,3.491447239764871
165405,86951,303540,390491,3.4909316741613092
165513,86951,304097,391048,3.4973375809363896
165526,86952,304122,391074,3.4975848744134694
165614,87028,304386,391414,3.4975640023900354
165693,87102,304557,391659,3.496555762209823
165706,87107,304575,391682,3.4965616999781877
165720,87118,304597,391715,3.4963727358295644
165791,87154,304729,391883,3.4964430777703837
165796,87154,304741,391895,3.4965807650824976
165909,87173,304912,392085,3.497780276002891
165941,87175,304959,392134,3.4982391740751364
165969,87177,304984,392161,3.4984456909505948
165976,87177,305000,392177,3.498629225598495
166118,87260,305258,392518,3.498258079303232
166383,87398,305889,393287,3.4999542323622967
166576,87398,306333,393731,3.5050344401473716
166706,87400,306717,394117,3.5093478260869566
166745,87420,306796,394216,3.5094486387554333
166782,87420,306831,394251,3.5098490048043924
166827,87475,306941,394416,3.5088996856244643
166835,87476,306961,394437,3.509088207051077
166841,87476,306979,394455,3.5092939777767618
166868,87500,307001,394501,3.5085828571428572
166887,87506,307010,394516,3.5084451351907298
167166,87703,307789,395492,3.509446655188534
167190,87711,307813,395524,3.509400189257904
167198,87712,307837,395549,3.5096338015322877
168756,88362,312025,400387,3.531212512165863
168772,88377,312054,400431,3.530941308258936
168851,88449,312151,400600,3.529163698854707
168866,88457,312200,400657,3.5293984647908023
169759,89347,318738,408085,3.5674169250226644
170253,89605,319952,409557,3.5706935996875173
170483,89803,320521,410324,3.569156932396468
170541,89841,320613,410454,3.568671319330818
170566,89866,320651,410517,3.5681013954109453
170589,89888,320684,410572,3.5675952296190814
170644,89942,320778,410720,3.5664984100865
171620,90184,322053,412237,3.571065820988202
171758,90301,322393,412694,3.5702040951927443
171822,90348,322518,412866,3.569730375879931
171846,90385,322592,412977,3.5690877911157823
171865,90414,322663,413077,3.568728294290707
172248,90483,322878,413361,3.5683830111733696
172249,90483,322883,413366,3.5684382701722974
172276,90496,322944,413440,3.5685997171145685
172306,90509,322975,413484,3.568429658928946
172348,90555,323059,413614,3.5675445861631054
172359,90564,323076,413640,3.5673777659997348
172430,90595,323195,413790,3.5674706109608696
172439,90599,323209,413808,3.5674676320930696
172517,90661,323411,414072,3.567256041737903
172522,90664,323413,414077,3.56716006353128
172563,90701,323500,414201,3.566664094111421
172648,90768,323637,414405,3.5655407191961923
172739,90770,323662,414432,3.5657375784950975
172760,90790,323691,414481,3.5652715056724307
172816,90801,323750,414551,3.5654893668571934
172828,90802,323778,414580,3.5657584634699675
172845,90818,323821,414639,3.565603734942412
175467,92561,330007,422568,3.5652920776568964
177315,93472,333112,426584,3.563762410133516
177318,93473,333115,426588,3.563756378847368
177363,93508,333235,426743,3.563705779184669
177369,93508,333244,426752,3.5638020276339994
177404,93537,333336,426873,3.563680682510664
177410,93537,333350,426887,3.5638303559019424
177447,93549,333422,426971,3.5641428556157737
177501,93568,333463,427031,3.563857301641587
177653,93638,333620,427258,3.562869775091309
177693,93664,333675,427339,3.5624679706183806
177744,93692,333743,427435,3.5621291038722624
177854,93751,333948,427699,3.5620740045439514
177867,93764,333980,427744,3.561921419734653
177896,93773,333988,427761,3.5616648715515127
177974,93814,334084,427898,3.5611316008271685
178231,93906,334324,428230,3.560198496368709
178235,93909,334329,428238,3.5601380059419223
178300,93970,334468,428438,3.5593061615409174
178326,93978,334514,428492,3.559492647215306
178350,94013,334592,428605,3.5589971599672388
178427,94022,334646,428668,3.559230818319117
178471,94037,334724,428761,3.5594925401703583
178495,94054,334764,428818,3.5592744593531376
178536,94111,334854,428965,3.558075039049633
178595,94132,334932,429064,3.558109888242043
178602,94132,334955,429087,3.558354225980538
178609,94132,334978,429110,3.5585985637190327
178619,94135,335000,429135,3.5587188612099645
178776,94275,335229,429504,3.555863166268894
178783,94279,335241,429520,3.5558395825157247
178785,94280,335248,429528,3.555876113703861
179158,94375,335778,430153,3.557912582781457
179169,94384,335792,430176,3.5577216477369045
179219,94410,335841,430251,3.557260883380998
179243,94424,335902,430326,3.5573794797932727
179255,94429,335918,430347,3.557360556608669
179273,94435,335951,430386,3.557483983692487
179274,94435,335951,430386,3.557483983692487
179459,94473,336087,430560,3.557492616938173
179589,94545,336378,430923,3.557861335871807
179642,94590,336521,431111,3.5576805159107727
179667,94593,336596,431189,3.558360555220788
179692,94604,336658,431262,3.5586021732696294
179701,94611,336678,431289,3.558550274281003
179714,94620,336698,431318,3.558423166349609
179732,94633,336719,431352,3.5581562457071
179738,94633,336733,431366,3.558304185643486
179812,94682,336865,431547,3.5578568260070553
179831,94693,336905,431598,3.5578659457404456
179926,94727,337064,431791,3.5582674422287206
179928,94727,337075,431802,3.558383565403739
179968,94763,337174,431937,3.5580764644428733
179982,94784,337213,431997,3.557699611748818
180015,94796,337234,432030,3.5574707793577787
180118,94875,337483,432358,3.557133069828722
180388,95019,337721,432740,3.5542470453277764
180449,95038,337815,432853,3.5545255581977737
180478,95057,337891,432948,3.5546145996612557
180530,95086,337993,433079,3.554603201312496
180809,95293,338530,433823,3.5525169739645093
180824,95310,338561,433871,3.552208582520197
180873,95324,338605,433929,3.5521484620871973
180877,95329,338608,433937,3.5519936220877173
180883,95329,338626,433955,3.5521824418592454
180927,95357,338789,434146,3.5528487683127614
180939,95365,338802,434167,3.552687044513186
181442,95845,340054,435899,3.5479576399394857
181451,95845,340070,435915,3.548124576138557
181456,95848,340077,435925,3.548086553710041
181468,95855,340096,435951,3.5480256637629752
181489,95879,340153,436032,3.5477320372552907
181548,95929,340294,436223,3.54735272962295
181575,95956,340350,436306,3.546938179999166
181647,96001,340496,436497,3.5467963875376296
181669,96017,340535,436552,3.5466115375402274
181690,96037,340596,436633,3.5465081166633694
181715,96053,340620,436673,3.5461672201805254
181729,96063,340667,436730,3.5462873322715303
181747,96077,340687,436764,3.545978746213974
181763,96089,340693,436782,3.5455983515282705
181792,96111,340784,436895,3.54573357888275
182128,96362,341522,437884,3.544156410203192
182137,96369,341548,437917,3.544168767964802
182159,96384,341576,437960,3.5439077025232404
182375,96551,342072,438623,3.542915143292146
182425,96586,342221,438807,3.5431739589588553
182455,96608,342296,438904,3.5431434249751574
182486,96633,342357,438990,3.542858029865574
182504,96645,342399,439044,3.5428527083656682
182521,96655,342430,439085,3.542806890486783
182588,96706,342506,439212,3.5417244017951317
182602,96718,342543,439261,3.541667528278087
182653,96768,342609,439377,3.5405195932539684
182703,96792,342771,439563,3.541315397966774
182918,96851,343161,440012,3.5431848922571785
182948,96862,343256,440118,3.5437632921062954
182975,96873,343287,440160,3.543680901799263
183007,96891,343359,440250,3.5437656748304796
183253,97063,343862,440925,3.5426681639759745
183273,97101,343919,441020,3.541868775810754
183366,97161,344145,441306,3.542007595640226
183371,97161,344145,441306,3.542007595640226
183382,97168,344163,441331,3.541937674954718
183503,97168,344307,441475,3.5434196443273507
183543,97196,344379,441575,3.5431396353759412
183556,97208,344407,441615,3.542990288865114
183577,97227,344428,441655,3.5425139107449577
183625,97227,344428,441655,3.5425139107449577
183642,97238,344481,441719,3.542658220037434
183711,97298,344644,441942,3.542148862258217
183729,97307,344677,441984,3.542160379006649
183746,97317,344702,442019,3.5420532897643784
183748,97317,344713,442030,3.542166322430819
183756,97322,344729,442051,3.542148743346828
184307,97352,345168,442520,3.5455666036650504
184363,97371,345231,442602,3.5455217672612998
184448,97431,345359,442790,3.5446521127772477
184705,97431,345691,443122,3.5480596524720056
184894,97529,346073,443602,3.548411241784495
185143,97641,346622,444263,3.549963642322385
185170,97674,346681,444355,3.549368306816553
185206,97700,346741,444441,3.549037871033777
185512,97882,347876,445758,3.5540344496434484
185520,97893,347894,445787,3.553818965605304
185640,97934,347976,445910,3.553168460391692
185691,97977,348045,446022,3.5523132980189227
185697,97977,348063,446040,3.5524970146054686
185706,97982,348081,446063,3.552499438672409
185809,98063,348281,446344,3.551604580728715
185845,98092,348350,446442,3.551258002691351
185852,98092,348370,446462,3.5514618929168535
185903,98120,348486,446606,3.5516306563391766
185917,98127,348506,446633,3.5515811142702822
186073,98218,348987,447205,3.5531878067156732
186451,98452,349755,448207,3.5525433713891035
186598,98556,350056,448612,3.5518486951580828
186631,98613,350152,448765,3.5507691683652256
186934,98765,351209,449974,3.5560066825292362
186976,98793,351301,450094,3.5559300760175314
187036,98824,351423,450247,3.5560491378612484
187410,99086,352296,451382,3.555456875845225
187428,99101,352321,451422,3.5551709871747006
187441,99111,352356,451467,3.5551654205890366
187456,99120,352372,451492,3.55500403551251
188096,99626,353907,453533,3.5523558107321382
188708,99808,354464,454272,3.5514588008977235
188715,99818,354501,454319,3.551473682101425
188748,99830,354532,454362,3.5513573074226183
189002,99997,355402,455399,3.554126623798714
189189,100083,355583,455666,3.5528811086797956
189229,100107,355612,455719,3.5523190186500444
189237,100114,355616,455730,3.552110593922928
189379,100244,355938,456182,3.55071625234428
189421,100270,356032,456302,3.550733020843722
189453,100275,356079,456354,3.5510246821241584
189512,100295,356151,456446,3.551034448377287
189526,100304,356182,456486,3.551024884351571
189627,100400,356499,456899,3.5507868525896416
189645,100408,356513,456921,3.5506433750298783
189670,100421,356556,456977,3.5506119238007985
189697,100436,356675,457111,3.551266478155243
189800,100492,356922,457414,3.551745412570155
189925,100494,357291,457785,3.5553465878559916
189941,100519,357345,457864,3.5549995523234412
190006,100533,357376,457909,3.554812847522704
190018,100547,357395,457942,3.5545068475439345
190042,100561,357476,458037,3.5548174739710228
191347,101332,361127,462459,3.5638001815813367
191371,101355,361200,462555,3.5637117063785704
191388,101367,361218,462585,3.563467400633342
191601,101506,361872,463378,3.565030638582941
191655,101561,362088,463649,3.565226809503648
191676,101594,362227,463821,3.5654369352520816
191711,101629,362319,463948,3.565114288244497
191720,101629,362338,463967,3.565301242755513
191849,101700,362494,464194,3.564346116027532
191861,101709,362516,464225,3.5642470184546107
191923,101752,362613,464365,3.563694079723249
191930,101752,362629,464381,3.5638513247896846
191962,101780,362664,464444,3.563214776969935
191971,101788,362669,464457,3.5629838487837464
192031,101818,362731,464549,3.56254296882673
192152,101863,362933,464796,3.5629522005045993
192254,101967,363105,465072,3.561005031039454
192295,101986,363173,465159,3.5610083736983507
208241,103116,393401,496517,3.8151305326040577
208270,103131,393422,496553,3.8147792613278257
208354,103161,393544,496705,3.8148525120927483
208359,103161,393556,496717,3.8149688351218
208366,103163,393561,496724,3.8149433420897028
208422,103204,393643,496847,3.8142223169644587
208643,103361,393893,497254,3.810847418271882
208704,103393,393967,497360,3.810383681680578
208710,103393,393981,497374,3.8105190873656825
208733,103400,394041,497441,3.810841392649903
208753,103420,394083,497503,3.8105105395474763
208765,103420,394112,497532,3.810790949526204
208888,103520,394411,497931,3.8099980680061822
208966,103540,394507,498047,3.810189298821711
209023,103591,394595,498186,3.809162958172042
209060,103615,394680,498295,3.809100998890122
209075,103626,394701,498327,3.80889931098373
209123,103648,394796,498444,3.8090074096943503
209140,103663,394816,498479,3.808649180517639
209160,103668,394834,498502,3.8086391171817726
209235,103668,395001,498669,3.8102500289385346
209289,103698,395080,498778,3.8099095450249765
209387,103784,395307,499091,3.808939720958915
209388,103784,395312,499096,3.808987897941879
209398,103784,395332,499116,3.809180605873738
209656,103827,395594,499421,3.810126460361948
209675,103840,395643,499483,3.810121340523883
209681,103840,395657,499497,3.810256163328197
209852,103905,395829,499734,3.8095279341706365
209875,103933,395861,499794,3.8088095215186706
210489,104209,397835,502044,3.817664501146734
210547,104209,397932,502141,3.8185953228607894
210665,104274,398114,502388,3.817960373631011
210674,104275,398139,502414,3.8181635099496525
210720,104321,398264,502585,3.817678128085429
210744,104339,398287,502626,3.8172399582131322
210802,104380,398410,502790,3.8169189499904195
210891,104443,398560,503003,3.8160527751979547
211029,104537,398806,503343,3.814974602293925
211041,104537,398835,503372,3.815252016032601
211050,104544,398861,503405,3.8152452555861647
211109,104589,398974,503563,3.814684144604117
211256,104711,399350,504061,3.8138304476129536
211267,104717,399361,504078,3.8137169705014466
211305,104759,399480,504239,3.8133239148903675
211345,104772,399519,504291,3.8132229985110526
211385,104783,399547,504330,3.813089909622744
211450,104805,399586,504391,3.8126616096560277
211623,104919,399981,504900,3.8122837617590712
211708,104947,400063,505010,3.8120479861263306
211711,104952,400067,505019,3.811904489671469
211790,104997,400288,505285,3.8123755916835718
211835,105030,400443,505473,3.8126535275635534
211878,105043,400476,505519,3.812495835038984
211911,105070,400517,505587,3.8119063481488533
212045,105141,400794,505935,3.8119667874568437
212103,105181,400908,506089,3.8116009545450225
212119,105191,400940,506131,3.8115428125980357
212123,105198,400952,506150,3.811403258617084
212979,105634,403656,509290,3.821269666963288
213023,105656,403776,509432,3.821609752404028
213030,105656,403799,509455,3.8218274399939425
213043,105661,403817,509478,3.821816942864444
213097,105716,403945,509661,3.821039388550456
213107,105716,403965,509681,3.8212285746717622
213128,105729,404007,509736,3.8211559742360186
213154,105742,404043,509785,3.8210266497701952
213164,105742,404059,509801,3.8211779614533485
213192,105757,404091,509848,3.82093856671426
213243,105794,404210,510004,3.820727073369
213639,105912,404866,510778,3.8226640984968654
213782,106004,405213,511217,3.8226199011358064
213798,106013,405235,511248,3.8225029005876636
213799,106013,405240,511253,3.8225500646147172
213822,106018,405248,511266,3.8224452451470503
213835,106032,405275,511307,3.8221951863588353
213926,106117,405434,511551,3.8206319439863545
213936,106121,405457,511578,3.8207046673137266
213964,106124,405512,511636,3.8211149221665224
214480,106454,406415,512869,3.817752268585492
214557,106486,406584,513070,3.818192062806378
214574,106507,406629,513136,3.8178617367872536
214582,106507,406651,513158,3.818068295980546
214618,106527,406711,513238,3.817914707069569
214832,106642,407069,513711,3.8171545919993997
214924,106694,407284,513978,3.8173093144881625
214943,106697,407288,513985,3.8172394725250007
215287,106740,407888,514628,3.821322840547124
215325,106754,407934,514688,3.8212525994342132
215336,106760,407970,514730,3.8213750468340204
215456,106862,408144,515006,3.819355804682675
215742,107028,408488,515516,3.816646111297978
215863,107091,408656,515747,3.815969595951107
216037,107207,408955,516162,3.8146296417211563
216044,107207,408971,516178,3.81477888570709
217373,108037,413171,521208,3.824347214380259
217374,108037,413176,521213,3.824393494821219
217399,108061,413243,521304,3.824164129519438
217428,108074,413288,521362,3.8241205100209115
217445,108084,413295,521379,3.823831464416565
217607,108125,413558,521683,3.8248138728323697
217638,108141,413585,521726,3.8244976465910248
217649,108148,413619,521767,3.824564485704775
217664,108154,413651,521805,3.8246481868446844
217704,108169,413703,521872,3.8245985448696023
217784,108181,413758,521939,3.8246827076843437
218209,108389,414211,522600,3.821522479218371
218237,108405,414261,522666,3.8214196762141968
218552,108585,414988,523573,3.8217801722153153
218572,108600,415020,523620,3.821546961325967
218635,108635,415117,523752,3.821208634418005
218653,108635,415137,523772,3.8213927371473284
218774,108717,415562,524279,3.8224196767754814
218857,108772,415753,524525,3.8222428566175117
219069,108845,416183,525028,3.8236299324727825
219673,109223,417584,526807,3.823224046217372
219704,109245,417616,526861,3.822747036477642
219739,109261,417678,526939,3.8227546883151353
219787,109300,417712,527012,3.821701738334858
219807,109312,417757,527069,3.8216938670960188
219824,109328,417804,527132,3.8215644665593445
220022,109451,418195,527646,3.820842203360408
220032,109451,418215,527666,3.8210249335319
220625,109740,418998,528738,3.8180973209404048
220630,109743,419002,528745,3.8180293959523612
220631,109744,419003,528747,3.818003717743111
220645,109757,419040,528797,3.8178886084714416
220734,109829,419300,529129,3.81775305247248
220740,109829,419318,529147,3.817916943612343
220741,109829,419320,529149,3.8179351537389943
220808,109847,419375,529222,3.8178102269520333
220823,109859,419410,529269,3.8177117942089405
220835,109871,419425,529296,3.8174313513119933
220855,109892,419458,529350,3.8170021475630618
220876,109909,419499,529408,3.8167847946937923
221361,110089,420683,530772,3.82129913070334
221393,110101,420714,530815,3.8211642037765325
221434,110147,420856,531003,3.820857581232353
221510,110215,421010,531225,3.8198974731207187
221512,110219,421015,531234,3.819804207985919
221575,110269,421175,531444,3.8195231660756876
221595,110274,421193,531467,3.8195132125433013
221630,110298,421236,531534,3.819071968666703
221673,110333,421322,531655,3.818639935468083
221703,110375,421395,531770,3.8178482446206115
221811,110430,421502,531932,3.8169156931993116
221841,110445,421549,531994,3.8168228530037576
222520,110912,423569,534481,3.8189645845354874
222549,110920,423614,534534,3.819094843130184
222872,110989,425877,536866,3.8371099838722755
223025,111083,426074,537157,3.8356364160132514
223042,111103,426122,537225,3.835377982592729
223061,111120,426168,537288,3.8352051835853134
223073,111126,426181,537307,3.8351150945773265
223073,111133,426207,537340,3.8351074838256864
223090,111133,426266,537399,3.83563837923929
223142,111173,426388,537561,3.835355706871273
223163,111183,426457,537640,3.8356313465188023
223191,111197,426536,537733,3.8358588810849215
223301,111272,426724,537996,3.8349629736142066
223390,111303,426840,538143,3.834937063691006
223397,111303,426860,538163,3.8351167533669352
223408,111310,426872,538182,3.834983379750247
223432,111323,426889,538212,3.8346882495081878
223459,111334,426950,538284,3.8348572763037345
223480,111347,426970,538317,3.8345891671980388
223525,111362,427033,538395,3.8346383865232307
223541,111378,427075,538453,3.834464615992386
223574,111409,427124,538533,3.8338374817115315
223595,111423,427154,538577,3.8336250145840625
223653,111429,427242,538671,3.8342083299679617
223730,111492,427381,538873,3.8332884870663366
223763,111503,427405,538908,3.8331255661282655
223800,111523,427465,538988,3.8329761573845755
224019,111534,428763,540297,3.844235838399053
224110,111627,429018,540645,3.8433174769545
224173,111639,429229,540868,3.844794381891633
224336,111769,429612,541381,3.8437491612164374
224421,111820,429777,541597,3.843471650867466
224430,111825,429789,541614,3.843407109322602
224436,111825,429807,541632,3.843568075117371
224461,111846,429832,541678,3.843069935446954
224523,111862,429871,541733,3.842868892027677
224715,111952,430329,542281,3.8438705873945977
224779,111972,430501,542473,3.8447201085985783
224839,111995,430588,542583,3.8447073530068305
224904,112051,430689,542740,3.8436872495560057
224935,112069,430756,542825,3.843667740409926
224940,112073,430772,542845,3.8436733200681696
224943,112073,430781,542854,3.8437536248695046
224964,112084,430796,542880,3.8435102244745014
225043,112131,430976,543107,3.8435044724474055
225132,112184,431050,543234,3.8423482849604222
225174,112212,431110,543322,3.841924214878979
225253,112263,431245,543508,3.841381399036192
225264,112271,431265,543536,3.841285817352656
225643,112446,431781,544227,3.839896483645483
226132,112490,433277,545767,3.8516934838652324
226684,112890,434753,547643,3.8511205598370095
228235,113993,439472,553465,3.855254269999035
228310,114053,439638,553691,3.8546815953986306
228320,114064,439673,553737,3.8546167064104364
228359,114096,439759,553855,3.854289370354789
228428,114139,439883,554022,3.8539237245814313
228753,114253,441333,555586,3.8627694677601463
228885,114335,441630,555965,3.8625967551493416
228932,114368,441698,556066,3.8620768047006155
228945,114381,441716,556097,3.8617952282284644
228946,114384,441722,556106,3.861746398097636
228967,114405,441756,556161,3.861334731873607
229061,114473,442085,556558,3.861915036733553
229131,114541,442287,556828,3.8613858792921314
229159,114551,442312,556863,3.8612670338975654
229169,114565,442349,556914,3.86111814253917
229283,114663,442589,557252,3.859911218091276
230026,115075,444807,559882,3.8653660656093853
230047,115079,444816,559895,3.8653099175349106
230048,115079,444821,559900,3.865353365948609
230064,115085,444870,559955,3.8655776165442934
230071,115085,444890,559975,3.865751401138289
230085,115091,444922,560013,3.8658279100885387
230156,115106,445041,560147,3.8663579657011797
230209,115131,445138,560269,3.866360927986381
230247,115166,445207,560373,3.8657850407238246
230673,115246,445875,561121,3.868897835933568
230729,115278,445909,561187,3.8681188084456704
230735,115284,445928,561212,3.8680823010998924
230747,115292,445943,561235,3.8679440030531174
230838,115306,446021,561327,3.8681508334345134
230896,115348,446161,561509,3.8679560980684538
230928,115371,446252,561623,3.867973754236333
230943,115380,446290,561670,3.8680013867221357
230953,115391,446308,561699,3.8677886490280873
230969,115391,446334,561725,3.8680139698936657
231068,115428,446676,562104,3.869736978895935
231207,115494,446923,562417,3.8696642249813844
231231,115513,446969,562482,3.869425952057344
231273,115532,447050,562582,3.869490703874251
231317,115551,447134,562685,3.869581396958919
231342,115564,447178,562742,3.869526842269219
231413,115604,447320,562924,3.8694162831735928
231418,115604,447333,562937,3.869528736029895
231425,115604,447333,562937,3.869528736029895
231458,115611,447376,562987,3.8696663812267
231493,115631,447447,563078,3.8696110904515226
231536,115669,447498,563167,3.868780745057016
231556,115682,447521,563203,3.8685448038588546
231605,115719,447606,563325,3.868042413086874
231654,115731,447681,563412,3.868289395235503
231768,115808,447901,563709,3.867617090356452
231891,115851,447990,563841,3.8669497889530517
232132,116068,448584,564652,3.864837853671985
232201,116121,448723,564844,3.864270889847659
232218,116134,448738,564872,3.863967485835328
232314,116237,448918,565155,3.8620921049235615
232381,116237,448991,565228,3.8627201321438096
232459,116297,449140,565437,3.862008478292647
232496,116309,449191,565500,3.862048508713857
232612,116309,449191,565500,3.862048508713857
232622,116311,449194,565505,3.862007892632683
232683,116320,449207,565527,3.861820839064649
232752,116388,449352,565740,3.8608103928240025
232782,116407,449388,565795,3.860489489463692
232906,116479,449600,566079,3.8599232479674446
232926,116492,449649,566141,3.859913127081688
233039,116604,449864,566468,3.858049466570615
233077,116627,449918,566545,3.857751635556089
233084,116629,449918,566547,3.857685481312538
233161,116681,450179,566860,3.858203135043409
233181,116691,450206,566897,3.8581038811904946
233185,116693,450214,566907,3.858106313146461
233577,116836,450863,567699,3.858939025642781
233598,116842,450916,567758,3.8591944677427636
233644,116873,451043,567916,3.859257484620058
233657,116880,451082,567962,3.859360027378508
233857,116977,451492,568469,3.8596647204151244
233903,116997,451561,568558,3.8595946904621488
233932,117005,451605,568610,3.8597068501346095
233956,117046,451700,568746,3.8591664815542606
233973,117049,451722,568771,3.859255525463695
233998,117067,451778,568845,3.8591404921967762
234000,117069,451781,568850,3.8591001887775587
234018,117078,451800,568878,3.8589658176600214
234087,117100,451958,569058,3.859590093936806
234257,117157,452122,569279,3.8591121315841135
234278,117161,452139,569300,3.859125476907845
234298,117171,452193,569364,3.8592569833832604
234430,117231,452501,569732,3.859909068420469
234488,117280,452644,569924,3.8595156889495223
234489,117280,452646,569926,3.859532742155525
234877,117478,453224,570702,3.8579478710907575
235070,117577,453719,571296,3.858909480595695
235080,117581,453726,571307,3.8588377373895444
235178,117647,453962,571609,3.8586789293394648
235249,117675,454113,571788,3.859043977055449
235254,117679,454117,571796,3.858946795944901
235365,117706,454269,571975,3.8593529641649535
235479,117794,454485,572279,3.8583034789547854
235499,117803,454510,572313,3.8582209281597244
235552,117833,454610,572443,3.858087293033361
235574,117848,454662,572510,3.858037471997828
235605,117848,454747,572595,3.858758740071957
235776,117936,455114,573050,3.8589913173246506
237012,118440,457519,575959,3.8628757176629516
237054,118467,457627,576094,3.862906969873467
237072,118505,457684,576189,3.8621492764018397
237084,118518,457704,576222,3.8618943957879814
237177,118591,457882,576473,3.8610181211053116
237183,118591,457896,576487,3.861136173908644
237280,118643,458124,576767,3.861365609433342
237339,118681,458212,576893,3.8608707375232765
237403,118737,458470,577207,3.8612227022747754
237639,118840,458981,577821,3.862176035005049
238364,119168,460500,579668,3.8642924274973147
238373,119171,460519,579690,3.8643545829102717
238447,119199,460627,579826,3.8643528888665175
238553,119266,460909,580175,3.864546475944527
238586,119282,460941,580223,3.8642963733002467
238597,119285,460965,580250,3.864400385631052
238603,119286,460969,580255,3.8644015223915633
238646,119314,461042,580356,3.8641064753507552
238694,119343,461087,580430,3.863544573204964
238760,119410,461297,580707,3.8631354157943223
238771,119410,461324,580734,3.863361527510259
238775,119412,461327,580739,3.8633219441932134
238782,119412,461350,580762,3.863514554651124
238881,119461,461430,580891,3.8625995094633394
239350,119716,463108,582824,3.8683885194961407
240814,119728,465191,584919,3.885398570092209
240863,119769,465287,585056,3.8848700414965474
241042,119769,465967,585736,3.8905476375355894
241049,119772,465991,585763,3.8906505694152225
241057,119774,465999,585773,3.8906523953445658
241091,119782,466040,585822,3.8907348349501594
241098,119782,466056,585838,3.890868410946553
241124,119809,466089,585898,3.8902670083215787
241275,119894,466439,586333,3.8904282115869018
241324,119903,466511,586414,3.890736678815376
241353,119921,466549,586470,3.890469559126425
241415,119953,466612,586565,3.889956899785749
241533,120008,466930,586938,3.890823945070329
241677,120111,467262,587373,3.8902515173464547
241702,120120,467301,587421,3.8902847152847153
242324,120536,469450,589986,3.8946870644454767
242331,120542,469463,590005,3.8946010519155148
242361,120557,469522,590079,3.894605871081729
242367,120558,469538,590096,3.8947062824532592
242428,120592,469622,590214,3.8943047631683694
242438,120599,469628,590227,3.894128475360492
243573,121307,472401,593708,3.8942600179709332
243580,121307,472425,593732,3.8944578631076525
243604,121336,472505,593841,3.894186391507879
243648,121372,472620,593992,3.893978841907524
243728,121422,472718,594140,3.893182454579895
244041,121422,473504,594926,3.89965574607567
244055,121434,473529,594963,3.899476258708434
244084,121457,473566,595023,3.899042459471253
244090,121457,473580,595037,3.8991577266028306
244092,121457,473591,595048,3.8992482936347845
244093,121457,473593,595050,3.899264760367867
244156,121503,473686,595189,3.898553945170078
244221,121569,473779,595348,3.8972024117990607
244261,121612,473861,595473,3.8964987007861067
244342,121637,474022,595659,3.897021465508028
244472,121698,474234,595932,3.8968101365675687
244492,121708,474255,595963,3.896662503697374
244499,121708,474271,595979,3.8967939658855624
244505,121708,474284,595992,3.896900778913465
244529,121715,474334,596049,3.897087458406934
244574,121740,474398,596138,3.896812879908001
244664,121813,474545,596358,3.895684368663443
244665,121814,474548,596362,3.8956770157781535
244691,121834,474594,596428,3.895415072968137
244717,121848,474647,596495,3.895402468649465
244738,121855,474663,596518,3.895309999589676
244939,122000,475026,597026,3.893655737704918
244976,122005,475068,597073,3.8938404163763782
244999,122022,475089,597111,3.893470029994591
245003,122024,475091,597115,3.893422605389104
245014,122036,475106,597142,3.893162673309515
245025,122044,475116,597160,3.892989413654092
245136,122091,475221,597312,3.892350787527336
245191,122133,475289,597422,3.891569027208044
245320,122187,475591,597778,3.8923207869904326
245349,122210,475663,597873,3.8921773995581375
245392,122235,475728,597963,3.891913118174009
245529,122362,476123,598485,3.8911018126542554
245577,122386,476307,598693,3.89184220417368
245621,122415,476364,598779,3.8913858595760322
245766,122473,476492,598965,3.890588129628571
245788,122487,476543,599030,3.8905598145109277
245813,122498,476607,599105,3.89073290992506
245839,122513,476644,599157,3.890558552969889
245877,122535,476704,599239,3.890349696005223
245913,122556,476780,599336,3.8903032083292537
245918,122556,476792,599348,3.890401122752048
245922,122561,476803,599364,3.8903321611279282
246222,122685,477222,599907,3.8898153808534053
246249,122700,477246,599946,3.8895354523227383
246270,122714,477264,599978,3.8892383917075475
246296,122734,477328,600062,3.8891260775335277
246302,122734,477342,600076,3.889240145354995
246365,122783,477407,600190,3.888217424236254
246420,122814,477542,600356,3.888335206083997
246578,122952,477852,600804,3.886492289674019
246866,123155,478206,601361,3.882960496934757
246882,123161,478242,601403,3.8830636321562833
247075,123257,478524,601781,3.882327170059307
247964,123846,483800,607646,3.9064644800800994
248119,123940,484160,608100,3.906406325641439
248177,123969,484248,608217,3.9062023570408733
248302,124020,484592,608612,3.907369779067892
248427,124079,484881,608960,3.907840972283787
248439,124081,484895,608976,3.9078908132590806
248459,124111,484954,609065,3.90742158229327
248496,124111,484979,609090,3.90762301488184
248510,124124,485007,609131,3.9074393348586898
248532,124131,485023,609154,3.907347882478994
248561,124144,485041,609185,3.9070837092408817
248593,124151,485059,609210,3.9070084010599997
248748,124158,485174,609332,3.907714363955605
248780,124175,485212,609387,3.9074854036641837
248838,124230,485380,609610,3.907107783949127
248843,124234,485385,609619,3.9070222322391617
248885,124245,485412,609657,3.9068936375709282
248963,124279,485535,609814,3.9068145060710178
248996,124288,485558,609846,3.906716658084449
249573,124647,486541,611188,3.90335106340305
249605,124664,486598,611262,3.90327600590387
249657,124692,486695,611387,3.9031774291855132
249705,124703,486729,611432,3.903105779331692
249714,124707,486745,611452,3.903108887231671
249774,124762,486847,611609,3.9022057998429007
249803,124802,486875,611677,3.901179468277752
249805,124803,486879,611682,3.9011802600899017
249836,124820,486915,611735,3.9009373497836886
249890,124829,486950,611779,3.9009364811061533
249894,124829,486959,611788,3.90100857973708
249936,124859,487000,611859,3.900399650806109
249951,124873,487044,611917,3.900314719755271
249976,124897,487124,612021,3.9002057695541126
250553,125326,488248,613574,3.895823691811755
250574,125330,488273,613603,3.8958988270964654
250604,125330,488334,613664,3.896385542168675
250645,125369,488412,613781,3.8957956113552794
250979,125445,488950,614395,3.8977241021961815
251128,125557,489179,614736,3.896071107146555
251146,125569,489200,614769,3.8958660178865805
251153,125569,489216,614785,3.895993437870812
251197,125595,489241,614836,3.895385962816991
251239,125620,489304,614924,3.8951122432733642
251274,125653,489398,615051,3.894837369581307
251291,125665,489410,615075,3.89456093582143
251352,125710,489506,615216,3.8939304749025534
251390,125731,489576,615307,3.8938368421471234
251414,125736,489596,615332,3.8938410638162497
251527,125812,489757,615569,3.8927685753346264
251583,125821,489811,615632,3.8929193059982037
251717,125845,490060,615905,3.894155508760777
251724,125845,490076,615921,3.894282649290794
251973,125845,490911,616756,3.900917795701061
251983,125853,490916,616769,3.900709557976369
252011,125879,490983,616862,3.9004361331119566
252020,125889,490996,616885,3.90022956731724
252088,125922,491134,617056,3.9003033623989456
252089,125922,491139,617061,3.9003430695192263
252143,125944,491215,617159,3.900265197230515
252184,125980,491304,617284,3.899857120177806
252211,125998,491350,617348,3.8996650740487944
252258,126025,491445,617470,3.899583415988891
252287,126033,491492,617525,3.8997088064237144
252328,126052,491555,617607,3.899620791419414
252348,126062,491593,617655,3.8996128888959403
252817,126298,494574,620872,3.9159289933332277
252847,126333,494614,620947,3.9151607260177466
252912,126388,494754,621142,3.9145646738614426
252920,126389,494780,621169,3.9147394156137008
253733,126665,497117,623782,3.9246595349938813
253764,126676,497199,623875,3.9249660551327796
253765,126676,497204,623880,3.925005525908617
253779,126676,497230,623906,3.9252107739429727
253956,126775,497579,624354,3.9248984421218696
254021,126812,497760,624572,3.9251805822792796
254068,126818,497857,624675,3.9257597501931905
254085,126835,497901,624736,3.925580478574526
254113,126855,497942,624797,3.925284773954515
254119,126855,497958,624813,3.925410902211186
254172,126877,498057,624934,3.9255105338240974
254190,126886,498074,624960,3.9253660766357203
254205,126893,498095,624988,3.925315029197828
254294,126941,498341,625282,3.925768664182573
254383,126998,498554,625552,3.9256838690373077
254763,127158,499110,626268,3.925116783843722
254801,127177,499231,626408,3.925481808817632
254818,127202,499285,626487,3.9251348249241365
254837,127210,499304,626514,3.9250373398317744
254880,127246,499425,626671,3.924877795765682
255001,127282,499644,626926,3.925488285853459
255091,127368,499950,627318,3.925240248728095
255127,127377,499982,627359,3.925214128139303
255128,127377,499987,627364,3.9252533816937123
255141,127387,500006,627393,3.9250943973874883
255270,127483,500271,627754,3.9242173466266093
255289,127493,500313,627806,3.9242389778262337
255311,127509,500363,627872,3.924138688249457
255318,127509,500363,627872,3.924138688249457
255373,127537,500467,628004,3.9240926162603795
255392,127552,500496,628048,3.923858504766683
255395,127552,500504,628056,3.9239212242849977
255410,127560,500517,628077,3.923777046095955
255485,127616,500675,628291,3.923293317452357
255493,127618,500682,628300,3.923286683696657
255568,127654,500829,628483,3.923331818822755
255576,127659,500844,628503,3.9232956548304467
255583,127662,500849,628511,3.9232426250567904
255655,127698,501043,628741,3.9236558129336405
255673,127698,501086,628784,3.9239925449106487
255761,127747,501221,628968,3.923544192818618
257006,128276,502712,630988,3.9189871838847483
257046,128294,502800,631094,3.919123263753566
257168,128365,502926,631291,3.9179371323959025
257202,128377,502959,631336,3.9178279598370422
257213,128385,502976,631361,3.9177162441095144
257220,128385,502996,631381,3.917872025548156
257255,128411,503119,631530,3.9180366168007414
257615,128661,503884,632545,3.9163693737807104
257632,128674,503904,632578,3.9161291325364878
257662,128713,503967,632680,3.9154320076449154
257745,128746,504200,632946,3.9162381743898838
257818,128777,504290,633067,3.9159943157551425
257831,128787,504317,633104,3.9158998967287073
257949,128831,504450,633281,3.9155948490658306
258059,128897,504899,633796,3.9170733221099017
258087,128907,504915,633822,3.916893574437385
258179,128907,504915,633822,3.916893574437385
258198,128916,504935,633851,3.9167752645133267
258285,128962,505084,634046,3.916533552519347
258403,128964,505432,634396,3.9191712415867994
258470,129001,505576,634577,3.9191634173378502
258509,129027,505664,634691,3.919055701519837
258751,129178,506205,635383,3.9186626205700663
258793,129207,506293,635500,3.918464169897916
258800,129210,506300,635510,3.9184273663029177
258818,129216,506321,635537,3.918407937097573
258826,129216,506346,635562,3.918601411589896
258839,129216,506369,635585,3.918779408122833
258901,129245,506435,635680,3.918410770242563
259019,129294,506733,636027,3.9192305907466705
259030,129301,506748,636049,3.919134422780953
259133,129360,507024,636384,3.9194805194805196
259302,129502,507493,636995,3.918804342790073
259420,129566,507689,637255,3.918381365481685
259524,129582,507734,637316,3.9182448179531106
259716,129728,508135,637863,3.9169261840157867
259732,129728,508161,637889,3.917126603354711
261285,130224,509504,639728,3.912519965597739
261312,130239,509526,639765,3.912238269642734
261340,130259,509599,639858,3.9121980055120953
261346,130261,509603,639864,3.912168646026055
261394,130278,509694,639972,3.912356652696541
261419,130285,509747,640032,3.9125532486471966
261446,130297,509803,640100,3.912622700445904
261463,130297,509803,640100,3.912622700445904
261476,130305,509832,640137,3.9126050420168066
261509,130329,509883,640212,3.9122758557189883
261570,130356,510001,640357,3.912370738592777
261664,130426,510186,640612,3.911689387085397
261787,130490,510316,640806,3.9107671085906968
261906,130566,510504,641070,3.9099306098065347
261935,130566,510504,641070,3.9099306098065347
261966,130588,510546,641134,3.9095935307991545
261967,130588,510548,641136,3.9096088461420653
262065,130590,510836,641426,3.9117543456619956
262080,130597,510855,641452,3.9116901613360184
262089,130604,510888,641492,3.911733178156871
262092,130606,510891,641497,3.911696246726797
262407,130783,511388,642171,3.910202396335915
262427,130818,511473,642291,3.909805990001376
262438,130824,511498,642322,3.9098177704396746
262486,130853,511612,642465,3.909822472545528
262504,130859,511642,642501,3.9098724581419697
262572,130890,511726,642616,3.9095882038352814
262725,131016,512073,643089,3.9084768272577395
262756,131026,512136,643162,3.908659350052661
262783,131035,512190,643225,3.9088029915671387
262816,131049,512254,643303,3.908873780036475
262859,131078,512372,643450,3.9089091991028244
262905,131096,512416,643512,3.9087081222920608
262955,131144,512582,643726,3.908543280668578
262958,131147,512588,643735,3.908499622560943
263297,131424,513509,644933,3.907269600681763
263839,131750,515179,646929,3.9102770398481974
263842,131750,515184,646934,3.910314990512334
263863,131791,515221,647012,3.9093792444097093
264229,132002,515847,647849,3.907872607990788
264310,132068,516033,648101,3.907328043129297
264324,132069,516071,648140,3.9075861860088286
264386,132100,516193,648293,3.9075927327781983
264419,132111,516244,648355,3.9076534126605655
264445,132121,516286,648407,3.9076755398460503
264455,132125,516302,648427,3.907678334910123
264471,132141,516321,648462,3.9073489681476605
264650,132237,516772,649009,3.9079228960124626
264679,132260,516805,649065,3.907492817178285
264706,132280,516837,649117,3.9071439371031147
264812,132296,516949,649245,3.9075179899619035
265061,132372,517429,649801,3.90890067385852
265071,132400,517466,649866,3.9083534743202417
265136,132443,517576,650019,3.9079151031009567
265368,132495,518404,650899,3.9126306653081246
265370,132496,518408,650904,3.912631324719237
265394,132496,518433,650929,3.912820009660669
265442,132528,518564,651092,3.9128636967282384
265449,132528,518587,651115,3.913037244959556
265466,132546,518658,651204,3.9130415101172424
265525,132581,518759,651340,3.9127703064541675
265587,132620,518857,651477,3.912358618609561
265607,132638,518903,651541,3.9121744899651683
265723,132720,519177,651897,3.9118218806509946
265925,132815,519386,652201,3.9105974475774574
265986,132849,519523,652372,3.9106278556857785
266104,132940,520030,652970,3.911764705882353
266386,133020,520277,653297,3.911268982107954
267078,133659,522696,656355,3.910668192938747
267090,133667,522719,656386,3.9106062079645687
267251,133756,523215,656971,3.911712371781453
267269,133771,523240,657011,3.911460630480448
267284,133781,523308,657089,3.9116765459968157
267425,133783,523725,657508,3.9147350560235608
267425,133783,523725,657508,3.9147350560235608
267506,133822,523856,657678,3.914573089626519
267525,133836,523876,657712,3.914313039839804
267528,133836,523885,657721,3.9143802863205717
267563,133856,523925,657781,3.9140942505378913
268145,134326,524986,659312,3.9082977234489227
269928,134978,526835,661813,3.903117545081421
269941,134988,526876,661864,3.903132130263431
269963,135018,526944,661962,3.902768519752922
270020,135031,526976,662007,3.9026297664980634
270194,135072,527330,662402,3.904065979625681
270851,135238,527768,663006,3.902512607403245
270893,135248,527878,663126,3.90303738317757
270901,135254,527901,663155,3.9030342910376032
271012,135308,528029,663337,3.902422620983238
271020,135308,528051,663359,3.902585212995536
271064,135331,528133,663464,3.9025278760963857
271758,135662,529186,664848,3.9007680853886866
271761,135663,529189,664852,3.900761445641037
271769,135663,529211,664874,3.900923612186079
271832,135679,529341,665020,3.9014217380729517
271935,135754,529474,665228,3.900246033266055
272017,135777,529534,665311,3.900027250565265
272043,135788,529546,665334,3.899799687748549
272059,135788,529608,665396,3.900256281851121
272083,135810,529616,665426,3.8996833811943157
272089,135810,529630,665440,3.899786466386864
272367,135954,530346,666300,3.9009223708018887
272571,136026,530569,666595,3.900496963815741
272637,136060,530616,666676,3.899867705424078
272645,136069,530644,666713,3.89981553476545
272697,136123,530743,666866,3.898995761186574
272706,136140,530760,666900,3.8986337593653593
272710,136142,530768,666910,3.8986352484905464
272712,136144,530768,666912,3.8985779762604302
272717,136147,530779,666926,3.898572866093267
272872,136176,531302,667478,3.9015832452120787
272883,136179,531309,667488,3.901548696935651
273068,136324,531619,667943,3.8996728382383146
273089,136344,531670,668014,3.899474857712844
273120,136355,531767,668122,3.899871658538374
273367,136521,532423,668944,3.8999348085642502
273373,136521,532437,668958,3.9000373568901487
273574,136521,532439,668960,3.9000520066509914
273755,136600,532683,669283,3.8995827232796487
273832,136654,532847,669501,3.89924188095482
273855,136664,532868,669532,3.899110226541006
273887,136701,532891,669592,3.898223129311417
273903,136707,532903,669610,3.8981398172734387
273910,136708,532919,669627,3.89822834069696
273943,136730,532963,669693,3.8979229137716667
273981,136737,533008,669745,3.8980524656822952
273994,136746,533014,669760,3.8978397905606013
274328,136847,533937,670784,3.901707746607525
274379,136866,534017,670883,3.9017506173921936
274538,136877,534274,671151,3.9033146547630353
274575,136877,534319,671196,3.90364341708249
274610,136895,534418,671313,3.903853318236605
274805,137033,534750,671783,3.902344690694942
274812,137035,534753,671788,3.9023096289269166
274821,137040,534770,671810,3.9022913018096905
274910,137097,534923,672020,3.9017848676484532
274914,137097,534932,672029,3.901850514599152
275465,137375,536025,673400,3.9019108280254775
277264,138264,539330,677594,3.9007261470809467
277501,138275,539613,677888,3.902462484180076
277557,138320,539821,678141,3.9026966454598035
277587,138323,539915,678238,3.903291571177606
277596,138329,539927,678256,3.9032090161860493
277768,138409,540223,678632,3.903091561964901
278193,138604,541256,679860,3.9050532452165885
278219,138612,541301,679913,3.905152512048019
278248,138619,541341,679960,3.905243869887966
278276,138648,541393,680041,3.9048020887427155
278276,138734,541500,680234,3.903152795998097
278304,138743,541578,680321,3.9034617962708027
278357,138765,541746,680511,3.9040536158253163
278388,138779,541785,680564,3.9039407979593452
278826,138977,542319,681296,3.902221230851148
279028,138999,542391,681390,3.902121597997108
279163,139066,542690,681756,3.9023916701422348
279203,139066,542725,681791,3.9026433492010986
279210,139066,542745,681811,3.902787165806164
279218,139066,542770,681836,3.9029669365624957
279303,139140,542876,682016,3.9016530113554695
279311,139146,542894,682040,3.9016141319189916
279466,139242,543254,682496,3.901509601987906
279599,139267,543348,682615,3.901484199415511
279607,139267,543348,682615,3.901484199415511
279612,139273,543351,682624,3.9013376605659387
279681,139330,543477,682807,3.9006459484676665
279808,139387,543641,683028,3.9002274243652564
279836,139406,543711,683117,3.9001979828701776
279915,139453,543853,683306,3.8999017590155822
279929,139462,543877,683339,3.8998221737821055
281421,140553,546982,687535,3.891642298634679
281424,140553,546987,687540,3.891677872404004
281805,140740,547589,688329,3.890784425181185
281948,140877,547933,688810,3.889442563370884
282090,140912,548229,689141,3.890577097763143
282096,140912,548243,689155,3.890676450550698
282102,140912,548257,689169,3.890775803338254
282445,141027,548527,689554,3.88951761010303
282459,141043,548575,689618,3.8894167027076847
282503,141051,548673,689724,3.8898908905289575
282707,141122,549455,690577,3.893475149161718
282737,141132,549472,690604,3.8933197290479833
282749,141144,549497,690641,3.8931658448109734
282774,141164,549557,690721,3.893039301804993
282776,141166,549565,690731,3.893040817193942
282785,141170,549589,690759,3.893100517107034
282824,141179,549629,690808,3.893135664652675
282993,141234,550404,691638,3.8971069289264624
283004,141237,550416,691653,3.897109114467172
283113,141287,550601,691888,3.897039359601379
283134,141301,550614,691915,3.896745245964289
283176,141332,550691,692023,3.896435343729658
283519,141588,551666,693254,3.8962765206090912
283551,141604,551696,693300,3.8960481342334963
283729,141770,552041,693811,3.8939197291387457
283758,141786,552101,693887,3.893903488355691
283792,141823,552159,693982,3.893296573898451
283984,141917,552630,694547,3.8940366552280556
283998,141933,552669,694602,3.893872460949885
284017,141952,552699,694651,3.893562612714157
284147,142052,552926,694978,3.89241967730127
284157,142056,552945,695001,3.8924438249704343
284183,142070,553002,695072,3.8924614626592526
284220,142104,553133,695237,3.8924520069808026
284254,142130,553221,695351,3.8923591078590025
284427,142256,553542,695798,3.8911680350916655
284517,142280,553784,696064,3.892212538656171
284550,142298,553816,696114,3.891945073015784
284651,142360,554079,696439,3.8920974992975554
284657,142360,554093,696453,3.8921958415285194
284735,142404,554198,696602,3.891730569366029
284849,142436,554496,696932,3.892948411918335
284876,142459,554545,697004,3.8926638541615484
284962,142515,554696,697211,3.8921938041609656
285136,142572,554805,697377,3.891402238868782
285178,142592,554916,697508,3.8916348743267504
285186,142594,554920,697514,3.8916083425670083
285378,142673,555264,697937,3.8918646134867845
285390,142680,555286,697966,3.8918278665545274
285528,142805,555655,698460,3.89100521690417
285542,142811,555686,698497,3.891058811996275
285549,142816,555697,698513,3.8909996078870717
285561,142828,555730,698558,3.8909037443638503
285566,142828,555742,698570,3.8909877615033466
285595,142854,555826,698680,3.89086759908718
285624,142867,555882,698749,3.8909055275186013
285739,142958,556174,699132,3.8904713272429663
285747,142959,556198,699157,3.8906119936485286
285756,142967,556209,699176,3.8904712276259557
286702,143189,558037,701226,3.8972057909476288
288546,143912,560657,704569,3.895832175218189
288633,143988,560857,704845,3.895164874850682
288640,143993,560880,704873,3.8951893494822665
288728,144077,561166,705243,3.8949034196991885
289025,144147,561287,705434,3.893851415568829
289031,144147,561305,705452,3.893976288094792
289159,144208,561642,705850,3.89466603794519
289188,144231,561680,705911,3.894308435773169
289313,144293,561980,706273,3.8947142273013937
289478,144397,562496,706893,3.895482593128666
289493,144402,562510,706912,3.895444661431282
289500,144408,562516,706924,3.8953243587612874
289632,144473,562854,707327,3.8959113467568334
289762,144473,563217,707690,3.8984239269621312
289903,144595,563566,708161,3.8975483246308653
290002,144595,563735,708330,3.8987171064006363
290020,144610,563784,708394,3.89865154553627
290075,144656,563928,708584,3.8984072558345315
290083,144659,563940,708599,3.8984093627081617
290102,144676,563991,708667,3.8983037960684563
290157,144686,564046,708732,3.8984144976017028
290164,144686,564062,708748,3.898525081901497
290174,144688,564087,708775,3.8986439787681078
290270,144746,564350,709096,3.898898760587512
290303,144767,564396,709163,3.89865093564141
290488,144911,564757,709668,3.8972679782763215
290493,144912,564771,709683,3.897337694600861
290525,144922,564838,709760,3.8975310856874734
290574,144944,564919,709863,3.8974983441881004
290772,145007,566010,711017,3.903328804816319
290929,145047,566272,711319,3.904058684426427
290955,145075,566329,711404,3.9036980871962776
290985,145088,566361,711449,3.9035688685487426
290995,145088,566377,711465,3.9036791464490515
291028,145101,566429,711530,3.903687776100785
291056,145115,566553,711668,3.9041656617165694
291074,145133,566592,711725,3.903950169844212
291120,145178,566655,711833,3.903174034633347
291349,145312,567366,712678,3.90446762827571
291360,145324,567380,712704,3.9042415567972255
291797,145725,568506,714231,3.9012249099330933
291875,145756,568599,714355,3.9010332336233158
291879,145757,568611,714368,3.901088798479661
292223,145817,569369,715186,3.904681895800901
292284,145834,569470,715304,3.904919291797523
292289,145835,569484,715319,3.9049885144169783
292448,145835,569484,715319,3.9049885144169783
292942,146087,570313,716400,3.9039271119264547
292947,146091,570316,716407,3.903840756788577
293048,146151,570518,716669,3.903620228393921
293079,146163,570573,716736,3.9036760329221485
293124,146202,570695,716897,3.903469172788334
293141,146203,570698,716901,3.9034629932354328
293191,146226,570788,717014,3.9034645001572907
293874,146431,572175,718606,3.907471778516844
293877,146433,572178,718611,3.9074388969699454
293884,146433,572198,718631,3.9075754782050494
293897,146446,572223,718669,3.907399314423064
294802,146872,573782,720654,3.9066806470940683
294824,146893,573838,720731,3.9065033732036243
294943,146965,574071,721036,3.906174939611472
294955,146966,574090,721056,3.9062776424479133
295295,147041,574759,721800,3.9088349507960363
295384,147120,575073,722193,3.90887030995106
295411,147122,575088,722210,3.9089191283424642
295473,147122,575215,722337,3.9097823574992185
295523,147143,575301,722444,3.9098088254283248
295541,147150,575325,722475,3.9097859327217126
295579,147165,575419,722584,3.9100261611116776
295630,147210,575522,722732,3.9095306025405883
295671,147245,575638,722883,3.9093891133824576
295733,147266,575717,722983,3.909368082245732
295799,147284,575853,723137,3.9098136932728607
295813,147284,575879,723163,3.9099902229705874
295873,147412,576066,723478,3.9078636745990827
296065,147418,576149,723567,3.908267647098726
296289,147546,576759,724305,3.9090114269448173
296318,147565,576840,724405,3.9090570257174804
296339,147584,576883,724467,3.90884513226366
296445,147707,577593,725300,3.9103969344716227
296449,147707,577612,725319,3.9105255675086488
296769,147844,578299,726143,3.9115486593977438
296819,147884,578416,726300,3.9112818154769955
296844,147905,578475,726380,3.911125384537372
296888,147928,578589,726517,3.9112879238548484
297314,148135,579012,727147,3.9086778951631955
297315,148135,579017,727152,3.908711648158774
297427,148179,579295,727474,3.909427111803967
297444,148180,579298,727478,3.9094209744904846
297513,148234,579424,727658,3.9088468232659173
297590,148300,579752,728052,3.90931894807822
297839,148486,580292,728778,3.9080586721980524
297885,148515,580377,728892,3.9078678921321077
297898,148528,580420,728948,3.9078153614133364
298030,148607,580623,729230,3.907103972222035
298602,148607,580623,729230,3.907103972222035
298630,148619,580696,729315,3.9072796883305636
298699,148677,580862,729539,3.90687194387834
299066,148747,581101,729848,3.906640133918667
299158,148798,581308,730106,3.906692294251267
299228,148806,581570,730376,3.9082429471929894
299260,148829,581617,730446,3.9079547668801107
299268,148836,581629,730465,3.90785159504421
299298,148863,581681,730544,3.907492123630452
299303,148863,581693,730556,3.9075727346620717
299401,148864,581982,730846,3.9094878546861564
299509,148903,582103,731006,3.9092765088681896
299524,148914,582128,731042,3.9091556200222946
299527,148918,582148,731066,3.909184920560308
299735,148974,582552,731526,3.9104273228885575
299819,149044,582719,731763,3.9097112262150775
300519,149301,584670,733971,3.9160487873490464
300544,149329,584765,734094,3.9159506860690154
300552,149339,584776,734115,3.9157621250979315
300557,149342,584797,734139,3.915824081638119
323711,149344,654253,803597,4.380845564602528
323804,149421,654430,803851,4.379772588859665
323843,149454,654513,803967,4.379360873579831
323910,149486,654643,804129,4.379293044164671
323929,149496,654671,804167,4.379187403007438
323962,149506,654685,804191,4.378988134255481
323992,149541,654760,804301,4.378464768859376
324012,149554,654811,804365,4.3784251842143975
324056,149578,654883,804461,4.378204013959272
324227,149644,655161,804805,4.378130763679132
324380,149734,655380,805114,4.376961812280444
324654,149859,656072,805931,4.377928586204366
324664,149861,656104,805965,4.378083690886888
324723,149908,656223,806131,4.377504869653388
324889,149987,656507,806494,4.377092681365719
325022,150011,656582,806593,4.376892361226844
325181,150095,657159,807254,4.378287084846264
325240,150154,657262,807416,4.377252687241099
325245,150156,657266,807422,4.377221023468926
326048,150615,658753,809368,4.373754274142682
326048,150615,658753,809368,4.373754274142682
326063,150615,658831,809446,4.374272150848189
326136,150621,658853,809474,4.374243963325167
326143,150621,658876,809497,4.3743966644757375
326233,150665,658967,809632,4.373723160654432
326341,150771,659235,810006,4.372425731738862
326382,150790,659283,810073,4.372193116254394
326546,150808,659701,810509,4.3744430003713335
326956,151023,660341,811364,4.372453202492336
326980,151031,660362,811393,4.372360641192867
326998,151042,660384,811426,4.3721878682750495
327037,151096,660530,811626,4.371591570921798
327280,151232,661226,812458,4.372262484130343
327286,151232,661240,812472,4.372355057130766
327292,151232,661254,812486,4.372447630131189
327298,151232,661268,812500,4.372540203131613
327353,151252,661364,812616,4.372596725993706
327384,151277,661425,812702,4.372277345531707
327427,151290,661532,812822,4.372608896820675
327439,151296,661549,812845,4.37254785321489
327488,151312,661624,812936,4.372581156815057
327499,151320,661646,812966,4.372495374041765
327590,151412,661893,813305,4.371469896705677
327661,151450,662027,813477,4.371257840871575
327678,151450,662072,813522,4.371554968636514
327810,151508,662390,813898,4.371980357472872
327867,151532,662451,813983,4.371690468019956
327868,151534,662456,813990,4.371665764778862
327893,151549,662489,814038,4.371450817887284
327914,151556,662533,814089,4.371539233022777
327941,151575,662564,814139,4.371195777667821
327956,151589,662606,814195,4.371069140900725
327977,151596,662629,814225,4.371019024248661
328460,151842,665124,816966,4.380369067846841
328603,151883,665254,817137,4.380042532739016
328612,151897,665305,817202,4.379974588043214
328699,151919,665402,817321,4.379978804494501
328724,151941,665448,817389,4.379647363121212
328738,151954,665495,817449,4.379581978756729
328812,152001,665755,817756,4.3799382898796715
328819,152008,665766,817774,4.379808957423293
328831,152020,665774,817794,4.379515853177214
328843,152028,665793,817821,4.379410371773621
328844,152028,665798,817826,4.379443260452022
328867,152033,665805,817838,4.379345273723468
329188,152217,667018,819235,4.38202040507959
334020,154153,677062,831215,4.392142871043704
334059,154174,677097,831271,4.3917716346465685
334174,154246,677486,831732,4.3922435589901845
335239,154735,678484,833219,4.384812744369405
335286,154786,678642,833428,4.384388769010117
335290,154790,678646,833436,4.384301311454228
335304,154794,678681,833475,4.3844141245784725
335370,154853,678999,833852,4.3847971947589
335399,154869,679066,833935,4.384776811369609
335418,154878,679118,833996,4.384857759010318
335456,154894,679175,834069,4.384772812374915
335501,154925,679321,834246,4.384837824753913
335617,155009,679600,834609,4.3842615590062515
335686,155033,679740,834773,4.384485883650577
335717,155051,679815,834866,4.38446059683588
335736,155053,679822,834875,4.38444918834205
335752,155064,679863,834927,4.384402569261725
335847,155140,680057,835197,4.383505221090628
335848,155140,680060,835200,4.383524558463323
335866,155148,680085,835233,4.38345966432052
335875,155148,680097,835245,4.383537009822879
336090,155333,680757,836090,4.382565198637765
336105,155337,680779,836116,4.382593973103639
336145,155351,680817,836168,4.382443627656082
336335,155449,681040,836489,4.38111534972885
336355,155449,681061,836510,4.3812504422672385
336433,155555,681325,836880,4.379962071293112
336518,155590,681492,837082,4.38005013175654
336530,155596,681510,837106,4.3799969150877915
336537,155600,681526,837126,4.379987146529563
336545,155600,681548,837148,4.380128534704371
336566,155600,681599,837199,4.380456298200514
336720,155720,682049,837769,4.37997045979964
336730,155725,682068,837793,4.3799518381762725
336738,155731,682082,837813,4.379872986110665
336752,155743,682107,837850,4.379696037703139
336829,155769,682186,837955,4.37947216711926
336888,155808,682338,838146,4.379351509550216
336899,155821,682356,838177,4.379101661521874
336938,155821,682356,838177,4.379101661521874
336941,155821,682362,838183,4.3791401672431824
338055,156418,685461,841879,4.38223861703896
338493,156628,686028,842656,4.3799831447761575
338573,156695,686238,842933,4.37945052490507
338598,156711,686274,842985,4.379233110630396
338613,156718,686296,843014,4.379177886394671
338657,156745,686376,843121,4.378933937286676
338706,156768,686465,843233,4.3788592059604
338715,156784,686486,843270,4.378546280232677
338750,156784,686546,843330,4.3789289723441165
338840,156853,686688,843541,4.377907977533105
338871,156861,686694,843555,4.377722952167843
338905,156884,686734,843618,4.3773361209556105
339105,157014,687170,844184,4.3764887207510155
339130,157023,687212,844235,4.376505352719028
339137,157042,687258,844300,4.376268768864381
339194,157081,687347,844428,4.375748817489066
339261,157096,687430,844526,4.3758593471507865
339347,157174,687677,844851,4.375259266799852
339352,157178,687695,844873,4.37526244130858
339426,157209,687843,845052,4.375341106425204
339468,157270,687994,845264,4.374604183887582
340049,157571,688859,846430,4.371737185141936
340081,157590,688953,846543,4.371806586712355
340802,157854,690595,848449,4.374897056773981
340809,157854,690615,848469,4.375023756129082
341106,157928,691360,849288,4.3776910997416545
341243,158008,692054,850062,4.379866842185206
341252,158015,692078,850093,4.379824700186691
341323,158045,692156,850201,4.379486855009649
341384,158064,692330,850394,4.380061241016297
341448,158086,692433,850519,4.380103234948066
341484,158107,692478,850585,4.379806080692189
341489,158109,692492,850601,4.379839224838561
341521,158131,692541,850672,4.3795397486893775
341682,158212,692728,850940,4.3784795085075725
341769,158276,692868,851144,4.3775935707245575
341825,158293,692953,851246,4.377660414547706
341851,158307,692971,851278,4.377386975939157
341899,158307,693083,851390,4.378094462026316
341944,158327,693139,851466,4.377895115804632
342009,158355,693280,851635,4.3780114300148405
342114,158355,693536,851891,4.379628050898298
342164,158370,693584,851954,4.379516322535834
342177,158379,693607,851986,4.37941267466015
342281,158444,693794,852238,4.378796293958749
342309,158464,693842,852306,4.3785465468497575
342595,158544,694160,852704,4.378342920577253
342611,158552,694203,852755,4.378393208537262
342937,158828,694824,853652,4.374694638224998
342956,158853,694874,853727,4.374320913045394
342990,158872,694967,853839,4.374383151216073
342998,158872,694994,853866,4.37455309935042
343074,158890,695073,853963,4.374554723393543
343189,158978,695370,854348,4.374001434160702
343222,159001,695414,854415,4.373645448770763
343240,159011,695451,854462,4.373603084063367
343258,159024,695491,854515,4.373497082201428
343400,159024,695743,854767,4.375081748666868
343420,159033,695770,854803,4.37500393000195
343468,159057,695832,854889,4.374733586072917
343480,159064,695851,854915,4.374660514006941
343482,159065,695852,854917,4.374639298400025
343685,159126,696290,855416,4.375714842326207
343722,159126,696409,855535,4.376462677375162
343775,159146,696557,855703,4.376842647631735
343939,159202,696767,855969,4.376622152988028
344108,159350,697265,856615,4.375682459993724
344116,159350,697283,856633,4.375795418889237
344147,159374,697317,856691,4.37534980611643
344180,159386,697377,856763,4.375396835355677
344216,159410,697470,856880,4.375321498023963
344245,159417,697518,856935,4.375430474792525
344265,159417,697597,857014,4.375926030473538
344284,159419,697633,857052,4.376096952057158
344601,159562,698809,858371,4.379545255135935
344654,159586,698832,858418,4.379030742045042
344662,159588,698850,858438,4.379088653282202
344681,159608,698915,858523,4.3789471705678915
344731,159650,699021,858671,4.378459129345443
344984,159830,699505,859335,4.3765563411124315
345082,159851,699762,859613,4.377589129877198
345156,159855,699782,859637,4.377604704263239
345197,159884,699850,859734,4.377235996097171
345623,160022,700525,860547,4.377679319093625
345821,160138,700644,860782,4.375251345714322
345849,160147,700689,860836,4.375286455568946
345855,160147,700703,860850,4.375373875252112
345869,160158,700762,860920,4.37544175127062
345950,160239,700935,861174,4.37430962499766
346015,160272,701179,861451,4.37493136667665
346183,160398,701809,862207,4.3754223868128035
346212,160401,701823,862224,4.3754278339910595
346219,160407,701836,862243,4.375345215607798
346366,160492,702203,862695,4.375314657428408
346379,160504,702226,862730,4.3751308378607385
346387,160510,702245,862755,4.375085664444583
346410,160527,702308,862835,4.375014795018907
346643,160634,702606,863240,4.373955700536624
346696,160672,702668,863340,4.373307110137423
346711,160678,702704,863382,4.373367853719862
346717,160678,702718,863396,4.373454984503168
346742,160678,702796,863474,4.373940427438728
346769,160700,702857,863557,4.37372121966397
346913,160745,702987,863732,4.373305546051199
346936,160760,703033,863793,4.3731836277681015
346942,160760,703050,863810,4.373289375466534
346996,160772,703134,863906,4.373485432786803
347121,160839,703584,864423,4.374461417939679
347174,160872,703655,864527,4.374005420458501
347182,160872,703655,864527,4.374005420458501
347186,160872,703664,864536,4.3740613655577105
347317,160907,703831,864738,4.3741477996606735
347357,160920,703866,864786,4.374011931394482
347368,160922,703884,864806,4.37406942493879
347649,161018,704149,865167,4.373107354457265
347653,161021,704150,865171,4.373032088982183
347979,161188,705034,866222,4.3739856565004835
348003,161203,705101,866304,4.373994280503465
348021,161213,705123,866336,4.373859428209884
348062,161226,705155,866381,4.373705233647178
348102,161252,705211,866463,4.373347307320219
348135,161293,705309,866602,4.372843210802701
348496,161376,705592,866968,4.3723478088439425
348584,161417,705809,867226,4.372581574431441
348621,161451,705893,867344,4.372181033254671
348660,161466,705944,867410,4.372090718789095
348712,161498,706031,867529,4.371763117809508
348800,161498,706371,867869,4.3738684070390965
348929,161545,706742,868287,4.374892444829614
348938,161557,706760,868317,4.37467890589699
348977,161569,706811,868380,4.374669645786011
349004,161582,706848,868430,4.37454666980233
349025,161582,706885,868467,4.374775655704225
349038,161586,706901,868487,4.374766378275345
349091,161605,706977,868582,4.374722316760002
349732,161631,707927,869558,4.379896183281672
349769,161662,707988,869650,4.379433633135802
349780,161674,708002,869676,4.379195170528347
349791,161687,708011,869698,4.378898736447581
349828,161698,708029,869727,4.378712167126372
349899,161738,708079,869817,4.377938394193078
349905,161738,708093,869831,4.37802495393785
350881,162078,709323,871401,4.3764298671010256
350927,162107,709510,871617,4.376800508306242
350964,162113,709573,871686,4.377027135393213
351094,162171,709855,872026,4.377200609233464
351165,162221,710138,872359,4.377595995586268
351173,162221,710163,872384,4.377750106336418
351483,162401,710902,873303,4.37744841472651
351505,162401,710971,873372,4.377873288957581
351555,162443,711140,873583,4.377781744981316
351664,162516,711452,873968,4.377735115311723
351671,162516,711472,873988,4.37785818011765
351799,162568,711640,874208,4.377491265193642
351843,162603,711767,874370,4.37733006156098
351860,162609,711779,874388,4.3772423420597875
351916,162630,711925,874555,4.377574863186374
351934,162642,711966,874608,4.3775039657653005
351973,162650,712056,874706,4.377841992007378
352585,162650,712795,875445,4.382385490316631
352617,162661,712847,875508,4.382408813421779
352650,162695,712918,875613,4.381929377055226
352670,162706,712955,875661,4.381860533723403
352677,162706,712972,875678,4.381965016655808
352749,162723,713133,875856,4.382496635386516
352798,162752,713212,875964,4.382201140385372
352884,162832,713430,876262,4.381386950967869
352930,162832,713430,876262,4.381386950967869
352931,162832,713432,876264,4.381399233565884
352979,162842,713507,876349,4.3815907444025495
352992,162859,713534,876393,4.381299160623607
353013,162868,713589,876457,4.381394749121989
353028,162885,713630,876515,4.381189182552108
353233,162991,713947,876938,4.380284801001283
353258,162994,713965,876959,4.380314612807833
353281,163009,713986,876995,4.380040365869369
353325,163056,714081,877137,4.379360465116279
353377,163099,714209,877308,4.378990674375686
353427,163130,714314,877444,4.378802182308588
353552,163151,714468,877619,4.379182475130401
353645,163203,714560,877763,4.378350888157693
353695,163239,714643,877882,4.377893763132585
353729,163269,714676,877945,4.377291463780632
353783,163302,714758,878060,4.376909039693329
353909,163382,715141,878523,4.377110085566342
354058,163440,715576,879016,4.378218306412139
354127,163484,715690,879174,4.3777372709255955
354345,163652,716333,879985,4.37717229242539
354357,163656,716363,880019,4.377248619054602
354373,163667,716397,880064,4.377162164639176
354400,163703,716459,880162,4.376578315608144
354638,163901,717450,881351,4.377337539124228
354664,163919,717510,881429,4.377222896674577
354723,163953,717649,881602,4.3771629674357895
354772,163973,717756,881729,4.377281625633488
354784,163984,717769,881753,4.377067274856084
354910,164027,717923,881950,4.3768586878989435
354916,164029,717933,881962,4.376866285839699
354929,164039,717962,882001,4.376776254427301
355027,164040,718251,882291,4.378511338697878
355101,164117,718509,882626,4.378029089003577
355535,164372,719045,883417,4.374498089698975
355573,164397,719123,883520,4.374307317043498
355588,164397,719149,883546,4.374465470781097
355610,164405,719171,883576,4.3743864237705665
355629,164405,719250,883655,4.374866944435997
355704,164431,719389,883820,4.3750205253267325
355706,164431,719389,883820,4.3750205253267325
356706,164734,720292,885026,4.372454988041327
356710,164736,720299,885035,4.372444395881896
356810,164842,720534,885376,4.371058346780553
356818,164842,720555,885397,4.37118574149792
356878,164868,720651,885519,4.371078681126719
356967,164899,720738,885637,4.370784540840151
356991,164910,720780,885690,4.370747680553029
356995,164910,720799,885709,4.370862894912376
357030,164927,720867,885794,4.370824667883366
357050,164943,720927,885870,4.370764445899493
357083,164960,720947,885907,4.370435257032008
357250,165055,721129,886184,4.3690224470631005
357493,165191,721818,887009,4.369596406583894
357513,165200,721846,887046,4.36952784503632
357516,165202,721847,887049,4.369480999019382
357542,165221,721887,887108,4.369220619654887
357549,165221,721907,887128,4.369341669642479
357570,165243,721936,887179,4.368935446584727
357575,165246,721950,887196,4.368940851820922
357663,165261,721989,887250,4.368780292991087
357686,165277,722027,887304,4.368587280746867
357707,165308,722072,887380,4.368040264234036
357735,165324,722172,887496,4.368222399651593
357768,165351,722264,887615,4.368065509129065
357934,165416,722433,887849,4.367370750108816
357955,165419,722447,887866,4.367376178069025
358064,165436,722823,888259,4.369200174085447
358228,165530,723082,888612,4.368283694798526
358583,165728,723830,889558,4.367578200424792
358642,165823,724094,889917,4.366668073789523
358722,165875,724331,890206,4.366727957799548
358748,165898,724357,890255,4.366279280039542
360212,165898,726443,892341,4.378853271287176
360231,165907,726493,892400,4.378917104160765
360626,166061,727020,893081,4.3780297601483795
360631,166064,727031,893095,4.378016909143462
360695,166099,727097,893196,4.37749173685573
362804,167907,738914,906821,4.400733739510563
363018,168042,739291,907333,4.399441806215113
363024,168051,739330,907381,4.39943826576456
363092,168105,739424,907529,4.3985842181969605
363107,168120,739456,907576,4.398382108018082
363124,168138,739504,907642,4.398196719361477
363132,168143,739509,907652,4.3980956685678265
363139,168148,739527,907675,4.398071936627257
363195,168164,739636,907800,4.398301657905378
363341,168236,739855,908091,4.397721058513041
363630,168410,740399,908809,4.396407576747224
363686,168465,740512,908977,4.395643011901582
363750,168524,740657,909181,4.394964515439938
363783,168554,740739,909293,4.394668770839019
363790,168554,740758,909312,4.394781494357892
363847,168614,740941,909555,4.394302964166677
363976,168616,741322,909938,4.396510414195569
364065,168667,741498,910165,4.3962245133902895
364101,168696,741587,910283,4.3959963484611375
364140,168711,741771,910482,4.396696125326742
364273,168815,742285,911100,4.39703225424281
364362,168871,742477,911348,4.396711099004565
364411,168898,742555,911453,4.396470058852088
364418,168898,742572,911470,4.3965707113168895
364511,168953,742720,911673,4.396015459920807
364699,169033,743021,912054,4.395715629492466
367032,169572,746248,915820,4.400773712641238
367066,169591,746307,915898,4.400628571091627
367086,169605,746344,915949,4.400483476312608
367112,169620,746406,916026,4.400459851432614
367155,169639,746466,916105,4.400320680975483
367159,169643,746470,916113,4.400240505060627
367176,169653,746506,916159,4.400193335808975
367177,169655,746514,916169,4.4001886180778635
367208,169670,746573,916243,4.400147344845878
367257,169714,746701,916415,4.399760774008037
367426,169714,747347,917061,4.403567177722522
367434,169723,747363,917086,4.403427938464439
367469,169732,747428,917160,4.403577404378668
367658,169827,747781,917608,4.403192660766544
367665,169827,747801,917628,4.403310427670512
367693,169866,747872,917738,4.402717436096688
367825,169919,748104,918023,4.40270952630371
367859,169939,748179,918118,4.402632709383956
367861,169941,748180,918121,4.402586780117805
367926,169972,748273,918245,4.4023309721601205
367927,169972,748278,918250,4.402360388769915
367951,170000,748325,918325,4.401911764705883
368284,170208,749347,919555,4.402536896033089
368346,170228,749406,919634,4.4023662382216795
368549,170369,749764,920133,4.400824093585101
368624,170413,749945,920358,4.400749942786055
368637,170426,749973,920399,4.40057855022121
368774,170515,750236,920751,4.399824062399202
368783,170520,750256,920776,4.399812338728595
368873,170575,750432,921007,4.399425472665983
368959,170639,750729,921368,4.399515937153875
369159,170795,751174,921969,4.398102988963378
369193,170830,751315,922145,4.398027278581045
369254,170842,751411,922253,4.398280282366163
369377,170905,751518,922423,4.397285041397267
369425,170946,751656,922602,4.3970376610157595
369433,170946,751678,922624,4.397166356627239
369456,170963,751700,922663,4.396857799640858
369841,171183,752219,923402,4.3942389139108435
369917,171242,752321,923563,4.393320563880357
369925,171242,752341,923583,4.393437357657584
370044,171303,752544,923847,4.3930579149226805
370058,171307,752554,923861,4.393013712224253
370220,171391,753065,924456,4.39384215040463
370228,171399,753081,924480,4.39373041849719
370232,171400,753090,924490,4.393757292882147
370237,171400,753095,924495,4.393786464410735
370292,171432,753199,924631,4.393572961874096
370301,171439,753218,924657,4.393504395149295
370309,171443,753239,924682,4.393524378364821
370310,171443,753241,924684,4.393536044049625
370317,171443,753261,924704,4.3936527008976745
370337,171443,753329,924772,4.39404933418104
370402,171466,753364,924830,4.3936640500157464
370407,171466,753380,924846,4.393757362975751
370424,171476,753418,924894,4.393722736709511
370635,171485,754667,926152,4.400775578038895
370674,171509,754780,926289,4.400818615932692
370752,171522,754818,926340,4.400706614894882
370806,171546,754978,926524,4.401023632145314
371104,171663,755260,926923,4.399666788999377
371124,171673,755293,926966,4.399602733103051
371191,171678,755386,927064,4.4000163096028615
371286,171741,755678,927419,4.400102479897054
371429,171831,755962,927793,4.39945062299585
371432,171831,755971,927802,4.399503000040737
371468,171860,756026,927886,4.399080647038287
371479,171867,756034,927901,4.398948023762561
371526,171905,756171,928076,4.398772577877316
371557,171916,756223,928139,4.398793596872891
371591,171963,756350,928313,4.398329873286696
371803,171972,757612,929584,4.405438094573535
371829,171990,757667,929657,4.405296819582534
373662,172041,760106,932147,4.418167762335722
373760,172082,760257,932339,4.41799258493044
373787,172103,760316,932419,4.4177963196457934
373795,172103,760338,932441,4.417924150072921
373842,172116,760424,932540,4.4180901252643565
373880,172157,760572,932729,4.417897616710328
374348,172157,760572,932729,4.417897616710328
374440,172178,760861,933039,4.419037275377807
374452,172186,760873,933059,4.418901652863764
374466,172202,760896,933098,4.418624638505941
374481,172212,760934,933146,4.418588716233479
374773,172312,761607,933919,4.419930126746832
374786,172312,761621,933933,4.420011374715632
374879,172337,761770,934107,4.420234772567702
374900,172352,761785,934137,4.4199371054585965
374909,172355,761789,934144,4.419883380232659
374926,172372,761832,934204,4.4196969345369315
374946,172384,761882,934266,4.419679320586598
375083,172462,762166,934628,4.419327156127147
375088,172466,762170,934636,4.41924785175049
375109,172480,762204,934684,4.419086270871985
375123,172485,762239,934724,4.419161086471287
375260,172620,762785,935405,4.418868033831537
375416,172743,763017,935760,4.4170646567444125
375419,172745,763018,935763,4.417019305913341
375451,172748,763064,935812,4.417208882302544
376235,173151,764741,937892,4.416613245086658
376308,173207,764852,938059,4.415826150213329
376360,173233,764939,938172,4.415665606437573
376365,173233,764951,938184,4.4157348773039775
376378,173245,764984,938229,4.415619498398222
376394,173245,765010,938255,4.415769574879506
376406,173251,765019,938270,4.415668596429458
376562,173279,765212,938491,4.416068883130674
376605,173315,765271,938586,4.415492023194761
376680,173353,765449,938802,4.415550927875491
376825,173394,765752,939146,4.416254310991153
376856,173394,765752,939146,4.416254310991153
376877,173408,765796,939204,4.416151503967522
376900,173421,765820,939241,4.415958851580835
376920,173447,765873,939320,4.4156024606940445
376929,173449,765893,939342,4.415666853080733
376982,173488,766011,939499,4.415354376095177
377831,173966,767854,941820,4.413816492877919
377902,173994,767974,941968,4.4137958780187825
377940,174019,768074,942093,4.413736431079365
378043,174101,768302,942403,4.41296718571404
378326,174185,768847,943032,4.413967907684358
378334,174185,768869,943054,4.414094210178833
378337,174187,768874,943061,4.414072232715415
378514,174277,769165,943442,4.4134624764025085
378603,174356,769390,943746,4.412753217554887
378625,174394,769432,943826,4.412032524054727
378679,174417,769545,943962,4.41209859130704
378694,174425,769583,944008,4.412114089150064
378936,174567,769927,944494,4.410495683605721
378940,174567,769946,944513,4.41060452433736
378950,174582,769979,944561,4.410414590278494
379116,174695,770286,944981,4.409319099001117
379121,174698,770297,944995,4.4093063458081945
379145,174698,770322,945020,4.409449449907841
379328,174794,770786,945580,4.4096822545396295
379337,174803,770818,945621,4.409638278519247
379356,174813,770884,945697,4.409763575935428
379368,174816,770908,945724,4.409825187625847
379410,174853,770964,945817,4.409212309768777
379411,174853,770969,945822,4.409240905217525
379473,174885,771067,945952,4.40899448208823
380315,175235,772153,947388,4.4063857106171715
380338,175256,772176,947432,4.4059889533025975
380364,175266,772200,947466,4.405874499332444
380453,175294,772485,947779,4.406796581742673
380551,175341,772719,948060,4.406949886221705
380636,175387,772788,948175,4.406187459731907
380708,175439,772891,948330,4.405468567422295
380738,175454,772911,948365,4.405205922919968
380773,175462,772955,948417,4.405255838871095
380785,175468,772983,948451,4.4052647776232705
380823,175518,773103,948621,4.404693535705739
380831,175524,773124,948648,4.404662610241335
380965,175601,773491,949092,4.404821157054914
380981,175616,773536,949152,4.404701166180758
381035,175652,773637,949289,4.404373420171703
381042,175652,773657,949309,4.404487281670576
381142,175720,773881,949601,4.404057591623037
381163,175738,773898,949636,4.40370324005053
381299,175819,774111,949930,4.402885922454343
381308,175819,774111,949930,4.402885922454343
381334,175837,774142,949979,4.402611509523024
381404,175880,774242,950122,4.402103707073004
381954,176143,775144,951287,4.400651743185934
381958,176143,775153,951296,4.400702838035006
381986,176160,775200,951360,4.400544959128065
382021,176188,775277,951465,4.400282652621064
382151,176294,775606,951900,4.399503102771507
382163,176303,775646,951949,4.399505396958645
382194,176326,775676,952002,4.39910166396334
382313,176389,775975,952364,4.399225575290976
382394,176424,776070,952494,4.398891307305129
382412,176427,776086,952513,4.398907196744262
382515,176510,776241,952751,4.397716843238343
382566,176530,776330,952860,4.397722766668555
382593,176537,776361,952898,4.397723989871811
382732,176606,776696,953302,4.397902676013272
382740,176606,776713,953319,4.397998935483506
382745,176606,776725,953331,4.398066883344847
382799,176629,776829,953458,4.398082987504883
382813,176629,776864,953493,4.398281142960669
383161,176773,777580,954353,4.398748677682677
383167,176773,777594,954367,4.398827875297698
383197,176799,777659,954458,4.398548634324855
383370,176933,778025,954958,4.397285978308173
383461,176990,778148,955138,4.396564777671055
383471,176992,778167,955159,4.396622446212258
383639,177132,778475,955607,4.394886299482872
383645,177137,778492,955629,4.3948582170862105
383649,177140,778498,955638,4.394817658349329
383902,177243,778775,956018,4.393826554504268
383928,177260,778825,956085,4.393687239083832
384764,177550,780227,957777,4.394407209236834
385234,177885,781338,959223,4.392377097563032
385301,177945,781461,959406,4.39158728820703
385412,178023,781768,959791,4.391387629688299
385469,178054,781915,959969,4.391448661641974
385514,178085,782001,960086,4.391167139287419
385629,178124,782201,960325,4.391328512721475
385651,178134,782260,960394,4.391413205788901
385671,178134,782281,960415,4.391531094569257
385788,178203,782626,960829,4.391766693041083
385888,178250,782834,961084,4.391775596072931
385891,178253,782845,961098,4.391763392481473
386005,178270,783093,961363,4.3927357379256184
386040,178297,783178,961475,4.3925472666393715
386060,178318,783204,961522,4.392175775861102
386092,178337,783251,961588,4.391971380027701
386112,178351,783284,961635,4.391811652303604
386242,178352,783669,962021,4.3939456804521395
386306,178387,783797,962184,4.3938011177944585
386560,178537,784106,962643,4.391840346818866
386579,178553,784120,962673,4.391525205401197
386591,178566,784145,962711,4.391345496903106
386614,178576,784180,962756,4.391295582833079
386686,178641,784362,963003,4.390716576821671
386695,178650,784379,963029,4.390590540162329
386765,178650,784649,963299,4.392101875174923
387333,178961,786036,964997,4.39221953386492
387391,179004,786158,965162,4.391845992268329
387481,179087,786320,965407,4.390715127284504
387486,179087,786327,965414,4.390754214432092
387491,179092,786332,965424,4.390659549281933
387567,179092,786599,965691,4.392150403144752
387589,179107,786644,965751,4.392033812190478
387759,179175,786921,966096,4.391912934282127
387778,179185,786962,966147,4.391896643134191
387810,179204,787033,966237,4.3918271913573355
388106,179360,787447,966807,4.390315566458519
388111,179360,787458,966818,4.390376895628902
388247,179428,787619,967047,4.38961031723031
388254,179440,787625,967065,4.389350200624164
388362,179459,787895,967354,4.39039000551658
388446,179519,788157,967676,4.390382076549001
388456,179519,788191,967710,4.390571471543402
388476,179530,788244,967774,4.390597671698323
388486,179536,788267,967803,4.390579048213172
388495,179546,788282,967828,4.3904180544261635
388507,179555,788309,967864,4.390348361226365
388522,179559,788320,967879,4.3903118195133635
388624,179628,788606,968234,4.390217560736634
388658,179641,788637,968278,4.3900724222198715
388667,179645,788662,968307,4.390113835620251
388675,179651,788686,968337,4.390100806563837
388697,179665,788731,968396,4.390009183758662
388752,179707,788828,968535,4.389522945683807
388967,179827,789306,969133,4.389251892096293
388974,179827,789329,969156,4.389379792800859
388988,179834,789357,969191,4.389364636275676
389022,179849,789408,969257,4.389282120000667
389028,179849,789422,969271,4.38935996308014
389104,179896,789555,969451,4.388952505892293
389178,179934,789649,969583,4.3885480231640495
389246,179939,789727,969666,4.388859557961309
389354,179965,789861,969826,4.388970077515072
389662,179994,790195,970189,4.390118559507539
389702,180021,790235,970256,4.389682314841046
390007,180198,790754,970952,4.388250702005571
390080,180243,790836,971079,4.387610059752667
390204,180282,791154,971436,4.388424801144873
390239,180299,791225,971524,4.3884048164437965
390285,180335,791324,971659,4.388077744198298
390295,180335,791344,971679,4.38818864890343
390323,180363,791408,971771,4.387862255562394
390516,180363,791660,972023,4.389259437911323
390535,180374,791719,972093,4.389318859702618
390543,180374,791737,972111,4.389418652355661
390697,180463,792248,972711,4.3900855022913285
390751,180513,792422,972935,4.389833419199725
390890,180551,792714,973265,4.390526776367896
390939,180584,792790,973374,4.3901453063394325
391004,180616,792901,973517,4.38998206138991
391202,180714,793378,974092,4.390240933187246
391211,180727,793401,974128,4.390052399475452
391217,180727,793415,974142,4.390129864381083
391253,180739,793491,974230,4.390258881591688
391285,180764,793573,974337,4.390105330707442
391294,180766,793576,974342,4.390073354502506
391637,180789,794135,974924,4.392606851080542
391724,180833,794334,975167,4.392638511776059
391731,180833,794357,975190,4.3927657009506005
391802,180874,794542,975416,4.3927927728695115
391898,180941,794896,975837,4.393122620080579
392106,181063,795318,976381,4.392493220591728
392116,181074,795343,976417,4.392364447684372
392178,181103,795502,976605,4.3925390523624674
392232,181142,795623,976765,4.392261319848517
392261,181153,795650,976803,4.392143657571224
392266,181163,795657,976820,4.39193985526846
392388,181163,795657,976820,4.39193985526846
392393,181165,795664,976829,4.391930008555737
392426,181180,795705,976885,4.391792692350149
392435,181183,795720,976903,4.391802762952374
392497,181189,795775,976964,4.391960880627411
392530,181210,795833,977043,4.391771977263948
392539,181217,795853,977070,4.391712698036057
392627,181276,796002,977278,4.391105275932832
392657,181312,796087,977399,4.390702214966467
392676,181319,796121,977440,4.390720222370518
392732,181367,796244,977611,4.390236371556016
392755,181389,796322,977711,4.390133911097145
392801,181410,796574,977984,4.39101482828951
393098,181589,797111,978700,4.389643645815551
393386,181663,797876,979539,4.392066628867739
393442,181707,797974,979681,4.391542428194841
393486,181759,798090,979849,4.3909242458420215
393493,181762,798111,979873,4.39096730889845
393525,181783,798183,979966,4.390856130661283
393549,181805,798254,980059,4.390715326861198
393614,181860,798400,980260,4.390190256241064
393641,181868,798443,980311,4.390233576000176
393661,181876,798481,980357,4.39024940069058
393741,181920,798636,980556,4.390039577836411
393939,181972,799210,981182,4.3919394192513135
393951,181979,799218,981197,4.391814440127707
393964,181982,799242,981224,4.391873921596641
394064,182033,799523,981556,4.392187130904836
394078,182041,799542,981583,4.392098483308705
394179,182157,799961,982118,4.391601750138617
394212,182166,800027,982193,4.391747087820998
394225,182188,800064,982252,4.39141985202099
394237,182200,800094,982294,4.3912952799121845
394244,182200,800110,982310,4.391383095499451
394270,182226,800199,982425,4.391244937604952
394349,182268,800309,982577,4.390836570325016
394493,182326,800604,982930,4.391057775632658
394555,182358,800674,983032,4.390671097511488
394607,182394,800752,983146,4.390232134828997
394692,182420,801001,983421,4.390971384716588
395264,182624,801603,984227,4.389362843875942
395403,182712,801903,984615,4.388890713253645
395413,182724,801932,984656,4.388761191742738
395414,182726,801933,984659,4.388718627890941
395447,182759,802000,984759,4.388292779014987
396736,183097,803940,987037,4.390787396844296
396743,183101,803955,987056,4.390773398288377
396755,183111,803977,987088,4.390653756464658
396849,183151,804178,987329,4.390792297066355
396932,183207,804382,987589,4.390563679335396
397206,183239,804500,987739,4.3904408995901525
397230,183254,804559,987813,4.3904034836893056
397255,183273,804609,987882,4.390221145504248
397259,183276,804610,987886,4.39015473930029
397260,183276,804615,987891,4.390182020559156
397288,183287,804655,987942,4.390136780022588
397942,183584,807002,990586,4.395818807739237
397976,183599,807068,990667,4.395819149341772
398851,184199,808985,993184,4.391907665079615
398859,184199,809007,993206,4.392027101124327
398867,184204,809019,993223,4.391973029901631
398878,184216,809038,993254,4.391790072523559
399716,184216,809038,993254,4.391790072523559
399754,184221,809061,993282,4.391795723614572
399792,184243,809142,993385,4.391710946955922
399799,184243,809165,993408,4.391835782092128
399852,184249,809180,993429,4.391774175165129
399883,184261,809222,993483,4.391716098360478
399916,184285,809271,993556,4.391410044224978
400067,184474,809916,994390,4.390407320272775
400854,184702,810431,995133,4.3877759851003235
400997,184806,810772,995578,4.387151932296571
401118,184908,810991,995899,4.385916239427175
401136,184921,811030,995951,4.385818809113081
401168,184948,811075,996023,4.385421848303307
401180,184951,811085,996036,4.385404782888441
401203,184958,811122,996080,4.385438856389018
401214,184960,811158,996118,4.38558607266436
401225,184963,811167,996130,4.3855635992063275
401247,184976,811175,996151,4.385298633336217
401636,184981,812817,997798,4.394056686902979
401672,185008,812883,997891,4.39377216120384
401693,185016,812938,997954,4.393879448263934
401723,185033,812973,998006,4.393664913826182
401993,185185,813469,998654,4.392736992736992
402014,185185,813509,998694,4.392952992952993
402070,185209,813626,998835,4.393015458212074
402148,185252,814026,999278,4.394154988880012
402430,185450,814655,1000105,4.392855217039633
402536,185489,814744,1000233,4.3924114098410145
402547,185491,814767,1000258,4.392488045242088
402554,185497,814784,1000281,4.392437613546311
402559,185499,814789,1000288,4.392417209796279
402620,185516,814816,1000332,4.392160244938442
402663,185551,814910,1000461,4.39183836249872
402957,185682,815521,1001203,4.392030460680087
402965,185682,815546,1001228,4.392165099471139
403060,185760,815870,1001630,4.3920650301464255
403082,185772,815928,1001700,4.3920935340094305
403141,185797,816073,1001870,4.392282975505525
403161,185809,816125,1001934,4.39227916839335
403285,185874,816474,1002348,4.392620807643888
403304,185885,816532,1002417,4.392672889151895
403315,185898,816558,1002456,4.392505567569312
403367,185923,816608,1002531,4.3921838610607615
403562,186002,817230,1003232,4.393662433737272
403564,186004,817230,1003234,4.393615191071159
403741,186010,817604,1003614,4.395484113757325
403759,186022,817642,1003664,4.395404844588274
403767,186027,817649,1003676,4.395324334639596
403806,186059,817726,1003785,4.394982236817354
403831,186076,817780,1003856,4.394870912960296
403915,186097,817824,1003921,4.394611412327979
403944,186118,817882,1004000,4.394427191351723
404004,186131,817918,1004049,4.394313682299026
404034,186137,817929,1004066,4.394231130833741
404038,186137,817931,1004068,4.394241875607752
404146,186195,818125,1004320,4.393914981605306
404917,186630,819685,1006315,4.392032363499974
405399,186872,820598,1007470,4.391230360888737
405428,186904,820654,1007558,4.390778153490562
405429,186904,820659,1007563,4.39080490519197
405462,186910,820696,1007606,4.390861912150233
405519,186942,820921,1007863,4.391313883450482
405830,187126,821313,1008439,4.389090773062001
406118,187416,822278,1009694,4.387448243479746
406455,187452,823140,1010592,4.391204148261955
406534,187517,823270,1010787,4.390375272641947
406557,187525,823310,1010835,4.390401279829356
406975,187559,823691,1011250,4.391636764964624
407000,187566,823711,1011277,4.391579497350266
407004,187568,823714,1011282,4.391548665017487
407043,187592,823762,1011354,4.391242696916713
407059,187605,823779,1011384,4.391029023746702
407178,187717,823994,1011711,4.389554488938136
407443,187855,824362,1012217,4.388288839796652
407462,187867,824382,1012249,4.388114996247345
407465,187871,824386,1012257,4.388042859195938
407487,187886,824410,1012296,4.387820273995934
407518,187908,824446,1012354,4.38749813738638
409599,187908,824446,1012354,4.38749813738638
409628,187931,824516,1012447,4.387333649052046
409885,188142,824961,1013103,4.3847785183531585
409928,188177,825047,1013224,4.384419987564899
409936,188182,825062,1013244,4.384383203494489
409956,188207,825123,1013330,4.384124926277981
411780,188237,827667,1015904,4.39694109022137
411782,188237,827678,1015915,4.3969995271917846
411794,188244,827694,1015938,4.396921017402945
411807,188251,827718,1015969,4.396885009906986
411816,188256,827737,1015993,4.396869156892742
411849,188270,827810,1016080,4.396929941042121
411863,188275,827820,1016095,4.396866286017793
411902,188284,827847,1016131,4.396799515625332
411912,188284,827867,1016151,4.396905738140256
412075,188364,828352,1016716,4.397613132020981
412098,188371,828375,1016746,4.397571813071014
412195,188375,828440,1016815,4.397823490378235
412243,188384,828461,1016845,4.39772485986071
412387,188417,828707,1017124,4.398260241910231
412399,188423,828742,1017165,4.398305939296158
412400,188423,828744,1017167,4.398316553711596
412432,188436,828779,1017215,4.398198857967692
412454,188448,828802,1017250,4.398040838852097
412466,188454,828830,1017284,4.3980493913634096
412529,188496,828982,1017478,4.397875816993464
412574,188506,829097,1017603,4.398252575514838
412623,188520,829198,1017718,4.398461701676215
412659,188548,829246,1017794,4.3980630926872735
412681,188561,829261,1017822,4.397839425968255
412696,188562,829303,1017865,4.398038841336006
412702,188565,829312,1017877,4.398016599050726
412708,188572,829324,1017896,4.397916976009164
412720,188579,829350,1017929,4.397891599806978
412971,188747,830171,1018918,4.398326860824278
412981,188757,830185,1018942,4.398168014961034
413092,188848,830508,1019356,4.397759044310768
413098,188848,830522,1019370,4.397833178005592
413107,188850,830538,1019388,4.397871326449563
413133,188850,830616,1019466,4.398284352660842
413358,188986,831089,1020075,4.397622046077487
413411,189017,831268,1020285,4.3978478126306095
413414,189018,831271,1020289,4.397840417314753
413612,189068,831400,1020468,4.397359680115091
414064,189372,832456,1021828,4.395876898379909
414494,189586,833154,1022740,4.394596647431772
414500,189586,833168,1022754,4.394670492546918
414981,189782,834744,1024526,4.398436100367791
415071,189851,834960,1024811,4.3979752542783555
415077,189851,834978,1024829,4.398070065472397
415153,189889,835085,1024974,4.3977534243689735
415171,189903,835142,1025045,4.39772936709794
415197,189922,835193,1025115,4.397557944840513
415205,189927,835209,1025136,4.397526418044828
415212,189927,835229,1025156,4.39763172166148
415233,189946,835323,1025269,4.397686710959957
415243,189947,835346,1025293,4.397784645190501
415313,189990,835470,1025460,4.397441970630033
415347,190023,835537,1025560,4.3970308857348845
415356,190028,835555,1025583,4.3970099143284145
415379,190038,835571,1025609,4.396862732716615
415409,190042,835602,1025644,4.396933309478957
415441,190042,835651,1025693,4.397191147220088
415497,190110,835736,1025846,4.396065435800326
415562,190138,835786,1025924,4.395681031671733
416099,190407,836713,1027120,4.39433949382113
416247,190530,837123,1027653,4.393654542591718
416312,190550,837251,1027801,4.393865127263186
416320,190555,837258,1027813,4.393786570806329
416328,190555,837258,1027813,4.393786570806329
416341,190562,837276,1027838,4.3937196293069976
416354,190562,837306,1027868,4.393877058385198
416364,190574,837330,1027904,4.393726321533892
416460,190606,837580,1028186,4.394300284356211
416542,190662,837726,1028388,4.393775372124493
416634,190705,837829,1028534,4.393324768621693
416749,190772,837963,1028735,4.392484222003229
416859,190829,838283,1029112,4.392849095263299
416974,190904,838459,1029363,4.392045216443867
417037,190952,838623,1029575,4.391800033516276
417923,191609,841748,1033357,4.393050430825275
418071,191718,842063,1033781,4.392195829290937
418097,191726,842110,1033836,4.39225770109427
418164,191753,842246,1033999,4.392348489984511
418286,191826,842524,1034350,4.392126197699999
418600,192045,843196,1035241,4.390616782524929
418618,192051,843226,1035277,4.390635820693461
418644,192071,843258,1035329,4.390345236917598
418726,192135,843500,1035635,4.39014234782835
418771,192171,843592,1035763,4.3897986688938495
418869,192210,843817,1036027,4.390078559908433
418870,192210,843819,1036029,4.390088965194319
421209,192255,848847,1041102,4.415214168682219
421222,192255,848873,1041128,4.415349405737172
421367,192333,849045,1041378,4.41445305797757
421511,192403,849439,1041842,4.41489477814795
421537,192427,849497,1041924,4.414645553898361
421573,192445,849550,1041995,4.414508041258541
421589,192445,849576,1042021,4.414643144794617
421628,192486,849676,1042162,4.414222333052794
421644,192486,849676,1042162,4.414222333052794
421655,192486,849688,1042174,4.414284675249109
421660,192486,849700,1042186,4.414347017445425
421696,192500,849801,1042301,4.414550649350649
421742,192534,849888,1042422,4.414222942441335
421748,192537,849917,1042454,4.414304782976778
421749,192537,849925,1042462,4.414346333432015
421764,192538,849960,1042498,4.4145051885861495
421888,192622,850172,1042794,4.413680680296124
421944,192649,850271,1042920,4.413575985341216
422951,193289,853654,1046943,4.416464465127349
422968,193304,853701,1047005,4.416364896742954
423003,193313,853780,1047093,4.4165679493877805
423026,193313,853797,1047110,4.416655889671155
423144,193313,854013,1047326,4.417773248565798
423164,193328,854041,1047369,4.417575312422412
423286,193373,854231,1047604,4.417529851633889
423317,193394,854307,1047701,4.417443147150377
423424,193419,854348,1047767,4.417084154090343
423432,193425,854370,1047795,4.417060876308647
423438,193425,854384,1047809,4.417133255783895
423542,193490,854552,1048042,4.41651764949093
423563,193498,854574,1048072,4.416448748824277
423855,193682,855188,1048870,4.415423219504135
424087,193823,855863,1049686,4.415693699922094
424254,193823,856156,1049979,4.417205388421395
424289,193845,856216,1050061,4.417013593334881
424564,194005,856593,1050598,4.415314038297982
424619,194044,856674,1050718,4.4148440559873015
424673,194083,856828,1050911,4.414750390296935
424740,194101,856864,1050965,4.414526457875024
424863,194134,857013,1051147,4.414543562693809
424880,194143,857043,1051186,4.414493440402178
424901,194150,857061,1051211,4.414426989441154
424926,194171,857117,1051288,4.414237965504633
424929,194171,857126,1051297,4.414284316401522
424935,194171,857140,1051311,4.414356417796684
424982,194173,857226,1051399,4.414753853522375
424992,194180,857245,1051425,4.414692553301061
424997,194180,857257,1051437,4.414754351632506
425024,194199,857342,1051541,4.414760117199368
425042,194214,857371,1051585,4.41456846571308
425117,194252,857438,1051690,4.414049790993143
425257,194329,857766,1052095,4.413988648117368
425279,194329,857835,1052164,4.4143437160691406
425299,194343,857866,1052209,4.414185229208153
425304,194345,857874,1052219,4.414180966837326
425367,194345,857962,1052307,4.414633769842291
425393,194367,858018,1052385,4.414422201299604
425455,194378,858071,1052449,4.414445050365782
425461,194378,858089,1052467,4.414537653438146
425485,194388,858113,1052501,4.414434018560817
425501,194394,858122,1052516,4.414344064117206
425573,194430,858219,1052649,4.414025613331276
425574,194430,858224,1052654,4.414051329527337
425634,194462,858314,1052776,4.413787783731526
425660,194462,858381,1052843,4.414132324053028
425753,194545,858757,1053302,4.414181808836002
425815,194570,858846,1053416,4.414072056329341
425826,194579,858864,1053443,4.413960396548446
425964,194667,859130,1053797,4.413331484021431
426012,194684,859207,1053891,4.413341620266689
426026,194688,859240,1053928,4.4134204470742935
426249,194816,859590,1054406,4.412317263469119
426268,194829,859622,1054451,4.412187097403364
429276,195281,865724,1061005,4.433221870023197
429321,195323,865823,1061146,4.432775453991593
429388,195360,865926,1061286,4.432463144963145
430228,195841,867599,1063440,4.430119331498512
430315,195861,867814,1063675,4.43076467494805
430432,195892,867910,1063802,4.430553570334674
430767,196085,868352,1064437,4.428446847030624
430979,196230,869019,1065249,4.428573612597462
431070,196302,869201,1065503,4.427876435288484
431082,196308,869224,1065532,4.427858263545041
431245,196334,869451,1065785,4.428428086831624
431280,196368,869532,1065900,4.428073820581765
431449,196449,869685,1066134,4.427026861933632
431465,196459,869719,1066178,4.426974585027919
431474,196463,869724,1066187,4.426909901609973
431901,196467,870263,1066730,4.429563234538116
431933,196467,870352,1066819,4.430016236823487
432035,196539,870660,1067199,4.429960465861737
432206,196601,870964,1067565,4.43010971459962
432903,196922,872538,1069460,4.430881262631905
432954,196963,872672,1069635,4.430639257119357
433075,196963,872886,1069849,4.431725755598768
433091,196971,872920,1069891,4.431718374786136
433128,196986,872995,1069981,4.431761648035901
433146,196994,873052,1070046,4.43187102145243
433416,197167,873718,1070885,4.431360217480613
433455,197189,873804,1070993,4.431301948891672
433521,197200,873843,1071043,4.431252535496958
433567,197238,873881,1071119,4.430591468175503
433620,197284,874064,1071348,4.430485999878348
433685,197308,874148,1071456,4.430372818132057
433814,197398,874414,1071812,4.429700402233052
433823,197400,874429,1071829,4.429731509625126
434051,197538,874844,1072382,4.428737761848353
434084,197576,875070,1072646,4.429029841681176
434180,197609,875137,1072746,4.428629262837219
434204,197618,875149,1072767,4.428488295600603
434212,197624,875169,1072793,4.428455045945837
434240,197647,875220,1072867,4.428197746487425
434291,197660,875298,1072958,4.428301123140747
434308,197668,875334,1073002,4.428304024930692
434327,197687,875368,1073055,4.42805040290965
434408,197694,875408,1073102,4.428095946260382
434439,197703,875448,1073151,4.428096690490281
434465,197719,875534,1073253,4.4281733166766974
434476,197730,875562,1073292,4.428068578364436
434548,197753,875668,1073421,4.428089586504377
434590,197764,875693,1073457,4.427969701260087
434656,197803,875835,1073638,4.427814542752132
434781,197804,876205,1074009,4.4296626964065435
435143,198068,876869,1074937,4.42711089120908
435152,198075,876880,1074955,4.427009970970592
435169,198075,876919,1074994,4.427206866086078
435178,198078,876928,1075006,4.42718525025495
435207,198084,876972,1075056,4.4272732780032715
435224,198099,877013,1075112,4.42714501335191
435252,198127,877077,1075204,4.426842378878194
435517,198247,877746,1075993,4.427537365004262
435518,198247,877748,1075995,4.427547453429308
436681,198860,881630,1080490,4.433420496831942
436704,198877,881667,1080544,4.433227572821392
436978,198918,881784,1080702,4.432901999819021
437037,198936,881861,1080797,4.432887963968311
437042,198938,881868,1080806,4.432878585287878
437052,198938,881886,1080824,4.432969065739075
437078,198967,881917,1080884,4.432478752757995
437090,198975,881952,1080927,4.432476441764041
437128,198998,882024,1081022,4.4323259530246535
437190,198998,882079,1081077,4.432602337711937
437231,199036,882153,1081189,4.432127856267208
437318,199065,882315,1081380,4.432295983723909
437476,199166,882840,1082006,4.432684293503911
437621,199233,883048,1082281,4.432237631316097
437944,199369,883414,1082783,4.4310499626321045
438166,199464,883804,1083268,4.430894798058797
438200,199484,883876,1083360,4.430811493653627
438406,199556,884280,1083836,4.431237346910141
438999,199556,885578,1085134,4.437741786766622
439015,199556,885604,1085160,4.437872076008739
439079,199575,885651,1085226,4.437685080796693
439129,199604,885736,1085340,4.437466183042424
439166,199623,885821,1085444,4.437469630253027
439365,199737,886269,1086006,4.437179891557398
439371,199737,886283,1086020,4.437249983728603
439490,199823,886500,1086323,4.43642623721994
439607,199929,886730,1086659,4.4352245046991685
439617,199929,886750,1086679,4.435324540211775
439741,199969,887066,1087035,4.436017582725323
439748,199975,887087,1087062,4.435989498687336
439757,199977,887103,1087080,4.436025142891433
440195,200173,888232,1088405,4.437321716715042
440230,200208,888395,1088603,4.437360145448733
440247,200214,888421,1088635,4.437357027980061
440278,200225,888450,1088675,4.437258084654763
440297,200236,888533,1088769,4.4374288339759085
440304,200236,888533,1088769,4.4374288339759085
440351,200266,888589,1088855,4.437043731836657
440385,200292,888669,1088961,4.436867173926068
440410,200292,888749,1089041,4.437266590777465
440412,200292,888754,1089046,4.4372915543306775
440421,200292,888754,1089046,4.4372915543306775
440491,200292,889024,1089316,4.438639586204142
440500,200299,889047,1089346,4.438599294055387
440568,200355,889240,1089595,4.438321978488183
440649,200387,889425,1089812,4.4385364320040726
440654,200387,889431,1089818,4.438566374066182
440667,200409,889473,1089882,4.438288699609299
440728,200409,889591,1090000,4.438877495521658
440959,200421,889829,1090250,4.43979922263635
440992,200444,889902,1090346,4.439653968190616
441010,200455,889920,1090375,4.439500137187897
441574,200864,891374,1092238,4.437699139716425
441619,200879,891477,1092356,4.437880515135977
441630,200880,891486,1092366,4.437903225806451
441662,200891,891518,1092409,4.4378195140648415
441734,200965,891716,1092681,4.437170651606001
441747,200976,891739,1092715,4.437042233898575
441805,201004,891798,1092802,4.436717677260154
441815,201005,891824,1092829,4.43682495460312
441852,201029,891857,1092886,4.43645941630312
441980,201151,892143,1093294,4.435190478794538
442024,201169,892194,1093363,4.435047149411688
442090,201200,892413,1093613,4.435452286282306
442102,201211,892447,1093658,4.43537878147815
442193,201285,892754,1094039,4.435273368606702
442411,201396,893458,1094854,4.4363244553019925
442421,201399,893472,1094871,4.436327886434391
442945,201413,894722,1096135,4.442225675601873
443022,201472,894849,1096321,4.441555154066074
443044,201480,894857,1096337,4.441418503077228
443050,201487,894872,1096359,4.441338647158378
443081,201493,894929,1096422,4.441489282506092
443113,201512,895009,1096521,4.441467505657231
443140,201526,895051,1096577,4.4413673669898674
443160,201553,895105,1096658,4.441040321900443
443227,201574,895331,1096905,4.441698830206277
443555,201805,895733,1097538,4.438606575654716
443604,201831,895840,1097671,4.438564937992677
443770,201891,896091,1097982,4.438489085694756
443789,201897,896117,1098014,4.43848596066311
443813,201913,896170,1098083,4.438396735227548
443886,201933,896193,1098126,4.438071043365869
443928,201957,896281,1098238,4.437979371846482
443936,201961,896300,1098261,4.437985551665916
443955,201973,896322,1098295,4.437830799166226
443978,201994,896371,1098365,4.4376120082774735
444021,201997,896588,1098585,4.438620375550132
444053,202024,896677,1098701,4.438467706807112
444507,202238,897687,1099925,4.4387652172193155
444572,202280,897876,1100156,4.438777931579988
444733,202382,898060,1100442,4.43744997084721
444831,202398,898410,1100808,4.438828446921412
444902,202446,898491,1100937,4.438176106220918
444912,202446,898507,1100953,4.438255139642176
444948,202457,898562,1101019,4.438285660658806
444984,202487,898610,1101097,4.43786514689832
445045,202514,898736,1101250,4.437895651658651
445090,202544,898778,1101322,4.4374456908128606
445867,202579,899881,1102460,4.442123813425873
446154,202737,901041,1103778,4.444383610293138
446160,202737,901060,1103797,4.444477327769475
446184,202747,901143,1103890,4.444667491997415
446192,202747,901168,1103915,4.444790798384193
446200,202759,901201,1103960,4.4446904946266255
447071,202789,901406,1104195,4.44504386332592
447159,202817,901498,1104315,4.4448838115148135
447404,202964,902269,1105233,4.445463234859384
447511,202986,902343,1105329,4.44534598445213
447771,203187,903300,1106487,4.4456584328721815
448155,203317,903530,1106847,4.443947136737213
448180,203342,903596,1106938,4.443725349411337
448187,203346,903602,1106948,4.443667443667444
448296,203383,903832,1107215,4.443989910661166
448347,203399,903930,1107329,4.4441221441600005
448703,203572,904291,1107863,4.442118758964887
448734,203594,904339,1107933,4.44187451496606
448785,203594,904455,1108049,4.44244427635392
449191,203858,905350,1109208,4.441081537148407
449197,203858,905368,1109226,4.441169833903992
449208,203859,905397,1109256,4.441290303592189
449228,203865,905415,1109280,4.441247884629535
449271,203886,905562,1109448,4.4415114328595395
449282,203888,905582,1109470,4.4415659577807425
449296,203900,905616,1109516,4.441471309465424
449399,203951,905894,1109845,4.441723747370692
449400,203951,905899,1109850,4.441748263063187
449410,203951,905919,1109870,4.441846325833166
449533,204009,906226,1110235,4.442088339239936
450268,204446,911694,1116140,4.459338896334485
450286,204456,911723,1116179,4.4592626286340336
450336,204488,911822,1116310,4.459048941747193
450775,204953,913206,1118159,4.455684961918099
450778,204955,913216,1118171,4.455690273474665
450821,204976,913294,1118270,4.4556143158223405
450864,204992,913376,1118368,4.455666562597565
451219,205119,914075,1119194,4.456315602162647
451229,205119,914095,1119214,4.456413106538156
451253,205125,914128,1119253,4.456443631931749
451254,205125,914130,1119255,4.456453382084095
451404,205218,914842,1120060,4.457903302829187
451421,205230,914894,1120124,4.457896019100521
451514,205269,915172,1120441,4.458403363391453
451529,205269,915191,1120460,4.458495924859575
451584,205293,915251,1120544,4.458266964777172
451594,205294,915275,1120569,4.4583621537892
452430,205300,916961,1122261,4.466444227959085
452454,205315,917011,1122326,4.466361444609502
452463,205320,917017,1122337,4.46628190142217
452497,205340,917082,1122422,4.46616343625207
452604,205340,917298,1122638,4.467215350150969
452649,205363,917387,1122750,4.4671484152452
452681,205383,917457,1122840,4.46705423525803
452730,205396,917523,1122919,4.467092835303511
452892,205434,917610,1123044,4.466690031835042
452919,205445,917649,1123094,4.4666407067585
452937,205452,917678,1123130,4.466629675057921
452968,205474,917742,1123216,4.466462910149216
452974,205474,917760,1123234,4.466550512473598
455461,206061,920967,1127028,4.469390132048277
455476,206068,921014,1127082,4.469466389735427
455503,206089,921047,1127136,4.4691710862782585
455558,206135,921174,1127309,4.468789870715793
455598,206155,921213,1127368,4.468545511872135
455652,206155,921397,1127552,4.469438044190051
455680,206165,921443,1127608,4.469444377076614
455955,206301,922018,1128319,4.4692851706971854
455964,206305,922036,1128341,4.469285766219917
455975,206309,922059,1128368,4.4693105972109795
456019,206348,922143,1128491,4.4688729718727584
456447,206849,923305,1130154,4.4636667327374075
456501,206872,923452,1130324,4.463881047217603
456517,206883,923485,1130368,4.463803212443748
456810,206986,924038,1131024,4.464253621017846
456837,207010,924077,1131087,4.463924448094295
457107,207024,924445,1131469,4.465400146842878
457196,207024,924838,1131862,4.4672984774712114
457224,207045,924876,1131921,4.4670289067594
457242,207053,924899,1131952,4.466967394821616
457275,207062,924911,1131973,4.466831190657871
457468,207062,924911,1131973,4.466831190657871
457489,207070,924960,1132030,4.4668952528130585
457505,207076,925010,1132086,4.467007282350441
457511,207076,925028,1132104,4.467094206957832
457596,207139,925233,1132372,4.466725242470032
457621,207154,925281,1132435,4.4666335190244935
457686,207195,925396,1132591,4.466304688819711
457712,207211,925454,1132665,4.466239726655438
457741,207213,925469,1132682,4.466269008218596
457750,207215,925484,1132699,4.466298289216514
457843,207215,925636,1132851,4.467031826846512
457870,207218,925661,1132879,4.467087801252787
458062,207317,926120,1133437,4.467168635471283
458280,207356,926260,1133616,4.467003607322672
458292,207363,926280,1133643,4.466949262886821
458297,207365,926287,1133652,4.466939936826369
458376,207395,926374,1133769,4.466713276597797
458404,207419,926403,1133822,4.466336256562803
458605,207523,926644,1134167,4.465259272466184
458635,207544,926690,1134234,4.465029102262653
458647,207552,926715,1134267,4.464977451433858
458684,207572,926776,1134348,4.464841115372016
458729,207609,926842,1134451,4.464363298315583
458883,207746,927261,1135007,4.463436119106986
458951,207765,927295,1135060,4.463191586648377
459016,207796,927430,1135226,4.463175422048548
459031,207799,927453,1135252,4.463221670941631
459032,207799,927460,1135259,4.463255357340507
459038,207799,927474,1135273,4.463322730138259
459400,208071,928211,1136282,4.461030129138611
459677,208127,928583,1136710,4.461617185660678
459684,208127,928603,1136730,4.4617132808333375
459722,208143,928654,1136797,4.461615331767103
459764,208158,928707,1136865,4.461548439166402
459779,208173,928745,1136918,4.4614095007517784
460071,208272,929358,1137630,4.462232081124683
460072,208272,929360,1137632,4.462241683951755
460114,208309,929445,1137754,4.461857144914526
460133,208314,929461,1137775,4.461826857532379
460340,208509,929858,1138367,4.459558100609566
460378,208525,929939,1138464,4.459604363985133
460383,208531,929948,1138479,4.4595192081752835
460442,208555,930018,1138573,4.459341660473257
460501,208592,930156,1138748,4.459212242080233
460672,208605,930335,1138940,4.459792430670406
460673,208607,930342,1138949,4.459783228750713
460694,208607,930372,1138979,4.459927039840466
460739,208625,930459,1139084,4.459959257040143
460823,208687,930606,1139293,4.4593386267472335
460871,208712,930708,1139420,4.459293188700219
460914,208766,930874,1139640,4.458934884032841
460935,208766,930911,1139677,4.45911211595758
461504,209103,932736,1141839,4.460653362218619
461513,209105,932761,1141866,4.46073025513498
461518,209105,932761,1141866,4.46073025513498
461553,209125,932843,1141968,4.460695756126719
461559,209125,932861,1141986,4.460781829049611
461567,209125,932882,1142007,4.4608822474596534
461578,209149,932909,1142058,4.460499452543402
461600,209163,932945,1142108,4.460373010522893
461611,209175,932971,1142146,4.460241424644437
461626,209176,932977,1142153,4.460248785711554
461649,209183,932998,1142181,4.460199920643647
461708,209229,933076,1142305,4.459592121551028
461711,209232,933082,1142314,4.459556855547908
461724,209240,933101,1142341,4.459477155419614
461810,209305,933444,1142749,4.459731014548147
461862,209305,933691,1142996,4.460911110580254
461893,209308,933765,1143073,4.461200718558297
461920,209322,933822,1143144,4.461174649582939
461979,209328,934022,1143350,4.462002216616984
462035,209361,934093,1143454,4.461638031916164
462448,209376,935041,1144417,4.4658461332721995
463042,209733,936293,1146026,4.464214024497814
463329,209922,936938,1146860,4.463267308809939
463396,209995,937129,1147124,4.4626253006023955
464291,210643,940354,1150997,4.46420721315211
464328,210661,940445,1151106,4.464257741110125
464421,210711,940581,1151292,4.463843842988738
464430,210715,940591,1151306,4.463806563367582
464727,210940,941354,1152294,4.462662368446003
464780,210954,941482,1152436,4.462972970410611
464841,210977,941567,1152544,4.462889319688876
464954,211049,941715,1152764,4.462068050547503
465028,211069,941778,1152847,4.461943724564005
465075,211093,941843,1152936,4.461744349646838
465440,211096,942632,1153728,4.4654185773297455
465496,211130,942694,1153824,4.4649931321934355
466022,211390,943818,1155208,4.464818581768296
466519,211593,944342,1155935,4.46301153629846
466537,211603,944387,1155990,4.463013284310714
466581,211637,944495,1156132,4.462806598090126
466602,211658,944535,1156193,4.462552797437375
466674,211716,944795,1156511,4.462558332861002
466766,211716,944795,1156511,4.462558332861002
466817,211748,944913,1156661,4.462441203694958
466842,211764,944949,1156713,4.46227404091347
466868,211779,944999,1156778,4.462194079677399
466886,211779,945039,1156818,4.462382955817149
466895,211781,945059,1156840,4.462435251509814
467157,212000,945588,1157588,4.460320754716981
467176,212015,945602,1157617,4.460071221375846
467304,212073,945840,1157913,4.459973688305442
467365,212086,945992,1158078,4.460417000650679
467441,212112,946050,1158162,4.460143697669156
467499,212163,946143,1158306,4.45950990512012
467519,212163,946184,1158347,4.45970315276462
467879,212204,947060,1159264,4.462969595295093
467904,212212,947089,1159301,4.462938005390836
467911,212215,947097,1159312,4.462912612209316
467914,212216,947105,1159321,4.462929279601915
467919,212221,947112,1159333,4.462857115931034
467967,212250,947172,1159422,4.462530035335689
467994,212260,947231,1159491,4.4625977574672575
468137,212364,947495,1159859,4.461655459494076
468166,212377,947567,1159944,4.461721372841692
468314,212441,947878,1160319,4.46184117001897
468336,212451,947935,1160386,4.461899449755473
469357,212451,949141,1161592,4.467576052831006
469512,212566,949368,1161934,4.466226960097099
469678,212632,949717,1162349,4.466481997065352
469691,212632,949731,1162363,4.466547838519132
469820,212714,949955,1162669,4.465879067668324
470090,212714,950337,1163051,4.467674906212097
470102,212728,950395,1163123,4.4676535293896436
470137,212752,950457,1163209,4.467440964127246
470155,212764,950495,1163259,4.467367599781918
470333,212793,950638,1163431,4.467430789546649
470386,212846,950781,1163627,4.466990218279883
470432,212865,950837,1163702,4.466854579193385
470486,212896,950894,1163790,4.466471892379378
470528,212931,950935,1163866,4.465930277883446
470741,213077,951642,1164719,4.466188279354411
470775,213112,951729,1164841,4.465863020383648
470790,213126,951770,1164896,4.465762037480176
470878,213158,951886,1165044,4.465635819439101
470887,213158,951912,1165070,4.465757794687509
470912,213164,951938,1165102,4.465754067290912
470948,213177,951955,1165132,4.465561481773362
470954,213180,951963,1165143,4.465536166619758
471384,213242,952286,1165528,4.465752525299894
471558,213295,952745,1166040,4.466794814693265
471590,213309,952784,1166093,4.466684481198636
471745,213354,952932,1166286,4.4664360640063
471753,213354,952954,1166308,4.466539179017032
471925,213455,953301,1166756,4.466051392565178
472038,213508,953499,1167007,4.465870131329973
472094,213528,953569,1167097,4.465779663557004
472118,213548,953592,1167140,4.465469121696293
472151,213548,953592,1167140,4.465469121696293
472199,213588,953671,1167259,4.465002715508362
472212,213594,953706,1167300,4.465041152841372
472237,213606,953759,1167365,4.465038435249946
472337,213662,953984,1167646,4.464921230728908
472448,213662,954199,1167861,4.4659274929561645
472503,213686,954271,1167957,4.465762848291418
472553,213703,954317,1168020,4.465622850404533
472559,213706,954333,1168039,4.465635031304689
472671,213761,954556,1168317,4.465529259312971
472736,213792,954665,1168457,4.465391595569526
472744,213794,954675,1168469,4.4653965967239495
472755,213794,954705,1168499,4.465536918716147
472904,213891,955255,1169146,4.466083191906158
472922,213895,955302,1169197,4.46621940671825
472940,213912,955352,1169264,4.466098208609147
472945,213915,955366,1169281,4.466101021433747
472966,213926,955376,1169302,4.465918121219487
473124,214048,955690,1169738,4.464839662131858
473166,214073,955794,1169867,4.46480406216571
473257,214126,955906,1170032,4.464222000130764
473366,214235,956173,1170408,4.463196956613065
473386,214245,956191,1170436,4.463072650470256
473464,214298,956366,1170664,4.462785466966561
473486,214306,956411,1170717,4.462828852201992
473524,214318,956456,1170774,4.4627889397997365
473557,214335,956516,1170851,4.462714908904285
473573,214354,956547,1170901,4.462463961484274
473606,214385,956633,1171018,4.462219838141661
473637,214418,956697,1171115,4.461831562648658
473694,214467,956821,1171288,4.4613903304471085
473902,214648,957104,1171752,4.458946740710372
473997,214695,957392,1172087,4.459312047322946
474006,214695,957397,1172092,4.459335336174573
474031,214704,957427,1172131,4.459288136224756
474033,214704,957427,1172131,4.459288136224756
474102,214739,957591,1172330,4.459325041096401
474163,214783,957679,1172462,4.4588212288682065
474170,214783,957702,1172485,4.458928313693356
474267,214783,957771,1172554,4.459249568168803
474302,214791,957846,1172637,4.459432657792925
474308,214791,957860,1172651,4.459497837432667
474633,214835,958422,1173257,4.461200456164033
474680,214859,958478,1173337,4.460962770933496
474692,214865,958504,1173369,4.460959206943895
474817,214934,958808,1173742,4.460941498320414
474965,214993,959131,1174124,4.461219667617085
475124,215057,959435,1174492,4.461305607350609
475238,215088,959563,1174651,4.461257717771331
475324,215107,959643,1174750,4.461235571134366
475380,215159,959742,1174901,4.460617496827927
475405,215159,959801,1174960,4.46089171264042
475476,215216,959986,1175202,4.460569846108096
475494,215220,960016,1175236,4.460626335842393
475537,215262,960155,1175417,4.460401742992261
475540,215265,960167,1175432,4.460395326690358
475550,215269,960212,1175481,4.460521487069666
475628,215298,960311,1175609,4.460380495870839
475727,215341,960590,1175931,4.460785451911155
475740,215347,960599,1175946,4.460702958480963
475875,215415,960954,1176369,4.460942831279159
475957,215483,961120,1176603,4.460305453330425
476070,215518,961205,1176723,4.4599755008862365
476381,215662,961526,1177188,4.458485964147601
476389,215662,961551,1177213,4.45860188628502
476796,215805,962086,1177891,4.458126549431199
476805,215812,962127,1177939,4.4581719274183085
476829,215823,962193,1178016,4.458250510835268
476867,215835,962248,1178083,4.458257465193319
477002,215867,962330,1178197,4.457976439196357
477009,215869,962338,1178207,4.457972196100413
477030,215882,962394,1178276,4.457963146533754
477113,215942,962541,1178483,4.45740522918191
477164,215951,962567,1178518,4.457339859505166
477214,215965,962602,1178567,4.457212974324543
477233,215979,962631,1178610,4.457058325114942
477502,216087,963039,1179126,4.45671882158575
477521,216117,963091,1179208,4.456340778374677
477592,216159,963314,1179473,4.4565065530466
477660,216207,963417,1179624,4.455993561725569
478044,216410,964100,1180510,4.454969733376461
478141,216462,964228,1180690,4.454490857517717
478426,216595,964670,1181265,4.453796255684573
478427,216595,964673,1181268,4.453810106419816
478454,216614,964737,1181351,4.453714903007192
478507,216630,964780,1181410,4.453584452753543
478516,216630,964802,1181432,4.453686008401422
478677,216756,965013,1181769,4.452070530919559
478699,216756,965028,1181784,4.452139733156176
478893,216860,965673,1182533,4.452978880383657
479005,216959,966113,1183072,4.452974986057273
479057,216990,966249,1183239,4.4529655744504355
479075,217000,966259,1183259,4.452806451612903
479206,217083,966434,1183517,4.451910098902263
479262,217115,966594,1183709,4.451990880409
479328,217160,966672,1183832,4.451427518880088
479448,217265,966868,1184133,4.450178353623455
479476,217268,966960,1184228,4.450540346484526
479523,217283,967067,1184350,4.450725551469742
479664,217368,967316,1184684,4.450130654006109
479670,217368,967333,1184701,4.450208862390048
479699,217379,967362,1184741,4.450117076626537
479738,217427,967486,1184913,4.449704958445823
479753,217427,967533,1184960,4.449921122951611
479811,217459,967761,1185220,4.450314771980006
479898,217478,967937,1185415,4.450735246783583
479929,217498,968009,1185507,4.450657017535794
479993,217525,968102,1185627,4.450532122744512
480058,217558,968190,1185748,4.450261539451549
480070,217560,968198,1185758,4.4502574002574
480495,217696,969455,1187151,4.453251322945759
480554,217713,969586,1187299,4.453505302852839
481483,218226,971445,1189671,4.451554810150944
481484,218226,971450,1189676,4.451577722177926
481797,218441,972107,1190548,4.450203945230062
481960,218498,972270,1190768,4.449789014087085
481979,218513,972295,1190808,4.44959796442317
482034,218545,972379,1190924,4.449330801436775
482866,218545,972379,1190924,4.449330801436775
483017,218636,972636,1191272,4.448654384456357
483079,218710,972795,1191505,4.447876183073476
483103,218723,972842,1191565,4.44782670318165
483307,218879,973235,1192114,4.446452149361063
483374,218925,973418,1192343,4.446353774123558
483485,218957,973564,1192521,4.446370748594473
483565,218976,973632,1192608,4.446295484436651
483596,218985,973687,1192672,4.446363906203621
483610,218995,973709,1192704,4.4462613301673555
483630,218995,973730,1192725,4.446357222767643
483698,219040,973878,1192918,4.446119430241052
483740,219040,973998,1193038,4.446667275383492
483747,219042,974003,1193045,4.446649501008939
483799,219078,974142,1193220,4.446553282392572
483968,219117,974322,1193439,4.44658333219239
484061,219184,974552,1193736,4.446273450616833
484082,219219,974624,1193843,4.445892007535843
484090,219225,974633,1193858,4.4458113810012545
484174,219293,974919,1194212,4.445736982028611
484291,219293,974919,1194212,4.445736982028611
484558,219372,975956,1195328,4.4488631183560345
484563,219374,975959,1195333,4.448836234011323
484588,219389,976006,1195395,4.448746290835001
485695,219400,980218,1199618,4.467721057429353
485806,219469,980406,1199875,4.467173040383836
485828,219485,980463,1199948,4.467107091600793
485859,219496,980507,1200003,4.467083682618362
485866,219496,980523,1200019,4.467156576885228
485995,219496,980750,1200246,4.468190764296388
486118,219611,980971,1200582,4.466857306783358
486125,219611,980971,1200582,4.466857306783358
486172,219638,981036,1200674,4.4666041395386955
486321,219734,981298,1201032,4.465845067217636
486430,219793,981446,1201239,4.465319641662838
486454,219803,981549,1201352,4.465585092105203
486460,219803,981567,1201370,4.465666983617148
486514,219857,981703,1201560,4.4651887363149685
486547,219862,981732,1201594,4.465219091975876
486581,219880,981798,1201678,4.465153720211024
486594,219890,981841,1201731,4.4651462094683705
486610,219901,981868,1201769,4.465045634171741
486751,219901,981868,1201769,4.465045634171741
486754,219901,981877,1201778,4.465086561680029
486769,219901,981903,1201804,4.465204796703971
486814,219917,981957,1201874,4.465125479158046
486856,219944,982072,1202016,4.465100207325501
486931,219991,982277,1202268,4.465078116832053
486944,220000,982296,1202296,4.464981818181818
487144,220092,982644,1202736,4.464696581429584
487178,220101,982653,1202754,4.46455490888274
487196,220110,982701,1202811,4.464590432056699
487381,220167,983165,1203332,4.46554206579551
487533,220230,983474,1203704,4.465667711029378
487663,220231,983859,1204090,4.467395598258192
487735,220285,984071,1204356,4.467262864017068
487745,220290,984092,1204382,4.467256797857369
488432,220767,985658,1206425,4.464698075346406
488694,220911,986762,1207673,4.466785266464775
488721,220949,986895,1207844,4.466618993523392
488756,220964,986969,1207933,4.466650676128238
488760,220968,986979,1207947,4.466615075486043
488819,221014,987120,1208134,4.466323400327581
488828,221020,987134,1208154,4.466265496335173
488838,221030,987160,1208190,4.466181061394381
488890,221059,987298,1208357,4.4662194255832155
488914,221068,987352,1208420,4.4662818680225085
488915,221071,987355,1208426,4.466234829534403
488961,221113,987509,1208622,4.4660829530602
489013,221122,987540,1208662,4.466041370826964
489039,221146,987601,1208747,4.465832526927912
489048,221147,987627,1208774,4.4659299018300045
489106,221182,987741,1208923,4.465738622491885
489144,221207,987832,1209039,4.465645300555588
489170,221215,987892,1209107,4.465755034694754
489196,221230,987931,1209161,4.465628531392668
489245,221258,988026,1209284,4.465492773142666
489351,221258,988026,1209284,4.465492773142666
489423,221273,988214,1209487,4.466039688529554
489474,221317,988339,1209656,4.465716596556071
489489,221326,988382,1209708,4.46572928621129
489581,221329,988434,1209763,4.465903699921836
489654,221343,988556,1209899,4.466172411144694
489681,221351,988579,1209930,4.46611490347909
489728,221391,988642,1210033,4.46559254892927
489751,221399,988695,1210094,4.465670576651204
489791,221424,988776,1210200,4.465532191632343
490052,221556,989122,1210678,4.464433371246998
490095,221608,989221,1210829,4.463832533121548
490125,221627,989254,1210881,4.463598749249866
490326,221755,990029,1211784,4.464517147302203
490398,221764,990211,1211975,4.465156653018524
490554,221812,990396,1212208,4.465024435107208
490585,221815,990434,1212249,4.465135360548205
490586,221815,990444,1212259,4.465180443162095
490589,221816,990456,1212272,4.465214411945036
490717,221887,990711,1212598,4.464934854227602
490722,221887,990723,1212610,4.464988935809669
490724,221889,990723,1212612,4.464948690561497
490863,221981,990905,1212886,4.463918083079182
490900,222001,990933,1212934,4.463642055666416
490908,222001,990955,1212956,4.463741154319124
490948,222020,991034,1213054,4.463714980632376
490958,222020,991050,1213070,4.463787046212053
491662,222269,991664,1213933,4.461548843968345
491677,222283,991701,1213984,4.461434297719574
491801,222339,991831,1214170,4.460895299520102
491837,222368,991927,1214295,4.460745251115268
491859,222370,991931,1214301,4.460723119125781
491912,222396,991991,1214387,4.46047141135632
491959,222418,992066,1214484,4.460367416306235
492263,222558,992852,1215410,4.461093288041769
492503,222698,993132,1215830,4.45954611177469
492520,222706,993162,1215868,4.459520623602417
492586,222747,993266,1216013,4.459166677890162
492661,222753,993459,1216212,4.459912997804743
492768,222817,993784,1216601,4.46009056759583
492792,222835,993815,1216650,4.4598694101016445
492822,222854,993880,1216734,4.459780843063172
492863,222879,993966,1216845,4.459666455789913
492934,222931,994076,1217007,4.4591196379148705
493017,222972,994201,1217173,4.458860305329817
493030,222973,994227,1217200,4.458956914065829
493158,222983,994627,1217610,4.4605508043214055
493286,223032,994872,1217904,4.460669320994297
493327,223051,994907,1217958,4.46044626565225
493559,223143,995542,1218685,4.461452969620378
493567,223143,995567,1218710,4.461565005400125
493586,223145,995601,1218746,4.461677384660199
493619,223173,995659,1218832,4.461377496381731
494209,223565,996708,1220273,4.458247042247221
494278,223570,996815,1220385,4.458625933712036
494335,223570,996988,1220558,4.4593997405734225
494583,223729,997389,1221118,4.458022875890028
494809,223812,997802,1221614,4.458214930388004
494876,223850,997914,1221764,4.457958454322091
494889,223862,997939,1221801,4.45783116384201
495000,223862,998196,1222058,4.45897919253826
495034,223889,998288,1222177,4.458852377740755
495035,223889,998293,1222182,4.458874710235876
495076,223911,998397,1222308,4.458901081233169
495510,224226,999635,1223861,4.458158286728568
495540,224226,999696,1223922,4.458430333681196
495681,224375,999946,1224321,4.456583844011142
495742,224414,1000028,1224442,4.456174748455979
495786,224435,1000072,1224507,4.455953839641767
495806,224453,1000128,1224581,4.4558459900290925
496032,224667,1000662,1225329,4.45397855492796
496075,224685,1000716,1225401,4.453862073569664
496140,224706,1000800,1225506,4.453819657686043
496391,224922,1001218,1226140,4.451400930100212
496393,224922,1001229,1226151,4.451449835943127
496423,224932,1001337,1226269,4.451732079028329
496431,224937,1001351,1226288,4.451695363590694
496434,224939,1001359,1226298,4.451691347431971
496495,224969,1001508,1226477,4.451760020269459
496570,225016,1001605,1226621,4.451261243644896
496593,225027,1001659,1226686,4.4512836237429285
497720,225509,1004495,1230004,4.4543455028402414
497815,225553,1004622,1230175,4.454039627049962
497850,225559,1004642,1230201,4.454009815613653
497927,225592,1004939,1230531,4.454674811163517
497976,225600,1004986,1230586,4.454725177304964
498037,225628,1005089,1230717,4.454628858120446
498061,225643,1005165,1230808,4.45466954436876
498272,225721,1005690,1231411,4.455456071876343
498349,225771,1005849,1231620,4.455173605113146
498545,225771,1006177,1231948,4.456626404631241
498752,226069,1007114,1233183,4.4548965138962
498843,226117,1007266,1233383,4.454623049129433
498886,226125,1007338,1233463,4.454783858485351
498931,226140,1007432,1233572,4.454904041744053
498964,226167,1007472,1233639,4.454549072145804
499070,226273,1007670,1233943,4.453337340292479
499586,226626,1008880,1235506,4.451739870976851
499629,226650,1008937,1235587,4.451519964703287
499825,226650,1009265,1235915,4.452967129936025
499846,226668,1009306,1235974,4.4527943953270865
499959,226750,1009491,1236241,4.452
499965,226750,1009509,1236259,4.452079382579933
499967,226752,1009511,1236263,4.4520489345187695
500093,226839,1009843,1236682,4.451805024709155
500391,226962,1010543,1237505,4.4524766260431266
500397,226962,1010545,1237507,4.4524854380909575
500410,226967,1010580,1237547,4.452541558905039
500475,227003,1010787,1237790,4.452747320519993
500627,227067,1011184,1238251,4.453240673457614
500671,227092,1011252,1238344,4.453049865252849
500672,227092,1011257,1238349,4.453071882761171
500714,227102,1011348,1238450,4.453276501307783
500793,227140,1011483,1238623,4.453125825482082
500834,227168,1011545,1238713,4.452849873221581
500840,227168,1011559,1238727,4.452911501619947
500852,227172,1011577,1238749,4.4529123307449865
500878,227184,1011618,1238802,4.452857595605324
500893,227193,1011657,1238850,4.452852860783563
500912,227203,1011683,1238886,4.452771310237981
500954,227209,1011722,1238931,4.452825372234375
501062,227302,1011939,1239241,4.451958187785413
501094,227313,1011976,1239289,4.451905522341441
501691,227350,1013213,1240563,4.456621948537498
501716,227361,1013258,1240619,4.456604254907394
501737,227374,1013302,1240676,4.456542964455039
501969,227437,1013562,1240999,4.456451676728061
502012,227441,1013610,1241051,4.456584344950998
502085,227525,1013772,1241297,4.455651027359631
502106,227530,1013814,1241344,4.4557377049180324
502195,227607,1014038,1241645,4.455214470556705
502277,227641,1014117,1241758,4.454896086381627
502314,227653,1014166,1241819,4.454876500639131
502325,227664,1014184,1241848,4.454740319066695
502345,227665,1014207,1241872,4.454821777611842
502393,227679,1014319,1241998,4.455039770905529
502480,227687,1014541,1242228,4.455858261560827
502510,227714,1014648,1242362,4.4557998190712915
502519,227722,1014661,1242383,4.455700371505608
502802,227815,1015016,1242831,4.455439720826109
502825,227827,1015055,1242882,4.455376228454046
502836,227829,1015069,1242898,4.455398566468711
503098,227983,1015531,1243514,4.4544154608019015
503130,227990,1015545,1243535,4.45434010263608
503169,227994,1015613,1243607,4.454560207724764
503178,227996,1015616,1243612,4.454534290075265
503181,227998,1015623,1243621,4.454525916894008
503189,227998,1015648,1243646,4.4546355669786575
503333,228102,1015886,1243988,4.4536479294350775
503359,228107,1015904,1244011,4.453629217867054
503560,228269,1016538,1244807,4.453245951048982
503599,228288,1016591,1244879,4.453107478273059
503606,228288,1016615,1244903,4.453212608634707
503610,228290,1016619,1244909,4.453191116562267
503639,228295,1016628,1244923,4.453133007731225
503705,228344,1016746,1245090,4.452694180709806
503756,228361,1016774,1245135,4.452485319297078
503764,228361,1016799,1245160,4.452594795083224
504060,228361,1017369,1245730,4.455090843007343
504176,228415,1017499,1245914,4.45460674649213
504183,228419,1017504,1245923,4.454550628450348
504295,228518,1017821,1246339,4.4540079993698525
504373,228532,1017924,1246456,4.454185847058618
504426,228535,1018007,1246542,4.45449055943291
504455,228544,1018102,1246646,4.454730817698124
504622,228544,1018395,1246939,4.456012846541585
504686,228588,1018577,1247165,4.455951318529406
504750,228601,1018632,1247233,4.455938512954886
504792,228637,1018738,1247375,4.455700520913063
504945,228718,1019224,1247942,4.456247431334656
506786,229530,1022848,1252378,4.456271511349279
506880,229593,1023312,1252905,4.457069684180267
507034,229689,1023517,1253206,4.456099334317273
507118,229705,1023669,1253374,4.456450664983349
507183,229750,1023760,1253510,4.4559738846572365
507214,229766,1023796,1253562,4.4558202693174795
507251,229814,1023912,1253726,4.455394362397417
507305,229826,1024009,1253835,4.455583789475516
507322,229846,1024040,1253886,4.455330960730228
507782,230129,1025043,1255172,4.454210464565526
508279,230162,1025393,1255555,4.455092500065171
508586,230264,1026116,1256380,4.456258902824584
508715,230325,1026366,1256691,4.456164115923152
509413,230775,1028234,1259009,4.455569277434731
509545,230775,1028602,1259377,4.457163904235728
509552,230776,1028620,1259396,4.457222588137415
509606,230816,1028790,1259606,4.457186676833495
509729,230885,1029271,1260156,4.457937934469541
509748,230895,1029292,1260187,4.457835812815349
509755,230898,1029299,1260197,4.457808209685662
509786,230916,1029386,1260302,4.457837482028097
509812,230929,1029441,1260370,4.457824699366472
509863,230945,1029458,1260403,4.4575894693541755
509896,230945,1029487,1260432,4.457715040377579
509923,230961,1029533,1260494,4.457605396582107
509946,230976,1029554,1260530,4.457406830146855
510021,231028,1029742,1260770,4.457217306993091
510253,231178,1030150,1261328,4.456090112380936
510302,231187,1030222,1261409,4.456228075108029
510309,231192,1030236,1261428,4.456192255787397
510474,231216,1030280,1261496,4.455920005535949
510481,231216,1030300,1261516,4.456006504740157
510482,231216,1030303,1261519,4.456019479620788
510539,231243,1030421,1261664,4.456009479205857
510546,231247,1030425,1261672,4.455949698806903
510600,231266,1030556,1261822,4.4561500609687545
510638,231279,1030630,1261909,4.4562195443598425
510681,231302,1030701,1262003,4.456083388816353
510743,231352,1030798,1262150,4.455539610636606
510813,231393,1030894,1262287,4.455165022278115
510828,231393,1030894,1262287,4.455165022278115
511174,231479,1031138,1262617,4.454563912925146
511196,231493,1031177,1262670,4.45446298592182
511312,231594,1031579,1263173,4.454256155168096
511328,231605,1031618,1263223,4.454212991947497
511860,231643,1032764,1264407,4.458429566185898
511931,231694,1033009,1264703,4.45850561516483
511940,231703,1033011,1264714,4.458341065933544
512046,231758,1033175,1264933,4.457990662673996
512192,231819,1033364,1265183,4.457632894629
512454,231996,1033732,1265728,4.455818203762134
512459,232001,1033747,1265748,4.455786828505049
512511,232045,1033889,1265934,4.455553879635415
512585,232064,1033940,1266004,4.455408852730281
512588,232065,1033943,1266008,4.455402581173378
512610,232091,1034032,1266123,4.4552869348660655
512629,232101,1034060,1266161,4.455215617339003
512683,232119,1034111,1266230,4.455089846156497
512736,232170,1034300,1266470,4.454925270276091
512781,232200,1034416,1266616,4.4548492678725236
512856,232220,1034484,1266704,4.454758418740849
512889,232260,1034611,1266871,4.4545380177387415
512896,232260,1034627,1266887,4.45460690605356
512923,232287,1034671,1266958,4.454278543353696
513056,232357,1034924,1267281,4.454025486643398
513127,232364,1035021,1267385,4.454308756950302
513158,232364,1035075,1267439,4.454541150952815
513441,232519,1035818,1268337,4.454767137309209
513456,232521,1035847,1268368,4.4548535401103555
513463,232522,1035877,1268399,4.454963401312564
513511,232535,1035962,1268497,4.455079880448104
513518,232535,1035981,1268516,4.455161588578063
513601,232591,1036151,1268742,4.454819833957462
513640,232591,1036323,1268914,4.455559329466746
513701,232619,1036473,1269092,4.455667851723204
513820,232670,1036593,1269263,4.455206945459234
513847,232679,1036649,1269328,4.455275293430004
513901,232690,1036757,1269447,4.455528815161803
513921,232690,1036778,1269468,4.455619063990717
513973,232713,1036886,1269599,4.455642787467825
513991,232729,1036901,1269630,4.45540091694632
514024,232747,1036941,1269688,4.455228209171332
514063,232773,1037018,1269791,4.455061368801364
514121,232788,1037069,1269857,4.454993384538722
514286,232797,1038008,1270805,4.4588547103270235
514324,232797,1038044,1270841,4.459009351495079
514432,232880,1038276,1271156,4.458416351769151
514438,232880,1038324,1271204,4.458622466506355
514485,232894,1038360,1271254,4.45850902127148
514527,232910,1038431,1271341,4.458507578034434
516324,233849,1041097,1274946,4.452005353882206
516580,233973,1041498,1275471,4.451359772281417
516589,233974,1041529,1275503,4.451473240616479
516646,233999,1041604,1275603,4.451318168026359
516751,234051,1041875,1275926,4.451487069057599
516790,234062,1041909,1275971,4.451423127205612
516894,234124,1042099,1276223,4.4510558507457585
516903,234135,1042119,1276254,4.450932154526235
516937,234150,1042207,1276357,4.451022848601324
516943,234155,1042229,1276384,4.4510217590912005
516963,234155,1042250,1276405,4.451111443274754
516966,234155,1042259,1276414,4.451149879353419
517083,234229,1042531,1276760,4.450904883682209
517119,234241,1042560,1276801,4.450800671103693
517125,234242,1042578,1276820,4.450858513844657
517158,234256,1042664,1276920,4.450959633904788
517200,234289,1042743,1277032,4.4506698991416584
517206,234289,1042757,1277046,4.450729654401188
517271,234322,1042855,1277177,4.450521077833067
517292,234332,1042901,1277233,4.450527456770735
517313,234332,1042931,1277263,4.450655480258778
517319,234334,1042942,1277276,4.450664436232045
517330,234338,1042970,1277308,4.450707951761985
517623,234501,1043535,1278036,4.450023667276472
517865,234501,1044045,1278546,4.452198498087428
517913,234526,1044197,1278723,4.452372018454244
517919,234526,1044215,1278741,4.452448769006422
517940,234526,1044245,1278771,4.4525766865933845
518198,234559,1044929,1279488,4.45486636624474
518215,234570,1044964,1279534,4.454806667519291
518248,234584,1045005,1279589,4.454715581625345
518257,234584,1045034,1279618,4.454839204719844
518347,234648,1045211,1279859,4.4543784732876475
518378,234664,1045257,1279921,4.454270787168036
519056,235019,1046405,1281424,4.45242725056272
519114,235034,1046431,1281465,4.452253716483573
519172,235051,1046511,1281562,4.452272060106105
519280,235074,1046632,1281706,4.452351174523767
519297,235088,1046649,1281737,4.452158340706458
519443,235142,1046972,1282114,4.452509547422409
519523,235209,1047464,1282673,4.453332993210294
519561,235209,1047464,1282673,4.453332993210294
519726,235278,1047815,1283093,4.4535188160388985
519820,235299,1048001,1283300,4.4539118313295
519828,235305,1048004,1283309,4.45381101124073
519851,235312,1048052,1283364,4.453882504929625
520045,235429,1048668,1284097,4.4542855807908115
520191,235503,1049051,1284554,4.454512256744075
520626,235516,1049805,1285321,4.4574678578100855
520652,235534,1049835,1285369,4.4572545789567535
520657,235534,1049847,1285381,4.457305527015208
520667,235534,1049863,1285397,4.457373457759814
520674,235534,1049886,1285420,4.457471108205185
521329,236015,1052145,1288160,4.457958180624113
521473,236056,1052316,1288372,4.457908292947436
521727,236160,1052833,1288993,4.458134315718157
521749,236189,1052873,1289062,4.4577562883961575
521768,236190,1052916,1289106,4.457919471611838
521793,236202,1052942,1289144,4.457803066866496
521822,236216,1053002,1289218,4.457792867544959
521823,236216,1053002,1289218,4.457792867544959
521887,236233,1053068,1289301,4.457751457247717
521944,236257,1053122,1289379,4.457527184379722
521999,236284,1053226,1289510,4.457457974302111
522015,236286,1053250,1289536,4.457521816781358
522042,236293,1053264,1289557,4.4574490145708925
522080,236312,1053323,1289635,4.457340295880023
522148,236325,1053490,1289815,4.457801756056279
522558,236325,1054345,1290670,4.461419655135936
522596,236368,1054481,1290849,4.4611834089216815
522648,236395,1054575,1290970,4.461071511664798
523732,236943,1056137,1293080,4.457346281595152
523735,236945,1056142,1293087,4.457329760070903
523800,236982,1056209,1293191,4.456916559063558
523853,237019,1056294,1293313,4.456579430341027
523856,237020,1056298,1293318,4.4565775040081
523873,237035,1056340,1293375,4.456472672812032
523896,237058,1056431,1293489,4.456424166237798
523899,237058,1056440,1293498,4.456462131630234
523920,237080,1056479,1293559,4.456213092626961
523921,237080,1056485,1293565,4.4562384005399025
523963,237099,1056552,1293651,4.4561638809105055
523986,237109,1056630,1293739,4.456304906182389
524059,237159,1056788,1293947,4.456031607486961
524092,237177,1056845,1294022,4.455933754116124
524107,237177,1056869,1294046,4.4560349443664435
524136,237199,1056941,1294140,4.455925193613801
524169,237213,1057009,1294222,4.455948872953843
524187,237227,1057038,1294265,4.455808149999789
524308,237334,1057325,1294659,4.45500855334676
524332,237355,1057370,1294725,4.454803985591203
524339,237355,1057390,1294745,4.454888247561669
524494,237460,1057774,1295234,4.45453550071591
524500,237460,1057788,1295248,4.454594458013982
524515,237460,1057830,1295290,4.454771329908195
524521,237460,1057844,1295304,4.454830287206266
524543,237470,1057901,1295371,4.454882722028046
524550,237475,1057916,1295391,4.454852089693652
524585,237488,1058040,1295528,4.455130364481573
524642,237545,1058146,1295691,4.454507566987307
524663,237554,1058235,1295789,4.454713454625054
524985,237574,1059040,1296614,4.45772685563235
525271,237574,1059438,1297012,4.459402123127952
525318,237610,1059561,1297171,4.459244139556416
525440,237697,1059821,1297518,4.458705831373555
525448,237700,1059845,1297545,4.458750525872949
525458,237700,1059847,1297547,4.458758939840135
525493,237723,1059881,1297604,4.4584705728936616
525523,237748,1059963,1297711,4.458346652758383
525570,237773,1060030,1297803,4.4581596733018465
525830,237936,1060569,1298505,4.457370889650998
525836,237936,1060583,1298519,4.457429729002757
525917,237983,1060786,1298769,4.457402419500553
526005,238041,1060967,1299008,4.457076722077289
526023,238048,1060988,1299036,4.457033875520903
526059,238075,1061056,1299131,4.456814029192481
526123,238094,1061183,1299277,4.456991776357237
526146,238097,1061242,1299339,4.457183416842716
526166,238118,1061334,1299452,4.457176693908062
526332,238198,1062052,1300250,4.458694027657663
526435,238245,1062220,1300465,4.45851959117715
526468,238245,1062255,1300500,4.458666498772272
526472,238248,1062259,1300507,4.458627144823881
526493,238260,1062304,1300564,4.458591454713338
526519,238278,1062383,1300661,4.458586189241139
526587,238283,1062488,1300771,4.458933285211282
528456,239064,1065714,1304778,4.4578606565605865
528462,239064,1065728,1304792,4.457919218284643
529926,239064,1067814,1306878,4.46664491516916
530080,239165,1068118,1307283,4.466029728430163
530132,239188,1068245,1307433,4.4661312440423435
530167,239213,1068305,1307518,4.46591531396705
530187,239233,1068361,1307594,4.465776042602818
530194,239240,1068379,1307619,4.465720615281725
530220,239250,1069408,1308658,4.469834900731453
530477,239446,1070151,1309597,4.469279085889929
530588,239446,1070329,1309775,4.470022468531527
530653,239477,1070574,1310051,4.470466892436434
530665,239477,1070601,1310078,4.470579638128087
530674,239479,1070624,1310103,4.470638344071923
530956,239479,1070951,1310430,4.472003808267114
531020,239529,1070995,1310524,4.4712540026468615
531054,239543,1071064,1310607,4.471280730390786
531069,239552,1071136,1310688,4.471413304835694
531356,239556,1084338,1323894,4.526448930521465
531415,239584,1084464,1324048,4.5264458394550555
531442,239594,1084496,1324090,4.526390477223971
531476,239620,1084586,1324206,4.526274935314247
531544,239620,1084586,1324206,4.526274935314247
531550,239626,1084600,1324226,4.526220026207507
531643,239714,1084730,1324444,4.525100745054523
531713,239724,1084758,1324482,4.5250287831005656
531720,239724,1084781,1324505,4.525124726769118
531726,239724,1084795,1324519,4.525183127263019
531744,239740,1084816,1324556,4.524968716109118
531926,239872,1085228,1325100,4.524196237993596
531927,239872,1085233,1325105,4.52421708244397
531930,239872,1085242,1325114,4.524254602454643
532084,239919,1085411,1325330,4.52407270787224
532162,239950,1085552,1325502,4.524075849135237
532203,239976,1085636,1325612,4.523935726906024
532268,240024,1085876,1325900,4.5240309302403094
532284,240024,1085902,1325926,4.524139252741392
532290,240024,1085916,1325940,4.524197580241975
532425,240096,1086241,1326337,4.524194488871118
532444,240112,1086264,1326376,4.523988805224229
532466,240129,1086308,1326437,4.523851763010715
532473,240132,1086329,1326461,4.523882697849516
532536,240155,1086435,1326590,4.5238908205117525
532595,240191,1086504,1326695,4.523500047878564
532783,240281,1086761,1327042,4.522875300169385
532792,240284,1086771,1327055,4.522860448469311
532882,240331,1087177,1327508,4.523665278303673
532884,240331,1087182,1327513,4.52368608294394
532971,240354,1087311,1327665,4.523789909882923
533188,240445,1087833,1328278,4.524248788704277
533217,240471,1087876,1328347,4.523938437483106
533224,240476,1087899,1328375,4.523940018962391
533629,240555,1088936,1329491,4.526765188834155
533645,240562,1088997,1329559,4.526887039515801
534056,240562,1088997,1329559,4.526887039515801
534174,240625,1089124,1329749,4.526229610389611
534193,240633,1089149,1329782,4.526183025603305
534276,240670,1089299,1329969,4.526110441683633
534282,240670,1089313,1329983,4.526168612623094
534307,240680,1089333,1330013,4.526063652983214
534321,240680,1089353,1330033,4.5261467508725275
534393,240746,1089564,1330310,4.525782359831524
534445,240762,1089677,1330439,4.525950939101685
535330,241205,1091992,1333197,4.527236168404469
535759,241231,1092800,1334031,4.530097707176938
535790,241231,1092893,1334124,4.530483229767318
535838,241255,1093019,1334274,4.530554807154256
535888,241270,1093129,1334399,4.530729058730882
536151,241360,1093489,1334849,4.530531156778257
536203,241393,1093569,1334962,4.530243213349186
536266,241423,1093666,1335089,4.530082055148018
536284,241423,1093687,1335110,4.530169039403868
536320,241451,1093758,1335209,4.529937751344994
536362,241461,1093810,1335271,4.5299655016752185
536517,241513,1094069,1335582,4.530062563919954
536556,241526,1094130,1335656,4.530071296671994
536567,241531,1094151,1335682,4.530064463774837
536608,241544,1094199,1335743,4.530019375351903
536632,241548,1094212,1335760,4.529998178415884
536772,241607,1094330,1335937,4.529380357357196
536892,241704,1094508,1336212,4.528299076556449
537005,241734,1094661,1336395,4.528370026558117
537048,241745,1094781,1336526,4.528660365260915
537104,241780,1094861,1336641,4.528335677061792
537122,241780,1094918,1336698,4.5285714285714285
537142,241780,1094966,1336746,4.5287699561584915
537150,241788,1095030,1336818,4.528884808179066
537170,241797,1095066,1336863,4.528865122396059
537183,241808,1095100,1336908,4.528799708859922
537217,241832,1095144,1336976,4.528532204174799
537990,241987,1096639,1338626,4.531809560017687
538415,242013,1097618,1339631,4.535367934780363
538458,242026,1097716,1339742,4.535529240660094
538467,242032,1097731,1339763,4.535478779665499
538476,242032,1097760,1339792,4.535598598532426
538486,242037,1097779,1339816,4.535583402537629
538542,242055,1097825,1339880,4.535436161203032
538648,242129,1098054,1340183,4.534995808019692
538649,242129,1098056,1340185,4.535004068079412
538721,242159,1098198,1340357,4.5350286382087805
538730,242165,1098217,1340382,4.534994734994735
538780,242208,1098268,1340476,4.534400184964989
538866,242245,1098409,1340654,4.534289665421371
538981,242273,1098486,1340759,4.534083451313188
538991,242273,1098506,1340779,4.534166002815006
539006,242283,1098560,1340843,4.534201739288353
539094,242320,1098771,1341091,4.534380158468141
539475,242650,1099803,1342453,4.532466515557387
539517,242694,1099926,1342620,4.532151598308982
539540,242701,1099950,1342651,4.532119768768979
539548,242701,1099972,1342673,4.53221041528465
539639,242743,1100143,1342886,4.532130689659434
539645,242749,1100163,1342912,4.532101059118678
539668,242756,1100215,1342971,4.5321845804017205
539683,242765,1100246,1343011,4.532144254731943
539708,242777,1100303,1343080,4.53215502292227
539724,242777,1100329,1343106,4.532262117086874
539759,242794,1100392,1343186,4.5322042554593605
540299,243126,1101580,1344706,4.530901672383867
540320,243145,1101605,1344750,4.530650434925661
540421,243205,1101731,1344936,4.5300507802059995
540452,243212,1101766,1344978,4.530064306037531
540472,243225,1101817,1345042,4.530031863500874
540513,243254,1101906,1345160,4.529857679627057
540563,243274,1102001,1345275,4.529875777929413
540740,243350,1102377,1345727,4.530006163961373
541123,243641,1103069,1346710,4.527435858496722
541154,243650,1103104,1346754,4.527412271701211
541173,243650,1103119,1346769,4.527473835419659
541254,243698,1103335,1347033,4.5274684240330245
541285,243698,1103412,1347110,4.527784388874755
541327,243719,1103500,1347219,4.527755324779767
541340,243729,1103569,1347298,4.527852656023699
541369,243750,1103621,1347371,4.5276758974358975
541379,243750,1103648,1347398,4.527786666666667
541399,243761,1103701,1347462,4.5277997710872535
541511,243848,1103842,1347690,4.526762573406384
541533,243870,1103870,1347740,4.526469020379711
541550,243876,1103888,1347764,4.526431465170824
541557,243880,1103890,1347770,4.526365425619157
541563,243880,1103908,1347788,4.526439232409381
541619,243895,1103972,1347867,4.526423255909306
541810,244035,1104211,1348246,4.524805868010736
541924,244067,1104506,1348573,4.525421298250071
541929,244070,1104515,1348585,4.5254025484492155
541959,244101,1104617,1348718,4.525245697477684
541986,244114,1104676,1348790,4.525246401271537
542803,244489,1105426,1349915,4.521373149712257
542810,244489,1105426,1349915,4.521373149712257
542831,244507,1105453,1349960,4.521150723701162
542863,244513,1105490,1350003,4.521191102313578
542870,244518,1105524,1350042,4.521237700292003
543260,244656,1106558,1351214,4.522913805506507
543307,244667,1106613,1351280,4.522935254856601
543426,244743,1106752,1351495,4.522098691280241
543446,244746,1106792,1351538,4.522206695921486
543478,244751,1106828,1351579,4.522261400362001
543525,244783,1106959,1351742,4.522205381909691
543538,244796,1106974,1351770,4.522026503701041
543727,244819,1107508,1352327,4.523782876329043
543752,244819,1107612,1352431,4.52420767995948
543783,244827,1107707,1352534,4.524447875438575
543859,244867,1107883,1352750,4.524427546382322
543965,244904,1107968,1352872,4.524091072420213
544080,245015,1108300,1353315,4.5233965267432605
544111,245022,1108333,1353355,4.5234019802303465
544118,245022,1108352,1353374,4.523479524287615
544876,245380,1109854,1355234,4.523001059581058
544887,245387,1109879,1355266,4.522973914673557
544982,245434,1109949,1355383,4.522392985486933
545094,245525,1110222,1355747,4.521828734344772
545376,245534,1111961,1357495,4.528745509786832
545403,245546,1111981,1357527,4.528605638047454
545435,245572,1112044,1357616,4.528382714641735
545640,245759,1112532,1358291,4.526922716970691
545669,245774,1112557,1358331,4.526748150740111
545713,245823,1112653,1358476,4.526236357053652
545740,245838,1112717,1358555,4.5262205192037035
545748,245844,1112732,1358576,4.526171067831633
545808,245854,1112762,1358616,4.526108991515289
545827,245870,1112822,1358692,4.52605848619189
545873,245887,1112915,1358802,4.526123788569546
545893,245913,1112975,1358888,4.525889237250572
545976,245958,1113178,1359136,4.525886533473194
545983,245958,1113201,1359159,4.5259800453736005
546013,245971,1113250,1359221,4.525940049843274
546034,245981,1113269,1359250,4.5258332960675824
546180,246029,1113582,1359611,4.526222518483594
546187,246035,1113595,1359630,4.526164976527729
546208,246043,1113655,1359698,4.52626166970814
546268,246079,1113744,1359823,4.525961175069795
546470,246250,1114138,1360388,4.524418274111675
546485,246255,1114171,1360426,4.5244604170473695
546520,246286,1114258,1360544,4.524244171410474
546623,246320,1114361,1360681,4.524037836960052
546630,246322,1114387,1360709,4.524106657139841
546641,246327,1114414,1360741,4.524124436216899
546662,246339,1114455,1360794,4.5240704882296345
546987,246528,1114978,1361506,4.522723585150571
547044,246533,1115132,1361665,4.52325652143932
547061,246543,1115165,1361708,4.523206905083494
547067,246547,1115186,1361733,4.523218696637963
547072,246550,1115192,1361742,4.523187994321638
547111,246569,1115279,1361848,4.523192291001707
547132,246586,1115291,1361877,4.522929120063588
547350,246595,1116584,1363179,4.5280074616273644
547384,246647,1116717,1363364,4.5275920647727315
547394,246652,1116731,1363383,4.527557043932342
547399,246652,1116731,1363383,4.527557043932342
547404,246654,1116739,1363393,4.52755276622313
547422,246666,1116783,1363449,4.5275108851645545
547448,246677,1116836,1363513,4.5275238469739785
547496,246700,1116923,1363623,4.527454398054317
547552,246715,1117026,1363741,4.527596619581298
547589,246732,1117107,1363839,4.527612956568261
547624,246736,1117167,1363903,4.52778273134038
547649,246749,1117193,1363942,4.527649554810759
547693,246775,1117308,1364083,4.527638537128964
547774,246801,1117431,1364232,4.527659936548069
547830,246801,1117501,1364302,4.527943565868858
547891,246825,1117635,1364460,4.528046186569432
547926,246850,1117737,1364587,4.528000810208629
547966,246880,1117884,1364764,4.5280460142579395
547968,246880,1117889,1364769,4.5280662670123135
548029,246950,1118108,1365058,4.527669568738611
548102,246981,1118152,1365133,4.527279426352634
548148,247001,1118271,1365272,4.527394625932689
548184,247022,1118369,1365391,4.527406465820858
548325,247134,1118668,1365802,4.526564535838856
548342,247145,1118693,1365838,4.526464221408485
548364,247155,1118707,1365862,4.526337723291052
548429,247226,1118952,1366178,4.526028815739445
548462,247239,1118970,1366209,4.525863638018274
548463,247239,1118972,1366211,4.52587172735693
548492,247242,1119052,1366294,4.526140380679658
548569,247275,1119158,1366433,4.5259650187038725
552135,248752,1125626,1374378,4.525093265581784
552186,248767,1125706,1374473,4.525142000345705
552224,248827,1125772,1374599,4.524316091099439
552305,248874,1125990,1374864,4.524337616625281
552824,249063,1126856,1375919,4.524381381417553
552848,249072,1126876,1375948,4.524298194899467
552922,249095,1126938,1376033,4.524129348240631
552932,249101,1126952,1376053,4.524076579379448
552953,249114,1126982,1376096,4.52396091749159
552963,249119,1126999,1376118,4.523938358776328
553066,249123,1127209,1376332,4.524708678042574
553075,249137,1127233,1376370,4.524550749186191
553128,249158,1127344,1376502,4.524614902993282
553167,249176,1127392,1376568,4.524480688348798
553221,249211,1127559,1376770,4.524515370509327
553273,249288,1127675,1376963,4.523583164853503
553306,249289,1127743,1377032,4.5238377946880926
553363,249315,1127810,1377125,4.523634759240318
553373,249315,1127812,1377127,4.523642781220544
553424,249348,1127961,1377309,4.52364165744261
553469,249369,1128027,1377396,4.523525378054209
553478,249373,1128041,1377414,4.523508960472866
553539,249418,1128170,1377588,4.523210032956723
553581,249418,1128282,1377700,4.523659078334362
553600,249420,1128307,1377727,4.523723037446877
553612,249430,1128355,1377785,4.523734113779417
553626,249430,1128381,1377811,4.523838351441286
553650,249451,1128416,1377867,4.5235978208145085
553860,249506,1128697,1378203,4.523726884323423
553900,249537,1128795,1378332,4.523557628728405
554046,249620,1129299,1378919,4.524072590337313
554067,249637,1129348,1378985,4.523960791068632
554160,249637,1129348,1378985,4.523960791068632
554218,249653,1129432,1379085,4.524007322163162
554222,249654,1129441,1379095,4.524025250947311
554253,249669,1129484,1379153,4.523925677597139
554430,249737,1129730,1379467,4.523678910213545
554615,249824,1130038,1379862,4.523336428845908
554876,250048,1130654,1380702,4.521747824417711
554965,250118,1130906,1381024,4.521489856787596
554980,250123,1130937,1381060,4.521523410482043
555054,250174,1131069,1381243,4.521129294011368
555316,250242,1131508,1381750,4.52165503792329
555481,250340,1131947,1382287,4.521638571542702
555502,250351,1131974,1382325,4.521547746963264
555532,250376,1132009,1382385,4.52123606096431
555550,250384,1132031,1382415,4.521179468336635
555670,250408,1132165,1382573,4.521281268969043
555741,250457,1132271,1382728,4.5208199411475825
555787,250464,1132324,1382788,4.520905199948895
555883,250518,1132541,1383059,4.520796908804956
555888,250518,1132541,1383059,4.520796908804956
556124,250622,1132816,1383438,4.520018194731508
556144,250633,1132869,1383502,4.5200312807970215
556268,250736,1133079,1383815,4.519012028587837
556282,250739,1133123,1383862,4.519133441546788
556690,250745,1134224,1384969,4.523416219665397
556710,250757,1134243,1385000,4.523275521720231
556741,250774,1134274,1385048,4.523092505602654
556769,250783,1134285,1385068,4.522974045290152
556830,250810,1134396,1385206,4.5229297077469
556921,250930,1134832,1385762,4.5225042840632845
556928,250930,1134852,1385782,4.522583987566254
556944,250946,1134882,1385828,4.5224151809552655
556956,250951,1134898,1385849,4.5223888328797255
556972,250970,1134934,1385904,4.522189903175678
557060,250988,1135030,1386018,4.522248075605209
557073,250995,1135041,1386036,4.5221657801948245
557309,251164,1135433,1386597,4.520683696708127
557444,251314,1135747,1387061,4.51923490135846
557615,251399,1135951,1387350,4.518518371194794
557762,251481,1136399,1387880,4.518826471979991
557817,251519,1136499,1388018,4.51854134280114
558474,251812,1138479,1390291,4.521146728511747
558503,251834,1138540,1390374,4.520993988103275
558650,251954,1138867,1390821,4.520138596727974
558804,251996,1139301,1391297,4.521107477896474
558968,252077,1139503,1391580,4.520456051127235
559014,252100,1139533,1391633,4.520162633875446
559025,252100,1139560,1391660,4.520269734232447
559321,252227,1140037,1392264,4.519884865617083
559329,252231,1140065,1392296,4.519924196470695
559440,252356,1140331,1392687,4.518739399895386
559718,252359,1140347,1392706,4.51874908364671
559737,252373,1140375,1392748,4.518609359955304
559765,252381,1140433,1392814,4.518695939868691
559941,252482,1140689,1393171,4.5179022663001716
559994,252527,1140772,1393299,4.517425859413053
560156,252641,1140926,1393567,4.515997007611591
560192,252653,1140984,1393637,4.516012079809066
560199,252657,1140995,1393652,4.515984120764514
560210,252667,1141008,1393675,4.515856839238999
561218,252951,1141971,1394922,4.51459373554562
561247,252965,1142054,1395019,4.514671990196272
561647,253066,1143129,1396195,4.517118064062339
561680,253102,1143226,1396328,4.5168588158133876
561721,253120,1143322,1396442,4.516916877370417
561745,253129,1143360,1396489,4.51690639950381
561899,253257,1143573,1396830,4.515464528127554
561919,253271,1143608,1396879,4.515353119780788
562251,253394,1144839,1398233,4.518019369045834
562282,253400,1144889,1398289,4.518109707971586
562580,253416,1145869,1399285,4.521691605897023
562598,253438,1145919,1399357,4.521496381758063
562630,253457,1145966,1399423,4.521342870782815
562744,253492,1146304,1399796,4.5220519779716914
562759,253500,1146308,1399808,4.521925049309664
562775,253504,1146322,1399826,4.521908924514012
562796,253504,1146359,1399863,4.52205487881848
562829,253504,1146526,1400030,4.522713645544054
562841,253518,1146545,1400063,4.522538833534503
562847,253518,1146559,1400077,4.522594056437807
562876,253534,1146608,1400142,4.52250191295842
562915,253543,1146654,1400197,4.522522806782281
562940,253562,1146716,1400278,4.522428439592684
562998,253576,1146798,1400374,4.522502129539073
563006,253576,1146816,1400392,4.522573114174843
563027,253584,1146852,1400436,4.522572402044293
563098,253627,1147002,1400629,4.522397063404133
563217,253746,1147302,1401048,4.5214584663403565
563721,253954,1148417,1402371,4.522145742929822
563736,253960,1148428,1402388,4.522082217672074
563796,253987,1148548,1402535,4.522073964415502
563830,253994,1148580,1402574,4.522075324613967
563899,253999,1148700,1402699,4.522458749837598
563931,253999,1148748,1402747,4.522647726959555
564224,254219,1149534,1403753,4.521825669993195
564311,254249,1149616,1403865,4.521614637619027
564403,254283,1149670,1403953,4.521222417542659
564414,254288,1149688,1403976,4.5212043037815395
564422,254291,1149699,1403990,4.521194222367288
564444,254303,1149802,1404105,4.5213859057895505
564522,254303,1149959,1404262,4.522003279552345
564570,254315,1150034,1404349,4.522084816074553
564622,254345,1150131,1404476,4.521932807800429
564640,254352,1150162,1404514,4.521930238409763
564670,254376,1150245,1404621,4.521829889612228
566037,255008,1154078,1409086,4.525654097126365
566100,255038,1154149,1409187,4.525400136450254
566123,255046,1154175,1409221,4.525360131113603
566164,255063,1154272,1409335,4.525438813155965
566223,255101,1154337,1409438,4.5250195020795685
566260,255126,1154413,1409539,4.524873983835438
566452,255208,1154545,1409753,4.523937337387543
566462,255208,1154572,1409780,4.524043133444093
567447,255647,1156141,1411788,4.522411763095206
567454,255647,1156164,1411811,4.522501730902377
567542,255681,1156481,1412162,4.52314016293741
567547,255683,1156484,1412167,4.523116515372551
567570,255683,1156497,1412180,4.523167359581983
567633,255714,1156601,1412315,4.523025724051088
567869,255812,1157140,1412952,4.523399996872703
567928,255823,1157215,1413038,4.523498669001614
567979,255823,1157215,1413038,4.523498669001614
567995,255838,1157251,1413089,4.523374166464716
568033,255866,1157307,1413173,4.523098027873965
568067,255876,1157360,1413236,4.523128390314058
568072,255881,1157367,1413248,4.52306736334468
568248,255986,1157725,1413711,4.522610611517817
568341,256019,1157876,1413895,4.522617461985243
568342,256019,1157881,1413900,4.522636991785766
568877,256155,1160958,1417113,4.532248052936699
568921,256164,1161046,1417210,4.532432348027045
569124,256246,1161515,1417761,4.532812219507817
569135,256254,1161545,1417799,4.532787780873664
569169,256272,1161597,1417869,4.532672316913279
569409,256366,1161895,1418261,4.5321727530171705
569424,256381,1161923,1418304,4.532016803117235
569538,256431,1162143,1418574,4.53199106192309
569581,256460,1162245,1418705,4.531876315994697
569761,256498,1162593,1419091,4.532561657400837
570204,256671,1163121,1419792,4.531563752819758
570231,256677,1163144,1419821,4.531547431207315
570376,256762,1163495,1420257,4.531414305855228
570392,256776,1163540,1420316,4.531342493067888
570400,256776,1163558,1420334,4.531412593077235
570634,256787,1163874,1420661,4.532449072577662
570721,256817,1164056,1420873,4.532628291740812
570729,256820,1164060,1420880,4.532590919710303
570762,256829,1164145,1420974,4.532763044671746
571076,256977,1164842,1421819,4.53286480891286
571097,256994,1164860,1421854,4.5326350031518245
571275,257081,1165181,1422262,4.532349726350839
571309,257108,1165236,1422344,4.5320876829970285
571626,257294,1165710,1423004,4.530653649132899
571635,257299,1165727,1423026,4.53063167754247
571651,257305,1165754,1423059,4.530630963253726
571653,257306,1165756,1423062,4.530621128150917
571654,257306,1165758,1423064,4.5306289009972565
571661,257306,1165781,1423087,4.53071828873015
572095,257579,1167040,1424619,4.5308041416419815
572341,257653,1167700,1425353,4.532064443262838
572345,257656,1167701,1425357,4.532015555624554
572376,257672,1167755,1425427,4.531943711385017
572420,257704,1167831,1425535,4.53167587619905
572444,257719,1167855,1425574,4.5315052440836725
572527,257736,1167908,1425644,4.531411987460037
572540,257749,1167938,1425687,4.53129983045521
572550,257752,1167944,1425696,4.531270368416152
572634,257771,1168061,1425832,4.531390265002657
572659,257787,1168117,1425904,4.531326249966058
572661,257787,1168124,1425911,4.531353404167006
572668,257787,1168141,1425928,4.531419350083596
572776,257810,1168249,1426059,4.53143400178426
572793,257815,1168287,1426102,4.531493512790179
572806,257821,1168319,1426140,4.531512173174412
572835,257839,1168372,1426211,4.531401378379531
572859,257862,1168398,1426260,4.5310980291783975
572898,257897,1168475,1426372,4.530781668650663
572906,257901,1168480,1426381,4.530730784293198
572981,257931,1168568,1426499,4.530544990714571
572983,257931,1168578,1426509,4.53058376077323
573005,257942,1168602,1426544,4.530483597087717
573878,258416,1170753,1429169,4.530497337626153
574036,258479,1171364,1429843,4.531756931897756
574058,258488,1171422,1429910,4.531823527591222
574077,258506,1171451,1429957,4.531620155818434
574106,258515,1171469,1429984,4.531532019418602
574126,258538,1171498,1430036,4.53124105547347
574474,258847,1172674,1431521,4.530375086441025
574524,258879,1172795,1431674,4.530282487185133
575191,259090,1173603,1432693,4.529711683198888
575235,259119,1173712,1432831,4.5296253844758585
575283,259139,1173788,1432927,4.529569072968561
575321,259156,1173843,1432999,4.529484171695812
575356,259156,1173964,1433120,4.529951071941224
575391,259156,1174091,1433247,4.530441124264922
575419,259159,1174114,1433273,4.5304774289142955
580610,259667,1184366,1444033,4.5610955570018525
580636,259679,1184403,1444082,4.561027268281224
581008,259931,1185087,1445018,4.559236874401283
581144,260027,1185293,1445320,4.558345864083345
581153,260029,1185309,1445338,4.55837233539336
581217,260073,1185472,1445545,4.558227882171544
581420,260131,1185876,1446007,4.558764622440232
581489,260170,1185956,1446126,4.558388745820041
581525,260188,1186043,1446231,4.558407766691777
581558,260195,1186073,1446268,4.558400430446396
581756,260290,1186273,1446563,4.557505090476008
581776,260298,1186295,1446593,4.557449538605752
581784,260298,1186320,1446618,4.557545582370975
581814,260306,1186376,1446682,4.557620646469924
581815,260306,1186381,1446687,4.557639854632625
582121,260468,1187381,1447849,4.558644440007986
582154,260480,1187452,1447932,4.558707002457003
582653,260569,1187748,1448317,4.558285905076966
582726,260573,1187768,1448341,4.5582926857349
582742,260583,1187813,1448396,4.55829044872459
582749,260583,1187836,1448419,4.558378712348849
584760,261583,1197331,1458914,4.577250815228818
584796,261643,1197430,1459073,4.576579537767111
584926,261717,1197762,1459479,4.576554064122697
584956,261726,1197797,1459523,4.576530417306649
584977,261734,1197820,1459554,4.57647840937746
585033,261746,1197895,1459641,4.576555133602806
585137,261772,1198089,1459861,4.576841679018383
585182,261780,1198225,1460005,4.577221330888532
585237,261815,1198341,1460156,4.577052498901897
585297,261834,1198418,1460252,4.577014444266214
585358,261862,1198530,1460392,4.57695274610291
585366,261862,1198552,1460414,4.577036759820058
585379,261869,1198572,1460441,4.576990785469071
585416,261896,1198645,1460541,4.576797660139903
585440,261910,1198696,1460606,4.576747737772517
585516,261963,1198865,1460828,4.576466905631712
585523,261969,1198870,1460839,4.576381174871836
586013,262156,1199435,1461591,4.57527197546499
586051,262158,1199460,1461618,4.575332433112855
586177,262227,1199728,1461955,4.575150537511393
586196,262228,1199752,1461980,4.575224613694952
586212,262242,1199784,1462026,4.575102386345437
586218,262242,1199798,1462040,4.5751557721493885
586492,262416,1200036,1462452,4.573029083592464
586500,262422,1200047,1462469,4.572966443362218
586504,262426,1200055,1462481,4.572927225198723
586514,262426,1200071,1462497,4.572988194767286
586520,262431,1200088,1462519,4.572965846260541
586563,262446,1200128,1462574,4.572856892465498
586934,262520,1201514,1464034,4.576847478287369
587284,262611,1201823,1464434,4.576438153771167
587308,262621,1201846,1464467,4.576351472273733
587333,262634,1201886,1464520,4.576277252754784
587533,262711,1202134,1464845,4.575879959346963
587568,262740,1202255,1464995,4.575835426657532
587723,262802,1202507,1465309,4.575714796691045
587835,262859,1202704,1465563,4.57547202112159
587899,262904,1202800,1465704,4.5750540121108845
587905,262904,1202814,1465718,4.575107263487813
587944,262935,1202905,1465840,4.574913952117443
588084,262971,1203119,1466090,4.575101437040586
588089,262971,1203131,1466102,4.575147069448723
588102,262971,1203154,1466125,4.575234531564317
588113,262971,1203164,1466135,4.575272558571097
588567,263237,1203787,1467024,4.573015951405008
588575,263237,1203787,1467024,4.573015951405008
588623,263275,1203879,1467154,4.572705346120976
588650,263294,1203910,1467204,4.572493106565284
589276,263618,1205392,1469010,4.572495049655183
589339,263664,1205463,1469127,4.571966593846714
589351,263677,1205484,1469161,4.571820826238163
589857,263960,1206669,1470629,4.571408546749508
589964,264051,1206930,1470981,4.5708215458377355
590001,264072,1207101,1471173,4.571105607561574
590005,264072,1207110,1471182,4.57113968917568
590015,264077,1207126,1471203,4.5711137281929135
590029,264086,1207142,1471228,4.5710185318419
590077,264089,1207204,1471293,4.571201375293935
590287,264095,1207858,1471953,4.573573903330241
590348,264132,1207942,1472074,4.573251253161298
590358,264145,1207960,1472105,4.5730943231937005
590401,264183,1208078,1472261,4.5728831908184855
590410,264187,1208104,1472291,4.572912368890218
590451,264190,1208181,1472371,4.573151898255044
590667,264277,1208869,1473146,4.57424974553215
590671,264280,1208886,1473166,4.574262146208567
590695,264280,1208911,1473191,4.574356742848494
590764,264301,1208996,1473297,4.574314890976576
590870,264317,1209043,1473360,4.57421580904747
590927,264330,1209150,1473480,4.574395641811372
590955,264346,1209199,1473545,4.574304131706173
591011,264357,1209254,1473611,4.574321845080705
591249,264504,1210373,1474877,4.576010192662493
591260,264520,1210422,1474942,4.575918645092998
591839,264785,1212035,1476820,4.577430745699341
591991,264886,1212320,1477206,4.576761323739269
592008,264893,1212363,1477256,4.5768027090183585
592086,264929,1212535,1477464,4.576830018608759
592139,264934,1212580,1477514,4.5769134954365995
592226,264939,1212638,1477577,4.577046037012293
592391,265024,1212914,1477938,4.576619475971987
592646,265158,1213372,1478530,4.576033911856327
592682,265187,1213419,1478606,4.575710724884704
592689,265187,1213438,1478625,4.575782372439071
592694,265189,1213442,1478631,4.575762946426888
592769,265232,1213576,1478808,4.575526331664355
592794,265254,1213614,1478868,4.575290099301047
592827,265267,1213674,1478941,4.575292064222086
592844,265294,1213749,1479043,4.575109124216906
592889,265339,1213916,1479255,4.574962595019955
592957,265391,1214052,1479443,4.574578640571835
592999,265391,1214264,1479655,4.575377461933525
593005,265396,1214275,1479671,4.575332710364889
593031,265403,1214325,1479728,4.57540042878189
593046,265415,1214360,1479775,4.575325433754686
593102,265426,1214447,1479873,4.5754635943728195
593111,265441,1214469,1479910,4.57528791708892
593173,265479,1214594,1480073,4.575103868855917
593182,265481,1214617,1480098,4.575156037531876
593230,265510,1214714,1480224,4.575021656434786
593236,265513,1214730,1480243,4.575030224508781
593263,265513,1214780,1480293,4.5752185392052365
593329,265557,1214921,1480478,4.574991433100991
593417,265574,1215156,1480730,4.575583453199485
593424,265576,1215169,1480745,4.575597945597494
593448,265602,1215236,1480838,4.575402293657428
593559,265736,1215504,1481240,4.574103621639522
593604,265762,1215619,1481381,4.574088846411451
593613,265762,1215641,1481403,4.5741716272454305
593649,265788,1215694,1481482,4.573923578190136
593820,265806,1215808,1481614,4.574042722888121
593928,265806,1216024,1481830,4.5748553456280145
594325,265948,1216500,1482448,4.574202475671936
594425,266003,1216671,1482674,4.573899542486363
594496,266048,1216777,1482825,4.573524326437335
594507,266056,1216807,1482863,4.573499564001564
594515,266057,1216828,1482885,4.573561304532487
594567,266092,1216945,1483037,4.573399425762518
594591,266107,1216972,1483079,4.573243093943414
594627,266141,1217094,1483235,4.573117257393637
594738,266177,1217381,1483558,4.573576980730867
594785,266218,1217438,1483656,4.573086718403714
594969,266321,1217882,1484203,4.5729852321071185
595001,266333,1217971,1484304,4.5731133580893095
595068,266333,1218123,1484456,4.573684072195334
595075,266333,1218147,1484480,4.573774184948918
595610,266515,1218802,1485317,4.573108455434028
595661,266543,1218909,1485452,4.573029492427113
595726,266599,1219088,1485687,4.572740332859463
595780,266611,1219163,1485774,4.5728158253035325
595807,266632,1219196,1485828,4.572579435326593
595829,266637,1219200,1485837,4.572508691591939
595834,266637,1219212,1485849,4.572553696598747
595994,266671,1219464,1486135,4.572915690120036
596027,266693,1219506,1486199,4.572695946275306
596031,266696,1219515,1486211,4.5726782553919065
596079,266712,1219637,1486349,4.572861363568194
596299,266906,1220148,1487054,4.571452121720756
596715,267186,1221096,1488282,4.5702095169657095
596730,267186,1221096,1488282,4.5702095169657095
597108,267408,1221860,1489268,4.569272422664992
597707,267820,1223295,1491115,4.567601374057203
597738,267820,1223369,1491189,4.56787767903816
597777,267864,1223454,1491318,4.567444673416361
597789,267864,1223481,1491345,4.567545470835946
597798,267879,1223506,1491385,4.567383034877687
597814,267887,1223523,1491410,4.5673100971678355
597929,267970,1223812,1491782,4.566973914990484
597940,267970,1223832,1491802,4.567048550210845
597961,267993,1223886,1491879,4.566858089576966
597989,268016,1223966,1491982,4.566764670765925
598027,268029,1223995,1492024,4.56665136981446
598028,268029,1224001,1492030,4.566673755451835
598034,268029,1224015,1492044,4.566725988605711
598051,268039,1224043,1492082,4.566660075586015
598054,268039,1224048,1492087,4.566678729587858
598100,268060,1224203,1492263,4.5668992016712675
598108,268060,1224232,1492292,4.567007386406028
598109,268060,1224234,1492294,4.567014847422219
598253,268109,1224530,1492639,4.567284201574733
598289,268134,1224608,1492742,4.5671492611903
598292,268134,1224617,1492751,4.567182826497199
598650,268257,1225146,1493403,4.567060691799282
598705,268298,1225323,1493621,4.567022489917927
598887,268396,1225812,1494208,4.567176858075381
598897,268396,1225832,1494228,4.5672513748342
598947,268447,1225939,1494386,4.566782269870775
598958,268459,1225982,1494441,4.566738310133019
599038,268498,1226046,1494544,4.56631334311615
599064,268516,1226094,1494610,4.56618600008938
599118,268537,1226142,1494679,4.566007663748385
599689,268744,1226833,1495577,4.565061917661418
599843,268754,1227191,1495945,4.566224130617591
599902,268820,1227302,1496122,4.56551595863403
600150,268999,1227850,1496849,4.564515109721597
600310,269097,1228367,1497464,4.5647740405875945
600393,269125,1228521,1497646,4.564871342313052
600394,269125,1228523,1497648,4.564878773803994
600469,269194,1228784,1497978,4.564678261774037
600478,269197,1228817,1498014,4.564749978640178
601422,269280,1230823,1500103,4.570792483660131
601493,269313,1231034,1500347,4.571015881149443
601496,269314,1231037,1500351,4.571010047750953
601503,269316,1231041,1500357,4.570990954863432
601530,269332,1231116,1500448,4.57099787622711
601575,269371,1231223,1500594,4.570733300912125
601580,269376,1231234,1500610,4.57068929674507
601631,269401,1231310,1500711,4.57054725112379
601710,269460,1231591,1501051,4.570589326801752
601713,269461,1231594,1501055,4.570583498168566
601742,269477,1231676,1501153,4.570616416243316
601758,269487,1231706,1501193,4.570558134529681
601837,269494,1231989,1501483,4.571489532234484
601859,269494,1232055,1501549,4.5717344356460625
601882,269504,1232118,1501622,4.57179856328663
601910,269516,1232143,1501659,4.571687766217961
602009,269548,1232216,1501764,4.571415851722143
602073,269579,1232337,1501916,4.571339013795585
602142,269579,1232421,1502000,4.5716506107671595
602239,269644,1232591,1502235,4.571179036062364
602405,269724,1232827,1502551,4.570698195192122
602517,269761,1233172,1502933,4.571350195172764
602573,269807,1233255,1503062,4.570878442738699
602630,269838,1233330,1503168,4.570631267649478
602956,269929,1233570,1503499,4.569979513131231
602966,269935,1233579,1503514,4.569911274936559
603001,269935,1233744,1503679,4.570522533202437
603190,270028,1233963,1503991,4.569759432355164
603210,270028,1233984,1504012,4.569837202067934
603231,270032,1234001,1504033,4.569832464300528
603385,270032,1234001,1504033,4.569832464300528
603580,270088,1234527,1504615,4.570832469417375
603602,270100,1234553,1504653,4.570725657164013
603944,270160,1234822,1504982,4.570706248149245
604234,270197,1234987,1505184,4.570691014333986
604312,270265,1235175,1505440,4.570236619614082
604506,270359,1235559,1505918,4.570067946693101
604513,270359,1235582,1505941,4.57015301876394
604559,270359,1235582,1505941,4.57015301876394
604567,270370,1235607,1505977,4.570059548026778
604576,270378,1235623,1506001,4.5699835045750765
604595,270386,1235665,1506051,4.570003624448011
604634,270419,1235744,1506163,4.569738073138352
604688,270425,1235754,1506179,4.569673661828603
604729,270439,1235835,1506274,4.569736613432235
604745,270441,1235875,1506316,4.56985072529683
604822,270474,1235982,1506456,4.569688768606224
604848,270495,1236034,1506529,4.569526238932328
604989,270495,1236433,1506928,4.5710013124087325
604993,270497,1236443,1506940,4.571004484338089
605046,270506,1236542,1507048,4.571218383326063
605175,270576,1236773,1507349,4.57088950978653
605298,270578,1237136,1507714,4.572197296158594
605342,270590,1237311,1507901,4.5726412653830515
605404,270612,1237433,1508045,4.572720352386442
605855,270958,1238555,1509513,4.5710220772223
605863,270959,1238576,1509535,4.571082709930285
605872,270959,1238605,1509564,4.571189737192712
605893,270976,1238665,1509641,4.571124380018895
605959,270976,1238665,1509641,4.571124380018895
605982,270996,1238719,1509715,4.570986287620482
605985,270998,1238725,1509723,4.570974693540173
606022,271007,1238799,1509806,4.571095949551118
606067,271028,1238907,1509935,4.571140251191759
606153,271034,1239081,1510115,4.571681043706693
606156,271034,1239083,1510117,4.571688422854697
606342,271122,1239347,1510469,4.571178288740862
606419,271181,1239568,1510749,4.570998705661532
606471,271218,1239728,1510946,4.570965053941848
606514,271238,1239756,1510994,4.570731239723048
606606,271299,1240043,1511342,4.570761410841913
606653,271311,1240148,1511459,4.570946257247218
606900,271460,1240668,1512128,4.570352906505563
606958,271495,1240948,1512443,4.5707950422659716
607016,271516,1241130,1512646,4.571111831346956
607063,271533,1241190,1512723,4.571046613118847
607121,271631,1241377,1513008,4.5700858885767826
607124,271633,1241380,1513013,4.570063283916166
607141,271647,1241422,1513069,4.569982366821647
607144,271649,1241427,1513076,4.569967126696583
607145,271650,1241429,1513079,4.569957666114486
607164,271661,1241459,1513120,4.569883052775334
607173,271665,1241465,1513130,4.5698378517659615
607180,271665,1241488,1513153,4.569922514862054
607210,271679,1241553,1513232,4.569926273285753
607257,271679,1241716,1513395,4.570526246047725
607286,271688,1241785,1513473,4.570628809516799
607458,271844,1242208,1514052,4.569561954650461
607488,271868,1242262,1514130,4.569357188047141
607532,271875,1242287,1514162,4.569331494252873
607829,271884,1242995,1514879,4.5717842903591235
607852,271900,1243050,1514950,4.571717543214417
608147,271953,1243704,1515657,4.57323140395583
608370,271953,1244182,1516135,4.574989060609738
608382,271957,1244206,1516163,4.575010019966392
608423,271960,1244377,1516337,4.575588321812031
608488,271960,1244498,1516458,4.57603324018238
608505,271967,1244509,1516476,4.575955906415117
608902,271967,1245127,1517094,4.578228240926289
608954,271972,1245306,1517278,4.578802229641287
608957,271974,1245309,1517283,4.578779589225441
609026,271989,1245401,1517390,4.578865321759336
609085,272015,1245576,1517591,4.579071007113578
609239,272132,1245914,1518046,4.57834433289727
609269,272150,1245943,1518093,4.578148080102885
609277,272150,1245965,1518115,4.578228917876171
609280,272151,1245969,1518120,4.5782267932140615
609342,272194,1246064,1518258,4.577852561041023
609351,272196,1246086,1518282,4.577899748710488
609357,272196,1246100,1518296,4.57795118223633
609402,272231,1246192,1518423,4.577700555777997
609511,272247,1246509,1518756,4.578595907392919
609556,272271,1246616,1518887,4.578585306551194
609564,272271,1246634,1518905,4.578651417154233
609624,272304,1246706,1519010,4.578360949526999
609679,272304,1246802,1519106,4.578713496680181
609684,272306,1246807,1519113,4.578698229198035
609700,272313,1246826,1519139,4.578650303143808
609711,272313,1246836,1519149,4.578687025591874
609713,272313,1246844,1519157,4.5787164035503265
610548,272560,1247691,1520251,4.577674640446141
610790,272690,1248367,1521057,4.577971322747442
610812,272704,1248403,1521107,4.577868311429242
610840,272714,1248430,1521144,4.577799452906708
610851,272725,1248445,1521170,4.577669813915116
610925,272784,1248541,1521325,4.577031644084697
610948,272792,1248574,1521366,4.577018387636001
611033,272834,1248786,1521620,4.577090831787827
611106,272870,1248859,1521729,4.576754498479129
611125,272876,1248873,1521749,4.576705170113898
611255,272877,1249258,1522135,4.578099290156371
611258,272877,1249265,1522142,4.578124942739769
611282,272877,1249286,1522163,4.578201900489964
611316,272898,1249397,1522295,4.57825634486145
611323,272902,1249409,1522311,4.578233211922228
611508,272974,1249879,1522853,4.578747426494831
611564,272974,1249967,1522941,4.579069801519559
611573,272980,1249985,1522965,4.579035094146091
611763,272980,1250555,1523535,4.581123159205803
611798,273003,1250608,1523611,4.580931345076794
611803,273004,1250614,1523618,4.580936543054314
611844,273019,1250683,1523702,4.58093759042411
611900,273073,1250858,1523931,4.5806725674087145
612005,273130,1251044,1524174,4.580397612858346
612064,273162,1251121,1524283,4.580142918854014
612083,273174,1251152,1524326,4.580055202910965
612104,273187,1251200,1524387,4.580012958156867
612561,273340,1252191,1525531,4.5810748518328825
612612,273376,1252273,1525649,4.580771538101369
612926,273584,1252893,1526477,4.579555090940991
612932,273588,1252907,1526495,4.579539307279559
612986,273609,1252975,1526584,4.57943634895051
613013,273618,1253044,1526662,4.579537895898661
613021,273619,1253055,1526674,4.579561360870407
613076,273665,1253178,1526843,4.579241042880895
613087,273673,1253191,1526864,4.57915468460535
613115,273682,1253217,1526899,4.579099100415811
613143,273692,1253235,1526927,4.578997559300236
613150,273692,1253240,1526932,4.579015828011049
613181,273696,1253276,1526972,4.5790804396118325
613215,273706,1253331,1527037,4.579114085917006
613249,273738,1253395,1527133,4.578812587218435
613316,273792,1253527,1527319,4.578391625759701
613405,273792,1253754,1527546,4.57922072230014
613411,273792,1253768,1527560,4.57927185600748
613418,273792,1253785,1527577,4.579333946937822
613486,273842,1253876,1527718,4.5788301283221715
613502,273844,1253900,1527744,4.5788843283037055
613532,273876,1253983,1527859,4.578652382830186
613537,273876,1253995,1527871,4.578696198279514
613593,273914,1254121,1528035,4.578520995640968
613611,273919,1254143,1528062,4.578517736995243
613893,274019,1254598,1528617,4.578507329783701
613899,274023,1254608,1528631,4.578476989157845
613900,274023,1254611,1528634,4.578487937143962
613913,274041,1254673,1528714,4.578413449082436
613936,274048,1254733,1528781,4.57851544255021
613996,274065,1254844,1528909,4.5786364548556
614007,274065,1254859,1528924,4.578691186397387
614035,274080,1254882,1528962,4.578524518388791
614932,275048,1258154,1533202,4.574307030045665
614936,275049,1258157,1533206,4.574301306312694
615005,275099,1258358,1533457,4.574200560525483
615030,275110,1258409,1533519,4.574203046054306
615039,275121,1258434,1533555,4.574111027511531
615126,275177,1258638,1533815,4.573921512335697
615142,275177,1258664,1533841,4.574015996976492
615149,275177,1258687,1533864,4.574099579543349
615200,275193,1258759,1533952,4.574095271318675
615244,275211,1258850,1534061,4.5741267609216205
616025,275211,1259993,1535204,4.578279937938527
616035,275211,1260009,1535220,4.578338075149612
616078,275225,1260051,1535276,4.57825778908166
617152,275985,1262896,1538881,4.575958838342664
617221,275996,1262968,1538964,4.576037333874404
617291,276021,1263039,1539060,4.575880096079646
617356,276072,1263141,1539213,4.5754042423715555
617394,276079,1263199,1539278,4.575498317510568
617399,276081,1263215,1539296,4.575523125459557
618236,276081,1264924,1541005,4.581713337752326
618264,276102,1264989,1541091,4.581600278158072
618312,276128,1265114,1541242,4.581621566809596
618387,276174,1265304,1541478,4.581546416389667
618476,276195,1265479,1541674,4.581831676894947
618508,276218,1265517,1541735,4.581587731429523
618543,276237,1265597,1541834,4.581562209262336
618618,276301,1265768,1542069,4.581119865653761
618749,276351,1265977,1542328,4.58104729130707
618754,276355,1265997,1542352,4.581053355285774
618818,276380,1266079,1542459,4.580935668282799
618820,276382,1266082,1542464,4.58091337351926
619035,276608,1267087,1543695,4.580803881304951
619059,276623,1267111,1543734,4.5806422459448415
619060,276623,1267111,1543734,4.5806422459448415
619172,276719,1267349,1544068,4.579913197142227
619181,276728,1267365,1544093,4.57982206354254
619401,276866,1268076,1544942,4.580107344347085
619419,276874,1268110,1544984,4.580097806222325
619428,276879,1268127,1545006,4.580076495508869
619466,276913,1268184,1545097,4.579719984254982
619758,277091,1268748,1545839,4.578813458394535
619761,277091,1268755,1545846,4.5788387208534385
619776,277101,1268793,1545894,4.578810614180389
620626,277294,1269472,1546766,4.578072370841057
620630,277296,1269476,1546772,4.578053776469909
621073,277500,1270137,1547637,4.57707027027027
621257,277563,1270606,1548169,4.577721093949842
621286,277572,1270657,1548229,4.577756401942559
621317,277581,1270708,1548289,4.577791707645696
621333,277592,1270735,1548327,4.5777075708233665
621459,277684,1271036,1548720,4.577274888002189
621475,277686,1271070,1548756,4.5773643611849355
621665,277686,1271391,1549077,4.578520343121367
621708,277718,1271531,1549249,4.578496892531272
621842,277745,1271605,1549350,4.578318241552503
621903,277773,1271683,1549456,4.578137543965756
621909,277773,1271697,1549470,4.578187944832651
622031,277861,1271942,1549803,4.577619745124361
622070,277883,1272007,1549890,4.577491246315896
622085,277883,1272007,1549890,4.577491246315896
622611,278036,1272377,1550413,4.576303068667367
622689,278088,1272493,1550581,4.575864474554817
622778,278117,1272606,1550723,4.5757936408058475
622918,278176,1272756,1550932,4.575362360519959
622964,278197,1272826,1551023,4.575268604621905
622971,278197,1272849,1551046,4.575351279848452
622984,278206,1272883,1551089,4.575325478242741
623022,278240,1273085,1551325,4.575492380678551
623032,278249,1273092,1551341,4.575369543107073
623167,278305,1273233,1551538,4.574955534395717
623403,278405,1273774,1552179,4.575255473141646
623504,278424,1273827,1552251,4.5751336091716235
623888,278514,1274611,1553125,4.576470123584452
624074,278639,1275045,1553684,4.575974648200718
624152,278647,1275205,1553852,4.576417474438985
624223,278670,1275383,1554053,4.5766785086302795
624485,278727,1275569,1554296,4.576409892116659
625760,279731,1279964,1559695,4.5756959364532355
625784,279748,1279994,1559742,4.5755251154610574
625842,279799,1280125,1559924,4.57515931079096
625853,279799,1280152,1559951,4.575255808634055
625862,279814,1280163,1559977,4.575049854546235
625906,279831,1280290,1560121,4.575225761263048
625924,279846,1280307,1560153,4.575041272699985
625958,279865,1280357,1560222,4.574909331284727
625986,279872,1280401,1560273,4.574952120969586
626046,279898,1280495,1560393,4.574862985801971
626056,279903,1280503,1560406,4.574809844839105
626078,279916,1280535,1560451,4.574711699224053
626116,279950,1280692,1560642,4.574716913734595
626148,279979,1280737,1560716,4.574403794570307
626159,279985,1280762,1560747,4.574395056878047
626193,279993,1280802,1560795,4.57440721732329
626240,280021,1280925,1560946,4.574389063677367
626247,280026,1280931,1560957,4.57432881232457
626254,280026,1280954,1560980,4.5744109475548695
626338,280093,1281066,1561159,4.5737165869907495
626525,280173,1281348,1561521,4.573417138696448
626564,280196,1281403,1561599,4.573238019100915
626582,280202,1281433,1561635,4.57324715740787
626709,280204,1281808,1562012,4.574552825798347
626728,280215,1281839,1562054,4.574483878450476
626808,280246,1282082,1562328,4.5748449576443555
626841,280261,1282117,1562378,4.57472498849287
626983,280261,1282369,1562630,4.575624150345571
627033,280275,1282524,1562799,4.575948621889216
627102,280309,1282725,1563034,4.576110649319144
627292,280420,1283040,1563460,4.575422580415092
627324,280431,1283094,1563525,4.575435668667159
627388,280462,1283215,1563677,4.575361368028467
627431,280474,1283322,1563796,4.575547109536
627445,280485,1283358,1563843,4.5754960158297235
627459,280491,1283373,1563864,4.575451618768517
627476,280491,1283435,1563926,4.575672659728832
627646,280522,1283803,1564325,4.576478850143661
627981,280703,1284452,1565155,4.575839944710245
628002,280711,1284505,1565216,4.5758983438483
628019,280726,1284536,1565262,4.57576426836132
628183,280829,1284994,1565823,4.5757168953348835
628351,280866,1285302,1566168,4.576210719702634
628607,281121,1285883,1567004,4.574126443773322
628625,281121,1285893,1567014,4.574162015644509
628773,281172,1286252,1567424,4.574609136044841
628808,281178,1286259,1567437,4.574536414655485
629362,281193,1287477,1568670,4.578623934450715
629390,281200,1287525,1568725,4.578680654338549
629715,281413,1287993,1569406,4.5768781115300285
629742,281417,1288010,1569427,4.576873465355682
629755,281429,1288039,1569468,4.576781355155297
629886,281495,1288262,1569757,4.576500470701078
629958,281529,1288354,1569883,4.576274557860824
630005,281540,1288384,1569924,4.5762023158343395
630089,281562,1288459,1570021,4.57611112294983
630106,281567,1288504,1570071,4.576189681319189
630278,281593,1288780,1570373,4.576747291303406
630839,281886,1290593,1572479,4.578421773340996
630879,281901,1290649,1572550,4.578376806041837
630992,281901,1290649,1572550,4.578376806041837
631212,281985,1290884,1572869,4.577846339344291
631308,282041,1290968,1573009,4.577235224665917
631468,282112,1291173,1573285,4.57680991946461
631508,282140,1291227,1573367,4.576547104274474
631782,282155,1291596,1573751,4.577611596462937
631808,282178,1291685,1573863,4.57755388442756
632033,282178,1292294,1574472,4.579712096619864
632045,282187,1292332,1574519,4.579700694929249
632092,282206,1292452,1574658,4.579817580065626
632179,282206,1292564,1574770,4.580214453271723
632190,282216,1292596,1574812,4.580165546956941
632221,282219,1292748,1574967,4.580655448428348
632227,282219,1292766,1574985,4.580719228684107
632250,282225,1292804,1575029,4.580756488617238
632336,282236,1293272,1575508,4.582236142802477
632368,282264,1293326,1575590,4.581972904798345
632384,282283,1293355,1575638,4.581767233591821
632435,282328,1293525,1575853,4.581639086452637
632524,282345,1293570,1575915,4.581522605323275
632568,282369,1293632,1576001,4.581352768894602
632633,282393,1293894,1576287,4.581891194186825
632668,282419,1293945,1576364,4.581649959811486
632698,282445,1294060,1576505,4.581635362636973
632706,282454,1294082,1576536,4.581567264050076
632736,282454,1294189,1576643,4.581946086796434
632783,282481,1294310,1576791,4.581936484223718
632789,282488,1294317,1576805,4.581847724505112
632841,282509,1294382,1576891,4.581737218991253
632870,282522,1294444,1576966,4.58174584634117
632968,282591,1294614,1577205,4.581228701551005
632993,282600,1294642,1577242,4.581181882519462
633081,282639,1294881,1577520,4.5813953488372094
633111,282654,1294932,1577586,4.581332654057611
633156,282677,1295006,1577683,4.58122167703775
633182,282682,1295024,1577706,4.581204321463694
633245,282706,1295151,1577857,4.581264635345553
633289,282731,1295214,1577945,4.581082371582883
633366,282771,1295347,1578118,4.580904689660538
633407,282787,1295392,1578179,4.58080463387638
633539,282858,1295743,1578601,4.580895714457431
633551,282866,1295779,1578645,4.580893426569471
633612,282897,1295940,1578837,4.580960561617832
633630,282911,1295985,1578896,4.580892930992432
633649,282935,1296047,1578982,4.580723487726863
633724,282959,1296209,1579168,4.580907481295877
633763,282995,1296250,1579245,4.580469619604587
633924,283056,1296622,1579678,4.58079673280199
634184,283056,1296622,1579678,4.58079673280199
634260,283107,1296851,1579958,4.58078041164648
634269,283110,1296870,1579980,4.580798982727562
634380,283187,1297037,1580224,4.580143156288954
634414,283206,1297114,1580320,4.580107766078402
634414,283206,1297114,1580320,4.580107766078402
634495,283206,1297379,1580585,4.5810434807172165
634568,283239,1297462,1580701,4.580802784927217
634580,283251,1297484,1580735,4.5806863876914825
634721,283370,1297987,1581357,4.580537812753644
634742,283384,1298027,1581411,4.580452671992773
634751,283390,1298042,1581432,4.5804086241575215
635055,283562,1298604,1582166,4.579612218844556
635134,283562,1298831,1582393,4.5804127492400255
635150,283562,1298838,1582400,4.580437435199356
635227,283565,1298905,1582470,4.580625253469222
635235,283565,1298928,1582493,4.580706363620334
635296,283565,1299046,1582611,4.58112249396082
635312,283573,1299067,1582640,4.581067308946903
635386,283614,1299214,1582828,4.580923367675784
635436,283625,1299296,1582921,4.581034817100044
635496,283657,1299421,1583078,4.580958693069446
635605,283717,1299712,1583429,4.581015589478247
635716,283730,1299804,1583534,4.581129947485286
635738,283738,1299822,1583560,4.581064221218166
635751,283738,1299863,1583601,4.581208720721229
635836,283775,1299967,1583742,4.580977887410801
635909,283817,1300047,1583864,4.58058185380016
635968,283859,1300197,1584056,4.580432538689983
635976,283859,1300222,1584081,4.580520610584832
636031,283875,1300299,1584174,4.580533685601057
636051,283899,1300335,1584234,4.580273266196781
636073,283899,1300385,1584284,4.580449385168669
636122,283919,1300458,1584377,4.580383841870392
636137,283919,1300470,1584389,4.580426107446137
636185,283949,1300605,1584554,4.580417610204649
636215,283970,1300639,1584609,4.580198612529492
636245,283996,1300702,1584698,4.580001126776433
636937,284376,1301387,1585763,4.57628984161814
637080,284421,1301481,1585902,4.575896294577404
637087,284421,1301497,1585918,4.575952549214017
637171,284459,1301598,1586057,4.575696321789783
637485,284581,1302473,1587054,4.576809414542784
637510,284590,1302502,1587092,4.576766576478443
637638,284641,1302664,1587305,4.5765156811562635
637702,284653,1302893,1587546,4.577127239129747
637710,284653,1302915,1587568,4.577204526212617
641117,286164,1310326,1596490,4.578933758264491
641121,286167,1310327,1596494,4.578889249983401
641200,286167,1310667,1596834,4.580077367411337
641346,286210,1311241,1597451,4.581394780056602
641588,286254,1311370,1597624,4.5811412242274345
641624,286272,1311407,1597679,4.5809824223116475
641688,286287,1311491,1597778,4.5810358137114155
641702,286296,1311527,1597823,4.581017548271719
641710,286304,1311545,1597849,4.580952414217056
641938,286526,1312036,1598562,4.579116729371854
641971,286552,1312130,1598682,4.579029286133058
642056,286585,1312238,1598823,4.578878866653873
642168,286650,1312437,1599087,4.578534798534799
642241,286683,1312526,1599209,4.578318212101869
642347,286750,1313196,1599946,4.579585004359198
642394,286772,1313262,1600034,4.579463824920146
642428,286797,1313322,1600119,4.579273841776588
642456,286816,1313362,1600178,4.579109952024992
642481,286838,1313388,1600226,4.57884938536735
642507,286844,1313422,1600266,4.578872139560179
642534,286859,1313490,1600349,4.578869758313318
642561,286879,1313562,1600441,4.578801515621569
642677,286939,1313777,1600716,4.578593359564228
642832,287025,1314012,1601037,4.578040240397178
644286,287869,1317613,1605482,4.577127096005475
644299,287871,1317619,1605490,4.577116138826072
644305,287871,1317667,1605538,4.577282880178969
644311,287871,1317681,1605552,4.577331513073564
644331,287894,1317722,1605616,4.577108241227674
644385,287923,1317865,1605788,4.5771438891648115
644415,287932,1317908,1605840,4.5771501604545515
644428,287938,1317917,1605855,4.577086039355694
644456,287958,1317965,1605923,4.576934830773932
644620,288051,1318344,1606395,4.576772863138819
644670,288081,1318495,1606576,4.576820408149097
645101,288318,1319728,1608046,4.577334748437489
645130,288329,1319748,1608077,4.5772294843737535
645200,288350,1319802,1608152,4.577083405583492
645385,288449,1320119,1608568,4.576611463378275
645490,288531,1320364,1608895,4.5761599273561595
645521,288542,1320407,1608949,4.576134496884336
645576,288560,1320478,1609038,4.576095092874965
645623,288572,1320565,1609137,4.576206284740031
645702,288598,1320678,1609276,4.576185559151484
645810,288647,1320794,1609441,4.5758105921766035
645866,288656,1320906,1609562,4.576055928163627
645940,288668,1320964,1609632,4.576066623248853
646093,288713,1321073,1609786,4.575730916169345
646175,288743,1321196,1609939,4.575681488382402
646221,288766,1321264,1610030,4.575552523496533
646278,288800,1321360,1610160,4.5753462603878114
646498,288912,1321772,1610684,4.5749986154953755
646532,288926,1321819,1610745,4.57493960391242
646547,288933,1321840,1610773,4.57490144774048
646553,288933,1321854,1610787,4.574949901880367
647174,288952,1322568,1611520,4.577120075306626
647226,288967,1322654,1611621,4.577180093228638
647264,288990,1322738,1611728,4.577106474272466
647292,288998,1322870,1611868,4.577436522052055
647299,288998,1322887,1611885,4.577495345988553
647837,289275,1324324,1613599,4.57807968196353
647852,289289,1324351,1613640,4.577951460304401
647868,289295,1324357,1613652,4.5778772533227325
647886,289295,1324367,1613662,4.577911820114416
647925,289306,1324445,1613751,4.578007369359778
647976,289336,1324575,1613911,4.577982000165897
647995,289350,1324597,1613947,4.577836530153793
648502,289430,1326021,1615451,4.581491206854853
648531,289437,1326074,1615511,4.58156351814039
648575,289455,1326106,1615561,4.581389162391391
648720,289455,1326450,1615905,4.582577602736176
648753,289479,1326533,1616012,4.582484394377485
649080,289661,1327198,1616859,4.581900911755466
649097,289684,1327243,1616927,4.58169246489278
649131,289725,1327376,1617101,4.581503149538356
649162,289735,1327430,1617165,4.581531399382194
649191,289743,1327440,1617183,4.581439413549249
649231,289772,1327502,1617274,4.581194870449871
649249,289773,1327556,1617329,4.581365413616866
649261,289773,1327585,1617358,4.581465491954047
649282,289795,1327620,1617415,4.581238461671181
649295,289803,1327633,1617436,4.58115685482897
649297,289803,1327638,1617441,4.581174107928489
649301,289808,1327647,1617455,4.581126124882681
649311,289808,1327668,1617476,4.581198586650472
649357,289824,1327707,1617531,4.581080241801921
649374,289824,1327755,1617579,4.5812458595561445
649376,289824,1327757,1617581,4.581252760295904
649568,289913,1328128,1618041,4.581126061956518
649601,289921,1328170,1618091,4.581144518679227
650076,290207,1328920,1619127,4.579214147143246
650275,290360,1329279,1619639,4.578037608486017
650322,290360,1329454,1619814,4.578640308582449
650349,290362,1329528,1619890,4.578863625405528
650364,290377,1329553,1619930,4.578713190094256
652005,291103,1332968,1624071,4.579025293452833
652214,291185,1333514,1624699,4.5796109002867595
652346,291277,1333957,1625234,4.579685316726003
652356,291277,1333973,1625250,4.579740247256049
652382,291289,1334009,1625298,4.579675167960342
653274,291488,1336129,1627617,4.583821632451421
653294,291497,1336144,1627641,4.583731564990377
653370,291525,1336230,1627755,4.5835863133522
653382,291534,1336266,1627800,4.583568297351253
653724,291767,1336758,1628525,4.581594217303533
653731,291767,1336781,1628548,4.581673047328862
653734,291767,1336790,1628557,4.581703893860512
653741,291767,1336814,1628581,4.581786151278246
653752,291775,1336826,1628601,4.581701653671494
653767,291783,1336852,1628635,4.581665141560681
653775,291788,1336871,1628659,4.5816517471588964
653785,291788,1336898,1628686,4.581744280093766
653789,291791,1336903,1628694,4.581714309214472
653905,291841,1337524,1629365,4.583057212660319
653927,291845,1337555,1629400,4.583100618478987
653957,291863,1337620,1629483,4.58304067319256
653996,291884,1337691,1629575,4.582954187279879
654104,291963,1338047,1630010,4.582933453896556
654258,292036,1338439,1630475,4.583130162034817
654306,292051,1338585,1630636,4.583394681065978
654329,292084,1338635,1630719,4.5830480272798235
654405,292088,1341688,1633776,4.593437594149708
654891,292199,1341957,1634156,4.5926132532965545
654960,292253,1342114,1634367,4.59230187542985
655095,292263,1342355,1634618,4.592969346102654
655141,292300,1342461,1634761,4.592750598699966
655148,292300,1342481,1634781,4.592819021553199
655174,292314,1342546,1634860,4.592821418064137
655194,292324,1342567,1634891,4.592736142088915
655197,292324,1342575,1634899,4.592763508983183
655206,292334,1342598,1634932,4.592685079395486
655327,292415,1342820,1635235,4.592172084195407
655511,292415,1342822,1635237,4.592178923789819
655525,292421,1342866,1635287,4.592235167788907
655600,292464,1343089,1635553,4.592322473877127
655605,292464,1343100,1635564,4.592360085343837
655840,292627,1343628,1636255,4.59160637945234
655973,292696,1343730,1636426,4.590872441030967
656000,292708,1343787,1636495,4.590878964702024
656130,292709,1344172,1636881,4.59217858009149
656179,292729,1344287,1637016,4.592257685436017
656197,292737,1344338,1637075,4.59230640472506
656244,292765,1344436,1637201,4.592201936706915
656289,292792,1344524,1637316,4.592079018552419
656301,292792,1344553,1637345,4.592178064974453
656345,292811,1344638,1637449,4.592170376112919
656367,292833,1344679,1637512,4.591965386414783
656434,292873,1344831,1637704,4.591857221389476
656624,292994,1345106,1638100,4.590899472344144
656639,293000,1345122,1638122,4.590860068259386
656675,293018,1345203,1638221,4.59085448675508
656893,293114,1345719,1638833,4.591111308228198
656901,293114,1345719,1638833,4.591111308228198
656911,293114,1345739,1638853,4.591179541065934
656941,293133,1345805,1638938,4.591107108377426
657034,293147,1345883,1639030,4.591153926187203
657044,293147,1345903,1639050,4.591222151343865
657398,293314,1346972,1640286,4.592252671198784
657406,293314,1346993,1640307,4.592324266826677
657473,293380,1347269,1640649,4.592231917649465
657542,293388,1347446,1640834,4.592709994955485
657547,293388,1347446,1640834,4.592709994955485
657566,293411,1347469,1640880,4.592428368397913
657654,293454,1347593,1641047,4.592177990417579
657717,293480,1347691,1641171,4.592105083821726
657725,293480,1347713,1641193,4.5921800463404665
657737,293487,1347732,1641219,4.5921352564168085
657740,293489,1347735,1641224,4.592114184858717
657753,293499,1347754,1641253,4.592022460042453
657793,293513,1347843,1641356,4.592106652856943
657804,293522,1347855,1641377,4.592006732033715
657835,293530,1347893,1641423,4.592011038054032
657843,293530,1347913,1641443,4.592079174190031
657933,293530,1348349,1641879,4.593564541954826
657977,293556,1348446,1642002,4.593488124923353
657979,293556,1348456,1642012,4.593522189973974
658036,293556,1348713,1642269,4.594397661774925
658081,293559,1348813,1642372,4.594691356763036
658136,293568,1348831,1642399,4.594611810551559
658301,293649,1348998,1642647,4.593913141199187
658538,293842,1349827,1643669,4.593717031602018
658569,293856,1349888,1643744,4.59370576064467
658588,293866,1349911,1643777,4.593627707866851
658637,293866,1350020,1643886,4.593998625223741
658717,293885,1350104,1643989,4.593987444068258
658718,293885,1350106,1643991,4.593994249451316
658904,293903,1350816,1644719,4.596128654692194
658911,293907,1350825,1644732,4.5960967244740685
658931,293920,1350849,1644769,4.595975095264017
659065,293981,1350991,1644972,4.595504471377402
659286,293985,1351037,1645022,4.595598414885113
659318,294010,1351151,1645161,4.595595387911976
659668,294010,1351551,1645561,4.596955885854222
659699,294010,1351628,1645638,4.597217781708105
659714,294011,1351661,1645672,4.597314386196435
659820,294076,1352037,1646113,4.59757681687727
659923,294147,1352233,1646380,4.597133406086073
659935,294153,1352268,1646421,4.5971586215336915
660012,294204,1352355,1646559,4.5966574213810825
660124,294230,1352554,1646784,4.596927573666859
660147,294230,1352612,1646842,4.597124698365224
660188,294265,1352738,1647003,4.597006099943928
660254,294303,1352852,1647155,4.596799896705097
660342,294378,1353042,1647420,4.5962741780975485
660349,294389,1353056,1647445,4.596149992017365
660401,294402,1353185,1647587,4.596385214774356
660534,294488,1353456,1647944,4.595963163184917
660556,294503,1353488,1647991,4.595837733401697
660588,294516,1353557,1648073,4.595869154816716
661109,294802,1354404,1649206,4.594283620870957
661212,294822,1354565,1649387,4.594518048178223
661494,294822,1354892,1649714,4.595627192000597
661516,294823,1354914,1649737,4.595686225294498
661720,294962,1355264,1650226,4.594707114814789
661769,294987,1355361,1650348,4.594646543745996
661825,295003,1355396,1650399,4.594515987973003
661891,295050,1355509,1650559,4.5941670903236735
661921,295054,1355529,1650583,4.594172592135677
661948,295063,1355577,1650640,4.594195137987481
661965,295073,1355601,1650674,4.594120776892498
661983,295078,1355625,1650703,4.594124265448458
661985,295078,1355636,1650714,4.594161543727421
662120,295136,1355798,1650934,4.5938076005638075
662275,295235,1356062,1651297,4.593161379917692
662374,295283,1356236,1651519,4.5930039995529715
662511,295283,1356758,1652041,4.594771795193086
662545,295324,1356891,1652215,4.594584253226964
662563,295327,1356941,1652268,4.594706884233409
662585,295342,1356975,1652317,4.594588646382838
662626,295363,1357022,1652385,4.594421102169195
662669,295385,1357109,1652494,4.594373444826243
662727,295416,1357219,1652635,4.5942636824004115
662740,295423,1357245,1652668,4.59424283146539
663158,295624,1358152,1653776,4.5941872107812625
663312,295753,1358488,1654241,4.5933194253312735
663347,295775,1358548,1654323,4.59318062716592
663424,295802,1358666,1654468,4.5931602896532135
663493,295830,1358776,1654606,4.593097387012811
663517,295856,1358850,1654706,4.59294386458277
663570,295877,1358965,1654842,4.593006553398879
663577,295884,1358979,1654863,4.59294520825729
663588,295892,1358996,1654888,4.59287848268963
663725,295954,1359362,1655316,4.593152989991688
663772,295977,1359476,1655453,4.5931812269196595
663943,296026,1359871,1655897,4.593755278252586
664203,296145,1360572,1656717,4.594276452413514
664234,296171,1360702,1656873,4.594312069716481
664246,296180,1360738,1656918,4.594294010399081
664317,296236,1360884,1657120,4.593918362386746
664502,296333,1361249,1657582,4.5936463370599965
664508,296333,1361263,1657596,4.593693581207628
664784,296435,1361558,1657993,4.593108101270093
664832,296472,1361692,1658164,4.592986858792736
664842,296472,1361708,1658180,4.593040826789713
664914,296543,1361862,1658405,4.592460452615641
664934,296555,1361907,1658462,4.59242636273204
665000,296604,1362082,1658686,4.592257690388531
665021,296626,1362163,1658789,4.5921901653934585
665040,296639,1362189,1658828,4.5920765644436505
665049,296644,1362212,1658856,4.592076697994903
665062,296652,1362239,1658891,4.59204387632647
665098,296663,1362305,1658968,4.592096082086408
666040,297097,1363797,1660894,4.590409866137995
666052,297100,1363826,1660926,4.590461124200606
666078,297100,1363849,1660949,4.590538539212386
666085,297102,1363868,1660970,4.590571588208763
666099,297107,1363881,1660988,4.590538088971313
666136,297144,1363955,1661099,4.590215518401853
666147,297150,1363969,1661119,4.590169947837793
666214,297187,1364122,1661309,4.590113295669057
666260,297216,1364232,1661448,4.590035529715762
666269,297223,1364242,1661465,4.589961072999062
666345,297252,1364321,1661573,4.589779042697779
666411,297272,1364423,1661695,4.589813369573993
666450,297305,1364529,1661834,4.58966044970653
666485,297323,1364629,1661952,4.589718925209284
666517,297346,1364684,1662030,4.589548875720541
666580,297362,1364736,1662098,4.589476799322038
667065,297362,1364736,1662098,4.589476799322038
667573,297550,1365161,1662711,4.588005377247521
667618,297587,1365314,1662901,4.587949070355896
667694,297610,1365445,1663055,4.588034676254158
667751,297640,1365578,1663218,4.588019083456524
667763,297644,1365597,1663241,4.588021260297537
667779,297656,1365647,1663303,4.588004273389416
667780,297656,1365652,1663308,4.588021071303787
667787,297656,1365669,1663325,4.588078184212648
667806,297667,1365698,1663365,4.588006060463538
667858,297705,1365866,1663571,4.587984750004199
667865,297709,1365884,1663593,4.587983567846454
667914,297720,1365939,1663659,4.587998790810158
667936,297734,1365989,1663723,4.587950989809696
667999,297734,1366183,1663917,4.588602578140219
668027,297768,1366299,1664067,4.588468203433545
668085,297809,1366400,1664209,4.588175642777753
668095,297812,1366424,1664236,4.5882100116852245
668106,297812,1366434,1664246,4.588243589915786
670157,298769,1368737,1667506,4.581255083358715
670183,298789,1368822,1667611,4.581232910180763
670192,298791,1368831,1667622,4.5812323664367405
670199,298791,1368855,1667646,4.581312690141269
670300,298850,1369099,1667949,4.5812246946628745
670304,298850,1369104,1667954,4.58124142546428
670313,298850,1369130,1667980,4.581328425631588
670365,298870,1369182,1668052,4.581195837655168
670961,299313,1370329,1669642,4.578247520154487
670974,299322,1370372,1669694,4.57825351962101
671033,299362,1370563,1669925,4.578279808392515
671219,299459,1371074,1670533,4.578503234165612
671331,299515,1371276,1670791,4.5783216199522565
671337,299515,1371290,1670805,4.578368362185533
671440,299618,1371488,1671106,4.5774552930731796
671532,299657,1371570,1671227,4.5771331889460285
671591,299688,1371689,1671377,4.5770568057446415
671706,299749,1371952,1671701,4.577002758975009
671828,299750,1372274,1672024,4.578061718098415
671846,299755,1372324,1672079,4.57815215759537
672103,299921,1372873,1672794,4.577448728165083
672112,299928,1372890,1672818,4.577398575658158
672690,300144,1373638,1673782,4.576596566981182
672738,300156,1373713,1673869,4.5766634683298015
672743,300156,1373725,1673881,4.576703447540612
672935,300290,1374120,1674410,4.5759765559958705
672996,300311,1374216,1674527,4.575976237966641
673047,300342,1374364,1674706,4.575996697098641
673075,300354,1374405,1674759,4.575950378553307
673103,300380,1374453,1674833,4.57571409547906
673109,300380,1374471,1674851,4.575774019575205
673127,300397,1374507,1674904,4.5756349098026945
673177,300424,1374552,1674976,4.575373472159348
673685,300859,1375802,1676661,4.572912892750424
673690,300864,1377313,1678177,4.577859099127845
673699,300868,1377324,1678192,4.577834797984498
673706,300870,1377346,1678216,4.577877488616346
673715,300883,1377372,1678255,4.577766108420882
673813,300888,1377695,1678583,4.578763526627848
673851,300906,1377762,1678668,4.5787122888875595
673859,300914,1377784,1678698,4.57866367134796
673940,300945,1377855,1678800,4.578427951951353
673990,300995,1377962,1678957,4.578022890745693
674033,301003,1377980,1678983,4.57796101699983
674035,301003,1377982,1678985,4.577967661451879
674098,301005,1378203,1679208,4.578671450640355
674104,301005,1378217,1679222,4.578717961495657
674133,301016,1378266,1679282,4.578713423871156
674162,301029,1378318,1679347,4.578688432011534
674229,301080,1378572,1679652,4.578756476683938
674249,301110,1378631,1679741,4.578496230613397
674367,301205,1378919,1680124,4.578008333195
674514,301357,1379177,1680534,4.576555381159223
674516,301359,1379178,1680537,4.576528326680139
674608,301411,1379309,1680720,4.576173397785747
674615,301411,1379328,1680739,4.576236434635763
674652,301413,1379371,1680784,4.576348730811213
674687,301440,1379448,1680888,4.576194267515923
674973,301440,1379958,1681398,4.577886146496815
675021,301491,1380072,1681563,4.577489875319661
675024,301491,1380079,1681570,4.577513093259832
675101,301494,1380232,1681726,4.577975017744963
675128,301518,1380289,1681807,4.577799667018221
675219,301526,1380329,1681855,4.577810868714472
675246,301544,1380388,1681932,4.577733266123683
675560,301713,1380966,1682679,4.577084845532013
675633,301724,1381085,1682809,4.577312378199944
675651,301724,1381085,1682809,4.577312378199944
675659,301724,1381114,1682838,4.577408492529597
675680,301724,1381143,1682867,4.577504606859248
675822,301811,1381396,1683207,4.577023368929562
675887,301827,1381547,1683374,4.5772810252230585
676003,301882,1381756,1683638,4.577139412088167
676084,301964,1382038,1684002,4.576830350637825
676125,301987,1382105,1684092,4.576703632937842
676152,301987,1382167,1684154,4.576908939788799
676219,302000,1382210,1684210,4.576854304635762
676314,302075,1382546,1684621,4.576830257386411
676325,302082,1382554,1684636,4.576750683589224
676390,302083,1382821,1684904,4.577619395993816
676599,302237,1383541,1685778,4.577669180146706
676644,302259,1383618,1685877,4.577590741714887
676655,302283,1383645,1685928,4.577316620517859
676736,302320,1383837,1686157,4.577391505689336
676784,302327,1383849,1686176,4.57732521408938
676800,302335,1383864,1686199,4.577253708634462
676832,302354,1383964,1686318,4.5772968110228405
676873,302384,1384015,1686399,4.5770113498068685
677245,302512,1385203,1687715,4.5790018247210025
677267,302521,1385263,1687784,4.579063932751776
677302,302532,1385328,1687860,4.579112292253382
677339,302550,1385373,1687923,4.578988596926128
677366,302557,1385434,1687991,4.579084271724006
677398,302574,1385507,1688081,4.579068260987395
677445,302606,1385597,1688203,4.578881449806018
677496,302626,1385685,1688311,4.578869627857488
677528,302643,1385753,1688396,4.578837111712479
677679,302697,1386127,1688824,4.579255823480246
677684,302697,1386143,1688840,4.579308681618913
677699,302707,1386172,1688879,4.579253205244676
677742,302744,1386253,1688997,4.578961102449594
677829,302761,1386344,1689105,4.579004561353675
677853,302775,1386379,1689154,4.5789084303525724
677854,302775,1386384,1689159,4.578924944265544
677944,302841,1386570,1689411,4.578541214696821
677965,302843,1386581,1689424,4.578547300086183
686371,302871,1411729,1714600,4.661156069745865
686403,302889,1411771,1714660,4.661017732568697
686495,302957,1412000,1714957,4.660727429965308
686547,302995,1412070,1715065,4.66037393356326
686628,303044,1412210,1715254,4.660082364277135
686680,303074,1412335,1715409,4.66003352316596
686687,303074,1412358,1715432,4.6601094122227575
686695,303074,1412383,1715457,4.660191900327972
686729,303081,1412405,1715486,4.660156855758031
686837,303129,1412552,1715681,4.659903869309765
686925,303135,1412776,1715911,4.660550579774688
687113,303135,1413157,1716292,4.66180744552757
687201,303160,1413341,1716501,4.6620299511808945
687232,303175,1413408,1716583,4.662020285313763
687348,303218,1413608,1716826,4.662018745588982
687353,303220,1413615,1716835,4.6620110810632545
687431,303243,1413683,1716926,4.661881725217071
687525,303277,1413855,1717132,4.661926225859528
687616,303358,1413980,1717338,4.661093493496133
687675,303393,1414124,1717517,4.6610304126990405
687811,303462,1414368,1717830,4.660774660418768
687817,303465,1414379,1717844,4.66076483284728
687823,303466,1414388,1717854,4.660779131764349
687889,303490,1414436,1717926,4.660568717255923
687909,303508,1414488,1717996,4.660463645109849
696740,303519,1440968,1744487,4.747538045394193
696828,303537,1441284,1744821,4.748297571630476
696854,303537,1441393,1744930,4.74865667118012
696885,303563,1441461,1745024,4.748473957629883
696898,303579,1441493,1745072,4.748329100497728
696917,303587,1441528,1745115,4.748319262682526
696932,303604,1441560,1745164,4.748158785786749
696972,303627,1441597,1745224,4.747920968820296
697003,303653,1441698,1745351,4.747847049098807
697052,303670,1441776,1745446,4.747838113741891
697176,303726,1441929,1745655,4.747466466486241
697287,303791,1442222,1746013,4.747415163714527
697430,303846,1442428,1746274,4.747233796067745
697667,303884,1442628,1746512,4.747298311197694
697673,303884,1442642,1746526,4.747344381408696
697676,303886,1442646,1746532,4.747326299994077
697705,303902,1442717,1746619,4.747309988088265
697946,303984,1443107,1747091,4.747312358545186
697979,303984,1443189,1747173,4.747582109584715
697996,303994,1443206,1747200,4.747481858194569
698006,303994,1443222,1747216,4.747534490812319
698037,304010,1443264,1747274,4.747422782145324
698596,304324,1444533,1748857,4.746694312640475
698601,304324,1444533,1748857,4.746694312640475
698647,304324,1444565,1748889,4.746799463729446
698736,304371,1444711,1749082,4.746546155842705
698748,304371,1444726,1749097,4.746595437804522
698761,304374,1444759,1749133,4.74665707320599
698955,304402,1445211,1749613,4.747705337021439
698990,304422,1445277,1749699,4.747610225279382
699020,304443,1445351,1749794,4.747525809429023
699041,304443,1445380,1749823,4.747621065355419
699089,304465,1445479,1749944,4.74760317277848
699261,304515,1445903,1750418,4.748216015631414
699267,304515,1445917,1750432,4.7482619903781424
699328,304532,1446112,1750644,4.748637253227904
699684,304712,1446901,1751613,4.748421460264118
699695,304712,1446931,1751643,4.7485199138858984
699717,304728,1446962,1751690,4.74837231892048
699791,304781,1447141,1751922,4.748133905984953
699807,304786,1447180,1751966,4.748183971704737
699836,304799,1447265,1752064,4.748260328938087
699877,304814,1447346,1752160,4.748292401267658
699885,304814,1447368,1752182,4.748364576430216
699900,304825,1447395,1752220,4.74828180103338
699983,304843,1447555,1752398,4.748526290582365
700335,304971,1448362,1753333,4.749179430175328
700372,304992,1448506,1753498,4.749324572447802
700440,305021,1448600,1753621,4.749181203917107
700472,305049,1448665,1753714,4.748958364066101
700548,305088,1448819,1753907,4.748856067757499
700738,305200,1449323,1754523,4.748764744429882
702080,305862,1451957,1757819,4.747098364621953
702106,305872,1451997,1757869,4.7470739394256425
702409,306036,1452790,1758826,4.747121253708714
702429,306050,1452811,1758861,4.746972716876328
702503,306092,1453061,1759153,4.747138115337872
702514,306109,1453089,1759198,4.746965950037405
702974,306448,1454125,1760573,4.745095415861745
703001,306448,1454193,1760641,4.74531731321464
703730,306545,1454933,1761478,4.746229754195959
703802,306575,1455067,1761642,4.746202397455761
703848,306608,1455147,1761755,4.745952486562647
703928,306651,1455251,1761902,4.745626135248214
703960,306664,1455267,1761931,4.745477134583779
703967,306668,1455293,1761961,4.7455000195651325
704014,306683,1455628,1762311,4.746360248204172
704025,306684,1455657,1762341,4.746439331689948
704085,306755,1455793,1762548,4.745784094798781
704121,306785,1455851,1762636,4.745509069869779
704266,306785,1456287,1763072,4.746930260605962
704667,306953,1457505,1764458,4.748300228373725
704674,306957,1457512,1764469,4.74826115710018
704702,306958,1457571,1764529,4.748437897041289
704819,307051,1457795,1764846,4.747729204594677
704838,307076,1457849,1764925,4.747518529614818
704887,307087,1457915,1765002,4.747563394087018
705082,307108,1458366,1765474,4.748707295153497
705098,307114,1458425,1765539,4.748806632064966
705172,307177,1458646,1765823,4.7485521376926005
705191,307177,1458684,1765861,4.748675844871198
705241,307211,1458770,1765981,4.748430231990391
705242,307211,1458775,1765986,4.748446507449278
705259,307214,1458802,1766016,4.748488024634294
705264,307214,1458814,1766028,4.748527085354183
705273,307224,1458847,1766071,4.748479936463297
705361,307224,1459105,1766329,4.74931971460563
705383,307237,1459122,1766359,4.749174090360211
705411,307257,1459170,1766427,4.749021177711167
705431,307273,1459233,1766506,4.7489789210246265
705440,307277,1459243,1766520,4.748949644783046
705449,307278,1459272,1766550,4.749028566965419
705486,307288,1459314,1766602,4.749010700059879
705499,307291,1459324,1766615,4.74899687917967
705520,307291,1459381,1766672,4.749182371107517
705521,307291,1459386,1766677,4.749198642329258
705544,307302,1459455,1766757,4.749253177655857
705549,307305,1459466,1766771,4.749242609134248
705578,307322,1459523,1766845,4.749165370523425
705582,307328,1459528,1766856,4.749088921282799
705626,307397,1459570,1766967,4.748159546124393
705664,307414,1459640,1767054,4.7481246787719495
705673,307416,1459656,1767072,4.748145834959794
705843,307433,1459924,1767357,4.748755013287448
705920,307541,1460334,1767875,4.748420535798479
705937,307548,1460347,1767895,4.748354728367604
705950,307559,1460386,1767945,4.748311706046644
706080,307610,1460654,1768264,4.7483956958486395
706129,307621,1460707,1768328,4.748398191280829
707248,307750,1462622,1770372,4.752630381803412
707284,307761,1462660,1770421,4.7525839856252095
707334,307774,1462699,1770473,4.75250995860599
707372,307793,1462789,1770582,4.752508991432554
707395,307812,1462817,1770629,4.7523066027315375
707504,307865,1463009,1770874,4.752112127068683
707505,307865,1463011,1770876,4.7521186234226045
707627,307909,1463287,1771196,4.75233591743015
707894,307909,1464076,1771985,4.754898362827978
708158,308058,1464596,1772654,4.75428653045855
708197,308075,1464709,1772784,4.7543909762233225
708221,308092,1464760,1772852,4.75429417187074
708227,308092,1464774,1772866,4.754339612842917
708532,308267,1465317,1773584,4.753402083258993
708921,308301,1465447,1773748,4.753299535194501
708972,308340,1465505,1773845,4.752886424077317
709016,308381,1465631,1774012,4.752663101812368
709028,308394,1465652,1774046,4.752530853388847
709037,308394,1465674,1774068,4.752602190704099
709187,308396,1465886,1774282,4.753258797130962
709200,308396,1465893,1774289,4.753281495220431
709291,308396,1466113,1774509,4.753994863746612
709510,308410,1466208,1774618,4.75408709185824
709574,308426,1466315,1774741,4.754187390168144
709894,308541,1467140,1775681,4.755089275007212
709900,308544,1467160,1775704,4.7551078614395355
710023,308603,1467376,1775979,4.7548986886063975
710097,308638,1467512,1776150,4.7548001218255695
710188,308657,1467645,1776302,4.754938329602115
710194,308657,1467659,1776316,4.754983687394097
710196,308659,1467662,1776321,4.75496259626319
710858,309055,1471633,1780688,4.761718787918008
710941,309123,1471876,1780999,4.761457413392081
711026,309177,1472102,1781279,4.761356763277993
711032,309177,1472116,1781293,4.7614020447834084
711039,309177,1472139,1781316,4.761476435828021
711044,309179,1472142,1781321,4.761455338169798
711153,309258,1472373,1781631,4.760985972877015
711208,309271,1472414,1781685,4.76091841782773
711254,309292,1472482,1781774,4.760815022696998
711261,309292,1472505,1781797,4.760889386081761
711262,309292,1472510,1781802,4.76090555203497
711390,309409,1472732,1782141,4.75982275887256
711453,309418,1472905,1782323,4.760243424752277
711848,309591,1473390,1782981,4.759149975289979
712056,309725,1473760,1783485,4.758285575914117
712084,309751,1473823,1783574,4.758089562261301
712110,309772,1473860,1783632,4.757886445514766
712318,309843,1474276,1784119,4.758138799327401
712509,309943,1474697,1784640,4.7579619478420225
712522,309955,1474717,1784672,4.757842267425917
712670,310002,1474847,1784849,4.757540273933716
712670,310002,1474847,1784849,4.757540273933716
712732,310030,1474955,1784985,4.757458955584943
712742,310032,1474963,1784995,4.757454069257367
712872,310033,1475348,1785381,4.758680527556744
712896,310053,1475384,1785437,4.758489677571254
712952,310089,1475562,1785651,4.7585112661203715
712991,310114,1475604,1785718,4.758263090347421
713012,310127,1475645,1785772,4.758195835899486
713015,310127,1475649,1785776,4.758208733841297
713023,310127,1475671,1785798,4.758279672521257
713033,310132,1475680,1785812,4.758231978641352
713460,310372,1476329,1786701,4.756643640534584
713494,310372,1476377,1786749,4.756798293660511
713520,310382,1476440,1786822,4.756848013093543
713537,310389,1476482,1786871,4.756876049086791
713582,310399,1476556,1786955,4.756961201550263
713623,310414,1476901,1787315,4.757842751937734
713658,310429,1476951,1787380,4.757773919318105
713687,310439,1477055,1787494,4.757955669229704
713820,310527,1477380,1787907,4.757653923813388
714157,310746,1477969,1788715,4.756196379036255
714289,310819,1478269,1789088,4.756044514653222
714315,310819,1478353,1789172,4.756314768402189
714340,310835,1478434,1789269,4.756330529058825
714355,310840,1478443,1789283,4.756282975164072
714368,310848,1478464,1789312,4.756228124356599
714377,310848,1478486,1789334,4.756298898497015
714384,310848,1478503,1789351,4.756353587605518
714403,310848,1478543,1789391,4.75648226786082
714697,311011,1478998,1790009,4.755452379497831
714704,311011,1479014,1790025,4.755503824623567
714762,311047,1479151,1790198,4.755393879381573
714763,311047,1479156,1790203,4.755409954122689
714816,311115,1479238,1790353,4.7546341385018405
714819,311117,1479240,1790357,4.754610002024962
714835,311133,1479265,1790398,4.754445847917129
714905,311173,1479460,1790633,4.754461344653938
714912,311181,1479484,1790665,4.754416240066071
714936,311187,1479490,1790677,4.7543438511248866
714980,311207,1479554,1790761,4.754243959808102
715012,311225,1479612,1790837,4.754155353843682
715101,311275,1479958,1791233,4.754503252750783
715219,311322,1480096,1791418,4.754228740660795
715414,311401,1480494,1791895,4.754300724788938
715446,311422,1480529,1791951,4.754092517548536
715464,311427,1480552,1791979,4.754090043573615
715487,311449,1480580,1792029,4.753844128573218
715913,311841,1481316,1793157,4.750228481822467
716120,311877,1481390,1793267,4.749917435399212
716192,311894,1481463,1793357,4.749892591713851
716505,311894,1482249,1794143,4.75241267866647
716798,312031,1482657,1794688,4.751633651784599
716949,312138,1483000,1795138,4.751103678501176
717047,312138,1483313,1795451,4.752106440100212
717322,312320,1483812,1796132,4.7509349385245905
717339,312328,1483845,1796173,4.750918905765733
717398,312367,1483941,1796308,4.750633069434351
717434,312373,1484001,1796374,4.750733898256251
717472,312373,1484001,1796374,4.750733898256251
717504,312390,1484089,1796479,4.750757066487403
717903,312412,1484900,1797312,4.753018449995519
717997,312444,1485037,1797481,4.7529701322476985
718014,312457,1485061,1797518,4.752849192048826
718114,312510,1485713,1798223,4.7541294678570285
718145,312510,1485816,1798326,4.754459057310166
718156,312516,1485840,1798356,4.754444572437891
718161,312520,1485875,1798395,4.754495712274414
718283,312587,1486120,1798707,4.75426041390077
718293,312587,1486142,1798729,4.754330794306865
718299,312587,1486156,1798743,4.7543755818380165
718323,312597,1486212,1798809,4.754402633422585
718333,312597,1486234,1798831,4.754473011577207
719482,313221,1488263,1801484,4.751478987679626
719496,313229,1488295,1801524,4.751459794591177
719502,313231,1488298,1801529,4.751439033812106
719642,313363,1488429,1801792,4.749855598778414
720339,313363,1490324,1803687,4.75590289855535
720385,313390,1490416,1803806,4.755786719423083
720540,313492,1490859,1804351,4.755652456841004
720764,313639,1491496,1805135,4.755454519367809
720774,313642,1491504,1805146,4.755434540016962
720799,313646,1491548,1805194,4.755514178404954
720816,313648,1491576,1805224,4.755573126562261
720823,313655,1491594,1805249,4.7555243818845545
720874,313674,1491724,1805398,4.75565077118282
720898,313674,1491830,1805504,4.7559887016456575
720904,313674,1491848,1805522,4.756046086063876
720915,313675,1491885,1805560,4.756148880210409
720945,313687,1491925,1805612,4.756094450837937
720955,313696,1491936,1805632,4.755993063347955
721039,313723,1492029,1805752,4.755880187298986
721129,313777,1492159,1805936,4.75547602278051
721138,313779,1492175,1805954,4.755496703093579
721201,313801,1492208,1806009,4.755268466321012
721239,313824,1492255,1806079,4.755069720607729
721254,313837,1492271,1806108,4.7549237342951916
721291,313868,1492371,1806239,4.754772706997846
721423,313910,1492759,1806669,4.75537255901373
721438,313918,1492782,1806700,4.755324638918443
721502,313932,1492881,1806813,4.755427927067008
721504,313932,1492883,1806815,4.755434297873425
721519,313932,1492919,1806851,4.755548972388925
721571,313964,1493048,1807012,4.755475150017199
721585,313964,1493088,1807052,4.755602553158961
721685,313991,1493180,1807171,4.755486622228026
721730,314010,1493244,1807254,4.755402694181714
721796,314037,1493351,1807388,4.755334562487859
721820,314057,1493385,1807442,4.755139990511276
721857,314068,1493419,1807487,4.755081702051785
721894,314073,1493450,1807523,4.755104704957128
721908,314084,1493482,1807566,4.755040052979457
722010,314132,1493662,1807794,4.7548864808424485
722035,314132,1493740,1807872,4.755134784103498
722044,314138,1493762,1807900,4.7551139944865
722050,314138,1493776,1807914,4.755158560887254
722156,314211,1494068,1808279,4.754983116440863
722163,314216,1494082,1808298,4.754952007536217
722172,314221,1494105,1808326,4.754949541882942
722522,314416,1494621,1809037,4.7536416721795325
722663,314520,1494939,1809459,4.753080885158337
722710,314557,1495061,1809618,4.752909647536058
723699,314946,1497995,1812941,4.75635505769243
723780,315019,1498143,1813162,4.755722670696053
724127,315020,1499142,1814162,4.758878801345946
724165,315035,1499164,1814199,4.758722046756709
724249,315107,1499567,1814674,4.758913638859181
724494,315227,1500219,1815446,4.759170375634067
724516,315229,1500223,1815452,4.7591528698184495
724563,315249,1500322,1815571,4.759164977525702
724662,315249,1500322,1815571,4.759164977525702
724753,315252,1500419,1815671,4.759427378731935
724756,315252,1500424,1815676,4.759443239059546
724788,315261,1500483,1815744,4.759494514069295
724794,315264,1500494,1815758,4.759484114900528
724798,315266,1500498,1815764,4.7594666091491
724809,315274,1500502,1815776,4.759358526234323
724939,315274,1500888,1816162,4.760582858085348
724946,315277,1500893,1816170,4.760553418105348
725086,315320,1501245,1816565,4.76102055055182
725123,315336,1501277,1816613,4.760880457670548
725383,315336,1501595,1816931,4.761888905802065
725492,315343,1501943,1817286,4.762886761399492
725563,315344,1502016,1817360,4.763103150844792
725585,315357,1502068,1817425,4.76307169335071
725615,315375,1502143,1817518,4.763037653586999
725664,315390,1502235,1817625,4.763102825073719
725707,315413,1502318,1817731,4.763018645395086
725738,315436,1502355,1817791,4.762788648093433
725756,315447,1502373,1817820,4.762679626054456
726044,315447,1502940,1818387,4.764477075388259
726055,315448,1502968,1818416,4.764550734193908
726133,315525,1503397,1818922,4.764747642817526
726136,315526,1503403,1818929,4.7647515577163215
726196,315550,1503507,1819057,4.764718745048328
726218,315559,1503565,1819124,4.764766652194994
726273,315587,1503641,1819228,4.764584726240308
726301,315597,1503679,1819276,4.764554162428667
726308,315597,1503698,1819295,4.764614365789282
726386,315643,1503872,1819515,4.764471253916608
726411,315643,1503934,1819577,4.764667678358145
726438,315649,1503996,1819645,4.764773530091969
726454,315651,1504011,1819662,4.764790860792457
726523,315744,1504294,1820038,4.764283723522854
726566,315762,1504418,1820180,4.764404836554114
726743,315817,1504630,1820447,4.764246383190265
726780,315842,1504692,1820534,4.764065577092343
727258,316080,1505902,1821982,4.7643065046823585
727357,316115,1506113,1822228,4.764446483083688
727373,316128,1506148,1822276,4.764361271383743
727374,316128,1506153,1822281,4.764377087761919
727616,316283,1506810,1823093,4.76411947528005
727656,316317,1506923,1823240,4.7639646304182195
727709,316345,1507060,1823405,4.763976038818378
727805,316374,1507150,1823524,4.763823828759633
727829,316386,1507177,1823563,4.76372848356122
727838,316391,1507191,1823582,4.763697450306741
727846,316391,1507216,1823607,4.763776466460803
727930,316454,1507357,1823811,4.76327365114677
727937,316454,1507373,1823827,4.763324211417773
727942,316457,1507382,1823839,4.76330749517312
728127,316530,1507875,1824405,4.7637664676334
728163,316552,1507943,1824495,4.763650205969319
728835,316924,1510284,1827208,4.765445343363077
728894,316979,1510438,1827417,4.765104312904009
728920,316997,1510475,1827472,4.764950456944388
729014,316997,1510627,1827624,4.7654299567503795
729059,317013,1510649,1827662,4.765258837965636
729310,317212,1511135,1828347,4.763801495529804
729322,317218,1511175,1828393,4.763837487153944
729445,317218,1511540,1828758,4.7649881154285065
729465,317218,1511564,1828782,4.765063773178067
729501,317235,1511612,1828847,4.764959730168487
729519,317257,1511674,1828931,4.764824731999609
729696,317360,1511984,1829344,4.764255104613058
729761,317396,1512184,1829580,4.76434485626788
729869,317408,1512563,1829971,4.76535878112713
729978,317432,1512982,1830414,4.76631845560624
730143,317545,1513248,1830793,4.765460013541388
730152,317545,1513248,1830793,4.765460013541388
730170,317559,1513304,1830863,4.765426267244827
730353,317668,1513772,1831440,4.765264364053037
730364,317668,1513782,1831450,4.765295843459209
730369,317670,1513788,1831458,4.765284729436208
730506,317768,1514145,1831913,4.764938571536467
730517,317775,1514167,1831942,4.764902840059791
730843,318001,1514881,1832882,4.763761749176889
730854,318001,1514911,1832912,4.763856088502866
730955,318057,1515041,1833098,4.763426052562905
731020,318057,1515162,1833219,4.763806487516389
731073,318094,1515246,1833340,4.763516444824486
731115,318118,1515279,1833397,4.763260802595263
731236,318161,1515417,1833578,4.7630507824654815
731269,318161,1515466,1833627,4.76320479254214
731371,318213,1515726,1833939,4.763243487852476
731505,318286,1516217,1834503,4.763693659161886
731553,318310,1516286,1834596,4.763551255065816
731793,318412,1516598,1835010,4.763005163121993
731822,318430,1516645,1835075,4.762883522281192
731826,318430,1516655,1835085,4.762914926357441
731844,318445,1516701,1835146,4.762835026456688
731910,318463,1516816,1835279,4.762926933427117
731927,318471,1516866,1835337,4.762964288742146
732088,318480,1517781,1836261,4.76570271288621
732913,318662,1518628,1837290,4.765638827346844
733097,318775,1519155,1837930,4.765602697827622
733102,318776,1519161,1837937,4.76560657013075
733276,318776,1519673,1838449,4.767212713629633
733301,318800,1519708,1838508,4.766963613550816
733833,319021,1520771,1839792,4.76699339541911
733842,319023,1520787,1839810,4.767013663591653
733844,319023,1520798,1839821,4.767048143864235
733867,319036,1520821,1839857,4.7669259895435
733986,319088,1521313,1840401,4.767691044476758
734029,319100,1521331,1840431,4.767568160451269
734232,319218,1521676,1840894,4.766886579077621
734259,319249,1521731,1840980,4.766595979940423
734267,319253,1521731,1840984,4.7665362580774495
734287,319269,1521783,1841052,4.7664602576510715
734718,319269,1523253,1842522,4.771064525525497
734732,319276,1523283,1842559,4.771053884413486
735463,319288,1524115,1843403,4.773480368820626
735484,319296,1524141,1843437,4.773442197835237
735495,319303,1524164,1843467,4.773409582747422
735666,319303,1524508,1843811,4.7744869293429755
735806,319351,1524705,1844056,4.774386176965158
735878,319380,1524836,1844216,4.77436282797921
735892,319387,1524857,1844244,4.774323939296214
735926,319397,1524909,1844306,4.774337266787102
735936,319397,1524925,1844322,4.774387361183731
736130,319522,1525178,1844700,4.77331138387967
736168,319548,1525230,1844778,4.773085733598708
736169,319548,1525235,1844783,4.773101380700239
736431,319728,1525862,1845590,4.772375268978632
736835,320180,1527663,1847843,4.771263039540258
736860,320198,1527732,1847930,4.7712103136184485
736882,320222,1527776,1847998,4.770990125600365
736891,320225,1527802,1848027,4.771026621906472
736941,320255,1527913,1848168,4.770926293110178
737134,320255,1528007,1848262,4.771219809214532
737135,320255,1528009,1848264,4.771226054238029
737158,320255,1528061,1848316,4.771388424848949
737220,320255,1528078,1848333,4.771441507548672
737445,320360,1528354,1848714,4.77073916843551
737445,320360,1528354,1848714,4.77073916843551
737473,320377,1528386,1848763,4.77058590348246
737546,320386,1528747,1849133,4.771578658243493
737629,320386,1528997,1849383,4.772358966996061
737674,320432,1529124,1849556,4.772070205222949
737712,320432,1529313,1849745,4.772660033954162
737806,320473,1529467,1849940,4.772529979124607
737848,320495,1529574,1850069,4.772536233014556
737861,320500,1529608,1850108,4.772567862714508
737891,320511,1529688,1850199,4.772653668672838
737905,320517,1529714,1850231,4.772645444703401
738946,320938,1532553,1853491,4.775230729922914
738990,320946,1532602,1853548,4.775264374692316
739046,320999,1532764,1853763,4.774980607416222
739095,321019,1532923,1853942,4.775178416230815
739100,321019,1532923,1853942,4.775178416230815
739124,321019,1532953,1853972,4.775271868643289
739164,321027,1533007,1854034,4.7753210789123655
739241,321072,1533137,1854209,4.775056685104898
739269,321072,1533204,1854276,4.775265361040514
739272,321072,1533206,1854278,4.77527159017292
739292,321081,1533239,1854320,4.775240515633127
739332,321098,1533342,1854440,4.7753084728026955
739353,321131,1533392,1854523,4.7749734532013415
739358,321133,1533405,1854538,4.774984196578988
739369,321157,1533432,1854589,4.774711433971547
739392,321165,1533520,1854685,4.774866501642458
739438,321202,1533600,1854802,4.774565538197147
739448,321202,1533616,1854818,4.774615351087478
739520,321241,1533790,1855031,4.774577342244608
739789,321316,1534184,1855500,4.774689091112799
739815,321350,1534259,1855609,4.774417302007158
740807,321713,1535723,1857436,4.773580800278509
740833,321727,1535772,1857499,4.773525380213659
741058,321856,1536421,1858277,4.773628579240405
741111,321885,1536589,1858474,4.773720428103204
741198,321937,1536771,1858708,4.773514693868676
741273,321981,1536975,1858956,4.773495951624475
741386,322059,1537267,1859326,4.773246516942548
741511,322073,1537407,1859480,4.773473715586218
741539,322075,1537446,1859521,4.773565163393619
741553,322090,1537491,1859581,4.7734825669843834
741574,322099,1537550,1859649,4.773532361168461
741594,322099,1537571,1859670,4.773597558514618
741754,322222,1537937,1860159,4.772911222697395
741775,322222,1537978,1860200,4.773038464164458
741795,322230,1538002,1860232,4.7729944449616735
741796,322230,1538007,1860237,4.773009961828508
741813,322236,1538016,1860252,4.772949018731613
741924,322256,1538059,1860315,4.772786232063949
741971,322310,1538162,1860472,4.772306164872328
741974,322316,1538171,1860487,4.7722452500031025
742048,322354,1538364,1860718,4.772281404915093
742087,322389,1538501,1860890,4.77218825704351
742124,322414,1538563,1860977,4.77201052063496
742152,322419,1538600,1861019,4.772051274893849
742216,322434,1538958,1861392,4.77293957833231
742274,322497,1539065,1861562,4.772338967494271
742297,322506,1539104,1861610,4.772326716402175
742675,322653,1539797,1862450,4.772300273048756
742727,322663,1539832,1862495,4.772260841807086
743046,322891,1540388,1863279,4.7706129932392045
743055,322904,1540425,1863329,4.770535515199564
743082,322914,1540486,1863400,4.7705766860526335
743094,322916,1540491,1863407,4.770562623097028
743134,322935,1540555,1863490,4.770480127579853
743487,322995,1541318,1864313,4.771956222232542
743518,323011,1541357,1864368,4.771840587472253
743525,323011,1541374,1864385,4.771893217258855
743564,323026,1541420,1864446,4.771814033545287
743573,323026,1541441,1864467,4.771879043792141
743577,323027,1541457,1864484,4.771913802870968
743588,323027,1541508,1864535,4.772071684410282
744110,323487,1543258,1866745,4.770695576638319
744186,323502,1543387,1866889,4.770873132159925
744248,323532,1543511,1867043,4.770814015306059
744292,323551,1543602,1867153,4.770815111064407
744373,323605,1543729,1867334,4.770411458413807
745489,324011,1545160,1869171,4.76885044026283
745511,324023,1545185,1869208,4.768750983726464
745517,324023,1545199,1869222,4.768794190535857
745524,324023,1545214,1869237,4.7688404835459215
745535,324023,1545226,1869249,4.768877517953972
745537,324023,1545237,1869260,4.768911466161352
745553,324029,1545269,1869298,4.768921917482694
746477,324029,1545269,1869298,4.768921917482694
746508,324037,1545308,1869345,4.768924536395535
746647,324133,1545779,1869912,4.768965208726048
747081,324141,1546537,1870678,4.771185996217695
747094,324163,1546557,1870720,4.77092388705682
747102,324168,1546573,1870741,4.770899656967992
747120,324187,1546630,1870817,4.770795867817031
747216,324230,1546804,1871034,4.77069981186195
747261,324252,1546900,1871152,4.770672193232424
747267,324252,1546914,1871166,4.770715369527404
747373,324307,1547172,1871479,4.770701834989686
747429,324329,1547250,1871579,4.7706187235800686
747822,324471,1547646,1872117,4.769751379938423
747846,324478,1547671,1872149,4.7697255283871325
747873,324492,1547712,1872204,4.769646092969935
748354,324703,1548708,1873411,4.769614078095983
748384,324723,1548757,1873480,4.769471210847399
748413,324744,1548866,1873610,4.769498435690883
748421,324744,1548891,1873635,4.769575419407287
748427,324744,1548909,1873653,4.769630847683098
748440,324758,1548965,1873723,4.769597669649401
748447,324761,1548987,1873748,4.76962135231755
748550,324772,1549331,1874103,4.770519010259505
748558,324772,1549351,1874123,4.770580591922949
748593,324799,1549395,1874194,4.770319489899907
748659,324836,1549579,1874415,4.7703425728675395
748682,324855,1549623,1874478,4.770199011866833
748718,324878,1549703,1874581,4.770107548064196
748732,324885,1549738,1874623,4.77011250134663
748759,324903,1549773,1874676,4.769955956085354
748888,325007,1550064,1875071,4.7693249683852965
749176,325210,1551032,1876242,4.769324436517942
749206,325224,1551084,1876308,4.769279019998524
749236,325246,1551122,1876368,4.769073255320588
749242,325246,1551140,1876386,4.7691285980457865
749253,325254,1551162,1876416,4.769078935232157
749260,325254,1551185,1876439,4.769149649197243
749302,325271,1551287,1876558,4.7692139784979295
749339,325318,1551409,1876727,4.768899968646063
749833,325318,1552490,1877808,4.7722228711599115
749865,325324,1552552,1877876,4.772325435565774
749939,325373,1552649,1878022,4.771904859960722
750806,325429,1553752,1879181,4.774473080149587
750930,325544,1554008,1879552,4.773572850367385
750931,325544,1554013,1879557,4.7735882092743225
751166,325616,1554655,1880271,4.774504324111837
751170,325618,1554666,1880284,4.774508780227137
751235,325637,1554749,1880386,4.774485086154215
751414,325764,1555071,1880835,4.773612185508528
751435,325778,1555114,1880892,4.773539035785105
751474,325803,1555204,1881007,4.7734489860437135
751568,325844,1555390,1881234,4.77341918218534
751583,325852,1555434,1881286,4.773437020487829
751627,325871,1555591,1881462,4.773640489641607
751659,325895,1555665,1881560,4.773516009757744
751755,325895,1556086,1881981,4.774807836879977
751798,325918,1556207,1882125,4.774842138206543
751823,325928,1556255,1882183,4.774842910090572
751866,325938,1556303,1882241,4.774843681927238
752116,326033,1556756,1882789,4.774841810491576
752124,326033,1556774,1882807,4.774897019626848
752145,326039,1556829,1882868,4.774977840074347
752280,326102,1557070,1883172,4.774794389485498
752423,326102,1557638,1883740,4.776536175797757
752460,326124,1557733,1883857,4.776505255669623
752711,326201,1558211,1884412,4.776843112068939
752731,326221,1558288,1884509,4.776786289049448
752745,326225,1558318,1884543,4.77681967966894
752779,326236,1558365,1884601,4.776802682720485
754498,326452,1575432,1901884,4.825922340803548
754504,326456,1575441,1901897,4.825890778542897
754538,326470,1575522,1901992,4.8259319386161055
754567,326482,1575584,1902066,4.825944462481852
754577,326487,1575603,1902090,4.825928750608753
754578,326487,1575605,1902092,4.825934876426933
754587,326489,1575621,1902110,4.825954320053662
754899,326686,1576003,1902689,4.824213464917382
755001,326762,1576200,1902962,4.823694309619846
755020,326784,1576278,1903062,4.823608254994125
755449,326885,1576512,1903397,4.822833718280129
755882,327175,1577793,1904968,4.8224742110491325
756552,327549,1578816,1906365,4.8200910398138905
756667,327663,1579094,1906757,4.819262473944266
756722,327667,1579132,1906799,4.819319614120433
756856,327736,1579495,1907231,4.819412575975785
756935,327769,1579682,1907451,4.819497878078769
757235,327906,1580456,1908362,4.819844711594176
757309,327920,1580586,1908506,4.820035374481581
757676,328111,1581376,1909487,4.819637256903913
757681,328111,1581388,1909499,4.819673829892933
757721,328123,1581433,1909556,4.819634710154424
757743,328137,1581464,1909601,4.819523552662455
758781,328438,1582489,1910927,4.818227488902015
758792,328446,1582495,1910941,4.818128398579979
758812,328476,1582556,1911032,4.817874060814185
759168,328739,1583342,1912081,4.816410587122307
759324,328813,1583563,1912376,4.815998759173147
759331,328813,1583583,1912396,4.8160595840188805
759359,328828,1583640,1912468,4.816013234882674
759375,328834,1583660,1912494,4.815986181477585
759384,328836,1583675,1912511,4.816002505808367
759402,328836,1583713,1912549,4.816118064932064
759435,328855,1583759,1912614,4.815979687096137
759445,328856,1583785,1912641,4.816044104410441
759474,328868,1583819,1912687,4.8159717576656895
761343,328868,1587826,1916694,4.828155977474245
761350,328874,1587832,1916706,4.828086136331847
761359,328878,1587841,1916719,4.828054780192047
761381,328889,1587870,1916759,4.827981477033285
761386,328890,1587876,1916766,4.827985040591079
761395,328896,1587896,1916792,4.82795777388597
761402,328898,1587902,1916800,4.827946658234468
761423,328909,1587932,1916841,4.827876403503705
761462,328909,1588048,1916957,4.828229084640433
761517,328913,1588086,1916999,4.82828589931076
761583,328980,1588233,1917213,4.8277494072588
761752,329013,1588481,1917494,4.828018953658366
761953,329036,1588633,1917669,4.828143425035559
761970,329046,1588674,1917720,4.828121296110575
762057,329080,1588878,1917958,4.828242372675337
762098,329102,1588922,1918024,4.828053308700646
762136,329135,1589024,1918159,4.827879137739833
762513,329296,1590080,1919376,4.82872552354113
762634,329393,1590355,1919748,4.8281384243138135
762720,329443,1590499,1919942,4.82784275276755
762729,329443,1590531,1919974,4.827939886414342
762758,329451,1590582,1920033,4.827977453399747
763291,329662,1591790,1921452,4.828551668072147
763304,329669,1591810,1921479,4.8285098083228934
764768,329673,1593892,1923565,4.834766571724102
767083,330423,1596168,1926591,4.830680672955575
767178,330423,1596271,1926694,4.830992394597229
767224,330423,1596360,1926783,4.831261746307007
767252,330456,1596472,1926928,4.831118212409519
767274,330481,1596521,1927002,4.830901020028383
767283,330486,1596538,1927024,4.83087937159214
767413,330486,1596857,1927343,4.831844616715988
767456,330514,1596931,1927445,4.831659173287667
767482,330533,1596979,1927512,4.831526655432286
767494,330550,1597004,1927554,4.831353804265618
767497,330553,1597013,1927566,4.831337183447133
767501,330553,1597018,1927571,4.831352309614495
767528,330569,1597061,1927630,4.831248544176859
767872,330765,1597630,1928395,4.830105966471664
767965,330810,1597864,1928674,4.830156283062785
767985,330823,1597904,1928727,4.8300873881199315
768072,330865,1598242,1929107,4.8304958215586415
768092,330865,1598263,1929128,4.830559291553957
768126,330877,1598319,1929196,4.830553347618602
768193,330913,1598472,1929385,4.830490189264248
768277,330976,1598666,1929642,4.830156869380257
768299,331006,1598730,1929736,4.829912448716942
768317,331006,1598740,1929746,4.829942659649674
768337,331020,1598815,1929835,4.829964956800193
768839,331333,1599525,1930858,4.827545098133902
768840,331333,1599530,1930863,4.827560188692343
768848,331333,1599553,1930886,4.827629605261173
768850,331334,1599557,1930891,4.827627107390126
769048,331406,1599954,1931360,4.8277762019999635
769162,331463,1600139,1931602,4.827504125649017
769538,331657,1601271,1932928,4.82809348212159
769541,331659,1601275,1932934,4.8280764278973285
769640,331722,1601420,1933142,4.8275966019739425
769665,331755,1601495,1933250,4.827342466579252
769718,331782,1601546,1933328,4.827103338939424
769745,331804,1601608,1933412,4.826970138997722
769759,331818,1601628,1933446,4.8268267544256185
769880,331854,1602017,1933871,4.8274753355391224
769934,331861,1602149,1934010,4.827771265680511
769969,331876,1602209,1934085,4.827733852402704
770250,332029,1602801,1934830,4.8272921943565175
770495,332045,1603103,1935148,4.827969100573718
770531,332079,1603188,1935267,4.827730750815318
770571,332104,1603224,1935328,4.827475730494062
770632,332135,1603307,1935442,4.827275053818477
770656,332145,1603335,1935480,4.827214017974078
770671,332159,1603409,1935568,4.827233343067627
770719,332190,1603487,1935677,4.827017670610193
770766,332235,1603613,1935848,4.826743118575707
770781,332235,1603656,1935891,4.826872545035894
770814,332256,1603705,1935961,4.82671494269479
770821,332256,1603728,1935984,4.826784166425888
770852,332261,1603764,1936025,4.82681987955252
770905,332264,1603847,1936111,4.827026099727927
770937,332292,1603911,1936203,4.826811960564805
771162,332424,1604443,1936867,4.826495680215628
771286,332488,1604701,1937189,4.826342604845889
771357,332552,1604764,1937316,4.82560321393346
771360,332552,1604769,1937321,4.825618249176069
771366,332552,1604783,1937335,4.825660347855373
771396,332575,1604881,1937456,4.825621288431181
771434,332591,1605008,1937599,4.825770991999182
771464,332605,1605071,1937676,4.825757279656049
771483,332615,1605115,1937730,4.8257444793530055
771536,332636,1605170,1937806,4.825605166007287
771604,332647,1605264,1937911,4.825728174310906
771754,332737,1605672,1938409,4.825649086215239
771832,332789,1605825,1938614,4.825354804395578
771844,332801,1605854,1938655,4.8252679529208145
771850,332801,1605868,1938669,4.825310020102103
772019,332913,1606302,1939215,4.824990312784421
772305,332913,1606812,1939725,4.826522244550378
772342,332932,1606869,1939801,4.826418007280766
772372,332951,1606887,1939838,4.826196647554745
772384,332961,1606929,1939890,4.826177840648004
772495,332961,1607144,1940105,4.826823561918663
773807,332976,1610428,1943404,4.83646869444044
774424,333039,1611278,1944317,4.838106047640066
774430,333039,1611292,1944331,4.838148084758842
774485,333057,1611495,1944552,4.838496113277907
774528,333082,1611597,1944679,4.83843918314409
774653,333127,1611789,1944916,4.838361946044602
774654,333127,1611794,1944921,4.838376955335352
774670,333127,1611819,1944946,4.838452001789108
774816,333171,1612124,1945295,4.83872846076039
774840,333186,1612192,1945378,4.838714711902661
774890,333219,1612290,1945509,4.838529615658171
775020,333240,1612496,1945736,4.838842876005281
775065,333274,1612590,1945864,4.8386312763671935
775123,333303,1612713,1946016,4.838579310717275
775321,333390,1612980,1946370,4.838117520021596
775337,333390,1613006,1946396,4.83819550676385
775345,333400,1613026,1946426,4.838110377924415
775360,333406,1613065,1946471,4.838140285417779
775391,333436,1613183,1946619,4.838058877865618
775439,333453,1613338,1946791,4.8382770585359856
776583,333453,1613338,1946791,4.8382770585359856
777511,333666,1614976,1948642,4.840097582612553
777513,333666,1614987,1948653,4.840130549711388
778070,333810,1616434,1950244,4.842377400317546
778079,333813,1616460,1950273,4.842411769463742
778080,333813,1616463,1950276,4.842420756531351
778087,333813,1616487,1950300,4.842492653072229
778127,333836,1616510,1950346,4.842227920296193
778150,333847,1616534,1950381,4.842140261856479
778157,333847,1616551,1950398,4.842191183386402
778162,333847,1616571,1950418,4.842251091068663
778492,333988,1617082,1951070,4.841736828868103
778499,333988,1617105,1951093,4.841805693617735
778522,334005,1617150,1951155,4.841693986616967
778608,334015,1617225,1951240,4.841773573043127
779055,334138,1618141,1952279,4.842732643398835
779074,334138,1618184,1952322,4.842861332742759
779079,334141,1618195,1952336,4.842850772578044
779224,334239,1618427,1952666,4.842124946520304
779446,334417,1619344,1953761,4.842289716132852
779509,334435,1619527,1953962,4.84257628537683
779849,334655,1620458,1955113,4.842174777009158
779855,334655,1620476,1955131,4.842228563744752
779864,334655,1620496,1955151,4.8422883267843
779894,334664,1620563,1955227,4.842358305643869
779908,334664,1620599,1955263,4.842465876222121
779909,334664,1620604,1955268,4.842480816580212
780006,334664,1620673,1955337,4.842686993521861
780019,334679,1620688,1955367,4.84251476788206
780042,334695,1620754,1955449,4.842480467291116
780083,334716,1620829,1955545,4.842400721805949
780103,334724,1620889,1955613,4.842464239194082
780128,334731,1620917,1955648,4.842446621316818
780180,334783,1621046,1955829,4.842079794971668
780282,334847,1621333,1956180,4.842011426114016
780313,334856,1621356,1956212,4.841949972525503
780353,334896,1621426,1956322,4.841580669819884
780914,335298,1623462,1958760,4.841848147021455
780992,335361,1623550,1958911,4.841200974472285
781136,335462,1623822,1959284,4.840554220746314
781235,335480,1624027,1959507,4.840905568141171
781322,335518,1624184,1959702,4.840825231433187
781443,335546,1624352,1959898,4.840921960029325
781653,335670,1624964,1960634,4.840956892185778
781662,335673,1624978,1960651,4.840955334507095
781667,335673,1624990,1960663,4.8409910835843215
781683,335678,1625021,1960699,4.841011326330591
781685,335678,1625032,1960710,4.841044095829933
781777,335731,1625339,1961070,4.8411942894758
781881,335819,1625624,1961443,4.840774345704085
781914,335832,1625685,1961517,4.840768598585007
781948,335844,1625722,1961566,4.840705803885137
782167,335958,1626307,1962265,4.84080450532507
782211,335981,1626424,1962405,4.840821355969534
782219,335981,1626442,1962423,4.8408749304276135
782251,336003,1626485,1962488,4.840685946256432
783111,336325,1627848,1964173,4.840104066007582
783185,336352,1628015,1964367,4.840212039767862
783256,336383,1628119,1964502,4.840075152430414
783267,336392,1628136,1964528,4.8399961949154555
783277,336399,1628174,1964573,4.840008442355655
783283,336399,1628188,1964587,4.840050059601841
783310,336420,1628247,1964667,4.83992331014803
783931,336420,1628980,1965400,4.842102134236966
784201,336455,1629501,1965956,4.843146929009823
784317,336499,1629699,1966198,4.843102059738662
784344,336512,1629726,1966238,4.842995197793838
784356,336514,1629763,1966277,4.843076365322097
784687,336568,1629941,1966509,4.842828195193839
784711,336574,1630000,1966574,4.842917159376541
784953,336574,1630173,1966747,4.843431162240696
785007,336591,1630221,1966812,4.84332914427302
785025,336598,1630250,1966848,4.843314577032543
785144,336653,1630624,1967277,4.843634246538721
785231,336703,1630816,1967519,4.843485208032004
785269,336731,1630909,1967640,4.84335864532817
785399,336732,1631294,1968026,4.844487604385684
785448,336745,1631313,1968058,4.844357006043149
785456,336745,1631345,1968090,4.844452033437764
786081,336753,1633914,1970667,4.851965684047358
786271,336853,1634322,1971175,4.85173651414712
786279,336853,1634339,1971192,4.851786981264825
786473,336914,1634655,1971569,4.851846465270069
786544,336929,1634717,1971646,4.851814477234076
786643,336999,1635003,1972002,4.851655346158298
787031,337098,1635444,1972542,4.851538721677375
787093,337135,1635642,1972777,4.851593575274
787182,337188,1635946,1973134,4.851732564622703
787189,337188,1635962,1973150,4.851780015896177
787200,337188,1635974,1973162,4.851815604351282
787275,337254,1636167,1973421,4.851438381753812
787405,337345,1636552,1973897,4.851270954067794
787561,337432,1636972,1974404,4.851264847435928
787576,337433,1636978,1974411,4.8512682517714625
787584,337433,1636978,1974411,4.8512682517714625
787600,337433,1636993,1974426,4.851312705040704
787632,337459,1637039,1974498,4.85107524173307
787681,337487,1637163,1974650,4.851040188214657
787841,337567,1637449,1975016,4.8507377794630395
787877,337582,1637511,1975093,4.850705902565895
787889,337591,1637533,1975124,4.850641752890332
787938,337615,1637613,1975228,4.850533892155266
787964,337629,1637662,1975291,4.850477891413356
788031,337671,1637818,1975489,4.850336570211834
788140,337709,1637984,1975693,4.850282343674584
788167,337716,1638052,1975768,4.8503831621836095
788180,337728,1638081,1975809,4.850296688459352
788289,337786,1638221,1976007,4.849878325330239
788307,337796,1638265,1976061,4.849865007282502
788318,337796,1638283,1976079,4.849918293881514
788325,337799,1638296,1976095,4.849913706079651
788378,337817,1638428,1976245,4.850046030839182
788439,337862,1638534,1976396,4.849713788469849
788567,337955,1638992,1976947,4.849734432098948
788593,337973,1639055,1977028,4.849662547008193
788625,337988,1639116,1977104,4.849627797436596
788667,338017,1639176,1977193,4.849389231902538
788745,338082,1639363,1977445,4.849010003490277
788836,338084,1639630,1977714,4.849771062812792
789052,338259,1640187,1978446,4.848908676487544
789059,338259,1640211,1978470,4.8489796280365045
789089,338262,1640261,1978523,4.849084437507021
789657,338469,1641541,1980010,4.849900581737176
789708,338513,1641686,1980199,4.849698534472827
789818,338586,1641932,1980518,4.8493794781827955
789856,338586,1641980,1980566,4.849521244233371
789900,338601,1642053,1980654,4.849522003774354
790082,338601,1642597,1981198,4.851128614504978
790100,338617,1642684,1981301,4.851156321153398
790243,338714,1643051,1981765,4.850850570097486
790363,338751,1643287,1982038,4.851017413970734
790385,338761,1643323,1982084,4.850980484766547
790400,338764,1643362,1982126,4.851052650222574
790530,338765,1643747,1982512,4.852174811447464
790560,338773,1643785,1982558,4.852172398626809
790615,338796,1643921,1982717,4.852244418470112
791636,339357,1645817,1985174,4.849810082008033
791643,339357,1645840,1985197,4.8498778572417836
791668,339375,1645887,1985262,4.849759116022099
791764,339460,1646063,1985523,4.8490632180522
791809,339491,1646169,1985660,4.848932666845365
791834,339495,1646246,1985741,4.849102343186203
791897,339551,1646377,1985928,4.848688414995096
791936,339551,1646400,1985951,4.84875615150596
792006,339585,1646581,1986166,4.848803686853071
792160,339617,1646812,1986429,4.849026992170592
792171,339624,1646831,1986455,4.848982992956917
792232,339629,1646924,1986553,4.849185434694917
792239,339629,1646924,1986553,4.849185434694917
792246,339629,1646940,1986569,4.84923254492402
792293,339650,1647023,1986673,4.849177094067422
792329,339663,1647098,1986761,4.849212307493016
792330,339663,1647103,1986766,4.849227027965955
792467,339726,1647367,1987093,4.8491048668632954
792521,339768,1647542,1987310,4.849020508111417
792547,339783,1647599,1987382,4.848974198238287
792557,339788,1647626,1987414,4.848982306614713
792563,339788,1647640,1987428,4.84902350877606
792587,339809,1647704,1987513,4.848912183020461
792588,339809,1647709,1987518,4.848926897168703
792675,339823,1647785,1987608,4.848950777316427
792696,339836,1647839,1987675,4.848924186960769
792893,339921,1648178,1988099,4.84870896473004
792905,339921,1648207,1988128,4.848794278670632
793045,339921,1648470,1988391,4.849567987856002
793238,339921,1648914,1988835,4.8508741737050665
793321,339988,1649111,1989099,4.850497664623457
793522,340097,1650022,1990119,4.851621743208555
793527,340101,1650026,1990127,4.8515764434682636
793534,340104,1650041,1990145,4.8515777526874135
793605,340107,1650165,1990272,4.851899549259498
793671,340138,1650316,1990454,4.851901287124638
793677,340138,1650334,1990472,4.851954206821937
793790,340169,1650632,1990801,4.852388077690795
793830,340188,1650693,1990881,4.852296377297259
794002,340270,1651175,1991445,4.852543568342787
794019,340274,1651189,1991463,4.85252766887861
794033,340282,1651225,1991507,4.852519380984007
794070,340296,1651374,1991670,4.852757599266521
794141,340318,1651442,1991760,4.852643703829948
794146,340318,1651450,1991768,4.852667211255356
794252,340368,1651687,1992055,4.852650660461618
794257,340371,1651691,1992062,4.8526196415088245
794414,340371,1651870,1992241,4.853145538250908
794447,340381,1651994,1992375,4.853367256104189
795739,340583,1654792,1995375,4.858704045709857
795749,340583,1654812,1995395,4.858762768546874
795779,340583,1654867,1995450,4.858924256348673
795835,340604,1654971,1995575,4.858930018437834
795842,340606,1654971,1995577,4.858901487349019
795863,340617,1655060,1995677,4.85900586288999
796481,341173,1657687,1998860,4.85878718421446
796513,341197,1657756,1998953,4.858647643443524
796623,341252,1658241,1999493,4.859285806383553
796654,341267,1658286,1999553,4.859204083606091
796691,341278,1658309,1999587,4.859114856509942
796790,341307,1658614,1999921,4.85959561333345
796880,341369,1658831,2000200,4.859348681338962
796894,341373,1658846,2000219,4.859335682669689
796895,341373,1658849,2000222,4.859344470710924
797002,341452,1659099,2000551,4.858952356407343
797037,341472,1659154,2000626,4.858828835160716
797065,341484,1659188,2000672,4.858757657752633
797072,341484,1659212,2000696,4.85882793922995
797244,341516,1659286,2000802,4.858589348668876
797516,341644,1659812,2001456,4.858308648768894
797715,341693,1659891,2001584,4.857843151600998
797768,341728,1659973,2001701,4.857585565127821
797790,341740,1659993,2001733,4.8574735178790895
797965,341793,1660128,2001921,4.857115271523993
798469,342031,1661122,2003153,4.856641649441133
798505,342083,1661213,2003296,4.856169409178475
798534,342091,1661237,2003328,4.856126001560988
798561,342117,1661274,2003391,4.855865098781996
798562,342117,1661276,2003393,4.855870944735281
798607,342126,1661310,2003436,4.855842584311043
798613,342126,1661324,2003450,4.855883504907549
798638,342144,1661416,2003560,4.855896932285821
798645,342147,1661434,2003581,4.855906963965781
798712,342161,1661567,2003728,4.856096983583751
798757,342189,1661717,2003906,4.856137982226197
798768,342189,1661756,2003945,4.856251954329332
798783,342209,1661815,2004024,4.8561405456899145
798896,342224,1661878,2004102,4.856111786432279
798909,342224,1661878,2004102,4.856111786432279
799449,342248,1663195,2005443,4.859619340361375
799452,342249,1663199,2005448,4.85961682868321
799468,342268,1663231,2005499,4.859440555354284
799481,342276,1663269,2005545,4.859437997405602
799558,342337,1663398,2005735,4.8589489304398885
799736,342395,1663680,2006075,4.858949458958221
799801,342428,1663787,2006215,4.858793673414557
799934,342487,1663959,2006446,4.858458861212251
799936,342487,1663970,2006457,4.858490979219649
799954,342499,1664040,2006539,4.8585251343799545
799964,342499,1664056,2006555,4.858571849844817
800013,342516,1664087,2006603,4.858421212439711
801839,342516,1664087,2006603,4.858421212439711
801859,342524,1664128,2006652,4.8584274386612325
801876,342524,1664177,2006701,4.8585704943303245
801991,342562,1664274,2006836,4.858314699236926
802076,342600,1664472,2007072,4.858353765323993
802085,342607,1664483,2007090,4.858286608271285
802113,342607,1664525,2007132,4.858409197710496
802401,342607,1665092,2007699,4.860064155139854
802409,342609,1665103,2007712,4.860067890802635
802442,342689,1665213,2007902,4.859254309300853
802466,342705,1665243,2007948,4.8591149822733835
802506,342719,1665305,2008024,4.859097394658598
802813,342855,1665989,2008844,4.85916495311429
802895,342920,1666148,2009068,4.858707570278782
802948,342956,1666305,2009261,4.85865533771096
802986,342964,1666392,2009356,4.85879567534785
802989,342964,1666397,2009361,4.8588102541374605
803288,343171,1667286,2010457,4.858469975609827
803725,343536,1668390,2011926,4.85652158725723
803731,343536,1668404,2011940,4.85656233990033
803774,343567,1668511,2012078,4.8564355715188015
803776,343568,1668514,2012082,4.856430168118102
803829,343632,1668612,2012244,4.855810867439587
803835,343632,1668626,2012258,4.855851608697677
803948,343711,1668803,2012514,4.855250486600662
803968,343717,1668821,2012538,4.85521810093769
803990,343724,1668855,2012579,4.85521814013569
804023,343747,1668908,2012655,4.855047462232398
804045,343756,1668986,2012742,4.855147255611539
804088,343796,1669033,2012829,4.8547190775925255
804113,343796,1669075,2012871,4.854841243062746
804169,343816,1669252,2013068,4.855073644042162
804186,343831,1669302,2013133,4.8550072564719295
804342,343900,1669748,2013648,4.855330037801687
804353,343903,1669769,2013672,4.8553487465942435
804394,343903,1669792,2013695,4.855415625917773
804487,343981,1670099,2014080,4.855207118997852
804550,343981,1670099,2014080,4.855207118997852
804578,343995,1670164,2014159,4.8551984767220455
804701,344062,1670396,2014458,4.854927309612802
804709,344062,1670416,2014478,4.854985438670937
804776,344091,1670546,2014637,4.854954067383337
804792,344105,1670600,2014705,4.854913471178855
804838,344113,1670642,2014755,4.854922656220486
804839,344113,1670648,2014761,4.854940092353384
804935,344153,1670848,2015001,4.8549569522857565
804944,344156,1670868,2015024,4.854972744918002
804961,344156,1670886,2015042,4.855025046781111
805035,344219,1671070,2015289,4.854671008863543
805056,344228,1671110,2015338,4.854660283300603
805060,344231,1671112,2015343,4.854623784609753
805130,344275,1671203,2015478,4.85426766393145
806905,345031,1673526,2018557,4.850364170176013
807048,345086,1673677,2018763,4.850028688500838
807374,345094,1674329,2019423,4.851805594997305
807423,345112,1674393,2019505,4.851737986508728
807464,345136,1674447,2019583,4.8515570673589545
807483,345144,1674493,2019637,4.851577892126185
807523,345165,1674539,2019704,4.851415989454319
807527,345165,1674541,2019706,4.851421783784567
807544,345178,1674650,2019828,4.851554849961469
807644,345220,1674713,2019933,4.851147094606338
807687,345220,1674833,2020053,4.851494699032501
807718,345234,1674876,2020110,4.8514225134256765
807727,345235,1674893,2020128,4.851457702724232
807762,345238,1674978,2020216,4.851661752182553
808097,345406,1675461,2020867,4.850700335257639
808104,345406,1675477,2020883,4.8507466575566145
808220,345449,1675628,2021077,4.850579969836358
808599,345652,1677327,2022979,4.852646592526588
808752,345709,1677615,2023324,4.852679565761956
808761,345712,1677641,2023353,4.852712662563058
809057,345858,1678429,2024287,4.852942537110606
810054,346286,1680623,2026909,4.853280236567461
810127,346324,1680795,2027119,4.853244360771994
810135,346324,1680818,2027142,4.85331077257135
810265,346395,1681205,2027600,4.853433219301665
810300,346424,1681295,2027719,4.8532867237835715
810311,346429,1681322,2027751,4.853294614480889
810576,346429,1682091,2028520,4.855514405549189
810659,346481,1682281,2028762,4.8553340587218345
810702,346509,1682362,2028871,4.855175478847591
810784,346552,1682675,2029227,4.855476234446779
810809,346552,1682766,2029318,4.855738821302431
811026,346639,1683196,2029835,4.855760603971278
811099,346683,1683340,2030023,4.855559689976145
811204,346736,1683505,2030241,4.855293364404043
811283,346768,1683685,2030453,4.855364393484981
811307,346791,1683721,2030512,4.855146183147775
811311,346794,1683725,2030519,4.855115717111599
811451,346811,1684073,2030884,4.855881157172062
811472,346819,1684127,2030946,4.855924848407959
811479,346820,1684144,2030964,4.8559598639063495
811480,346821,1684150,2030971,4.855963162553594
811528,346851,1684259,2031110,4.855857414278754
811535,346856,1684268,2031124,4.85581336347072
811597,346945,1684426,2031371,4.855023130467365
811665,346945,1684468,2031413,4.855144187118996
811681,346945,1684494,2031439,4.855219126950957
811769,346959,1684534,2031493,4.855138503396655
811802,346996,1684664,2031660,4.85499544663339
811856,347043,1684770,2031813,4.854643372723265
811869,347050,1684779,2031829,4.854571387408154
811902,347060,1684862,2031922,4.854670662133349
811909,347060,1684882,2031942,4.854728289056648
812003,347060,1685051,2032111,4.85521523655852
812020,347076,1685081,2032157,4.855077850384354
812100,347144,1685256,2032400,4.854630931256193
812126,347162,1685332,2032494,4.854598141501662
812667,347533,1686750,2034283,4.853495927005493
812689,347538,1686760,2034298,4.85345487399939
812723,347538,1686778,2034316,4.853506666896857
813026,347747,1687640,2035387,4.853068466442557
821254,347753,1712319,2060072,4.923951770365748
821265,347753,1712339,2060092,4.924009282450475
821359,347791,1712428,2060219,4.923727180979381
821377,347816,1712478,2060294,4.923517031993928
821442,347853,1712654,2060507,4.923499294242108
821465,347856,1712670,2060526,4.923502828756727
822255,347856,1712670,2060526,4.923502828756727
822394,347933,1712916,2060849,4.923120255911339
822437,347971,1713028,2060999,4.922904494914806
822451,347983,1713061,2061044,4.92282956351316
822454,347983,1713067,2061050,4.922846805734763
822485,347983,1713147,2061130,4.9230767020228
822509,348011,1713229,2061240,4.922916229659407
822527,348032,1713290,2061322,4.9227944556822365
822653,348103,1713571,2061674,4.922597621968211
822703,348126,1713621,2061747,4.9224160217852155
822724,348137,1713666,2061803,4.922389748863234
822788,348177,1713785,2061962,4.922166024751778
822929,348259,1714049,2062308,4.921765123083682
822995,348306,1714181,2062487,4.921479963021022
823090,348342,1714364,2062706,4.921496690034506
823123,348361,1714396,2062757,4.921320124813053
823631,348482,1715177,2063659,4.921852491663845
823633,348484,1715178,2063662,4.921827114013843
823751,348484,1715528,2064012,4.922831464285304
823809,348523,1715648,2064171,4.92262490567337
823842,348536,1715691,2064227,4.922564670507494
823984,348667,1716170,2064837,4.922088984618561
824003,348680,1716222,2064902,4.922054605942411
824283,348691,1716248,2064939,4.92197389665922
824331,348691,1716391,2065082,4.922384001881322
824331,348691,1716391,2065082,4.922384001881322
824340,348698,1716407,2065105,4.922331071586301
824347,348699,1716409,2065108,4.922322690916808
824439,348744,1716484,2065228,4.921902599041131
824466,348778,1716589,2065367,4.921723847261008
824504,348791,1716618,2065409,4.921623551066398
824751,348914,1717115,2066029,4.921312988300842
825104,349016,1718384,2067400,4.923510669997937
825113,349021,1718408,2067429,4.923508900610565
825186,349048,1718482,2067530,4.92334005638193
825306,349113,1718630,2067743,4.92284733023405
825330,349122,1718682,2067804,4.922869369446784
825353,349136,1718748,2067884,4.922861005453462
825381,349165,1718831,2067996,4.92268984577492
825470,349198,1718909,2068107,4.922448009438771
825507,349201,1718949,2068150,4.922520267696828
825544,349235,1719065,2068300,4.922373187108967
825598,349287,1719144,2068431,4.9218665452765205
825655,349316,1719207,2068523,4.92163828739594
825787,349362,1719593,2068955,4.922095133414625
826385,349394,1720270,2069664,4.923581973359588
826465,349420,1720333,2069753,4.923395913227634
826499,349420,1720351,2069771,4.923447427165017
826515,349426,1720374,2069800,4.923428708796712
826602,349474,1720736,2070210,4.923788321878022
827170,349644,1721802,2071446,4.924443147887565
827198,349657,1721854,2071511,4.924408777745048
827308,349661,1722190,2071851,4.925313374954599
827332,349670,1722247,2071917,4.925349615351617
827575,349705,1722891,2072596,4.926698217068672
827585,349714,1722918,2072632,4.92664863288287
827595,349714,1722945,2072659,4.9267258388282995
827653,349763,1723064,2072827,4.9263758602253525
827757,349815,1723238,2073053,4.926140960221831
828269,350157,1724284,2074441,4.924316806461102
828294,350170,1724299,2074469,4.924176828397635
828604,350225,1725200,2075425,4.9259761581840245
828652,350242,1725317,2075559,4.926071116542277
828665,350251,1725346,2075597,4.926027334682842
828757,350310,1725515,2075825,4.9256801119008875
828849,350332,1725579,2075911,4.925553474989439
828914,350355,1725689,2076044,4.925544090993421
828920,350355,1725707,2076062,4.925595467454439
829193,350423,1726038,2076461,4.925584222496811
829221,350423,1726125,2076548,4.925832493871693
829231,350426,1726149,2076575,4.925858811846153
829914,350786,1727197,2077983,4.923791143318148
829929,350798,1727219,2078017,4.9236854258006035
829939,350798,1727235,2078033,4.923731036094846
830014,350843,1727334,2078177,4.9233816835450614
830045,350864,1727386,2078250,4.923235213644033
830243,350916,1727960,2078876,4.92414138996227
830281,350925,1728039,2078964,4.924240222269716
830332,350963,1728131,2079094,4.92396919333377
830464,350963,1728131,2079094,4.92396919333377
830537,351027,1728278,2079305,4.9234902158523415
830580,351049,1728327,2079376,4.9233212457520175
830822,351072,1728639,2079711,4.923887407711239
830871,351109,1728750,2079859,4.923684667724268
830871,351109,1728750,2079859,4.923684667724268
830889,351125,1728769,2079894,4.923514417942328
830892,351125,1728778,2079903,4.923540049839801
830972,351166,1728842,2080008,4.9231474573278735
831007,351166,1728925,2080091,4.9233838127836975
831107,351175,1729210,2080385,4.9240691962696665
831496,351414,1730040,2081454,4.9230821765780535
831849,351531,1730753,2082284,4.923471898637674
831912,351593,1730833,2082426,4.922831228153006
831948,351625,1730956,2082581,4.922733025239958
831959,351632,1731226,2082858,4.923402875733721
831996,351647,1731268,2082915,4.923312298981649
832005,351653,1731289,2082942,4.923288014036564
832741,352172,1733772,2085944,4.923083038969595
832767,352182,1733805,2085987,4.923036952484795
832773,352182,1733822,2086004,4.9230852229813
832786,352188,1733833,2086021,4.9230325848694445
832912,352251,1734159,2086410,4.923077578204178
834244,352764,1736983,2089747,4.92392364300212
834282,352781,1737060,2089841,4.92390463205218
834375,352819,1737341,2090160,4.924170750441444
834405,352832,1737414,2090246,4.924196218030111
834470,352832,1737414,2090246,4.924196218030111
834497,352856,1737463,2090319,4.924000158704968
834519,352869,1737495,2090364,4.923909439480374
834560,352896,1737564,2090460,4.923728237214363
834670,352952,1737787,2090739,4.92357884358213
834713,352969,1738020,2090989,4.924001824522834
834898,353120,1738308,2091428,4.922711826008156
834921,353137,1738354,2091491,4.922605107932616
834979,353187,1738460,2091647,4.922208348551901
835031,353213,1738598,2091811,4.922236724016387
835068,353240,1738675,2091915,4.922078473559053
835194,353361,1738904,2092265,4.921041088292143
835421,353430,1739428,2092858,4.921562968621792
835428,353430,1739448,2092878,4.921619556913675
835482,353435,1739478,2092913,4.921634812624669
835497,353437,1739479,2092916,4.921609791844091
835511,353441,1739495,2092936,4.921599361703934
835521,353449,1739498,2092947,4.921496453519461
835538,353449,1739548,2092997,4.9216379166442685
835569,353472,1739592,2093064,4.9214421510048885
835577,353472,1739617,2093089,4.921512877964874
835620,353501,1739696,2093197,4.921332612920473
835655,353534,1739766,2093300,4.92107124067275
835671,353550,1739803,2093353,4.920953189082167
835701,353582,1739869,2093451,4.920694492366693
835709,353588,1739877,2093465,4.920633618787968
835734,353595,1739904,2093499,4.920612565222925
835743,353598,1739919,2093517,4.920613238762662
835781,353614,1739947,2093561,4.9204697777802915
835800,353632,1740003,2093635,4.920377680752873
835810,353640,1740010,2093650,4.920286166723221
835883,353691,1740150,2093841,4.919972518384692
835942,353728,1740208,2093936,4.919621856341596
835971,353752,1740247,2093999,4.919398335557114
836025,353752,1740397,2094149,4.919822361428345
836081,353752,1740397,2094149,4.919822361428345
836336,353818,1740579,2094397,4.9194190233396835
836390,353853,1740702,2094555,4.919280040016617
836437,353876,1740771,2094647,4.91915529733579
836474,353876,1740819,2094695,4.919290938068702
836506,353892,1740909,2094801,4.91932284425757
836547,353914,1740983,2094897,4.919226139683652
836573,353914,1740983,2094897,4.919226139683652
836596,353928,1741051,2094979,4.9192236839131125
836613,353934,1741069,2095003,4.919191148632231
836622,353934,1741069,2095003,4.919191148632231
836750,353936,1741447,2095383,4.920231341259437
836790,353959,1741589,2095548,4.920312804590362
836800,353959,1741609,2095568,4.920369308309719
836852,354000,1741826,2095826,4.920412429378531
837030,354055,1742237,2096292,4.9208089138693145
837254,354154,1742628,2096782,4.920537393337361
837309,354190,1742699,2096889,4.920237725514554
837324,354197,1742730,2096927,4.920228008707019
837351,354199,1742812,2097011,4.920431734702809
837557,354342,1743423,2097765,4.920170343905041
837570,354354,1743488,2097842,4.920187157475293
837576,354358,1743509,2097867,4.920190880409078
837591,354362,1743542,2097904,4.920228466934942
837639,354362,1743542,2097904,4.920228466934942
837657,354366,1743555,2097921,4.920209613789133
837775,354366,1743782,2098148,4.920850194431746
837788,354373,1743794,2098167,4.920786854528985
837889,354433,1743950,2098383,4.920393981373066
837917,354453,1743999,2098452,4.920254589466023
838083,354590,1744232,2098822,4.919010688400689
838088,354590,1744244,2098834,4.919044530302603
838096,354591,1744271,2098862,4.919106801921086
838223,354626,1744640,2099266,4.919661840925369
838350,354708,1745034,2099742,4.919635305659867
838365,354733,1745076,2099809,4.919406990609839
838439,354752,1745127,2099879,4.919287276745445
838448,354755,1745140,2099895,4.919282321602233
838453,354755,1745152,2099907,4.91931614776395
838540,354805,1745289,2100094,4.919009033130875
838569,354823,1745329,2100152,4.918872226434025
839245,355044,1745780,2100824,4.917080699856919
839255,355052,1745789,2100841,4.916995257032773
839265,355052,1745809,2100861,4.917051586809819
839273,355057,1745833,2100890,4.917049938460585
839305,355073,1745907,2100980,4.91703677835262
839329,355096,1745950,2101046,4.916839389911461
839359,355107,1745979,2101086,4.916768748574373
839379,355123,1746028,2101151,4.916685204844518
839681,355339,1746493,2101832,4.915005107798469
839687,355339,1746507,2101846,4.91504450679492
839712,355349,1746571,2101920,4.91508629544476
839743,355354,1746609,2101963,4.915124073459142
839839,355401,1746740,2102141,4.9148426706734085
839901,355419,1746911,2102330,4.915074883447424
839977,355451,1747031,2102482,4.914969995864409
840103,355501,1747292,2102793,4.915012897291428
840126,355515,1747362,2102877,4.915016244040336
840184,355533,1747495,2103028,4.915141491788385
840195,355538,1747509,2103047,4.915111746142466
840210,355543,1747547,2103090,4.91514950371685
840288,355577,1747674,2103251,4.915036686849825
840329,355591,1747717,2103308,4.91496410201608
840373,355598,1747829,2103427,4.915182312611432
840479,355668,1748098,2103766,4.914971265337337
840548,355719,1748192,2103911,4.914530851599156
840582,355736,1748332,2104068,4.914689545055884
840592,355736,1748348,2104084,4.914734522229968
840735,355759,1748593,2104352,4.9151054505999845
840859,355892,1748888,2104780,4.91409753520731
840865,355892,1748902,2104794,4.9141368729839385
841014,356029,1749184,2105213,4.9130379828609465
841077,356078,1749289,2105367,4.912656777447638
841180,356122,1749414,2105536,4.9124008064652
841194,356132,1749437,2105569,4.9123274516190625
841202,356139,1749448,2105587,4.912261785426477
841251,356156,1749502,2105658,4.912178932827188
841349,356175,1749605,2105780,4.912206078472661
841406,356195,1749673,2105868,4.9121211695840765
841415,356197,1749688,2105885,4.9121357001883785
841426,356198,1749695,2105893,4.912141561715675
841452,356214,1749722,2105936,4.911996721072165
841458,356214,1749740,2105954,4.912047252494287
841525,356214,1749892,2106106,4.9124739622811004
841777,356325,1750464,2106789,4.912548937065881
841792,356326,1750507,2106833,4.912655826406156
841871,356373,1750606,2106979,4.912285723104724
842010,356382,1751395,2107777,4.9143755857478775
842037,356401,1751422,2107823,4.914189354126392
842049,356414,1751437,2107851,4.914052197725117
842128,356441,1751575,2108016,4.914067124713487
842149,356451,1751694,2108145,4.914263110497656
842216,356489,1751789,2108278,4.9140057617486095
842251,356500,1751892,2108392,4.914143057503506
842267,356500,1751918,2108418,4.914215988779803
842272,356502,1751921,2108423,4.914196834800366
842298,356510,1752000,2108510,4.914308154048975
842332,356520,1752020,2108540,4.9142264108605405
842402,356520,1752290,2108810,4.914983731627959
842429,356537,1752333,2108870,4.914869985443306
842448,356546,1752364,2108910,4.914832868690155
842464,356553,1752381,2108934,4.9147840573491175
842487,356564,1752429,2108993,4.914767054441839
842586,356637,1752533,2109170,4.914052664193564
842618,356653,1752568,2109221,4.913930346863759
842671,356656,1752651,2109307,4.914121730743349
842722,356683,1752693,2109376,4.913867495787576
842761,356702,1752744,2109446,4.913748731434082
842846,356782,1752905,2109687,4.913098194415638
843042,356833,1753276,2110109,4.913435696810553
843052,356842,1753303,2110145,4.913387437577415
843247,356897,1753480,2110377,4.913126196073377
843264,356913,1753508,2110421,4.912984396757754
843467,357015,1754046,2111061,4.91308768539137
843627,357094,1754344,2111438,4.9128352758657385
843675,357120,1754445,2111565,4.912760416666667
843738,357155,1754572,2111727,4.912634570424606
843774,357155,1754613,2111768,4.912749366521538
843787,357166,1754652,2111818,4.9127072565697745
843797,357171,1754661,2111832,4.912663682101851
843802,357171,1754668,2111839,4.912683280557492
844049,357269,1755301,2112570,4.9131074904343786
844064,357274,1755311,2112585,4.913066721899718
844327,357377,1755977,2113354,4.913514300024904
844352,357393,1756035,2113428,4.913456614986863
844384,357395,1756082,2113477,4.913560626197905
844399,357407,1756131,2113538,4.91353275117723
844443,357436,1756274,2113710,4.913534171152318
844450,357436,1756294,2113730,4.913590125225215
844564,357456,1756578,2114034,4.9141097086074925
844779,357469,1756694,2114163,4.9142555018756875
844847,357516,1756821,2114337,4.91396468969221
844908,357542,1756881,2114423,4.913775164875735
844953,357584,1756991,2114575,4.913505637836145
845024,357633,1757184,2114817,4.913372088146228
845105,357633,1757314,2114947,4.913735589277276
845125,357652,1757367,2115019,4.913622739422679
845231,357657,1758375,2116032,4.916372390306914
845235,357657,1758384,2116041,4.916397554081144
845396,357657,1758721,2116378,4.917339797627336
845460,357701,1758852,2116553,4.917101154316035
845491,357701,1758901,2116602,4.917238140234442
845518,357714,1758946,2116660,4.9171852373684
845683,357771,1759361,2117132,4.917561792319668
845724,357788,1759422,2117210,4.917498630473912
845730,357794,1759431,2117225,4.917441320983583
845750,357807,1759476,2117283,4.917388424485826
845944,357816,1760594,2118410,4.920389250340957
845951,357816,1760622,2118438,4.920467502850627
846041,357842,1760840,2118682,4.920719200093896
846050,357845,1760862,2118707,4.920739426287918
846355,357847,1761770,2119617,4.92324932163746
846367,357848,1761795,2119643,4.9233054257673645
846528,357863,1762167,2120030,4.9241385669935145
846640,357954,1762514,2120468,4.923856137939512
846687,357979,1762625,2120604,4.923822347120921
846693,357979,1762639,2120618,4.9238614555602425
846746,358004,1762707,2120711,4.923707556340153
846752,358004,1762725,2120729,4.923757835107987
847052,358004,1763268,2121272,4.925274577937676
847829,358004,1764406,2122410,4.928453313370801
848017,358013,1765508,2123521,4.931407518721387
848044,358032,1765576,2123608,4.93133574652545
848085,358049,1765666,2123715,4.931352971241367
848095,358055,1765688,2123743,4.93133177863736
848154,358101,1765775,2123876,4.930941270758808
848174,358123,1765832,2123955,4.930797519288066
848257,358179,1765972,2124151,4.930417472827832
848258,358179,1765977,2124156,4.930431432328528
848797,358450,1767260,2125710,4.930283163621147
848825,358476,1767306,2125782,4.930053894821411
848826,358476,1767306,2125782,4.930053894821411
848848,358478,1767313,2125791,4.930045916346331
849348,358713,1769085,2127798,4.931756027799382
849384,358713,1769136,2127849,4.9318982027414675
849406,358722,1769184,2127906,4.9319082743740275
849677,358933,1770208,2129141,4.931861935235824
849765,359003,1770469,2129472,4.931627312306582
850019,359079,1771406,2130485,4.933192974248007
850026,359085,1771419,2130504,4.933146747984461
850059,359106,1771488,2130594,4.933050408514478
850193,359141,1771669,2130810,4.93307363960116
850201,359141,1771694,2130835,4.933143250144094
850259,359158,1771790,2130948,4.933177041859015
850269,359168,1771812,2130980,4.933100944404846
850349,359223,1771950,2131173,4.932729808503353
850401,359235,1772009,2131244,4.932729271925063
850407,359243,1772019,2131262,4.932647261046144
850798,359453,1773043,2132496,4.932614277805444
850840,359491,1773131,2132622,4.932337666311535
850854,359499,1773163,2132662,4.93231691882314
850880,359512,1773187,2132699,4.9322053227708675
850934,359512,1773411,2132923,4.932828389594784
850990,359522,1773471,2132993,4.932858072663147
850991,359522,1773474,2132996,4.932866417076006
851031,359545,1773544,2133089,4.932745553407779
851033,359547,1773544,2133091,4.932718114738824
851167,359599,1773817,2133416,4.932763995450488
851192,359614,1773859,2133473,4.93267503489853
851200,359614,1773883,2133497,4.9327417731234044
851246,359614,1774026,2133640,4.933139421713282
851490,359757,1774377,2134134,4.932154204087759
851554,359780,1774493,2134273,4.93216132080716
851591,359807,1774561,2134368,4.931980200496377
851607,359814,1774581,2134395,4.9319398355817174
851665,359826,1774684,2134510,4.932061607554763
851903,359843,1775480,2135323,4.93404067885161
851992,359952,1775720,2135672,4.9332133173312
852014,359972,1775758,2135730,4.9330447923727405
852130,359997,1775893,2135890,4.933077220087945
852151,360010,1775965,2135975,4.933099080581095
852180,360028,1776032,2136060,4.933038541446776
852320,360190,1776746,2136936,4.932802132208002
852321,360190,1776748,2136938,4.932807684833005
852429,360270,1777059,2137329,4.932575568323757
852442,360287,1777089,2137376,4.932426093642013
852452,360287,1777114,2137401,4.932495482767904
852856,360529,1777820,2138349,4.931142848425508
852857,360529,1777825,2138354,4.9311567169353925
853855,360534,1779024,2139558,4.9344139526369215
853885,360534,1779065,2139599,4.934527672840842
853887,360534,1779076,2139610,4.934558183139454
853918,360562,1779130,2139692,4.934324748586929
853921,360565,1779136,2139701,4.934300334197718
853936,360574,1779154,2139728,4.934227093467638
853981,360579,1779207,2139786,4.934305658399408
854136,360735,1779577,2140312,4.9331974995495305
854150,360745,1779617,2140362,4.933171630930436
854218,360796,1779759,2140555,4.932867881018637
854241,360800,1779789,2140589,4.932896341463414
854251,360806,1779817,2140623,4.932891914214287
854331,360834,1780013,2140847,4.933052317686249
854407,360841,1780225,2141066,4.9335441371684485
854481,360924,1780380,2141304,4.932839046447452
854488,360924,1780403,2141327,4.932902771774668
854545,360939,1780452,2141391,4.932833525886646
854580,360966,1780524,2141490,4.932664018217782
854585,360968,1780527,2141495,4.932644999002681
854597,360971,1780543,2141514,4.932648329090148
854598,360971,1780545,2141516,4.932653869701444
854628,360978,1780564,2141542,4.932610851630847
855063,360993,1781984,2142977,4.936339485807204
855233,361028,1782316,2143344,4.93678052671815
855398,361037,1783257,2144294,4.939263842764038
855421,361055,1783334,2144389,4.939230865103655
855540,361070,1783404,2144474,4.93921954191708
855551,361094,1783431,2144525,4.938966031005777
855714,361229,1783814,2145043,4.93818048938485
855730,361235,1783837,2145072,4.938162138220272
855771,361242,1783892,2145134,4.938218701036978
855802,361254,1783916,2145170,4.9381211003892
857354,361855,1789043,2150898,4.944088101587653
857374,361867,1789071,2150938,4.9440015254223235
857397,361885,1789114,2150999,4.943874435248767
857491,361916,1789233,2151149,4.943779772101814
857510,361926,1789274,2151200,4.943756458502567
857512,361926,1789282,2151208,4.943778562468571
857543,361942,1789309,2151251,4.94363461549088
859737,363084,1794948,2158032,4.943616353240572
859831,363084,1795393,2158477,4.944841964944751
859954,363112,1795478,2158590,4.944694749829254
860034,363143,1795621,2158764,4.944666426173711
860104,363193,1795775,2158968,4.944409721553003
860122,363197,1795825,2159022,4.944492933587006
860154,363211,1795869,2159080,4.944423489376699
860164,363218,1795893,2159111,4.944394275614094
860190,363230,1795947,2159177,4.944379594196515
860237,363249,1796080,2159329,4.944487114899147
860506,363282,1796475,2159757,4.945125274580079
860512,363282,1796489,2159771,4.9451638121349255
860529,363285,1796526,2159811,4.9452248234856935
860785,363392,1797217,2160609,4.94567024040155
860800,363397,1797262,2160659,4.9457260241554
860907,363476,1797448,2160924,4.94516281680221
860940,363482,1797476,2160958,4.945158219664248
860981,363505,1797596,2161101,4.945175444629372
861054,363668,1797831,2161499,4.943605156351397
861175,363678,1798161,2161839,4.944376618877139
861200,363697,1798192,2161889,4.944203554057361
861213,363705,1798220,2161925,4.944171787575095
861214,363705,1798222,2161927,4.944177286537166
861270,363710,1798388,2162098,4.944565725440598
861400,363710,1798834,2162544,4.945791977124633
861431,363734,1798933,2162667,4.945737819395492
861482,363749,1798985,2162734,4.94567682660296
861545,363758,1799115,2162873,4.945911842488687
861567,363778,1799160,2162938,4.945763625068036
861597,363803,1799193,2162996,4.945514467995041
861632,363828,1799245,2163073,4.945317567641853
861689,363863,1799324,2163187,4.945058991983246
861732,363888,1799423,2163311,4.944991316009322
861761,363911,1799594,2163505,4.945148676462102
861778,363920,1799607,2163527,4.945062101560783
861814,363926,1799741,2163667,4.945348779696971
861829,363935,1799770,2163705,4.945306167310097
861884,363943,1799850,2163793,4.94541727688127
861896,363950,1799870,2163820,4.945377112240692
861902,363950,1799889,2163839,4.945429317213903
861966,363974,1800023,2163997,4.945471379823833
862185,364013,1800205,2164218,4.9454415089570976
862238,364056,1800313,2164369,4.94515404223526
862250,364066,1800336,2164402,4.945081386342037
862266,364071,1800363,2164434,4.945087634005455
862301,364099,1800443,2164542,4.944927066539595
862323,364104,1800457,2164561,4.944897611671391
862341,364112,1800500,2164612,4.944907061563475
862351,364112,1800522,2164634,4.944967482532847
862382,364135,1800570,2164705,4.9447869608798936
862399,364135,1800600,2164735,4.944869347906683
862473,364184,1800721,2164905,4.944536278364783
863831,364677,1804325,2169002,4.947734570592607
864151,364705,1805165,2169870,4.94965794272083
864251,364799,1805427,2170226,4.9491007376664955
864267,364809,1805471,2170280,4.949085685934284
864333,364850,1805604,2170454,4.948894066054543
864352,364861,1805635,2170496,4.948829828345589
864394,364870,1805780,2170650,4.9491051607421825
864716,364960,1806526,2171486,4.949928759316089
864948,364969,1807928,2172897,4.953648118059342
864957,364972,1807938,2172910,4.95363479938187
864975,364982,1808028,2173010,4.95374566416974
865099,365086,1808377,2173463,4.953290457590814
865117,365086,1808420,2173506,4.9534082380589775
865137,365106,1808470,2173576,4.953273843760442
865143,365106,1808484,2173590,4.953312188789009
865160,365123,1808516,2173639,4.953169205993596
865285,365227,1808754,2173981,4.952410418725888
865354,365253,1808866,2174119,4.952364525411153
865383,365256,1808888,2174144,4.952384081301881
865567,365413,1809276,2174689,4.951318097604628
865582,365431,1809340,2174771,4.9512493466618865
865588,365431,1809358,2174789,4.951298603566747
865687,365451,1809395,2174846,4.951128879111017
865732,365451,1809607,2175058,4.95170898424139
865739,365455,1809631,2175086,4.951720458059132
865923,365594,1809970,2175564,4.950765056319305
866231,365603,1810847,2176450,4.95304196081542
866245,365614,1810879,2176493,4.952980465737089
866311,365674,1811191,2176865,4.953020996844184
866342,365681,1811240,2176921,4.953060180868024
866379,365705,1811316,2177021,4.952942945816984
866405,365712,1811366,2177078,4.95298486240539
866428,365712,1811424,2177136,4.9531434571466075
866458,365719,1811484,2177203,4.953212712492378
866464,365719,1811498,2177217,4.953250993248915
866627,365763,1812002,2177765,4.954033076062915
866654,365778,1812036,2177814,4.953922871249774
866655,365778,1812041,2177819,4.9539365407432925
866675,365797,1812074,2177871,4.953769440427341
867083,366053,1813088,2179141,4.953075101146555
867126,366068,1813124,2179192,4.952970486357726
868052,366130,1814984,2181114,4.957211919263649
868101,366150,1815151,2181301,4.957397241567664
868207,366194,1815501,2181695,4.957757363583237
868214,366194,1815521,2181715,4.9578119794425906
868225,366206,1815543,2181749,4.957709595145902
868278,366234,1815651,2181885,4.9576254525794985
868293,366234,1815698,2181932,4.957753785830917
868396,366289,1816025,2182314,4.957902093701968
868405,366289,1816030,2182319,4.957915744125541
868427,366291,1816037,2182328,4.957907783702029
868458,366308,1816091,2182399,4.95782510892473
868486,366327,1816121,2182448,4.957649859278732
868514,366335,1816177,2182512,4.957694459988808
868602,366335,1816517,2182852,4.958622572235795
869824,366880,1819364,2186244,4.959016572176188
870387,367363,1820955,2188318,4.95682744315568
870403,367370,1820990,2188360,4.956828265781093
870470,367396,1821122,2188518,4.956836764689871
870501,367442,1821246,2188688,4.956553687384676
870628,367451,1821628,2189079,4.957471880604489
870646,367462,1821645,2189107,4.957369741633149
870655,367466,1821662,2189128,4.957362041658276
870726,367466,1821789,2189255,4.95770765186439
870760,367484,1821850,2189334,4.957630808416149
870919,367587,1822255,2189842,4.95734343162299
871069,367645,1822424,2190069,4.95702103931782
871613,367742,1823431,2191173,4.958451849394413
871648,367755,1823512,2191267,4.958496825332083
871674,367778,1823544,2191322,4.958273741224326
871689,367785,1823574,2191359,4.958260940495126
871727,367813,1823616,2191429,4.957997678167982
871736,367813,1823642,2191455,4.958068366262204
871755,367819,1823711,2191530,4.958175080678268
871839,367871,1823891,2191762,4.957963525257495
871859,367883,1823941,2191824,4.957937713892732
871942,367933,1824056,2191989,4.957576515289468
871976,367964,1824114,2192078,4.957316476611842
872267,368120,1824652,2192772,4.956677170487884
872344,368238,1825095,2193333,4.95629185472439
872370,368245,1825120,2193365,4.956265529742427
872381,368252,1825140,2193392,4.956225628102495
872409,368264,1825169,2193433,4.95614287576304
872419,368264,1825189,2193453,4.956197184628419
872476,368298,1825299,2193597,4.956038316797811
872495,368298,1825326,2193624,4.956111626997703
872716,368391,1825532,2193923,4.955419649231387
872736,368405,1825575,2193980,4.955348054450944
872799,368405,1825785,2194190,4.95591807928774
872841,368431,1825845,2194276,4.955731195257728
872846,368431,1825845,2194276,4.955731195257728
872866,368443,1825882,2194325,4.955670212217358
872965,368492,1826046,2194538,4.9554562921311724
872997,368514,1826116,2194630,4.955350407311527
873010,368521,1826154,2194675,4.955359396072408
873073,368587,1826345,2194932,4.954990273666732
873105,368611,1826413,2195024,4.95485213409258
873113,368611,1826437,2195048,4.954917243381234
873159,368647,1826533,2195180,4.954693785654027
873168,368649,1826549,2195198,4.954710307094282
873172,368650,1826555,2195205,4.954713142547131
873404,368650,1827113,2195763,4.956226773362268
873455,368672,1827217,2195889,4.956213110841073
873484,368694,1827252,2195946,4.95601230288532
873548,368694,1827566,2196260,4.956863957645093
873554,368696,1827577,2196273,4.956866903899147
873559,368696,1827589,2196285,4.956899451038254
873729,368700,1827725,2196425,4.957214537564416
873796,368706,1827778,2196484,4.957277614142433
873811,368714,1827791,2196505,4.957205313603498
873838,368742,1827839,2196581,4.956959066230589
873855,368742,1827884,2196626,4.957081102776467
873883,368770,1827956,2196726,4.956899964747675
873905,368779,1828010,2196789,4.95692542145838
873916,368781,1828016,2196797,4.9569148085177925
873922,368786,1828034,2196820,4.956896411468982
874210,368940,1828485,2197425,4.956049764189299
874225,368940,1828538,2197478,4.956193418984117
874268,368952,1828581,2197533,4.956148767319326
875867,369406,1830120,2199526,4.954223807951143
875905,369431,1830205,2199636,4.954118631084018
875991,369500,1830313,2199813,4.953485791610285
876035,369526,1830434,2199960,4.953464708843221
876091,369547,1830512,2200059,4.953394290847984
876236,369615,1830725,2200340,4.953059264369682
876270,369637,1830771,2200408,4.952888915341267
876280,369644,1830800,2200444,4.952873575656578
876292,369662,1830820,2200482,4.9526865082156135
876547,369817,1831197,2201014,4.9516301305780965
876604,369880,1831369,2201249,4.951251757326701
876632,369888,1831446,2201334,4.951352841941344
876666,369910,1831492,2201402,4.9511827201211105
876710,369920,1831626,2201546,4.951411115916955
876720,369933,1831651,2201584,4.95130469571517
876722,369933,1831656,2201589,4.951318211676169
876736,369933,1831682,2201615,4.95138849467336
876822,369986,1831816,2201802,4.951041390755326
876896,370058,1832012,2202070,4.950607742570083
876920,370075,1832044,2202119,4.950466797270823
876925,370079,1832053,2202132,4.950437609267211
876927,370082,1832053,2202135,4.950397479477521
876947,370082,1832096,2202178,4.950513669943418
877012,370100,1832125,2202225,4.950351256417185
877015,370105,1832132,2202237,4.95030329230894
877088,370105,1832268,2202373,4.950670755596385
877157,370114,1832332,2202446,4.950723290661796
877219,370149,1832454,2202603,4.95058476451375
877248,370149,1832481,2202630,4.950657708112138
877355,370227,1832635,2202862,4.950030656867273
877385,370239,1832670,2202909,4.949964752497711
877395,370243,1832688,2202931,4.949959891206586
877832,370243,1832688,2202931,4.949959891206586
877942,370301,1832846,2203147,4.949611262189408
877968,370317,1832967,2203284,4.949724155250772
877991,370335,1833024,2203359,4.949637490380331
878264,370344,1833813,2204157,4.951647657313201
878269,370345,1833818,2204163,4.951647787873469
878280,370350,1833825,2204175,4.95159983799109
878311,370364,1833929,2204293,4.951693469127669
878314,370364,1833938,2204302,4.9517177695456365
878334,370370,1833956,2204326,4.951686151686152
878358,370370,1833971,2204341,4.951726651726652
878397,370403,1834065,2204468,4.951539269390366
878417,370419,1834094,2204513,4.951403680696725
878427,370419,1834114,2204533,4.951457673607456
878531,370516,1834316,2204832,4.95070658217189
878615,370516,1834316,2204832,4.95070658217189
878644,370522,1834340,2204862,4.95069118702803
878783,370585,1834740,2205325,4.950928936681193
878806,370598,1834791,2205389,4.950892881235193
879074,370757,1835289,2206046,4.950112877167525
879269,370803,1835495,2206298,4.950054341523666
879277,370808,1835545,2206353,4.950122435330414
879308,370823,1835579,2206402,4.950013888027442
879356,370857,1835633,2206490,4.949705681704808
879374,370857,1835690,2206547,4.949859379760932
879393,370874,1835728,2206602,4.949734950414427
879398,370880,1835749,2206629,4.9497114969801554
879410,370884,1835760,2206644,4.949687772996408
879483,370885,1835837,2206722,4.949882038906939
879532,370898,1835880,2206778,4.949824480045727
879605,370924,1836007,2206931,4.949819909199729
879613,370924,1836032,2206956,4.949887308451327
879646,370951,1836117,2207068,4.9497561672565915
879670,370961,1836155,2207116,4.949725173266192
879678,370965,1836165,2207130,4.949698758642999
879716,370965,1836192,2207157,4.949771541789657
880521,371484,1838072,2209556,4.947917003154914
880543,371497,1838124,2209621,4.947883832170919
880611,371502,1838229,2209731,4.9480998756399694
880688,371513,1838513,2210026,4.948717810682264
880876,371585,1838834,2210419,4.948622791555095
880906,371605,1838895,2210500,4.948520606558039
880916,371614,1838922,2210536,4.948473415963877
881382,371800,1839823,2211623,4.948421194190425
881414,371809,1839839,2211648,4.948344445669686
881414,371809,1839839,2211648,4.948344445669686
881423,371814,1839853,2211667,4.948315555627276
881445,371816,1839860,2211676,4.9483077651311405
881461,371826,1839882,2211708,4.948233851317552
881478,371826,1839927,2211753,4.948354875667651
881504,371826,1839995,2211821,4.948537756907801
881507,371826,1840004,2211830,4.948561961777821
881524,371829,1840046,2211875,4.948634990815671
881621,371907,1840335,2212242,4.948374190321774
881745,371907,1840521,2212428,4.948874315353032
882017,371932,1841162,2213094,4.950265102222987
882096,371982,1841301,2213283,4.949973385808991
882143,372022,1841421,2213443,4.949763723650752
882243,372030,1841474,2213504,4.949799747332205
882248,372030,1841486,2213516,4.949832002795474
882343,372052,1841557,2213609,4.949730145248513
882375,372069,1841630,2213699,4.949700190018518
882393,372083,1841668,2213751,4.949616080283163
882408,372084,1841690,2213774,4.94966190430118
882435,372109,1841744,2213853,4.949474481939432
882437,372112,1841749,2213861,4.9494480156512015
882514,372135,1841983,2214118,4.949770916468486
883558,373074,1844185,2217259,4.943215019004272
883577,373084,1844239,2217323,4.943227262493165
883671,373134,1844365,2217499,4.942902549754244
883676,373135,1844373,2217508,4.942910742760663
883694,373153,1844391,2217544,4.942720546263865
883778,373155,1844725,2217880,4.943589125162466
883779,373155,1844727,2217882,4.943594484865539
884030,373211,1845177,2218388,4.944058454868694
884060,373219,1845215,2218434,4.944054295199333
884061,373219,1845220,2218439,4.944067692159296
884150,373275,1845362,2218637,4.943706382693724
884182,373282,1845432,2218714,4.943801201236599
884411,373323,1845647,2218970,4.943834159695491
884412,373323,1845660,2218983,4.943868982087897
884651,373486,1846256,2219742,4.943307111913164
884720,373541,1846516,2220057,4.943275303112643
884819,373598,1846791,2220389,4.94325719088432
884865,373614,1846814,2220428,4.943107057016065
885093,373622,1847280,2220902,4.944248465026149
885186,373648,1847480,2221128,4.944439686549908
885209,373662,1847521,2221183,4.944364157982347
885269,373713,1847631,2221344,4.9439837522376795
885454,373722,1848700,2222422,4.946725105827326
885462,373725,1848712,2222437,4.946717506187705
886069,374099,1850507,2224606,4.946570292890384
886080,374105,1850524,2224629,4.9465364002084975
886084,374107,1850527,2224634,4.946517974804
886260,374118,1851084,2225202,4.947861369942104
886279,374118,1851146,2225264,4.948027093056202
886288,374119,1851168,2225287,4.948072672064236
886430,374185,1851536,2225721,4.948183385223887
886450,374195,1851564,2225759,4.948125977097503
886484,374216,1851640,2225856,4.948051392778503
886505,374222,1851647,2225869,4.947990764840122
886517,374222,1851676,2225898,4.948068258947897
886637,374262,1851895,2226157,4.948124575831904
886647,374262,1851895,2226157,4.948124575831904
888998,375319,1857026,2232345,4.9478603534593235
889056,375339,1857131,2232470,4.947876453019804
889058,375341,1857131,2232472,4.947850088319688
889220,375391,1857262,2232653,4.947540031593725
889221,375391,1857262,2232653,4.947540031593725
889322,375449,1857542,2232991,4.947521500922895
889324,375451,1857542,2232993,4.947495145837939
889326,375451,1857550,2233001,4.9475164535452025
889443,375476,1857769,2233245,4.947770296903131
889457,375487,1857793,2233280,4.947689267537891
889519,375518,1857995,2233513,4.947818746371679
889541,375528,1858052,2233580,4.947838776336252
889584,375534,1858085,2233619,4.947847598353278
889624,375534,1858147,2233681,4.948012696586727
889702,375570,1858326,2233896,4.948015017173896
889833,375733,1858698,2234431,4.946858540506157
889843,375739,1858717,2234456,4.946830113456415
889857,375753,1858737,2234490,4.9466990283510714
890223,376028,1859801,2235829,4.945910942802132
890287,376044,1859888,2235932,4.945931859037772
890302,376058,1859930,2235988,4.945859415302959
890377,376116,1860003,2236119,4.945290814535941
890385,376117,1860013,2236130,4.9453042537295575
890424,376117,1860061,2236178,4.945431873592526
890455,376125,1860104,2236229,4.945441010302426
890475,376144,1860152,2236296,4.945318814071207
890666,376292,1860505,2236797,4.944311864190575
890686,376293,1860547,2236840,4.944410339814985
890716,376318,1860587,2236905,4.9441881600136055
890910,376369,1860933,2237302,4.944437506808478
890913,376370,1860938,2237308,4.944437654435794
891057,376400,1861185,2237585,4.944699787460149
891077,376400,1861209,2237609,4.944763549415516
891546,376485,1861868,2238353,4.945397558999694
891616,376532,1862048,2238580,4.945258304739039
891690,376574,1862187,2238761,4.945075868222448
891739,376609,1862282,2238891,4.944868550671917
891882,376668,1862546,2239214,4.94479488568182
891925,376691,1862615,2239306,4.94467614039093
891943,376691,1862635,2239326,4.944729234306102
892098,376691,1862956,2239647,4.945581391644611
892107,376693,1862976,2239669,4.945608227389412
892684,376757,1864836,2241593,4.949704982256468
892695,376778,1864866,2241644,4.949508729278249
892704,376786,1864888,2241674,4.949462028843959
893410,376786,1866026,2242812,4.952482310913887
893514,376811,1866260,2243071,4.952774733221695
893689,376917,1866537,2243454,4.952116779025621
893707,376925,1866560,2243485,4.952072693506666
893827,377017,1866847,2243864,4.9516255235175075
893909,377062,1866964,2244026,4.951344871665667
895107,377557,1869065,2246622,4.950418082567666
895204,377602,1869234,2246836,4.950275687099115
895266,377633,1869346,2246979,4.950165901814725
895284,377633,1869379,2247012,4.950253288245466
895333,377651,1869444,2247095,4.950189460639585
895375,377663,1869482,2247145,4.950132790344831
896051,378099,1871364,2249463,4.9494021407091795
896071,378099,1871385,2249484,4.94945768171828
896111,378111,1871499,2249610,4.94960210097035
896155,378150,1871605,2249755,4.949371942350919
896625,378379,1872829,2251208,4.949611368495609
896712,378426,1873030,2251456,4.949527780860723
897138,378426,1873843,2252269,4.951676153329845
897213,378426,1874010,2252436,4.952117454931743
897333,378484,1874150,2252634,4.951728474651504
897380,378516,1874218,2252734,4.951489501104312
897385,378518,1874221,2252739,4.95147126424635
897398,378531,1874238,2252769,4.951346124888054
897490,378576,1874353,2252929,4.951061345674316
898088,378751,1875955,2254706,4.953003424413401
898259,378826,1876206,2255032,4.952685401741169
898270,378826,1876244,2255070,4.95278571164598
898284,378834,1876274,2255108,4.952760311904423
898292,378834,1876292,2255126,4.952807826119091
898311,378859,1876346,2255205,4.952623535404992
898321,378877,1876395,2255272,4.952517571665738
898352,378894,1876455,2255349,4.9524537205656465
898466,378961,1876875,2255836,4.952686424196685
899653,379013,1879560,2258573,4.95909111296974
899688,379035,1879622,2258657,4.958966850027043
899695,379038,1879628,2258666,4.9589434304739894
899912,379157,1880063,2259220,4.958534327468568
900050,379218,1880415,2259633,4.958664936790975
900106,379249,1880516,2259765,4.958525928875225
900690,379719,1881367,2261086,4.954629607683577
900780,379756,1881457,2261213,4.954383867535997
900815,379790,1881541,2261331,4.954161510308328
900822,379790,1881561,2261351,4.954214170989231
900833,379794,1881568,2261362,4.954180424124657
900840,379794,1881586,2261380,4.954227818238308
900887,379829,1881653,2261482,4.953947697516514
901003,379857,1881923,2261780,4.954293326172744
901011,379857,1881948,2261805,4.9543591404133664
901183,379903,1882226,2262129,4.954491014811675
901190,379903,1882231,2262134,4.954504176065996
901243,379920,1882296,2262216,4.954453569172458
901326,379920,1882538,2262458,4.955090545377974
901360,379945,1882614,2262559,4.954964534340497
901404,379967,1882675,2262642,4.954838183315919
901499,380007,1882883,2262890,4.954863989347564
901786,380011,1896079,2276090,4.989537144977382
901819,380035,1896134,2276169,4.989366768850237
901820,380035,1896136,2276171,4.989372031523413
902431,380295,1896923,2277218,4.988030344863856
902725,380476,1897375,2277851,4.986845425204218
902736,380476,1897423,2277899,4.986971582964497
902852,380534,1897793,2278327,4.987183799607919
902893,380553,1897860,2278413,4.987110862350317
902916,380561,1897901,2278462,4.987113761000208
902962,380581,1898016,2278597,4.987153851611089
902970,380591,1898028,2278619,4.987054344427483
902989,380591,1898086,2278677,4.987206738992777
903036,380612,1898233,2278845,4.9873177934484465
903289,380627,1898660,2279287,4.988243083123373
903759,380814,1899281,2280095,4.987424306879474
903846,380827,1899663,2280490,4.9882571351296
903997,381007,1900053,2281060,4.986924124753614
904181,381093,1900331,2281424,4.9865282227697705
904238,381141,1900460,2281601,4.986238688569322
904244,381141,1900474,2281615,4.9862754203824835
904372,381231,1900643,2281874,4.985541574530927
904428,381238,1900668,2281906,4.985515609671649
904441,381238,1900695,2281933,4.985586431572928
904511,381269,1900765,2282034,4.9853646637938045
904524,381275,1900780,2282055,4.9853255524227915
904586,381317,1900956,2282273,4.98523800407535
904613,381336,1900987,2282323,4.985070908595045
904665,381374,1901151,2282525,4.985004221577769
904684,381377,1901184,2282561,4.985051536930649
904691,381377,1901207,2282584,4.98511184471009
904775,381437,1901390,2282827,4.984807451820353
904836,381460,1901570,2283030,4.984978765794579
904862,381477,1901629,2283106,4.984911279054832
904906,381506,1901668,2283174,4.98463457979691
905006,381506,1901787,2283293,4.9849465014967
905016,381507,1901811,2283318,4.984996343448482
905034,381507,1901854,2283361,4.98510905435549
905149,381513,1902106,2283619,4.985691182213975
905189,381535,1902194,2283729,4.985634345472892
905207,381549,1902231,2283780,4.985548383038614
905244,381549,1902321,2283870,4.985784263620138
905330,381598,1902411,2284009,4.98537990241039
905371,381644,1902514,2284158,4.985048893733427
905380,381644,1902540,2284184,4.985117020050099
905398,381657,1902571,2284228,4.985028441768394
905645,381664,1903385,2285049,4.987069778653475
905945,381749,1904249,2285998,4.988222627957113
905983,381775,1904374,2286149,4.988210333311505
906050,381803,1904528,2286331,4.988247866046103
906064,381816,1904561,2286377,4.988164456177845
906078,381816,1904568,2286384,4.988182789615941
906626,381874,1904749,2286623,4.987899149981407
906652,381908,1904824,2286732,4.987651476271772
906670,381913,1904852,2286765,4.987659493130635
906687,381913,1904897,2286810,4.987777321012901
906711,381918,1904910,2286828,4.98774606067271
906714,381921,1904913,2286834,4.9877147368173
906738,381931,1904958,2286889,4.987701967109242
906823,381967,1905028,2286995,4.987415143192998
906857,381979,1905082,2287061,4.987399830880755
906898,382003,1905213,2287216,4.987429418093575
906976,382041,1905272,2287313,4.987087773301818
907112,382048,1905523,2287571,4.987653383867996
907180,382112,1905698,2287810,4.987275981911063
907191,382112,1905718,2287830,4.987328322586048
907430,382223,1906308,2288531,4.9874235721031965
907456,382225,1906346,2288571,4.987496893191183
907649,382225,1906790,2289015,4.9886585126561585
907670,382237,1906847,2289084,4.9886510201785805
907686,382255,1906879,2289134,4.988499823416306
907700,382271,1906915,2289186,4.988385203167386
907718,382285,1906945,2289230,4.988280994545954
907750,382298,1907027,2289325,4.988325860977562
907770,382307,1907056,2289363,4.988284284619429
907813,382324,1907259,2289583,4.988593444303784
907834,382335,1907301,2289636,4.988559770881556
907865,382356,1907361,2289717,4.988442707842952
907899,382368,1907393,2289761,4.9883698426646585
907988,382390,1907456,2289846,4.9882476006171705
908059,382393,1907683,2290076,4.988802096272683
908091,382413,1907767,2290180,4.988760842335381
908252,382487,1907999,2290486,4.988402220206177
908563,382643,1908431,2291074,4.987497484600528
908578,382643,1908467,2291110,4.98759156707427
909289,382921,1909369,2292290,4.9863261612708625
910999,383438,1912463,2295901,4.9876720617153225
911001,383438,1912474,2295912,4.987700749534475
911016,383456,1912503,2295959,4.987542247350413
911151,383530,1912722,2296252,4.987150939952546
911166,383544,1912760,2296304,4.987067976555493
911185,383544,1912775,2296319,4.987107085497361
911232,383556,1912815,2296371,4.987055345242937
911272,383568,1912875,2296443,4.987055750218996
911296,383588,1912933,2296521,4.986946932646485
911861,383789,1915108,2298897,4.990002318982566
911881,383808,1915170,2298978,4.989916833416708
911916,383808,1915253,2299061,4.990133087377022
911941,383812,1915270,2299082,4.990125373880963
911953,383814,1915282,2299096,4.990130636193573
912093,383845,1915506,2299351,4.99031119332022
912100,383846,1915510,2299356,4.9903086133501455
912118,383846,1915533,2299379,4.990368533213841
912432,383853,1916370,2300223,4.992458050347398
912433,383853,1916372,2300225,4.9924632606753105
912449,383860,1916409,2300269,4.992468608346793
912514,383871,1916472,2300343,4.9924896644966665
912518,383873,1916488,2300361,4.992505333795291
912531,383884,1916521,2300405,4.99244823957237
912564,383898,1916600,2300498,4.9924719586973625
912601,383914,1916652,2300566,4.992399339435394
912668,383937,1916852,2300789,4.992621185246538
912675,383937,1916868,2300805,4.992662858750264
912702,383949,1916932,2300881,4.992673506116698
912885,384168,1917753,2301921,4.99196445305179
912952,384173,1917913,2302086,4.992315961819284
913085,384288,1918275,2302563,4.991763989507869
913362,384418,1918871,2303289,4.991626302618504
914162,384633,1919573,2304206,4.990661227715771
914190,384651,1919604,2304255,4.990508278933371
914247,384690,1919727,2304417,4.990322077516962
914274,384708,1919761,2304469,4.990176965386735
914419,384708,1920097,2304805,4.991050355074498
914574,384714,1920167,2304881,4.991154467994407
914637,384741,1920271,2305012,4.991074515063381
914660,384750,1920306,2305056,4.99104873294347
915219,384750,1921889,2306639,4.995163092917479
915744,384768,1922547,2307315,4.996639533433134
916159,384933,1923519,2308452,4.997022858523431
916180,384941,1923589,2308530,4.997100854416651
916473,384994,1924392,2309386,4.998498677901474
916636,385003,1925319,2310322,5.00078960423685
916670,385027,1925359,2310386,5.0005817773818455
916689,385042,1925456,2310498,5.0006388913417235
916731,385060,1925601,2310661,5.000781696359009
916739,385066,1925623,2310689,5.000760908519578
916767,385092,1925678,2310770,5.00056609849075
917102,385092,1926329,2311421,5.002256603616798
917275,385195,1926724,2311919,5.001944469684186
918157,385742,1928655,2314397,4.999857417652213
918163,385742,1928673,2314415,4.999904080966035
919045,386657,1931241,2317898,4.994713660944972
919153,386694,1931470,2318164,4.994827951817199
919249,386694,1931710,2318404,4.995448597599135
919327,386741,1931805,2318546,4.995087151349352
919370,386785,1931888,2318673,4.9947335082797935
919376,386785,1931902,2318687,4.994769704099177
919571,386853,1932392,2319245,4.995158367648694
919608,386867,1932439,2319306,4.995099090902041
919672,386912,1932665,2319577,4.995102245471839
919730,386912,1932980,2319892,4.995916384087337
919878,386992,1933416,2320408,4.9960102534419315
919881,386994,1933422,2320416,4.995999937983535
919923,387005,1933482,2320487,4.996012971408638
919939,387012,1933504,2320516,4.995979452833504
919955,387016,1933518,2320534,4.995963991152821
919972,387034,1933570,2320604,4.995865996269061
919994,387047,1933622,2320669,4.995832547468395
920092,387048,1933911,2320959,4.996566317355986
920203,387081,1934037,2321118,4.996465855983631
920298,387157,1934269,2321426,4.996084275888077
920387,387244,1934593,2321837,4.995798514631602
920423,387248,1934616,2321864,4.995806305003512
920798,387447,1935342,2322789,4.995114170454282
920811,387447,1935368,2322815,4.9951812764068375
920860,387468,1935487,2322955,4.9952176695881985
921272,387727,1936643,2324370,4.994862364498732
921312,387749,1936748,2324497,4.994849761056766
921426,387802,1936936,2324738,4.994651909995307
921446,387802,1936981,2324783,4.994767948592323
921482,387829,1937050,2324879,4.994598134744952
921611,387911,1937251,2325162,4.994060493257474
921730,387911,1937478,2325389,4.994645679034624
921749,387934,1937530,2325464,4.994483597725386
921796,387942,1937626,2325568,4.994628062957865
921807,387950,1937647,2325597,4.994579198350303
921827,387958,1937656,2325614,4.994499404574722
921865,387969,1937736,2325705,4.994563998669997
921911,387987,1937820,2325807,4.994548786428411
922365,387988,1939043,2327031,4.997688072826994
922398,388002,1939095,2327097,4.997641764733172
922427,388011,1939138,2327149,4.997636664939911
922448,388011,1939167,2327178,4.997711405089031
922601,388146,1939527,2327673,4.996900650786045
923123,388412,1940418,2328830,4.995772530199891
923124,388412,1940423,2328835,4.995785403128637
923333,388419,1940742,2329161,4.9965166482587104
923349,388419,1940768,2329187,4.996583586281824
923357,388425,1940792,2329217,4.996568192057669
923381,388433,1940851,2329284,4.996617177222326
923527,388518,1941112,2329630,4.996195800451974
923598,388533,1941253,2329786,4.9963658170605845
923625,388576,1941359,2329935,4.996085707815202
923658,388591,1941414,2330005,4.996034390914869
923762,388626,1941613,2330239,4.99609650409391
923825,388633,1941732,2330365,4.996312716624682
924031,388740,1942132,2330872,4.995966455728765
924038,388740,1942152,2330892,4.99601790399753
924104,388755,1942240,2330995,4.996051497729932
924138,388766,1942300,2331066,4.9960644706584425
924169,388769,1942327,2331096,4.99609536768621
924205,388791,1942391,2331182,4.995977273136466
924442,388791,1943082,2331873,4.997754577652261
924507,388868,1943278,2332146,4.997268996163222
924533,388887,1943308,2332195,4.997101985923932
924642,388940,1943446,2332386,4.996775852316553
924650,388940,1943469,2332409,4.996834987401656
924677,388940,1943545,2332485,4.997030390291561
925974,389506,1945998,2335504,4.9960668128347185
925983,389508,1946018,2335526,4.996092506444027
925993,389515,1946036,2335551,4.996048932647009
926003,389515,1946061,2335576,4.996113115027662
926012,389515,1946080,2335595,4.996161893636959
926039,389531,1946130,2335661,4.996085035594086
926091,389561,1946227,2335788,4.995949286504553
926118,389571,1946307,2335878,4.996026398268865
926125,389576,1946319,2335895,4.995993079655831
926241,389588,1946651,2336239,4.996691376531104
926267,389592,1946685,2336277,4.996727345530709
926272,389595,1946703,2336298,4.996735071035306
927173,389988,1947824,2337812,4.9945741920264215
927185,389995,1947854,2337849,4.994561468736778
927445,390131,1948582,2338713,4.994686400209161
927626,390151,1948751,2338902,4.994863527198444
927672,390174,1948890,2339064,4.994925341001707
927748,390174,1949042,2339216,4.995314910783394
927753,390180,1949054,2339234,4.995268850274233
927781,390201,1949138,2339339,4.9952152864805575
927797,390201,1949164,2339365,4.995281918805949
927804,390201,1949164,2339365,4.995281918805949
927812,390206,1949182,2339388,4.995264040019887
927860,390222,1949314,2339536,4.995397491684221
927907,390227,1949509,2339736,4.995833194525238
927921,390233,1949536,2339769,4.995825570876886
927956,390266,1949612,2339878,4.995597874270369
928042,390356,1949834,2340190,4.99501480699669
928397,390414,1950136,2340550,4.995046284200874
928402,390420,1950150,2340570,4.995005378822806
928403,390420,1950152,2340572,4.995010501511193
928452,390449,1950242,2340691,4.994870008631088
928474,390453,1950255,2340708,4.994852133291331
928623,390595,1950804,2341399,4.994441813131249
928650,390603,1950891,2341494,4.994562253746131
928670,390617,1950922,2341539,4.994462606594183
929064,390622,1951690,2342312,4.996364772081449
929191,390723,1951925,2342648,4.995674685134993
929216,390729,1951957,2342686,4.99567987019136
929274,390755,1952098,2342853,4.995708308275006
929284,390760,1952116,2342876,4.995690449380694
929307,390773,1952179,2342952,4.995685474687351
929374,390801,1952331,2343132,4.9957164899782756
929407,390812,1952370,2343182,4.995675670143189
929526,390867,1952656,2343523,4.99570442119698
929583,390871,1952668,2343539,4.995683998045391
929590,390871,1952691,2343562,4.995742840988459
929717,390956,1952933,2343889,4.995275683197086
929780,390988,1953104,2344092,4.995304203709577
929860,391029,1953355,2344384,4.995422334404865
929952,391069,1953637,2344706,4.995632484293053
929970,391077,1953714,2344791,4.995727184160664
930059,391140,1953908,2345048,4.995418520222938
930680,391402,1955059,2346461,4.995015355056949
930724,391418,1955076,2346494,4.99485460556234
931150,391516,1955462,2346978,4.994590259401915
931211,391535,1955624,2347159,4.994761643275825
931255,391569,1955700,2347269,4.994522038261456
931291,391573,1955737,2347310,4.994565508857863
931523,391664,1956624,2348288,4.995669757751542
931587,391688,1956745,2348433,4.995672576132024
931710,391738,1957063,2348801,4.99584671387509
931831,391782,1957385,2349167,4.99610752918715
931905,391782,1957692,2349474,4.996891128229475
931953,391797,1957793,2349590,4.996957608149118
932025,391824,1957890,2349714,4.996860835477153
932145,391914,1958211,2350125,4.996532402516879
932602,392090,1960104,2352194,4.999117549542197
932607,392092,1960107,2352199,4.99909970109056
932610,392094,1960115,2352209,4.99909460486516
932611,392094,1960117,2352211,4.999099705682821
932624,392107,1960141,2352248,4.99899517223615
932709,392107,1960141,2352248,4.99899517223615
932739,392131,1960177,2352308,4.998781019608243
932783,392167,1960282,2352449,4.998589886451435
932838,392189,1960363,2352552,4.998516021612029
932859,392194,1960373,2352567,4.998477794152894
932930,392256,1960504,2352760,4.9980217001142115
932987,392288,1960596,2352884,4.997848519455094
932997,392292,1960621,2352913,4.997861287000499
933016,392295,1960638,2352933,4.99786640156005
933055,392334,1960715,2353049,4.997565849505778
933076,392337,1960738,2353075,4.997586258752042
933213,392437,1961085,2353522,4.997197002321392
933233,392443,1961104,2353547,4.9971690156277475
933259,392478,1961240,2353718,4.9970698994593326
933458,392583,1961736,2354319,4.996996813412705
933478,392594,1961791,2354385,4.996996897558292
933519,392651,1961940,2354591,4.99665096994532
933534,392666,1961965,2354631,4.9965237631982395
933536,392668,1961965,2354633,4.996498314097406
933548,392668,1962006,2354674,4.996602728004319
933611,392695,1962083,2354778,4.996455264263615
935741,392697,1970678,2363375,5.0183169211886005
935773,392708,1970749,2363457,5.018357150860181
936102,392880,1971348,2364228,5.017684789248626
936124,392900,1971390,2364290,5.017536268770679
936183,392921,1971445,2364366,5.017408079486716
936494,393056,1972386,2365442,5.018078848815436
936538,393089,1972474,2365563,5.017881446695277
936783,393217,1973081,2366298,5.017791702800235
936818,393244,1973163,2366407,5.017655704855001
936902,393294,1973337,2366631,5.017460220598331
937606,393644,1974707,2368351,5.016479356982451
937614,393648,1974721,2368369,5.016463947486079
937684,393679,1974869,2368548,5.016444870059109
937761,393711,1975013,2368724,5.016402894508916
937825,393752,1975167,2368919,5.016271663382027
937889,393762,1975323,2369085,5.016540448291099
937893,393764,1975326,2369090,5.01652258713341
938170,393894,1975690,2369584,5.015791050384114
938191,393896,1975690,2369586,5.015765582793428
938219,393907,1975743,2369650,5.015760065193053
938272,393909,1975896,2369805,5.016123013183248
938273,393909,1975901,2369810,5.016135706470276
938305,393926,1975961,2369887,5.0160715464325785
938316,393933,1975978,2369911,5.0160255677996
938351,393959,1976034,2369993,5.01583667335941
938354,393959,1976043,2370002,5.015859518376278
938466,394044,1976259,2370303,5.0153256996680575
938490,394047,1976281,2370328,5.0153433473671925
938503,394047,1976304,2370351,5.01540171603895
938605,394122,1976553,2370675,5.015079087186201
938631,394131,1976596,2370727,5.015073668399593
938677,394151,1976709,2370860,5.015105885815335
938685,394151,1976709,2370860,5.015105885815335
938751,394218,1976843,2371061,5.014593448295106
938765,394226,1976861,2371087,5.014537346598145
938786,394239,1976917,2371156,5.014514038438612
938849,394287,1977051,2371338,5.014243431814896
938915,394327,1977250,2371577,5.0142394510140065
939121,394444,1977677,2372121,5.013834663475677
939402,394561,1978713,2373274,5.014973603574606
939407,394561,1978725,2373286,5.015004017122828
939498,394593,1978808,2373401,5.01480766257891
939703,394705,1979233,2373938,5.01446143322228
939723,394719,1979284,2374003,5.014412784791206
939983,394891,1979803,2374694,5.013542977682449
940133,394959,1980088,2375047,5.013401391030461
940140,394959,1980112,2375071,5.013462156831468
940220,395028,1980331,2375359,5.01314084064927
940243,395031,1980414,2375445,5.013312879242388
940286,395058,1980458,2375516,5.013081623457821
940490,395167,1981178,2376345,5.013520865861775
940519,395170,1981202,2376372,5.013543538224056
940666,395220,1981350,2376570,5.0132837407013815
940739,395228,1981697,2376925,5.014060238647059
940809,395263,1981816,2377079,5.01391731581251
940833,395265,1981867,2377132,5.014020973271097
940922,395302,1982253,2377555,5.014528132921159
941330,395506,1982703,2378209,5.013079447593715
941370,395525,1982784,2378309,5.013043423298148
941378,395529,1982803,2378332,5.013040763129884
941405,395543,1982835,2378378,5.012944231094976
941409,395543,1982852,2378395,5.012987209987283
941433,395543,1982867,2378410,5.01302513253932
941454,395562,1982894,2378456,5.012852599592478
941466,395562,1982935,2378497,5.012956249589192
941559,395597,1983033,2378630,5.012760460771947
941593,395639,1983144,2378783,5.012508878042862
941624,395649,1983207,2378856,5.012541419288309
941625,395649,1983209,2378858,5.012546474273915
941696,395649,1983336,2378985,5.012867465859891
941737,395682,1983412,2379094,5.01264146461047
941777,395689,1983433,2379122,5.012605859652404
941806,395697,1983473,2379170,5.012605604793567
941821,395706,1983490,2379196,5.01253455848534
941937,395781,1983789,2379570,5.012340157814549
941950,395791,1983820,2379611,5.012291840895826
941964,395802,1983848,2379650,5.012223283358851
942030,395817,1983983,2379800,5.012374405343883
942097,395849,1984063,2379912,5.012171307746136
942121,395864,1984122,2379986,5.012130428632055
942144,395868,1984158,2380026,5.012170723574525
942184,395899,1984250,2380149,5.012010639077138
942450,395930,1984421,2380351,5.012050109867906
942523,395973,1984614,2380587,5.011993241963467
942527,395976,1984618,2380594,5.011965371638685
942948,396156,1985467,2381623,5.011831197810963
942961,396167,1985501,2381668,5.011777861356448
942971,396169,1985503,2381672,5.011757608495365
942978,396169,1985526,2381695,5.011815664527007
943012,396205,1985589,2381794,5.0115192892568245
943075,396234,1985670,2381904,5.011356925453141
943127,396255,1985753,2382008,5.011300803775347
943253,396330,1986117,2382447,5.011270910604799
943279,396330,1986222,2382552,5.011535841344334
943641,396377,1987206,2383583,5.013424088683249
943750,396452,1987399,2383851,5.01296247717252
943791,396452,1987410,2383862,5.012990223280498
943876,396523,1987578,2384101,5.0125162979196665
943910,396554,1987682,2384236,5.012386711519743
944020,396554,1988059,2384613,5.0133374017157815
944024,396555,1988062,2384617,5.013332324646014
944146,396597,1988164,2384761,5.013058596005517
944148,396599,1988166,2384765,5.013038358644374
944171,396599,1988211,2384810,5.013151823378274
944206,396637,1988310,2384947,5.012921134437786
944440,396749,1988731,2385480,5.012567139425682
944468,396766,1988788,2385554,5.012496030405831
944498,396766,1988898,2385664,5.012773271903338
944530,396766,1988988,2385754,5.013000105855845
944552,396775,1989046,2385821,5.013032575137043
946274,396820,2006284,2403104,5.055904440300388
947332,397415,2008727,2406142,5.054482090509921
948244,397853,2010465,2408318,5.053286012673023
948264,397868,2010517,2408385,5.053226195622669
948391,397936,2010680,2408616,5.052772305094287
948408,397936,2010725,2408661,5.052885388605203
948434,397952,2010759,2408711,5.052767670472821
948506,397992,2010829,2408821,5.052435727351304
948518,397995,2010849,2408844,5.052447895074058
948535,398004,2010864,2408868,5.052371332951427
948626,398004,2011420,2409424,5.053768303836143
948683,398053,2011569,2409622,5.0535205110877195
948715,398060,2011606,2409666,5.053524594282269
948732,398066,2011624,2409690,5.0534936417579
948855,398135,2011843,2409978,5.0531678953118915
948960,398208,2012065,2410273,5.052799039697846
949017,398219,2012128,2410347,5.052817670678697
949093,398255,2012240,2410495,5.0526421513854185
949780,398914,2014703,2413617,5.050469524759722
949833,398946,2014806,2413752,5.0503226000511345
949843,398948,2014813,2413761,5.050314827997634
949926,398967,2015026,2413993,5.050608195665306
950004,398973,2015233,2414206,5.051051073631549
950046,398992,2015278,2414270,5.0509233267834945
950093,399021,2015379,2414400,5.050809355898561
950102,399034,2015405,2414439,5.050709964564423
950112,399038,2015413,2414451,5.0506793839183235
950256,399043,2015888,2414931,5.0518064469242665
950366,399083,2016140,2415223,5.051931553085448
950430,399131,2016320,2415451,5.051774981146541
950817,399193,2016875,2416068,5.052380678017901
950838,399204,2016933,2416137,5.052386749631768
950850,399209,2016957,2416166,5.05238358854635
950871,399216,2016998,2416214,5.052397699491002
950878,399216,2017017,2416233,5.052445292773837
951138,399342,2017387,2416729,5.051777674274181
951181,399342,2017514,2416856,5.05209569742226
951205,399354,2017551,2416905,5.052036539010502
951514,399526,2018440,2417966,5.052086722766478
952079,399599,2019563,2419162,5.053974109044317
952575,399651,2020417,2420068,5.055453383076735
952596,399672,2020471,2420143,5.055322864749094
952602,399672,2020490,2420162,5.055370403731059
952648,399690,2020532,2420222,5.05524781705822
952697,399729,2020681,2420410,5.0551273487787975
952760,399779,2020887,2420666,5.0550103932422665
952790,399798,2020957,2420755,5.054945247349912
952797,399798,2020977,2420775,5.054995272612669
952818,399814,2021032,2420846,5.0549305427023565
952924,399861,2021378,2421239,5.055201682584698
952934,399866,2021406,2421272,5.055208494845774
952972,399888,2021537,2421425,5.055257972232225
953241,400061,2022034,2422095,5.054314217081895
953428,400199,2022576,2422775,5.053925671978191
953443,400205,2022592,2422797,5.053889881435764
953638,400217,2022979,2423196,5.054705322362619
953645,400218,2023029,2423247,5.054817624394705
953669,400247,2023100,2423347,5.05462876673654
953876,400397,2023530,2423927,5.053809094473735
953932,400438,2023613,2424051,5.053498918684041
953977,400459,2023729,2424188,5.053523581690011
954045,400490,2023863,2424353,5.053467002921422
954140,400559,2023980,2424539,5.052888588197994
954145,400562,2023990,2424552,5.052875709627973
954154,400562,2024019,2424581,5.052948107908389
954161,400562,2024042,2424604,5.053005527234236
954243,400597,2024211,2424808,5.052985918516614
954248,400598,2024232,2424830,5.0530257265388245
954296,400601,2024298,2424899,5.053152638161163
954417,400680,2024590,2425270,5.052885095337926
954427,400680,2024606,2425286,5.0529250274533295
954512,400727,2024714,2425441,5.052601896053922
955315,400727,2026660,2427387,5.0574580699578515
955327,400727,2026660,2427387,5.0574580699578515
955480,400752,2026957,2427709,5.057883678684074
955548,400810,2027251,2428061,5.057885282303336
955580,400823,2027298,2428121,5.057838497291822
955672,400865,2027502,2428367,5.057817469721726
955699,400867,2027517,2428384,5.057829654224468
955760,400916,2027636,2428552,5.057508305979307
955854,400937,2027957,2428894,5.0580440318553785
955911,400966,2028078,2429044,5.05797997835228
955916,400966,2028078,2429044,5.05797997835228
955944,400975,2028124,2429099,5.057981170895941
955958,400976,2028161,2429137,5.058060831570967
956035,400999,2028342,2429341,5.058222090329402
956036,400999,2028347,2429346,5.058234559188427
956200,400999,2028632,2429631,5.058945284152828
956481,401285,2029872,2431157,5.058429794285857
956488,401285,2029895,2431180,5.058487110158615
956534,401290,2029999,2431289,5.058683246529941
956622,401355,2030238,2431593,5.058459468550286
956643,401355,2030286,2431641,5.0585790634226555
956674,401355,2030363,2431718,5.058770913530416
956723,401355,2030472,2431827,5.059042493553089
956851,401439,2030682,2432121,5.058507020991981
956878,401447,2030740,2432187,5.058550692868548
956903,401458,2030827,2432285,5.058628798031176
956930,401477,2030868,2432345,5.05849152006217
956997,401499,2031017,2432516,5.058585451022294
957032,401523,2031075,2432598,5.058427537152292
957050,401531,2031128,2432659,5.058458749137675
957318,401670,2031599,2433269,5.057880847461846
957332,401682,2031621,2433303,5.057784516109758
957353,401695,2031654,2433349,5.057702983606966
957455,401736,2031912,2433648,5.057829022044328
957516,401769,2032056,2433825,5.057772003315338
957525,401771,2032073,2433844,5.057789138588897
957527,401771,2032078,2433849,5.057801583489102
957603,401801,2032279,2434080,5.057924196306131
957606,401803,2032283,2434086,5.057908975293863
957613,401803,2032310,2434113,5.057976172402894
957643,401803,2032371,2434174,5.058127988093668
957648,401803,2032382,2434185,5.0581553646936435
957744,401838,2032628,2434466,5.058326987492472
957762,401848,2032663,2434511,5.058288208476837
958823,402204,2034016,2436220,5.0571749659376835
958826,402207,2034039,2436246,5.057194429733943
958846,402220,2034088,2436308,5.057152801949182
958849,402220,2034094,2436314,5.057167719158669
958862,402230,2034127,2436357,5.057124033513164
959180,402363,2034623,2436986,5.056685132579288
959262,402399,2034894,2437293,5.0569062050353
959313,402419,2034941,2437360,5.056771673305684
959399,402442,2034988,2437430,5.056599460294899
959407,402442,2035005,2437447,5.056641702406806
959463,402442,2035093,2437535,5.056860367456677
959496,402449,2035107,2437556,5.056807197930669
959566,402502,2035239,2437741,5.056469284624673
959572,402502,2035253,2437755,5.056504067060536
959649,402502,2035533,2438035,5.05719971577781
959816,402610,2036025,2438635,5.057065149896923
960443,402929,2037798,2440727,5.057461736434955
960541,402929,2038088,2441017,5.05818146621365
960572,402929,2038165,2441094,5.0583725668790285
960699,402997,2038355,2441352,5.0579905061328
960710,403007,2038363,2441370,5.057884850635348
960716,403007,2038377,2441384,5.057919589486039
960750,403016,2038440,2441456,5.057962959286976
960757,403016,2038464,2441480,5.058022510272545
960910,403096,2038658,2441754,5.057499950384027
961236,403096,2039598,2442694,5.059831901085597
961256,403106,2039692,2442798,5.059939569244814
961271,403120,2039724,2442844,5.059843222861679
961280,403125,2039729,2442854,5.0597928682170545
961302,403142,2039788,2442930,5.059725853421375
961350,403163,2039876,2443039,5.059680575846494
961377,403177,2039916,2443093,5.059604094479596
961383,403177,2039930,2443107,5.059638818682614
961461,403177,2040150,2443327,5.060184484730032
961537,403215,2040362,2443577,5.06023337425443
961654,403307,2040771,2444078,5.060093179637348
961667,403313,2040779,2444092,5.060037737439656
961732,403356,2040947,2444303,5.059914814704628
961779,403394,2041032,2444426,5.059648879259483
961788,403402,2041063,2444465,5.059625386091294
961797,403410,2041085,2444495,5.059579584046007
961827,403417,2041262,2444679,5.059930543333573
961834,403417,2041278,2444695,5.059970204527821
965058,406565,2057974,2464539,5.061857267595587
965300,406672,2058795,2465467,5.0625442617146
965359,406702,2058976,2465678,5.0626158710800535
965377,406712,2059024,2465736,5.062609414032534
965387,406712,2059040,2465752,5.0626487539094
965528,406746,2059616,2466362,5.063641683015936
965531,406746,2059625,2466371,5.063663809846932
965721,406852,2059954,2466806,5.063153185925103
965890,406982,2060361,2467343,5.0625359352502075
965921,406996,2060382,2467378,5.062413389812185
965940,407004,2060421,2467425,5.062409706047115
965951,407004,2060439,2467443,5.062453931656691
966046,407059,2060593,2467652,5.062148238953076
966246,407144,2060987,2468131,5.0620591240445645
966399,407195,2061390,2468585,5.062414813541424
966421,407196,2061440,2468636,5.062525172152968
967157,407582,2062452,2470034,5.0602136502593345
967359,407684,2062753,2470437,5.059685933222791
968695,407970,2065235,2473205,5.062222712454347
968699,407970,2065254,2473224,5.062269284506214
968925,407972,2065289,2473261,5.062330257958879
968949,407985,2065345,2473330,5.062306212238195
969680,408245,2067787,2476032,5.065063870959841
969689,408250,2067812,2476062,5.065063074096755
969923,408342,2068332,2476674,5.0651953509558165
969925,408344,2068335,2476679,5.0651778892306485
969950,408344,2068378,2476722,5.065283192602315
970091,408411,2068591,2477002,5.064973764173835
970164,408427,2068697,2477124,5.0650348777137655
970526,408569,2069141,2477710,5.064361221727542
970616,408593,2069227,2477820,5.0642742288781255
970664,408593,2069339,2477932,5.064548340279936
970755,408643,2069538,2478181,5.064415639078609
970766,408656,2069569,2478225,5.064330390352766
970778,408663,2069607,2478270,5.064336629447736
970816,408682,2069683,2478365,5.064287147464287
970817,408682,2069688,2478370,5.064299381915523
970829,408687,2069709,2478396,5.064288807816251
970983,408734,2070230,2478964,5.064981136876306
971004,408747,2070286,2479033,5.06495705167255
971043,408765,2070344,2479109,5.064875906694556
971051,408765,2070366,2479131,5.064929727349455
971084,408795,2070462,2479257,5.064792866840348
971085,408795,2070464,2479259,5.064797759268092
971191,408858,2070767,2479625,5.064758424685343
971221,408870,2070818,2479688,5.064734512192139
971275,408892,2070887,2479779,5.064630758244231
971441,408898,2071170,2480068,5.06524854609218
991225,408900,2130516,2539416,5.2103595011005135
991533,409094,2131370,2540464,5.209976191290999
991669,409171,2131538,2540709,5.209406336226174
991695,409178,2131571,2540749,5.209397865965423
991712,409183,2131605,2540788,5.209417302282842
991746,409201,2131649,2540850,5.209295676208025
991766,409212,2131693,2540905,5.209263169213024
991835,409212,2131910,2541122,5.209793456692375
991847,409212,2131939,2541151,5.209864324604362
991884,409227,2131985,2541212,5.209785766823792
991975,409312,2132129,2541441,5.20905568368384
991999,409325,2132173,2541498,5.208997740182007
992068,409347,2132299,2541646,5.209025594422336
992104,409347,2132394,2541741,5.2092576713643926
992123,409363,2132472,2541835,5.209244606864812
992285,409426,2133119,2542545,5.210023300913963
992319,409426,2133202,2542628,5.210226023750324
992437,409501,2133578,2543079,5.210189962906074
992519,409555,2133700,2543255,5.209800881444495
992627,409628,2133902,2543530,5.209365570712939
992703,409676,2134104,2543780,5.209248284009803
992709,409676,2134118,2543794,5.2092824573565455
992739,409684,2134141,2543825,5.209236875250193
992831,409739,2134330,2544069,5.20899889929931
992907,409801,2134436,2544237,5.208469476648422
992943,409816,2134498,2544314,5.208430124738907
992957,409830,2134532,2544362,5.208335163360418
993082,409898,2134865,2544763,5.208283524193824
993111,409904,2134910,2544814,5.208317069362582
993148,409916,2134968,2544884,5.2083060919798205
993178,409925,2135035,2544960,5.208355186924438
993337,409991,2135163,2545154,5.207828952342856
993550,410055,2135553,2545608,5.207967223908988
993571,410072,2135605,2545677,5.207878128718859
993655,410090,2135786,2545876,5.208090906874101
993677,410090,2135860,2545950,5.2082713550683994
994150,410532,2137379,2547911,5.2063639375249675
994175,410532,2137404,2547936,5.206424834117682
994187,410543,2137414,2547957,5.206309692285583
994269,410590,2137534,2548124,5.206005991378261
994309,410604,2137634,2548238,5.206072030472183
994321,410604,2137669,2548273,5.206157270752355
994365,410623,2137743,2548366,5.206096589815963
994453,410669,2137866,2548535,5.2058129539848395
994504,410669,2137954,2548623,5.2060272384815995
994565,410681,2138012,2548693,5.20601634845537
994575,410685,2138046,2548731,5.206048431279448
994686,410727,2138223,2548950,5.205947015901073
994718,410746,2138297,2549043,5.20588636286172
994743,410754,2138318,2549072,5.205836096544403
994749,410756,2138327,2549083,5.2058326597785545
994817,410781,2138425,2549206,5.205754404415004
994849,410801,2138498,2549299,5.205678661931203
994875,410811,2138554,2549365,5.2056882605383015
994903,410827,2138579,2549406,5.205546373534359
994916,410836,2138619,2549455,5.205529700415737
995255,411003,2139292,2550295,5.20505203125038
995263,411003,2139314,2550317,5.205105558840203
995294,411016,2139369,2550385,5.205074741615898
995524,411126,2139671,2550797,5.2044166508564285
995592,411165,2139806,2550971,5.204251334622353
995714,411240,2139967,2551207,5.203693706837856
995763,411270,2140053,2551323,5.203523232912685
995937,411270,2140274,2551544,5.204060592797918
995941,411277,2140283,2551560,5.203993901920117
995966,411293,2140328,2551621,5.203900868723757
996005,411317,2140403,2551720,5.20377956661164
996021,411317,2140418,2551735,5.203816034834446
996029,411318,2140426,2551744,5.203822832941909
996084,411332,2140589,2551921,5.204041990411638
996155,411333,2140698,2552031,5.204294330870608
996207,411354,2140741,2552095,5.2041331796943755
996214,411359,2140767,2552126,5.204133129456266
996219,411359,2140779,2552138,5.204162301055769
996274,411359,2140997,2552356,5.2046922517800756
996384,411400,2141177,2552577,5.204611084103063
996485,411425,2141431,2552856,5.204912195418363
996510,411435,2141508,2552943,5.204972838966058
996663,411486,2141788,2553274,5.2050081898290586
996678,411497,2141828,2553325,5.20496625734817
997228,411633,2143402,2555035,5.207070375795915
997324,411666,2143511,2555177,5.206917743996347
997621,411853,2144362,2556215,5.206619837660525
997630,411853,2144373,2556226,5.206646546219161
997734,411924,2144579,2556503,5.206249211019508
997772,411970,2144621,2556591,5.205769837609535
997912,411981,2144999,2556980,5.206548360239914
998037,411981,2145370,2557351,5.207448887205963
998062,411993,2145396,2557389,5.207360319228725
998078,411999,2145424,2557423,5.207352445030207
998266,412130,2145943,2558073,5.206956542838425
998328,412163,2146048,2558211,5.206794399303188
998381,412186,2146176,2558362,5.206814399324577
998416,412199,2146258,2558457,5.206849118993496
998540,412280,2146585,2558865,5.206619287862618
998551,412286,2146612,2558898,5.206609004428964
998626,412344,2146784,2559128,5.206293774130338
998641,412355,2146815,2559170,5.20623006875144
998668,412373,2146853,2559226,5.206094967420272
998675,412379,2146854,2559233,5.206021645137119
998783,412379,2147411,2559790,5.207372344372531
999477,412852,2150329,2563181,5.2084742232083165
999646,412937,2150748,2563685,5.208416780283676
999756,412966,2150877,2563843,5.208363400376786
999766,412990,2150933,2563923,5.208196324366208
999803,413008,2151022,2564030,5.208184829349553
999901,413082,2151240,2564322,5.207779569189652
999955,413107,2151378,2564485,5.207798463836246
1000056,413170,2151548,2564718,5.207415833676211
1000078,413170,2151612,2564782,5.207570733596341
1000107,413178,2151656,2564834,5.20757639564546
1000152,413206,2151743,2564949,5.20743406436499
1000186,413206,2151806,2565012,5.207586530689293
1000238,413240,2151866,2565106,5.207303262026909
1000385,413296,2152249,2565545,5.207524389299679
1000488,413340,2152454,2565794,5.207466008612764
1000614,413388,2152676,2566064,5.2073983763437734
1000633,413400,2152728,2566128,5.207373004354136
1000988,413589,2153355,2566944,5.206509360742186
1001315,413728,2153785,2567513,5.205799462448758
1001933,414041,2155161,2569202,5.205187408976406
1001939,414041,2155175,2569216,5.205221222052889
1001965,414041,2155230,2569271,5.20535405913907
1002046,414089,2155418,2569507,5.205204678221349
1002061,414099,2155447,2569546,5.205149010260832
1002168,414146,2155574,2569720,5.2048649510076155
1002217,414183,2155694,2569877,5.204689714449893
1002482,414282,2156501,2570783,5.205393910428162
1002535,414324,2156605,2570929,5.205117251233334
1002801,414402,2157156,2571558,5.205467155081298
1002855,414423,2157258,2571681,5.205449504491788
1002914,414439,2157359,2571798,5.2054922437318885
1003021,414507,2157510,2572017,5.205002569317285
1003102,414557,2157761,2572318,5.204980256032343
1003158,414605,2157881,2572486,5.204667092775051
1003161,414607,2157884,2572491,5.2046492220343605
1003184,414616,2157946,2572562,5.204685781542439
1003191,414616,2157969,2572585,5.204741254558435
1003283,414670,2158129,2572799,5.204449321146936
1003362,414675,2158306,2572981,5.204813408090674
1003449,414706,2158405,2573111,5.204663062506933
1003455,414706,2158422,2573128,5.204704055403105
1003542,414796,2158531,2573327,5.203837549060261
1003709,414859,2158993,2573852,5.204160931786462
1003749,414884,2159071,2573955,5.204035344819275
1003780,414894,2159130,2574024,5.204052119336505
1003785,414896,2159134,2574030,5.204036674250896
1003795,414902,2159164,2574066,5.204033723626302
1004587,414923,2161089,2576012,5.208409753134919
1004591,414924,2161092,2576016,5.208404430690922
1004646,414983,2161209,2576192,5.2079458676620485
1004680,414992,2161264,2576256,5.207965454755755
1004714,415017,2161362,2576379,5.207887869653533
1004744,415029,2161413,2576442,5.207860173626421
1004792,415041,2161514,2576555,5.207952949226703
1004963,415109,2161977,2577086,5.208215191672549
1004974,415112,2161989,2577101,5.208206459943341
1004981,415112,2162009,2577121,5.208254639711693
1005421,415214,2163376,2578590,5.210267476530174
1005447,415224,2163422,2578646,5.210252779222781
1005761,415417,2164177,2579594,5.209649581023405
1005794,415443,2164225,2579668,5.209439080692177
1005881,415443,2164337,2579780,5.20970867242919
1005890,415446,2164350,2579796,5.209702343986944
1005921,415470,2164417,2579887,5.2095626639709245
1005937,415499,2164553,2580052,5.209526376718115
1005986,415508,2164605,2580113,5.209538685175737
1005993,415512,2164608,2580120,5.209495754635245
1006065,415550,2164832,2580382,5.209558416556371
1006078,415558,2164843,2580401,5.209484596614672
1006087,415560,2164865,2580425,5.209512465107325
1006128,415564,2164945,2580509,5.209654830543551
1006243,415630,2165188,2580818,5.209412217597382
1006257,415630,2165223,2580853,5.209496427110651
1006272,415633,2165244,2580877,5.209509350797458
1006473,415633,2165589,2581222,5.210339410008348
1006490,415635,2165613,2581248,5.210372081273232
1006559,415683,2165686,2581369,5.209946040612678
1006566,415683,2165686,2581369,5.209946040612678
1006632,415731,2165809,2581540,5.209640368411304
1006911,415918,2166281,2582199,5.208432912256743
1006951,415918,2166381,2582299,5.208673344264976
1006982,415925,2166413,2582338,5.208662619462643
1007039,415982,2166560,2582542,5.208302282310292
1007103,416016,2166700,2582716,5.208213145648244
1007260,416029,2167006,2583035,5.208785925981122
1007271,416034,2167034,2583068,5.208790627689083
1007348,416037,2167050,2583087,5.208791525753719
1007372,416043,2167078,2583121,5.208783707453316
1007613,416164,2167860,2584024,5.209148316529061
1007713,416218,2168128,2584346,5.20911637651423
1007729,416227,2168172,2584399,5.209109452294061
1007735,416227,2168186,2584413,5.209143087786232
1007776,416253,2168237,2584490,5.208940235866168
1007801,416261,2168253,2584514,5.208878564170076
1008394,416261,2169551,2585812,5.211996800084562
1008415,416261,2169581,2585842,5.212068870252077
1009193,416731,2171200,2587931,5.210075564332867
1009327,416799,2171395,2588194,5.2096934013757235
1009634,416819,2171975,2588794,5.2108349187537035
1009644,416819,2171991,2588810,5.210873304719795
1009663,416831,2172026,2588857,5.210807257617596
1009684,416843,2172065,2588908,5.2107508102571
1009715,416858,2172156,2589014,5.2107816090851085
1009722,416858,2172156,2589014,5.2107816090851085
1009848,416858,2172619,2589477,5.211892299056274
1009866,416858,2172639,2589497,5.21194027702479
1009879,416866,2172669,2589535,5.211912221193381
1009905,416884,2172719,2589603,5.211807121405475
1009929,416891,2172840,2589731,5.2120098538946635
1009948,416899,2172847,2589746,5.211926629711273
1009955,416899,2172871,2589770,5.211984197611412
1009980,416909,2172920,2589829,5.2119767143429385
1010491,417116,2173782,2590898,5.2114567650245975
1010738,417240,2174200,2591440,5.210909788131531
1010750,417240,2174229,2591469,5.210979292493529
1010971,417366,2174662,2592028,5.210443591476067
1010990,417366,2174748,2592114,5.210649645634766
1011037,417400,2174864,2592264,5.210503114518447
1011072,417412,2174940,2592352,5.2105353942867
1011076,417412,2174942,2592354,5.210540185715792
1011103,417434,2174976,2592410,5.210347024918909
1011275,417434,2175352,2592786,5.2112477661139245
1011283,417434,2175377,2592811,5.21130765582104
1011301,417440,2175411,2592851,5.211314200843235
1011328,417456,2175462,2592918,5.211236633321835
1011337,417457,2175484,2592941,5.211276850070786
1011434,417487,2175861,2593348,5.211805397533336
1011454,417497,2175885,2593382,5.211738048417114
1011490,417521,2175936,2593457,5.211560616112722
1011528,417538,2176040,2593578,5.211597507292749
1011610,417571,2176096,2593667,5.211319751611104
1011671,417604,2176215,2593819,5.211192900451145
1011729,417607,2176218,2593825,5.211162648135687
1011751,417619,2176247,2593866,5.211082350180428
1011760,417634,2176305,2593939,5.2110340633186
1011793,417639,2176349,2593988,5.211077030641295
1011801,417639,2176373,2594012,5.211134496538877
1011868,417683,2176492,2594175,5.210870444811017
1011897,417702,2176532,2594234,5.210729180133205
1011913,417702,2176558,2594260,5.210791425466002
1011942,417712,2176583,2594295,5.210726529283334
1012094,417770,2176943,2594713,5.210864829930345
1012146,417806,2177029,2594835,5.210621676088903
1012245,417886,2177179,2595065,5.20998310544024
1012387,417964,2177477,2595441,5.2097238039639775
1012406,417971,2177528,2595499,5.20975857176694
1012447,417988,2177582,2595570,5.209675875862465
1012681,418100,2178188,2596288,5.209729729729729
1012730,418115,2178266,2596381,5.209729380672782
1012768,418134,2178354,2596488,5.209703109529481
1012804,418152,2178460,2596612,5.2097323461325065
1012815,418154,2178483,2596637,5.209762432022652
1012826,418161,2178509,2596670,5.209737397796543
1012828,418162,2178512,2596674,5.2097321133914605
1012864,418192,2178581,2596773,5.20952337682213
1012967,418248,2178925,2597173,5.209648342610126
1013154,418331,2179284,2597615,5.209472881522048
1013168,418339,2179305,2597644,5.209423458008935
1013214,418365,2179360,2597725,5.209231173735852
1013273,418381,2179413,2597794,5.209158637701043
1013573,418381,2179956,2598337,5.210456497785511
1013657,418432,2180113,2598545,5.210196638880392
1013687,418438,2180131,2598569,5.2101649467782565
1013927,418454,2180816,2599270,5.211602709019391
1013950,418462,2180858,2599320,5.211603443084438
1014053,418532,2181082,2599614,5.211266999894871
1014090,418541,2181114,2599655,5.211231396685151
1014448,418629,2181453,2600082,5.210945729990039
1014466,418632,2181481,2600113,5.210975271837795
1014488,418653,2181518,2600171,5.210802263449683
1014549,418728,2181816,2600544,5.21058061557861
1014558,418732,2181825,2600557,5.210552334189887
1014701,418809,2182220,2601029,5.210537500388005
1014749,418836,2182261,2601097,5.2102994967003795
1014759,418836,2182273,2601109,5.210328147532686
1014840,418866,2182408,2601274,5.210277272445126
1014853,418873,2182427,2601300,5.210235560659197
1014909,418873,2182578,2601451,5.21059605178658
1014984,418873,2182745,2601618,5.210994740649314
1015119,418919,2182982,2601901,5.2109882817442035
1015645,419063,2184928,2603991,5.213841355595698
1015665,419085,2184978,2604063,5.213686960879058
1015681,419096,2185011,2604107,5.213628858304541
1015711,419109,2185052,2604161,5.213564967585998
1015781,419131,2185158,2604289,5.213544214100126
1015785,419131,2185168,2604299,5.213568072989113
1015808,419143,2185217,2604360,5.213535714541338
1015816,419153,2185224,2604377,5.213428032245981
1015862,419191,2185290,2604481,5.213112876946308
1015863,419191,2185295,2604486,5.213124804683306
1015956,419232,2185361,2604593,5.2127724028700095
1016086,419312,2185731,2605043,5.212660262525279
1016108,419313,2185755,2605068,5.212705067574819
1016219,419328,2186004,2605332,5.213112408424909
1017508,419757,2188263,2608020,5.213166189009355
1017511,419758,2188266,2608024,5.2131609165280945
1017517,419758,2188280,2608038,5.21319426907885
1017517,419758,2188280,2608038,5.21319426907885
1017543,419770,2188326,2608096,5.213154822879196
1017559,419778,2188343,2608121,5.2130959697745
1017581,419797,2188387,2608184,5.212964837766825
1017621,419797,2188504,2608301,5.213243543903363
1017973,419808,2189039,2608847,5.214381336229896
1017983,419808,2189059,2608867,5.214428977056178
1017991,419808,2189084,2608892,5.214488528089031
1018125,419923,2189402,2609325,5.21381777135332
1018150,419934,2189429,2609363,5.213745493339429
1018242,419934,2189484,2609418,5.213876466301848
1018252,419934,2189500,2609434,5.213914567527278
1018315,419966,2189582,2609548,5.21371253863408
1018460,419966,2189863,2609829,5.21438164041851
1018502,419984,2189954,2609938,5.214374833326984
1018503,419984,2189958,2609942,5.214384357499333
1018536,420005,2190017,2610022,5.214264115903382
1018554,420005,2190027,2610032,5.214287925143748
1018561,420008,2190047,2610055,5.214298299080018
1018637,420041,2190098,2610139,5.214010060922624
1018692,420082,2190244,2610326,5.213848724772783
1018884,420256,2190621,2610877,5.212587089773852
1018889,420256,2190632,2610888,5.212613264296048
1018911,420261,2190665,2610926,5.21262977054735
1018948,420282,2190742,2611024,5.212552524257522
1018993,420316,2190877,2611193,5.212452059878758
1019001,420316,2190898,2611214,5.2125020222879925
1019007,420316,2190915,2611231,5.212542468047849
1019041,420332,2191010,2611342,5.212570063663961
1019140,420376,2191212,2611588,5.212504995527813
1019270,420417,2191575,2611992,5.212860088911723
1019285,420417,2191613,2612030,5.212950475361367
1019351,420480,2191743,2612223,5.212478595890411
1019423,420498,2191869,2612367,5.2125551132228924
1019431,420498,2191894,2612392,5.212614566537772
1019750,420613,2192331,2612944,5.21222834291855
1019760,420614,2192355,2612969,5.212273010408593
1019792,420614,2192445,2613059,5.212486983314868
1019800,420620,2192466,2613086,5.212462555275546
1019845,420663,2192572,2613235,5.212181722661608
1019857,420668,2192595,2613263,5.212174446356747
1020025,420755,2192901,2613656,5.211823983078038
1020040,420765,2192930,2613695,5.2117690397252625
1020097,420795,2193048,2613843,5.211677895412255
1020260,420804,2193975,2614779,5.213769355804603
1020300,420813,2194034,2614847,5.213798052816809
1020308,420813,2194055,2614868,5.213847956218083
1020335,420830,2194097,2614927,5.213737138511989
1020341,420830,2194111,2614941,5.213770406102227
1020388,420848,2194191,2615039,5.213737501425693
1020429,420881,2194298,2615179,5.213582936744591
1020619,420933,2194740,2615673,5.2139889246032025
1020701,420965,2194832,2615797,5.213811124440274
1020743,420971,2194898,2615869,5.213893593620464
1020796,421017,2195013,2616030,5.213597075652527
1020797,421017,2195018,2616035,5.213608951657534
1020806,421017,2195043,2616060,5.213668331682569
1020938,421121,2195398,2616519,5.21322375279314
1021045,421121,2195750,2616871,5.214059617069679
1021870,421359,2197060,2618419,5.214223500625358
1021926,421377,2197175,2618552,5.214273678914606
1022013,421420,2197289,2618709,5.2140121493996485
1022053,421437,2197362,2618799,5.213975042533048
1022073,421446,2197382,2618828,5.213911153504838
1022121,421479,2197502,2618981,5.213787638292774
1022123,421479,2197513,2618992,5.213813736864707
1022155,421479,2197626,2619105,5.214081840376389
1022221,421481,2197690,2619171,5.21420894417542
1022272,421481,2197806,2619287,5.214484164173474
1022350,421533,2197968,2619501,5.214225220801218
1022365,421535,2197997,2619532,5.214269277758667
1022376,421544,2198021,2619565,5.214214886227772
1022383,421544,2198045,2619589,5.214271819786309
1022397,421551,2198060,2619611,5.214220817884431
1022423,421569,2198101,2619670,5.214095438706356
1022432,421571,2198117,2619688,5.21410865548152
1022461,421575,2198169,2619744,5.214182529798968
1022489,421582,2198197,2619779,5.21416236936112
1022629,421598,2198342,2619940,5.214308417022851
1022697,421598,2198591,2620189,5.214899027035233
1022748,421619,2198717,2620336,5.214938131346073
1022755,421619,2198737,2620356,5.214985567538465
1022781,421631,2198792,2620423,5.2149675901439885
1022791,421631,2198792,2620423,5.2149675901439885
1022918,421678,2198998,2620676,5.214874857118465
1023115,421742,2199133,2620875,5.214403592717823
1023159,421759,2199232,2620991,5.214428144983272
1023251,421777,2199404,2621181,5.2146134094557075
1023330,421825,2199637,2621462,5.214572393765187
1024133,422170,2201784,2623954,5.215396641163513
1024760,422445,2203572,2626017,5.216234065973085
1024822,422445,2203636,2626081,5.216385564984791
1024910,422495,2203914,2626409,5.216426229896212
1024917,422495,2203937,2626432,5.216480668410277
1024945,422510,2204024,2626534,5.216501384582614
1024962,422515,2204049,2626564,5.216498822527011
1024973,422520,2204074,2626594,5.216496260532046
1025958,422520,2204074,2626594,5.216496260532046
1026167,422572,2204914,2627486,5.217842166542033
1026231,422583,2205033,2627616,5.217987945563356
1026338,422641,2205222,2627863,5.2177190570720775
1026368,422650,2205237,2627887,5.217643440198746
1026376,422650,2205259,2627909,5.217695492724476
1026423,422681,2205341,2628022,5.21750681956369
1027634,422723,2208087,2630810,5.22348440941231
1027787,422791,2208706,2631497,5.224108365599078
1027977,422791,2209276,2632067,5.225456549453512
1028010,422791,2209308,2632099,5.225532236968148
1028013,422792,2209314,2632106,5.225534068761944
1028434,422985,2210791,2633776,5.22664160667636
1028472,423025,2210877,2633902,5.2263506884935875
1028652,423079,2211001,2634080,5.225976708841611
1028691,423089,2211036,2634125,5.225935914192995
1028707,423089,2211062,2634151,5.225997366984251
1028789,423125,2211191,2634316,5.225857607090103
1028827,423141,2211225,2634366,5.225740356051529
1028833,423141,2211239,2634380,5.2257734419496105
1029284,423308,2211798,2635106,5.225032364141476
1029397,423331,2212057,2635388,5.2253602972614805
1029542,423331,2212338,2635669,5.226024080447687
1030516,423857,2214604,2638461,5.22488480784793
1030526,423864,2214612,2638476,5.224817394258536
1030536,423872,2214645,2638517,5.224796636720519
1030545,423872,2214664,2638536,5.224841461573305
1030721,423995,2214987,2638982,5.2240875482022195
1030752,424010,2215069,2639079,5.2240961298082595
1030758,424015,2215071,2639086,5.224039243894674
1030779,424033,2215127,2639160,5.223949551096259
1030857,424101,2215449,2639550,5.2238712004923356
1030895,424101,2215602,2639703,5.224231963612441
1030920,424107,2215630,2639737,5.2242240755281095
1030934,424114,2215656,2639770,5.224199154001047
1031151,424201,2215898,2640099,5.223698199674211
1031153,424201,2215898,2640099,5.223698199674211
1031442,424409,2216630,2641039,5.22286285163604
1031473,424421,2216683,2641104,5.222840057395841
1031482,424426,2216709,2641135,5.22283978832588
1031541,424447,2216796,2641243,5.222786354951266
1031551,424449,2216803,2641252,5.2227782371969305
1031562,424470,2216833,2641303,5.222590524654275
1031568,424470,2216851,2641321,5.2226329304780075
1031622,424518,2217000,2641518,5.222393396746428
1031636,424527,2217034,2641561,5.222362770801386
1031987,424601,2218056,2642657,5.223859576402316
1032031,424625,2218171,2642796,5.223835148660583
1032281,424695,2218748,2643443,5.224332756448746
1032302,424699,2218776,2643475,5.22434948045557
1032341,424732,2218857,2643589,5.224134277615061
1032852,424755,2220687,2645442,5.228159762686725
1033278,425144,2223086,2648230,5.229018873605178
1033287,425157,2223104,2648261,5.22890132351108
1033298,425162,2223144,2648306,5.228933912249919
1033311,425172,2223157,2648329,5.228841504144206
1033689,425208,2223554,2648762,5.2293324678745465
1033701,425217,2223578,2648795,5.229278227352152
1033702,425217,2223583,2648800,5.229289986054179
1033739,425236,2223654,2648890,5.22922330188413
1033878,425286,2223967,2649253,5.229344488179719
1034444,425566,2224674,2650240,5.2275651720297205
1034459,425575,2224701,2650276,5.22751806379604
1034513,425594,2224807,2650401,5.227533752825463
1034524,425594,2224822,2650416,5.227568997683238
1034540,425598,2224839,2650437,5.227559809961513
1034573,425607,2224959,2650566,5.227731216826791
1034601,425617,2225001,2650618,5.227707069971359
1034632,425639,2225030,2650669,5.227504998367161
1034761,425704,2225291,2650995,5.227319921823614
1034827,425754,2225425,2651179,5.227020767861253
1034995,425754,2225688,2651442,5.227638495469215
1035007,425757,2225704,2651461,5.227639240223883
1035017,425759,2225712,2651471,5.227633473396922
1035024,425759,2225732,2651491,5.22768044832875
1035085,425797,2225817,2651614,5.22741353273978
1035160,425869,2225969,2651838,5.226886671722995
1035185,425877,2225990,2651867,5.226837795889423
1035331,425883,2226238,2652121,5.227346477788501
1035381,425934,2226335,2652269,5.226948306545146
1035511,425994,2226645,2652639,5.226939816053747
1035538,426005,2226695,2652700,5.226922219222779
1035545,426005,2226695,2652700,5.226922219222779
1035560,426019,2226732,2652751,5.226837300683773
1035570,426024,2226749,2652773,5.226815860139335
1035594,426051,2226831,2652882,5.226677087954259
1035625,426089,2226970,2653059,5.226537178852306
1035647,426099,2227027,2653126,5.226548290420771
1035679,426129,2227068,2653197,5.226276550058785
1035707,426136,2227114,2653250,5.226298646441512
1035936,426242,2227438,2653680,5.225759075830163
1036028,426242,2227621,2653863,5.2261884094012325
1036210,426348,2227990,2654338,5.225754547927984
1036265,426348,2228121,2654469,5.226061808663346
1036279,426348,2228148,2654496,5.226125137211855
1036292,426359,2228183,2654542,5.226072394390642
1036343,426361,2228284,2654645,5.2262847680721265
1036370,426372,2228310,2654682,5.226210914412766
1036388,426376,2228341,2654717,5.226234591065163
1036409,426378,2228341,2654719,5.226210076504885
1036447,426401,2228428,2654829,5.226132208883188
1036489,426427,2228535,2654962,5.226064484659743
1036499,426427,2228551,2654978,5.226102005736035
1036516,426435,2228604,2655039,5.2261282493228745
1036596,426440,2228840,2655280,5.226620392083294
1036602,426440,2228854,2655294,5.226653222024201
1036623,426452,2228897,2655349,5.226606980387007
1036759,426557,2229161,2655718,5.225939323466735
1036778,426565,2229180,2655745,5.225885855614033
1037103,426565,2229786,2656351,5.2273065066285325
1037109,426565,2229800,2656365,5.227339326948999
1037132,426571,2229817,2656388,5.227305653689538
1037205,426590,2229879,2656469,5.227218172015284
1037226,426598,2229912,2656510,5.227197502097994
1037541,426728,2230411,2657139,5.226774432425339
1037667,426791,2230641,2657432,5.226541796804525
1037746,426849,2230766,2657615,5.226124460874923
1037815,426889,2231049,2657938,5.226297702681493
1037828,426895,2231062,2657957,5.226254699633399
1037835,426895,2231085,2657980,5.226308577050562
1037869,426896,2231124,2658020,5.226387691615757
1037881,426901,2231149,2658050,5.226385040091262
1037888,426901,2231169,2658070,5.226431889360765
1037905,426901,2231207,2658108,5.226520902972821
1037929,426905,2231229,2658134,5.226523465407995
1038070,426979,2231816,2658795,5.226992428199045
1038077,426979,2231836,2658815,5.227039268910181
1038096,426984,2231843,2658827,5.226994454124744
1038108,426991,2231887,2658878,5.227011810553384
1038113,426991,2231899,2658890,5.227039914190229
1038279,427084,2232152,2659236,5.226494085472647
1038423,427093,2232977,2660070,5.228315612758814
1038881,427513,2235532,2663045,5.229155604624888
1038912,427539,2235620,2663159,5.229043432295065
1039060,427540,2236054,2663594,5.230046311456238
1039118,427572,2236192,2663764,5.229977641192595
1039129,427577,2236204,2663781,5.2299445479995414
1039336,427651,2236319,2663970,5.229308478174961
1039382,427651,2236462,2664113,5.2296428629887455
1039496,427651,2236621,2664272,5.230014661487989
1039498,427651,2236626,2664277,5.2300263532646944
1039512,427657,2236663,2664320,5.2300394942676025
1039602,427657,2236948,2664605,5.2307059161898435
1039635,427680,2236999,2664679,5.230543864571643
1039721,427756,2237128,2664884,5.229916120405091
1039780,427825,2237250,2665075,5.229357798165138
1039838,427834,2237388,2665222,5.229570347377721
1039883,427868,2237472,2665340,5.229351108285733
1039945,427891,2237556,2665447,5.229266331846194
1039952,427892,2237578,2665470,5.229305525693399
1039962,427892,2237594,2665486,5.229342918306489
1040053,427977,2237848,2665825,5.2288978146021865
1040253,428009,2238232,2666241,5.229404054587637
1040256,428009,2238241,2666250,5.229425082182852
1040268,428017,2238264,2666281,5.2293810759853
1040289,428021,2238316,2666337,5.229453695028982
1040343,428048,2238398,2666446,5.229315403879939
1040394,428097,2238581,2666678,5.2291443294393565
1040610,428097,2239356,2667453,5.2309546668161655
1040735,428107,2239827,2667934,5.231932671037848
1040816,428162,2240012,2668174,5.2316926770708285
1041076,428341,2240627,2668968,5.230942169906687
1041393,428483,2241009,2669492,5.230100143996378
1042040,428593,2242354,2670947,5.231895994568274
1042167,428652,2242598,2671250,5.231745098588132
1042169,428652,2242609,2671261,5.231770760430372
1042209,428672,2242686,2671358,5.231706292923261
1042223,428682,2242697,2671379,5.231609911309548
1042319,428746,2242790,2671536,5.23104588730857
1042365,428753,2242902,2671655,5.231221705737336
1042400,428763,2242968,2671731,5.231253629627557
1042689,428909,2243418,2672327,5.2305220920987905
1043754,429405,2245333,2674738,5.228940044945913
1043772,429405,2245387,2674792,5.229065800351649
1044079,429527,2245837,2675364,5.228628235244816
1044189,429551,2245956,2675507,5.228613133248438
1044332,429640,2246227,2675867,5.228160785774136
1044338,429640,2246245,2675885,5.228202681314589
1044428,429687,2246418,2676105,5.228033428984354
1044434,429687,2246436,2676123,5.2280753199421905
1044578,429694,2246748,2676442,5.22871624923783
1044595,429696,2246760,2676456,5.228719839142091
1044647,429729,2246821,2676550,5.228460262165225
1044697,429747,2246979,2676726,5.228608925716759
1044804,429779,2247132,2676911,5.228575616770479
1044810,429779,2247146,2676925,5.228608191651989
1044972,429903,2247581,2677484,5.228111922922148
1044986,429921,2247600,2677521,5.227937225676345
1045256,429921,2247982,2677903,5.228825761011906
1045295,429954,2248051,2678005,5.228584918386618
1045497,430050,2248620,2678670,5.228740844087897
1045660,430059,2249462,2679521,5.230589291236784
1046700,430523,2251232,2681755,5.229063255621651
1046791,430571,2251339,2681910,5.22872882753367
1046817,430585,2251385,2681970,5.228665652542471
1046844,430600,2251426,2682026,5.228578727357176
1046929,430607,2251527,2682134,5.228728283562506
1046945,430615,2251535,2682150,5.228649721909362
1046974,430645,2251600,2682245,5.228436415144725
1047132,430797,2251930,2682727,5.227357664979097
1047242,430797,2252270,2683067,5.228146899815923
1047518,430913,2252932,2683845,5.2282757772450585
1047549,430913,2253009,2683922,5.2284544676071505
1047654,430947,2253212,2684159,5.228513019002337
1047709,430955,2253298,2684253,5.2286155167012796
1047751,430989,2253400,2684389,5.228439704957667
1047762,430994,2253422,2684416,5.228430094154443
1047808,431018,2253509,2684527,5.228340811752641
1047967,431140,2253788,2684928,5.227508465927541
1048121,431207,2254109,2685316,5.227440649154582
1048430,431238,2254918,2686156,5.228940863281993
1048532,431312,2255221,2686533,5.228746244018251
1048611,431317,2255454,2686771,5.22922583621791
1048641,431342,2255554,2686896,5.22915459194792
1049019,431507,2256136,2687643,5.228503824966919
1049020,431507,2256141,2687648,5.228515412264459
1049046,431523,2256180,2687703,5.22841192705835
1049331,431528,2256375,2687903,5.228803229454404
1049353,431531,2256381,2687912,5.22878078284063
1049448,431531,2256486,2688017,5.229024102555784
1049469,431552,2256510,2688062,5.228825263235948
1049499,431566,2256532,2688098,5.22870661729608
1049649,431654,2257307,2688961,5.229436076116519
1049655,431654,2257325,2688979,5.22947777618185
1049667,431659,2257358,2689017,5.229493651238593
1049827,431777,2257656,2689433,5.228754658075812
1049828,431778,2257659,2689437,5.228749496268916
1049853,431810,2257760,2689570,5.228595910238299
1051159,432547,2261222,2693769,5.227690863651811
1051185,432549,2261237,2693786,5.227701370249382
1051218,432572,2261306,2693878,5.227582922611727
1051395,432572,2261687,2694259,5.228463700840554
1051480,432599,2261894,2694493,5.228615877521677
1051580,432695,2262168,2694863,5.228089069668011
1052239,432986,2263288,2696274,5.227162079143437
1052278,433023,2263372,2696395,5.226909425134462
1052425,433152,2263768,2696920,5.226266991725768
1052433,433160,2263797,2696957,5.226237418044141
1052463,433167,2263853,2697020,5.22628224218373
1052471,433167,2263878,2697045,5.226339956644897
1052501,433178,2263970,2697148,5.226419624265313
1053355,433178,2263970,2697148,5.226419624265313
1053443,433233,2264146,2697379,5.226162365286116
1053481,433251,2264188,2697439,5.226042178783199
1053497,433256,2264231,2697487,5.226081116014551
1053536,433268,2264290,2697558,5.226072546322369
1053603,433291,2264443,2697734,5.226148246790263
1053713,433354,2264737,2698091,5.22606691065503
1053748,433361,2264814,2698175,5.226160175927229
1053824,433403,2264945,2698348,5.225955980923067
1053860,433403,2264986,2698389,5.226050581098884
1053896,433415,2265059,2698474,5.22607431676338
1053994,433415,2265181,2698596,5.2263558021757435
1054006,433421,2265202,2698623,5.226331903622575
1054022,433435,2265239,2698674,5.226248457092759
1054065,433435,2265288,2698723,5.226361507492473
1054123,433452,2265544,2698996,5.226747136937885
1054171,433475,2265625,2699100,5.226656669934829
1054189,433478,2265650,2699128,5.226678170518458
1054690,433572,2266376,2699948,5.227219469891967
1054716,433586,2266443,2700029,5.227205214190495
1055436,433775,2268592,2702367,5.229881851190133
1055578,433804,2268747,2702551,5.229889535366202
1055715,434038,2269097,2703135,5.227876361055944
1055827,434079,2269284,2703363,5.227813370377282
1057425,434714,2271831,2706545,5.226035968475825
1057477,434747,2271904,2706651,5.225807193609157
1057485,434754,2271924,2706678,5.225769055603859
1057529,434783,2272002,2706785,5.225599896960093
1057794,434902,2272713,2707615,5.225804893976115
1057846,434902,2272919,2707821,5.226278563906352
1057992,434983,2273278,2708261,5.226130676371261
1058006,434990,2273313,2708303,5.226127037403159
1058175,435036,2273438,2708474,5.2258617677617485
1058178,435037,2273447,2708484,5.225870443203681
1058179,435037,2273452,2708489,5.225881936478967
1058202,435037,2273566,2708603,5.226143983155456
1058203,435037,2273571,2708608,5.2261554764307405
1058221,435045,2273585,2708630,5.226091553747313
1058260,435071,2273682,2708753,5.226002192745552
1058376,435167,2273885,2709052,5.225315798302721
1058396,435167,2273950,2709117,5.225465166246521
1058578,435300,2274367,2709667,5.224826556397886
1058627,435331,2274433,2709764,5.22460610432062
1058631,435331,2274443,2709774,5.224629075347265
1058647,435346,2274494,2709840,5.224566207108828
1058672,435360,2274521,2709881,5.224460216832047
1059014,435496,2274934,2710430,5.223777026654665
1059017,435497,2274937,2710434,5.2237719203576605
1059154,435624,2275469,2711093,5.223470240390796
1059162,435624,2275490,2711114,5.22351844710117
1059516,435684,2276020,2711704,5.224015570918372
1059534,435701,2276110,2711811,5.224018306131957
1059595,435742,2276212,2711954,5.223760849309913
1059632,435761,2276272,2712033,5.2236707736580374
1060013,436032,2277164,2713196,5.2224699104652865
1060066,436032,2277393,2713425,5.222995101276971
1060172,436083,2277632,2713715,5.222932331689151
1060291,436162,2277753,2713915,5.2222637460393155
1060636,436337,2279000,2715337,5.2230271556159575
1060753,436402,2279273,2715675,5.222874780592206
1060843,436410,2279364,2715774,5.222987557572008
1060851,436421,2279399,2715820,5.222936109857225
1060860,436429,2279413,2715842,5.222872448897759
1060907,436429,2279532,2715961,5.223145116387775
1060960,436455,2279639,2716094,5.223079126141298
1060991,436471,2279697,2716168,5.223020544320241
1061048,436495,2279838,2716333,5.223056392398538
1061190,436550,2280257,2716807,5.223358149123812
1061212,436560,2280314,2716874,5.22336906725307
1061229,436566,2280357,2716923,5.223395775209247
1061266,436591,2280403,2716994,5.223202035772611
1061342,436623,2280631,2717254,5.223341418111277
1062192,437012,2281598,2718610,5.220904689116089
1062700,437028,2282486,2719514,5.222745453380561
1062715,437043,2282505,2719548,5.222609674562915
1062769,437075,2282583,2719658,5.222405765600869
1062799,437092,2282649,2719741,5.222353646371931
1062815,437092,2282675,2719767,5.22241313041648
1062869,437106,2282758,2719864,5.222435747850636
1062940,437124,2282899,2720023,5.222543260036054
1062960,437124,2282985,2720109,5.222740000549043
1063033,437150,2283057,2720207,5.222594075260208
1064233,437640,2285571,2723211,5.222491088565945
1064409,437782,2285952,2723734,5.2216674052382235
1064545,437825,2286438,2724263,5.222264603437447
1064550,437830,2286459,2724289,5.222252929219104
1064557,437830,2286476,2724306,5.222291757074664
1064822,437920,2287008,2724928,5.222433321154549
1065062,437962,2287177,2725139,5.222318374653509
1065076,437968,2287205,2725173,5.222310762430132
1065144,437994,2287347,2725341,5.222324963355662
1065162,438001,2287389,2725390,5.222337391923762
1065168,438001,2287407,2725408,5.222378487720348
1065176,438001,2287426,2725427,5.222421866616743
1065179,438001,2287432,2725433,5.222435565215605
1065186,438003,2287439,2725442,5.222427700266893
1065549,438160,2288348,2726508,5.2226310023735625
1065554,438160,2288360,2726520,5.222658389629359
1065644,438202,2288429,2726631,5.222315279254773
1065756,438261,2288665,2726926,5.222150727534506
1065795,438285,2288741,2727026,5.222038171509406
1065941,438376,2289005,2727381,5.221556380823768
1065964,438397,2289083,2727480,5.22148417986437
1066012,438421,2289204,2727625,5.221474336311445
1066022,438421,2289224,2727645,5.22151995456422
1066089,438421,2289297,2727718,5.22168646118685
1066359,438498,2289527,2728025,5.22129405379272
1066650,438567,2290005,2728572,5.221562497862356
1066976,438776,2290589,2729365,5.220406312104582
1067038,438776,2290653,2729429,5.220552172406878
1067091,438829,2290722,2729551,5.220078891777891
1067162,438829,2290894,2729723,5.220470843996181
1067185,438837,2290943,2729780,5.2204873335657656
1067197,438847,2290971,2729818,5.220432177957238
1067293,438847,2291120,2729967,5.220771704033524
1067394,438912,2291335,2730247,5.220488389472149
1067439,438926,2291415,2730341,5.220504139649964
1067445,438926,2291429,2730355,5.220536035687109
1067492,438950,2291533,2730483,5.220487527053195
1067495,438950,2291542,2730492,5.2205080305273945
1068338,439323,2293822,2733145,5.221265447062867
1068458,439337,2294010,2733347,5.221526982703483
1068488,439350,2294052,2733402,5.221468077842267
1068578,439350,2294318,2733668,5.2220735176965976
1068612,439370,2294403,2733773,5.222029269180872
1068633,439376,2294448,2733824,5.222060376533993
1068640,439376,2294468,2733844,5.222105895633808
1068729,439392,2294622,2734014,5.22226622241643
1068732,439392,2294627,2734019,5.222277601777001
1068780,439449,2294726,2734175,5.221825513313263
1068994,439489,2295231,2734720,5.222499311700634
1069033,439489,2295349,2734838,5.222767805337562
1069047,439489,2295382,2734871,5.22284289254111
1069662,439844,2297262,2737106,5.222901756077155
1069675,439852,2297287,2737139,5.222863599574402
1069765,439877,2297381,2737258,5.22278045908288
1069821,439904,2297427,2737331,5.222564468611333
1069918,439964,2297571,2737535,5.222179541962524
1070627,440066,2299583,2739649,5.225541168824677
1070662,440073,2299650,2739723,5.22561029647354
1070711,440088,2299752,2739840,5.225663958117467
1070718,440088,2299775,2739863,5.225716220392285
1070827,440136,2299994,2740130,5.2256438918879615
1070849,440140,2300025,2740165,5.22566683328032
1070871,440140,2300092,2740232,5.225819057572591
1070902,440172,2300179,2740351,5.225636796524995
1071008,440212,2300442,2740654,5.225759406831254
1071324,440418,2301346,2741764,5.225367718848911
1071378,440428,2301585,2742013,5.225791729862769
1071404,440446,2301630,2742076,5.225680333116886
1071514,440508,2302033,2742541,5.225859689267845
1071572,440553,2302124,2742677,5.22553245579987
1071652,440579,2302197,2742776,5.22538977118746
1071985,440779,2302746,2743525,5.224264313862503
1072039,440804,2302845,2743649,5.224192611682289
1072042,440807,2302860,2743667,5.224191085894734
1072176,440822,2303100,2743922,5.224557758006633
1073294,440829,2305134,2745963,5.229088830362794
1073303,440831,2305158,2745989,5.229119549215005
1073414,440902,2305436,2746338,5.2289080113040995
1073423,440910,2305449,2746359,5.228842620943049
1073430,440911,2305453,2746364,5.228839833889379
1073441,440911,2305495,2746406,5.228935091208883
1073450,440913,2305515,2746428,5.228956732960924
1073621,441031,2305918,2746949,5.228471467992046
1073672,441050,2306009,2747059,5.2284525563995015
1073677,441050,2306021,2747071,5.22847976419907
1073696,441056,2306029,2747085,5.228426775738228
1073741,441077,2306194,2747271,5.228551930842007
1073802,441103,2306316,2747419,5.228520322917777
1073930,441208,2306712,2747920,5.228173559862922
1073936,441208,2306726,2747934,5.228205290928542
1073957,441214,2306749,2747963,5.228186322283518
1074026,441244,2306877,2748121,5.228120948953413
1074046,441244,2306966,2748210,5.228322651412824
1074064,441256,2307001,2748257,5.2282597857026305
1074155,441317,2307185,2748502,5.227954055701457
1074171,441327,2307223,2748550,5.2279216997827005
1074543,441330,2307938,2749268,5.22950626515306
1074548,441335,2307949,2749284,5.229471943081786
1074558,441335,2307974,2749309,5.229528589393545
1074580,441343,2308007,2749350,5.229508568165803
1074743,441357,2308414,2749771,5.2302648422932005
1074812,441406,2308570,2749976,5.230037652410706
1074831,441406,2308591,2749997,5.23008522765889
1074929,441407,2308880,2750287,5.2307281035416295
1074960,441431,2308957,2750388,5.230618148702741
1074971,441440,2308985,2750425,5.230574936571221
1075007,441452,2309011,2750463,5.230491650281344
1075088,441481,2309193,2750674,5.230560318564105
1075249,441569,2309454,2751023,5.230108997687791
1075269,441580,2309492,2751072,5.230064767426061
1075379,441623,2309804,2751427,5.230262010810125
1077055,441667,2311959,2753626,5.234620200286641
1077147,441710,2312149,2753859,5.234540762038441
1077165,441710,2312159,2753869,5.234563401326662
1077314,441815,2312380,2754195,5.233819585120469
1077367,441863,2312459,2754322,5.233429818744724
1077383,441872,2312472,2754344,5.233352645109896
1077402,441872,2312510,2754382,5.233438642864902
1077508,441918,2312632,2754550,5.233169954606963
1077510,441919,2312635,2754554,5.233164901260186
1077538,441919,2312661,2754580,5.233223735571451
1077618,441925,2312710,2754635,5.233263562821746
1077734,441976,2312925,2754901,5.23314614368201
1077765,441987,2312979,2754966,5.2331380787217725
1077798,441999,2313075,2755074,5.233213197314926
1077878,442042,2313196,2755238,5.232977861832134
1078143,442108,2313362,2755470,5.232572131696328
1078160,442135,2313444,2755579,5.232438056249788
1078253,442188,2313586,2755774,5.232132034338336
1078392,442220,2313660,2755880,5.231920763420922
1078741,442225,2314391,2756616,5.233514613601673
1078783,442240,2314456,2756696,5.2334840810419685
1079098,442288,2315009,2757297,5.234166425496509
1079331,442350,2315301,2757651,5.234092912851814
1079336,442350,2315314,2757664,5.234122301345089
1079374,442370,2315404,2757774,5.234089110925243
1079467,442410,2315611,2758021,5.2340837684500805
1079560,442445,2315775,2758220,5.234040389200918
1079677,442507,2316120,2758627,5.234086692413905
1079685,442507,2316141,2758648,5.234134149290294
1079697,442507,2316170,2758677,5.234199684976735
1079842,442507,2316420,2758927,5.2347646477908825
1079843,442507,2316420,2758927,5.2347646477908825
1079850,442507,2316440,2758947,5.234809844816014
1079890,442517,2316502,2759019,5.23483165618496
1079970,442535,2316578,2759113,5.23479046855051
1079981,442544,2316592,2759136,5.2347156440941465
1080005,442562,2316631,2759193,5.234590859585776
1080105,442596,2316840,2759436,5.234660954911477
1080112,442601,2316847,2759448,5.234617635296802
1080126,442611,2316868,2759479,5.2345468142454665
1080156,442611,2316909,2759520,5.234639446376163
1080360,442659,2317346,2760005,5.235059040932184
1080370,442659,2317356,2760015,5.235081631684886
1080459,442661,2317617,2760278,5.23564759488638
1080502,442677,2317698,2760375,5.2356413366856644
1080508,442677,2317712,2760389,5.235672962453437
1080519,442685,2317717,2760402,5.2355896404892865
1080551,442685,2317807,2760492,5.235792945322294
1080652,442716,2317984,2760700,5.235826127811057
1080676,442744,2318043,2760787,5.235628263737058
1080687,442747,2318063,2760810,5.235637960279798
1080722,442765,2318131,2760896,5.235578692986121
1080744,442776,2318202,2760978,5.235608976096265
1080754,442776,2318218,2760994,5.235645111749507
1080816,442792,2318298,2761090,5.235636596867152
1080855,442814,2318384,2761198,5.235570691080228
1080946,442841,2318593,2761434,5.235723431208944
1080978,442884,2318674,2761558,5.235397982315911
1081595,443033,2319151,2762184,5.2347138926445655
1081654,443058,2319235,2762293,5.234608109999142
1081661,443058,2319252,2762310,5.234646479693404
1081696,443088,2319386,2762474,5.234594482360163
1081739,443120,2319492,2762612,5.234455677920202
1081762,443131,2319514,2762645,5.234375387864988
1081800,443131,2319585,2762716,5.234535611365488
1081868,443174,2319701,2762875,5.234289466439818
1081878,443181,2319718,2762899,5.2342451504013034
1082042,443187,2320072,2763259,5.234973047494624
1082057,443190,2320095,2763285,5.2349895078860085
1082073,443204,2320124,2763328,5.2348895768088735
1082098,443221,2320166,2763387,5.234783550418414
1082109,443227,2320201,2763428,5.234791653035578
1082230,443307,2320465,2763772,5.234442496960345
1082278,443339,2320621,2763960,5.234416552570381
1082322,443351,2320771,2764122,5.234613207142873
1082740,443566,2321428,2764994,5.233557125658865
1082791,443586,2321519,2765105,5.233526306060155
1083010,443658,2322060,2765718,5.23389637964378
1083131,443702,2322320,2766022,5.2339633357523745
1083153,443722,2322350,2766072,5.233795033827486
1083154,443722,2322352,2766074,5.233799541154146
1083188,443748,2322395,2766143,5.233589785193398
1083228,443771,2322480,2766251,5.233510076142876
1083247,443776,2322518,2766294,5.2335367392558405
1083277,443776,2322609,2766385,5.233741797663686
1083484,443865,2323273,2767138,5.234188323026145
1083522,443865,2323382,2767247,5.234433893188244
1083554,443865,2323430,2767295,5.234542034177059
1083858,443999,2324230,2768229,5.234764042261356
1084234,444334,2325253,2769587,5.23311968024054
1084334,444340,2325501,2769841,5.233607147679705
1084610,444504,2325956,2770460,5.232699818224358
1084620,444504,2325981,2770485,5.232756060687868
1084659,444534,2326083,2770617,5.232632374576522
1084815,444563,2326197,2770760,5.232547467962921
1084908,444638,2326466,2771104,5.2322698464818576
1084967,444638,2326558,2771196,5.232476756372599
1085112,444657,2326790,2771447,5.232774925391931
1085142,444666,2326834,2771500,5.232767965169363
1085237,444699,2327065,2771764,5.232899107036445
1085246,444703,2327074,2771777,5.232872276553115
1085280,444720,2327131,2771851,5.232800413743479
1085328,444755,2327212,2771967,5.23257074119459
1085356,444769,2327266,2772035,5.232527446831951
1085443,444842,2327475,2772317,5.232138602020493
1085451,444842,2327475,2772317,5.232138602020493
1085611,444882,2327683,2772565,5.232135712391151
1085614,444885,2327684,2772569,5.2321026782202145
1085624,444885,2327704,2772589,5.232147633658136
1085891,445000,2328237,2773237,5.231993258426966
1085904,445001,2328241,2773242,5.231990489909012
1085912,445001,2328263,2773264,5.2320399280001615
1085920,445001,2328263,2773264,5.2320399280001615
1085933,445006,2328281,2773287,5.232021590720125
1085935,445006,2328281,2773287,5.232021590720125
1085957,445015,2328354,2773369,5.23207981753424
1085985,445041,2328411,2773452,5.231902229232812
1085993,445043,2328425,2773468,5.231910174971857
1086026,445060,2328496,2773556,5.231869860243562
1086511,445218,2328891,2774109,5.230900367909653
1086591,445248,2329027,2774275,5.230853367112261
1086644,445257,2329126,2774383,5.230969979135645
1086746,445306,2329357,2774663,5.230913124907367
1086762,445306,2329405,2774711,5.2310209159544225
1086790,445317,2329477,2774794,5.231053384442992
1088127,445329,2332761,2778090,5.2382867497962184
1088142,445335,2332775,2778110,5.2382476113487595
1088470,445335,2332775,2778110,5.2382476113487595
1088517,445373,2332892,2778265,5.2380633760915005
1088565,445382,2333001,2778383,5.23820226232762
1088623,445410,2333081,2778491,5.238052580768281
1088685,445463,2333249,2778712,5.2378065069377255
1088701,445470,2333285,2778755,5.237805014928053
1088744,445494,2333353,2778847,5.237675479355502
1088781,445508,2333413,2778921,5.2376455641649535
1088782,445508,2333415,2778923,5.23765005342216
1089004,445641,2334085,2779726,5.237590347387247
1089034,445655,2334119,2779774,5.2375021036451965
1089364,445655,2334792,2780447,5.239012240410183
1089416,445682,2334850,2780532,5.238824991810304
1089486,445696,2334965,2780661,5.238918455628949
1089639,445804,2335177,2780981,5.2381248261567865
1089648,445808,2335203,2781011,5.238136148297024
1089656,445808,2335221,2781029,5.23817652442307
1089770,445864,2335408,2781272,5.237938025945131
1089823,445864,2335486,2781350,5.238112967182818
1089898,445890,2335557,2781447,5.237966763103008
1089976,445932,2335791,2781723,5.237998170124593
1090295,446002,2336307,2782309,5.238333011959588
1090314,446014,2336372,2782386,5.238337810023901
1090585,446066,2337153,2783219,5.239478014464227
1090610,446081,2337203,2783284,5.239413918100076
1090641,446110,2337253,2783363,5.239185402703369
1090642,446110,2337258,2783368,5.239196610701397
1090667,446119,2337296,2783415,5.239176094270811
1090698,446119,2337327,2783446,5.239245582456698
1090733,446137,2337378,2783515,5.239148512676599
1090773,446159,2337448,2783607,5.239047066180443
1091015,446303,2337888,2784191,5.238342560995557
1091031,446312,2337898,2784210,5.238259334277367
1091134,446312,2338147,2784459,5.238817239957697
1091642,446530,2339334,2785864,5.23891787785815
1091646,446530,2339340,2785870,5.238931314805276
1091681,446558,2339457,2786015,5.2388648283089765
1091688,446558,2339474,2786032,5.238902897272023
1091708,446569,2339500,2786069,5.238832072983122
1091773,446596,2339568,2786164,5.238667610099508
1091778,446596,2339580,2786176,5.238694480022213
1091788,446596,2339606,2786202,5.238752698188072
1091810,446613,2339688,2786301,5.2387368930147575
1091897,446675,2339868,2786543,5.238412716180668
1091931,446703,2339920,2786623,5.238200773220686
1091944,446711,2339930,2786641,5.238129349848112
1092029,446764,2340095,2786859,5.237877268535513
1092116,446764,2340505,2787269,5.238794979004575
1092281,446874,2340807,2787681,5.238181232293667
1092282,446874,2340812,2787686,5.238192421129893
1092325,446909,2340892,2787801,5.237961195679658
1092331,446909,2340904,2787813,5.237988046783573
1092361,446931,2340972,2787903,5.237882357679373
1092386,446931,2340972,2787903,5.237882357679373
1092477,446977,2341157,2788134,5.237757200034901
1092549,447027,2341338,2788365,5.237576253783328
1092580,447050,2341385,2788435,5.2374119226037354
1092630,447077,2341529,2788606,5.237417715516567
1092633,447078,2341535,2788613,5.237419421219563
1092640,447082,2341544,2788626,5.2373926930630175
1092735,447082,2341792,2788874,5.2379474011478875
1093126,447109,2342864,2789973,5.240028717829433
1093197,447109,2343036,2790145,5.240413411494736
1093203,447114,2343043,2790157,5.24037046480316
1093264,447129,2343189,2790318,5.240521191870802
1093511,447244,2343589,2790833,5.240068061281985
1093526,447244,2343628,2790872,5.240155262004633
1093835,447445,2344293,2791738,5.239287510196784
1093856,447461,2344311,2791772,5.239140394358391
1093883,447472,2344364,2791836,5.2391300461257915
1093949,447516,2344490,2792006,5.23889648638261
1094033,447521,2344549,2792070,5.238969791361746
1094235,447583,2344793,2792376,5.2387892301539605
1094266,447583,2344870,2792453,5.238961265284875
1094286,447589,2344887,2792476,5.238929017469151
1094308,447599,2344944,2792543,5.238939318452454
1094364,447634,2345092,2792726,5.238860318921262
1094374,447634,2345108,2792742,5.238896062408128
1094489,447738,2345407,2793145,5.238346979706882
1094550,447771,2345498,2793269,5.2381641508717625
1094566,447771,2345524,2793295,5.238222216266797
1094572,447780,2345553,2793333,5.238181696368753
1094615,447803,2345613,2793416,5.2380466410452815
1094645,447812,2345700,2793512,5.2381356462086766
1094682,447815,2345747,2793562,5.238205508971339
1094753,447844,2345813,2793657,5.2380136833361615
1094919,447914,2346340,2794254,5.238371651700996
1094925,447914,2346358,2794272,5.238411837986757
1094940,447928,2346388,2794316,5.238315086353164
1094948,447929,2346412,2794341,5.23835697175222
1095013,447962,2346523,2794485,5.238218866778879
1095074,448022,2346739,2794761,5.237999473240153
1095117,448030,2346803,2794833,5.2380487913755776
1095554,448073,2347574,2795647,5.2392668158983025
1095571,448073,2347597,2795670,5.239318146819826
1095576,448075,2347604,2795679,5.239310383306366
1095591,448088,2347640,2795728,5.239238720965525
1095597,448089,2347657,2795746,5.239264967450663
1095677,448120,2347919,2796039,5.239487190931
1095691,448120,2347945,2796065,5.2395452111041685
1096399,448391,2349442,2797833,5.239717121886924
1096667,448409,2350106,2798515,5.2409875805347355
1096913,448482,2350415,2798897,5.240823489014052
1096919,448482,2350433,2798915,5.240863624404101
1096991,448506,2350509,2799015,5.240752632071811
1097033,448512,2350608,2799120,5.240903253424658
1097041,448512,2350627,2799139,5.240945615724886
1097051,448512,2350643,2799155,5.240981289240867
1097228,448619,2351916,2800535,5.242568861327763
1097282,448692,2352082,2800774,5.2420858851951895
1097291,448692,2352102,2800794,5.242130459201412
1097317,448702,2352141,2800843,5.242100547802328
1097363,448715,2352179,2800894,5.2420333619335215
1098201,449209,2353458,2802667,5.239115868114842
1098401,449209,2354024,2803233,5.24037586067955
1098417,449219,2354072,2803291,5.240366057535412
1098432,449225,2354121,2803346,5.240405142189326
1098439,449225,2354138,2803363,5.240442985141076
1098992,449510,2355150,2804660,5.239371760361283
1101603,450622,2360062,2810684,5.2373430502727345
1101621,450639,2360134,2810773,5.23730524876897
1102222,450645,2361016,2811661,5.239192712667399
1102236,450659,2361049,2811708,5.239103180009719
1102252,450672,2361062,2811734,5.238980899634324
1102668,450791,2362129,2812920,5.239964861765208
1103188,450828,2363635,2814463,5.242875331612056
1103298,450853,2363902,2814755,5.243176822600715
1103305,450855,2363912,2814767,5.243175743864436
1103321,450861,2363981,2814842,5.243259008874132
1103350,450866,2364002,2814868,5.24324743937223
1103376,450875,2364045,2814920,5.243238148045467
1103472,450908,2364224,2815132,5.243251394963052
1103478,450908,2364238,2815146,5.243282443425266
1103488,450913,2364280,2815193,5.243317447046326
1103587,451008,2364660,2815668,5.243055555555555
1103673,451034,2364804,2815838,5.243072584328454
1103750,451075,2365007,2816082,5.2430460566424655
1103861,451075,2365222,2816297,5.243522695782298
1103920,451124,2365347,2816471,5.2432302426827215
1103959,451146,2365420,2816566,5.243136368271025
1104015,451159,2365584,2816743,5.2433487972089665
1104090,451189,2365727,2816916,5.243317102145664
1104099,451189,2365748,2816937,5.243363645833564
1104105,451189,2365762,2816951,5.243394674958831
1104132,451199,2365815,2817014,5.243395929512255
1104162,451219,2365881,2817100,5.243309789703004
1104173,451219,2365891,2817110,5.243331951890323
1104210,451239,2365995,2817234,5.243330031313783
1104836,451561,2367417,2818978,5.242740183496803
1104875,451570,2367457,2819027,5.242724273091658
1104942,451587,2367514,2819101,5.242653132176081
1105075,451637,2367656,2819293,5.242387138343404
1105120,451661,2367727,2819388,5.242265770124053
1105138,451663,2367760,2819423,5.242315620274408
1105153,451686,2367796,2819482,5.242128381220582
1105167,451691,2367821,2819512,5.242125700976995
1105226,451740,2367881,2819621,5.241689910125293
1105264,451747,2367903,2819650,5.241657387874186
1105444,451843,2368161,2820004,5.24111472347696
1105474,451857,2368213,2820070,5.241067417346638
1105501,451877,2368249,2820126,5.240915116281643
1105637,451960,2368374,2820334,5.240229223825117
1105643,451969,2368383,2820352,5.24014478869126
1105710,451969,2368535,2820504,5.240481094942353
1105749,451983,2368589,2820572,5.2404382465712205
1105813,452029,2368845,2820874,5.240471297195534
1105947,452044,2369280,2821324,5.241259700383148
1106029,452092,2369576,2821668,5.241357953690842
1106064,452095,2369666,2821761,5.241522246430507
1106106,452146,2369824,2821970,5.241280471352174
1106146,452169,2369873,2822042,5.241122235270441
1106159,452175,2369888,2822063,5.241085862774368
1106470,452258,2370148,2822406,5.240698893109685
1106482,452276,2370184,2822460,5.240569917484014
1106505,452293,2370255,2822548,5.240529921975357
1107083,452328,2371370,2823698,5.242589448364903
1108934,452343,2375387,2827730,5.251296029782709
1109018,452355,2375507,2827862,5.251422002630677
1109055,452372,2375609,2827981,5.251450133960546
1109235,452520,2376175,2828695,5.250983381949969
1109380,452636,2376538,2829174,5.250439646868566
1109408,452649,2376577,2829226,5.250375014636065
1109474,452654,2376745,2829399,5.250688163586315
1109604,452748,2376932,2829680,5.250011043671093
1109648,452768,2377035,2829803,5.2500066259099585
1109862,452898,2377487,2830385,5.2494976793891786
1109885,452912,2377525,2830437,5.249419313244074
1109910,452923,2377564,2830487,5.24937792958185
1110235,453108,2378100,2831208,5.248417595804973
1110256,453122,2378147,2831269,5.248359161550311
1110282,453133,2378172,2831305,5.248286926796327
1110301,453146,2378200,2831346,5.24819815247183
1110308,453146,2378223,2831369,5.248248908740229
1110314,453149,2378228,2831377,5.248225197451611
1110328,453156,2378247,2831403,5.248186055133331
1110371,453163,2378300,2831463,5.248221942215053
1110414,453192,2378424,2831616,5.248159720383414
1110429,453197,2378450,2831647,5.248159189050236
1110469,453210,2378553,2831763,5.248235917124512
1110524,453224,2378593,2831817,5.24816205673133
1111567,453229,2380595,2833824,5.252521352340649
1111580,453233,2380662,2833895,5.252622823139533
1111676,453233,2380811,2834044,5.252951572370061
1111677,453233,2380816,2834049,5.252962604223435
1111686,453239,2380833,2834072,5.252930573053069
1111694,453239,2380843,2834082,5.252952636467736
1111705,453243,2380878,2834121,5.252983498917799
1111719,453257,2380902,2834159,5.2528741971993815
1111831,453306,2381100,2834406,5.252743180103506
1111832,453306,2381105,2834411,5.25275421018032
1111933,453319,2381387,2834706,5.253225653458161
1112001,453335,2381523,2834858,5.2533402450726285
1112479,453797,2383242,2837039,5.251779980916577
1112522,453809,2383379,2837188,5.2519429980454335
1112611,453888,2383674,2837562,5.251678828257191
1112823,453955,2384264,2838219,5.25220341223249
1112862,453962,2384304,2838266,5.252210537445865
1112934,454004,2384458,2838462,5.252063858468207
1113012,454036,2384544,2838580,5.25188311059035
1113034,454038,2384551,2838589,5.251875393689515
1113039,454040,2384559,2838599,5.251869879305788
1113056,454056,2384620,2838676,5.251819158870272
1113075,454067,2384665,2838732,5.251791035243698
1113092,454073,2384676,2838749,5.251745864651719
1113097,454075,2384679,2838754,5.251729339866762
1113210,454075,2384799,2838874,5.251993613389859
1113243,454089,2384831,2838920,5.251902160149222
1113441,454217,2385348,2839565,5.2515603775288024
1113488,454239,2385399,2839638,5.251418306222055
1113547,454239,2385590,2839829,5.251838789712024
1113719,454366,2386072,2840438,5.251431665221429
1113768,454367,2386087,2840454,5.251453120495106
1113930,454496,2386410,2840906,5.25067327325213
1113958,454520,2386489,2841009,5.250569831910587
1113987,454544,2386518,2841062,5.2503564011404835
1114229,454667,2386842,2841509,5.249648643952607
1114364,454743,2387107,2841850,5.249354030738242
1114400,454755,2387171,2841926,5.249356246770239
1114405,454757,2387176,2841933,5.249344155230156
1114412,454757,2387200,2841957,5.249396930668467
1114446,454767,2387274,2842041,5.24944422088674
1114525,454814,2387453,2842267,5.249295316327114
1114757,455012,2388198,2843210,5.2486483872952805
1114773,455012,2388224,2843236,5.248705528645399
1114811,455040,2388289,2843329,5.248525404360056
1114834,455052,2388338,2843390,5.248494677531359
1114866,455076,2388430,2843506,5.248420044124498
1114881,455091,2388472,2843563,5.248339343120387
1114898,455104,2388501,2843605,5.24825314653354
1114903,455104,2388513,2843617,5.248279514133033
1114919,455110,2388545,2843655,5.2482806354507705
1114964,455142,2388636,2843778,5.248111578364554
1115041,455201,2388777,2843978,5.247741107774368
1115066,455201,2388885,2844086,5.24797836560113
1115175,455201,2389083,2844284,5.248413338283528
1115196,455211,2389114,2844325,5.2483661422944525
1115215,455223,2389155,2844378,5.248317857401757
1115673,455440,2390599,2846039,5.248987792025294
1116817,456270,2394720,2850990,5.248471299888224
1116853,456275,2394728,2851003,5.2484313188318445
1116879,456287,2394750,2851037,5.248341504360194
1116903,456301,2394784,2851085,5.248254989579247
1116956,456317,2394921,2851238,5.2483711980925545
1117080,456331,2395103,2851434,5.248609014070927
1117098,456338,2395137,2851475,5.248603009173025
1117185,456347,2395360,2851707,5.248988160325366
1117200,456356,2395393,2851749,5.2489569546582056
1117229,456371,2395462,2851833,5.248935624743903
1117285,456409,2395587,2851996,5.248772482575935
1117305,456421,2395620,2852041,5.248706786059362
1117353,456457,2395778,2852235,5.24863897366017
1117357,456458,2395781,2852239,5.248634047382234
1117363,456465,2395801,2852266,5.2485973732925855
1117371,456465,2395801,2852266,5.2485973732925855
1117408,456489,2395923,2852412,5.248588684502803
1117437,456525,2396046,2852571,5.24844422539839
1117461,456544,2396114,2852658,5.248374745917151
1117469,456544,2396127,2852671,5.248403220719142
1117693,456689,2396675,2853364,5.24793677973413
1117707,456693,2396708,2853401,5.247963073662175
1117722,456708,2396733,2853441,5.247845450484774
1117771,456737,2396793,2853530,5.247643611093474
1117827,456753,2396893,2853646,5.247678723511394
1117946,456753,2397216,2853969,5.248385889091041
1117986,456765,2397254,2854019,5.248331198756472
1118068,456790,2397364,2854154,5.248284769806695
1118086,456803,2397397,2854200,5.248207651876192
1118148,456837,2397458,2854295,5.247950581936227
1118158,456838,2397466,2854304,5.247956606061668
1118191,456843,2397495,2854338,5.247962647999422
1118367,456916,2397886,2854802,5.247979935042765
1119125,457132,2398423,2855555,5.246674921029374
1119128,457133,2398428,2855561,5.24667438141635
1119270,457210,2398859,2856069,5.246733448524748
1119283,457220,2398892,2856112,5.246690870915533
1119499,457337,2399192,2856529,5.2460045874267776
1119525,457361,2399256,2856617,5.2458692367735775
1119616,457361,2399436,2856797,5.2462627989706165
1119635,457388,2399514,2856902,5.246123641197408
1119791,457508,2399818,2857326,5.245412102083461
1119986,457508,2400288,2857796,5.246439406524039
1120006,457512,2400311,2857823,5.246443809124132
1120025,457529,2400383,2857912,5.246406238730223
1120055,457540,2400409,2857949,5.246336932290073
1120070,457540,2400445,2857985,5.246415613935394
1120084,457545,2400468,2858013,5.246408549978691
1120096,457551,2400501,2858052,5.246411875397497
1120165,457558,2400606,2858164,5.2465610917085925
1120175,457558,2400626,2858184,5.246604802014171
1120195,457558,2400649,2858207,5.246655068865587
1120196,457558,2400651,2858209,5.246659439896145
1120260,457594,2400819,2858413,5.246613810495767
1120296,457610,2400847,2858457,5.246491553943314
1120314,457610,2400902,2858512,5.2466117436244835
1120317,457611,2400905,2858516,5.246606834188864
1120323,457612,2400909,2858521,5.24660411003208
1120335,457618,2400944,2858562,5.246611802857405
1120456,457691,2401237,2858928,5.246415157824821
1120484,457699,2401251,2858950,5.2463540449072426
1120505,457713,2401275,2858988,5.246246010054335
1120546,457722,2401333,2859055,5.246269569738837
1120596,457756,2401404,2859160,5.246035005548808
1120660,457770,2401513,2859283,5.246112676671691
1120680,457778,2401557,2859335,5.246117113535382
1121568,458153,2404030,2862183,5.247220906553051
1121778,458172,2404658,2862830,5.2483739730930745
1121779,458172,2404660,2862832,5.2483783382659785
1121828,458172,2404800,2862972,5.2486839003692936
1121880,458210,2404956,2863166,5.248589074878331
1121886,458210,2404970,2863180,5.248619628554593
1121926,458216,2405006,2863222,5.248629467325453
1121932,458216,2405020,2863236,5.248660020601638
1121941,458218,2405035,2863253,5.2486698471033435
1121956,458221,2405058,2863279,5.2486856778715945
1121982,458234,2405103,2863337,5.248634976889536
1122012,458238,2405157,2863395,5.24870700378406
1122024,458243,2405191,2863434,5.248723930316448
1122062,458277,2405264,2863541,5.248493814876156
1122125,458315,2405364,2863679,5.2482768401645155
1122179,458315,2405483,2863798,5.248536486914022
1122224,458342,2405566,2863908,5.248408393732191
1122258,458342,2405566,2863908,5.248408393732191
1122264,458342,2405580,2863922,5.248438938609161
1122464,458342,2405580,2863922,5.248438938609161
1122467,458343,2405583,2863926,5.248434033027667
1122494,458363,2405615,2863978,5.248274838937697
1122735,458420,2405980,2864400,5.248418480869072
1122744,458421,2406006,2864427,5.24846374838849
1123377,458421,2406894,2865315,5.250400832422598
1123418,458429,2406960,2865389,5.250453178136636
1123457,458453,2407031,2865484,5.2503331857355064
1123474,458461,2407079,2865540,5.250346267185213
1123762,458461,2407646,2866107,5.25158301360421
1123792,458476,2407702,2866178,5.251533340894616
1123808,458483,2407718,2866201,5.251488059535468
1124659,458807,2408837,2867644,5.250218501461399
1124666,458807,2408860,2867667,5.250268631472493
1124671,458807,2408872,2867679,5.2502947862608895
1124703,458819,2408930,2867749,5.250283881007543
1124746,458837,2408996,2867833,5.250221756309975
1124814,458880,2409178,2868058,5.250126394700139
1124952,458898,2409492,2868390,5.250604709543297
1125173,458898,2409542,2868440,5.250713666217766
1125407,458898,2410154,2869052,5.252047295913253
1127722,458908,2413174,2872082,5.258513689018278
1127745,458918,2413229,2872147,5.258518951098018
1127771,458932,2413286,2872218,5.258482738183434
1127784,458940,2413295,2872235,5.258410685492657
1127843,458943,2413364,2872307,5.258526657994566
1128070,458943,2413401,2872344,5.25860727802799
1128106,458961,2413465,2872426,5.258540486010794
1128136,458961,2413541,2872502,5.2587060774227
1128209,459012,2413738,2872750,5.258550974702186
1128288,459057,2413927,2872984,5.258447208080914
1128324,459066,2413969,2873035,5.258435606209129
1128447,459115,2414209,2873324,5.258397133615761
1128481,459131,2414239,2873370,5.258279227497163
1128522,459143,2414259,2873402,5.258185358374188
1128672,459191,2414432,2873623,5.258012461045621
1128684,459193,2414435,2873628,5.257996093146019
1128986,459347,2414850,2874197,5.25713676153322
1129001,459354,2414888,2874242,5.25713937399043
1129016,459362,2414903,2874265,5.257080472481398
1129112,459423,2415216,2874639,5.257063751705944
1130113,459892,2416270,2876162,5.253994416080297
1130148,459908,2416303,2876211,5.253883385372727
1130155,459908,2416327,2876235,5.25393556972264
1130273,459908,2416504,2876412,5.254320429303252
1130290,459914,2416533,2876447,5.254314937140422
1130301,459915,2416559,2876474,5.254360044790885
1130304,459916,2416566,2876482,5.254363840353456
1130354,459916,2416742,2876658,5.254746518929544
1130394,459937,2416794,2876731,5.254619654430933
1130495,459955,2416981,2876936,5.254820580274157
1130614,459970,2417408,2877378,5.2555775376655
1130628,459974,2417424,2877398,5.255566618982812
1130704,460019,2417515,2877534,5.255250326616944
1130730,460031,2417566,2877597,5.255224104462525
1130750,460048,2417617,2877665,5.255140767919869
1130763,460057,2417653,2877710,5.255116213860457
1131052,460060,2418007,2878067,5.255851410685563
1131101,460088,2418152,2878240,5.255846707586374
1131119,460088,2418207,2878295,5.255966249934795
1131408,460131,2418589,2878720,5.25630526958627
1131431,460135,2418626,2878761,5.256339987177676
1131491,460169,2418749,2878918,5.2562189108783945
1131539,460169,2418749,2878918,5.2562189108783945
1131662,460297,2418954,2879251,5.255202619178487
1131688,460326,2419008,2879334,5.254988855723987
1131788,460385,2419195,2879580,5.254721591711285
1131818,460411,2419246,2879657,5.2545356214338925
1131834,460411,2419261,2879672,5.254568201020392
1131841,460411,2419277,2879688,5.254602952579326
1132261,460605,2420364,2880969,5.254749731331618
1132358,460605,2420433,2881038,5.254899534308138
1132383,460615,2420471,2881086,5.25486794828653
1132555,460615,2421035,2881650,5.256092398206746
1132564,460619,2421050,2881669,5.256079319350699
1132646,460640,2421234,2881874,5.256239145536645
1132976,460753,2421490,2882243,5.255505661384733
1133010,460799,2421644,2882443,5.255315224208386
1133095,460853,2421754,2882607,5.254938125606213
1133148,460893,2421845,2882738,5.254679502617744
1133164,460903,2421858,2882761,5.254593699758951
1133174,460912,2421871,2882783,5.254519300864374
1133175,460912,2421876,2882788,5.254530148922137
1133186,460912,2421886,2882798,5.254551845037664
1133223,460938,2421929,2882867,5.254348741045433
1133271,460959,2422035,2882994,5.2543393230200515
1133353,460959,2422170,2883129,5.254632190715443
1133526,460992,2422682,2883674,5.255366687491323
1133546,460997,2422710,2883707,5.25537042540407
1133654,461031,2422956,2883987,5.255516440326138
1133680,461044,2422983,2884027,5.255426813926653
1133738,461063,2423156,2884219,5.255585462290403
1133836,461122,2423343,2884465,5.255318549104142
1134107,461141,2423837,2884978,5.256173274551601
1134334,461212,2424505,2885717,5.256812485364648
1134349,461212,2424559,2885771,5.256929568181227
1134375,461216,2424617,2885833,5.257009730798584
1134434,461244,2424848,2886092,5.257191421460225
1134451,461244,2424912,2886156,5.2573301766527045
1134454,461244,2424921,2886165,5.2573496891016465
1134509,461293,2425008,2886301,5.256979837110037
1134567,461326,2425165,2886491,5.256944113273477
1134659,461367,2425353,2886720,5.256884432566698
1134721,461384,2425454,2886838,5.256909645761448
1135319,461666,2427393,2889059,5.2578985673625525
1135336,461676,2427436,2889112,5.257877819076582
1135380,461685,2427478,2889163,5.257866294118284
1135409,461685,2427478,2889163,5.257866294118284
1135448,461700,2427549,2889249,5.257849252761534
1135459,461703,2427561,2889264,5.257841079655103
1135477,461713,2427583,2889296,5.2577748514769995
1135503,461713,2427632,2889345,5.257880978010149
1135510,461718,2427642,2889360,5.257845698023469
1135532,461741,2427696,2889437,5.2577007456561144
1135548,461752,2427755,2889507,5.2577032692874095
1136352,462129,2429840,2891969,5.257925817250162
1136386,462129,2429872,2892001,5.257995061984857
1136391,462129,2429884,2892013,5.258021028760368
1136563,462269,2430487,2892756,5.257733051534929
1136592,462278,2430498,2892776,5.257654484963593
1136785,462392,2430923,2893315,5.257277375041091
1136973,462429,2431162,2893591,5.257373564374206
1137051,462453,2431292,2893745,5.257381831234742
1137096,462478,2431366,2893844,5.2572576425256985
1137103,462479,2431379,2893858,5.257274384350424
1137173,462505,2431501,2894006,5.257242624404061
1137187,462505,2431527,2894032,5.25729884001254
1137211,462505,2431578,2894083,5.2574091090907125
1137241,462505,2431674,2894179,5.25761667441433
1137542,462534,2432244,2894778,5.2585193737109055
1137578,462555,2432339,2894894,5.258486017878955
1137619,462597,2432526,2895123,5.258412830173996
1137656,462621,2432599,2895220,5.258297829108493
1137665,462621,2432599,2895220,5.258297829108493
1137683,462633,2432638,2895271,5.258245736901604
1137689,462633,2432652,2895285,5.258275998469629
1137730,462641,2432683,2895324,5.258252078825699
1137769,462652,2432800,2895452,5.258379948643905
1139592,462800,2436367,2899167,5.264405790838375
1139598,462800,2436381,2899181,5.264436041486603
1139644,462827,2436457,2899284,5.264293137608653
1139701,462860,2436627,2899487,5.264285097005574
1139709,462868,2436665,2899533,5.264276208335854
1139789,462924,2436813,2899737,5.263959094797418
1139805,462933,2436837,2899770,5.263908600164602
1139866,462947,2436931,2899878,5.263952461080858
1139897,462956,2436990,2899946,5.263977570222656
1139904,462956,2437010,2899966,5.264020770872394
1140009,462995,2437136,2900131,5.263849501614488
1140158,463003,2437385,2900388,5.264296343652201
1140324,463084,2437622,2900706,5.263887329296629
1140356,463084,2437699,2900783,5.264053605825293
1140385,463091,2437721,2900812,5.264021542202289
1140399,463103,2437747,2900850,5.2639412830407055
1140490,463135,2437847,2900982,5.263793494337504
1140499,463140,2437871,2901011,5.263788487282463
1140533,463170,2437944,2901114,5.2636051557743375
1140552,463183,2438005,2901188,5.263589121362399
1140660,463190,2438527,2901717,5.2646365422396855
1140719,463196,2438712,2901908,5.264967745835456
1140751,463200,2438763,2901963,5.2650323834196895
1140783,463212,2438806,2902018,5.2649888172154435
1140843,463232,2438907,2902139,5.264979535092567
1140904,463250,2439005,2902255,5.264986508364814
1140976,463296,2439191,2902487,5.264865226550628
1141078,463336,2439503,2902839,5.265084085846988
1141367,463480,2440065,2903545,5.264660826788642
1141392,463497,2440155,2903652,5.26466190719681
1141453,463535,2440293,2903828,5.2645280291671614
1141511,463546,2440384,2903930,5.264599414081882
1141526,463547,2440420,2903967,5.2646657189022905
1141532,463547,2440434,2903981,5.26469592080199
1141537,463552,2440444,2903996,5.26466070688941
1141625,463577,2440535,2904112,5.264573091417391
1141674,463616,2440677,2904293,5.264436516427388
1141688,463627,2440701,2904328,5.264363378319209
1141820,463627,2441236,2904863,5.265517323192998
1141865,463634,2441290,2904924,5.26555429498268
1141886,463636,2441305,2904941,5.265563933775634
1141915,463636,2441335,2904971,5.265628639708737
1141936,463652,2441381,2905033,5.265546142365395
1141943,463652,2441404,2905056,5.26559574853554
1142141,463725,2441760,2905485,5.265534530163351
1142984,463859,2444418,2908277,5.269743607432431
1143059,463859,2444515,2908374,5.269952722702373
1143226,463859,2444808,2908667,5.270584380167249
1143285,463886,2444929,2908815,5.270538451257421
1143291,463886,2444948,2908834,5.270579409596324
1143307,463895,2444983,2908878,5.270552603498636
1143421,463922,2445127,2909049,5.270556257301874
1143944,463977,2446859,2910836,5.273664427331528
1144066,464054,2447068,2911122,5.27323975227021
1144177,464054,2447325,2911379,5.273793567127964
1144183,464057,2447337,2911394,5.273785332405287
1144227,464080,2447407,2911487,5.273674797448716
1144570,464080,2447989,2912069,5.274928891570419
1144592,464085,2448010,2912095,5.274917310406499
1144612,464096,2448051,2912147,5.274880628145901
1144634,464105,2448108,2912213,5.274901153833723
1144639,464110,2448109,2912219,5.274846480360259
1144761,464150,2448235,2912385,5.274663363136917
1144901,464197,2448502,2912699,5.274704489688645
1144922,464199,2448533,2912732,5.2747485453437
1144954,464226,2448596,2912822,5.274577468732901
1144985,464240,2448628,2912868,5.274487334137515
1144994,464242,2448655,2912897,5.274522770451618
1145010,464252,2448711,2912963,5.274529781239499
1145072,464282,2448830,2913112,5.274445272485257
1145078,464282,2448837,2913119,5.27446034952895
1145131,464312,2449019,2913331,5.274511535346922
1145173,464327,2449091,2913418,5.274496206337344
1145181,464327,2449111,2913438,5.274539279430229
1145185,464327,2449116,2913443,5.274550047703451
1145192,464327,2449139,2913466,5.274599581760268
1145208,464337,2449164,2913501,5.2745398277544115
1145288,464368,2449249,2913617,5.274370757674948
1145361,464413,2449342,2913755,5.274059942335809
1145394,464429,2449427,2913856,5.274061266630636
1145408,464434,2449455,2913889,5.274064775619356
1145435,464452,2449511,2913963,5.273980949592207
1145692,464523,2450062,2914585,5.27436101118782
1145740,464540,2450148,2914688,5.274353123520041
1145771,464568,2450227,2914795,5.274205283187822
1145806,464595,2450305,2914900,5.27406666020943
1145891,464644,2450506,2915150,5.273943061784936
1145946,464660,2450647,2915307,5.274064907674429
1146105,464743,2451003,2915746,5.273889009624674
1146176,464743,2451199,2915942,5.274310748090881
1146214,464783,2451289,2916072,5.274050470864898
1146257,464818,2451371,2916189,5.273829757023179
1146295,464820,2451401,2916221,5.273871606213158
1146312,464835,2451451,2916286,5.273808985984274
1146389,464835,2451969,2916804,5.2749233599019005
1146430,464866,2452084,2916950,5.274818980093188
1146604,464984,2452473,2917457,5.274316965745058
1146645,465014,2452566,2917580,5.274176691454451
1147174,465300,2454007,2919307,5.274031807436063
1147210,465323,2454079,2919402,5.273925853654343
1147236,465323,2454156,2919479,5.274091330108333
1147245,465331,2454159,2919490,5.274007104620152
1147319,465379,2454246,2919625,5.2736500787530165
1147331,465383,2454257,2919640,5.273628387801016
1147397,465417,2454327,2919744,5.2733935374083885
1147430,465417,2454402,2919819,5.273554683219564
1147467,465417,2454438,2919855,5.273632033208929
1147510,465435,2454518,2919953,5.273599965623556
1147646,465521,2454718,2920239,5.273055350886426
1147669,465528,2454733,2920261,5.273008283067829
1147675,465528,2454755,2920283,5.273055541234899
1147718,465528,2454893,2920421,5.273351978828341
1147923,465676,2455323,2920999,5.272599403877374
1147943,465686,2455390,2921076,5.272630055445085
1147950,465692,2455403,2921095,5.2725900380509
1147960,465699,2455428,2921127,5.272564467606759
1147991,465699,2455508,2921207,5.272736252386198
1147991,465699,2455508,2921207,5.272736252386198
1148047,465699,2455596,2921295,5.272925215643581
1148143,465722,2455869,2921591,5.2732509952289135
1148291,465754,2455966,2921720,5.273096956762583
1148389,465822,2456308,2922130,5.273061383962114
1148425,465838,2456356,2922194,5.2729833117950875
1148436,465843,2456373,2922216,5.2729632086346685
1148906,466094,2457236,2923330,5.2719751809720785
1148960,466116,2457312,2923428,5.271889400921659
1149474,466369,2458154,2924523,5.270834896830621
1149565,466393,2458578,2924971,5.271472770817744
1149587,466394,2458583,2924977,5.271472188750284
1149610,466400,2458590,2924990,5.2714193825042885
1149830,466400,2459368,2925768,5.273087478559177
1150347,466559,2460443,2927002,5.273594550742779
1150385,466574,2460508,2927082,5.273564322058237
1150453,466634,2460747,2927381,5.273398423603938
1150502,466678,2460816,2927494,5.273049083093697
1150520,466688,2460860,2927548,5.273030375754251
1150591,466688,2461104,2927792,5.2735532089961605
1150642,466716,2461292,2928008,5.273639643809083
1150748,466750,2461569,2928319,5.273848955543653
1150777,466750,2461654,2928404,5.2740310658810925
1150786,466750,2461676,2928426,5.274078200321371
1150794,466750,2461676,2928426,5.274078200321371
1150807,466759,2461685,2928444,5.2739957879762365
1151570,467139,2462896,2930035,5.2722979669862715
1151840,467197,2463684,2930881,5.2733300941572825
1153035,467592,2465005,2932597,5.271700542353162
1153035,467592,2465005,2932597,5.271700542353162
1153043,467592,2465030,2932622,5.271754007767456
1153062,467603,2465096,2932699,5.271771139192862
1153147,467608,2465229,2932837,5.271999195907683
1153166,467612,2465254,2932866,5.27200756182476
1153989,467622,2467618,2935240,5.276950186261553
1154083,467667,2467812,2935479,5.276857250992694
1154188,467672,2468201,2935873,5.2776326143108845
1154231,467695,2468243,2935938,5.277462876447257
1154239,467706,2468273,2935979,5.277402898401988
1154560,467821,2468763,2936584,5.277153013652658
1154584,467833,2468807,2936640,5.277111704390242
1154608,467845,2468902,2936747,5.277179407709818
1154791,467885,2469343,2937228,5.277670795174028
1154984,467885,2469437,2937322,5.277871699242335
1155546,468064,2470243,2938307,5.2775752888493885
1155554,468064,2470266,2938330,5.277624427428727
1155573,468073,2470310,2938383,5.277616952911191
1155799,468256,2470838,2939094,5.276681985922231
1155805,468256,2470852,2939108,5.276711884097588
1155819,468265,2470867,2939132,5.27664249943942
1155844,468282,2470932,2939214,5.276589747203608
1155868,468311,2471023,2939334,5.276457311487452
1155875,468311,2471046,2939357,5.276506424149764
1155996,468383,2471239,2939622,5.276107373666423
1156315,468383,2471825,2940208,5.277358486537727
1156338,468394,2471838,2940232,5.277262304811761
1156377,468425,2471899,2940324,5.277043283343118
1156703,468553,2472398,2940951,5.276666673780768
1156777,468616,2472727,2941343,5.276659354354098
1156810,468633,2472810,2941443,5.276645050604631
1157075,468642,2473548,2942190,5.278118478497446
1157097,468646,2473561,2942207,5.278101168045817
1157174,468682,2473779,2942461,5.2781608852057476
1157181,468682,2473802,2942484,5.2782099589913845
1157229,468706,2473903,2942609,5.278155176165869
1157482,468838,2474307,2943145,5.277530831545224
1157490,468838,2474325,2943163,5.2775692243376175
1157514,468838,2474357,2943195,5.277637478190761
1158298,468875,2475992,2944867,5.280708077845908
1158342,468900,2476052,2944952,5.280554489230113
1158539,469003,2476610,2945613,5.280584559160602
1158560,469003,2476678,2945681,5.28072954757219
1158613,469041,2476774,2945815,5.28050639496334
1158618,469041,2476790,2945831,5.280540507119847
1158631,469049,2476806,2945855,5.280484554918569
1158679,469077,2476918,2945995,5.280408120628383
1158866,469105,2477261,2946366,5.280824122531203
1158930,469117,2477402,2946519,5.280989603872808
1158949,469131,2477444,2946575,5.280921533644121
1158956,469135,2477459,2946594,5.280908480501348
1158991,469143,2477504,2946647,5.280914348077239
1159009,469145,2477508,2946653,5.280900361295548
1159080,469145,2477635,2946780,5.281171066514617
1159577,469341,2478773,2948114,5.2813902897893
1159611,469366,2478830,2948196,5.281230425723209
1159899,469375,2480614,2949989,5.284929960053263
1159922,469400,2480660,2950060,5.284746484874308
1160033,469482,2480850,2950332,5.2842281493220185
1160042,469482,2480871,2950353,5.284272879471417
1160605,469502,2482305,2951807,5.287102078372403
1160658,469549,2482414,2951963,5.2868049979874305
1160675,469554,2482442,2951996,5.286808333013881
1160685,469554,2482467,2952021,5.286861575026514
1160724,469569,2482506,2952075,5.286775745417606
1160735,469570,2482522,2952092,5.286798560385033
1160977,469570,2483106,2952676,5.288042251421514
1161039,469613,2483356,2952969,5.288090406355872
1161054,469627,2483394,2953021,5.288013678940946
1161542,469825,2484220,2954045,5.28754323418294
1161583,469845,2484305,2954150,5.287499068841852
1161593,469849,2484326,2954175,5.287498749598275
1161733,469877,2484494,2954371,5.287541207592625
1161741,469877,2484512,2954389,5.287579515490224
1162985,469877,2484512,2954389,5.287579515490224
1163037,469880,2484533,2954413,5.287590448625181
1163229,469937,2484711,2954648,5.287327875864212
1163286,469976,2484862,2954838,5.287210410744378
1163350,469976,2484963,2954939,5.287425315335251
1163406,470015,2485078,2955093,5.2872312585768535
1163443,470039,2485140,2955179,5.287093198649473
1163471,470046,2485234,2955280,5.287214442841765
1163484,470055,2485282,2955337,5.287215325866122
1163635,470106,2485556,2955662,5.287224583391831
1163651,470106,2485602,2955708,5.287322433663897
1163871,470106,2486126,2956232,5.288437075893522
1163878,470106,2486126,2956232,5.288437075893522
1164008,470144,2486392,2956536,5.288575415191941
1164038,470151,2486480,2956631,5.288683848380627
1164183,470210,2486834,2957044,5.288773101380234
1164374,470301,2487109,2957410,5.288334492165656
1164483,470378,2487375,2957753,5.288034304325457
1164511,470378,2487515,2957893,5.288331937292986
1164896,470378,2487515,2957893,5.288331937292986
1164938,470410,2487607,2958017,5.288167768542335
1164964,470410,2487659,2958069,5.2882783104100675
1166306,471204,2490878,2962082,5.286198758923948
1166388,471273,2491113,2962386,5.285923445646154
1166476,471344,2491318,2962662,5.285562137207645
1166487,471353,2491347,2962700,5.285522739857389
1166500,471368,2491395,2962763,5.285456373788632
1166591,471401,2491580,2962981,5.285478817397502
1166680,471476,2491841,2963317,5.2851916110258
1167167,471787,2492894,2964681,5.283939574426595
1167172,471787,2492906,2964693,5.283965009633585
1167271,471838,2493020,2964858,5.28363548506055
1167730,472122,2494346,2966468,5.283265766051995
1168605,472186,2496134,2968320,5.286336316620993
1168658,472219,2496238,2968457,5.2861871292768825
1168666,472219,2496263,2968482,5.286240070814601
1168676,472219,2496288,2968507,5.28629301235232
1168732,472257,2496425,2968682,5.286157748852849
1168767,472257,2496516,2968773,5.286350440544026
1168769,472259,2496516,2968775,5.286328053038693
1168935,472259,2496931,2969190,5.28720680812859
1168937,472260,2496934,2969194,5.287201965019269
1168954,472260,2496954,2969214,5.287244314572481
1169002,472283,2497127,2969410,5.287353133608451
1169022,472292,2497225,2969517,5.28745987651707
1169032,472295,2497237,2969532,5.287451698620566
1169063,472311,2497300,2969611,5.287405967678077
1169217,472325,2497542,2969867,5.2877616048271845
1169237,472334,2497576,2969910,5.287732833122324
1169296,472347,2497632,2969979,5.287705860310322
1169448,472491,2497996,2970487,5.286864723349228
1169473,472502,2498037,2970539,5.286828415541098
1169478,472502,2498049,2970551,5.286853812258996
1169484,472502,2498063,2970565,5.28688344176321
1169568,472554,2498199,2970753,5.286589469140035
1169601,472566,2498281,2970847,5.28662874603759
1169616,472577,2498297,2970874,5.286539548052486
1169684,472639,2498457,2971096,5.286184593315405
1169706,472652,2498496,2971148,5.2861217132266445
1169744,472681,2498567,2971248,5.285947605255976
1169860,472722,2498692,2971414,5.285753571866763
1169874,472726,2498725,2971451,5.285778654019453
1169882,472726,2498743,2971469,5.2858167310450455
1169910,472746,2498808,2971554,5.285730603749159
1170309,472776,2499667,2972443,5.28721212582703
1170315,472776,2499686,2972462,5.28725231399225
1170341,472792,2499714,2972506,5.287132607996751
1170361,472800,2499755,2972555,5.28712986463621
1170396,472800,2499807,2972607,5.287239847715736
1170414,472806,2499855,2972661,5.287274273169122
1170450,472806,2499884,2972690,5.287335609108175
1170468,472813,2499913,2972726,5.287318665095926
1170493,472826,2500011,2972837,5.2873805585987235
1170501,472826,2500035,2972861,5.287431317228748
1170503,472826,2500046,2972872,5.2874545816008425
1170568,472840,2500146,2972986,5.28750951696134
1170597,472850,2500239,2973089,5.28759437453738
1170605,472858,2500273,2973131,5.287576820102441
1170698,472935,2500528,2973463,5.287255119625319
1171037,472935,2501367,2974302,5.289029147768721
1171256,473042,2501750,2974792,5.288642446125291
1171326,473089,2502026,2975115,5.288700434801909
1171392,473145,2502173,2975318,5.288385167337708
1171504,473226,2502362,2975588,5.287879364193852
1172140,473666,2503727,2977393,5.285849100420972
1172205,473684,2503791,2977475,5.285783349237044
1172402,473808,2504191,2977999,5.285244233951305
1172422,473815,2504241,2978056,5.285271677764529
1172569,473871,2504351,2978222,5.2848792181838515
1172619,473887,2504496,2978383,5.285006763215703
1172627,473893,2504527,2978420,5.285005264901571
1172645,473896,2504560,2978456,5.285041443692287
1172706,473912,2504664,2978576,5.28508246256689
1172718,473912,2504693,2978605,5.285143655362177
1173424,473912,2505831,2979743,5.28754494505309
1173556,473965,2505979,2979944,5.287265937358244
1173589,473968,2505986,2979954,5.2872472403200215
1173608,473988,2506035,2980023,5.287127522215752
1173657,474015,2506165,2980180,5.287100619178718
1173716,474036,2506262,2980298,5.2870710241416266
1173821,474138,2506481,2980619,5.286395521978833
1173840,474160,2506555,2980715,5.286306310106293
1173862,474172,2506603,2980775,5.286273757202028
1173867,474172,2506610,2980782,5.286288519777633
1174028,474288,2507049,2981337,5.285921212427892
1174643,474732,2508244,2982976,5.283494687528964
1174685,474754,2508300,2983054,5.2833678073275845
1174714,474776,2508332,2983108,5.283190388730685
1174878,474859,2508834,2983693,5.283324102523065
1174975,474903,2509201,2984104,5.283607389298446
1174986,474905,2509224,2984129,5.283633568819027
1174998,474914,2509236,2984150,5.283558707471247
1175012,474914,2509257,2984171,5.283602926003445
1175058,474918,2509266,2984184,5.283577375462712
1175076,474918,2509295,2984213,5.283638438635722
1175345,474918,2509811,2984729,5.284724941989985
1175363,474928,2509829,2984757,5.284651568237712
1175385,474938,2509886,2984824,5.284660313556717
1175396,474938,2509913,2984851,5.284717163082339
1175410,474945,2509939,2984884,5.284694017201992
1175484,474951,2510117,2985068,5.285002031788542
1175644,474960,2510418,2985378,5.285535624052552
1175683,474960,2510522,2985482,5.285754589860199
1175709,474968,2510564,2985532,5.285753987637062
1175776,475005,2510649,2985654,5.285521205039947
1175853,475012,2511202,2986214,5.2866074962316745
1175908,475021,2511258,2986279,5.286625222884883
1176021,475057,2511525,2986582,5.28678663823499
1176024,475059,2511527,2986586,5.286768590848715
1176032,475059,2511549,2986608,5.286814900885995
1176090,475082,2511627,2986709,5.286723134111585
1176178,475116,2511708,2986824,5.286515293107367
1176259,475150,2511958,2987108,5.28666315900242
1176288,475150,2511958,2987108,5.28666315900242
1176312,475169,2512000,2987169,5.286540157291406
1176521,475292,2512397,2987689,5.2860073386465585
1176525,475293,2512400,2987693,5.286002528966343
1176533,475293,2512425,2987718,5.28605512809993
1176574,475306,2512492,2987798,5.286051512078535
1176758,475365,2512839,2988204,5.286125398378088
1176769,475366,2512861,2988227,5.286160558390798
1176795,475380,2512904,2988284,5.286095334258909
1176926,475412,2513297,2988709,5.286566178388429
1177022,475458,2513533,2988991,5.286551072860274
1177028,475458,2513551,2989009,5.286588931093808
1177048,475458,2513572,2989030,5.286633099032932
1177050,475458,2513577,2989035,5.286643615208915
1177119,475488,2513650,2989138,5.286463591089575
1177133,475492,2513683,2989175,5.286488521363135
1177283,475555,2513930,2989485,5.286307577462123
1177311,475585,2514017,2989602,5.286157048687406
1177417,475627,2514160,2989787,5.285990913047409
1177442,475644,2514204,2989848,5.285894492519615
1177478,475651,2514252,2989903,5.285917616067243
1177486,475654,2514279,2989933,5.28594104117699
1177495,475659,2514303,2989962,5.285935933094927
1177498,475661,2514307,2989968,5.285922116801672
1177597,475829,2514462,2990291,5.284381574052864
1177810,475908,2514869,2990777,5.284359582104104
1178341,476171,2515717,2991888,5.283221783770956
1178443,476178,2515990,2992168,5.283717433396755
1178446,476179,2515996,2992175,5.283718937626396
1178474,476181,2516059,2992240,5.283829048198059
1178509,476189,2516079,2992268,5.2837822797250675
1178557,476207,2516189,2992396,5.283813551669757
1178601,476245,2516312,2992557,5.283650222049575
1179846,476245,2518332,2994577,5.287891736396182
1179875,476251,2518379,2994630,5.287923804884399
1179884,476260,2518393,2994653,5.287853273422081
1179961,476306,2518558,2994864,5.287689006646987
1180708,476386,2521065,2997451,5.292063578694588
1180773,476429,2521238,2997667,5.291949062714487
1180814,476429,2521309,2997738,5.292098088067687
1180833,476447,2521356,2997803,5.291996801323127
1181428,476930,2522764,2999694,5.289589667246766
1181553,476958,2523036,2999994,5.2898494207037094
1181559,476958,2523050,3000008,5.2898787733930455
1181598,476968,2523163,3000131,5.290004780194898
1185358,478527,2527706,3006233,5.282264114668556
1185390,478533,2527793,3006326,5.282379689592985
1185397,478533,2527813,3006346,5.282421483993789
1185411,478537,2527846,3006383,5.282446289419627
1185420,478543,2527858,3006401,5.28240513391691
1185448,478547,2527916,3006463,5.2824821804336874
1185492,478574,2527993,3006567,5.282345050086298
1185495,478574,2528002,3006576,5.282363855955401
1185504,478581,2528033,3006614,5.282351367898015
1185576,478630,2528127,3006757,5.282006978250423
1185637,478666,2528280,3006946,5.28192936201861
1185800,478666,2528701,3007367,5.282808889705975
1185815,478674,2528716,3007390,5.2827519355553045
1185821,478674,2528730,3007404,5.282781183018088
1185856,478679,2528786,3007465,5.282842990814304
1186094,478772,2529006,3007778,5.282276323594529
1186111,478781,2529027,3007808,5.282220890135574
1186164,478785,2529122,3007907,5.282375178838101
1186165,478786,2529124,3007910,5.2823683232174705
1186177,478795,2529160,3007955,5.282344218298019
1186198,478810,2529197,3008007,5.282256009690691
1186247,478837,2529345,3008182,5.28226724334168
1186325,478837,2529473,3008310,5.2825345576887335
1186400,478857,2529507,3008364,5.282384929112449
1186423,478869,2529527,3008396,5.282294322664445
1186461,478898,2529576,3008474,5.282076767913
1186493,478907,2529650,3008557,5.282132021457193
1186516,478915,2529693,3008608,5.282133572763434
1186570,478944,2529771,3008715,5.281976598516737
1186576,478944,2529785,3008729,5.282005829491548
1186828,479030,2530060,3009090,5.281631630586811
1186847,479041,2530106,3009147,5.281606376072194
1186983,479116,2530371,3009487,5.281332704397265
1187007,479131,2530399,3009530,5.281225802546694
1187291,479150,2531549,3010699,5.28341646665971
1187333,479173,2531623,3010796,5.28331729876266
1187426,479206,2531709,3010915,5.283132932392332
1187445,479224,2531744,3010968,5.283007528838288
1187550,479260,2531986,3011246,5.283115636606435
1189226,479260,2534185,3013445,5.287703960272086
1189244,479263,2534191,3013454,5.287683380523846
1189249,479263,2534203,3013466,5.287708418968291
1189315,479301,2534348,3013649,5.287591722111992
1189414,479355,2534644,3013999,5.287613564060039
1189420,479355,2534658,3014013,5.28764276997215
1189467,479380,2534727,3014107,5.287510951645876
1189486,479392,2534758,3014150,5.287443261464522
1190045,479392,2536341,3015733,5.290745360790335
1190060,479398,2536373,3015771,5.290745893808484
1190067,479398,2536393,3015791,5.290787612797717
1190100,479475,2536506,3015981,5.290173627404974
1190109,479480,2536535,3016015,5.290178943855844
1190133,479492,2536612,3016104,5.2902071358854785
1190140,479492,2536617,3016109,5.290217563588131
1190251,479555,2536797,3016352,5.289897926202417
1190281,479577,2536873,3016450,5.28981373168438
1190487,479800,2537797,3017597,5.289280950395998
1190519,479831,2537927,3017758,5.289210159410293
1190595,479879,2538121,3018000,5.289085373604596
1190611,479890,2538140,3018030,5.289003730021463
1191798,479905,2540859,3020764,5.294504120607203
1191816,479911,2540889,3020800,5.294500438622995
1191849,479911,2540953,3020864,5.294633796683135
1191872,479921,2540972,3020893,5.294563063504202
1191873,479921,2540977,3020898,5.2945734818855605
1191901,479923,2540992,3020915,5.294582672637069
1191928,479929,2541054,3020983,5.294645666338146
1191953,479937,2541101,3021038,5.294655340180065
1191966,479940,2541106,3021046,5.294632662416135
1191981,479940,2541113,3021053,5.294647247572613
1192006,479969,2541164,3021133,5.294433598836592
1192449,480029,2543364,3023393,5.298354891058665
1192498,480075,2543527,3023602,5.29818674165495
1192518,480083,2543544,3023627,5.298133864352622
1192538,480091,2543605,3023696,5.298172638104026
1192610,480123,2543669,3023792,5.2979528162575
1192618,480123,2543691,3023814,5.297998637849052
1192686,480145,2543954,3024099,5.298303637442856
1192690,480148,2543958,3024106,5.298278864016928
1192724,480161,2544059,3024220,5.2983457631919295
1192731,480161,2544083,3024244,5.29839574642672
1192839,480161,2544226,3024387,5.298693563200676
1192869,480169,2544295,3024464,5.298748982129209
1192878,480174,2544310,3024484,5.298725045504338
1192917,480187,2544428,3024615,5.298827331851966
1193053,480272,2544747,3025019,5.298553736216144
1193091,480299,2544815,3025114,5.298397456584336
1193125,480299,2545000,3025299,5.2987826333179955
1193139,480299,2545045,3025344,5.298876324955913
1193146,480302,2545064,3025366,5.2988827862469865
1193163,480302,2545110,3025412,5.298978559323093
1193168,480309,2545113,3025422,5.298907578246504
1193309,480407,2545448,3025855,5.298523959892341
1193365,480418,2545481,3025899,5.298471331215733
1193417,480433,2545595,3026028,5.298543189164774
1193429,480444,2545633,3026077,5.298500969936143
1193435,480444,2545647,3026091,5.298530109648575
1193525,480522,2545940,3026462,5.298279787397871
1193659,480587,2546324,3026911,5.298362211212538
1193667,480592,2546334,3026926,5.298327895595432
1193672,480598,2546343,3026941,5.29828047557418
1193683,480604,2546365,3026969,5.298260106033242
1193744,480604,2546483,3027087,5.298505630415061
1193777,480604,2546583,3027187,5.298713701925077
1194287,480830,2547682,3028512,5.29850882848408
1194557,480919,2547996,3028915,5.298181190595506
1194681,480965,2548095,3029060,5.297880303140561
1194706,480976,2548171,3029147,5.297917151791357
1194712,480976,2548185,3029161,5.297946259272812
1194722,480982,2548201,3029183,5.297913435430016
1194803,481041,2548352,3029393,5.297577545365156
1194959,481090,2548804,3029894,5.297977509405724
1194993,481101,2548866,3029967,5.297985246341205
1195013,481109,2548887,3029996,5.297940799278334
1195129,481181,2549165,3030346,5.297725803803559
1195200,481209,2549337,3030546,5.297774979270962
1195208,481209,2549355,3030564,5.297812385055142
1195215,481209,2549375,3030584,5.297853947037566
1195302,481263,2549629,3030892,5.297787280551383
1195322,481281,2549669,3030950,5.297672253839234
1195440,481329,2549872,3031201,5.2975656983061485
1195472,481348,2549950,3031298,5.2975186351662416
1195526,481362,2550047,3031409,5.297566072934714
1195549,481372,2550066,3031438,5.297495492051885
1195556,481377,2550070,3031447,5.297448777153873
1195581,481391,2550098,3031489,5.297352879468042
1195595,481399,2550127,3031526,5.2973250879208305
1195645,481399,2550209,3031608,5.297495424793155
1195699,481441,2550367,3031808,5.297361462775293
1195713,481448,2550391,3031839,5.297334291553812
1195752,481468,2550474,3031942,5.297286631717996
1195796,481513,2550571,3032084,5.296993019918466
1195841,481520,2550669,3032189,5.297119538129257
1195874,481522,2550703,3032225,5.297168146003713
1195930,481555,2550752,3032307,5.296906895370207
1196487,481933,2552245,3034178,5.295850253043473
1196547,481945,2552264,3034209,5.295757814688398
1196646,482023,2552443,3034466,5.295272217300834
1196660,482027,2552476,3034503,5.295296736489865
1196692,482044,2552535,3034579,5.295232385425397
1196754,482110,2552658,3034768,5.294762606044264
1198291,482340,2555638,3037978,5.298416055064892
1198298,482340,2555657,3037997,5.298455446365634
1198309,482348,2555671,3038019,5.298396593330956
1198355,482360,2555698,3038058,5.2983207562816155
1198377,482382,2555761,3038143,5.298209717609695
1198393,482386,2555770,3038156,5.2981844415053505
1198443,482420,2555933,3038353,5.298148915882426
1198459,482434,2555976,3038410,5.298084297541218
1198524,482468,2556030,3038498,5.297822860790768
1198765,482689,2557044,3039733,5.297497974886521
1198782,482701,2557075,3039776,5.297430500454733
1199243,482910,2557663,3040573,5.296355428547763
1199254,482910,2557683,3040593,5.296396844132447
1199381,482910,2558130,3041040,5.297322482450146
1199671,483145,2558740,3041885,5.29600844466982
1199672,483145,2558742,3041887,5.296012584213849
1199709,483164,2558814,3041978,5.295953340894603
1199716,483164,2558837,3042001,5.296000943778924
1199730,483176,2558859,3042035,5.295914946106595
1199777,483210,2559015,3042225,5.295865151797355
1199990,483299,2559443,3042742,5.29577549301778
1200053,483299,2559544,3042843,5.295984473379833
1200065,483307,2559555,3042862,5.295919570790408
1200072,483307,2559566,3042873,5.295942330651118
1200081,483309,2559581,3042890,5.29595145134893
1200098,483314,2559607,3042921,5.2959504587080035
1200960,483667,2561304,3044971,5.295593869335721
1201070,483746,2561441,3045187,5.295012258499295
1201183,483836,2561888,3045724,5.294951181805405
1201350,483892,2562382,3046274,5.295359295049309
1201363,483898,2562417,3046315,5.2953659655547245
1201394,483931,2562495,3046426,5.295166046399177
1201488,483997,2562767,3046764,5.295005960780749
1201532,484030,2562805,3046835,5.294723467553664
1201583,484050,2562915,3046965,5.294731949178804
1201621,484085,2562981,3047066,5.294485472592624
1201679,484124,2563061,3047185,5.294224207021341
1201698,484149,2563110,3047259,5.294052037699138
1202030,484177,2563704,3047881,5.294972706262379
1202121,484200,2563777,3047977,5.294871953738125
1202153,484222,2563835,3048057,5.294751167852762
1202191,484238,2563903,3048141,5.294716647598908
1202300,484248,2564455,3048703,5.295747220432506
1202381,484251,2564496,3048747,5.295799079403037
1202434,484251,2564651,3048902,5.296119161344014
1202692,484440,2565522,3049962,5.295850879365866
1202740,484440,2565595,3050035,5.296001568821732
1202741,484440,2565597,3050037,5.296005697299975
1202752,484445,2565634,3050079,5.2960274128126
1202838,484493,2565865,3050358,5.29597950847587
1202865,484524,2565954,3050478,5.295824355449885
1202889,484534,2566001,3050535,5.295812058596507
1202962,484543,2566210,3050753,5.296145027376311
1202981,484549,2566219,3050768,5.296098021046375
1203008,484570,2566257,3050827,5.295946922013331
1203123,484596,2566347,3050943,5.295848500606691
1203130,484596,2566367,3050963,5.29588977209882
1203156,484611,2566404,3051015,5.295802200115144
1203176,484620,2566425,3051045,5.295747183360159
1203343,484691,2566807,3051498,5.295759566404163
1203398,484730,2567032,3051762,5.295797660553298
1203594,484792,2567608,3052400,5.296308519942573
1203603,484799,2567614,3052413,5.296244422946417
1203647,484811,2567668,3052479,5.29622471437323
1203673,484820,2567698,3052518,5.296188276061218
1203840,484906,2567920,3052826,5.295706796781232
1205050,485547,2570493,3056040,5.294014791564977
1205054,485547,2570502,3056049,5.294033327360688
1205063,485550,2570523,3056073,5.294043867778807
1205077,485559,2570544,3056103,5.293988990009453
1205117,485572,2570617,3056189,5.293997594589474
1205133,485574,2570641,3056215,5.294025215518129
1205161,485583,2570667,3056250,5.293980637707663
1205672,485953,2572150,3058103,5.293001586573187
1205736,486037,2572372,3058409,5.2925435717856875
1206366,486095,2573195,3059290,5.293605159485286
1206384,486100,2573212,3059312,5.293585681958445
1206404,486100,2573233,3059333,5.293628882945896
1206697,486167,2573804,3059971,5.294073847052556
1206758,486205,2573867,3060072,5.29378965662632
1206780,486214,2573910,3060124,5.293780105056621
1206795,486214,2573947,3060161,5.293856203235612
1206838,486230,2573999,3060229,5.293788947617383
1206881,486254,2574057,3060311,5.293646941721816
1206909,486290,2574110,3060400,5.293364042032532
1206930,486290,2574139,3060429,5.293423677229637
1206975,486319,2574215,3060534,5.293264297714052
1207054,486364,2574318,3060682,5.29298632300088
1207111,486393,2574407,3060800,5.292853721167862
1207148,486441,2574484,3060925,5.2924897366792685
1207183,486444,2574568,3061012,5.292629778556216
1207198,486448,2574580,3061028,5.292610926553301
1207219,486448,2574709,3061157,5.292876114199257
1207318,486479,2574832,3061311,5.292791672405181
1207695,486479,2575490,3061969,5.294144248775384
1207719,486479,2575511,3061990,5.294187416106348
1207779,486528,2575605,3062133,5.293847425019732
1207866,486587,2575778,3062365,5.293561069243527
1207874,486596,2575806,3062402,5.29352070300619
1207964,486664,2575972,3062636,5.293122154093995
1208011,486664,2576122,3062786,5.293430374960959
1208033,486671,2576162,3062833,5.2934364283057755
1208058,486682,2576203,3062885,5.293401029830567
1208059,486682,2576205,3062887,5.293405139290132
1208081,486682,2576244,3062926,5.293485273751649
1208137,486682,2576328,3063010,5.2936578710533775
1208202,486697,2576409,3063106,5.293661148517455
1208216,486697,2576446,3063143,5.293737171176317
1208294,486755,2576516,3063271,5.2932501977380815
1208300,486757,2576523,3063280,5.293242829584372
1208325,486765,2576559,3063324,5.293229792610397
1208350,486784,2576619,3063403,5.293146446884039
1208368,486788,2576656,3063444,5.2931789608618125
1208423,486807,2576716,3063523,5.2930956210572155
1208529,486847,2577251,3064098,5.2937596411192835
1208589,486873,2577377,3064250,5.293735738067217
1208877,486932,2577837,3064769,5.294039003392671
1209041,486941,2578770,3065711,5.295857198305339
1209609,487319,2579783,3067102,5.29382806744658
1209613,487322,2579786,3067108,5.293801634237732
1209625,487322,2579815,3067137,5.2938611431456
1209633,487329,2579836,3067165,5.293828194094749
1209634,487329,2579838,3067167,5.29383229809841
1209767,487376,2580137,3067513,5.293935277896327
1209854,487407,2580271,3067678,5.293873497918577
1209870,487417,2580307,3067724,5.2938387458787854
1210777,487640,2583623,3071263,5.298217947666311
1210800,487640,2583651,3071291,5.298275367074071
1210839,487640,2583651,3071291,5.298275367074071
1211042,487640,2584150,3071790,5.299298662948076
1211100,487648,2584185,3071833,5.299283499573463
1211106,487648,2584199,3071847,5.299312208806352
1211208,487731,2584507,3072238,5.299041889894225
1211225,487731,2584548,3072279,5.299125952625525
1211247,487735,2584590,3072325,5.299168605902795
1211305,487775,2584696,3072471,5.298951360770848
1211387,487852,2584918,3072770,5.298570058132384
1211412,487861,2584953,3072814,5.2985440525067595
1211534,487906,2585114,3073020,5.29838534471804
1211599,487929,2585239,3073168,5.2983917742130515
1211639,487929,2585365,3073294,5.298650008505335
1211660,487943,2585439,3073382,5.298649637355183
1211668,487943,2585461,3073404,5.298694724588732
1211680,487952,2585489,3073441,5.298654375840247
1211870,488162,2585797,3073959,5.297005911971845
1212095,488267,2586284,3074551,5.296864215685271
1212107,488275,2586340,3074615,5.296892120219139
1212142,488298,2586442,3074740,5.296851512805705
1212429,488471,2587182,3075653,5.296490477428548
1212483,488501,2587292,3075793,5.2963903860995165
1212865,488692,2588099,3076791,5.295971695873884
1213271,488974,2588811,3077785,5.2943735249726975
1213397,489052,2588975,3078027,5.2938644561314545
1213807,489211,2589474,3078685,5.293163890427648
1213829,489215,2589508,3078723,5.29319011068753
1213916,489274,2589942,3079216,5.293438850214808
1214202,489427,2590736,3080163,5.293406371123783
1214296,489434,2591068,3080502,5.2940089981488825
1214296,489448,2591134,3080582,5.293992415946127
1214482,489555,2591415,3080970,5.293409320709624
1214668,489654,2591836,3081490,5.29319887103955
1214847,489744,2592107,3081851,5.292779492959587
1215171,489745,2592673,3082418,5.293924389222963
1215366,489877,2593110,3082987,5.293389973401487
1215534,490009,2593772,3083781,5.293315020744517
1215573,490044,2593877,3083921,5.293151227236738
1215605,490044,2593954,3083998,5.293308355984361
1215638,490062,2594008,3084070,5.29322412266203
1215689,490082,2594089,3084171,5.293173387310695
1215871,490168,2594547,3084715,5.293179073297319
1215920,490184,2594615,3084799,5.293145023093369
1215947,490203,2594646,3084849,5.293003102796188
1215960,490207,2594682,3084889,5.293033351216935
1215965,490213,2594690,3084903,5.2929848861617295
1216006,490245,2594835,3085080,5.292935165070526
1216148,490328,2595090,3085418,5.292559266450213
1216165,490337,2595119,3085456,5.292521265986454
1216234,490401,2595280,3085681,5.292158865907696
1216289,490446,2595371,3085817,5.2918588386896825
1216356,490491,2595492,3085983,5.291620029725316
1216362,490491,2595506,3085997,5.291648572552809
1216429,490528,2595629,3086157,5.2915001793985255
1216462,490548,2595728,3086276,5.291486256186959
1216897,490768,2596915,3087683,5.29153286277834
1216934,490801,2597004,3087805,5.291358412065175
1219025,492335,2603050,3095385,5.287152040785237
1219027,492335,2603060,3095395,5.287172352158591
1219137,492363,2603338,3095701,5.287436302077938
1219154,492374,2603352,3095726,5.2873466105033975
1219156,492374,2603363,3095737,5.287368951244379
1219157,492374,2603368,3095742,5.287379106126644
1219161,492374,2603377,3095751,5.287397384914719
1219181,492374,2603398,3095772,5.28744003542023
1219211,492392,2603451,3095843,5.287354384311687
1219266,492392,2603558,3095950,5.287571690847942
1219522,492493,2604093,3096586,5.287573630488149
1219646,492635,2604326,3096961,5.286522476072548
1219721,492650,2604478,3097128,5.286670049731047
1219798,492709,2604695,3097404,5.286477413645783
1219802,492709,2604697,3097406,5.286481472836908
1219814,492721,2604718,3097439,5.286395343409353
1219829,492721,2604761,3097482,5.286482613893055
1219830,492721,2604763,3097484,5.28648667298532
1219851,492734,2604817,3097551,5.286456790073346
1219857,492740,2604821,3097561,5.286400535779519
1219886,492763,2604874,3097637,5.286261346732608
1220083,492878,2605364,3098242,5.28602209877495
1220093,492885,2605373,3098258,5.285965286020065
1220099,492885,2605387,3098272,5.285993690211713
1220186,492932,2605486,3098418,5.285690521207793
1220222,492938,2605558,3098496,5.2857722472197315
1220276,492947,2605625,3098572,5.2858116592656
1220318,492981,2605723,3098704,5.28564589710354
1220345,492981,2605752,3098733,5.285704722900071
1220390,492998,2605800,3098798,5.2856198199587014
1220737,493253,2606725,3099978,5.284762586340073
1220742,493255,2606733,3099988,5.2847573770159455
1220800,493279,2606888,3100167,5.284814476188932
1220954,493361,2607087,3100448,5.2843394593411315
1220976,493377,2607141,3100518,5.284277540298798
1220998,493388,2607175,3100563,5.284228639529133
1221022,493402,2607210,3100612,5.28414963863138
1221047,493412,2607288,3100700,5.284200627467512
1221067,493412,2607309,3100721,5.28424318824836
1221124,493430,2607415,3100845,5.284265245323551
1221209,493490,2607611,3101101,5.2840199396137715
1221256,493506,2607666,3101172,5.283960073433757
1221278,493514,2607692,3101206,5.283927102371969
1221304,493514,2607804,3101318,5.284154046288454
1221309,493514,2607816,3101330,5.2841783617080775
1221432,493514,2608184,3101698,5.284924034576527
1221446,493514,2608193,3101707,5.284942271141245
1221478,493536,2608243,3101779,5.2848079977955
1221532,493574,2608386,3101960,5.284690846762593
1221542,493574,2608407,3101981,5.284733393574216
1221851,493577,2608850,3102427,5.285598802213231
1221882,493587,2608904,3102491,5.285601119964666
1221883,493587,2608909,3102496,5.285611249891104
1221926,493633,2609089,3102722,5.2854833449141365
1222024,493642,2609370,3103012,5.2859562192844205
1222055,493642,2609419,3103061,5.28605548150279
1222171,493699,2609612,3103311,5.2858361066155695
1222194,493713,2609647,3103360,5.2857571098998815
1222199,493716,2609653,3103369,5.285737144431211
1222228,493738,2609729,3103467,5.285655550109572
1222259,493768,2609850,3103618,5.285579462419598
1222345,493827,2609960,3103787,5.285170717680483
1222356,493839,2609979,3103818,5.285080765188654
1222384,493858,2610021,3103879,5.28496247909318
1222412,493875,2610050,3103925,5.2848392811946345
1222904,494542,2611275,3105817,5.2801885380817
1222918,494548,2611310,3105858,5.280195248995042
1223079,494548,2611697,3106245,5.280977781732005
1223150,494563,2611918,3106481,5.2812644698450955
1223162,494572,2611955,3106527,5.281243175917763
1223171,494572,2611982,3106554,5.281297768575658
1223177,494572,2611996,3106568,5.2813260758797504
1223237,494593,2612157,3106750,5.2814273554215285
1223363,494631,2612378,3107009,5.281468407762555
1223569,494792,2612773,3107565,5.280548189946483
1223670,494838,2612877,3107715,5.280267481478787
1223694,494838,2612952,3107790,5.2804190462333125
1223724,494852,2613008,3107860,5.280382821530478
1223830,494921,2613237,3108158,5.280109350785277
1223862,494937,2613311,3108248,5.280088172838159
1223872,494941,2613326,3108267,5.280075807015382
1223879,494941,2613340,3108281,5.280104093215151
1223889,494941,2613355,3108296,5.280134399857761
1224304,495199,2614510,3109709,5.27971583141323
1224536,495324,2614943,3110267,5.279257617236395
1224775,495329,2615588,3110917,5.280506491644947
1224783,495339,2615607,3110946,5.2804382453229
1224790,495339,2615630,3110969,5.2804846781699
1224820,495355,2615678,3111033,5.28041101836057
1224874,495355,2615878,3111233,5.280814769205923
1224968,495405,2616011,3111416,5.280550256860549
1225023,495435,2616182,3111617,5.280575655736878
1225122,495467,2616348,3111815,5.280569644396095
1225128,495467,2616362,3111829,5.280597900566536
1225230,495526,2616451,3111977,5.28014877120474
1225302,495553,2616523,3112076,5.280006376714499
1225397,495618,2616822,3112440,5.279917194290764
1225413,495628,2616840,3112468,5.279846982010701
1225465,495649,2616906,3112555,5.279756440545628
1225473,495651,2616916,3112567,5.279755311701177
1225514,495684,2617051,3112735,5.279676164653287
1225669,495782,2617391,3113173,5.2793183294270465
1225695,495791,2617425,3113216,5.279291072246168
1225826,495850,2617669,3113519,5.279154986387012
1225854,495859,2617714,3113573,5.2791499196344125
1225861,495867,2617731,3113598,5.279099032603501
1225907,495890,2617819,3113709,5.279031640081469
1226011,495929,2617886,3113815,5.278751595490483
1226013,495929,2617897,3113826,5.278773776084883
1226033,495935,2617948,3113883,5.278812747638299
1226195,495963,2618187,3114150,5.278996618699379
1226234,495963,2618210,3114173,5.279042993126503
1226262,495963,2618303,3114266,5.279230507114442
1226516,496015,2618858,3114873,5.279795973912079
1227047,496181,2620233,3116414,5.28080075617567
1227262,496259,2620592,3116851,5.280694153657667
1227589,496425,2621546,3117971,5.280850078058116
1227626,496441,2621611,3118052,5.280810811355226
1227659,496463,2621650,3118113,5.2806553559882605
1227740,496491,2621758,3118249,5.280575075882544
1227858,496539,2621972,3118511,5.280495590477284
1227903,496569,2622089,3118658,5.280412188437055
1227917,496572,2622121,3118693,5.280444729062452
1228114,496600,2622557,3119157,5.281024969794603
1228150,496600,2622590,3119190,5.2810914216673375
1228414,496691,2623168,3119859,5.281287561079222
1228449,496691,2623332,3120023,5.281617746244647
1228457,496691,2623354,3120045,5.281662039376594
1228506,496705,2623472,3120177,5.281750737359197
1228535,496730,2623529,3120259,5.2815996617880945
1228744,496825,2623809,3120634,5.281153323604891
1228801,496833,2623862,3120695,5.281174962210642
1228810,496833,2623900,3120733,5.281251446663164
1228822,496833,2623919,3120752,5.281289688889426
1228945,496834,2624391,3121225,5.282229074499733
1229117,496936,2624804,3121740,5.281975948613101
1229181,496965,2624952,3121917,5.281965530771784
1229182,496965,2624952,3121917,5.281965530771784
1229185,496967,2624956,3121923,5.281952322790044
1229194,496969,2624977,3121946,5.28197332227966
1229231,496992,2625026,3122018,5.28182747408409
1229238,496992,2625049,3122041,5.28187375249501
1229248,496992,2625065,3122057,5.281905946172172
1229346,496992,2625187,3122179,5.28215142296053
1229355,496992,2625210,3122202,5.282197701371451
1229401,497004,2625267,3122271,5.282184851630973
1229417,497010,2625301,3122311,5.2821894931691515
1229467,497024,2625389,3122413,5.282217760108164
1229481,497028,2625431,3122459,5.282259751965684
1229490,497028,2625454,3122482,5.282306027024634
1229625,497087,2625776,3122863,5.282326836147394
1229707,497087,2625911,3122998,5.282598418385514
1229712,497094,2625924,3123018,5.282550181655783
1229733,497104,2625966,3123070,5.282528404518974
1229740,497104,2625989,3123093,5.282574672503138
1229763,497113,2626052,3123165,5.2826057656911
1229766,497113,2626061,3123174,5.282623870226689
1229821,497117,2626099,3123216,5.282657804903071
1229829,497117,2626119,3123236,5.282698036880654
1229977,497172,2626235,3123407,5.282346954373939
1230076,497234,2626527,3123761,5.28227554833338
1230085,497243,2626538,3123781,5.28220206217081
1230099,497249,2626560,3123809,5.282182568491842
1230129,497261,2626607,3123868,5.282149615594225
1230143,497264,2626641,3123905,5.282186122462113
1230153,497264,2626657,3123921,5.282218298529553
1230178,497286,2626712,3123998,5.282095212815161
1230201,497300,2626764,3124064,5.28205107580937
1230314,497369,2627120,3124489,5.282034063240773
1230612,497375,2627673,3125048,5.2830821814526265
1230637,497375,2627673,3125048,5.2830821814526265
1230643,497375,2627691,3125066,5.283118371450113
1230686,497409,2627772,3125181,5.28292009191631
1230702,497409,2627798,3125207,5.282972362783946
1230734,497433,2627845,3125278,5.282811956585108
1230740,497438,2627862,3125300,5.282793031493372
1231082,497666,2628715,3126381,5.282086781094147
1231101,497666,2628753,3126419,5.282163137525972
1231133,497678,2628769,3126447,5.282067923436439
1231161,497690,2628807,3126497,5.282016918161908
1231538,497865,2629386,3127251,5.28132325027869
1231574,497879,2629446,3127325,5.28129525446946
1231594,497894,2629478,3127372,5.281200416152836
1231601,497894,2629501,3127395,5.281246610724371
1231755,497999,2629801,3127800,5.280735503484947
1231811,497999,2629885,3127884,5.280904178522447
1231821,498002,2629909,3127911,5.280920558551974
1231856,498020,2629956,3127976,5.2808240632906305
1231919,498020,2630138,3128158,5.281189510461427
1231932,498026,2630157,3128183,5.281164035612599
1232121,498093,2630510,3128603,5.281162353215163
1232145,498109,2630556,3128665,5.281085063710955
1232632,498127,2631384,3129511,5.282556456485996
1232715,498183,2631637,3129820,5.282470497788965
1232785,498201,2631753,3129954,5.28251247990269
1232791,498201,2631767,3129968,5.282540581010475
1233103,498248,2632302,3130550,5.2831160385992515
1233109,498251,2632313,3130564,5.283106305857891
1233145,498251,2632468,3130719,5.283417394044367
1233152,498251,2632491,3130742,5.2834635555172
1233522,498447,2633082,3131529,5.282571667599564
1233594,498525,2633239,3131764,5.282060077227822
1233644,498550,2633292,3131842,5.281901514391736
1233711,498569,2633505,3132074,5.282127448758346
1233729,498574,2633558,3132132,5.2821807795833715
1233746,498588,2633593,3132181,5.282102657905926
1233760,498588,2633595,3132183,5.282106669233917
1234105,498629,2634127,3132756,5.282739271081305
1234132,498643,2634177,3132820,5.282691223981887
1234151,498643,2634221,3132864,5.282779463463841
1234163,498648,2634248,3132896,5.282780638847443
1234349,498751,2634492,3133243,5.282178882849358
1234431,498790,2634701,3133491,5.282184887427575
1234439,498797,2634729,3133526,5.282166893545871
1234487,498830,2634810,3133640,5.281979832808773
1234598,498883,2634921,3133804,5.281641186410441
1234627,498892,2634981,3133873,5.281666172237679
1234653,498897,2635048,3133945,5.2817475350623475
1234665,498897,2635085,3133982,5.28182169866726
1234691,498897,2635153,3134050,5.281957999346559
1234720,498905,2635171,3134076,5.281909381545585
1234746,498921,2635221,3134142,5.281840211175717
1235011,499025,2635748,3134773,5.281795501227394
1235111,499101,2635942,3135043,5.281379921098134
1235158,499118,2636031,3135149,5.281378351411891
1235221,499118,2636243,3135361,5.281803100669581
1235232,499127,2636251,3135378,5.2817238899117855
1235295,499174,2636590,3135764,5.281905708229996
1235397,499232,2636851,3136083,5.28181486763669
1235399,499234,2636851,3136085,5.281793707960595
1235417,499234,2636871,3136105,5.281833769334621
1235449,499242,2636918,3136160,5.281843274403997
1235456,499242,2636938,3136180,5.281883335136066
1235469,499247,2636983,3136230,5.281920572382007
1235516,499274,2637098,3136372,5.281865268369673
1235546,499274,2637153,3136427,5.281975428321924
1235799,499440,2637744,3137184,5.281403171552139
1235822,499452,2637800,3137252,5.28138840168825
1236084,499606,2638548,3138154,5.281257631013238
1236145,499636,2638674,3138310,5.281192708291636
1236175,499647,2638693,3138340,5.2811144668135706
1236311,499719,2639035,3138754,5.281037943324148
1236333,499725,2639113,3138838,5.2811306218420135
1236452,499800,2639346,3139146,5.2808043217286915
1236487,499821,2639421,3139242,5.2807325022358
1236489,499822,2639422,3139244,5.280723937721829
1236574,499822,2639783,3139605,5.281446194845365
1236644,499862,2639982,3139844,5.281421672381577
1236651,499866,2639984,3139850,5.281383410754082
1236683,499866,2640100,3139966,5.28161547294675
1236752,499871,2640321,3140192,5.282004757227365
1237392,499871,2642362,3142233,5.286087810655149
1237405,499878,2642388,3142266,5.286065800055214
1237429,499896,2642441,3142337,5.285981484148703
1237440,499896,2642451,3142347,5.2860014883095685
1237485,499917,2642522,3142439,5.285921462962852
1237486,499917,2642524,3142441,5.285925463626962
1237491,499921,2642537,3142458,5.285909173649436
1237729,500055,2643101,3143156,5.285620581736009
1237906,500055,2643514,3143569,5.286446490886003
1237941,500064,2643654,3143718,5.286631311192167
1237953,500071,2643692,3143763,5.286633298071674
1237967,500074,2643713,3143787,5.286643576750641
1237985,500083,2643747,3143830,5.286616421674002
1238010,500093,2643792,3143885,5.286600692271238
1238021,500093,2643812,3143905,5.286640684832621
1238095,500109,2644065,3144174,5.286977438918316
1238118,500117,2644117,3144234,5.286996842738799
1238128,500117,2644137,3144254,5.287036833380989
1238166,500132,2644191,3144323,5.286986235633793
1238174,500135,2644198,3144333,5.286968518500005
1238181,500135,2644221,3144356,5.2870145060833575
1238192,500138,2644237,3144375,5.287014783919638
1238205,500144,2644264,3144408,5.287005342461371
1238215,500151,2644272,3144423,5.286947341902746
1238224,500155,2644281,3144436,5.286923053853306
1238718,500155,2645362,3145517,5.2890843838410095
1238723,500155,2645366,3145521,5.289092381361778
1238833,500155,2645705,3145860,5.289770171246913
1238913,500175,2645841,3146016,5.289830559304243
1238947,500186,2645875,3146061,5.28978220102122
1238967,500186,2645916,3146102,5.289864170528563
1239143,500301,2646189,3146490,5.289193905269028
1239194,500331,2646283,3146614,5.289064639208844
1239241,500371,2646481,3146852,5.289037534149661
1239445,500422,2646638,3147060,5.288812242467357
1239619,500504,2646925,3147429,5.2885191726739444
1239638,500508,2646937,3147445,5.288500883102768
1239727,500551,2647113,3147664,5.28839818519991
1239924,500683,2647586,3148269,5.287948662127534
1239930,500683,2647600,3148283,5.287976623931709
1239962,500699,2647660,3148359,5.287927477386614
1240122,500745,2647819,3148564,5.287759238734286
1240207,500750,2647935,3148685,5.287938092860709
1240260,500769,2648066,3148835,5.2879990574496425
1240282,500779,2648123,3148902,5.288007284650514
1240310,500779,2648160,3148939,5.28808116953786
1240454,500900,2648482,3149382,5.287446596126972
1240955,501250,2649453,3150703,5.285691770573566
1241007,501261,2649482,3150743,5.285633631980146
1241009,501264,2649485,3150749,5.285607983018928
1241131,501298,2649751,3151049,5.285780114821923
1241433,501299,2649912,3151211,5.286090736267178
1241520,501311,2650086,3151397,5.286311291792919
1241600,501343,2650237,3151580,5.28627506517494
1241719,501422,2650650,3152072,5.28626585989446
1241879,501523,2650934,3152457,5.285767552036496
1241920,501541,2651012,3152553,5.285733369754417
1241954,501541,2651169,3152710,5.286046404979852
1242111,501626,2651484,3153110,5.285778647837233
1242118,501627,2651491,3153118,5.285782065159969
1242119,501627,2651496,3153123,5.285792032725511
1242146,501643,2651532,3153175,5.285695205554548
1242165,501650,2651568,3153218,5.285693212399083
1242175,501650,2651580,3153230,5.285717133459583
1242182,501650,2651603,3153253,5.285762982158876
1242272,501726,2651876,3153602,5.285506431797435
1242431,501726,2652277,3154003,5.286305672817434
1242468,501738,2652311,3154049,5.286247005409198
1242492,501753,2652383,3154136,5.286232468963813
1242502,501753,2652417,3154170,5.286300231388751
1242554,501788,2652575,3154363,5.286246382934626
1242566,501801,2652599,3154400,5.286157261543919
1242651,501840,2652711,3154551,5.285969631755141
1242678,501847,2652798,3154645,5.286069260152995
1242688,501847,2652818,3154665,5.286109112936812
1242830,501898,2652980,3154878,5.285894743553471
1242918,501950,2653164,3155114,5.2857137165056285
1242926,501954,2653183,3155137,5.285709447479251
1242959,501965,2653230,3155195,5.285687249110993
1243032,501990,2653365,3155355,5.2856929420904795
1243079,502007,2653482,3155489,5.285747011495856
1243085,502007,2653500,3155507,5.2857828675695755
1243125,502019,2653575,3155594,5.285805915712354
1243176,502027,2653690,3155717,5.285950755636649
1243378,502083,2654046,3156129,5.286070231415922
1243424,502108,2654103,3156211,5.2859205589235785
1243653,502138,2654422,3156560,5.286240037599225
1243686,502151,2654472,3156623,5.286202755744786
1243696,502151,2654472,3156623,5.286202755744786
1243727,502151,2654549,3156700,5.2863560960746865
1243823,502166,2654599,3156765,5.28629775811186
1243836,502173,2654621,3156794,5.286267879794414
1244155,502315,2655027,3157342,5.285581756467555
1244165,502315,2655063,3157378,5.285653424643899
1244230,502315,2655063,3157378,5.285653424643899
1244237,502315,2655086,3157401,5.285699212645452
1244258,502322,2655107,3157429,5.285667360776554
1244753,502483,2656225,3158708,5.286198737071702
1244882,502483,2656551,3159034,5.286847515239321
1244921,502492,2656612,3159104,5.286874218893037
1245010,502515,2656747,3159262,5.286900888530691
1245201,502579,2657132,3159711,5.286993686564699
1245266,502584,2657195,3159779,5.287066440634799
1245292,502584,2657272,3159856,5.287219648854719
1245293,502585,2657273,3159858,5.287211118517265
1245496,502636,2657706,3160342,5.287536109630031
1246059,502636,2659160,3161796,5.290428859055062
1246080,502645,2659189,3161834,5.2903918272339325
1246162,502684,2659264,3161948,5.290130579051651
1246289,502714,2659489,3162203,5.290262455392131
1247040,502787,2662658,3165445,5.295797226260822
1247281,502867,2663312,3166179,5.2962552722688105
1247327,502880,2663407,3166287,5.296307270124085
1247339,502880,2663422,3166302,5.296337098313713
1247383,502913,2663483,3166396,5.296110858140474
1247395,502920,2663527,3166447,5.2961246321482545
1247416,502930,2663580,3166510,5.296124709204064
1247591,502994,2663801,3166795,5.2958902094259575
1247613,503005,2663848,3166853,5.295867834315763
1248175,503377,2664918,3168295,5.294079785131224
1248279,503407,2665002,3168409,5.293931153122623
1248421,503465,2665428,3168893,5.294167419780918
1249445,503955,2667570,3171525,5.293270232461231
1250180,504492,2670010,3174502,5.292472427709458
1250220,504502,2670099,3174601,5.292543934414532
1250266,504503,2670251,3174754,5.292834730417857
1250685,504698,2671395,3176093,5.293056441674031
1250707,504705,2671432,3176137,5.293056339842086
1250718,504714,2671447,3176161,5.292991674492881
1250752,504719,2671455,3176174,5.292955089861883
1250853,504797,2671772,3176569,5.292765210569794
1251006,504892,2672070,3176962,5.2923595541224655
1251237,504892,2672320,3177212,5.292854709522036
1251386,504939,2672709,3177648,5.293132437779613
1251642,504941,2672992,3177933,5.293671933948719
1251648,504941,2673010,3177951,5.293707581677859
1251658,504941,2673039,3177980,5.293765014130364
1251671,504952,2673070,3178022,5.293711085410099
1251704,504998,2673180,3178178,5.293446706719631
1251734,504998,2673364,3178362,5.293811064598276
1251806,505042,2673523,3178565,5.293664685313301
1251830,505054,2673550,3178604,5.2935923683408115
1251860,505070,2673570,3178640,5.29346427227909
1252293,505105,2673990,3179095,5.293928985062512
1252305,505115,2673999,3179114,5.293841996377062
1252365,505145,2674137,3179282,5.293800789872215
1252404,505145,2674252,3179397,5.2940284472775145
1252488,505184,2674447,3179631,5.294005748400583
1252522,505207,2674528,3179735,5.293925064379551
1252565,505242,2674636,3179878,5.293772093373077
1252584,505250,2674658,3179908,5.2937318159327065
1252596,505269,2674693,3179962,5.293602021893289
1252686,505276,2674952,3180228,5.294041276450891
1252711,505291,2675001,3180292,5.2939810920835715
1252767,505330,2675182,3180512,5.293930698751311
1252768,505330,2675184,3180514,5.293934656561059
1252836,505377,2675324,3180701,5.293719342194045
1252881,505393,2675457,3180850,5.2938149123553355
1253012,505398,2675686,3181084,5.294215647865642
1253021,505402,2675695,3181097,5.294191554445768
1253086,505431,2675895,3181326,5.294283492702268
1253104,505438,2675924,3181362,5.2942675461678785
1253177,505501,2676081,3181582,5.293918310745181
1253192,505501,2676105,3181606,5.293965788396067
1253197,505502,2676112,3181614,5.293969163326753
1253230,505512,2676162,3181674,5.293963348051085
1253328,505557,2676389,3181946,5.293941138190155
1253385,505595,2676486,3182081,5.293735104184179
1253560,505652,2676797,3182449,5.293753411437115
1253567,505652,2676820,3182472,5.2937988972653125
1253568,505654,2676821,3182475,5.293779936478304
1253611,505674,2676860,3182534,5.293647686058607
1253629,505680,2676913,3182593,5.293689685176396
1253635,505680,2676927,3182607,5.293717370669198
1253643,505680,2676949,3182629,5.293760876443601
1255107,505680,2679035,3184715,5.2978860148710645
1255418,505829,2679889,3185718,5.298013755636786
1255471,505829,2679997,3185826,5.298227266526831
1255527,505855,2680058,3185913,5.298075535479534
1255629,505924,2680212,3186136,5.297657355650256
1255662,505944,2680278,3186222,5.297578388122005
1255829,506067,2680674,3186741,5.297073312427011
1255861,506085,2680762,3186847,5.297058794471284
1255878,506094,2680776,3186870,5.296992258355167
1256181,506281,2681445,3187726,5.296357161339256
1256285,506313,2681682,3187995,5.296490510810506
1256294,506315,2681684,3187999,5.296473539199905
1256326,506341,2681777,3188118,5.296385242356435
1256327,506341,2681782,3188123,5.296395117124625
1256366,506357,2681800,3188157,5.296263308298295
1256388,506365,2681822,3188187,5.296223080189192
1256476,506372,2681947,3188319,5.296396720197799
1256502,506389,2681980,3188369,5.296284082000201
1256515,506399,2682001,3188400,5.29622096410143
1256585,506432,2682227,3188659,5.296322112346771
1256594,506440,2682258,3188698,5.296299660374378
1256653,506440,2682334,3188774,5.296449727509676
1256673,506440,2682429,3188869,5.296637311428797
1256678,506442,2682437,3188879,5.29663219085305
1257366,506617,2683089,3189706,5.296089550883607
1257413,506629,2683156,3189785,5.2960963545316195
1257420,506629,2683175,3189804,5.296133857319656
1257443,506642,2683205,3189847,5.2960571764678015
1257528,506681,2683336,3190017,5.295908076284684
1257533,506684,2683347,3190031,5.29589842979056
1257640,506697,2683546,3190243,5.296155295965834
1257670,506704,2683624,3190328,5.296236066816129
1257756,506736,2683978,3190714,5.29660020207761
1257785,506746,2684021,3190767,5.296580535416165
1258026,506871,2684584,3191455,5.296385076281736
1258036,506875,2684613,3191488,5.296400493218249
1258109,506909,2684714,3191623,5.296244493587606
1258143,506945,2684829,3191774,5.296095237155905
1258189,506957,2684927,3191884,5.296163185437818
1258844,507416,2686161,3193577,5.293804294700995
1258902,507455,2686339,3193794,5.293748214127361
1259111,507545,2686720,3194265,5.293560176930124
1259214,507567,2686952,3194519,5.293787815204692
1259281,507599,2687120,3194719,5.29378505473809
1259308,507606,2687182,3194788,5.293834194237263
1259537,507704,2687875,3195579,5.294177315916361
1259556,507715,2687923,3195638,5.294157155096856
1259591,507718,2687935,3195653,5.2941495081915555
1259639,507744,2688013,3195757,5.294032031890087
1259698,507807,2688199,3196006,5.293741519908154
1259810,507873,2688387,3196260,5.293423749638197
1259830,507880,2688396,3196276,5.293368512246987
1259855,507889,2688434,3196323,5.293349531098331
1259890,507902,2688475,3196377,5.2932947694634
1259905,507913,2688509,3196422,5.293247071841043
1259958,507913,2688749,3196662,5.293719593709946
1259968,507920,2688772,3196692,5.2936919199874
1259991,507930,2688833,3196763,5.293707794381116
1260372,508161,2689383,3197544,5.2923837130358296
1260378,508161,2689397,3197558,5.292411263359447
1260562,508161,2689803,3197964,5.293210222744366
1260596,508188,2689875,3198063,5.293070674632223
1260626,508205,2689965,3198170,5.293070709654568
1260636,508211,2689988,3198199,5.2930534758200825
1260665,508218,2690012,3198230,5.29302779515877
1260714,508237,2690159,3198396,5.293119155039873
1260795,508244,2690209,3198453,5.293144631318816
1260808,508244,2690268,3198512,5.293260717293268
1260884,508265,2690454,3198719,5.293407966316783
1260893,508267,2690471,3198738,5.2934205840631
1260903,508271,2690485,3198756,5.29340647017044
1260978,508298,2690615,3198913,5.293381048125313
1261017,508320,2690691,3199011,5.293301463644948
1261022,508323,2690698,3199021,5.293283994625464
1261055,508332,2690771,3199103,5.293333884154451
1261070,508339,2690806,3199145,5.293329844847631
1261656,508446,2691756,3200202,5.294084327539208
1261696,508473,2691836,3200309,5.293960544611021
1261890,508488,2692315,3200803,5.294746385362093
1261899,508493,2692327,3200820,5.294717921387315
1261910,508495,2692349,3200844,5.294740361262156
1261915,508495,2692365,3200860,5.294771826664962
1262173,508635,2692967,3201602,5.294498019208273
1262180,508635,2692984,3201619,5.294531441996717
1262318,508657,2693070,3201727,5.294471520100972
1262394,508691,2693277,3201968,5.294524573857214
1262409,508691,2693319,3202010,5.294607138714858
1262463,508719,2693434,3202153,5.294541780432812
1262489,508719,2693460,3202179,5.294592889198163
1262515,508719,2693483,3202202,5.29463810079828
1262551,508732,2693527,3202259,5.294589292594136
1262560,508737,2693551,3202288,5.294584431641496
1262570,508738,2693589,3202327,5.294648718986983
1262587,508760,2693642,3202402,5.294523940561365
1262635,508782,2693769,3202551,5.294544618323761
1262655,508791,2693806,3202597,5.294523684577754
1262672,508805,2693858,3202663,5.294480203614351
1262705,508805,2693911,3202716,5.294584369257378
1262738,508805,2694044,3202849,5.294845766059689
1262980,508927,2694363,3203290,5.294203294382102
1262981,508927,2694368,3203295,5.294213118973841
1262988,508927,2694388,3203315,5.294252417340798
1263007,508939,2694436,3203375,5.2942219008564875
1263263,509165,2695083,3204248,5.293142694411438
1263281,509172,2695129,3204301,5.293160268043019
1263316,509172,2695195,3204367,5.293289890253195
1263318,509176,2695196,3204372,5.293250271026128
1263329,509179,2695211,3204390,5.293248543243142
1263365,509198,2695282,3204480,5.293190468147951
1263405,509240,2695367,3204607,5.292920823187495
1263452,509276,2695469,3204745,5.292746958427258
1263474,509296,2695519,3204815,5.292637287549873
1263485,509296,2695543,3204839,5.292684411422827
1263499,509297,2695574,3204871,5.292734887501791
1263778,509396,2696010,3205406,5.292562171669978
1263791,509402,2696033,3205435,5.292544984118633
1263809,509403,2696065,3205468,5.292597413050179
1263842,509403,2696191,3205594,5.292844761416796
1264105,509586,2696558,3206144,5.2916642136950385
1264137,509598,2696603,3206201,5.291627910627593
1264149,509605,2696622,3206227,5.291592507922803
1264152,509605,2696628,3206233,5.291604281747628
1264217,509615,2696849,3206464,5.291934107120081
1264244,509624,2696945,3206569,5.292029025320629
1264365,509684,2697166,3206850,5.291839649665283
1264484,509711,2697374,3207085,5.291967408982737
1264512,509721,2697431,3207152,5.2919754140009925
1264532,509730,2697478,3207208,5.2919741824102955
1264590,509733,2697512,3207245,5.292009738431688
1264799,509807,2697799,3207606,5.291804545641782
1264861,509833,2697911,3207744,5.291754358780228
1264906,509847,2697946,3207793,5.291677699388248
1265020,509850,2698235,3208085,5.292213396096892
1265045,509868,2698290,3208158,5.292134434794888
1265049,509872,2698301,3208173,5.2921144914802145
1265139,509908,2698460,3208368,5.292052684013587
1265154,509921,2698486,3208407,5.2919687559445485
1265161,509921,2698509,3208430,5.292013860970621
1265178,509921,2698568,3208489,5.292129565167937
1265612,509921,2699334,3209255,5.293631758644967
1265633,509939,2699366,3209305,5.293507654837147
1265705,509946,2699505,3209451,5.293707569036721
1265861,510036,2699866,3209902,5.293481244461176
1265978,510095,2700081,3210176,5.293290465501524
1265984,510095,2700099,3210194,5.293325753046001
1266037,510108,2700261,3210369,5.293508433508198
1266060,510110,2700304,3210414,5.29357197467213
1266171,510176,2700514,3210690,5.293298783165025
1266217,510192,2700595,3210787,5.293291545143789
1266227,510195,2700619,3210814,5.2933074608728035
1266348,510195,2700959,3211154,5.293973872734934
1266370,510213,2700988,3211201,5.2938439436078655
1266387,510222,2701014,3211236,5.2938015216905585
1266393,510222,2701032,3211254,5.293836800451568
1266627,510321,2701704,3212025,5.29412663793965
1268405,510328,2704203,3214531,5.298950870812497
1268420,510340,2704223,3214563,5.298865462240859
1268628,510372,2704355,3214727,5.298791861622503
1268635,510372,2704362,3214734,5.298805577108462
1269039,510554,2704914,3215468,5.297997861146911
1269079,510573,2704959,3215532,5.297888842535739
1269091,510581,2704987,3215568,5.297860672449621
1269121,510607,2705062,3215669,5.297737790512077
1269123,510609,2705065,3215674,5.2977229151855925
1269129,510613,2705085,3215698,5.297720582907211
1269137,510613,2705103,3215716,5.297755834653642
1269185,510643,2705267,3215910,5.297765758073645
1269292,510678,2705360,3216038,5.297584779450064
1269417,510737,2705609,3216346,5.297460336729079
1269418,510737,2705611,3216348,5.297464252638834
1269425,510737,2705634,3216371,5.297509285601004
1269455,510792,2705729,3216521,5.297124857084684
1269500,510797,2705833,3216630,5.297276608907256
1269507,510809,2705848,3216657,5.297181529691137
1269560,510836,2705907,3216743,5.297017046566804
1270002,510836,2705907,3216743,5.297017046566804
1270057,510848,2706029,3216877,5.2971314363568025
1270183,510938,2706212,3217150,5.296556529363641
1270201,510938,2706222,3217160,5.296576101209932
1270360,510999,2706679,3217678,5.296838154282102
1270414,510999,2706822,3217821,5.297117998273969
1270732,511193,2707301,3218494,5.296044742396707
1270856,511279,2707581,3218860,5.295701564116657
1270875,511284,2707609,3218893,5.295704539942576
1271198,511446,2708292,3219738,5.295362560270292
1271204,511453,2708304,3219757,5.295313547872434
1271345,511480,2708406,3219886,5.295233440212716
1271437,511537,2708629,3220166,5.295079339324428
1271453,511537,2708655,3220192,5.295130166537318
1271824,511863,2709981,3221844,5.294348292414181
1272018,511863,2710538,3222401,5.295436474212827
1272089,511932,2710742,3222674,5.295121227037966
1272406,512011,2710984,3222995,5.294776870028183
1272427,512021,2711029,3223050,5.294761347679099
1272555,512052,2711190,3223242,5.294755220172951
1272586,512078,2711251,3223329,5.29460550931694
1272621,512078,2711336,3223414,5.29477149965435
1272679,512097,2711477,3223574,5.294850389672269
1272716,512097,2711522,3223619,5.29493826364927
1272859,512180,2711774,3223954,5.2945722207036585
1272870,512180,2711813,3223993,5.294648365808896
1272893,512194,2711838,3224032,5.294552454733949
1272940,512207,2711861,3224068,5.294462980787064
1272977,512217,2711905,3224122,5.294445518208104
1273015,512247,2712014,3224261,5.294348234347883
1273167,512332,2712309,3224641,5.29404565789371
1273180,512342,2712386,3224728,5.29409261782169
1273202,512353,2712427,3224780,5.294058978868085
1273232,512362,2712485,3224847,5.294079186200382
1273258,512378,2712532,3224910,5.294005597430022
1273323,512399,2712633,3225032,5.293985741580292
1273377,512446,2712805,3225251,5.29383583831272
1273408,512462,2712846,3225308,5.293750561017207
1273414,512464,2712856,3225320,5.293749414593025
1273517,512515,2713024,3225539,5.293550432670263
1273550,512552,2713154,3225706,5.293421935725546
1273581,512560,2713208,3225768,5.293444669892305
1273634,512586,2713293,3225879,5.2933419952944485
1273654,512586,2713314,3225900,5.29338296402945
1273670,512586,2713340,3225926,5.293433687225168
1273672,512586,2713345,3225931,5.293443441685883
1273734,512609,2713418,3226027,5.293348341523461
1273744,512613,2713433,3226046,5.293336298533202
1273814,512653,2713535,3226188,5.293122248382434
1274571,512926,2715448,3228374,5.294034617079267
1274658,512926,2715690,3228616,5.2945064200294
1274702,512929,2715802,3228731,5.294693807525018
1274756,512963,2715937,3228900,5.294606043710755
1274765,512965,2715957,3228922,5.294624389578236
1274861,513000,2716066,3229066,5.294475633528265
1274884,513022,2716106,3229128,5.294326559094932
1274971,513049,2716274,3229323,5.29437539104452
1275019,513074,2716362,3229436,5.294288932980428
1275379,513183,2716636,3229819,5.293698349321782
1275426,513204,2716696,3229900,5.293598646931825
1275442,513210,2716732,3229942,5.29360690555523
1275497,513268,2716895,3230163,5.293326293476313
1275760,513439,2717525,3230964,5.292790380162006
1275793,513452,2717559,3231011,5.292722591400949
1275953,513452,2717978,3231430,5.293538636522985
1275968,513452,2717978,3231430,5.293538636522985
1276004,513462,2718001,3231463,5.293480335448388
1276028,513477,2718057,3231534,5.293434759492635
1277582,513484,2719896,3233380,5.2969440138349
1277599,513498,2719941,3233439,5.296887232277438
1277700,513538,2720207,3233745,5.296992627614705
1277807,513591,2720383,3233974,5.296788689832961
1277819,513593,2720406,3233999,5.296812845969474
1277850,513615,2720464,3234079,5.296698889245836
1278402,513828,2721847,3235675,5.297194781132986
1278430,513858,2721940,3235798,5.297066504754231
1278443,513861,2721972,3235833,5.297097853310525
1278541,513910,2722135,3236045,5.296909964779825
1278545,513910,2722137,3236047,5.296913856511841
1278571,513929,2722170,3236099,5.296782240348375
1278632,513955,2722246,3236201,5.296662159138446
1278657,513974,2722277,3236251,5.296526672555421
1278849,513985,2722351,3236336,5.296557292527992
1278877,514004,2722444,3236448,5.296542439358449
1278963,514019,2722560,3236579,5.296613549304598
1278964,514019,2722565,3236584,5.296623276571489
1278967,514021,2722569,3236590,5.296610449767616
1279097,514069,2722750,3236819,5.29646798386987
1279132,514093,2722870,3236963,5.296454143510999
1279154,514100,2722930,3237030,5.296498735654542
1279156,514100,2722934,3237034,5.296506516241976
1279159,514100,2722941,3237041,5.296520132269986
1279195,514134,2723048,3237182,5.296377987061739
1279246,514134,2723164,3237298,5.296603609175818
1279260,514134,2723206,3237340,5.29668529994126
1279385,514162,2723604,3237766,5.297170930562741
1279415,514171,2723710,3237881,5.29728436648508
1279433,514171,2723743,3237914,5.297348547467672
1279850,514410,2725331,3239741,5.297974378414105
1279884,514421,2725387,3239808,5.297969950682417
1279887,514421,2725394,3239815,5.297983558213992
1279901,514426,2725407,3239833,5.297957334971405
1279928,514435,2725474,3239909,5.297994887595129
1279959,514435,2725515,3239950,5.2980745866824765
1280004,514435,2725640,3240075,5.29831757170488
1280043,514444,2725729,3240173,5.2983978819852116
1280050,514444,2725752,3240196,5.298442590447163
1280805,514472,2727282,3241754,5.301128146915673
1280926,514472,2727653,3242125,5.301849274596091
1280946,514475,2727657,3242132,5.3018261334369985
1280981,514478,2727685,3242163,5.301849641772826
1281264,514531,2728245,3242776,5.302391886980571
1281281,514551,2728296,3242847,5.302284904703324
1281283,514552,2728300,3242852,5.302282373793125
1281313,514552,2728433,3242985,5.302540851070446
1281501,514552,2728814,3243366,5.303281301015252
1281502,514552,2728819,3243371,5.303291018206129
1281524,514552,2728934,3243486,5.303514513596293
1281541,514562,2728968,3243530,5.303477520687498
1281680,514666,2729230,3243896,5.302914900148834
1281830,514759,2729715,3244474,5.302899026534748
1281836,514759,2729729,3244488,5.302926223727997
1281861,514775,2729786,3244561,5.302872128599874
1281882,514797,2729874,3244671,5.3028164499793125
1281889,514797,2729897,3244694,5.30286112778435
1281894,514800,2729904,3244704,5.302843822843823
1281910,514800,2729930,3244730,5.302894327894328
1281939,514811,2729950,3244761,5.302819869816301
1282024,514860,2730208,3245068,5.302816299576584
1282053,514878,2730242,3245120,5.302696949568635
1282107,514915,2730299,3245214,5.302426614101357
1282139,514934,2730351,3245285,5.302331949337197
1282184,514939,2730438,3245377,5.302449416338634
1282646,515205,2731486,3246691,5.301745906969071
1282721,515235,2731661,3246896,5.301776859103128
1282730,515245,2731677,3246922,5.301705014119497
1282769,515276,2731758,3247034,5.301543250607441
1282777,515280,2731766,3247046,5.3015176214873465
1282782,515282,2731783,3247065,5.301530035980298
1282959,515366,2732170,3247536,5.301416857146183
1283037,515398,2732306,3247704,5.301351576839647
1283104,515398,2732458,3247856,5.301646494553723
1283217,515421,2732535,3247956,5.3015593078279695
1283253,515439,2732604,3248043,5.301508034898407
1283488,515519,2732849,3248368,5.301160577980637
1283505,515519,2732888,3248407,5.301236229896474
1283532,515527,2732951,3248478,5.301276169822337
1283607,515527,2733048,3248575,5.301464326795687
1283622,515527,2733085,3248612,5.301536098012325
1283652,515543,2733141,3248684,5.301480186909724
1283685,515548,2733157,3248705,5.3014598058764655
1283767,515604,2733304,3248908,5.301169114281503
1283796,515628,2733354,3248982,5.301019339523843
1283844,515665,2733420,3249085,5.300766970804689
1283986,515722,2733642,3249364,5.300611569799233
1284094,515771,2733949,3249720,5.300703219064275
1284102,515771,2733971,3249742,5.30074587365323
1284127,515782,2734043,3249825,5.300772419355464
1284257,515837,2734242,3250079,5.30059301678631
1284281,515837,2734362,3250199,5.300825648412192
1284407,515838,2734800,3250638,5.301664476056437
1284843,516069,2735671,3251740,5.300979132635365
1284938,516141,2735789,3251930,5.30046828289169
1284948,516141,2735818,3251959,5.300524469088873
1285301,516349,2736468,3252817,5.29964810622273
1285337,516366,2736556,3252922,5.299644050925119
1285382,516379,2736600,3252979,5.299595839489987
1285428,516392,2736699,3253091,5.299654138716324
1285460,516392,2736765,3253157,5.2997819485971895
1307254,516394,2802141,3318535,5.426362428688172
1307371,516394,2802642,3319036,5.427332618117174
1307403,516407,2802705,3319112,5.427317987556327
1307458,516445,2802800,3319245,5.427102595629738
1307464,516445,2802814,3319259,5.427129704034312
1307540,516503,2802983,3319486,5.4268474723283315
1307803,516569,2803408,3319977,5.4269768414287345
1307875,516601,2803505,3320106,5.426828442066507
1307899,516601,2803592,3320193,5.426996850567459
1307915,516615,2803632,3320247,5.426927208849917
1307961,516653,2803703,3320356,5.426665479538491
1308000,516674,2803797,3320471,5.426626847876998
1308132,516752,2803972,3320724,5.426146391305694
1308192,516774,2804168,3320942,5.42629466652734
1308227,516774,2804263,3321037,5.426478499305306
1308262,516791,2804310,3321101,5.4263909394706955
1308305,516825,2804490,3321315,5.4263822377013495
1308357,516856,2804587,3321443,5.426244447196124
1308362,516861,2804597,3321458,5.426211302458495
1308370,516861,2804619,3321480,5.426253867093861
1308383,516863,2804636,3321499,5.4262657609463245
1308398,516863,2804692,3321555,5.426374106871647
1308416,516881,2804762,3321643,5.426320565081712
1308547,516955,2805079,3322034,5.426157015600971
1308573,516966,2805146,3322112,5.426171160192353
1308655,516966,2805322,3322288,5.4265116081134925
1308699,516985,2805453,3322438,5.4265655676663735
1308706,516985,2805473,3322458,5.426604253508322
1308726,516994,2805490,3322484,5.42654266780659
1308732,516994,2805509,3322503,5.426579418716658
1308735,516994,2805518,3322512,5.42659682704248
1308744,516994,2805536,3322530,5.426631643694124
1308816,517045,2805670,3322715,5.426355539653222
1308915,517109,2805809,3322918,5.425952748840187
1308915,517109,2805809,3322918,5.425952748840187
1308918,517111,2805819,3322930,5.4259511014076285
1308925,517111,2805842,3322953,5.4259955792856855
1308961,517191,2805955,3323146,5.4253747648354285
1310095,517295,2809150,3326445,5.430460375607729
1310148,517295,2809346,3326641,5.430839269662378
1310177,517302,2809393,3326695,5.430856636935484
1310238,517307,2809557,3326864,5.431121171760676
1310263,517329,2809613,3326942,5.4309984555283
1310405,517437,2809914,3327351,5.4304466050939535
1310441,517450,2809940,3327390,5.430360421296744
1310572,517450,2809940,3327390,5.430360421296744
1310582,517450,2809956,3327406,5.4303913421586625
1310618,517465,2810023,3327488,5.43036340622071
1310631,517466,2810045,3327511,5.430395426945925
1310678,517466,2810139,3327605,5.430577081392787
1310876,517479,2810423,3327902,5.430989470104101
1310953,517531,2810668,3328199,5.430917181772686
1311348,517531,2811326,3328857,5.432188603194785
1311381,517567,2811394,3328961,5.431942144688514
1311406,517583,2811435,3329018,5.4318534418634306
1311428,517590,2811472,3329062,5.431851465445623
1311476,517632,2811567,3329199,5.431594260014837
1311608,517720,2811780,3329500,5.431082438383682
1311624,517720,2811836,3329556,5.43119060496021
1311631,517722,2811843,3329565,5.431183144622017
1311682,517731,2811889,3329620,5.431177580635504
1311705,517743,2811928,3329671,5.4311270263431854
1311733,517765,2811985,3329750,5.431006344577173
1311776,517786,2812115,3329901,5.431037146620419
1312071,517786,2812822,3330608,5.432402575581418
1312081,517786,2812848,3330634,5.432452789376306
1312105,517795,2812869,3330664,5.432398922353441
1312204,517820,2812964,3330784,5.432320111235565
1312257,517855,2813081,3330936,5.432178891774725
1312264,517855,2813100,3330955,5.432215581581717
1312269,517859,2813106,3330965,5.432185208715113
1312699,518035,2814774,3332809,5.433559508527416
1312846,518093,2815182,3333275,5.433738730305177
1313347,518346,2816373,3334719,5.433384264564596
1313360,518353,2816386,3334739,5.433335969889245
1313796,518399,2817538,3335937,5.435076070748593
1313852,518408,2817647,3336055,5.4351919723461055
1313863,518413,2817660,3336073,5.435164627430254
1313879,518413,2817686,3336099,5.435214780493545
1313924,518426,2817745,3336171,5.435192293596386
1313985,518462,2817903,3336365,5.435119642326728
1314010,518479,2818010,3336489,5.435147807336459
1314047,518480,2818054,3336534,5.43522218793396
1315043,518827,2819655,3338482,5.434672829286063
1315059,518827,2819695,3338522,5.4347499262760035
1315276,518930,2820047,3338977,5.434349526911144
1315281,518930,2820059,3338989,5.434372651417339
1315287,518930,2820078,3339008,5.434409265218815
1315333,518940,2820166,3339106,5.434474120322196
1315523,519018,2820374,3339392,5.4340581636860374
1315537,519025,2820409,3339434,5.434052309618997
1315952,519043,2821244,3340287,5.435472590902873
1316133,519199,2821631,3340830,5.434584812374446
1317188,519517,2824019,3343536,5.435854842093714
1317195,519519,2824026,3343545,5.435847389604615
1317338,519519,2824594,3344113,5.436940708617009
1317409,519562,2824708,3344270,5.436710152012656
1317444,519579,2824765,3344344,5.4366419735978555
1317838,519579,2825538,3345117,5.438129716558984
1320147,520500,2830424,3350924,5.437894332372719
1320178,520509,2830487,3350996,5.437921342378326
1320207,520516,2830562,3351078,5.437992299948513
1320292,520516,2830562,3351078,5.437992299948513
1320325,520538,2830651,3351189,5.437933445781096
1320662,520652,2831258,3351910,5.437908622265928
1320824,520716,2831484,3352200,5.437674279261632
1320866,520725,2831684,3352409,5.4379643765903305
1321020,520810,2832168,3352978,5.438006182676984
1321042,520812,2832175,3352987,5.437998740428408
1321072,520842,2832290,3353132,5.437906313238948
1321090,520860,2832334,3353194,5.437802864493338
1321102,520867,2832350,3353217,5.437760503161075
1321108,520867,2832364,3353231,5.437787381423664
1321196,520931,2832541,3353472,5.43745908767188
1321895,521142,2833541,3354683,5.437176431759482
1321924,521150,2833597,3354747,5.437200422143337
1322086,521299,2834163,3355462,5.4367320865760345
1322098,521303,2834209,3355512,5.436778610520177
1322288,521361,2834548,3355909,5.436824004864192
1322364,521399,2834827,3356226,5.436962863373347
1322393,521404,2834868,3356272,5.436989359498584
1322454,521446,2834960,3356406,5.436727868273992
1322805,521711,2836314,3358025,5.436561621280747
1322873,521748,2836458,3358206,5.436452080314635
1322893,521759,2836494,3358253,5.436406463520514
1322902,521765,2836510,3358275,5.4363746130921005
1322923,521765,2836539,3358304,5.436430193669564
1322985,521788,2836675,3358463,5.436451202404042
1323011,521819,2836755,3358574,5.436281545900015
1323038,521850,2836849,3358699,5.436138737185015
1323088,521880,2836981,3358861,5.436079175289339
1323118,521892,2837025,3358917,5.436038490722218
1323136,521892,2837054,3358946,5.4360940577744055
1323157,521902,2837075,3358977,5.436030135925902
1323161,521902,2837085,3358987,5.436049296611241
1323191,521916,2837137,3359053,5.43600311161183
1323282,521930,2837215,3359145,5.436006744199414
1323289,521930,2837238,3359168,5.436050811411492
1323324,521946,2837311,3359257,5.436024033137528
1323766,522181,2838864,3361045,5.436551693761358
1323792,522193,2838902,3361095,5.43649953178231
1323840,522220,2839042,3361262,5.4364865382405885
1323869,522225,2839062,3361287,5.43647278471923
1323875,522225,2839076,3361301,5.43649959308727
1323928,522225,2839288,3361513,5.436905548374742
1324021,522258,2839398,3361656,5.436772629619843
1324072,522258,2839545,3361803,5.437054099697851
1324079,522258,2839550,3361808,5.4370636735100275
1324307,522391,2840064,3362455,5.436663342209188
1324374,522420,2840234,3362654,5.436686956854638
1324395,522430,2840260,3362690,5.4366326589208125
1324401,522430,2840278,3362708,5.436667113297475
1324441,522457,2840396,3362853,5.436612008260967
1324576,522517,2840688,3363205,5.436546562121424
1324582,522517,2840702,3363219,5.436573355508051
1324613,522524,2840715,3363239,5.436525403617824
1324674,522534,2841033,3363567,5.437029934894189
1324689,522553,2841096,3363649,5.436952806700947
1324726,522577,2841140,3363717,5.436787305985529
1324839,522577,2841140,3363717,5.436787305985529
1324853,522582,2841189,3363771,5.436829052665419
1324859,522582,2841208,3363790,5.436865410595849
1324862,522583,2841216,3363799,5.436870315337468
1324890,522583,2841258,3363841,5.4369506853456775
1324896,522583,2841272,3363855,5.436977475348414
1324973,522583,2841389,3363972,5.437201363228425
1324998,522610,2841495,3364105,5.4371232850500375
1325062,522610,2841721,3364331,5.437555729894185
1325278,522687,2842084,3364771,5.4374491808673255
1325341,522703,2842217,3364920,5.437537186509356
1325379,522719,2842284,3365003,5.437498923896013
1325387,522721,2842301,3365022,5.437510641432045
1325414,522728,2842362,3365090,5.437554521663274
1325440,522728,2842434,3365162,5.437692260602073
1325495,522774,2842546,3365320,5.437428028172786
1325507,522780,2842564,3365344,5.437400053559815
1325791,523091,2843250,3366341,5.435478721675579
1325860,523109,2843323,3366432,5.435431238996079
1325962,523115,2843584,3366699,5.4358678302094185
1326158,523211,2843814,3367025,5.435310037441873
1326222,523247,2843928,3367175,5.435153952148794
1326225,523248,2843931,3367179,5.43514929822952
1326425,523415,2844374,3367789,5.434261532436021
1327004,523691,2845662,3369353,5.433856988185782
1327158,523709,2846111,3369820,5.434527571609424
1327202,523730,2846246,3369976,5.434567429782522
1327206,523733,2846254,3369987,5.434551574943721
1327217,523736,2846266,3370002,5.4345433577222115
1327343,523790,2846412,3370202,5.434261822486111
1327362,523809,2846501,3370310,5.434234616052798
1327443,523824,2846675,3370499,5.434411176272946
1327491,523861,2846820,3370681,5.434304137929718
1327534,523875,2846878,3370753,5.434269625387736
1327624,523914,2846971,3370885,5.434042610046687
1327658,523950,2847030,3370980,5.433781849413112
1328122,523954,2847883,3371837,5.435368372032659
1328173,523983,2848037,3372020,5.435361452566209
1328271,524005,2848171,3372176,5.435388975296037
1328280,524017,2848193,3372210,5.435306488148285
1328315,524020,2848227,3372247,5.435340254188771
1328335,524029,2848278,3372307,5.435344227132468
1328372,524054,2848328,3372382,5.43518034401035
1328547,524145,2848647,3372792,5.434845319520361
1328569,524153,2848670,3372823,5.434806249320332
1328582,524160,2848685,3372845,5.434762286324786
1328617,524167,2848806,3372973,5.434920550130016
1329786,524316,2851183,3375499,5.437909581244898
1329876,524387,2851384,3375771,5.437556613722308
1329885,524393,2851408,3375801,5.437540165486572
1329912,524400,2851440,3375840,5.437528604118993
1329938,524400,2851440,3375840,5.437528604118993
1329976,524411,2851516,3375927,5.437559471483245
1330024,524431,2851598,3376029,5.437508461551663
1330064,524458,2851660,3376118,5.437346746545958
1330068,524459,2851667,3376126,5.437349726098704
1330204,524518,2852011,3376529,5.437393950255282
1330291,524573,2852167,3376740,5.437121239560557
1330322,524573,2852167,3376740,5.437121239560557
1330700,524780,2853204,3377984,5.436952627767827
1330748,524803,2853251,3378054,5.43680390546548
1331524,525074,2854440,3379514,5.436262317311464
1331548,525088,2854472,3379560,5.4361783167773785
1331561,525088,2854510,3379598,5.436250685599366
1331611,525118,2854578,3379696,5.436069607212093
1331618,525118,2854601,3379719,5.436113406891404
1331824,525163,2854904,3380067,5.436224562659594
1331868,525187,2855002,3380189,5.43616273822467
1332133,525193,2855738,3380931,5.437502023065806
1332171,525208,2855809,3381017,5.437481911928226
1332177,525208,2855823,3381031,5.437508568033998
1332229,525232,2855961,3381193,5.437522847046639
1332322,525317,2856147,3381464,5.43699708937651
1332430,525317,2856704,3382021,5.438057401530886
1332686,525465,2857405,3382870,5.437859800367294
1332889,525596,2857827,3383423,5.437307361547653
1332916,525613,2857877,3383490,5.437226628717326
1332963,525621,2857920,3383541,5.4372256816223095
1333109,525701,2858149,3383850,5.4368338656384525
1333137,525717,2858239,3383956,5.4368395924042785
1333161,525717,2858260,3383977,5.436879537850213
1333328,525855,2858593,3384448,5.436085993287123
1333443,525906,2858827,3384733,5.436003772537298
1333497,525928,2858983,3384911,5.436072998585358
1333540,525944,2859040,3384984,5.436016001703603
1333547,525944,2859063,3385007,5.436059732595105
1333628,525944,2859313,3385257,5.436535068372298
1333899,526032,2860138,3386170,5.437193934969736
1333901,526032,2860143,3386175,5.437203440094899
1334005,526046,2860211,3386257,5.437188002570117
1334035,526055,2860266,3386321,5.437199532368289
1334068,526067,2860340,3386407,5.437216172084544
1334310,526196,2860741,3386937,5.436645280465834
1334425,526225,2860813,3387038,5.436482493230082
1334426,526227,2860817,3387044,5.4364694323932445
1334468,526250,2860915,3387165,5.436418052256532
1334546,526289,2861132,3387421,5.436427514160471
1334587,526328,2861199,3387527,5.436151981274034
1334610,526341,2861255,3387596,5.436124109655148
1334692,526355,2861736,3388091,5.436893351445318
1335266,526411,2862767,3389178,5.438273516320898
1335507,526578,2863243,3389821,5.437452761034453
1335540,526602,2863327,3389929,5.437364461205997
1335547,526602,2863350,3389952,5.437408137454852
1335624,526647,2863641,3390288,5.437496083714518
1335631,526647,2863660,3390307,5.437532161011076
1335854,526707,2864091,3390798,5.43773103452204
1335859,526707,2864103,3390810,5.437753817587387
1335873,526720,2864142,3390862,5.43769365127582
1335901,526741,2864171,3390912,5.437531917963478
1336010,526769,2864379,3391148,5.43763775013336
1336060,526789,2864425,3391214,5.437518627002462
1336129,526789,2864533,3391322,5.437723642672873
1336273,526789,2864708,3391497,5.438055843990668
1336282,526791,2864728,3391519,5.438073163740459
1336293,526796,2864755,3391551,5.438072802375113
1336323,526826,2864876,3391702,5.437992809770209
1336337,526830,2864909,3391739,5.438014160165518
1336348,526831,2864933,3391764,5.438049393448753
1336758,526974,2865757,3392731,5.438137365410817
1336792,526995,2865797,3392792,5.43799656543231
1336841,526995,2865886,3392881,5.4381654474900145
1336849,526995,2865908,3392903,5.438207193616638
1336980,527004,2866642,3393646,5.439507100515366
1337183,527112,2867160,3394272,5.439375313026454
1337513,527276,2868035,3395311,5.439342962698852
1337580,527300,2868166,3395466,5.4393438270434284
1337641,527300,2868342,3395642,5.439677602882609
1337657,527307,2868364,3395671,5.439647112592854
1337864,527384,2868943,3396327,5.439950775905222
1337894,527412,2868982,3396394,5.439735918029927
1337941,527425,2869083,3396508,5.439793335545338
1338954,528160,2875813,3403973,5.444965540745229
1339025,528160,2876006,3404166,5.445330960315056
1339036,528172,2876026,3404198,5.445245109547647
1339106,528191,2876197,3404388,5.445372980607394
1339111,528194,2876208,3404402,5.44536287803345
1339373,528319,2876580,3404899,5.444778628063727
1339401,528337,2876611,3404948,5.444651803678334
1339411,528337,2876627,3404964,5.444682087379835
1339491,528373,2876736,3405109,5.444517414780846
1339844,528568,2877734,3406302,5.444396936628778
1339934,528607,2877906,3406513,5.444320638962405
1339991,528633,2878065,3406698,5.444353644210634
1340269,528784,2878644,3407428,5.443893915095767
1340322,528784,2878838,3407622,5.444260794577748
1340563,528803,2879325,3408128,5.444986129049949
1340573,528803,2879345,3408148,5.4450239503179825
1340721,528878,2879726,3408604,5.444972186402157
1340727,528878,2879740,3408618,5.444998657535386
1340814,528916,2879850,3408766,5.444815433830703
1340863,528956,2879909,3408865,5.44451523378126
1340872,528959,2879925,3408884,5.444514603211213
1340926,528989,2880055,3409044,5.444451585949802
1340942,528998,2880081,3409079,5.444408107403053
1340976,529012,2880174,3409186,5.4444398236712965
1341091,529012,2880557,3409569,5.445163814809494
1341203,529081,2880805,3409886,5.4449224220865995
1341245,529115,2880871,3409986,5.4446972775294595
1341325,529130,2881069,3410199,5.444917128115964
1341328,529130,2881078,3410208,5.44493413716856
1341333,529133,2881083,3410216,5.4449127157066375
1341535,529133,2881177,3410310,5.445090364804312
1341811,529326,2881749,3411075,5.444185624737874
1342316,529623,2882796,3412419,5.443109532629814
1342356,529666,2882871,3412537,5.442809242050651
1342379,529684,2882915,3412599,5.442707350042667
1342387,529684,2882933,3412617,5.442741332568097
1342421,529716,2883000,3412716,5.442539020909318
1342460,529716,2883098,3412814,5.44272402570434
1342467,529717,2883110,3412827,5.442736404532987
1342479,529717,2883139,3412856,5.4427911507465305
1342561,529754,2883419,3413173,5.442939553075578
1342592,529774,2883482,3413256,5.442852990142967
1342599,529774,2883505,3413279,5.442896404882082
1342609,529774,2883521,3413295,5.442926606439727
1342653,529805,2883611,3413416,5.442778003227603
1342670,529816,2883651,3413467,5.442740498588189
1342717,529868,2883707,3413575,5.4423120475288185
1342760,529880,2883863,3413743,5.442483203744244
1342843,529938,2883990,3413928,5.4421271922375825
1342849,529938,2884004,3413942,5.442153610422351
1342924,529967,2884081,3414048,5.442001105729225
1343135,529968,2884612,3414580,5.442992784470006
1343901,530010,2885465,3415475,5.444170864700666
1343969,530030,2885604,3415634,5.444227685225365
1343993,530030,2885666,3415696,5.444344659736242
1343999,530030,2885680,3415710,5.444371073335471
1344015,530030,2885707,3415737,5.444422013848273
1344787,530210,2887049,3417259,5.445104769808189
1344788,530210,2887059,3417269,5.445123630259708
1344791,530210,2887068,3417278,5.445140604666076
1345096,530352,2887629,3417981,5.444740474251064
1345102,530352,2887647,3417999,5.444774413974115
1345119,530360,2887694,3418054,5.44478090353722
1345125,530365,2887705,3418070,5.44475031346337
1345134,530369,2887721,3418090,5.444739417273634
1345167,530393,2887825,3418218,5.444689126741869
1345338,530515,2888106,3418621,5.443966711591567
1345378,530538,2888136,3418674,5.443787249923663
1345474,530610,2888268,3418878,5.443297337027195
1345624,530663,2888619,3419282,5.4434151240994755
1345630,530663,2888633,3419296,5.443441506191312
1345664,530676,2888757,3419433,5.443541822128757
1345674,530688,2888778,3419466,5.4434583031837915
1345709,530699,2888855,3419554,5.443490566215501
1345741,530720,2888901,3419621,5.4433618480554715
1345750,530724,2888920,3419644,5.443356622274478
1345770,530734,2888955,3419689,5.443320005878651
1345780,530744,2888972,3419716,5.443249476206985
1345898,530829,2889316,3420145,5.44302590853175
1345942,530847,2889391,3420238,5.4429826296465835
1346055,530885,2889509,3420394,5.4428152989818885
1346100,530904,2889667,3420571,5.44291811702304
1346101,530904,2889669,3420573,5.442921884182451
1346179,530904,2889779,3420683,5.443129077950062
1346568,530904,2890848,3421752,5.445142624655305
1346597,530915,2890888,3421803,5.445105148658448
1346665,530936,2891038,3421974,5.445172299486191
1350425,530951,2897122,3428073,5.456477151375551
1350584,531048,2897456,3428504,5.456109428902849
1350612,531048,2897539,3428587,5.456265723625736
1350623,531048,2897590,3428638,5.456361760142209
1350687,531096,2897708,3428804,5.456090800909816
1350695,531096,2897730,3428826,5.456132224682543
1350743,531145,2897878,3429023,5.455907520545237
1350785,531156,2897926,3429082,5.455884900104677
1350804,531174,2897955,3429129,5.4557546114832425
1350864,531192,2898006,3429198,5.4556657479781325
1351169,531195,2898706,3429901,5.456952719810992
1351171,531195,2898711,3429906,5.456962132550194
1351180,531195,2898725,3429920,5.456988488219957
1351199,531198,2898756,3429954,5.457016027921792
1351238,531203,2898935,3430138,5.457301634215169
1351369,531304,2899452,3430756,5.4572372878803845
1351383,531315,2899486,3430801,5.457188296961313
1351428,531340,2899529,3430869,5.4570124590657585
1351644,531429,2899821,3431250,5.456648018832243
1351683,531441,2899862,3431303,5.456601955814474
1351736,531487,2899954,3431441,5.456302788214952
1352154,531763,2900941,3432704,5.455326903150463
1352625,531764,2902884,3434648,5.458970520757329
1352666,531764,2902937,3434701,5.459070189031224
1352892,531872,2903526,3435398,5.45906909933217
1352920,531889,2903562,3435451,5.458962302284875
1352934,531896,2903592,3435488,5.458946861792531
1352996,531947,2903776,3435723,5.458769388679699
1353027,531966,2903874,3435840,5.458758642469632
1353115,532000,2904008,3436008,5.458661654135338
1353130,532005,2904033,3436038,5.458657343446021
1353280,532074,2904209,3436283,5.458280239214846
1353388,532114,2904331,3436445,5.458099204305844
1353403,532114,2904338,3436452,5.458112359381636
1353457,532161,2904480,3436641,5.457897140151195
1353477,532161,2904501,3436662,5.457936601893036
1353587,532182,2904729,3436911,5.45814965556896
1354254,532182,2905748,3437930,5.460064414053838
1354276,532184,2905752,3437936,5.460051410790253
1354312,532259,2905868,3438127,5.459499980272762
1354321,532259,2905887,3438146,5.459535677179719
1354348,532280,2905920,3438200,5.459382280003006
1354509,532358,2906162,3438520,5.459036963847637
1354535,532378,2906207,3438585,5.458916409017653
1354566,532408,2906282,3438690,5.458749680696007
1354625,532428,2906329,3438757,5.4586329043551425
1354666,532441,2906425,3438866,5.458679928855967
1354690,532457,2906472,3438929,5.458604168975147
1354725,532458,2906620,3439078,5.45887187346232
1354987,532595,2907233,3439828,5.458618650193862
1354999,532605,2907254,3439859,5.458555589977563
1355024,532619,2907297,3439916,5.458492843852735
1355034,532628,2907328,3439956,5.458458811778577
1355055,532637,2907352,3439989,5.458411638695772
1355087,532646,2907439,3440085,5.458482744637151
1355096,532646,2907457,3440103,5.458516538188591
1355102,532650,2907459,3440109,5.458479301605181
1355115,532657,2907501,3440158,5.458486418088939
1355121,532657,2907515,3440172,5.458512701419488
1355888,532813,2908635,3441448,5.459016578048959
1355894,532813,2908649,3441462,5.459042853684125
1356136,532813,2909233,3442046,5.460138923036788
1356849,533178,2912548,3445726,5.462618487634524
1356941,533178,2912603,3445781,5.46272164267843
1357075,533243,2912850,3446093,5.462518964149552
1357205,533303,2913029,3446332,5.4622400399022695
1357229,533324,2913081,3446405,5.462122462143087
1357238,533329,2913110,3446439,5.462125629770742
1357276,533347,2913147,3446494,5.462010660976812
1357332,533347,2913362,3446709,5.462413775646999
1357365,533347,2913426,3446773,5.462533772572078
1357382,533356,2913460,3446816,5.4625053435229
1357430,533371,2913599,3446970,5.462612328004335
1357578,533403,2914002,3447405,5.463040140381663
1359691,533403,2914002,3447405,5.463040140381663
1359716,533412,2914020,3447432,5.462981710197746
1359741,533433,2914050,3447483,5.46282288497337
1359770,533443,2914131,3447574,5.462872321878813
1359805,533473,2914237,3447710,5.462763813726281
1359831,533498,2914304,3447802,5.462633411934065
1359871,533540,2914392,3447932,5.462368332271245
1359901,533548,2914478,3448026,5.462447614835029
1359971,533595,2914682,3448277,5.462348785127297
1359991,533607,2914708,3448315,5.462274670309797
1359994,533607,2914716,3448323,5.46228966261687
1360162,533731,2915151,3448882,5.461835643798093
1360321,533857,2915417,3449274,5.461044811625585
1360656,534057,2916259,3450316,5.46057630552544
1360664,534057,2916287,3450344,5.46062873438603
1360665,534057,2916289,3450346,5.4606324793046435
1360710,534096,2916369,3450465,5.460383526557023
1360766,534105,2916409,3450514,5.460366407354359
1360778,534108,2916425,3450533,5.460365693829712
1360813,534141,2916520,3450661,5.460206200235518
1360859,534167,2916588,3450755,5.460067731627
1360879,534167,2916609,3450776,5.460107045175011
1360927,534197,2916665,3450862,5.459905240950436
1360957,534206,2916698,3450904,5.459875029483008
1360969,534209,2916732,3450941,5.459908013530285
1360988,534209,2916770,3450979,5.459979146738449
1361202,534295,2916993,3451288,5.45951768217932
1361952,534305,2917906,3452211,5.4611242642311035
1361989,534326,2917977,3452303,5.461042509628953
1362453,534458,2918813,3453271,5.461257947303624
1362472,534458,2918813,3453271,5.461257947303624
1362513,534458,2918836,3453294,5.461300981555145
1362588,534476,2918975,3453451,5.461377124510736
1362622,534476,2919056,3453532,5.46152867481421
1362672,534515,2919166,3453681,5.461335977474907
1362723,534532,2919233,3453765,5.461287631049217
1362812,534603,2919415,3454018,5.460902763358979
1362958,534669,2919575,3454244,5.460527915401865
1362970,534678,2919610,3454288,5.46050146069223
1363092,534747,2919757,3454504,5.460071772258657
1363400,534771,2920455,3455226,5.461131961157205
1363433,534781,2920533,3455314,5.461175696219574
1363464,534808,2920668,3455476,5.461152413576461
1363696,534876,2921388,3456264,5.461804231261078
1363875,534944,2921539,3456483,5.461392220494107
1363894,534958,2921569,3456527,5.461305373505957
1363937,534987,2921645,3456632,5.4611513924637425
1363961,534996,2921703,3456699,5.461167933965862
1364020,535035,2921933,3456968,5.461199734596802
1364028,535035,2921955,3456990,5.4612408534021135
1364073,535043,2921989,3457032,5.461222742844968
1364090,535059,2922047,3457106,5.4611678338276715
1364133,535079,2922087,3457166,5.461038463479224
1364164,535095,2922173,3457268,5.4610358908231245
1364287,535171,2922342,3457513,5.460576152295248
1364387,535232,2922695,3457927,5.460613341504245
1364402,535240,2922743,3457983,5.46062140348255
1364513,535240,2922921,3458161,5.460953964576639
1364526,535240,2922947,3458187,5.461002540916224
1364533,535247,2922953,3458200,5.460942331297513
1364620,535254,2923177,3458431,5.461289406524752
1364649,535280,2923243,3458523,5.4611474368554775
1365962,535382,2928122,3463504,5.469220108259149
1366744,535825,2930318,3466143,5.468796715345495
1366779,535829,2930356,3466185,5.468826808552729
1366850,535850,2930394,3466244,5.468683400205282
1366903,535888,2930541,3466429,5.468569925058968
1366937,535906,2930597,3466503,5.468490742779517
1367014,535931,2930705,3466636,5.468437168217551
1367064,535956,2930833,3466789,5.468420915149751
1367084,535966,2930876,3466842,5.468399114869227
1367187,536054,2931065,3467119,5.467853984859734
1367528,536113,2931562,3467675,5.468179283098899
1367667,536163,2931694,3467857,5.467915540609852
1367946,536310,2932478,3468788,5.467878652272007
1368312,536507,2933383,3469890,5.467557739228006
1368341,536530,2933446,3469976,5.467440776843793
1368349,536535,2933466,3470001,5.467427101680226
1368382,536547,2933580,3470127,5.467517291122679
1368406,536560,2933660,3470220,5.467533919785299
1369597,536610,2937009,3473619,5.47326550008386
1369631,536610,2937027,3473637,5.473299043998435
1369652,536624,2937082,3473706,5.473258743552282
1369667,536624,2937113,3473737,5.473316512120218
1369710,536678,2937261,3473939,5.473041563097425
1369791,536741,2937484,3474225,5.4728146349915505
1369817,536764,2937557,3474321,5.472716128503402
1369829,536770,2937594,3474364,5.472723885463047
1369996,536790,2937881,3474671,5.473054639616983
1370021,536804,2937927,3474731,5.4729975931624955
1370103,536804,2938103,3474907,5.473325459571837
1370104,536804,2938105,3474909,5.473329185326488
1370118,536804,2938137,3474941,5.473388797400913
1370119,536804,2938142,3474946,5.473398111787542
1370128,536818,2938181,3474999,5.473328018061988
1370182,536860,2938290,3475150,5.473102857355735
1370189,536862,2938299,3475161,5.473099232204924
1370254,536862,2938468,3475330,5.473414024460662
1370524,536913,2938742,3475655,5.473404443550445
1373121,537919,2941941,3479860,5.469115238539631
1373141,537929,2941960,3479889,5.469048889351568
1373184,537962,2942055,3480017,5.468889995947669
1373262,538013,2942174,3480187,5.468592766345795
1373351,538013,2942437,3480450,5.469081602117421
1373367,538013,2942463,3480476,5.46912992808724
1373387,538022,2942519,3480541,5.469142525770321
1373577,538022,2942840,3480862,5.46973915564791
1373789,538096,2943143,3481239,5.4695500431149835
1373818,538157,2943236,3481393,5.469102882616039
1374000,538260,2943568,3481828,5.46867313194367
1374012,538260,2943599,3481859,5.468730724928474
1374057,538300,2943695,3481995,5.4685026936652426
1374070,538309,2943722,3482031,5.468461422714463
1374198,538408,2943931,3482339,5.467844088497942
1374218,538424,2943990,3482414,5.467791183156769
1374227,538428,2944029,3482457,5.467822995832312
1374298,538428,2944201,3482629,5.468142444300817
1374300,538429,2944204,3482633,5.468137860330703
1374624,538429,2944771,3483200,5.469190923965834
1374628,538433,2944789,3483222,5.469183723880223
1374819,538508,2945076,3483584,5.468954964457352
1374854,538519,2945131,3483650,5.468945385399587
1375048,538519,2945528,3484047,5.469682592443349
1375136,538584,2945758,3484342,5.469449519480713
1375150,538593,2945786,3484379,5.469410111160004
1375205,538631,2945859,3484490,5.469159777287234
1375244,538631,2946020,3484651,5.469458683217267
1375268,538650,2946038,3484688,5.469299173860577
1375315,538661,2946076,3484737,5.469258030560965
1375541,538661,2946113,3484774,5.46932671940237
1375594,538661,2946263,3484924,5.469605187678336
1375600,538661,2946281,3484942,5.469638603871451
1375608,538661,2946309,3484970,5.469690584616298
1375671,538688,2946418,3485106,5.469618777474159
1375752,538699,2946855,3485554,5.470318303913689
1375788,538702,2946877,3485579,5.4703286789356635
1375835,538746,2947042,3485788,5.4701881777312495
1375944,538803,2947188,3485991,5.469880457235761
1375966,538826,2947248,3486074,5.469758326435621
1376544,538867,2948089,3486956,5.470902838733862
1376595,538885,2948190,3487075,5.470907522013046
1376659,538904,2948391,3487295,5.471087614862759
1376748,538970,2948506,3487476,5.470631018424031
1376754,538970,2948520,3487490,5.470656993895764
1376809,538975,2948716,3487691,5.47096989656292
1376919,538976,2949077,3488053,5.4716295345247286
1376975,538976,2949143,3488119,5.471751988956837
1376978,538978,2949147,3488125,5.471739106234391
1377078,539040,2949339,3488379,5.471465939447907
1377240,539134,2949606,3488740,5.471007207855561
1377429,539257,2949902,3489159,5.470308220384714
1377449,539271,2949933,3489204,5.470223690871565
1377776,539373,2950708,3490081,5.470626078798902
1377786,539383,2950728,3490111,5.4705617344261865
1378107,539528,2951715,3491243,5.470920878990525
1378117,539534,2951732,3491266,5.4708915471499475
1378192,539577,2951882,3491459,5.470733556100427
1378607,539829,2952706,3492535,5.469706147687509
1378649,539876,2952810,3492686,5.469422608154465
1378709,539876,2952850,3492726,5.469496699242048
1378756,539890,2952882,3492772,5.469414139917391
1378780,539890,2952982,3492872,5.469599362833169
1378794,539890,2952991,3492881,5.46961603289559
1378827,539890,2953110,3493000,5.469836448165367
1378950,539979,2953324,3493303,5.469331214732425
1379008,539995,2953421,3493416,5.469348790266577
1379022,540005,2953456,3493461,5.469312321182211
1379028,540005,2953470,3493475,5.469338246868085
1379033,540009,2953481,3493490,5.4693181039575265
1379044,540009,2953519,3493528,5.469388473155077
1379057,540014,2953564,3493578,5.46942116315503
1379075,540017,2953605,3493622,5.469466701974197
1379108,540044,2953725,3493769,5.469415455036997
1379168,540073,2953800,3493873,5.469260636987963
1379190,540090,2953830,3493920,5.4691440315502975
1379225,540110,2953873,3493983,5.469021125326322
1379270,540139,2953977,3494116,5.468920037249671
1379279,540142,2954012,3494154,5.468954460123449
1379289,540143,2954045,3494188,5.469005430043525
1379330,540178,2954122,3494300,5.468793619880854
1379371,540178,2954328,3494506,5.4691749756561725
1379802,540241,2954668,3494909,5.469166538637386
1379836,540241,2954700,3494941,5.4692257714612555
1379842,540244,2954720,3494964,5.469232420906109
1379849,540244,2954737,3494981,5.469263888169049
1379858,540244,2954755,3494999,5.469297206447457
1379888,540247,2954817,3495064,5.469381597676619
1379903,540251,2954846,3495097,5.4693947813146115
1379939,540283,2954997,3495280,5.469350321960898
1379980,540307,2955116,3495423,5.469327622999517
1380069,540316,2955500,3495816,5.469947216073557
1380085,540316,2955526,3495842,5.469995336062601
1380165,540336,2955732,3496068,5.470174113884694
1380254,540369,2956025,3496394,5.47038227581523
1380301,540382,2956119,3496501,5.470424625542671
1380335,540382,2956183,3496565,5.47054306027958
1380341,540382,2956197,3496579,5.470568967878279
1380351,540382,2956224,3496606,5.470618932532912
1380574,540409,2956839,3497248,5.471483635542709
1380630,540432,2956964,3497396,5.471482073600379
1380774,540436,2957159,3497595,5.4718023965835
1380795,540438,2957159,3497597,5.4717821470732995
1380906,540502,2957353,3497855,5.47149316746284
1381088,540533,2957596,3498129,5.471628929223563
1381109,540551,2957643,3498194,5.471533675823373
1381109,540551,2957643,3498194,5.471533675823373
1381189,540551,2957765,3498316,5.471759371456162
1381231,540576,2957867,3498443,5.471695006807553
1381397,540581,2958656,3499237,5.473103938170228
1381408,540588,2958675,3499263,5.473068214610757
1381537,540654,2958835,3499489,5.472696031103071
1381567,540675,2958862,3499537,5.4725334073149305
1381587,540675,2958883,3499558,5.472572247653396
1381610,540697,2958911,3499608,5.472401363425356
1381688,540742,2958983,3499725,5.4720791061171505
1381698,540742,2958998,3499740,5.472106845778578
1381773,540742,2959246,3499988,5.472565474847524
1381779,540742,2959260,3500002,5.47259136519819
1381804,540742,2959260,3500002,5.47259136519819
1381808,540745,2959262,3500007,5.472564702401317
1381833,540750,2959326,3500076,5.472632454923717
1381850,540758,2959346,3500104,5.47258847765544
1382119,540889,2959916,3500805,5.472316870929156
1382148,540899,2959986,3500885,5.472345114337427
1382182,540926,2960078,3501004,5.472242044198282
1382567,541038,2961093,3502131,5.472985261663691
1383016,541038,2961093,3502131,5.472985261663691
1383043,541038,2961242,3502280,5.473260658216244
1383103,541062,2961314,3502376,5.473150951277303
1383233,541063,2961699,3502762,5.473852397964747
1383244,541067,2961735,3502802,5.473878466067973
1383290,541088,2961840,3502928,5.47386007451653
1383348,541117,2961941,3503058,5.473753365723125
1383383,541129,2961973,3503102,5.4736911161663855
1383443,541166,2962035,3503201,5.473431442477909
1383583,541265,2962343,3503608,5.47299936260427
1383646,541277,2962452,3503729,5.473079402967427
1383653,541280,2962473,3503753,5.473087865799586
1383759,541335,2962609,3503944,5.472783027145852
1387142,542964,2979272,3522236,5.48705254860359
1387154,542969,2979288,3522257,5.487031487985502
1387233,542989,2979411,3522400,5.487055907209907
1387261,543005,2979475,3522480,5.487012090128084
1387330,543072,2979649,3522721,5.486655544752813
1387477,543141,2980131,3523272,5.486845957127155
1387494,543149,2980152,3523301,5.4868038052173524
1387673,543311,2980543,3523854,5.485887456723681
1387691,543326,2980611,3523937,5.485861158862267
1387697,543326,2980629,3523955,5.485894288143767
1387706,543326,2980658,3523984,5.485947663097293
1387755,543344,2980720,3524064,5.485880031803057
1388323,543344,2982111,3525455,5.488440104243352
1389226,543651,2984023,3527674,5.488857741455456
1389432,543742,2984582,3528324,5.488967194000096
1389469,543749,2984673,3528422,5.489063887933587
1389910,543812,2984895,3528707,5.488836215456812
1389977,543852,2985124,3528976,5.488853585166552
1390188,543960,2985757,3529717,5.488927494668726
1390202,543969,2985780,3529749,5.488878961852605
1390299,544008,2985924,3529932,5.488750165438743
1390428,544015,2986104,3530119,5.4890104133158095
1390476,544043,2986198,3530241,5.488900693511359
1390556,544109,2986422,3530531,5.4886465763293755
1390587,544109,2986476,3530585,5.488745821149807
1390595,544119,2986503,3530622,5.488694568651343
1390688,544188,2986683,3530871,5.4883294008688175
1391186,544425,2987332,3531757,5.487132295541167
1391195,544427,2987348,3531775,5.487141526779531
1391202,544427,2987367,3531794,5.4871764258569105
1391437,544541,2987778,3532319,5.486782446133533
1391443,544541,2987792,3532333,5.4868081558597055
1391450,544541,2987812,3532353,5.486844884039953
1391513,544554,2987867,3532421,5.486814898063369
1391534,544560,2987890,3532450,5.48679667988835
1391540,544561,2987900,3532461,5.4868049676712065
1391585,544581,2987992,3532573,5.486772399330862
1392199,544650,2990605,3535255,5.490874873772147
1392233,544672,2990693,3535365,5.490814655425651
1392260,544672,2990775,3535447,5.490965204747077
1392366,544771,2991051,3535822,5.490473978974652
1392383,544786,2991102,3535888,5.490416420392594
1392384,544786,2991107,3535893,5.4904255983083265
1392415,544793,2991139,3535932,5.490413790191871
1392454,544819,2991226,3536045,5.490311461237585
1392486,544841,2991273,3536114,5.490176033007795
1394049,544857,2993101,3537958,5.493369819971112
1394090,544865,2993172,3538037,5.4934194708781074
1394096,544865,2993190,3538055,5.4934525065842
1394367,544865,2994425,3539290,5.495719123085535
1394451,544888,2994513,3539401,5.495648647061414
1394476,544897,2994571,3539468,5.495664318210598
1394513,544906,2994596,3539502,5.4956194279380295
1394520,544906,2994616,3539522,5.495656131516261
1394557,544931,2994717,3539648,5.495589349844292
1394563,544934,2994733,3539667,5.495588456583733
1394568,544934,2994746,3539680,5.495612312683738
1394617,544934,2994934,3539868,5.495957308591499
1395105,545160,2995983,3541143,5.495603125687872
1395133,545172,2996055,3541227,5.495614228170192
1395293,545233,2996289,3541522,5.49542855990008
1395464,545330,2996538,3541868,5.494907670584784
1395510,545330,2996598,3541928,5.495017695707187
1395528,545330,2996615,3541945,5.4950488694918675
1395547,545330,2996657,3541987,5.495125887077549
1395556,545337,2996690,3542027,5.495115864135387
1395605,545348,2996741,3542089,5.495098542581984
1396029,545459,2997014,3542473,5.494480795073507
1397794,545782,3000235,3546017,5.497130722522912
1397885,545790,3000515,3546305,5.497563165319995
1397886,545790,3000517,3546307,5.4975668297330476
1397902,545808,3000572,3546380,5.497486295547152
1397950,545808,3000684,3546492,5.49769149591065
1397956,545808,3000698,3546506,5.497717145956087
1397964,545808,3000719,3546527,5.497755621024243
1398004,545823,3000810,3546633,5.4977712555168985
1398034,545844,3000905,3546749,5.4977337847443595
1398056,545849,3000938,3546787,5.49774388154966
1398102,545875,3001093,3546968,5.497765972063202
1398367,546082,3001660,3547742,5.496720272779546
1398506,546129,3001781,3547910,5.496468783016467
1398517,546133,3001796,3547929,5.496455991489253
1398530,546134,3001829,3547963,5.496506351920957
1398531,546134,3001831,3547965,5.496510014025862
1398577,546144,3001918,3548062,5.496568670533779
1398606,546153,3001961,3548114,5.49655682565142
1398623,546159,3002001,3548160,5.496569680257947
1398640,546166,3002050,3548216,5.496588949147329
1398794,546222,3002190,3548412,5.496281731603633
1398837,546235,3002283,3548518,5.496321180444315
1398854,546250,3002304,3548554,5.496208695652174
1398905,546261,3002394,3548655,5.496262775486444
1398914,546271,3002416,3548687,5.496202434322891
1399595,546331,3003943,3550274,5.498393830846135
1399603,546337,3003963,3550300,5.498370053648206
1399649,546357,3004072,3550429,5.4983682830090945
1399720,546427,3004527,3550954,5.498496596983678
1399840,546479,3004664,3551143,5.498224085463486
1399859,546484,3004671,3551155,5.498186589177359
1399872,546484,3004675,3551159,5.4981939086963205
1399915,546511,3004728,3551239,5.498019253043397
1400007,546565,3004881,3551446,5.497755985106986
1400018,546572,3004888,3551460,5.497698381914917
1400224,546649,3005260,3551909,5.497604495755046
1400230,546657,3005277,3551934,5.497555139694543
1400326,546687,3005509,3552196,5.497677830275825
1400351,546705,3005549,3552254,5.497569987470391
1400666,546738,3006202,3552940,5.498432521609985
1400680,546742,3006235,3552977,5.498452652256457
1400718,546764,3006314,3553078,5.498375898925313
1400806,546794,3006546,3553340,5.498498520466574
1403296,547641,3011565,3559206,5.499159120664815
1405386,548618,3016662,3565280,5.498656624463652
1405405,548628,3016687,3565315,5.498601967088811
1405406,548634,3016691,3565325,5.4985491238238975
1405450,548656,3016752,3565408,5.498439823860489
1405464,548665,3016791,3565456,5.498420712092078
1405567,548735,3016893,3565628,5.497905181918412
1405622,548768,3016930,3565698,5.497641990786635
1405676,548809,3017020,3565829,5.497395268663597
1405723,548831,3017061,3565892,5.497249608713793
1405780,548905,3017216,3566121,5.496790883668394
1405817,548920,3017237,3566157,5.4966789331778765
1405865,548936,3017348,3566284,5.496720929215792
1405916,548955,3017388,3566343,5.496603546738804
1405934,548955,3017408,3566363,5.496639979597599
1405955,548966,3017450,3566416,5.496606347205473
1406197,548966,3017623,3566589,5.496921485119297
1406238,548976,3017681,3566657,5.49692700591647
1406519,548985,3018345,3567330,5.498046394710238
1406537,548994,3018383,3567377,5.498025479331286
1406591,548995,3018527,3567522,5.498277762092551
1406602,548995,3018557,3567552,5.4983324073989746
1406647,548995,3018660,3567655,5.498520022951029
1406685,549015,3018746,3567761,5.498476362212326
1406694,549022,3018762,3567784,5.49843539967433
1406725,549043,3018799,3567842,5.498292483466686
1406734,549049,3018825,3567874,5.498279752808948
1406806,549079,3019050,3568129,5.4983891206911935
1406839,549087,3019109,3568196,5.498416462236404
1406870,549087,3019109,3568196,5.498416462236404
1407186,549186,3019584,3568770,5.4982901967639375
1407226,549206,3019735,3568941,5.498364912255147
1408050,549610,3021488,3571098,5.497512781790724
1408098,549623,3021533,3571156,5.497464625752562
1408566,549847,3022540,3572387,5.4970564538862625
1408604,549874,3022622,3572496,5.496935661624299
1408629,549884,3022677,3572561,5.496935717351296
1408718,549884,3022819,3572703,5.497193953633857
1408741,549884,3022892,3572776,5.497326708905878
1408792,549884,3023008,3572892,5.497537662488816
1408828,549901,3023096,3572997,5.497527736810808
1408993,549901,3023716,3573617,5.498655212483702
1409031,549939,3023909,3573848,5.498626211270705
1409095,549972,3023991,3573963,5.498445375400929
1409143,549997,3024056,3574053,5.498313627165239
1409182,550018,3024101,3574119,5.498185513928635
1409195,550024,3024126,3574150,5.498170988902302
1409232,550037,3024231,3574268,5.498231937124229
1409284,550070,3024342,3574412,5.498103877688294
1409291,550070,3024361,3574431,5.498138418746705
1409328,550070,3024443,3574513,5.498287490683004
1409334,550072,3024465,3574537,5.498307494291656
1409378,550076,3024520,3574596,5.4983674983093245
1409383,550076,3024537,3574613,5.498398403129749
1409390,550076,3024556,3574632,5.498432943811401
1409399,550076,3024583,3574659,5.498482027937958
1409427,550088,3024650,3574738,5.498483878943006
1409467,550088,3024750,3574838,5.498665668038568
1409480,550091,3024757,3574848,5.498648405445644
1409508,550111,3024795,3574906,5.498517571908215
1409640,550164,3025024,3575188,5.498404112228354
1409850,550173,3025680,3575853,5.499506518858613
1410000,550246,3025955,3576201,5.499276687154473
1410011,550246,3026000,3576246,5.4993584687576105
1410166,550250,3026222,3576472,5.499721944570649
1410173,550255,3026236,3576491,5.499697413017601
1410281,550271,3026539,3576810,5.5000881383899936
1410345,550294,3026654,3576948,5.500067236786155
1411010,550540,3028018,3578558,5.500087187125368
1411056,550577,3028156,3578733,5.499968215163365
1411085,550589,3028231,3578820,5.499984561987254
1411167,550644,3028651,3579295,5.500197950036684
1411192,550656,3028692,3579348,5.500152545327754
1411595,550663,3029332,3579995,5.501244863010589
1411612,550682,3029386,3580068,5.501153115591213
1411630,550689,3029415,3580104,5.501135849817229
1411657,550706,3029479,3580185,5.501082247151838
1411665,550706,3029504,3580210,5.501127643424986
1411669,550707,3029512,3580219,5.501132180996429
1411732,550724,3029618,3580342,5.501154843442451
1411744,550731,3029645,3580376,5.501133947426239
1411761,550731,3029685,3580416,5.50120657816611
1411779,550737,3029715,3580452,5.501201117774909
1411910,550739,3029914,3580653,5.501542472931824
1411915,550739,3029923,3580662,5.501558814610914
1411929,550753,3029955,3580708,5.501477068667806
1412038,550762,3030187,3580949,5.50180840362988
1412053,550770,3030233,3581003,5.501812008642446
1412077,550791,3030312,3581103,5.501745671225565
1412144,550791,3030434,3581225,5.50196717085065
1412150,550791,3030448,3581239,5.501992588840413
1412172,550801,3030505,3581306,5.501996183739681
1412180,550805,3030515,3581320,5.501974382948593
1412263,550855,3030661,3581516,5.501740022328925
1412266,550855,3030670,3581525,5.501756360566755
1412321,550878,3030766,3581644,5.501700921075083
1412386,550904,3030842,3581746,5.501579222514268
1412398,550904,3030871,3581775,5.501631863264743
1412456,550915,3030973,3581888,5.501707159906701
1412476,550921,3031018,3581939,5.501728923021631
1412496,550926,3031059,3581985,5.501753411528953
1412503,550926,3031076,3582002,5.501784268667661
1412536,550954,3031168,3582122,5.501671645908733
1412573,550965,3031183,3582148,5.501589030156181
1412879,551089,3032060,3583149,5.501942517451809
1412899,551089,3032084,3583173,5.50198606758618
1413024,551152,3032372,3583524,5.5018796992481205
1413079,551155,3032563,3583718,5.502196296867488
1413232,551234,3032816,3584050,5.501866720848134
1413239,551235,3032835,3584070,5.501891207924025
1413302,551277,3033078,3584355,5.501912831480363
1413329,551289,3033125,3584414,5.5018783251615755
1413348,551289,3033172,3584461,5.501963579900923
1413402,551305,3033240,3584545,5.501927245354205
1413457,551325,3033299,3584624,5.501834671019816
1413828,551492,3034111,3585603,5.501641002951992
1414000,551492,3034487,3585979,5.502322789813814
1414011,551492,3034509,3586001,5.5023626815982825
1414048,551508,3034572,3586080,5.502317282795535
1414105,551529,3034631,3586160,5.502214752080127
1414113,551529,3034651,3586180,5.502251014905834
1414305,551609,3035084,3586693,5.5022379982922685
1414346,551611,3035104,3586715,5.502254306023629
1414449,551695,3035384,3587079,5.501924070364966
1414513,551724,3035507,3587231,5.501857812964453
1414545,551739,3035583,3587322,5.501845981523872
1414578,551755,3035651,3587406,5.501809680021024
1414649,551783,3035761,3587544,5.50172984669698
1414707,551798,3035831,3587629,5.501707146455768
1414809,551809,3035851,3587660,5.501633717463832
1414819,551809,3035871,3587680,5.501669961888987
1415013,551869,3036793,3588662,5.502742498672692
1415040,551869,3036871,3588740,5.5028838365626624
1415064,551869,3036938,3588807,5.503005242186099
1416462,552224,3039605,3591829,5.504297169264646
1416483,552235,3039650,3591885,5.504269015908083
1416562,552300,3039816,3592116,5.503921781640413
1416593,552313,3039905,3592218,5.50395337426423
1416689,552362,3040042,3592404,5.503713144640653
1416847,552384,3040198,3592582,5.503776358475264
1416921,552445,3040309,3592754,5.50336956620116
1416948,552445,3040381,3592826,5.5034998959172405
1417049,552508,3040600,3593108,5.503268730950502
1417056,552508,3040619,3593127,5.503303119592839
1417146,552520,3040655,3593175,5.503248751176428
1417148,552521,3040657,3593178,5.503242410695702
1417173,552537,3040715,3593252,5.503188021797635
1417188,552550,3040749,3593299,5.503120079630802
1417261,552550,3040749,3593299,5.503120079630802
1417317,552569,3040817,3593386,5.5030539172483435
1417322,552574,3040825,3593399,5.5030186002236805
1417335,552574,3040844,3593418,5.503052984758602
1417346,552585,3040853,3593438,5.502959725653067
1417389,552615,3040972,3593587,5.502876324384969
1417409,552615,3040998,3593613,5.502923373415488
1417422,552615,3041037,3593652,5.502993946961266
1417457,552625,3041061,3593686,5.502937796878534
1417507,552657,3041196,3593853,5.502863439710345
1417665,552671,3041431,3594102,5.503149251543866
1417676,552675,3041444,3594119,5.50313294431628
1417688,552677,3041486,3594163,5.503189023606917
1417700,552686,3041506,3594192,5.503135595980358
1417773,552720,3041569,3594289,5.502911058040238
1417819,552742,3041625,3594367,5.502793346624646
1417872,552745,3041708,3594453,5.502913640105293
1417912,552754,3041878,3594632,5.503131591992098
1417925,552760,3041905,3594665,5.503120703379405
1417937,552767,3041926,3594693,5.503089004951454
1417950,552774,3041962,3594736,5.503084443190165
1418004,552808,3042067,3594875,5.5029359198853856
1418283,552925,3042748,3595673,5.503003119772121
1418377,552974,3042825,3595799,5.502654736027372
1418393,552974,3042851,3595825,5.50270175451287
1418470,553033,3043012,3596045,5.502405823883928
1418494,553033,3043105,3596138,5.502573987447404
1419212,553445,3045024,3598469,5.50194508939461
1419287,553445,3045191,3598636,5.5022468357289345
1419341,553449,3045243,3598692,5.502301025026696
1419357,553463,3045255,3598718,5.502183524463243
1419364,553463,3045278,3598741,5.5022250809900575
1419371,553463,3045298,3598761,5.5022612171003304
1419476,553517,3045435,3598952,5.501971935821302
1419754,553657,3045876,3599533,5.501377206465375
1419755,553657,3045881,3599538,5.501386237327443
1419843,553726,3045983,3599709,5.500884914199442
1419874,553733,3046064,3599797,5.500961654804753
1419904,553745,3046097,3599842,5.500902039747538
1420049,553796,3046362,3600158,5.5008739680315495
1420139,553803,3046621,3600424,5.501272113007694
1420166,553825,3046655,3600480,5.501114973141335
1420205,553851,3046803,3600654,5.501123948498784
1420217,553861,3046822,3600683,5.501058929948128
1420263,553894,3046901,3600795,5.50087381340112
1420270,553895,3046908,3600803,5.500876519918035
1420341,553928,3046977,3600905,5.500673372712699
1420378,553928,3047123,3601051,5.500936944873702
1420391,553938,3047153,3601091,5.500891796554849
1420394,553940,3047166,3601106,5.500895403834351
1420417,553956,3047216,3601172,5.500826780466318
1420922,554770,3048893,3603663,5.495778430701011
1420923,554770,3048895,3603665,5.495782035798619
1421629,554770,3050033,3604803,5.497833336337582
1421773,554843,3050631,3605474,5.498187775641037
1421799,554843,3050746,3605589,5.498395041480203
1421806,554843,3050769,3605612,5.498436494648035
1421860,554890,3050871,3605761,5.498154589197859
1422041,555011,3051387,3606398,5.497885627492067
1422083,555040,3051466,3606506,5.49774070337273
1422095,555046,3051494,3606540,5.497731719533156
1422122,555069,3051541,3606610,5.497588588085446
1422209,555131,3051803,3606934,5.49744654865248
1422224,555136,3051833,3606969,5.497451075051879
1422428,555144,3052203,3607347,5.498038346807315
1422460,555158,3052264,3607422,5.498009575652337
1422737,555215,3052429,3607644,5.497742316039733
1423549,555228,3054123,3609351,5.500664591843351
1423667,555297,3054430,3609727,5.500533948499632
1423717,555317,3054476,3609793,5.500418679781098
1423719,555317,3054487,3609804,5.50043848828687
1423763,555330,3054581,3609911,5.500478994471756
1423798,555337,3054648,3609985,5.5005303086234125
1423894,555368,3054821,3610189,5.500534780541911
1423912,555368,3054831,3610199,5.500552786620763
1423990,555419,3055037,3610456,5.500418602892591
1424205,555525,3055465,3610990,5.500139507672922
1424236,555531,3055544,3611075,5.5002223098260945
1424556,555690,3056169,3611859,5.499773254872321
1424682,555690,3056506,3612196,5.500379708110637
1424854,555690,3056882,3612572,5.501056344364664
1424855,555690,3056882,3612572,5.501056344364664
1424874,555703,3056924,3612627,5.501003233741765
1424894,555716,3056943,3612659,5.5009087375565935
1424937,555747,3057079,3612826,5.500846608258794
1424981,555775,3057113,3612888,5.500630650892897
1425076,555817,3057345,3613162,5.500632402391434
1425125,555833,3057446,3613279,5.50065577250721
1425194,555852,3057569,3613421,5.500689032332348
1425241,555872,3057679,3613551,5.500689007541305
1425349,555898,3058059,3613957,5.501115312521362
1425407,555941,3058275,3614216,5.501078351839494
1425408,555941,3058277,3614218,5.501081949343545
1425518,555941,3058792,3614733,5.5020083066368555
1425521,555943,3058806,3614749,5.502013695648655
1425555,555943,3058911,3614854,5.502202563931914
1425587,555966,3058963,3614929,5.502068471813025
1425640,555966,3059156,3615122,5.502415615343384
1425658,555967,3059171,3615138,5.502432698343607
1425863,556025,3059629,3615654,5.502682433343825
1425994,556127,3059892,3616019,5.502146092529224
1426047,556155,3060034,3616189,5.502124407764023
1426151,556198,3060204,3616402,5.502004681785983
1426173,556215,3060229,3616444,5.501881466699028
1426206,556236,3060319,3616555,5.501835551816136
1426218,556241,3060337,3616578,5.5018184563885075
1426268,556284,3060415,3616699,5.501533389419793
1426277,556284,3060436,3616720,5.501571139921335
1427123,556455,3061855,3618310,5.502430564915402
1427353,556537,3062166,3618703,5.502178651194799
1427399,556562,3062254,3618816,5.502089614454454
1427658,556701,3062813,3619514,5.501719953799257
1427683,556711,3062862,3619573,5.501709145319564
1427737,556743,3063023,3619766,5.501682104669479
1427777,556762,3063067,3619829,5.501573383240954
1427809,556780,3063132,3619912,5.501512266963612
1427835,556789,3063197,3619986,5.501540080712801
1427912,556845,3063452,3620297,5.50144474674281
1428443,556855,3064051,3620906,5.502421635793878
1428482,556902,3064205,3621107,5.5022337861957755
1428483,556902,3064207,3621109,5.502237377491911
1428986,557038,3064873,3621911,5.502089624047192
1429010,557055,3064980,3622035,5.502113794867652
1429025,557055,3065026,3622081,5.502196371991993
1429124,557164,3065192,3622356,5.501417894910655
1429178,557176,3065230,3622406,5.501367610952374
1429182,557176,3065247,3622423,5.501398121957873
1429214,557182,3065275,3622457,5.501389133173721
1429223,557184,3065286,3622470,5.501389128187457
1429421,557202,3065608,3622810,5.5017892972387035
1429456,557225,3065679,3622904,5.501689622683835
1429518,557253,3065814,3623067,5.501655441962628
1429641,557336,3066079,3623415,5.501311596595231
1429647,557340,3066081,3623421,5.501275702443751
1429692,557349,3066119,3623468,5.5012550484525855
1429821,557350,3066501,3623851,5.501930564277384
1429860,557350,3066501,3623851,5.501930564277384
1429951,557382,3066794,3624176,5.5021403633414785
1429979,557404,3066933,3624337,5.50217257142037
1430011,557428,3066999,3624427,5.502054076939085
1430031,557439,3067037,3624476,5.5020136732449645
1430046,557446,3067056,3624502,5.50197866699196
1430079,557467,3067133,3624600,5.501909530070838
1430200,557519,3067418,3624937,5.50190755830743
1430234,557525,3067484,3625009,5.501966727949419
1430276,557541,3067623,3625164,5.5020581446028185
1430314,557549,3067674,3625223,5.502070670021828
1430342,557573,3067773,3625346,5.502011395817229
1430359,557581,3067804,3625385,5.501988051960164
1430364,557582,3067810,3625392,5.501988945123767
1430395,557590,3067822,3625412,5.501931526749045
1430432,557616,3067929,3625545,5.50186687612981
1430460,557616,3068015,3625631,5.502021104129006
1430507,557656,3068123,3625779,5.50182011849599
1430637,557656,3068509,3626165,5.502512301490524
1430939,557732,3068989,3626721,5.502623123650785
1431030,557732,3069169,3626901,5.5029458593016
1431031,557732,3069171,3626903,5.502949445253276
1431040,557737,3069201,3626938,5.5029539012115025
1431387,557936,3069987,3627923,5.50239991683634
1431406,557936,3070002,3627938,5.502426801640332
1431459,557968,3070097,3628065,5.5022814928454675
1431491,557974,3070157,3628131,5.502329857663619
1431511,557991,3070201,3628192,5.502241075572903
1431609,558015,3070436,3628451,5.502425562036863
1431616,558015,3070459,3628474,5.502466779566857
1431670,558017,3070523,3628540,5.502561749910845
1431688,558027,3070591,3628618,5.5025850003673655
1431722,558051,3070650,3628701,5.502454076777929
1431747,558051,3070738,3628789,5.502611768458438
1431750,558052,3070741,3628793,5.502607283909026
1432018,558075,3071127,3629202,5.503072167719393
1432047,558075,3071157,3629232,5.503125923934955
1432062,558077,3071163,3629240,5.50311695339532
1432074,558082,3071185,3629267,5.503107070287162
1432183,558118,3071637,3629755,5.503561970766039
1432190,558118,3071653,3629771,5.503590638538804
1432237,558118,3071853,3629971,5.503948985698365
1432334,558166,3072033,3630199,5.503798153237567
1432623,558371,3072615,3630986,5.502819809768058
1432707,558408,3072709,3631117,5.502623529748857
1432722,558408,3072735,3631143,5.5026700906863795
1432738,558414,3072750,3631164,5.502637827848155
1432741,558415,3072753,3631168,5.502633346167277
1432765,558415,3072802,3631217,5.502721094526472
1432788,558433,3072848,3631281,5.50262609838602
1432835,558452,3072933,3631385,5.502591091087506
1432844,558452,3072960,3631412,5.502639439020721
1432998,558507,3073147,3631654,5.502432377749965
1433001,558508,3073152,3631660,5.5024314781525065
1433103,558536,3073454,3631990,5.502696334703582
1433266,558536,3073872,3632408,5.5034447197673915
1433272,558536,3073890,3632426,5.503476946875403
1433367,558554,3074075,3632629,5.503630803825592
1433374,558559,3074094,3632653,5.503615553594159
1433521,558613,3074296,3632909,5.503445140016433
1433546,558626,3074349,3632975,5.5034119428741235
1433566,558631,3074400,3633031,5.503453979460502
1433574,558631,3074422,3633053,5.503493361449687
1433580,558631,3074436,3633067,5.503518422715532
1433590,558634,3074460,3633094,5.50353182942678
1433632,558654,3074520,3633174,5.503442202150168
1433717,558658,3078023,3636681,5.509673181087535
1433760,558671,3078088,3636759,5.509661321242735
1433806,558694,3078125,3636819,5.509500728484644
1433936,558764,3078434,3637198,5.5093635237774805
1434122,558796,3078883,3637679,5.509851537949449
1434182,558827,3078956,3637783,5.509676518851093
1434193,558838,3078981,3637819,5.5096128037105565
1434227,558849,3079042,3637891,5.509613509194791
1434265,558849,3079152,3638001,5.509810342328607
1434299,558871,3079176,3638047,5.509636391940179
1434338,558880,3079237,3638117,5.509656813627254
1434355,558894,3079285,3638179,5.509604683535697
1434417,558927,3079430,3638357,5.509538812760879
1434747,559189,3080119,3639308,5.508189538778481
1435147,559280,3080737,3640017,5.508398297811472
1435990,559615,3082003,3641618,5.5073630978440535
1436142,559615,3082511,3642126,5.508270864790973
1436156,559622,3082552,3642174,5.508275228636473
1436247,559663,3082661,3642324,5.508066461424107
1436289,559687,3082710,3642397,5.507917818352043
1436609,559812,3083267,3643079,5.507682936414367
1436803,559904,3083804,3643708,5.507737040635537
1436848,559930,3083895,3643825,5.507643812619435
1436855,559930,3083915,3643845,5.507679531369993
1436859,559931,3083918,3643849,5.507675052819008
1436876,559936,3083970,3643906,5.507718739284489
1436882,559943,3083984,3643927,5.507674888336848
1436893,559949,3083995,3643944,5.507635516805995
1436927,559961,3084062,3644023,5.5076371390150385
1436942,559961,3085001,3644962,5.509314041513606
1436951,559969,3085031,3645000,5.509288907064498
1436956,559972,3085067,3645039,5.509323680469738
1437061,559972,3085323,3645295,5.5097808461851665
1437067,559972,3085337,3645309,5.509805847435229
1437094,559986,3085396,3645382,5.50977345862218
1437103,559986,3085415,3645401,5.509807388041844
1437118,559990,3085433,3645423,5.509800175003125
1437240,560002,3085545,3645547,5.509882107563902
1437285,560034,3085671,3645705,5.509792262612627
1437424,560063,3085798,3645861,5.509733726384353
1437468,560084,3085915,3645999,5.509736039594061
1437477,560084,3085936,3646020,5.509773533969905
1437480,560085,3085941,3646026,5.509772623798174
1437525,560100,3086035,3646135,5.509792894126049
1437605,560100,3086191,3646291,5.5100714158186035
1437672,560130,3086274,3646404,5.5099244818167215
1437673,560130,3086274,3646404,5.5099244818167215
1437682,560135,3086310,3646445,5.509939568139823
1437781,560169,3086364,3646533,5.509701536500592
1437789,560176,3086394,3646570,5.509686241466968
1437861,560248,3086575,3646823,5.509301238023161
1438012,560248,3086575,3646823,5.509301238023161
1438405,560517,3087771,3648288,5.508790991174219
1438452,560553,3087874,3648427,5.508620951096506
1438462,560564,3087883,3648447,5.508528910169044
1438601,560586,3088052,3648638,5.508614200140567
1438670,560586,3088277,3648863,5.509015565854303
1438738,560640,3088455,3649095,5.508802440068493
1438807,560697,3088594,3649291,5.508490325434236
1438813,560697,3088608,3649305,5.508515294356845
1438819,560697,3088626,3649323,5.508547397257342
1438890,560733,3088726,3649459,5.508372077263154
1438936,560733,3088879,3649612,5.508644934398368
1438949,560736,3088905,3649641,5.5086618301660675
1439018,560769,3089015,3649784,5.508533816954931
1439112,560803,3089199,3650002,5.508527950100124
1439486,561137,3091359,3652496,5.509098491099322
1439541,561164,3091415,3652579,5.508933217383866
1439578,561176,3091481,3652657,5.508933026358932
1439624,561187,3091566,3652753,5.508976508721692
1439660,561205,3091636,3652841,5.50892454628879
1439696,561227,3091727,3652954,5.508870742141771
1439722,561235,3091769,3653004,5.5088670521261145
1439845,561281,3091917,3653198,5.5086792533508175
1439855,561281,3091939,3653220,5.508718449404131
1440023,561371,3092334,3653705,5.508538916331624
1440090,561429,3092555,3653984,5.508363479620754
1440091,561429,3092560,3653989,5.508372385466372
1440109,561447,3092610,3654057,5.508284842558603
1440212,561489,3092737,3654226,5.508099001048996
1440285,561494,3092931,3654425,5.508395459256911
1440312,561514,3093000,3654514,5.508322143348162
1440491,561605,3093479,3655084,5.5082825117297745
1440607,561663,3093652,3655315,5.508021714088342
1441004,561671,3095207,3656878,5.510711786793336
1441039,561674,3095292,3656966,5.51083368644445
1442295,562320,3100711,3663031,5.514139635794566
1442456,562320,3101098,3663418,5.514827856025039
1444055,562342,3104264,3666606,5.520242130233915
1444066,562356,3104294,3666650,5.520158049349522
1444077,562356,3104304,3666660,5.520175831679577
1444090,562369,3104339,3666708,5.52011046128076
1444105,562380,3104367,3666747,5.520052277819268
1444131,562402,3104438,3666840,5.519962589037735
1444140,562402,3104456,3666858,5.519994594613817
1444147,562402,3104474,3666876,5.5200266001899
1444156,562404,3104483,3666887,5.520022972809581
1444178,562412,3104509,3666921,5.519990682986849
1444193,562418,3104559,3666977,5.520020696350401
1444249,562418,3104751,3667169,5.5203620794498045
1444489,562457,3104943,3667400,5.5203206645130205
1444519,562487,3105050,3667537,5.52021646722502
1444557,562500,3105155,3667655,5.520275555555555
1444586,562511,3105182,3667693,5.52021560467262
1444615,562538,3105235,3667773,5.520044868080023
1444713,562601,3105431,3668032,5.519775115934739
1444723,562601,3105447,3668048,5.519803555272742
1444756,562628,3105515,3668143,5.519659526365556
1444765,562641,3105554,3668195,5.519601308827476
1444785,562642,3105599,3668241,5.519671478488986
1444798,562644,3105649,3668293,5.519740724152395
1444810,562652,3105688,3668340,5.519731556983713
1444819,562652,3105709,3668361,5.519768880231475
1444856,562680,3105788,3668468,5.519634605815028
1445013,562747,3105986,3668733,5.519329290071737
1445135,562747,3106222,3668969,5.519748661476649
1445166,562759,3106265,3669024,5.5197073702952775
1445224,562785,3106337,3669122,5.51958030153611
1445231,562785,3106360,3669145,5.519621169718453
1445241,562788,3106379,3669167,5.51962550729582
1445247,562788,3106397,3669185,5.5196574909202045
1445263,562788,3106423,3669211,5.519703689488759
1445276,562798,3106452,3669250,5.51965714163874
1445283,562802,3106465,3669267,5.519641010515244
1445369,562835,3106651,3669486,5.519647854166852
1445381,562835,3106692,3669527,5.519720699672195
1445388,562835,3106709,3669544,5.519750903906118
1445409,562835,3106709,3669544,5.519750903906118
1445440,562838,3106755,3669593,5.519803211581308
1445473,562860,3106822,3669682,5.519706498951782
1445548,562860,3106989,3669849,5.52000319795331
1446755,563478,3109597,3673075,5.518577477736486
1446783,563493,3109680,3673173,5.518577870532553
1446811,563502,3109762,3673264,5.518635248854485
1446946,563510,3110043,3673553,5.519055562456744
1446947,563510,3110048,3673558,5.519064435413746
1446966,563523,3110098,3673621,5.519025842778378
1446986,563537,3110130,3673667,5.5189455173307165
1447038,563548,3110197,3673745,5.518956681595889
1447232,563548,3110594,3674142,5.519661146876575
1447282,563561,3110638,3674199,5.5196118964939025
1447319,563573,3110657,3674230,5.5195280824312025
1447379,563590,3110834,3674424,5.519675650739012
1447405,563596,3110877,3674473,5.519693184479663
1447444,563600,3111023,3674623,5.519913058907027
1447885,563827,3111841,3675668,5.5191415097184064
1447917,563853,3111885,3675738,5.5189650494011735
1447933,563853,3111912,3675765,5.519012934222218
1447964,563871,3111986,3675857,5.518967990905721
1447981,563879,3112006,3675885,5.518925159475703
1448047,563926,3112168,3676094,5.518752460429205
1448075,563950,3112209,3676159,5.51859030055856
1448095,563954,3112260,3676214,5.518641591335464
1448099,563956,3112273,3676229,5.51864507160133
1448121,563966,3112330,3676296,5.5186482873081
1448204,563966,3112639,3676605,5.519196192678282
1448238,563974,3112722,3676696,5.519265072503343
1448357,564051,3112902,3676953,5.518830744028466
1448858,564215,3114038,3678253,5.519240006026072
1448911,564220,3114059,3678279,5.5192283151962
1448938,564227,3114084,3678311,5.5192041501027065
1448955,564238,3114107,3678345,5.5191373143956985
1449035,564254,3114213,3678467,5.519168672264619
1449056,564263,3114234,3678497,5.519117858161885
1449064,564269,3114257,3678526,5.519099932833454
1449072,564269,3114257,3678526,5.519099932833454
1449097,564283,3114285,3678568,5.519012623098694
1449118,564284,3114314,3678598,5.519054235101474
1449137,564304,3114349,3678653,5.518920652697837
1449261,564311,3114501,3678812,5.519121548224295
1449358,564320,3114723,3679043,5.519426920895945
1449388,564330,3114755,3679085,5.51938582035334
1449418,564339,3114787,3679126,5.5193545014610015
1449811,564487,3115561,3680048,5.519278566202588
1449821,564487,3115577,3680064,5.519306910522297
1449947,564533,3115814,3680347,5.519276995321797
1449948,564533,3115819,3680352,5.51928585219996
1450204,564609,3115929,3680538,5.518737745944539
1450220,564624,3115962,3680586,5.518649579188982
1450255,564626,3116029,3680655,5.518748693825647
1450383,564626,3116249,3680875,5.519138332276587
1450418,564637,3116268,3680905,5.519064460883718
1450425,564641,3116280,3680921,5.519046615460089
1450481,564657,3116368,3681025,5.519046075759266
1450515,564667,3116433,3681100,5.519063448014493
1451061,564916,3117463,3682379,5.518454071047731
1451182,564916,3117645,3682561,5.518776242839643
1451741,564916,3119228,3684144,5.521578429359409
1451748,564917,3119231,3684148,5.521573965733019
1452015,565020,3119878,3684898,5.521712505752009
1452198,565078,3120075,3685153,5.521494377767317
1452270,565081,3120259,3685340,5.52179068133595
1452335,565102,3120414,3685516,5.521859770448521
1452344,565102,3120432,3685534,5.521891623105209
1452414,565102,3120560,3685662,5.522118130886105
1452470,565120,3120677,3685797,5.522149278029445
1452787,565391,3121625,3687016,5.521179148589207
1452957,565504,3122068,3687572,5.5208592688999545
1452964,565504,3122084,3687588,5.52088756224536
1452970,565508,3122105,3687613,5.520885646180072
1453035,565528,3122198,3687726,5.520854847151688
1453164,565590,3122498,3688088,5.520780070368995
1453189,565599,3122574,3688173,5.5208265926919955
1453221,565601,3122581,3688182,5.520819446924599
1453234,565606,3122591,3688197,5.520788322613268
1453283,565662,3122703,3688365,5.520439767917944
1453653,565838,3123636,3689474,5.520371555109413
1453673,565838,3123657,3689495,5.520408668205388
1454011,565858,3124412,3690270,5.521547808814225
1454105,565887,3124566,3690453,5.521536985299186
1454106,565887,3124571,3690458,5.5215458209854615
1454119,565898,3124612,3690510,5.521510943668294
1454994,565898,3124612,3690510,5.521510943668294
1455093,565898,3124781,3690679,5.521809584059318
1455496,566169,3125947,3692116,5.521225994358575
1455711,566263,3126329,3692592,5.520984065707983
1455756,566289,3126416,3692705,5.520884212831257
1455769,566300,3126438,3692738,5.520815822002472
1455956,566384,3126701,3693085,5.520461383089918
1455992,566390,3126816,3693206,5.520605942901534
1456206,566390,3127125,3693515,5.521151503381063
1456227,566390,3127154,3693544,5.521202704850015
1456357,566471,3127437,3693908,5.52091280930533
1456455,566513,3127659,3694172,5.520895372215642
1456462,566513,3127659,3694172,5.520895372215642
1456556,566554,3127790,3694344,5.5207270622041325
1456593,566565,3127841,3694406,5.520709892068871
1456629,566575,3127935,3694510,5.5207783612054895
1456967,566575,3128710,3695285,5.522146229537131
1457001,566592,3128752,3695344,5.522054670733085
1457019,566602,3128796,3695398,5.52203486750841
1457411,566716,3129585,3696301,5.52231629246395
1457485,566750,3129749,3696499,5.5222743714159686
1457569,566785,3129824,3696609,5.522065686283159
1457582,566791,3129858,3696649,5.5220672170165015
1457596,566799,3129876,3696675,5.522021033911493
1457676,566799,3129998,3696797,5.522236277763369
1457728,566825,3130112,3696937,5.522184095620341
1457824,566831,3130205,3697036,5.5222897124539765
1457929,566831,3130461,3697292,5.522741346186077
1457955,566831,3130632,3697463,5.523043023405565
1457960,566831,3130650,3697481,5.5230747789023535
1458064,566871,3130749,3697620,5.522859698238223
1458070,566871,3130763,3697634,5.522884395215137
1458158,566871,3130895,3697766,5.523117252426037
1458184,566890,3130972,3697862,5.5230679673305225
1458206,566897,3131024,3697921,5.523091496338841
1458212,566900,3131031,3697931,5.52307461633445
1458215,566901,3131035,3697936,5.523071929666732
1458232,566907,3131077,3697984,5.523087561099087
1458262,566925,3131118,3698043,5.522984521762138
1458273,566927,3131139,3698066,5.523002079632827
1458279,566927,3131153,3698080,5.523026774170219
1458336,566927,3131344,3698271,5.523363678216066
1458565,567037,3131892,3698929,5.523258623334986
1458592,567056,3131931,3698987,5.523142335148557
1458718,567132,3132142,3699274,5.522774239506852
1458719,567132,3132147,3699279,5.522783055796534
1458735,567134,3132170,3699304,5.522804134472629
1458832,567173,3132319,3699492,5.522687081366708
1458995,567174,3132588,3699762,5.523151625427118
1459139,567272,3132937,3700209,5.522812689503448
1459187,567298,3133064,3700362,5.522783440096739
1459196,567304,3133081,3700385,5.522754995557937
1459216,567304,3133102,3700406,5.522792012748015
1459264,567346,3133216,3700562,5.522584102117579
1459277,567352,3133253,3700605,5.522590913577462
1459337,567352,3133295,3700647,5.522664941694045
1459352,567379,3133325,3700704,5.522455008028143
1459387,567382,3133410,3700792,5.522575619247703
1459426,567417,3133479,3700896,5.522356573736776
1459448,567428,3133521,3700949,5.5223235370831185
1459633,567437,3134586,3702023,5.52411280899906
1459653,567450,3134635,3702085,5.524072605515904
1459666,567450,3134642,3702092,5.524084941404529
1459709,567482,3134748,3702230,5.523960231337734
1459765,567523,3134863,3702386,5.523763794595109
1460001,567822,3135399,3703221,5.521799084924501
1460047,567844,3135446,3703290,5.521667922880227
1460223,567959,3135834,3703793,5.521233046751614
1460315,568035,3136000,3704035,5.520786571250011
1460344,568042,3136029,3704071,5.520769590980948
1460438,568089,3136155,3704244,5.520534634537898
1460580,568196,3136433,3704629,5.519984301191842
1460590,568196,3136445,3704641,5.5200054206647
1460932,568221,3137198,3705419,5.521087745789051
1461808,568573,3139520,3708093,5.521753583093112
1461856,568576,3139588,3708164,5.521844045475011
1461956,568640,3139725,3708365,5.52146349184018
1461979,568653,3139772,3708425,5.52141991689132
1462035,568723,3139933,3708656,5.521023415617093
1462049,568733,3139960,3708693,5.520973813722784
1462091,568761,3140074,3708835,5.520902452875637
1462104,568772,3140097,3708869,5.520836117108437
1462255,568845,3140348,3709193,5.5205688720125865
1462319,568885,3140450,3709335,5.520360002460954
1462339,568885,3140531,3709416,5.520502386246781
1462344,568885,3140539,3709424,5.520516448842912
1462386,568885,3140665,3709550,5.520737934731976
1462409,568888,3140691,3709579,5.520754524616445
1462557,568998,3141183,3710181,5.520551917581432
1462865,569126,3141521,3710647,5.519904203989977
1462874,569126,3141548,3710674,5.519951645154149
1462987,569219,3141794,3711013,5.5194819568566755
1463012,569234,3141845,3711079,5.519426105959939
1463020,569234,3141867,3711101,5.519464754389232
1463061,569248,3141936,3711184,5.5194502220473325
1463158,569277,3142139,3711416,5.519525643930811
1463170,569286,3142170,3711456,5.519492838397571
1463176,569290,3142187,3711477,5.51948391856523
1463350,569429,3142733,3712162,5.5190954447349885
1463353,569429,3142740,3712169,5.519107737751327
1463366,569429,3142745,3712174,5.519116518477282
1463372,569432,3142757,3712189,5.519108515151941
1463427,569449,3142840,3712289,5.5190895058205385
1463458,569449,3142889,3712338,5.519175553912642
1463508,569468,3142987,3712455,5.519163499968392
1463575,569513,3143104,3712617,5.518932842621679
1463577,569513,3143106,3712619,5.518936354394017
1463592,569518,3143133,3712651,5.518935310209686
1463627,569524,3143215,3712739,5.519021147484566
1463646,569524,3143273,3712797,5.519122986915389
1463661,569529,3143293,3712822,5.51910965025486
1463706,569537,3143454,3712991,5.5193148118559465
1463744,569574,3143569,3713143,5.519158177866265
1464274,569833,3144566,3714399,5.518399250306669
1464280,569833,3144580,3714413,5.518423818908347
1464305,569857,3144635,3714492,5.518287921355708
1464348,569881,3144720,3714601,5.518204677818702
1464371,569890,3144799,3714689,5.5182561546965205
1464395,569916,3144882,3714798,5.518150043164256
1464419,569924,3144920,3714844,5.518139260673353
1464460,569935,3145031,3714966,5.518227517173011
1464496,569935,3145069,3715004,5.518294191442884
1464557,569935,3145170,3715105,5.518471404633861
1464647,569942,3145429,3715371,5.518858059241116
1464742,570008,3145684,3715692,5.5186664046820395
1464767,570016,3145728,3715744,5.518666142704766
1464788,570031,3145786,3715817,5.518622671398573
1465180,570055,3146495,3716550,5.519634070396716
1465185,570056,3146512,3716568,5.519654209411005
1465210,570070,3146546,3716616,5.519578297402074
1465267,570084,3146708,3716792,5.519726917436729
1465316,570085,3146903,3716988,5.5200592894042115
1465326,570085,3146923,3717008,5.52009437189191
1465340,570085,3146949,3717034,5.52013997912592
1465374,570096,3147012,3717108,5.520143975751452
1465446,570144,3147205,3717349,5.520017749901779
1465465,570151,3147247,3717398,5.520023642859523
1465483,570154,3147283,3717437,5.520057738786363
1465490,570154,3147283,3717437,5.520057738786363
1465536,570169,3147378,3717547,5.520079134432072
1465555,570180,3147404,3717584,5.520018239854081
1465562,570180,3147420,3717600,5.520046301168052
1465804,570307,3148143,3718450,5.520084796434201
1465907,570356,3148315,3718671,5.5199121250587355
1465939,570374,3148398,3718772,5.519883444897558
1465956,570383,3148416,3718799,5.5198279051093735
1466074,570426,3148649,3719075,5.519820274671912
1466091,570430,3148664,3719094,5.519807864242765
1466113,570430,3148717,3719147,5.519900776607121
1466473,570591,3149253,3719844,5.519282638527422
1466648,570699,3149907,3720606,5.519384123679909
1466653,570705,3149923,3720628,5.51935413216986
1466672,570716,3149962,3720678,5.519316087160689
1466759,570716,3150149,3720865,5.519643745750951
1466773,570717,3150199,3720916,5.519721683426287
1466783,570717,3150231,3720948,5.519777753247231
1466810,570717,3150281,3720998,5.519865362342457
1466992,570850,3150730,3721580,5.519365857931155
1467122,570850,3151116,3721966,5.5200420425681
1467131,570859,3151133,3721992,5.519984794844261
1467218,570939,3151290,3722229,5.519486319904578
1467499,570939,3151327,3722266,5.519551125426709
1467649,571124,3151801,3722925,5.518593160154362
1467712,571134,3151875,3723009,5.518626101755455
1467727,571134,3151911,3723045,5.518689134248705
1467767,571147,3152030,3723177,5.518771874841328
1467789,571149,3152037,3723186,5.5187648056811796
1467820,571149,3152117,3723266,5.518904874209707
1467913,571194,3152248,3723442,5.51869942611442
1468081,571241,3152457,3723698,5.518611234137605
1468372,571278,3153144,3724422,5.519456376755275
1468392,571285,3153167,3724452,5.519429006537893
1468410,571298,3153207,3724505,5.519373426828031
1468427,571306,3153255,3724561,5.519380157043686
1468450,571319,3153326,3724645,5.519378840892741
1468472,571323,3153345,3724668,5.519373454245672
1468923,571330,3154279,3725609,5.520940612255614
1468961,571335,3154333,3725668,5.520986811590398
1468996,571347,3154375,3725722,5.520944364808076
1469263,571431,3154866,3726297,5.520992035783848
1469593,571672,3156082,3727754,5.520791642760184
1469608,571676,3156115,3727791,5.5208107389500345
1469619,571677,3156126,3727803,5.5208203233644175
1469624,571677,3156138,3727815,5.520841314238635
1469728,571677,3156333,3728010,5.521182415944668
1469954,571759,3156698,3728457,5.521028965000988
1469996,571788,3156785,3728573,5.520901103206083
1470036,571819,3156844,3728663,5.52070497832356
1470037,571819,3156846,3728665,5.5207084759338185
1470083,571868,3156992,3728860,5.520490742618926
1470090,571868,3157012,3728880,5.520525715724608
1470610,572149,3157961,3730110,5.519473074321549
1470797,572158,3159039,3731197,5.521270348400267
1470804,572158,3159058,3731216,5.521303556010753
1471245,572327,3160188,3732515,5.521647589577287
1471419,572327,3160670,3732997,5.522489765466245
1471434,572327,3160721,3733048,5.522578875363211
1471452,572342,3160768,3733110,5.522516257761968
1471542,572349,3161027,3733376,5.522901236832771
1471640,572385,3161237,3733622,5.522920761375648
1471668,572394,3161282,3733676,5.522912539264912
1471792,572425,3161378,3733803,5.522781150369044
1471817,572444,3161413,3733857,5.522658984983684
1471870,572444,3161439,3733883,5.522704404273606
1472091,572511,3161607,3734118,5.522351535603683
1472157,572566,3161698,3734264,5.521979998812364
1472186,572580,3161743,3734323,5.521923573998393
1472595,572849,3162876,3735725,5.521308407625744
1472661,572871,3163049,3735920,5.521398360189292
1472696,572885,3163141,3736026,5.52142402052768
1472708,572897,3163197,3736094,5.521406116631786
1472769,572927,3163343,3736270,5.521371832711671
1473083,572927,3164171,3737098,5.52281704300897
1473103,572934,3164216,3737150,5.522828109345928
1473170,572958,3164351,3737309,5.522832389110546
1473176,572958,3164365,3737323,5.5228568237113365
1473229,572983,3164488,3737471,5.522830520277216
1473300,573041,3164576,3737617,5.522425096982589
1473384,573069,3164729,3737798,5.522422256307705
1473393,573074,3164749,3737823,5.522408973361206
1473459,573105,3164829,3737934,5.522249849504018
1473499,573121,3164954,3738075,5.522313787140935
1473573,573179,3165111,3738290,5.52202889498743
1473589,573196,3165159,3738355,5.52194886216931
1473595,573196,3165173,3738369,5.521973286624471
1473722,573299,3165418,3738717,5.521408549465463
1473891,573299,3165418,3738717,5.521408549465463
1473992,573309,3165587,3738896,5.521607021693362
1474025,573314,3165638,3738952,5.521647823007985
1474048,573320,3165684,3739004,5.521670271401661
1474079,573340,3165767,3739107,5.521622422995081
1474177,573387,3165942,3739329,5.521475024721523
1474267,573426,3166072,3739498,5.521326204253033
1474299,573431,3166095,3739526,5.521318170799974
1474351,573455,3166222,3739677,5.5213085595208
1474370,573456,3166262,3739718,5.521368683909489
1474687,573609,3166720,3740329,5.520694410303883
1474722,573617,3166803,3740420,5.520762111304233
1474889,573617,3167201,3740818,5.521455954059939
1474917,573635,3167236,3740871,5.521343711593609
1475677,573834,3169971,3743805,5.524195150513911
1475677,573941,3170366,3744307,5.523853497136465
1475974,573941,3171082,3745023,5.5251010121249395
1475989,573941,3171089,3745030,5.5251132085005255
1476038,573960,3171165,3745125,5.525062722140916
1476090,573960,3171332,3745292,5.525353683183497
1476100,573964,3171348,3745312,5.525343052874396
1476503,574111,3172160,3746271,5.525342660217275
1476510,574111,3172180,3746291,5.525377496686181
1476562,574125,3172227,3746352,5.525324624428478
1476611,574166,3172304,3746470,5.525064180045492
1476651,574205,3172408,3746613,5.5248700377043045
1476707,574215,3172529,3746744,5.524984544116751
1478038,574593,3178089,3752682,5.53102630905702
1478065,574605,3178118,3752723,5.530961269045692
1478087,574622,3178158,3752780,5.530867248382415
1478345,574746,3178601,3753347,5.530444752986536
1478352,574748,3178610,3753358,5.53044116725939
1478363,574749,3178621,3753370,5.530450683689749
1478369,574749,3178633,3753382,5.530471562368964
1478396,574749,3178716,3753465,5.530615973233533
1478581,574833,3179220,3754053,5.530684564038599
1478606,574840,3179291,3754131,5.530740727854708
1478895,574937,3180252,3755189,5.531479101188478
1479728,575435,3182319,3757754,5.530284045982604
1479738,575439,3182354,3757793,5.530306426919274
1479788,575443,3182563,3758006,5.530631183279665
1479808,575443,3182615,3758058,5.530721548441809
1479829,575456,3182663,3758119,5.530680017238503
1479931,575549,3182929,3758478,5.530248510552533
1479936,575558,3182938,3758496,5.530177671060084
1479950,575558,3182980,3758538,5.530250643723135
1479971,575564,3182996,3758560,5.530220792127374
1480012,575576,3183094,3758670,5.530275758544484
1480021,575576,3183116,3758692,5.530313981124995
1480047,575600,3183204,3758804,5.530236275191105
1480125,575635,3183273,3758908,5.530019891076811
1480286,575746,3183635,3759381,5.529582489500578
1480308,575758,3183688,3759446,5.5295592940089415
1480330,575764,3183724,3759488,5.529564196441598
1480378,575764,3183724,3759488,5.529564196441598
1480480,575859,3183898,3759757,5.528954136342403
1480531,575876,3183947,3759823,5.528876008029506
1480573,575903,3184009,3759912,5.528724455333624
1480590,575903,3184118,3760021,5.52891372331799
1480627,575923,3184180,3760103,5.528829374760168
1480678,575935,3184252,3760187,5.5288391919227
1480738,575961,3184336,3760297,5.528735452574046
1480847,575980,3184749,3760729,5.529270113545609
1480891,575989,3184822,3760811,5.529310455581617
1480916,575998,3184904,3760902,5.5293664214111855
1480922,575998,3184918,3760916,5.529390727051136
1480959,576002,3184970,3760972,5.529442606102062
1481045,576036,3185194,3761230,5.529505100375671
1481085,576037,3185274,3761311,5.529634381124824
1481170,576090,3185481,3761571,5.529484976305786
1481190,576090,3185502,3761592,5.5295214289433945
1481262,576157,3185703,3761860,5.529227276593012
1481380,576244,3185920,3762164,5.528769063105212
1485161,577815,3192655,3770470,5.525393075638396
1485204,577849,3192756,3770605,5.52524275372978
1485445,577900,3193075,3770975,5.52530714656515
1485739,578163,3194325,3772488,5.524955765069712
1485750,578163,3194325,3772488,5.524955765069712
1485793,578170,3194430,3772600,5.525070481000398
1485851,578206,3194643,3772849,5.5250948623846865
1486422,578206,3195541,3773747,5.526647942082925
1486447,578217,3195588,3773805,5.526624087496563
1486463,578217,3195614,3773831,5.526669053313895
1486496,578240,3195668,3773908,5.526542612064195
1486507,578240,3195680,3773920,5.526563364692861
1486527,578242,3195708,3773950,5.526592672272163
1486561,578248,3195740,3773988,5.526590666980257
1486793,578248,3196063,3774311,5.52714925084047
1486860,578283,3196175,3774458,5.527008402460387
1487063,578341,3196359,3774700,5.5267722675722455
1487275,578458,3197127,3775585,5.526982079943574
1487280,578458,3197139,3775597,5.527002824751322
1487292,578458,3197168,3775626,5.527052958036712
1487302,578463,3197185,3775648,5.527034572652011
1487380,578486,3197283,3775769,5.526984231251923
1487395,578493,3197304,3775797,5.526953653717504
1487492,578541,3197424,3775965,5.526702515465629
1487669,578584,3197610,3776194,5.526613248897308
1487855,578584,3197971,3776555,5.527237185957441
1487871,578584,3197997,3776581,5.527282123252631
1487884,578591,3198021,3776612,5.52725673230313
1487910,578599,3198060,3776659,5.527247713874376
1488302,578599,3198793,3777392,5.528514567083593
1488832,578641,3200567,3779208,5.531179090316794
1488879,578653,3200689,3779342,5.531275220209694
1488917,578674,3200748,3779422,5.531176448224734
1489128,578776,3201940,3780716,5.532261185674596
1489219,578841,3202200,3781041,5.532089122919766
1489227,578841,3202222,3781063,5.532127129902685
1489238,578841,3202232,3781073,5.5321444058040115
1489239,578841,3202235,3781076,5.53214958857441
1489721,578841,3203390,3782231,5.534144955177674
1489748,578866,3203423,3782289,5.533962955157152
1489787,578866,3203563,3782429,5.534204807330194
1489800,578869,3203572,3782441,5.534191673763839
1489896,578922,3203779,3782701,5.534042582593164
1489903,578922,3203799,3782721,5.534077129561496
1489948,578929,3203812,3782741,5.534032670672915
1489964,578929,3203839,3782768,5.534079308516243
1490187,578960,3204390,3783350,5.534734696697527
1490204,578972,3204425,3783397,5.5346804335960975
1490256,579004,3204546,3783550,5.534583526193256
1490297,579028,3204614,3783642,5.5344715626878145
1490312,579040,3204647,3783687,5.534413857419176
1490335,579051,3204699,3783750,5.5343985244823
1490350,579054,3204710,3783764,5.534388848017628
1490408,579082,3204809,3783891,5.534292207321243
1490499,579127,3205158,3784285,5.534464806510489
1490608,579127,3205349,3784476,5.534794613271355
1490628,579134,3205389,3784523,5.534796782782569
1490680,579160,3205462,3784622,5.534674355963809
1490725,579160,3205520,3784680,5.534774501001451
1490752,579160,3205556,3784716,5.534836659990331
1490803,579180,3205657,3784837,5.534819917814842
1490809,579180,3205675,3784855,5.534850996236058
1490818,579180,3205697,3784877,5.5348889809731
1490860,579203,3205744,3784947,5.53475033796441
1491146,579304,3206008,3785312,5.5342410893071685
1491154,579307,3206023,3785330,5.534238322685553
1491200,579326,3206072,3785398,5.534141398797914
1491283,579360,3206249,3785609,5.534122134769401
1491326,579368,3206316,3785684,5.534161362035873
1491344,579375,3206362,3785737,5.534173894282632
1491352,579383,3206373,3785756,5.534116465274266
1491357,579385,3206380,3785765,5.534109443634199
1491379,579402,3206421,3785823,5.534017832178694
1491430,579413,3206531,3785944,5.534102617649242
1491456,579434,3206576,3786010,5.533979711235447
1491470,579440,3206619,3786059,5.533996617423719
1491478,579440,3206644,3786084,5.534039762529338
1491509,579445,3206716,3786161,5.5341162664273575
1491610,579491,3206950,3786441,5.534080770883413
1491611,579491,3206950,3786441,5.534080770883413
1491619,579494,3206963,3786457,5.534074554697719
1491696,579539,3207128,3786667,5.533929554352683
1491766,579586,3207301,3786887,5.533779283833633
1491778,579593,3207325,3786918,5.533753858310918
1491798,579601,3207402,3787003,5.5338103281395306
1491908,579601,3207618,3787219,5.534182998304006
1491937,579616,3207674,3787290,5.534136393750345
1491980,579619,3207801,3787420,5.534326859540491
1492171,579656,3208107,3787763,5.5345014974398605
1492179,579656,3208148,3787804,5.5345722290461925
1492246,579662,3208204,3787866,5.534611549489185
1492276,579666,3208261,3787927,5.534671690249213
1492305,579678,3208304,3787982,5.534631295305324
1492350,579697,3208374,3788071,5.534570646389407
1492379,579722,3208445,3788167,5.534454445406592
1492423,579739,3208503,3788242,5.534392200628214
1492625,579784,3208699,3788483,5.534300705090171
1492704,579784,3208965,3788749,5.534759496640128
1492722,579805,3209003,3788808,5.534624572054398
1492760,579805,3209094,3788899,5.534781521373565
1492825,579805,3209370,3789175,5.535257543484447
1492864,579836,3209472,3789308,5.535137521644051
1492908,579866,3209520,3789386,5.53493393301211
1492934,579866,3209629,3789495,5.535121907475175
1492944,579870,3209653,3789523,5.5351251142497455
1492951,579874,3209657,3789531,5.535093830728744
1493079,579919,3209759,3789678,5.534840210443183
1493110,579928,3209794,3789722,5.534814666648273
1493116,579928,3209805,3789733,5.534833634520147
1493127,579936,3209837,3789773,5.53481246206478
1493135,579936,3209857,3789793,5.5348469486288145
1493157,579943,3209874,3789817,5.534809455411997
1493170,579953,3209897,3789850,5.534753678315312
1493180,579957,3209912,3789869,5.53474136875665
1493211,579969,3210000,3789969,5.534778582993229
1493231,579977,3210060,3790037,5.534805690570488
1493317,580026,3210331,3790357,5.53480533631251
1493393,580074,3210565,3790639,5.534750738698856
1493469,580123,3210751,3790874,5.534603868489958
1493489,580123,3210772,3790895,5.534640067709779
1493590,580176,3211239,3791415,5.5349393977000085
1493637,580184,3211289,3791473,5.5349492574769386
1493685,580223,3211351,3791574,5.534684078362974
1493797,580297,3211641,3791938,5.5344780345237
1493901,580319,3211890,3792209,5.534697295797656
1493910,580319,3211920,3792239,5.5347489915029495
1494291,580319,3213083,3793402,5.536753061678146
1494314,580338,3213127,3793465,5.536647608807281
1494345,580350,3213162,3793512,5.536593434996123
1494365,580355,3213184,3793539,5.536583642770373
1494454,580400,3213443,3793843,5.536600620261888
1494488,580404,3213497,3793901,5.536655502029621
1494542,580422,3213557,3793979,5.536587172781183
1495095,580656,3214880,3795536,5.536634427268469
1495392,580826,3215326,3796152,5.535781800401497
1495520,580866,3215720,3796586,5.536078889106954
1495583,580904,3215877,3796781,5.535987013344718
1495809,580910,3216626,3797536,5.537219190580297
1495818,580917,3216649,3797566,5.5371920601394
1495833,580917,3216697,3797614,5.5372746881224
1495914,580979,3216867,3797846,5.536976379524905
1495934,580990,3216909,3797899,5.536943837243326
1495951,580994,3216942,3797936,5.53696251596402
1496095,581089,3217364,3798453,5.5367835219733985
1496229,581254,3217792,3799046,5.535948139711727
1496282,581264,3217918,3799182,5.5360696688595885
1496302,581273,3217960,3799233,5.5360562076683415
1496311,581273,3217986,3799259,5.5361009370811995
1496362,581282,3218006,3799288,5.536049628235521
1496504,581362,3218157,3799519,5.535547559007985
1496637,581535,3218849,3800384,5.535090751201562
1496696,581543,3218950,3800493,5.535188283583501
1496699,581543,3218959,3800502,5.535203759653198
1496739,581558,3219056,3800614,5.53522778467496
1496769,581583,3219091,3800674,5.535050027253204
1496775,581583,3219093,3800676,5.5350534661432675
1496836,581583,3219214,3800797,5.53526151899213
1496854,581597,3219308,3800905,5.535289900051066
1496872,581597,3219341,3800938,5.5353466403712535
1496963,581659,3219564,3801223,5.535140004710664
1497020,581659,3219564,3801223,5.535140004710664
1497028,581659,3219586,3801245,5.535177827558758
1497144,581711,3219695,3801406,5.534870408158003
1497281,581816,3219898,3801714,5.534220440826653
1497345,581837,3219939,3801776,5.534091162988947
1497368,581852,3219996,3801848,5.5340464585495965
1497372,581852,3219996,3801848,5.5340464585495965
1497382,581858,3220017,3801875,5.534025483880947
1497440,581873,3220086,3801959,5.534001405805046
1497459,581890,3220145,3802035,5.533941122892643
1497556,581950,3220342,3802292,5.533709081536214
1497593,581951,3220401,3802352,5.53380095575057
1497644,581951,3220525,3802476,5.534014032109233
1497722,582007,3220741,3802748,5.533852685620619
1497903,582016,3221789,3803805,5.535567750714757
1497922,582016,3221840,3803856,5.535655377171762
1498064,582068,3222004,3804072,5.535442594336057
1498111,582113,3222176,3804289,5.53531015455762
1498121,582120,3222208,3804328,5.5352985638699925
1498223,582176,3222548,3804724,5.53535013466718
1498275,582183,3222643,3804826,5.535446758149929
1498305,582183,3222750,3804933,5.535630549157224
1498511,582283,3223460,3805743,5.535899210521344
1498547,582290,3223501,3805791,5.535903072352264
1498578,582303,3223579,3805882,5.535913433384338
1498782,582402,3223933,3806335,5.535580234957984
1498854,582416,3223997,3806413,5.535557058872009
1498949,582431,3224063,3806494,5.5355278135950865
1498954,582431,3224075,3806506,5.535548416894018
1499042,582431,3224305,3806736,5.535943313456873
1499306,582431,3224974,3807405,5.537091947372307
1499347,582446,3225028,3807474,5.537042060551536
1499482,582446,3225317,3807763,5.5375382438887035
1499515,582446,3225484,3807930,5.537824965747897
1499545,582468,3225539,3808007,5.537710226141178
1499654,582524,3225774,3808298,5.5375812842046
1499803,582551,3225830,3808381,5.537420758010887
1499844,582579,3225894,3808473,5.537264474002668
1499957,582615,3226032,3808647,5.537159187456553
1500019,582636,3226131,3808767,5.537129528556423
1500161,582708,3226452,3809160,5.53699623138862
1500197,582722,3226512,3809234,5.5369661691166625
1500270,582723,3226605,3809328,5.537116262786951
1501095,582723,3228153,3810876,5.539772756524112
1501344,582878,3228751,3811629,5.539325553546369
1501377,582903,3228855,3811758,5.539266395952671
1501394,582908,3228900,3811808,5.539296081028224
1501496,582960,3229066,3812026,5.539086729792782
1501540,582981,3229160,3812141,5.539048442402068
1501853,582981,3229946,3812927,5.540396685312214
1501900,583001,3229998,3812999,5.540295814243886
1501942,583001,3230115,3813116,5.540496500006004
1501990,583014,3230256,3813270,5.540614805133324
1501993,583016,3230258,3813274,5.540599228837631
1501999,583016,3230276,3813292,5.54063010277591
1502088,583027,3230451,3813478,5.540825725052184
1502097,583029,3230467,3813496,5.540834160907948
1502118,583037,3230513,3813550,5.540837030925996
1502144,583055,3230560,3813615,5.540746584799033
1502149,583055,3230582,3813637,5.540784317088439
1502196,583068,3230656,3813724,5.54078769543175
1502212,583073,3230729,3813802,5.540865380492666
1502426,583226,3231176,3814402,5.540178249940846
1502433,583226,3231199,3814425,5.540217685768467
1502538,583226,3231455,3814681,5.5406566236759
1502720,583301,3231892,3815193,5.540693398434085
1502797,583301,3231911,3815212,5.540725971668144
1502835,583316,3231932,3815248,5.540619492693497
1502871,583332,3231955,3815287,5.540506949730171
1502932,583360,3232092,3815452,5.540475863960505
1502966,583400,3232226,3815626,5.5403256770654785
1502989,583414,3232315,3815729,5.540345277967275
1503123,583464,3232438,3815902,5.5400813075014055
1503125,583466,3232438,3815904,5.540062317255847
1503211,583515,3232673,3816188,5.5399998286248
1503259,583562,3232761,3816323,5.539704435861142
1503324,583590,3232973,3816563,5.539801915728508
1503528,583599,3234166,3817765,5.5417606952719245
1503536,583599,3234190,3817789,5.541801819399964
1503808,583615,3234934,3818549,5.542924702072428
1504065,583741,3235344,3819085,5.542430632763503
1504083,583759,3235389,3819148,5.542336820502982
1504129,583773,3235431,3819204,5.542275850373347
1504157,583781,3235460,3819241,5.542249576467888
1504176,583790,3235514,3819304,5.542256633378441
1504198,583793,3235539,3819332,5.542270976185052
1504420,583915,3236112,3820027,5.542094311672075
1504452,583935,3236161,3820096,5.541988406243846
1504502,583960,3236275,3820235,5.541946366189465
1504662,584017,3236664,3820681,5.542071549287093
1504704,584042,3236771,3820813,5.542017526136819
1504841,584136,3237303,3821439,5.542036443567937
1504859,584146,3237342,3821488,5.542008333533055
1504883,584153,3237389,3821542,5.542022381122754
1504900,584164,3237406,3821570,5.541947124437658
1504912,584169,3237433,3821602,5.541945909488521
1504931,584176,3237473,3821649,5.541947974583002
1504949,584176,3237483,3821659,5.541965092711785
1505404,584176,3237483,3821659,5.541965092711785
1505444,584208,3237570,3821778,5.541810451072221
1505447,584208,3237579,3821787,5.541825856544245
1505471,584208,3237611,3821819,5.541880631555884
1505480,584212,3237650,3821862,5.541909443832034
1505533,584212,3237798,3822010,5.54216277652633
1505563,584228,3237845,3822073,5.542091443751412
1506623,584723,3240364,3825087,5.541707783001524
1506680,584755,3240466,3825221,5.541578951868732
1506723,584788,3240554,3825342,5.541416718537316
1506750,584807,3240585,3825392,5.541289690444882
1506759,584812,3240598,3825410,5.54126454313523
1506794,584836,3240707,3825543,5.541223522491776
1506812,584836,3240762,3825598,5.541317565950113
1506933,584863,3240847,3825710,5.541207086103925
1506966,584872,3240906,3825778,5.541222694880247
1507908,584872,3242832,3827704,5.544515723098387
1507931,584888,3242893,3827781,5.544468342657056
1507951,584888,3242914,3827802,5.544504246966941
1507983,584914,3243085,3827999,5.544550138994793
1507995,584914,3243094,3828008,5.544565525872179
1508055,584931,3243204,3828135,5.544592439108203
1508066,584936,3243224,3828160,5.544579236018984
1508069,584936,3243231,3828167,5.544591203140173
1508085,584936,3243256,3828192,5.544633942858706
1508088,584937,3243259,3828196,5.5446295925886036
1508112,584937,3243291,3828228,5.5446842993348
1508142,584960,3243349,3828309,5.544565440371991
1508190,584974,3243457,3828431,5.544617367609501
1508244,584974,3243526,3828500,5.544735321569847
1508267,584981,3243599,3828580,5.544793762532458
1508291,584981,3243682,3828663,5.544935647482568
1508620,585206,3244425,3829631,5.544073369035861
1508748,585284,3244666,3829950,5.543746283855359
1508754,585289,3244680,3829969,5.543722844611807
1508853,585313,3244897,3830210,5.543866273258923
1509382,585313,3244897,3830210,5.543866273258923
1509424,585326,3244941,3830267,5.54381831663039
1509461,585347,3244998,3830345,5.543716803878725
1509490,585361,3245103,3830464,5.543763592039784
1509523,585373,3245164,3830537,5.543754153334711
1509571,585389,3245246,3830635,5.543742707840427
1509581,585389,3245266,3830655,5.5437768731561405
1509929,585554,3245981,3831535,5.543435789013481
1509983,585568,3246078,3831646,5.543468905404667
1510126,585710,3246422,3832132,5.542712263748271
1510150,585718,3246447,3832165,5.542679241546273
1510159,585718,3246476,3832194,5.542728753427418
1510220,585750,3246594,3832344,5.542627400768246
1510985,585995,3247767,3833762,5.542311794469236
1511016,586005,3247834,3833839,5.542331550072098
1511037,586011,3247862,3833873,5.542322584388348
1511063,586020,3247892,3833912,5.542288659090134
1511119,586038,3248018,3834056,5.542333432303025
1511144,586044,3248088,3834132,5.54239613407867
1511213,586063,3248123,3834186,5.542276171674376
1511231,586070,3248169,3834239,5.542288463835378
1511253,586079,3248225,3834304,5.542298905096412
1511276,586095,3248247,3834342,5.5421851406341975
1511283,586095,3248266,3834361,5.542217558586919
1511465,586130,3248335,3834465,5.542004333509631
1511476,586130,3248366,3834496,5.542057222800403
1511613,586157,3248585,3834742,5.542175560472706
1511616,586160,3248595,3834755,5.542164255493381
1511627,586167,3248603,3834770,5.54211171901523
1511656,586189,3248644,3834833,5.541973663784206
1511691,586210,3248742,3834952,5.5419423073642555
1511735,586223,3248804,3835027,5.54192517182028
1511942,586357,3249080,3835437,5.541129380223993
1512212,586509,3249675,3836184,5.540707815225342
1512230,586522,3249722,3836244,5.540665141290523
1512381,586530,3250037,3836567,5.541126626089032
1512398,586530,3250086,3836616,5.541210168277837
1512647,586594,3250714,3837308,5.541676184891083
1512693,586609,3250759,3837368,5.5416111924638045
1512715,586609,3250812,3837421,5.541701542253869
1512739,586623,3250853,3837476,5.541639178825242
1512769,586623,3250974,3837597,5.541845444177947
1513076,586794,3251637,3838431,5.541360341107782
1513158,586845,3251858,3838703,5.541255357036356
1513163,586849,3251867,3838716,5.541232923631122
1513180,586859,3251910,3838769,5.541211773185722
1513191,586863,3251920,3838783,5.54119104458792
1513222,586875,3251959,3838834,5.541144195953142
1513284,586906,3252084,3838990,5.541064497551567
1513305,586925,3252137,3839062,5.540975422754185
1513468,586925,3252357,3839282,5.541350257699024
1513500,586925,3252439,3839364,5.541489968905737
1513507,586925,3252463,3839388,5.541530859990629
1513658,587035,3252719,3839754,5.540928564736345
1513788,587075,3252972,3840047,5.540981986969297
1513812,587075,3253020,3840095,5.54106374824341
1513920,587075,3253163,3840238,5.541307328705872
1514076,587131,3253369,3840500,5.541129662715816
1514657,587396,3254675,3842071,5.540853189330536
1514682,587405,3254711,3842116,5.540829580953516
1515045,587611,3255561,3843172,5.540333656109229
1515079,587615,3255572,3843187,5.540314661810879
1515089,587617,3255577,3843194,5.540304313864302
1515122,587637,3255632,3843269,5.540209346926759
1515129,587638,3255648,3843286,5.540227146644703
1515247,587676,3255936,3843612,5.540358973311825
1516454,588038,3259676,3847714,5.543308425645962
1516465,588038,3259696,3847734,5.543342437053388
1516519,588064,3259740,3847804,5.543172171736409
1516883,588191,3260668,3848859,5.543553029543125
1517110,588262,3261308,3849570,5.5439719036755735
1517117,588269,3261320,3849589,5.543926333021118
1517117,588278,3261391,3849669,5.543962208343674
1517171,588302,3261567,3849869,5.544035206407593
1517219,588347,3261647,3849994,5.543747142417655
1517223,588347,3261656,3850003,5.5437624395127365
1517270,588347,3261750,3850097,5.543922209172478
1517340,588350,3261854,3850204,5.544070706212288
1517412,588414,3262135,3850549,5.543945249433222
1517733,588429,3262521,3850950,5.5444599093518505
1517755,588450,3262565,3851015,5.544336817061772
1517755,588450,3262565,3851015,5.544336817061772
1517779,588461,3262621,3851082,5.544328341215476
1518420,588466,3263587,3852053,5.545922789082122
1518421,588466,3263588,3852054,5.545924488415643
1519187,588466,3264483,3852949,5.54744539191729
1519201,588466,3264509,3852975,5.547489574588846
1519221,588475,3264551,3853026,5.547476103487829
1519244,588481,3264622,3853103,5.547540192461609
1519253,588485,3264648,3853133,5.5475466664400965
1519304,588508,3264745,3853253,5.547494681465673
1519339,588518,3264768,3853286,5.547439500576023
1519347,588526,3264801,3853327,5.547420164954479
1520052,589105,3266304,3855409,5.544519228320928
1520071,589105,3266351,3855456,5.544599010363178
1520537,589262,3267436,3856698,5.5449630215422
1520543,589262,3267450,3856712,5.544986780074058
1520606,589293,3267636,3856929,5.545010716231145
1520607,589293,3267641,3856934,5.5450192009747274
1520627,589300,3267678,3856978,5.545016120821313
1520696,589321,3267833,3857154,5.545081542996092
1520953,589321,3268548,3857869,5.546294803680846
1521043,589399,3268782,3858181,5.545957831621703
1521168,589454,3268921,3858375,5.545676168114899
1521180,589454,3268952,3858406,5.545728759156779
1521202,589474,3268981,3858455,5.545589797005466
1521236,589478,3269050,3858528,5.545669219207502
1521249,589488,3269070,3858558,5.545609070922564
1521348,589549,3269297,3858846,5.54542031281539
1521386,589578,3269353,3858931,5.545242529402386
1521391,589580,3269357,3858937,5.545230503069982
1521717,589761,3270252,3860013,5.545046213635693
1521944,589828,3270880,3860708,5.545481055494144
1521950,589832,3270887,3860719,5.545455316090005
1521973,589846,3270907,3860753,5.545357601814711
1522058,589846,3271148,3860994,5.545766183037607
1522088,589870,3271226,3861096,5.545672775357282
1522119,589875,3271289,3861164,5.545732570459843
1522170,589906,3271402,3861308,5.545632694022437
1522222,589925,3271469,3861394,5.545567656905539
1522277,589944,3271605,3861549,5.545619584231724
1522284,589944,3271625,3861569,5.54565348575458
1522290,589944,3271642,3861586,5.545682302049008
1522297,589956,3271648,3861604,5.545579670348297
1522327,589982,3271710,3861692,5.545440369367201
1522332,589984,3271718,3861702,5.545435130444216
1522347,589990,3271742,3861732,5.545419413888371
1522410,589991,3271785,3861776,5.545482897196737
1522679,590133,3272859,3862992,5.545968451179649
1522868,590248,3273160,3863408,5.545397866659438
1522916,590275,3273247,3863522,5.5452916013722415
1522998,590308,3273387,3863695,5.545218767152063
1523183,590316,3274453,3864769,5.546949430474526
1523190,590316,3274473,3864789,5.546983310633626
1523249,590328,3274665,3864993,5.547195796235314
1523283,590336,3274734,3865070,5.547237505420642
1523642,590591,3275538,3866129,5.546203717970643
1523779,590610,3275843,3866453,5.54654171111224
1523793,590620,3275867,3866487,5.5464884358809385
1524550,590873,3277457,3868330,5.546804474057877
1524573,590898,3277492,3868390,5.5466290290371605
1524891,591023,3278260,3869283,5.546755371618364
1524937,591039,3278363,3869402,5.546779484940926
1525001,591039,3278515,3869554,5.5470366591713915
1525013,591046,3278533,3869579,5.547001417825347
1525031,591055,3278588,3869643,5.54701000752891
1525062,591055,3278656,3869711,5.547125056043853
1525068,591055,3278670,3869725,5.547148742502813
1525085,591057,3278706,3869763,5.547190880067404
1525235,591150,3279060,3870210,5.546917026135499
1525237,591151,3279063,3870214,5.546912717732018
1525323,591180,3279169,3870349,5.546819919483068
1525365,591199,3279226,3870425,5.5467380695840145
1525531,591296,3279465,3870761,5.546232343868384
1525570,591316,3279528,3870844,5.546151296430335
1525694,591390,3279817,3871207,5.545945991646798
1525779,591453,3280012,3871465,5.545684948761778
1525786,591453,3280035,3871488,5.545723836044453
1525851,591484,3280147,3871631,5.545622535858958
1525932,591508,3280297,3871805,5.54565111545406
1525989,591508,3280473,3871981,5.545948660035029
1526015,591526,3280513,3872039,5.545847519804709
1526072,591549,3280601,3872150,5.545780653842708
1526227,591682,3280915,3872597,5.5450647476178085
1526269,591720,3280997,3872717,5.54484722503887
1526352,591757,3281213,3872970,5.544865544471802
1526500,591860,3281547,3873407,5.5444649072415775
1526509,591862,3281567,3873429,5.544479963234673
1526539,591872,3281650,3873522,5.5445265192474045
1526574,591896,3281772,3873668,5.544507818941165
1526684,591931,3281940,3873871,5.544463797300699
1526710,591937,3281989,3873926,5.544490376509662
1526916,591961,3282321,3874282,5.544826432822433
1526957,591986,3282368,3874354,5.544671664532607
1526962,591988,3282376,3874364,5.544666445941472
1527102,591988,3282639,3874627,5.545110711703615
1527259,592025,3282888,3874913,5.545184747265741
1527426,592025,3283438,3875463,5.546113762087749
1527775,592110,3283810,3875920,5.545945854655385
1527807,592113,3283840,3875953,5.545968421568181
1527908,592203,3283986,3876189,5.545372110576947
1527940,592233,3284052,3876285,5.545202648282011
1527957,592244,3284069,3876313,5.545128359257333
1527987,592261,3284127,3876388,5.5450671241226415
1528018,592270,3284186,3876456,5.545082479274655
1528054,592303,3284246,3876549,5.544874836021428
1528118,592312,3284382,3876694,5.5450201920609405
1528161,592355,3284549,3876904,5.544899595681644
1528222,592355,3284692,3877047,5.545141004971681
1528237,592359,3284741,3877100,5.545186280616991
1528599,592558,3285695,3878253,5.544933998022135
1528624,592568,3285737,3878305,5.544911301319004
1528635,592569,3285749,3878318,5.544922194714877
1528644,592574,3285767,3878341,5.544905783918971
1528652,592574,3285767,3878341,5.544905783918971
1528816,592574,3286052,3878626,5.545386736508858
1528893,592632,3286181,3878813,5.545061690897556
1529046,592757,3286494,3879251,5.544420394866699
1529060,592757,3286543,3879300,5.544503059432449
1529181,592827,3286780,3879607,5.544248153339844
1529190,592829,3286805,3879634,5.54427161964074
1529239,592846,3286946,3879792,5.544350472129356
1529334,592910,3287167,3880077,5.5441247406857705
1529337,592912,3287170,3880082,5.5441110991175755
1529443,592930,3287208,3880138,5.544006881082084
1529541,592967,3287314,3880281,5.543839707774632
1529552,592977,3287335,3880312,5.5437816306534655
1529586,592987,3287426,3880413,5.54384160192382
1529609,592987,3287492,3880479,5.543952902846099
1529635,592997,3287552,3880549,5.543960593392547
1529649,592997,3287572,3880569,5.5439943203759885
1529705,593015,3287610,3880625,5.54389012082325
1529810,593119,3288009,3881128,5.54359074654496
1529845,593140,3288111,3881251,5.54356644299828
1529885,593168,3288205,3881373,5.543463234699107
1530207,593189,3288865,3882054,5.544379615940282
1530235,593201,3288900,3882101,5.544326459328288
1530284,593215,3288989,3882204,5.5443456419679205
1530463,593326,3289472,3882798,5.544122455446079
1530470,593326,3289495,3882821,5.5441612199701344
1530501,593345,3289560,3882905,5.544093234121801
1530618,593418,3289877,3883295,5.543945414530736
1530664,593446,3289953,3883399,5.543811905379765
1530803,593518,3290177,3883695,5.543516793087994
1530828,593526,3290211,3883737,5.543499358073614
1531033,593551,3291130,3884681,5.544814177720196
1531108,593593,3291273,3884866,5.544662757141678
1531113,593597,3291278,3884875,5.5446338172194265
1531129,593600,3291287,3884887,5.544620956873316
1531155,593619,3291350,3884969,5.544549618526361
1531707,593851,3292078,3885929,5.5436094239127325
1531718,593851,3292088,3885939,5.543626263153552
1531913,593851,3292558,3886409,5.544417707472077
1532024,593851,3292774,3886625,5.544781435073781
1532044,593851,3292795,3886646,5.544816797479503
1532070,593870,3292831,3886701,5.5447000185225725
1532088,593881,3292877,3886758,5.544674774912819
1532092,593881,3292896,3886777,5.544706767854166
1532106,593891,3292929,3886820,5.5446689712421975
1532126,593902,3292954,3886856,5.544608369731033
1532188,593911,3293178,3887089,5.544901508811926
1532236,593939,3293240,3887179,5.544744493963185
1532329,593968,3293427,3887395,5.544788608140506
1532350,593993,3293445,3887438,5.544585542253865
1532493,594106,3293741,3887847,5.544029179977984
1532515,594113,3293769,3887882,5.544010987808717
1532525,594113,3293789,3887902,5.544044651438362
1532546,594137,3293838,3887975,5.543903173847109
1532554,594137,3293860,3887997,5.5439402023439035
1532726,594137,3294236,3888373,5.544573053016392
1533099,594288,3294765,3889053,5.544054397867701
1533372,594310,3295633,3889943,5.545309686863758
1533461,594337,3295701,3890038,5.545172183458206
1533482,594346,3295756,3890102,5.545180753298584
1533496,594347,3295764,3890111,5.545184883578112
1533592,594397,3295999,3890396,5.545113787586411
1533607,594403,3296019,3890422,5.54509146151685
1533638,594403,3296096,3890499,5.545221003258732
1533659,594417,3296185,3890602,5.545240126039464
1533849,594494,3296554,3891048,5.545142591851222
1533879,594494,3296554,3891048,5.545142591851222
1533885,594494,3296568,3891062,5.545166141289903
1533956,594531,3296671,3891202,5.544994289616521
1533960,594533,3296674,3891207,5.544980682317045
1534001,594556,3296743,3891299,5.5448822314466595
1534086,594595,3296901,3891496,5.544784264919819
1534263,594681,3297271,3891952,5.544604586324433
1534802,594686,3299549,3894235,5.548388561358431
1534948,594686,3299549,3894235,5.548388561358431
1535023,594713,3299879,3894592,5.548691553741048
1535720,594713,3301774,3896487,5.55187796466531
1535762,594727,3301837,3896564,5.551853203234425
1535790,594740,3301878,3896618,5.551800786898476
1535911,594740,3302060,3896800,5.552106802972728
1535913,594742,3302063,3896805,5.552093176537053
1535958,594784,3302152,3896936,5.551850755904664
1536094,594823,3302394,3897217,5.551893588512885
1536171,594823,3302651,3897474,5.552325649815155
1536197,594842,3302735,3897577,5.552289515535218
1536251,594863,3302912,3897775,5.552391054747059
1536257,594863,3302926,3897789,5.552414589577769
1536328,594916,3303154,3898070,5.552303182298005
1536348,594916,3303207,3898123,5.552392270505416
1536420,594976,3303376,3898352,5.5521163878879145
1536487,594976,3303528,3898504,5.552371860377561
1536501,594978,3303562,3898540,5.552410341222701
1536672,594987,3304557,3899544,5.553998658794225
1536678,594993,3304570,3899563,5.553964500422694
1536685,594993,3304590,3899583,5.553998114263529
1536742,595017,3304731,3899748,5.55401106186882
1536767,595043,3304785,3899828,5.553859132869389
1537030,595196,3305407,3900603,5.553476501858212
1537225,595285,3305738,3901023,5.553202247662884
1537287,595312,3305871,3901183,5.553173797941247
1537703,595334,3306504,3901838,5.554031854387621
1537774,595364,3306674,3902038,5.554037529981659
1537804,595366,3306711,3902077,5.5540810190706225
1537838,595396,3306880,3902276,5.5540850123279295
1537877,595405,3306930,3902335,5.55408503455631
1537892,595408,3306951,3902359,5.554092319888211
1538033,595485,3307182,3902667,5.55376205949772
1538040,595485,3307205,3902690,5.553800683476494
1538185,595485,3307521,3903006,5.554331343358775
1538194,595485,3307542,3903027,5.554366608730699
1538216,595494,3307564,3903058,5.5543196069145955
1538305,595528,3307753,3903281,5.5543198640534115
1538312,595528,3307775,3903303,5.554356806061176
1538333,595530,3307775,3903305,5.554338152569979
1538338,595533,3307781,3903314,5.55432024757654
1538468,595632,3308196,3903828,5.554093802885003
1538553,595699,3308428,3904127,5.553858576227256
1538564,595699,3308454,3904153,5.553902222431127
1538612,595724,3308585,3904309,5.553889049291283
1538674,595762,3308710,3904472,5.553744616138659
1538788,595853,3309033,3904886,5.55343851587556
1538810,595869,3309071,3904940,5.553353169908151
1538825,595877,3309149,3905026,5.553409512365807
1538863,595877,3309253,3905130,5.553584045029427
1538967,595952,3309529,3905481,5.5533482562354015
1538969,595953,3309533,3905486,5.5533456497408356
1538999,595970,3309603,3905573,5.553304696545128
1539020,595991,3309645,3905636,5.553179494321223
1539040,596008,3309692,3905700,5.55309995838982
1539125,596023,3309834,3905857,5.553198450395371
1539178,596056,3309992,3906048,5.553156079294563
1539207,596056,3309992,3906048,5.553156079294563
1539232,596072,3310039,3906111,5.553085868821216
1539548,596079,3310817,3906896,5.5543258527812585
1539567,596090,3310844,3906934,5.554268650707108
1539700,596090,3311167,3907257,5.554810515190659
1540696,596329,3313405,3909734,5.556337189705682
1540734,596343,3313449,3909792,5.556280529829309
1540752,596362,3313513,3909875,5.556210824968727
1540760,596365,3313534,3909899,5.5562180879159575
1540790,596374,3313603,3909977,5.556249937119995
1540810,596380,3313621,3910001,5.556224219457393
1541268,596482,3314696,3911178,5.55707632418078
1541444,596508,3314881,3911389,5.557144246179431
1541483,596522,3314925,3911447,5.55708758436403
1541838,596720,3315570,3912290,5.556324574339724
1542167,596736,3315898,3912634,5.556725252037752
1542194,596758,3315933,3912691,5.556579048793648
1542225,596762,3315964,3912726,5.556593750942587
1542263,596783,3316022,3912805,5.556495409554227
1542322,596804,3316115,3912919,5.556455720806161
1542354,596824,3316200,3913024,5.556411940538585
1542456,596862,3316349,3913211,5.556307823248925
1542484,596864,3316374,3913238,5.556331090499678
1542540,596882,3316454,3913336,5.556297559651656
1542543,596883,3316462,3913345,5.556301653757939
1542601,596888,3316547,3913435,5.556397515111713
1542603,596890,3316548,3913438,5.556380572634824
1542614,596904,3316574,3913478,5.556293809389785
1542705,597020,3316799,3913819,5.555591102475629
1542723,597028,3316853,3913881,5.555607107204352
1542739,597028,3316879,3913907,5.555650656250628
1542748,597032,3316896,3913928,5.555641908641413
1542868,597089,3317194,3914283,5.555610637610139
1542890,597106,3317212,3914318,5.5554826111276725
1542952,597107,3317489,3914596,5.555937210583698
1543011,597151,3317670,3914821,5.555830937233631
1543119,597214,3318040,3915254,5.555864397016815
1543163,597253,3318170,3915423,5.555719268048883
1543183,597258,3318204,3915462,5.555729684658891
1543186,597258,3318206,3915464,5.5557330332954935
1543187,597258,3318211,3915469,5.555741404887001
1543288,597280,3318535,3915815,5.556079225823734
1543356,597299,3318623,3915922,5.556049817595542
1543572,597359,3318732,3916091,5.5556742260516705
1543970,597603,3319701,3917304,5.55502733420013
1544067,597641,3320004,3917645,5.555181120438524
1544124,597672,3320096,3917768,5.555046915364949
1544501,597672,3320754,3918426,5.556147853672249
1544857,597673,3321725,3919398,5.557763191578004
1544895,597704,3321828,3919532,5.557647263528436
1544938,597726,3321882,3919608,5.557533050260488
1544959,597726,3321930,3919656,5.557613354613987
1546478,597990,3325739,3923729,5.561529457014331
1546513,597999,3325851,3923850,5.561633046209107
1546602,598050,3325977,3924027,5.561369450714823
1546632,598050,3326054,3924104,5.56149820249143
1546647,598050,3326080,3924130,5.561541677117298
1546702,598070,3326190,3924260,5.561539619108131
1546711,598070,3326219,3924289,5.561588108415403
1547203,598112,3329524,3927636,5.566723289283613
1547315,598154,3329666,3927820,5.5665698131250485
1547350,598154,3329748,3927902,5.566706901567155
1547369,598154,3329792,3927946,5.566780461219017
1547410,598179,3329903,3928082,5.566733369108578
1547416,598179,3329917,3928096,5.566756773474161
1547480,598190,3330029,3928219,5.566841638944148
1547561,598221,3330205,3928426,5.566847369116096
1547573,598230,3330229,3928459,5.566803737692861
1547581,598230,3330254,3928484,5.566845527639871
1547597,598230,3330280,3928510,5.566888989184761
1547737,598324,3330543,3928867,5.566453961398841
1547747,598324,3330581,3928905,5.566517472138841
1547831,598383,3330733,3929116,5.566222636672499
1547954,598466,3330995,3929461,5.565888454816147
1548403,598545,3332656,3931201,5.5679288942351866
1548410,598549,3332670,3931219,5.567915074622128
1549194,598830,3334143,3932973,5.5677621361655225
1549474,598997,3334734,3933731,5.567196496810501
1549493,599000,3334772,3933772,5.56723205342237
1549634,599116,3335045,3934161,5.566609805112866
1549676,599116,3335145,3934261,5.566776717697407
1549703,599129,3335177,3934306,5.5667093397248335
1549706,599129,3335186,3934315,5.56672436153149
1549785,599155,3335304,3934459,5.5666797406347275
1549846,599175,3335419,3934594,5.566685859723787
1549885,599187,3335437,3934624,5.566604415649873
1549886,599187,3335442,3934629,5.566612760290194
1549915,599198,3335461,3934659,5.566542278178499
1550010,599237,3335627,3934864,5.566457011165866
1550319,599327,3336246,3935573,5.566653930158328
1550358,599343,3336341,3935684,5.566663830227433
1550520,599373,3336648,3936021,5.566897407791142
1550800,599486,3336998,3936484,5.566431910002902
1550821,599499,3337042,3936541,5.566384597805834
1550921,599551,3337294,3936845,5.566322131061411
1550930,599554,3337326,3936880,5.566347651754471
1551010,599554,3337482,3937036,5.5666078451649055
1551162,599613,3337842,3937455,5.566660496019933
1551173,599618,3337879,3937497,5.566675783582214
1551247,599660,3337964,3937624,5.5664276423306545
1551756,599663,3338781,3938444,5.567762226450523
1551799,599663,3338889,3938552,5.56794232760734
1552039,599663,3339281,3938944,5.5685960281024505
1552056,599675,3339347,3939022,5.568594655438362
1552081,599683,3339385,3939068,5.568583735073363
1552128,599683,3339522,3939205,5.568812189106578
1552229,599736,3339647,3939383,5.568528485867115
1552235,599736,3339661,3939397,5.568551829471634
1552272,599740,3339716,3939456,5.568606396104979
1552278,599740,3339730,3939470,5.568629739553806
1552319,599761,3339862,3939623,5.56865484751426
1552332,599783,3339893,3939676,5.568502274989455
1552339,599783,3339909,3939692,5.568528951304055
1552383,599810,3339999,3939809,5.568428335639619
1561086,604068,3355055,3959123,5.554101524993875
1561258,604100,3355144,3959244,5.553954643270981
1561388,604180,3355481,3959661,5.553777020093349
1561411,604190,3355547,3959737,5.553794336218739
1561414,604190,3355555,3959745,5.553807577086678
1561423,604190,3355572,3959762,5.553835713931048
1561442,604194,3355615,3959809,5.553870114565852
1561450,604194,3355637,3959831,5.553906526711619
1561457,604194,3355657,3959851,5.5539396286623175
1561468,604203,3355674,3959877,5.55388503532753
1561480,604211,3355697,3959908,5.553849565797378
1561571,604211,3355745,3959956,5.553929008243809
1561626,604241,3355838,3960079,5.553807172965754
1561650,604258,3355869,3960127,5.553702226532375
1561771,604290,3355953,3960243,5.553547137963561
1561802,604307,3356012,3960319,5.5534885414201725
1562387,604448,3356441,3960889,5.552902813806978
1562414,604452,3356456,3960908,5.55289088298161
1562555,604523,3356752,3961275,5.552728349458995
1562617,604552,3356869,3961421,5.552655520120684
1562671,604573,3356962,3961535,5.552616474768143
1562703,604573,3357081,3961654,5.552813307904918
1562732,604588,3357113,3961701,5.552728469635521
1562752,604595,3357210,3961805,5.552824618132799
1562761,604601,3357219,3961820,5.5527843983056595
1562799,604629,3357301,3961930,5.552662872604523
1562839,604649,3357368,3962017,5.552590015033515
1563086,604711,3357564,3962275,5.552344839104961
1563181,604733,3357714,3962447,5.5523908898637915
1563618,605006,3358560,3963566,5.5512837889211015
1563794,605087,3358987,3964074,5.551246349698473
1563945,605154,3359327,3964481,5.551193580477036
1564031,605223,3359433,3964656,5.550735844473855
1564132,605285,3359745,3965030,5.550682736231693
1564184,605300,3359818,3965118,5.550665785560879
1564588,605447,3361227,3966674,5.551645313297448
1564603,605447,3361270,3966717,5.551716335203577
1564629,605462,3361339,3966801,5.551692756936026
1564687,605506,3361488,3966994,5.55153541005374
1564767,605562,3361682,3967244,5.551342389383746
1565070,605651,3362130,3967781,5.551266323344633
1565206,605651,3362359,3968010,5.551644428887263
1565292,605711,3362511,3968222,5.551345443619152
1566389,605711,3362511,3968222,5.551345443619152
1566872,605715,3364013,3969728,5.553788497890922
1566896,605724,3364082,3969806,5.553819891567777
1566997,605765,3364246,3970011,5.553714724356805
1567102,605811,3364440,3970251,5.553613255619327
1567177,605853,3364612,3970465,5.553512155588897
1567220,605886,3364686,3970572,5.553331814895872
1567363,605944,3365055,3970999,5.55340922593507
1567376,605952,3365104,3971056,5.553416772285593
1567407,605952,3365191,3971143,5.553560348014364
1567536,605955,3365490,3971445,5.5540262890808725
1567772,606017,3365734,3971751,5.553860700277385
1567785,606023,3365742,3971765,5.553818914463642
1567789,606025,3365747,3971772,5.5538088362691305
1567854,606025,3365982,3972007,5.5541966090507815
1567872,606034,3366034,3972068,5.5541999293768995
1567896,606047,3366115,3972162,5.554214442114225
1567908,606047,3366136,3972183,5.554249092892135
1567940,606078,3366195,3972273,5.554062348410601
1568049,606157,3366494,3972651,5.553831763058086
1568070,606161,3366511,3972672,5.55382315919368
1568092,606174,3366548,3972722,5.553765090551558
1568106,606204,3366609,3972813,5.553590870400063
1568243,606276,3366893,3973169,5.55339977172113
1568263,606294,3366931,3973225,5.553297575103827
1568327,606311,3367014,3973325,5.553278762879117
1568362,606319,3367030,3973349,5.553231879588138
1568400,606334,3367146,3973480,5.553285812769859
1568431,606334,3367223,3973557,5.553412805483447
1568530,606364,3367324,3973688,5.553304615709376
1568547,606377,3367368,3973745,5.55325812159762
1568738,606509,3367671,3974180,5.5525490965509166
1568776,606516,3367726,3974242,5.55257569462306
1569163,606792,3368383,3975175,5.551132842885206
1569238,606811,3368528,3975339,5.551197984215843
1569249,606811,3368528,3975339,5.551197984215843
1569260,606818,3368532,3975350,5.5511405396675775
1569280,606818,3368583,3975401,5.5512245846365795
1569311,606836,3368655,3975491,5.551178572134811
1569325,606846,3368733,3975579,5.551215629665516
1569347,606850,3368746,3975596,5.551200461399028
1569368,606853,3368762,3975615,5.551199384364912
1569396,606880,3368816,3975696,5.551041392037964
1569699,607106,3369531,3976637,5.550152691622221
1569768,607142,3369667,3976809,5.5500476000672
1569859,607192,3369890,3977082,5.549957838706702
1569864,607196,3369903,3977099,5.549942687369482
1569884,607207,3369933,3977140,5.549891552633616
1570091,607272,3370110,3977382,5.549588981543691
1570142,607287,3370420,3977707,5.549962373638823
1570166,607312,3370487,3977799,5.549844231630529
1570244,607349,3370608,3977957,5.5497053588628615
1570278,607349,3370703,3978052,5.549861776342762
1570427,607432,3371107,3978539,5.549768533761804
1571651,608284,3374815,3983099,5.548091023272025
1571769,608303,3375266,3983569,5.548659138620063
1572674,608779,3377398,3986177,5.547822773124565
1572714,608798,3377435,3986233,5.54771040640738
1574449,609247,3378813,3988060,5.545883689209795
1574603,609252,3379377,3988629,5.546763900651947
1574648,609273,3379428,3988701,5.546656424952361
1574702,609296,3379468,3988764,5.546512696620362
1574734,609311,3379531,3988842,5.546479548211012
1574852,609320,3379716,3989036,5.546701240727368
1574903,609344,3379906,3989250,5.546794585652767
1574924,609359,3379960,3989319,5.5467466632970055
1574977,609384,3380077,3989461,5.5467111049847055
1575028,609394,3380132,3989526,5.5467103384673955
1575140,609494,3380669,3990163,5.546681345509554
1575149,609503,3380691,3990194,5.546635537478897
1575299,609503,3381350,3990853,5.5477167462670405
1575406,609524,3381526,3991050,5.5478143600580125
1575437,609524,3381603,3991127,5.547940688143535
1575447,609528,3381616,3991144,5.547925608011445
1575496,609551,3381708,3991259,5.547867200611598
1575553,609569,3381840,3991409,5.5479199237494035
1575743,609644,3382143,3991787,5.547734415494944
1575778,609651,3382182,3991833,5.547734687550746
1575789,609657,3382196,3991853,5.5477030527001245
1575832,609673,3382240,3991913,5.547629630966108
1576342,609896,3382710,3992606,5.5463718404449285
1576348,609896,3382724,3992620,5.546394795178195
1576369,609896,3382753,3992649,5.546442344268531
1576369,609896,3382753,3992649,5.546442344268531
1576402,609896,3382873,3992769,5.5466390991250965
1576422,609901,3382903,3992804,5.546642815801253
1576434,609915,3382926,3992841,5.546553208233934
1576439,609917,3382933,3992850,5.54654649731029
1576459,609936,3382979,3992915,5.546449135647019
1576702,609991,3383588,3993579,5.546947413978239
1576717,610003,3383627,3993630,5.546902228349697
1577133,610222,3384803,3995025,5.546838691492605
1577173,610224,3384986,3995210,5.54712040168856
1577184,610224,3385013,3995237,5.547164647735913
1577225,610232,3385179,3995411,5.547363953381665
1577234,610236,3385197,3995433,5.5473570880773995
1577279,610236,3385312,3995548,5.547545539758389
1577349,610238,3385394,3995632,5.547661731979981
1577616,610291,3386208,3996499,5.548513741805139
1577629,610300,3386229,3996529,5.548466328035392
1577846,610401,3386467,3996868,5.547938158685848
1577856,610401,3386487,3996888,5.547970924031907
1577929,610401,3386735,3997136,5.548377214323043
1578179,610578,3387231,3997809,5.547581144423808
1578309,610598,3387408,3998006,5.5476893144098085
1578368,610637,3387560,3998197,5.547583916467557
1578383,610645,3387583,3998228,5.547548903208902
1578494,610737,3387891,3998628,5.547217542084399
1578514,610753,3387920,3998673,5.547119703055081
1578537,610765,3387978,3998743,5.54710567894362
1578545,610768,3388005,3998773,5.547122639038063
1578578,610786,3388077,3998863,5.547077044987933
1578590,610786,3388106,3998892,5.547124524792644
1578597,610786,3388130,3998916,5.547163818424129
1578618,610786,3388162,3998948,5.547216209932775
1578750,610858,3388520,3999378,5.547148437116318
1578769,610871,3388567,3999438,5.5471073270788755
1578803,610899,3388645,3999544,5.546980761140548
1579140,610939,3389790,4000729,5.54849174794865
1579159,610949,3389822,4000771,5.548453307886583
1579169,610949,3389847,4000796,5.548494227832438
1579188,610958,3389874,4000832,5.548456686056979
1581144,611547,3392946,4004493,5.548136120363602
1581385,611567,3393411,4004978,5.54871502222978
1581561,611632,3393771,4005403,5.548713932560755
1581605,611652,3393830,4005482,5.5486289589505144
1581645,611681,3393912,4005593,5.548499953407086
1581652,611681,3393928,4005609,5.54852611083228
1581670,611685,3393982,4005667,5.548578108013111
1581675,611687,3393988,4005675,5.548569775064698
1582187,611961,3395036,4006997,5.547797980590266
1582191,611963,3395051,4007014,5.5478043607211545
1582193,611963,3395056,4007019,5.547812531149759
1582205,611963,3395085,4007048,5.547859919635664
1582218,611969,3395124,4007093,5.547869254815195
1582249,611995,3395175,4007170,5.547716893111872
1582297,611995,3395240,4007235,5.547823103129928
1582623,612116,3396115,4008231,5.548155905089885
1582677,612121,3396247,4008368,5.5483262296180005
1582721,612152,3396317,4008469,5.548159607417766
1582755,612176,3396402,4008578,5.548080944042236
1582785,612189,3396433,4008622,5.54801376699026
1583158,612295,3397401,4009696,5.548634236764958
1583266,612297,3397532,4009829,5.548830061228456
1583278,612305,3397562,4009867,5.548806558822809
1583306,612322,3397614,4009936,5.548737428999774
1583362,612331,3397713,4010044,5.5488175512917035
1583399,612339,3397789,4010128,5.5488691721415755
1583408,612342,3397805,4010147,5.54886811618344
1583470,612389,3397967,4010356,5.548706786046124
1583583,612462,3398480,4010942,5.548883032743256
1583590,612466,3398493,4010959,5.548868018796146
1583687,612513,3398692,4011205,5.548767128207891
1583736,612519,3398787,4011306,5.548867871853771
1583778,612561,3398883,4011444,5.548644135033083
1585497,613831,3403135,4016966,5.5440911260591275
1585540,613856,3403196,4017052,5.543964708335506
1585574,613882,3403253,4017135,5.543822754210092
1585951,614091,3404174,4018265,5.5434357448651745
1585978,614106,3404214,4018320,5.543365477621127
1586033,614135,3404344,4018479,5.543315394823614
1586038,614135,3404360,4018495,5.5433414477272915
1586330,614256,3404673,4018929,5.542759045088693
1586870,614391,3405415,4019806,5.542748835839067
1587249,614397,3405845,4020242,5.543394580377183
1587263,614404,3405854,4020258,5.5433460719656775
1587272,614407,3405880,4020287,5.543361322380767
1587292,614407,3405880,4020287,5.543361322380767
1587360,614451,3406040,4020491,5.543224764871406
1588215,614747,3407322,4022069,5.542641119029454
1588232,614755,3407347,4022102,5.542609657505835
1588250,614766,3407400,4022166,5.542596695327979
1588257,614766,3407416,4022182,5.542622721490779
1588292,614788,3407480,4022268,5.542528481362681
1588301,614790,3407517,4022307,5.542570633874981
1588320,614794,3407548,4022342,5.542584995949863
1588400,614839,3407712,4022551,5.54244607124792
1588511,614881,3408031,4022912,5.542586289054305
1588539,614910,3408123,4023033,5.542474508464653
1588574,614941,3408222,4023163,5.542356095950669
1588608,614941,3408286,4023227,5.542460170975752
1588838,614982,3408692,4023674,5.542750844740171
1588847,614982,3408711,4023693,5.542781739953364
1588867,614982,3408732,4023714,5.542815887294262
1588892,614982,3408759,4023741,5.542859791018274
1589034,615049,3409036,4024085,5.542706353477528
1589058,615049,3409068,4024117,5.542758381852503
1589156,615049,3409358,4024407,5.543229889000714
1589165,615057,3409386,4024443,5.543203312863686
1589206,615057,3409535,4024592,5.543445566833643
1589345,615114,3409731,4024845,5.543250519415913
1589908,615390,3411191,4026581,5.543136872552365
1590013,615425,3411254,4026679,5.542923995612788
1590086,615425,3411363,4026788,5.543101108989722
1590129,615453,3411587,4027040,5.543212885468102
1590191,615487,3411682,4027169,5.543061023222261
1590201,615508,3411731,4027239,5.542951513221599
1590287,615508,3411870,4027378,5.54317734294274
1590329,615524,3411917,4027441,5.5431096106731825
1590350,615524,3411963,4027487,5.543184343746142
1590580,615670,3412350,4028020,5.542498416359414
1590674,615705,3412533,4028238,5.542480571052696
1590704,615706,3412587,4028293,5.542559273419457
1590748,615729,3412641,4028370,5.542439937050228
1591381,615993,3413248,4029241,5.541049979464052
1592181,616056,3415652,4031708,5.544385575337307
1592186,616056,3415663,4031719,5.544403430856935
1592208,616063,3415697,4031760,5.544395621876334
1592294,616162,3415895,4032057,5.543826136632899
1592342,616182,3415983,4032165,5.543789010389787
1592358,616182,3416009,4032191,5.543831205715194
1592433,616218,3416141,4032359,5.543721540104314
1592482,616218,3416224,4032442,5.543856232696871
1592527,616236,3416324,4032560,5.543856574429277
1592633,616288,3416550,4032838,5.543755516901189
1592636,616288,3416554,4032842,5.543762007373176
1592664,616308,3416650,4032958,5.543737871324078
1592765,616346,3416873,4033219,5.543757889237539
1592795,616349,3416948,4033297,5.543852590009881
1592843,616349,3416985,4033334,5.543912620933919
1592856,616360,3417005,4033365,5.543846128885716
1592869,616371,3417036,4033407,5.5437974856052605
1592887,616380,3417062,4033442,5.543758720269963
1592908,616394,3417084,4033478,5.543668497746571
1592923,616403,3417105,4033508,5.54362162416471
1592949,616418,3417180,4033598,5.5436083956016855
1592957,616422,3417194,4033616,5.543595134502013
1593365,616422,3418301,4034723,5.5453909821518375
1593414,616439,3418421,4034860,5.545432719214715
1593602,616516,3418820,4035336,5.54538730543895
1593610,616516,3418840,4035356,5.545419745797352
1593623,616520,3418848,4035368,5.545396743009148
1593635,616524,3418891,4035415,5.545430510409976
1594815,616742,3420860,4037602,5.546662948202004
1595409,616855,3421267,4038122,5.546306668503943
1595503,616855,3421436,4038291,5.5465806388859615
1595632,616856,3421818,4038674,5.547190916518604
1595670,616908,3421887,4038795,5.546835184500768
1595689,616913,3421895,4038808,5.546803195912552
1595729,616946,3422006,4038952,5.546686419881157
1595757,616946,3422127,4039073,5.546882547256972
1595768,616958,3422147,4039105,5.546807076008416
1595917,616971,3422702,4039673,5.547589757055031
1596162,617028,3423659,4040687,5.548628263223063
1596264,617034,3423711,4040745,5.548658582833361
1596265,617034,3423713,4040747,5.548661824145833
1596351,617039,3423742,4040781,5.54866386079324
1596365,617048,3423786,4040834,5.548654237595779
1596389,617055,3423810,4040865,5.548630186936335
1596555,617161,3424371,4041532,5.548586187396806
1596587,617174,3424528,4041702,5.548723698665206
1596595,617178,3424533,4041711,5.548695838153661
1598132,617178,3427743,4044921,5.5538969308692145
1598149,617184,3427789,4044973,5.553917470316794
1598169,617190,3427851,4045041,5.55396393331065
1598179,617190,3427887,4045077,5.554022262188305
1598287,617262,3428076,4045338,5.553680608882452
1598290,617264,3428079,4045343,5.5536674745327765
1598569,617362,3428401,4045763,5.553307459804782
1598572,617362,3428410,4045772,5.55332203796152
1598579,617362,3428433,4045795,5.553359293250962
1598587,617366,3428440,4045806,5.553334650758221
1598594,617366,3428440,4045806,5.553334650758221
1598640,617366,3428495,4045861,5.553423738916623
1599058,617605,3429390,4046995,5.552723828336882
1599074,617605,3429416,4047021,5.552765926441658
1599098,617610,3429424,4047034,5.552733925940318
1599100,617610,3429435,4047045,5.552751736532763
1599110,617610,3429457,4047067,5.552787357717653
1599251,617684,3429802,4047486,5.552680658718698
1599321,617698,3429883,4047581,5.552685940378631
1599400,617749,3430042,4047791,5.552484908919318
1599425,617763,3430103,4047866,5.552457819584533
1600632,617763,3434205,4051968,5.559097906478698
1600643,617766,3434225,4051991,5.559103285062629
1600996,618207,3436538,4054745,5.558879145658331
1600998,618207,3436543,4054750,5.558887233564162
1601044,618207,3436598,4054805,5.558976200528302
1601145,618278,3436842,4055120,5.558732479564209
1601663,618295,3438607,4056902,5.561434266814385
1601699,618327,3438744,4057071,5.561368014012003
1601716,618334,3438783,4057117,5.561368127904983
1601751,618343,3438830,4057173,5.561363191626654
1601771,618350,3438867,4057217,5.561360071157112
1601823,618350,3439125,4057475,5.56177731058462
1601847,618370,3439184,4057554,5.5616928376214885
1601918,618404,3439291,4057695,5.561560080465197
1601984,618404,3439486,4057890,5.561875408309131
1602191,618496,3439666,4058162,5.561339119412252
1602246,618496,3439805,4058301,5.561563858133278
1602369,618576,3440068,4058644,5.561269755050309
1602400,618586,3440107,4058693,5.561242899128011
1602458,618613,3440234,4058847,5.561205470948719
1602463,618613,3440242,4058855,5.561218403105011
1602550,618651,3440327,4058978,5.56101420671752
1602555,618653,3440340,4058993,5.561017242298995
1602596,618672,3440397,4059069,5.560938591046629
1602603,618672,3440420,4059092,5.56097576745028
1602613,618672,3440440,4059112,5.5610080947578036
1602616,618674,3440441,4059115,5.5609917339341886
1602755,618674,3440764,4059438,5.56151381826293
1602776,618682,3440799,4059481,5.561498475792087
1602843,618712,3440905,4059617,5.561400134472905
1602896,618732,3441169,4059901,5.56164704589386
1603497,618732,3442057,4060789,5.563082239160089
1603513,618739,3442081,4060820,5.563058090729694
1603818,618824,3442343,4061167,5.562717347743462
1604172,618861,3443170,4062031,5.563721094074436
1604269,618896,3443405,4062301,5.563786161164396
1604595,618910,3443758,4062668,5.564230663585982
1604622,618917,3443794,4062711,5.564225897818286
1604646,618931,3443830,4062761,5.564158201802786
1604671,618945,3443873,4062818,5.564101818416822
1604758,618985,3444052,4063037,5.564031438564747
1604783,618994,3444087,4063081,5.564007082459604
1605037,619100,3444618,4063718,5.563912130512033
1605054,619100,3444622,4063722,5.563918591503795
1605089,619109,3444667,4063776,5.563910393807875
1605124,619116,3444706,4063822,5.563910478811725
1605150,619125,3444736,4063861,5.563878053704825
1605164,619136,3444757,4063893,5.5638131202191445
1605174,619140,3444772,4063912,5.563801401944633
1605193,619159,3444832,4063991,5.563727572400627
1605232,619159,3444884,4064043,5.5638115572898075
1605254,619169,3444941,4064110,5.563813756825681
1605256,619171,3444942,4064113,5.563797400072032
1605280,619179,3444986,4064165,5.5637965757882615
1605357,619238,3445180,4064418,5.563579754472432
1605860,619528,3446944,4066472,5.5638227812140855
1606014,619569,3447216,4066785,5.563893609912697
1606152,619662,3447628,4067290,5.563723449235228
1606208,619676,3447709,4067385,5.563728464552444
1606213,619676,3447721,4067397,5.5637478295109055
1606291,619705,3447825,4067530,5.563655287596518
1606312,619705,3447878,4067583,5.563740812160625
1606332,619710,3447916,4067626,5.563757241290281
1606399,619737,3448148,4067885,5.563889198159864
1606425,619757,3448193,4067950,5.563782256594116
1606450,619757,3448266,4068023,5.563900044694937
1606471,619777,3448311,4068088,5.563793106230144
1606482,619777,3448332,4068109,5.563826989384892
1606518,619779,3448371,4068150,5.563871960811838
1606558,619801,3448402,4068203,5.563724485762366
1606684,619828,3448612,4068440,5.563820930967946
1606715,619843,3448689,4068532,5.563810513307402
1606836,619843,3448871,4068714,5.564104136047354
1607404,620210,3449888,4070098,5.562451427742216
1607446,620219,3449978,4070197,5.562515821024509
1609233,620219,3449978,4070197,5.562515821024509
1609239,620219,3449992,4070211,5.56253839369642
1609281,620225,3450025,4070250,5.562537788705711
1609286,620225,3450037,4070262,5.562557136523036
1609302,620227,3450061,4070288,5.562577894867524
1609376,620237,3450224,4070461,5.5627510129192554
1609828,620245,3451047,4071292,5.564006158856581
1609893,620277,3451129,4071406,5.563851311591434
1610176,620436,3451952,4072388,5.563751942182594
1610191,620442,3451970,4072412,5.563727149354815
1610199,620448,3451987,4072435,5.563700745267935
1610262,620465,3452078,4072543,5.563694970707453
1610833,620465,3452976,4073441,5.565142272328012
1611095,620542,3453888,4074430,5.565921404191819
1611110,620545,3453910,4074455,5.56592994867415
1611239,620545,3454293,4074838,5.566547148071454
1611345,620595,3454460,4075055,5.566367759972285
1611518,620613,3454582,4075195,5.5664028952020015
1611533,620618,3454612,4075230,5.566406388470847
1611692,620654,3454854,4075508,5.5664734296403475
1611729,620654,3454934,4075588,5.566602325933612
1611853,620714,3455065,4075779,5.566275289424759
1612068,620813,3455663,4076476,5.5663508979354495
1612081,620813,3455691,4076504,5.566396000083762
1612095,620822,3455729,4076551,5.566376513718908
1612157,620847,3455821,4076668,5.5663005539206925
1612166,620847,3455843,4076690,5.566335989382247
1612342,620882,3456392,4077274,5.5669064331064515
1612409,620904,3456432,4077336,5.566773607514205
1612527,620972,3456584,4077556,5.566408791378677
1612533,620976,3456606,4077582,5.5664083636082555
1612537,620979,3456608,4077587,5.566384692558041
1612554,620979,3456631,4077610,5.566421730847581
1612564,620979,3456647,4077626,5.5664474966142174
1612568,620982,3456657,4077639,5.566436708310386
1612612,621019,3456743,4077762,5.5662435448834895
1612667,621020,3456849,4077869,5.566405268751409
1613013,621197,3457761,4078958,5.566287345238306
1613082,621228,3457895,4079123,5.566225282826917
1613704,621491,3458765,4080256,5.565269649922525
1613724,621508,3458813,4080321,5.5651946555796545
1613734,621509,3458818,4080327,5.5651937461887115
1613926,621509,3459365,4080874,5.566073862164506
1614181,621582,3459580,4081162,5.565766061436785
1614192,621587,3459608,4081195,5.565766336812064
1614230,621632,3459707,4081339,5.565522688664676
1614240,621636,3459732,4081368,5.5655270930255005
1614266,621645,3459768,4081413,5.56550442776826
1614316,621664,3459917,4081581,5.5655740078241625
1614411,621708,3460020,4081728,5.56534578934162
1614431,621720,3460069,4081789,5.565317184584701
1614437,621720,3460081,4081801,5.5653364858778875
1614500,621736,3460164,4081900,5.565326762484399
1614567,621778,3460293,4082071,5.565158304089241
1614705,621815,3460459,4082274,5.565094119633653
1614742,621843,3460548,4082391,5.564986660620124
1614748,621843,3460561,4082404,5.565007566218482
1614750,621843,3460572,4082415,5.56502525557094
1614851,621896,3460766,4082662,5.564862935281783
1614885,621896,3460796,4082692,5.5649111748588185
1615017,621915,3460999,4082914,5.565067573543009
1615026,621917,3461013,4082930,5.565072188089408
1616007,621989,3461210,4083199,5.564744714134816
1616201,622149,3461634,4083783,5.563995120140031
1616343,622191,3461970,4084161,5.564159558720714
1616349,622191,3461988,4084179,5.5641884887438104
1616396,622214,3462025,4084239,5.564042274844346
1616700,622441,3462890,4085331,5.56340279640962
1616762,622484,3463033,4085517,5.563248212002236
1616786,622506,3463110,4085616,5.563175294695955
1616823,622515,3463238,4085753,5.563300482719292
1616837,622518,3463250,4085768,5.563292948958906
1617312,622853,3464525,4087378,5.562347777083838
1617401,622853,3464829,4087682,5.562835853724716
1617437,622853,3464945,4087798,5.563022093495576
1617834,622903,3465627,4088530,5.563670427016726
1617847,622903,3465691,4088594,5.563773171745842
1617989,623017,3465995,4089012,5.563243057573068
1618003,623024,3466018,4089042,5.563217468347929
1618272,623193,3466728,4089921,5.5628481064453545
1618310,623193,3466785,4089978,5.56293957088735
1618330,623193,3466806,4089999,5.562973268313348
1618397,623220,3466937,4090157,5.56294246012644
1618552,623371,3467478,4090849,5.562462803049869
1618698,623394,3467658,4091052,5.562546319021357
1618866,623394,3467921,4091315,5.562968203094672
1618901,623403,3467936,4091339,5.562911952621338
1618927,623423,3467985,4091408,5.5628120874590765
1619377,623667,3468839,4092506,5.562005044358608
1619396,623679,3468888,4092567,5.561976593728504
1619470,623712,3469054,4092766,5.561948463393361
1619610,623733,3469188,4092921,5.561976037823877
1619655,623742,3469298,4093040,5.562072138800978
1619661,623742,3469314,4093056,5.562097790432583
1619662,623742,3469319,4093061,5.562105806567459
1619684,623767,3469383,4093150,5.5619854849647385
1619750,623782,3469465,4093247,5.561983192846219
1620026,623889,3470155,4094044,5.562135251623285
1620033,623889,3470178,4094067,5.5621721171554555
1620115,623925,3470262,4094187,5.561985815602837
1620360,623925,3471276,4095201,5.563611010938815
1620414,623940,3471319,4095259,5.563546174311632
1620646,623962,3472339,4096301,5.564984726633994
1621128,623962,3473494,4097456,5.566835800898132
1621148,623988,3473534,4097522,5.566667948742604
1621171,624002,3473610,4097612,5.566664850433171
1621315,624112,3473846,4097958,5.56606186069167
1621324,624122,3473888,4098010,5.566039972954006
1621333,624122,3473910,4098032,5.56607522247253
1621402,624170,3474091,4098261,5.565937164554528
1621584,624301,3474550,4098851,5.565504460188275
1621650,624313,3474598,4098911,5.565474369426874
1621913,624427,3475076,4099503,5.565223797177252
1621953,624442,3475163,4099605,5.565229436841212
1621986,624452,3475203,4099655,5.565204371192662
1622059,624490,3475313,4099803,5.565041874169322
1622109,624490,3475420,4099910,5.565213213982609
1622167,624490,3475517,4100007,5.565368540729235
1622209,624504,3475562,4100066,5.565315834646375
1622216,624504,3475579,4100083,5.565343056249439
1622244,624505,3475628,4100133,5.565412606784573
1622309,624533,3475711,4100244,5.565295989163102
1622347,624557,3475828,4100385,5.565269462995371
1622354,624557,3475851,4100408,5.5653062890977125
1622357,624557,3475857,4100414,5.565315895907019
1622381,624566,3475910,4100476,5.565320558595889
1622399,624580,3475937,4100517,5.565239040635307
1622470,624599,3476049,4100648,5.5652490637993335
1622688,624605,3476987,4101592,5.566697352726924
1623404,624618,3479920,4104538,5.571277164603005
1623704,624629,3480131,4104760,5.571516852403587
1623752,624629,3480239,4104868,5.571689755038591
1623806,624656,3480348,4105004,5.571623421531211
1623841,624676,3480405,4105081,5.571536284409838
1623866,624691,3480450,4105141,5.571474537011098
1623896,624701,3480481,4105182,5.571434974491797
1623905,624703,3480506,4105209,5.571457156440741
1623917,624711,3480525,4105236,5.571416222861451
1623930,624715,3480547,4105262,5.571415765589109
1624007,624715,3480566,4105281,5.5714461794578325
1624126,624715,3480823,4105538,5.571857567050575
1624410,624830,3481072,4105902,5.571230574716322
1624469,624866,3481148,4106014,5.571031229095518
1624603,624866,3481580,4106446,5.571722577320577
1624612,624879,3481603,4106482,5.571643470175826
1624741,624948,3481905,4106853,5.57151154976094
1624802,624965,3482035,4107000,5.5715680078084375
1624824,624976,3482052,4107028,5.571497145490387
1624835,624985,3482075,4107060,5.571453714889158
1624852,624998,3482126,4107124,5.571419428542171
1624871,625007,3482163,4107170,5.571398400337916
1624881,625007,3482188,4107195,5.571438399889921
1624899,625016,3482247,4107263,5.571452570814187
1625008,625016,3482451,4107467,5.571778962458561
1625059,625030,3482506,4107536,5.5717421563764935
1625164,625152,3482706,4107858,5.570974738943489
1625183,625161,3482755,4107916,5.5709729173764835
1625207,625176,3482789,4107965,5.570893636352003
1625315,625268,3483103,4108371,5.570576136952475
1625330,625277,3483169,4108446,5.570601509411029
1625339,625279,3483189,4108468,5.570615677161715
1625345,625279,3483203,4108482,5.570638067166817
1625547,625329,3483676,4109005,5.570949052418807
1626050,625329,3485408,4110737,5.573718794426614
1626094,625334,3485513,4110847,5.573842138761046
1626213,625334,3485740,4111074,5.574205144770635
1626220,625334,3485764,4111098,5.574243524260635
1626239,625334,3485785,4111119,5.574277106314385
1626259,625340,3485847,4111187,5.574322768413983
1626295,625351,3485902,4111253,5.5743126660067706
1626298,625353,3485905,4111258,5.574299635565833
1626584,625370,3486289,4111659,5.574762140812639
1626615,625370,3486437,4111807,5.57499880070998
1626629,625376,3486487,4111863,5.575025264800696
1626765,625473,3486845,4112318,5.574733042033789
1626772,625473,3486867,4112340,5.574768215414574
1626811,625473,3486983,4112456,5.574953675058715
1626820,625478,3487000,4112478,5.5749362887263825
1626833,625481,3487033,4112514,5.574962309006988
1627054,625619,3487416,4113035,5.574344768940841
1627157,625619,3487553,4113172,5.57456375205996
1627191,625633,3487598,4113231,5.574510935324703
1627272,625665,3487738,4113403,5.5744495856408784
1627341,625726,3487855,4113581,5.574093133416223
1627347,625726,3487873,4113599,5.574121900000959
1627383,625747,3487939,4113686,5.574040307025044
1627428,625758,3487982,4113740,5.574011039411402
1627474,625758,3488255,4114013,5.574447310302066
1627518,625770,3488294,4114064,5.574402735829458
1627542,625780,3488323,4114103,5.5743599987215955
1627589,625807,3488410,4114217,5.57425851740233
1627627,625807,3488501,4114308,5.574403929646041
1627649,625814,3488523,4114337,5.574376731744576
1627678,625848,3488618,4114466,5.574225690583017
1627837,625848,3489019,4114867,5.574866421239662
1627849,625853,3489035,4114888,5.574847448202693
1627882,625858,3489051,4114909,5.574828475468876
1627894,625863,3489078,4114941,5.574827078769635
1627900,625863,3489092,4114955,5.5748494478823645
1627941,625891,3489156,4115047,5.5747023043948545
1629499,627131,3492572,4119703,5.5691267055846385
1629665,627184,3492938,4120122,5.569239648970637
1629759,627204,3493218,4120422,5.569508485277518
1629869,627278,3493512,4120790,5.5693201419466325
1629876,627281,3493530,4120811,5.569322201692702
1629884,627287,3493546,4120833,5.569294437793227
1629929,627312,3493645,4120957,5.569230303262173
1629940,627317,3493664,4120981,5.569216201697069
1630128,627374,3493886,4121260,5.569064067047726
1630159,627374,3494037,4121411,5.569304752826863
1630161,627374,3494039,4121413,5.569307940717977
1630338,627462,3494433,4121895,5.56915478546908
1630359,627481,3494479,4121960,5.569059461561386
1630389,627502,3494528,4122030,5.56895117465761
1630982,627502,3495600,4123102,5.5706595357465
1631005,627521,3495613,4123134,5.57051158447287
1631352,627669,3496432,4124101,5.570502924312018
1631447,627721,3496619,4124340,5.570339370516519
1631459,627730,3496655,4124385,5.570316855973109
1631484,627739,3496707,4124446,5.570319830375363
1631542,627769,3496846,4124615,5.570275053403401
1631866,627864,3497591,4125455,5.570618796427252
1631897,627879,3497676,4125555,5.570621091006388
1631924,627887,3497703,4125590,5.570593116277292
1631925,627887,3497703,4125590,5.570593116277292
1631948,627898,3497770,4125668,5.570602231572644
1631972,627898,3497883,4125781,5.570782197108447
1632005,627898,3497983,4125881,5.5709414586445565
1632755,628270,3499629,4127899,5.570262785108313
1632757,628271,3499632,4127903,5.570258694098566
1632788,628277,3499712,4127989,5.57033283090102
1632822,628287,3499807,4128094,5.5703953766352
1632829,628287,3499830,4128117,5.570431984109173
1632863,628309,3499876,4128185,5.570310149942146
1632882,628322,3499932,4128254,5.570284026343181
1632940,628343,3500053,4128396,5.5702904305451
1632954,628355,3500085,4128440,5.570234978634689
1632990,628355,3500178,4128533,5.570382984141131
1633088,628376,3500260,4128636,5.570327319948566
1633194,628419,3500426,4128845,5.570210321457499
1633202,628419,3500447,4128866,5.570243738652078
1633422,628473,3500879,4129352,5.570452509495237
1633446,628492,3500936,4129428,5.5703748019067865
1633456,628496,3500945,4129441,5.570353669713093
1633487,628519,3500982,4129501,5.570208696952678
1633709,628650,3501326,4129976,5.569595164240834
1633729,628650,3501369,4130019,5.569663564781675
1633758,628657,3501416,4130073,5.5696763099750735
1633784,628682,3501469,4130151,5.569539131071035
1633821,628691,3501544,4130235,5.5695786960525915
1633827,628691,3501558,4130249,5.56960096454379
1634038,628787,3501863,4130650,5.569235687124575
1634096,628831,3502028,4130859,5.569108393193083
1634145,628847,3502122,4130969,5.56911617611279
1634203,628857,3502205,4131062,5.569159602262517
1634253,628894,3502344,4131238,5.569052972361002
1634398,628958,3502727,4131685,5.569095233703999
1634404,628958,3502741,4131699,5.569117492741964
1634448,628980,3502829,4131809,5.569062609303953
1634486,628987,3502877,4131864,5.569076944356561
1634493,628987,3502900,4131887,5.5691135110900545
1634501,628987,3502922,4131909,5.56914848796557
1634532,628998,3502958,4131956,5.5691083278484195
1634626,628998,3503085,4132083,5.56931023628056
1634663,629024,3503192,4132216,5.569250139899273
1634716,629038,3503252,4132290,5.569221573259485
1634803,629062,3503442,4132504,5.569311133083861
1634810,629062,3503465,4132527,5.569347695457681
1634847,629077,3503516,4132593,5.569295968538032
1634868,629077,3503548,4132625,5.569346836714742
1634871,629077,3503557,4132634,5.569361143389442
1634915,629112,3503699,4132811,5.569277012678188
1634917,629112,3503701,4132813,5.569280191762357
1634925,629112,3503726,4132838,5.569319930314475
1634944,629112,3503768,4132880,5.569386691082033
1634985,629144,3503856,4133000,5.56924328929466
1635064,629188,3504017,4133205,5.569109709657527
1635118,629188,3504017,4133205,5.569109709657527
1635198,629251,3504163,4133414,5.5687841576731705
1635206,629258,3504192,4133450,5.56876829535739
1635360,629362,3504435,4133797,5.568234180010868
1635371,629368,3504457,4133825,5.568216051658172
1635420,629381,3504545,4133926,5.568240858875625
1635928,629381,3505449,4134830,5.569677190763623
1636105,629419,3505722,4135141,5.569774665207119
1636149,629446,3505756,4135202,5.569589766238883
1636152,629447,3505764,4135211,5.569593627422166
1636156,629448,3505767,4135215,5.569589545125252
1636846,629566,3506510,4136076,5.569725811114323
1636915,629595,3506680,4136275,5.569739276836697
1637002,629635,3506890,4136525,5.569718964161776
1637007,629638,3506915,4136553,5.569732131796366
1637039,629645,3506990,4136635,5.569789325731166
1637105,629704,3507224,4136928,5.56963906851473
1637113,629704,3507246,4136950,5.5696740055645195
1637129,629713,3507276,4136989,5.569642043280034
1637245,629812,3507680,4137492,5.569408013819997
1637366,629863,3507896,4137759,5.569299990632883
1637420,629863,3508007,4137870,5.569476219431845
1637479,629898,3508135,4138033,5.569369961485828
1637523,629908,3508201,4138109,5.569386323082101
1637923,630026,3509097,4139123,5.569765374762311
1637946,630030,3509144,4139174,5.569804612478771
1637961,630034,3509175,4139209,5.569818454242152
1638158,630110,3509682,4139792,5.569951278348225
1638181,630116,3509710,4139826,5.569942677221337
1638199,630116,3509746,4139862,5.569999809558875
1638261,630116,3509810,4139926,5.570101378158943
1638304,630143,3509937,4140080,5.570064255256346
1638317,630152,3509969,4140121,5.570035483502393
1638337,630152,3509990,4140142,5.570068808795338
1638407,630196,3510164,4140360,5.569956013684632
1638857,630436,3511568,4142004,5.570062623327348
1638925,630436,3511756,4142192,5.570360829648053
1638932,630436,3511767,4142203,5.570378277890222
1638954,630436,3511834,4142270,5.570484553547069
1638988,630443,3511889,4142332,5.570509943008329
1639043,630444,3511987,4142431,5.570656553159361
1639129,630475,3512366,4142841,5.570983782069075
1639178,630492,3512525,4143017,5.571085755251454
1639198,630505,3512565,4143070,5.571034329624666
1639244,630541,3512716,4143257,5.570955734837227
1639302,630582,3512830,4143412,5.570774300566778
1639313,630585,3512849,4143434,5.570777928431536
1639331,630605,3512898,4143503,5.570678951165944
1639338,630605,3512921,4143526,5.570715424076878
1639389,630617,3513014,4143631,5.57075689364543
1639390,630617,3513016,4143633,5.570760065142551
1639397,630617,3513031,4143648,5.570783851370959
1639402,630617,3513043,4143660,5.5708028803536855
1639409,630617,3513058,4143675,5.570826666582094
1639424,630622,3513093,4143715,5.57083799804003
1639436,630622,3513125,4143747,5.570888741591635
1639512,630673,3513345,4144018,5.570787079833765
1640488,631354,3517358,4148712,5.571134419042249
1640804,631408,3517799,4149207,5.57135639713149
1640822,631416,3517845,4149261,5.571358660534418
1641211,631666,3519331,4150997,5.571506144069809
1641358,631666,3519797,4151463,5.57224387571913
1641515,631713,3520388,4152101,5.5727648473278215
1641554,631723,3520427,4152150,5.572738367923916
1641561,631723,3520450,4152173,5.572774776286442
1641568,631723,3520473,4152196,5.572811184648968
1641599,631745,3520521,4152266,5.572693096106815
1641653,631769,3520564,4152333,5.572549460324897
1641685,631787,3520636,4152423,5.5725046574241
1641728,631792,3520730,4152522,5.572609339782713
1642149,631878,3521529,4153407,5.573115379867633
1642160,631878,3521549,4153427,5.573147031547229
1642253,631899,3521736,4153635,5.573257751634359
1642264,631906,3521757,4153663,5.573229246122049
1642625,632078,3522511,4154589,5.572905559124032
1642627,632078,3522515,4154593,5.572911887456928
1642672,632078,3522684,4154762,5.573179259521768
1642712,632092,3522766,4154858,5.573185548939079
1642723,632092,3522776,4154868,5.573201369420907
1642757,632093,3522850,4154943,5.573309623742076
1642762,632096,3522854,4154950,5.573289500329064
1642769,632096,3522882,4154978,5.573333797397864
1642847,632134,3523008,4155142,5.573198087747218
1642889,632173,3523098,4155271,5.572996632250982
1642919,632187,3523145,4155332,5.572947561401927
1643073,632228,3523570,4155798,5.573258381469976
1643144,632251,3523752,4156003,5.573343498072759
1643196,632291,3523964,4156255,5.573326205813462
1643198,632293,3523965,4156258,5.573310158423389
1643211,632293,3523972,4156265,5.573321229240242
1643260,632325,3524070,4156395,5.5731941643933105
1643282,632325,3524137,4156462,5.5733001225635554
1643290,632325,3524159,4156484,5.5733349147985605
1643296,632325,3524172,4156497,5.573355473846519
1643461,632386,3524604,4156990,5.573500994645675
1643468,632386,3524620,4157006,5.573526295648544
1643540,632426,3524816,4157242,5.5734836961162255
1643626,632426,3525095,4157521,5.573924854449374
1643636,632426,3525117,4157543,5.573959641127974
1643780,632497,3525335,4157832,5.57367861033333
1643842,632501,3525451,4157952,5.573826760748204
1643870,632513,3525487,4158000,5.573777930255979
1643920,632534,3525643,4158177,5.57383950902244
1644137,632547,3525904,4158451,5.574137573966835
1644182,632570,3525950,4158520,5.574007619710072
1644189,632576,3525969,4158545,5.573984786017807
1644234,632600,3526024,4158624,5.5738602592475495
1645678,632892,3530033,4162925,5.577623038369896
1645679,632892,3530038,4162930,5.577630938611959
1645689,632899,3530067,4162966,5.577615069703064
1645702,632905,3530088,4162993,5.577595373713274
1645729,632933,3530206,4163139,5.5775350629529505
1645765,632942,3530235,4163177,5.577501572023977
1645819,632949,3530367,4163316,5.577648436129925
1645887,632967,3530546,4163513,5.577772616897879
1645909,632977,3530603,4163580,5.577774547890366
1646056,632997,3531033,4164030,5.578277622168826
1646230,633089,3531570,4164659,5.578315213184876
1646249,633106,3531614,4164720,5.578234924325469
1646258,633106,3531636,4164742,5.578269673640749
1646446,633169,3531875,4165044,5.578092104951443
1646822,633628,3532938,4166566,5.575728976623508
1646829,633628,3532938,4166566,5.575728976623508
1647003,633712,3533261,4166973,5.575499596031005
1647104,633756,3533493,4167249,5.575478575350766
1647111,633756,3533516,4167272,5.575514866920392
1647125,633756,3533523,4167279,5.575525912180713
1647160,633771,3533607,4167378,5.57552649142987
1647266,633812,3533712,4167524,5.575331486308243
1647289,633824,3533734,4167558,5.575260640177715
1647402,633826,3534067,4167893,5.5757684285592575
1647439,633843,3534151,4167994,5.575751408471814
1647444,633847,3534154,4168001,5.575720954741444
1647447,633847,3534163,4168010,5.575735153751615
1647511,633874,3534282,4168156,5.575685388578803
1647517,633874,3534296,4168170,5.5757074749871425
1647601,633910,3534461,4168371,5.5756511176665455
1647618,633921,3534480,4168401,5.575584339373518
1647645,633923,3534511,4168434,5.57561565048121
1647656,633923,3534523,4168446,5.575634580225043
1647671,633923,3534535,4168458,5.575653509968876
1647775,633923,3534865,4168788,5.57617407792429
1647781,633925,3534869,4168794,5.576162795283354
1647888,634001,3534970,4168971,5.57565366616141
1647908,634009,3534998,4169007,5.575627475319751
1647934,634019,3535068,4169087,5.575649941090093
1648099,634132,3535411,4169543,5.575197277538431
1648186,634145,3535796,4169941,5.575690102421371
1648247,634162,3535887,4170049,5.575684131184145
1648248,634162,3535892,4170054,5.5756920156048455
1648275,634177,3535942,4170119,5.575638977761729
1648428,634177,3536096,4170273,5.575881812175465
1648478,634177,3536293,4170470,5.576192451003426
1648785,634206,3537232,4171438,5.577418062900698
1648845,634228,3537356,4171584,5.577420107595376
1648859,634239,3537377,4171616,5.577356485488909
1648910,634239,3537592,4171831,5.57769547441895
1649384,634308,3538376,4172684,5.578324725527661
1649440,634321,3538440,4172761,5.578311296646335
1649447,634321,3538464,4172785,5.578349132379348
1649467,634334,3538515,4172849,5.578315209337667
1649491,634342,3538532,4172874,5.578271657875405
1649655,634367,3538790,4173157,5.5784585263735345
1649696,634383,3538889,4173272,5.578473887225855
1649776,634401,3539090,4173491,5.578632442256554
1649783,634411,3539103,4173514,5.578564999661103
1650394,634720,3540310,4175030,5.577750819258886
1650427,634724,3540315,4175039,5.577723545982191
1650697,634724,3540963,4175687,5.578744462159931
1650711,634739,3541010,4175749,5.578686672789918
1650731,634740,3541016,4175756,5.578687336547247
1650745,634751,3541044,4175795,5.578634771745141
1651196,634751,3542512,4177263,5.580947489645546
1651215,634752,3542533,4177285,5.580971781105061
1651310,634752,3542868,4177620,5.581499546279492
1651322,634752,3542889,4177641,5.581532630066546
1651360,634765,3542984,4177749,5.581567981851552
1651412,634787,3543109,4177896,5.581571456252255
1651413,634787,3543111,4177898,5.581574606915391
1651631,634843,3543693,4178536,5.581999013929428
1651696,634879,3543862,4178741,5.581948686285103
1652715,634879,3545367,4180246,5.584319216732637
1652803,634939,3545619,4180558,5.584188402350462
1652834,634951,3545679,4180630,5.584177361717676
1652898,634961,3545860,4180821,5.584374473392854
1652907,634961,3545880,4180841,5.584405971390368
1652921,634971,3545927,4180898,5.584392043101181
1652948,634982,3546005,4180987,5.584418140986673
1653132,635028,3546482,4181510,5.584764766278022
1653220,635054,3546635,4181689,5.584777042582205
1653234,635066,3546662,4181728,5.584714029722895
1653302,635072,3546753,4181825,5.584804557593469
1653316,635082,3546800,4181882,5.584790625462539
1653323,635082,3546823,4181905,5.584826841258294
1653353,635091,3546866,4181957,5.584815404406613
1653392,635114,3546970,4182084,5.584776906193219
1653397,635117,3546973,4182090,5.584755249820112
1653422,635117,3547005,4182122,5.584805634237471
1653483,635152,3547123,4182275,5.58468366627201
1653484,635152,3547128,4182280,5.584691538403406
1653527,635152,3547269,4182421,5.584913532508754
1653927,635234,3548249,4183483,5.58573533532525
1654354,635241,3551040,4186281,5.5900673917458095
1654378,635252,3551088,4186340,5.590046154911752
1654552,635362,3551515,4186877,5.589750410002487
1654563,635375,3551549,4186924,5.589689553413338
1654647,635410,3551740,4187150,5.58968225240396
1654667,635418,3551763,4187181,5.58964807418109
1654692,635427,3551809,4187236,5.589641296325149
1654697,635428,3551814,4187242,5.589640368381626
1654707,635432,3551837,4187269,5.589641377834292
1654719,635446,3551885,4187331,5.5895937656386225
1654887,635537,3552306,4187843,5.589455846001099
1655009,635604,3552620,4188224,5.589360671109684
1655020,635628,3552647,4188275,5.589192106074623
1655037,635635,3552660,4188295,5.589151006473841
1655212,635706,3552943,4188649,5.588971946151208
1655247,635706,3553009,4188715,5.589075767729107
1655589,635867,3553615,4189482,5.588613656629453
1655592,635867,3553624,4189491,5.588627810532706
1655595,635868,3553630,4189498,5.588628457478596
1655596,635868,3553635,4189503,5.588636320745815
1655630,635891,3553687,4189578,5.58851595635101
1655891,635891,3554013,4189904,5.589028622830013
1655956,635891,3554244,4190135,5.589391892635687
1656023,635926,3554433,4190359,5.589381468913049
1656030,635929,3554454,4190383,5.589388123516933
1656039,635929,3554472,4190401,5.589416428563566
1656165,635975,3554644,4190619,5.589282597586383
1656174,635983,3554687,4190670,5.589279902135749
1656243,636004,3554943,4190947,5.589497864793303
1656417,636107,3555271,4191378,5.589108436159325
1656510,636128,3555454,4191582,5.5892116052115295
1656681,636227,3555861,4192088,5.588981605621893
1656731,636227,3555982,4192209,5.589171789314191
1656881,636318,3556286,4192604,5.5888502289735635
1656956,636336,3556382,4192718,5.588843001181766
1657233,636459,3556967,4193426,5.5886820675015985
1657238,636460,3556989,4193449,5.5887078528108605
1657262,636470,3557026,4193496,5.58867817807595
1657322,636516,3557184,4193700,5.588522519465339
1657333,636516,3557210,4193726,5.588563366828171
1657405,636530,3557315,4193845,5.588605407443483
1657456,636550,3557452,4194002,5.588645039666955
1657465,636550,3557479,4194029,5.588687455816511
1657523,636565,3557657,4194222,5.588835389944467
1657676,636570,3558041,4194611,5.589394724853512
1657683,636570,3558061,4194631,5.589426143236407
1657818,636656,3558368,4195024,5.589153326129024
1657873,636656,3558446,4195102,5.589275841270639
1657905,636656,3558547,4195203,5.589434482671961
1657945,636671,3558606,4195277,5.589395464847621
1657949,636678,3558611,4195289,5.589341865118631
1657974,636692,3558654,4195346,5.58928649959478
1658015,636702,3558677,4195379,5.589234838275991
1658023,636703,3558701,4195404,5.589263754058014
1658073,636748,3558822,4195570,5.589058779925496
1658092,636756,3558835,4195591,5.589008976750907
1658152,636810,3558970,4195780,5.5887470360076
1658182,636810,3559025,4195835,5.588833403998053
1658199,636810,3559065,4195875,5.588896217082018
1658368,636911,3559619,4196530,5.588879764990713
1658392,636922,3559655,4196577,5.588839763738731
1658413,636922,3559687,4196609,5.588890005369574
1658420,636928,3559703,4196631,5.588862477391479
1658582,636950,3559913,4196863,5.58899913650993
1659347,637100,3561211,4198311,5.589720609009575
1659485,637162,3561475,4198637,5.5895910302246525
1659492,637162,3561495,4198657,5.589622419416099
1659513,637172,3561524,4198696,5.589580207542077
1659563,637172,3561606,4198778,5.589708901207209
1659577,637172,3561631,4198803,5.589748137080726
1659584,637172,3561651,4198823,5.589779525779538
1659617,637192,3561740,4198932,5.589743750706224
1659630,637192,3561754,4198946,5.589765722105739
1659654,637206,3561806,4199012,5.589724516090558
1659660,637206,3561820,4199026,5.589746487007341
1659751,637248,3561995,4199243,5.589652694084563
1659779,637252,3562012,4199264,5.58964428514936
1659904,637307,3562203,4199510,5.589461593862926
1659915,637307,3562233,4199540,5.589508666937598
1659970,637355,3562426,4199781,5.5893905280416725
1660057,637355,3562591,4199946,5.589649410454142
1660104,637357,3562711,4200068,5.589820147891998
1660219,637422,3562906,4200328,5.589556055486004
1660303,637422,3563215,4200637,5.590040820680805
1660324,637436,3563272,4200708,5.590007467416337
1660331,637439,3563300,4200739,5.590025084753208
1660348,637439,3563345,4200784,5.590095679743474
1660520,637446,3563875,4201321,5.590865736078037
1660535,637446,3563880,4201326,5.590873579879707
1660536,637446,3563884,4201330,5.590879854921044
1660895,637590,3564457,4202047,5.590515848742923
1660980,637590,3564654,4202244,5.5908248247306265
1661005,637593,3564672,4202265,5.590826749980003
1661216,637700,3565098,4202798,5.590556688097852
1661225,637706,3565127,4202833,5.590549563592
1661482,637875,3565648,4203523,5.5898851655888695
1661520,637894,3565706,4203600,5.589809592189298
1661583,637931,3565805,4203736,5.589640572413004
1661588,637931,3565821,4203752,5.589665653495441
1661633,637938,3565915,4203853,5.589751668657455
1661738,637984,3566193,4204177,5.589784383307419
1661744,637984,3566207,4204191,5.589806327431409
1661906,638055,3566600,4204655,5.589800252329344
1661917,638055,3566610,4204665,5.5898159249594475
1661953,638064,3566641,4204705,5.589785664134006
1661968,638071,3566665,4204736,5.589761954390656
1661975,638071,3566685,4204756,5.58979329886486
1662006,638084,3566765,4204849,5.589804790591835
1662030,638092,3566795,4204887,5.589781724265467
1662053,638092,3566827,4204919,5.589831873773687
1662084,638101,3566854,4204955,5.589795345877847
1662160,638121,3566958,4205079,5.58978312890502
1662244,638121,3567433,4205554,5.590527501837426
1662327,638137,3567616,4205753,5.5906741028964
1662386,638177,3567805,4205982,5.590619843711071
1662418,638181,3567866,4206047,5.590680386912177
1662482,638212,3568141,4206353,5.590839720970461
1662509,638233,3568193,4206426,5.5907372385946825
1662539,638252,3568278,4206530,5.590703985259741
1662640,638252,3568616,4206868,5.591233556651605
1662663,638264,3568659,4206923,5.591195806124111
1662688,638275,3568675,4206950,5.591124515295132
1662717,638285,3568701,4206986,5.591077653399344
1662784,638318,3568884,4207202,5.5910752947590385
1662802,638333,3568915,4207248,5.590992475714087
1662863,638352,3568963,4207315,5.590901258239968
1664129,638353,3568972,4207325,5.5909065987000925
1664296,638353,3569491,4207844,5.59171962848142
1664459,638388,3569714,4208102,5.591762376485773
1664648,638506,3569976,4208482,5.591139315840415
1664704,638510,3570077,4208587,5.59126247043899
1664720,638510,3570103,4208613,5.591303190239777
1664750,638521,3570196,4208717,5.5913525162054185
1664768,638540,3570244,4208784,5.591261314874558
1666846,638848,3576562,4215410,5.598455344620317
1666879,638848,3576596,4215444,5.5985085654177515
1666885,638848,3576610,4215458,5.598530479863755
1666897,638848,3576655,4215503,5.598600919154478
1666987,638885,3576918,4215803,5.598688339842068
1667069,638925,3577092,4216017,5.598610165512384
1667082,638925,3577107,4216032,5.598633642446297
1667111,638947,3577133,4216080,5.598481564198596
1667126,638956,3577165,4216121,5.598452788611422
1667235,638966,3577268,4216234,5.5985263691651825
1667266,638971,3577309,4216280,5.598546725907749
1667293,638971,3577396,4216367,5.598682882321733
1667317,638989,3577454,4216443,5.598615938615532
1667339,638989,3577507,4216496,5.598698882140381
1667460,639019,3577953,4216972,5.599133985061477
1667489,639035,3578018,4217053,5.599095511200482
1667714,639112,3578515,4217627,5.5991985755235385
1667922,639171,3578670,4217841,5.598924231543672
1667957,639195,3578736,4217931,5.598817262337784
1667993,639214,3578827,4218041,5.598793205405388
1667997,639214,3578837,4218051,5.598808849618438
1668031,639249,3578885,4218134,5.598577393159786
1668053,639251,3578892,4218143,5.598570827421467
1668067,639257,3578925,4218182,5.598569902245889
1668082,639261,3578966,4218227,5.598599007291232
1668191,639305,3579095,4218400,5.598415466795974
1668207,639305,3579121,4218426,5.598456135960144
1668232,639307,3579154,4218461,5.598490240213231
1668306,639352,3579325,4218677,5.598363655701398
1668315,639354,3579341,4218695,5.598371168398102
1668333,639364,3579351,4218715,5.598299247377081
1668367,639372,3579451,4218823,5.59838560337331
1668600,639446,3579704,4219150,5.5981333842107075
1668661,639458,3579785,4219243,5.598155000015638
1668664,639458,3579794,4219252,5.598169074434912
1668683,639464,3579864,4219328,5.598226014286966
1668796,639524,3580146,4219670,5.598141742921298
1668966,639524,3580491,4220015,5.598681206647444
1668976,639533,3580536,4220069,5.598672781545284
1668978,639535,3580536,4220071,5.598655272971769
1669023,639539,3580579,4220118,5.598687492084142
1669122,639539,3580836,4220375,5.599089344043131
1669163,639552,3580888,4220440,5.599056839787852
1669558,639670,3581250,4220920,5.598589897916113
1669597,639678,3581267,4220945,5.598546456185768
1669659,639718,3581395,4221113,5.598396480949418
1669687,639739,3581439,4221178,5.598281486668782
1669883,639745,3581906,4221651,5.598958960210709
1669970,639774,3582028,4221802,5.598895860100598
1670003,639781,3582079,4221860,5.598914315992504
1670004,639781,3582079,4221860,5.598914315992504
1670244,639910,3582846,4222756,5.5989842321576475
1670379,639949,3583117,4223066,5.599066488110771
1670887,640263,3584721,4224984,5.598825795024857
1670937,640286,3584790,4225076,5.598732441440231
1671448,640356,3585015,4225371,5.598471787568165
1671469,640366,3585058,4225424,5.598451510542408
1671506,640408,3585181,4225589,5.598276411287804
1671818,640458,3586009,4226467,5.599132183531161
1671849,640476,3586100,4226576,5.5991169068005675
1671852,640476,3586106,4226582,5.599126274833093
1672084,640506,3586519,4227025,5.599508825834574
1672148,640555,3586780,4227335,5.59948794404852
1672209,640586,3586900,4227486,5.599404295441986
1672479,640683,3587272,4227955,5.599137170800536
1673291,640683,3588979,4229662,5.601801514945769
1673315,640694,3589034,4229728,5.6017911826862745
1673420,640712,3589115,4229827,5.601760229244965
1673832,640895,3590011,4230906,5.601558757674814
1673881,640895,3590186,4231081,5.601831813323555
1673902,640911,3590255,4231166,5.601799625845086
1673955,640960,3590338,4231298,5.601500873689465
1674193,641049,3590817,4231866,5.601470402418536
1674199,641049,3590865,4231914,5.601545279690008
1674238,641063,3590969,4232032,5.601585179615732
1674239,641063,3590971,4232034,5.601588299433909
1674279,641073,3591028,4232101,5.601589834543024
1674308,641086,3591082,4232168,5.60156047706548
1674313,641088,3591094,4232182,5.601561720075871
1674356,641118,3591256,4232374,5.601552288346295
1674389,641126,3591310,4232436,5.601566618730172
1674428,641140,3591353,4232493,5.601511370371526
1674467,641145,3591368,4232513,5.6014910823604644
1674567,641206,3591485,4232691,5.601140663063041
1674573,641206,3591499,4232705,5.601162496919867
1674815,641206,3591499,4232705,5.601162496919867
1674846,641206,3591590,4232796,5.601304416989236
1674848,641206,3591595,4232801,5.601312214795245
1674878,641218,3591612,4232830,5.601233901730769
1675568,641515,3592865,4234380,5.600593906611692
1675587,641518,3592900,4234418,5.600622274043753
1675703,641593,3593277,4234870,5.600555180620736
1675948,641631,3593754,4235385,5.600966910888034
1675976,641636,3593769,4235405,5.60094664264474
1675987,641636,3593789,4235425,5.600977812965606
1676028,641644,3593853,4235497,5.601007723909208
1676327,641784,3594455,4236239,5.600723919574187
1676434,641857,3594837,4236694,5.600682083392407
1676467,641864,3594895,4236759,5.600711365647552
1676550,641917,3595093,4237010,5.600557392933977
1676598,641945,3595165,4237110,5.600425270077655
1676626,641963,3595215,4237178,5.600346125867067
1676634,641965,3595221,4237186,5.600338024658665
1676861,642034,3595628,4237662,5.6003700738590165
1676904,642044,3595717,4237761,5.600421466441552
1677127,642044,3596195,4238239,5.601165963703422
1677134,642044,3596215,4238259,5.601197114216471
1677206,642088,3596340,4238428,5.601007961525523
1677364,642193,3596664,4238857,5.600596705351818
1677381,642207,3596689,4238896,5.600513541583944
1677453,642207,3597007,4239214,5.601008709029955
1677502,642217,3597095,4239312,5.601058520718075
1677510,642223,3597112,4239335,5.6010326631092315
1677515,642223,3597124,4239347,5.60105134820771
1677723,642345,3597489,4239834,5.600555776101627
1677744,642354,3597517,4239871,5.600520896577277
1677888,642413,3597864,4240277,5.600546688812337
1677894,642413,3597879,4240292,5.6005700382775565
1677905,642423,3597886,4240309,5.600493755671886
1677910,642425,3597894,4240319,5.600488773008522
1677943,642459,3597955,4240414,5.600287333510776
1677960,642467,3597988,4240455,5.600268963230796
1677981,642467,3598067,4240534,5.600391926744876
1678107,642524,3598470,4240994,5.600522315119746
1678145,642539,3598546,4241085,5.600509852320248
1678176,642571,3598630,4241201,5.60036167209538
1678185,642573,3598650,4241223,5.600375365911733
1678223,642585,3598677,4241262,5.600312799084946
1678255,642610,3598761,4241371,5.600225642302485
1678410,642624,3599069,4241693,5.6005829225176775
1678504,642667,3599226,4241893,5.600452489391862
1678704,642814,3599539,4242353,5.599658688205297
1678755,642822,3599653,4242475,5.599766342782294
1678798,642843,3599746,4242589,5.599728082906712
1678810,642850,3599776,4242626,5.599713774597496
1678837,642854,3599793,4242647,5.599705376337395
1678854,642866,3599824,4242690,5.599649071501681
1678962,642931,3600131,4243062,5.599560450499354
1678981,642931,3600194,4243125,5.599658439241536
1678988,642931,3600218,4243149,5.5996957682861765
1679010,642940,3600276,4243216,5.599707593243537
1679022,642944,3600294,4243238,5.599700751542903
1679031,642946,3600327,4243273,5.599734658898259
1679056,642969,3600359,4243328,5.59958411680812
1679198,643042,3600510,4243552,5.599183257081186
1679279,643065,3600579,4243644,5.599090294138229
1679304,643077,3600675,4243752,5.599135095797237
1681024,643077,3617958,4261035,5.626010571051367
1681151,643156,3618300,4261456,5.625851270920275
1681206,643175,3618368,4261543,5.625790803436079
1681346,643247,3618498,4261745,5.625363196408222
1681347,643247,3618500,4261747,5.6253663056337615
1681374,643262,3618538,4261800,5.625294203605995
1681381,643262,3618551,4261813,5.625314413100727
1681411,643270,3618598,4261868,5.625317518304911
1681418,643272,3618616,4261888,5.625328010546083
1681472,643273,3618736,4262009,5.62550581168493
1681477,643276,3618754,4262030,5.625507558186532
1681707,643366,3618966,4262332,5.625050126988371
1681756,643366,3619153,4262519,5.625340785804658
1681758,643366,3619164,4262530,5.625357883382088
1681944,643366,3619516,4262882,5.625905005859806
1681963,643371,3619554,4262925,5.625920347668764
1682010,643387,3619650,4263037,5.625929650428125
1682090,643387,3619705,4263092,5.626015135524964
1682130,643410,3619766,4263176,5.6259088295177255
1682154,643423,3619808,4263231,5.625860437068615
1682348,643423,3620790,4264213,5.627386649218321
1682638,643481,3621037,4264518,5.627263275838758
1682692,643481,3621156,4264637,5.627448207483981
1682733,643481,3621213,4264694,5.627536788187996
1682754,643492,3621262,4264754,5.627516736804809
1682796,643507,3621350,4264857,5.627522311334609
1682831,643517,3621382,4264899,5.627484588596727
1682838,643517,3621398,4264915,5.62750945196475
1682848,643517,3621418,4264935,5.627540531174779
1682949,643570,3621648,4265218,5.627434467113135
1682956,643570,3621672,4265242,5.627471759093805
1682991,643590,3621768,4265358,5.6274460448422134
1683389,643775,3622365,4266140,5.62675624247602
1683417,643793,3622426,4266219,5.62669367327697
1683648,643814,3622776,4266590,5.627053776401259
1683789,643861,3622926,4266787,5.626875987208419
1684108,643861,3623478,4267339,5.627733315109938
1684162,643880,3623578,4267458,5.627722556998198
1684232,643892,3623705,4267597,5.627814913059954
1685012,644226,3624832,4269058,5.626646549502814
1685054,644245,3624942,4269187,5.626651351582084
1685098,644253,3625039,4269292,5.626732044709144
1685103,644255,3625055,4269310,5.626739412189273
1685108,644257,3625064,4269321,5.626735914394411
1685183,644292,3625158,4269450,5.626576148702762
1685229,644323,3625241,4269564,5.62643425735229
1685231,644323,3625252,4269575,5.626451329535032
1685243,644335,3625293,4269628,5.626410174831415
1685460,644389,3625776,4270165,5.626688227142301
1685594,644457,3626093,4270550,5.626586413057814
1685630,644480,3626150,4270630,5.626474056603773
1685636,644483,3626162,4270645,5.626466485539572
1685674,644493,3626203,4270696,5.626442800775183
1685717,644523,3626281,4270804,5.626301931816243
1685806,644574,3626426,4271000,5.626081722191711
1685826,644586,3626467,4271053,5.626040590394455
1685844,644596,3626518,4271114,5.6260324296148285
1685913,644651,3626688,4271339,5.62581613927536
1685919,644651,3626702,4271353,5.625837856452561
1686002,644651,3626702,4271353,5.625837856452561
1686035,644656,3626718,4271374,5.625819041473282
1686068,644656,3626788,4271444,5.625927626517088
1686109,644687,3626853,4271540,5.625757925939254
1686129,644702,3626865,4271567,5.625645647136197
1686347,644713,3627126,4271839,5.62595449448049
1686502,644789,3627365,4272154,5.625662038279189
1686621,644914,3627782,4272696,5.625218246153751
1686697,644955,3627927,4272882,5.625085471079378
1686761,644961,3628258,4273219,5.625546350864626
1687155,645040,3628701,4273741,5.625544152300632
1687233,645052,3628786,4273838,5.625571271773438
1687235,645054,3628786,4273840,5.625553829601863
1687297,645078,3628890,4273968,5.6255057527926855
1687318,645078,3628920,4273998,5.625552258796611
1687333,645094,3628954,4274048,5.62546543604498
1687340,645096,3628959,4274055,5.625455746121507
1687764,645175,3630483,4275658,5.627129073507188
1687770,645175,3630497,4275672,5.627150773046073
1688072,645175,3630659,4275834,5.6274018677103115
1688132,645188,3630752,4275940,5.627432624289354
1688151,645195,3630781,4275976,5.627416517486961
1688191,645232,3630852,4276084,5.627203858457113
1688203,645232,3630875,4276107,5.627239504550301
1688235,645243,3630951,4276194,5.6272613573490915
1688251,645256,3630966,4276222,5.627171231263251
1688269,645263,3630997,4276260,5.627158228505277
1688285,645265,3631021,4276286,5.627177981139532
1688348,645287,3631157,4276444,5.62719689068585
1688473,645288,3631529,4276817,5.627764657021361
1688540,645321,3631693,4277014,5.627731005189665
1688568,645335,3631734,4277069,5.627672449193055
1688714,645454,3632127,4277581,5.627243769501777
1688725,645458,3632143,4277601,5.6272336852281635
1689124,645458,3633032,4278490,5.628611001800272
1689144,645458,3633070,4278528,5.628669874724614
1689235,645491,3633296,4278787,5.628732236390593
1689301,645491,3633480,4278971,5.6290172907135805
1689421,645508,3633550,4279058,5.628977487498219
1689460,645529,3633582,4279111,5.628843940396171
1689513,645538,3633831,4279369,5.629151188620964
1689520,645545,3633838,4279383,5.629100992184898
1689582,645585,3633973,4279558,5.628961329646755
1689689,645634,3634102,4279736,5.628733926651942
1689722,645642,3634144,4279786,5.62872923384786
1689765,645664,3634226,4279890,5.628664444664717
1689784,645686,3634279,4279965,5.628554746424733
1690205,645811,3634725,4280536,5.62815591558521
1690252,645840,3634831,4280671,5.628067323176019
1690278,645847,3634880,4280727,5.6280821928413385
1691485,645847,3638982,4284829,5.634433542309556
1691508,645872,3639040,4284912,5.63430524933733
1691692,645902,3639694,4285596,5.635056092100659
1691934,645916,3639863,4285779,5.635195598189238
1691997,645930,3640001,4285931,5.6352871054139
1692029,645935,3640017,4285952,5.635268254545736
1692047,645945,3640070,4286015,5.635263064192772
1692132,646006,3640246,4286252,5.635003390061392
1692161,646032,3640346,4286378,5.634931396587166
1692250,646035,3640554,4286589,5.635227193573104
1692308,646035,3640724,4286759,5.6354903372108325
1692330,646044,3640785,4286829,5.635506250348273
1692373,646044,3640906,4286950,5.635693544092972
1692553,646142,3641335,4287477,5.635502722311814
1692648,646147,3641475,4287622,5.635675782755317
1692660,646147,3641507,4287654,5.635725307089563
1692748,646162,3641907,4288069,5.636213519210353
1692783,646173,3641923,4288096,5.636142333399879
1693320,646173,3642532,4288705,5.637084805462314
1693331,646173,3642544,4288717,5.6371033763403915
1693431,646239,3642767,4289006,5.636872735938252
1693441,646243,3642781,4289024,5.636859509503391
1693893,646243,3644141,4290384,5.638963981041187
1693925,646254,3644208,4290462,5.638971673676294
1693961,646266,3644247,4290513,5.638927314758939
1693971,646266,3644263,4290529,5.638952072366487
1693985,646267,3644307,4290574,5.639011430260249
1693999,646268,3644349,4290617,5.63906769327895
1694052,646297,3644414,4290711,5.638915235565073
1694067,646303,3644437,4290740,5.638898473316695
1694151,646320,3644496,4290816,5.638841440772373
1694194,646351,3644603,4290954,5.638736537887309
1694195,646351,3644608,4290959,5.638744273622227
1694310,646351,3644866,4291217,5.639143437543997
1694509,646487,3645516,4292003,5.638962577747116
1694539,646493,3645593,4292086,5.639029347572209
1694554,646496,3645616,4292112,5.6390387566203035
1694567,646499,3645645,4292144,5.63905744633789
1694895,646655,3646366,4293021,5.63881204042341
1695037,646685,3646748,4293433,5.639141158369221
1695048,646687,3646771,4293458,5.639159284166838
1695077,646694,3646810,4293504,5.6391585510303175
1695140,646713,3646923,4293636,5.639167606032351
1695196,646739,3647002,4293741,5.639063053256414
1695197,646739,3647004,4293743,5.639066145694013
1695422,646753,3647559,4294312,5.639802211972731
1695442,646779,3647609,4294388,5.63965280258017
1695508,646779,3647765,4294544,5.6398939977952285
1695585,646779,3647951,4294730,5.64018157670549
1696000,646789,3648939,4295728,5.641621919976994
1696024,646791,3648949,4295740,5.641619935960766
1696371,647003,3650211,4297214,5.641721908553747
1696525,647071,3650603,4297674,5.6417348328081465
1696573,647082,3650684,4297766,5.641764104085726
1696624,647091,3650797,4297888,5.641860263857788
1696630,647091,3650811,4297902,5.64188189914556
1696689,647136,3651095,4298231,5.6419284354447905
1696756,647168,3651223,4298391,5.641847248318829
1696764,647171,3651236,4298407,5.641841182624067
1696869,647246,3651479,4298725,5.6415628679049385
1696894,647256,3651540,4298796,5.641569950684119
1696965,647279,3651707,4298986,5.6416274898459555
1697022,647279,3651752,4299031,5.641697011644129
1697062,647297,3651819,4299116,5.641643634992901
1697076,647302,3651854,4299156,5.641654127439742
1697086,647302,3651871,4299173,5.641680390296956
1697166,647302,3651976,4299278,5.6418426020620975
1697250,647355,3652211,4299566,5.641743710946853
1697299,647367,3652289,4299656,5.641759620122744
1697377,647367,3652541,4299908,5.64214888926992
1697430,647391,3652637,4300028,5.642088011727071
1697500,647446,3652768,4300214,5.6418110545126545
1697524,647450,3652853,4300303,5.641907483203336
1697542,647465,3652905,4300370,5.641857088800167
1697675,647545,3653377,4300922,5.641888980688601
1697778,647609,3653571,4301180,5.641630984127769
1697942,647612,3653607,4301219,5.6416604386577145
1698377,647612,3655014,4302626,5.643833035830096
1698390,647619,3655038,4302657,5.643809091456551
1698620,647717,3655372,4303089,5.64347083680064
1698630,647717,3655392,4303109,5.643501714483332
1698997,647802,3655624,4303426,5.643119348195899
1699011,647803,3655647,4303450,5.643146141651088
1699035,647827,3655736,4303563,5.643074462780959
1699044,647827,3655752,4303579,5.643099160732726
1699142,647877,3655940,4303817,5.642953832286067
1699248,647940,3656146,4304086,5.642723091644288
1699524,647949,3657844,4305793,5.645265290941108
1699560,647949,3657969,4305918,5.645458207358913
1699569,647956,3657984,4305940,5.645420368049682
1699642,647974,3658050,4306024,5.645365400463599
1699729,648038,3658336,4306374,5.64524919834948
1699731,648039,3658337,4306376,5.645242030186455
1700013,648093,3658559,4306652,5.645114204288582
1700079,648100,3658585,4306685,5.645093349791699
1700105,648107,3658637,4306744,5.6451126125778615
1700138,648111,3658698,4306809,5.6451718918518585
1700194,648136,3658826,4306962,5.64515163484207
1700239,648136,3658941,4307077,5.645329066739079
1700433,648184,3659086,4307270,5.645134714834059
1700461,648196,3659119,4307315,5.645081117439787
1700511,648222,3659287,4307509,5.6451138653115756
1700579,648252,3659391,4307643,5.645013050480369
1700596,648260,3659405,4307665,5.6449649831857585
1700608,648268,3659424,4307692,5.644924629937002
1700686,648307,3659585,4307892,5.644833389119661
1700710,648314,3659608,4307922,5.644807917151257
1700712,648316,3659608,4307924,5.644790503396492
1700732,648333,3659646,4307979,5.644701102674089
1700953,648428,3660003,4308431,5.644424670125288
1701007,648464,3660099,4308563,5.644259357497101
1701396,648584,3660497,4309081,5.64382870992809
1701461,648595,3660667,4309262,5.643995097094489
1701661,648595,3661107,4309702,5.644673486536282
1701789,648595,3661487,4310082,5.645259368326922
1701794,648595,3661493,4310088,5.645268619092038
1701795,648595,3661498,4310093,5.645276328062967
1702133,648746,3661818,4310564,5.644455611287006
1702186,648771,3661910,4310681,5.6443799121724
1702201,648778,3661932,4310710,5.644352921954813
1702271,648815,3662046,4310861,5.644206746144895
1702830,648815,3663629,4312444,5.646646578762821
1702968,648914,3663886,4312800,5.646181158057924
1702971,648916,3663889,4312805,5.646168379266346
1702996,648935,3663953,4312888,5.646101689691571
1703033,648960,3664014,4312974,5.645978180473373
1703113,648960,3664108,4313068,5.646123027613412
1703157,648960,3664245,4313205,5.646334134615385
1703183,648966,3664357,4313323,5.646454513795792
1703211,648974,3664380,4313354,5.646420349659617
1703236,648992,3664412,4313404,5.646313051624674
1703271,649017,3664475,4313492,5.6461926266954485
1703407,649061,3664711,4313772,5.646173472138982
1704066,649061,3666122,4315183,5.6483473818331404
1704107,649083,3666190,4315273,5.648260700095365
1704213,649083,3666253,4315336,5.648357760101558
1706066,649329,3671629,4320958,5.654497180936012
1706079,649331,3671680,4321011,5.6545583069343675
1706094,649332,3671689,4321021,5.654563459062544
1706174,649332,3671981,4321313,5.655013151977725
1706227,649382,3672137,4321519,5.654817965388631
1706246,649392,3672173,4321565,5.654786323206938
1706252,649392,3672187,4321579,5.654807881834085
1706320,649392,3672412,4321804,5.6551543597703695
1706679,649392,3673129,4322521,5.656258469460664
1706698,649392,3673151,4322543,5.6562923473033235
1707019,649409,3673751,4323160,5.657068195851921
1707053,649409,3673769,4323178,5.657095913361226
1707165,649409,3674023,4323432,5.657487038214746
1707172,649415,3674037,4323452,5.657456326078085
1707300,649466,3674351,4323817,5.657495542491832
1707382,649504,3674617,4324121,5.6575740873035425
1707464,649534,3674799,4324333,5.65759298204559
1707491,649547,3674849,4324396,5.657556727996589
1707528,649563,3674926,4324489,5.6575359126058595
1707630,649589,3675034,4324623,5.657475726959662
1707637,649589,3675057,4324646,5.657511133963167
1707663,649620,3675105,4324725,5.657315045719035
1707934,649620,3675618,4325238,5.658104738154614
1707970,649637,3675674,4325311,5.658042876252431
1707984,649637,3675709,4325346,5.658096752494085
1708006,649648,3675749,4325397,5.658062520010836
1709472,650405,3678637,4329042,5.655917466809142
1709493,650405,3678662,4329067,5.655955904398029
1709509,650405,3678688,4329093,5.6559958794904714
1709517,650405,3678712,4329117,5.656032779575803
1709708,650425,3679113,4329538,5.656475381481339
1709751,650451,3679219,4329670,5.656412243197412
1709765,650453,3679237,4329690,5.656422523994816
1709794,650481,3679271,4329752,5.6562313119061125
1709805,650485,3679292,4329777,5.656228813885024
1709860,650504,3679401,4329905,5.6562311684478495
1710142,650671,3679932,4330603,5.655595531382219
1710171,650679,3679976,4330655,5.655593618358669
1710302,650761,3680371,4331132,5.655487959481285
1710334,650782,3680451,4331233,5.655428392303413
1710428,650782,3680793,4331575,5.655953913906654
1710495,650794,3680841,4331635,5.6559233797484305
1710544,650794,3680963,4331757,5.656110843062474
1710550,650794,3680977,4331771,5.656132355246053
1710581,650803,3681015,4331818,5.656112525602986
1712045,650803,3683101,4333904,5.659317796629702
1712070,650808,3683137,4333945,5.659329633317353
1712138,650857,3683410,4334267,5.659323015654745
1712144,650857,3683424,4334281,5.659344525756041
1712176,650873,3683504,4334377,5.659328317505873
1712191,650885,3683517,4334402,5.659243952464721
1712355,650894,3684450,4335344,5.660599114448742
1712417,650934,3684553,4335487,5.660409503882114
1712451,650940,3684596,4335536,5.660423387716226
1712537,650940,3684695,4335635,5.660575475466249
1712587,650980,3684821,4335801,5.660421211097115
1714886,651080,3689663,4340743,5.666988695705597
1715151,651080,3690488,4341568,5.668255821097254
1715160,651088,3690509,4341597,5.6682184282309
1715188,651088,3690615,4341703,5.668381232644435
1715218,651105,3690673,4341778,5.668322313605333
1715316,651157,3690807,4341964,5.668075441099458
1715347,651167,3690862,4342029,5.668072859957584
1715379,651176,3690883,4342059,5.668026770028379
1715441,651211,3690989,4342200,5.667884909806499
1715968,651470,3692449,4343919,5.667872657221361
1716019,651496,3692540,4344036,5.667786141434483
1716163,651543,3692969,4344512,5.668035724426477
1716190,651550,3693035,4344585,5.668076126160694
1716205,651553,3693058,4344611,5.668085328438362
1716219,651558,3693090,4344648,5.668090945088542
1716291,651558,3693189,4344747,5.668242888583979
1716692,651630,3693880,4345510,5.66867700995964
1716727,651630,3693940,4345570,5.668769086751684
1716911,651750,3694314,4346064,5.668299194476409
1716948,651766,3694409,4346175,5.6683058030029185
1717201,651812,3694963,4346775,5.668755714838021
1717241,651813,3695106,4346919,5.668966406009085
1717268,651824,3695183,4347007,5.6689888681607306
1717312,651847,3695252,4347099,5.66889469461392
1717321,651850,3695265,4347115,5.668888547978829
1717342,651850,3695329,4347179,5.668986730075938
1717674,651850,3696683,4348533,5.671063895067884
1717818,651850,3696858,4348708,5.671332361739664
1717854,651865,3696915,4348780,5.671289300698764
1717873,651865,3696930,4348795,5.67131231159826
1717903,651870,3696992,4348862,5.671363922254438
1717930,651889,3697043,4348932,5.671276858483576
1717959,651889,3697090,4348979,5.6713489566475275
1717981,651891,3697258,4349149,5.671589268758121
1718222,652020,3698035,4350055,5.671658844820711
1718434,652113,3698634,4350747,5.671768543181933
1718441,652113,3698657,4350770,5.671803813142814
1718846,652155,3699559,4351714,5.672821645161043
1718881,652174,3699595,4351769,5.67271157697179
1718888,652174,3699615,4351789,5.672742243634367
1719300,652331,3700761,4353092,5.6731337311886145
1719320,652331,3700825,4353156,5.67323184089059
1719352,652340,3700855,4353195,5.673199558512432
1719434,652360,3701070,4353430,5.673355202648844
1719444,652368,3701100,4353468,5.673331616510926
1719686,652368,3701273,4353641,5.67359680425772
1719691,652368,3701278,4353646,5.6736044686434655
1719730,652380,3701319,4353699,5.673562954106503
1719743,652387,3701332,4353719,5.673522004577038
1719913,652413,3701489,4353902,5.673536548168109
1720033,652453,3701773,4354226,5.673624000502718
1720644,652701,3702925,4355626,5.673233226239886
1720730,652701,3703024,4355725,5.6733849036542
1720746,652712,3703059,4355771,5.673342913873194
1720765,652712,3703118,4355830,5.673433305960362
1720768,652712,3703127,4355839,5.673447094583829
1720771,652714,3703143,4355857,5.673454223442427
1720779,652714,3703169,4355883,5.673494057121496
1720795,652716,3703182,4355898,5.673496589634696
1720816,652723,3703235,4355958,5.673516943634589
1720826,652731,3703268,4355999,5.6734979647052155
1720971,652731,3703549,4356280,5.673928463639692
1721080,652797,3703900,4356697,5.673892496442233
1721385,652797,3704739,4357536,5.675177735191798
1721429,652819,3704808,4357627,5.6750921771578335
1721432,652824,3704817,4357641,5.6750624977022905
1721536,652876,3705050,4357926,5.674967375121769
1721633,652937,3705256,4358193,5.674752694364081
1721640,652937,3705279,4358216,5.674787919814622
1721661,652944,3705316,4358260,5.674783748682889
1721752,652944,3705560,4358504,5.675157440760617
1721759,652951,3705577,4358528,5.67512263554233
1721784,652958,3705592,4358550,5.675084768086156
1721838,652980,3705684,4358664,5.67503445741064
1721854,652982,3705684,4358666,5.675017075508973
1721923,653014,3705855,4358869,5.675000842248405
1721946,653030,3705898,4358928,5.674927644978026
1722254,653053,3706763,4359816,5.676052326533988
1722626,653122,3707573,4360695,5.676692869019877
1722633,653122,3707596,4360718,5.676728084492637
1722687,653127,3707704,4360831,5.676849984765597
1722713,653139,3707788,4360927,5.6768742947519595
1722736,653152,3707845,4360997,5.676848574298172
1722759,653152,3707905,4361057,5.676940436529322
1722763,653152,3707907,4361059,5.676943498603694
1722823,653165,3708026,4361191,5.677012699700688
1722841,653170,3708093,4361263,5.677071818975152
1722896,653186,3708230,4361416,5.677142498461388
1722906,653186,3708257,4361443,5.677183834313657
1723008,653235,3708395,4361630,5.676969237716901
1723020,653235,3708426,4361661,5.677016693839124
1723069,653266,3708484,4361750,5.676836082086011
1723378,653460,3709264,4362724,5.676344382211612
1723413,653471,3709443,4362914,5.676522753113757
1723462,653504,3709566,4363070,5.676424321809813
1723595,653552,3709738,4363290,5.676270595147747
1723714,653602,3709964,4363566,5.676182141425516
1723730,653610,3709983,4363593,5.676141735897554
1724047,653745,3710443,4364188,5.675673236506589
1724055,653752,3710470,4364222,5.675653764730357
1724108,653783,3710694,4364477,5.675727267304289
1724139,653808,3710742,4364550,5.6755836575875485
1724229,653842,3710834,4364676,5.675429232138651
1724293,653870,3710961,4364831,5.675380427302063
1724299,653870,3710975,4364845,5.6754018382858975
1724308,653870,3710998,4364868,5.675437013473626
1724319,653873,3711027,4364900,5.675455325422521
1724339,653876,3711042,4364918,5.675452226416017
1724514,653932,3711210,4365142,5.675223111883192
1724534,653937,3711238,4365175,5.675222536727544
1724642,653937,3711795,4365732,5.676074300735392
1724671,653943,3711896,4365839,5.67617666983208
1724867,653943,3712224,4366167,5.676678242599126
1725094,653999,3712625,4366624,5.67680531621608
1725142,653999,3712752,4366751,5.676999506115453
1725176,654007,3712794,4366801,5.6769942829358095
1725192,654018,3712820,4366838,5.67693855520796
1725392,654021,3712826,4366847,5.676921689058914
1725400,654026,3712843,4366869,5.676904282092761
1725415,654033,3712875,4366908,5.676892450380944
1725418,654033,3712884,4366917,5.676906211154483
1725619,654052,3713243,4367295,5.677290184878267
1725661,654083,3713355,4367438,5.677192344090887
1726049,654083,3713355,4367438,5.677192344090887
1726062,654088,3713368,4367456,5.677168821320678
1726105,654088,3713540,4367628,5.677431782879368
1726132,654107,3713571,4367678,5.677314262039697
1726149,654120,3713602,4367722,5.677248822845961
1726155,654123,3713615,4367738,5.677242659255216
1726182,654140,3713651,4367791,5.677150151343749
1726214,654147,3713783,4367930,5.677291189900741
1726238,654147,3713850,4367997,5.677393613362134
1726276,654164,3713893,4368057,5.6773118056022644
1726377,654207,3714386,4368593,5.677692228912256
1726418,654237,3714520,4368757,5.677636697404763
1726441,654246,3714581,4368827,5.677651831268361
1726447,654246,3714595,4368841,5.677673229947145
1726844,654250,3714628,4368878,5.677688956820787
1726892,654270,3714718,4368988,5.677652956730402
1727037,654365,3714941,4369306,5.677169469638504
1727048,654373,3714974,4369347,5.677150493678682
1727079,654373,3715051,4369424,5.677268163570319
1727124,654398,3715105,4369503,5.677133793196189
1727173,654423,3715254,4369677,5.6771445991354215
1727191,654423,3715290,4369713,5.67719960942693
1727276,654475,3715498,4369973,5.677066350891936
1727315,654491,3715599,4370090,5.677081885006822
1727354,654503,3715661,4370164,5.6770725267875015
1727360,654503,3715675,4370178,5.677093917063788
1727411,654510,3715776,4370286,5.677187514323693
1727542,654708,3716106,4370814,5.675974632966147
1728268,654708,3716106,4370814,5.675974632966147
1728285,654708,3716133,4370841,5.67601587272494
1728468,654787,3716471,4371258,5.6758472602540975
1728583,654813,3716731,4371544,5.676018955029909
1728642,654823,3716748,4371571,5.675958236042412
1728654,654827,3716757,4371584,5.675937308632662
1728668,654833,3716797,4371630,5.675946386330561
1728673,654836,3716803,4371639,5.675929545718318
1728747,654852,3716940,4371792,5.676000073299005
1728971,654910,3717126,4372036,5.675781405078561
1729023,654910,3717288,4372198,5.676028767311539
1729054,654931,3717380,4372311,5.675987241404056
1730008,655723,3720667,4376390,5.6741444176885665
1730026,655723,3720770,4376493,5.6743014962110525
1730037,655729,3720794,4376523,5.674286176148988
1730047,655729,3720814,4376543,5.6743166765538815
1730080,655729,3720896,4376625,5.674441728213942
1730088,655729,3720896,4376625,5.674441728213942
1730116,655755,3720959,4376714,5.674312814999505
1730161,655784,3721113,4376897,5.6742967196515925
1730192,655799,3721170,4376969,5.674253849121453
1730228,655804,3721320,4377124,5.674439314185336
1730244,655804,3721351,4377155,5.674486584406316
1730253,655808,3721372,4377180,5.674483995315702
1730273,655808,3721393,4377201,5.67451601688299
1730295,655814,3721413,4377227,5.674494597553575
1730411,655814,3721757,4377571,5.675019136523465
1730518,655818,3722146,4377964,5.675577675513633
1730541,655823,3722207,4378030,5.675627417763635
1730598,655823,3722207,4378030,5.675627417763635
1730691,655864,3722428,4378292,5.675609577595355
1730706,655864,3722464,4378328,5.675664467023651
1730750,655877,3722540,4378417,5.675667846257759
1730760,655877,3722540,4378417,5.675667846257759
1730813,655894,3722673,4378567,5.67572351629989
1730868,655894,3722824,4378718,5.675953736426923
1730883,655894,3722862,4378756,5.676011672617832
1730908,655900,3722893,4378793,5.6760070132642175
1731007,655917,3723097,4379014,5.676170917966755
1731084,655975,3723345,4379320,5.676047105453714
1731097,655979,3723372,4379351,5.676053654156612
1731134,656002,3723465,4379467,5.675996414645077
1731180,656034,3723501,4379535,5.675774426325465
1731186,656034,3723515,4379549,5.675795766682825
1731223,656047,3723567,4379614,5.675762559694656
1731239,656056,3723622,4379678,5.675768531954589
1731331,656116,3723789,4379905,5.675504026726982
1731375,656143,3723842,4379985,5.675351257271662
1731597,656224,3724318,4380542,5.675376091090847
1731667,656225,3724600,4380825,5.6757971732256465
1731679,656236,3724637,4380873,5.675758416179545
1731707,656248,3724693,4380941,5.675739964159891
1731797,656285,3724840,4381125,5.675643965655165
1731827,656300,3724892,4381192,5.675593478592107
1731919,656349,3725097,4381446,5.675482098700539
1731948,656361,3725115,4381476,5.675405759940033
1731954,656363,3725123,4381486,5.67540065482058
1731960,656367,3725142,4381509,5.675395015288703
1731992,656381,3725188,4381569,5.675344045607658
1732066,656384,3725209,4381593,5.675350099941498
1732156,656413,3725295,4381708,5.675230380873018
1732184,656428,3725395,4381823,5.675253036128868
1732503,656629,3726184,4382813,5.674717382266089
1732841,656727,3726677,4383404,5.674621265761877
1732989,656784,3727117,4383901,5.674798716168482
1733039,656800,3727229,4384029,5.674830998781974
1733045,656800,3727243,4384043,5.674852314250914
1733470,656818,3727705,4384523,5.67540018696199
1733487,656831,3727726,4384557,5.675319831128555
1733492,656831,3727735,4384566,5.675333533283295
1733637,656935,3727958,4384893,5.674774521071339
1733667,656935,3728023,4384958,5.674873465411342
1733689,656937,3728030,4384967,5.67486684415705
1733940,657025,3728513,4385538,5.674841900993113
1734207,657196,3728999,4386195,5.67410483326131
1734334,657251,3729160,4386411,5.673874973183761
1734342,657251,3729160,4386411,5.673874973183761
1734376,657275,3729271,4386546,5.673836674147046
1734455,657313,3729415,4386728,5.673727737014177
1734481,657325,3729489,4386814,5.673736736013388
1734504,657333,3729526,4386859,5.673723972476659
1734545,657361,3729593,4386954,5.673584225410391
1734564,657378,3729626,4387004,5.673487704182373
1734631,657440,3729841,4387281,5.6732796909223655
1734665,657440,3729963,4387403,5.67346525918715
1734683,657445,3730009,4387454,5.673492079185331
1734724,657448,3730093,4387541,5.673593957240724
1734887,657516,3730312,4387828,5.673340268525785
1735041,657568,3730558,4388126,5.673265730692491
1735095,657592,3730648,4388240,5.673195537658609
1735101,657592,3730666,4388258,5.673222910254383
1736220,657696,3732463,4390159,5.675058081545274
1736353,657727,3732526,4390253,5.674886389033748
1736378,657739,3732617,4390356,5.674921207348204
1736450,657739,3732962,4390701,5.675445731513564
1736454,657739,3732969,4390708,5.675456374032861
1736899,657903,3734195,4392098,5.675905110631811
1736932,657920,3734358,4392278,5.676006201361868
1737108,657969,3734912,4392881,5.676425485091243
1737116,657972,3734945,4392917,5.676449757740451
1737129,657976,3734958,4392934,5.676435006747966
1737168,657989,3735007,4392996,5.676397325791161
1737179,657989,3735038,4393027,5.6764444390407744
1737697,658177,3736165,4394342,5.676535339278036
1737704,658177,3736185,4394362,5.676565726240813
1737714,658183,3736211,4394394,5.676553481326622
1738184,658357,3736694,4395051,5.675786845131137
1738197,658359,3736709,4395068,5.675792386828463
1738220,658369,3736778,4395147,5.675810981379743
1738331,658401,3736968,4395369,5.675823700146263
1738421,658459,3737309,4395768,5.675841624155794
1738452,658459,3737471,4395930,5.6760876531416535
1739507,658459,3740177,4398636,5.680197248423972
1739531,658473,3740227,4398700,5.680152413234863
1739555,658486,3740279,4398765,5.680119243233721
1739970,658556,3741324,4399880,5.681102290465807
1739971,658556,3741327,4399883,5.681106845887062
1739978,658561,3741338,4399899,5.681080416240865
1739982,658561,3741347,4399908,5.681094082400871
1740030,658599,3741515,4400114,5.681021380232888
1740065,658599,3741590,4400189,5.6811352583286645
1740071,658599,3741608,4400207,5.681162589071651
1740128,658633,3741731,4400364,5.681056066124837
1740133,658636,3741737,4400373,5.681039299400579
1740161,658640,3741754,4400394,5.681030608526661
1740179,658650,3741782,4400432,5.680986867076596
1740691,658775,3742422,4401197,5.68088042199537
1740715,658793,3742451,4401244,5.680769224931048
1740777,658827,3742582,4401409,5.680674896444742
1740849,658846,3742633,4401479,5.680588483499938
1740857,658846,3742655,4401501,5.6806218752181845
1741494,659030,3743606,4402636,5.680478885634948
1741835,659104,3743874,4402978,5.6802477302519785
1741899,659147,3744045,4403192,5.680136600788595
1741914,659158,3744115,4403273,5.680148007002873
1741996,659219,3744348,4403567,5.679975850210628
1742635,659456,3746153,4405609,5.680671644506988
1742640,659458,3746161,4405619,5.680666547376785
1743944,659660,3748101,4407761,5.681867931964952
1745151,659758,3752523,4412281,5.687726408774126
1745157,659758,3752537,4412295,5.687747628675969
1745239,659772,3752960,4412732,5.68826806836301
1745248,659774,3752976,4412750,5.688275076010877
1745255,659774,3752995,4412769,5.688303873750709
1745309,659803,3753087,4412890,5.688193294058984
1745314,659807,3753092,4412899,5.688166388049839
1745368,659821,3753201,4413022,5.688210893560527
1745679,659906,3754365,4414271,5.689242104178474
1745757,659906,3754529,4414435,5.689490624422266
1745893,659980,3754897,4414877,5.6894102851601565
1745952,659989,3755207,4415196,5.689802405797672
1745973,659996,3755255,4415251,5.689814786756283
1746022,660003,3755340,4415343,5.68988322780351
1746049,660010,3755392,4415402,5.689901668156543
1746084,660017,3755481,4415498,5.689976167280539
1746171,660051,3755584,4415635,5.689839118492359
1746194,660060,3755645,4415705,5.689853952670969
1746248,660081,3755785,4415866,5.689885029261561
1746271,660091,3755833,4415924,5.689871548013834
1746302,660100,3755891,4415991,5.6898818360854415
1746332,660109,3755948,4416057,5.689890608975184
1746975,660372,3757172,4417544,5.6894780517647625
1747318,660376,3757970,4418346,5.690651992198384
1747427,660376,3758083,4418459,5.690823106836105
1747433,660376,3758097,4418473,5.690844306879717
1747454,660381,3758105,4418486,5.690813333515047
1747550,660451,3758299,4418750,5.690503913235047
1747611,660451,3758417,4418868,5.690682579025545
1747759,660530,3758751,4419281,5.6905076226666464
1748285,660540,3759755,4420295,5.691941441850607
1748296,660540,3759771,4420311,5.691965664456354
1748458,660540,3760038,4420578,5.692369879189754
1748469,660540,3760063,4420603,5.692407727011234
1748885,660826,3760797,4421623,5.6910548313777
1749455,660909,3761503,4422412,5.691408348199222
1749527,660967,3761612,4422579,5.69107383575882
1749529,660967,3761616,4422583,5.691079887498166
1749553,660984,3761662,4422646,5.691003110514021
1749554,660984,3761664,4422648,5.691006136305871
1749576,660984,3761725,4422709,5.691098422957288
1749655,661021,3761847,4422868,5.690964432294889
1749720,661021,3762076,4423097,5.691310866069308
1750347,661037,3764123,4425160,5.694269760996737
1750367,661044,3764154,4425198,5.694256358124421
1750414,661061,3764265,4425326,5.694277835177086
1750729,661204,3764689,4425893,5.693687575997726
1750763,661216,3764739,4425955,5.693659863040216
1750830,661255,3764881,4426136,5.693538801218894
1751375,661284,3766837,4428121,5.696246998263984
1751386,661284,3766864,4428148,5.696287827922648
1751404,661302,3766893,4428195,5.696176633368718
1751457,661302,3766893,4428195,5.696176633368718
1751463,661302,3766911,4428213,5.696203852400265
1751538,661331,3767095,4428426,5.696232295174428
1751553,661336,3767144,4428480,5.696263321518865
1751711,661372,3767647,4429019,5.696713801007602
1751786,661372,3767753,4429125,5.696874073894873
1751797,661372,3767784,4429156,5.696920946154358
1751858,661409,3767934,4429343,5.696829042241639
1751870,661418,3767966,4429384,5.696799905657239
1751901,661431,3768041,4429472,5.69680132923918
1752121,661535,3768542,4430077,5.696663063934637
1752167,661549,3768567,4430116,5.696580298662684
1752407,661744,3769027,4430771,5.695596786672792
1752459,661774,3769160,4430934,5.695539564866555
1752492,661803,3769198,4431001,5.695347407007826
1752864,661904,3769783,4431687,5.695362167323358
1752914,661946,3769946,4431892,5.695247044320836
1752973,661965,3770035,4432000,5.695218025122174
1753035,661977,3770122,4432099,5.69524620946045
1753106,661989,3770236,4432225,5.695315178953124
1753134,661998,3770268,4432266,5.695286088477609
1753189,662049,3770425,4432474,5.6950845028087045
1753206,662063,3770447,4432510,5.694997303881957
1753407,662132,3770731,4432863,5.6948327523817
1753430,662147,3770816,4432963,5.694832114319026
1753458,662161,3770884,4433045,5.6948144031436465
1753502,662188,3770991,4433179,5.694743788772977
1754026,662188,3772255,4434443,5.696652612249089
1754075,662188,3772364,4434552,5.696817218071001
1754154,662236,3772519,4434755,5.696638358530795
1754174,662239,3772620,4434859,5.696765065180395
1754243,662239,3772897,4435136,5.6971833431736885
1754335,662279,3773264,4435543,5.697393394626736
1754364,662301,3773349,4435650,5.697332481756784
1754389,662308,3773399,4435707,5.697347759652609
1754435,662318,3773428,4435746,5.697305523932612
1754599,662318,3773781,4436099,5.697838500539016
1754679,662386,3773929,4436315,5.697476999815818
1754716,662418,3774038,4436456,5.697366315528866
1754717,662418,3774043,4436461,5.697373863632933
1754748,662425,3774098,4436523,5.69739668641733
1754824,662462,3774382,4436844,5.697507177770197
1754832,662462,3774382,4436844,5.697507177770197
1755012,662490,3774523,4437013,5.697479207233317
1755084,662540,3774656,4437196,5.697249977359857
1755252,662540,3775168,4437708,5.698022760889908
1755286,662540,3775282,4437822,5.698194825972771
1755328,662570,3775365,4437935,5.698062091552591
1755394,662570,3775589,4438159,5.698400169038743
1755458,662599,3775692,4438291,5.698306215373099
1755468,662599,3775721,4438320,5.698349982417722
1755520,662611,3775787,4438398,5.698346390265178
1755531,662614,3775811,4438425,5.6983568110544
1755541,662617,3775830,4438447,5.698359685912073
1755811,662624,3776203,4438827,5.698862401603322
1755817,662624,3776221,4438845,5.698889566330227
1755977,662675,3776448,4439123,5.698793526238352
1755996,662683,3776474,4439157,5.698763964067284
1756016,662683,3776511,4439194,5.698819797701163
1756024,662687,3776518,4439205,5.698795962498132
1756030,662687,3776532,4439219,5.69881708861046
1756032,662690,3776546,4439236,5.698812416061808
1756230,662793,3777384,4440177,5.69919115017811
1756282,662822,3777459,4440281,5.69905494989605
1756307,662838,3777493,4440331,5.698968677112658
1756345,662867,3777567,4440434,5.698830987211613
1756350,662868,3777573,4440441,5.698831441553975
1756377,662885,3777668,4440553,5.6988286052633566
1756458,662891,3777806,4440697,5.698985202695466
1756471,662891,3777856,4440747,5.6990606298773105
1756972,663159,3778925,4442084,5.6983694709715165
1757086,663194,3779189,4442383,5.69846681363221
1757631,663253,3779393,4442646,5.698267478624295
1757709,663314,3779637,4442951,5.698111301736432
1757776,663357,3779841,4443198,5.698049466576821
1757834,663357,3780058,4443415,5.698376590583954
1757841,663357,3780081,4443438,5.698411262713742
1757927,663381,3780282,4443663,5.698508097156838
1757955,663388,3780310,4443698,5.698490174679072
1757971,663388,3780354,4443742,5.698556500871285
1758090,663445,3780894,4444339,5.698880841667357
1758225,663449,3781179,4444628,5.699276055883723
1758248,663468,3781207,4444675,5.6991550459102776
1758326,663515,3781397,4444912,5.699037700730202
1758350,663540,3781504,4445044,5.6989842360671545
1758391,663547,3781615,4445162,5.699091398197867
1758652,663559,3782368,4445927,5.700123123942257
1758977,663559,3783089,4446648,5.701209688965111
1759010,663593,3783162,4446755,5.7010275876930585
1759172,663666,3783409,4447075,5.700772677822881
1759194,663666,3783472,4447138,5.7008676050905125
1759250,663684,3783614,4447298,5.700926947161601
1759939,664092,3785037,4449129,5.6995672286369965
1760064,664136,3785201,4449337,5.699436561186263
1760707,664577,3787759,4452336,5.699503594015441
1760769,664609,3787853,4452462,5.699370607379677
1760986,664736,3788642,4453378,5.6994686612429595
1760994,664736,3788642,4453378,5.6994686612429595
1761006,664739,3788674,4453413,5.699491078453348
1761034,664746,3788754,4453500,5.699551407605311
1761301,665055,3790056,4455111,5.698860996458939
1761633,665253,3791087,4456340,5.698714624360957
1761662,665273,3791221,4456494,5.698744725849388
1761691,665289,3791269,4456558,5.698679821851857
1761748,665328,3791416,4456744,5.698566721977731
1761793,665346,3791559,4456905,5.69862748103994
1761800,665350,3791569,4456919,5.69860825129631
1761801,665350,3791574,4456924,5.698615766138123
1761940,665363,3791701,4457064,5.6986952986565225
1761963,665365,3791740,4457105,5.69873678356992
1762019,665402,3791904,4457306,5.698666370104087
1762030,665405,3791916,4457321,5.698658711611725
1762122,665427,3792159,4457586,5.698835484583583
1762269,665455,3792560,4458015,5.699198292897341
1762310,665455,3792674,4458129,5.699369604255735
1762377,665495,3792902,4458397,5.699369642146071
1762386,665495,3792928,4458423,5.699408710809247
1762409,665511,3792957,4458468,5.699315263008425
1762527,665511,3793147,4458658,5.699600757913844
1762536,665519,3793172,4458691,5.6995698094269285
1762609,665551,3793347,4458898,5.699558711503702
1762643,665569,3793417,4458986,5.6995097427915065
1762674,665590,3793499,4459089,5.699453116783605
1762764,665601,3793867,4459468,5.699911809026729
1762948,665606,3794229,4459835,5.700412856855257
1762958,665606,3794245,4459851,5.700436895100104
1762985,665628,3794275,4459903,5.700293557362371
1763027,665636,3794358,4459994,5.700349740699121
1763092,665656,3794429,4460085,5.700285132260507
1763107,665661,3794455,4460116,5.700281374453363
1763148,665670,3794559,4460229,5.700360539005814
1763223,665728,3794775,4460503,5.700188365218227
1763228,665732,3794782,4460514,5.700164630812399
1763265,665761,3794830,4460591,5.69998843428798
1763358,665761,3794830,4460591,5.69998843428798
1763374,665766,3794866,4460632,5.6999996995941515
1763437,665801,3794998,4460799,5.699898317965879
1765752,665801,3798028,4463829,5.704449227321677
1765761,665803,3798048,4463851,5.70446213069031
1765808,665835,3798104,4463939,5.704272079419075
1765811,665837,3798128,4463965,5.704290990137226
1765865,665861,3798230,4464091,5.704238572314642
1765884,665868,3798300,4464168,5.704283731910829
1766192,665875,3798761,4464636,5.704916087854327
1766218,665882,3798822,4464704,5.704947723470525
1766574,665993,3800587,4466580,5.706647066861063
1766600,666011,3800654,4466665,5.706593434642971
1766654,666049,3800829,4466878,5.706530600601457
1766659,666053,3800838,4466891,5.706509842309846
1767372,666658,3802845,4469503,5.7043416564415335
1767374,666658,3802855,4469513,5.704356656636536
1767548,666695,3803109,4469804,5.704421062104861
1767595,666695,3803248,4469943,5.704629553243987
1767612,666705,3803276,4469981,5.704585986305787
1767648,666729,3803339,4470068,5.704475131575197
1767667,666731,3803343,4470074,5.704464019222145
1767944,666839,3803860,4470699,5.704315434460192
1767967,666843,3803898,4470741,5.704338202545427
1768248,666843,3804259,4471102,5.7048795593565504
1768291,666893,3804376,4471269,5.704627279038767
1768351,666933,3804540,4471473,5.70453103984958
1768368,666935,3804568,4471503,5.704555916243712
1768542,667032,3805079,4472111,5.704492438143897
1768884,667157,3805424,4472581,5.703940751577215
1769172,667170,3806011,4473181,5.7047094443695014
1769178,667170,3806025,4473195,5.704730428526463
1769201,667170,3806105,4473275,5.704850337994814
1769217,667176,3806128,4473304,5.704833507200499
1769278,667218,3806272,4473490,5.704690221187079
1769289,667218,3806292,4473510,5.704720196397579
1769346,667250,3806370,4473620,5.704563506931435
1769472,667314,3806646,4473960,5.704429998471484
1769526,667332,3806725,4474057,5.704394514274754
1769579,667347,3806877,4474224,5.704494063807884
1769611,667378,3806936,4474314,5.7043174932347185
1769740,667378,3806936,4474314,5.7043174932347185
1769773,667384,3806951,4474335,5.704288685374537
1769813,667406,3807034,4474440,5.704225014458965
1769929,667466,3807286,4474752,5.704089796334196
1769997,667466,3807286,4474752,5.704089796334196
1770057,667512,3807488,4475000,5.703999328851017
1770460,667617,3807931,4475548,5.703765781877933
1770492,667635,3808006,4475641,5.703724340395575
1770850,667797,3809044,4476841,5.703895045949593
1770939,667867,3809244,4477111,5.703596674188124
1770941,667867,3809244,4477111,5.703596674188124
1771033,667917,3809582,4477499,5.703675756119398
1771114,667962,3809731,4477693,5.703514571188181
1771121,667962,3809751,4477713,5.703544513011219
1771200,667999,3809927,4477926,5.703492071095915
1771224,668010,3809947,4477957,5.7034280923938265
1771244,668018,3809994,4478012,5.7034301470918445
1771300,668047,3810144,4478191,5.703407095608543
1771309,668047,3810166,4478213,5.703440027423221
1771424,668075,3810290,4478365,5.703386595816338
1771461,668075,3810401,4478476,5.7035527448265535
1771468,668075,3810424,4478499,5.703587172098941
1771481,668079,3810431,4478510,5.703563500723717
1771491,668079,3810448,4478527,5.70358894681617
1771631,668138,3810796,4478934,5.7036061412462695
1771684,668180,3810915,4479095,5.7034257236074115
1771757,668244,3811079,4479323,5.703124906471289
1771878,668342,3811343,4479685,5.702683655972541
1771959,668396,3811576,4479972,5.7025715294526
1771966,668396,3811591,4479987,5.702593971238607
1772006,668400,3811686,4480086,5.7027019748653505
1772025,668410,3811749,4480159,5.702710910967819
1772031,668410,3811766,4480176,5.702736344459239
1772051,668426,3811808,4480234,5.702662673205411
1772554,668499,3812453,4480952,5.7030047913310264
1772826,668635,3812839,4481474,5.702422098753431
1772844,668656,3812874,4481530,5.70229535067359
1773162,668896,3813374,4482270,5.700996866478496
1773181,668898,3813458,4482356,5.701105400225446
1773193,668914,3813493,4482407,5.701021357005534
1773235,668923,3813512,4482435,5.700973056689634
1773250,668935,3813534,4482469,5.700903675244979
1773271,668946,3813633,4482579,5.700957924854921
1773277,668946,3813642,4482588,5.700971378855693
1773345,668965,3813752,4482717,5.700973892505587
1773378,669003,3813815,4482818,5.700744241804596
1773405,669015,3813873,4482888,5.700728683213381
1773540,669067,3814146,4483213,5.7006936525041585
1773637,669067,3814215,4483282,5.700796781189328
1773697,669078,3814310,4483388,5.700845043477741
1773703,669078,3814324,4483402,5.7008659677944875
1773736,669090,3814408,4483498,5.700889267512592
1773747,669090,3814418,4483508,5.700904213185073
1773892,669185,3814823,4484008,5.700700105352032
1773920,669188,3814960,4484148,5.700879274583525
1774012,669188,3815204,4484392,5.701243895586891
1774045,669188,3815271,4484459,5.701344016927979
1774157,669246,3815467,4484713,5.701142778589637
1774168,669254,3815478,4484732,5.701091065574506
1774198,669269,3815521,4484790,5.701027539001507
1774237,669284,3815580,4484864,5.700987921420503
1774268,669284,3815629,4484913,5.701061133987963
1774315,669310,3815717,4485027,5.700971149392658
1774637,669437,3817139,4486576,5.702013781730021
1774651,669448,3817157,4486605,5.701946977211075
1774819,669508,3817566,4487074,5.702046876213577
1775110,669606,3818305,4487911,5.702315988805357
1775118,669609,3818324,4487933,5.702318815905999
1775138,669614,3818339,4487953,5.702298637722628
1775157,669616,3818361,4487977,5.702314460825309
1775190,669628,3818408,4488036,5.702282461306875
1775281,669628,3818523,4488151,5.702454198450483
1775293,669637,3818547,4488184,5.70241339710918
1775355,669699,3818691,4488390,5.702100495894424
1775398,669730,3818829,4488559,5.702042614187807
1775487,669749,3818871,4488620,5.70194356393216
1775662,669874,3819159,4489033,5.701309499995522
1775663,669874,3819161,4489035,5.701312485631626
1775736,669876,3819170,4489046,5.701308898960405
1775760,669876,3819265,4489141,5.701450716251963
1775772,669876,3819302,4489178,5.701505950354991
1775865,669939,3819513,4489452,5.701284743834886
1776037,669958,3819686,4489644,5.701381280617591
1776048,669964,3819717,4489681,5.701376491871205
1776053,669968,3819733,4489701,5.701366333914455
1776135,670018,3819890,4489908,5.701175192308266
1776180,670018,3819989,4490007,5.701322949532699
1776199,670018,3820089,4490107,5.701472199254348
1776259,670067,3820189,4490256,5.7012045064150305
1776463,670118,3820631,4490749,5.70143019587595
1776483,670118,3820652,4490770,5.701461533640344
1776500,670118,3820687,4490805,5.701513763247667
1776507,670118,3820704,4490822,5.701539131914081
1776524,670120,3820721,4490841,5.7015474840327105
1776564,670140,3820813,4490953,5.701514608887695
1776575,670150,3820834,4490984,5.7014608669700815
1777018,670150,3821699,4491849,5.7027516227710215
1777094,670221,3821874,4492095,5.702408608503762
1777122,670224,3821929,4492153,5.702465145981045
1777194,670268,3822201,4492469,5.70249661329498
1777281,670268,3822338,4492606,5.702701009148579
1777353,670300,3822468,4492768,5.702622706250932
1777361,670300,3822493,4492793,5.702660002983738
1777530,670335,3822842,4493177,5.702882886914751
1777710,670458,3823122,4493580,5.702254279910151
1777736,670468,3823172,4493640,5.702243805819219
1777743,670468,3823195,4493663,5.702278110215551
1777846,670471,3823206,4493677,5.702269001940427
1777852,670471,3823220,4493691,5.7022898827838935
1777910,670487,3823314,4493801,5.702294004208881
1777930,670498,3823375,4493873,5.702291431145208
1777942,670502,3823409,4493911,5.702308121377714
1778030,670530,3823578,4494108,5.702322043756431
1778073,670539,3823640,4494179,5.7023379699018255
1778114,670562,3823681,4494243,5.702203524804567
1778227,670629,3823900,4494529,5.701960398372274
1778359,670629,3823900,4494529,5.701960398372274
1778406,670655,3823983,4494638,5.701863103980437
1778682,670841,3824467,4495308,5.70100366554817
1778688,670841,3824481,4495322,5.701024534874881
1778737,670857,3824582,4495439,5.7010391186199145
1778750,670867,3824613,4495480,5.701000347311762
1778952,670867,3824707,4495574,5.701140464503396
1779004,670886,3824759,4495645,5.701056513327153
1779142,670968,3825423,4496391,5.701349393711772
1779243,671066,3825756,4496822,5.701013015113268
1779245,671066,3825767,4496833,5.701029406943579
1779281,671066,3825870,4496936,5.701182894081954
1779314,671073,3825938,4497011,5.701224754981947
1779326,671080,3825968,4497048,5.70120998986708
1779474,671080,3825968,4497048,5.70120998986708
1779498,671089,3825996,4497085,5.701175253952903
1779514,671097,3826036,4497133,5.701166895396642
1779527,671102,3826053,4497155,5.701149750708536
1779539,671107,3826067,4497174,5.7011281360498405
1779548,671109,3826082,4497191,5.701133496943119
1780073,671112,3828167,4499279,5.704214795741993
1780253,671216,3828370,4499586,5.703633405639914
1780396,671358,3828797,4500155,5.7030630453498725
1780517,671404,3829085,4500489,5.703101262429178
1780528,671410,3829109,4500519,5.703086042805439
1780658,671466,3829465,4500931,5.7031405908862105
1780674,671474,3829494,4500968,5.703115831737342
1780742,671544,3829622,4501166,5.702711959305719
1780753,671544,3829642,4501186,5.702741741419773
1780882,671605,3829929,4501534,5.7026511118886845
1780892,671605,3829950,4501555,5.702682380268164
1781047,671605,3830176,4501781,5.703018887590176
1781094,671646,3830366,4502012,5.702953639268305
1783331,671675,3841285,4512960,5.718963784568429
1783440,671742,3841439,4513181,5.718622625948653
1783480,671775,3841560,4513335,5.71852182650441
1783543,671791,3841607,4513398,5.718455591099017
1783608,671828,3841717,4513545,5.7183043874324975
1783680,671828,3841895,4513723,5.718569336199146
1783708,671841,3841921,4513762,5.71849738256522
1783723,671846,3841940,4513786,5.718483104759127
1783918,671846,3842192,4514038,5.7188581907163245
1783989,671875,3842342,4514217,5.718834604651163
1784022,671886,3842430,4514316,5.718871951491771
1784072,671886,3842571,4514457,5.719081808521088
1784083,671894,3842581,4514475,5.719028596772705
1784133,671918,3842684,4514602,5.718977613339723
1784146,671922,3842688,4514610,5.718949520926536
1784202,671936,3842778,4514714,5.718964306124393
1784291,671967,3842937,4514904,5.718937090660702
1784308,671989,3842991,4514980,5.718830218947036
1784330,672001,3843028,4515029,5.718783156572684
1784330,672001,3843028,4515029,5.718783156572684
1784356,672001,3843054,4515055,5.7188218469912995
1784369,672001,3843094,4515095,5.718881370712246
1784414,672015,3843206,4515221,5.718928892956258
1784423,672016,3843223,4515239,5.718945679864765
1784572,672081,3843528,4515609,5.71884638905132
1784802,672088,3843743,4515831,5.71910672411946
1784803,672088,3843744,4515832,5.719108212019854
1784920,672107,3843841,4515948,5.7190908590447656
1785012,672117,3844127,4516244,5.719431289492752
1785042,672117,3844204,4516321,5.719545852879781
1785069,672136,3844231,4516367,5.71942434269255
1848431,672138,4034311,4706449,6.002206392139709
1848475,672152,4034437,4706589,6.002268832049894
1848504,672152,4034524,4706676,6.002398267058641
1848520,672166,4034565,4706731,6.002334244814525
1848549,672184,4034602,4706786,6.002228556466682
1848625,672204,4034725,4706929,6.002232953091621
1848730,672295,4035034,4707329,6.00188012702757
1849975,672552,4038026,4710578,6.004035375703292
1850005,672578,4038070,4710648,6.003868696270172
1850011,672578,4038084,4710662,6.003889511699758
1850019,672578,4038105,4710683,6.0039207348441375
1850098,672607,4038300,4710907,6.003951787596621
1850753,672997,4039517,4712514,6.002280842262298
1850988,672997,4040231,4713228,6.00334176823968
1851021,673023,4040339,4713362,6.003270319142139
1851085,673054,4040516,4713570,6.003256796631474
1851146,673078,4040676,4713754,6.003280451894134
1851176,673093,4040747,4713840,6.003252150891481
1851430,673315,4041315,4714630,6.00211639425826
1851430,673332,4041477,4714809,6.002205449911782
1851466,673347,4041544,4714891,6.002171243058928
1851796,673453,4041710,4715163,6.001473005540104
1851805,673457,4041739,4715196,6.0014804211701716
1851850,673487,4041921,4715408,6.0014833248451716
1851900,673511,4042039,4715550,6.001444668312767
1852317,673673,4043325,4716998,6.001910422415623
1852358,673674,4043404,4717078,6.002018780597143
1852366,673678,4043416,4717094,6.002000955946313
1852387,673683,4043424,4717107,6.001968284786762
1852463,673735,4043697,4717432,6.001910246610314
1852486,673743,4043751,4717494,6.0019191294009735
1852501,673743,4043758,4717501,6.001929519119308
1852610,673835,4043984,4717819,6.00144545771591
1852667,673865,4044072,4717937,6.001308867503135
1852718,673877,4044196,4718073,6.0013860096130305
1852742,673880,4044220,4718100,6.001394907105123
1852763,673896,4044248,4718144,6.001293968208745
1852783,673902,4044267,4718169,6.001268730468229
1852911,673902,4044459,4718361,6.001553638362848
1852925,673903,4044480,4718383,6.001575894453653
1852934,673903,4044501,4718404,6.001607056208386
1853003,673944,4044600,4718544,6.001388839428795
1853500,674221,4045925,4720146,6.000888432724581
1853566,674269,4046069,4720338,6.000674804862748
1853575,674269,4046098,4720367,6.00071781440345
1853603,674279,4046146,4720425,6.000700006970408
1853703,674299,4046362,4720661,6.000842356284082
1853714,674306,4046381,4720687,6.000808238396218
1853770,674339,4046573,4720912,6.000799301241661
1853809,674352,4046640,4720992,6.000782973877144
1853962,674364,4046886,4721250,6.001040980835276
1853968,674364,4046904,4721268,6.001067672651565
1854020,674375,4046990,4721365,6.001097312326228
1854052,674395,4047033,4721428,6.000983103374136
1854083,674430,4047106,4721536,6.00077991785656
1854095,674430,4047135,4721565,6.000822917130021
1854187,674437,4047199,4721636,6.000855528388864
1854200,674445,4047221,4721666,6.000816968025561
1854251,674456,4047299,4721755,6.000834746818176
1854253,674461,4047301,4721762,6.000793225998241
1854635,674482,4048016,4722498,6.001666464042035
1854673,674485,4048121,4722606,6.001795443931296
1854721,674530,4048260,4722790,6.00160111485034
1854763,674530,4048324,4722854,6.00169599573036
1854818,674530,4048588,4723118,6.002087379360444
1854832,674530,4048597,4723127,6.002100721984196
1854899,674557,4048754,4723311,6.002093225628079
1854932,674580,4048860,4723440,6.002045717335231
1855043,674609,4048940,4723549,6.001906289420983
1855215,674670,4049317,4723987,6.00192242133191
1855242,674679,4049349,4724028,6.001889787587875
1855329,674714,4049501,4724215,6.001803727208862
1855332,674714,4049507,4724221,6.0018126198656025
1855456,674797,4049755,4724552,6.001441915124104
1855459,674798,4049760,4724558,6.001440431062333
1855493,674804,4049953,4724757,6.0016730784049885
1855504,674809,4049962,4724771,6.0016419460914125
1855525,674816,4049996,4724812,6.001630073975721
1855526,674816,4049998,4724814,6.001633037746585
1855548,674829,4050033,4724862,6.0015692864414545
1855671,674846,4050094,4724940,6.001508492307875
1855679,674853,4050116,4724969,6.001478840577133
1855812,674924,4050709,4725633,6.001726120274283
1855920,674969,4050952,4725921,6.001686003357191
1856116,674969,4051425,4726394,6.002386776281577
1856124,674975,4051447,4726422,6.002366013556058
1856174,675006,4051511,4726517,6.00218516576149
1856306,675053,4051791,4726844,6.002182050890819
1856375,675095,4051887,4726982,6.0019508365489305
1856385,675095,4051907,4727002,6.00198046200905
1856391,675097,4051910,4727007,6.001967124724299
1856449,675097,4052119,4727216,6.002276709865397
1856856,675105,4053898,4729003,6.004840728479274
1856865,675105,4053934,4729039,6.004894053517601
1856895,675112,4053953,4729065,6.004859934351633
1856917,675123,4053979,4729102,6.00480060670426
1856932,675125,4054008,4729133,6.004825773004999
1856956,675141,4054046,4729187,6.004739750659492
1856962,675141,4054065,4729206,6.004767892929032
1856971,675141,4054091,4729232,6.0048064034031405
1857027,675178,4054207,4729385,6.00464914437378
1857041,675184,4054235,4729419,6.004637254437309
1857048,675184,4054258,4729442,6.004671319225574
1857203,675315,4054697,4730012,6.004156578781754
1857209,675315,4054711,4730026,6.0041773098479965
1857220,675336,4054741,4730077,6.004035028489522
1857240,675347,4054794,4730141,6.0040157134036285
1857280,675377,4054942,4730319,6.0039681540828305
1857330,675399,4055076,4730475,6.003970986039364
1857448,675443,4055257,4730700,6.00384784504392
1857454,675449,4055267,4730716,6.003809317949986
1857454,675621,4056341,4731962,6.003870513201928
1857583,675640,4056571,4732211,6.004042093422533
1857669,675695,4056903,4732598,6.0040447243208845
1858001,675851,4057466,4733317,6.003491893923365
1858074,675859,4057716,4733575,6.0037907314987295
1858077,675860,4057728,4733588,6.003799603468174
1858319,675865,4058234,4734099,6.004503858018983
1858458,675928,4058427,4734355,6.004229740445728
1858489,675942,4058487,4734429,6.004194146835084
1858501,675951,4058510,4734461,6.0041482296793705
1858590,676007,4058656,4734663,6.00386682386425
1858596,676007,4058670,4734677,6.00388753370897
1858639,676007,4058808,4734815,6.00409167360693
1860101,676518,4062245,4738763,6.0046369793560554
1860132,676533,4062304,4738837,6.004591054686172
1860369,676602,4062569,4739171,6.004370368399739
1860444,676636,4062722,4739358,6.004294775920879
1860504,676651,4062762,4739413,6.004220787377836
1860508,676651,4062772,4739423,6.004235566045125
1860569,676703,4062968,4739671,6.004063821203689
1860615,676719,4063067,4739786,6.004068158275444
1860635,676719,4063162,4739881,6.004208541506888
1861000,676729,4064185,4740914,6.005631500940554
1861018,676729,4064195,4740924,6.005646277904449
1861019,676729,4064200,4740929,6.005653666386397
1861196,676835,4064636,4741471,6.005357287965309
1862115,676903,4065960,4742863,6.0067099717389345
1862122,676908,4065974,4742882,6.006686285285445
1862291,676969,4066278,4743247,6.0065940981049355
1862302,676972,4066288,4743260,6.006582251555455
1862308,676972,4066304,4743276,6.006605886210951
1862314,676979,4066319,4743298,6.006565934836974
1862359,676998,4066397,4743395,6.0065125746309445
1862395,677013,4066468,4743481,6.006484365883669
1862582,677045,4066774,4743819,6.006652438168807
1862701,677087,4067312,4744399,6.007074423227738
1862712,677093,4067336,4744429,6.007056637714465
1862757,677105,4067382,4744487,6.0070181138818945
1862832,677143,4067563,4744706,6.006948310770398
1862850,677153,4067609,4744762,6.006927533363951
1862907,677175,4067756,4744931,6.006949459150146
1862914,677175,4067779,4744954,6.006983423782627
1862953,677188,4067892,4745080,6.007034974039706
1863124,677257,4068209,4745466,6.006891032503171
1863197,677287,4068278,4745565,6.00672683810556
1863228,677295,4068339,4745634,6.006745952649879
1863256,677307,4068397,4745704,6.006725163035374
1863275,677316,4068444,4745760,6.006714738763
1863283,677318,4068462,4745780,6.006723577403819
1863311,677318,4068520,4745838,6.006809209263595
1863361,677338,4068588,4745926,6.006732237081044
1863523,677427,4068961,4746388,6.006493688618847
1863562,677434,4069006,4746440,6.006498049994538
1863582,677434,4069027,4746461,6.006529049324362
1864931,677473,4069963,4747436,6.0075648771242545
1864935,677475,4069964,4747439,6.007548618030186
1864972,677496,4070009,4747505,6.007428826148051
1864978,677496,4070023,4747519,6.007449490476697
1865004,677515,4070084,4747599,6.007371054515398
1865009,677515,4070096,4747611,6.0073887663003775
1865131,677548,4070219,4747767,6.007277713165709
1865137,677548,4070237,4747785,6.007304279549198
1865146,677548,4070254,4747802,6.007329370022493
1865275,677549,4070636,4748185,6.007884300618848
1865302,677549,4070662,4748211,6.007922674227252
1865310,677549,4070684,4748233,6.007955144203593
1865434,677625,4070928,4748553,6.0076413945766465
1865504,677625,4071049,4748674,6.007819959417081
1865532,677635,4071085,4748720,6.007784426719399
1865540,677635,4071107,4748742,6.007816892574911
1865560,677650,4071150,4748800,6.007747362207629
1866701,677667,4073115,4750782,6.010496305707671
1866725,677678,4073166,4750844,6.010474000926694
1866885,677743,4073358,4751101,6.010180850263301
1866908,677759,4073420,4751179,6.010130444597563
1866951,677790,4073524,4751314,6.010008999837708
1867757,678248,4075070,4753318,6.008230027954377
1868135,678353,4075499,4753852,6.007932448150152
1868141,678353,4075513,4753866,6.007953086372434
1868306,678353,4075761,4754114,6.008318677738582
1868746,678572,4076579,4755151,6.007585046244172
1868999,678668,4077000,4755668,6.007355584763094
1869052,678707,4077131,4755838,6.0072034029411805
1870461,678708,4077140,4755848,6.007207812490791
1870707,678712,4077566,4756278,6.007800068364785
1870714,678716,4077573,4756289,6.007774975100042
1870728,678716,4077617,4756333,6.007839803393466
1870808,678739,4077754,4756493,6.00783806441062
1870841,678767,4077796,4756563,6.007652110370716
1870858,678772,4077809,4756581,6.007627008774669
1870930,678805,4078032,4756837,6.007663467417005
1871372,678821,4079064,4757885,6.009042148077328
1871415,678843,4079124,4757967,6.008935792222944
1871442,678864,4079162,4758026,6.008805887482618
1871459,678871,4079179,4758050,6.008768970835401
1871519,678905,4079279,4758184,6.00861534382572
1871570,678916,4079294,4758210,6.008540084487624
1871981,679150,4081094,4760244,6.009120223809173
1871997,679160,4081117,4760277,6.00906561045998
1872093,679195,4081378,4760573,6.009140232186633
1872144,679195,4081502,4760697,6.009322801257371
1872171,679214,4081544,4760758,6.009216535583778
1872174,679214,4081553,4760767,6.009229786194042
1872207,679224,4081601,4760825,6.0092119830865816
1872212,679226,4081608,4760834,6.009204594641548
1872232,679234,4081629,4760863,6.009164735569774
1872248,679234,4081655,4760889,6.009203013983399
1872260,679241,4081661,4760902,6.009149918806433
1872562,679485,4082531,4762016,6.008272441628586
1872586,679492,4082586,4762078,6.008291488347177
1872660,679558,4082802,4762360,6.0080258050085495
1872714,679581,4082882,4762463,6.0079401866738475
1872787,679588,4082923,4762511,6.007938633407299
1872998,679632,4083401,4763033,6.008252995738871
1873024,679644,4083461,4763105,6.008235193719065
1873054,679659,4083507,4763166,6.0081702736225076
1873094,679659,4083615,4763274,6.008329176837208
1873100,679659,4083633,4763292,6.008355660706325
1873780,679872,4084277,4764149,6.0074205144497785
1873978,680032,4085126,4765158,6.007255540915722
1873994,680037,4085145,4765182,6.007239311978613
1874002,680037,4085172,4765209,6.007279015700616
1874043,680062,4085247,4765309,6.007168464051807
1874055,680067,4085270,4765337,6.007158118244232
1874373,680260,4086392,4766652,6.007103166436362
1874379,680260,4086406,4766666,6.0071237468026935
1874407,680274,4086458,4766732,6.007076560327162
1874581,680327,4086613,4766940,6.006836418369402
1874597,680327,4086639,4766966,6.006874635285679
1874630,680335,4086687,4767022,6.006874554447442
1875165,680484,4087938,4768422,6.0073976757719505
1875251,680508,4088152,4768660,6.0075002792031835
1875347,680539,4088373,4768912,6.007551367372039
1875362,680539,4088411,4768950,6.00760720546508
1875525,680548,4089340,4769888,6.008892833422477
1876175,680902,4091071,4771973,6.008311034480733
1876195,680913,4091097,4772010,6.008252155561724
1876218,680925,4091152,4772077,6.00822704409443
1876267,680949,4091320,4772269,6.008261999063072
1876301,680958,4091364,4772322,6.008247204673416
1876363,680972,4091497,4772469,6.008318991089208
1876783,681147,4092304,4773451,6.007960102591658
1876808,681158,4092373,4773531,6.007964378308704
1876830,681165,4092407,4773572,6.007952551878033
1876947,681210,4092564,4773774,6.007786145241555
1877126,681298,4092956,4774254,6.007585520579834
1877140,681303,4092967,4774270,6.007557577171978
1877185,681347,4093081,4774428,6.007336936979248
1877236,681385,4093140,4774525,6.0070885035625965
1877273,681402,4093200,4774602,6.007026689091021
1877462,681564,4093621,4775185,6.00621658420926
1877602,681629,4093881,4775510,6.006025271812086
1877624,681629,4093904,4775533,6.006059014507892
1877642,681629,4093947,4775576,6.006122098678313
1877765,681668,4094285,4775953,6.006274315355863
1877814,681675,4094449,4776124,6.006453221843254
1877869,681687,4094471,4776158,6.0063797607993115
1877889,681704,4094503,4776207,6.006276917841174
1877896,681711,4094513,4776224,6.006229912675606
1877901,681713,4094521,4776234,6.006224026826539
1877959,681748,4094659,4776407,6.006118096422725
1878121,681854,4095099,4776953,6.0058296937467555
1878154,681859,4095115,4776974,6.005809118894082
1878162,681859,4095133,4776992,6.005835517313697
1879587,682457,4097724,4780181,6.004369506064118
1879598,682457,4097724,4780181,6.004369506064118
1879642,682476,4097769,4780245,6.004268281961563
1879694,682496,4097842,4780338,6.004199292010503
1879797,682496,4098011,4780507,6.004446912509377
1879838,682508,4098110,4780618,6.004486394298675
1879966,682508,4098449,4780957,6.004983091773283
1879982,682514,4098482,4780996,6.00497865245255
1879991,682522,4098502,4781024,6.0049375697779706
1880091,682522,4098563,4781085,6.005026944186414
1880154,682522,4098764,4781286,6.005321440188008
1880178,682522,4098847,4781369,6.005443047989662
1880188,682522,4098876,4781398,6.005485537462529
1880199,682529,4098893,4781422,6.005448852722742
1880264,682537,4099050,4781587,6.005608487158938
1880315,682572,4099189,4781761,6.005504181243883
1881070,683116,4103098,4786214,6.006444000726084
1882078,683116,4104345,4787461,6.008269459359758
1882087,683120,4104383,4787503,6.008289905141117
1882100,683120,4104424,4787544,6.008349923878674
1882270,683120,4104769,4787889,6.0088549595971426
1882290,683127,4104805,4787932,6.008846085720518
1882317,683145,4104839,4787984,6.00873753009976
1882333,683145,4104865,4788010,6.008775589369753
1882465,683211,4105262,4788473,6.008776205301144
1882472,683211,4105262,4788473,6.008776205301144
1882478,683214,4105270,4788484,6.008761530062323
1882527,683216,4105312,4788528,6.008805414393105
1882657,683217,4105697,4788914,6.00936013009044
1882744,683217,4106092,4789309,6.009938277296964
1882771,683233,4106134,4789367,6.0098590085666235
1882820,683269,4106202,4789471,6.009641883357799
1883014,683348,4106453,4789801,6.009314434226778
1883614,683483,4106901,4790384,6.008782954367556
1883663,683516,4106987,4790503,6.008618671691665
1883670,683516,4107010,4790526,6.0086523212331535
1883966,683650,4107705,4791355,6.008491187010898
1883990,683650,4107737,4791387,6.008537994587874
1884067,683677,4107924,4791601,6.008574224377886
1884173,683677,4108365,4792042,6.009219265822896
1884218,683677,4108524,4792201,6.009451831786063
1884232,683688,4108545,4792233,6.009385860216941
1884272,683714,4108603,4792317,6.009242168509055
1884277,683719,4108620,4792339,6.009223087262457
1884375,683766,4108742,4792508,6.008988455114761
1884408,683790,4108826,4792616,6.008900393395633
1884426,683790,4108879,4792669,6.008977902572427
1884508,683831,4109026,4792857,6.008832591678353
1884538,683850,4109139,4792989,6.008830883965782
1884558,683850,4109160,4793010,6.008861592454486
1884638,683905,4109313,4793218,6.0086020719251945
1884644,683905,4109327,4793232,6.008622542604601
1884881,684061,4109698,4793759,6.007794626502608
1884943,684084,4109824,4793908,6.007776822729372
1885005,684108,4109919,4794027,6.007704923783964
1885013,684108,4109919,4794027,6.007704923783964
1885046,684123,4109984,4794107,6.007668211710468
1885411,684331,4110975,4795306,6.007290331725437
1885428,684341,4111003,4795344,6.007243464880812
1885440,684344,4111027,4795371,6.007252200647628
1885450,684347,4111052,4795399,6.007262397584851
1885483,684374,4111121,4795495,6.007126220458404
1885583,684402,4111263,4795665,6.007087939544303
1885615,684402,4111312,4795714,6.007159534893235
1885770,684402,4112004,4796406,6.008170636555708
1885787,684418,4112030,4796448,6.008068168867563
1885829,684422,4112157,4796579,6.008218613662331
1885847,684434,4112204,4796638,6.008181943036144
1885987,684437,4112286,4796723,6.008275414683894
1886060,684442,4112442,4796884,6.008459445796722
1886332,684665,4113040,4797705,6.007375869950998
1886361,684683,4113087,4797770,6.0072865837183045
1886407,684683,4113147,4797830,6.007374215512872
1886425,684683,4113157,4797840,6.007388820811967
1886436,684687,4113168,4797855,6.007369790867944
1886697,684792,4113618,4798410,6.007105807310833
1887001,684845,4113799,4798644,6.0069052121282915
1887012,684847,4113808,4798655,6.006900811422113
1887038,684847,4113879,4798726,6.007004484213263
1887043,684852,4113893,4798745,6.006981070362648
1887075,684860,4113977,4798837,6.007033554303069
1887086,684863,4113981,4798844,6.007013081448407
1887602,684863,4113981,4798844,6.007013081448407
1887603,684863,4113984,4798847,6.007017461886538
1887631,684879,4114035,4798914,6.006951592909113
1887677,684900,4114112,4799012,6.006879836472478
1887725,684900,4114309,4799209,6.007167469703607
1887779,684937,4114406,4799343,6.006984583983637
1887804,684937,4114478,4799415,6.007089703140581
1887815,684951,4114513,4799464,6.007018020267143
1887904,684988,4114759,4799747,6.007052678295095
1887912,684995,4114781,4799776,6.007023408929992
1888320,685288,4115523,4800811,6.005537817676656
1888365,685288,4115660,4800948,6.005737733624403
1888475,685312,4115952,4801264,6.005953492715727
1888639,685312,4116235,4801547,6.006366443313411
1888868,685455,4116647,4802102,6.005714452443997
1889150,685455,4116974,4802429,6.006191507830565
1889348,685552,4117272,4802824,6.0057763670735405
1890285,686192,4120008,4806200,6.004162100403386
1890350,686228,4120087,4806315,6.003962239955234
1890448,686243,4120154,4806397,6.003928637523443
1890479,686262,4120190,4806452,6.003814869539622
1890580,686319,4120458,4806777,6.003706731126488
1890602,686325,4120525,4806850,6.00375186682694
1891069,686608,4121393,4808001,6.002541479272016
1891180,686675,4121592,4808267,6.002245603815488
1891188,686681,4121612,4808293,6.002222283709612
1891196,686681,4121612,4808293,6.002222283709612
1891202,686687,4121618,4808305,6.00217857626546
1891351,686687,4122037,4808724,6.002788752371896
1891397,686701,4122080,4808781,6.002728989764104
1891428,686715,4122126,4808841,6.002673598217601
1891452,686718,4122157,4808875,6.002692517161338
1891466,686718,4122199,4808917,6.002753677637691
1891476,686723,4122226,4808949,6.0027492890146394
1891477,686723,4122231,4808954,6.002756569970716
1891484,686723,4122248,4808971,6.0027813252213775
1891539,686739,4122326,4809065,6.002755049589436
1892098,686991,4123416,4810407,6.002139766023135
1892150,687010,4123488,4810498,6.0020785723643035
1892191,687037,4123548,4810585,6.001930027058222
1892198,687037,4123565,4810602,6.001954770994867
1892496,687125,4124327,4811452,6.002295070038203
1892508,687134,4124359,4811493,6.002263022932936
1892549,687172,4124423,4811595,6.002024238473046
1892656,687172,4124620,4811792,6.002310920701076
1892697,687188,4124656,4811844,6.002223554544026
1892883,687344,4125037,4812381,6.001415593938407
1893014,687409,4125291,4812700,6.001217615713498
1893283,687409,4125719,4813128,6.0018402435813325
1893407,687409,4126075,4813484,6.002358130312522
1893412,687409,4126087,4813496,6.002375587168629
1893957,687506,4127726,4815232,6.003912693125587
1893963,687506,4127744,4815250,6.003938874715275
1893981,687511,4127793,4815304,6.003966481990833
1894023,687543,4127853,4815396,6.003774309388649
1894182,687543,4128361,4815904,6.0045131722670435
1894187,687547,4128368,4815915,6.004488420427985
1894207,687563,4128387,4815950,6.004376326242104
1894240,687584,4128426,4816010,6.00424966258668
1894978,687587,4129256,4816843,6.005430585511361
1895128,687677,4129500,4817177,6.004999440144138
1895143,687677,4129548,4817225,6.005069240355574
1895152,687682,4129565,4817247,6.005050299411646
1895202,687698,4129628,4817326,6.005002195731266
1895238,687698,4129661,4817359,6.005050181911246
1895242,687698,4129663,4817361,6.005053090164578
1895370,687720,4129941,4817661,6.005265224219159
1896062,687877,4131865,4819742,6.006691603295357
1896148,687877,4131865,4819742,6.006691603295357
1896210,687906,4132088,4819994,6.006762551860283
1896217,687910,4132102,4820012,6.006747975752642
1896234,687920,4132148,4820068,6.006727526456565
1896316,687943,4132347,4820290,6.006815971672071
1896350,687952,4132370,4820322,6.006770821220085
1896352,687952,4132381,4820333,6.006786810707724
1896358,687957,4132394,4820351,6.006762050535135
1896368,687957,4132426,4820383,6.006808565070201
1896403,687957,4132491,4820448,6.006903047719552
1897171,688344,4133473,4821817,6.004952465627651
1897200,688366,4133574,4821940,6.0049072731657285
1897214,688370,4133610,4821980,6.004924677135842
1897347,688422,4133697,4822119,6.0045974707374254
1897391,688422,4133783,4822205,6.004722394112913
1897408,688422,4133806,4822228,6.004755803852869
1897589,688431,4134857,4823288,6.006203962343357
1897658,688447,4135210,4823657,6.0065771221314055
1898017,688546,4135977,4824523,6.006827430556564
1898064,688546,4136136,4824682,6.007058351947437
1898208,688546,4136386,4824932,6.007421435895351
1898218,688546,4136406,4824952,6.007450482611183
1898262,688558,4136537,4825095,6.00753603908458
1898449,688629,4136670,4825299,6.007109778995656
1898481,688637,4136708,4825345,6.007095174961554
1898581,688658,4136931,4825589,6.007235812260948
1898627,688672,4137058,4825730,6.007298104177315
1898784,688779,4137490,4826269,6.006992083091964
1898832,688825,4137636,4826461,6.006802888977607
1898860,688825,4137743,4826568,6.006958225964505
1898882,688838,4137809,4826647,6.006940674004628
1898907,688848,4137855,4826703,6.006920249459968
1898910,688848,4137861,4826709,6.006928959654379
1898922,688848,4137866,4826714,6.006936218149723
1899024,688848,4138185,4827033,6.007399310152603
1899212,688922,4138650,4827572,6.007428997767526
1899224,688934,4138679,4827613,6.007366453100007
1899251,688945,4138718,4827663,6.007327145127695
1899423,689014,4139187,4828201,6.007406235577216
1899425,689014,4139192,4828206,6.007413492323813
1899436,689021,4139225,4828246,6.007400354996437
1899565,689041,4139344,4828385,6.007398688902402
1899642,689081,4139507,4828588,6.00728651638922
1899720,689110,4139640,4828750,6.0072267127164025
1899948,689162,4139767,4828929,6.0069577254694835
1900031,689162,4140078,4829240,6.007408998174594
1900053,689175,4140139,4829314,6.007384191243153
1900072,689180,4140177,4829357,6.007395745668766
1900181,689284,4140432,4829716,6.006859291670777
1900182,689284,4140432,4829716,6.006859291670777
1900248,689343,4140612,4829955,6.006606290337321
1900318,689343,4140847,4830190,6.006947194647657
1900404,689405,4141244,4830649,6.006982833022679
1900413,689407,4141261,4830668,6.0069900653750254
1900455,689429,4141381,4830810,6.006972436610586
1900502,689441,4141467,4830908,6.006992621558625
1900521,689458,4141494,4830952,6.006883668040693
1900537,689458,4141520,4830978,6.006921378822205
1900587,689483,4141631,4831114,6.006864563738337
1900600,689499,4141660,4831159,6.006767232439786
1900673,689521,4141889,4831410,6.006907693891847
1901066,689681,4142606,4832287,6.0065537545618914
1901260,689796,4142803,4832599,6.005837957888999
1901260,689819,4142922,4832741,6.0058102197822905
1901283,689834,4142942,4832776,6.0057086197548974
1901321,689853,4142999,4832852,6.0056258362288775
1901341,689857,4143037,4832894,6.005646097669517
1901366,689868,4143067,4832935,6.005593823745992
1901391,689891,4143092,4832983,6.005429843265095
1901437,689916,4143184,4833100,6.005345578302286
1901525,689916,4143515,4833431,6.00582534685382
1901627,689925,4143733,4833658,6.006062977859912
1901633,689925,4143751,4833676,6.006089067652281
1901694,689925,4143793,4833718,6.006149943834475
1901706,689935,4143824,4833759,6.006107821751324
1901719,689938,4143859,4833797,6.006132435088371
1901876,690015,4144122,4834137,6.005843351231495
1901882,690015,4144140,4834155,6.005869437620921
1901888,690015,4144154,4834169,6.005889727034919
1901952,690066,4144260,4834326,6.005599464399057
1902082,690067,4144645,4834712,6.006148678316743
1902119,690080,4144711,4834791,6.006131173197311
1902129,690080,4144727,4834807,6.006154358914908
1902145,690080,4144753,4834833,6.006192035706005
1902234,690107,4144837,4834944,6.006078767495476
1902293,690125,4144920,4835045,6.006042383626155
1902321,690156,4144994,4835150,6.005879830067405
1902335,690160,4145032,4835192,6.005900081140605
1902385,690179,4145201,4835380,6.005979608188601
1902405,690196,4145236,4835432,6.00588238703209
1902675,690319,4145658,4835977,6.00542357953352
1902709,690334,4145706,4836040,6.005362621571587
1902734,690348,4145745,4836093,6.005297328303985
1902958,690383,4146228,4836611,6.005692492428116
1902959,690383,4146238,4836621,6.005706977141673
1902986,690397,4146271,4836668,6.005632990873367
1903028,690413,4146342,4836755,6.0055966501210145
1903090,690413,4146359,4836772,6.005621273064094
1903125,690416,4146434,4836850,6.005703807559501
1903329,690452,4146807,4837259,6.005930897441097
1903767,690452,4148132,4838584,6.007849930190658
1903819,690477,4148202,4838679,6.007733784036253
1903831,690477,4148238,4838715,6.0077859219061605
1903850,690500,4148302,4838802,6.00767849384504
1903865,690500,4148337,4838837,6.007729181752353
1903890,690506,4148362,4838868,6.007713184244597
1903933,690533,4148485,4839018,6.007656404545474
1904095,690533,4149200,4839733,6.008691836595789
1904103,690536,4149210,4839746,6.00868021363115
1904124,690546,4149221,4839767,6.008609129587312
1904139,690549,4149244,4839793,6.008616332801872
1904146,690549,4149259,4839808,6.008638054649272
1904163,690567,4149297,4839864,6.008536463514764
1904203,690587,4149389,4839976,6.008495671074028
1904247,690605,4149447,4840052,6.008423049355275
1904338,690605,4149772,4840377,6.008893651218859
1904369,690605,4149832,4840437,6.008980531562905
1904376,690605,4149852,4840457,6.009009491677587
1904684,690665,4150537,4841202,6.009479269978933
1904710,690677,4150588,4841265,6.009448700333151
1904719,690678,4150605,4841283,6.009464613032412
1904781,690705,4150872,4841577,6.00961626164571
1904804,690712,4150898,4841610,6.009592999687279
1904915,690712,4151155,4841867,6.009965079512155
1904967,690712,4151195,4841907,6.010022990768945
1905023,690737,4151329,4842066,6.009999464340263
1905045,690744,4151381,4842125,6.010013840149172
1905175,690745,4151766,4842511,6.010562508595791
1905225,690759,4151843,4842602,6.010552160739129
1905514,690850,4152624,4843474,6.010890931461243
1905540,690853,4152684,4843537,6.010951678577063
1905551,690853,4152684,4843537,6.010951678577063
1905591,690870,4152793,4843663,6.010961541245097
1905639,690876,4152941,4843817,6.011123559075724
1905717,690937,4153051,4843988,6.010752065673136
1905764,690937,4153131,4844068,6.010867850469724
1906015,691158,4154168,4845326,6.010446236605812
1906116,691218,4154420,4845638,6.010289083906958
1908245,691290,4167896,4859186,6.02915708313443
1908251,691290,4167910,4859200,6.029177335127081
1908517,691395,4168602,4859997,6.0292625778317745
1908588,691447,4168721,4860168,6.028981252359183
1908614,691468,4168779,4860247,6.028882030694118
1908749,691536,4169406,4860942,6.029195877004234
1908755,691536,4169420,4860956,6.029216121792647
1908787,691546,4169473,4861019,6.029205577069349
1908838,691546,4169499,4861045,6.0292431739898715
1908848,691546,4169515,4861061,6.0292663105563475
1908867,691552,4169557,4861109,6.029274732774976
1908936,691552,4169669,4861221,6.029436687335154
1909074,691608,4169887,4861495,6.0292636869440495
1909159,691639,4170097,4861736,6.029297075497477
1909193,691663,4170150,4861813,6.029164491956343
1909224,691680,4170226,4861906,6.029126185519315
1909282,691703,4170323,4862026,6.029065943042029
1909438,691747,4170576,4862323,6.029048192474995
1909618,691827,4171249,4863076,6.029323804939674
1909745,691880,4171631,4863511,6.029414060241661
1909764,691885,4171669,4863554,6.0294254102921725
1909876,691971,4171910,4863881,6.029024337725136
1909897,691971,4171939,4863910,6.0290662469959
1910107,692005,4172108,4864113,6.029014241226581
1910120,692014,4172138,4864152,6.028979182502088
1910148,692017,4172193,4864210,6.02903252376748
1910168,692030,4172227,4864257,6.0289683973238155
1910364,692117,4172522,4864639,6.028636776729946
1910395,692125,4172608,4864733,6.028691349106014
1910429,692144,4172649,4864793,6.028585092119559
1910466,692162,4172757,4864919,6.028584348750726
1910478,692180,4172778,4864958,6.028457915571094
1910564,692220,4172965,4865185,6.0283797058738555
1910597,692247,4173065,4865312,6.028289035561007
1910606,692251,4173082,4865333,6.028278760160693
1910687,692303,4173295,4865598,6.028133635127971
1910704,692309,4173321,4865630,6.028118946886433
1911012,692425,4173946,4866371,6.028011698017836
1911021,692425,4173967,4866392,6.028042026212225
1911110,692461,4174195,4866656,6.02805789784551
1911247,692461,4174393,4866854,6.028343834526421
1911365,692520,4174560,4867080,6.028071391439958
1911651,692671,4175840,4868511,6.028605210843243
1911682,692696,4175931,4868627,6.02851900400753
1911684,692696,4175942,4868638,6.028534883989513
1911759,692713,4176057,4868770,6.028552950500424
1911812,692733,4176129,4868862,6.028482835378132
1912030,692733,4176272,4869005,6.028689264117633
1912096,692733,4176496,4869229,6.029012621024262
1912136,692733,4176618,4869351,6.029188735053765
1912157,692736,4176663,4869399,6.029227584534368
1912202,692738,4176706,4869444,6.029272250114762
1912248,692784,4176825,4869609,6.029043684611654
1912275,692787,4176839,4869626,6.029037785062364
1912289,692787,4176884,4869671,6.029102740091832
1912368,692828,4177153,4869981,6.029134215129874
1912381,692832,4177211,4870043,6.029183120872015
1912388,692832,4177211,4870043,6.029183120872015
1912388,692838,4177248,4870086,6.0291843114840695
1912401,692838,4177298,4870136,6.029256478426414
1912408,692842,4177307,4870149,6.029234659561632
1912582,692842,4177676,4870518,6.029767248521308
1912590,692842,4177694,4870536,6.02979322847056
1912633,692874,4177800,4870674,6.029667731795391
1912654,692874,4177868,4870742,6.029765873737505
1912809,692960,4178229,4871189,6.0295385015008085
1912826,692967,4178279,4871246,6.029549747679183
1912836,692967,4178304,4871271,6.029585824433198
1912862,692984,4178358,4871342,6.029515832977385
1912880,693000,4178405,4871405,6.029444444444445
1912904,693001,4178410,4871411,6.0294429589567695
1912939,693001,4178476,4871477,6.0295381969145785
1916693,694853,4185516,4880369,6.023599236097419
1916700,694853,4185539,4880392,6.023632336623717
1916703,694855,4185551,4880406,6.023632268602802
1916723,694857,4185558,4880415,6.023625004857115
1916811,694857,4185898,4880755,6.024114314168239
1917204,694964,4186775,4881739,6.024448748424379
1917261,694982,4186883,4881865,6.024448115202984
1917365,694982,4186883,4881865,6.024448115202984
1917431,695000,4186993,4881993,6.0244503597122305
1917432,695000,4186998,4881998,6.024457553956834
1917520,695046,4187093,4882139,6.0241955208719995
1917587,695062,4187127,4882189,6.024105763226878
1917634,695070,4187160,4882230,6.02408390521818
1917737,695099,4187270,4882369,6.023990827205909
1917791,695112,4187350,4882462,6.0239932557631
1918001,695165,4187709,4882874,6.0240504052994615
1918007,695165,4187723,4882888,6.024070544403127
1918036,695193,4187963,4883156,6.02417314328539
1918079,695218,4188024,4883242,6.024044256621664
1918085,695218,4188038,4883256,6.024064394190024
1918092,695218,4188058,4883276,6.0240931621448235
1919988,695723,4192348,4888071,6.025886739406344
1920158,695723,4192569,4888292,6.026204394565078
1920164,695723,4192583,4888306,6.026224517516311
1920189,695741,4192655,4888396,6.026172095650536
1920269,695758,4192805,4888563,6.026240445672202
1920282,695765,4192812,4888577,6.026189877329271
1920377,695796,4192940,4888736,6.026105352718326
1920405,695803,4192999,4888802,6.026129522292948
1920408,695803,4193001,4888804,6.026132396669747
1920418,695803,4193028,4888831,6.026171200756536
1920460,695835,4193081,4888916,6.025970237197036
1920527,695853,4193151,4889004,6.025914956176089
1920533,695853,4193165,4889018,6.02593507536793
1921468,695941,4194497,4890438,6.027087066288665
1921498,695950,4194564,4890514,6.02710539550255
1921641,695994,4194836,4890830,6.0271151762802555
1921691,696006,4194894,4890900,6.02709459401212
1921727,696029,4194994,4891023,6.027039103255755
1921730,696029,4194994,4891023,6.027039103255755
1921809,696029,4195246,4891275,6.027401157135694
1921820,696033,4195300,4891333,6.0274441010699205
1921835,696051,4195353,4891404,6.0273643741622385
1921860,696051,4195427,4891478,6.027470688211065
1921929,696062,4195465,4891527,6.027430027784881
1922016,696071,4195957,4892028,6.028058919276913
1922798,696071,4197358,4893429,6.030071644990238
1922824,696077,4197395,4893472,6.030072822403269
1922918,696103,4197673,4893776,6.03024696057911
1923080,696211,4198110,4894321,6.0299391994668285
1923095,696211,4198118,4894329,6.0299506902361495
1923111,696219,4198143,4894362,6.029917310501437
1923136,696233,4198197,4894430,6.02987361989449
1923150,696237,4198230,4894467,6.029886374898203
1923413,696314,4198435,4894749,6.02951398363382
1923419,696314,4198449,4894763,6.029534089505597
1923500,696348,4198586,4894934,6.029436431209683
1923625,696392,4198756,4895148,6.029299589886156
1923626,696392,4198761,4895153,6.02930676975037
1923683,696426,4198916,4895342,6.029234979739412
1923706,696443,4198944,4895387,6.029128011911959
1924005,696613,4199702,4896315,6.028744798044252
1924031,696629,4199727,4896356,6.028642218454873
1924041,696633,4199743,4896376,6.028630570185449
1924062,696639,4199794,4896433,6.028651855552158
1924078,696639,4199847,4896486,6.028727935128524
1924094,696639,4199873,4896512,6.028765257184855
1925305,696639,4202661,4899300,6.032767329994445
1925315,696639,4202687,4899326,6.032804652050776
1925324,696644,4202716,4899360,6.032802981149626
1925350,696667,4202803,4899470,6.0327286924743095
1925461,696667,4202981,4899648,6.0329841947444045
1925619,696755,4203260,4900015,6.032622657892659
1925626,696759,4203262,4900021,6.032590895847775
1925633,696759,4203285,4900044,6.032623905826836
1925678,696788,4203382,4900170,6.0325120409651145
1925882,696788,4203737,4900525,6.03302152161059
1925908,696792,4203807,4900599,6.033087348878862
1926037,696837,4203918,4900755,6.032857038303075
1926210,696900,4204280,4901180,6.032831109197876
1926246,696918,4204393,4901311,6.032837435681099
1926311,696983,4204560,4901543,6.032514422876885
1926323,696983,4204589,4901572,6.032556030778369
1926385,696983,4204883,4901866,6.032977848814103
1926438,697014,4205016,4902030,6.0329003434651245
1926755,697025,4205978,4903003,6.034185287471755
1926796,697025,4206075,4903100,6.0343244503425275
1926845,697054,4206171,4903225,6.034211122811145
1926852,697055,4206185,4903240,6.03422255058783
1926874,697073,4206262,4903335,6.034177195214848
1926936,697132,4206417,4903549,6.033888847449264
1926946,697136,4206434,4903570,6.033878611920773
1926956,697136,4206450,4903586,6.033901562966193
1926964,697136,4206468,4903604,6.033927382892291
1926966,697136,4206472,4903608,6.0339331206536455
1927029,697164,4206669,4903833,6.03397335490645
1927294,697353,4207382,4904735,6.033360435819449
1927338,697383,4207443,4904826,6.033188362779133
1927369,697408,4207500,4904908,6.033053822152886
1927382,697416,4207512,4904928,6.033001823875564
1927396,697421,4207544,4904965,6.033004454984866
1927456,697460,4207734,4905194,6.032939523413529
1927487,697480,4207828,4905308,6.032901301829443
1927488,697480,4207830,4905310,6.032904169295177
1927558,697480,4207958,4905438,6.033087687102139
1927705,697528,4208194,4905722,6.03301086121274
1927718,697529,4208212,4905741,6.033028017473109
1928078,697529,4208212,4905741,6.033028017473109
1928091,697529,4208217,4905746,6.033035185633859
1928176,697596,4208415,4906011,6.032739579928784
1928191,697606,4208437,4906043,6.032684638606892
1928258,697676,4208627,4906303,6.032351693336162
1928307,697692,4208728,4906420,6.032358117908762
1928328,697692,4208765,4906457,6.032411149905689
1928416,697786,4209059,4906845,6.032019845626023
1928469,697789,4209142,4906931,6.032112859331402
1928521,697789,4209317,4907106,6.032363651476306
1928528,697793,4209328,4907121,6.03234483578941
1929083,698193,4210748,4908941,6.030922681837257
1929595,698307,4211971,4910278,6.031689500463263
1929614,698316,4211991,4910307,6.031640403484955
1929703,698342,4212124,4910466,6.0316062903276615
1929708,698342,4212135,4910477,6.0316220419221525
1929772,698386,4212217,4910603,6.031359448786201
1929832,698443,4212379,4910822,6.031099173447225
1929873,698458,4212415,4910873,6.031021192398112
1929909,698466,4212477,4910943,6.0310408810163985
1929919,698466,4212502,4910968,6.0310766737393084
1932267,698822,4215257,4914079,6.031946618738391
1932275,698822,4215287,4914109,6.031989548125273
1932313,698829,4215305,4914134,6.031954884528261
1932328,698829,4215320,4914149,6.031976349006696
1932342,698842,4215341,4914183,6.031894190675431
1932383,698854,4215444,4914298,6.031938001356506
1932436,698883,4215541,4914424,6.031826500286886
1932446,698883,4215566,4914449,6.031862271653481
1932509,698923,4215773,4914696,6.031813232645084
1932668,698984,4216109,4915093,6.0317675368821035
1932777,699006,4216170,4915176,6.0316649642492335
1932884,699067,4216536,4915603,6.031662201191016
1932902,699073,4216565,4915638,6.031651916180428
1932911,699075,4216581,4915656,6.031657547473447
1932975,699081,4216655,4915736,6.031711632843691
1932994,699102,4216705,4915807,6.031601969383581
1932995,699102,4216709,4915811,6.031607691009324
1932998,699104,4216731,4915835,6.031621904609328
1933043,699144,4216811,4915955,6.031391244149989
1934613,699212,4226374,4925586,6.044481502033718
1934628,699221,4226413,4925634,6.044459477046599
1934710,699253,4226511,4925764,6.044323013272735
1934717,699254,4226517,4925771,6.044322949886594
1934745,699265,4226536,4925801,6.0442550392197525
1934859,699266,4226759,4926025,6.044565301330252
1934871,699280,4226800,4926080,6.044502917286351
1934881,699280,4226816,4926096,6.04452579796362
1934914,699307,4226920,4926227,6.044441139585333
1934925,699312,4226944,4926256,6.044432241974969
1934931,699312,4226962,4926274,6.044457981559018
1934962,699334,4227017,4926351,6.0443464782207075
1934992,699334,4227063,4926397,6.044412255088413
1935026,699340,4227108,4926448,6.044424743329425
1935094,699377,4227203,4926580,6.044240802885997
1935105,699384,4227239,4926623,6.044231781110234
1935131,699400,4227286,4926686,6.044160709179296
1935133,699402,4227287,4926689,6.044144855176279
1935170,699402,4227411,4926813,6.044322149493424
1935414,699632,4231317,4930949,6.047918048345416
1935599,699639,4231584,4931223,6.048239163339951
1935730,699686,4231814,4931500,6.048161603919472
1935766,699691,4231822,4931513,6.0481298173050675
1935769,699693,4231829,4931522,6.0481225337397975
1936000,699782,4232197,4931979,6.047879196664104
1936077,699782,4232494,4932276,6.048303614554247
1936110,699815,4232586,4932401,6.048149868179447
1936271,699852,4232856,4932708,6.04821590850637
1936303,699852,4232905,4932757,6.0482859233095
1936328,699864,4232940,4932804,6.048232227975721
1936359,699879,4233002,4932881,6.048191187333811
1936390,699902,4233094,4932996,6.048123880200371
1936446,699902,4233182,4933084,6.04824961208855
1936712,699923,4234002,4933925,6.049239702081515
1936742,699946,4234081,4934027,6.049153791863944
1936761,699954,4234108,4934062,6.049123228097846
1937253,700036,4234878,4934914,6.049514596392186
1937254,700036,4234880,4934916,6.049517453388112
1937255,700036,4234885,4934921,6.0495245958779265
1937296,700065,4235060,4935125,6.049523972773957
1937311,700065,4235097,4935162,6.049576825009106
1937319,700066,4235109,4935175,6.049585324812232
1937328,700067,4235127,4935194,6.049602395199317
1937383,700092,4235242,4935334,6.0495506304885645
1937478,700103,4235335,4935438,6.0495884177042525
1937500,700103,4235385,4935488,6.049659835767023
1937555,700119,4235519,4935638,6.049712977365276
1937905,700282,4235995,4936277,6.048984551937648
1937977,700325,4236123,4936448,6.048795916181772
1938169,700480,4236410,4936890,6.047867176793056
1938509,700597,4236954,4937551,6.047633661006256
1938529,700605,4236990,4937595,6.047615989038046
1938532,700605,4236999,4937604,6.047628835078254
1938540,700609,4237023,4937632,6.0476285631500595
1938549,700609,4237044,4937653,6.0476585370727465
1938597,700609,4237192,4937801,6.047869781861209
1938653,700633,4237286,4937919,6.047796778056415
1938675,700642,4237302,4937944,6.047741928117355
1938741,700667,4237598,4938265,6.0479485975506195
1938749,700667,4237620,4938287,6.047979996203617
1939365,700978,4238774,4939752,6.046942985371866
1939371,700983,4238796,4939779,6.04693123799008
1939383,700985,4238821,4939806,6.046949649421885
1939410,700990,4238868,4939858,6.046973565956718
1939445,701019,4238989,4940008,6.046896018510197
1939446,701019,4238991,4940010,6.046898871499916
1939506,701048,4239086,4940134,6.046784243019023
1939509,701048,4239095,4940143,6.046797080941676
1939515,701048,4239109,4940157,6.046817051043581
1939606,701104,4239328,4940432,6.046646431913097
1939640,701124,4239437,4940561,6.04662941220098
1939748,701205,4239671,4940876,6.046264644433511
1939793,701235,4239754,4940989,6.046124337775496
1940035,701235,4240201,4941436,6.046761784565802
1940057,701246,4240243,4941489,6.046726826249277
1940066,701248,4240266,4941514,6.046742379300904
1940202,701264,4240325,4941589,6.04668855095941
1940205,701268,4240327,4941595,6.046656912906335
1940248,701292,4240462,4941754,6.046642482731872
1940256,701304,4240479,4941783,6.046563259299819
1940302,701337,4240543,4941880,6.046370004719557
1940344,701357,4240641,4941998,6.0463373146628605
1940388,701379,4240717,4942096,6.046256018500697
1940395,701379,4240736,4942115,6.046283107991543
1940504,701412,4240860,4942272,6.0461754289918055
1940541,701412,4241029,4942441,6.046416371547678
1940568,701412,4241149,4942561,6.046587455019304
1940573,701417,4241157,4942574,6.0465557578444775
1940645,701475,4241335,4942810,6.046309561994369
1940699,701499,4241497,4942996,6.046333636968834
1940705,701499,4241511,4943010,6.046353594231781
1940737,701512,4241578,4943090,6.046337054818735
1940824,701512,4241809,4943321,6.046666343555064
1940834,701512,4241829,4943341,6.046694853402365
1940896,701540,4241944,4943484,6.046617441628418
1941008,701540,4242326,4943866,6.047161957978163
1941141,701563,4242417,4943980,6.047093418552575
1941170,701586,4242452,4944038,6.046945064468219
1941206,701619,4242542,4944161,6.046788926753694
1941213,701619,4242560,4944179,6.046814581703175
1941253,701625,4242638,4944263,6.0468740424015675
1941264,701625,4242689,4944314,6.046946730803492
1941328,701659,4242840,4944499,6.04686892065804
1941439,701677,4242965,4944642,6.046891946009346
1941898,701866,4243753,4945619,6.046386347251469
1941911,701876,4243786,4945662,6.046347218027116
1941943,701895,4243838,4945733,6.046257631127163
1941975,701905,4243888,4945793,6.046242725155113
1942019,701913,4243907,4945820,6.046200882445545
1942050,701923,4243928,4945851,6.046144662591196
1942086,701934,4243951,4945885,6.046082680138019
1943234,702086,4245675,4947761,6.047229256814692
1943341,702096,4245765,4947861,6.047271313324673
1943350,702096,4245791,4947887,6.047308345297509
1943453,702096,4246146,4948242,6.04781397415738
1943506,702126,4246254,4948380,6.047709385494911
1943847,702282,4246777,4949059,6.047110704816584
1943904,702282,4246877,4949159,6.047253097758451
1943959,702291,4247152,4949443,6.047567176569257
1943991,702291,4247248,4949539,6.047703872041646
1944016,702301,4247326,4949627,6.04772882282668
1944345,702459,4247925,4950384,6.047221261312048
1944364,702472,4247946,4950418,6.047139245407646
1944370,702472,4247960,4950432,6.047159175027617
1944457,702538,4248109,4950647,6.0468031622488745
1944487,702541,4248130,4950671,6.046807232602795
1944498,702544,4248142,4950686,6.046798492336423
1944614,702544,4248440,4950984,6.047222665057277
1944627,702548,4248463,4951011,6.047220972801858
1945438,702553,4250167,4952720,6.04960337511903
1945471,702571,4250267,4952838,6.049590717521788
1945496,702594,4250323,4952917,6.049472383766442
1945584,702600,4250550,4953150,6.049743808710504
1945610,702606,4250593,4953199,6.049753346825959
1945878,702736,4251001,4953737,6.049214783361035
1945897,702736,4251021,4953757,6.049243243550921
1945946,702739,4251123,4953862,6.049362565618245
1946144,702753,4251248,4954001,6.049419924212348
1946274,702753,4251634,4954387,6.049969192589715
1946325,702785,4251735,4954520,6.049837432500694
1946376,702799,4251818,4954617,6.049835016839808
1946488,702821,4252023,4954844,6.0499373240128
1946508,702828,4252103,4954931,6.0499908939313745
1946561,702843,4252215,4955058,6.050021128473927
1948125,703419,4255000,4958419,6.049026256043695
1948175,703448,4255137,4958585,6.048971636851622
1948293,703486,4255459,4958945,6.049102611850129
1948337,703494,4255556,4959050,6.049171705799908
1948371,703494,4255660,4959154,6.049319539327983
1948463,703531,4255823,4959354,6.049233082835014
1948523,703548,4255894,4959442,6.0491878308231986
1948525,703550,4255894,4959444,6.049170634638618
1948649,703604,4256083,4959687,6.048974991614601
1948786,703698,4256440,4960138,6.048674289254765
1948821,703710,4256500,4960210,6.048656406758466
1948844,703732,4256562,4960294,6.048555415982221
1948901,703789,4256748,4960537,6.0483298261268645
1949414,704004,4257700,4961704,6.047834955483207
1949470,704007,4257902,4961909,6.048096112680698
1949477,704007,4257925,4961932,6.048128782810398
1949486,704007,4257942,4961949,6.048152930297568
1949498,704011,4257976,4961987,6.04816686102916
1949619,704063,4258295,4962358,6.0481732458601005
1949642,704081,4258324,4962405,6.048059811300121
1949847,704264,4258770,4963034,6.047121533970215
1950909,704345,4260516,4964861,6.048905011038625
1950946,704345,4260629,4964974,6.049065443781101
1951308,704512,4261489,4966001,6.048852255178052
1951396,704531,4261636,4966167,6.048897777386658
1951486,704564,4261801,4966365,6.048848649661351
1951518,704586,4261869,4966455,6.0487562909282895
1951589,704586,4261996,4966582,6.048936538619842
1951604,704594,4262008,4966602,6.04888488973792
1951606,704594,4262013,4966607,6.048891986023157
1951634,704602,4262055,4966657,6.048882915461495
1951664,704605,4262076,4966681,6.048886965037148
1951690,704609,4262117,4966726,6.0489108143665495
1951741,704637,4262261,4966898,6.048874810718143
1951856,704681,4262442,4967123,6.048753975202964
1951872,704688,4262503,4967191,6.04878045319347
1951937,704722,4262639,4967361,6.048681607782927
1951961,704744,4262687,4967431,6.048560895871408
1951967,704744,4262701,4967445,6.048580761240961
1952333,704903,4263702,4968605,6.048636479061658
1952559,704956,4264219,4969175,6.048915109595493
1952631,704987,4264376,4969363,6.048871823168371
1952670,704998,4264437,4969435,6.048863968408421
1952712,705014,4264498,4969512,6.048813215056723
1952722,705018,4264508,4969526,6.048793080460357
1952730,705018,4264533,4969551,6.048828540547901
1952900,705018,4264754,4969772,6.049142007721788
1952931,705040,4264792,4969832,6.049007148530579
1952985,705053,4264823,4969876,6.048939583265372
1952989,705055,4264829,4969884,6.048930934466106
1953721,705272,4266799,4972071,6.049863031567963
1953771,705314,4266961,4972275,6.0497324595853765
1954386,705439,4268979,4974418,6.051521109550223
1954408,705449,4269036,4974485,6.051516126608727
1954439,705457,4269052,4974509,6.051470181740347
1954454,705457,4269098,4974555,6.051535387699038
1954500,705483,4269157,4974640,6.051395993950244
1954588,705534,4269268,4974802,6.0511158923595465
1954623,705562,4269364,4974926,6.051011817529855
1954637,705570,4269394,4974964,6.0509857278512404
1954788,705640,4269582,4975222,6.050651890482399
1954837,705652,4269661,4975313,6.050660949023031
1954843,705652,4269679,4975331,6.050686457347248
1954857,705652,4269719,4975371,6.050743142512173
1954871,705658,4269755,4975413,6.050742711058331
1954987,705715,4269985,4975700,6.050579908319931
1955027,705734,4270044,4975778,6.050500613545614
1955229,705809,4270640,4976449,6.050702102126779
1955381,705900,4271113,4977013,6.05059215186287
1955434,705900,4271310,4977210,6.050871228219295
1955448,705900,4271343,4977243,6.050917977050574
1955485,705936,4271436,4977372,6.050741143673081
1955494,705944,4271466,4977410,6.050715070883809
1955547,705954,4271554,4977508,6.050754015134131
1955553,705954,4271568,4977522,6.050773846454585
1955624,706011,4271689,4977700,6.050456720929278
1955646,706026,4271728,4977754,6.050383413641991
1955988,706117,4272497,4978614,6.050692732224263
1956197,706170,4272704,4978874,6.050531741648611
1956249,706196,4272795,4978991,6.050437838786966
1956450,706425,4273303,4979728,6.04919559755105
1956461,706425,4273341,4979766,6.049249389531798
1956525,706481,4273478,4979959,6.0489638079438794
1956569,706505,4273564,4980069,6.048880050388886
1956580,706505,4273579,4980084,6.048901281661135
1956601,706512,4273596,4980108,6.048865412052449
1956612,706517,4273610,4980127,6.048842419927617
1956628,706517,4273636,4980153,6.048879220174461
1956833,706612,4274021,4980633,6.048610835932591
1956846,706620,4274037,4980657,6.048564999575444
1956869,706620,4274108,4980728,6.048665477908918
1956905,706620,4274142,4980762,6.048713594293963
1957115,706744,4274509,4981253,6.048171615181735
1957225,706771,4274650,4981421,6.0481400623398525
1958178,707321,4277454,4984775,6.0474013920129615
1958184,707321,4277468,4984789,6.047421185006525
1958214,707337,4277529,4984866,6.047370630972224
1958220,707337,4277543,4984880,6.047390423518069
1958331,707346,4277753,4985099,6.047610363245145
1958342,707346,4277804,4985150,6.047682463744758
1958463,707435,4278166,4985601,6.04743333309774
1958648,707446,4278477,4985923,6.0477789117473275
1958658,707446,4278507,4985953,6.047821317810829
1958727,707501,4278813,4986314,6.047783678044271
1958757,707506,4278821,4986327,6.047752245210641
1958983,707509,4279511,4987020,6.048701853969349
1959014,707520,4279555,4987075,6.04867000226142
1959318,707557,4280034,4987591,6.0490306788004355
1959512,707668,4280459,4988127,6.0486824330053075
1959544,707682,4280573,4988255,6.048723861847553
1959575,707682,4280622,4988304,6.048793101986486
1959603,707711,4280710,4988421,6.0486695840533775
1959743,707788,4280893,4988681,6.0482701034773125
1959790,707810,4281034,4988844,6.048281318432913
1959840,707847,4281294,4989141,6.048332478628856
1959870,707877,4281392,4989269,6.048214590952948
1959904,707877,4281515,4989392,6.048388349953452
1960012,707877,4282072,4989949,6.049175209817525
1960019,707878,4282088,4989966,6.049189267077095
1960159,707881,4282346,4990227,6.04952809864935
1960234,707911,4282497,4990408,6.049485034135647
1960276,707927,4282575,4990502,6.049458489364016
1960475,708008,4283068,4991076,6.04946271793539
1960565,708058,4283272,4991330,6.0493236429784
1960619,708086,4283368,4991454,6.049220009998786
1960641,708086,4283435,4991521,6.049314631273602
1960718,708086,4283591,4991677,6.049534943495564
1960739,708091,4283675,4991766,6.049610855101958
1960744,708091,4283687,4991778,6.049627802076286
1961073,708098,4284050,4992148,6.05008063855568
1961092,708110,4284079,4992189,6.05001906483456
1961147,708119,4284211,4992330,6.050128580083291
1961189,708156,4284343,4992499,6.049998870305413
1961204,708156,4284371,4992527,6.0500384096159605
1961356,708220,4284587,4992807,6.049796673350089
1961385,708236,4284631,4992867,6.049722126522798
1961390,708239,4284644,4992883,6.049714856143194
1961425,708252,4284705,4992957,6.049689940868505
1961496,708252,4284877,4993129,6.049932792282973
1961621,708307,4285022,4993329,6.049667728823801
1961631,708307,4285032,4993339,6.049681846995724
1961712,708307,4285087,4993394,6.049759496941298
1961716,708307,4285096,4993403,6.049772203296029
1961761,708315,4285215,4993530,6.0498718790368695
1963113,708329,4286175,4994504,6.051107606775948
1963318,708375,4286798,4995173,6.051594141521087
1963334,708381,4286810,4995191,6.051559824444755
1963362,708401,4286859,4995260,6.051458143057393
1963377,708407,4286891,4995298,6.051452060750388
1963403,708418,4286953,4995371,6.051445615441731
1963586,708499,4287159,4995658,6.051044532172946
1963635,708514,4287245,4995759,6.051037805886687
1963697,708514,4287262,4995776,6.051061799766836
1963883,708630,4287655,4996285,6.050625855524039
1963956,708670,4287880,4996550,6.05060183160004
1964077,708670,4288094,4996764,6.0509038057205755
1964100,708674,4288132,4996806,6.050923273606764
1964112,708685,4288162,4996847,6.0508716848811535
1964130,708690,4288175,4996865,6.050847338046254
1964153,708702,4288253,4996955,6.050854943262471
1964231,708768,4288424,4997192,6.050532755429139
1964254,708774,4288477,4997251,6.050556312731562
1964576,708988,4289327,4998315,6.049928912760159
1964609,709012,4289444,4998456,6.049889141509594
1964858,709012,4290136,4999148,6.050865147557446
1964877,709024,4290173,4999197,6.050814923049149
1964917,709052,4290222,4999274,6.050645086679115
1964955,709075,4290266,4999341,6.050510876846596
1964958,709075,4290275,4999350,6.050523569439058
1964997,709088,4290321,4999409,6.050477514779548
1965004,709088,4290344,4999432,6.050509950810055
1965021,709097,4290372,4999469,6.050472643376012
1965062,709104,4290473,4999577,6.050555348721767
1965072,709104,4290502,4999606,6.050596245402649
1965169,709197,4290609,4999806,6.049953680007107
1965227,709228,4290755,4999983,6.049895097204284
1965268,709262,4290853,5000115,6.049743254255832
1965346,709298,4290956,5000254,6.0495814171194615
1965386,709298,4291056,5000354,6.049722401585793
1965415,709325,4291123,5000448,6.049586578789694
1965422,709325,4291140,5000465,6.049610545236669
1965484,709335,4291274,5000609,6.0497141689046785
1965492,709335,4291329,5000664,6.04979170631648
1965673,709454,4291646,5001100,6.049223769264815
1965831,709543,4291920,5001463,6.048851161945083
1965903,709567,4292039,5001606,6.0488142768758975
1965927,709583,4292090,5001673,6.048749758661073
1966032,709583,4292414,5001997,6.0492063648649985
1966061,709583,4292454,5002037,6.049262736001285
1966140,709593,4292626,5002219,6.04941987871921
1966570,709820,4293408,5003228,6.0485869657096165
1966636,709862,4293550,5003412,6.048429131295942
1966797,709981,4293795,5003776,6.0477604330256725
1966828,709990,4293855,5003845,6.047768278426457
1966893,709990,4293946,5003936,6.047896449245764
1966950,710033,4294092,5004125,6.047735809462377
1966987,710056,4294178,5004234,6.047661029552598
1967249,710229,4294863,5005092,6.04715239732537
1967266,710237,4294896,5005133,6.047130746497296
1967270,710238,4294902,5005140,6.047130680138207
1967335,710265,4295066,5005331,6.047131704363864
1967369,710274,4295133,5005407,6.047149409946021
1967384,710279,4295158,5005437,6.047142038551049
1967524,710292,4295728,5006020,6.047833848614372
1967572,710296,4295768,5006064,6.047856105060426
1967977,710452,4296595,5007047,6.047692173433251
1968136,710452,4296595,5007047,6.047692173433251
1968140,710455,4296597,5007052,6.047669451267145
1968149,710455,4296616,5007071,6.047696194692134
1968227,710476,4296844,5007320,6.047838350626904
1968237,710487,4296872,5007359,6.0477841255364275
1968277,710493,4296894,5007387,6.047764017379482
1968494,710592,4297535,5008127,6.047823504908584
1968495,710592,4297540,5008132,6.047830541295146
1969326,710986,4298527,5009513,6.045867288526075
1969350,710990,4298536,5009526,6.045845933135487
1969606,711143,4298905,5010048,6.04506407290798
1969919,711247,4299263,5010510,6.044683492513853
1969946,711267,4299393,5010660,6.044696295483974
1969957,711273,4299404,5010677,6.044660770196535
1970001,711293,4299467,5010760,6.044579378680797
1971079,711313,4302522,5013835,6.048704297545525
1971140,711339,4302678,5014017,6.048702517365138
1971153,711347,4302726,5014073,6.048701969643507
1971684,711347,4303335,5014682,6.049558091901702
1971866,711460,4303731,5015191,6.049153852641048
1971873,711463,4303746,5015209,6.0491494287123855
1971889,711463,4303772,5015235,6.049185973128609
1971921,711468,4303824,5015292,6.049216549444248
1971943,711478,4303881,5015359,6.0492116411189105
1972014,711534,4304066,5015600,6.048995550458587
1972019,711534,4304078,5015612,6.0490124154292
1972098,711577,4304263,5015840,6.048906864611982
1972411,711707,4304697,5016404,6.048411776194417
1972417,711707,4304715,5016422,6.048437067501093
1972457,711728,4304807,5016535,6.048387867275139
1972492,711751,4304911,5016662,6.048338534122186
1972509,711757,4304929,5016686,6.0483128371059225
1972512,711758,4304934,5016692,6.048311364255828
1972519,711758,4304957,5016715,6.048343678609864
1972539,711768,4304998,5016766,6.048316305312967
1972548,711772,4305008,5016780,6.048296364566181
1973102,711861,4306688,5018549,6.0499001911890105
1973102,711861,4306688,5018549,6.0499001911890105
1973132,711861,4306777,5018638,6.0500252155968655
1973284,711977,4306946,5018923,6.049276872707967
1973306,711989,4306987,5018976,6.049232502187534
1973355,711996,4307087,5019083,6.04931347928921
1973446,712036,4307240,5019276,6.049188524175744
1973559,712057,4307515,5019572,6.049396326417688
1973761,712154,4307846,5020000,6.049037146459895
1973799,712167,4307913,5020080,6.0490208055133134
1974074,712296,4308493,5020789,6.048739568943248
1974076,712298,4308493,5020791,6.048722585210123
1974089,712298,4308497,5020795,6.04872820083729
1974105,712298,4308523,5020821,6.0487647024138775
1974206,712362,4308901,5021263,6.048751898613346
1974212,712362,4308915,5021277,6.048771551542615
1974345,712477,4309147,5021624,6.048120851620474
1974439,712522,4309372,5021894,6.048054656557973
1974446,712522,4309392,5021914,6.04808272586671
1974474,712522,4309462,5021984,6.04818096844729
1974533,712550,4309593,5022143,6.048127148972002
1974541,712550,4309618,5022168,6.048162234229177
1974668,712636,4309918,5022554,6.047853322032567
1974675,712642,4309923,5022565,6.047809419035084
1974691,712648,4309948,5022596,6.047793581122798
1974768,712708,4310161,5022869,6.047583301997452
1974800,712724,4310207,5022931,6.047512080412615
1974803,712724,4310215,5022939,6.047523304953951
1974845,712763,4310362,5023125,6.047398644430197
1980606,715010,4321495,5036505,6.043964420078041
1980638,715022,4321518,5036540,6.043895152876415
1980643,715024,4321530,5036554,6.043895030096892
1980654,715031,4321557,5036588,6.043873622262531
1980659,715032,4321561,5036593,6.043870763825955
1980961,715118,4322459,5037577,6.044399665509748
1980967,715120,4322477,5037597,6.044407931535966
1981215,715200,4323045,5038245,6.0445260067114095
1981267,715250,4323217,5038467,6.044343935686823
1981301,715271,4323297,5038568,6.0442783224819685
1981308,715271,4323317,5038588,6.044306283911972
1981367,715272,4323478,5038750,6.0445229227482695
1981392,715291,4323546,5038837,6.044457430612156
1981404,715295,4323576,5038871,6.044465570149379
1982344,715312,4326834,5042146,6.048876574138278
1982380,715312,4326906,5042218,6.04897722951663
1982412,715342,4327003,5042345,6.048859147093278
1982562,715429,4327274,5042703,6.048502367111202
1982579,715429,4327289,5042718,6.048523333552316
1982659,715493,4327443,5042936,6.048197536523768
1982685,715496,4327457,5042953,6.04819174390912
1982711,715513,4327522,5043035,6.048138887763046
1982795,715578,4327932,5043510,6.048162464469282
1982887,715651,4328247,5043898,6.047985680170921
1982978,715684,4328503,5044187,6.048064508917343
1983101,715724,4328747,5044471,6.048067411460283
1983154,715738,4328829,5044567,6.0480636769320615
1983183,715738,4328860,5044598,6.048106988870229
1983196,715753,4328914,5044667,6.048055684013899
1983205,715756,4328943,5044699,6.048070850960383
1983261,715756,4329041,5044797,6.048207769128027
1983268,715756,4329065,5044821,6.048241300107858
1983274,715756,4329083,5044839,6.048266448342732
1983810,715960,4330815,5046775,6.048962232526957
1983841,715973,4330861,5046834,6.048916649091516
1983873,715984,4330940,5046924,6.0489340543922765
1983874,715984,4330945,5046929,6.048941037788554
1983898,715993,4330965,5046958,6.0488929361041235
1983910,715999,4330986,5046985,6.04887157663628
1983919,715999,4331007,5047006,6.048900906286182
1983970,716013,4331160,5047173,6.048996317105974
1984023,716021,4331356,5047377,6.049202467525394
1984073,716031,4331447,5047478,6.04924507458476
1984091,716031,4331536,5047567,6.049369370879194
1984583,716186,4332330,5048516,6.049168791347499
1984737,716273,4332704,5048977,6.0489561940768395
1984833,716273,4332804,5049077,6.049095805649522
1985019,716273,4333412,5049685,6.049944644011432
1985095,716280,4333573,5049853,6.050110292064556
1985106,716280,4333588,5049868,6.050131233595801
1985314,716334,4333808,5050142,6.049982270840139
1985336,716341,4333847,5050188,6.049977594469673
1985362,716356,4333911,5050267,6.049940253170211
1985398,716364,4333933,5050297,6.049903401064263
1985418,716366,4333970,5050336,6.049938160102517
1985445,716384,4334033,5050417,6.049874089873588
1985484,716389,4334049,5050438,6.049854199324669
1985505,716398,4334066,5050464,6.049801925745187
1985557,716398,4334233,5050631,6.050035036390386
1985671,716468,4334438,5050906,6.049730064706309
1985692,716478,4334487,5050965,6.049714017736762
1985726,716487,4334621,5051108,6.049825049163488
1985733,716487,4334643,5051130,6.049855754535672
1985749,716498,4334658,5051156,6.049783809584953
1985765,716507,4334681,5051188,6.0497399188005145
1985798,716525,4334732,5051257,6.0496591186629916
1985808,716525,4334757,5051282,6.049694009280905
1985833,716540,4334806,5051346,6.049635749574343
1985925,716584,4334935,5051519,6.049444307994596
1985960,716608,4335067,5051675,6.049425906492811
1986248,716608,4335634,5052242,6.0502171340537645
1986274,716614,4335663,5052277,6.0502069454406415
1986281,716614,4335682,5052296,6.050233459016988
1986289,716620,4335687,5052307,6.050189779799615
1986297,716620,4335709,5052329,6.050220479473082
1986304,716631,4335734,5052365,6.0501624964591265
1986321,716634,4335770,5052404,6.050187403890968
1986472,716634,4336093,5052727,6.050638122109752
1986590,716634,4336270,5052904,6.050885110111996
1986624,716649,4336304,5052953,6.050805903587391
1987040,716675,4336766,5053441,6.0512310321973
1987084,716713,4336898,5053611,6.051094371108101
1987123,716737,4337007,5053744,6.051043827791784
1987404,716842,4337696,5054538,6.051118656551932
1987474,716880,4337825,5054705,6.050977848454414
1987523,716915,4337956,5054871,6.050865165326433
1987542,716926,4338010,5054936,6.0508476467585215
1987561,716937,4338035,5054972,6.050789678869971
1987633,716994,4338293,5055287,6.050668485370868
1987782,717045,4338690,5055735,6.050791791310169
1987975,717045,4339134,5056179,6.051410999309667
1988091,717045,4339318,5056363,6.051667608030179
1988102,717052,4339353,5056405,6.05165734144804
1988144,717073,4339429,5056502,6.051586100717779
1990436,717562,4340991,5058553,6.049638916219086
1990491,717570,4341063,5058633,6.049671809022116
1990619,717570,4341283,5058853,6.049978399319927
1990704,717592,4341403,5058995,6.049960144483216
1990774,717631,4341529,5059160,6.049806934204347
1990962,717631,4342023,5059654,6.05049531026391
1991116,717748,4342431,5060179,6.050077464514008
1991126,717748,4342453,5060201,6.0501081159404135
1991181,717748,4342586,5060334,6.050293417745504
1991207,717756,4342636,5060392,6.050295643644915
1991257,717773,4342702,5060475,6.050244297291762
1991264,717773,4342722,5060495,6.050272161254324
1991351,717773,4343102,5060875,6.050801576543002
1991367,717776,4343134,5060910,6.050820868906177
1991442,717827,4343313,5061140,6.050640335345425
1991459,717850,4343346,5061196,6.050492442710873
1991473,717861,4343368,5061229,6.050430375796986
1991491,717874,4343393,5061267,6.050355633439851
1991497,717874,4343407,5061281,6.050375135469456
1991504,717874,4343416,5061290,6.050387672488487
1992006,718194,4344788,5062982,6.0496021966209685
1992067,718194,4344965,5063159,6.049848648136854
1992078,718200,4344985,5063185,6.049825953773322
1992153,718233,4345232,5063465,6.049891887451565
1992198,718246,4345323,5063569,6.049909084074259
1992209,718246,4345349,5063595,6.049945283370879
1992211,718246,4345354,5063600,6.049952244774075
1992249,718246,4345445,5063691,6.050078942312244
1992447,718246,4345742,5063988,6.0504924496620935
1992471,718251,4345820,5064071,6.050558927171699
1992479,718251,4345825,5064076,6.050565888526434
1992515,718268,4345907,5064175,6.050536846970768
1992531,718268,4345933,5064201,6.0505730451586315
1992564,718273,4345962,5064235,6.050571300884204
1992714,718363,4346213,5064576,6.0501626614956505
1992732,718363,4346266,5064629,6.0502364403511875
1993200,718521,4346682,5065203,6.049484983737427
1993230,718530,4346717,5065247,6.049457921033221
1993237,718530,4346740,5065270,6.049489930831002
1993268,718539,4346822,5065361,6.0495282789104
1993270,718539,4346826,5065365,6.049533845762025
1993283,718539,4346840,5065379,6.049553329742714
1993610,718566,4347404,5065970,6.050110915350851
1993770,718666,4347705,5066371,6.049687893959085
1993911,718743,4347919,5066662,6.049337523982842
1993923,718755,4347944,5066699,6.049271309416978
1993925,718755,4347949,5066704,6.049278265890324
1994118,718776,4348470,5067246,6.049826371498214
1994134,718776,4348523,5067299,6.049900107961312
1994460,718901,4349264,5068165,6.049878912395448
1994518,718931,4349451,5068382,6.049886567695648
1994538,718941,4349470,5068411,6.049828845482453
1994865,719000,4350234,5069234,6.050394993045897
1995020,719000,4350555,5069555,6.050841446453408
1995056,719017,4350601,5069618,6.05076236027799
1995080,719025,4350632,5069657,6.050738152359098
1995207,719102,4350988,5070090,6.050585313349149
1995210,719102,4350995,5070097,6.050595047712285
1995241,719113,4351016,5070129,6.050531696687447
1995282,719128,4351128,5070256,6.050561235273832
1996153,719128,4351363,5070491,6.050888019935255
1996168,719128,4351442,5070570,6.0509978752044145
1996535,719324,4352151,5071475,6.050334758745711
1996543,719328,4352160,5071488,6.050313626050981
1996547,719328,4352166,5071494,6.050321967169358
1996548,719328,4352168,5071496,6.050324747542151
1996606,719437,4352329,5071766,6.049631864916594
1996633,719458,4352361,5071819,6.049499762321081
1996707,719501,4352506,5072007,6.049339750743918
1996715,719501,4352528,5072029,6.049370327490858
1996759,719518,4352597,5072115,6.049323296984926
1996805,719552,4352714,5072266,6.049200057813751
1997670,719553,4355383,5074936,6.052900898196519
1997676,719558,4355397,5074955,6.052878294730932
1997683,719558,4355417,5074975,6.052906089571653
1997704,719570,4355436,5075006,6.052831552176994
1997943,719668,4355797,5075465,6.0525089346754335
1997944,719668,4355799,5075467,6.052511713734667
1998087,719737,4356122,5075859,6.052380244450403
1998139,719774,4356179,5075953,6.052148313220538
1998178,719797,4356281,5076078,6.0520966328006365
1998285,719818,4356508,5076326,6.052235426177172
1998322,719818,4356589,5076407,6.052347954621863
1998665,719818,4357171,5076989,6.053156492335563
1998997,720032,4357957,5077989,6.052449057819652
1999048,720044,4358022,5078066,6.052438462093983
1999061,720047,4358055,5078102,6.052459075588121
1999092,720062,4358073,5078135,6.052357991395185
1999246,720120,4358388,5078508,6.052307948675221
1999287,720156,4358484,5078640,6.0521387032809555
2000209,720575,4360654,5081229,6.051630989140617
2000356,720575,4360852,5081427,6.051905769697811
2000412,720575,4360918,5081493,6.051997363216875
2000455,720583,4360994,5081577,6.052035643361001
2000488,720611,4361065,5081676,6.051899013476064
2000498,720611,4361065,5081676,6.051899013476064
2000547,720623,4361144,5081767,6.051907863057382
2000576,720638,4361183,5081821,6.051836011978275
2000695,720713,4361406,5082119,6.05151565186142
2000764,720765,4361548,5082313,6.051276074726159
2000798,720787,4361594,5082381,6.051155195640321
2000811,720794,4361633,5082427,6.051150536769174
2000833,720802,4361659,5082461,6.051119447504307
2000867,720815,4361697,5082512,6.051063032817019
2000937,720815,4361967,5082782,6.051437608817796
2000949,720823,4361983,5082806,6.051392644241374
2000971,720823,4362037,5082860,6.051467558610089
2001006,720839,4362092,5082931,6.051409538052186
2001016,720849,4362110,5082959,6.051350560242159
2001042,720858,4362123,5082981,6.051293042457738
2001078,720905,4362245,5083150,6.0510677551133645
2001438,721152,4363646,5084798,6.0509379437344695
2001645,721253,4363964,5085217,6.050531505588192
2001660,721261,4364008,5085269,6.050525399266007
2001671,721261,4364034,5085295,6.050561447243092
2001710,721261,4364145,5085406,6.05071534437603
2001799,721316,4364305,5085621,6.050475797015455
2001821,721335,4364355,5085690,6.050385743101333
2001837,721342,4364452,5085794,6.050461500924666
2001841,721343,4364460,5085803,6.05046420357583
2001877,721358,4364563,5085921,6.050481175782344
2001947,721358,4364658,5086016,6.050612871833403
2001968,721370,4364683,5086053,6.050546876083009
2002031,721377,4364814,5086191,6.0506697607492335
2002078,721392,4364915,5086307,6.050683955463881
2002166,721392,4365035,5086427,6.050850300530087
2002241,721440,4365208,5086648,6.050687513861167
2002307,721460,4365342,5086802,6.0507055138192
2002405,721506,4365476,5086982,6.050505470501978
2002440,721548,4365553,5087101,6.0502599965629456
2002485,721563,4365692,5087255,6.050326859886108
2002495,721575,4365735,5087310,6.050285833073485
2002511,721582,4365750,5087332,6.050247927470474
2002516,721582,4365762,5087344,6.050264557597058
2002538,721591,4365817,5087408,6.050265316502007
2002560,721601,4365871,5087472,6.050256305077182
2002602,721616,4365979,5087595,6.050280204430057
2002626,721626,4366064,5087690,6.050314151651964
2002646,721632,4366085,5087717,6.05029294709769
2002737,721681,4366331,5088012,6.0502230209746415
2002768,721681,4366380,5088061,6.05029091800948
2003732,722314,4368658,5090972,6.048142497584153
2003744,722314,4368678,5090992,6.048170186373239
2003745,722314,4368680,5090994,6.048172955252148
2003756,722315,4368687,5091002,6.048174272997238
2003778,722329,4368715,5091044,6.048095812296059
2003827,722344,4368798,5091142,6.048085122877742
2003869,722361,4368871,5091232,6.048043845113455
2003900,722361,4368953,5091314,6.048157361762332
2003957,722380,4369047,5091427,6.048128408870677
2004036,722414,4369233,5091647,6.0481012272741115
2004264,722511,4369733,5092244,6.047981276409632
2004336,722524,4369873,5092397,6.048066223405728
2004453,722565,4370077,5092642,6.048005369759122
2004463,722565,4370097,5092662,6.048033048929854
2004512,722581,4370217,5092798,6.048065199610839
2004611,722645,4370380,5093025,6.047755121809464
2004618,722653,4370393,5093046,6.047706160494733
2004629,722653,4370424,5093077,6.047749057984952
2004761,722722,4370655,5093377,6.0474912898735615
2005091,722843,4371484,5094327,6.047625832995546
2005117,722859,4371509,5094368,6.047526557738093
2005211,722914,4371700,5094614,6.047330664505044
2005217,722914,4371714,5094628,6.047350030570718
2005230,722914,4371740,5094654,6.047385996121253
2005266,722935,4371780,5094715,6.047265660121588
2005272,722935,4371794,5094729,6.047285025624711
2005339,722935,4371949,5094884,6.047499429409283
2005358,722935,4371987,5094922,6.047551992917759
2005359,722935,4371992,5094927,6.047558909168874
2005368,722942,4371999,5094941,6.0475100353831985
2005392,722971,4372100,5095071,6.047407157410187
2005411,722971,4372136,5095107,6.047456951938598
2005445,722981,4372175,5095156,6.047427249125496
2005451,722981,4372189,5095170,6.047446613396479
2005457,722981,4372203,5095184,6.047465977667463
2005629,723027,4372674,5095701,6.047732657286657
2006049,723128,4373713,5096841,6.048324777909305
2006073,723136,4373762,5096898,6.048325626161607
2006089,723136,4373788,5096924,6.048361580670856
2006109,723141,4373835,5096976,6.048384754840343
2006117,723141,4373857,5096998,6.048415177676276
2006268,723198,4374040,5097238,6.048191504954383
2006409,723241,4374417,5097658,6.048353176880182
2006583,723312,4374864,5098176,6.048377463667131
2006586,723312,4374873,5098185,6.04838990643042
2006597,723313,4374901,5098214,6.048420255131596
2006620,723313,4374965,5098278,6.048508736881543
2006664,723326,4375060,5098386,6.048531367599119
2007517,724021,4376902,5100923,6.045269405169187
2007530,724028,4376926,5100954,6.045244106581514
2007538,724028,4376950,5100978,6.045277254470822
2007645,724096,4377148,5101244,6.0449829856814565
2008987,724096,4380444,5104540,6.049534868304755
2009067,724135,4380660,5104795,6.0495073432440085
2009199,724220,4380911,5105131,6.049143906547734
2009270,724256,4381029,5105285,6.049006152520656
2009305,724256,4381139,5105395,6.049158032518888
2009361,724279,4381225,5105504,6.049084675932893
2009385,724291,4381275,5105566,6.04905348816981
2009390,724291,4381287,5105578,6.049070056096237
2009416,724296,4381295,5105591,6.049039343031026
2009421,724296,4381307,5105603,6.049055910843081
2009463,724309,4381381,5105690,6.049049507875782
2009564,724309,4381823,5106132,6.049659744666986
2009685,724322,4382084,5106406,6.049911503447362
2009810,724322,4382455,5106777,6.050423706583536
2009817,724322,4382475,5106797,6.05045131861244
2009836,724322,4382490,5106812,6.050472027634118
2009966,724323,4382875,5107198,6.0509952051778
2010056,724366,4383024,5107390,6.050841701570753
2010066,724366,4383047,5107413,6.050873453475177
2010140,724378,4383250,5107628,6.0510534555163185
2010193,724408,4383407,5107815,6.051019591169617
2010701,724408,4384309,5108717,6.052264745833839
2010719,724408,4384332,5108740,6.052296495897339
2010750,724408,4384412,5108820,6.052406930900818
2012687,724530,4388387,5112917,6.056874111492968
2012754,724576,4388533,5113109,6.056691085545202
2012780,724585,4388564,5113149,6.056658639083062
2013203,724842,4389397,5114239,6.055660405991927
2013213,724842,4389418,5114260,6.055689377823029
2013326,724908,4389628,5114536,6.055427723242122
2013365,724921,4389690,5114611,6.055404657886859
2013371,724921,4389704,5114625,6.055423970336078
2013425,724951,4389850,5114801,6.055374777053897
2013438,724955,4389858,5114813,6.055352401183522
2013839,725064,4390178,5115242,6.054883430979886
2013932,725085,4390364,5115449,6.054964590358372
2013968,725087,4390407,5115494,6.05500719224038
2013995,725087,4390488,5115575,6.055118902973023
2014106,725184,4390728,5115912,6.05463992586709
2014107,725184,4390731,5115915,6.0546440627482125
2014136,725205,4390770,5115975,6.054522514323536
2014217,725205,4391059,5116264,6.054921022331617
2014569,725334,4391482,5116816,6.054427339680754
2014585,725334,4391511,5116845,6.0544673212616535
2014613,725337,4391546,5116883,6.05449053336587
2014616,725340,4391549,5116889,6.054469628036507
2014793,725441,4391873,5117314,6.054073315404009
2014833,725441,4391873,5117314,6.054073315404009
2014924,725522,4392130,5117652,6.053751643644162
2014971,725556,4392211,5117767,6.053579599644962
2014977,725556,4392229,5117785,6.053604408205569
2014988,725564,4392249,5117813,6.053565226499661
2015476,725761,4393593,5119354,6.053773900774497
2015506,725770,4393628,5119398,6.053747054852088
2016910,726091,4396358,5122449,6.054830592859573
2016961,726108,4396428,5122536,6.054785238559553
2017264,726264,4397314,5123578,6.0547046253153125
2017292,726264,4397383,5123647,6.054799632089709
2017330,726276,4397467,5123743,6.054815249299165
2017377,726303,4397570,5123873,6.0547319782515014
2017483,726363,4397822,5124185,6.05457877122045
2017560,726400,4397975,5124375,6.054481002202643
2017647,726467,4398221,5124688,6.0542612396709
2017650,726467,4398234,5124701,6.05427913449613
2017663,726475,4398254,5124729,6.054239994493961
2017729,726506,4398318,5124824,6.0540697530371395
2017868,726581,4398461,5125042,6.053641644909515
2017971,726649,4398708,5125357,6.05341506009091
2018010,726663,4398802,5125465,6.053427792525558
2018021,726663,4398812,5125475,6.053441554062887
2018057,726683,4398869,5125552,6.0533533879284365
2018185,726715,4399128,5125843,6.053443234280289
2018202,726715,4399171,5125886,6.053502404656571
2018227,726730,4399214,5125944,6.05343662708296
2018269,726753,4399315,5126068,6.05338402455855
2019346,726802,4400963,5127765,6.055243381278532
2019372,726814,4401046,5127860,6.055257603733555
2019465,726865,4401219,5128084,6.05507074903868
2019517,726874,4401285,5128159,6.05508657621541
2019537,726874,4401326,5128200,6.055142982139958
2019554,726885,4401358,5128243,6.055095372720582
2019565,726891,4401377,5128268,6.05507153066966
2019691,726917,4401516,5128433,6.055046174460083
2019701,726917,4401516,5128433,6.055046174460083
2019734,726961,4401599,5128560,6.05479386101868
2019780,726989,4401656,5128645,6.054639066065649
2019955,727094,4401895,5128989,6.054093418457586
2021173,727482,4404515,5131997,6.05446595242219
2021188,727482,4404543,5132025,6.054504441347002
2021231,727496,4404650,5132146,6.05453500775262
2021237,727496,4404667,5132163,6.054558375578697
2021250,727496,4404671,5132167,6.054563873890715
2021432,727496,4404945,5132441,6.054940508263963
2021453,727499,4404983,5132482,6.054967773151578
2021483,727520,4405034,5132554,6.054863096547174
2021495,727537,4405068,5132605,6.054768348551345
2021500,727537,4405068,5132605,6.054768348551345
2021505,727537,4405080,5132617,6.054784842557836
2022003,727619,4405646,5133265,6.054880370083794
2022401,727911,4406580,5134491,6.053734591179416
2022414,727915,4406607,5134522,6.053738417260257
2022511,727922,4407130,5135052,6.054398685573454
2022538,727941,4407190,5135131,6.054323083876303
2022638,727982,4407330,5135312,6.054174416400405
2022735,728036,4407505,5135541,6.053965737958013
2022746,728036,4407556,5135592,6.054035789438983
2022771,728048,4407586,5135634,6.0539772102938265
2022893,728079,4407848,5135927,6.054079296340095
2022929,728092,4407950,5136042,6.054111293627728
2022939,728092,4407950,5136042,6.054111293627728
2022945,728092,4407964,5136056,6.0541305219670045
2023056,728154,4408349,5136503,6.0541437662911965
2024302,728173,4410360,5138533,6.056747503683877
2024575,728173,4411158,5139331,6.057843397104809
2024625,728209,4411308,5139517,6.057749904217059
2024903,728342,4412695,5141037,6.0585480447372255
2025045,728359,4412985,5141344,6.058804792691516
2025074,728359,4413019,5141378,6.058851472968687
2025151,728368,4413029,5141397,6.058790336752851
2025199,728368,4413180,5141548,6.058997649539793
2025280,728399,4413347,5141746,6.058969054048674
2025308,728415,4413390,5141805,6.058894998043698
2025325,728421,4413427,5141848,6.058895885758373
2025574,728612,4413890,5142502,6.057943047877334
2025668,728666,4414090,5142756,6.057768579843166
2025738,728744,4414254,5142998,6.05734524057831
2025795,728803,4414442,5143245,6.0571128274718955
2025825,728828,4414510,5143338,6.056998359009259
2026135,728955,4415146,5144101,6.056815578465063
2026421,729028,4416040,5145068,6.057435379711067
2026492,729056,4416186,5145242,6.057402997849273
2026522,729071,4416284,5145355,6.057412789700866
2026533,729074,4416292,5145366,6.057398837429397
2026599,729093,4416340,5145433,6.057306818197405
2026602,729093,4416346,5145439,6.0573150476002375
2026615,729093,4416372,5145465,6.057350708345849
2027422,729170,4417618,5146788,6.058419847223556
2027435,729170,4417664,5146834,6.058482932649451
2027437,729170,4417675,5146845,6.058498018294774
2027473,729183,4417705,5146888,6.058431148285136
2027530,729183,4417825,5147008,6.05859571602739
2027546,729183,4417851,5147034,6.058631372371544
2027662,729245,4418124,5147369,6.058490630720814
2027702,729246,4418128,5147374,6.058487807955066
2027739,729255,4418197,5147452,6.058507655072643
2027751,729255,4418212,5147467,6.058528224009434
2027758,729255,4418232,5147487,6.05855564925849
2027873,729295,4418531,5147826,6.058633337675427
2027923,729316,4418664,5147980,6.058641247415387
2027975,729328,4418715,5148043,6.058611488932278
2028016,729340,4418811,5148151,6.058643431047249
2028079,729373,4418942,5148315,6.058548918043305
2028720,729373,4419913,5149286,6.059880198471838
2028991,729388,4421404,5150792,6.061799755411386
2029021,729407,4421464,5150871,6.061724112875253
2029027,729407,4421478,5150885,6.061743306549019
2030566,729421,4424700,5154121,6.066044163795668
2030580,729425,4424728,5154153,6.066049285396031
2030587,729425,4424740,5154165,6.0660657367104225
2030603,729440,4424766,5154206,6.06597663961395
2030617,729444,4424806,5154250,6.0659982123370675
2030757,729444,4425069,5154513,6.066358760919275
2030904,729503,4425281,5154784,6.066158740951031
2030915,729510,4425288,5154798,6.066110128716535
2030939,729514,4425320,5154834,6.066120732432825
2030990,729532,4425451,5154983,6.066150628073888
2031017,729532,4425553,5155085,6.066290443736532
2031169,729565,4425914,5155479,6.066510866064024
2031194,729581,4425977,5155558,6.066464176013356
2031197,729581,4425981,5155562,6.066469658612272
2031276,729596,4426040,5155636,6.0664258027730416
2031293,729596,4426115,5155711,6.066528599389251
2031294,729597,4426116,5155713,6.06652165510549
2031358,729634,4426255,5155889,6.066404526104869
2031374,729640,4426294,5155934,6.066408091661641
2031511,729716,4426647,5156363,6.0662600244478675
2031604,729748,4426839,5156587,6.066257118895838
2031694,729748,4427124,5156872,6.066647664673284
2031725,729757,4427184,5156941,6.066655064631103
2032038,729919,4427780,5157699,6.066125145392845
2032100,729945,4427823,5157768,6.065967983889197
2032107,729945,4427846,5157791,6.0659994931124945
2032316,730076,4428433,5158509,6.0657150762386385
2032585,730227,4428807,5159034,6.0649729467686075
2032599,730227,4428833,5159060,6.065008552135158
2032646,730253,4428913,5159166,6.064902164044516
2032806,730261,4429520,5159781,6.065666932781567
2032816,730261,4429543,5159804,6.065698428370131
2032829,730267,4429600,5159867,6.065726645185939
2032839,730277,4429624,5159901,6.065676448799565
2033128,730277,4429981,5160258,6.0661653043981945
2033179,730319,4430054,5160373,6.065916400915216
2033950,730352,4431152,5161504,6.0671457050846715
2034041,730386,4431407,5161793,6.067212405495177
2034074,730386,4431456,5161842,6.067279493309018
2034100,730402,4431487,5161889,6.067189027412302
2034195,730430,4431603,5162033,6.067115260873732
2034291,730464,4431822,5162286,6.067132671835983
2034357,730498,4431934,5162432,6.067003605759359
2034390,730520,4432004,5162524,6.0669167168592235
2034423,730543,4432122,5162665,6.066887233195034
2034461,730570,4432252,5162822,6.066840959798514
2034532,730586,4432479,5163065,6.067018804083298
2034871,730586,4433318,5163904,6.068167197290942
2034908,730600,4433348,5163948,6.068091979195182
2034955,730628,4433450,5164078,6.067999036445359
2035703,731023,4434902,5165925,6.0667065194939145
2035722,731023,4434940,5165963,6.066758501442499
2035727,731027,4434953,5165980,6.066743088832561
2035735,731027,4434978,5166005,6.066777287295818
2035769,731027,4435080,5166107,6.06691681702591
2035770,731027,4435082,5166109,6.066919552902971
2035862,731049,4435323,5166372,6.067066639855878
2036002,731121,4435548,5166669,6.06677690833665
2036022,731129,4435573,5166702,6.06674471946811
2036033,731129,4435600,5166729,6.066781648655709
2036053,731140,4435638,5166778,6.066742347566813
2036111,731140,4435831,5166971,6.067006318899253
2036127,731140,4435857,5166997,6.067041879804141
2036133,731140,4435875,5167015,6.0670664988921414
2036397,731202,4436339,5167541,6.067186632421683
2036418,731210,4436377,5167587,6.067172221386469
2036438,731210,4436441,5167651,6.067259747541746
2036464,731217,4436520,5167737,6.067309704232806
2036486,731227,4436577,5167804,6.067304681036122
2036510,731232,4436620,5167852,6.067321999037241
2036516,731232,4436643,5167875,6.067353452802941
2036637,731232,4437068,5168300,6.067934663690867
2036806,731300,4437191,5168491,6.067538629837276
2036828,731300,4437215,5168515,6.067571448106112
2036848,731313,4437277,5168590,6.067548368482442
2036877,731322,4437310,5168632,6.067518822078373
2036883,731322,4437324,5168646,6.067537965492629
2037403,731514,4437910,5169424,6.066746501092255
2037414,731514,4437920,5169434,6.06676017137061
2037462,731523,4438028,5169551,6.066833168608506
2037545,731537,4438077,5169614,6.066784045099564
2037585,731551,4438142,5169693,6.0667567948099315
2037775,731622,4438544,5170166,6.066717512595302
2037796,731638,4438593,5170231,6.066651814148527
2037819,731644,4438617,5170261,6.0666348661370835
2037837,731663,4438643,5170306,6.066512861795663
2037860,731671,4438681,5170352,6.066498467207256
2037864,731673,4438688,5170361,6.066491451782422
2037901,731673,4438838,5170511,6.066696461397373
2037926,731693,4438926,5170619,6.066650904136024
2037975,731693,4439007,5170700,6.066761606302097
2037986,731693,4439037,5170730,6.0668026071043455
2038003,731699,4439055,5170754,6.066777459037118
2038088,731699,4439271,5170970,6.0670726623925955
2038424,731831,4439839,5171670,6.066754482933901
2038497,731882,4439925,5171807,6.066449236352308
2038508,731884,4439950,5171834,6.066466817145886
2038531,731902,4439994,5171896,6.066377739096218
2038537,731902,4440008,5171910,6.066396867340163
2038786,732013,4440284,5172297,6.065854021718193
2038819,732022,4440323,5172345,6.065832720874509
2038868,732033,4440471,5172504,6.0659437484375704
2038909,732061,4440540,5172601,6.0658059915772045
2038958,732099,4440627,5172726,6.065609978978253
2039039,732143,4440798,5172941,6.065479011613851
2039045,732143,4440812,5172955,6.06549813356134
2039078,732155,4440903,5173058,6.065523010837869
2039088,732155,4440925,5173080,6.065553059119995
2039268,732218,4441276,5173494,6.065510544673854
2039272,732218,4441286,5173504,6.065524201808751
2039290,732233,4441312,5173545,6.065435455654143
2039333,732251,4441346,5173597,6.065332788893426
2039367,732254,4441356,5173610,6.065321596058198
2040123,732268,4443188,5175456,6.067707451370263
2040170,732295,4443286,5175581,6.0676175584976
2040257,732332,4443497,5175829,6.067599121709826
2040295,732353,4443552,5175905,6.06750023554215
2040326,732353,4443629,5175982,6.067605376095954
2040382,732353,4443629,5175982,6.067605376095954
2040386,732354,4443636,5175990,6.067606649243399
2040545,732435,4443876,5176311,6.067263306641545
2040667,732472,4444178,5176650,6.0673691281031905
2040720,732511,4444296,5176807,6.067207181871671
2040740,732511,4444326,5176837,6.067248136888047
2040930,732615,4444629,5177244,6.0668004340615465
2040957,732626,4444662,5177288,6.06675438764117
2040987,732635,4444711,5177346,6.0667467429211
2041495,732635,4445613,5178248,6.06797791533301
2041510,732639,4445628,5178267,6.0679652598346525
2041533,732657,4445661,5178318,6.067861222918774
2041546,732657,4445691,5178348,6.06790216977385
2041550,732657,4445700,5178357,6.067914453830373
2041663,732670,4445928,5178598,6.068117979445043
2041756,732689,4445982,5178671,6.068034322884607
2041874,732689,4446209,5178898,6.068344140556225
2041882,732689,4446227,5178916,6.068368707596266
2042063,732689,4446416,5179105,6.068626661516687
2042171,732689,4446559,5179248,6.068821833001451
2042235,732723,4446698,5179421,6.0687299293184465
2042251,732723,4446724,5179447,6.068765413396331
2042299,732723,4446850,5179573,6.06893737469685
2042305,732723,4446869,5179592,6.0689633053691505
2043020,732857,4449009,5181866,6.070773698006569
2043028,732865,4449025,5181890,6.0707292611872585
2043206,732889,4449311,5182200,6.070920698768845
2043399,732959,4449769,5182728,6.070965770254544
2043505,733010,4449972,5182982,6.070820316230338
2043526,733016,4450037,5183053,6.07085929911489
2043539,733020,4450053,5183073,6.07084799869035
2043585,733023,4450119,5183142,6.070913190991279
2043950,733139,4450547,5183686,6.070536419423875
2044122,733139,4450923,5184062,6.071049282605345
2044130,733139,4450923,5184062,6.071049282605345
2044181,733139,4451039,5184178,6.0712075063528195
2044681,733168,4451599,5184767,6.071731172118805
2044711,733168,4451678,5184846,6.071838923684613
2044964,733263,4452265,5185528,6.071852800427678
2044966,733263,4452269,5185532,6.0718582554963225
2045248,733403,4452830,5186233,6.071464119999509
2045264,733404,4452858,5186262,6.071494019667195
2045265,733404,4452863,5186267,6.071500837192052
2045272,733407,4452875,5186282,6.071492363721644
2045328,733428,4452934,5186362,6.0713989648609
2045421,733483,4453055,5186538,6.071108669185244
2045909,733483,4453901,5187384,6.072262070150228
2045928,733507,4453955,5187462,6.072137007554121
2045946,733507,4453965,5187472,6.072150640689182
2046416,733738,4454807,5188545,6.0713865167130505
2046557,733778,4455028,5188806,6.071356731872583
2046850,733892,4455573,5189465,6.07115624642318
2046857,733892,4455585,5189477,6.071172597602917
2047117,733980,4456058,5190038,6.071089130494019
2047152,733997,4456098,5190095,6.071003014998699
2047170,734012,4456142,5190154,6.070938894731966
2047232,734050,4456223,5190273,6.0707349635583405
2047262,734070,4456285,5190355,6.070654024820521
2047272,734070,4456301,5190371,6.070675821106979
2047301,734082,4456389,5190471,6.070696461703188
2047304,734082,4456401,5190483,6.070712808650804
2047744,734211,4456704,5190915,6.0700588795319055
2048752,734226,4457933,5192159,6.071608741722576
2048821,734230,4458013,5192243,6.071684621984937
2048827,734230,4458027,5192257,6.07170368957956
2048830,734230,4458032,5192262,6.071710499434782
2048857,734243,4458087,5192330,6.0716779049987535
2049638,734277,4459366,5193643,6.07313861117807
2049726,734314,4459615,5193929,6.0731716949424905
2049744,734328,4459637,5193965,6.073085868984977
2049746,734330,4459638,5193968,6.073070690289107
2049757,734334,4459661,5193995,6.073068930486672
2049777,734334,4459704,5194038,6.073127486947357
2049814,734341,4459781,5194122,6.073174451651209
2049864,734363,4459863,5194226,6.073104173276704
2050294,734393,4460330,5194723,6.073491985898558
2050299,734396,4460335,5194731,6.073473984063094
2050329,734411,4460383,5194794,6.073415294705553
2050348,734421,4460437,5194858,6.073406125369509
2050388,734439,4460492,5194931,6.0733321623715515
2050405,734445,4460510,5194955,6.073307054987099
2050515,734488,4460633,5195121,6.073118961780179
2050535,734488,4460697,5195185,6.073206097308601
2050589,734513,4460782,5195295,6.073115111645403
2050774,734578,4461011,5195589,6.072889468511172
2050944,734717,4461445,5196162,6.072331251352562
2050988,734724,4461557,5196281,6.072425836096276
2051168,734738,4461730,5196468,6.072545587678873
2051281,734813,4461980,5196793,6.072266005092452
2051291,734813,4461996,5196809,6.072287779339778
2051298,734813,4462015,5196828,6.072313636258476
2051745,735008,4462711,5197719,6.071649560276895
2051780,735026,4462788,5197814,6.071605630277024
2051810,735041,4462859,5197900,6.071578320120919
2051891,735097,4463058,5198155,6.0713864972921945
2051897,735100,4463064,5198164,6.071369881648756
2052008,735118,4463391,5198509,6.071666045451207
2052056,735148,4463530,5198678,6.071607349812555
2052102,735148,4463725,5198873,6.071872602523573
2052260,735248,4464207,5199455,6.071702337170588
2052267,735250,4464213,5199463,6.071693981638898
2052291,735257,4464252,5199509,6.071689218871769
2052317,735276,4464298,5199574,6.071594884097944
2052324,735279,4464317,5199596,6.071595952012774
2052423,735312,4464419,5199731,6.071462182039733
2052512,735336,4464531,5199867,6.071416332125722
2052594,735369,4464672,5200041,6.07133561518095
2052623,735386,4464787,5200173,6.071351643898579
2052629,735386,4464801,5200187,6.071370681519637
2052635,735386,4464815,5200201,6.071389719140696
2052741,735413,4465004,5200417,6.071423812198044
2052780,735443,4465094,5200537,6.071298523474967
2053105,735523,4465704,5201227,6.071467513592369
2053119,735523,4465730,5201253,6.071502862588933
2053154,735534,4465748,5201282,6.07143653454497
2053256,735534,4465885,5201419,6.071622793779757
2053262,735534,4465903,5201437,6.071647265796007
2053263,735534,4465903,5201437,6.071647265796007
2053323,735574,4466066,5201640,6.071538689513224
2053325,735574,4466069,5201643,6.071542767960803
2053373,735585,4466135,5201720,6.07154169810423
2053379,735586,4466145,5201731,6.071547038687522
2053443,735598,4466270,5201868,6.071617921745301
2053592,735678,4466711,5202389,6.071557121458029
2053596,735678,4466724,5202402,6.071574792232472
2053606,735686,4466783,5202469,6.07158896594471
2053651,735705,4466880,5202585,6.071564010031195
2053664,735712,4466919,5202631,6.071559251446218
2053675,735712,4466945,5202657,6.071594591361837
2053702,735728,4467015,5202743,6.071557695235196
2053768,735728,4467127,5202855,6.071709925407216
2053819,735751,4467235,5202986,6.071666909049393
2053841,735751,4467302,5203053,6.071757972466228
2054402,735906,4468866,5204772,6.072604381537859
2054428,735920,4468916,5204836,6.072556799652136
2054470,735939,4469002,5204941,6.072516879795744
2054534,735975,4469091,5205066,6.072340772444716
2054624,736011,4469219,5205230,6.072217670659813
2054706,736033,4469377,5205410,6.072250836579338
2054714,736033,4469395,5205428,6.07227529200457
2055004,736246,4470019,5206265,6.071366092311537
2055097,736287,4470206,5206493,6.071281986507978
2055289,736352,4470659,5207011,6.071361251140758
2055375,736441,4470921,5207362,6.070983283114329
2055382,736441,4470938,5207379,6.071006367108838
2055502,736495,4471215,5207710,6.070937345127937
2055510,736495,4471235,5207730,6.070964500777331
2055519,736502,4471263,5207765,6.070944817529348
2055541,736502,4471333,5207835,6.071039861398883
2055566,736502,4471401,5207903,6.071132189729288
2055605,736502,4471517,5208019,6.071289690998802
2055615,736502,4471533,5208035,6.071311415311839
2055695,736542,4471617,5208159,6.0710957419943465
2055779,736576,4471694,5208270,6.070920040837605
2056121,736576,4472023,5208599,6.071366702146147
2056141,736576,4472044,5208620,6.071395212442436
2056163,736592,4472092,5208684,6.0713284966440035
2056184,736592,4472114,5208706,6.071358363924669
2056209,736592,4472237,5208829,6.071525349175663
2056261,736631,4472389,5209020,6.071410244749407
2056267,736631,4472407,5209038,6.071434680321627
2056284,736637,4472453,5209090,6.071447673684596
2056323,736637,4472489,5209126,6.071496544430975
2056357,736637,4472592,5209229,6.0716363690664465
2056366,736639,4472607,5209246,6.071640247122403
2056929,736744,4473600,5210344,6.072122745485542
2057134,736877,4474021,5210898,6.071598109318109
2057264,736887,4474102,5210989,6.071625635952324
2057272,736891,4474122,5211013,6.071619818942015
2057281,736891,4474135,5211026,6.071637460628505
2057288,736891,4474152,5211043,6.071660530526224
2057409,736929,4474491,5211420,6.071807460420203
2057430,736941,4474548,5211489,6.071785936730349
2057433,736942,4474551,5211493,6.071781768443107
2057434,736942,4474553,5211495,6.071784482360892
2057517,736969,4474751,5211720,6.07183070115568
2057648,737031,4475136,5212167,6.071842296999719
2057813,737046,4475465,5212511,6.072165102313831
2057828,737046,4475491,5212537,6.072200378266757
2057833,737048,4475503,5212551,6.072200182349047
2057910,737048,4475776,5212824,6.072570578849682
2057955,737049,4475912,5212961,6.072746859435397
2058129,737112,4476105,5213217,6.072489662357959
2058271,737171,4476487,5213658,6.072521843642791
2058536,737261,4476983,5214244,6.072453310293098
2058562,737274,4477033,5214307,6.072414055018894
2058760,737277,4477189,5214466,6.072600935604935
2058775,737290,4477225,5214515,6.072542690121933
2058789,737295,4477260,5214555,6.072548979716395
2059029,737295,4478110,5215405,6.073701842546064
2059035,737295,4478124,5215419,6.073720830875023
2059241,737375,4478579,5215954,6.0736789286319715
2059500,737513,4479268,5216781,6.073476670919699
2059713,737610,4479903,5217513,6.073538862000244
2059740,737613,4479933,5217546,6.073554831598684
2059777,737626,4479982,5217608,6.07351421994344
2059790,737626,4479998,5217624,6.073535911152806
2059835,737650,4480058,5217708,6.073419643462347
2059931,737698,4480205,5217903,6.073223731120323
2059962,737716,4480243,5217959,6.073127057024655
2059984,737724,4480262,5217986,6.07308695392857
2060037,737748,4480372,5218120,6.0730384901077334
2060352,737842,4481333,5219175,6.073567240682965
2060403,737890,4481449,5219339,6.073329358034395
2060480,737917,4481571,5219488,6.073272468312832
2060859,738021,4481840,5219861,6.072781126824305
2061358,738030,4482943,5220973,6.074201590721245
2061363,738030,4482955,5220985,6.07421785022289
2061392,738030,4483051,5221081,6.074347926236061
2061487,738031,4483392,5221423,6.07480173597044
2061564,738032,4483501,5221533,6.0749411949617365
2061596,738050,4483578,5221628,6.07489736467719
2061623,738069,4483674,5221743,6.074871048641794
2061643,738069,4483695,5221764,6.074899501266142
2061656,738072,4483734,5221806,6.074927649335025
2061675,738072,4483809,5221881,6.075029265437518
2061717,738092,4483867,5221959,6.0749432320090175
2061718,738093,4483869,5221962,6.074937711101446
2061754,738112,4483962,5222074,6.074907331136738
2061761,738116,4483986,5222102,6.074906925198749
2061861,738133,4484313,5222446,6.075210023125914
2061868,738133,4484337,5222470,6.075242537591464
2061897,738137,4484371,5222508,6.075255677469087
2061951,738167,4484454,5222621,6.0751212124085745
2061952,738167,4484454,5222621,6.0751212124085745
2062016,738206,4484671,5222877,6.075094214893945
2062140,738281,4484965,5223246,6.074875284613853
2062153,738281,4485007,5223288,6.074932173522006
2062166,738281,4485070,5223351,6.075017506884235
2062175,738281,4485096,5223377,6.075052723827377
2062249,738281,4485328,5223609,6.075366967320031
2062281,738287,4485381,5223668,6.075389381094344
2062341,738299,4485455,5223754,6.075390864676777
2062454,738299,4485790,5224089,6.075844610381431
2062480,738304,4485828,5224132,6.0758549323855755
2062510,738327,4485863,5224190,6.075713064807328
2062522,738327,4485888,5224215,6.075746925142925
2062568,738327,4486063,5224390,6.075983947492101
2062638,738327,4486191,5224518,6.076157312410355
2062666,738335,4486245,5224580,6.076164613623897
2062673,738335,4486262,5224597,6.076187638402622
2062695,738337,4486269,5224606,6.076180660050898
2062702,738337,4486289,5224626,6.076207747952493
2062810,738384,4486464,5224848,6.076057986088539
2063393,738417,4487645,5226062,6.07738581316519
2063432,738436,4487739,5226175,6.077356737753847
2063566,738483,4487966,5226449,6.077277337460713
2063588,738483,4487971,5226454,6.077284108097275
2063771,738547,4488161,5226708,6.077014732982464
2063785,738547,4488207,5226754,6.0770770174410025
2063792,738549,4488219,5226768,6.077076808715468
2063884,738549,4488224,5226773,6.077083578746976
2066435,738897,4494302,5233199,6.082447215241096
2066446,738913,4494330,5233243,6.082353402903996
2066478,738921,4494381,5233302,6.082356571270813
2067422,738941,4496444,5235385,6.0849837808431255
2067444,738941,4496449,5235390,6.084990547283207
2067451,738941,4496469,5235410,6.085017613043531
2067456,738945,4496485,5235430,6.085006326587229
2067517,738954,4496618,5235572,6.085112199135535
2067528,738954,4496636,5235590,6.08513655789129
2067545,738960,4496664,5235624,6.085125040597597
2067551,738960,4496678,5235638,6.085143986142687
2067571,738960,4496727,5235687,6.085210295550503
2068280,738968,4498958,5237926,6.088163492871139
2068314,739001,4499022,5238023,6.087978230070054
2068331,739019,4499108,5238127,6.0879463180243
2068338,739019,4499128,5238147,6.08797338092796
2068427,739056,4499340,5238396,6.087955445866077
2068531,739065,4499580,5238645,6.088206044123318
2068539,739065,4499602,5238667,6.088235811464486
2068548,739067,4499618,5238685,6.08824098491747
2068646,739112,4499863,5238975,6.088201788091656
2068719,739145,4500048,5239193,6.088180262330125
2068773,739145,4500224,5239369,6.088418375284958
2068790,739150,4500254,5239404,6.0884177771764865
2068837,739162,4500333,5239495,6.088425811932972
2068916,739203,4500439,5239642,6.0882315142119285
2068998,739243,4500603,5239846,6.088123932184681
2069104,739330,4500913,5240243,6.087826816171399
2069131,739330,4500993,5240323,6.087935022249875
2069181,739330,4501177,5240507,6.088183896230371
2069267,739330,4501563,5240893,6.08870599055902
2069348,739331,4501852,5241183,6.089088649062464
2069568,739501,4502391,5241892,6.088417730334374
2069618,739544,4502516,5242060,6.088232748829008
2069661,739544,4502651,5242195,6.0884152937485805
2069716,739544,4502787,5242331,6.088599190852742
2069820,739590,4502895,5242485,6.088366527400316
2069861,739624,4502934,5242558,6.088139378927671
2069909,739630,4503032,5242662,6.08822248962319
2069917,739630,4503061,5242691,6.088261698416776
2069971,739630,4503263,5242893,6.088534807944513
2070149,739693,4503575,5243268,6.0884380411873575
2070449,739693,4503797,5243490,6.088738165698472
2070478,739693,4503840,5243533,6.088796297923598
2070500,739703,4503886,5243589,6.08877617097673
2070522,739716,4503913,5243629,6.088705665417539
2070593,739728,4504043,5243771,6.088782633616681
2070715,739821,4504247,5244068,6.088292978977347
2070953,739984,4504977,5244961,6.087938387857035
2071087,740085,4505229,5245314,6.087448063398123
2071427,740223,4505955,5246178,6.087293964116219
2071434,740223,4505978,5246201,6.087325035833796
2071908,740322,4507259,5247581,6.088241332825446
2071949,740341,4507325,5247666,6.08817423322496
2071960,740341,4507355,5247696,6.088214755092586
2072146,740414,4507619,5248033,6.087971054031933
2072170,740422,4507649,5248071,6.08794579307476
2072336,740436,4508049,5248485,6.088370905790642
2072392,740436,4508241,5248677,6.08863021246941
2072437,740446,4508325,5248771,6.088661428382354
2072457,740460,4508388,5248848,6.088631391297302
2072527,740485,4508523,5249008,6.088608141961012
2072539,740486,4508546,5249032,6.088630980194089
2072580,740501,4508580,5249081,6.08855356035981
2072583,740501,4508588,5249089,6.088564363856362
2072711,740503,4508925,5249428,6.0890030155178305
2072840,740510,4509271,5249781,6.08941270205669
2072896,740539,4509463,5250002,6.08943350721569
2073008,740597,4509749,5250346,6.089342786967811
2073027,740618,4509783,5250401,6.089216033096684
2073169,740684,4510084,5250768,6.089079823514481
2073308,740685,4510642,5251327,6.0898249593281895
2073361,740704,4510772,5251476,6.089844256275112
2073378,740716,4510801,5251517,6.089784748810611
2073455,740761,4510921,5251682,6.089576800074518
2073465,740769,4510934,5251703,6.089528584484502
2074043,740769,4511816,5252585,6.09071923906103
2074115,740792,4511979,5252771,6.09075017008823
2074275,740855,4512385,5253240,6.090780247146878
2074365,740874,4512434,5253308,6.090690184835748
2074384,740874,4512434,5253308,6.090690184835748
2074437,740874,4512627,5253501,6.090950687971234
2074457,740884,4512657,5253541,6.090908968205549
2074500,740915,4512760,5253675,6.0907931409136005
2074513,740915,4512775,5253690,6.090813386150908
2074877,740996,4513750,5254746,6.091463381718659
2074904,741013,4513823,5254836,6.09142214778958
2074968,741040,4513971,5255011,6.09139992443053
2075007,741070,4514052,5255122,6.091262633759294
2075185,741133,4514395,5255528,6.091207650988419
2075186,741134,4514396,5255530,6.091200781505099
2075192,741134,4514414,5255548,6.091225068611075
2075205,741148,4514435,5255583,6.091138342139492
2075273,741174,4514614,5255788,6.09116617690313
2075385,741232,4514871,5256103,6.09103627474259
2075411,741250,4514934,5256184,6.090973355817876
2075418,741250,4514950,5256200,6.090994940978078
2075558,741250,4515213,5256463,6.091349747048904
2075599,741260,4515318,5256578,6.091409222135283
2075642,741274,4515396,5256670,6.0913994015708095
2075657,741274,4515415,5256689,6.091425033118658
2076355,741678,4517338,5259016,6.0906997376219865
2076433,741741,4518077,5259818,6.091178726806257
2076484,741741,4518251,5259992,6.091413310036792
2076541,741768,4518348,5260116,6.091322354159252
2076670,741808,4518546,5260354,6.091260811422902
2076700,741823,4518625,5260448,6.091244137752537
2076891,741900,4519074,5260974,6.091217145167812
2077662,742185,4521262,5263447,6.091826161940756
2078007,742366,4521882,5264248,6.091176050627318
2078735,742366,4523504,5265870,6.09336095672485
2078738,742366,4523513,5265879,6.0933730801248975
2078867,742434,4523698,5266132,6.093064164626081
2078896,742450,4523779,5266229,6.0930419556872515
2078963,742497,4523904,5266401,6.092824617473202
2079303,742503,4524281,5266784,6.093283124781987
2079332,742530,4524373,5266903,6.093185460520114
2079399,742554,4524524,5267078,6.0931918756077
2079450,742554,4524608,5267162,6.093304998693697
2079717,742588,4525114,5267702,6.09370741245482
2079732,742593,4525125,5267718,6.093681195486626
2079739,742593,4525141,5267734,6.0937027416094685
2079753,742593,4525185,5267778,6.093761993447285
2080170,742656,4526162,5268818,6.094560604102034
2080229,742659,4526275,5268934,6.094688140856032
2080239,742661,4526293,5268954,6.094695964915352
2080406,742775,4526531,5269306,6.0940809801083775
2080439,742785,4526603,5269388,6.0940958689257325
2080455,742793,4526640,5269433,6.094080046527094
2080466,742800,4526654,5269454,6.094041464728056
2080495,742803,4526706,5269509,6.09408685748442
2080503,742808,4526729,5269537,6.0940768004652615
2080521,742818,4526759,5269577,6.094035147236604
2080527,742818,4526773,5269591,6.09405399438355
2080614,742872,4526869,5269741,6.093740240579804
2080635,742872,4526901,5269773,6.0937833166413595
2080649,742872,4526936,5269808,6.093830431083686
2080660,742879,4526973,5269852,6.093822816367134
2080666,742879,4526991,5269870,6.093847046423442
2081119,743060,4528006,5271066,6.0937286356418054
2081277,743196,4528492,5271688,6.0932674556913655
2081290,743209,4528505,5271714,6.093178365708703
2081308,743209,4528540,5271749,6.093225458787502
2081396,743259,4528842,5272101,6.093221878241636
2081436,743295,4528979,5272274,6.093111079719358
2082027,743552,4530217,5273769,6.092670048631434
2082045,743558,4530250,5273808,6.092665266193088
2082110,743579,4530301,5273880,6.092561785634075
2082126,743579,4530327,5273906,6.092596751656515
2082151,743604,4530382,5273986,6.092465882378255
2082319,743604,4530698,5274302,6.092890839748038
2082389,743631,4530780,5274411,6.092779886798694
2082587,743635,4530939,5274574,6.09296092841246
2082848,743746,4531631,5275377,6.09298201267637
2082903,743782,4531777,5275559,6.092883398630244
2083015,743802,4531995,5275797,6.093012656594094
2083026,743802,4532025,5275827,6.093052989908605
2083028,743802,4532030,5275832,6.0930597121276895
2083039,743802,4532040,5275842,6.09307315656586
2083064,743804,4532066,5275870,6.093091728466101
2083260,743883,4532607,5276490,6.093171910098765
2083303,743913,4532668,5276581,6.0930081877854
2083452,743986,4532958,5276944,6.092800133335842
2083496,744010,4533078,5277088,6.092764882192443
2083623,744010,4533504,5277514,6.093337455141732
2083631,744010,4533522,5277532,6.093361648364941
2083645,744017,4533526,5277543,6.093309695880605
2083653,744017,4533555,5277572,6.093348673484611
2083694,744029,4533577,5277606,6.093279966237875
2083771,744059,4533622,5277681,6.0930947680224286
2083777,744063,4533632,5277695,6.093075451944258
2083793,744068,4533637,5277705,6.093041227414699
2083849,744078,4533775,5277853,6.093144804711334
2083898,744086,4533850,5277936,6.093180089398269
2084040,744132,4533995,5278127,6.0929982852504665
2084092,744167,4534115,5278282,6.092872970717594
2084171,744212,4534371,5278583,6.092848543157057
2084178,744220,4534381,5278601,6.092796484910376
2084555,744447,4535593,5280040,6.092566697159099
2084562,744447,4535608,5280055,6.092586846343662
2084569,744447,4535625,5280072,6.092609682086166
2084652,744508,4535765,5280273,6.092298538094957
2084760,744570,4536119,5280689,6.092266677411123
2084773,744576,4536130,5280706,6.092232357744542
2084804,744576,4536200,5280776,6.092326370981605
2084887,744635,4536306,5280941,6.091986006566976
2084902,744635,4536387,5281022,6.092094784693172
2084947,744687,4536600,5281287,6.091955412139597
2085015,744714,4536729,5281443,6.091907765934305
2085021,744714,4536743,5281457,6.091926565097474
2085056,744714,4536810,5281524,6.0920165325212094
2085066,744717,4536827,5281544,6.0920148190520695
2085086,744742,4536887,5281629,6.091890883017206
2085120,744747,4536989,5281736,6.091986943216958
2085293,744890,4537421,5282311,6.09139738753373
2085328,744898,4537530,5282428,6.091478296357353
2085531,745051,4537889,5282940,6.090709226616702
2085537,745051,4537906,5282957,6.090732043846663
2085643,745110,4538170,5283280,6.090604071882004
2085672,745116,4538231,5283347,6.090636894121184
2085690,745117,4538254,5283371,6.090659587688913
2085699,745121,4538270,5283391,6.090648364493821
2085741,745137,4538349,5283486,6.090623603444736
2085764,745139,4538434,5283573,6.090721328503809
2085873,745155,4538759,5283914,6.091026699143131
2085891,745165,4538776,5283941,6.090967772238363
2086241,745220,4539479,5284699,6.091461581814766
2086272,745238,4539515,5284753,6.091362759279586
2086278,745238,4539533,5284771,6.091386912637305
2086418,745238,4539729,5284967,6.091649915865804
2086458,745238,4539796,5285034,6.091739820030648
2087085,745535,4540473,5286008,6.090221116379513
2087099,745554,4540516,5286070,6.09012358595085
2087118,745569,4540577,5286146,6.090082876299846
2087136,745569,4540639,5286208,6.090166034263763
2087155,745575,4540681,5286256,6.090173356134527
2087180,745587,4540763,5286350,6.09018531707232
2087209,745589,4540778,5286367,6.0901890988198595
2087219,745589,4540778,5286367,6.0901890988198595
2087243,745589,4540910,5286499,6.090366140058396
2087264,745589,4540953,5286542,6.090423812583072
2087364,745606,4540993,5286599,6.090338597060646
2087372,745606,4541017,5286623,6.090370785642819
2087498,745612,4541436,5287048,6.090883730412064
2087628,745661,4541742,5287403,6.0908938512273005
2087676,745661,4541896,5287557,6.091100379394926
2087681,745661,4541912,5287573,6.091121836866887
2088187,745776,4542425,5288201,6.090870449035635
2088597,746013,4542988,5289001,6.08969012604338
2088697,746013,4543331,5289344,6.09014990355396
2088805,746035,4543547,5289582,6.0902598403560155
2089860,746035,4546253,5292288,6.093887016024717
2090168,746176,4546991,5293167,6.093724536838494
2090456,746176,4547558,5293734,6.094484411184492
2090468,746190,4547592,5293782,6.09441563140755
2090626,746192,4547917,5294109,6.0948348414349125
2090632,746192,4547935,5294127,6.094858963912773
2091173,746222,4549228,5295450,6.096346663593408
2091185,746222,4549257,5295479,6.096385526023087
2091192,746222,4549281,5295503,6.096417688033856
2091341,746295,4549554,5295849,6.09618716459309
2091371,746308,4549589,5295897,6.096127872138581
2091389,746308,4549622,5295930,6.096172089807426
2091415,746323,4549707,5296030,6.096163457377034
2091429,746328,4549742,5296070,6.096169512600358
2091457,746328,4549800,5296128,6.096247226420555
2091469,746335,4549818,5296153,6.096214166560593
2091598,746415,4550116,5296531,6.095960022239638
2091623,746415,4550143,5296558,6.095996195146132
2091631,746415,4550143,5296558,6.095996195146132
2091938,746477,4550483,5296960,6.095945353976077
2092325,746497,4552439,5298936,6.098402270873159
2092429,746556,4552631,5299187,6.0981774977362715
2092674,746663,4553288,5299951,6.09818351786549
2092718,746686,4553420,5300106,6.098172458034568
2092758,746701,4553469,5300170,6.098115577721203
2092790,746701,4553578,5300279,6.098261553151797
2092831,746718,4553711,5300429,6.098300831103576
2092878,746718,4553947,5300665,6.09861688080373
2092911,746734,4554007,5300741,6.098566557837195
2092921,746735,4554033,5300768,6.0985932091036315
2093157,746935,4554827,5301762,6.098023255035579
2093185,746940,4554840,5301780,6.097999839344526
2093270,747018,4554968,5301986,6.097534463694315
2093327,747036,4555071,5302107,6.097525420461665
2093524,747059,4555503,5302562,6.097915961122214
2093557,747074,4555564,5302638,6.097875177023963
2093581,747100,4555608,5302708,6.097721857850355
2093592,747100,4555620,5302720,6.097737919957168
2093669,747175,4555825,5303000,6.097400207448055
2093725,747188,4555866,5303054,6.097348993827524
2093783,747207,4556024,5303231,6.0974054043926245
2093820,747222,4556062,5303284,6.097333857943155
2093829,747224,4556082,5303306,6.097344303716155
2094798,747663,4558660,5306323,6.097212246694032
2094821,747668,4558696,5306364,6.0972196215432515
2095273,747668,4559528,5307196,6.098332414922131
2095281,747672,4559541,5307213,6.098317176515906
2095445,747680,4559626,5307306,6.098365610956559
2095456,747680,4559643,5307323,6.0983883479563445
2096071,747843,4560341,5308184,6.097992493076755
2096077,747843,4560359,5308202,6.098016562299841
2096124,747865,4560457,5308322,6.09796821618875
2096159,747875,4560487,5308362,6.097926792578974
2096162,747875,4560496,5308371,6.0979388266755805
2096406,747986,4561251,5309237,6.098043278884899
2096409,747989,4561258,5309247,6.09802817955879
2096412,747989,4561267,5309256,6.098040211821297
2096419,747989,4561290,5309279,6.0980709609365915
2096448,748006,4561337,5309343,6.097995203247033
2096489,748024,4561435,5309459,6.097979476594334
2096677,748113,4561881,5309994,6.097850191080759
2096699,748121,4561968,5310089,6.097901275328456
2096705,748121,4561986,5310107,6.097925335607475
2096781,748121,4562134,5310255,6.098123164568299
2097048,748121,4562791,5310912,6.099001364752493
2097059,748121,4562821,5310942,6.099041465217525
2097109,748164,4562921,5311085,6.098824589261178
2097174,748194,4563026,5311220,6.098720385354601
2097250,748239,4563162,5311401,6.098535361027693
2097319,748253,4563354,5311607,6.098677853613684
2097326,748256,4563359,5311615,6.098660084249241
2097379,748281,4563471,5311752,6.098606004963376
2097690,748376,4564222,5312598,6.09883534479994
2097697,748376,4564227,5312603,6.098842025933488
2097820,748451,4564407,5312858,6.098471376215677
2097910,748485,4564503,5312988,6.098322611675584
2098256,748526,4565601,5314127,6.099455463136885
2098290,748538,4565630,5314168,6.099396423428069
2098306,748552,4565670,5314222,6.099335784287531
2098321,748559,4565726,5314285,6.099353557969378
2098355,748591,4565837,5314428,6.099241107627529
2098383,748604,4565873,5314477,6.0991832798114896
2098384,748604,4565878,5314482,6.099189958910185
2098525,748657,4566121,5314778,6.0990827575244735
2098567,748666,4566179,5314845,6.099086909249252
2098605,748679,4566248,5314927,6.099073167539093
2098613,748679,4566273,5314952,6.099106559687129
2098685,748702,4566340,5315042,6.099008684363071
2098857,748711,4567332,5316043,6.100260314059764
2098870,748711,4567346,5316057,6.100279012863441
2098926,748732,4567468,5316200,6.100270857930474
2098998,748788,4567645,5316433,6.100051015774826
2099022,748801,4567665,5316466,6.099971821618828
2099083,748816,4567709,5316525,6.099908388709643
2099342,748911,4568308,5317219,6.099934438137509
2099423,748968,4568475,5317443,6.099693177812671
2099455,748968,4568603,5317571,6.099864079640252
2099540,748994,4568772,5317766,6.099877969649957
2099685,749047,4568953,5318000,6.099688003556519
2099706,749058,4569016,5318074,6.099682534596787
2099713,749058,4569035,5318093,6.099707899788801
2099775,749086,4569104,5318190,6.09957201175833
2099786,749096,4569117,5318213,6.0995079402373
2099810,749101,4569128,5318229,6.0994819123188995
2099818,749101,4569148,5318249,6.099508610988371
2099820,749102,4569152,5318254,6.09950580828779
2099844,749118,4569188,5318306,6.099423588807104
2100112,749274,4569752,5319026,6.098906408069678
2100389,749375,4570029,5319404,6.098454045037531
2102479,749385,4576092,5325477,6.106463299905923
2102499,749385,4576164,5325549,6.106559378690526
2102512,749395,4576193,5325588,6.106516590049306
2102586,749443,4576361,5325804,6.106349649005995
2102597,749443,4576371,5325814,6.10636299224891
2102760,749547,4576639,5326186,6.105873280794934
2102801,749568,4576676,5326244,6.105751579576503
2102847,749596,4576868,5326464,6.1057796466363214
2102854,749598,4576883,5326481,6.1057833665511385
2102939,749638,4577017,5326655,6.1056363204640105
2103001,749654,4577162,5326816,6.105699429336734
2103049,749685,4577215,5326900,6.105517650746647
2103080,749693,4577280,5326973,6.105539200712825
2103133,749701,4577395,5327096,6.105627443474131
2103216,749701,4577640,5327341,6.105954240423849
2103918,749786,4579226,5329012,6.107377304991024
2104235,750014,4579961,5329975,6.106500678653998
2104264,750014,4579986,5330000,6.106534011365121
2104304,750037,4580081,5330118,6.106473413978244
2104329,750046,4580127,5330173,6.1064614703631515
2104353,750056,4580178,5330234,6.106448051878793
2104380,750077,4580219,5330296,6.106331749940339
2104408,750083,4580245,5330328,6.106317567522527
2104426,750083,4580309,5330392,6.10640289141335
2104437,750083,4580329,5330412,6.106429555129233
2104468,750100,4580384,5330484,6.106364484735368
2104667,750188,4580885,5331073,6.106316016785126
2104703,750197,4580913,5331110,6.1062800837646645
2104713,750200,4580925,5331125,6.106271660890429
2104722,750205,4580959,5331164,6.106276284482242
2104886,750285,4581152,5331437,6.105882431342756
2105060,750410,4581658,5332068,6.105539638331046
2105066,750410,4581676,5332086,6.105563625218214
2105182,750442,4581927,5332369,6.105637744156111
2105194,750448,4581962,5332410,6.1056355670213
2105210,750462,4582001,5332463,6.105573633308548
2105222,750464,4582022,5332486,6.105585344533515
2105241,750470,4582041,5332511,6.1055618479086435
2105261,750470,4582062,5332532,6.105589830372966
2105604,750709,4582717,5333426,6.104518528484406
2105850,750912,4583801,5334713,6.1043118234893035
2105858,750912,4583819,5334731,6.104335794340749
2105864,750914,4583830,5334744,6.104334184740196
2105883,750914,4583868,5334782,6.104384789736241
2105884,750915,4583870,5334785,6.104379323891519
2105924,750936,4583978,5334914,6.104352434828002
2105936,750942,4584013,5334955,6.104350269394973
2106170,751075,4584497,5335572,6.10391372366275
2106231,751092,4584720,5335812,6.1040724704829765
2106403,751092,4584912,5336004,6.1043280982888914
2106413,751092,4584928,5336020,6.104349400606051
2107036,751393,4585936,5337329,6.103245571891141
2107101,751397,4586076,5337473,6.103399401381693
2107367,751535,4586700,5338235,6.103108970307438
2107435,751573,4586840,5338413,6.102986669292271
2107448,751578,4586864,5338442,6.102978000952662
2107478,751597,4586912,5338509,6.102887584702972
2107507,751606,4586938,5338544,6.102849099129065
2107830,751608,4587340,5338948,6.103367712956754
2108012,751684,4587786,5339470,6.103343958365484
2108020,751691,4587816,5339507,6.103327031985217
2108033,751703,4587867,5339570,6.1032974459327685
2108038,751703,4587867,5339570,6.1032974459327685
2108195,751703,4588046,5339749,6.103535571894751
2108395,751764,4588227,5339991,6.1032810828930355
2108484,751811,4588445,5340256,6.103189498424471
2108929,751909,4589006,5340915,6.10314014062872
2108936,751909,4589030,5340939,6.103172059384846
2108949,751909,4589079,5340988,6.10323722684527
2109845,751912,4590789,5342701,6.105487078275117
2109991,751912,4591135,5343047,6.105947238506634
2109999,751915,4591144,5343059,6.105934846358964
2110024,751925,4591200,5343125,6.105928117830901
2110129,751987,4591414,5343401,6.105709274229475
2110187,752010,4591567,5343577,6.105725987686334
2110227,752027,4591611,5343638,6.1056464727995134
2110267,752027,4591711,5343738,6.1057794467485875
2110272,752027,4591722,5343749,6.1057940738829855
2110297,752034,4591782,5343816,6.105817024230287
2110335,752051,4591860,5343911,6.105782719523011
2110340,752051,4591871,5343922,6.105797346190617
2110632,752134,4592147,5344281,6.10549051099937
2110678,752149,4592241,5344390,6.105493725312405
2110698,752167,4592265,5344432,6.105379523430302
2110772,752175,4592430,5344605,6.105533951540532
2110799,752180,4592507,5344687,6.105595735063416
2111981,753053,4596670,5349723,6.104045797573344
2112001,753053,4596715,5349768,6.104105554323533
2112625,753075,4597731,5350806,6.105276366895728
2112657,753103,4597789,5350892,6.1051263904140605
2112665,753103,4597806,5350909,6.1051489636875695
2112687,753112,4597836,5350948,6.105115839343949
2112692,753113,4597845,5350958,6.105119683234787
2112756,753114,4597982,5351096,6.105293488104059
2112763,753114,4598005,5351119,6.105324027969205
2112837,753172,4598204,5351376,6.105118087236382
2112866,753189,4598264,5351453,6.105059951751818
2112925,753228,4598377,5351605,6.104893870116353
2112951,753235,4598439,5351674,6.104919447449999
2112971,753248,4598476,5351724,6.104863205743659
2113007,753254,4598512,5351766,6.104862370462022
2113111,753293,4598623,5351916,6.104693658377284
2113181,753336,4598769,5352105,6.104539010481379
2113198,753336,4598808,5352144,6.1045907802096275
2113212,753342,4598835,5352177,6.104578000430084
2113250,753358,4598873,5352231,6.104498790747559
2113265,753368,4598887,5352255,6.104436344522199
2113292,753387,4598954,5352341,6.104371325759536
2113314,753387,4599012,5352399,6.104448311425602
2113335,753396,4599048,5352444,6.1044231718777375
2113343,753399,4599065,5352464,6.104421428751564
2113378,753410,4599129,5352539,6.104417249571946
2113401,753417,4599181,5352598,6.104429552293086
2113429,753417,4599261,5352678,6.104535735190472
2113442,753419,4599292,5352711,6.104560676064713
2113460,753439,4599341,5352780,6.104463665937123
2113469,753439,4599361,5352800,6.1044902108863495
2113475,753439,4599375,5352814,6.104508792350807
2113625,753480,4599511,5352991,6.104357116313638
2113645,753491,4599534,5353025,6.1042985251316875
2120951,753816,4611566,5365382,6.117628174514736
2120981,753830,4611586,5365416,6.117541090166218
2121003,753830,4611653,5365483,6.117629969621798
2121034,753830,4611756,5365586,6.117766605202765
2121040,753830,4611756,5365586,6.117766605202765
2121108,753857,4611913,5365770,6.1177557547386305
2121136,753870,4611942,5365812,6.117688726172948
2121142,753870,4611956,5365826,6.117707297014074
2121180,753870,4612028,5365898,6.1178028041970105
2121183,753870,4612030,5365900,6.117805457174314
2121244,753870,4612072,5365942,6.117861169697694
2121265,753889,4612102,5365991,6.1177467770454275
2121348,753889,4612239,5366128,6.1179285014106854
2121360,753889,4612268,5366157,6.11796696861209
2121520,753889,4612544,5366433,6.118333070253048
2126092,758850,4630024,5388874,6.101369177044211
2126284,758850,4630447,5389297,6.101926599459709
2126299,758850,4630472,5389322,6.101959544046913
2126320,758859,4630499,5389358,6.101922755083619
2126468,758970,4630924,5389894,6.10159031318761
2126478,758974,4630933,5389907,6.101570014256088
2126500,758974,4630972,5389946,6.101621399415527
2126603,759042,4631193,5390235,6.1013659323199505
2126819,759046,4631631,5390677,6.10191081963412
2127389,759340,4632819,5392159,6.101112808491584
2127424,759343,4632904,5392247,6.101200643187598
2127564,759361,4633008,5392369,6.101192976726485
2127672,759393,4633080,5392473,6.101030691618174
2127717,759398,4633169,5392567,6.1011077195357375
2127859,759398,4633356,5392754,6.101353967221404
2127874,759403,4633375,5392778,6.101338814832177
2127895,759417,4633438,5392855,6.10130929383988
2127976,759422,4633686,5393108,6.101595687246353
2128021,759444,4633744,5393188,6.101495304459578
2128036,759458,4633774,5393232,6.101422330135438
2128096,759496,4633931,5393427,6.101323772607097
2128126,759496,4633992,5393488,6.101404089027461
2128548,759605,4635854,5395459,6.102979838205383
2128584,759614,4635883,5395497,6.102945706635212
2128607,759615,4635908,5395523,6.102970583782574
2128691,759634,4635988,5395622,6.102923249880864
2128787,759634,4636130,5395764,6.103110182008704
2128843,759649,4636243,5395892,6.103138423140161
2128875,759661,4636333,5395994,6.103160488691667
2129017,759665,4636743,5396408,6.103668064212514
2129123,759700,4636883,5396583,6.1035711465052
2129148,759703,4636943,5396646,6.1036260222744945
2129176,759722,4636999,5396721,6.103547086960757
2129766,760146,4638986,5399132,6.102756575710456
2129860,760146,4639431,5399577,6.103341989565163
2129931,760146,4639672,5399818,6.103659033922431
2129975,760146,4639788,5399934,6.1038116361856805
2130046,760173,4639954,5400127,6.1038132109401415
2130052,760173,4639966,5400139,6.103828996820461
2130086,760181,4640030,5400211,6.103848951762804
2130161,760233,4640255,5400488,6.103727409886179
2130209,760242,4640313,5400555,6.103731443408809
2130224,760249,4640335,5400584,6.10370418113013
2130403,760319,4640635,5400954,6.103536804946345
2130409,760319,4640653,5400972,6.103560479219906
2130575,760319,4640942,5401261,6.10394058283431
2130647,760378,4641127,5401505,6.103710259897051
2130743,760425,4641292,5401717,6.103549988493277
2130749,760425,4641306,5401731,6.1035683992504195
2130815,760466,4641471,5401937,6.1034563017939
2131075,760466,4641789,5402255,6.103874466445574
2131084,760466,4641789,5402255,6.103874466445574
2131113,760482,4641808,5402290,6.103771029426074
2131346,760485,4642160,5402645,6.104209813474296
2131355,760485,4642171,5402656,6.1042242779279015
2131383,760492,4642199,5402691,6.104204909453354
2131392,760496,4642225,5402721,6.1042069912267785
2131585,760524,4642459,5402983,6.104289936938216
2131862,760563,4643240,5403803,6.105003793242638
2131920,760588,4643359,5403947,6.104959583900877
2131935,760598,4643386,5403984,6.104914817025551
2131953,760613,4643421,5404034,6.104840437909949
2132044,760649,4643717,5404366,6.104940649366528
2132049,760649,4643724,5404373,6.10494985203425
2132086,760667,4643798,5404465,6.104902670945368
2132608,760877,4644639,5405516,6.104323037757745
2132656,760877,4644821,5405698,6.104562235420443
2132695,760877,4644954,5405831,6.104737033712413
2132795,760966,4645226,5406192,6.10438048480484
2132826,760975,4645281,5406256,6.104380564407504
2132835,760983,4645297,5406280,6.104337416210349
2133108,761113,4645825,5406938,6.103988501050435
2133116,761115,4645846,5406961,6.104000052554476
2133138,761133,4645887,5407020,6.103909566396411
2133167,761153,4645950,5407103,6.103831949686857
2133412,761189,4646599,5407788,6.10439588591007
2134161,761199,4648436,5409635,6.1067289893969905
2134597,761392,4649521,5410913,6.106606058377288
2134729,761480,4649986,5411466,6.106511004885223
2134738,761487,4650008,5411495,6.10648376137741
2134773,761487,4650036,5411523,6.1065205315389495
2137974,762383,4661560,5423943,6.114459530183648
2138003,762383,4661624,5424007,6.114543477490972
2138020,762394,4661674,5424068,6.114520838306702
2138076,762394,4661837,5424231,6.114734638520241
2138136,762413,4662020,5424433,6.114822281361939
2138174,762438,4662078,5424516,6.114697850841642
2138269,762458,4662298,5424756,6.114825996972948
2138302,762458,4662300,5424758,6.114828620068253
2138375,762458,4662698,5425156,6.115350616033933
2138931,762470,4664329,5426799,6.11739347121854
2138955,762478,4664394,5426872,6.11741453523905
2138981,762487,4664445,5426932,6.1174092148456305
2139032,762517,4664537,5427054,6.117289188306621
2139041,762519,4664553,5427072,6.11729412644144
2139672,762770,4665512,5428282,6.116538406072604
2139785,762807,4665634,5428441,6.116401658610894
2139826,762838,4665709,5428547,6.1162514190431
2139848,762848,4665766,5428614,6.116245962498427
2139920,762869,4665803,5428672,6.116126097665523
2139994,762906,4665988,5428894,6.116071966926463
2140101,762936,4666060,5428996,6.115925844369646
2140131,762951,4666115,5429066,6.115877690703597
2140137,762951,4666129,5429080,6.115896040505878
2140162,762951,4666129,5429080,6.115896040505878
2140191,762964,4666207,5429171,6.1158940657750565
2140194,762965,4666212,5429177,6.11589260319936
2140257,762996,4666328,5429324,6.115796150962783
2140862,762996,4666328,5429324,6.115796150962783
2140872,762999,4666350,5429349,6.115800938140155
2140913,763031,4666422,5429453,6.115638814150408
2140929,763033,4666439,5429472,6.115645063843897
2141173,763137,4666747,5429884,6.115215223478877
2141190,763137,4666788,5429925,6.1152689490877785
2141193,763137,4666797,5429934,6.1152807425141225
2141588,763323,4667354,5430677,6.114520327567753
2141597,763330,4667376,5430706,6.11449307638898
2141612,763330,4667376,5430706,6.11449307638898
2141623,763330,4667408,5430738,6.1145349979694235
2141644,763344,4667457,5430801,6.11448704646922
2141755,763344,4667766,5431110,6.114891844306106
2141861,763416,4667985,5431401,6.1146019994341225
2141873,763419,4668005,5431424,6.1146041688771176
2141901,763432,4668040,5431472,6.114545892757967
2141909,763439,4668051,5431490,6.11450423674976
2141955,763449,4668115,5431564,6.1145079763022805
2142048,763533,4668250,5431783,6.114012099018641
2142054,763537,4668272,5431809,6.114008882346239
2142064,763541,4668282,5431823,6.113989949459165
2142075,763554,4668302,5431856,6.113912048132811
2142527,763554,4669134,5432688,6.1150016894679355
2143219,763554,4671215,5434769,6.117727102470814
2143245,763568,4671272,5434840,6.117689583638916
2144402,764117,4673160,5437277,6.115764994104306
2144404,764117,4673171,5437288,6.115779389805488
2144490,764131,4673303,5437434,6.115840085011602
2144539,764134,4673331,5437465,6.115852716931847
2144599,764162,4673399,5437561,6.115717609616809
2144683,764176,4673560,5437736,6.115816251753523
2144866,764309,4674077,5438386,6.1154284458249215
2145193,764394,4674964,5439358,6.115908811424474
2145236,764419,4675037,5439456,6.115804290578858
2145289,764434,4675101,5439535,6.115768006132642
2145806,764454,4676417,5440871,6.117329492683667
2145856,764454,4676601,5441055,6.117570187349402
2146002,764476,4676801,5441277,6.117655753745049
2146066,764493,4676870,5441363,6.117609971575933
2146122,764509,4676921,5441430,6.1175486488713675
2146123,764509,4676926,5441435,6.117555189016741
2146250,764609,4677229,5441838,6.117151380640301
2146260,764609,4677280,5441889,6.117218081398466
2146285,764623,4677310,5441933,6.117145312134215
2146453,764633,4677498,5442131,6.117311180657911
2146455,764634,4677499,5442133,6.117304488160348
2146502,764661,4677598,5442259,6.11721795671546
2146585,764725,4677828,5442553,6.1170067671385135
2146611,764725,4677845,5442570,6.117028997351989
2146625,764734,4677886,5442620,6.1170106206864086
2146663,764743,4678085,5442828,6.117198849809674
2146679,764743,4678131,5442874,6.117259000736195
2147966,765233,4680851,5446084,6.116896422396839
2147988,765235,4680870,5446105,6.116905264395904
2147992,765237,4680877,5446114,6.1168984249324065
2149079,765272,4683115,5448387,6.1195431166957635
2149173,765299,4683344,5448643,6.119626446656797
2149584,765450,4684414,5449864,6.119817101051669
2149612,765450,4684479,5449929,6.119902018420537
2149823,765525,4684980,5450505,6.119956892328794
2149846,765532,4685022,5450554,6.119955795446827
2150145,765654,4685480,5451134,6.119578817586011
2150148,765655,4685489,5451144,6.11958257962137
2150212,765670,4685632,5451302,6.119649457338018
2150232,765678,4685671,5451349,6.119636452921463
2151696,765678,4687757,5453435,6.122360835756023
2152098,765780,4688421,5454201,6.12241244221578
2152765,766040,4690497,5456537,6.123044488538458
2152837,766067,4690656,5456723,6.1230362357339505
2152877,766096,4690752,5456848,6.122929763371692
2153144,766096,4691409,5457505,6.123787358242309
2153179,766116,4691486,5457602,6.123727999415232
2153287,766138,4691558,5457696,6.12364613163686
2153327,766156,4691615,5457771,6.123576660627862
2153737,766174,4692795,5458969,6.124972917379081
2153788,766182,4692842,5459024,6.124970307316016
2153807,766196,4692878,5459074,6.1249053766921255
2153815,766201,4692881,5459082,6.124869322801719
2153818,766201,4692883,5459084,6.124871933082833
2154197,766401,4693622,5460023,6.124237833718902
2154394,766401,4694283,5460684,6.1251003064975125
2154416,766402,4694348,5460750,6.125177126364493
2154486,766471,4694512,5460983,6.1248396873462925
2154524,766482,4694590,5461072,6.1248535516815785
2154955,766482,4696060,5462542,6.126771404938407
2154973,766492,4696082,5462574,6.126720174509323
2155093,766524,4696392,5462916,6.126868826025017
2155128,766531,4696447,5462978,6.126884626975295
2155187,766566,4696597,5463163,6.126800562508643
2155210,766571,4696640,5463211,6.126816694083131
2155275,766571,4696830,5463401,6.127064551098333
2155303,766596,4696865,5463461,6.126910393479747
2155304,766596,4696867,5463463,6.126913002415875
2155352,766622,4696989,5463611,6.126864347748956
2155551,766736,4697444,5464180,6.126546816635713
2155575,766740,4697475,5464215,6.12655528601612
2155766,766826,4698047,5464873,6.126614121065274
2155816,766837,4698215,5465052,6.126745318757441
2155823,766837,4698215,5465052,6.126745318757441
2155860,766854,4698310,5465164,6.126733380799996
2155881,766854,4698366,5465220,6.126806406434602
2155901,766863,4698402,5465265,6.126781445968836
2155991,766869,4698662,5465531,6.127072550852883
2156018,766881,4698705,5465586,6.127032746932053
2156062,766881,4698843,5465724,6.127212696624379
2156071,766895,4698864,5465759,6.127128224854771
2156085,766903,4698893,5465796,6.127102123736639
2156506,766909,4699410,5466319,6.127728322395487
2156543,766909,4699522,5466431,6.127874363190418
2156992,767119,4700350,5467469,6.12727621138311
2156996,767119,4700359,5467478,6.127287943591542
2157018,767119,4700407,5467526,6.127350515369844
2157038,767130,4700448,5467578,6.127316100269837
2157074,767141,4700488,5467629,6.127280382615451
2158564,768029,4703908,5471937,6.124648939037458
2158569,768031,4703919,5471950,6.12464731241317
2158607,768040,4703998,5472038,6.124678402166554
2158804,768135,4704583,5472718,6.124682510235831
2158845,768135,4704719,5472854,6.124859562446705
2158862,768135,4704764,5472899,6.124918145898833
2158891,768143,4704812,5472955,6.124916844910388
2159562,768561,4707011,5475572,6.124446855877412
2159568,768561,4707025,5475586,6.124465071737962
2159651,768561,4707025,5475586,6.124465071737962
2159777,768672,4707408,5476080,6.124078930935432
2159875,768709,4707622,5476331,6.12406255162877
2159939,768710,4707767,5476477,6.124243212654967
2160216,768710,4708475,5477185,6.125164236187899
2160239,768713,4708520,5477233,6.125198871360313
2160323,768772,4708681,5477453,6.1249382131503225
2160337,768772,4708718,5477490,6.124986341854282
2160363,768783,4708744,5477527,6.1249325232217675
2160380,768798,4708773,5477571,6.1248507410269015
2160555,768882,4709074,5477956,6.1245730814351225
2160619,768903,4709153,5478056,6.124508553094474
2160629,768908,4709169,5478077,6.124489535809226
2160727,768971,4709412,5478383,6.124303777385623
2160814,768971,4709762,5478733,6.124758931091029
2160835,768971,4709815,5478786,6.124827854366419
2161011,769085,4710085,5479170,6.124271049363855
2161061,769120,4710278,5479398,6.124243291033909
2161309,769317,4710979,5480296,6.1235862459818255
2161319,769324,4710993,5480317,6.1235487258944215
2161419,769324,4710993,5480317,6.1235487258944215
2161541,769336,4711168,5480504,6.12368068048291
2161616,769392,4711371,5480763,6.12349881464845
2161678,769392,4711618,5481010,6.123819847359993
2161852,769504,4712285,5481789,6.12379532789953
2161860,769506,4712308,5481814,6.12380930103209
2161898,769515,4712348,5481863,6.1237896597207335
2161940,769522,4712422,5481944,6.123830117917357
2162065,769582,4712659,5482241,6.12366063655335
2162104,769589,4712760,5482349,6.123736176062808
2162120,769589,4712810,5482399,6.123801145806398
2162160,769589,4712945,5482534,6.123976564114092
2162183,769599,4713018,5482617,6.123991845103749
2162261,769644,4713200,5482844,6.123870256897995
2162327,769664,4713252,5482916,6.123778687843007
2162387,769676,4713332,5483008,6.123787151996424
2162448,769690,4713426,5483116,6.123797892658083
2162537,769720,4713723,5483443,6.1239450709348855
2162950,769914,4714333,5484247,6.123194278841533
2162997,769937,4714452,5484389,6.123165921367592
2163023,769945,4714504,5484449,6.123169836806525
2163041,769958,4714539,5484497,6.1231119100002855
2163119,770001,4714665,5484666,6.122933606579732
2163262,770093,4714952,5485045,6.122574805900067
2163330,770135,4715164,5485299,6.122516182227791
2163909,770208,4715373,5485581,6.122207247912252
2163939,770208,4715501,5485709,6.1223734367859075
2163941,770208,4715512,5485720,6.122387718642237
2164009,770249,4715682,5485931,6.122282534608938
2164035,770255,4715716,5485971,6.122278985530766
2164041,770255,4715730,5485985,6.12229716132969
2164049,770255,4715753,5486008,6.122327021570778
2164060,770255,4715765,5486020,6.1223426008269985
2164071,770257,4715788,5486045,6.1223565641078235
2164120,770286,4715850,5486136,6.122206557045046
2164127,770289,4715854,5486143,6.122187906097581
2164140,770292,4715879,5486171,6.122196517684203
2164196,770292,4716071,5486363,6.122445773810451
2164242,770329,4716164,5486493,6.122272431649335
2164287,770345,4716271,5486616,6.12228417137776
2164317,770350,4716296,5486646,6.122276887129227
2164360,770360,4716422,5486782,6.122360974090036
2164638,770599,4717019,5487618,6.121236856004225
2164967,770599,4717363,5487962,6.121683261981913
2164979,770599,4717400,5487999,6.12173127657835
2164992,770604,4717447,5488051,6.121752547352466
2165019,770624,4717482,5488106,6.121639087285109
2165360,770764,4718396,5489160,6.121713001645121
2165386,770777,4718450,5489227,6.121679811411083
2165401,770780,4718482,5489262,6.121697501232518
2165457,770794,4718645,5489439,6.1217977825463095
2165633,770851,4718974,5489825,6.121771911822129
2165940,770951,4719383,5490334,6.121508370830312
2166336,770961,4720452,5491413,6.122815550981178
2166355,770961,4720531,5491492,6.122918020496497
2167091,771393,4722743,5494136,6.122356567923225
2167118,771408,4722807,5494215,6.122320484101798
2167180,771421,4722988,5494409,6.122451942583881
2167310,771422,4723373,5494795,6.122943084329978
2167313,771424,4723376,5494800,6.122931098850956
2167327,771432,4723390,5494822,6.1228857501374065
2167442,771509,4723635,5495144,6.122592218626095
2167469,771523,4723707,5495230,6.122574440424978
2167684,771532,4724978,5496510,6.124150391688225
2169533,771541,4728996,5500537,6.129286713214204
2169582,771575,4729095,5500670,6.129144930823316
2169645,771595,4729225,5500820,6.129154543510521
2169669,771606,4729259,5500865,6.129111230342947
2169691,771606,4729326,5500932,6.129198062223466
2169701,771613,4729354,5500967,6.129178746340458
2169702,771613,4729357,5500970,6.129182634299837
2169918,771729,4729673,5501402,6.128670815791554
2170012,771785,4729840,5501625,6.128442506656647
2170501,772150,4731244,5503394,6.127363854173412
2170535,772160,4731306,5503466,6.127364794861169
2170593,772178,4731486,5503664,6.127455068649975
2170620,772179,4731520,5503699,6.127491164613386
2170731,772190,4731894,5504084,6.127888214040586
2170881,772218,4732233,5504451,6.128105016977071
2170891,772225,4732262,5504487,6.128087021269708
2171969,772658,4734359,5507017,6.127366829826392
2172015,772663,4734427,5507090,6.12741518618078
2172025,772673,4734450,5507123,6.127365651446342
2173268,773169,4736967,5510136,6.126690283754264
2173282,773179,4736999,5510178,6.126652431067062
2173335,773179,4737149,5510328,6.126846435301528
2173337,773181,4737149,5510330,6.126830586887158
2173346,773184,4737169,5510353,6.126832681483321
2173471,773227,4737540,5510767,6.12697176896306
2173481,773227,4737563,5510790,6.127001514432372
2173763,773227,4737839,5511066,6.127358460064121
2174279,773355,4739236,5512591,6.128150719915174
2174298,773355,4739269,5512624,6.128193391133438
2174305,773362,4739284,5512646,6.128157318306304
2174400,773395,4739496,5512891,6.128169951965037
2174439,773403,4739565,5512968,6.128195778914744
2174890,773810,4740516,5514326,6.126201522337524
2174899,773810,4740552,5514362,6.126248045385818
2174926,773831,4740602,5514433,6.126146406644345
2174971,773837,4740663,5514500,6.126177735104421
2175026,773849,4740750,5514599,6.126195162105269
2175035,773858,4740764,5514622,6.126142005380832
2175038,773859,4740771,5514630,6.12614313460204
2175055,773872,4740784,5514656,6.12605702234995
2175169,773872,4741008,5514880,6.1263464759029915
2175213,773879,4741105,5514984,6.126416403597979
2175286,773884,4741230,5515114,6.126538344247975
2175346,773900,4741307,5515207,6.126511177154671
2175355,773902,4741332,5515234,6.12652764820352
2175482,773902,4741753,5515655,6.127071644730211
2175751,773927,4742251,5516178,6.127517194774184
2176192,774024,4743966,5517990,6.12896499333354
2176196,774028,4743969,5517997,6.128937196070426
2176215,774039,4743984,5518023,6.1288694755690605
2176713,774319,4746092,5520411,6.129375619092389
2176840,774382,4746301,5520683,6.129146855169671
2176967,774404,4746552,5520956,6.1292968528055125
2176980,774411,4746582,5520993,6.129280188427075
2177055,774443,4746661,5521104,6.129128935247655
2177206,774558,4746894,5521452,6.128519749328004
2177246,774570,4746939,5521509,6.128482900189783
2177317,774597,4747068,5521665,6.128435818883884
2177340,774603,4747098,5521701,6.128427078129055
2177376,774606,4747130,5521736,6.128444654443679
2177427,774606,4747313,5521919,6.12868090358195
2177469,774622,4747371,5521993,6.128629189462732
2177478,774622,4747389,5522011,6.128652426602911
2177771,774787,4748339,5523126,6.128573401463886
2177862,774854,4748540,5523394,6.128302880284544
2177911,774859,4748638,5523497,6.12838981027516
2177965,774859,4748816,5523675,6.128619529488591
2177986,774859,4748889,5523748,6.128713740177245
2177996,774863,4748904,5523767,6.128701460774356
2178026,774872,4749009,5523881,6.128765783251944
2178109,774918,4749336,5524254,6.128823952985993
2178127,774927,4749354,5524281,6.128776000836208
2178160,774952,4749400,5524352,6.128637644654121
2178699,775306,4751165,5526471,6.128115866509481
2178747,775328,4751332,5526660,6.128157373395518
2178762,775328,4751377,5526705,6.128215413347641
2178791,775347,4751444,5526791,6.12815165338874
2178817,775363,4751485,5526848,6.128078074398701
2178935,775458,4751833,5527291,6.127776101349138
2178942,775462,4751844,5527306,6.127758678052567
2179201,775462,4752176,5527638,6.128186809927501
2179257,775462,4752347,5527809,6.128407323634169
2179294,775466,4752390,5527856,6.128431162681536
2179373,775524,4752568,5528092,6.1282023509266
2179431,775558,4752713,5528271,6.128120656353232
2179478,775597,4752844,5528441,6.1279814130276415
2179552,775633,4752979,5528612,6.127871042103675
2179630,775684,4753120,5528804,6.127649919297033
2179641,775690,4753140,5528830,6.127628305121892
2182077,777460,4763200,5540660,6.126617446556736
2182083,777463,4763208,5540671,6.126604095628988
2182128,777464,4763290,5540754,6.126701686508957
2182149,777464,4763345,5540809,6.126772429334348
2182166,777467,4763411,5540878,6.1268336791143545
2182179,777467,4763446,5540913,6.126878697102256
2182212,777480,4763487,5540967,6.1268289859546226
2182239,777488,4763546,5541034,6.126841829070031
2182254,777500,4763593,5541093,6.1268077170418005
2182493,777603,4764329,5541932,6.1269426686882635
2182514,777603,4764352,5541955,6.126972246763451
2182538,777603,4764379,5541982,6.127006968851715
2182539,777604,4764381,5541985,6.127001661514087
2182616,777604,4764400,5542004,6.127026095544776
2182734,777636,4764719,5542355,6.127184183859801
2182776,777658,4764816,5542474,6.127135578879147
2182804,777683,4764858,5542541,6.126992617814714
2182811,777689,4764884,5542573,6.126978779434967
2182872,777689,4765212,5542901,6.127400541861849
2182887,777699,4765251,5542950,6.127371900953968
2182929,777699,4765348,5543047,6.127496627872738
2182947,777706,4765391,5543097,6.127496766130132
2182948,777707,4765392,5543099,6.127490173034317
2183072,777771,4765679,5543450,6.127354966950426
2183184,777771,4766111,5543882,6.12791040036206
2183343,777853,4766468,5544321,6.127723361612027
2183432,777930,4766695,5544625,6.127408635738434
2183581,777985,4767006,5544991,6.127375206462849
2184581,778317,4769306,5547623,6.127716598763743
2184620,778317,4769432,5547749,6.1278784865292675
2184680,778340,4769561,5547901,6.127863144641159
2185051,778503,4770141,5548644,6.1273251355486105
2185058,778505,4770146,5548651,6.127315816854098
2185087,778512,4770192,5548704,6.127319810099266
2185166,778554,4770460,5549014,6.127333492602954
2185186,778568,4770531,5549099,6.127314505605162
2185301,778616,4770694,5549310,6.12714611567191
2185301,778616,4770694,5549310,6.12714611567191
2185307,778618,4770701,5549319,6.127139367443342
2185323,778618,4770767,5549385,6.127224133015162
2185332,778618,4770788,5549406,6.127251103878924
2185342,778618,4770793,5549411,6.127257525513153
2185446,778687,4770932,5549619,6.1268930905485774
2185453,778690,4770950,5549640,6.126892601677175
2185504,778690,4771086,5549776,6.127067253977835
2186299,779148,4773702,5552850,6.12682314528177
2186342,779164,4773728,5552892,6.126730701110421
2186413,779170,4773753,5552923,6.1267156076337645
2186444,779188,4773837,5553025,6.12668187908438
2186450,779188,4773851,5553039,6.1266998465068765
2186469,779188,4773899,5553087,6.126761449098292
2186557,779218,4774185,5553403,6.126892602583616
2186599,779227,4774226,5553453,6.126874453785611
2186615,779235,4774245,5553480,6.1268359352441815
2186651,779251,4774292,5553543,6.1267704500860445
2186728,779270,4774428,5553698,6.126795590745185
2186730,779270,4774433,5553703,6.126802007006558
2186760,779298,4774583,5553881,6.126774353328252
2186780,779298,4774613,5553911,6.12681284951328
2186790,779302,4774622,5553924,6.126792950614781
2186835,779325,4774700,5554025,6.126712218907388
2186862,779325,4774739,5554064,6.126762262214095
2187549,779444,4775664,5555108,6.127013614833137
2187560,779444,4775694,5555138,6.127052103807329
2187581,779446,4775694,5555140,6.127036382250983
2187883,779498,4776792,5556290,6.128036248970491
2187970,779556,4776934,5556490,6.127762469918775
2188154,779654,4777335,5556989,6.127506560602524
2188212,779654,4777558,5557212,6.1277925849158725
2188234,779661,4777579,5557240,6.127764502777489
2188403,779739,4777915,5557654,6.127582434635179
2188448,779769,4777974,5557743,6.127422352004247
2188453,779773,4777985,5557758,6.127405026847557
2188500,779798,4778053,5557851,6.127295786857622
2188527,779804,4778079,5557883,6.12728198367795
2188578,779833,4778222,5558055,6.127237498284889
2188642,779851,4778301,5558152,6.127197374883151
2188828,779946,4778575,5558521,6.126802368369092
2188866,779983,4778692,5558675,6.126661734935249
2188977,779983,4778730,5558713,6.126710453945791
2189021,780012,4778807,5558819,6.126581385927396
2189130,780062,4779042,5559104,6.126489945670985
2189181,780083,4779183,5559266,6.126505769257887
2189187,780083,4779201,5559284,6.126528843725604
2189218,780095,4779219,5559314,6.126457675026759
2189254,780095,4779260,5559355,6.126510232728065
2189383,780095,4779447,5559542,6.126749947121825
2189551,780143,4779844,5559987,6.126881866529597
2189604,780149,4779903,5560052,6.126910372249403
2190670,780625,4781462,5562087,6.125171497197758
2190691,780625,4781521,5562146,6.12524707766213
2190813,780684,4781644,5562328,6.124941717775694
2190941,780708,4782037,5562745,6.125256818170174
2190947,780708,4782051,5562759,6.125274750610984
2190961,780708,4782073,5562781,6.125302930160828
2190975,780722,4782101,5562823,6.1252289547367695
2191920,780724,4784927,5565651,6.128832980669225
2191985,780731,4784965,5565696,6.128826702154775
2191992,780737,4784980,5565717,6.128798814453523
2192035,780737,4785099,5565836,6.128951234538648
2192042,780737,4785119,5565856,6.128976851359677
2192064,780744,4785171,5565915,6.1289885032738
2192260,780753,4786319,5567072,6.130388227774981
2192447,780801,4786805,5567606,6.130633797856304
2192457,780806,4786841,5567647,6.130640645691759
2192459,780806,4786852,5567658,6.130654733698256
2192465,780806,4786866,5567672,6.130672663888341
2192604,780855,4787172,5568027,6.130679831722919
2192796,780964,4787974,5568938,6.13085110197141
2192803,780964,4787974,5568938,6.13085110197141
2192824,780981,4788033,5569014,6.130793194712804
2192831,780983,4788045,5569028,6.130792859767754
2192842,780983,4788055,5569038,6.130805664143778
2193669,781285,4789537,5570822,6.130332721094095
2193747,781285,4789801,5571086,6.130670625955958
2193786,781292,4789856,5571148,6.130686094315569
2193872,781319,4790032,5571351,6.130699496620458
2193898,781334,4790099,5571433,6.130667550624957
2193924,781334,4790144,5571478,6.13072514443247
2193995,781370,4790277,5571647,6.130612897858889
2194021,781390,4790314,5571704,6.130503333802583
2194048,781392,4790329,5571721,6.130506839076929
2194070,781399,4790380,5571779,6.13051718776195
2194080,781406,4790412,5571818,6.130503221116808
2194177,781463,4790807,5572270,6.130561523706176
2194235,781486,4790850,5572336,6.130436117857518
2194279,781495,4790881,5572376,6.130405184934005
2194487,781621,4791335,5572956,6.129997786651075
2194515,781630,4791355,5572985,6.129952790962476
2194591,781682,4791481,5573163,6.1297061976609415
2194648,781700,4791571,5573271,6.129680184213893
2194660,781706,4791597,5573303,6.1296663963177975
2194713,781711,4791686,5573397,6.129741042405697
2194941,781824,4792235,5574059,6.129557291666667
2195413,782009,4793056,5575065,6.129157081312363
2195981,782009,4793845,5575854,6.130166021107174
2197332,782149,4796804,5578953,6.132851924633286
2197335,782151,4796806,5578957,6.132838799669117
2197435,782166,4797154,5579320,6.133166105404735
2197564,782233,4797411,5579644,6.132969332666865
2198279,782233,4797411,5579644,6.132969332666865
2198964,782319,4798992,5581311,6.134316052658826
2199217,782457,4799352,5581809,6.133694247735019
2199234,782460,4799394,5581854,6.133724407637451
2199248,782464,4799427,5581891,6.13373522615737
2199807,782464,4801010,5583474,6.1357583224276135
2199813,782464,4801024,5583488,6.1357762146245705
2201769,782464,4804685,5587149,6.140455024128905
2201802,782475,4804770,5587245,6.1404773315441386
2202025,782541,4805226,5587767,6.140542156896571
2202062,782565,4805282,5587847,6.140425395973497
2202111,782594,4805373,5587967,6.140314134787642
2202209,782607,4805612,5588219,6.140517526676863
2202216,782607,4805627,5588234,6.140536693385058
2202227,782608,4805686,5588294,6.1406042360926545
2202262,782624,4805796,5588420,6.140619250112442
2202267,782626,4805803,5588429,6.140612502012456
2202279,782632,4805818,5588450,6.140584591481054
2202337,782651,4805906,5588557,6.140547958157595
2202412,782680,4805993,5588673,6.140431594010323
2202535,782714,4806076,5588790,6.140270903548423
2202876,782983,4806639,5589622,6.1388804099195005
2203055,783085,4807482,5590567,6.139157307316575
2203061,783085,4807496,5590581,6.139175185324709
2203077,783099,4807517,5590616,6.13909224759577
2203139,783099,4807581,5590680,6.139173974171848
2203171,783106,4807649,5590755,6.13920593125324
2203208,783106,4807775,5590881,6.139366829011654
2203219,783106,4807800,5590906,6.139398753170069
2203260,783112,4807872,5590984,6.139443655569063
2203356,783151,4807968,5591119,6.139260500210049
2203406,783154,4808077,5591231,6.139376163564254
2203419,783161,4808110,5591271,6.139363425911148
2203428,783169,4808126,5591295,6.139321142690786
2203456,783169,4808210,5591379,6.139428399234393
2203495,783194,4808304,5591498,6.139352446520275
2203496,783194,4808309,5591503,6.1393588306345555
2203580,783212,4808343,5591555,6.139261145130565
2203603,783227,4808393,5591620,6.139207407303374
2203923,783284,4808839,5592123,6.1393300514245155
2203926,783287,4808849,5592136,6.139319304418431
2204047,783287,4808993,5592280,6.139503145079646
2204134,783358,4809306,5592664,6.139346250373393
2204166,783373,4809367,5592740,6.139306562774055
2204352,783373,4809704,5593077,6.139736753755874
2204371,783373,4809757,5593130,6.139804409904349
2204388,783380,4809792,5593172,6.139794225024892
2204627,783380,4810251,5593631,6.1403801475656765
2204636,783385,4810276,5593661,6.140372869023532
2204725,783446,4810387,5593833,6.140036454331249
2204881,783528,4810743,5594271,6.1398482249517565
2204938,783559,4810831,5594390,6.139717621774493
2205022,783606,4811029,5594635,6.13960204490522
2205053,783613,4811127,5594740,6.139672261690401
2205193,783709,4811430,5595139,6.139306809032434
2205237,783721,4811505,5595226,6.139308503919124
2205247,783725,4811518,5595243,6.139293757376631
2205285,783733,4811571,5595304,6.13929871525124
2205292,783733,4811596,5595329,6.139330613869775
2205299,783737,4811620,5595357,6.139329902760748
2205309,783737,4811630,5595367,6.13934266214304
2205353,783737,4811792,5595529,6.139549364136183
2205366,783748,4811803,5595551,6.139477229925945
2205415,783758,4811871,5595629,6.139485657562666
2205444,783758,4811871,5595629,6.139485657562666
2205515,783780,4812036,5595816,6.1395238459771875
2205546,783789,4812101,5595890,6.139536278258562
2205565,783797,4812122,5595919,6.139500406355217
2205713,783830,4812491,5596321,6.139712692803286
2205774,783861,4812588,5596449,6.139593626931306
2205876,783878,4812890,5596768,6.13984574130158
2205906,783893,4812918,5596811,6.139763972889157
2205978,783935,4813032,5596967,6.13958044990975
2205984,783935,4813046,5596981,6.139598308533233
2205991,783935,4813054,5596989,6.139608513460938
2206014,783946,4813110,5597056,6.139593798552451
2206154,783946,4813373,5597319,6.139929280843323
2206164,783951,4813393,5597344,6.139915632482132
2206560,784047,4813683,5597730,6.139533726932187
2206605,784053,4813715,5597768,6.139527557448285
2206654,784071,4813844,5597915,6.139551137588305
2206725,784071,4814074,5598145,6.139844478369944
2206777,784071,4814321,5598392,6.140159500861529
2206853,784098,4814404,5598502,6.1400539218312
2206886,784125,4814456,5598581,6.139908815558744
2206937,784129,4814476,5598605,6.139903000654229
2206941,784129,4814476,5598605,6.139903000654229
2206946,784131,4814483,5598614,6.139896267332882
2206966,784138,4814508,5598646,6.139873338621518
2206971,784143,4814519,5598662,6.139848216460518
2207427,784334,4815569,5599903,6.139691763967901
2207508,784375,4815718,5600093,6.139560796812749
2207572,784445,4815866,5600311,6.139201601132011
2207666,784491,4815926,5600417,6.1389181010362135
2207787,784497,4816095,5600592,6.139086573944834
2207858,784540,4816244,5600784,6.13894001580544
2207900,784572,4816342,5600914,6.138814538372514
2207985,784641,4816770,5601411,6.138820173811973
2208064,784694,4817519,5602213,6.139360056276714
2208067,784695,4817523,5602218,6.139357329917994
2208177,784762,4817806,5602568,6.139193793787161
2208192,784774,4817832,5602606,6.139133049769742
2208218,784777,4817901,5602678,6.139197504514021
2208233,784786,4817936,5602722,6.139171697762192
2208259,784786,4817965,5602751,6.139208650511095
2208760,784788,4819778,5604566,6.1415031830252245
2208784,784803,4819808,5604611,6.141424026156883
2208821,784817,4819891,5604708,6.141420229174445
2208840,784827,4819962,5604789,6.141432443073442
2208847,784829,4819966,5604795,6.141421889354241
2209111,784971,4820494,5605465,6.140983552258619
2209162,785000,4820578,5605578,6.140863694267516
2209250,785014,4820892,5605906,6.14115417049887
2209273,785020,4820915,5605935,6.141136531553336
2209457,785097,4821364,5606461,6.141106130834789
2209717,785097,4821860,5606957,6.1417378999028145
2209812,785128,4822049,5607177,6.141736124555487
2209864,785144,4822068,5607212,6.141635165014316
2209885,785151,4822120,5607271,6.141646638672052
2209936,785151,4822146,5607297,6.141679753321336
2209945,785154,4822170,5607324,6.141686853789193
2209995,785156,4822312,5607468,6.141852065067324
2210005,785156,4822327,5607483,6.1418711695510195
2210024,785171,4822367,5607538,6.1418047788316175
2210035,785177,4822383,5607560,6.14177822325412
2210047,785177,4822410,5607587,6.141812610405043
2210061,785184,4822440,5607624,6.141796063088397
2210154,785237,4822749,5607986,6.141775030977908
2210169,785247,4822779,5608026,6.14173502095519
2210175,785247,4822793,5608040,6.141752849740273
2210185,785247,4822860,5608107,6.141838173211741
2210201,785254,4822889,5608143,6.1418203536690035
2210312,785254,4823105,5608359,6.142095423901056
2210361,785282,4823274,5608556,6.142091630777224
2210385,785282,4823295,5608577,6.142118372762906
2210764,785366,4823856,5609222,6.14217574990514
2210928,785404,4823988,5609392,6.142046640964395
2210933,785408,4824000,5609408,6.142030638852673
2210934,785408,4824006,5609414,6.1420382781942635
2210989,785458,4824133,5609591,6.141808982784567
2211062,785458,4824488,5609946,6.142260948389348
2211068,785458,4824505,5609963,6.142282591812675
2211108,785463,4824575,5610038,6.142332611466103
2211369,785480,4825278,5610758,6.143094668228344
2211457,785504,4825645,5611149,6.143374190328757
2211487,785521,4825716,5611237,6.1433316232156745
2211767,785537,4826163,5611700,6.143775531897288
2211957,785623,4826415,5612038,6.143423754141618
2212208,785715,4827315,5613030,6.143849869227392
2212211,785715,4827324,5613039,6.143861323762433
2212217,785721,4827339,5613060,6.143833498150107
2212239,785721,4827399,5613120,6.143909861133914
2212275,785734,4827468,5613202,6.143896025881532
2212300,785746,4827537,5613283,6.143890010257768
2212334,785756,4827637,5613393,6.143939085415829
2212399,785807,4827758,5613565,6.143694316797891
2212409,785808,4827781,5613589,6.143715767719341
2212451,785815,4827805,5613620,6.143691581351845
2212489,785815,4827889,5613704,6.143798476740709
2212759,785970,4828346,5614316,6.143168314312251
2212782,785981,4828383,5614364,6.143129414069806
2212851,786001,4828458,5614459,6.1430685202690585
2212865,786014,4828488,5614502,6.143005086423397
2213298,786229,4829665,5615894,6.1428222566198905
2213305,786229,4829665,5615894,6.1428222566198905
2213316,786231,4829681,5615912,6.1428269808745775
2213378,786278,4829773,5616051,6.142576798536904
2213386,786278,4829801,5616079,6.1426124093514
2213400,786278,4829851,5616129,6.142676000091571
2213406,786281,4829868,5616149,6.14267418391135
2213579,786281,4829868,5616149,6.14267418391135
2213638,786310,4830192,5616502,6.142859686383233
2213671,786320,4830257,5616577,6.142864228303998
2213708,786348,4830334,5616682,6.142743416400881
2213755,786368,4830395,5616763,6.142664757467242
2213865,786414,4830652,5617066,6.142632252223383
2213889,786443,4830723,5617166,6.142496023233725
2213925,786451,4830781,5617232,6.142507289074589
2213967,786454,4830915,5617369,6.142654242969074
2213976,786459,4830932,5617391,6.142636806241648
2214033,786498,4831078,5617576,6.142517844927768
2214047,786504,4831091,5617595,6.142487514367378
2214080,786517,4831128,5617645,6.142433030691008
2214090,786519,4831157,5617676,6.142454282731886
2214681,786879,4832752,5619631,6.141671082847553
2214850,786920,4833328,5620248,6.1420830579982715
2214860,786925,4833355,5620280,6.142078342917051
2215459,786925,4833355,5620280,6.142078342917051
2215482,786925,4833439,5620364,6.142185087524224
2215507,786925,4833517,5620442,6.1422842075165995
2215544,786946,4833598,5620544,6.142223227514975
2215564,786946,4833650,5620596,6.142289305746519
2216134,786992,4835295,5622287,6.144020523715616
2216197,786992,4835422,5622414,6.144181897655884
2216282,786994,4835650,5622644,6.144455993311258
2216305,787001,4835673,5622674,6.144430566161923
2216343,787030,4835738,5622768,6.144286748916814
2216413,787064,4835862,5622926,6.144178872366161
2216442,787082,4835937,5623019,6.144133648082411
2216498,787082,4836010,5623092,6.144226395724969
2217149,787125,4836725,5623850,6.144799110687629
2217209,787125,4836835,5623960,6.144938859774496
2217229,787134,4836889,5624023,6.144937202560174
2217509,787212,4837541,5624753,6.145156577897694
2217524,787212,4837541,5624753,6.145156577897694
2217544,787226,4837582,5624808,6.145099374258472
2217593,787256,4837748,5625004,6.14507606166228
2217632,787262,4837786,5625048,6.145077496437018
2217661,787264,4837801,5625065,6.145080938541582
2217715,787283,4838020,5625303,6.145210807295471
2217750,787291,4838043,5625334,6.145177577287178
2217756,787291,4838057,5625348,6.145195359784375
2217782,787295,4838069,5625364,6.145179380029087
2218068,787411,4838467,5625878,6.144779536988942
2218091,787438,4838521,5625959,6.1446374190729935
2218104,787438,4838551,5625989,6.144675517310569
2218146,787449,4838632,5626081,6.144692545168004
2218957,787785,4840430,5628215,6.144354106767709
2218979,787797,4840472,5628269,6.144313827039199
2218995,787808,4840506,5628314,6.144271192981031
2219017,787814,4840567,5628381,6.1443018275887455
2219029,787814,4840605,5628419,6.144350062324356
2219150,787814,4840977,5628791,6.144822254999276
2219159,787822,4840999,5628821,6.144787782011672
2219405,787823,4841673,5629496,6.145635504421678
2219406,787823,4841678,5629501,6.145641851024913
2219522,787839,4841808,5629647,6.14568204925118
2219536,787839,4841851,5629690,6.14573662893053
2220068,788013,4843365,5631378,6.14630088589909
2220880,788207,4846233,5634440,6.148426745766024
2220907,788221,4846283,5634504,6.148380974371401
2220934,788243,4846328,5634571,6.148266460977135
2221128,788247,4847137,5635384,6.1492615893241585
2221162,788259,4847177,5635436,6.149218721257861
2221195,788267,4847273,5635540,6.149278099933144
2221318,788417,4847715,5636132,6.148668788217403
2221324,788418,4847719,5636137,6.1486660629260115
2221368,788429,4847747,5636176,6.148615791656573
2221478,788477,4847929,5636406,6.148472308006448
2221555,788547,4848216,5636763,6.148290463345876
2221776,788547,4848775,5637322,6.14899936211792
2221962,788572,4848988,5637560,6.149074529656138
2221980,788572,4849072,5637644,6.149181051318079
2222047,788586,4849196,5637782,6.149229126563241
2222065,788596,4849213,5637809,6.149172706937392
2223287,788942,4851448,5640390,6.149308821180771
2223340,788982,4851529,5640511,6.149099725976004
2223395,789034,4851699,5640733,6.148909932905299
2223416,789034,4851729,5640763,6.148947954080559
2223432,789034,4851755,5640789,6.148980905765785
2223462,789034,4851861,5640895,6.149115247251703
2223519,789058,4851969,5641027,6.14906508773753
2223560,789058,4851992,5641050,6.149094236418615
2223568,789061,4851996,5641057,6.149075926956217
2223626,789107,4852197,5641304,6.148972192617731
2223674,789115,4852279,5641394,6.149013768588862
2223699,789129,4852319,5641448,6.148955367246673
2223855,789181,4852720,5641901,6.149058327557303
2223882,789197,4852754,5641951,6.148976744716465
2223918,789224,4852851,5642075,6.148889288719046
2223984,789224,4852948,5642172,6.1490121942566365
2223988,789227,4852952,5642179,6.148993888957169
2224029,789227,4852952,5642179,6.148993888957169
2224038,789229,4852976,5642205,6.14900871610141
2224103,789244,4853014,5642258,6.148939998276832
2224321,789312,4853150,5642462,6.148582563042244
2224364,789339,4853231,5642570,6.148474863144986
2224393,789351,4853277,5642628,6.148439667524333
2224445,789364,4853301,5642665,6.148368813373804
2224467,789374,4853358,5642732,6.1483631333183
2224481,789380,4853405,5642785,6.148375940611619
2225013,789423,4854027,5643450,6.1488289548188995
2225071,789461,4854119,5643580,6.148649521635647
2225072,789461,4854124,5643585,6.148655855070738
2225118,789497,4854222,5643719,6.14849961431139
2225302,789581,4854624,5644205,6.148354633660131
2225356,789594,4854671,5644265,6.148312930442734
2225363,789600,4854684,5644284,6.1482826747720365
2225373,789600,4854751,5644351,6.1483675278622085
2225377,789600,4854775,5644375,6.148397922998987
2225405,789607,4854803,5644410,6.148378877086956
2225420,789618,4854848,5644466,6.148350214914047
2225457,789630,4854932,5644562,6.148363157428163
2225515,789665,4855055,5644720,6.148246408287059
2225564,789665,4855234,5644899,6.148473086688659
2225633,789683,4855384,5645067,6.148522888298216
2225667,789715,4855462,5645177,6.148372514134846
2226217,790043,4857308,5647351,6.148156492747863
2226224,790043,4857328,5647371,6.14818180782565
2226280,790057,4857444,5647501,6.1482196854151026
2226304,790068,4857502,5647570,6.14820749606363
2226338,790077,4857544,5647621,6.148190619395325
2226356,790081,4857557,5647638,6.148175946516876
2226376,790086,4857621,5647707,6.148218042086557
2226459,790115,4857853,5647968,6.14828600899869
2226631,790173,4858170,5648343,6.148235892646294
2226638,790178,4858183,5648361,6.148213440515934
2226662,790196,4858218,5648414,6.148117682195304
2226684,790205,4858248,5648453,6.1480856233509025
2226710,790205,4858274,5648479,6.148118526205225
2226876,790215,4859248,5649463,6.149273299038869
2226947,790253,4859388,5649641,6.149154764360275
2226970,790260,4859412,5649672,6.149130665856807
2227180,790276,4859981,5650257,6.149726171615993
2227511,790276,4860317,5650593,6.1501513395320115
2227535,790276,4860379,5650655,6.150229793135563
2227554,790294,4860425,5650719,6.150147919634971
2228063,790294,4861245,5651539,6.151185508177969
2228106,790305,4861294,5651599,6.151161893193135
2228584,790512,4862372,5652884,6.150914850122453
2228622,790526,4862419,5652945,6.150865373181906
2228743,790526,4862601,5653127,6.1510955996387215
2228761,790537,4862623,5653160,6.151037838836133
2228792,790550,4862691,5653241,6.151022705711214
2228825,790558,4862717,5653275,6.150993349001591
2228845,790572,4862748,5653320,6.150923635038934
2228878,790589,4862790,5653379,6.150844496951008
2228893,790589,4862818,5653407,6.150879913583417
2228930,790616,4862874,5653490,6.150740688273448
2228936,790620,4862892,5653512,6.150732336647188
2228984,790643,4862964,5653607,6.150644475445935
2229010,790660,4863019,5653679,6.15058179242658
2231040,791637,4871299,5662936,6.153450381930102
2231172,791699,4871434,5663133,6.153139008638384
2231213,791730,4871534,5663264,6.153024389627777
2231241,791745,4871594,5663339,6.152983599517522
2231276,791756,4871687,5663443,6.153015575505585
2231347,791774,4871735,5663509,6.1529363176866125
2231674,791844,4872647,5664491,6.153544132430125
2231973,792065,4873432,5665497,6.15281826617765
2232022,792065,4873537,5665602,6.152950831055532
2232071,792084,4873638,5665722,6.152930749768964
2232157,792097,4873926,5666023,6.153193358894176
2232204,792122,4874059,5666181,6.15316706264944
2233729,793025,4877473,5670498,6.150465622143059
2233983,793079,4877867,5670946,6.1505436406713585
2234729,793231,4878657,5671888,6.150360991943078
2234808,793308,4878824,5672132,6.149974537002022
2234815,793308,4878847,5672155,6.150003529524472
2235034,793412,4879584,5672996,6.150126289998135
2235087,793451,4879678,5673129,6.149942466516521
2235103,793455,4879688,5673143,6.149924066267148
2235285,793455,4880232,5673687,6.150609675406923
2235305,793455,4880317,5673772,6.150716801835013
2235783,793694,4881649,5675343,6.150542904444282
2235948,793817,4881931,5675748,6.149945138489097
2235996,793837,4882025,5675862,6.149908608442288
2236016,793837,4882040,5675877,6.14992750400901
2236101,793864,4882183,5676047,6.1498984712746765
2236168,793868,4882415,5676283,6.150159724286657
2236286,793902,4882701,5676603,6.150256580787049
2236368,793936,4882817,5676753,6.1501393059390175
2236384,793936,4882867,5676803,6.150202283307471
2236412,793936,4882934,5676870,6.150286672981197
2236419,793940,4882960,5676900,6.150288434894325
2236482,793982,4883122,5677104,6.150167132252369
2236733,794151,4883816,5677967,6.149732229764869
2236800,794199,4883929,5678128,6.149502832413539
2236860,794242,4884080,5678322,6.149360018734844
2236866,794242,4884094,5678336,6.149377645604236
2236900,794258,4884146,5678404,6.149319238836751
2236914,794262,4884179,5678441,6.149329818120469
2236942,794262,4884237,5678499,6.149402841883409
2236970,794279,4884288,5678567,6.149335435029757
2236982,794287,4884324,5678611,6.14931882304507
2237002,794287,4884345,5678632,6.149345261851195
2237051,794309,4884420,5678729,6.149269364944876
2237054,794309,4884429,5678738,6.149280695547954
2237064,794313,4884457,5678770,6.149284979598723
2237070,794313,4884475,5678788,6.14930764069076
2237076,794314,4884483,5678797,6.149309970616154
2237131,794318,4884521,5678839,6.149326843908863
2237132,794318,4884526,5678844,6.149333138617028
2237161,794318,4884526,5678844,6.149333138617028
2237203,794324,4884534,5678858,6.14929676051586
2237286,794334,4884754,5679088,6.149496307598567
2237321,794351,4884822,5679173,6.149450305973052
2238011,794851,4887628,5682479,6.1491122235488165
2238572,794979,4888475,5683454,6.149187588602969
2238856,794987,4889462,5684449,6.150367238709563
2238986,795063,4889795,5684858,6.150198160397352
2239163,795080,4890418,5685498,6.150850228907783
2239192,795080,4890435,5685515,6.150871610403985
2239216,795089,4890472,5685561,6.150848521360502
2239246,795095,4890508,5685603,6.1508473830171235
2239307,795118,4890612,5685730,6.150800258577972
2239356,795131,4890731,5685862,6.150849356898423
2239359,795133,4890735,5685868,6.150838916256777
2239540,795179,4891332,5686511,6.1512338731279375
2239800,795183,4892049,5687232,6.152104609882254
2239836,795188,4892078,5687266,6.152102395911407
2239943,795260,4892273,5687533,6.151790609360461
2240010,795283,4892414,5687697,6.15178999173879
2240027,795290,4892428,5687718,6.151753448427618
2240034,795290,4892447,5687737,6.151777339083856
2240099,795318,4892547,5687865,6.1516864952132355
2240135,795320,4892594,5687914,6.151730121209073
2240200,795323,4892960,5688283,6.152167106949
2240241,795332,4893050,5688382,6.152210649137719
2240336,795332,4893153,5688485,6.1523401548032774
2240647,795413,4893775,5689188,6.152495621771331
2240778,795482,4894104,5689586,6.152375540867046
2240828,795502,4894181,5689683,6.152317656020978
2240858,795525,4894265,5689790,6.152245372552716
2240940,795558,4894438,5689996,6.152207632881575
2240950,795558,4894460,5690018,6.152235286427891
2240978,795562,4894529,5690091,6.152291084792888
2241319,795562,4895208,5690770,6.153144569499298
2241394,795562,4895305,5690867,6.153266495885927
2241404,795571,4895327,5690898,6.153224539356009
2241533,795648,4895556,5691204,6.152916867760617
2241599,795648,4895741,5691389,6.15314938264157
2241792,795799,4896537,5692336,6.152982097238121
2241800,795804,4896572,5692376,6.152987419012722
2241960,795804,4896848,5692652,6.153334238078723
2241977,795818,4896863,5692681,6.153244837387443
2242032,795829,4897009,5692838,6.1533432433349375
2242047,795838,4897046,5692884,6.153320148070336
2242053,795842,4897073,5692915,6.1533231470568275
2242167,795899,4897313,5693212,6.1531840095288475
2242185,795913,4897325,5693238,6.153090852894726
2242205,795938,4897386,5693324,6.152974226635743
2242216,795938,4897411,5693349,6.153005636117386
2242390,796037,4897758,5693795,6.1526763203217945
2242649,796101,4898442,5694543,6.153040883003539
2242650,796101,4898442,5694543,6.153040883003539
2242706,796101,4898610,5694711,6.153251911503691
2243408,796136,4899404,5695540,6.153978717204096
2243540,796140,4899860,5696000,6.154520561710252
2243566,796156,4899947,5696103,6.154506152060652
2243582,796156,4899947,5696103,6.154506152060652
2243603,796156,4900013,5696169,6.15458905038711
2243625,796156,4900028,5696184,6.154607890915851
2243656,796166,4900123,5696289,6.1546499096922
2243747,796166,4900418,5696584,6.155020435436831
2243753,796166,4900437,5696603,6.155044299806824
2243784,796176,4900478,5696654,6.15501848837443
2243792,796176,4900478,5696654,6.15501848837443
2243842,796218,4900540,5696758,6.154771683132006
2243853,796218,4900571,5696789,6.154810617192779
2243873,796233,4900627,5696860,6.1547649996923015
2243937,796257,4900820,5697077,6.154821872837538
2243984,796257,4900972,5697229,6.155012765978824
2244005,796270,4901034,5697304,6.154990141534906
2244013,796276,4901038,5697314,6.154948786601631
2244060,796318,4901175,5697493,6.154796199508237
2244290,796473,4901818,5698291,6.154405736289868
2244316,796476,4901869,5698345,6.15444658721669
2244441,796519,4902118,5698637,6.154426950267351
2244503,796519,4902336,5698855,6.154700641164869
2244535,796527,4902396,5698923,6.154714152815912
2244538,796528,4902403,5698931,6.154715214028886
2244649,796528,4902850,5699378,6.155276399574152
2244921,796666,4903324,5699990,6.154805150464561
2244922,796666,4903329,5699995,6.154811426620441
2245701,796974,4905420,5702394,6.155056501215849
2245821,796974,4905622,5702596,6.15530995992341
2245844,796991,4905665,5702656,6.1552326186870365
2245887,797025,4905745,5702770,6.155070418117374
2246742,797273,4907940,5705213,6.155908954649161
2247233,797342,4908365,5705707,6.155909258511405
2247271,797342,4908468,5705810,6.156038437709289
2247287,797342,4908502,5705844,6.156081079386261
2247318,797354,4908572,5705926,6.156076222104611
2248007,797662,4909872,5707534,6.155328948853023
2248145,797786,4910178,5707964,6.154755786639525
2248183,797794,4910232,5708026,6.154761755540904
2248226,797803,4910294,5708097,6.154770037214701
2248267,797827,4910386,5708213,6.154700204430283
2248648,797827,4910386,5708213,6.154700204430283
2248863,797827,4911083,5708910,6.155573827408699
2249001,797875,4911225,5709100,6.155381482061727
2249612,798138,4912052,5710190,6.1543893411916235
2249654,798138,4912101,5710239,6.1544507340835795
2249690,798152,4912156,5710308,6.154411691006224
2249749,798179,4912254,5710433,6.154326285206702
2249764,798185,4912270,5710455,6.15430006827991
2250573,798743,4914668,5713411,6.153002905815763
2250608,798743,4914680,5713423,6.153017929421604
2250621,798743,4914723,5713466,6.1530717640092
2250656,798762,4914842,5713604,6.153074382607085
2250660,798762,4914851,5713613,6.153085650043442
2250707,798788,4914959,5713747,6.153020576172902
2250716,798790,4914973,5713763,6.153022696828954
2251232,798800,4916192,5714992,6.154471707561342
2251233,798800,4916197,5714997,6.1544779669504255
2251268,798815,4916325,5715140,6.154522636655546
2251701,798960,4917456,5716416,6.154821267647942
2251787,799006,4917573,5716579,6.154613357096192
2251831,799018,4917607,5716625,6.15456347666761
2251864,799054,4917699,5716753,6.154401329572219
2251879,799070,4917751,5716821,6.154343173939705
2251897,799070,4917793,5716863,6.1543957350419864
2252198,799070,4918392,5717462,6.155145356476904
2252226,799070,4918450,5717520,6.155217940856246
2252319,799098,4918661,5717759,6.155266312767646
2252364,799140,4918771,5717911,6.155080461496108
2252382,799158,4918815,5717973,6.154996884220642
2252526,799158,4918990,5718148,6.1552158646975945
2252534,799164,4919013,5718177,6.155198432361818
2252549,799164,4919023,5718187,6.155210945437982
2253113,799231,4921463,5720694,6.157747885154605
2253146,799231,4921529,5720760,6.157830464534033
2253164,799237,4921546,5720783,6.157805507002304
2253456,799381,4921960,5721341,6.157214144444263
2253589,799433,4922273,5721706,6.157205169163645
2253630,799446,4922314,5721760,6.157156330759051
2253681,799477,4922386,5721863,6.157007643747099
2253688,799479,4922398,5721877,6.157007250972196
2253693,799479,4922410,5721889,6.157022260747311
2253853,799543,4922624,5722167,6.156797070326424
2254073,799594,4923229,5722823,6.157161009212175
2254080,799594,4923249,5722843,6.157186021906117
2254103,799611,4923289,5722900,6.15710514237548
2254211,799611,4923818,5723429,6.157766714064714
2254242,799628,4923895,5723523,6.157732095424373
2254274,799641,4923968,5723609,6.157723278321146
2254294,799641,4924005,5723646,6.157769549085152
2254379,799662,4924095,5723757,6.15772038686345
2254385,799665,4924104,5723769,6.157708540451314
2254501,799738,4924323,5724061,6.1574203051499365
2254517,799749,4924339,5724088,6.157355620325878
2254600,799820,4924587,5724407,6.157119101797904
2254624,799830,4924643,5724473,6.15711213632897
2254689,799830,4924745,5724575,6.157239663428479
2254705,799838,4924755,5724593,6.157190581092672
2254744,799857,4924880,5724737,6.1572005996071795
2254933,799899,4925126,5725025,6.157184844586629
2255198,799899,4925951,5725850,6.158216224798381
2255260,799918,4926158,5726076,6.158328728694691
2255792,800059,4927273,5727332,6.158637050517524
2256034,800059,4927857,5727916,6.159366996683994
2256193,800059,4928001,5728060,6.159546983409974
2256215,800075,4928038,5728113,6.1594700496828425
2256842,800307,4929510,5729817,6.15952378274837
2257157,800307,4930565,5730872,6.160842026872188
2257199,800319,4930581,5730900,6.160769643104812
2257215,800326,4930600,5730926,6.160739498654299
2257253,800350,4930675,5731025,6.160648466295996
2257358,800391,4930946,5731337,6.160671471818149
2257382,800401,4931002,5731403,6.160664466935948
2257387,800403,4931021,5731424,6.160672811071422
2257396,800403,4931035,5731438,6.160690302260236
2257403,800403,4931054,5731457,6.160714040302198
2257504,800453,4931134,5731587,6.160429156989855
2257518,800457,4931151,5731608,6.160419610297618
2257846,800547,4932224,5732771,6.161067370185636
2258040,800552,4932747,5733299,6.16168218928939
2258292,800673,4933729,5734402,6.1619774864395325
2258313,800677,4933784,5734461,6.162015394472427
2258496,800724,4933928,5734652,6.161833540645715
2258781,800870,4934347,5735217,6.161233408668074
2258854,800870,4934469,5735339,6.161385743004483
2258874,800881,4934507,5735388,6.161348564892911
2259033,800881,4934775,5735656,6.161683196379987
2259041,800884,4934788,5735672,6.161676347635862
2259382,801371,4936174,5737545,6.159661380309495
2259398,801377,4936205,5737582,6.159653945646057
2259462,801429,4936344,5737773,6.159427722231165
2259463,801429,4936347,5737776,6.159431465544671
2259519,801450,4936410,5737860,6.159348680516564
2259528,801456,4936429,5737885,6.1593262761773575
2259541,801461,4936452,5737913,6.159316548153934
2259563,801476,4936513,5737989,6.159277383227945
2259881,801708,4937271,5738979,6.158440479576105
2259889,801708,4937290,5738998,6.158464178977882
2260162,801708,4937309,5739017,6.15848787837966
2260248,801720,4937439,5739159,6.158557850621165
2260340,801754,4937619,5739373,6.158521192285913
2260393,801783,4937727,5739510,6.158433142134468
2260613,801876,4937939,5739815,6.157983279210252
2260633,801876,4938004,5739880,6.158064339124753
2260792,801934,4938313,5740247,6.158004274665995
2260909,801996,4938419,5740415,6.157660387333602
2261261,802037,4938860,5740897,6.157895458688315
2261282,802037,4938890,5740927,6.157932863446449
2261309,802044,4938923,5740967,6.157920263726179
2261340,802065,4939000,5741065,6.157855036686553
2262530,802089,4943448,5745537,6.163216301432883
2262531,802089,4943453,5745542,6.163222535155076
2262622,802126,4943810,5745936,6.163383308856713
2263830,802129,4946799,5748928,6.167086590810206
2263839,802132,4946813,5748945,6.167080979190457
2263923,802171,4946910,5749081,6.16690206950887
2263955,802188,4946950,5749138,6.166821243897939
2264115,802188,4947316,5749504,6.167277496048308
2264150,802191,4947349,5749540,6.16729556925969
2264175,802192,4947378,5749570,6.167324032151904
2264186,802200,4947408,5749608,6.167299925205684
2264322,802258,4947643,5749901,6.167146977655567
2264333,802258,4947643,5749901,6.167146977655567
2264354,802267,4947710,5749977,6.167161306647288
2264380,802279,4947776,5750055,6.167151327655342
2264401,802282,4947827,5750109,6.167191835289835
2264461,802341,4948005,5750346,6.166960182765183
2264514,802347,4948163,5750510,6.167110988138549
2264532,802364,4948208,5750572,6.167036407416085
2264862,802375,4948997,5751372,6.16793519239757
2264959,802480,4949365,5751845,6.167586731133486
2264975,802480,4949390,5751870,6.16761788455787
2264991,802495,4949429,5751924,6.167551199695948
2265217,802495,4950177,5752672,6.168483292730796
2265545,802723,4951185,5753908,6.167986964370026
2265572,802746,4951231,5753977,6.167867544652979
2265611,802766,4951303,5754069,6.167803569159631
2265755,802882,4951604,5754486,6.167287347331239
2265820,802900,4951662,5754562,6.167221322705194
2266363,802900,4951662,5754562,6.167221322705194
2266371,802906,4951682,5754588,6.167200145471575
2266877,803057,4952373,5755430,6.166900979631583
2266961,803147,4952649,5755796,6.166553569894428
2266963,803147,4952660,5755807,6.166567266017305
2267020,803147,4952810,5755957,6.166754031329258
2267054,803164,4952873,5756037,6.166701943812223
2267109,803164,4953039,5756203,6.166908626382656
2267195,803220,4953182,5756402,6.16665670675531
2267203,803224,4953198,5756422,6.166645916954673
2267216,803231,4953231,5756462,6.166633259921492
2267222,803234,4953251,5756485,6.166635127497093
2267241,803234,4953298,5756532,6.166693640956433
2268265,803711,4954597,5758308,6.164649979905712
2268381,803739,4954694,5758433,6.164555906830451
2268434,803766,4954828,5758594,6.164515543080946
2268456,803766,4954895,5758661,6.164598900675072
2268482,803785,4954925,5758710,6.164490504301523
2268576,803818,4955120,5758938,6.164480019108804
2268608,803847,4955317,5759164,6.1645026976526625
2268608,803847,4955317,5759164,6.1645026976526625
2268686,803871,4955597,5759468,6.1646669677099935
2269218,803871,4956915,5760786,6.166306534257362
2269441,803931,4957173,5761104,6.166167245696459
2269518,803970,4957376,5761346,6.166120626391532
2269524,803970,4957390,5761360,6.166138039976616
2269529,803973,4957399,5761372,6.166126225631955
2269577,803973,4957521,5761494,6.166277972021448
2269608,803973,4957654,5761627,6.1664434004624535
2269653,803979,4957802,5761781,6.166581465436287
2269705,804022,4957952,5761974,6.1664382317896775
2269728,804042,4958006,5762048,6.166352006487223
2269910,804124,4958435,5762559,6.166256696728365
2269913,804124,4958441,5762565,6.166264158264148
2269966,804149,4958581,5762730,6.166246553810302
2269977,804158,4958595,5762753,6.16619495173834
2270017,804178,4958734,5762912,6.166214445060671
2270048,804178,4958839,5763017,6.166345013168726
2270057,804182,4958849,5763031,6.166326776774412
2270065,804184,4958873,5763057,6.166341285079037
2270226,804184,4959222,5763406,6.166775265362156
2270274,804238,4959365,5763603,6.1665390095966615
2270570,804238,4959935,5764173,6.167247755017793
2270598,804259,4959972,5764231,6.167132727143867
2270732,804282,4960074,5764356,6.167083187240296
2270963,804330,4960317,5764647,6.167017269031367
2270984,804330,4960362,5764692,6.167073216217224
2270997,804330,4960379,5764709,6.16709435182077
2271001,804333,4960391,5764724,6.167086268995553
2271016,804339,4960403,5764742,6.167055184443376
2271028,804344,4960433,5764777,6.167054145987289
2271063,804364,4960464,5764828,6.166939345868289
2271081,804383,4960509,5764892,6.166849622630016
2271145,804419,4960643,5765062,6.166740218716862
2271149,804424,4960649,5765073,6.1667093473093795
2271191,804437,4960716,5765153,6.1666929790648615
2271198,804437,4960739,5765176,6.166721570489671
2271303,804474,4960890,5765364,6.166625646074329
2271433,804533,4961220,5765753,6.16658359570086
2271518,804559,4961395,5765954,6.166601827833633
2271616,804596,4961609,5766205,6.1665842236352155
2271649,804604,4961677,5766281,6.166607424273307
2271650,804604,4961682,5766286,6.1666136385103725
2272633,805204,4965225,5770429,6.166418696380048
2272695,805234,4965341,5770575,6.166333016241242
2272699,805234,4965350,5770584,6.166344193116535
2272782,805278,4965595,5770873,6.166311509814002
2273125,805303,4966698,5772001,6.167489752304412
2273180,805341,4966822,5772163,6.167352711460114
2273230,805371,4966906,5772277,6.167227277863246
2273237,805371,4966929,5772300,6.167255836130181
2273544,805374,4967524,5772898,6.167971650438181
2273551,805374,4967548,5772922,6.168001450257893
2273833,805510,4968335,5773845,6.167937083338506
2273840,805510,4968349,5773859,6.1679544636317365
2273871,805510,4968423,5773933,6.1680463308959546
2274421,805708,4969532,5775240,6.167906983671504
2274523,805742,4969721,5775463,6.167881282097744
2274552,805750,4969811,5775561,6.167931740614335
2274565,805759,4969842,5775601,6.167901320369986
2274572,805759,4969865,5775624,6.167929864885158
2274584,805768,4969894,5775662,6.167896962897509
2275434,805768,4971250,5777018,6.169579829429811
2275517,805823,4971505,5777328,6.169475182515267
2275540,805824,4971609,5777433,6.1695965868477485
2275679,805824,4971964,5777788,6.170037129695815
2275798,805923,4972367,5778290,6.169779246900759
2275823,805931,4972416,5778347,6.1697788024036795
2275914,805986,4972629,5778615,6.1696220529885135
2275939,805993,4972665,5778658,6.1696131355979515
2275980,805993,4972816,5778809,6.169800482138182
2276178,806016,4973070,5779086,6.169939554549786
2276181,806020,4973081,5779101,6.16992258256619
2276270,806079,4973319,5779398,6.169766238792972
2276337,806097,4973428,5779525,6.169763688489103
2276375,806097,4973537,5779634,6.169898907947803
2276407,806105,4973579,5779684,6.169889778626854
2276417,806113,4973601,5779714,6.169855839069709
2276545,806182,4973877,5780059,6.169670124115894
2276573,806191,4973921,5780112,6.169655825976722
2276605,806191,4974091,5780282,6.169866694120872
2276690,806251,4974250,5780501,6.169604750877828
2276885,806251,4974720,5780971,6.17018769589123
2276894,806251,4974750,5781001,6.170224905147404
2276918,806263,4974797,5781060,6.170191364356295
2276949,806287,4974862,5781149,6.170088318427557
2276964,806287,4974872,5781159,6.170100720959162
2277230,806287,4975074,5781361,6.1703512520975785
2277250,806287,4975123,5781410,6.170412024502442
2277280,806297,4975261,5781558,6.170506649534849
2277287,806300,4975265,5781565,6.170488651866551
2277292,806300,4975277,5781577,6.170503534664517
2277648,806416,4975604,5782020,6.170021428146267
2277670,806422,4975646,5782068,6.1700276034135975
2278092,806462,4976319,5782781,6.170556083237648
2278105,806462,4976358,5782820,6.1706044426147795
2278154,806492,4976478,5782970,6.170523700173096
2278172,806498,4976507,5783005,6.170513752048982
2278230,806531,4976585,5783116,6.170357989959468
2278562,806625,4977216,5783841,6.17042119944212
2278571,806628,4977226,5783854,6.170410647783117
2278656,806647,4977298,5783945,6.17035456649563
2278681,806651,4977363,5784014,6.170404549179261
2278692,806651,4977414,5784065,6.170467773547668
2278696,806651,4977418,5784069,6.17047273232166
2278697,806651,4977421,5784072,6.1704764514021555
2278839,806735,4977767,5784502,6.170262849634638
2279720,806986,4979775,5786761,6.170831959910085
2279971,807117,4980175,5787292,6.170325987434287
2280014,807140,4980240,5787380,6.170230691082092
2280102,807140,4980580,5787720,6.170651931511262
2280131,807140,4980630,5787770,6.170713878633198
2280151,807140,4980716,5787856,6.17082042768293
2280219,807192,4980836,5788028,6.170571561660671
2280481,807277,4981575,5788852,6.170837271469397
2280490,807279,4981584,5788863,6.170833132039852
2280501,807279,4981613,5788892,6.170869055184143
2280507,807279,4981627,5788906,6.170886397391732
2280550,807279,4981765,5789044,6.171057342009392
2280569,807290,4981784,5789074,6.170996791735312
2280571,807290,4981792,5789082,6.17100670143319
2280602,807300,4981831,5789131,6.170978570543788
2280613,807300,4981846,5789146,6.170997150997151
2280618,807302,4981854,5789156,6.170991772595634
2280678,807323,4981981,5789304,6.170988563437435
2280703,807323,4982052,5789375,6.171076508411131
2281294,807482,4982821,5790303,6.17081371473296
2281439,807513,4982961,5790474,6.170750192256967
2281460,807521,4983036,5790557,6.170781936321161
2281479,807534,4983059,5790593,6.170711078418989
2281486,807534,4983079,5790613,6.170735845178036
2281500,807539,4983117,5790656,6.170744694683477
2281506,807539,4983131,5790670,6.170762031307467
2281551,807539,4983308,5790847,6.170981215767907
2281591,807563,4983515,5791078,6.171054146859131
2281605,807563,4983556,5791119,6.171104916891933
2281617,807567,4983595,5791162,6.17112264369396
2281647,807593,4983642,5791235,6.170982165521494
2281750,807593,4984006,5791599,6.171432887605514
2281883,807649,4984291,5791940,6.171357854711639
2282326,807990,4986582,5794572,6.1715887572866
2282394,808012,4986670,5794682,6.171529630748058
2282420,808012,4986739,5794751,6.171615025519423
2282443,808022,4986795,5794817,6.171607951268654
2282444,808022,4986800,5794822,6.171614139218982
2283172,808049,4987300,5795349,6.172026696400837
2283184,808049,4987328,5795377,6.172061347764801
2283214,808052,4987411,5795463,6.172141149331973
2283220,808052,4987425,5795477,6.172158474949632
2283260,808079,4987506,5795585,6.172052484967435
2283284,808102,4987573,5795675,6.171959727856137
2283963,808516,4990772,5799288,6.172756012249603
2284015,808553,4990912,5799465,6.17264669106416
2284038,808558,4990939,5799497,6.172641913134246
2284245,808648,4991397,5800045,6.172521294803178
2284254,808648,4991419,5800067,6.172548500707354
2284664,808771,4991978,5800749,6.172300935617128
2284750,808818,4992090,5800908,6.172080740042877
2284850,808881,4992283,5801164,6.171838626448142
2284875,808903,4992309,5801212,6.171702911226686
2284932,808922,4992367,5801289,6.171629650324753
2284939,808925,4992371,5801296,6.171611706894953
2284996,808925,4992450,5801375,6.171709367370275
2285211,809002,4992917,5801919,6.171699204699123
2285254,809002,4993119,5802121,6.171948895058356
2285284,809022,4993173,5802195,6.171863064292442
2285320,809048,4993216,5802264,6.171717870880343
2285340,809048,4993280,5802328,6.171796976199187
2285420,809115,4993457,5802572,6.171504668681213
2285424,809119,4993464,5802583,6.171482810315911
2285523,809127,4993635,5802762,6.171633130522156
2285552,809138,4993676,5802814,6.171599900140643
2285562,809142,4993686,5802828,6.171581749556938
2285617,809162,4993792,5802954,6.171560206732397
2285798,809244,4994130,5803374,6.171352521612764
2285853,809244,4994230,5803474,6.171476093736871
2286016,809291,4994337,5803628,6.1712498965143565
2286046,809315,4994400,5803715,6.171144733509202
2286363,809315,4995470,5804785,6.172466839240593
2286691,809487,4995903,5805390,6.171690218619941
2286698,809487,4995918,5805405,6.171708748874287
2286841,809584,4996394,5805978,6.171557244214313
2286862,809598,4996429,5806027,6.171493753690103
2286909,809606,4996442,5806048,6.171448828195444
2287682,809606,4998092,5807698,6.173486856569739
2287731,809628,4998177,5807805,6.173424091064044
2287785,809660,4998269,5807929,6.173293728231603
2287789,809662,4998290,5807952,6.173304415916765
2287815,809668,4998323,5807991,6.173299426431575
2287879,809693,4998400,5808093,6.173203918028191
2287929,809738,4998539,5808277,6.173032511750715
2287945,809738,4998565,5808303,6.173064620902069
2289409,809738,5000651,5810389,6.175640762814639
2289410,809738,5000656,5810394,6.175646937651438
2289474,809777,5000903,5810680,6.1756545320501814
2289480,809781,5000923,5810704,6.175648724778675
2289549,809781,5001122,5810903,6.17589447023331
2289556,809781,5001142,5810923,6.175919168268952
2290373,809848,5005420,5815268,6.180690697513607
2290434,809886,5005495,5815381,6.180493303995871
2290446,809900,5005527,5815427,6.180425978515866
2290468,809900,5005594,5815494,6.180508704778368
2290496,809901,5005640,5815541,6.180557870653327
2290594,809968,5005819,5815787,6.180267615510736
2290624,810000,5005952,5815952,6.180187654320988
2290640,810012,5006010,5816022,6.180167701219241
2290666,810026,5006098,5816124,6.180169525422641
2290672,810026,5006116,5816142,6.18019174693158
2290727,810077,5006276,5816353,6.180000172823077
2290733,810079,5006295,5816374,6.180008369554081
2290741,810086,5006319,5816405,6.179984594228267
2290829,810145,5006567,5816712,6.179840645810318
2290887,810166,5006635,5816801,6.179764393963707
2290896,810166,5006653,5816819,6.179786611632678
2291086,810252,5006968,5817220,6.179519458143886
2291512,810252,5007781,5818033,6.180522849681334
2291638,810252,5008068,5818320,6.180877060470076
2292224,810550,5009212,5819762,6.180016038492382
2292230,810550,5009226,5819776,6.180033310714947
2292288,810550,5009263,5819813,6.180078958731725
2292371,810619,5009514,5820133,6.17986254948379
2292434,810660,5009806,5820466,6.179910196629907
2292447,810663,5009843,5820506,6.179932968446814
2292557,810732,5010088,5820820,6.179709201067677
2292642,810799,5010270,5821069,6.1794230135952315
2292777,810900,5010525,5821425,6.178967813540511
2292909,810952,5010780,5821732,6.178886049975831
2292956,810967,5010861,5821828,6.178871643359101
2293031,810997,5011006,5822003,6.178821869871282
2293036,810997,5011018,5822015,6.178836666473488
2293077,811006,5011107,5822113,6.178877838141765
2293111,811016,5011186,5822202,6.1788990599445635
2293183,811057,5011268,5822325,6.178687811090959
2293370,811066,5012361,5823427,6.179966858430757
2293462,811066,5012416,5823482,6.180034670421396
2294024,811133,5013187,5824320,6.1804747186959474
2294107,811156,5013363,5824519,6.180516448130816
2294180,811198,5013458,5824656,6.180313560930871
2294214,811229,5013602,5824831,6.1802548971991875
2294221,811229,5013622,5824851,6.180279551150169
2294260,811230,5013683,5824913,6.1803471272019035
2294298,811256,5013733,5824989,6.180210685652864
2294329,811265,5013774,5825039,6.180192662077126
2294351,811277,5013821,5825098,6.180159181142815
2294486,811368,5014064,5825432,6.179765531793218
2294520,811381,5014124,5825505,6.179740467178798
2294686,811381,5014487,5825868,6.180187852562483
2294938,811463,5014762,5826225,6.179902225979497
2295440,811623,5015402,5827025,6.179472489074361
2295570,811623,5015788,5827411,6.179948079342256
2295596,811623,5015867,5827490,6.180045415174287
2295601,811626,5015874,5827500,6.1800311966349035
2295614,811635,5015908,5827543,6.180004558699415
2295922,811635,5016630,5828265,6.180894121125876
2295932,811635,5016656,5828291,6.1809261552298755
2295968,811656,5016703,5828359,6.180824142247455
2295985,811670,5016728,5828398,6.180748333682408
2295986,811670,5016733,5828403,6.1807544938213805
2296025,811707,5016830,5828537,6.180592258043851
2296050,811707,5016885,5828592,6.18066001648378
2296072,811707,5016935,5828642,6.180721615065535
2296209,811739,5017126,5828865,6.180713258818414
2296215,811739,5017140,5828879,6.180730505741377
2296305,811767,5017179,5828946,6.180565359271811
2296327,811773,5017203,5828976,6.180549242214265
2296398,811787,5017348,5829135,6.180621271343345
2296511,811787,5017687,5829474,6.181038868570203
2296541,811795,5017703,5829498,6.180997665666824
2296576,811795,5017852,5829647,6.181181209541818
2296631,811830,5018000,5829830,6.181097027702844
2296863,812006,5018867,5830873,6.180825018534346
2296898,812024,5018946,5830970,6.180785296986296
2297044,812116,5019401,5831517,6.180645375783755
2297090,812138,5019468,5831606,6.180560446623604
2297112,812149,5019528,5831677,6.180550613249539
2297117,812150,5019531,5831681,6.180546697038724
2297368,812150,5020523,5832673,6.181768146278396
2298169,812150,5021440,5833590,6.182897248045312
2298193,812153,5021479,5833632,6.182922429640721
2298233,812174,5021613,5833787,6.182927550007757
2298289,812196,5021753,5833949,6.182932444877838
2298361,812196,5021753,5833949,6.182932444877838
2298416,812248,5021875,5834123,6.182686814864426
2298451,812290,5021948,5834238,6.182457004271873
2298503,812328,5022071,5834399,6.18231921095912
2298512,812329,5022095,5834424,6.182341145028677
2298519,812329,5022114,5834443,6.182364534566659
2298609,812405,5022291,5834696,6.182004049704273
2298790,812418,5022921,5835339,6.182680590533445
2298817,812418,5022991,5835409,6.182766753075387
2299158,812633,5023530,5836163,6.181794241681054
2299212,812666,5023688,5836354,6.181737638833174
2299216,812666,5023694,5836360,6.181745021940133
2299229,812666,5023722,5836388,6.181779476439275
2299269,812666,5023869,5836535,6.1819603625597725
2299280,812666,5023881,5836547,6.181975128773691
2299313,812673,5023926,5836599,6.181977252843395
2299356,812684,5024033,5836717,6.182025239822613
2299444,812698,5024213,5836911,6.182140229211835
2299481,812719,5024285,5837004,6.182069079226645
2299875,812836,5025131,5837967,6.1822200296246725
2299935,812836,5025274,5838110,6.182395956871989
2300772,812836,5026983,5839819,6.184498472016496
2300804,812858,5027023,5839881,6.184380297665767
2301047,812946,5027349,5840295,6.184111859828328
2301054,812947,5027377,5840324,6.184138695388507
2301155,813027,5027613,5840640,6.1838204635270415
2301182,813043,5027652,5840695,6.18374673910236
2301225,813066,5027735,5840801,6.183673896092076
2301260,813078,5027787,5840865,6.1836465874122775
2301269,813078,5027805,5840883,6.18366872550973
2301300,813099,5027847,5840946,6.183560673423531
2301346,813099,5027902,5841001,6.183628315863136
2301416,813132,5028031,5841163,6.183536006454057
2301474,813132,5028100,5841232,6.183620863525233
2301496,813137,5028121,5841258,6.183608666190322
2301498,813138,5028123,5841261,6.183603521173528
2301815,813141,5029053,5842194,6.184724420487959
2301957,813292,5029346,5842638,6.183936396767705
2301959,813292,5029352,5842644,6.183943774191803
2301976,813292,5029396,5842688,6.183997875301859
2302070,813339,5029647,5842986,6.183949128223287
2302084,813345,5029679,5843024,6.183942853278744
2302090,813345,5029693,5843038,6.183960066146592
2303933,813942,5033339,5847281,6.183903767098884
2303942,813942,5033360,5847302,6.183929567463038
2303971,813952,5033398,5847350,6.183900279131939
2304010,813984,5033507,5847491,6.183791081888588
2304019,813987,5033541,5847528,6.1838100608486375
2304728,814084,5034875,5848959,6.184711897052392
2304758,814100,5034907,5849007,6.184629652376858
2304816,814121,5035054,5849175,6.184650684603394
2304847,814140,5035103,5849243,6.184566536467929
2304854,814140,5035120,5849260,6.184587417397499
2304888,814153,5035190,5849343,6.184574643832302
2304895,814155,5035197,5849352,6.184568049081563
2304949,814155,5035316,5849471,6.184714212895579
2304967,814166,5035368,5849534,6.184694521756006
2305025,814192,5035438,5849630,6.184582997622183
2305083,814198,5035528,5849726,6.184647960324147
2305088,814198,5035540,5849738,6.184662698753866
2305112,814198,5035635,5849833,6.184779377989138
2305924,814198,5037342,5851540,6.186875919616604
2305945,814237,5037484,5851721,6.186753979492457
2305965,814237,5037529,5851766,6.186809245956644
2305981,814256,5037572,5851828,6.186717690750821
2306049,814282,5037796,5852078,6.186795238013366
2306075,814287,5037839,5852126,6.186810055913947
2306103,814294,5037866,5852160,6.186790029154089
2306573,814294,5039312,5853606,6.1885658005585205
2306611,814316,5039408,5853724,6.188516497281154
2306657,814354,5039537,5853891,6.188386131829646
2306658,814354,5039542,5853896,6.18839227166564
2306779,814382,5039870,5854252,6.188582262378098
2306826,814412,5039928,5854340,6.188425514358825
2307223,814549,5040503,5855052,6.18809058755213
2307253,814558,5040571,5855129,6.188105696586369
2307370,814613,5040806,5855419,6.187976376512528
2307407,814621,5040902,5855523,6.188033453593757
2307467,814635,5041134,5855769,6.188211898580346
2307476,814635,5041152,5855787,6.188233994365575
2307483,814643,5041167,5855810,6.1881916373184325
2307529,814672,5041260,5855932,6.188085511715144
2307890,814783,5041551,5856334,6.187599643095155
2307919,814819,5041637,5856456,6.18743181000934
2307978,814856,5041757,5856613,6.187298123840286
2307995,814856,5041780,5856636,6.187326349686325
2308156,814917,5042088,5857005,6.187241154620654
2308199,814948,5042203,5857151,6.187146909986895
2308242,815000,5042272,5857272,6.186836809815951
2308630,815020,5044079,5859099,6.188902112831587
2308646,815028,5044157,5859185,6.188937067192784
2308705,815051,5044250,5859301,6.188876524291118
2309191,815051,5045696,5860747,6.190650646401268
2309370,815133,5046356,5861489,6.190837568838459
2309426,815145,5046509,5861654,6.190934128283925
2309435,815149,5046537,5861686,6.190938098433538
2309476,815158,5046631,5861789,6.1909850605649455
2309494,815166,5046672,5861838,6.190974599038723
2309517,815178,5046696,5861874,6.190912904911565
2309544,815188,5046742,5861930,6.190893389009652
2309658,815251,5046924,5862175,6.190638220621625
2309802,815303,5047267,5862570,6.1906640843956176
2309806,815308,5047290,5862598,6.190654329406801
2309918,815365,5047461,5862826,6.190431279243039
2309923,815365,5047473,5862838,6.1904459965782195
2310015,815365,5047528,5862893,6.1905134510311335
2310056,815377,5047645,5863022,6.190565836416774
2310087,815383,5047710,5863093,6.190600000245284
2310095,815383,5047732,5863115,6.190626981430812
2310344,815383,5048068,5863451,6.191039057718888
2310374,815386,5048085,5863471,6.191037128427518
2310942,815386,5049476,5864862,6.192743068926864
2310994,815403,5049556,5864959,6.192712069982573
2311041,815406,5049759,5865165,6.192938241808375
2311059,815406,5049779,5865185,6.192962769466989
2311092,815406,5049843,5865249,6.193041257974555
2311125,815414,5049910,5865324,6.193062665100182
2311252,815473,5050252,5865725,6.193033981505212
2311269,815481,5050287,5865768,6.193016146298933
2311301,815481,5050335,5865816,6.193075007265651
2311317,815487,5050365,5865852,6.1930662291367
2311428,815487,5050608,5866095,6.193364210588275
2311457,815499,5050653,5866152,6.1933282566870105
2311467,815508,5050668,5866176,6.193278300151562
2311492,815508,5050706,5866214,6.1933248968740955
2311498,815512,5050711,5866223,6.1933006503889585
2311503,815514,5050719,5866233,6.193295271448436
2311625,815557,5050934,5866491,6.193232355310542
2311647,815581,5050988,5866569,6.1931163183056
2311685,815598,5051026,5866624,6.193033823035368
2311774,815641,5051312,5866953,6.1930579752611745
2311779,815641,5051323,5866964,6.193071461586654
2311817,815652,5051417,5867069,6.193103186162726
2311918,815688,5051662,5867350,6.1931302164553115
2311950,815701,5051717,5867418,6.193098941891698
2311987,815701,5051753,5867454,6.19314307571034
2311992,815704,5051774,5867478,6.193146043172523
2312129,815772,5052052,5867824,6.192970584918335
2312155,815782,5052102,5867884,6.1929559612739675
2312233,815822,5052246,5868068,6.192828827857057
2312265,815831,5052289,5868120,6.192813217443319
2312334,815862,5052450,5868312,6.1927752487553045
2312367,815862,5052640,5868502,6.193008131277103
2312583,816024,5053125,5869149,6.192373018440634
2312617,816046,5053209,5869255,6.192309011991971
2312620,816047,5053213,5869260,6.192306325493507
2312670,816059,5053326,5869385,6.192353739129156
2312717,816080,5053401,5869481,6.192286295461229
2312772,816080,5053577,5869657,6.192501960592099
2312823,816080,5053699,5869779,6.192651455739633
2312880,816112,5053807,5869919,6.1925409747681694
2312905,816127,5053926,5870053,6.192572969648106
2313060,816207,5054177,5870384,6.192273528651433
2313111,816228,5054276,5870504,6.192235502825191
2313150,816261,5054376,5870637,6.192107671443325
2313164,816276,5054410,5870686,6.19203553699974
2313169,816281,5054417,5870698,6.192006184144921
2313193,816281,5054482,5870763,6.192085813586253
2313256,816281,5054640,5870921,6.192279374382106
2313775,816281,5055695,5871976,6.193571821468343
2313825,816321,5055779,5872100,6.193371235090118
2313877,816340,5055890,5872230,6.193363059509518
2313886,816340,5055919,5872259,6.193398583923365
2313911,816340,5055962,5872302,6.1934512580542425
2314932,816350,5057161,5873511,6.194844123231457
2315029,816384,5057268,5873652,6.19471719190969
2315077,816384,5057421,5873805,6.194904603715899
2315114,816407,5057466,5873873,6.1947851990490035
2315147,816416,5057504,5873920,6.19476345392545
2315249,816429,5057774,5874203,6.194995523186952
2315271,816429,5057797,5874226,6.195023694650729
2315411,816462,5058080,5874542,6.195119919849301
2315488,816473,5058100,5874573,6.195060951188833
2315497,816479,5058124,5874603,6.19504482050365
2315509,816485,5058157,5874642,6.19503971291573
2315554,816510,5058273,5874783,6.194992100525407
2315555,816510,5058277,5874787,6.194996999424379
2315625,816531,5058352,5874883,6.194929525027219
2315695,816578,5058467,5875045,6.194713793415938
2315710,816585,5058493,5875078,6.194692530477537
2315843,816658,5058693,5875351,6.194383695500442
2315866,816658,5058738,5875396,6.194438798126021
2315886,816658,5058798,5875456,6.194512268293459
2315922,816669,5058883,5875552,6.1945329135794305
2315961,816669,5059006,5875675,6.194683525394009
2316045,816710,5059318,5876028,6.19475456404354
2316098,816740,5059364,5876104,6.1945833435364985
2316134,816754,5059416,5876170,6.194540828695054
2316194,816754,5059562,5876316,6.194719585089268
2316262,816790,5059734,5876524,6.194657133412505
2316269,816790,5059749,5876539,6.194675497986019
2316279,816796,5059778,5876574,6.194665497872173
2316293,816796,5059813,5876609,6.194708348228933
2316360,816811,5059972,5876783,6.194789247451369
2316449,816827,5060102,5876929,6.194827056402396
2316469,816827,5060131,5876958,6.194862559636251
2316546,816874,5060312,5877186,6.194727705864063
2316690,816895,5060549,5877444,6.1948585803561045
2316840,816911,5061147,5878058,6.195469273886629
2316909,816944,5061339,5878283,6.195454033569009
2316915,816944,5061357,5878301,6.1954760669029945
2317144,817007,5061973,5878980,6.19575230077588
2317176,817029,5062010,5879039,6.195630754844688
2317479,817129,5062719,5879848,6.195740207482539
2317514,817132,5062852,5879984,6.195880224982011
2317711,817132,5063316,5880448,6.196448064694565
2317826,817193,5063558,5880751,6.19628166173719
2317869,817199,5063654,5880853,6.196353642136126
2317882,817204,5063684,5880888,6.196352440761426
2317888,817212,5063693,5880905,6.196302795357875
2317907,817225,5063721,5880946,6.196238490011931
2318026,817225,5063721,5880946,6.196238490011931
2318107,817236,5063859,5881095,6.196323950486763
2318150,817263,5063900,5881163,6.19616940935782
2318158,817263,5063925,5881188,6.1961999992658425
2318184,817279,5063975,5881254,6.196139873898632
2318424,817279,5064389,5881668,6.1966464328583015
2322245,818689,5071860,5890549,6.195099726513975
2322257,818689,5071891,5890580,6.195137591930513
2322723,818735,5073154,5891889,6.196332146543143
2322788,818735,5073470,5892205,6.1967181078126625
2322793,818735,5073482,5892217,6.196732764569733
2322864,818768,5073590,5892358,6.196614914114865
2323263,818768,5074353,5893121,6.1975468020245055
2323275,818768,5074388,5893156,6.197589549176324
2323399,818788,5074770,5893558,6.197904707934166
2323967,819056,5075566,5894622,6.196848567130941
2323987,819056,5075629,5894685,6.196925484948526
2324134,819111,5075799,5894910,6.1967169284748955
2324172,819129,5075881,5895010,6.19668086467455
2324261,819129,5076210,5895339,6.197082510813315
2324437,819144,5076457,5895601,6.19727056537068
2324585,819144,5076993,5896137,6.197924906976063
2324698,819171,5077311,5896482,6.198108819770231
2325728,819611,5082356,5901967,6.20093678586549
2325734,819611,5082374,5901985,6.200958747503389
2325884,819655,5082624,5902279,6.200930879455381
2325885,819655,5082626,5902281,6.200933319506378
2326222,819789,5083257,5903046,6.200689445698832
2328802,819865,5087391,5907256,6.205156946570472
2328874,819865,5087646,5907511,6.205467973385862
2329032,819930,5087976,5907906,6.205378507921408
2329060,819955,5088033,5907988,6.20525882517943
2329097,819975,5088090,5908065,6.205176987103266
2329127,819975,5088155,5908130,6.205256257812739
2329255,819982,5088402,5908384,6.205504511074634
2329284,819998,5088449,5908447,6.205440744977427
2329712,820151,5089203,5909354,6.205202456620793
2329758,820174,5089237,5909411,6.2050698998017495
2329794,820174,5089273,5909447,6.205113792926867
2329801,820174,5089289,5909463,6.2051333009824745
2329872,820183,5089442,5909625,6.205251754791309
2330266,820183,5090215,5910398,6.20619422738584
2330292,820186,5090228,5910414,6.206187377009605
2330357,820194,5090348,5910542,6.206273150010851
2330377,820207,5090392,5910599,6.206228427701787
2330453,820255,5090562,5910817,6.206072501843939
2330463,820255,5090582,5910837,6.2060968845054285
2330493,820260,5090594,5910854,6.206073683953869
2330525,820287,5090663,5910950,6.20595352602199
2330537,820296,5090675,5910971,6.2059000653422665
2330546,820296,5090701,5910997,6.205931761217902
2331512,820580,5092665,5913245,6.206177337980453
2331522,820580,5092690,5913270,6.206207804236028
2331531,820580,5092723,5913303,6.206248019693388
2331540,820587,5092742,5913329,6.206218231583001
2331547,820590,5092746,5913336,6.206200416773298
2331581,820612,5092792,5913404,6.206090088860509
2331604,820619,5092831,5913450,6.2060846751050125
2331618,820619,5092857,5913476,6.206116358504982
2331627,820619,5092887,5913506,6.206152916274179
2331714,820619,5093285,5913904,6.206637916012181
2331840,820667,5093710,5914377,6.206792767346561
2332070,820779,5093979,5914758,6.206273552320417
2332089,820783,5094024,5914807,6.206298132393093
2332100,820792,5094041,5914833,6.20625079191805
2332381,820955,5094555,5915510,6.205644645565226
2332385,820955,5094559,5915514,6.205649517939473
2332409,820976,5094611,5915587,6.205554120948724
2332666,821098,5095178,5916276,6.205322628967553
2332701,821109,5095239,5916348,6.205313789034099
2332758,821109,5095239,5916348,6.205313789034099
2332796,821135,5095314,5916449,6.205208644132816
2332918,821135,5095666,5916801,6.205637319076644
2333003,821242,5095939,5917181,6.20516120704981
2333016,821256,5095984,5917240,6.205110221416952
2333079,821289,5096112,5917401,6.205016748063105
2333221,821323,5096252,5917575,6.20493033800344
2333231,821326,5096263,5917589,6.204921066665368
2333248,821326,5096326,5917652,6.204997771895691
2333262,821331,5096362,5917693,6.205003829150488
2333286,821342,5096406,5917748,6.204974298160815
2333308,821354,5096452,5917806,6.204939648434171
2333314,821358,5096454,5917812,6.204911865471573
2333325,821358,5096479,5917837,6.204942302869151
2333369,821370,5096493,5917863,6.204868694985207
2333450,821392,5096612,5918004,6.204847381031225
2333457,821392,5096612,5918004,6.204847381031225
2333511,821411,5096735,5918146,6.204853599476998
2333721,821559,5097299,5918858,6.204422323898831
2333759,821575,5097374,5918949,6.204392782156225
2333773,821587,5097435,5919022,6.204376408097986
2333800,821596,5097467,5919063,6.204347392148939
2333821,821617,5097517,5919134,6.2042496686412285
2333835,821617,5097560,5919177,6.204302004461933
2333859,821617,5097590,5919207,6.2043385178252155
2333926,821617,5097814,5919431,6.204611150937724
2334368,821890,5099371,5921261,6.204444633710107
2334369,821890,5099371,5921261,6.204444633710107
2334480,821938,5099561,5921499,6.204313464032567
2335959,822656,5103815,5926471,6.20406950171153
2336004,822656,5103815,5926471,6.20406950171153
2336036,822659,5103858,5926517,6.204099146791076
2336072,822659,5103999,5926658,6.204270542229526
2336084,822664,5104028,5926692,6.204268085147764
2336090,822664,5104042,5926706,6.204285103031128
2336108,822672,5104077,5926749,6.2042673143123865
2336119,822674,5104107,5926781,6.204288697588595
2336138,822680,5104189,5926869,6.204343122477756
2336145,822680,5104197,5926877,6.204352846793407
2336152,822680,5104220,5926900,6.2043808042009045
2336321,822709,5104323,5927032,6.204287299640578
2337062,822880,5105898,5928778,6.204912016332879
2337084,822890,5105955,5928845,6.204905880494355
2337092,822890,5105977,5928867,6.204932615537921
2337129,822903,5106035,5928938,6.204905073866543
2337209,822903,5106129,5929032,6.205019303611726
2337282,822932,5106239,5929171,6.204934308059475
2337308,822938,5106273,5929211,6.204930383576891
2337370,822949,5106435,5929384,6.2050442980063165
2337388,822958,5106451,5929409,6.204995880713232
2337441,822975,5106525,5929500,6.204957623257085
2337486,822975,5106662,5929637,6.2051240924693944
2337632,822979,5107334,5930313,6.205910478882207
2337671,822985,5107358,5930343,6.205894396617192
2338004,822985,5108107,5931092,6.206804498259385
2338010,822985,5108121,5931106,6.206821509505033
2338057,822996,5108182,5931178,6.206812669806415
2338077,823009,5108229,5931238,6.206771736396564
2338083,823009,5108243,5931252,6.206788747146143
2338154,823009,5108425,5931434,6.207009886890666
2338157,823009,5108429,5931438,6.207014747104831
2338267,823009,5108587,5931596,6.207206725564362
2338345,823009,5108831,5931840,6.207503198628448
2338366,823009,5108856,5931865,6.207533574966981
2338451,823071,5109055,5932126,6.207307753523086
2338470,823080,5109077,5932157,6.207266608349127
2338976,823264,5109583,5932847,6.206493907179228
2339032,823264,5109667,5932931,6.206595940062969
2339229,823369,5110236,5933605,6.206495508089326
2339271,823369,5110360,5933729,6.206646108852774
2339320,823395,5110418,5933813,6.206520564249236
2339325,823397,5110430,5933827,6.206520062618639
2340382,823411,5111735,5935146,6.2079994073433555
2340393,823418,5111764,5935182,6.20798185125902
2340416,823428,5111790,5935218,6.2079380346551245
2340449,823429,5111901,5935330,6.208065297675938
2340486,823443,5111953,5935396,6.2080228989741855
2340521,823443,5112047,5935490,6.208137053809432
2340565,823443,5112223,5935666,6.208350790522234
2340571,823445,5112232,5935677,6.208346641245013
2340658,823456,5112432,5935888,6.208506586872887
2340661,823458,5112436,5935894,6.2084963653276795
2340680,823472,5112480,5935952,6.208444245827423
2341878,823472,5115076,5938548,6.211596751316377
2341923,823472,5115171,5938643,6.211712116501836
2342115,823472,5115631,5939103,6.21227072687353
2342137,823482,5115688,5939170,6.212264506085136
2342310,823538,5116103,5939641,6.212345999820288
2342567,823604,5116461,5940065,6.212282844668069
2342703,823642,5116721,5940363,6.212311902501329
2342755,823683,5116838,5940521,6.212144720723871
2342834,823683,5117066,5940749,6.212421526242498
2342840,823685,5117088,5940773,6.212433151022539
2343008,823727,5117374,5941101,6.212463595341661
2343524,823917,5119249,5943166,6.213306680163171
2344796,824940,5122871,5947811,6.209992241860014
2345022,825023,5123835,5948858,6.210535948694764
2345032,825028,5123855,5948883,6.210522551961873
2345033,825028,5123857,5948885,6.210524976122023
2345045,825035,5123868,5948903,6.210485615761756
2345167,825124,5124055,5949179,6.2100423693893285
2345264,825169,5124248,5949417,6.209937600661198
2345309,825169,5124385,5949554,6.210103627256962
2345412,825225,5124536,5949761,6.2098651882819835
2345447,825228,5124540,5949768,6.209847460338234
2345583,825285,5124842,5950127,6.2097844986883315
2345701,825308,5125082,5950390,6.209902242556718
2345735,825330,5125128,5950458,6.2097924466577
2345736,825330,5125137,5950467,6.209803351386718
2345774,825337,5125254,5950591,6.209892443935023
2345806,825358,5125322,5950680,6.209816830999396
2345833,825378,5125354,5950732,6.209705129043905
2345879,825378,5125435,5950813,6.209803265897564
2345884,825378,5125447,5950825,6.209817804690699
2345907,825392,5125510,5950902,6.209788803380697
2345923,825400,5125541,5950941,6.209766173976254
2345967,825438,5125608,5951046,6.209561469183633
2346054,825463,5125704,5951167,6.209489704565801
2346070,825463,5125730,5951193,6.209521202040552
2346111,825493,5125813,5951306,6.209396082098818
2349657,826676,5132460,5959136,6.208550871199841
2349699,826697,5132509,5959206,6.208452431785769
2349775,826777,5133031,5959808,6.208483061333347
2349813,826801,5133090,5959891,6.2083742037080265
2349997,826873,5133508,5960381,6.208339128257907
2350145,826987,5133763,5960750,6.207791658151821
2350176,826987,5133825,5960812,6.207866629100578
2350258,827019,5133959,5960978,6.207788454678792
2350263,827024,5133972,5960996,6.207766642806013
2350285,827024,5134025,5961049,6.2078307280078935
2350295,827030,5134053,5961083,6.207819547053916
2350302,827030,5134076,5961106,6.2078473574114605
2350318,827030,5134102,5961132,6.207878795206946
2350339,827038,5134133,5961171,6.207856229097091
2350373,827038,5134151,5961189,6.207877993514204
2350456,827060,5134289,5961349,6.207879718521026
2350675,827208,5134818,5962026,6.207408535700815
2350915,827261,5135550,5962811,6.207895694345557
2351120,827291,5135896,5963187,6.208088810346057
2351192,827296,5136152,5963448,6.208360731829962
2351260,827325,5136249,5963574,6.2082603571752335
2351271,827332,5136269,5963601,6.208232003597105
2351332,827341,5136356,5963697,6.20826962522104
2351365,827353,5136374,5963727,6.20820133606816
2351659,827601,5136984,5964585,6.207078048479883
2351857,827604,5137138,5964742,6.207241627638339
2351975,827666,5137363,5965029,6.207048495407568
2352011,827666,5137556,5965222,6.207281681257899
2352021,827671,5137565,5965236,6.207255056658987
2352025,827671,5137570,5965241,6.207261097706698
2352183,827728,5137756,5965484,6.207058357334777
2352204,827743,5137793,5965536,6.206990575577202
2352304,827804,5138028,5965832,6.2068170726403835
2352339,827833,5138133,5965966,6.206726477441706
2352343,827833,5138142,5965975,6.206737349199657
2353672,827833,5143172,5971005,6.212813453921262
2353763,827833,5143392,5971225,6.213079208004513
2353805,827862,5143471,5971333,6.212956990416277
2353808,827862,5143479,5971341,6.2129666538626
2353896,827926,5143816,5971742,6.212893422842138
2353947,827935,5143894,5971829,6.212920096384378
2353952,827935,5143906,5971841,6.212934590275807
2353960,827935,5143928,5971863,6.212961162410092
2353992,827935,5144010,5971945,6.213060204001522
2354597,828243,5145545,5973788,6.212603064559556
2354599,828243,5145556,5973799,6.212616345685988
2354662,828285,5145624,5973909,6.212383418750792
2354680,828294,5145670,5973964,6.212371452648456
2354825,828303,5146119,5974422,6.21284602373769
2354859,828318,5146216,5974534,6.212850620172446
2354883,828325,5146244,5974569,6.212831919838227
2354903,828325,5146280,5974605,6.2128753810400505
2355032,828422,5146512,5974934,6.212427965457219
2355130,828462,5146687,5975149,6.212339250321681
2355188,828500,5146741,5975241,6.212119493059746
2355831,828859,5147755,5976614,6.210652233974657
2355971,828963,5148018,5976981,6.210190322125354
2355999,828964,5148033,5976997,6.2102009254925425
2356057,828972,5148193,5977165,6.210334004043562
2356140,828977,5148640,5977617,6.210835765045351
2356153,828986,5148680,5977666,6.210816587976154
2356181,828986,5148792,5977778,6.210951692790952
2356190,828988,5148808,5977796,6.210956009013399
2356243,828999,5148864,5977863,6.210941147094267
2356248,829002,5148872,5977874,6.210928321041445
2356391,829097,5149296,5978393,6.210728057151335
2356410,829097,5149339,5978436,6.210779920805407
2356573,829175,5149507,5978682,6.210398287454398
2356627,829175,5149617,5978792,6.210530949437694
2356640,829175,5149631,5978806,6.210547833690113
2356647,829175,5149631,5978806,6.210547833690113
2356684,829176,5149705,5978881,6.210629588893069
2356754,829203,5149851,5979054,6.210603434864563
2356761,829204,5149872,5979076,6.210621270519679
2356996,829232,5150379,5979611,6.211022970652363
2357024,829245,5150439,5979684,6.210997955971998
2357054,829280,5150510,5979790,6.210821435462088
2357075,829290,5150567,5979857,6.210815275717783
2357244,829395,5150915,5980310,6.210448579989028
2357275,829406,5150983,5980389,6.210448200278272
2357301,829406,5151048,5980454,6.210526569617293
2357365,829426,5151150,5980576,6.21049979142202
2357429,829436,5151258,5980694,6.210555124204881
2357497,829469,5151339,5980808,6.210405693280882
2357554,829493,5151439,5980932,6.210346561092137
2357906,829544,5152002,5981546,6.210643437840549
2357969,829551,5152043,5981594,6.210640454896685
2357976,829551,5152043,5981594,6.210640454896685
2358008,829567,5152096,5981663,6.210584557968193
2358017,829567,5152125,5981692,6.2106195159643525
2358032,829572,5152163,5981735,6.210627890044504
2358109,829620,5152261,5981881,6.210386683059714
2358153,829655,5152347,5982002,6.210228347927753
2358218,829666,5152564,5982230,6.210407561597076
2358223,829667,5152586,5982253,6.210426592837849
2358282,829667,5152855,5982522,6.210750819304613
2358369,829692,5153131,5982823,6.210896332614994
2358618,829859,5153589,5983448,6.210198358998336
2358625,829859,5153606,5983465,6.210218844406098
2358781,829927,5153905,5983832,6.210070283289976
2358873,829927,5154284,5984211,6.210526949960659
2358874,829927,5154289,5984216,6.210532974586921
2358974,829927,5154630,5984557,6.210943854098011
2359051,829931,5154746,5984677,6.211053690005555
2359079,829932,5154797,5984729,6.211107657012864
2359114,829953,5154887,5984840,6.211058939482116
2359135,829970,5154966,5984936,6.211026904586912
2359138,829970,5154975,5984945,6.21103774835235
2359156,829973,5155023,5984996,6.211073131294633
2359201,829994,5155101,5985095,6.2110099591081385
2359208,829994,5155132,5985126,6.2110473087757265
2359264,829994,5155353,5985347,6.211313575760789
2359273,829994,5155383,5985377,6.21134972060039
2359642,830115,5157004,5987119,6.212397077513357
2359765,830137,5157294,5987431,6.212581778670268
2359813,830137,5157418,5987555,6.212731151605096
2359970,830140,5157875,5988015,6.213259209289999
2359990,830151,5157909,5988060,6.21321783627316
2360141,830203,5158113,5988316,6.2130743926485446
2360286,830223,5158305,5988528,6.213155983392414
2360369,830253,5158505,5988758,6.213172370349761
2360384,830261,5158570,5988831,6.2131907918112494
2360435,830293,5158732,5989025,6.213146443484408
2360549,830351,5158913,5989264,6.212930435442361
2360637,830386,5159111,5989497,6.212907009511239
2360650,830391,5159121,5989512,6.21288164250335
2360657,830391,5159144,5989535,6.212909340298727
2361099,830391,5159144,5989535,6.212909340298727
2361143,830407,5159254,5989661,6.212922097236656
2361163,830407,5159283,5989690,6.212957019870979
2361176,830407,5159290,5989697,6.212965449472367
2361188,830407,5159324,5989731,6.213006393250539
2361201,830410,5159348,5989758,6.213012849074554
2361224,830431,5159429,5989860,6.212953273661508
2361243,830432,5159469,5989901,6.212993959770336
2361253,830437,5159478,5989915,6.212967389458803
2362092,830437,5161324,5991761,6.215190315460414
2362903,830840,5162993,5993833,6.214184439844013
2362907,830840,5163003,5993843,6.21419647585576
2363074,830876,5163337,5994213,6.214329213986202
2363091,830890,5163382,5994272,6.2142786650459145
2363143,830890,5163422,5994312,6.214326806195766
2363176,830901,5163486,5994387,6.214321561774508
2363192,830904,5163520,5994424,6.21434004409655
2363481,831035,5164444,5995479,6.214472314643787
2364981,831214,5167342,5998556,6.216620509279199
2364992,831214,5167380,5998594,6.216666225544806
2365006,831219,5167418,5998637,6.216674546659785
2365041,831245,5167517,5998762,6.216599197589159
2365076,831266,5167600,5998866,6.216541997387118
2365101,831278,5167634,5998912,6.216493158726683
2365111,831278,5167658,5998936,6.216522029934631
2365140,831293,5167703,5998996,6.216463990434179
2365142,831295,5167715,5999010,6.216463469646756
2365207,831296,5167922,5999218,6.216705000384941
2365249,831329,5167987,5999316,6.216536413381465
2365314,831353,5168137,5999490,6.216537379428474
2365419,831435,5168325,5999760,6.216150390589763
2365501,831475,5168456,5999931,6.216008899846658
2365612,831521,5168725,6000246,6.215988531859087
2365749,831547,5168868,6000415,6.215966145028483
2365786,831554,5168945,6000499,6.216006416901368
2365790,831554,5168947,6000501,6.216008822036813
2365846,831578,5169084,6000662,6.215994170119941
2366565,831798,5171403,6003201,6.217138055152813
2366689,831816,5171533,6003349,6.217159804572165
2366727,831816,5171674,6003490,6.217329313213499
2366765,831859,5171840,6003699,6.217207483479773
2366897,831918,5172184,6004102,6.217180058611546
2367024,831918,5172487,6004405,6.217544277200397
2367283,832143,5173271,6005414,6.216805284668621
2367412,832212,5173451,6005663,6.216506130649402
2367451,832212,5173457,6005669,6.216513340350776
2367600,832312,5173901,6006213,6.216299897153952
2367627,832312,5173970,6006282,6.216382798758158
2367675,832346,5174031,6006377,6.216202156314802
2367721,832359,5174096,6006455,6.216183161352253
2367747,832359,5174135,6006494,6.2162300161348645
2367852,832459,5174475,6006934,6.215891713585894
2367857,832459,5174497,6006956,6.215918141313867
2368107,832520,5174842,6007362,6.215877096045741
2368109,832523,5174853,6007376,6.215867909955641
2368112,832525,5174857,6007382,6.215857782048587
2368115,832526,5174861,6007387,6.215855120440683
2368176,832539,5174931,6007470,6.215842140728542
2368210,832544,5174995,6007539,6.215881683130261
2368424,832544,5175304,6007848,6.216252834685013
2368434,832550,5175328,6007878,6.2162368626508915
2368472,832568,5175382,6007950,6.216167328074103
2368523,832600,5175513,6008113,6.2160857554648095
2368555,832600,5175603,6008203,6.2161938505885175
2368597,832613,5175673,6008286,6.216180866741211
2368628,832613,5175733,6008346,6.216252929031855
2368691,832654,5175879,6008533,6.216122182803422
2368828,832677,5176084,6008761,6.216196676502413
2368944,832769,5176343,6009112,6.215820953950015
2368970,832793,5176383,6009176,6.21568985330088
2368990,832803,5176430,6009233,6.215671653440249
2369037,832818,5176518,6009336,6.215665367463239
2369285,832818,5177805,6010623,6.2172107231111715
2369319,832818,5177885,6010703,6.2173067825143065
2369337,832826,5177906,6010732,6.21727227536124
2369344,832826,5177922,6010748,6.21729148705732
2369434,832872,5178133,6011005,6.2172014427186895
2369544,832984,5178378,6011362,6.216659623714261
2369572,832987,5178395,6011382,6.216657642916396
2369591,833001,5178414,6011415,6.2165759704970345
2369600,833003,5178430,6011433,6.216580252412056
2370399,833051,5179883,6012934,6.217966246964472
2370471,833085,5180038,6013123,6.217898533763061
2370480,833089,5180060,6013149,6.217895086839461
2370577,833108,5180182,6013290,6.2178997200843105
2370585,833115,5180202,6013317,6.21787148232837
2370639,833143,5180353,6013496,6.217843755513759
2370640,833143,5180353,6013496,6.217843755513759
2370737,833161,5180414,6013575,6.2177826374494245
2370900,833251,5180775,6014026,6.217544293376186
2370968,833281,5180962,6014243,6.217544861817322
2371049,833284,5181150,6014434,6.217748090686968
2371055,833284,5181168,6014452,6.217769691965764
2371070,833290,5181210,6014500,6.2177753243168645
2371081,833292,5181230,6014522,6.217784402106345
2371436,833292,5182176,6015468,6.218919658415057
2372497,833671,5184044,6017715,6.21833313141515
2372537,833700,5184167,6017867,6.218264363679981
2372562,833710,5184207,6017917,6.218237756534046
2372607,833738,5184239,6017977,6.218067306515956
2372631,833755,5184285,6018040,6.217995694178746
2372700,833768,5184467,6018235,6.21811703015707
2372850,833806,5184748,6018554,6.218170653605275
2372884,833841,5184834,6018675,6.218012786610397
2372966,833875,5185004,6018879,6.21796312396942
2373377,834121,5186236,6020357,6.217606318507746
2373398,834133,5186277,6020410,6.217566023643712
2374956,834274,5189168,6023442,6.219980486027373
2375036,834289,5189276,6023565,6.219998106171842
2375081,834289,5189337,6023626,6.2200712223222405
2375106,834289,5189415,6023704,6.220164715104718
2375119,834302,5189441,6023743,6.220098956972415
2375142,834327,5189478,6023805,6.21995692336458
2375164,834339,5189497,6023836,6.2198902364626365
2375222,834361,5189658,6024019,6.219919195647927
2375242,834380,5189692,6024072,6.219818308204895
2375880,834757,5191280,6026037,6.218911611403079
2376091,834852,5191630,6026482,6.2186231811147366
2376275,834945,5191967,6026912,6.218334141769817
2376367,834986,5192185,6027171,6.21828988749512
2376395,834992,5192208,6027200,6.218272749918562
2376556,834992,5192595,6027587,6.218736227412958
2376592,834998,5192688,6027686,6.2188029192884295
2376602,835001,5192705,6027706,6.218800935567742
2376626,835011,5192750,6027761,6.2187803513965685
2376689,835055,5192903,6027958,6.218635898234248
2376714,835063,5192945,6028008,6.218626618590454
2376722,835068,5192961,6028029,6.218608544453865
2376732,835071,5192980,6028051,6.21860895660369
2376805,835093,5193143,6028236,6.2186403191021835
2376973,835093,5193596,6028689,6.21918277365515
2376993,835109,5193677,6028786,6.219160612566743
2377354,835331,5194401,6029732,6.218374512618351
2377376,835331,5194516,6029847,6.218512182595881
2377436,835331,5194556,6029887,6.2185600678054564
2377769,835451,5195185,6030636,6.218419751726912
2378173,835534,5195719,6031253,6.218441140635809
2378181,835536,5195731,6031267,6.218440617759139
2378236,835565,5195846,6031411,6.218362425424712
2378299,835607,5195983,6031590,6.218213825398782
2378310,835609,5196016,6031625,6.218238434483114
2378386,835609,5196251,6031860,6.218519666494736
2378430,835609,5196358,6031967,6.218647716814922
2378451,835629,5196394,6032023,6.21854196060692
2378538,835629,5196676,6032305,6.218879430943637
2378737,835687,5197138,6032825,6.2190006545512855
2378757,835693,5197164,6032857,6.2189871160821015
2378798,835725,5197275,6033000,6.218881809207574
2378808,835725,5197355,6033080,6.218977534476053
2378835,835732,5197386,6033118,6.218962538229959
2378850,835738,5197421,6033159,6.2189597696885865
2378869,835762,5197481,6033243,6.21885297488998
2378899,835768,5197536,6033304,6.218874137320404
2378989,835831,5197862,6033693,6.21879542634815
2379182,835907,5198176,6034083,6.218605658284953
2379216,835907,5198282,6034189,6.218732466649998
2379260,835910,5198398,6034308,6.218848919142013
2379428,836002,5198641,6034643,6.218455219006653
2379480,836041,5198852,6034893,6.218417517801161
2379511,836061,5198912,6034973,6.218340527784456
2379630,836156,5199349,6035505,6.218156659762054
2379704,836181,5199427,6035608,6.218064031591246
2379723,836181,5199457,6035638,6.218099908990996
2379896,836298,5199723,6036021,6.217548051053572
2379976,836298,5200013,6036311,6.217894817397626
2380007,836310,5200041,6036351,6.217839078810489
2380082,836330,5200166,6036496,6.217839847906927
2380103,836343,5200231,6036574,6.21782091797265
2380113,836343,5200247,6036590,6.2178400488794665
2380170,836343,5200451,6036794,6.218083967941383
2380306,836415,5200833,6037248,6.218005415971737
2381282,836415,5202403,6038818,6.219882474608896
2381339,836473,5202560,6039033,6.2196388885235985
2382106,836508,5203555,6040063,6.220568123676044
2382113,836508,5203572,6040080,6.220588446255146
2382168,836513,5203752,6040265,6.22076644355796
2382300,836558,5203951,6040509,6.22066969654226
2382567,836750,5204459,6041209,6.219849417388707
2382966,836750,5205292,6042042,6.22084493576337
2384524,837191,5208947,6046138,6.221933823942207
2384590,837199,5209036,6046235,6.221980676039986
2384638,837233,5209202,6046435,6.221926273809083
2384662,837245,5209233,6046478,6.221874122867261
2384780,837255,5209488,6046743,6.222104376802767
2384864,837313,5209659,6046972,6.221877601327102
2384877,837322,5209683,6047005,6.2218393879535
2385779,837355,5210878,6048233,6.2230212992100125
2385790,837360,5210908,6048268,6.223019967516958
2385843,837380,5211001,6048381,6.222982397477848
2385891,837391,5211059,6048450,6.222969914890416
2385909,837391,5211092,6048483,6.223009323004427
2385941,837411,5211130,6048541,6.222906075988971
2386000,837425,5211198,6048623,6.2228832432755175
2386005,837429,5211203,6048632,6.222859490177675
2386047,837439,5211226,6048665,6.222812646652472
2386056,837441,5211242,6048683,6.222816890980977
2386074,837441,5211258,6048699,6.222835996804551
2386084,837441,5211285,6048726,6.2228682378818325
2386107,837450,5211327,6048777,6.222851513523195
2386116,837452,5211349,6048801,6.22286292229286
2386607,837457,5212029,6049486,6.223637750953183
2386619,837457,5212060,6049517,6.223674767779122
2386624,837457,5212072,6049529,6.223689096873033
2386627,837457,5212080,6049537,6.223698649602308
2386655,837469,5212112,6049581,6.223647681287307
2386737,837504,5212277,6049781,6.223584603775027
2386828,837504,5212325,6049829,6.223641916934128
2386868,837531,5212490,6050021,6.223638289209593
2386929,837555,5212607,6050162,6.22359964420247
2387236,837611,5213298,6050909,6.224008519467867
2387359,837657,5213511,6051168,6.223921008240843
2387536,837657,5213740,6051397,6.224194389827817
2387545,837660,5213762,6051422,6.224198362103956
2387575,837660,5213840,6051500,6.224291478642886
2387628,837716,5213946,6051662,6.224001929054715
2387636,837716,5213965,6051681,6.224024609772286
2387669,837728,5213992,6051720,6.223967684021544
2387707,837728,5214077,6051805,6.22406914893617
2387796,837728,5214162,6051890,6.224170613850797
2387838,837728,5214211,6051939,6.224229105389816
2387980,837868,5214761,6052629,6.223845522206362
2388050,837868,5215000,6052868,6.224130770001957
2388100,837900,5215048,6052948,6.223950352070653
2388528,837908,5215948,6053856,6.224965031960549
2388545,837908,5215968,6053876,6.224988900929458
2388554,837910,5215991,6053901,6.225001491806996
2388684,837985,5216501,6054486,6.225052954408492
2388773,838054,5216814,6054868,6.224913907695686
2388793,838066,5216852,6054918,6.224870117627967
2388799,838069,5216876,6054945,6.224876471985004
2388823,838082,5216919,6055001,6.224831221765889
2388849,838102,5216983,6055085,6.224759038875936
2388857,838102,5216983,6055085,6.224759038875936
2388971,838154,5217178,6055332,6.224605502091501
2389519,838293,5217622,6055915,6.224103028416079
2389606,838293,5218017,6056310,6.224574224048155
2389664,838320,5218216,6056536,6.224611127015937
2389672,838325,5218231,6056556,6.224591894551636
2389764,838325,5218286,6056611,6.224657501565622
2389862,838342,5218632,6056974,6.224943996602819
2389873,838342,5218662,6057004,6.224979781521145
2389938,838349,5218764,6057113,6.225049472236503
2390087,838409,5218972,6057381,6.224852071005917
2390089,838409,5218983,6057392,6.224865191094084
2390160,838423,5219117,6057540,6.224921072060285
2390165,838425,5219143,6057568,6.224937233503295
2390295,838483,5219547,6058030,6.224988461304522
2390836,838483,5220020,6058503,6.225552575305641
2391124,838483,5220620,6059103,6.2262681533197455
2391155,838483,5220700,6059183,6.226363563721626
2391374,838614,5221081,6059695,6.225845263732778
2391385,838627,5221098,6059725,6.2257690248465645
2391782,838827,5221713,6060540,6.225017792703382
2391800,838837,5221754,6060591,6.224992459798507
2391879,838866,5221879,6060745,6.224926269511459
2391921,838877,5221958,6060835,6.224938817013698
2391983,838901,5222070,6060971,6.224894236626253
2392017,838913,5222115,6061028,6.224858835183148
2392368,839059,5223376,6062435,6.225278556096771
2392422,839073,5223470,6062543,6.225286715220249
2392436,839081,5223499,6062580,6.225261923461502
2392464,839081,5223564,6062645,6.225339389165051
2392760,839212,5224292,6063504,6.225235101499979
2392962,839279,5224785,6064064,6.225325547285229
2392970,839281,5224796,6064077,6.225323818840174
2393009,839281,5224997,6064278,6.2255633095471
2393055,839307,5225067,6064374,6.225453856574531
2393113,839319,5225175,6064494,6.225493525107855
2394378,839397,5228748,6068145,6.229171655366889
2394391,839397,5228774,6068171,6.22920262998319
2394658,839397,5229641,6069038,6.23023551430372
2394670,839397,5229670,6069067,6.230270062914211
2394674,839397,5229679,6069076,6.230280784896777
2394701,839397,5229712,6069109,6.230320098832853
2395380,839644,5231099,6070743,6.2301392018522135
2395401,839647,5231144,6070791,6.230170535951418
2395521,839726,5231533,6071259,6.23004765840286
2395527,839726,5231552,6071278,6.230070284831005
2395530,839727,5231558,6071285,6.230070010848764
2395537,839727,5231576,6071303,6.2300914463867425
2395543,839729,5231593,6071322,6.230096852675089
2396067,840045,5232671,6072716,6.229036539709182
2396072,840047,5232695,6072742,6.229050279329609
2396103,840047,5232772,6072819,6.229141940867594
2396195,840058,5232946,6073004,6.2292675029581295
2396263,840109,5233072,6073181,6.229039327039706
2396284,840118,5233100,6073218,6.229005925358105
2396297,840127,5233113,6073240,6.22895466994871
2396652,840140,5235014,6075154,6.23112100364225
2396678,840150,5235048,6075198,6.231087305838243
2396929,840273,5235560,6075833,6.230784518840901
2397075,840273,5235814,6076087,6.231086801551401
2397147,840293,5235975,6076268,6.23113009390772
2397165,840302,5236027,6076329,6.23112523830718
2397197,840306,5236066,6076372,6.231141988751717
2397403,840306,5236515,6076821,6.23167631791276
2397408,840309,5236522,6076831,6.231662400378908
2397411,840309,5236531,6076840,6.231673110724746
2397464,840317,5236665,6076982,6.231773247476845
2397534,840357,5236758,6077115,6.231587289687597
2397785,840459,5237412,6077871,6.231609156425239
2398026,840462,5237915,6078377,6.232185393271796
2398404,840507,5238555,6079062,6.232613172763582
2398644,840528,5240058,6080586,6.234245617040718
2398823,840552,5240437,6080989,6.234518506885951
2398828,840552,5240449,6081001,6.234532783218647
2398878,840557,5240602,6081159,6.234677719654943
2399043,840619,5240988,6081607,6.234677065353032
2399077,840632,5241039,6081671,6.2346413174849395
2399604,840853,5242403,6083256,6.234624839300092
2399650,840853,5242538,6083391,6.234785390549835
2399843,840904,5242877,6083781,6.234810394527794
2399868,840904,5242921,6083825,6.234862719168895
2400004,840997,5243081,6084078,6.234363499513078
2400099,841001,5243158,6084159,6.234425404963846
2400118,841019,5243197,6084216,6.234338344318024
2400206,841081,5243529,6084610,6.2342735123014315
2400639,841081,5244805,6085886,6.235790607563362
2400680,841081,5244890,6085971,6.235891667984415
2400716,841093,5244936,6086029,6.235857390324257
2400727,841093,5244946,6086039,6.235869279615929
2400836,841137,5245157,6086294,6.235793931309644
2400855,841146,5245207,6086353,6.235786652971066
2400920,841162,5245389,6086551,6.235884407521976
2400969,841165,5245634,6086799,6.236153430064256
2400990,841165,5245664,6086829,6.236189094886259
2401144,841221,5245967,6087188,6.236134143108648
2401173,841227,5245987,6087214,6.236113439059849
2401199,841238,5246027,6087265,6.236079444818232
2401230,841238,5246154,6087392,6.236230412796378
2401294,841295,5246334,6087629,6.2360218472711715
2401355,841322,5246433,6087755,6.235939390625706
2401377,841332,5246487,6087819,6.2359294547217985
2401448,841332,5246659,6087991,6.236133892446739
2401468,841341,5246715,6088056,6.236133743630704
2401872,841341,5247332,6088673,6.236867096694444
2401914,841351,5247396,6088747,6.236869035634355
2401968,841372,5247483,6088855,6.23681677070309
2402110,841372,5247667,6089039,6.237035461127777
2402225,841448,5247870,6089318,6.236713379792929
2403268,841448,5249877,6091325,6.239098553921336
2403574,841549,5250370,6091919,6.238935581885309
2403754,841629,5250732,6092361,6.238772665865839
2403761,841629,5250755,6092384,6.238799993821505
2403808,841638,5250830,6092468,6.238822391574525
2403817,841640,5250848,6092488,6.23882895299653
2403921,841702,5251068,6092770,6.238630774312049
2404026,841702,5251324,6093026,6.238934919959796
2404087,841702,5251407,6093109,6.239033529681526
2404116,841702,5251495,6093197,6.239138079747939
2404160,841712,5251527,6093239,6.239101973121448
2404195,841737,5251593,6093330,6.238995078035063
2404228,841748,5251669,6093417,6.2390038348769465
2404287,841785,5251749,6093534,6.238824640496088
2404367,841840,5252059,6093899,6.238785279863157
2404377,841840,5252084,6093924,6.238814976717666
2404400,841846,5252109,6093955,6.238800208114073
2404475,841848,5252182,6094030,6.23887210042668
2404485,841848,5252216,6094064,6.238912487765012
2404512,841868,5252248,6094116,6.238802282543107
2404519,841868,5252268,6094136,6.238826039236555
2404559,841887,5252349,6094236,6.238781451667504
2404561,841889,5252352,6094241,6.23877019417049
2404629,841916,5252470,6094386,6.238710275134337
2404640,841918,5252478,6094396,6.238704957014816
2404657,841918,5252523,6094441,6.238758406400623
2405326,842190,5253717,6095907,6.238161222526983
2405856,842190,5255533,6097723,6.240317505551004
2405864,842190,5255558,6097748,6.240347190064
2405888,842199,5255607,6097806,6.2403386848001485
2405897,842204,5255621,6097825,6.240318260183994
2406167,842357,5256151,6098508,6.239813998102942
2406234,842366,5256313,6098679,6.239939646187049
2406271,842376,5256361,6098737,6.2399225523994035
2406347,842426,5256462,6098888,6.239672089892762
2406369,842430,5256483,6098913,6.239667390762437
2406409,842430,5256562,6098992,6.239761167099937
2406411,842430,5256564,6098994,6.2397635411844306
2406438,842445,5256601,6099046,6.239696359999763
2406448,842445,5256625,6099070,6.23972484850643
2406493,842462,5256683,6099145,6.239667783235327
2406497,842464,5256686,6099150,6.239656531317658
2406698,842596,5257051,6099647,6.23911221985388
2406716,842596,5257115,6099711,6.239188175590675
2406765,842618,5257183,6099801,6.239105976848347
2406855,842618,5257572,6100190,6.239567633257301
2406885,842618,5257662,6100280,6.239674443223382
2406904,842631,5257684,6100315,6.239604287048542
2407089,842635,5257760,6100395,6.239664860823488
2407107,842637,5257783,6100420,6.239677346235687
2407161,842696,5257899,6100595,6.239378138735677
2407323,842816,5258221,6101037,6.2388718296757535
2407384,842831,5258287,6101118,6.238839102975567
2407436,842865,5258404,6101269,6.2387262491620845
2407473,842874,5258487,6101361,6.238758106193808
2408935,842914,5262351,6105265,6.24304614705652
2408946,842914,5262402,6105316,6.243106651449614
2408992,842923,5262486,6105409,6.243139646207305
2409043,842928,5262614,6105542,6.2432544653873165
2409408,843213,5263512,6106725,6.242209263851483
2409435,843225,5263560,6106785,6.2421773547985415
2409442,843227,5263569,6106796,6.242173222631628
2409495,843264,5263699,6106963,6.242053496888282
2409536,843297,5263796,6107093,6.241924256815808
2409825,843297,5264392,6107689,6.242631006632301
2409826,843297,5264394,6107691,6.242633378275981
2409919,843369,5264685,6108054,6.242445477602331
2409992,843399,5264844,6108243,6.242411954484177
2410002,843399,5264866,6108265,6.2424380394095795
2410051,843405,5264970,6108375,6.242516940260018
2410627,843411,5265629,6109040,6.243253882152355
2410633,843411,5265641,6109052,6.243268110091047
2410640,843411,5265661,6109072,6.2432918233222
2410646,843411,5265675,6109086,6.243308422584007
2410662,843420,5265712,6109132,6.243285670247326
2410669,843422,5265727,6109149,6.2432886502841995
2411613,843422,5267816,6111238,6.245765464974829
2411636,843424,5267827,6111251,6.245763696551201
2411771,843478,5268174,6111652,6.245775230652133
2411778,843478,5268191,6111669,6.245795385297542
2411787,843478,5268202,6111680,6.245808426538689
2411791,843480,5268221,6111701,6.245816142647128
2411808,843480,5268296,6111776,6.245905059989567
2411817,843480,5268307,6111787,6.245918101199791
2411886,843499,5268430,6111929,6.245923231681365
2411921,843517,5268459,6111976,6.245824328377496
2412301,843947,5270631,6114578,6.245215635579012
2412367,843982,5270764,6114746,6.245114232294053
2412452,843989,5270955,6114944,6.245288741914883
2412735,843989,5271403,6115392,6.24581955452026
2412780,843989,5271576,6115565,6.246024533495105
2412810,843998,5271609,6115607,6.245997028428977
2412877,843998,5271761,6115759,6.2461771236424735
2412904,843998,5271792,6115790,6.246213853587331
2412940,844009,5271822,6115831,6.246167991099621
2412956,844018,5271843,6115861,6.246126267449273
2412976,844022,5271863,6115885,6.246120361791517
2413032,844022,5271951,6115973,6.246224624476613
2413039,844026,5271969,6115995,6.246216348785464
2413045,844029,5271989,6116018,6.246217843225766
2413065,844029,5272016,6116045,6.246249832647931
2413072,844032,5272038,6116070,6.246253696542311
2413169,844091,5272326,6116417,6.246158293359366
2413264,844144,5272472,6116616,6.245939081483728
2413287,844161,5272519,6116680,6.245868975231028
2413321,844182,5272587,6116769,6.2457941533934624
2413331,844182,5272607,6116789,6.245817844967081
2413391,844189,5272667,6116856,6.2458371288893835
2413413,844200,5272702,6116902,6.245797204453921
2413431,844200,5272755,6116955,6.2458599857853585
2413466,844200,5272844,6117044,6.2459654110400376
2413503,844207,5272899,6117106,6.245978770609578
2413525,844207,5272952,6117159,6.246041551420445
2413545,844207,5272976,6117183,6.246069980466876
2413620,844239,5273163,6117402,6.246054730947042
2413662,844247,5273250,6117497,6.24609859436871
2413680,844247,5273303,6117550,6.246161372205053
2413972,844261,5274041,6118302,6.246931932186848
2414176,844369,5274534,6118903,6.2467167790385485
2414409,844369,5274861,6119230,6.247104050480299
2414581,844498,5275470,6119968,6.246870922133622
2414612,844498,5275583,6120081,6.247004729436896
2414668,844520,5275683,6120203,6.2469604035428405
2414693,844527,5275734,6120261,6.246969013424082
2414724,844541,5275801,6120342,6.246944790128603
2414754,844541,5275866,6120407,6.2470217550124865
2415006,844560,5276279,6120839,6.2473702282845505
2415742,844584,5277905,6122489,6.24911790893505
2415828,844629,5278036,6122665,6.248940067177424
2415960,844673,5278191,6122864,6.248798055578905
2415992,844687,5278254,6122941,6.248769070673516
2416084,844719,5278488,6123207,6.248809367375423
2416387,844947,5279144,6124091,6.2478995723992155
2416403,844950,5279179,6124129,6.24791881176401
2416529,845010,5279255,6124265,6.247565117572573
2416613,845039,5279470,6124509,6.247605140117793
2416660,845039,5279679,6124718,6.24785246598086
2416826,845039,5279995,6125034,6.248226413218799
2416836,845043,5280009,6125052,6.248213404524977
2416849,845043,5280054,6125097,6.248266656252995
2416969,845090,5280443,6125533,6.248379462542451
2417080,845090,5280656,6125746,6.248631506703428
2417130,845099,5280807,6125906,6.248743638319297
2418996,845195,5284692,6129887,6.252630458059975
2419200,845380,5285360,6130740,6.252052331495896
2419210,845381,5285388,6130769,6.25207805711271
2419233,845381,5285471,6130852,6.252176237696376
2419241,845387,5285495,6130882,6.252160253233135
2419417,845417,5285896,6131313,6.252412714672167
2419441,845428,5285949,6131377,6.25239405366276
2419468,845440,5286035,6131475,6.252407030658592
2420673,846085,5288000,6134085,6.249963065176667
2420720,846114,5288083,6134197,6.249846947338066
2420802,846151,5288376,6134527,6.2499199315488605
2421009,846191,5288959,6135150,6.25031346350883
2421306,846191,5288978,6135169,6.2503359170683686
2421367,846196,5289146,6135342,6.25049752066897
2421396,846216,5289190,6135406,6.250401788668614
2421448,846216,5289367,6135583,6.2506109551225695
2421926,846224,5290645,6136869,6.25206210176029
2421986,846240,5290762,6137002,6.25208215163547
2421995,846240,5290787,6137027,6.252111694082057
2422105,846284,5291061,6137345,6.252110402654428
2422145,846295,5291122,6137417,6.252101217660509
2422151,846295,5291136,6137431,6.252117760355431
2422203,846295,5291280,6137575,6.252287913788927
2422240,846319,5291374,6137693,6.252221680004821
2422360,846406,5291500,6137906,6.251727894178444
2422374,846412,5291507,6137919,6.251691847469082
2422429,846429,5291572,6138001,6.251643079336837
2422445,846429,5291634,6138063,6.251716328244897
2422459,846439,5291668,6138107,6.251682637496618
2422486,846461,5291729,6138190,6.2515922174796
2422493,846461,5291752,6138213,6.251619389434363
2422526,846471,5291810,6138281,6.25161405411408
2422552,846471,5291877,6138348,6.251693206264598
2422553,846471,5291882,6138353,6.251699113141502
2422598,846479,5291943,6138422,6.251712092089703
2422630,846496,5291986,6138482,6.2516373379200845
2422642,846496,5292015,6138511,6.251671596794314
2423077,846496,5292782,6139278,6.252577684950667
2423098,846500,5292795,6139295,6.252563496751329
2423206,846524,5292878,6139402,6.2524842768781514
2423439,846670,5293602,6140272,6.252261211570033
2423483,846702,5293704,6140406,6.252145382909217
2423485,846705,5293712,6140417,6.252132679032249
2423523,846727,5293781,6140508,6.25205172387322
2423538,846727,5293786,6140513,6.252057628964235
2423542,846728,5293793,6140521,6.252058512296747
2423602,846753,5293916,6140669,6.252019183870621
2423622,846753,5293959,6140712,6.252069966094009
2423664,846771,5294064,6140835,6.252061064916016
2425013,846771,5295039,6141810,6.253212497829992
2425217,846800,5295477,6142277,6.253515588096363
2425296,846830,5295640,6142470,6.2534865321256925
2425459,846833,5295944,6142777,6.253823363047968
2425481,846833,5295965,6142798,6.253848161325787
2425897,846857,5296683,6143540,6.254518767631371
2426187,846970,5297453,6144423,6.254593433061384
2426259,846970,5297640,6144610,6.254814220102247
2426274,846980,5297658,6144638,6.25476162365109
2426306,846996,5297700,6144696,6.254693056401683
2426428,847009,5297846,6144855,6.254769429840769
2426546,847009,5298040,6145049,6.254998471090626
2426625,847009,5298842,6145851,6.255945332340034
2426900,847024,5299161,6146185,6.25621115812539
2426912,847030,5299180,6146210,6.25618927310721
2426921,847030,5299202,6146232,6.256215246213239
2427015,847077,5299399,6146476,6.256100685061688
2427052,847077,5299525,6146602,6.25624943186983
2427185,847161,5299791,6146952,6.255943085198681
2427203,847168,5299832,6147000,6.255939789982625
2427243,847168,5300005,6147173,6.2561439997733626
2427267,847177,5300056,6147233,6.25613773745038
2427291,847196,5300114,6147310,6.256065892662383
2428267,847196,5301684,6148880,6.257919064773677
2428335,847232,5301818,6149050,6.257811319685753
2428342,847232,5301841,6149073,6.257838466913431
2428396,847232,5301978,6149210,6.258000169965252
2428427,847248,5302118,6149366,6.258047230562952
2428691,847267,5302799,6150066,6.258710654374595
2428795,847331,5303107,6150438,6.25860142022421
2428945,847437,5303417,6150854,6.258184384207912
2429012,847439,5303454,6150893,6.258213275527796
2429279,847572,5303952,6151524,6.257818804774108
2429437,847720,5304306,6152026,6.257143868258387
2429450,847725,5304334,6152059,6.257139992332419
2429456,847725,5304352,6152077,6.257161225633313
2429737,847979,5305466,6153445,6.256600694120963
2429780,847979,5305492,6153471,6.2566313552576185
2429792,847993,5305534,6153527,6.256577589673499
2429793,847993,5305539,6153532,6.256583485948587
2429876,848027,5305703,6153730,6.256526030421202
2429929,848027,5305870,6153897,6.256722958113362
2429964,848034,5305956,6153990,6.256772723735133
2429991,848045,5305993,6154038,6.2567351968350735
2430025,848056,5306159,6154215,6.256849783504863
2430035,848056,5306169,6154225,6.2568615751789975
2430089,848081,5306250,6154331,6.25677264317913
2430141,848101,5306293,6154394,6.256675796868533
2430150,848101,5306322,6154423,6.256709990909101
2430164,848104,5306358,6154462,6.256730306660504
2430187,848106,5306365,6154471,6.256723805750696
2430200,848106,5306405,6154511,6.256770969666528
2430210,848111,5306425,6154536,6.256757664975457
2430233,848121,5306461,6154582,6.256726339755766
2430290,848144,5306563,6154707,6.256676932219057
2430310,848144,5306584,6154728,6.256701692165481
2430388,848160,5306807,6154967,6.256846585549896
2430440,848195,5306946,6155141,6.25675227984131
2430536,848195,5307045,6155240,6.256868998284593
2430748,848269,5307509,6155778,6.256870167364362
2430750,848271,5307509,6155780,6.256855415309494
2430780,848283,5307550,6155833,6.256815237367718
2430786,848283,5307563,6155846,6.2568305624420155
2430802,848283,5307589,6155872,6.25686121259061
2430853,848295,5307611,6155906,6.256798637266517
2430876,848309,5307673,6155982,6.256768465264426
2430955,848312,5307931,6156243,6.257050471996152
2430995,848320,5307975,6156295,6.25704333270464
2431125,848398,5308202,6156600,6.256735635869014
2431185,848472,5308348,6156820,6.256362024910663
2431223,848493,5308406,6156899,6.256275537924297
2431242,848513,5308445,6156958,6.256174036225727
2431295,848539,5308617,6157156,6.256185042761735
2431333,848559,5308671,6157230,6.256101225725023
2431344,848561,5308691,6157252,6.256110049837313
2431390,848578,5308775,6157353,6.256083707095871
2431409,848578,5308790,6157368,6.256101383726658
2431415,848578,5308804,6157382,6.256117881915393
2431484,848598,5308854,6157452,6.256029356656509
2431534,848623,5308994,6157617,6.256010030366841
2431790,848772,5309670,6158442,6.2557082467376395
2431863,848803,5309805,6158608,6.255638823142708
2431941,848876,5309982,6158858,6.255309373807246
2431981,848889,5310062,6158951,6.255307819985887
2432017,848907,5310133,6159040,6.255258821048713
2432026,848914,5310141,6159055,6.255216665056767
2432032,848914,5310159,6159073,6.255237868618022
2432124,848937,5310356,6159293,6.255300452212591
2432384,849066,5310902,6159968,6.254993133631543
2432423,849066,5310955,6160021,6.255055555162968
2432530,849128,5311197,6160325,6.2548838337682895
2432552,849137,5311253,6160390,6.254883487587986
2432607,849166,5311347,6160513,6.254780572938625
2432625,849176,5311380,6160556,6.254745777082725
2432652,849182,5311427,6160609,6.254756930787511
2432667,849182,5311463,6160645,6.254799324526426
2432691,849217,5311557,6160774,6.254652226698241
2432721,849217,5311640,6160857,6.254749963790173
2432750,849228,5311686,6160914,6.254723113227543
2432888,849293,5311871,6161164,6.254462240946293
2432942,849301,5311909,6161210,6.2544480696478635
2432949,849304,5311917,6161221,6.25443539651291
2433031,849343,5312271,6161614,6.254564999063982
2433037,849343,5312285,6161628,6.254581482392862
2433144,849393,5312469,6161862,6.2544299281957825
2433150,849393,5312488,6161881,6.254452297110996
2434573,849399,5315654,6165053,6.258135458129807
2434604,849405,5315769,6165174,6.2582266410016425
2434610,849405,5315787,6165192,6.258247832306144
2434656,849405,5315840,6165245,6.2583102289249535
2434860,849424,5316213,6165637,6.258609363521633
2434905,849454,5316329,6165783,6.258524887751427
2434995,849483,5316377,6165860,6.258367736611563
2435021,849503,5316411,6165914,6.258260418150377
2435026,849505,5316418,6165923,6.258253924344177
2435092,849505,5316484,6165989,6.258331616647341
2435100,849505,5316502,6166007,6.258352805457296
2435131,849521,5316543,6166064,6.258283197237032
2435138,849521,5316564,6166085,6.258307917049725
2435170,849521,5316642,6166163,6.258399733496876
2435195,849521,5316724,6166245,6.258496258479779
2435200,849521,5316731,6166252,6.258504498417343
2435225,849533,5316783,6166316,6.258477304589698
2435345,849599,5316975,6166574,6.2582171118374665
2435367,849599,5317042,6166641,6.258295972570589
2435391,849610,5317076,6166686,6.258254964042325
2435599,849707,5317547,6167254,6.258094849165653
2435628,849732,5317582,6167314,6.2579519189579775
2435648,849732,5317603,6167335,6.257976632632406
2435688,849757,5317698,6167455,6.257904318528709
2435693,849758,5317705,6167463,6.257905191831086
2435823,849759,5318090,6167849,6.258350897136718
2435848,849764,5318158,6167922,6.258394095301754
2435897,849780,5318374,6168154,6.258530443173528
2436073,849780,5319095,6168875,6.259378898067736
2436104,849816,5319196,6169012,6.2592325868187935
2455888,849816,5378544,6228360,6.329068880793018
2455893,849818,5378551,6228369,6.32906222273475
2456009,849818,5378817,6228635,6.3293752309318
2456024,849818,5378836,6228654,6.32939758866016
2456060,849818,5378922,6228740,6.329498786799056
2456076,849825,5378992,6228817,6.329529020680728
2456088,849830,5379000,6228830,6.329501194356518
2456163,849896,5379159,6229055,6.329196748778674
2456218,849918,5379277,6229195,6.329171755392873
2456225,849918,5379297,6229215,6.329195287074753
2456253,849939,5379392,6229331,6.329150680225287
2456264,849944,5379397,6229341,6.329119330214697
2456273,849945,5379402,6229347,6.329117766443711
2456524,850061,5379934,6229995,6.328879927440501
2456594,850084,5380055,6230139,6.328851031192212
2456660,850084,5380150,6230234,6.328962784854203
2456693,850099,5380226,6230325,6.328940511634527
2456722,850111,5380286,6230397,6.3289217525711345
2456833,850195,5380562,6230757,6.328621081046113
2456849,850202,5380583,6230785,6.328593675385379
2456873,850202,5380676,6230878,6.3287030611548785
2456884,850208,5380716,6230924,6.328705446196696
2456910,850213,5380727,6230940,6.328681165778458
2456946,850232,5380827,6231059,6.328657354698482
2457212,850386,5381454,6231840,6.328248583584395
2457457,850397,5382081,6232478,6.328904029529737
2457521,850418,5382186,6232604,6.328871213920683
2457531,850418,5382211,6232629,6.328900611228831
2457543,850424,5382238,6232662,6.3288877077787085
2457564,850433,5382285,6232718,6.328875996110217
2457598,850451,5382355,6232806,6.3288243531961275
2457658,850456,5382525,6232981,6.328987037542213
2457719,850477,5382586,6233063,6.328902486486995
2457978,850553,5383108,6233661,6.3289506944305645
2458017,850567,5383221,6233788,6.328979374934603
2458232,850576,5383358,6233934,6.3290734749158215
2458477,850576,5384043,6234619,6.329878811534772
2458505,850596,5384115,6234711,6.3298146240988675
2458512,850596,5384139,6234735,6.329842839608933
2458612,850626,5384266,6234892,6.3297688996104045
2458623,850633,5384298,6234931,6.329754429936295
2458648,850634,5384358,6234992,6.329817524340668
2458813,850731,5384719,6235450,6.329520142089567
2458922,850770,5384788,6235558,6.32931109465543
2458952,850786,5384867,6235653,6.329284920062154
2458985,850806,5384948,6235754,6.329231340634645
2459012,850813,5384965,6235778,6.32919924824844
2459035,850815,5384976,6235791,6.329197299060313
2459053,850819,5385002,6235821,6.329198102064011
2459061,850825,5385021,6235846,6.329175799958864
2459108,850831,5385050,6235881,6.329165251383647
2459134,850831,5385116,6235947,6.329242822605194
2461288,851524,5386965,6238489,6.32626326445291
2461312,851533,5387053,6238586,6.326299744108566
2461544,851542,5388452,6239994,6.327875782991327
2461555,851542,5388478,6240020,6.327906315836447
2461583,851564,5388538,6240102,6.327813294127042
2461591,851564,5388553,6240117,6.327830908774913
2461646,851564,5388722,6240286,6.328029367140931
2461776,851609,5389027,6240636,6.328053132364736
2462047,851842,5389907,6241749,6.327355307674428
2462187,851924,5390220,6242144,6.32711368619736
2462231,851959,5390303,6242262,6.326951179575543
2462350,851959,5390560,6242519,6.327252837284424
2462357,851963,5390587,6242550,6.327254822099082
2462401,851969,5390735,6242704,6.327383977586039
2462411,851969,5390755,6242724,6.327407452618581
2462442,851981,5390792,6242773,6.327361760414845
2462472,851983,5390829,6242812,6.327390335253169
2464014,852753,5395897,6248650,6.32762007286987
2464043,852753,5395933,6248686,6.327662289080191
2464061,852759,5395981,6248740,6.327674055624157
2464427,852985,5396734,6249719,6.326880308563457
2464500,853023,5396917,6249940,6.326812993319055
2464658,853081,5397035,6250116,6.32652116270319
2464690,853092,5397076,6250168,6.326487647287749
2464716,853098,5397113,6250211,6.326486523236486
2464719,853099,5397116,6250215,6.326482623939309
2464733,853107,5397165,6250272,6.326480734538575
2465002,853107,5397681,6250788,6.3270855824650365
2465016,853110,5397708,6250818,6.3270949818897915
2465079,853130,5397746,6250876,6.326991197121189
2465129,853130,5397871,6251001,6.327137716408988
2465137,853136,5397890,6251026,6.3271154892068795
2465193,853171,5397989,6251160,6.326971966932772
2465224,853179,5398073,6251252,6.3270110961474675
2465264,853207,5398185,6251392,6.326934729790074
2465349,853207,5398682,6251889,6.327517237903581
2465515,853207,5398998,6252205,6.327887605235306
2465562,853226,5399060,6252286,6.32781935852869
2465571,853226,5399090,6252316,6.327854519201243
2465574,853226,5399095,6252321,6.327860379313336
2465770,853226,5399423,6252649,6.328244802666585
2465832,853268,5399582,6252850,6.328119652910926
2465843,853270,5399590,6252860,6.328114195975482
2465849,853270,5399604,6252874,6.328130603443224
2465857,853272,5399626,6252898,6.328141553924188
2465885,853292,5399715,6253007,6.328097532849247
2465897,853298,5399741,6253039,6.328083506582694
2465962,853298,5399981,6253279,6.328364768228685
2466027,853298,5400147,6253445,6.328559307533828
2466256,853398,5400492,6253890,6.328222001926417
2466494,853414,5401542,6254956,6.329333711422592
2466517,853428,5401590,6255018,6.329286126070389
2466560,853428,5401632,6255060,6.32933533936079
2466565,853428,5401647,6255075,6.3293529155359325
2466654,853454,5401827,6255281,6.329371003006606
2467262,853853,5403969,6257822,6.3289219572924145
2468279,854406,5405839,6260245,6.327014323401287
2468315,854430,5405943,6260373,6.326958323092588
2468324,854430,5405969,6260399,6.326988752735742
2468363,854444,5406046,6260490,6.326975202587882
2468534,854517,5406320,6260837,6.326755348342982
2468714,854618,5406784,6261402,6.326550575812819
2468720,854618,5406802,6261420,6.326571637854574
2468756,854632,5406860,6261492,6.326535865729343
2468791,854634,5406957,6261591,6.326634559355233
2468908,854711,5407207,6261918,6.326357096141269
2468921,854716,5407244,6261960,6.326363376840963
2469043,854750,5407378,6262128,6.326268499561275
2469052,854750,5407400,6262150,6.32629423808131
2469122,854817,5407547,6262364,6.32597035388861
2469237,854882,5407798,6262680,6.325782973556584
2469266,854889,5407845,6262734,6.325786154693767
2469681,854889,5408843,6263732,6.326953557713341
2469801,854939,5409072,6264011,6.326851389397373
2469930,855087,5409400,6264487,6.326139913248594
2470498,855087,5410791,6265878,6.327766648305962
2470505,855093,5410805,6265898,6.327738620243646
2470537,855101,5410858,6265959,6.32774140130815
2470552,855123,5410899,6266022,6.327626551969717
2470555,855125,5410902,6266027,6.327615260926765
2470596,855134,5410970,6266104,6.327628184588614
2470626,855145,5411025,6266170,6.327611106888305
2470892,855157,5411215,6266372,6.327744496039909
2470904,855157,5411244,6266401,6.327778407941466
2470905,855157,5411249,6266406,6.327784254821045
2470920,855165,5411283,6266448,6.327764817315956
2470956,855181,5411327,6266508,6.3276978791624225
2470963,855181,5411342,6266523,6.327715419308895
2471092,855250,5411891,6267141,6.327846828412745
2471140,855250,5412079,6267329,6.328066647179187
2471152,855252,5412102,6267354,6.328078741704199
2471185,855273,5412143,6267416,6.32797130273024
2471233,855284,5412196,6267480,6.32795188498791
2471316,855316,5412326,6267642,6.327867127471016
2471349,855316,5412431,6267747,6.3279898891170046
2471356,855318,5412437,6267755,6.327982107239647
2471412,855341,5412596,6267937,6.327997839458181
2471413,855341,5412601,6267942,6.3280036850799855
2471650,855369,5412973,6268342,6.328231441635131
2471684,855383,5413015,6268398,6.328176968679527
2471691,855383,5413028,6268411,6.328192166549955
2471715,855395,5413065,6268460,6.328146645701693
2471721,855395,5413079,6268474,6.328163012409472
2471758,855395,5413114,6268509,6.328203929178917
2471758,855395,5413114,6268509,6.328203929178917
2471769,855397,5413138,6268535,6.328217190380607
2471793,855411,5413177,6268588,6.328159212355231
2471812,855416,5413205,6268621,6.3281549561850605
2471823,855419,5413224,6268643,6.328154974345905
2472003,855554,5413774,6269328,6.327799297297424
2472257,855715,5414251,6269966,6.327166170979824
2472286,855720,5414297,6270017,6.327182957042023
2472396,855741,5414447,6270188,6.327202973796978
2472492,855750,5414645,6270395,6.327367806018112
2472511,855765,5414672,6270437,6.3272884495159305
2472527,855765,5414698,6270463,6.327318831688606
2472561,855794,5414780,6270574,6.3272002374403185
2472605,855802,5414817,6270619,6.327184325346283
2472658,855808,5415023,6270831,6.327380674169907
2472696,855816,5415067,6270883,6.327372939977752
2472738,855822,5415095,6270917,6.3273612970921524
2473019,855822,5415095,6270917,6.3273612970921524
2494813,855822,5480473,6336295,6.40375335057991
2494832,855829,5480526,6336355,6.403762901233774
2494857,855829,5480526,6336355,6.403762901233774
2494958,855901,5480728,6336629,6.4034602132723295
2495096,855959,5480960,6336919,6.403297354195703
2495162,855979,5481102,6337081,6.40331363269426
2495165,855980,5481105,6337085,6.403309656767681
2495181,856004,5481174,6337178,6.403210732660128
2495186,856006,5481181,6337187,6.403203949505027
2495197,856021,5481195,6337216,6.403108101319944
2495443,856025,5481531,6337556,6.403470693028825
2495464,856028,5481585,6337613,6.403511333741419
2495475,856033,5481615,6337648,6.403508976873555
2495544,856068,5481773,6337841,6.403431736731195
2495578,856081,5481835,6337916,6.403406920606812
2495660,856087,5482061,6338148,6.403626033335397
2495691,856114,5482151,6338265,6.403529202886531
2495792,856169,5482308,6338477,6.403301217399836
2495955,856198,5482433,6338631,6.403230327564419
2496005,856198,5482517,6338715,6.4033284357123
2496010,856198,5482529,6338727,6.403342451161998
2496123,856268,5482836,6339104,6.403177509845048
2496287,856277,5483180,6339457,6.403511947652453
2496301,856287,5483207,6339494,6.403468696827115
2496312,856287,5483245,6339532,6.403513074471526
2496570,856287,5483812,6340099,6.404175235639452
2496676,856335,5484154,6340489,6.404215639907279
2496683,856340,5484164,6340504,6.404189924562674
2496691,856345,5484174,6340519,6.40416420951836
2496717,856354,5484249,6340603,6.404184484453859
2496766,856381,5484364,6340745,6.404116859201687
2496783,856381,5484420,6340801,6.404182250657126
2496907,856381,5484606,6340987,6.404399443705547
2497172,856561,5485034,6341595,6.403553278750725
2497186,856569,5485063,6341632,6.403527328212905
2497226,856569,5485255,6341824,6.403751478281376
2497232,856569,5485266,6341835,6.403764320212383
2497304,856589,5485376,6341965,6.403743218743178
2497311,856589,5485399,6341988,6.403770069426527
2497346,856611,5485482,6342093,6.403702497399636
2497354,856614,5485504,6342118,6.4037057531163395
2497376,856621,5485551,6342172,6.403708291064543
2497395,856629,5485614,6342243,6.403722031357799
2497453,856641,5485687,6342328,6.403717543288262
2497459,856641,5485701,6342342,6.4037338861903645
2497465,856641,5485715,6342356,6.403750229092467
2497657,856727,5486222,6342949,6.4036991947259745
2497879,856733,5486901,6343634,6.404446893022681
2497990,856808,5487356,6344164,6.404417325701908
2497991,856808,5487358,6344166,6.404419659947153
2498061,856837,5487559,6344396,6.404437483442008
2498084,856841,5487584,6344425,6.404436762479853
2498109,856841,5487584,6344425,6.404436762479853
2498131,856841,5487673,6344514,6.404540632392708
2498140,856849,5487691,6344540,6.404501843381973
2498141,856849,5487691,6344540,6.404501843381973
2498197,856894,5487843,6344737,6.404342894220289
2498235,856918,5487892,6344810,6.404220707232197
2498281,856926,5487976,6344902,6.404258944179544
2498323,856947,5488049,6344996,6.404187190106272
2498432,857019,5488352,6345371,6.404002711725178
2499067,857203,5489457,6346660,6.40391715847938
2499096,857203,5489484,6346687,6.403948656269285
2499217,857235,5489819,6347054,6.404100392541135
2499232,857243,5489829,6347072,6.404052293223741
2499410,857348,5490320,6347668,6.403840680797063
2499664,857468,5490641,6348109,6.40331884105296
2499733,857500,5490827,6348327,6.403296793002916
2499764,857500,5490950,6348450,6.403440233236152
2499843,857534,5491139,6348673,6.403406745388521
2500835,857534,5492966,6350500,6.405537273157682
2500846,857537,5492971,6350508,6.405520694733871
2500876,857543,5493042,6350585,6.405558671693431
2500896,857544,5493056,6350600,6.405567527730356
2501199,857657,5493283,6350940,6.404988241219975
2503538,857828,5496285,6354113,6.407211002671865
2503542,857828,5496295,6354123,6.407222660020424
2503559,857834,5496308,6354142,6.407193000044297
2503634,857863,5496505,6354368,6.407206045720587
2503730,857863,5496801,6354664,6.4075510891599246
2503749,857868,5496853,6354721,6.407574358759156
2503750,857868,5496855,6354723,6.407576690120158
2503757,857868,5496855,6354723,6.407576690120158
2503764,857868,5496875,6354743,6.4076000037301775
2503771,857871,5496910,6354781,6.40761839484025
2503964,857939,5497130,6355069,6.407366957324472
2504063,857955,5497448,6355403,6.40761811516921
2504077,857961,5497491,6355452,6.407623423442324
2504084,857961,5497515,6355476,6.40765139674181
2504118,857961,5497588,6355549,6.407736482194412
2504153,858006,5497635,6355641,6.407455192621031
2504179,858006,5497702,6355708,6.407533280653049
2504247,858058,5497883,6355941,6.40735591300355
2504253,858058,5497897,6355955,6.407372228916926
2505312,858073,5499207,6357280,6.408786898084429
2505342,858085,5499264,6357349,6.408763700565795
2505383,858092,5499313,6357405,6.408768523654806
2505398,858099,5499359,6357458,6.408769850565028
2505458,858123,5499454,6357577,6.408701316711007
2505495,858151,5499513,6357664,6.408560964212592
2505588,858175,5499553,6357728,6.408428350860839
2505610,858176,5499657,6357833,6.4085420706242076
2505685,858189,5499808,6357997,6.408620944803534
2505766,858236,5500004,6358240,6.408498361755974
2505777,858241,5500026,6358267,6.408486660506781
2505803,858241,5500111,6358352,6.408585700286983
2505993,858290,5500467,6358757,6.408634610679374
2506115,858400,5500802,6359202,6.408203634669152
2506163,858427,5500871,6359298,6.408082457797809
2506223,858473,5501031,6359504,6.407925467661767
2506952,858473,5501868,6360341,6.408900454644468
2506977,858498,5501915,6360413,6.40876857022381
2507071,858540,5502058,6360598,6.408621613436765
2507109,858548,5502126,6360674,6.4086411010217255
2507131,858555,5502182,6360737,6.408654075743546
2507217,858617,5502311,6360928,6.408341553917521
2507277,858617,5502403,6361020,6.408448702972338
2507378,858617,5502749,6361366,6.408851676591542
2507391,858617,5502749,6361366,6.408851676591542
2507489,858640,5503082,6361722,6.409067828193423
2507562,858699,5503339,6362038,6.408926760133644
2507678,858729,5503413,6362142,6.408789035889087
2507702,858739,5503433,6362172,6.408737695621138
2507708,858739,5503452,6362191,6.4087598210865
2507724,858741,5503452,6362193,6.4087448951430055
2507765,858741,5503528,6362269,6.408833396798336
2507865,858743,5503627,6362370,6.408933755500772
2507876,858745,5503650,6362395,6.408945612492649
2508064,858750,5503925,6362675,6.409228529839884
2508074,858750,5503937,6362687,6.40924250363901
2508085,858759,5503949,6362708,6.409189306895183
2508092,858759,5503969,6362728,6.409212596316312
2508099,858763,5503983,6362746,6.409199045603968
2508133,858780,5504058,6362838,6.409159505344792
2508165,858789,5504119,6362908,6.40916336841762
2508191,858805,5504198,6363003,6.409135950535919
2508248,858823,5504259,6363082,6.409072649428346
2508255,858823,5504279,6363102,6.409095937113934
2508262,858825,5504285,6363110,6.4090879981369895
2508290,858825,5504408,6363233,6.409231217069833
2508332,858844,5504545,6363389,6.409248943929282
2508431,858895,5504866,6363761,6.409242107591731
2508441,858895,5504866,6363761,6.409242107591731
2508604,858908,5505274,6364182,6.409620122294821
2508875,858931,5506486,6365417,6.410859545178833
2508887,858943,5506540,6365483,6.4108328492111815
2509085,859011,5507091,6366102,6.410966797864055
2509382,859375,5508093,6367468,6.409417309090909
2509426,859395,5508199,6367594,6.409391490525311
2509427,859395,5508204,6367599,6.4093973085717275
2509432,859395,5508211,6367606,6.409405453836711
2509449,859403,5508235,6367638,6.409373716405458
2509735,859510,5508755,6368265,6.4091808123233
2509853,859588,5509029,6368617,6.408917993271195
2509900,859600,5509198,6368798,6.409025127966496
2509975,859636,5509410,6369046,6.409003345602092
2509983,859638,5509423,6369061,6.409003557311333
2510096,859703,5509691,6369394,6.4088307240989035
2511436,860161,5510987,6371148,6.406924982648597
2511476,860174,5511041,6371215,6.406890931369699
2511526,860184,5511174,6371358,6.406971066655506
2511539,860187,5511184,6371371,6.406960346994317
2511543,860187,5511207,6371394,6.406987085366321
2511704,860290,5511544,6371834,6.40661172395355
2512126,860484,5512273,6372757,6.406014522059678
2512300,860578,5512802,6373380,6.405929503194365
2512303,860578,5512811,6373389,6.405939961281836
2512310,860578,5512828,6373406,6.40595971544706
2512319,860578,5512844,6373422,6.405978307602565
2512354,860585,5512902,6373487,6.405993597378528
2512393,860611,5513018,6373629,6.40593485326123
2512404,860617,5513042,6373659,6.405918079703283
2512440,860633,5513207,6373840,6.405990706840198
2512757,860787,5513629,6374416,6.405334885401382
2512761,860789,5513632,6374421,6.405323488102194
2512884,860848,5513902,6374750,6.405198130215787
2513035,860866,5514157,6375023,6.405360416139097
2513080,860883,5514258,6375141,6.405351249821404
2513094,860886,5514297,6375183,6.405374230734383
2513139,860892,5514325,6375217,6.405362112785344
2513166,860904,5514342,6375246,6.405292576175741
2513193,860914,5514387,6375301,6.40527044513157
2513251,860936,5514475,6375411,6.40520898185231
2513312,860936,5514618,6375554,6.405375080145331
2513367,860936,5514714,6375650,6.405486586691694
2513377,860936,5514745,6375681,6.405522594013957
2513385,860946,5514759,6375705,6.405464454216641
2513453,860995,5515026,6376021,6.40541001980267
2513464,860995,5515045,6376040,6.4054320872943515
2513493,861010,5515102,6376112,6.405386697018618
2513518,861017,5515137,6376154,6.405375271336106
2513529,861017,5515177,6376194,6.405421728026276
2513537,861017,5515199,6376216,6.40544727920587
2513543,861017,5515213,6376230,6.405463539047429
2513556,861025,5515242,6376267,6.405437705060828
2513593,861044,5515352,6376396,6.405424113053456
2513597,861044,5515352,6376396,6.405424113053456
2513626,861053,5515413,6376466,6.4054280050124675
2513633,861053,5515430,6376483,6.405447748280303
2513893,861108,5516107,6377215,6.405824821044515
2513944,861129,5516243,6377372,6.405826537022908
2513994,861148,5516346,6377494,6.405804809393972
2514006,861148,5516377,6377525,6.4058408078518445
2514020,861159,5516414,6377573,6.4058019483045525
2514072,861159,5516581,6377740,6.405995873003707
2514112,861163,5516658,6377821,6.406055531879563
2514456,861345,5517188,6378533,6.405317265439516
2514487,861361,5517279,6378640,6.405303931800952
2514752,861374,5517722,6379096,6.40572155648998
2514892,861374,5517807,6379181,6.405820236041487
2515026,861377,5518283,6379660,6.406350529442974
2515071,861377,5518430,6379807,6.406521186425921
2515077,861377,5518441,6379818,6.406533956676345
2515147,861416,5518659,6380075,6.406496977070312
2515435,861491,5519160,6380651,6.40652078779697
2515510,861491,5519390,6380881,6.406787766790367
2515560,861491,5519559,6381050,6.406983938311602
2515574,861491,5519602,6381093,6.4070338517755845
2515584,861496,5519617,6381113,6.407014077836694
2515764,861607,5520066,6381673,6.406709787641001
2515780,861619,5520096,6381715,6.406655377841018
2515804,861625,5520119,6381744,6.40663745829102
2515824,861625,5520164,6381789,6.406689685187872
2515863,861646,5520249,6381895,6.40663219001771
2515895,861646,5520336,6381982,6.4067331595574055
2516004,861679,5520457,6382136,6.4066282223426585
2516014,861679,5520486,6382165,6.406661877566936
2516040,861692,5520538,6382230,6.406625569228912
2516063,861700,5520589,6382289,6.406625275617965
2516081,861700,5520622,6382322,6.40666357200882
2516135,861738,5520715,6382453,6.4064889792489135
2516215,861819,5520921,6382740,6.40612588026024
2516272,861819,5521168,6382987,6.406412483363676
2516301,861834,5521239,6383073,6.406383363849651
2516785,861834,5522071,6383905,6.407348746974475
2516809,861845,5522119,6383964,6.407322662427699
2516895,861879,5522324,6384203,6.407307754336745
2516901,861879,5522338,6384217,6.407323997916181
2516987,861906,5522548,6384454,6.4073669286441906
2517017,861917,5522590,6384507,6.407333884817215
2517018,861917,5522590,6384507,6.407333884817215
2517030,861917,5522626,6384543,6.407375652179966
2517056,861917,5522706,6384623,6.4074684685416345
2517113,861931,5522774,6384705,6.407443287223687
2517229,861983,5523027,6385010,6.407350260968023
2517253,861989,5523037,6385026,6.4073172627492925
2517321,862005,5523207,6385212,6.407395548749717
2517327,862005,5523221,6385226,6.407411789954815
2517776,862009,5523758,6385767,6.408005020829249
2517783,862009,5523786,6385795,6.408037503088715
2517908,862088,5524076,6386164,6.4077866760701925
2517934,862101,5524114,6386215,6.407734128599781
2518078,862224,5524403,6386627,6.407155217205737
2518086,862229,5524413,6386642,6.407129660449834
2518102,862237,5524435,6386672,6.407095728900523
2555404,862242,5634955,6497197,6.535236047420562
2555411,862242,5634959,6497201,6.5352406864894075
2555424,862245,5634997,6497242,6.535262019495619
2555578,862252,5635358,6497610,6.535627635540422
2555623,862278,5635454,6497732,6.535541901799651
2555647,862278,5635484,6497762,6.535576693363393
2555873,862360,5635736,6498096,6.53524746045735
2555888,862364,5635766,6498130,6.535251935377636
2555905,862369,5635801,6498170,6.535254629978582
2555953,862369,5635936,6498305,6.535411175494481
2555984,862369,5636013,6498382,6.535500464418364
2555990,862369,5636027,6498396,6.535516698768161
2555997,862369,5636047,6498416,6.535539890696442
2556005,862369,5636068,6498437,6.535564242221137
2556112,862385,5636414,6498799,6.535844199516458
2556139,862397,5636443,6498840,6.535786882375518
2556174,862397,5636514,6498911,6.535869211047812
2556236,862429,5636659,6499088,6.535794830646928
2556271,862437,5636727,6499164,6.535813050692399
2556293,862437,5636794,6499231,6.535890737526335
2556418,862437,5636794,6499231,6.535890737526335
2556614,862437,5637122,6499559,6.536271055161131
2556639,862437,5637147,6499584,6.536300042785734
2556719,862437,5637436,6499873,6.536635139726148
2556765,862437,5637579,6500016,6.536800948938879
2556768,862437,5637588,6500025,6.5368113844837366
2556833,862446,5637900,6500346,6.537104931787034
2556962,862446,5638248,6500694,6.537508435310732
2556993,862455,5638296,6500751,6.537495869349705
2557661,862642,5639723,6502365,6.537732918174631
2557967,862777,5640242,6503019,6.537311495322662
2557976,862779,5640262,6503041,6.537319522148778
2557997,862791,5640307,6503098,6.537280755130733
2558140,862794,5640977,6503771,6.538034571404066
2558162,862807,5641035,6503842,6.5380032846279645
2558233,862848,5641251,6504099,6.537942951713395
2558249,862857,5641288,6504145,6.537917638728086
2558357,862867,5641769,6504636,6.5383993129879805
2558410,862867,5641889,6504756,6.538538384246935
2558614,863017,5642571,6505588,6.538192179296584
2558624,863017,5642603,6505620,6.538229258519821
2558688,863075,5642703,6505778,6.537905743996756
2558748,863100,5642772,6505872,6.537796315606535
2558868,863191,5643154,6506345,6.5375496269076026
2558903,863221,5643247,6506468,6.537430159831607
2558944,863221,5643317,6506538,6.537511251463994
2558990,863233,5643486,6506719,6.5376161476681265
2559054,863233,5643681,6506914,6.5378420426466555
2560130,863233,5643681,6506914,6.5378420426466555
2560392,863320,5644232,6507552,6.537821433535653
2560435,863348,5644312,6507660,6.537702062204349
2560522,863395,5644480,6507875,6.53754075481095
2560531,863395,5644506,6507901,6.537570868490088
2560604,863429,5644645,6508074,6.537474418857833
2560607,863429,5644651,6508080,6.537481367894754
2560616,863434,5644661,6508095,6.537455092108951
2560626,863434,5644677,6508111,6.5374736227667665
2560644,863438,5644708,6508146,6.537479239968591
2561526,863462,5648459,6511921,6.54164167039198
2561548,863474,5648511,6511985,6.54161098075912
2561768,863509,5648674,6512183,6.541534598944539
2561873,863509,5648930,6512439,6.541831063717923
2561874,863509,5648935,6512444,6.5418368540455285
2561894,863509,5648990,6512499,6.541900547649185
2562015,863581,5649276,6512857,6.541686303890429
2562085,863604,5649319,6512923,6.541561873265987
2562541,863697,5649698,6513395,6.541296311090579
2562559,863697,5649756,6513453,6.541363464270456
2562632,863736,5649940,6513676,6.541281132197801
2562639,863736,5649965,6513701,6.541310076226996
2562654,863742,5649997,6513739,6.541301684993899
2562683,863754,5650015,6513769,6.54123164697356
2562717,863780,5650072,6513852,6.541100743244808
2562811,863812,5650225,6514037,6.541035549401953
2562914,863845,5650348,6514193,6.540928060010766
2563031,863896,5650571,6514467,6.540800050006019
2563469,863967,5650937,6514904,6.540686160466777
2563508,863993,5651034,6515027,6.540601602096313
2563533,864000,5651074,6515074,6.5405949074074075
2563533,864000,5651074,6515074,6.5405949074074075
2563581,864000,5651201,6515201,6.540741898148148
2563612,864016,5651226,6515242,6.540649710190552
2563646,864016,5651400,6515416,6.540851095350086
2563661,864016,5651407,6515423,6.5408591970519065
2564469,864016,5651407,6515423,6.5408591970519065
2564715,864133,5651864,6515997,6.54050244580406
2564758,864133,5652014,6516147,6.540676030194426
2564778,864133,5652045,6516178,6.5407119043017685
2565072,864142,5652436,6516578,6.541096255013644
2565084,864142,5652465,6516607,6.541129814312925
2565478,864142,5653238,6517380,6.542024343221368
2565504,864163,5653332,6517495,6.541974141452481
2565531,864166,5653367,6517533,6.5419919321056375
2565546,864181,5653390,6517571,6.541904994439823
2565551,864181,5653402,6517583,6.541918880419727
2565587,864198,5653420,6517618,6.541811020159732
2566147,864282,5655295,6519577,6.5433446490844425
2566171,864286,5655312,6519598,6.543334035261476
2566206,864309,5655380,6519689,6.5432385871256695
2566299,864361,5655661,6520022,6.543170041221202
2566305,864361,5655675,6520036,6.543186238157436
2566344,864373,5655737,6520110,6.543167128080123
2566547,864379,5656545,6520924,6.5440564844819225
2566572,864385,5656559,6520944,6.544027256373028
2566680,864385,5656862,6521247,6.544377794616982
2566833,864408,5657004,6521412,6.544367937362912
2566886,864425,5657037,6521462,6.5442774098389105
2566963,864457,5657218,6521675,6.544244537322273
2567136,864510,5657573,6522083,6.5442539704572535
2567167,864522,5657654,6522176,6.544256826315583
2567195,864529,5657682,6522211,6.544236225736788
2567237,864529,5657824,6522353,6.544400477022749
2567351,864576,5658148,6522724,6.5444194611000075
2567356,864576,5658157,6522733,6.544429870826856
2567393,864591,5658240,6522831,6.544412329066576
2567406,864597,5658251,6522848,6.544379635830335
2567919,864876,5659104,6523980,6.543254755595021
2567927,864876,5659124,6524000,6.543277880297291
2567954,864890,5659205,6524095,6.543265617592989
2568023,864910,5659299,6524209,6.543222994299985
2568306,864919,5661044,6525963,6.545172438112702
2568409,864974,5661234,6526208,6.544975918351303
2568467,864979,5661413,6526392,6.545145026642265
2568525,864989,5661448,6526437,6.5451098222058315
2568648,865076,5661674,6526750,6.544712834479283
2568682,865082,5661784,6526866,6.544794597506364
2568780,865115,5662029,6527144,6.54482814423516
2568791,865115,5662053,6527168,6.54485588621166
2568806,865119,5662103,6527222,6.54488342066236
2568858,865127,5662130,6527257,6.544854108125166
2569074,865269,5662585,6527854,6.544305874820432
2569098,865269,5662587,6527856,6.5443081862403485
2569131,865299,5662670,6527969,6.544177215043586
2569157,865305,5662705,6528010,6.544172286072541
2569173,865317,5662733,6528050,6.544113891209811
2569222,865317,5662852,6528169,6.544251413065963
2569234,865317,5662881,6528198,6.544284926795614
2569293,865361,5662948,6528309,6.544029601518903
2569321,865367,5663022,6528389,6.544069741508516
2569628,865373,5663762,6529135,6.544879491271394
2569643,865373,5663781,6529154,6.544901447121646
2569721,865414,5663929,6529343,6.54476239117925
2569840,865465,5664166,6529631,6.544650563569872
2569916,865486,5664341,6529827,6.544693963853835
2570237,865489,5664934,6530423,6.545356440116512
2570243,865489,5664948,6530437,6.545372615943125
2570279,865510,5665013,6530523,6.54528890480757
2570326,865521,5665041,6530562,6.545238070480092
2570413,865541,5665245,6530786,6.545322520828014
2570447,865563,5665329,6530892,6.545253205139314
2570857,865563,5666184,6531747,6.546241001521553
2570938,865584,5666313,6531897,6.546231214994732
2570943,865584,5666313,6531897,6.546231214994732
2572000,865584,5667632,6533216,6.547755041682841
2572007,865584,5667632,6533216,6.547755041682841
2572060,865587,5667715,6533302,6.547828236791911
2572091,865595,5667792,6533387,6.547856676621284
2572110,865604,5667829,6533433,6.5478313408902915
2572159,865638,5667950,6533588,6.547713940469341
2572591,865876,5668705,6534581,6.546786144898346
2572659,865919,5668842,6534761,6.546619256535542
2572752,865977,5669057,6535034,6.546429062203731
2572758,865977,5669075,6535052,6.546449847975177
2572851,865979,5669289,6535268,6.546681847943195
2572873,865995,5669326,6535321,6.546603617803798
2572891,866000,5669350,6535350,6.546593533487298
2572989,866035,5669497,6535532,6.546498698089569
2572999,866038,5669513,6535551,6.546494495622594
2573074,866073,5669646,6535719,6.546383503469107
2573140,866123,5669850,6535973,6.546241122796647
2573233,866123,5670036,6536159,6.546455872895651
2573243,866126,5670062,6536188,6.546463216668244
2573254,866126,5670081,6536207,6.546485153430332
2573268,866142,5670129,6536271,6.546419640197565
2573281,866149,5670153,6536302,6.5463944425266325
2573285,866151,5670161,6536312,6.546388562733288
2573338,866151,5670237,6536388,6.546476307248967
2573437,866151,5670483,6536634,6.546760322391823
2573438,866151,5670488,6536639,6.546766095057328
2573441,866154,5670494,6536648,6.546750346935995
2573472,866154,5670514,6536668,6.5467734375180395
2573542,866190,5670678,6536868,6.54669067987393
2573618,866225,5670905,6537130,6.546688216110133
2573770,866234,5671336,6537570,6.547117753401506
2573805,866239,5671398,6537637,6.547151536700611
2573827,866254,5671454,6537708,6.547102812800865
2573829,866254,5671456,6537710,6.547105121592512
2574088,866401,5671805,6538206,6.5463971071132185
2574133,866435,5671867,6538302,6.546211775840081
2574201,866468,5671971,6538439,6.546082486600775
2574395,866507,5672339,6538846,6.546212552235585
2574405,866507,5672355,6538862,6.546231017175857
2574448,866507,5672397,6538904,6.54627948764407
2574460,866514,5672431,6538945,6.546265842213744
2574684,866706,5673070,6539776,6.5455529325976745
2574976,866743,5673872,6540615,6.54619881556586
2574999,866743,5673942,6540685,6.54627957768335
2575234,866762,5674319,6541081,6.54657103103274
2575252,866766,5674357,6541123,6.546584660681199
2575262,866766,5674373,6541139,6.546603120103927
2575322,866791,5674530,6541321,6.546595430732437
2575592,866904,5675018,6541922,6.5463050118582915
2575594,866904,5675020,6541924,6.546307318918819
2576743,866907,5677668,6544575,6.549339202475006
2576864,866907,5677882,6544789,6.549586057097243
2576918,866927,5678034,6544961,6.5496102901397695
2576974,866956,5678131,6545087,6.54950308896876
2576981,866956,5678147,6545103,6.549521544345964
2577086,866970,5678479,6545449,6.549798724292652
2577089,866970,5678485,6545455,6.549805644947345
2577090,866970,5678490,6545460,6.54981141215959
2577178,867003,5678717,6545720,6.549823933711878
2577560,867006,5680145,6547151,6.551448317543362
2577578,867016,5680174,6547190,6.551406202423023
2577636,867026,5680324,6547350,6.551503645796089
2577856,867034,5680926,6547960,6.552137517098522
2577948,867099,5681083,6548182,6.551827415323971
2578000,867115,5681157,6548272,6.551791861517792
2578025,867126,5681236,6548362,6.5517998537698094
2578046,867137,5681282,6548419,6.551769789548826
2578608,867223,5681780,6549003,6.551694316225469
2578720,867252,5681959,6549211,6.551681633481387
2578837,867317,5682158,6549475,6.551420069017441
2578885,867334,5682189,6549523,6.5513274009781695
2578928,867334,5682399,6549733,6.551569522237108
2578978,867372,5682540,6549912,6.551445054717007
2578983,867374,5682549,6549923,6.551440324473641
2579000,867374,5682592,6549966,6.551489899397492
2579019,867391,5682650,6550041,6.551428363909702
2579133,867391,5682821,6550212,6.551625506836017
2579140,867391,5682886,6550277,6.55170044420567
2579365,867528,5683496,6551024,6.551368947169428
2579460,867528,5683600,6551128,6.5514888280263
2579476,867538,5683631,6551169,6.551449043154306
2579496,867545,5683650,6551195,6.551418082059144
2579568,867602,5683836,6551438,6.551202048865724
2579977,867663,5685038,6552701,6.552126804992261
2580215,867730,5685598,6553328,6.552266257937377
2580260,867749,5685708,6553457,6.552249556035213
2580266,867749,5685721,6553470,6.552264537325886
2580485,867874,5686279,6554153,6.551963764325236
2580497,867880,5686296,6554176,6.551938055952435
2580504,867880,5686315,6554195,6.55195994837996
2580520,867889,5686331,6554220,6.551910440159975
2580745,867984,5686815,6554799,6.551750953934635
2580753,867994,5686828,6554822,6.551690449473153
2580848,868047,5686963,6555010,6.5514459470512545
2580991,868100,5687186,6555286,6.5513028452943205
2581029,868100,5687375,6555475,6.551520562147218
2581094,868139,5687485,6555624,6.551352951543474
2581295,868278,5687893,6556171,6.550774060842265
2581396,868278,5688205,6556483,6.5511333927613045
2581496,868278,5688306,6556584,6.551249714953045
2581708,868278,5688998,6557276,6.552046694722197
2581715,868278,5689015,6557293,6.552066273704965
2581807,868278,5689295,6557573,6.552388751068206
2583119,868290,5692582,6560872,6.556083796888136
2583151,868310,5692660,6560970,6.5560226186500214
2583153,868312,5692661,6560973,6.556008669694764
2583168,868312,5692699,6561011,6.556052432766102
2583211,868319,5692816,6561135,6.556134323906306
2583220,868324,5692825,6561149,6.556106937041934
2583267,868359,5692958,6561317,6.555995849642832
2583322,868385,5693030,6561415,6.555882471484423
2583367,868404,5693114,6561518,6.555835763078014
2583373,868404,5693128,6561532,6.555851884606704
2583383,868404,5693183,6561587,6.555915219183698
2583441,868433,5693320,6561753,6.555854049765498
2583448,868435,5693339,6561774,6.55586083011394
2583493,868435,5693500,6561935,6.556046221075843
2583529,868446,5693529,6561975,6.555996573189352
2583582,868446,5693616,6562062,6.556096752129666
2583626,868464,5693725,6562189,6.556086377788832
2583642,868464,5693751,6562215,6.556116315702205
2583669,868475,5693766,6562241,6.556050548375025
2583681,868475,5693795,6562270,6.556083940240076
2583709,868475,5693868,6562343,6.556167995624514
2583723,868475,5693875,6562350,6.556176055729871
2583926,868492,5694216,6562708,6.556440358690696
2583939,868496,5694237,6562733,6.556434341666513
2583980,868499,5694329,6562828,6.556517624084772
2584015,868502,5694414,6562916,6.556592846072894
2584034,868502,5694441,6562943,6.556623934084205
2584081,868513,5694521,6563034,6.5566330037662075
2584159,868543,5694661,6563204,6.556567723186992
2584216,868564,5694710,6563274,6.556465614508545
2584400,868660,5695099,6563759,6.556188842585131
2584660,868679,5695593,6564272,6.556614123283745
2585257,868679,5696867,6565546,6.558080717963713
2585453,868679,5697195,6565874,6.558458302779277
2585489,868696,5697282,6565978,6.558430106734692
2585510,868698,5697329,6566027,6.558469111244644
2585564,868698,5697438,6566136,6.558594586380997
2585580,868698,5697508,6566206,6.558675166743794
2585598,868698,5697529,6566227,6.558699340852632
2585648,868710,5697637,6566347,6.558733063968413
2585653,868710,5697649,6566359,6.558746877554074
2585696,868710,5697817,6566527,6.558940267753336
2587160,868714,5699899,6568613,6.561306713141494
2587183,868717,5699941,6568658,6.56133240169123
2587272,868748,5700023,6568771,6.561192658860797
2587305,868759,5700104,6568863,6.561202819193816
2587326,868767,5700153,6568920,6.561198802440701
2587379,868779,5700259,6569038,6.561230186272919
2587386,868779,5700276,6569055,6.561249753965048
2587389,868779,5700282,6569061,6.561256660209328
2587438,868790,5700371,6569161,6.561276027578586
2587465,868801,5700445,6569246,6.561278129283921
2587532,868843,5700740,6569583,6.561300488120408
2587563,868843,5700822,6569665,6.561394866506377
2587568,868846,5700833,6569679,6.561384871427157
2587595,868852,5700870,6569722,6.56138214563585
2587812,868864,5701542,6570406,6.5620649491750145
2587826,868864,5701568,6570432,6.562094873305834
2587848,868875,5701609,6570484,6.562058984318803
2587880,868892,5701668,6570560,6.56199849923811
2587890,868896,5701675,6570571,6.561976346996649
2587912,868905,5701721,6570626,6.561961319131551
2587996,868927,5701885,6570812,6.561983918096687
2588018,868928,5701917,6570845,6.562013193268027
2588084,868945,5702055,6571000,6.562043627617398
2588104,868963,5702123,6571086,6.561985953372008
2588139,868963,5702157,6571120,6.562025080469479
2588145,868963,5702176,6571139,6.562046945612184
2588177,868981,5702240,6571221,6.561984669400137
2588187,868981,5702260,6571241,6.562007684863075
2588423,869097,5703020,6572117,6.562006312298857
2588425,869097,5703024,6572121,6.562010914777062
2588437,869097,5703058,6572155,6.562050035841799
2588571,869148,5703203,6572351,6.561831816905752
2588578,869152,5703218,6572370,6.561818876330032
2588732,869227,5703568,6572795,6.561655355850658
2589200,869467,5704347,6573814,6.560740085592668
2589207,869467,5704370,6573837,6.560766538580532
2589221,869470,5704374,6573844,6.560748501960965
2589251,869480,5704416,6573896,6.560721350692368
2589272,869496,5704459,6573955,6.560650077746189
2589310,869496,5704580,6574076,6.560789238823411
2589370,869515,5704653,6574168,6.560729832147807
2589386,869521,5704676,6574197,6.560711012154968
2589419,869544,5704714,6574258,6.5605811781807475
2589455,869567,5704818,6574385,6.560527250919136
2589491,869567,5704893,6574460,6.560613500742323
2589529,869587,5705039,6574626,6.560630506205819
2590958,870063,5707984,6578047,6.560426084088164
2591010,870063,5708024,6578087,6.5604720577705296
2591018,870063,5708042,6578105,6.5604927459275935
2591082,870121,5708287,6578408,6.5603370105996754
2591165,870152,5708414,6578566,6.560249243810277
2591178,870152,5708428,6578580,6.560265332953323
2591292,870170,5708663,6578833,6.5603996920142045
2591299,870173,5708672,6578845,6.560387417214738
2591328,870194,5708731,6578925,6.560296899312108
2591397,870205,5708851,6579056,6.56035187111083
2591407,870213,5708865,6579078,6.560307648817013
2591782,870213,5708865,6579078,6.560307648817013
2592112,870332,5710000,6580332,6.560714761723113
2592199,870346,5710089,6580435,6.560711487155683
2592296,870393,5710283,6580676,6.560580105768314
2592326,870403,5710349,6580752,6.560580558660758
2592340,870403,5710381,6580784,6.560617323239924
2592345,870405,5710389,6580794,6.560611439502301
2592396,870449,5710524,6580973,6.560434901987366
2592434,870468,5710563,6581031,6.560336508636733
2592478,870485,5710711,6581196,6.5603784097371
2592517,870504,5710788,6581292,6.560323674560944
2592544,870504,5710841,6581345,6.560384558830287
2592554,870504,5710868,6581372,6.560415575344858
2592651,870552,5711043,6581595,6.56025487277038
2592668,870560,5711073,6581633,6.560229047969123
2592701,870560,5711160,6581720,6.560328983642712
2593020,870565,5711740,6582305,6.560957539069455
2593080,870612,5711897,6582509,6.560783678607692
2593088,870612,5711922,6582534,6.560812394040054
2593147,870644,5712047,6582691,6.560714827185394
2593711,870680,5713021,6583701,6.561562227224698
2593790,870684,5713163,6583847,6.56169517299043
2593814,870684,5713184,6583868,6.5617192919589655
2593821,870686,5713200,6583886,6.5617225957463425
2593838,870690,5713258,6583948,6.561759064649875
2593854,870690,5713284,6583974,6.561788926024188
2593886,870705,5713332,6584037,6.561731011077231
2595201,871109,5714761,6585870,6.560328271203718
2595326,871180,5715074,6586254,6.560152896071994
2595412,871211,5715273,6586484,6.560147886103366
2595542,871211,5715659,6586870,6.560590947543132
2595639,871290,5715807,6587097,6.56016596081672
2595665,871306,5715856,6587162,6.560101732342025
2595667,871306,5715867,6587173,6.560114357068584
2595937,871315,5716369,6587684,6.5606227368976775
2595964,871327,5716411,6587738,6.560580585704334
2595981,871333,5716447,6587780,6.560576725545801
2595999,871333,5716512,6587845,6.560651323891095
2596012,871343,5716544,6587887,6.560612755252524
2596029,871348,5716574,6587922,6.560609538324527
2596061,871372,5716640,6588012,6.560504583576245
2596225,871414,5716917,6588331,6.56050625764562
2596489,871444,5717880,6589324,6.561385470552325
2596497,871444,5717904,6589348,6.561413011048329
2596513,871447,5717916,6589363,6.561404193255585
2596610,871485,5718054,6589539,6.561276441935317
2596740,871486,5718439,6589925,6.561710687262905
2596947,871531,5719523,6591054,6.562615672879105
2596959,871536,5719550,6591086,6.562609002955702
2597323,871537,5719795,6591332,6.562882585593038
2597432,871537,5719999,6591536,6.563116654829342
2597938,871537,5720627,6592164,6.563837220909726
2598015,871537,5720627,6592164,6.563837220909726
2598071,871548,5720693,6592241,6.563830104595501
2598106,871553,5720795,6592348,6.56390948112163
2598175,871553,5720879,6592432,6.5640058608024985
2598212,871553,5720927,6592480,6.564060934905852
2598229,871557,5720970,6592527,6.564080146221073
2598285,871587,5721076,6592663,6.563975828001106
2598289,871587,5721081,6592668,6.56398156466308
2598350,871606,5721212,6592818,6.563988774744552
2598367,871613,5721231,6592844,6.563957857443613
2598434,871648,5721393,6593041,6.563880144278424
2598465,871667,5721441,6593108,6.563792136217156
2598500,871667,5721569,6593236,6.563938981285284
2598542,871667,5721640,6593307,6.564020434409012
2598548,871671,5721653,6593324,6.564005226742658
2598566,871689,5721698,6593387,6.563921306796346
2598587,871689,5721721,6593410,6.56394769235358
2598728,871789,5721980,6593769,6.5634918541069
2598761,871799,5722012,6593811,6.563453273059501
2598812,871833,5722118,6593951,6.563318892494319
2598896,871860,5722220,6594080,6.563232629091827
2598929,871866,5722264,6594130,6.563237928764282
2599823,872328,5724240,6596568,6.562027127410791
2599829,872328,5724254,6596582,6.562043176419879
2599934,872368,5724375,6596743,6.561880995176348
2599948,872377,5724401,6596778,6.561843102236763
2600000,872388,5724448,6596836,6.561814238618596
2600005,872388,5724448,6596836,6.561814238618596
2600014,872390,5724462,6596852,6.561815243182521
2600017,872391,5724464,6596855,6.56181001408772
2600023,872394,5724475,6596869,6.56180005823057
2600064,872394,5724508,6596902,6.561837885175735
2600097,872399,5724612,6597011,6.5619194886743335
2600121,872405,5724637,6597042,6.561903015228019
2600186,872459,5724874,6597333,6.56176851863526
2600193,872459,5724894,6597353,6.56179144234858
2600367,872578,5725351,6597929,6.5614202970966495
2600388,872578,5725405,6597983,6.5614821826816625
2600481,872622,5725598,6598220,6.561372507225351
2600491,872626,5725635,6598261,6.561384831531492
2600732,872792,5726313,6599105,6.560913711399738
2600850,872792,5726490,6599282,6.561116508858927
2600978,872846,5726779,6599625,6.561041695785969
2601000,872853,5726802,6599655,6.561015428714801
2601013,872861,5726843,6599704,6.5610022672567565
2601053,872875,5726949,6599824,6.561018473435486
2601069,872875,5726964,6599839,6.561035658026636
2601118,872889,5727009,6599898,6.5609819805267335
2601167,872921,5727081,6600002,6.560823946267761
2601186,872942,5727124,6600066,6.560715373988192
2601189,872943,5727129,6600072,6.560713586110434
2601209,872965,5727178,6600143,6.5606043770368805
2601215,872965,5727196,6600161,6.560624996420246
2601271,873008,5727314,6600322,6.560437017759288
2601355,873008,5727438,6600446,6.560579055403845
2602063,873267,5728191,6601458,6.559495549471124
2602094,873267,5728230,6601497,6.559540209351779
2602106,873270,5728256,6601526,6.559547448097381
2602139,873270,5728383,6601653,6.559692878491188
2602144,873272,5728395,6601667,6.55969159666175
2602193,873284,5728427,6601711,6.559638101694294
2602193,873284,5728427,6601711,6.559638101694294
2602526,873394,5728761,6602155,6.559194361307726
2602531,873394,5728772,6602166,6.559206955852685
2602575,873417,5728894,6602311,6.559173911201637
2602677,873478,5729199,6602677,6.559065025106528
2602796,873487,5729581,6603068,6.559434771210104
2602815,873492,5729651,6603143,6.559477362128102
2602878,873520,5729774,6603294,6.559407912812529
2602902,873530,5729819,6603349,6.559384337114924
2602981,873568,5729996,6603564,6.5593016227700645
2603004,873571,5730037,6603608,6.55932603074049
2603045,873593,5730161,6603754,6.559302787453654
2603060,873594,5730185,6603779,6.559322751758827
2603061,873594,5730187,6603781,6.55932504115184
2603067,873594,5730201,6603795,6.559341066902932
2603126,873611,5730299,6603910,6.559325603729807
2603132,873611,5730313,6603924,6.5593416291690465
2603173,873618,5730408,6604026,6.559397814605468
2603218,873625,5730523,6604148,6.559476892259265
2603231,873625,5730564,6604189,6.559523823150665
2603277,873645,5730614,6604259,6.5594308901212734
2603307,873645,5730675,6604320,6.559500712531978
2603318,873645,5730705,6604350,6.559535051422489
2603324,873645,5730719,6604364,6.55955107623806
2603331,873645,5730742,6604387,6.559577402720785
2603334,873646,5730745,6604391,6.559573328327492
2603408,873697,5730859,6604556,6.559320908736095
2603677,873697,5731375,6605072,6.559911502500294
2603707,873703,5731440,6605143,6.559940849464864
2603881,873703,5731731,6605434,6.5602739145911135
2604139,873823,5732105,6605928,6.559801012333161
2604160,873825,5732128,6605953,6.559812319400337
2604294,873883,5732513,6606396,6.5598175041739
2604330,873907,5732567,6606474,6.559699144188111
2604331,873907,5732567,6606474,6.559699144188111
2604441,873907,5732725,6606632,6.559879941458302
2604448,873907,5732729,6606636,6.559884518604383
2604467,873918,5732792,6606710,6.559874038525353
2604611,873918,5732987,6606905,6.560097171588181
2604617,873918,5733001,6606919,6.56011319139782
2604713,873967,5733168,6607135,6.559936473573945
2604923,874017,5733596,6607613,6.560050891458633
2604937,874020,5733616,6607636,6.560051257408297
2604982,874042,5733679,6607721,6.559958217110848
2605013,874048,5733764,6607812,6.560010434209563
2605022,874048,5733784,6607832,6.560033316248078
2605093,874048,5734049,6608097,6.5603365032584025
2605136,874048,5734181,6608229,6.5604875247126015
2605141,874048,5734185,6608233,6.560492101120305
2605831,874312,5734903,6609215,6.559332366477871
2605853,874312,5734970,6609282,6.55940899816084
2605896,874354,5735099,6609453,6.559241451402979
2605900,874357,5735103,6609460,6.559223520827305
2605917,874368,5735150,6609518,6.559194755526277
2605949,874368,5735180,6609548,6.559229066022544
2605954,874368,5735192,6609560,6.5592427902210515
2606038,874368,5735528,6609896,6.559627067779242
2606062,874382,5735585,6609967,6.559587228465362
2606124,874393,5735618,6610011,6.559542448304138
2606131,874393,5735638,6610031,6.559565321314329
2606160,874402,5735667,6610069,6.559530970880671
2606566,874535,5736780,6611315,6.559806068367761
2606596,874544,5736813,6611357,6.559776294846229
2606751,874558,5737143,6611701,6.560048618845177
2607032,874565,5737810,6612375,6.560758777220675
2607044,874565,5737831,6612396,6.560782789158038
2607207,874568,5738430,6612998,6.561445193512683
2607217,874568,5738452,6613020,6.561470348789345
2607589,874737,5739470,6614207,6.56136644500004
2607860,874771,5739543,6614314,6.56119487271526
2607897,874786,5739633,6614419,6.561185249878256
2607941,874786,5739774,6614560,6.561346432155979
2608084,874790,5740235,6615025,6.561843413847895
2608100,874795,5740254,6615049,6.561827628187175
2608145,874812,5740297,6615109,6.561749267271139
2608228,874860,5740448,6615308,6.561561849895983
2608607,875006,5741237,6616243,6.561368722043049
2608634,875015,5741263,6616278,6.5613309486123095
2608672,875025,5741315,6616340,6.561315390988829
2608688,875031,5741338,6616369,6.561296685488857
2608837,875051,5741560,6616611,6.561400421232591
2608858,875066,5741589,6616655,6.561321088923578
2609165,875066,5742187,6617253,6.562004465948855
2609296,875202,5742487,6617689,6.561327556381269
2609465,875279,5742678,6617957,6.560968559739237
2609477,875279,5742719,6617998,6.561015401946122
2609504,875279,5742807,6618086,6.561115941316997
2609532,875279,5742823,6618102,6.561134221202611
2609564,875299,5742875,6618174,6.5610437119201555
2609661,875366,5743023,6618389,6.560710605620963
2610110,875366,5743564,6618930,6.561328632823299
2610123,875366,5743596,6618962,6.56136518896096
2610333,875435,5743812,6619247,6.561094770028614
2610376,875435,5743933,6619368,6.561232987029306
2610411,875472,5744057,6619529,6.561097328069887
2610438,875493,5744131,6619624,6.56102447421053
2610455,875506,5744190,6619696,6.560994442071213
2610466,875513,5744226,6619739,6.560983103620392
2610473,875516,5744238,6619754,6.560974328281836
2610547,875555,5744400,6619955,6.560867107149179
2610601,875555,5744519,6620074,6.561003020941003
2610632,875567,5744617,6620184,6.561025027210939
2610635,875567,5744626,6620193,6.561035306264398
2610727,875567,5744626,6620193,6.561035306264398
2610803,875630,5744757,6620387,6.560712858170689
2610826,875640,5744807,6620447,6.5606950344890596
2610915,875684,5745067,6620751,6.560662293704121
2610927,875684,5745098,6620782,6.560697694602163
2611033,875744,5745413,6621157,6.560607894544525
2611172,875781,5745486,6621267,6.56041407612177
2611196,875788,5745504,6621292,6.560382192950805
2611785,876253,5747147,6623400,6.558775833007134
2611799,876253,5747173,6623426,6.558805504802836
2611805,876253,5747187,6623440,6.5588214819236
2611921,876320,5747547,6623867,6.558730828920942
2611974,876342,5747637,6623979,6.55866887584984
2611993,876342,5747677,6624019,6.558714520130269
2612000,876342,5747697,6624039,6.558737342270484
2612018,876353,5747741,6624094,6.558705224949307
2612034,876353,5747767,6624120,6.5587348933591825
2612109,876401,5747883,6624284,6.5585080345640865
2612117,876405,5747910,6624315,6.558508908552553
2612362,876501,5748417,6624918,6.558369014981158
2612438,876547,5748495,6625042,6.558113826183878
2612480,876591,5748671,6625262,6.55798542307644
2612890,876743,5749182,6625925,6.557431311113975
2614243,876751,5752283,6629034,6.560908399306074
2614244,876751,5752283,6629034,6.560908399306074
2614244,876751,5752283,6629034,6.560908399306074
2614251,876754,5752288,6629042,6.560891652618636
2614839,876812,5753094,6629906,6.561376897213998
2614936,876844,5753217,6630061,6.561277718727618
2615208,876975,5753896,6630871,6.56107186635879
2615232,876990,5753950,6630940,6.56102122031038
2615242,876990,5753958,6630948,6.561030342421236
2615296,876990,5754068,6631058,6.561155771445512
2615387,877051,5754171,6631222,6.5608168738191965
2615405,877051,5754198,6631249,6.560847658802054
2615451,877051,5754341,6631392,6.561010705192743
2615475,877051,5754396,6631447,6.5610734153430075
2615579,877083,5754477,6631560,6.560926388950647
2615606,877100,5754506,6631606,6.560832288222551
2615751,877172,5754816,6631988,6.560647170680323
2615877,877202,5755123,6632325,6.56077277525587
2616004,877245,5755219,6632464,6.560560618755308
2616153,877346,5755708,6633054,6.5603627303253225
2616257,877418,5755908,6633326,6.560052335374929
2616270,877421,5755928,6633349,6.5600526999011874
2616561,877474,5756347,6633821,6.560133975479616
2616596,877493,5756412,6633905,6.5600660062245515
2616634,877493,5756474,6633967,6.560136662058842
2616863,877493,5757029,6634522,6.560769145736775
2616864,877493,5757031,6634524,6.560771424957236
2616865,877493,5757033,6634526,6.560773704177697
2616869,877495,5757040,6634535,6.560766728015544
2616875,877499,5757063,6634562,6.560763032208584
2616878,877499,5757072,6634571,6.5607732886305286
2616960,877515,5757138,6634653,6.5607288764294625
2616971,877515,5757148,6634663,6.560740272246059
2617051,877532,5757350,6634882,6.560843365256196
2617131,877533,5757404,6634937,6.560897424940145
2617158,877562,5757491,6635053,6.560779751174276
2617164,877562,5757508,6635070,6.560799123024926
2617169,877564,5757512,6635076,6.560788728799267
2617183,877564,5757534,6635098,6.560813798195915
2617263,877587,5757753,6635340,6.560891398801487
2617612,877842,5758722,6636564,6.560089401053948
2617649,877857,5758779,6636636,6.5600422392257505
2617669,877857,5758832,6636689,6.560102613523615
2617681,877860,5758865,6636725,6.560117786435194
2617872,877860,5759314,6637174,6.560629257512588
2617915,877879,5759430,6637309,6.560619401990479
2617919,877879,5759434,6637313,6.5606239584270725
2617938,877894,5759459,6637353,6.560540338583018
2618009,877926,5759550,6637476,6.5604048632800485
2618015,877926,5759564,6637490,6.56042080995437
2618023,877926,5759587,6637513,6.560447008062183
2618035,877926,5759619,6637545,6.560483457603488
2618077,877926,5759707,6637633,6.560583693842077
2618088,877935,5759733,6637668,6.560546054092843
2618117,877942,5759752,6637694,6.560515387121245
2618128,877942,5759762,6637704,6.560526777395317
2618267,877942,5760015,6637957,6.560814951329359
2618289,877942,5760061,6638003,6.5608673465900935
2618374,877963,5760274,6638237,6.560953024216283
2618440,877992,5760406,6638398,6.56088665955954
2619072,878285,5761851,6640136,6.560343168789174
2619103,878285,5761931,6640216,6.560434255395458
2619243,878346,5762052,6640398,6.560116400598398
2619366,878488,5762584,6641072,6.559661600386118
2619541,878594,5763179,6641773,6.559547413253448
2619758,878676,5763808,6642484,6.559651111444946
2619765,878676,5763831,6642507,6.5596772871911835
2620104,878874,5764512,6643386,6.558974323964527
2620141,878892,5764596,6643488,6.558935568875357
2620180,878908,5764657,6643565,6.558885571641173
2620319,879016,5764954,6643970,6.55841759421899
2620335,879021,5764984,6644005,6.558414417858049
2620350,879025,5764996,6644021,6.558398225306448
2620391,879036,5765026,6644062,6.558350283719893
2620421,879054,5765099,6644153,6.558299035099095
2620519,879107,5765316,6644423,6.558150486800811
2621020,879226,5765825,6645051,6.55784178356873
2621082,879234,5765990,6645224,6.557969778238785
2621298,879328,5766521,6645849,6.5578726027148
2621335,879328,5766622,6645950,6.557987463153681
2621384,879328,5766731,6646059,6.558111421449107
2621432,879328,5766861,6646189,6.5582592616179625
2621515,879346,5767004,6646350,6.558287636493485
2623818,880620,5772746,6653366,6.555320115373259
2623842,880620,5772813,6653433,6.555396198133134
2624025,880704,5773138,6653842,6.555139978925951
2624076,880723,5773203,6653926,6.555072366680557
2624084,880723,5773203,6653926,6.555072366680557
2624126,880746,5773263,6654009,6.554969310107568
2624177,880749,5773442,6654191,6.555150218734282
2624216,880755,5773499,6654254,6.555170280043826
2624238,880755,5773552,6654307,6.555230455688585
2624261,880764,5773580,6654344,6.555195262295007
2624325,880795,5773713,6654508,6.555115549021055
2624391,880836,5773940,6654776,6.555068139812633
2624403,880842,5773963,6654805,6.555049600268834
2624591,880897,5774196,6655093,6.554904829963094
2624601,880904,5774225,6655129,6.5548856629099195
2624634,880912,5774278,6655190,6.554886299653087
2624907,880943,5774432,6655375,6.554830448735049
2624946,880964,5774489,6655453,6.554738899659918
2625269,881131,5774939,6656070,6.554007292899693
2625281,881135,5774960,6656095,6.5540013732288465
2625288,881135,5774980,6656115,6.5540240712263165
2625300,881135,5775013,6656148,6.55406152292214
2625302,881135,5775017,6656152,6.554066062521634
2625321,881148,5775057,6656205,6.554014762559752
2625340,881163,5775089,6656252,6.5539395094891635
2625350,881178,5775121,6656299,6.5538642589805916
2625586,881268,5775579,6656847,6.553714647530604
2625613,881280,5775611,6656891,6.553661719317357
2625728,881340,5775865,6657205,6.5535037556448135
2625782,881340,5776044,6657384,6.55370685547008
2625888,881376,5776227,6657603,6.5536467977344515
2625893,881376,5776227,6657603,6.5536467977344515
2625956,881398,5776342,6657740,6.553613690977288
2625989,881409,5776370,6657779,6.553563669079848
2625996,881409,5776393,6657802,6.553589763662499
2626006,881409,5776413,6657822,6.553612454603935
2626021,881419,5776439,6657858,6.553567599518503
2626054,881424,5776455,6657879,6.55354857594075
2626060,881424,5776469,6657893,6.553564459329449
2626065,881428,5776473,6657901,6.553539256751544
2626634,881628,5777241,6658869,6.552923682097211
2626719,881628,5777241,6658869,6.552923682097211
2626736,881628,5777314,6658942,6.553006483460144
2626954,881628,5777899,6659527,6.553670028628855
2626980,881649,5777947,6659596,6.553568370179062
2627050,881686,5778038,6659724,6.553396560680333
2627541,881937,5780042,6661979,6.553803729744868
2627641,881955,5780163,6662118,6.553807167032332
2627695,881955,5780228,6662183,6.553880866937655
2627815,882006,5780441,6662447,6.553743398570985
2627868,882006,5780608,6662614,6.553932739686578
2627923,882022,5780668,6662690,6.5538818759622774
2627959,882039,5780776,6662815,6.5538780031268455
2627980,882044,5780797,6662841,6.55386465981289
2627990,882044,5780827,6662871,6.553898671721592
2628024,882044,5780827,6662871,6.553898671721592
2628035,882047,5780856,6662903,6.553909258803669
2628208,882141,5781170,6663311,6.553566833420054
2628270,882175,5781367,6663542,6.553537563408621
2628285,882181,5781377,6663558,6.5535043262097
2628356,882222,5781546,6663768,6.553391323272374
2628418,882237,5781657,6663894,6.553405717511281
2628425,882237,5781674,6663911,6.553424986709921
2628430,882237,5781686,6663923,6.553438588497195
2628435,882240,5781706,6663946,6.553438973521944
2628480,882244,5781873,6664117,6.5535985509677595
2628504,882250,5781895,6664145,6.55357891754038
2628510,882250,5781909,6664159,6.553594786058373
2628547,882276,5782006,6664282,6.553511599544813
2628730,882313,5782393,6664706,6.553675396372943
2628748,882324,5782427,6664751,6.553632225803673
2628988,882495,5782818,6665313,6.552805398330869
2628990,882497,5782823,6665320,6.552796213471547
2629017,882522,5782883,6665405,6.552678573451994
2629063,882556,5783026,6665582,6.552588164377105
2629072,882556,5783044,6665600,6.552608559683465
2629108,882556,5783120,6665676,6.552694673199208
2629137,882556,5783150,6665706,6.552728665376475
2629233,882598,5783489,6666087,6.552800935420203
2629309,882633,5783775,6666408,6.5528651206107185
2629316,882633,5783795,6666428,6.552887780085268
2629571,882705,5784118,6666823,6.5527191983731825
2629624,882733,5784226,6666959,6.552633695579524
2629673,882751,5784326,6667077,6.552613364357559
2629707,882751,5784428,6667179,6.552728912230062
2629817,882751,5784631,6667382,6.55295887515279
2629910,882807,5784843,6667650,6.5527833376944224
2630924,883151,5786536,6669687,6.552147933932023
2630942,883164,5786578,6669742,6.552099043892188
2630950,883173,5786613,6669786,6.5520719043720765
2630978,883187,5786695,6669882,6.55206088857739
2631013,883187,5786786,6669973,6.5521639245142875
2631034,883189,5786847,6670036,6.552218154890969
2631064,883195,5786910,6670105,6.552244974212943
2631077,883201,5786936,6670137,6.552229900102016
2631091,883205,5786947,6670152,6.55221267995539
2631114,883205,5786975,6670180,6.552244382674464
2631133,883214,5787001,6670215,6.552207052877332
2631156,883226,5787048,6670274,6.552171244958822
2631162,883226,5787062,6670288,6.552187095941469
2631393,883226,5787062,6670288,6.552187095941469
2631442,883238,5787164,6670402,6.552213559652098
2631464,883248,5787214,6670462,6.5521959857254135
2631525,883275,5787409,6670684,6.552216467125188
2631567,883316,5787528,6670844,6.55204705903663
2631576,883319,5787545,6670864,6.552044052035561
2631579,883319,5787554,6670873,6.552054240880135
2631601,883331,5787579,6670910,6.551993533567824
2631605,883331,5787585,6670916,6.5520003260385975
2631636,883355,5787685,6671040,6.551935518562752
2631686,883391,5787735,6671126,6.551725113794458
2631705,883402,5787783,6671185,6.551697868014788
2631729,883412,5787878,6671290,6.551731242047878
2632463,883514,5789106,6672620,6.55236476162234
2632612,883588,5789303,6672891,6.552038959333988
2632637,883600,5789375,6672975,6.55203146220009
2632808,883637,5789596,6673233,6.552007215632663
2632918,883703,5789910,6673613,6.551873197216712
2632925,883703,5789927,6673630,6.5518924344491305
2632939,883711,5789941,6673652,6.551848964197571
2632955,883711,5789966,6673677,6.551877253989144
2633046,883784,5790104,6673888,6.551492219818417
2633107,883837,5790294,6674131,6.5513143260578595
2633122,883842,5790311,6674153,6.551296498695468
2633300,883845,5790757,6674602,6.551778875255277
2633455,883845,5790833,6674678,6.551864863183024
2633594,883955,5791300,6675255,6.5515778518137235
2633692,883995,5791476,6675471,6.551480494799179
2635648,883995,5795137,6679132,6.555621920938467
2635679,883995,5795214,6679209,6.555709025503538
2635726,884019,5795328,6679347,6.555660002782745
2635857,884078,5795690,6679768,6.555631969124896
2635959,884145,5795939,6680084,6.5554168151151675
2635986,884169,5796012,6680181,6.555321437417508
2636020,884179,5796060,6680239,6.5553015848600795
2636029,884185,5796068,6680253,6.5552661490525175
2636331,884400,5796702,6681102,6.554389416553596
2636509,884422,5797145,6681567,6.5547272682045445
2636546,884425,5797239,6681664,6.554811318088023
2636572,884440,5797304,6681744,6.554773642078604
2636592,884440,5797319,6681759,6.554790601962824
2636643,884481,5797384,6681865,6.5545602449346
2636782,884553,5797637,6682190,6.5543127432725905
2636789,884553,5797652,6682205,6.554329700990218
2636825,884553,5797757,6682310,6.554448405013606
2637241,884553,5798499,6683052,6.555287246778882
2637303,884553,5798708,6683261,6.555523524311149
2637323,884562,5798729,6683291,6.555480565522823
2637340,884565,5798759,6683324,6.555492247601928
2638165,884632,5802656,6687288,6.559400971251322
2638335,884676,5803070,6687746,6.559542702639158
2638345,884676,5803086,6687762,6.559560788356415
2638579,884828,5803396,6688224,6.558784306102429
2638583,884828,5803403,6688231,6.5587922172444815
2638641,884857,5803519,6688376,6.558708356265476
2639127,884857,5804965,6689822,6.560342518621653
2639153,884870,5804992,6689862,6.560276650807463
2639211,884891,5805099,6689990,6.560241882898572
2639251,884906,5805162,6690068,6.560201874549387
2639366,884986,5805395,6690381,6.559872133570474
2639389,884997,5805434,6690431,6.559834666106212
2639399,884997,5805434,6690431,6.559834666106212
2639423,885015,5805473,6690488,6.559745315051157
2639437,885018,5805507,6690525,6.559761496376345
2640001,885018,5806961,6691979,6.561404400814447
2640027,885024,5806995,6692019,6.5613983349604075
2640057,885031,5807061,6692092,6.561421012371318
2640095,885037,5807095,6692132,6.561414946493763
2640334,885129,5807888,6693017,6.561628869916136
2640583,885208,5808141,6693349,6.5613290887565405
2640602,885219,5808172,6693391,6.561282575272334
2640655,885245,5808249,6693494,6.561176849346791
2640712,885253,5808299,6693552,6.561174037252627
2640725,885253,5808345,6693598,6.5612259997989275
2641014,885266,5808529,6693795,6.561337496300547
2641121,885307,5808666,6693973,6.561188378720602
2641147,885322,5808721,6694043,6.561139336874041
2641637,885351,5809900,6695251,6.562256099558255
2641645,885351,5809920,6695271,6.562278689468923
2641922,885508,5810491,6695999,6.561760029271333
2641944,885508,5810567,6696075,6.5618458557122015
2642002,885508,5810664,6696172,6.561955397353835
2642013,885508,5810684,6696192,6.561977983259327
2642069,885508,5810728,6696236,6.562027672251408
2642097,885515,5810757,6696272,6.5620085486976505
2642279,885612,5810936,6696548,6.561491940036946
2642446,885664,5811263,6696927,6.561475909600029
2642452,885664,5811276,6696940,6.56149058785273
2642507,885697,5811366,6697063,6.561347729528269
2642554,885698,5811472,6697170,6.5614600010387285
2642639,885760,5811819,6697579,6.561392476517341
2642657,885767,5811846,6697613,6.561371105493882
2642693,885786,5811952,6697738,6.5613500326263905
2642710,885801,5811989,6697790,6.561280693970768
2642792,885839,5812098,6697937,6.561122280685316
2642840,885848,5812206,6698054,6.561177538358725
2642875,885862,5812266,6698128,6.561141577356293
2642891,885862,5812292,6698154,6.561170927300189
2642916,885878,5812347,6698225,6.561114510124419
2642926,885878,5812374,6698252,6.5611449883618285
2643117,885959,5812774,6698733,6.56099661496751
2643126,885966,5812780,6698746,6.560951548930771
2643166,885984,5812818,6698802,6.5608611442193085
2643299,886058,5812952,6699010,6.560464439122495
2643315,886064,5812998,6699062,6.5604719297928815
2643356,886094,5813090,6699184,6.560353641938666
2643431,886116,5813203,6699319,6.5603182878991015
2643468,886145,5813294,6699439,6.560206286781509
2643761,886306,5814163,6700469,6.559995080705761
2643800,886306,5814290,6700596,6.560138372074656
2643825,886315,5814314,6700629,6.56009883619255
2643935,886347,5814686,6701033,6.560281695543619
2643957,886347,5814773,6701120,6.56037985123208
2643971,886348,5814802,6701150,6.560405168173223
2644088,886386,5815103,6701489,6.560463500100408
2644104,886397,5815129,6701526,6.560411418359945
2644131,886406,5815183,6701589,6.560405728300576
2644178,886406,5815364,6701770,6.560609923669289
2644206,886419,5815446,6701865,6.560606214442606
2644252,886419,5815542,6701961,6.560714515370271
2644261,886420,5815559,6701979,6.560726292276799
2644328,886458,5815775,6702233,6.560688718472844
2644386,886458,5815841,6702299,6.560763172084859
2646108,886459,5833124,6719583,6.580252442583357
2646112,886461,5833135,6719596,6.580250005358386
2646242,886586,5833534,6720120,6.579772295073462
2646256,886587,5833576,6720163,6.579812246288294
2646303,886610,5833610,6720220,6.57967990435479
2646687,886699,5833949,6720648,6.57940180376881
2646827,886699,5834246,6720945,6.579736753960476
2646832,886699,5834258,6720957,6.579750287301553
2646872,886716,5834391,6721107,6.5797741328677954
2646978,886805,5834661,6721466,6.579418248656695
2646985,886808,5834667,6721475,6.579402756853795
2646999,886808,5834693,6721501,6.579432075488719
2647008,886808,5834713,6721521,6.5794546282848145
2647033,886817,5834785,6721602,6.579469044910055
2647271,886896,5834998,6721894,6.579123144089047
2648074,887120,5835970,6723090,6.578557579583371
2648132,887137,5836105,6723242,6.57858369113226
2649312,887137,5838292,6725429,6.581048924799664
2649491,887292,5838686,6725978,6.580343336804569
2649551,887329,5838858,6726187,6.580262788661252
2649608,887352,5838958,6726310,6.580204924314139
2649622,887352,5838991,6726343,6.58024211361444
2649646,887360,5839036,6726396,6.580233501622791
2649901,887552,5839489,6727041,6.579320422916066
2649945,887579,5839594,6727173,6.57923858045312
2649955,887587,5839613,6727200,6.579200686805913
2649991,887599,5839757,6727356,6.579273973945441
2650000,887599,5839775,6727374,6.579294253373426
2650304,887628,5840146,6727774,6.57949726687306
2650310,887628,5840160,6727788,6.57951303924617
2650316,887628,5840174,6727802,6.579528811619282
2650317,887628,5840179,6727807,6.579534444609679
2650356,887648,5840232,6727880,6.579445906485454
2651489,888592,5846759,6735351,6.57980152871059
2651533,888599,5846865,6735464,6.579868984772659
2652075,888669,5847914,6736583,6.58053110888306
2652092,888669,5847939,6736608,6.580559240842203
2652100,888675,5847957,6736632,6.580535066250317
2652122,888675,5848015,6736690,6.5806003319548765
2652190,888675,5848127,6736802,6.580726362280924
2652248,888703,5848235,6736938,6.580640551455323
2652698,888737,5848752,6737489,6.580970523338175
2653079,888752,5849380,6738132,6.581566061173421
2653117,888765,5849477,6738242,6.581578932563726
2653141,888771,5849500,6738271,6.581560379445324
2653169,888771,5849534,6738305,6.581598634518903
2653203,888771,5849568,6738339,6.581636889592482
2653205,888773,5849571,6738344,6.58162545441862
2653305,888773,5849632,6738405,6.5816940883667705
2653318,888779,5849661,6738440,6.581682285472541
2653389,888825,5849847,6738672,6.58155092397266
2653402,888833,5849878,6738711,6.581526563482679
2653427,888841,5849934,6738775,6.581530329946526
2653443,888852,5849950,6738802,6.581466880875556
2653469,888867,5849991,6738858,6.581401942022822
2653495,888877,5850018,6738895,6.581358275666937
2653523,888885,5850080,6738965,6.581368793488472
2653531,888886,5850086,6738972,6.581368139446453
2653538,888886,5850109,6738995,6.581394014530547
2653614,888907,5850260,6739167,6.581408403803772
2653864,888997,5851191,6740188,6.581789364868498
2653872,889000,5851205,6740205,6.581782902137233
2653913,889000,5851297,6740297,6.58188638920135
2653987,889008,5851393,6740401,6.581935145690477
2654040,889031,5851467,6740498,6.581848102034687
2654053,889040,5851509,6740549,6.5818287141186
2654064,889042,5851534,6740576,6.581842027710727
2654085,889047,5851553,6740600,6.581826382632189
2654093,889049,5851581,6740630,6.581843070516923
2654222,889070,5851708,6740778,6.581830452045396
2654326,889070,5851941,6741011,6.582092523648306
2654338,889070,5851975,6741045,6.582130765856457
2654499,889070,5852362,6741432,6.582566052166871
2654562,889070,5852590,6741660,6.582822499915642
2654588,889089,5852647,6741736,6.582745934321536
2654609,889097,5852692,6741789,6.582737316625745
2654633,889107,5852766,6741873,6.582746508575458
2654660,889114,5852851,6741965,6.582790283360739
2655141,889188,5853416,6742604,6.582877861599572
2655263,889244,5853631,6742875,6.582705084318815
2655265,889246,5853634,6742880,6.582693652824978
2655300,889264,5853670,6742934,6.582600892423398
2655329,889276,5853688,6742964,6.582532307180223
2655389,889276,5853902,6743178,6.582772952379239
2655440,889313,5854007,6743320,6.582617143795266
2655468,889338,5854117,6743455,6.582555788687766
2655564,889338,5854328,6743666,6.582793043814613
2655642,889338,5854425,6743763,6.58290211370705
2655651,889341,5854456,6743797,6.582914764977663
2655696,889349,5854499,6743848,6.582903899369089
2655721,889366,5854520,6743886,6.582801681197617
2655724,889366,5854529,6743895,6.582811800765939
2655726,889366,5854540,6743906,6.582824169127221
2655870,889420,5854689,6744109,6.582592026264307
2655934,889439,5854886,6744325,6.582672898310058
2656131,889459,5854942,6744401,6.582587842722374
2656373,889595,5855458,6745053,6.582161545422355
2656416,889609,5855544,6745153,6.582154631978768
2657457,889609,5858804,6748413,6.585819163250372
2657481,889618,5858873,6748491,6.585830097862228
2657518,889642,5858933,6748575,6.585719873836892
2657563,889663,5859065,6748728,6.585712792371943
2657783,889789,5859442,6749231,6.58520390789277
2657812,889813,5859475,6749288,6.585063378485143
2657934,889956,5859748,6749704,6.584312033403899
2657943,889966,5859790,6749756,6.5842852423575735
2657989,889981,5859885,6749866,6.584281012740721
2658034,889999,5859946,6749945,6.584216386759985
2658043,890002,5859965,6749967,6.584215541088672
2658055,890007,5859985,6749992,6.584201023138021
2658090,890013,5860015,6750028,6.584190343287121
2658097,890013,5860015,6750028,6.584190343287121
2658369,890013,5860669,6750682,6.584925164014458
2658526,890013,5861129,6751142,6.585442010397601
2658561,890026,5861204,6751230,6.58543008855921
2658620,890043,5861295,6751338,6.585406547773535
2658743,890075,5861525,6751600,6.585428194253293
2658758,890089,5861556,6751645,6.585359441583932
2658778,890101,5861610,6751711,6.585331327568444
2658785,890104,5861614,6751718,6.585313626272885
2658850,890104,5861742,6751846,6.585457429693609
2659029,890104,5862103,6752207,6.585863000278619
2659058,890112,5862167,6752279,6.585875710023008
2659080,890112,5862266,6752378,6.585986931981593
2659146,890140,5862376,6752516,6.585903341047476
2659167,890140,5862427,6752567,6.585960635405667
2659229,890172,5862571,6752743,6.585885649065574
2659557,890486,5863803,6754289,6.584946871708258
2659588,890486,5863856,6754342,6.585006389769182
2661421,890486,5866346,6756832,6.587802615650331
2661467,890486,5866401,6756887,6.587864379675818
2661532,890527,5866542,6757069,6.5877194065985645
2661535,890528,5866551,6757079,6.587722115419167
2661562,890539,5866581,6757120,6.587674430878378
2661641,890593,5866780,6757373,6.587498442049286
2661651,890593,5866792,6757385,6.587511916217621
2661705,890593,5867041,6757634,6.587791505210573
2661737,890617,5867107,6757724,6.5876880859
2661798,890621,5867216,6757837,6.587780885472047
2662125,890863,5868032,6758895,6.586907302245127
2662127,890865,5868032,6758897,6.586892514578528
2662160,890865,5868032,6758897,6.586892514578528
2662173,890865,5868053,6758918,6.586916087173702
2662226,890865,5868139,6759004,6.5870126225634635
2662252,890877,5868216,6759093,6.587010328025081
2662381,890877,5868692,6759569,6.587544632985249
2662383,890877,5868703,6759580,6.587556980368783
2662493,890964,5868930,6759894,6.587168505124787
2662846,891064,5869566,6760630,6.587143011051956
2662897,891105,5869665,6760770,6.586951032706583
2663034,891113,5869713,6760826,6.586945763331923
2663368,891127,5870584,6761711,6.587819693489256
2663547,891165,5871115,6762280,6.588134632755999
2663570,891179,5871169,6762348,6.588091730168687
2663606,891201,5871232,6762433,6.587999789048711
2663626,891201,5871253,6762454,6.5880233527565615
2663641,891201,5871263,6762464,6.588034573569823
2663695,891201,5871351,6762552,6.5881333167265295
2663755,891201,5871555,6762756,6.588362221317077
2663828,891225,5871645,6762870,6.588285786417571
2663868,891245,5871678,6762923,6.588174968723528
2664197,891361,5872283,6763644,6.587996333696449
2664225,891375,5872337,6763712,6.587953442714907
2664252,891375,5872391,6763766,6.588014023278642
2664279,891401,5872427,6763828,6.587862252790831
2664292,891401,5872450,6763851,6.587888054870928
2664299,891402,5872451,6763853,6.58788178621991
2664313,891402,5872497,6763899,6.5879333903222115
2664395,891424,5872584,6764008,6.587868399325124
2664416,891424,5872659,6764083,6.587952534371971
2664648,891424,5873701,6765125,6.589121450622824
2666071,891424,5876873,6768297,6.592679802204114
2666112,891445,5876979,6768424,6.592643404809046
2666123,891466,5877009,6768475,6.592521756298053
2666150,891478,5877053,6768531,6.592482371971041
2667036,891611,5878408,6770019,6.593018704345281
2667131,891611,5878772,6770383,6.593426954131342
2667134,891612,5878776,6770388,6.593424045436804
2667142,891612,5878785,6770397,6.5934341395136
2667259,891665,5879070,6770735,6.593361856751134
2667280,891677,5879122,6770799,6.59333144176647
2667332,891718,5879258,6770976,6.593180803796716
2667356,891730,5879341,6771071,6.593185156942123
2667391,891737,5879351,6771088,6.593144615508833
2667521,891783,5879607,6771390,6.593091592909935
2667533,891790,5879633,6771423,6.593068996064096
2667673,891790,5879998,6771788,6.593478285246527
2667714,891790,5880055,6771845,6.5935422016394
2667854,891845,5880341,6772186,6.593456262018624
2667900,891864,5880433,6772297,6.593418951768431
2667930,891864,5880578,6772442,6.5935815326103535
2667998,891889,5880785,6772674,6.593628803584303
2668013,891893,5880831,6772724,6.59365080788839
2668022,891893,5880871,6772764,6.593695656317518
2668039,891904,5880904,6772808,6.59365133467279
2668069,891917,5880962,6772879,6.593620258387271
2668151,891949,5881184,6773133,6.593632595585622
2668157,891949,5881198,6773147,6.593648291550302
2668158,891949,5881200,6773149,6.59365053383097
2668159,891949,5881202,6773151,6.593652776111639
2668161,891951,5881205,6773156,6.5936413547380965
2668202,891951,5881327,6773278,6.5937781335521795
2668231,891959,5881374,6773333,6.593771686815201
2668307,891981,5881489,6773470,6.593737983208163
2668428,891981,5881703,6773684,6.59397789863237
2669130,891981,5881703,6773684,6.59397789863237
2669134,891986,5881709,6773695,6.593947662855695
2669277,891986,5882282,6774268,6.594590049619613
2669292,891986,5882318,6774304,6.594630408997451
2669305,891991,5882346,6774337,6.594624833658636
2669379,892013,5882461,6774474,6.594591110219246
2669630,892144,5882889,6775033,6.594102521566025
2669653,892144,5882918,6775062,6.594135027529188
2669666,892146,5882936,6775082,6.594140420962488
2669686,892146,5882957,6775103,6.59416395971063
2669699,892150,5882964,6775114,6.594142240654598
2669713,892150,5883004,6775154,6.594187076164322
2669807,892202,5883248,6775450,6.594076229374066
2669880,892202,5883499,6775701,6.594357555800144
2669922,892236,5883611,6775847,6.594231795175268
2669977,892261,5883668,6775929,6.594110915976379
2670023,892279,5883737,6776016,6.5940552226377624
2670037,892290,5883760,6776050,6.593999708614912
2670050,892290,5883803,6776093,6.594047899225588
2670055,892290,5883816,6776106,6.5940624684799785
2670057,892290,5883818,6776108,6.594064709903731
2670108,892342,5883955,6776297,6.593833978452208
2670548,892467,5885020,6777487,6.594103759578785
2670590,892477,5885088,6777565,6.594106066598915
2670599,892477,5885117,6777594,6.59413856043349
2670666,892477,5885239,6777716,6.5942752586341165
2670682,892477,5885265,6777742,6.594304391037528
2670752,892502,5885330,6777832,6.594192506011191
2670905,892568,5885619,6778187,6.594028690251051
2670950,892568,5885722,6778290,6.594144087621335
2671611,892568,5885722,6778290,6.594144087621335
2671632,892568,5885803,6778371,6.594234837009617
2671869,892624,5885971,6778595,6.594009347720877
2672245,892658,5886570,6779228,6.594429221493562
2672690,892658,5887229,6779887,6.595167466151651
2672733,892658,5887268,6779926,6.595211155896211
2672802,892714,5887424,6780138,6.59497218594085
2672846,892733,5887501,6780234,6.594918077409483
2672863,892739,5887543,6780282,6.594920799920246
2672876,892749,5887582,6780331,6.5948906131510645
2672893,892749,5887620,6780369,6.594933178306556
2672937,892758,5887711,6780469,6.594968625316155
2672973,892758,5887762,6780520,6.595025751659464
2672987,892758,5887776,6780534,6.595041433400765
2673012,892768,5887847,6780615,6.595047089501416
2674548,893974,5898586,6792560,6.598162810104097
2674603,893997,5898671,6792668,6.598088136761086
2674634,894019,5898727,6792746,6.5979884096423005
2674700,894057,5898891,6792948,6.5978914096081125
2674725,894057,5898959,6793016,6.597967467398611
2674855,894072,5899315,6793387,6.598254950384309
2676141,894342,5902445,6796787,6.599762730588522
2676163,894356,5902508,6796864,6.599729861486924
2676172,894356,5902539,6796895,6.599764523299447
2676326,894426,5902881,6797307,6.599630377471138
2676377,894442,5902996,6797438,6.599640893428528
2676400,894451,5903042,6797493,6.5996259157852135
2676500,894467,5903551,6798018,6.600076917315004
2676632,894507,5903800,6798307,6.600060144861918
2676640,894507,5903825,6798332,6.6000880932178285
2676744,894512,5904203,6798715,6.600473777881124
2676753,894512,5904225,6798737,6.60049837229685
2676799,894519,5904254,6798773,6.600479140185954
2676866,894519,5904453,6798972,6.600701606114571
2676883,894528,5904480,6799008,6.60066537883666
2676911,894538,5904517,6799055,6.600632952429075
2677045,894627,5905027,6799654,6.600546372957669
2677084,894644,5905099,6799743,6.600501428501169
2677124,894648,5905113,6799761,6.600487566059501
2677261,894648,5905475,6800123,6.600892194472016
2677274,894648,5905502,6800150,6.600922373939247
2677742,894786,5906266,6801052,6.600758170109948
2677771,894810,5906341,6801151,6.600664945630916
2679707,895580,5909755,6805335,6.598801893744835
2679794,895580,5909920,6805500,6.598986131892182
2679803,895587,5909943,6805530,6.598960235019043
2679807,895591,5909954,6805545,6.598943044313755
2679840,895606,5910107,6805713,6.599003356386626
2680919,895963,5912692,6808655,6.5992591211913885
2680951,895971,5912722,6808693,6.599233680554393
2680989,895980,5912840,6808820,6.599299091497578
2681037,895980,5912983,6808963,6.5994586932744035
2681059,895989,5913002,6808991,6.59941360887243
2681066,895989,5913020,6809009,6.59943369840478
2681092,895989,5913105,6809094,6.599528565640873
2681110,895998,5913136,6809134,6.599496873876951
2681129,896006,5913179,6809185,6.59948594094236
2681202,896056,5913254,6809310,6.599201389198889
2681260,896068,5913314,6809382,6.599179972948481
2681363,896124,5913528,6809652,6.599006387508871
2681402,896146,5913608,6809754,6.5989336558998195
2681430,896148,5913682,6809830,6.599001504215821
2681517,896163,5913755,6809918,6.598972508349486
2681552,896163,5913911,6810074,6.599146583824594
2681682,896163,5914297,6810460,6.599577309038646
2681704,896169,5914317,6810486,6.59955544099383
2681714,896169,5914342,6810511,6.599583337517812
2681735,896184,5914370,6810554,6.599504119689707
2681744,896184,5914381,6810565,6.599516393954813
2681802,896210,5914553,6810763,6.5995168543087
2681884,896260,5914688,6810948,6.599299310467945
2681890,896260,5914702,6810962,6.599314930935219
2682072,896319,5915049,6811368,6.599267671442868
2682110,896339,5915209,6811548,6.599298925964395
2682133,896346,5915244,6811590,6.599286436264568
2682161,896359,5915327,6811686,6.599283322865057
2682230,896381,5915390,6811771,6.599191638376984
2682289,896381,5915535,6811916,6.599353399949352
2682415,896431,5915778,6812209,6.599256384484695
2682423,896437,5915797,6812234,6.59923340959822
2682459,896460,5915879,6812339,6.599155567454209
2682508,896501,5915968,6812469,6.5989530407662675
2682564,896535,5916089,6812624,6.598837747550291
2682614,896551,5916174,6812725,6.598814791350408
2682660,896567,5916231,6812798,6.598760605732756
2682681,896572,5916239,6812811,6.5987327286598285
2682712,896586,5916278,6812864,6.5986731891865364
2682740,896586,5916298,6812884,6.5986954960260364
2683343,896674,5916741,6813415,6.5985419450101155
2683397,896674,5916860,6813534,6.598674657679379
2683428,896674,5916909,6813583,6.598729304072606
2683799,896851,5917573,6814424,6.598167365593616
2683834,896853,5917606,6814459,6.598189446877025
2683840,896853,5917620,6814473,6.598205057016033
2683846,896853,5917636,6814489,6.5982228971748995
2683994,896899,5917822,6814721,6.598091869876095
2684068,896918,5917859,6814777,6.597993350562705
2684094,896923,5917916,6814839,6.59802011989881
2684416,897082,5918488,6815570,6.597488300957995
2684554,897173,5918736,6815909,6.597095543445913
2684593,897173,5918853,6816026,6.5972259530770545
2684657,897173,5918853,6816026,6.5972259530770545
2684686,897180,5918864,6816044,6.597186740676341
2684712,897191,5918935,6816126,6.597184991824483
2684733,897203,5918994,6816197,6.5971625150606945
2684747,897209,5919012,6816221,6.597138459377915
2684810,897245,5919104,6816349,6.596976299672887
2684812,897245,5919108,6816353,6.596980757764045
2684817,897245,5919124,6816369,6.596998590128671
2684898,897282,5919278,6816560,6.596898188083568
2684909,897297,5919304,6816601,6.596816884487522
2684944,897309,5919401,6816710,6.596836764147022
2684967,897309,5919476,6816785,6.596920347394264
2684982,897309,5919519,6816828,6.596968268456017
2684993,897309,5919541,6816850,6.596992786208541
2685028,897330,5919595,6816925,6.596898576889216
2685097,897390,5919839,6817229,6.596729404160956
2685640,897528,5920329,6817857,6.5962610637216885
2685673,897558,5920434,6817992,6.596157574218045
2685689,897558,5920460,6818018,6.596186541705383
2685711,897567,5920496,6818063,6.596160509466146
2685772,897589,5920641,6818230,6.5961603807533296
2685974,897686,5920900,6818586,6.595736148274564
2686003,897697,5920945,6818642,6.595705455181426
2686077,897739,5921080,6818819,6.595547258167463
2686111,897739,5921187,6818926,6.595666446483889
2686150,897743,5921260,6819003,6.595718373743933
2686478,897793,5921504,6819297,6.5956228217417605
2686764,897907,5921984,6819891,6.595320005301217
2686805,897917,5922020,6819937,6.595286646761338
2686822,897917,5922062,6819979,6.595333421685969
2686834,897926,5922076,6820002,6.595282907500173
2686897,897962,5922176,6820138,6.595129860729073
2687538,897965,5923143,6821108,6.596184706530878
2687740,897966,5923616,6821582,6.596704106837008
2687912,897966,5923996,6821962,6.597127285442879
2687934,897966,5924046,6822012,6.597182966838388
2688095,898047,5924611,6822658,6.597217072157694
2688190,898047,5924714,6822761,6.597331765486661
2688284,898118,5924845,6822963,6.59695607926798
2688291,898118,5924861,6822979,6.5969738942989675
2688310,898124,5924935,6823059,6.597012216575885
2688510,898215,5925275,6823490,6.596722388292335
2688510,898215,5925275,6823490,6.596722388292335
2688590,898215,5925369,6823584,6.5968270402965885
2688610,898226,5925450,6823676,6.596836430920503
2688621,898226,5925460,6823686,6.596847563976104
2688637,898226,5925475,6823701,6.596864263559505
2688639,898226,5925477,6823703,6.596866490170625
2688707,898277,5925566,6823843,6.596591029270481
2688718,898277,5925596,6823873,6.596624426541034
2688721,898277,5925602,6823879,6.596631105995144
2688760,898292,5925644,6823936,6.596567708495678
2688788,898305,5925698,6824003,6.59653235816343
2688821,898326,5925740,6824066,6.596424905880493
2688908,898344,5925881,6824225,6.59644968965118
2689050,898381,5926233,6824614,6.596569829504409
2689070,898387,5926248,6824635,6.596542470004575
2689116,898408,5926292,6824700,6.596437253452774
2689126,898416,5926314,6824730,6.596403002617941
2689148,898429,5926346,6824775,6.596343172359752
2689156,898429,5926366,6824795,6.596365433439927
2689165,898429,5926384,6824813,6.596385468412084
2689217,898429,5926509,6824938,6.596524600163174
2689461,898553,5926762,6825315,6.595895845876648
2690053,898823,5928220,6827043,6.5955366073186825
2690107,898856,5928290,6827146,6.5953723399521165
2690109,898857,5928292,6827149,6.595367227490024
2690180,898893,5928454,6827347,6.595283309581897
2690268,898944,5928665,6827609,6.595143857681903
2690423,898944,5928891,6827835,6.595395263776164
2690465,898967,5928978,6827945,6.595323298853017
2690523,898987,5929102,6828089,6.595314503991715
2690557,899004,5929162,6828166,6.595256528335803
2690590,899059,5929354,6828413,6.59506661965455
2690718,899100,5929572,6828672,6.595008341675008
2690742,899100,5929643,6828743,6.595087309531754
2690761,899107,5929661,6828768,6.595055983325677
2690783,899114,5929683,6828797,6.595029106431443
2690835,899120,5929844,6828964,6.5951641605125015
2690875,899134,5929917,6829051,6.595142659492356
2691008,899134,5930379,6829513,6.595656487242168
2691105,899183,5930534,6829717,6.595469442816423
2691341,899341,5931066,6830407,6.594902267326853
2691353,899343,5931086,6830429,6.594909839738564
2691392,899384,5931167,6830551,6.594699260827411
2691619,899384,5931204,6830588,6.594740400096065
2691719,899405,5931384,6830789,6.594786553332481
2691730,899408,5931396,6830804,6.594777898350915
2691738,899408,5931418,6830826,6.594802358884955
2691873,899445,5931501,6830946,6.594623351066491
2691925,899474,5931639,6831113,6.594564156384732
2692037,899533,5931959,6831492,6.594487361775499
2692181,899559,5932262,6831821,6.594633592682637
2692233,899622,5932366,6831988,6.594287378476738
2692251,899623,5932431,6832054,6.59435230090827
2692415,899631,5932825,6832456,6.5947316177410515
2692434,899632,5932843,6832475,6.594744295445249
2692468,899632,5932912,6832544,6.5948209934728865
2692504,899652,5933016,6832668,6.594789985461045
2692534,899666,5933064,6832730,6.594740714887525
2692563,899666,5933151,6832817,6.594837417441584
2692583,899671,5933206,6832877,6.5948618995166015
2692651,899707,5933293,6833000,6.5946947172801815
2692713,899711,5933436,6833147,6.594824338037436
2693557,900148,5934794,6834942,6.593131351733271
2693673,900175,5935005,6835180,6.593167995112061
2693730,900175,5935170,6835345,6.593351292804177
2693800,900190,5935319,6835509,6.593406947422211
2693953,900286,5935710,6835996,6.5931381805337415
2694035,900344,5935889,6836233,6.592912264645514
2694096,900351,5936006,6836357,6.59299095574948
2694158,900352,5936181,6836533,6.59317800149275
2694167,900352,5936203,6836555,6.593202436380438
2694181,900361,5936241,6836602,6.593178736084748
2694215,900368,5936313,6836681,6.593207444067315
2694244,900375,5936362,6836737,6.593210606691656
2694269,900375,5936389,6836764,6.593240594196862
2695554,900375,5936389,6836764,6.593240594196862
2695804,900486,5937114,6837600,6.593232987520072
2695857,900510,5937172,6837682,6.593121675494997
2695858,900510,5937174,6837684,6.593123896458674
2695884,900519,5937256,6837775,6.593149061818796
2695938,900553,5937337,6837890,6.592990084981117
2703598,900565,6000210,6900775,6.662717294143121
2703623,900572,6000260,6900832,6.6627210261922425
2703772,900623,6000657,6901280,6.662784539146791
2703821,900623,6000849,6901472,6.662997724908203
2703844,900631,6000872,6901503,6.662964077407951
2703877,900635,6000902,6901537,6.662967794944678
2703899,900648,6000944,6901592,6.662918254412379
2703929,900657,6000977,6901634,6.662888313753182
2704102,900752,6001310,6902062,6.662555287137858
2704107,900752,6001322,6902074,6.662568609339751
2704129,900752,6001375,6902127,6.662627449064781
2704136,900752,6001377,6902129,6.662629669431763
2704137,900752,6001379,6902131,6.662631889798746
2704146,900754,6001395,6902149,6.662634859240148
2705898,901008,6004703,6905711,6.664428062791895
2705937,901038,6004778,6905816,6.664289408437824
2706076,901123,6004955,6906078,6.663857209282195
2706130,901135,6005075,6906210,6.663901635160103
2706155,901136,6005124,6906260,6.6639486159691765
2706220,901157,6005218,6906375,6.6638976338196345
2706270,901157,6005406,6906563,6.664106254515029
2706413,901245,6005726,6906971,6.663810617534633
2706499,901290,6005889,6907179,6.663658755783377
2706565,901293,6006058,6907351,6.663824083843989
2706599,901302,6006137,6907439,6.663845192843242
2706647,901316,6006254,6907570,6.663871494570162
2707712,901321,6007578,6908899,6.665303482333154
2708278,901326,6008248,6909574,6.66600985658907
2708450,901326,6008248,6909574,6.66600985658907
2708470,901326,6008324,6909650,6.666094176801734
2709481,901893,6010178,6912071,6.663959028399156
2709488,901893,6010201,6912094,6.66398453031568
2709499,901910,6010225,6912135,6.663885531815813
2709546,901952,6010360,6912312,6.663724898885972
2709564,901952,6010360,6912312,6.663724898885972
2709671,901971,6010482,6912453,6.6637197869998035
2709833,902042,6010738,6912780,6.663479084122469
2709918,902058,6010784,6912842,6.663411887040523
2710325,902255,6011677,6913932,6.662946727920599
2710339,902261,6011708,6913969,6.662936777717312
2710363,902277,6011766,6914043,6.662882906247194
2710376,902289,6011785,6914074,6.66281535073574
2710502,902352,6011989,6914341,6.662576245190347
2710589,902420,6012122,6914542,6.662221581968485
2710630,902448,6012202,6914650,6.662103522862259
2710898,902626,6012605,6915231,6.661236215220922
2710971,902626,6012727,6915353,6.661371376406175
2710989,902647,6012761,6915408,6.661254067204566
2711002,902647,6012794,6915441,6.661290626346734
2711149,902710,6013164,6915874,6.661235612766005
2711212,902710,6013232,6915942,6.661310941498377
2711322,902766,6013517,6916283,6.661213426292084
2711439,902798,6013767,6916565,6.661254234059003
2712184,903115,6014945,6918060,6.6602204591884755
2712219,903134,6015012,6918146,6.660154528563868
2712242,903148,6015061,6918209,6.660105541948828
2712302,903167,6015247,6918414,6.660171374729147
2712350,903204,6015318,6918522,6.659977148019716
2712353,903204,6015327,6918531,6.659987112546003
2712358,903204,6015339,6918543,6.660000398581052
2712421,903245,6015484,6918729,6.659858620861449
2712455,903254,6015550,6918804,6.659865331346443
2712469,903270,6015579,6918849,6.659779467933176
2712564,903307,6015773,6919080,6.659721445754323
2712723,903307,6016204,6919511,6.660198581434662
2712828,903357,6016572,6919929,6.660237314815737
2712990,903357,6017074,6920431,6.660793019813872
2713029,903368,6017137,6920505,6.660781652659824
2713040,903373,6017145,6920518,6.66075364218324
2713081,903384,6017203,6920587,6.660736740965082
2713216,903438,6017435,6920873,6.660595414405859
2713226,903446,6017458,6920904,6.660561893018509
2713296,903477,6017631,6921108,6.660524839038515
2713539,903477,6018045,6921522,6.660983068744417
2713568,903510,6018124,6921634,6.660827218293101
2713974,903643,6019909,6923552,6.6618222019093825
2713986,903653,6019944,6923597,6.661787212569426
2713993,903653,6019963,6923616,6.661808238339274
2714029,903674,6020000,6923674,6.661694372085509
2714187,903784,6020316,6924100,6.661233215015978
2714212,903795,6020381,6924176,6.661224060765992
2714229,903808,6020441,6924249,6.661194634258604
2714249,903824,6020472,6924296,6.661111012763547
2714255,903824,6020491,6924315,6.661132034555401
2714282,903835,6020528,6924363,6.661091902836247
2714475,903954,6020841,6924795,6.6605612674981245
2714622,903995,6020951,6924946,6.660380864938412
2714648,903995,6021031,6925026,6.660469361003103
2714788,904125,6021325,6925450,6.659836858841421
2714839,904152,6021484,6925636,6.659813836611543
2714869,904161,6021517,6925678,6.659784042886168
2714875,904161,6021531,6925692,6.659799526854178
2714890,904173,6021568,6925741,6.659752060722893
2714921,904182,6021594,6925776,6.659714526500196
2715041,904246,6021721,6925967,6.659383619059415
2715053,904249,6021748,6925997,6.659391384452734
2715617,904480,6022683,6927163,6.658724349902706
2717039,905362,6025256,6930618,6.6550794047022075
2717050,905368,6025278,6930646,6.655059600074224
2717077,905406,6025425,6930831,6.654942644515279
2717145,905462,6025639,6931101,6.654767400509353
2717155,905462,6025664,6931126,6.654795010723808
2717161,905469,6025672,6931141,6.654752399032987
2717181,905471,6025691,6931162,6.654758683602235
2717279,905472,6025980,6931452,6.6550705046649705
2717288,905472,6026003,6931475,6.655095905781736
2717317,905492,6026069,6931561,6.6550218003030395
2717386,905546,6026310,6931856,6.654891082286267
2717587,905783,6027110,6932893,6.654033029986211
2718063,905848,6027573,6933421,6.654066686684742
2718072,905854,6027591,6933445,6.654042483667346
2718112,905855,6027749,6933604,6.654209558924993
2718118,905855,6027763,6933618,6.6542250139371095
2718178,905882,6027863,6933745,6.654137073040418
2718196,905892,6027935,6933827,6.654143098735831
2720281,905948,6035964,6941912,6.6625943210868614
2720313,905952,6035981,6941933,6.66258366889195
2720352,905979,6036049,6942028,6.662460167399024
2720418,905979,6036116,6942095,6.662534120548048
2720512,906042,6036345,6942387,6.662323600892674
2720535,906056,6036370,6942426,6.662248249556319
2720568,906056,6036370,6942426,6.662248249556319
2720752,906056,6037054,6943110,6.663003169782
2720772,906068,6037100,6943168,6.662965693524106
2720963,906173,6037612,6943785,6.662758656459639
2721068,906231,6037790,6944021,6.662528648876501
2721118,906281,6037870,6944151,6.662249346505113
2721124,906281,6037888,6944169,6.662269207894681
2721147,906298,6037941,6944239,6.662202719193908
2721171,906320,6038008,6944328,6.662114926295348
2721226,906335,6038041,6944376,6.6620410775265215
2721258,906335,6038041,6944376,6.6620410775265215
2721556,906465,6038658,6945123,6.6617663119921895
2721565,906467,6038674,6945141,6.661769264628497
2721603,906479,6038725,6945204,6.6617373375444995
2721671,906479,6039041,6945520,6.662085939111662
2721701,906490,6039068,6945558,6.662034881796821
2721769,906496,6039140,6945636,6.662070213216605
2721795,906507,6039156,6945663,6.662007022560223
2721825,906507,6039235,6945742,6.66209417026013
2721960,906507,6039899,6946406,6.662826652193529
2722389,906595,6040600,6947195,6.662953137839939
2722423,906595,6040799,6947394,6.66317264048445
2722452,906595,6040837,6947432,6.663214555562297
2722900,906645,6041498,6948143,6.663576151635977
2722925,906653,6041526,6948179,6.663548237307989
2722973,906691,6041632,6948323,6.663385872364455
2723043,906691,6041769,6948460,6.663536971250404
2723180,906802,6041999,6948801,6.662974938299651
2723946,906942,6044342,6951284,6.664529815578064
2723954,906942,6044367,6951309,6.664557380736585
2723957,906943,6044370,6951313,6.664553340176836
2723998,906968,6044521,6951489,6.664536124758536
2724124,906973,6044612,6951585,6.664599717962938
2724257,907063,6044896,6951959,6.6642515459234914
2724276,907076,6045002,6952078,6.664272894443244
2724408,907142,6045266,6952408,6.664079052673121
2724444,907156,6045328,6952484,6.664044552425382
2724480,907184,6045469,6952653,6.663994294432
2724502,907186,6045476,6952662,6.6639873190282914
2724566,907186,6045651,6952837,6.664180223239777
2724574,907186,6045669,6952855,6.664200064815815
2724650,907193,6045780,6952973,6.664270998563701
2724701,907193,6045904,6953097,6.6644076839217234
2724968,907193,6046693,6953886,6.665277399627202
2725002,907212,6046736,6953948,6.665185204781242
2725072,907223,6046919,6954142,6.665306104452819
2725078,907223,6046937,6954160,6.665325945219643
2725604,907223,6046937,6954160,6.665325945219643
2725614,907223,6046953,6954176,6.66534358145682
2725622,907223,6046982,6954205,6.665375547136702
2726047,907243,6048285,6955528,6.666664829599126
2726220,907296,6048896,6956192,6.666948823757627
2727247,907723,6050548,6958271,6.665632577339122
2727253,907725,6050558,6958283,6.665628907433419
2727281,907725,6050637,6958362,6.665715938197141
2727310,907744,6050736,6958480,6.665685479606585
2727358,907766,6050813,6958579,6.665608758204207
2727422,907783,6050958,6958741,6.665643661535851
2727427,907783,6050968,6958751,6.665654677384353
2727434,907783,6050985,6958768,6.665673404326805
2727532,907812,6051182,6958994,6.665677475071931
2727533,907812,6051187,6958999,6.665682982820232
2727538,907812,6051199,6959011,6.665696201416152
2727607,907846,6051348,6959194,6.665610687275154
2727658,907866,6051504,6959370,6.6656356775118795
2727663,907868,6051516,6959384,6.665634211140826
2727682,907868,6051531,6959399,6.665650733366524
2727685,907868,6051536,6959404,6.665656240775091
2727845,907868,6051952,6959820,6.666114457167782
2727884,907890,6052013,6959903,6.666020112568703
2728150,908086,6052755,6960841,6.665398431426098
2728178,908097,6052822,6960919,6.665391472496881
2728186,908097,6052847,6960944,6.665419002595538
2728379,908097,6053441,6961538,6.666073117739625
2728395,908097,6053482,6961579,6.666118267101422
2728419,908110,6053514,6961624,6.666058076664721
2728441,908119,6053672,6961791,6.666165998068535
2728478,908121,6053759,6961880,6.666247119051316
2728486,908121,6053759,6961880,6.666247119051316
2728498,908126,6053792,6961918,6.6662467543050195
2728893,908127,6054316,6962443,6.666816425455911
2728909,908138,6054354,6962492,6.666777516192473
2728909,908138,6054397,6962535,6.666824865824357
2728990,908138,6054441,6962579,6.666873316610471
2729027,908149,6054550,6962699,6.666912588132564
2729037,908156,6054572,6962728,6.66688542497104
2729048,908165,6054589,6962754,6.666838074578958
2729090,908174,6054650,6962824,6.666839173990887
2729113,908184,6054706,6962890,6.666827427041216
2729217,908184,6055079,6963263,6.667238136765237
2729266,908196,6055208,6963404,6.667292082325842
2729284,908208,6055239,6963447,6.66723812166376
2729344,908257,6055394,6963651,6.6670490841248675
2729421,908273,6055553,6963826,6.667106695894296
2729460,908273,6055694,6963967,6.667261935563427
2729819,908281,6056745,6965026,6.668360342228891
2729850,908281,6056852,6965133,6.6684781471813235
2729997,908310,6057145,6965455,6.668587816934747
2730056,908310,6057250,6965560,6.668703416234545
2730121,908335,6057373,6965708,6.668655286871033
2730128,908335,6057397,6965732,6.668681708840901
2730161,908340,6057426,6965766,6.668676927141819
2730315,908340,6057814,6966154,6.669104079970055
2730322,908350,6057826,6966176,6.669043870754665
2730325,908351,6057829,6966180,6.669039831518873
2730398,908389,6058039,6966428,6.668992028745395
2730447,908389,6058039,6966428,6.668992028745395
2730454,908389,6058063,6966452,6.669018449144585
2730461,908389,6058077,6966466,6.669033861044112
2730487,908412,6058148,6966560,6.668943166756934
2730518,908435,6058184,6966619,6.668813949264394
2730539,908447,6058202,6966649,6.668745672559874
2730544,908451,6058206,6966657,6.668720712509535
2730633,908495,6058375,6966870,6.6685837566524855
2730735,908533,6058530,6967063,6.668475443379602
2730790,908550,6058658,6967208,6.668491552473722
2730806,908559,6058680,6967239,6.6684497099252775
2730809,908559,6058684,6967243,6.668454112501225
2730847,908559,6058790,6967349,6.668570780763825
2730873,908565,6058827,6967392,6.668567466279242
2731089,908720,6059376,6968096,6.668034157936438
2731436,909003,6060428,6969431,6.667115510069824
2731631,909067,6060651,6969718,6.666891439244852
2731661,909067,6060748,6969815,6.666998142051136
2731681,909074,6060757,6969831,6.66695670539472
2731752,909113,6060926,6970039,6.666856595384732
2731886,909198,6061118,6970316,6.666444492838743
2731908,909209,6061157,6970366,6.6664067337652835
2731943,909230,6061254,6970484,6.666359447004608
2732012,909230,6061254,6970484,6.666359447004608
2732056,909230,6061431,6970661,6.666554117220065
2732442,909371,6061845,6971216,6.665975712882861
2732694,909371,6061845,6971216,6.665975712882861
2732724,909385,6061887,6971272,6.665919275114501
2732737,909401,6061940,6971341,6.665860275060177
2732807,909433,6062139,6971572,6.665844542698583
2732820,909445,6062177,6971622,6.6657983715342874
2732875,909461,6062266,6971727,6.66577896138482
2732909,909483,6062340,6971823,6.665699083985078
2732967,909526,6062420,6971946,6.665471905146197
2733037,909560,6062610,6972170,6.665431637275166
2733205,909569,6062954,6972523,6.665743885290726
2733218,909574,6062976,6972550,6.665731430317929
2733248,909587,6063025,6972612,6.66569003294902
2733258,909587,6063045,6972632,6.665712020950168
2733366,909645,6063281,6972926,6.665546449439067
2733399,909672,6063466,6973138,6.665551979174912
2733414,909672,6063522,6973194,6.665613539825344
2733444,909687,6063582,6973269,6.665569586022445
2733571,909687,6063798,6973485,6.665807030330212
2733683,909754,6064112,6973866,6.66566126667209
2733692,909754,6064132,6973886,6.665683250636985
2733712,909754,6064190,6973944,6.665747004135183
2733726,909760,6064246,6974006,6.66576459725642
2733752,909769,6064327,6974096,6.665787688962802
2733804,909769,6064491,6974260,6.665967954502737
2733844,909779,6064514,6974293,6.6659199651783565
2733870,909792,6064581,6974373,6.665898359185396
2733878,909800,6064597,6974397,6.6658573312816
2733916,909800,6064833,6974633,6.666116728951418
2733966,909800,6064940,6974740,6.666234337216971
2733987,909812,6064964,6974776,6.666172791741591
2734228,910013,6066750,6976763,6.666663003715332
2734235,910013,6066770,6976783,6.666684981423343
2734279,910013,6066866,6976879,6.666790474421794
2734286,910013,6066886,6976899,6.666812452129805
2734293,910013,6066902,6976915,6.666830034296213
2734315,910019,6066952,6976971,6.666841022000639
2734351,910031,6067024,6977055,6.666832228792206
2734395,910047,6067076,6977123,6.666772155723825
2734441,910050,6067177,6977227,6.666861161474644
2734492,910068,6067307,6977375,6.666872145817675
2734499,910068,6067327,6977395,6.666894122197462
2734510,910071,6067349,6977420,6.666896319078401
2734536,910077,6067368,6977445,6.666873242593758
2734837,910077,6067967,6978044,6.667531428659333
2734844,910077,6067984,6978061,6.667550108397421
2734881,910084,6068030,6978114,6.667549369069229
2734900,910084,6068119,6978203,6.667647162239969
2735006,910182,6068309,6978491,6.667138000971234
2735093,910221,6068482,6978703,6.667042399593066
2735116,910236,6068522,6978758,6.666976476430288
2735122,910236,6068536,6978772,6.666991857056852
2735142,910236,6068591,6978827,6.667052280946919
2735151,910238,6068614,6978852,6.667062900032739
2735160,910240,6068630,6978870,6.667065828792406
2735166,910240,6068644,6978884,6.66708120935138
2735210,910276,6068730,6979006,6.666912013499203
2735308,910315,6068859,6979174,6.666768096757716
2735320,910315,6068899,6979214,6.6668120375913835
2735352,910333,6068985,6979318,6.666774685746864
2735361,910338,6069009,6979347,6.666764432551426
2735386,910351,6069064,6979415,6.666729646037627
2735472,910448,6069426,6979874,6.6664169727430895
2735818,910448,6069756,6980204,6.666779431664412
2735836,910459,6069791,6980250,6.666737326996603
2735860,910459,6069816,6980275,6.666764785674039
2735889,910472,6069846,6980318,6.666702545492887
2736050,910472,6070233,6980705,6.667127599750459
2736100,910484,6070329,6980813,6.667145166746478
2736120,910484,6070358,6980842,6.667177017937712
2736153,910490,6070481,6980971,6.6672681742797835
2736181,910490,6070570,6981060,6.667365923843206
2736211,910499,6070629,6981128,6.667364818632421
2736653,910765,6071590,6982355,6.6664726905403695
2736663,910771,6071613,6982384,6.6664540263139695
2736665,910774,6071618,6982392,6.6664375575060335
2736688,910778,6071668,6982446,6.666463177634945
2736790,910837,6072252,6983089,6.666672522086828
2736862,910849,6072468,6983317,6.666821833256665
2736885,910859,6072510,6983369,6.666794750888996
2736891,910859,6072524,6983383,6.666810120995676
2736893,910859,6072529,6983388,6.66681561031949
2736960,910890,6072717,6983607,6.666795112472417
2736967,910893,6072724,6983617,6.666780840340194
2737116,910901,6073025,6983926,6.667052731306695
2737121,910901,6073025,6983926,6.667052731306695
2737135,910901,6073051,6983952,6.667081274474394
2737238,910966,6073585,6984551,6.6671917502958395
2737260,910982,6073629,6984611,6.667122950837667
2737267,910983,6073633,6984616,6.66712002309593
2737924,911263,6075177,6986440,6.666765796482465
2737925,911263,6075179,6986442,6.666767991238534
2737963,911275,6075208,6986483,6.6667120243614715
2737989,911291,6075279,6986570,6.666672884951129
2738074,911323,6075338,6986661,6.666503533873281
2738105,911343,6075376,6986719,6.666398929930883
2738145,911348,6075456,6986804,6.666450137598371
2738172,911362,6075522,6986884,6.666420149183311
2738202,911372,6075598,6986970,6.66643039285824
2738255,911376,6075881,6987257,6.666711653587543
2738288,911420,6075964,6987384,6.666480875995699
2738829,911534,6077722,6989256,6.667575756910877
2738849,911537,6077756,6989293,6.667591112593345
2738871,911546,6077794,6989340,6.667566968644478
2739460,911593,6078526,6990119,6.668026191513098
2739463,911593,6078531,6990124,6.668031676416997
2739556,911626,6078608,6990234,6.667874764431906
2739631,911637,6078791,6990428,6.667995046273901
2739638,911637,6078814,6990451,6.668020275614087
2739641,911637,6078819,6990456,6.668025760253259
2739648,911640,6078828,6990468,6.668013689614321
2739716,911699,6078988,6990687,6.667757670020478
2739766,911712,6079109,6990821,6.6677953125548415
2739774,911712,6079133,6990845,6.66782163665719
2739788,911712,6079165,6990877,6.667856735460321
2739812,911733,6079242,6990975,6.6677876088723345
2741049,912390,6081382,6993772,6.665331711219983
2741093,912410,6081438,6993848,6.665246983264103
2741142,912433,6081541,6993974,6.665191855182791
2741146,912434,6081549,6993983,6.665193318092048
2741193,912442,6081560,6994002,6.665146935366851
2741285,912507,6081813,6994320,6.6649494195660965
2741320,912507,6081941,6994448,6.665089692462633
2741336,912507,6081968,6994475,6.665119281276747
2741708,912680,6082392,6995072,6.664320462812815
2741731,912689,6082451,6995140,6.66431939028519
2741775,912714,6082582,6995296,6.664280376985562
2741817,912722,6082604,6995326,6.664246068353782
2742018,912842,6083022,6995864,6.663827913264289
2742052,912859,6083109,6995968,6.663799119031526
2742766,913417,6085123,6998540,6.6619331586778
2742891,913473,6085377,6998850,6.661802811905771
2743372,913561,6087031,7000592,6.662971602334163
2743544,913661,6087632,7001293,6.662900134732685
2743687,913740,6088196,7001936,6.66294131809924
2743705,913740,6088251,7001991,6.663001510276446
2743743,913755,6088333,7002088,6.662981871508227
2743770,913763,6088359,7002122,6.662951990833509
2743947,913763,6088673,7002436,6.663295624795489
2743989,913775,6088794,7002569,6.663340537878581
2744055,913806,6089006,7002812,6.663346487109956
2744200,913918,6089317,7003235,6.662870191855287
2744416,913966,6089631,7003597,6.66286382644431
2744426,913970,6089642,7003612,6.662846701751699
2744444,913976,6089678,7003654,6.66284235034618
2744459,913981,6089703,7003684,6.662833253645316
2744585,914049,6090091,7004140,6.6627620619901124
2744932,914263,6090838,7005101,6.662019572048743
2744976,914277,6090959,7005236,6.662049903913147
2744982,914277,6090977,7005254,6.662069591600795
2744994,914282,6090992,7005274,6.662049564576356
2745420,914282,6091805,7006087,6.662938786938822
2745652,914382,6092423,7006805,6.662885971071171
2745694,914405,6092518,7006923,6.662822272406647
2745746,914460,6092709,7007169,6.66263040482908
2745757,914462,6092722,7007184,6.662630049143649
2745766,914462,6092740,7007202,6.662649732848386
2745840,914465,6092765,7007230,6.662655213704188
2745960,914478,6092862,7007340,6.662666570436905
2745989,914478,6092942,7007420,6.662754052038431
2746010,914485,6092957,7007442,6.662719454118985
2746034,914495,6093010,7007505,6.662704552785963
2746739,914495,6095092,7009587,6.664981219142805
2746779,914523,6095187,7009710,6.6648810363435365
2746851,914544,6095321,7009865,6.664874516699032
2746888,914544,6095426,7009970,6.664989328014836
2746905,914551,6095443,7009994,6.664956902348803
2747164,914551,6095939,7010490,6.665499244984697
2747433,914567,6096566,7011133,6.666068204953819
2747661,914727,6097068,7011795,6.665451003414133
2747729,914776,6097259,7012035,6.665302762643533
2747903,914852,6097453,7012305,6.664961108463445
2747973,914852,6097723,7012575,6.665256238167485
2747984,914853,6097749,7012602,6.6652773724303245
2748009,914862,6097792,7012654,6.665258804060066
2751684,914929,6103696,7018625,6.671223668721836
2751753,914942,6103865,7018807,6.671313591462628
2751993,915087,6104298,7019385,6.670729668326618
2751997,915087,6104300,7019387,6.670731853911158
2752161,915149,6104513,7019662,6.670512670614293
2752273,915149,6104697,7019846,6.670713730769525
2752383,915176,6104983,7020159,6.670829436086611
2752519,915307,6105395,7020702,6.6703248199784335
2752587,915311,6105583,7020894,6.670501064665452
2752717,915380,6105719,7021099,6.670146824269702
2752842,915442,6106045,7021487,6.670051188387686
2752880,915458,6106086,7021544,6.669979398290255
2753147,915458,6106703,7022161,6.67065337787206
2753217,915458,6106973,7022431,6.670948312210937
2753263,915478,6107030,7022508,6.670864837822427
2753274,915478,6107060,7022538,6.670897607588604
2753310,915478,6107101,7022579,6.670942392935713
2753318,915478,6107126,7022604,6.670969701074193
2753321,915479,6107151,7022630,6.670989722320228
2753370,915509,6107231,7022740,6.670858506033256
2753409,915513,6107256,7022769,6.670856667245577
2753565,915513,6107763,7023276,6.671410455121882
2753678,915568,6107985,7023553,6.671252162591965
2753696,915584,6108028,7023612,6.671182545784985
2753947,915584,6108587,7024171,6.6717930850692015
2754028,915584,6108642,7024226,6.671853156018454
2754266,915679,6109268,7024947,6.671844609300858
2754439,915690,6109705,7025395,6.672241697517719
2754445,915690,6109718,7025408,6.6722558944621
2754526,915690,6109775,7025465,6.672318142602846
2754527,915690,6109777,7025467,6.672320326748135
2754534,915690,6109793,7025483,6.67233779991045
2754557,915699,6109853,7025552,6.672337744171393
2754577,915699,6109918,7025617,6.672408728195619
2754840,915699,6110510,7026209,6.6730552288470335
2754865,915699,6110643,7026342,6.67320047308122
2754872,915699,6110662,7026361,6.673221222257532
2754983,915699,6110926,7026625,6.673509526602082
2754996,915699,6110926,7026625,6.673509526602082
2755012,915699,6110952,7026651,6.673537920211773
2755063,915735,6111040,7026775,6.673371663199506
2755134,915781,6111103,7026884,6.673105251146289
2755149,915792,6111131,7026923,6.67305567203033
2755200,915819,6111221,7027040,6.672957210977279
2755377,915819,6111450,7027269,6.673207260386604
2756073,916061,6113544,7029605,6.673730242855006
2756478,916091,6115205,7031296,6.675324831266763
2756508,916091,6115246,7031337,6.675369586645868
2756566,916147,6115489,7031636,6.675226792206927
2756624,916208,6115632,7031840,6.674938441925851
2756689,916226,6115763,7031989,6.6749502851916445
2756719,916235,6115800,7032035,6.67492510109306
2756850,916281,6116053,7032334,6.67486611639879
2756855,916283,6116057,7032340,6.674855912420071
2756863,916283,6116081,7032364,6.674882105201123
2756864,916283,6116086,7032369,6.674887562030508
2756880,916283,6116112,7032395,6.674915937543314
2756940,916289,6116280,7032569,6.675055577443361
2757408,916421,6116702,7033123,6.6745545988143
2757480,916444,6116865,7033309,6.674564948867579
2757559,916467,6117040,7033507,6.674588392162511
2757568,916467,6117067,7033534,6.674617853125099
2757761,916467,6117445,7033912,6.675030306601329
2757825,916499,6117565,7034064,6.674928177772152
2757833,916499,6117587,7034086,6.674952182162774
2757857,916507,6117634,7034141,6.674945199545666
2757867,916511,6117643,7034154,6.674925887414336
2757898,916531,6117731,7034262,6.674876245320671
2757912,916540,6117747,7034287,6.674828158072752
2757957,916565,6117863,7034428,6.674772656603732
2757972,916573,6117870,7034443,6.674722035233418
2758006,916573,6117984,7034557,6.674846411578783
2758012,916574,6118001,7034575,6.674857676521481
2758077,916574,6118122,7034696,6.67498968986683
2758148,916597,6118211,7034808,6.674919293866334
2758198,916663,6118314,7034977,6.674551061840611
2758216,916663,6118352,7035015,6.6745925165518845
2758302,916681,6118534,7035215,6.674659996225514
2758420,916762,6118747,7035509,6.674302599802348
2758502,916773,6118898,7035671,6.674387225627282
2758617,916882,6119124,7036006,6.673840254253001
2758827,916965,6119776,7036741,6.673947206272867
2759416,916997,6120333,7037330,6.674321726243379
2759460,917002,6120353,7037355,6.674307144368278
2759469,917008,6120370,7037378,6.674282012806867
2759482,917009,6120400,7037409,6.674307449545206
2759515,917040,6120457,7037497,6.674143984995202
2759521,917040,6120476,7037516,6.674164703829713
2759546,917053,6120525,7037578,6.674123523940274
2759572,917060,6120579,7037639,6.674131463590169
2759593,917060,6120611,7037671,6.674166357708329
2759624,917069,6120675,7037744,6.674170645829267
2759630,917069,6120691,7037760,6.674188092717124
2759914,917089,6120867,7037956,6.674234452708515
2759970,917123,6121017,7038140,6.674150577403467
2760226,917254,6121484,7038738,6.673706519677211
2762041,917257,6124044,7041301,6.67647562242643
2762140,917290,6124139,7041429,6.676338998571881
2762221,917299,6124244,7041543,6.6763879607412635
2762262,917315,6124306,7041621,6.676339098346806
2762837,917315,6125828,7043143,6.677998288483236
2763432,917370,6127164,7044534,6.67905425291867
2763474,917391,6127209,7044600,6.678950414817673
2763485,917391,6127223,7044614,6.678965675486243
2763556,917407,6127347,7044754,6.678984354817437
2763604,917407,6127490,7044897,6.679140228927837
2763607,917407,6127499,7044906,6.679150039186533
2763768,917496,6127904,7045400,6.678943559426962
2763893,917496,6128252,7045748,6.67932285263369
2763914,917506,6128350,7045856,6.679356865241208
2764021,917561,6128472,7046033,6.679089455632923
2764234,917561,6128958,7046519,6.679619120690614
2764363,917617,6129200,7046817,6.679475205886551
2764404,917621,6129400,7047021,6.6796640443058735
2764412,917621,6129422,7047043,6.679688019345678
2764464,917648,6129530,7047178,6.679609174759821
2764991,917823,6130394,7048217,6.679276941196723
2765127,917889,6130978,7048867,6.679432916180497
2765270,917976,6131285,7049261,6.67913431287964
2765326,917976,6131462,7049438,6.679327128378084
2765687,918131,6132404,7050535,6.679225513570503
2765768,918156,6132517,7050673,6.679166721123644
2765793,918172,6132582,7050754,6.679121123275378
2765877,918219,6132805,7051024,6.679022106926561
2766121,918227,6133622,7051849,6.679853674527105
2766142,918227,6133654,7051881,6.679888524297369
2766235,918287,6133847,7052134,6.679662240672034
2766238,918287,6133852,7052139,6.6796676855928485
2766266,918313,6133896,7052209,6.679526479533666
2766323,918342,6134045,7052387,6.67947779803167
2766337,918347,6134062,7052409,6.679459942701397
2766387,918352,6134186,7052538,6.679558600623726
2767273,918352,6137968,7056320,6.68367684722198
2767450,918352,6138235,7056587,6.683967585413872
2767492,918352,6138284,7056636,6.684020941861073
2767523,918361,6138398,7056759,6.684079572194377
2767561,918370,6138440,7056810,6.6840598016050174
2767711,918408,6138746,7057154,6.684116427557251
2767718,918408,6138766,7057174,6.684138204371042
2767850,918457,6138968,7057425,6.684001537361031
2767870,918467,6139011,7057478,6.683975581049728
2768227,918814,6141351,7060165,6.683998067073423
2768244,918826,6141399,7060225,6.683963013671794
2768309,918861,6141565,7060426,6.68388907571439
2768342,918861,6141631,7060492,6.683960903771082
2768361,918868,6141660,7060528,6.683941545466814
2768383,918868,6141665,7060533,6.683946986944806
2768394,918875,6141691,7060566,6.683924364032104
2768402,918878,6141707,7060585,6.683919954553271
2768493,918878,6141872,7060750,6.684099521372804
2768618,918937,6142104,7061041,6.683922836930061
2768675,918969,6142301,7061270,6.683904462500911
2768897,919064,6142659,7061723,6.683603100545772
2772848,920596,6156062,7076658,6.687039700368023
2772859,920597,6156071,7076668,6.687042212824939
2772887,920607,6156127,7076734,6.68703040493935
2772973,920628,6156219,7076847,6.686977802108995
2772983,920628,6156227,7076855,6.68698649182949
2773137,920656,6156635,7077291,6.687226282129265
2773163,920667,6156665,7077332,6.687178969160402
2773446,920811,6157138,7077949,6.686646879761428
2773511,920844,6157209,7078053,6.686484355656333
2773985,921115,6158524,7079639,6.685944751741096
2773991,921115,6158542,7079657,6.685964293274998
2774091,921153,6158743,7079896,6.6859066843401695
2774129,921158,6158813,7079971,6.685946384876427
2774130,921158,6158813,7079971,6.685946384876427
2774183,921203,6158925,7080128,6.685741362110197
2774345,921284,6159156,7080440,6.68540428358682
2774452,921291,6159314,7080605,6.685524986133589
2774466,921298,6159335,7080633,6.685496983603568
2774491,921298,6159362,7080660,6.685526290082036
2774677,921349,6159788,7081137,6.685618587527636
2774701,921362,6159849,7081211,6.685590462814833
2774732,921378,6159899,7081277,6.685528632114073
2774857,921404,6160231,7081635,6.685700300845232
2774864,921404,6160231,7081635,6.685700300845232
2774871,921404,6160254,7081658,6.685725262751193
2774899,921414,6160323,7081737,6.6857275882502325
2774933,921414,6160429,7081843,6.685842628829169
2774966,921423,6160442,7081865,6.685791433467582
2774997,921445,6160490,7081935,6.685683898659171
2775013,921445,6160516,7081961,6.685712115210349
2775230,921513,6160887,7082400,6.68562136399595
2775253,921523,6160915,7082438,6.685579198782884
2775314,921585,6161092,7082677,6.6853214841821424
2775329,921592,6161111,7082703,6.685291321973281
2775355,921605,6161212,7082817,6.685306611834788
2775765,921618,6162053,7083671,6.6861248369715005
2775777,921628,6162066,7083694,6.686066395552219
2775790,921640,6162092,7083732,6.686007551755567
2775804,921640,6162118,7083758,6.686035762336704
2775805,921640,6162120,7083760,6.686037932381407
2775937,921712,6162800,7084512,6.686253406704046
2775939,921712,6162811,7084523,6.6862653410175845
2775974,921712,6162955,7084667,6.686421572031176
2776136,921794,6163268,7085062,6.6861663234952715
2776146,921794,6163295,7085089,6.686195614204475
2776159,921801,6163303,7085104,6.686153519035019
2776242,921801,6163623,7085424,6.6865006655449495
2776315,921850,6163795,7085645,6.686331832727667
2776412,921876,6163924,7085800,6.68628318776061
2776518,921876,6163987,7085863,6.68635152666953
2776550,921885,6164167,7086052,6.686481502573532
2776580,921892,6164215,7086107,6.686482798418904
2776611,921907,6164302,7086209,6.686468374792685
2776707,921931,6164448,7086379,6.686452673790121
2776737,921940,6164560,7086500,6.686508883441439
2776804,921959,6164709,7086668,6.68653269830871
2776871,921982,6164822,7086804,6.686488456390689
2777028,921985,6165018,7087003,6.686679284370136
2777064,922003,6165053,7087056,6.686586703080142
2778306,922010,6167067,7089077,6.688720295875316
2778516,922043,6167163,7089206,6.6885850226074055
2778542,922043,6167189,7089232,6.688613220858463
2778551,922050,6167212,7089262,6.688587386801149
2778559,922050,6167234,7089284,6.6886112466785965
2778614,922054,6167427,7089481,6.688791545831372
2778686,922083,6167544,7089627,6.688708066410507
2778744,922112,6167675,7089787,6.688639774777901
2778774,922112,6167768,7089880,6.688740630205442
2779140,922131,6168537,7090668,6.68943675030988
2779198,922131,6168784,7090915,6.689704608130515
2779258,922131,6168955,7091086,6.689890048160185
2779288,922147,6168998,7091145,6.689820603439582
2779351,922177,6169087,7091264,6.689699482854159
2779386,922192,6169171,7091363,6.689681758245571
2779425,922192,6169287,7091479,6.689807545500286
2779430,922194,6169295,7091489,6.689801712004199
2779457,922205,6169374,7091579,6.689807580743977
2779472,922205,6169381,7091586,6.689815171247174
2780042,922209,6170395,7092604,6.690885688602042
2780098,922220,6170432,7092652,6.690846002038559
2780116,922220,6170442,7092662,6.690856845438182
2780162,922231,6170487,7092718,6.690825834308324
2780168,922231,6170501,7092732,6.6908410148867254
2780330,922302,6170834,7093136,6.690686998401825
2780344,922311,6170879,7093190,6.690670500514469
2780356,922311,6170900,7093211,6.690693269406957
2780634,922311,6171569,7093880,6.691418621267664
2780690,922333,6171601,7093934,6.6912937084545385
2780712,922345,6171635,7093980,6.69124351517057
2780834,922366,6171766,7094132,6.691233198101404
2781109,922484,6172339,7094823,6.690998434661197
2781123,922493,6172377,7094870,6.690974348856848
2781183,922548,6172438,7094986,6.69064157095349
2781260,922594,6172566,7095160,6.690446718708338
2781270,922594,6172589,7095183,6.690471648417397
2781273,922598,6172600,7095198,6.69045456417638
2781313,922610,6172618,7095228,6.690387054118208
2781354,922628,6172681,7095309,6.690324811299895
2781462,922705,6172960,7095665,6.690068873583648
2781488,922712,6173010,7095722,6.690072308585994
2781495,922715,6173016,7095731,6.690057059872225
2781512,922716,6173045,7095761,6.690081238430893
2782825,922721,6176342,7099063,6.69361811425122
2782837,922726,6176355,7099081,6.693595932053502
2782938,922797,6176793,7099590,6.693555570726823
2782950,922802,6176799,7099601,6.693525805102286
2782951,922802,6176811,7099613,6.693538808975273
2783057,922866,6177123,7099989,6.693412694800762
2783060,922866,6177132,7099998,6.693422447029146
2783092,922885,6177226,7100111,6.693386499943113
2783136,922914,6177345,7100259,6.69330511835339
2783305,923002,6177614,7100616,6.69295841179109
2783516,923124,6177922,7101046,6.692407520549786
2783522,923124,6177936,7101060,6.692422686442991
2783543,923129,6177977,7101106,6.692430852026098
2783737,923175,6178434,7101609,6.692592412056219
2783817,923195,6178559,7101754,6.692582823780458
2783916,923253,6178750,7102003,6.6923692638962455
2783988,923271,6178999,7102270,6.692508483424693
2783995,923271,6179022,7102293,6.692533394853732
2784151,923339,6179183,7102522,6.692214885323809
2784174,923349,6179208,7102557,6.692169483044872
2784201,923365,6179281,7102646,6.692132580290568
2784206,923365,6179293,7102658,6.69214557623475
2784227,923365,6179339,7102704,6.692195394020783
2784260,923365,6179478,7102843,6.692345930374229
2784320,923365,6179630,7102995,6.692510545667206
2784966,923431,6180874,7104305,6.693379364565409
2785016,923460,6180944,7104404,6.693244970004115
2785071,923479,6181026,7104505,6.693196055351557
2785131,923511,6181138,7104649,6.693085409919319
2785174,923514,6181233,7104747,6.693166535645372
2785225,923538,6181303,7104841,6.693068395669696
2785458,923538,6181658,7105196,6.69345278699956
2785881,923538,6182748,7106286,6.694633030801115
2786053,923538,6183128,7106666,6.695044491942941
2786112,923563,6183205,7106768,6.69494663601725
2786181,923580,6183349,7106929,6.694979319604149
2786199,923580,6183392,7106972,6.695025877563395
2786308,923646,6183671,7107317,6.694849541924071
2786490,923682,6183810,7107492,6.69473909852092
2786497,923682,6183817,7107499,6.694746676886634
2786518,923685,6183827,7107512,6.694735759485106
2789342,923756,6187995,7111751,6.698733215264637
2789398,923797,6188128,7111925,6.698579882809751
2789491,923797,6188513,7112310,6.6989966410369375
2789516,923810,6188550,7112360,6.698942423225555
2789587,923846,6188682,7112528,6.698824262918278
2789653,923864,6188731,7112595,6.698746785241117
2789685,923892,6188804,7112696,6.698622782749499
2789836,923892,6189053,7112945,6.698892294770385
2789913,923892,6189170,7113062,6.6990189329488725
2790403,924081,6189795,7113876,6.698325146821545
2790439,924091,6189859,7113950,6.698321918512354
2790454,924091,6189885,7113976,6.698350054269547
2790455,924092,6189887,7113979,6.698344969981344
2790463,924092,6189905,7113997,6.6983644485613985
2790508,924119,6190020,7114139,6.698293185185025
2790524,924134,6190050,7114184,6.6982169252511
2790539,924146,6190089,7114235,6.698172150287942
2790569,924146,6190165,7114311,6.6982543883758625
2790580,924149,6190184,7114333,6.698253203758268
2790618,924177,6190248,7114425,6.698119516066727
2790639,924185,6190276,7114461,6.698091832263021
2790646,924187,6190288,7114475,6.698090321547479
2790734,924217,6190516,7114733,6.698119597453845
2790951,924275,6190895,7115170,6.698109328933488
2790967,924281,6190937,7115218,6.698111288666542
2790972,924282,6190950,7115232,6.698118106811558
2791140,924321,6191253,7115574,6.69816330041187
2791168,924321,6191300,7115621,6.698214148547961
2791183,924321,6191326,7115647,6.698242277304097
2791200,924321,6191367,7115688,6.698286634188772
2791283,924343,6191534,7115877,6.698307879217996
2791324,924365,6191611,7115976,6.69823175909949
2791792,924711,6193024,7117735,6.697253520289042
2791802,924714,6193041,7117755,6.6972501768114245
2791820,924720,6193065,7117785,6.69723267583701
2791823,924720,6193070,7117790,6.697238082879141
2791871,924734,6193187,7117921,6.697263212988816
2791916,924734,6193364,7118098,6.697454619382438
2791924,924745,6193383,7118128,6.697395498218428
2791936,924754,6193414,7118168,6.697363839464333
2791963,924764,6193447,7118211,6.697327101833549
2791964,924764,6193449,7118213,6.697329264547496
2791970,924764,6193463,7118227,6.697344403545121
2791985,924764,6193545,7118309,6.697433074816926
2791995,924764,6193567,7118331,6.697456864670338
2792101,924764,6193630,7118394,6.697524990159652
2792131,924775,6193658,7118433,6.697475602173502
2792152,924775,6193710,7118485,6.697531832067259
2792155,924775,6193716,7118491,6.697538320131924
2792181,924775,6193792,7118567,6.697620502284339
2792251,924822,6193947,7118769,6.697447725075745
2792639,924855,6195199,7120054,6.698562477361316
2792643,924858,6195201,7120059,6.6985429114523525
2792658,924861,6195219,7120080,6.69854064556728
2792673,924861,6195255,7120116,6.6985795703354345
2792680,924861,6195255,7120116,6.6985795703354345
2792962,924861,6195582,7120443,6.698933136979503
2792968,924865,6195588,7120453,6.698910651824861
2792994,924880,6195674,7120554,6.698894991782717
2793060,924922,6195777,7120699,6.69870216083086
2793202,925006,6196116,7121122,6.698460334311345
2793215,925012,6196140,7121152,6.698442831011922
2793353,925078,6196465,7121543,6.6983162500891815
2793376,925078,6196482,7121560,6.698334626917946
2793402,925078,6196522,7121600,6.69837786651504
2793473,925078,6196649,7121727,6.698515152235811
2793581,925133,6196838,7121971,6.698321214355125
2793693,925198,6197109,7122307,6.698143532519525
2793702,925198,6197113,7122311,6.698147855918409
2793736,925206,6197155,7122361,6.698135334185036
2793745,925212,6197180,7122392,6.698118917610234
2793765,925212,6197207,7122419,6.698148100111109
2793822,925236,6197253,7122489,6.698024071696302
2793870,925236,6197453,7122689,6.6982402327622355
2793885,925236,6197475,7122711,6.698264010479488
2793913,925250,6197522,7122772,6.69821345582275
2793957,925260,6197596,7122856,6.698221040572379
2794259,925413,6198341,7123754,6.697918659020351
2794320,925450,6198467,7123917,6.69778702252958
2794368,925450,6198588,7124038,6.697917769733643
2794471,925514,6198961,7124475,6.697857622899275
2794513,925540,6199031,7124571,6.6977451001577455
2794519,925540,6199049,7124589,6.6977645482637165
2794524,925540,6199061,7124601,6.697777513667697
2794573,925575,6199144,7124719,6.69761391567404
2795423,925975,6201818,7127793,6.697608466751262
2795424,925975,6201818,7127793,6.697608466751262
2795463,925975,6201841,7127816,6.697633305434812
2795487,925975,6201918,7127893,6.697716461027565
2795575,925975,6202319,7128294,6.698149518075542
2795594,925982,6202375,7128357,6.698159359469191
2796028,926158,6204048,7130206,6.698692879616653
2796062,926165,6204103,7130268,6.698701635237781
2796835,926214,6204906,7131120,6.699214220471727
2796887,926236,6205009,7131245,6.699166303188388
2796943,926250,6205042,7131292,6.699100674763833
2796944,926250,6205047,7131297,6.699106072874494
2796975,926250,6205140,7131390,6.699206477732793
2796988,926253,6205165,7131418,6.699211770434212
2796994,926253,6205179,7131432,6.699226885095109
2797131,926284,6205731,7132015,6.699598611225067
2797141,926292,6205743,7132035,6.69955370444741
2797141,926292,6205743,7132035,6.69955370444741
2797187,926301,6205855,7132156,6.699609522174757
2797195,926301,6205877,7132178,6.699633272553954
2797479,926303,6206552,7132855,6.7003475104798325
2797551,926303,6206867,7133170,6.700687571993181
2797622,926356,6207045,7133401,6.700496353453747
2797640,926368,6207087,7133455,6.700454894815019
2797649,926368,6207104,7133472,6.700473246053404
2797865,926368,6207957,7134325,6.701394046426474
2797927,926397,6208022,7134419,6.701254429796297
2797930,926398,6208028,7134426,6.701253672827446
2797984,926422,6208109,7134531,6.701167502498861
2797992,926422,6208131,7134553,6.70119124977602
2798012,926430,6208182,7134612,6.701188433017066
2798020,926430,6208205,7134635,6.701213259501527
2798035,926438,6208230,7134668,6.7011823780976165
2798036,926438,6208235,7134673,6.701187775112851
2798096,926471,6208375,7134846,6.70110019633642
2798612,926731,6209126,7135857,6.700030537448299
2798644,926741,6209150,7135891,6.699984137963034
2798673,926749,6209170,7135919,6.69994788232844
2798746,926794,6209412,7136206,6.6998836850475945
2798765,926812,6209443,7136255,6.699787011821168
2798954,926820,6209666,7136486,6.6999697891715755
2798986,926840,6209721,7136561,6.699884553968323
2799045,926882,6209794,7136676,6.699659719360177
2799354,927002,6210539,7137541,6.69959611737623
2799412,927013,6210587,7137600,6.69956839871717
2799652,927013,6211001,7138014,6.700014994395979
2799708,927044,6211064,7138108,6.699858906373376
2799767,927044,6211071,7138115,6.699866457255535
2799817,927053,6211166,7138219,6.699903888990166
2799891,927105,6211294,7138399,6.699666165105355
2799894,927106,6211297,7138403,6.6996621745517775
2799960,927169,6211484,7138653,6.699408629926151
2800020,927200,6211672,7138872,6.699387402933564
2800062,927200,6211802,7139002,6.699527610008628
2800197,927200,6212091,7139291,6.699839301121656
2800209,927207,6212109,7139316,6.6998081334588715
2800228,927211,6212199,7139410,6.699876295686742
2800234,927211,6212210,7139421,6.6998881592215795
2800234,927211,6212210,7139421,6.6998881592215795
2800305,927258,6212421,7139679,6.6997761140912235
2800415,927320,6212633,7139953,6.69955678730104
2800424,927324,6212671,7139995,6.699568866976375
2800449,927332,6212702,7140034,6.699544499704529
2800478,927336,6212725,7140061,6.699540403909694
2800500,927337,6212776,7140113,6.699588175603907
2800549,927347,6212831,7140178,6.699575239904804
2801730,927377,6214282,7141659,6.700923141289896
2801782,927403,6214493,7141896,6.700962796109135
2802259,927413,6215580,7142993,6.7020626193508175
2802264,927417,6215583,7143000,6.702036947780772
2802386,927469,6215845,7143314,6.7019436768237
2802500,927469,6216004,7143473,6.702115111125008
2802603,927493,6216083,7143576,6.702026861658255
2802610,927493,6216107,7143600,6.702052737864329
2802638,927505,6216178,7143683,6.702042576589884
2802660,927517,6216204,7143721,6.701983898947405
2802663,927519,6216208,7143727,6.701973760106262
2802901,927614,6216852,7144466,6.701981643226601
2802989,927636,6217042,7144678,6.702027519414943
2803128,927651,6217201,7144852,6.702090549139709
2803284,927651,6217344,7144995,6.7022447019407085
2803294,927651,6217364,7145015,6.7022662617730155
2803315,927661,6217381,7145042,6.702212338343425
2803455,927661,6217746,7145407,6.702605801041544
2803483,927668,6217815,7145483,6.702629604556803
2803763,927668,6218278,7145946,6.703128705528271
2803787,927676,6218343,7146019,6.703140967320487
2804506,927684,6219456,7147140,6.704282923926682
2804517,927684,6219507,7147191,6.704337899543379
2804753,927776,6220051,7147827,6.704259433311489
2804775,927791,6220088,7147879,6.704190922309011
2804806,927791,6220142,7147933,6.704249125072349
2804875,927823,6220281,7148104,6.7041677130228505
2804948,927861,6220414,7148275,6.7040364882239905
2804967,927861,6220478,7148339,6.704105464072744
2805197,927957,6221128,7149085,6.704112367275639
2805213,927957,6221153,7149110,6.70413930817915
2805444,928075,6221807,7149882,6.703991595506829
2805767,928204,6222725,7150929,6.70404889442407
2805853,928269,6222907,7151176,6.703775521966154
2805885,928269,6222938,7151207,6.703808917458193
2805956,928319,6223028,7151347,6.703544794407957
2806048,928333,6223106,7151439,6.703527721194873
2806062,928345,6223121,7151466,6.703457227647049
2806082,928354,6223164,7151518,6.703438558997968
2806162,928400,6223395,7151795,6.703355234812581
2806489,928508,6224037,7152545,6.703266961620147
2806503,928508,6224073,7152581,6.7033057334993345
2806512,928508,6224094,7152602,6.70332835042886
2806519,928508,6224099,7152607,6.70333373541208
2806547,928508,6224136,7152644,6.703373584287911
2806648,928508,6224136,7152644,6.703373584287911
2806693,928531,6224201,7152732,6.703277542699166
2806796,928531,6224530,7153061,6.703631865818158
2807249,928619,6225446,7154065,6.703983011331881
2808273,929070,6226655,7155725,6.702029986976224
2808371,929070,6226961,7156031,6.702359348595908
2808409,929070,6227016,7156086,6.702418547579838
2808462,929070,6227166,7156236,6.702579999354193
2808476,929070,6227206,7156276,6.702623053160687
2808503,929100,6227303,7156403,6.702511032181681
2808528,929114,6227351,7156465,6.70246170007125
2808545,929123,6227394,7156517,6.702443056516737
2808588,929123,6227456,7156579,6.702509786110127
2808605,929129,6227531,7156660,6.70254722433591
2808611,929129,6227545,7156674,6.702562292211308
2808796,929234,6227925,7157159,6.702213866474968
2808802,929234,6227939,7157173,6.702228932647751
2808834,929251,6228023,7157274,6.702196715419192
2808910,929280,6228217,7157497,6.702196324035813
2808989,929330,6228361,7157691,6.701990681458685
2808999,929330,6228384,7157714,6.702015430471415
2809028,929338,6228428,7157766,6.702005083188248
2809031,929338,6228437,7157775,6.702014767501168
2809045,929351,6228474,7157825,6.701960830730262
2809166,929351,6228814,7158165,6.702326677434037
2809187,929351,6228924,7158275,6.702445039602906
2809218,929353,6228977,7158330,6.702487644630189
2809254,929372,6229025,7158397,6.702402267337514
2809318,929377,6229160,7158537,6.702511467359317
2809328,929377,6229196,7158573,6.7025502029854405
2809353,929389,6229249,7158638,6.7025206883231885
2809470,929449,6229401,7158850,6.702251549036042
2809493,929464,6229441,7158905,6.702186421421378
2809511,929467,6229465,7158932,6.702190610317526
2809522,929467,6229483,7158950,6.702209976255209
2809557,929477,6229558,7159035,6.702218559469465
2809605,929518,6229671,7159189,6.702044500483046
2809890,929518,6230271,7159789,6.702689996320673
2809979,929576,6230459,7160035,6.7024740311712
2810247,929705,6230969,7160674,6.702092599265359
2810259,929705,6230969,7160674,6.702092599265359
2810388,929739,6231247,7160986,6.702146516387932
2810424,929754,6231323,7161077,6.702120130701239
2810605,929843,6231665,7161508,6.701846440743222
2810634,929845,6231680,7161525,6.701848157488613
2811314,930135,6233015,7163150,6.701193912711596
2811391,930135,6233188,7163323,6.7013799072177695
2811413,930135,6233255,7163390,6.701451939772183
2811712,930213,6233676,7163889,6.701342595728075
2811737,930226,6233711,7163937,6.701286569070312
2811762,930238,6233788,7164026,6.70128289749505
2811799,930270,6233892,7164162,6.70116417814183
2812181,930275,6234642,7164917,6.701934374244175
2812194,930278,6234682,7164960,6.701955759461151
2812227,930278,6234738,7165016,6.702015956520524
2812242,930287,6234763,7165050,6.701977991738033
2812253,930292,6234784,7165076,6.701964544465609
2812260,930292,6234804,7165096,6.701986043091846
2812278,930303,6234832,7165135,6.701936895828563
2812458,930340,6235187,7165527,6.702051938001161
2812494,930350,6235288,7165638,6.702088461331757
2812500,930350,6235302,7165652,6.702103509431934
2812524,930358,6235349,7165707,6.702096397300824
2812535,930358,6235366,7165724,6.702114669836773
2812821,930523,6236529,7167052,6.702176088070902
2813266,930827,6237776,7168603,6.701326884587576
2813422,930827,6238038,7168865,6.701608354721125
2814142,930885,6240277,7171162,6.7035960403272155
2814161,930896,6240307,7171203,6.703549053814819
2814527,931056,6241078,7172134,6.703225155092712
2814609,931133,6241430,7172563,6.703048866273669
2814645,931133,6241555,7172688,6.703183111327813
2814681,931151,6241607,7172758,6.703109377533827
2814739,931151,6241791,7172942,6.703306982433569
2814830,931185,6242032,7173217,6.7033210371730645
2814881,931200,6242126,7173326,6.703314003436426
2814888,931205,6242140,7173345,6.703293045033049
2815216,931205,6242773,7173978,6.703972809424348
2815229,931222,6242854,7174076,6.703937406977069
2815648,931474,6243747,7175221,6.703082426347917
2815730,931528,6243913,7175441,6.702872055375684
2815732,931528,6243924,7175452,6.702883863931089
2815873,931599,6244135,7175734,6.702599509016219
2815894,931599,6244200,7175799,6.702669281525635
2815923,931599,6244286,7175885,6.702761595922709
2815936,931608,6244305,7175913,6.702717237292939
2815941,931608,6244317,7175925,6.7027301182471595
2815985,931634,6244375,7176009,6.702605314962743
2816043,931634,6244464,7176098,6.702700846040398
2816124,931685,6244588,7176273,6.702467035532395
2816137,931685,6244614,7176299,6.702494941959997
2816150,931697,6244637,7176334,6.702433301813787
2816460,931838,6245401,7177239,6.702239015794591
2816505,931857,6245508,7177365,6.70221718568407
2816590,931877,6245763,7177640,6.702346983561135
2816606,931890,6245802,7177692,6.702295335286354
2816609,931890,6245807,7177697,6.7023007007264805
2816684,931924,6245955,7177879,6.70221498748825
2816716,931941,6246011,7177952,6.70215281868702
2816775,931941,6246260,7178201,6.702420002983022
2816783,931941,6246282,7178223,6.7024436096276485
2816812,931944,6246330,7178274,6.702473539182612
2816822,931944,6246340,7178284,6.702484269441082
2816986,931962,6246829,7178791,6.702879516546812
2817053,931984,6247022,7179006,6.702928376452815
2817208,931987,6247377,7179364,6.703287706802778
2817244,931987,6247409,7179396,6.7033220420456505
2817267,931991,6247420,7179411,6.703305074834414
2817298,932003,6247438,7179441,6.703238079705752
2817352,932026,6247579,7179605,6.703223944396401
2817416,932035,6247767,7179802,6.70336092528714
2817650,932035,6248379,7180414,6.70401755298889
2817653,932035,6248388,7180423,6.704027209278622
2817659,932035,6248402,7180437,6.704042230173759
2817851,932035,6249313,7181348,6.705019661278815
2818534,932344,6251195,7183539,6.70481603356701
2818634,932360,6251442,7183802,6.7049658930027025
2818862,932439,6252045,7184484,6.705044512295174
2818882,932439,6252090,7184529,6.705092772824817
2818944,932478,6252199,7184677,6.704929231574364
2818987,932483,6252257,7184740,6.70495547908112
2819209,932674,6252767,7185441,6.704129202701051
2819219,932679,6252794,7185473,6.7041222113932015
2819247,932693,6252831,7185524,6.7040612505937105
2819252,932693,6252846,7185539,6.704077333056
2819276,932707,6252882,7185589,6.704015301697103
2819456,932792,6253217,7186009,6.7037635399960545
2819485,932803,6253297,7186100,6.7037702494524565
2819496,932814,6253311,7186125,6.70370620509555
2819583,932814,6253423,7186237,6.703826271904153
2819639,932850,6253518,7186368,6.703669400225117
2819662,932859,6253580,7186439,6.703671187178341
2819727,932901,6253716,7186617,6.703515163988461
2819798,932959,6253944,7186903,6.703342804989287
2820094,933095,6254553,7187648,6.7030184493540315
2820380,933209,6255090,7188299,6.702775048247498
2820388,933209,6255112,7188321,6.702798622816539
2820429,933223,6255192,7188415,6.702783793369859
2820493,933255,6255379,7188634,6.702754338310537
2820516,933267,6255415,7188682,6.702706728085317
2820665,933267,6255785,7189052,6.703103184833494
2820674,933271,6255802,7189073,6.7030926708319445
2820814,933271,6256209,7189480,6.703528771385804
2820827,933278,6256232,7189510,6.703503136257364
2820847,933278,6256269,7189547,6.703542781464901
2820873,933294,6256305,7189599,6.703466431799626
2820879,933295,6256320,7189615,6.703475321307839
2820888,933295,6256350,7189645,6.703507465485189
2820909,933295,6256522,7189817,6.703691758768664
2820921,933295,6256563,7189858,6.703735689144375
2821019,933356,6256946,7190302,6.703707909950758
2821019,933356,6256946,7190302,6.703707909950758
2821097,933366,6257041,7190407,6.703737869174579
2821143,933366,6257041,7190407,6.703737869174579
2821160,933377,6257093,7190470,6.703714576210898
2821288,933451,6257544,7190995,6.703666287785861
2821294,933451,6257562,7191013,6.703685571069076
2821381,933507,6257704,7191211,6.70343553931572
2821524,933628,6258208,7191836,6.703106590633529
2821707,933700,6258502,7192202,6.7029045732033845
2821713,933701,6258516,7192217,6.702912388441268
2821721,933701,6258541,7192242,6.70293916360805
2821733,933704,6258589,7192293,6.70296903515461
2821744,933704,6258599,7192303,6.702979745186911
2821779,933704,6258659,7192363,6.70304400538072
2821786,933706,6258667,7192373,6.7030382154554005
2821958,933805,6258998,7192803,6.70268203747035
2821961,933805,6259004,7192809,6.702688462794695
2821993,933821,6259078,7192899,6.702652863878623
2822012,933830,6259179,7193009,6.7026964222610115
2822124,933877,6259464,7193341,6.702664269491593
2822387,933916,6259648,7193564,6.702581388476052
2822426,933924,6259754,7193678,6.7026374737130645
2822430,933924,6259756,7193680,6.702639615214943
2822527,933941,6260066,7194007,6.7028495376046235
2822532,933942,6260073,7194015,6.702849855772628
2822553,933946,6260086,7194032,6.702835067552085
2822625,933962,6260172,7194134,6.702812319987323
2822640,933972,6260214,7194186,6.70278552247819
2822787,934049,6260402,7194451,6.702434240601939
2822819,934067,6260448,7194515,6.702354327901531
2822838,934067,6260544,7194611,6.702457104254834
2822858,934067,6260608,7194675,6.702525621823702
2822865,934070,6260618,7194688,6.702514800817926
2822956,934080,6260764,7194844,6.7025993490921545
2823085,934137,6260920,7195057,6.7023573629992175
2823169,934137,6261164,7195301,6.702618566655641
2824425,934140,6263371,7197511,6.704959642023679
2824467,934161,6263441,7197602,6.704883847645106
2824479,934167,6263464,7197631,6.704865404151506
2824814,934167,6264115,7198282,6.705562281690533
2824831,934175,6264133,7198308,6.705524125565338
2824838,934176,6264137,7198313,6.705521229404309
2824844,934176,6264151,7198327,6.705536215873669
2824905,934196,6264251,7198447,6.705499702417908
2824915,934196,6264271,7198467,6.705521111201504
2825045,934196,6264657,7198853,6.705934300724901
2825197,934282,6264856,7199138,6.705530021984797
2825263,934323,6265013,7199336,6.70540380575026
2825284,934326,6265073,7199399,6.705446492979966
2825443,934326,6265734,7200060,6.706153954829471
2825463,934333,6265828,7200161,6.706204319016882
2825470,934333,6265851,7200184,6.706228935508004
2825479,934343,6265872,7200215,6.706179636386209
2825488,934345,6265883,7200228,6.706177054514125
2825522,934345,6266058,7200403,6.706364351497573
2825581,934383,6266161,7200544,6.70620184656613
2825629,934390,6266244,7200634,6.706240434936162
2825787,934488,6266617,7201105,6.705936298807475
2825842,934509,6266733,7201242,6.705909734416683
2825909,934559,6266880,7201439,6.705708253839512
2825927,934559,6266907,7201466,6.70573714447135
2825943,934563,6266924,7201487,6.705726633731487
2825992,934563,6267042,7201605,6.7058528959524395
2826021,934570,6267087,7201657,6.705850819093273
2826368,934818,6267848,7202666,6.704885870832611
2826464,934845,6267959,7202804,6.704810957966294
2826464,934845,6267959,7202804,6.704810957966294
2826495,934870,6268037,7202907,6.704715094077251
2826509,934870,6268063,7202933,6.7047429054307015
2826649,934919,6268729,7203648,6.7051038646128704
2826661,934919,6268754,7203673,6.705130604897323
2826681,934925,6268774,7203699,6.705108965959837
2826701,934941,6268805,7203746,6.705027376059024
2826790,934981,6269083,7204064,6.705037856384247
2827052,935118,6269385,7204503,6.704378484854318
2827550,935118,6271773,7206891,6.706932173265834
2827586,935132,6271896,7207028,6.706963295021452
2827606,935136,6271916,7207052,6.706955993566711
2827663,935136,6272016,7207152,6.707062929883995
2827670,935141,6272033,7207174,6.707045247722001
2827747,935171,6272301,7207472,6.707116666363691
2827987,935198,6273654,7208852,6.708369778378483
2828106,935213,6273937,7209150,6.70856478684535
2828122,935226,6273994,7209220,6.708532483057571
2828142,935231,6274036,7209267,6.708541526104246
2828339,935240,6275202,7210442,6.7097237072836915
2829283,935240,6277285,7212525,6.711950943073436
2829307,935257,6277335,7212592,6.711882402377101
2829964,935407,6278501,7213908,6.71205261453036
2829995,935429,6278566,7213995,6.711964243144055
2830002,935433,6278602,7214035,6.711974027001399
2830178,935504,6278955,7214459,6.711841958986813
2830264,935531,6279120,7214651,6.711824621525102
2830342,935555,6279304,7214859,6.71184911629995
2830389,935563,6279330,7214893,6.711819514025245
2830403,935567,6279375,7214942,6.711838916934864
2830480,935617,6279642,7215259,6.711765604943048
2830486,935617,6279660,7215277,6.711784843584501
2830532,935622,6279801,7215423,6.711899677433835
2830585,935639,6279863,7215502,6.711843991111957
2830776,935727,6280215,7215942,6.711588957035546
2830898,935748,6280443,7216191,6.711681991305351
2831811,935764,6282694,7218458,6.713972753813996
2831870,935783,6282855,7218638,6.714008482735848
2831880,935783,6282871,7218654,6.714025580716897
2831910,935791,6282930,7218721,6.714031231332637
2831915,935791,6282935,7218726,6.7140365744060375
2832023,935791,6283492,7219283,6.71463179278279
2832029,935791,6283506,7219297,6.71464675338831
2832170,935837,6283850,7219687,6.714684287968952
2832172,935837,6283852,7219689,6.714686425093259
2832196,935837,6283902,7219739,6.714739853200931
2832206,935837,6283922,7219759,6.7147612244440005
2832226,935837,6283971,7219808,6.714813583989519
2832247,935844,6284027,7219871,6.714823197028565
2832288,935867,6284085,7219952,6.714720147200404
2832437,935932,6284363,7220295,6.714550843437344
2832490,935962,6284483,7220445,6.7144638350702275
2832516,935962,6284522,7220484,6.714505503428558
2832555,935983,6284660,7220643,6.714502293310883
2832593,935985,6284735,7220720,6.714568075343088
2832602,935987,6284751,7220738,6.714570822030648
2832619,935987,6284774,7220761,6.7145953950215125
2832777,935987,6285023,7221010,6.714861424357389
2832809,936003,6285066,7221069,6.71479258079301
2832980,936084,6285408,7221492,6.714576896945146
2832995,936084,6285439,7221523,6.714610013631256
2833091,936084,6285539,7221623,6.714716841650963
2833204,936175,6285746,7221921,6.714285256495847
2833243,936204,6285831,7222035,6.714168065934348
2833340,936211,6286041,7222252,6.714342172864877
2833349,936213,6286056,7222269,6.714343851238981
2833365,936213,6286122,7222335,6.714414348016958
2833393,936222,6286149,7222371,6.7143786409633615
2833401,936222,6286174,7222396,6.7144053440316505
2833441,936236,6286252,7222488,6.714388252534618
2833462,936243,6286288,7222531,6.714376502681462
2833814,936255,6287139,7223394,6.715199384782991
2833848,936281,6287181,7223462,6.715057765777582
2834048,936391,6287519,7223910,6.714629892854587
2834058,936395,6287528,7223923,6.714610821288025
2834074,936395,6287528,7223923,6.714610821288025
2834092,936395,6287586,7223981,6.714672760960919
2834670,936395,6288468,7224863,6.715614671159073
2834708,936433,6288544,7224977,6.715423313787532
2834928,936433,6289249,7225682,6.7161761706390095
2835000,936433,6289421,7225854,6.7163598463531295
2835038,936463,6289522,7225985,6.7162525374734505
2835052,936472,6289561,7226033,6.716229636337232
2835086,936477,6289621,7226098,6.7162578472295635
2835146,936499,6289735,7226234,6.716221800557181
2835284,936522,6290134,7226656,6.716482901629647
2835312,936528,6290179,7226707,6.716487921343516
2835340,936543,6290215,7226758,6.7164187869644
2836746,937298,6296160,7233458,6.717351365307511
2836832,937298,6296302,7233600,6.71750286461723
2836893,937322,6296414,7233736,6.717450353240402
2836929,937343,6296494,7233837,6.717385204775627
2836960,937343,6296571,7233914,6.717467351865859
2837173,937394,6297087,7234481,6.717652342558199
2837388,937413,6297565,7234978,6.718026099488699
2837534,937448,6297700,7235148,6.717919287256467
2837580,937448,6297871,7235319,6.718101697374148
2837629,937451,6297874,7235325,6.718083398492294
2837694,937454,6297921,7235375,6.718112035363869
2837724,937473,6297999,7235472,6.718059080101507
2837749,937473,6298026,7235499,6.7180878809309705
2837838,937527,6298200,7235727,6.717886524868084
2837992,937527,6298498,7236025,6.7182043823804545
2838409,937561,6299245,7236806,6.718757499512032
2838420,937561,6299265,7236826,6.718778831457366
2838544,937636,6299677,7237313,6.718680810037157
2838565,937642,6299788,7237430,6.7187561990610485
2838571,937642,6299806,7237448,6.71877539615333
2838602,937642,6299904,7237546,6.718879913655745
2838608,937642,6299918,7237560,6.718894844727519
2839094,937919,6300808,7238727,6.717859431358145
2839128,937935,6300885,7238820,6.717826928305266
2839141,937942,6300898,7238840,6.7177906523004625
2839253,938006,6301057,7239063,6.717501807024688
2839285,938018,6301119,7239137,6.717481967297003
2839286,938018,6301122,7239140,6.717485165529872
2839292,938018,6301136,7239154,6.717500090616598
2839302,938018,6301165,7239183,6.717531006867672
2839358,938018,6301289,7239307,6.717663200492955
2839371,938018,6301329,7239347,6.7177058435978845
2839391,938025,6301342,7239367,6.717669571706511
2839471,938070,6301440,7239510,6.717451789312098
2839550,938095,6301542,7239637,6.7173815018734775
2839671,938095,6301738,7239833,6.717590435936659
2839678,938095,6301755,7239850,6.71760855776867
2839876,938251,6302243,7240494,6.7170117591134995
2839898,938261,6302300,7240561,6.717000919786712
2839900,938262,6302304,7240566,6.716998024006088
2839932,938271,6302350,7240621,6.716982620159847
2840002,938308,6302540,7240848,6.716920243672654
2840039,938319,6302603,7240922,6.716908641943731
2840183,938393,6302832,7241225,6.716622992712009
2840223,938396,6302986,7241382,6.71676562986202
2840279,938399,6303154,7241553,6.716923185127009
2840321,938403,6303181,7241584,6.716923326118949
2840371,938428,6303315,7241743,6.7168871772794505
2840454,938432,6303607,7242039,6.717169704357907
2840459,938435,6303634,7242069,6.717177002136536
2840473,938440,6303667,7242107,6.717176377818507
2840542,938440,6304028,7242468,6.717561058778398
2840567,938451,6304067,7242518,6.717523877112391
2840601,938463,6304159,7242622,6.7175360136734215
2840690,938564,6304622,7243186,6.71730643834624
2840714,938582,6304681,7243263,6.717240475525847
2840744,938600,6304724,7243324,6.717157468570211
2840848,938630,6304896,7243526,6.7171260240989525
2840905,938630,6305059,7243689,6.7172996814506245
2841054,938744,6305395,7244139,6.71684186530087
2841150,938798,6305615,7244413,6.7166898523431025
2841169,938798,6305630,7244428,6.716705830221198
2841218,938817,6305722,7244539,6.71666789161253
2841227,938825,6305734,7244559,6.716623438873059
2841269,938840,6305868,7244708,6.716658855609049
2841304,938865,6305937,7244802,6.716553498106757
2841395,938936,6306166,7245102,6.716289502159891
2841438,938936,6306293,7245229,6.716424761645096
2841465,938944,6306374,7245318,6.716453803421716
2841684,939080,6306718,7245798,6.715847425139498
2841760,939117,6306875,7245992,6.715750007720018
2841785,939136,6306909,7246045,6.715650342442415
2841807,939136,6306954,7246090,6.715698258825133
2841957,939247,6307386,7246633,6.715364542021428
2842225,939256,6309039,7248295,6.717060098631257
2842278,939256,6309209,7248465,6.7172410929501645
2842376,939256,6309499,7248755,6.717549847964772
2842549,939326,6309977,7249303,6.7175581214615585
2842619,939354,6310093,7249447,6.717481375498481
2842624,939354,6310105,7249459,6.7174941502351615
2842772,939383,6310432,7249815,6.717634873102877
2842839,939391,6310487,7249878,6.717636213248796
2842848,939398,6310510,7249908,6.717610640005621
2842854,939398,6310524,7249922,6.717625543167007
2842862,939403,6310562,7249965,6.717630239630915
2842881,939403,6310616,7250019,6.7176877229474465
2842905,939422,6310691,7250113,6.717631692679116
2842950,939459,6310758,7250217,6.71743844063445
2842975,939459,6310823,7250282,6.717507629390958
2843096,939475,6311185,7250660,6.717778546528646
2843147,939491,6311254,7250745,6.717737583436137
2843226,939542,6311459,7251001,6.71759112418604
2843243,939545,6311514,7251059,6.71762821365661
2843262,939553,6311537,7251090,6.717595494878948
2843273,939554,6311578,7251132,6.717631982834408
2843286,939570,6311595,7251165,6.7175356812158755
2843446,939586,6311935,7251521,6.7177831513028075
2843567,939586,6312149,7251735,6.718010911188545
2843578,939597,6312194,7251791,6.717980155321909
2843590,939601,6312222,7251823,6.717981355915969
2843774,939682,6312585,7252267,6.71778857102722
2843789,939695,6312627,7252322,6.717740330639197
2843805,939695,6312681,7252376,6.717797796093413
2843866,939695,6312799,7252494,6.717923368752627
2843873,939695,6312822,7252517,6.717947844779423
2843901,939707,6312884,7252591,6.71792803501517
2843924,939717,6312908,7252625,6.717882085776888
2843935,939721,6312915,7252636,6.717860939576747
2844124,939829,6313357,7253186,6.71755925812036
2844521,939899,6314371,7254270,6.718137799912544
2844523,939902,6314374,7254276,6.718119548633794
2844981,939927,6315594,7255521,6.719238834505233
2845109,939950,6315836,7255786,6.719331879355285
2845146,939979,6315909,7255888,6.719202237496795
2845187,940003,6316019,7256022,6.71914770484775
2845207,940010,6316047,7256057,6.7191274560908925
2845344,940030,6316372,7256402,6.719330234141464
2845539,940115,6316716,7256831,6.7190886221366535
2845566,940116,6316770,7256886,6.71913891477222
2845594,940125,6316810,7256935,6.719117138678367
2845604,940125,6316826,7256951,6.719134157691796
2845653,940149,6316924,7257073,6.7190668713150785
2845668,940154,6316947,7257101,6.719055601529111
2845695,940170,6317003,7257173,6.719000819000819
2845923,940364,6317634,7257998,6.718285685117678
2845948,940373,6317676,7258049,6.718266049748345
2845975,940385,6317705,7258090,6.718211158195845
2846005,940385,6317791,7258176,6.718302610101182
2846026,940400,6317829,7258229,6.718235857082092
2846076,940421,6317984,7258405,6.718250655823296
2846097,940432,6318042,7258474,6.718233747894585
2846333,940445,6318714,7259159,6.718855435458746
2846419,940471,6318815,7259286,6.718777080845661
2846455,940498,6318915,7259413,6.7186905235311505
2846538,940537,6319129,7259666,6.718639458096811
2846539,940537,6319134,7259671,6.7186447742087765
2846555,940549,6319173,7259722,6.718600519483833
2846575,940561,6319192,7259753,6.718535001982859
2846593,940566,6319231,7259797,6.718540750994614
2846625,940566,6319324,7259890,6.718639627628471
2847114,940566,6320961,7261527,6.720380069022269
2847129,940566,6320999,7261565,6.720420470227501
2847205,940566,6321261,7261827,6.720699025905678
2847235,940578,6321310,7261888,6.720665378097298
2847386,940656,6321525,7262181,6.720336658672246
2847415,940656,6321610,7262266,6.720427021142692
2847478,940670,6321725,7262395,6.720449254254946
2847484,940670,6321739,7262409,6.720464137263865
2847504,940670,6321796,7262466,6.720524732371607
2847565,940699,6321915,7262614,6.720444052773523
2847677,940733,6322267,7263000,6.720575338592353
2847690,940734,6322278,7263012,6.720579887619667
2847944,940885,6322939,7263824,6.720203850629992
2848304,941000,6323848,7264848,6.720348565356004
2848412,941003,6324098,7265101,6.720592814263079
2848439,941011,6324130,7265141,6.720569685157772
2848475,941025,6324218,7265243,6.7205632156425175
2848497,941038,6324246,7265284,6.720500128581418
2848531,941038,6324286,7265324,6.72054263483515
2848591,941039,6324324,7265363,6.720575874113613
2848723,941054,6324418,7265472,6.720568638994149
2848743,941060,6324450,7265510,6.720559794274542
2848899,941110,6324739,7265849,6.720509823506285
2848955,941110,6324809,7265919,6.72058420375939
2848980,941110,6324849,7265959,6.720626706761165
2848985,941116,6324862,7265978,6.720597673400516
2849007,941121,6324929,7266050,6.720633159816857
2849079,941145,6325053,7266198,6.720593532346238
2849122,941157,6325156,7266313,6.7206172827700374
2849404,941259,6325557,7266816,6.720315024876256
2849616,941346,6326190,7267536,6.720366369007783
2849635,941354,6326207,7267561,6.7203273157600645
2850135,941484,6327050,7268534,6.720294768684332
2850202,941484,6327123,7268607,6.720372305849064
2850211,941490,6327137,7268627,6.720344347789143
2850312,941490,6327672,7269162,6.72091259599146
2850442,941537,6327894,7269431,6.72081288361477
2850454,941550,6327911,7269461,6.720738144548882
2851961,942183,6330653,7272836,6.719133119574435
2851997,942190,6330726,7272916,6.71916067884397
2852019,942198,6330763,7272961,6.719142897777325
2852077,942198,6330860,7273058,6.719245848537144
2852240,942291,6331263,7273554,6.719010369408177
2852291,942310,6331349,7273659,6.7189661576339
2852329,942323,6331403,7273726,6.7189307700225935
2852362,942344,6331468,7273812,6.718850016554464
2852372,942344,6331478,7273822,6.718860628390481
2852406,942347,6331538,7273885,6.718902909437818
2852466,942370,6331625,7273995,6.718831244627906
2852549,942377,6331841,7274218,6.719010544612188
2852556,942380,6331858,7274238,6.719007194549969
2852802,942479,6332364,7274843,6.7188382977233445
2852863,942500,6332500,7275000,6.718832891246684
2853056,942500,6332878,7275378,6.719233952254642
2853069,942500,6332892,7275392,6.719248806366048
2853191,942565,6333258,7275823,6.719173743985826
2853640,942565,6333799,7276364,6.719747709707023
2853642,942568,6333802,7276370,6.719729504926965
2853661,942568,6333851,7276419,6.719781490566198
2853680,942571,6333904,7276475,6.719816332138374
2853737,942603,6333976,7276579,6.719664588379201
2853828,942627,6334191,7276818,6.719721586587272
2853892,942653,6334352,7277005,6.719707039599937
2853899,942653,6334375,7277028,6.719731438822133
2853948,942662,6334473,7277135,6.71977124356344
2854062,942704,6334683,7277387,6.719694623126665
2854257,942787,6335025,7277812,6.719465796622143
2854314,942798,6335072,7277870,6.719437249548684
2854333,942811,6335096,7277907,6.71937005401931
2854445,942852,6335503,7278355,6.719509530658046
2854494,942875,6335602,7278477,6.719450616465597
2854512,942878,6335619,7278497,6.719447266772583
2854588,942908,6335730,7278638,6.7193511986323164
2854642,942958,6335828,7278786,6.719098835791201
2854645,942958,6335837,7278795,6.719108380224782
2854667,942965,6335873,7278838,6.719096679092013
2854796,943002,6336103,7279105,6.719076947874978
2854835,943007,6336194,7279201,6.719137821882552
2854856,943013,6336251,7279264,6.719155515353447
2855089,943063,6337349,7280412,6.719963565530617
2855266,943210,6337698,7280908,6.719286267109127
2855439,943225,6337872,7281097,6.719363884545045
2855442,943227,6337883,7281110,6.71936129902982
2855449,943227,6337899,7281126,6.7193782620726505
2855504,943260,6338057,7281317,6.719310688463414
2855513,943263,6338069,7281332,6.719302039834066
2855515,943265,6338075,7281340,6.719294153816796
2855713,943310,6338197,7281507,6.719102946009265
2855852,943310,6338197,7281507,6.719102946009265
2855877,943310,6338305,7281615,6.719217436473694
2855884,943310,6338326,7281636,6.719239698508444
2855890,943312,6338341,7281653,6.719241353868074
2855947,943335,6338438,7281773,6.719180354805027
2855977,943345,6338481,7281826,6.719154710100758
2856008,943369,6338567,7281936,6.719074932502552
2856034,943369,6338659,7282028,6.719172455317061
2856187,943400,6338790,7282190,6.719090523637905
2856262,943404,6338946,7282350,6.719227393566277
2856351,943432,6339144,7282576,6.719237846500861
2856361,943432,6339172,7282604,6.719267525375438
2856415,943448,6339234,7282682,6.719219289245406
2856463,943462,6339331,7282793,6.719222395814564
2856825,943532,6340078,7283610,6.719515607313795
2856879,943550,6340200,7283750,6.71951671877484
2856980,943594,6340482,7284076,6.7195022435496625
2856981,943594,6340487,7284081,6.719507542438803
2856993,943594,6340508,7284102,6.719529797773195
2857052,943615,6340656,7284271,6.719537099346661
2857085,943631,6340706,7284337,6.719476151165021
2857540,943809,6342278,7286087,6.719874466126091
2857555,943812,6342315,7286127,6.71989230906155
2857566,943818,6342344,7286162,6.719880315908363
2857612,943842,6342443,7286285,6.719814333331215
2857791,943948,6342632,7286580,6.719259959235043
2857815,943948,6342662,7286610,6.719291740646731
2857864,943981,6342727,7286708,6.7191257027418985
2857879,943981,6342743,7286724,6.719142652235585
2857894,943981,6342799,7286780,6.7192019754634895
2857916,943986,6342848,7286834,6.7192182934916405
2857999,944014,6342921,7286935,6.719096326961252
2858107,944014,6343450,7287464,6.719656700006568
2858266,944014,6343771,7287785,6.719996737336523
2858313,944030,6343851,7287881,6.719967585775875
2858327,944030,6343887,7287917,6.720005720157198
2858424,944071,6344030,7288101,6.719865349110395
2858429,944071,6344036,7288107,6.719871704564593
2858508,944071,6344329,7288400,6.720182062577921
2858596,944137,6344528,7288665,6.719923062013246
2858637,944157,6344703,7288860,6.71996606496589
2858660,944175,6344725,7288900,6.719861254534382
2858708,944187,6344800,7288987,6.7198552829047635
2858840,944210,6344846,7289056,6.719740312006863
2858868,944217,6344954,7289171,6.719804875362337
2858871,944217,6344963,7289180,6.719814407069562
2858898,944241,6345027,7289268,6.719711387241181
2858903,944241,6345039,7289280,6.71972409586112
2859417,944300,6346884,7291184,6.721258074764376
2859518,944328,6347122,7291450,6.721310815733516
2859590,944328,6347348,7291676,6.721550139358358
2859621,944345,6347414,7291759,6.721499028427111
2859622,944345,6347416,7291761,6.721501146297169
2859694,944345,6347646,7291991,6.721744701353848
2859843,944387,6347956,7292343,6.721774018490301
2859946,944387,6348093,7292480,6.721919086137357
2860004,944388,6348100,7292488,6.72191938059357
2860229,944474,6348639,7293113,6.721877997700307
2860236,944474,6348656,7293130,6.721895997137031
2860675,944684,6349342,7294026,6.72112791155561
2860796,944707,6349582,7294289,6.721218324835108
2860797,944707,6349587,7294294,6.721223617481399
2860819,944717,6349644,7294361,6.721212807645041
2860885,944717,6350021,7294738,6.721611868951231
2861037,944762,6350314,7295076,6.721601842580459
2861126,944784,6350508,7295292,6.721650663008687
2861127,944784,6350512,7295296,6.72165489678064
2861133,944791,6350527,7295318,6.721620972257356
2861329,944886,6350865,7295751,6.72130288733244
2861337,944886,6350878,7295764,6.721316645605925
2861457,944886,6351225,7296111,6.721683885675097
2861464,944889,6351234,7296123,6.721672069417678
2861625,944990,6351570,7296560,6.721309220203389
2861655,944999,6351616,7296615,6.721293884967074
2861730,944999,6351868,7296867,6.721560551915928
2861844,944999,6352121,7297120,6.72182827706696
2861862,945006,6352140,7297146,6.721798591754973
2861924,945037,6352305,7297342,6.721752693280792
2861973,945075,6352419,7297494,6.721603047377192
2862050,945092,6352597,7297689,6.721670482873625
2862088,945104,6352615,7297719,6.7216041832433255
2862170,945176,6352929,7298105,6.72142436964121
2862210,945176,6353015,7298191,6.721515357986237
2862212,945178,6353016,7298194,6.721502193237676
2862290,945207,6353093,7298300,6.721377433726158
2862333,945221,6353192,7298413,6.721382618456424
2862503,945221,6353413,7298634,6.721616426211436
2862994,945338,6354233,7299571,6.721651938248542
2862998,945338,6354241,7299579,6.72166040083018
2863004,945338,6354259,7299597,6.721679441638863
2863010,945338,6354273,7299611,6.7216942511567295
2863053,945356,6354327,7299683,6.721623388437795
2863079,945356,6354382,7299738,6.721681567578774
2863089,945356,6354397,7299753,6.721697434617224
2863171,945402,6354626,7300028,6.72161260500824
2863202,945402,6354706,7300108,6.721697225095779
2863213,945402,6354737,7300139,6.721730015379701
2863274,945422,6354888,7300310,6.72174753707868
2863285,945422,6354898,7300320,6.72175811436586
2863306,945422,6354962,7300384,6.72182580900381
2863320,945422,6355002,7300424,6.721868118152528
2863367,945430,6355111,7300541,6.721926530784934
2863369,945430,6355119,7300549,6.721934992543075
2863413,945433,6355235,7300668,6.722036357943926
2863426,945445,6355256,7300701,6.721973250691473
2863489,945480,6355419,7300899,6.721896814316538
2864040,945485,6356917,7302402,6.7234456390106665
2864244,945485,6357749,7303234,6.724325610665426
2864498,945696,6358204,7303900,6.723306432511082
2864551,945724,6358308,7304032,6.723217344595252
2864571,945731,6358333,7304064,6.72319401605742
2864583,945731,6358348,7304079,6.723209876804292
2864639,945731,6358436,7304167,6.723302926519274
2864721,945736,6358508,7304244,6.723343512354399
2864801,945736,6358682,7304418,6.723527496045408
2864830,945736,6358713,7304449,6.723560274748978
2864896,945783,6358963,7304746,6.7234904835464375
2865010,945786,6359393,7305179,6.723923805173686
2865017,945786,6359410,7305196,6.723941779641484
2865179,945864,6359847,7305711,6.723849306031311
2866489,946923,6362485,7309408,6.7191154930231916
2866499,946934,6362523,7309457,6.719077570348092
2868426,947743,6368350,7316093,6.719490410374965
2868444,947743,6368397,7316140,6.719540001878146
2868456,947749,6368412,7316161,6.719513288856016
2868479,947756,6368502,7316258,6.719558620573228
2868545,947790,6368612,7316402,6.719433629812511
2868570,947799,6368639,7316438,6.719398311245317
2868577,947799,6368662,7316461,6.719422577993857
2868730,947863,6368913,7316776,6.7192336867247695
2868741,947866,6368942,7316808,6.719243015362931
2868772,947891,6368997,7316888,6.719123823308798
2868815,947910,6369104,7317014,6.7191020244537984
2869038,947956,6369743,7317699,6.719450058863491
2869069,947956,6369854,7317810,6.719567152905831
2869076,947956,6369877,7317833,6.719591415635325
2869111,947972,6369925,7317897,6.719528635866882
2869267,947973,6370281,7318254,6.71989708567649
2869889,947973,6371414,7319387,6.721092267395801
2870010,947973,6371921,7319894,6.721627092754751
2870193,947982,6372989,7320971,6.7226898822973435
2870235,947982,6373120,7321102,6.722828070575179
2870259,947982,6373209,7321191,6.72292195421432
2870330,947985,6373429,7321414,6.72313274999077
2870365,948008,6373575,7321583,6.723123644526207
2870450,948008,6373772,7321780,6.723331448679758
2870477,948017,6373857,7321874,6.723357281567735
2871228,948389,6374846,7323235,6.721762905305734
2871269,948402,6374887,7323289,6.721713998916071
2871285,948412,6374917,7323329,6.721674757383922
2871296,948414,6374943,7323357,6.721687997013962
2871304,948420,6374967,7323387,6.7216707787689
2871383,948448,6375171,7323619,6.721687430412632
2871575,948546,6375560,7324106,6.721403073757098
2871608,948551,6375589,7324140,6.721398216859188
2872921,948551,6378891,7327442,6.724879315925027
2873036,948576,6379092,7327668,6.724913976318186
2873053,948576,6379096,7327672,6.724918193165334
2873061,948576,6379104,7327680,6.72492662685963
2873172,948639,6379275,7327914,6.724660276459222
2873182,948648,6379295,7327943,6.724617560992065
2873222,948675,6379526,7328201,6.724669670856721
2873280,948698,6379622,7328320,6.7246078309430395
2873592,948853,6380125,7328978,6.724039445520012
2873609,948861,6380176,7329037,6.724036502712199
2873694,948884,6380250,7329134,6.723951505136561
2873790,948956,6380468,7329424,6.723671065887143
2873804,948959,6380509,7329468,6.723693015188222
2873906,949005,6380683,7329688,6.723550455477052
2873967,949026,6380755,7329781,6.7234775443454655
2874121,949026,6381011,7330037,6.723747294594669
2874139,949033,6381046,7330079,6.723734580357058
2874150,949041,6381076,7330117,6.723709513076885
2874165,949046,6381104,7330150,6.723703592871157
2874279,949080,6381221,7330301,6.723585999072786
2874301,949080,6381236,7330316,6.7236018038521514
2874309,949080,6381258,7330338,6.7236249841952205
2874370,949146,6381399,7330545,6.7233060035020955
2874458,949213,6381561,7330774,6.723002108062152
2874467,949213,6381587,7330800,6.723029499174579
2874478,949216,6381627,7330843,6.723050391059569
2874511,949239,6381691,7330930,6.722954914410385
2874733,949386,6382242,7331628,6.722494327912988
2874831,949393,6382410,7331803,6.722621717244597
2874869,949403,6382517,7331920,6.722663610711153
2874875,949405,6382524,7331929,6.722656821904245
2874989,949405,6382777,7332182,6.722923304596036
2875074,949449,6382903,7332352,6.722744454941761
2875082,949449,6382925,7332374,6.722767626275871
2875118,949449,6383030,7332479,6.722878216734127
2875194,949485,6383175,7332660,6.722776031216923
2875632,949543,6383709,7333252,6.722927766304422
2875640,949549,6383733,7333282,6.722910560697763
2875709,949549,6384056,7333605,6.723250722184953
2875756,949583,6384138,7333721,6.723096348607758
2875770,949583,6384198,7333781,6.72315953423766
2875858,949635,6384430,7334065,6.723035692660864
2875893,949635,6384545,7334180,6.723156791820015
2875905,949635,6384574,7334209,6.7231873298688445
2875946,949635,6384653,7334288,6.723270519726
2876643,949635,6386548,7336183,6.725266023261569
2876689,949643,6386744,7336387,6.725415761501954
2876896,949759,6387030,7336789,6.724895473483273
2876916,949770,6387070,7336840,6.724859702875433
2876944,949770,6387086,7336856,6.724876549059246
2877051,949832,6387231,7337063,6.724590243327241
2877060,949832,6387257,7337089,6.724617616589039
2877069,949834,6387280,7337114,6.724627671782648
2877123,949850,6387374,7337224,6.724613360004211
2877130,949850,6387394,7337244,6.724634415960415
2877671,950070,6388315,7338385,6.72404664919427
2877777,950137,6388543,7338680,6.723812460729348
2877790,950137,6388543,7338680,6.723812460729348
2878347,950724,6389552,7340276,6.7207223126796
2878377,950732,6389591,7340323,6.720706781721873
2878401,950742,6389645,7340387,6.720692890395081
2878463,950776,6389832,7340608,6.72064923809604
2878463,950776,6389832,7340608,6.72064923809604
2878476,950776,6389888,7340664,6.720708137353068
2878480,950776,6389897,7340673,6.72071760330509
2878496,950776,6389923,7340699,6.72074494938871
2878525,950781,6389947,7340728,6.720734848508752
2878538,950789,6389962,7340751,6.720694076183044
2878552,950796,6389984,7340780,6.720667735244994
2878740,950847,6390311,7341158,6.720651166801809
2879028,950945,6391147,7342092,6.720837693031669
2879108,950945,6391241,7342186,6.720936542071308
2880814,950956,6394687,7345643,6.724482520747542
2880862,950956,6394830,7345786,6.724632895738604
2880909,950978,6394863,7345841,6.724512028669433
2881097,950978,6395142,7346120,6.724805410850724
2881233,951052,6395642,7346694,6.72480789693939
2881469,951052,6396636,7347688,6.72585305535344
2881491,951058,6396716,7347774,6.725894740383867
2881492,951058,6396718,7347776,6.725896843305035
2881505,951060,6396768,7347828,6.725935272222573
2881511,951060,6396785,7347845,6.72595314701491
2881548,951071,6396824,7347895,6.725916361659645
2881583,951095,6396902,7347997,6.7258286501348445
2882036,951166,6397066,7348232,6.725499019098664
2882098,951194,6397205,7348399,6.72544717481397
2882122,951194,6397260,7348454,6.725504996877609
2882377,951194,6397852,7349046,6.726127372544402
2882408,951202,6397923,7349125,6.726145445446919
2882491,951231,6398202,7349433,6.726233690870041
2882566,951237,6398381,7349618,6.726379440665155
2882605,951255,6398459,7349714,6.726334158558957
2882618,951262,6398483,7349745,6.726309891491513
2882621,951265,6398489,7349754,6.726294986150021
2882661,951272,6398507,7349779,6.726264412281661
2882667,951272,6398521,7349793,6.726279129418295
2882722,951273,6398809,7350082,6.726574810806151
2882894,951273,6399185,7350458,6.726970070631669
2882913,951291,6399259,7350550,6.726920574251202
2883345,951300,6399755,7351055,6.727378324398192
2883376,951300,6399828,7351128,6.727455061494797
2883384,951303,6399850,7351153,6.727456972173955
2883495,951341,6400083,7351424,6.727433170650692
2883531,951353,6400113,7351466,6.727379847438333
2883567,951387,6400284,7351671,6.727319166648273
2883634,951407,6400375,7351782,6.727273396138561
2883821,951407,6401055,7352462,6.727988127058136
2883829,951407,6401055,7352462,6.727988127058136
2883872,951428,6401091,7352519,6.727877464190669
2883890,951428,6401146,7352574,6.727935272033196
2883944,951440,6401225,7352665,6.727933448246868
2883989,951461,6401322,7352783,6.727886902353328
2884099,951479,6401388,7352867,6.727828990445401
2884108,951483,6401417,7352900,6.727831185633375
2884115,951483,6401437,7352920,6.72785220545191
2884497,951502,6403004,7354506,6.729364730709972
2884588,951502,6403398,7354900,6.729778812866394
2884670,951549,6403549,7355098,6.729605096532076
2884677,951549,6403566,7355115,6.729622962138576
2884684,951549,6403589,7355138,6.729647133253254
2884704,951549,6403610,7355159,6.729669202531872
2884714,951549,6403626,7355175,6.7296860172203425
2884756,951565,6403675,7355240,6.729624355666718
2884916,951565,6403951,7355516,6.729914404165769
2885008,951568,6404287,7355855,6.730246288231634
2885040,951582,6404349,7355931,6.730212425203503
2886041,951588,6406046,7357634,6.7319533243378435
2886068,951599,6406082,7357681,6.73191333744571
2886107,951600,6406099,7357699,6.731924127784784
2886147,951611,6406159,7357770,6.731909362123809
2886162,951611,6406207,7357818,6.731959802902657
2886212,951611,6406289,7357900,6.732045972566522
2887676,951611,6408375,7359986,6.734238044747276
2888032,951796,6409024,7360820,6.73361098386629
2888041,951796,6409053,7360849,6.733641452580175
2888121,951854,6409216,7361070,6.733402391543241
2888149,951870,6409248,7361118,6.73332282769706
2888157,951875,6409262,7361137,6.7333021667761
2888179,951875,6409329,7361204,6.733372554169402
2888547,951887,6410031,7361918,6.73402515214516
2890852,952523,6414466,7366989,6.734184896322714
2890865,952532,6414489,7367021,6.734145414537254
2890947,952561,6414564,7367125,6.734019133682778
2890952,952561,6414576,7367137,6.734031731301197
2890992,952575,6414686,7367261,6.7340482376715745
2891061,952608,6414817,7367425,6.733952475729786
2891100,952614,6414890,7367504,6.733986693456111
2891216,952614,6415084,7367698,6.734190343622916
2891263,952614,6415181,7367795,6.734292168706317
2891274,952614,6415204,7367818,6.734316312798258
2891536,952765,6415752,7368517,6.733824185397238
2891672,952798,6416002,7368800,6.733853345619953
2891866,952798,6416530,7369328,6.734407502954456
2892050,952874,6416985,7369859,6.734347878103506
2892447,953058,6418055,7371113,6.734170428242562
2892531,953098,6418289,7371387,6.734133321022602
2892548,953112,6418327,7371439,6.734074274586827
2892677,953153,6418888,7372041,6.734373180381324
2892718,953162,6418953,7372115,6.734377786777064
2892867,953173,6419815,7372988,6.735204417246397
2892992,953226,6420221,7373447,6.73525585747766
2892998,953226,6420235,7373461,6.735270544445913
2893295,953453,6421175,7374628,6.734652887976649
2893361,953469,6421311,7374780,6.734682511964206
2893433,953485,6421379,7374864,6.73464081763216
2893460,953490,6421445,7374935,6.734674721287061
2893505,953515,6421467,7374982,6.734521218858644
2893558,953554,6421555,7375109,6.734338065804349
2893575,953559,6421573,7375132,6.73432163085871
2893610,953574,6421619,7375193,6.734263937565411
2893644,953579,6421652,7375231,6.734263233565336
2893663,953589,6421715,7375304,6.73425867957789
2893734,953589,6421917,7375506,6.734470510880474
2893807,953622,6421997,7375619,6.734321355841203
2893821,953633,6422045,7375678,6.734294010379255
2893855,953652,6422084,7375736,6.7342007356981375
2893897,953665,6422163,7375828,6.734191775938092
2893906,953669,6422166,7375835,6.734166676278667
2894083,953749,6422455,7376204,6.733904832403494
2894088,953749,6422460,7376209,6.733910074872949
2894107,953755,6422479,7376234,6.733887633616599
2894125,953757,6422491,7376248,6.733886094676107
2894126,953757,6422496,7376253,6.733891337101589
2894132,953758,6422509,7376267,6.733897907016245
2894168,953774,6422552,7376326,6.733830026819771
2894352,953900,6423203,7377103,6.733623021281057
2894388,953916,6423249,7377165,6.733558300730882
2894658,953950,6423951,7377901,6.734054195712564
2894704,953966,6424048,7378014,6.734042932347694
2894724,953980,6424081,7378061,6.733978699763098
2894827,954017,6424350,7378367,6.73399949896071
2894859,954029,6424410,7378439,6.733977688309265
2894862,954029,6424410,7378439,6.733977688309265
2894870,954029,6424434,7378463,6.7340028447772555
2894876,954031,6424444,7378475,6.733999209669287
2894945,954031,6424820,7378851,6.73439332684158
2894979,954064,6424927,7378991,6.734272543561019
2895313,954236,6425707,7379943,6.733876106120499
2895384,954282,6425862,7380144,6.733713933617107
2895403,954289,6425916,7380205,6.7337211264092955
2895470,954322,6426077,7380399,6.733656983701518
2895491,954322,6426109,7380431,6.733690515360643
2895525,954327,6426127,7380454,6.733674097033826
2895568,954360,6426218,7380578,6.733536610922503
2895637,954394,6426440,7380834,6.733529339036079
2897273,955317,6431712,7387029,6.732542182333194
2897337,955371,6431812,7387183,6.732266313296091
2897467,955388,6432065,7387453,6.7324113344526
2897646,955444,6432521,7387965,6.732494002788233
2897724,955444,6433323,7388767,6.733333403108921
2897733,955444,6433344,7388788,6.733355382419064
2897740,955444,6433367,7388811,6.7333794549968395
2898015,955466,6434257,7389723,6.7341558987970265
2898054,955483,6434294,7389777,6.734074808238346
2898132,955496,6434549,7390045,6.734250064887765
2898179,955535,6434629,7390164,6.734058930337455
2898209,955561,6434713,7390274,6.7339636088119965
2898224,955568,6434754,7390322,6.733957185673861
2898230,955568,6434768,7390336,6.733971836645848
2898261,955577,6434831,7390408,6.733974342203716
2898696,955820,6436079,7391899,6.733568035822644
2898702,955820,6436093,7391913,6.7335826829319325
2898740,955833,6436116,7391949,6.733515164259866
2898751,955833,6436146,7391979,6.7335465504957455
2898945,955912,6436524,7392436,6.7333854999204945
2898954,955912,6436541,7392453,6.7334032839843
2899082,955969,6436872,7392841,6.733348047896951
2899090,955969,6436897,7392866,6.733374199372574
2899101,955969,6436924,7392893,6.733402442966247
2899121,955980,6436942,7392922,6.7333437938032175
2899191,955980,6437110,7393090,6.733519529697274
2899201,955980,6437130,7393110,6.733540450637043
2899224,955991,6437155,7393146,6.733489122805549
2899258,956008,6437250,7393258,6.733468757583618
2899271,956008,6437290,7393298,6.733510598237672
2899272,956008,6437299,7393307,6.733520012384834
2899325,956022,6437369,7393391,6.733494626692691
2899355,956030,6437421,7393451,6.733492672824075
2899390,956037,6437464,7393501,6.733488348254304
2899397,956039,6437470,7393509,6.733480537927846
2899463,956055,6437562,7393617,6.733464078949432
2899496,956078,6437609,7393687,6.733351253767998
2899540,956100,6437655,7393755,6.733244430498901
2899560,956112,6437706,7393818,6.733213263718058
2899578,956112,6437706,7393818,6.733213263718058
2899720,956112,6437893,7394005,6.733408847499038
2899727,956112,6437909,7394021,6.733425581940191
2899800,956115,6437930,7394045,6.7334264183701755
2899835,956128,6437976,7394104,6.733382978011313
2899842,956128,6437993,7394121,6.733400758057498
2899899,956176,6438066,7394242,6.73313908736467
2899955,956190,6438093,7394283,6.733068741568099
2900082,956230,6438323,7394553,6.733027618878303
2900089,956233,6438329,7394562,6.733012769900223
2900103,956252,6438387,7394639,6.7329396435249285
2900242,956374,6438766,7395140,6.732477043499719
2900276,956384,6438804,7395188,6.732446381369827
2900979,956390,6439639,7396029,6.733277219544328
2901227,956444,6440403,7396847,6.733695856735993
2901234,956452,6440417,7396869,6.733654171876895
2901327,956500,6440539,7397039,6.733443805541035
2901369,956523,6440601,7397124,6.733346715133876
2901418,956543,6440698,7397241,6.733307336941465
2901462,956553,6440788,7397341,6.733331033408499
2901492,956560,6440865,7397425,6.733362256418834
2901859,956693,6441261,7397954,6.732840106491842
2901905,956721,6441341,7398062,6.73272667789251
2902031,956820,6441619,7398439,6.732320603666311
2902230,956820,6441876,7398696,6.732589201730733
2902236,956821,6441887,7398708,6.732593661719381
2902296,956866,6442050,7398916,6.732447385527336
2902421,956920,6442381,7399301,6.732413367888642
2902435,956925,6442416,7399341,6.732414766047496
2902437,956926,6442424,7399350,6.732416090690398
2902517,956954,6442628,7399582,6.732432279921501
2902561,956954,6442793,7399747,6.732604702002395
2902653,956954,6442939,7399893,6.732757269419428
2902662,956961,6442965,7399926,6.7327351898353225
2902716,956972,6442995,7399967,6.7326891486898255
2902735,956976,6443031,7400007,6.732698625670864
2902786,956982,6443072,7400054,6.732699256621337
2902833,956999,6443154,7400153,6.732665342388027
2902899,957008,6443259,7400267,6.732711743266514
2902913,957008,6443305,7400313,6.732759809740357
2902948,957026,6443345,7400371,6.732674974347614
2902979,957038,6443386,7400424,6.73263339595711
2902994,957040,6443425,7400465,6.7326600769037865
2903078,957081,6443657,7400738,6.732614062968547
2903126,957129,6443784,7400913,6.732409110997577
2903152,957141,6443804,7400945,6.732345600073552
2903207,957172,6443923,7401095,6.73225188367399
2903337,957173,6444308,7401481,6.732647076338342
2903364,957176,6444372,7401548,6.732692838098741
2903375,957176,6444392,7401568,6.732713732897607
2903412,957176,6444428,7401604,6.7327513435355675
2903453,957176,6444505,7401681,6.732831788511204
2903611,957182,6444903,7402085,6.733205388316955
2903626,957190,6444927,7402117,6.733174186943031
2903657,957215,6444981,7402196,6.733054747366057
2903685,957223,6445011,7402234,6.733029816458652
2903737,957248,6445120,7402368,6.732967841144615
2903831,957316,6445283,7402599,6.732659853172829
2904004,957385,6445689,7403074,6.732598693315646
2904020,957385,6445715,7403100,6.732625850624357
2904140,957424,6445887,7403311,6.732531250522235
2904149,957426,6445909,7403335,6.73254016498403
2904170,957426,6445955,7403381,6.732588210472663
2904238,957468,6446071,7403539,6.732414033680499
2904353,957519,6446205,7403724,6.732195392467408
2904389,957532,6446275,7403807,6.732177096953418
2904420,957551,6446322,7403873,6.732092598723201
2904617,957571,6446710,7404281,6.7323571829138515
2904725,957599,6447017,7404616,6.732480923643404
2904844,957609,6447078,7404687,6.732474318850387
2904859,957614,6447114,7404728,6.732476759947119
2904948,957618,6447357,7404975,6.732702392812165
2904954,957618,6447371,7404989,6.732717012420402
2905103,957675,6447548,7405223,6.732501109457801
2905215,957692,6447724,7405416,6.732565375924619
2905233,957692,6447807,7405499,6.73265204261913
2905284,957701,6447927,7405628,6.732714072555004
2905373,957701,6448240,7405941,6.733040896897884
2905400,957726,6448273,7405999,6.732899597588454
2905457,957770,6448373,7406143,6.732694697056704
2905536,957770,6448578,7406348,6.7329087359178095
2905543,957770,6448602,7406372,6.732933794125938
2905559,957779,6448645,7406424,6.732915422033684
2905619,957779,6448847,7406626,6.733126326636938
2905643,957779,6448914,7406693,6.733196280143958
2905649,957782,6448930,7406712,6.73319189544176
2905829,957872,6449386,7407258,6.733035311607396
2905842,957880,6449432,7407312,6.733027101515847
2905890,957880,6449497,7407377,6.733094959702677
2905900,957880,6449538,7407418,6.733137762558984
2905934,957894,6449627,7407521,6.733132267244601
2905944,957906,6449643,7407549,6.7330646222071895
2906058,957928,6449928,7407856,6.733207506200883
2906447,957954,6450292,7408246,6.733404735509221
2906528,957980,6450381,7408361,6.733314891751394
2906691,958043,6450614,7408657,6.733115319458522
2906738,958052,6450715,7408767,6.733157490407619
2906756,958052,6450742,7408794,6.733185672593972
2906778,958069,6450772,7408841,6.733097511765854
2906800,958069,6450839,7408908,6.733167444098494
2906922,958097,6450939,7409036,6.73307504354987
2906937,958097,6450977,7409074,6.733114705504766
2907000,958097,6451025,7409122,6.733164804816214
2907026,958097,6451046,7409143,6.733186723264972
2907117,958097,6451073,7409170,6.733214904127661
2907771,958269,6452402,7410671,6.733393233006598
2907772,958269,6452407,7410676,6.733398450748172
2907827,958269,6452615,7410884,6.733615508797634
2907969,958269,6452802,7411071,6.733810652332487
2908117,958365,6453409,7411774,6.73376949283415
2908127,958365,6453425,7411790,6.733786187934659
2908137,958365,6453441,7411806,6.733802883035169
2908170,958365,6453478,7411843,6.733841490455098
2908184,958371,6453501,7411872,6.73382333146558
2908337,958384,6453980,7412364,6.734231790180137
2908461,958417,6454102,7412519,6.7341272118503746
2908490,958428,6454152,7412580,6.734102092175938
2908509,958428,6454188,7412616,6.734139653682906
2908535,958438,6454268,7412706,6.73415286121794
2908578,958458,6454361,7412819,6.734109371511323
2909191,958458,6454361,7412819,6.734109371511323
2909223,958460,6454424,7412884,6.734161050017737
2909241,958460,6454475,7412935,6.73421426037602
2909343,958473,6454830,7413303,6.734493303410738
2909371,958492,6454883,7413375,6.734415102056147
2909521,958603,6455214,7413817,6.73398059467788
2909534,958603,6455227,7413830,6.733994156079211
2909830,958729,6455729,7414458,6.73363275753628
2909843,958729,6455751,7414480,6.733655704583882
2909876,958748,6455796,7414544,6.733569196493761
2909903,958759,6455872,7414631,6.733571210283293
2910007,958780,6455954,7414734,6.733509251340245
2910162,958869,6456117,7414986,6.733054254543634
2910184,958876,6456167,7415043,6.733057246192417
2910218,958891,6456292,7415183,6.7330822794248775
2910220,958893,6456295,7415188,6.733071364583952
2910302,958937,6456460,7415397,6.732934488918459
2910741,959113,6457470,7416583,6.7327520323465535
2910798,959135,6457521,7416656,6.732650773874377
2910881,959206,6457747,7416953,6.732388037606103
2910954,959206,6458012,7417218,6.732664307771219
2912640,959336,6461399,7420735,6.735282528749051
2912768,959396,6461737,7421133,6.735213613565201
2913030,959406,6462331,7421737,6.735762544741226
2913047,959409,6462347,7421756,6.735758159450245
2913086,959421,6462368,7421789,6.735695799862626
2913291,959448,6462576,7422024,6.7357230407484305
2913325,959479,6462667,7422146,6.735600258056716
2913358,959495,6462720,7422215,6.735543176358397
2913414,959502,6462750,7422252,6.735525303751321
2913484,959531,6462836,7422367,6.735411362426018
2913523,959548,6462891,7422439,6.73534935198656
2913551,959548,6462986,7422534,6.735448356934723
2913557,959548,6463000,7422548,6.735462947137611
2913565,959548,6463022,7422570,6.7354858745992905
2913623,959548,6463195,7422743,6.735666167820682
2913689,959629,6463372,7423001,6.735282072550954
2913752,959629,6463569,7423198,6.735487360219418
2913850,959629,6463651,7423280,6.735572809908829
2913860,959629,6463676,7423305,6.735598861643406
2914122,959792,6464320,7424112,6.7351259439545235
2914188,959804,6464355,7424159,6.735078203466541
2914226,959859,6464487,7424346,6.734829803127334
2914251,959874,6464529,7424403,6.734768313341126
2914348,959899,6464737,7424636,6.734809599759974
2914377,959907,6464781,7424688,6.734799308683028
2914807,960059,6465369,7425428,6.734345493349888
2914817,960064,6465384,7425448,6.734326044930338
2914870,960128,6465611,7425739,6.73411357652313
2915589,960325,6466794,7427119,6.733964022596517
2915614,960325,6466867,7427192,6.734040038528623
2915634,960325,6466937,7427262,6.7341129305183145
2915772,960407,6467347,7427754,6.733964871143171
2916077,960510,6467935,7428445,6.733854931234449
2916083,960510,6467949,7428459,6.733869506824499
2916248,960538,6468406,7428944,6.7341489873383455
2916287,960540,6468554,7429094,6.7342890457451015
2916398,960540,6468863,7429403,6.7346107397922
2916428,960550,6468905,7429455,6.734584352714591
2916499,960550,6469162,7429712,6.734851907761178
2916519,960550,6469199,7429749,6.734890427359326
2916705,960620,6469500,7430120,6.734712997855552
2916709,960623,6470436,7431059,6.7356663332025155
2916768,960655,6470590,7431245,6.735602271366932
2916793,960667,6470635,7431302,6.735564977250181
2916807,960667,6470684,7431351,6.735615983478146
2917497,960907,6471490,7432397,6.73477245976978
2917513,960907,6471516,7432423,6.734799517539158
2917632,960907,6471786,7432693,6.7350805020673175
2917644,960911,6471819,7432730,6.73508680824759
2917660,960923,6471877,7432800,6.735063059162909
2917745,960969,6472119,7433088,6.7349924919534345
2917772,960991,6472183,7433174,6.734904905456971
2917841,961041,6472421,7433462,6.734802157244072
2917946,961051,6472471,7433522,6.734784106150454
2917971,961059,6472540,7433599,6.734799840592513
2917995,961069,6472585,7433654,6.734776587320994
2918002,961075,6472598,7433673,6.734748068569051
2918052,961103,6472727,7433830,6.734686084634009
2918513,961107,6473927,7435034,6.735906616016739
2918566,961130,6474036,7435166,6.735858832832187
2918703,961162,6474500,7435662,6.736117324654949
2918819,961234,6474851,7436085,6.7359779200486045
2918834,961236,6474864,7436100,6.735977429060085
2918956,961310,6475140,7436450,6.735746013252749
2918971,961310,6475171,7436481,6.735778260914794
2919007,961338,6475210,7436548,6.735622642608531
2919046,961364,6475271,7436635,6.735503929833029
2919116,961401,6475385,7436786,6.735363287535586
2919383,961544,6475994,7437538,6.734994966428993
2919438,961570,6476087,7437657,6.734909574965942
2919625,961637,6476628,7438265,6.735002916901076
2919638,961643,6476639,7438282,6.734972333807868
2919762,961643,6477041,7438684,6.735390368359152
2919790,961651,6477079,7438730,6.73537385184438
2919816,961660,6477109,7438769,6.7353420127695856
2919834,961660,6477145,7438805,6.735379448037768
2919955,961694,6477371,7439065,6.735376325525583
2920001,961729,6477440,7439169,6.735202952182996
2920073,961729,6477626,7439355,6.735396353858519
2920355,961902,6478392,7440294,6.734981318263191
2920397,961911,6478442,7440353,6.73497028311351
2920435,961911,6478490,7440401,6.735020183779996
2920442,961911,6478495,7440406,6.735025381766088
2920449,961911,6478518,7440429,6.735049292502113
2921331,961911,6482293,7444204,6.738973772001776
2921421,961936,6482448,7444384,6.738959764474975
2921442,961943,6482510,7444453,6.738975178362959
2921448,961948,6482517,7444465,6.7389474275116745
2921456,961953,6482528,7444481,6.7389238351561875
2921462,961955,6482546,7444501,6.738928536158136
2921697,961955,6482942,7444897,6.7393401978263014
2921706,961955,6482968,7444923,6.739367226117646
2922020,962130,6483570,7445700,6.738767110473637
2922097,962182,6483721,7445903,6.738559856659135
2922118,962182,6483751,7445933,6.738591035791566
2922203,962223,6484067,7446290,6.738632312883812
2922222,962235,6484095,7446330,6.738577374549876
2922500,962235,6484825,7447060,6.739336024983502
2922537,962241,6484900,7447141,6.739371945281899
2922584,962241,6484994,7447235,6.739469633906682
2922593,962241,6485015,7447256,6.739491457961155
2922603,962244,6485035,7447279,6.739491230914404
2922609,962248,6485044,7447292,6.7394725684023244
2922652,962248,6485198,7447446,6.739632610304204
2922691,962248,6485397,7447645,6.739839417696893
2922733,962265,6485471,7447736,6.739797249198506
2922771,962265,6485499,7447764,6.7398263472120465
2922844,962271,6485545,7447816,6.739832126292905
2922862,962271,6485583,7447854,6.739871616207908
2923002,962304,6486353,7448657,6.740440650771482
2923060,962317,6486403,7448720,6.740401551671643
2923102,962325,6486471,7448796,6.740416179565115
2923378,962326,6487140,7449466,6.74110436588017
2923434,962346,6487224,7449570,6.741051555261829
2923449,962346,6487251,7449597,6.741079611698911
2923805,962500,6488334,7450834,6.741126233766233
2923834,962522,6488395,7450917,6.7410355295775055
2923898,962558,6488492,7451050,6.7408841856802395
2924075,962558,6488873,7451431,6.741280005984055
2924953,963101,6491139,7454240,6.739832063303849
2924959,963101,6491157,7454258,6.739850752932455
2925024,963144,6491306,7454450,6.739704550929041
2925089,963154,6491356,7454510,6.739686488349735
2925159,963208,6491461,7454669,6.739417654338419
2925270,963277,6491663,7454940,6.739144607418219
2925304,963298,6491722,7455020,6.739058941262205
2925495,963386,6492184,7455570,6.7389229239370305
2925624,963389,6492529,7455918,6.73926004967879
2926059,963439,6494182,7457621,6.740626028217666
2926077,963450,6494254,7457704,6.740623799885827
2926098,963462,6494287,7457749,6.740574096331771
2926230,963503,6494628,7458131,6.740641181189887
2926251,963503,6494696,7458199,6.740711756995048
2926260,963503,6494705,7458208,6.740721097910437
2926437,963622,6494995,7458617,6.74018961792072
2926456,963633,6495020,7458653,6.740138621238583
2926483,963637,6495066,7458703,6.740158379140693
2926486,963637,6495075,7458712,6.740167718757167
2926487,963637,6495080,7458717,6.740172907432986
2926566,963683,6495187,7458870,6.739962207489392
2926755,963707,6495321,7459028,6.739933402994894
2926780,963722,6495379,7459101,6.739888681590749
2927038,963881,6496373,7460254,6.739808129841754
2927045,963885,6496397,7460282,6.739805059732229
2927055,963885,6496413,7460298,6.739821659222833
2927086,963893,6496477,7460370,6.739832118295288
2927190,963961,6496769,7460730,6.739659592037437
2927309,963966,6497062,7461028,6.7399285866928915
2927316,963966,6497085,7461051,6.739952446455581
2927323,963969,6497094,7461063,6.739940807225128
2927356,963974,6497147,7461121,6.739960828819035
2927378,963974,6497152,7461126,6.7399660156809205
2927443,964003,6497263,7461266,6.739878402868041
2927453,964006,6497274,7461280,6.7398688389906285
2927509,964023,6497399,7461422,6.739879650174322
2927649,964027,6497876,7461903,6.740346484071504
2927664,964036,6497903,7461939,6.740311565128273
2928056,964036,6499009,7463045,6.741458825189101
2928183,964036,6499386,7463422,6.741849889423216
2928221,964046,6499429,7463475,6.741824560238827
2928259,964046,6499465,7463511,6.741861902855258
2928390,964180,6500122,7464302,6.74160633906532
2928500,964209,6500304,7464513,6.741592331123232
2928544,964227,6500398,7464625,6.741563967820856
2928560,964231,6500415,7464646,6.7415536318579266
2928566,964231,6500433,7464664,6.741572299583813
2928585,964231,6500448,7464679,6.741587856022053
2928735,964231,6501107,7465338,6.742271302208703
2928774,964238,6501184,7465422,6.742302211694623
2928816,964262,6501234,7465496,6.74218625228413
2928855,964276,6501292,7465568,6.742148513496136
2928881,964287,6501315,7465602,6.742095454983838
2928970,964350,6501476,7465826,6.741821952610566
2929015,964366,6501581,7465947,6.741818977442175
2929076,964366,6501699,7466065,6.741941337624927
2929084,964366,6501699,7466065,6.741941337624927
2929143,964366,6501891,7466257,6.742140432159574
2929188,964379,6502031,7466410,6.742194718051721
2929221,964387,6502087,7466474,6.7421968566560935
2929273,964407,6502187,7466594,6.74216072674711
2929314,964407,6502247,7466654,6.742222941144144
2929321,964407,6502270,7466677,6.74224678999634
2929372,964429,6502396,7466825,6.7422236369914215
2929384,964436,6502415,7466851,6.742194401702135
2929419,964456,6502481,7466937,6.742123020645836
2929454,964456,6502493,7466949,6.742135462893072
2929514,964456,6502493,7466949,6.742135462893072
2929545,964456,6502570,7467026,6.742215300646167
2929587,964466,6502617,7467083,6.742194126075984
2929615,964478,6502646,7467124,6.742140308021542
2929707,964510,6502885,7467395,6.742164415091601
2930649,964820,6503897,7468717,6.741047034680044
2930662,964826,6503909,7468735,6.741017551351228
2930791,964878,6504091,7468969,6.740842883763543
2930809,964902,6504153,7469055,6.740739474060578
2930830,964921,6504181,7469102,6.740635761891388
2931890,965409,6506188,7471597,6.739307381638248
2931892,965409,6506190,7471599,6.739309453299068
2931970,965447,6506445,7471892,6.739308320394595
2931979,965447,6506467,7471914,6.739331107766661
2932051,965480,6506672,7472152,6.739313087790529
2932066,965488,6506707,7472195,6.739293497174486
2932107,965498,6506759,7472257,6.739277554174115
2932159,965531,6506831,7472362,6.739121788943079
2932232,965587,6506980,7472567,6.738885258397223
2932253,965587,6507042,7472629,6.738949468043791
2932291,965587,6507148,7472735,6.739059245826632
2932465,965587,6507439,7473026,6.739360616909714
2932538,965598,6507605,7473203,6.7394557569506155
2932780,965608,6508179,7473787,6.739980406127538
2932821,965639,6508266,7473905,6.739854127681256
2932851,965664,6508366,7474030,6.73978319581138
2933065,965744,6508911,7474655,6.739789219503305
2933212,965744,6509340,7475084,6.740233436604317
2933947,965749,6515240,7480989,6.746307788048448
2934057,965770,6515356,7481126,6.746281205670087
2934152,965827,6515533,7481360,6.746066324507391
2934168,965833,6515555,7481388,6.746047194494286
2934189,965833,6515587,7481420,6.746080326516075
2934265,965833,6515695,7481528,6.7461921470896105
2934288,965845,6515708,7481553,6.746121789728165
2934518,965917,6516435,7482352,6.746371582651512
2934520,965917,6516446,7482363,6.746382970793557
2934528,965917,6516467,7482384,6.746404711792007
2934548,965917,6516532,7482449,6.746472005358639
2934637,965917,6516628,7482545,6.746571392780125
2934642,965917,6516644,7482561,6.746587957350373
2934668,965927,6516698,7482625,6.746574016462942
2934727,965944,6516813,7482757,6.746574335572248
2934777,965944,6516917,7482861,6.746682002269282
2934816,965964,6516981,7482945,6.746608569263451
2934851,965964,6516993,7482957,6.746620992086662
2934893,965992,6517089,7483081,6.7465248159405045
2935390,966334,6518287,7484621,6.7453768572770905
2935403,966334,6518316,7484650,6.745406867604783
2935475,966360,6518394,7484754,6.745306097106669
2935501,966360,6518509,7484869,6.745425100376671
2935507,966363,6518514,7484877,6.7454093337596746
2935561,966366,6518650,7485016,6.745529126645598
2935654,966403,6518819,7485222,6.745445740545094
2935656,966403,6518824,7485227,6.745450914370092
2935665,966403,6518843,7485246,6.745470574905086
2935696,966406,6518877,7485283,6.745484816940293
2935701,966409,6518909,7485318,6.745496989369925
2935718,966418,6518935,7485353,6.745461073779669
2935743,966426,6518965,7485391,6.745436277583591
2935749,966426,6518982,7485408,6.745453868169937
2935782,966442,6519108,7485550,6.745472568452116
2935808,966460,6519140,7485600,6.745380046768619
2935837,966464,6519187,7485651,6.745400759883451
2935844,966464,6519210,7485674,6.745424557976293
2935884,966496,6519330,7485826,6.74532538158461
2935912,966507,6519350,7485857,6.7452693048265555
2936249,966728,6520274,7487002,6.7446830959690836
2936279,966728,6520367,7487095,6.744779296761861
2936302,966733,6520408,7487141,6.744786823249025
2936369,966802,6520784,7487586,6.744694363478768
2936542,966882,6521257,7488139,6.74462550755935
2936628,966905,6521473,7488378,6.74468846474059
2936735,966963,6521780,7488743,6.744601396330573
2936902,967057,6522191,7489248,6.744370807511864
2937466,967063,6523166,7490229,6.745337170380833
2937488,967075,6523214,7490289,6.745303104723005
2937540,967116,6523341,7490457,6.745148462025238
2937667,967116,6523776,7490892,6.745598252950008
2937780,967190,6524025,7491215,6.745339592013979
2937871,967193,6524120,7491313,6.745416891975025
2937943,967228,6524350,7491578,6.745410596053878
2937948,967231,6524356,7491587,6.74539587751013
2937969,967235,6524412,7491647,6.745425878922909
2938000,967248,6524430,7491678,6.745353828594115
2938009,967248,6524469,7491717,6.745394149173738
2938106,967287,6524739,7492026,6.745401313157315
2938344,967418,6525353,7492771,6.745122584032962
2938387,967434,6525400,7492834,6.74505961130165
2938447,967452,6525524,7492976,6.74506228732795
2938450,967452,6525528,7492980,6.745066421900002
2938477,967460,6525584,7493044,6.745068529965063
2938536,967460,6525769,7493229,6.745259752341182
2938573,967468,6525796,7493264,6.745231883638529
2938589,967479,6525833,7493312,6.745193435723152
2938654,967507,6525936,7493443,6.745104686581079
2938661,967507,6525956,7493463,6.745125358266142
2938729,967507,6526048,7493555,6.74522044801743
2938755,967507,6526087,7493594,6.745260757803303
2938840,967507,6526375,7493882,6.745558430068206
2938877,967514,6526428,7493942,6.745564405269588
2938920,967524,6526479,7494003,6.745547397273866
2939232,967691,6527320,7495011,6.745252358449133
2939235,967691,6527329,7495020,6.745261658938649
2939306,967712,6527492,7495204,6.745283720776429
2939334,967712,6527637,7495349,6.74543355874475
2939364,967728,6527743,7495471,6.745431567547906
2939374,967729,6527763,7495492,6.745445264118364
2939389,967735,6527777,7495512,6.745417908828347
2939400,967735,6527786,7495521,6.745427208894997
2939469,967735,6527981,7495716,6.745628710339091
2939709,967749,6528788,7496537,6.746365018202034
2939761,967776,6528944,7496720,6.746337995569222
2939949,967776,6529223,7496999,6.74662628542142
2939995,967787,6529297,7497084,6.746626065446219
2940000,967787,6529309,7497096,6.746638464868819
2940044,967807,6529374,7497181,6.746566205865426
2940061,967807,6529404,7497211,6.746597203781333
2940090,967807,6529421,7497228,6.746614769267013
2940117,967824,6529484,7497308,6.746561358263486
2940138,967824,6529532,7497356,6.746610954057763
2940221,967824,6529669,7497493,6.7467525087205935
2940277,967846,6529874,7497720,6.746810959594812
2940390,967846,6530299,7498145,6.747250079041501
2940424,967872,6530392,7498264,6.747164914368843
2940437,967881,6530413,7498294,6.747123871632979
2940582,967933,6530687,7498620,6.747044475185782
2940593,967933,6530714,7498647,6.74707236967848
2940603,967934,6530749,7498683,6.747101558577341
2940702,967934,6530998,7498932,6.747358807522001
2940729,967949,6531039,7498988,6.747296603436752
2940755,967949,6531091,7499040,6.747350325275402
2940759,967949,6531096,7499045,6.747355490836811
2940791,967966,6531134,7499100,6.747276247306207
2940918,968012,6531372,7499384,6.747201480973376
2940938,968026,6531426,7499452,6.747159683727503
2940943,968027,6531431,7499458,6.747157878860817
2941010,968088,6531616,7499704,6.74692383337052
2941046,968099,6531684,7499783,6.746917412372082
2941117,968099,6531811,7499910,6.747048597302548
2941123,968099,6531825,7499924,6.747063058633466
2941159,968107,6531883,7499990,6.747067214677716
2941166,968113,6531896,7500009,6.74703882707907
2941172,968113,6531910,7500023,6.747053288200861
2941183,968118,6531943,7500061,6.747052528720673
2941198,968130,6531964,7500094,6.746990590106701
2941261,968143,6532021,7500164,6.746958868679523
2941316,968143,6532120,7500263,6.747061126300557
2941339,968153,6532165,7500318,6.747037916527656
2941529,968239,6532500,7500739,6.746784626522997
2941546,968239,6532500,7500739,6.746784626522997
2942293,968248,6535078,7503326,6.7493844552222155
2942721,968485,6536297,7504782,6.748991466052649
2942759,968500,6536377,7504877,6.748969540526588
2942885,968507,6536621,7505128,6.749172695705865
2942899,968511,6536654,7505165,6.749178894199447
2942931,968528,6536703,7505231,6.749111022087126
2943209,968528,6536722,7505250,6.7491306394859
2943391,968537,6536953,7505490,6.749306428148847
2943410,968539,6536983,7505522,6.749323465549658
2943413,968539,6536993,7505532,6.749333790379118
2943445,968573,6537077,7505650,6.749183592769982
2943468,968590,6537136,7505726,6.749126049205546
2943705,968590,6537536,7506126,6.749539020638247
2943729,968604,6537589,7506193,6.749496182134288
2943740,968606,6537609,7506215,6.749502893849511
2943771,968623,6537660,7506283,6.749437087494309
2943813,968640,6537715,7506355,6.749375412950116
2943828,968645,6537751,7506396,6.74937773900655
2944178,968761,6538535,7507296,6.7493788457627835
2944220,968776,6538638,7507414,6.749380661783529
2944511,968835,6539669,7508504,6.750033803485629
2944524,968841,6539684,7508525,6.750007483168033
2944545,968853,6539716,7508569,6.74995690780748
2944547,968854,6539718,7508572,6.749952005152479
2944569,968854,6539785,7508639,6.750021159018799
2944941,968970,6540859,7509829,6.7503214753810745
2945002,969003,6540971,7509974,6.750207171701223
2945180,969082,6541463,7510545,6.750164588755131
2945186,969082,6541476,7510558,6.750178003512603
2945258,969082,6541662,7510744,6.750369937734887
2945339,969103,6541773,7510876,6.750338199345167
2945451,969160,6542024,7511184,6.75020017334599
2945461,969164,6542048,7511212,6.750197077068484
2945519,969185,6542143,7511328,6.750148836393465
2945565,969185,6542253,7511438,6.750262333816557
2945572,969185,6542276,7511461,6.750286065095931
2945642,969211,6542411,7511622,6.750244270855366
2945645,969213,6542414,7511627,6.750233436819357
2945681,969220,6542475,7511695,6.750247621798972
2945700,969223,6542529,7511752,6.7502824427402155
2945817,969271,6542850,7512121,6.750279333643532
2945848,969279,6542928,7512207,6.750304092010659
2945857,969279,6542954,7512233,6.750330916072668
2946104,969386,6543465,7512851,6.75011295809925
2946146,969394,6543508,7512902,6.750101609871734
2946153,969394,6543525,7512919,6.750119146600866
2946186,969399,6543554,7512953,6.750114246043167
2946193,969399,6543582,7512981,6.750143129918641
2946315,969460,6544007,7513467,6.750156788315144
2946594,969470,6544310,7513780,6.750399702930467
2946600,969470,6544324,7513794,6.750414143810536
2946668,969529,6544494,7514023,6.750178695015827
2946802,969555,6544771,7514326,6.750283377425726
2946996,969618,6545038,7514656,6.7501201504097486
2947030,969618,6545173,7514791,6.750259380498299
2947345,969782,6545732,7515514,6.749694261184472
2947361,969782,6545758,7515540,6.749721071333558
2947384,969790,6545782,7515572,6.74969013910228
2947408,969812,6545847,7515659,6.749604046969928
2947584,969897,6546115,7516012,6.749288842011059
2947622,969906,6546153,7516059,6.74926539272878
2947643,969913,6546175,7516088,6.749239364767768
2947709,969938,6546343,7516281,6.749238611127722
2947725,969938,6546350,7516288,6.749245828083857
2947737,969947,6546365,7516312,6.749198667556063
2947848,969996,6546783,7516779,6.749288656860441
2948694,970319,6549001,7519320,6.74932779838383
2948845,970319,6549241,7519560,6.749575139722092
2948864,970319,6549288,7519607,6.749623577400834
2948889,970338,6549327,7519665,6.74953160651237
2948983,970359,6549452,7519811,6.74951435499645
2949374,970494,6550115,7520609,6.749258624988923
2949845,970692,6551113,7521805,6.74891005591887
2949893,970704,6551192,7521896,6.748908009032619
2949914,970704,6551240,7521944,6.748957457680199
2949979,970755,6551369,7522124,6.748735777822416
2950071,970758,6551603,7522361,6.748955970489041
2950073,970760,6551608,7522368,6.748947216613787
2950095,970760,6551665,7522425,6.749005933495406
2950115,970771,6551703,7522474,6.748968603306032
2950202,970771,6551833,7522604,6.749102517483526
2950267,970774,6551983,7522757,6.74923617649422
2950283,970789,6552037,7522826,6.74918751654582
2950342,970836,6552182,7523018,6.749010131474317
2950377,970852,6552219,7523071,6.748937016146642
2950401,970865,6552247,7523112,6.7488754873231604
2950411,970865,6552278,7523143,6.74890741761213
2950457,970865,6552421,7523286,6.749054708945116
2950500,970865,6552519,7523384,6.749155649858631
2950661,970942,6552697,7523639,6.748803739049294
2950666,970944,6552700,7523644,6.748792927295498
2950685,970963,6552747,7523710,6.748709271105078
2950708,970963,6552764,7523727,6.7487267794962325
2950843,971002,6553203,7524205,6.748907829232071
2951012,971089,6553506,7524595,6.748615214465409
2951045,971116,6553630,7524746,6.748555270431133
2951078,971142,6553748,7524890,6.7484961004672845
2952395,971869,6557678,7529547,6.747491688694669
2952406,971869,6557719,7529588,6.7475338754502925
2952517,971869,6557934,7529803,6.747755098680995
2952518,971869,6557939,7529808,6.74776024340729
2952578,971869,6558143,7530012,6.747970148240143
2953281,971880,6559203,7531083,6.748984442523768
2953643,971881,6559445,7531326,6.7492264999521545
2953708,971881,6559523,7531404,6.749306756691405
2953719,971888,6559536,7531424,6.749271520998304
2953728,971888,6559560,7531448,6.749296215201752
2953753,971903,6559602,7531505,6.749235263189845
2953842,971938,6559820,7531758,6.749216513810552
2953966,972011,6560019,7532030,6.748914364137854
2954032,972011,6560269,7532280,6.74917156287326
2954076,972033,6560419,7532452,6.749173124780743
2954132,972059,6560499,7532558,6.74907490183209
2954134,972060,6560501,7532561,6.749070016254141
2954158,972066,6560545,7532611,6.749073622572953
2954326,972125,6560713,7532838,6.748836826539796
2954339,972125,6560753,7532878,6.748877973511637
2954356,972129,6560796,7532925,6.74889443684943
2954395,972147,6560867,7533014,6.74884251044338
2954404,972147,6560896,7533043,6.7488723413228655
2954421,972152,6560936,7533088,6.7488787761584605
2954937,972153,6562460,7534613,6.750439488434433
2954986,972153,6562565,7534718,6.7505474961245815
2955075,972184,6562847,7535031,6.750622310179966
2955087,972184,6562875,7535059,6.750651111312262
2955223,972262,6563161,7535423,6.750403697768708
2955265,972279,6563248,7535527,6.750375149519839
2955352,972279,6563643,7535922,6.7507814115084255
2955370,972279,6563698,7535977,6.750837979633418
2955384,972280,6563744,7536024,6.750878347801045
2955467,972333,6563915,7536248,6.750686236094013
2955732,972333,6564740,7537073,6.751534710844947
2955753,972343,6564797,7537140,6.751523896402813
2956073,972419,6565442,7537861,6.751659521255755
2956123,972448,6565518,7537966,6.751536328934812
2956156,972457,6565571,7538028,6.751528345212179
2956401,972457,6565571,7538028,6.751528345212179
2956482,972457,6565615,7538072,6.751573591428722
2956540,972496,6565775,7538271,6.751467358220497
2956615,972509,6565837,7538346,6.751440860701546
2956968,972511,6566134,7538645,6.751732371150558
2956972,972511,6566142,7538653,6.751740597278591
2956977,972512,6566149,7538661,6.751740852555033
2957009,972519,6566173,7538692,6.751716933036784
2957256,972592,6566455,7539047,6.751500115156201
2957293,972593,6566501,7539094,6.751540469651745
2957348,972633,6566588,7539221,6.7513522572234335
2957515,972651,6566949,7539600,6.751598466459193
2957516,972651,6566954,7539605,6.751603607049188
2957552,972660,6567032,7539692,6.751621327082434
2957616,972660,6567224,7539884,6.7518187239117475
2957630,972662,6567251,7539913,6.751832599608086
2957961,972737,6568004,7540741,6.752086123998573
2957967,972737,6568018,7540755,6.752100516378014
2958017,972757,6568148,7540905,6.752095333161313
2958028,972757,6568150,7540907,6.7520973891732465
2958481,972981,6568988,7541969,6.751404189804323
2958528,973008,6569106,7542114,6.751338118494401
2958537,973014,6569133,7542147,6.751324235828056
2958591,973018,6569238,7542256,6.75140439334113
2958620,973018,6569263,7542281,6.751430086596548
2958788,973018,6569591,7542609,6.751767182107628
2958816,973018,6569731,7542749,6.751911064337967
2958837,973021,6569785,7542806,6.75194574423368
2958862,973025,6569821,7542846,6.751954985740346
2958879,973031,6569839,7542870,6.751931850064387
2958887,973032,6569847,7542879,6.751933132723281
2958941,973053,6569941,7542994,6.7518840186505775
2959143,973154,6570388,7543542,6.75164259716345
2959177,973180,6570483,7543663,6.751559834768491
2959722,973249,6571123,7544372,6.751738763666852
2959770,973263,6571213,7544476,6.7517341150336545
2960050,973263,6571676,7544939,6.7522098343407695
2960058,973263,6571694,7544957,6.75222832882787
2960076,973263,6571714,7544977,6.7522488782579835
2960079,973264,6571717,7544981,6.75224502293314
2960193,973264,6572009,7545273,6.752545044304526
2960220,973267,6572072,7545339,6.752588960686019
2960235,973267,6572115,7545382,6.7526331417791825
2960240,973268,6572128,7545396,6.752639560737639
2960284,973282,6572187,7545469,6.752603048242955
2960314,973302,6572215,7545517,6.752493059708087
2960363,973302,6572231,7545533,6.752509498593448
2960371,973302,6572258,7545560,6.752537239212495
2960383,973303,6572290,7545593,6.752563179194968
2960414,973323,6572411,7545734,6.752548742811996
2960432,973323,6572470,7545793,6.752609359893889
2960438,973323,6572489,7545812,6.752628880649075
2960459,973323,6572532,7545855,6.752673059200286
2960507,973324,6572725,7546049,6.7528644110285985
2960538,973345,6572768,7546113,6.7527628949653
2960733,973345,6573020,7546365,6.753021795971623
2960750,973356,6573059,7546415,6.752985546911921
2960804,973356,6573220,7546576,6.753150954018879
2961046,973356,6573804,7547160,6.753750940046602
2961068,973356,6573839,7547195,6.753786898113332
2962949,973366,6577900,7551266,6.757889632471239
2962959,973369,6577917,7551286,6.757886269236025
2962996,973405,6577967,7551372,6.75768770450121
2963028,973418,6578010,7551428,6.757641629803435
2963045,973427,6578053,7551480,6.7576233246047215
2963191,973442,6578365,7551807,6.757839706936828
2963220,973454,6578444,7551898,6.757837555755074
2963265,973465,6578533,7551998,6.757852619251848
2963341,973498,6578724,7552222,6.757819738715437
2963417,973540,6578927,7552467,6.757736713437557
2963542,973606,6579168,7552774,6.757526145073058
2963543,973606,6579173,7552779,6.757531280620703
2963580,973624,6579253,7552877,6.757488517127761
2963928,973632,6580056,7553688,6.758257740090712
2963930,973632,6580058,7553690,6.758259794254913
2963939,973632,6580084,7553716,6.758286498389535
2964773,973655,6581897,7555552,6.759988907775341
2964797,973655,6582010,7555665,6.760104965311122
2964803,973655,6582024,7555679,6.760119344120864
2964804,973655,6582026,7555681,6.760121398236541
2964932,973727,6582269,7555996,6.759871093232498
2965095,973727,6582690,7556417,6.760303452610434
2965102,973727,6582709,7556436,6.760322965266445
2965125,973732,6582781,7556513,6.760362194115014
2965232,973732,6582959,7556691,6.760544995953712
2965333,973732,6583242,7556974,6.760835630337711
2965367,973739,6583297,7557036,6.7608435114543015
2966159,973770,6585199,7558969,6.762581513088306
2966181,973771,6585264,7559035,6.762641319160254
2966192,973771,6585315,7559086,6.762693692870295
2966207,973775,6585347,7559122,6.762698775384457
2966283,973846,6585634,7559480,6.762500436413971
2966353,973892,6585769,7559661,6.7623196411922475
2966383,973901,6585874,7559775,6.762364963173875
2966403,973912,6585914,7559826,6.762329656067489
2966443,973925,6585958,7559883,6.7622845701671075
2966483,973940,6585986,7559926,6.76220917099616
2966809,974088,6586307,7560395,6.761511280295005
2966861,974118,6586422,7560540,6.761421100934384
2966867,974118,6586436,7560554,6.761435472909853
2966897,974127,6586484,7560611,6.761422278614595
2966918,974127,6586533,7560660,6.761472580063995
2967032,974165,6586922,7561087,6.761608146463895
2967158,974235,6587250,7561485,6.761458990900553
2967412,974316,6587765,7562081,6.761425451290957
2967436,974316,6587795,7562111,6.761456242122679
2967514,974351,6587913,7562264,6.76133446776367
2967578,974365,6587972,7562337,6.761297870921061
2967591,974375,6588002,7562377,6.761259268762027
2967636,974404,6588102,7562506,6.761160668470162
2967698,974420,6588229,7562649,6.761179983990476
2967729,974421,6588291,7562712,6.761236672854957
2967745,974421,6588317,7562738,6.761263355366931
2967875,974421,6588317,7562738,6.761263355366931
2967879,974421,6588334,7562755,6.76128080162476
2967889,974421,6588354,7562775,6.76130132663397
2967913,974421,6588457,7562878,6.761407030431405
2967924,974421,6588477,7562898,6.761427555440616
2970215,974496,6591748,7566244,6.7642637835352835
2970224,974496,6591755,7566251,6.764270966735626
2970321,974496,6591935,7566431,6.76445567760155
2970356,974496,6592054,7566550,6.764577792007356
2971051,974737,6597645,7572382,6.768641182185553
2971056,974737,6597654,7572391,6.768650415445397
2971078,974737,6597713,7572450,6.768710944593259
2971389,974744,6598379,7573123,6.769345592278588
2971402,974744,6598435,7573179,6.769403043260589
2971433,974744,6598495,7573239,6.769464597884163
2971471,974756,6598565,7573321,6.769453073384518
2971595,974815,6598712,7573527,6.7691941547883445
2971785,974815,6599133,7573948,6.769626031605997
2971889,974861,6599308,7574169,6.769486111353311
2971894,974862,6599311,7574173,6.769482244666425
2972006,974912,6599419,7574331,6.769245839624499
2972046,974951,6599533,7574484,6.769091985135663
2972102,974962,6599658,7574620,6.769143823041309
2972220,975021,6599763,7574784,6.768841901866729
2972301,975068,6599935,7575003,6.768692029684083
2972406,975075,6600328,7575403,6.769046483603826
2972473,975094,6600426,7575520,6.769015089827237
2972483,975094,6600475,7575569,6.769065341392727
2972490,975094,6600495,7575589,6.769085852235785
2972513,975106,6600567,7575673,6.769076387592733
2972745,975177,6600803,7575980,6.768825556796356
2972811,975208,6600954,7576162,6.768765227520693
2972850,975224,6601005,7576229,6.768706471538846
2972983,975258,6601123,7576381,6.768591490661958
2973050,975301,6601290,7576591,6.76846429973926
2973098,975329,6601422,7576751,6.76840532784322
2973106,975329,6601447,7576776,6.768430960219577
2973125,975338,6601491,7576829,6.768413616612907
2973130,975340,6601499,7576839,6.768407939795353
2973206,975355,6601637,7576992,6.7684453352881775
2973261,975376,6601766,7577142,6.76843186627516
2973297,975410,6601836,7577246,6.7682677028121505
2973433,975410,6602278,7577688,6.768720845593135
2973450,975417,6602292,7577709,6.76868662325959
2973481,975433,6602322,7577755,6.76860635225587
2973830,975632,6603284,7578916,6.7682117847713075
2973835,975634,6603291,7578925,6.768205085103635
2973866,975644,6603346,7578990,6.768192086457765
2974325,975842,6605042,7580884,6.768556795054937
2974412,975842,6605285,7581127,6.768805810776745
2974439,975865,6605326,7581191,6.768688291925625
2975218,976148,6608062,7584210,6.76952880096051
2975225,976148,6608078,7584226,6.769545191917619
2975269,976155,6608143,7584298,6.769563235346846
2975313,976157,6608174,7584331,6.769581122708745
2975353,976182,6608238,7584420,6.769473315426836
2975440,976212,6608363,7584575,6.769393328498318
2975452,976212,6608391,7584603,6.769422010792738
2975480,976234,6608425,7584659,6.769304285652825
2975508,976234,6608473,7584707,6.769353454192335
2975535,976249,6608531,7584780,6.769308854605741
2975613,976298,6608734,7585032,6.769177034061322
2975636,976303,6608745,7585048,6.769153633656765
2975684,976313,6608774,7585087,6.7691140033985
2975773,976338,6608999,7585337,6.7691711272120925
2975795,976347,6609043,7585390,6.7691537947061855
2975803,976347,6609063,7585410,6.7691742792265455
2975818,976352,6609081,7585433,6.769158049555898
2975975,976419,6609511,7585930,6.769133947618799
2976019,976435,6609604,7586039,6.769118272081603
2976025,976435,6609618,7586053,6.769132609953555
2976041,976435,6609644,7586079,6.7691592374300384
2976067,976448,6609680,7586128,6.769105984138428
2976198,976448,6610101,7586549,6.7695371386904375
2976332,976469,6610163,7586632,6.769455046703992
2976398,976501,6610306,7586807,6.769379652452993
2976462,976505,6610478,7586983,6.76952806181228
2976465,976505,6610487,7586992,6.7695372783549494
2976790,976709,6611383,7588092,6.76904072758621
2976844,976739,6611490,7588229,6.768942368432099
2976853,976739,6611512,7588251,6.768964892361214
2976859,976739,6611526,7588265,6.768979225770651
2976880,976739,6611555,7588294,6.769008916404485
2976892,976739,6611596,7588335,6.769050892817836
2976896,976739,6611615,7588354,6.7690703453020715
2976903,976739,6611638,7588377,6.769093893046146
2977354,976739,6612579,7589318,6.770057302923298
2977416,976750,6612722,7589472,6.770127463527003
2978217,976750,6613639,7590389,6.771066291272076
2978243,976761,6613675,7590436,6.77102689398942
2978344,976823,6613919,7590742,6.7708469190426515
2978633,977053,6614811,7591864,6.770165999183258
2979447,977059,6616125,7593184,6.771469276676229
2979698,977137,6616477,7593614,6.771288979948564
2979786,977148,6616552,7593700,6.771289507833
2979863,977151,6616777,7593928,6.771498980198557
2979923,977209,6617028,7594237,6.771353927358426
2980089,977292,6617777,7595069,6.771545249526242
2980126,977299,6617834,7595133,6.771555071682259
2980223,977303,6618236,7595539,6.771938692503758
2980289,977341,6618432,7595773,6.771875936853156
2980436,977362,6618538,7595900,6.771838888763836
2980463,977363,6618607,7595970,6.771902558210204
2980526,977374,6618632,7596006,6.771851921577615
2980571,977393,6618709,7596102,6.771799061380632
2980699,977475,6618921,7596396,6.771447863116704
2981050,977589,6619346,7596935,6.771092964425746
2981060,977594,6619356,7596950,6.77106856220476
2981137,977594,6619750,7597344,6.771471592501591
2981248,977594,6620065,7597659,6.771793812155148
2981287,977597,6620105,7597702,6.771813947874226
2981392,977668,6620388,7598056,6.771611630942202
2981417,977672,6620434,7598106,6.771630976441997
2981430,977674,6620465,7598139,6.771648831819196
2981513,977716,6620672,7598388,6.771569658264772
2982045,977721,6621355,7599076,6.772233592200638
2982069,977732,6621399,7599131,6.77220240311251
2982113,977747,6621498,7599245,6.772199761287941
2982171,977787,6621590,7599377,6.772016809386911
2982186,977792,6621637,7599429,6.772030247741851
2982285,977792,6621808,7599600,6.772205131561723
2982621,977909,6622424,7600333,6.772024799853565
2982660,977915,6622496,7600411,6.772056876108865
2982688,977915,6622599,7600514,6.772162202236391
2982800,977917,6622960,7600877,6.772517504041754
2982929,977982,6623157,7601139,6.7722688147634615
2983027,977996,6623350,7601346,6.772369212144017
2983075,977996,6623423,7601419,6.7724438545760925
2983082,977996,6623474,7601470,6.772496002028638
2983108,978003,6623569,7601572,6.772544664995915
2983115,978003,6623589,7601592,6.772565114830936
2983123,978003,6623611,7601614,6.7725876096494595
2983150,978003,6623678,7601681,6.77265611659678
2983225,978016,6623868,7601884,6.7727603638386285
2983227,978018,6623873,7601891,6.772751626248188
2983259,978018,6624000,7602018,6.772881480708944
2983337,978087,6624168,7602255,6.772575445742556
2987686,979456,6633346,7612802,6.772479825535807
2987771,979499,6633487,7612986,6.772326464856013
2987804,979515,6633614,7613129,6.772345497516628
2987875,979515,6633741,7613256,6.772475153519855
2988365,979600,6634938,7614538,6.773109432421396
2988373,979600,6634960,7614560,6.773131890567579
2988488,979600,6635263,7614863,6.773441200489996
2988575,979621,6635707,7615328,6.7737492356737965
2988623,979629,6635764,7615393,6.773752104112884
2988915,979752,6636519,7616271,6.773672317076158
2988949,979777,6636579,7616356,6.773560718408373
2988987,979783,6636598,7616381,6.77353863049267
2989009,979799,6636637,7616436,6.773467823502576
2989106,979825,6636758,7616583,6.773411578598219
2989114,979825,6636780,7616605,6.773434031587273
2989395,979844,6637544,7617388,6.774082404954258
2989443,979866,6637622,7617488,6.7740099156415265
2989449,979866,6637640,7617506,6.774028285500262
2989636,979947,6637968,7617915,6.773803073023337
2989950,980055,6638642,7618697,6.773744330675319
2989979,980078,6638710,7618788,6.773654749928067
2990003,980088,6638739,7618827,6.773615226387834
2990019,980099,6638775,7618874,6.7735759346759865
2990038,980099,6638796,7618895,6.773597361082911
2990098,980131,6638936,7619067,6.77351905000454
2990245,980139,6639096,7619235,6.773627005965481
2990252,980139,6639113,7619252,6.7736443504441715
2990287,980148,6639145,7619293,6.773614801030049
2990330,980172,6639250,7619422,6.773556069751023
2990368,980195,6639340,7619535,6.773488948627569
2990429,980206,6639402,7619608,6.773476187658512
2990460,980206,6639479,7619685,6.77355474257452
2990538,980240,6639581,7619821,6.773423855382355
2990560,980255,6639608,7619863,6.773347751350414
2991176,980370,6641784,7622154,6.774772789865051
2991196,980380,6641824,7622204,6.774744486831636
2991243,980380,6641922,7622302,6.774844448071156
2991664,980642,6642794,7623436,6.773923613306385
2991719,980678,6643005,7623683,6.773890104601103
2991738,980678,6643105,7623783,6.773992074870651
2991754,980692,6643131,7623823,6.77392188373108
2991760,980692,6643149,7623841,6.773940238117574
2991847,980738,6643369,7624107,6.773846837789502
2991872,980756,6643414,7624170,6.773768399071736
2991921,980766,6643509,7624275,6.773796196034528
2991928,980766,6643526,7624292,6.7738135294249595
2992053,980841,6643754,7624595,6.773528023400327
2992766,981022,6645300,7626322,6.773854205104473
2992802,981032,6645327,7626359,6.773812678893247
2992819,981033,6645368,7626401,6.7738475667994855
2992971,981085,6645813,7626898,6.773942115107253
2993055,981161,6646104,7627265,6.773713998008482
2993167,981244,6646300,7627544,6.773340779663366
2993222,981260,6646452,7627712,6.773385239386095
2993265,981260,6646590,7627850,6.773525874895542
2993384,981304,6646899,7628203,6.7735370486617805
2993434,981319,6646978,7628297,6.773514015320196
2993545,981366,6647257,7628623,6.773473912892845
2994001,981543,6648049,7629592,6.773059356543728
2994036,981554,6648098,7629652,6.773033373609603
2994214,981568,6648453,7630021,6.773298436786855
2994264,981568,6648535,7630103,6.773381976592554
2994303,981568,6648588,7630156,6.773435971832822
2994966,981581,6650456,7632037,6.775249317173009
2994997,981602,6650496,7632098,6.7751451199162185
2995066,981602,6650739,7632341,6.775392674424054
2995202,981602,6651098,7632700,6.775758403100238
2995218,981609,6651123,7632732,6.77573555254689
2995314,981660,6651442,7633102,6.775708493775849
2995697,981726,6651768,7633494,6.775585041039965
2995705,981726,6651797,7633523,6.775614580850461
2995709,981726,6651799,7633525,6.775616618078772
2996201,981897,6652284,7634181,6.774930568073841
2996373,981930,6652526,7634456,6.774949334473944
2996560,981937,6652996,7634933,6.775379683217966
2996589,981944,6653048,7634992,6.775384339636476
2996598,981944,6653084,7635028,6.77542100160498
2996636,981963,6653126,7635089,6.775332675467405
2996657,981963,6653200,7635163,6.775408034722286
2997894,982034,6654019,7636053,6.775752163367052
2998183,982227,6654634,7636861,6.775046908708476
2998317,982293,6654986,7637279,6.774950040364739
2998342,982301,6655033,7637334,6.774942711042746
2998399,982324,6655146,7637470,6.774899116788351
2998485,982324,6655146,7637470,6.774899116788351
2998497,982325,6655181,7637506,6.77492784974423
2998532,982341,6655273,7637614,6.77491115610567
2998566,982355,6655308,7637663,6.774850232349812
2998589,982355,6655373,7637728,6.774916399875809
2998799,982395,6655639,7638034,6.774911313677289
2998840,982395,6655711,7638106,6.774984603952586
2998863,982410,6655796,7638206,6.7749676815179
2998898,982426,6655859,7638285,6.774921469912238
2998994,982461,6656044,7638505,6.774868417168722
2999014,982467,6656058,7638525,6.7748412923792865
2999045,982497,6656123,7638620,6.774700584327484
2999106,982512,6656189,7638701,6.774664329799534
2999143,982528,6656309,7638837,6.774676141545076
2999156,982539,6656341,7638880,6.774632864446093
2999171,982539,6656385,7638924,6.774677646383502
2999431,982539,6656703,7639242,6.775001297658414
2999433,982539,6656705,7639244,6.775003333201023
2999455,982551,6656772,7639323,6.774988779208408
2999484,982551,6656812,7639363,6.775029489563392
2999492,982551,6656833,7639384,6.775050862499758
2999497,982553,6656840,7639393,6.775044196089167
2999548,982572,6656928,7639500,6.775002747890231
3000515,983141,6659131,7642272,6.773322443067678
3000571,983153,6659265,7642418,6.773376066593907
3000579,983153,6659290,7642443,6.77340149498603
3000665,983203,6659467,7642670,6.7732370629463095
3000689,983204,6659516,7642720,6.773280011065863
3000948,983283,6660245,7643528,6.773477218664413
3000986,983294,6660286,7643580,6.773443141115475
3001303,983406,6661350,7644756,6.773753668372981
3001321,983406,6661360,7644766,6.773763837113054
3001352,983420,6661431,7644851,6.773739602611295
3001449,983445,6661634,7645079,6.773773825684202
3001498,983470,6661693,7645163,6.773661626689172
3001501,983477,6661706,7645183,6.773626632854658
3001508,983477,6661726,7645203,6.773646968866583
3001512,983480,6661734,7645214,6.773634440964737
3001717,983480,6662678,7646158,6.77459429779965
3001753,983493,6662758,7646251,6.774586092631061
3001844,983533,6662989,7646522,6.77454543975647
3001988,983563,6663341,7646904,6.774696689485066
3002075,983587,6663532,7647119,6.774725570793432
3002106,983595,6663585,7647180,6.774724353011148
3002146,983610,6663663,7647273,6.774700338548815
3002151,983613,6663675,7647288,6.774691875768213
3002287,983630,6664026,7647656,6.774931630796132
3002307,983637,6664047,7647684,6.774904766697471
3002480,983753,6664419,7648172,6.774484042234179
3002501,983768,6664462,7648230,6.774424457798993
3002508,983774,6664479,7648253,6.774400421234958
3002589,983787,6664670,7648457,6.7745050503818405
3002999,983787,6665328,7649115,6.775173894349082
3003010,983787,6665379,7649166,6.775225734838944
3003202,983897,6665814,7649711,6.774910381879404
3003276,983924,6665911,7649835,6.774823055439241
3003314,983950,6665981,7649931,6.7747151786168
3003415,983950,6666242,7650192,6.774980435997764
3003421,983950,6666256,7650206,6.774994664363026
3003429,983956,6666280,7650236,6.774977742907203
3003440,983956,6666318,7650274,6.775016362520275
3003452,983956,6666351,7650307,6.775049900605311
3003481,983956,6666386,7650342,6.775085471301562
3003508,983965,6666432,7650397,6.775070251482522
3003516,983970,6666436,7650406,6.775039889427523
3003523,983970,6666459,7650429,6.775063264123906
3003650,983995,6666569,7650564,6.775002921762814
3003665,984006,6666633,7650639,6.774992225657161
3003695,984032,6666701,7650733,6.774882320900133
3003761,984060,6666837,7650897,6.774827754405219
3003768,984060,6666853,7650913,6.774844013576408
3003786,984068,6666882,7650950,6.774818406858063
3003829,984088,6666983,7651071,6.774783352708295
3003844,984089,6667006,7651095,6.774799840258351
3003890,984114,6667094,7651208,6.774717156752165
3003896,984114,6667112,7651226,6.774735447316063
3003912,984114,6667182,7651296,6.774806577286777
3004036,984114,6667538,7651652,6.7751683239949845
3004147,984206,6667770,7651976,6.774770728892122
3004208,984207,6667824,7652031,6.77481871191731
3004217,984210,6667842,7652052,6.774816350169171
3004266,984222,6667901,7652123,6.774793694918423
3004295,984226,6667926,7652152,6.7747915621005745
3004321,984245,6668009,7652254,6.774745109195373
3004344,984250,6668029,7652279,6.774731013462027
3004555,984386,6668496,7652882,6.774269443084319
3004578,984395,6668555,7652950,6.774267443455117
3004606,984406,6668617,7653023,6.774254728232051
3004615,984410,6668628,7653038,6.774238376286304
3004657,984430,6668696,7653126,6.774169824162206
3004673,984432,6668743,7653175,6.77420380483365
3004877,984454,6669330,7653784,6.7746486885116015
3004903,984459,6669396,7653855,6.774681322431914
3004904,984459,6669401,7653860,6.774686401363591
3004935,984459,6669478,7653937,6.77476461691142
3005298,984459,6670544,7655003,6.775847445144999
3005324,984478,6670606,7655084,6.775779651754534
3005424,984478,6670928,7655406,6.776106728641981
3005665,984620,6671362,7655982,6.775570270764356
3005667,984620,6671366,7655986,6.775574333245313
3005728,984657,6671432,7656089,6.775386759044013
3005823,984676,6671519,7656195,6.7753443772367765
3006275,984996,6672229,7657225,6.773864056300736
3006616,985022,6672910,7657932,6.774376612908138
3006664,985066,6673064,7658130,6.774230356138573
3006700,985075,6673123,7658198,6.774228358246834
3006704,985076,6673131,7658207,6.774229602589039
3006709,985078,6673155,7658233,6.774240212450182
3006741,985078,6673248,7658326,6.774334621217812
3006983,985078,6673421,7658499,6.774510241828565
3007088,985078,6673839,7658917,6.774934573708884
3007155,985103,6674042,7659145,6.774968708855825
3007208,985109,6674221,7659330,6.775109150357981
3007209,985109,6674223,7659332,6.7751111805901685
3007240,985115,6674272,7659387,6.775119656080762
3007249,985115,6674293,7659408,6.775140973388893
3007262,985125,6674341,7659466,6.7751209237406425
3007308,985153,6674475,7659628,6.775064380862668
3007368,985194,6674592,7659786,6.7749011869743425
3007376,985194,6674617,7659811,6.7749265626871455
3007390,985198,6674634,7659832,6.774916311238959
3007428,985198,6674744,7659942,6.775027963921973
3007434,985198,6674758,7659956,6.775042174263447
3008099,985208,6676044,7661252,6.77627871474856
3008162,985208,6676301,7661509,6.776539573369278
3008360,985211,6676575,7661786,6.776797051596054
3008377,985211,6676593,7661804,6.776815321794012
3008382,985215,6676598,7661813,6.7767928827717805
3008387,985215,6676613,7661828,6.776808107874931
3008508,985253,6676816,7662069,6.776752773145578
3008580,985253,6676915,7662168,6.776853254950759
3008636,985253,6677066,7662319,6.777006515077853
3008739,985299,6677243,7662542,6.7768697623767
3008822,985353,6677444,7662797,6.776702359458996
3008829,985353,6677454,7662807,6.776712508106232
3008868,985369,6677543,7662912,6.776692792243312
3010210,985369,6680839,7666208,6.780037732057737
3010266,985381,6680933,7666314,6.780050559123831
3010472,985472,6682059,7667531,6.7805670785166905
3010937,985634,6683008,7668642,6.780415448330719
3011025,985640,6683315,7668955,6.780685645874762
3011079,985678,6683410,7669088,6.780520616266164
3011161,985703,6683557,7669260,6.780497776713675
3011176,985709,6683588,7669297,6.780487953341199
3011513,985774,6684603,7670377,6.781070509061915
3011584,985808,6684690,7670498,6.780924885981855
3011800,985907,6685322,7671229,6.780885012480893
3012235,985916,6687153,7673069,6.78268026890729
3012261,985931,6687195,7673126,6.782619676224807
3012267,985931,6687209,7673140,6.782633876001465
3012275,985931,6687231,7673162,6.782656189936213
3012302,985939,6687254,7673193,6.782624482853402
3012304,985940,6687259,7673199,6.782622674807798
3012323,985948,6687282,7673230,6.78259096828636
3012343,985951,6687344,7673295,6.782633214023821
3012540,986016,6687845,7673861,6.782694195631714
3012547,986016,6687862,7673878,6.78271143673125
3012877,986028,6688572,7674600,6.783348951551072
3012897,986028,6688593,7674621,6.783370249120715
3012930,986037,6688620,7674657,6.78333571661104
3012982,986037,6688678,7674715,6.783394537933161
3013024,986063,6688802,7674865,6.7833414295029835
3013052,986068,6688837,7674905,6.78334252810151
3013055,986069,6688846,7674915,6.783344776075508
3013063,986074,6688865,7674939,6.783329648687624
3013077,986074,6688914,7674988,6.783379340698568
3013476,986074,6688914,7674988,6.783379340698568
3013727,986217,6689668,7675885,6.7831602983927475
3013782,986217,6689818,7676035,6.783312394736655
3014919,986217,6689818,7676035,6.783312394736655
3014948,986228,6689853,7676081,6.783272225083855
3014958,986228,6689876,7676104,6.783295546263136
3014979,986228,6689943,7676171,6.783363481872346
3015135,986228,6690381,7676609,6.783807598243003
3015143,986239,6690404,7676643,6.783755256078901
3015148,986239,6690404,7676643,6.783755256078901
3016274,986247,6692307,7678554,6.7856297661741936
3016350,986247,6692425,7678672,6.78574941165854
3016350,986247,6692425,7678672,6.78574941165854
3016508,986292,6692657,7678949,6.785675033357261
3016912,986299,6693618,7679917,6.786601223361273
3016947,986312,6693754,7680066,6.786649660553659
3017168,986391,6694148,7680539,6.78650555408555
3017217,986417,6694239,7680656,6.786418928303141
3017223,986417,6694258,7680675,6.786438189933872
3017249,986417,6694307,7680724,6.786487864665755
3017332,986457,6694538,7680995,6.786446849685288
3017378,986519,6694687,7681206,6.786171376324227
3017385,986519,6694709,7681228,6.786193676959085
3017407,986519,6694776,7681295,6.786261592528882
3017428,986519,6694835,7681354,6.786321398776912
3017557,986602,6695097,7681699,6.786016042943355
3017572,986611,6695126,7681737,6.785983533530439
3017628,986662,6695229,7681891,6.785737162270362
3017652,986677,6695259,7681936,6.785664406893036
3017754,986751,6695468,7682219,6.785367331778737
3018055,986751,6696067,7682818,6.785974374487586
3018082,986764,6696081,7682845,6.7858991612989525
3018226,986855,6696508,7683363,6.785706106773538
3018232,986855,6696526,7683381,6.785724346535205
3018240,986855,6696550,7683405,6.785748666217428
3018248,986855,6696572,7683427,6.785770959259466
3018549,986856,6696573,7683429,6.7857650964274425
3018571,986856,6696632,7683488,6.785824882252324
3018638,986870,6696766,7683636,6.7858643995663055
3018810,986894,6697308,7684202,6.786248573808332
3018903,986931,6697457,7684388,6.786145130713292
3019018,986980,6697833,7684813,6.786189183164805
3019361,987011,6698971,7685982,6.787129018825524
3019541,987059,6699070,7686129,6.786899263367236
3019576,987062,6699155,7686217,6.786964749934654
3019629,987092,6699254,7686346,6.7868587730424315
3019637,987097,6699270,7686367,6.786840604317509
3019646,987100,6699309,7686409,6.7868594873872965
3020021,987261,6699827,7687088,6.786277387641161
3020098,987273,6699965,7687238,6.78633468149134
3020156,987327,6700082,7687409,6.786082017406594
3020162,987327,6700096,7687423,6.786096197105923
3020173,987335,6700117,7687452,6.7860624813259935
3020200,987335,6700197,7687532,6.786143507522776
3020242,987348,6700393,7687741,6.786252668765218
3020295,987374,6700541,7687915,6.786223862487771
3020300,987380,6700549,7687929,6.786190726974417
3020315,987390,6700617,7688007,6.786190866830736
3020325,987390,6700633,7688023,6.786207071167421
3020385,987403,6700829,7688232,6.78631622549253
3020414,987417,6700911,7688328,6.786303051294438
3020477,987420,6701071,7688491,6.786444471450852
3020541,987453,6701188,7688641,6.7863361597969725
3020553,987453,6701197,7688650,6.7863452741548205
3020557,987453,6701206,7688659,6.7863543885126685
3020642,987460,6701361,7688821,6.786463249144269
3020666,987462,6701408,7688870,6.7864971006479236
3020679,987469,6701433,7688902,6.786474309573262
3020689,987469,6701449,7688918,6.78649051261356
3020762,987499,6701598,7689097,6.78643522676985
3020778,987499,6701613,7689112,6.78645041665865
3020826,987527,6701682,7689209,6.7863278674912175
3020862,987571,6701775,7689346,6.786119681521632
3020920,987605,6701893,7689498,6.786005538651587
3021041,987605,6702233,7689838,6.78634980584343
3021095,987621,6702378,7689999,6.786386680720641
3021124,987639,6702463,7690102,6.786349060739805
3021146,987646,6702542,7690188,6.786380950259506
3021197,987646,6702728,7690374,6.786569276846158
3021258,987677,6702890,7690567,6.786520289527852
3021259,987677,6702895,7690572,6.786525351911607
3021273,987677,6702935,7690612,6.786565850981646
3021285,987681,6702968,7690649,6.786571777729854
3021472,987790,6703451,7691241,6.786311867907147
3021492,987790,6703495,7691285,6.7863564117879305
3021533,987800,6703542,7691342,6.786335290544645
3021540,987804,6703546,7691350,6.786311859437702
3021543,987804,6703552,7691356,6.786317933517175
3021640,987853,6703826,7691679,6.786258684237432
3021740,987891,6704037,7691928,6.786211231805938
3021745,987894,6704048,7691942,6.786201758488259
3021784,987894,6704144,7692038,6.786298934905972
3021808,987894,6704213,7692107,6.786368780456203
3021833,987900,6704255,7692155,6.786370077943111
3021850,987901,6704281,7692182,6.786389526885791
3021877,987901,6704300,7692201,6.7864087595821845
3021894,987902,6704320,7692222,6.786422134989098
3022674,988310,6705691,7694001,6.785007740486285
3022743,988320,6705844,7694164,6.785093896713615
3022756,988320,6705870,7694190,6.785120203982515
3022778,988331,6705907,7694238,6.78508212329675
3022785,988331,6705931,7694262,6.785106406659308
3023176,988467,6706925,7695392,6.7851784632162735
3023241,988488,6706991,7695479,6.785101083675269
3023455,988522,6707467,7695989,6.785349238560194
3023493,988553,6707575,7696128,6.785245707615069
3023548,988553,6707796,7696349,6.785469266695868
3023628,988626,6708045,7696671,6.785220093341668
3023796,988626,6708361,7696987,6.7855397288762385
3023801,988628,6708380,7697008,6.785545220244622
3023934,988709,6708627,7697336,6.785239135074122
3023947,988714,6708662,7697376,6.785240221135738
3023968,988714,6708724,7697438,6.785302928855058
3024012,988740,6708794,7697534,6.7851952990675
3024043,988761,6708832,7697593,6.785089622264632
3024070,988761,6708902,7697663,6.785160417937196
3024084,988761,6708928,7697689,6.7851867134727195
3024163,988776,6709127,7697903,6.785285039280889
3024284,988834,6709305,7698139,6.785067058778319
3024371,988872,6709492,7698364,6.784995429135419
3024382,988872,6709521,7698393,6.78502475547897
3024490,988928,6709748,7698676,6.784870081542842
3024505,988931,6709773,7698704,6.7848747789279535
3024561,988931,6709817,7698748,6.784919271415296
3024577,988933,6709833,7698766,6.784921728772323
3024695,989010,6710072,7699082,6.784635140190696
3024714,989010,6710136,7699146,6.784699851366518
3024820,989010,6710355,7699365,6.7849212849212845
3024869,989010,6710464,7699474,6.785031496142607
3024969,989099,6710759,7699858,6.784719224263698
3025001,989120,6710814,7699934,6.78463078291815
3025007,989120,6710832,7699952,6.784648980912326
3025035,989137,6710861,7699998,6.7845616936784285
3025147,989185,6711133,7700318,6.784507448050668
3025412,989303,6711495,7700798,6.784064134041846
3025432,989315,6711564,7700879,6.784051591252533
3025561,989444,6712141,7701585,6.783750267827184
3025653,989457,6712355,7701812,6.783877419635214
3025672,989462,6712362,7701824,6.783850213550394
3025693,989464,6712385,7701849,6.783859746286878
3025730,989500,6712487,7701987,6.783716018191005
3025740,989500,6712514,7702014,6.783743304699343
3025754,989505,6712527,7702032,6.783722164112359
3025851,989559,6712719,7702278,6.783546003825947
3025857,989559,6712737,7702296,6.783564193746911
3025864,989559,6712760,7702319,6.7835874364237
3025889,989559,6712838,7702397,6.783666259414547
3025917,989559,6712930,7702489,6.7837592301217
3025945,989581,6712959,7702540,6.78363772141947
3025965,989581,6713008,7702589,6.7836872373256965
3026016,989608,6713066,7702674,6.783560763453812
3026099,989642,6713240,7702882,6.783503529559174
3026176,989684,6713358,7703042,6.783334882649411
3026180,989685,6713366,7703051,6.783336111995231
3026288,989697,6713659,7703356,6.7835499147718945
3026485,989762,6714005,7703767,6.783454002073226
3026534,989762,6714110,7703872,6.783560088182815
3026541,989768,6714133,7703901,6.783542203829584
3026577,989793,6714195,7703988,6.783433505793636
3026595,989793,6714222,7704015,6.78346078422458
3026596,989793,6714224,7704017,6.783462804849095
3026608,989793,6714224,7704017,6.783462804849095
3026614,989793,6714238,7704031,6.783476949220695
3027148,989843,6715837,7705680,6.784749702730635
3027151,989843,6715842,7705685,6.784754754036752
3027187,989868,6715889,7705757,6.784630880076939
3028398,989868,6718677,7708545,6.787447417231388
3028404,989868,6718691,7708559,6.787461560531304
3028461,989897,6718790,7708687,6.787362725616908
3028515,989937,6718877,7708814,6.787176355667078
3028529,989937,6718912,7708849,6.787211711452345
3028538,989937,6718936,7708873,6.787235955419385
3028569,989958,6719003,7708961,6.78715965727839
3028580,989958,6719013,7708971,6.787169758717036
3028808,989958,6719487,7709445,6.787648566908899
3028863,989968,6719572,7709540,6.787665863947118
3028896,989983,6719622,7709605,6.787613524676686
3028926,990002,6719665,7709667,6.787526691865269
3028939,990002,6719699,7709701,6.787561035230232
3028960,990014,6719745,7709759,6.787525226915983
3029048,990036,6719978,7710014,6.787609743484075
3029055,990036,6719998,7710034,6.7876299447696855
3029065,990036,6720014,7710050,6.787646105798173
3029176,990078,6720359,7710437,6.787706625134585
3029191,990083,6720388,7710471,6.787701637135473
3029225,990083,6720495,7710578,6.7878097088829925
3032986,990089,6726593,7716682,6.793927616608204
3033002,990094,6726623,7716717,6.793923607253452
3033006,990096,6726632,7716728,6.793918973513679
3033079,990130,6726794,7716924,6.7938492925171445
3033163,990163,6726997,7717160,6.7938278849037985
3033236,990176,6727114,7717290,6.793856849691368
3033264,990195,6727177,7717372,6.793790112048637
3033297,990217,6727266,7717483,6.793729051308955
3033351,990236,6727359,7717595,6.7936926146898315
3033361,990236,6727381,7717617,6.7937148316158975
3033400,990250,6727436,7717686,6.7936743246654885
3033427,990250,6727468,7717718,6.79370663973744
3033434,990252,6727472,7717724,6.793696957946058
3033605,990252,6727816,7718068,6.794044344267924
3033615,990256,6727841,7718097,6.7940421466772225
3033641,990256,6727902,7718158,6.79410374690989
3033690,990256,6728022,7718278,6.794224927695464
3033759,990272,6728074,7718346,6.794167663025916
3033764,990275,6728078,7718353,6.794151119638484
3033789,990283,6728127,7718410,6.794145713901986
3033849,990283,6728316,7718599,6.7943365684354875
3033874,990297,6728362,7718659,6.794286966435322
3033981,990357,6728628,7718985,6.794143929916181
3034002,990360,6728659,7719019,6.79415465083404
3034005,990360,6728668,7719028,6.794163738438548
3034031,990360,6728746,7719106,6.794242497677613
3034322,990376,6729549,7719925,6.794943536596202
3034495,990385,6730542,7720927,6.795884428782746
3034537,990405,6730582,7720987,6.79578758184783
3034550,990408,6730622,7721030,6.795807384431467
3034572,990408,6730662,7721070,6.795847771827368
3034636,990431,6730802,7721233,6.79583130980351
3034920,990594,6731308,7721902,6.7952238757755445
3034938,990594,6731376,7721970,6.7952925214568225
3035081,990607,6731521,7722128,6.7953497199192014
3035101,990609,6731539,7722148,6.795354171020049
3035113,990612,6731587,7722199,6.795382046653987
3035285,990739,6731927,7722666,6.794854144229712
3035351,990739,6732083,7722822,6.795011602450292
3035422,990739,6732608,7723347,6.7955415099234004
3035507,990739,6732765,7723504,6.795699977491549
3035514,990739,6732788,7723527,6.795723192485609
3035555,990760,6732822,7723582,6.7956134684484635
3035762,990862,6733260,7724122,6.795355962787957
3035812,990885,6733400,7724285,6.795339519722268
3035855,990899,6733436,7724335,6.795279841840591
3035865,990899,6733452,7724351,6.795295988794014
3035943,990899,6733720,7724619,6.795566450263851
3036135,990931,6733994,7724925,6.795623509608641
3036157,990937,6734053,7724990,6.795641902562928
3036633,991185,6734914,7726099,6.794810252374683
3036667,991185,6734989,7726174,6.794885919379329
3036712,991191,6735103,7726294,6.794959800886005
3036722,991191,6735119,7726310,6.794975943082615
3036836,991237,6735314,7726551,6.794857334825072
3036886,991269,6735396,7726665,6.7947207064883495
3036998,991269,6735691,7726960,6.795018304819378
3037096,991269,6735981,7727250,6.795310859110897
3037139,991288,6736088,7727376,6.795288553881415
3037142,991288,6736097,7727385,6.795297632978508
3037150,991288,6736125,7727413,6.795325879058357
3037173,991288,6736228,7727516,6.795429784280653
3037175,991288,6736233,7727521,6.795434828223483
3037932,991298,6738398,7729696,6.797550282558827
3037937,991298,6738410,7729708,6.797562387899501
3037946,991300,6738426,7729726,6.797564813880762
3037947,991300,6738428,7729728,6.797566831433471
3038127,991371,6738798,7730169,6.7974532238687635
3038154,991384,6738843,7730227,6.797409480080373
3038173,991391,6738902,7730293,6.797420997366327
3038251,991422,6739018,7730440,6.797325457776809
3038272,991425,6739076,7730501,6.797363391078498
3038290,991425,6739093,7730518,6.79738053811433
3038341,991446,6739203,7730649,6.7973475106057215
3038350,991446,6739241,7730687,6.797385838462206
3038392,991448,6739326,7730774,6.797457859615431
3038399,991448,6739350,7730798,6.797482066633853
3038455,991460,6739452,7730912,6.797502672825933
3038498,991483,6739527,7731010,6.797420631518644
3038566,991500,6739640,7731140,6.797418053454362
3039221,991853,6741506,7733359,6.7968801828496765
3039268,991871,6741580,7733451,6.796831442798509
3039281,991877,6741601,7733478,6.796811499812981
3039342,991897,6741694,7733591,6.79676821282855
3039364,991899,6741701,7733600,6.796761565441643
3039387,991899,6741735,7733634,6.796795843125157
3039590,992015,6742250,7734265,6.796520213908056
3039608,992031,6742281,7734312,6.79644184506331
3039627,992031,6742319,7734350,6.796480150317883
3040079,992031,6743151,7735182,6.797318833786444
3040144,992082,6743234,7735316,6.797053066177997
3040195,992119,6743392,7735511,6.796958832559401
3040212,992119,6743448,7735567,6.797015277401199
3040246,992130,6743518,7735648,6.797010472417929
3040264,992138,6743542,7735680,6.796979855624923
3040540,992207,6744176,7736383,6.7971461600250755
3040722,992285,6744845,7737130,6.797286061968084
3040823,992316,6744988,7737304,6.797217821742268
3040945,992381,6745145,7737526,6.796930815886237
3040976,992381,6745225,7737606,6.797011430085824
3040997,992396,6745274,7737670,6.796958069157877
3041028,992405,6745315,7737720,6.796937742151642
3041038,992405,6745315,7737720,6.796937742151642
3041090,992428,6745431,7737859,6.796897104878138
3041141,992455,6745527,7737982,6.796808923326498
3041155,992463,6745556,7738019,6.796783356155343
3041283,992521,6745775,7738296,6.796606822424916
3041293,992527,6745784,7738311,6.796574803506605
3041309,992527,6745784,7738311,6.796574803506605
3041316,992527,6745807,7738334,6.7965979766797275
3041624,992581,6746600,7739181,6.797027144384186
3042034,992581,6747455,7740036,6.797888535041473
3042052,992592,6747516,7740108,6.797874655447555
3042059,992592,6747533,7740125,6.797891782323452
3042060,992592,6747538,7740130,6.797896819639893
3042107,992628,6747624,7740252,6.797736916548797
3042137,992641,6747654,7740295,6.797678113235299
3042145,992641,6747691,7740332,6.797715387536884
3042168,992653,6747722,7740375,6.797664440645422
3042271,992678,6748077,7740755,6.797850864026401
3042281,992678,6748097,7740775,6.797871011546544
3042290,992678,6748124,7740802,6.797898210698736
3042373,992715,6748280,7740995,6.797801987478783
3042469,992809,6748672,7741481,6.797553205097858
3042479,992817,6748688,7741505,6.797514546991037
3042487,992817,6748713,7741530,6.7975397278652565
3042552,992817,6748817,7741634,6.79764448030201
3042559,992817,6748840,7741657,6.797667646706291
3042634,992859,6748967,7741826,6.797508004661286
3042647,992860,6748993,7741853,6.79752734524505
3042721,992884,6749139,7742023,6.797510081741674
3042798,992921,6749323,7742244,6.797442092573327
3042799,992921,6749328,7742249,6.797447128220674
3042815,992921,6749354,7742275,6.797473313586882
3042907,992921,6749539,7742460,6.797659632538742
3042929,992926,6749571,7742497,6.797657630075151
3042948,992933,6749605,7742538,6.797643949793189
3042963,992933,6749628,7742561,6.797667113491041
3043020,992958,6749733,7742691,6.797601711250627
3043061,992958,6749801,7742759,6.797670193502646
3043098,992973,6749854,7742827,6.797620881937374
3043115,992987,6749878,7742865,6.797549212628161
3043133,992992,6749902,7742894,6.797539154393993
3043224,993019,6750125,7743144,6.797578898288955
3043278,993019,6750315,7743334,6.797770234003579
3043311,993031,6750377,7743408,6.797750523397558
3043366,993035,6750415,7743450,6.79776140820817
3043433,993035,6750694,7743729,6.798042365072732
3043452,993045,6750736,7743781,6.798016202689707
3043471,993045,6750736,7743781,6.798016202689707
3043483,993045,6750765,7743810,6.79804540579732
3043655,993045,6751141,7744186,6.798424039192584
3043732,993045,6751221,7744266,6.7985045994894495
3043828,993051,6751596,7744647,6.798841147131416
3043861,993055,6751626,7744681,6.798843971381243
3043864,993055,6751628,7744683,6.798845985368383
3043874,993062,6751663,7744725,6.798833305473374
3043878,993062,6751682,7744744,6.798852438216345
3043922,993076,6751846,7744922,6.798921734086817
3044790,993079,6753001,7746080,6.8000642446371335
3044848,993102,6753088,7746190,6.799994361102888
3044899,993128,6753127,7746255,6.799855607736364
3044923,993142,6753182,7746324,6.799815132176466
3046704,993160,6756706,7749866,6.803240162712957
3046765,993160,6756847,7750007,6.803382133795159
3046801,993176,6756916,7750092,6.803342005847906
3046835,993198,6756999,7750197,6.803274875704543
3046845,993198,6757024,7750222,6.803300046919144
3046904,993222,6757161,7750383,6.803273588382053
3047110,993325,6757576,7750901,6.802985931090026
3047121,993331,6757600,7750931,6.8029690002627525
3047144,993331,6757668,7750999,6.803037456799395
3047219,993331,6757893,7751224,6.803263967398581
3047424,993341,6758502,7751843,6.803808561209092
3047504,993394,6758708,7752102,6.80365293126393
3047510,993399,6758721,7752120,6.803631773335789
3047517,993400,6758725,7752125,6.803628951077109
3047532,993406,6758780,7752186,6.8036432234152
3047586,993411,6758901,7752312,6.803730782123411
3047609,993417,6758961,7752378,6.803750086821546
3047719,993417,6759301,7752718,6.804092339873386
3047881,993534,6759572,7753106,6.803563843814102
3047919,993551,6759613,7753164,6.803488698617383
3048091,993578,6760314,7753892,6.804009348033069
3048261,993587,6761290,7754877,6.804930016193851
3048293,993590,6761310,7754900,6.8049295987278455
3048578,993709,6761635,7755344,6.804441743005246
3048689,993709,6761813,7755522,6.804620869892494
3048706,993711,6761823,7755534,6.8046172378085785
3048707,993711,6761828,7755539,6.8046222694525875
3048755,993741,6761888,7755629,6.804477222938371
3048782,993756,6761933,7755689,6.804419797213803
3048815,993774,6761977,7755751,6.8043408259825675
3050638,993774,6765692,7759466,6.808079100479586
3050692,993786,6765793,7759579,6.808098524229562
3050701,993788,6765824,7759612,6.808116016695714
3050829,993906,6766228,7760134,6.807714210398166
3050835,993909,6766240,7760149,6.807705735635757
3050878,993921,6766293,7760214,6.807676867678619
3050916,993921,6766342,7760263,6.807726167371451
3050978,993943,6766450,7760393,6.807684142853263
3050986,993943,6766475,7760418,6.8077092952010325
3051080,993967,6766620,7760587,6.80769079858788
3051533,994222,6767667,7761889,6.806997833481859
3051600,994279,6767764,7762043,6.806705160221628
3051618,994279,6767791,7762070,6.806732315577419
3051629,994279,6767801,7762080,6.8067423731166
3051648,994288,6767834,7762122,6.806713950082873
3052183,994628,6768709,7763337,6.805266893753243
3052212,994640,6768744,7763384,6.805219979087911
3052332,994660,6768965,7763625,6.805305330464681
3052405,994674,6769086,7763760,6.805331193938919
3052466,994685,6769158,7763843,6.805328320020911
3052487,994702,6769197,7763899,6.805251220968692
3052733,994705,6769628,7764333,6.8056639908314525
3052800,994749,6769771,7764520,6.805506715764479
3052817,994758,6769823,7764581,6.8054974174623375
3052838,994758,6769882,7764640,6.805556728370116
3052901,994787,6769969,7764756,6.805445788897523
3052968,994787,6770081,7764868,6.8055583758131135
3053342,994907,6770632,7765539,6.80529134883964
3053390,994940,6770714,7765654,6.805148049128591
3053513,994952,6771039,7765991,6.805392621955632
3053567,994972,6771087,7766059,6.805304068858219
3055086,995583,6773547,7769130,6.803598494550429
3055099,995585,6773592,7769177,6.803630026567294
3055121,995589,6773599,7769188,6.803609722485885
3055193,995634,6773727,7769361,6.803430778780154
3055546,995781,6774462,7770243,6.8031645512416885
3055551,995781,6774467,7770248,6.803169572426065
3055629,995826,6774675,7770501,6.803071018430931
3055650,995826,6774704,7770530,6.803100139984294
3055916,995890,6775772,7771662,6.803735352297944
3055923,995890,6775795,7771685,6.803758447218066
3056146,996091,6776224,7772315,6.802816208559258
3056154,996096,6776250,7772346,6.80280816306862
3056188,996106,6776355,7772461,6.802845279518444
3056265,996128,6776506,7772634,6.802846622120852
3056288,996135,6776535,7772670,6.802827929949254
3056328,996135,6776653,7772788,6.802946387788804
3056446,996169,6776831,7773000,6.802892882633368
3056693,996302,6777555,7773857,6.802711426856515
3056717,996308,6777600,7773908,6.80271562609153
3056768,996346,6777694,7774040,6.802550519598613
3056811,996364,6777770,7774134,6.802503904195655
3057151,996491,6778162,7774653,6.802030324408349
3057171,996491,6778213,7774704,6.8020815039975275
3057192,996491,6778284,7774775,6.802152754013835
3057253,996511,6778409,7774920,6.802141672294636
3057485,996527,6778517,7775044,6.802140835120373
3057595,996559,6778829,7775388,6.802235492329104
3057641,996562,6778895,7775457,6.802281242913136
3057661,996577,6778942,7775519,6.802226019665314
3057674,996577,6778947,7775524,6.802231036839101
3057703,996588,6778986,7775574,6.802195089645871
3057760,996621,6779194,7775815,6.802178561358832
3057822,996657,6779291,7775948,6.802030186914856
3057888,996665,6779412,7776077,6.802096993473233
3057918,996665,6779442,7776107,6.802127093858016
3057999,996731,6779597,7776328,6.8018321894272376
3058017,996741,6779636,7776377,6.8018030762254185
3058252,996897,6780321,7777218,6.801425824332905
3058379,996968,6780544,7777512,6.801165132682293
3058386,996968,6780560,7777528,6.801181181341828
3058428,996981,6780660,7777641,6.80119280106642
3058459,996997,6780707,7777704,6.801130795779726
3058537,997037,6780913,7777950,6.801064554274315
3058566,997041,6781026,7778067,6.801150604639127
3058782,997041,6781026,7778067,6.801150604639127
3058829,997061,6781074,7778135,6.801062322164842
3058837,997064,6781088,7778152,6.80105590012276
3058865,997071,6781116,7778187,6.801036235132703
3058879,997078,6781154,7778232,6.801026599724395
3058981,997080,6781415,7778495,6.801274722188792
3058989,997083,6781427,7778510,6.801266293778953
3058991,997085,6781430,7778515,6.801255660249628
3059053,997085,6781485,7778570,6.801310821043342
3059100,997118,6781628,7778746,6.8012291423883635
3059116,997118,6781654,7778772,6.801255217536942
3059155,997130,6781770,7778900,6.8012897014431415
3059233,997139,6782005,7779144,6.801463988471015
3059292,997146,6782092,7779238,6.801503490963209
3059355,997146,6782173,7779319,6.801584722798868
3059377,997146,6782226,7779372,6.801637874493806
3059380,997146,6782235,7779381,6.801646900253323
3059399,997152,6782253,7779405,6.801624025223838
3059526,997190,6782357,7779547,6.801469128250384
3059575,997190,6782528,7779718,6.801640610114421
3059576,997190,6782530,7779720,6.801642615750258
3059590,997193,6782556,7779749,6.801648226571988
3059631,997236,6782624,7779860,6.801423133541108
3059663,997247,6782643,7779890,6.801367163801947
3060366,997456,6785871,7783327,6.80317828555846
3060550,997549,6786445,7783994,6.803119445761562
3060560,997549,6786473,7784022,6.803147514558182
3060605,997561,6786529,7784090,6.8031218141046015
3060613,997561,6786554,7784115,6.803146875228682
3060656,997570,6786653,7784223,6.803184738915565
3060669,997570,6786698,7784268,6.803229848531933
3060706,997589,6786764,7784353,6.803166434273033
3060764,997595,6786919,7784514,6.803280890541753
3060777,997607,6786941,7784548,6.803221108111711
3060798,997615,6786985,7784600,6.803210657417941
3060975,997615,6787299,7784914,6.803525408098315
3060982,997616,6787308,7784924,6.803527609821815
3061122,997680,6787543,7785223,6.803326717985727
3061282,997828,6787867,7785695,6.8026423391606565
3061379,997828,6788319,7786147,6.803095323041647
3061964,998072,6789573,7787645,6.80268858358916
3062040,998077,6789824,7787901,6.802905988215338
3062048,998077,6789842,7787919,6.802924022896029
3062104,998077,6790010,7788087,6.803092346582478
3062110,998080,6790031,7788111,6.803092938441808
3062133,998080,6790070,7788150,6.803132013465855
3062347,998252,6790651,7788903,6.802541843141812
3062774,998252,6791194,7789446,6.803085793967856
3062775,998253,6791200,7789453,6.803084989476615
3063175,998561,6792133,7790694,6.801920964267581
3063218,998612,6792320,7790932,6.801760844051543
3063270,998638,6792417,7791055,6.801680889371323
3063281,998641,6792438,7791079,6.801681485138303
3063342,998642,6792728,7791370,6.801965068563109
3063388,998682,6792865,7791547,6.8018298116918094
3063411,998695,6792900,7791595,6.801776318095114
3063488,998754,6793023,7791777,6.801497666091951
3063517,998764,6793056,7791820,6.80146260778322
3063687,998773,6794035,7792808,6.802381522127651
3063697,998773,6794041,7792814,6.802387529498695
3063840,998773,6794317,7793090,6.802663868566731
3063856,998773,6794343,7793116,6.802689900507923
3064104,998933,6794816,7793749,6.802073812758213
3064568,998933,6795673,7794606,6.80293172815394
3064594,998951,6795704,7794655,6.802840179348136
3064600,998951,6795718,7794669,6.802854194049558
3064728,999021,6796092,7795113,6.802751894104328
3064738,999027,6796106,7795133,6.802725051475085
3064765,999045,6796138,7795183,6.802634515962745
3064966,999162,6796715,7795877,6.802415424125417
3064970,999162,6796722,7795884,6.802422429996337
3065165,999163,6797192,7796355,6.802886015595053
3065190,999163,6797252,7796415,6.802946065857123
3065257,999163,6797529,7796692,6.803223297900343
3065525,999163,6798110,7797273,6.803804784604714
3065531,999163,6798124,7797287,6.80381879633253
3065829,999196,6798807,7798003,6.804277639221935
3065888,999196,6799066,7798262,6.804536847625491
3066261,999433,6800547,7799980,6.80440509769039
3066268,999433,6800570,7800003,6.8044281107387885
3066384,999441,6801065,7800506,6.804868921727246
3066451,999441,6801246,7800687,6.805050022962837
3066519,999482,6801341,7800823,6.804865920546844
3066560,999505,6801415,7800920,6.804783367767045
3066582,999519,6801471,7800990,6.8047440819033955
3066609,999523,6801494,7801017,6.804739860913656
3129971,999523,6991576,7991099,6.994912573297463
3130012,999523,6991719,7991242,6.995055641541015
3130035,999523,6991807,7991330,6.995143683537047
3130275,999523,6992199,7991722,6.995535870610281
3130291,999529,6992222,7991751,6.995516888454462
3130305,999529,6992248,7991777,6.995542900706233
3130629,999535,6993008,7992543,6.996261261486591
3130852,999535,6993486,7993021,6.996739483859995
3133020,1000183,6998308,7998491,6.997027543959455
3133417,1000183,6998926,7999109,6.9976454308861475
3133455,1000211,6998983,7999194,6.997506526122988
3133554,1000304,6999159,7999463,6.997031902301701
3133565,1000304,6999171,7999475,6.997043898654809
3133630,1000342,6999300,7999642,6.996907057786237
3133641,1000348,6999318,7999666,6.996883084686529
3133710,1000348,6999523,7999871,6.9970880133713464
3133716,1000348,6999537,7999885,6.997102008501042
3133738,1000359,6999593,7999952,6.997081047903802
3133777,1000382,6999703,8000085,6.997030134488625
3133897,1000440,6999942,8000382,6.99686338011275
3133953,1000445,6999987,8000432,6.996873391340853
3134038,1000495,7000147,8000642,6.996683641597409
3134331,1000495,7000806,8001301,6.997342315553801
3134383,1000509,7000877,8001386,6.997315366478462
3134416,1000519,7000975,8001494,6.99734337878641
3134440,1000519,7001021,8001540,6.997389354924794
3134442,1000519,7001026,8001545,6.99739435233114
3134489,1000536,7001079,8001615,6.99732843196047
3134533,1000536,7001179,8001715,6.997428378389183
3134564,1000549,7001257,8001806,6.997415418935005
3134605,1000572,7001373,8001945,6.997370504071671
3134614,1000577,7001402,8001979,6.997364520671573
3134677,1000631,7001528,8002159,6.997112821809438
3134779,1000648,7001694,8002342,6.997159840423405
3134900,1000717,7001996,8002713,6.996979165938022
3134956,1000730,7002061,8002791,6.996953224146373
3135204,1000868,7002519,8003387,6.996446084798395
3135209,1000870,7002538,8003408,6.996451087553829
3135262,1000876,7002587,8003463,6.996458102702033
3135270,1000876,7002616,8003492,6.996487077320268
3135280,1000876,7002632,8003508,6.996503063316535
3135362,1000908,7002775,8003683,6.9964222485982726
3135422,1000924,7002974,8003898,6.996509225475661
3135444,1000928,7003032,8003960,6.9965392116116245
3135545,1000973,7003244,8004217,6.9964364673173005
3135586,1000981,7003378,8004359,6.996514419354613
3135605,1000990,7003397,8004387,6.996470494210731
3135613,1000990,7003415,8004405,6.996488476408356
3135617,1000991,7003420,8004411,6.996486481896441
3135757,1000991,7003616,8004607,6.996682287852738
3135792,1001007,7003669,8004676,6.996623400235962
3135823,1001015,7003685,8004700,6.996583467780203
3135898,1001035,7003837,8004872,6.99659552363304
3135931,1001035,7003964,8004999,6.996722392323945
3135933,1001035,7003970,8005005,6.996728386120365
3136220,1001245,7004357,8005602,6.99564741896339
3136270,1001276,7004486,8005762,6.995559665866354
3136278,1001279,7004492,8005771,6.995544698330835
3136279,1001280,7004496,8005776,6.9955417066155325
3136298,1001288,7004521,8005809,6.995510782112639
3136312,1001294,7004536,8005830,6.995483843905985
3136330,1001306,7004558,8005864,6.995421978895562
3136375,1001322,7004634,8005956,6.99538609957636
3136527,1001472,7005074,8006546,6.994777687244376
3136577,1001484,7005157,8006641,6.994776751301069
3136612,1001496,7005224,8006720,6.994759839280436
3136638,1001496,7005306,8006802,6.994841716791679
3136644,1001496,7005320,8006816,6.994855695878965
3136694,1001515,7005420,8006935,6.994822843392261
3137161,1001523,7006253,8007776,6.995598703175064
3137238,1001586,7006393,8007979,6.995298456647757
3137244,1001586,7006407,8007993,6.995312434478916
3137250,1001590,7006422,8008012,6.9952994738365994
3137431,1001634,7006848,8008482,6.995417487824894
3137472,1001686,7006947,8008633,6.995153171752426
3137499,1001691,7007008,8008699,6.995179152053877
3137571,1001734,7007185,8008919,6.995055573635316
3137661,1001772,7007368,8009140,6.9949729080070115
3137681,1001780,7007399,8009179,6.99494799257322
3137752,1001794,7007528,8009322,6.994979007660257
3137863,1001843,7007774,8009617,6.994882431678417
3137870,1001843,7007790,8009633,6.994898402244663
3137884,1001849,7007815,8009664,6.994881464172745
3137896,1001849,7007840,8009689,6.9949064180330565
3137908,1001857,7007859,8009716,6.994869527287826
3137976,1001912,7008123,8010035,6.994749039835834
3137983,1001912,7008143,8010055,6.994769001668809
3138018,1001915,7008227,8010142,6.994831896917403
3138045,1001924,7008261,8010185,6.994802999029867
3138082,1001944,7008400,8010344,6.994802104708447
3138140,1001968,7008509,8010477,6.9947433450968495
3138164,1001968,7008558,8010526,6.994792248854255
3138183,1001972,7008587,8010559,6.994793267676143
3138307,1002031,7008952,8010983,6.9947456715411
3138453,1002155,7009357,8011512,6.994284317296227
3138463,1002155,7009384,8011539,6.994311259236346
3138495,1002175,7009442,8011617,6.994229550727169
3138524,1002186,7009475,8011661,6.994185710037857
3138530,1002190,7009477,8011667,6.994159790059769
3138540,1002200,7009495,8011695,6.994107962482539
3138546,1002200,7009509,8011709,6.99412193175015
3138837,1002209,7010196,8012405,6.994744609158369
3138845,1002209,7010196,8012405,6.994744609158369
3139076,1002213,7010701,8012914,6.995220576863401
3139147,1002213,7010828,8013041,6.9953472964329935
3139217,1002219,7011015,8013234,6.9954920032448
3139260,1002227,7011113,8013340,6.9955339459024755
3139269,1002229,7011136,8013365,6.995542934798334
3139380,1002306,7011355,8013661,6.995224013425042
3139846,1002443,7011991,8014434,6.9949024533065725
3139895,1002472,7012081,8014553,6.994789879418079
3139929,1002481,7012123,8014604,6.9947689781651725
3139951,1002482,7012129,8014611,6.994767985859098
3140007,1002517,7012237,8014754,6.99463151248308
3140046,1002536,7012306,8014842,6.99456777611976
3140102,1002543,7012326,8014869,6.994538887608811
3140212,1002543,7012681,8015224,6.994892987133719
3140236,1002543,7012742,8015285,6.994953832404196
3140262,1002549,7012779,8015328,6.994948875316817
3140312,1002571,7012931,8015502,6.994946991285405
3140317,1002573,7012943,8015516,6.99494500649828
3140748,1002573,7014413,8016986,6.996411233895188
3140911,1002573,7014831,8017404,6.996828161141384
3141000,1002573,7015128,8017701,6.997124398921575
3141059,1002598,7015298,8017896,6.997119483581655
3141105,1002630,7015388,8018018,6.996985927011958
3141115,1002630,7015415,8018045,6.997012856188225
3141197,1002649,7015529,8018178,6.996993962992034
3141283,1002668,7015737,8018405,6.997068820387207
3141290,1002668,7015757,8018425,6.997088767169193
3141308,1002668,7015793,8018461,6.997124671376767
3141355,1002702,7015947,8018649,6.997040995230886
3141481,1002763,7016192,8018955,6.996859676713242
3141540,1002763,7016551,8019314,6.997217687529356
3141577,1002772,7016630,8019402,6.9972336682715515
3141583,1002772,7016644,8019416,6.99724762957083
3141602,1002779,7016650,8019429,6.997204767949867
3141607,1002779,7016662,8019441,6.997216734694285
3141680,1002813,7016831,8019644,6.997148022612391
3142331,1003216,7018870,8022086,6.996369675124798
3142338,1003223,7018882,8022105,6.996332819323321
3142349,1003223,7018892,8022115,6.996342787196864
3142471,1003223,7018892,8022115,6.996342787196864
3142491,1003232,7018945,8022177,6.99633285222162
3142535,1003245,7019034,8022279,6.996330906209351
3142538,1003245,7019042,8022287,6.996338880333318
3142552,1003251,7019059,8022310,6.996313983240485
3142556,1003251,7019066,8022317,6.996320960557228
3142559,1003251,7019075,8022326,6.996329931393041
3142596,1003251,7019208,8022459,6.996462500411163
3142685,1003251,7019354,8022605,6.996608027303237
3142795,1003322,7019617,8022939,6.9963750421101105
3142845,1003370,7019695,8023065,6.996118082063446
3143016,1003397,7020069,8023466,6.996302560202991
3143049,1003401,7020130,8023531,6.9963354630900305
3143138,1003459,7020362,8023821,6.996162274691841
3143277,1003459,7020939,8024398,6.996737285728664
3143286,1003460,7020977,8024437,6.996768182089968
3144735,1004394,7025961,8030355,6.9952239858063665
3144759,1004420,7026044,8030464,6.9951255450906995
3144835,1004442,7026201,8030643,6.995128638587395
3144871,1004465,7026262,8030727,6.995029194645906
3144894,1004472,7026274,8030746,6.99499239401397
3144986,1004508,7026440,8030948,6.9949069594269035
3144998,1004513,7026461,8030974,6.994893047675839
3145212,1004541,7027116,8031657,6.9953501151272075
3145227,1004541,7027153,8031694,6.995386947869724
3145242,1004547,7027190,8031737,6.995381998054845
3145308,1004552,7027378,8031930,6.995534327740127
3145446,1004569,7027596,8032165,6.995632953037571
3145615,1004610,7027986,8032596,6.99573565861379
3145901,1004610,7028953,8033563,6.996698221200266
3145928,1004621,7028968,8033589,6.996636542536937
3146021,1004661,7029094,8033755,6.996483390914945
3146516,1004730,7030167,8034897,6.997070854856529
3146653,1004761,7030399,8035160,6.997085874153157
3146718,1004791,7030531,8035322,6.997008333076232
3146857,1004791,7030854,8035645,6.99732979296192
3146923,1004791,7031104,8035895,6.997578600922978
3147203,1004791,7031862,8036653,6.998332986660907
3147220,1004800,7031920,8036720,6.998328025477707
3147308,1004864,7032143,8037007,6.998104221068722
3147341,1004873,7032188,8037061,6.998086325336635
3147428,1004880,7032389,8037269,6.998237600509514
3147441,1004893,7032421,8037314,6.998178910590481
3147449,1004893,7032445,8037338,6.998202793730278
3147474,1004911,7032500,8037411,6.998132172898893
3147560,1004938,7032687,8037625,6.998130232909891
3147606,1004938,7032820,8037758,6.998262579383007
3147675,1004938,7033135,8038073,6.998576031556175
3147705,1004946,7033191,8038137,6.998576042891857
3148092,1004946,7033191,8038137,6.998576042891857
3148101,1004946,7033191,8038137,6.998576042891857
3148122,1004946,7033223,8038169,6.998607885398817
3148252,1005051,7033486,8038537,6.998138402926816
3148364,1005054,7033841,8038895,6.998470728935958
3148398,1005054,7033913,8038967,6.9985423668778
3148802,1005060,7034875,8039935,6.99945774381629
3148963,1005060,7035224,8040284,6.999804986766959
3149112,1005098,7035588,8040686,6.999902497069938
3149156,1005126,7035672,8040798,6.999791070970207
3149249,1005127,7036046,8041173,7.000156199166871
3149308,1005164,7036149,8041313,7.00000099486253
3149373,1005197,7036331,8041528,6.99995224816628
3149469,1005197,7036509,8041706,7.000129327882992
3149514,1005221,7036576,8041797,7.000028849377401
3149847,1005308,7037799,8043107,7.000639604976783
3149957,1005407,7038124,8043531,7.000273521071566
3149972,1005409,7038153,8043562,7.0002884398289655
3149979,1005409,7038176,8043585,7.0003113160912624
3150479,1005543,7039141,8044684,7.000338125768863
3150564,1005552,7039323,8044875,7.00045646570242
3150670,1005624,7039573,8045197,7.0002038535277595
3151808,1006171,7042135,8048306,6.998944513407761
3151840,1006174,7042197,8048371,6.99898526497405
3151862,1006174,7042221,8048395,6.999009117707275
3151912,1006188,7042254,8048442,6.998944531240682
3151918,1006191,7042272,8048463,6.998941552846328
3151977,1006196,7042412,8048608,6.999045911532146
3151998,1006217,7042469,8048686,6.998956487517106
3152063,1006223,7042679,8048902,6.999123454741146
3152132,1006247,7042787,8049034,6.999063848140665
3152137,1006247,7042799,8049046,6.999075773642058
3152816,1006528,7044886,8051414,6.9991952533858965
3152863,1006549,7044942,8051491,6.999104862257078
3152924,1006568,7045080,8051648,6.999109846528004
3152929,1006571,7045091,8051662,6.99909991446207
3153019,1006604,7045166,8051770,6.998944967435059
3153472,1006750,7046374,8053124,6.999129873354855
3153531,1006758,7046536,8053294,6.999235168729725
3153543,1006766,7046554,8053320,6.999197430187352
3154872,1006790,7050272,8057062,7.002723507384856
3154879,1006794,7050282,8057076,7.002705618031097
3154969,1006838,7050535,8057373,7.002650873328182
3154977,1006840,7050542,8057382,7.0026439156171785
3154994,1006853,7050586,8057439,7.00259720137895
3155020,1006869,7050636,8057505,7.002535583079824
3156396,1006869,7050636,8057505,7.002535583079824
3156412,1006883,7050674,8057557,7.002475957981216
3156433,1006889,7050700,8057589,7.0024600526969705
3156609,1006978,7051028,8058006,7.002166879514746
3156651,1006978,7051092,8058070,7.00223043601747
3156671,1006978,7051141,8058119,7.002279096464868
3156726,1006993,7051195,8058188,7.002228416682142
3156737,1007007,7051215,8058222,7.00215092844439
3156760,1007021,7051285,8058306,7.00212309375872
3156771,1007029,7051308,8058337,7.0020903072304765
3156783,1007036,7051338,8058374,7.00207142545053
3156789,1007036,7051357,8058393,7.002090292700559
3156796,1007036,7051373,8058409,7.00210618091111
3157030,1007139,7052034,8059173,7.0020463908159645
3157157,1007194,7052272,8059466,7.001900329032937
3157221,1007217,7052375,8059592,7.001842701225257
3157292,1007233,7052572,8059805,7.00192706156371
3157314,1007242,7052627,8059869,7.001919101864298
3157344,1007242,7052703,8059945,7.001994555429579
3157389,1007258,7052722,8059980,7.001902193876842
3157421,1007299,7052794,8060093,7.001688674365804
3157435,1007302,7052824,8060126,7.001697604094899
3157440,1007302,7052846,8060148,7.001719444615418
3157446,1007302,7052860,8060162,7.001733343128476
3157473,1007306,7052890,8060196,7.001735321739372
3157530,1007306,7053080,8060386,7.001923943667565
3157538,1007306,7053105,8060411,7.001948762342327
3157548,1007306,7053133,8060439,7.00197655925806
3157559,1007311,7053142,8060453,7.0019507381533606
3157566,1007317,7053154,8060471,7.001920944449464
3157582,1007324,7053197,8060521,7.001914974725113
3157609,1007336,7053236,8060572,7.001870279628644
3157622,1007344,7053258,8060602,7.00183651265109
3157641,1007344,7053308,8060652,7.001886148128147
3157663,1007365,7053340,8060705,7.0017719495912605
3157835,1007406,7053669,8061075,7.001813568710133
3157842,1007406,7053692,8061098,7.0018363996243815
3157851,1007406,7053722,8061128,7.0018661790777506
3157852,1007408,7053723,8061131,7.001853270968664
3157902,1007437,7053839,8061276,7.0017668598631975
3157915,1007439,7053850,8061289,7.001763878507781
3157935,1007439,7053897,8061336,7.001810531456496
3157974,1007453,7053933,8061386,7.001748964964122
3158158,1007453,7054300,8061753,7.002113249948136
3158324,1007507,7054485,8061992,7.0019215747384385
3158511,1007566,7054939,8062505,7.001962154340261
3158648,1007602,7055113,8062715,7.001884672717998
3158679,1007622,7055186,8062808,7.001818142120755
3158889,1007717,7055722,8063439,7.001689958589564
3158906,1007720,7055743,8063463,7.001689953558528
3159994,1007833,7057350,8065183,7.0024994220272605
3160029,1007854,7057396,8065250,7.002399157020759
3160107,1007854,7057553,8065407,7.002554933551884
3160113,1007854,7057571,8065425,7.0025727932815665
3160150,1007867,7057650,8065517,7.002560853763443
3160175,1007877,7057687,8065564,7.002528086264495
3160217,1007877,7057818,8065695,7.002658062442143
3160337,1007935,7058070,8066005,7.002505121858056
3160345,1007938,7058078,8066016,7.002492216783176
3160448,1007971,7058282,8066253,7.002465348705469
3160802,1008130,7058936,8067066,7.002009661452392
3161000,1008130,7058936,8067066,7.002009661452392
3161032,1008138,7059099,8067237,7.002115781767972
3161091,1008159,7059192,8067351,7.002062174716488
3161537,1008413,7060007,8068420,7.001106689421894
3162649,1008438,7062374,8070812,7.003280320654319
3162676,1008450,7062405,8070855,7.003227725717686
3162732,1008463,7062536,8070999,7.003267348430235
3162759,1008463,7062568,8071031,7.003299079886917
3162767,1008467,7062589,8071056,7.003292125572775
3162884,1008532,7062937,8071469,7.003185818595741
3163143,1008720,7063592,8072312,7.002529938932509
3163228,1008773,7063781,8072554,7.002349388811953
3163232,1008773,7063790,8072563,7.002358310541618
3163243,1008773,7063800,8072573,7.00236822357458
3163420,1008878,7064138,8073016,7.001974470649573
3163469,1008878,7064247,8073125,7.00208251146323
3164294,1008878,7065795,8074673,7.003616889257175
3164305,1008878,7065805,8074683,7.003626801258427
3164348,1008878,7065913,8074791,7.003733850871959
3164358,1008878,7065933,8074811,7.003753674874464
3164365,1008878,7065956,8074834,7.003776472477346
3164367,1008878,7065961,8074839,7.003781428477972
3164468,1008907,7066214,8075121,7.003830878366391
3164595,1008969,7066559,8075528,7.003742434108481
3164603,1008969,7066584,8075553,7.003767211876678
3164604,1008969,7066584,8075553,7.003767211876678
3164663,1008984,7066664,8075648,7.003742378471809
3164697,1009000,7066732,8075732,7.003698711595639
3164745,1009012,7066817,8075829,7.003699658676012
3164763,1009016,7066853,8075869,7.003707572526104
3164771,1009016,7066890,8075906,7.003744241914895
3164806,1009023,7066945,8075968,7.003750162285696
3164887,1009037,7067277,8076314,7.0039820145346505
3164978,1009050,7067539,8076589,7.00415142956246
3165043,1009101,7067680,8076781,7.003937167835529
3165132,1009154,7067791,8076945,7.003679319509213
3165148,1009166,7067828,8076994,7.003632702647533
3165166,1009183,7067888,8077071,7.003574178320483
3165202,1009191,7067955,8077146,7.003585049807222
3165261,1009210,7068003,8077213,7.003500758018649
3165272,1009213,7068015,8077228,7.003491829772308
3165349,1009239,7068238,8077477,7.003532364484528
3165382,1009239,7068301,8077540,7.003594787755923
3165386,1009240,7068304,8077544,7.003590820815663
3165387,1009240,7068306,8077546,7.003592802504855
3165440,1009273,7068405,8077678,7.003461897821501
3165489,1009296,7068513,8077809,7.003409307081371
3165582,1009318,7068650,8077968,7.0033923897126575
3165591,1009324,7068667,8077991,7.003367600493004
3165648,1009358,7068821,8078179,7.003284265840267
3165709,1009403,7069037,8078440,7.003186041650362
3166451,1009548,7069400,8078948,7.002539750462583
3166478,1009564,7069474,8079038,7.002502070200602
3166553,1009583,7069566,8079149,7.0024614122860624
3166573,1009592,7069607,8079199,7.002439599362911
3166665,1009592,7069874,8079466,7.002704062631241
3166903,1009592,7070499,8080091,7.003323124588943
3166909,1009592,7070513,8080105,7.003336991576796
3167118,1009668,7071006,8080674,7.003298113835439
3167184,1009720,7071187,8080907,7.003116705621361
3167190,1009720,7071201,8080921,7.003130570851325
3167209,1009730,7071253,8080983,7.003112713299595
3167222,1009739,7071272,8081011,7.003069109938311
3167260,1009760,7071323,8081083,7.002973974013627
3167305,1009776,7071446,8081222,7.0029848203958105
3167327,1009792,7071474,8081266,7.002901587653695
3167436,1009904,7071869,8081773,7.002516080736386
3167451,1009904,7071904,8081808,7.002550737495842
3167518,1009930,7072010,8081940,7.0024754190884515
3167711,1010003,7072116,8082119,7.002074251264601
3167722,1010003,7072125,8082128,7.002083162129221
3167760,1010019,7072223,8082242,7.002069268003869
3167950,1010098,7072556,8082654,7.00185130551689
3167956,1010098,7072570,8082668,7.001865165558193
3168023,1010117,7072615,8082732,7.001778011854072
3168176,1010191,7072960,8083151,7.0016066268656125
3168222,1010191,7073116,8083307,7.001761053107779
3168357,1010236,7073472,8083708,7.001801559239623
3168424,1010236,7073814,8084050,7.002140093997838
3168444,1010243,7073851,8084094,7.002128200838808
3169156,1010443,7076137,8086580,7.003004622724884
3169157,1010443,7076142,8086585,7.00300957104953
3169176,1010467,7076203,8086670,7.002903607935736
3169206,1010471,7076305,8086776,7.002976829617079
3169435,1010520,7076823,8087343,7.003149863436646
3169437,1010522,7076823,8087345,7.00313600297668
3169793,1010538,7077669,8088207,7.003862299092167
3170015,1010675,7078236,8088911,7.0034739159472625
3170026,1010675,7078278,8088953,7.003515472332847
3170082,1010700,7078486,8089186,7.003548036014643
3171038,1010918,7080603,8091521,7.00413188804631
3171040,1010920,7080616,8091536,7.004130890673841
3171195,1010996,7080813,8091809,7.003799223735801
3171945,1011252,7083236,8094488,7.004422240944888
3171972,1011252,7083286,8094538,7.004471684604827
3172058,1011311,7083458,8094769,7.0042331191888545
3172088,1011311,7083488,8094799,7.004262783654089
3172279,1011311,7083767,8095078,7.004538663180762
3172310,1011322,7083782,8095104,7.004477307919733
3172333,1011326,7083827,8095153,7.0044940998253775
3172475,1011472,7084139,8095611,7.003791503867631
3172681,1011551,7084300,8095851,7.0034036840455896
3172690,1011551,7084321,8095872,7.003424444244532
3172834,1011621,7084501,8096122,7.0031177684132695
3172852,1011627,7084544,8096171,7.003118738428294
3172874,1011627,7084611,8096238,7.0031849683727305
3172895,1011640,7084681,8096321,7.003164169072002
3172993,1011662,7084848,8096510,7.003176950404384
3173015,1011662,7084885,8096547,7.003213523884459
3173264,1011662,7085221,8096883,7.003545650622441
3173332,1011662,7085377,8097039,7.003699852322218
3173610,1011662,7086046,8097708,7.004361140380878
3174057,1011776,7086704,8098480,7.004222278448985
3174079,1011776,7086736,8098512,7.004253906002909
3174106,1011806,7086783,8098589,7.004092681798685
3174144,1011811,7086842,8098653,7.00411638141906
3174182,1011811,7086952,8098763,7.004225097374905
3174190,1011814,7086975,8098789,7.0042270614954925
3174248,1011829,7087077,8098906,7.004224033902962
3174264,1011839,7087119,8098958,7.00419631977024
3174375,1011839,7087335,8099174,7.0044097924669835
3174403,1011839,7087372,8099211,7.004446359549296
3174459,1011852,7087454,8099306,7.0044374078422535
3174589,1011853,7087839,8099692,7.004810975507312
3174596,1011853,7087859,8099712,7.004830741224269
3174642,1011853,7087978,8099831,7.004948347240163
3174703,1011910,7088090,8100000,7.004664446442866
3174733,1011916,7088136,8100052,7.004668371683025
3174739,1011916,7088154,8100070,7.004686159720768
3174808,1011963,7088311,8100274,7.004515975386452
3174814,1011963,7088329,8100292,7.004533762598039
3174940,1012016,7088529,8100545,7.004364555501099
3174960,1012016,7088553,8100569,7.0043882705411775
3174991,1012031,7088579,8100610,7.004310144649719
3175005,1012038,7088593,8100631,7.004275531155945
3175045,1012038,7088719,8100757,7.00440003240985
3175067,1012057,7088755,8100812,7.004304105401178
3175132,1012100,7088898,8100998,7.004147811481079
3175133,1012100,7088900,8101000,7.004149787570398
3175231,1012155,7089313,8101468,7.004177225820156
3175277,1012181,7089335,8101516,7.0040190440247345
3175282,1012183,7089341,8101524,7.004011132374284
3175312,1012183,7089388,8101571,7.004057566665317
3175386,1012205,7089489,8101694,7.004005117540419
3175508,1012205,7089676,8101881,7.004189862725436
3175516,1012209,7089704,8101913,7.004189846168133
3176625,1012224,7091266,8103490,7.0056291887961555
3176643,1012241,7091294,8103535,7.005539194717463
3176652,1012241,7091305,8103546,7.005550061694794
3176654,1012243,7091317,8103560,7.005548074918769
3176998,1012263,7092374,8104637,7.006453856359464
3177044,1012263,7092570,8104833,7.006647481929104
3177085,1012271,7092627,8104898,7.006648417271659
3179279,1012817,7097391,8110208,7.0075749123484306
3179487,1012934,7097896,8110830,7.007264046818451
3179492,1012938,7097902,8110840,7.007242299133807
3179518,1012955,7097972,8110927,7.007193804265738
3179605,1012962,7098367,8111329,7.007535327090256
3179726,1012963,7098687,8111650,7.007844314155601
3179744,1012971,7098723,8111694,7.007824508302805
3180749,1012971,7098723,8111694,7.007824508302805
3180757,1012971,7098745,8111716,7.007846226594839
3180764,1012971,7098769,8111740,7.0078699192770575
3180776,1012980,7098817,8111797,7.0078550415605445
3180938,1012986,7099137,8112123,7.0081294312063545
3180995,1013005,7099280,8112285,7.008139150349702
3181017,1013015,7099316,8112331,7.008105506828626
3181056,1013026,7099374,8112400,7.008086663126119
3181087,1013026,7099455,8112481,7.008166621587205
3181177,1013026,7099587,8112613,7.00829692426453
3181270,1013064,7099685,8112749,7.008130779496656
3181415,1013093,7099958,8113051,7.008199642086166
3181454,1013116,7100012,8113128,7.008093841179095
3181468,1013116,7100038,8113154,7.008119504577955
3181475,1013116,7100055,8113171,7.008136284492595
3181588,1013165,7100174,8113339,7.007914801636456
3181689,1013202,7100228,8113430,7.00771218375013
3182040,1013202,7101847,8115049,7.009310088215381
3182217,1013294,7102201,8115495,7.009023047605138
3182221,1013295,7102208,8115503,7.0090230387004775
3182227,1013299,7102223,8115522,7.009010173699965
3182231,1013299,7102232,8115531,7.009019055579843
3182247,1013300,7102240,8115540,7.009020033553735
3182552,1013413,7103053,8116466,7.009040736599984
3182556,1013415,7103073,8116488,7.009046639333343
3182585,1013420,7103093,8116513,7.009031793333465
3182629,1013442,7103160,8116602,7.008945751212206
3182645,1013442,7103204,8116646,7.008989167609
3182742,1013442,7103273,8116715,7.009057252413063
3182769,1013450,7103331,8116781,7.009059154373674
3182799,1013459,7103386,8116845,7.009051180166144
3182813,1013459,7103432,8116891,7.009096569274139
3182918,1013507,7103887,8117394,7.009213552545765
3182961,1013507,7104054,8117561,7.009378326938048
3183141,1013581,7104382,8117963,7.009190188056011
3183279,1013619,7104708,8118327,7.009249037360192
3183303,1013629,7104753,8118382,7.009224282257118
3183358,1013676,7104997,8118673,7.009140001341652
3183378,1013682,7105023,8118705,7.00912416319911
3183418,1013693,7105094,8118787,7.009118145237266
3183435,1013693,7105167,8118860,7.009190159150749
3183556,1013693,7105167,8118860,7.009190159150749
3183847,1013899,7105849,8119748,7.008438710364642
3183858,1013900,7105894,8119794,7.008476181082947
3183913,1013929,7106005,8119934,7.00838520251418
3184078,1014049,7106393,8120442,7.007938472401235
3184345,1014194,7107373,8121567,7.007902827269733
3184466,1014194,7107587,8121781,7.008113832264833
3184487,1014206,7107627,8121833,7.008070352571371
3184580,1014246,7107719,8121965,7.007884674921074
3184627,1014275,7107777,8122052,7.007741490227009
3184659,1014302,7107893,8122195,7.007669313478629
3184737,1014366,7108141,8122507,7.0074716621022395
3184743,1014366,7108155,8122521,7.007485463826666
3184750,1014366,7108178,8122544,7.007508138088225
3184808,1014378,7108233,8122611,7.007479460319526
3184825,1014378,7108272,8122650,7.007517907525597
3184848,1014383,7108294,8122677,7.007505054796857
3184899,1014404,7108407,8122811,7.007471382210638
3186965,1014404,7108407,8122811,7.007471382210638
3186994,1014411,7108426,8122837,7.007441756842148
3187017,1014420,7108457,8122877,7.00741014569902
3187054,1014420,7108555,8122975,7.007506752627117
3187227,1014420,7109108,8123528,7.008051891721378
3187264,1014433,7109196,8123629,7.008048831219016
3187296,1014433,7109287,8123720,7.008138536502657
3187305,1014437,7109297,8123734,7.008120760579514
3187330,1014437,7109354,8123791,7.008176949381776
3187331,1014437,7109360,8123797,7.008182863992539
3187366,1014445,7109449,8123894,7.008215329564441
3187636,1014577,7109711,8124288,7.007561772048844
3187706,1014577,7109839,8124416,7.00768793300065
3187779,1014604,7109877,8124481,7.0075389018769885
3187808,1014615,7109896,8124511,7.007481655603357
3188310,1014832,7110925,8125757,7.006997217273401
3188400,1014887,7111080,8125967,7.006770211856098
3188500,1014908,7111362,8126270,7.006903088752872
3188536,1014924,7111429,8126353,7.00685864163228
3188729,1014949,7111754,8126703,7.007006263368899
3188735,1014949,7111768,8126717,7.007020057165434
3188765,1014962,7111799,8126761,7.006960851736321
3188873,1014962,7111959,8126921,7.007118493106145
3188880,1014962,7111976,8126938,7.00713524250169
3189458,1015127,7113770,8128897,7.007763560618524
3189577,1015127,7114073,8129200,7.00806204543865
3189601,1015127,7114139,8129266,7.008127061934123
3189644,1015134,7114224,8129358,7.00816246919126
3189650,1015141,7114246,8129387,7.008135815615762
3189689,1015141,7114294,8129435,7.0081830996876295
3189725,1015160,7114371,8129531,7.008127782812561
3189753,1015184,7114431,8129615,7.0080212060079745
3189764,1015184,7114469,8129653,7.008058637645983
3189781,1015193,7114496,8129689,7.008023104966248
3189825,1015193,7114605,8129798,7.00813047371288
3189895,1015212,7114848,8130060,7.008238673301734
3190072,1015231,7115091,8130322,7.008346868840688
3190202,1015231,7115480,8130711,7.008730032869367
3190202,1015231,7115480,8130711,7.008730032869367
3190207,1015234,7115503,8130737,7.008731977061446
3190213,1015234,7115517,8130751,7.008745766985739
3190229,1015245,7115553,8130798,7.008705287886175
3190265,1015253,7115634,8130887,7.008729843694133
3190320,1015298,7115686,8130984,7.00847041952215
3190428,1015343,7116048,8131391,7.008516333889139
3191324,1015343,7117761,8133104,7.010203448489821
3191637,1015352,7118347,8133699,7.010718450350224
3191644,1015352,7118366,8133718,7.010737163072511
3191831,1015419,7118597,8134016,7.010502068604192
3191894,1015434,7118724,8134158,7.010523579080472
3191962,1015469,7118849,8134318,7.010405044368661
3192015,1015481,7118915,8134396,7.010387195821488
3192036,1015484,7118983,8134467,7.0104334484836786
3192058,1015484,7119049,8134533,7.01049844212218
3192085,1015486,7119063,8134549,7.010498421445495
3192113,1015498,7119108,8134606,7.010459892584722
3192130,1015498,7119146,8134644,7.010497312648573
3192205,1015498,7119372,8134870,7.01071986355463
3192234,1015498,7119407,8134905,7.010754329402913
3192374,1015574,7119810,8135384,7.010626502844697
3192485,1015574,7120074,8135648,7.010886454359801
3192545,1015574,7120166,8135740,7.0109770435241545
3192557,1015574,7120190,8135764,7.011000675480074
3192579,1015574,7120257,8135831,7.01106664802368
3192689,1015603,7120451,8136054,7.011057470291049
3192709,1015603,7120492,8136095,7.011097840396297
3192724,1015609,7120506,8136115,7.01107020516754
3192754,1015609,7120573,8136182,7.011136175437595
3192976,1015696,7120932,8136628,7.010889084923048
3192990,1015706,7120977,8136683,7.010864364294393
3193068,1015706,7121116,8136822,7.01100121491849
3193069,1015706,7121118,8136824,7.0110031839922184
3193124,1015706,7121202,8136908,7.011085885088796
3193139,1015712,7121238,8136950,7.011079912416118
3193152,1015712,7121252,8136964,7.011093695850793
3193420,1015867,7122002,8137869,7.010762235607614
3193455,1015867,7122128,8137995,7.010886267592116
3193569,1015925,7122440,8138365,7.010793119570835
3193581,1015932,7122474,8138406,7.010778280436092
3193897,1016166,7124162,8140328,7.010825003001478
3193927,1016185,7124232,8140417,7.010762804016985
3193967,1016207,7124261,8140468,7.010639564576902
3193982,1016207,7124281,8140488,7.0106592456064565
3194116,1016281,7124645,8140926,7.010506936565773
3194856,1016396,7125789,8142185,7.010839279178588
3194864,1016396,7125813,8142209,7.0108628920224
3194949,1016443,7126068,8142511,7.010789586823855
3195142,1016556,7126447,8143003,7.010383097438803
3195147,1016557,7126450,8143007,7.010379152374141
3195178,1016578,7126550,8143128,7.010332704426025
3195232,1016613,7126648,8143261,7.010187750894391
3195331,1016636,7126710,8143346,7.010090140423908
3195361,1016648,7126732,8143380,7.010029036598705
3195405,1016671,7126896,8143567,7.010031760520365
3195412,1016671,7126916,8143587,7.010051432567664
3195428,1016671,7126916,8143587,7.010051432567664
3195545,1016697,7126978,8143675,7.009933146256948
3195632,1016697,7127291,8143988,7.010241005924086
3195640,1016702,7127295,8143997,7.010210464816633
3195642,1016702,7127306,8144008,7.010221284112749
3195675,1016736,7127363,8144099,7.0100429216630475
3196041,1016738,7128417,8145155,7.01106578095832
3196081,1016752,7128442,8145194,7.010993831337435
3196086,1016752,7128458,8145210,7.011009567721529
3196147,1016771,7128576,8145347,7.010994609405658
3196153,1016771,7128590,8145361,7.011008378484438
3196248,1016798,7128766,8145564,7.010995300934896
3196398,1016910,7129166,8146076,7.01061647540097
3196414,1016910,7129166,8146076,7.01061647540097
3196427,1016915,7129208,8146123,7.010623306766052
3196643,1016991,7130042,8147033,7.010919467330586
3196685,1017002,7130088,8147090,7.010888867475187
3196731,1017019,7130167,8147186,7.010849354830146
3196742,1017019,7130218,8147237,7.0108995013859134
3196783,1017028,7130333,8147361,7.010950534301907
3197060,1017181,7131310,8148491,7.010856474904663
3197069,1017183,7131326,8148509,7.01085841977304
3197144,1017199,7131511,8148710,7.010930014677561
3197153,1017210,7131561,8148771,7.010903353289881
3197168,1017215,7131590,8148805,7.010897401237693
3197294,1017272,7131899,8149171,7.010808318719084
3197410,1017272,7132197,8149469,7.011101259053626
3197536,1017351,7132367,8149718,7.0107239291060806
3197582,1017365,7132440,8149805,7.01069920824876
3197859,1017409,7133241,8150650,7.011183309760382
3197903,1017431,7133310,8150741,7.011099524193778
3198045,1017492,7133544,8151036,7.010909176681487
3198061,1017494,7133594,8151088,7.0109445362822775
3198085,1017494,7133639,8151133,7.0109887625872975
3198086,1017494,7133644,8151138,7.010993676621189
3198094,1017494,7133666,8151160,7.01101529837031
3198116,1017508,7133724,8151232,7.01097583507943
3198221,1017547,7133964,8151511,7.010942983469068
3198238,1017554,7133993,8151547,7.010923253213098
3198246,1017554,7134017,8151571,7.010946839184948
3198400,1017569,7134338,8151907,7.011158948434947
3198413,1017573,7134378,8151951,7.01117069733572
3198449,1017573,7134403,8151976,7.011195265597652
3198506,1017601,7134599,8152200,7.011194957552125
3198618,1017674,7134803,8152477,7.01089248619892
3198639,1017674,7134874,8152548,7.010962253138039
3198690,1017720,7135147,8152867,7.010913610816335
3198718,1017720,7135185,8152905,7.010950949180521
3198725,1017727,7135192,8152919,7.010909605424637
3198762,1017727,7135192,8152919,7.010909605424637
3198827,1017727,7135407,8153134,7.011120860505813
3198945,1017758,7135678,8153436,7.011173579573926
3198956,1017761,7135694,8153455,7.011168633893419
3198976,1017769,7135729,8153498,7.011147912738549
3199008,1017769,7135845,8153614,7.011261887520646
3199065,1017769,7135965,8153734,7.011379792467642
3199080,1017787,7136020,8153807,7.011309832017898
3199156,1017815,7136314,8154129,7.0114058055737045
3199277,1017847,7136568,8154415,7.011434920965528
3199358,1017847,7136852,8154699,7.011713941289801
3199418,1017887,7136964,8154851,7.0115484331757845
3199960,1018053,7137439,8155492,7.010871732611171
3200022,1018075,7137624,8155699,7.010901947302507
3200143,1018075,7137864,8155939,7.0111376863197705
3200343,1018155,7138189,8156344,7.010906001542005
3200405,1018155,7138349,8156504,7.0110631485382875
3200442,1018172,7138402,8156574,7.010998141767796
3200452,1018175,7138414,8156589,7.010989270017433
3200489,1018183,7138475,8156658,7.0109940943818545
3200552,1018190,7138709,8156899,7.011175713766586
3200602,1018190,7138870,8157060,7.011333837495949
3200644,1018201,7138949,8157150,7.011335679301042
3200855,1018311,7139281,8157592,7.010904330798744
3200858,1018311,7139286,8157597,7.010909240890062
3201245,1018450,7140146,8158596,7.010796799057391
3201261,1018460,7140164,8158624,7.010745635567425
3201287,1018460,7140237,8158697,7.0108173124128585
3201330,1018482,7140345,8158827,7.010771913494789
3201409,1018513,7140480,8158993,7.010691076108013
3201602,1018526,7140769,8159295,7.010885338224061
3201679,1018526,7140983,8159509,7.011095445771635
3201718,1018550,7141063,8159613,7.011008787001129
3201724,1018550,7141077,8159627,7.011022532030828
3201743,1018556,7141108,8159664,7.011011667497908
3201924,1018617,7141423,8160040,7.010901055057985
3202048,1018686,7141726,8160412,7.010723618465357
3202057,1018694,7141750,8160444,7.010692121481034
3202087,1018711,7141793,8160504,7.010617338970523
3202467,1018760,7141970,8160730,7.010453885115238
3202545,1018775,7142020,8160795,7.010399744791539
3202546,1018775,7142022,8160797,7.010401707933547
3202548,1018776,7142027,8160803,7.010399734583461
3202577,1018788,7142045,8160833,7.010334829228456
3202632,1018788,7142235,8161023,7.010521325339521
3202663,1018792,7142252,8161044,7.010510486929618
3202754,1018792,7142590,8161382,7.01084225239303
3203017,1018887,7143197,8162084,7.010784316612146
3204738,1019507,7145113,8164620,7.008400138498313
3204777,1019544,7145207,8164751,7.008237996594556
3204789,1019546,7145252,8164798,7.008268386124804
3204818,1019556,7145313,8164869,7.008259477654979
3204864,1019577,7145393,8164970,7.008193594010065
3204871,1019582,7145402,8164984,7.008168053182579
3204929,1019605,7145452,8165057,7.008059003241451
3204964,1019619,7145505,8165124,7.008014758453893
3204986,1019630,7145550,8165180,7.007983288055471
3205227,1019630,7146453,8166083,7.0088689034257525
3205283,1019630,7146645,8166275,7.009057207026078
3205386,1019630,7146894,8166524,7.0093014132577505
3205435,1019648,7146937,8166585,7.009219848418278
3205549,1019687,7147211,8166898,7.009220476479547
3205590,1019703,7147334,8167037,7.009231119257274
3205671,1019717,7147399,8167116,7.009198630600451
3205694,1019729,7147441,8167170,7.009157334938989
3205717,1019737,7147503,8167240,7.009163146968287
3205841,1019811,7147878,8167689,7.009022260007002
3205851,1019816,7147887,8167703,7.008996720977118
3205952,1019884,7148122,8168006,7.008759819744206
3205971,1019892,7148184,8168076,7.008765634008307
3206068,1019979,7148385,8168364,7.008364878100432
3206830,1020267,7149913,8170180,7.007884210701708
3206851,1020267,7149968,8170235,7.007938118159267
3206892,1020275,7149997,8170272,7.007911592462817
3206963,1020291,7150124,8170415,7.007926170082849
3207041,1020291,7150281,8170572,7.008080047751083
3207125,1020335,7150383,8170718,7.007877804838607
3207621,1020365,7151227,8171592,7.008498919504295
3207895,1020365,7151611,8171976,7.0088752554233045
3207905,1020370,7151667,8172037,7.008895792702647
3207926,1020376,7151704,8172080,7.008890840239284
3207950,1020399,7151764,8172163,7.0087916589490975
3207955,1020399,7151776,8172175,7.008803419054703
3207998,1020399,7151831,8172230,7.00885731953873
3208008,1020402,7151882,8172284,7.00888669367563
3208061,1020434,7152039,8172473,7.008820756658442
3208069,1020439,7152052,8172491,7.008799154089563
3208135,1020451,7152180,8172631,7.008842168805754
3208180,1020472,7152303,8172775,7.008818468316622
3208190,1020472,7152325,8172797,7.0088400269679125
3208372,1020605,7152877,8173482,7.008467526614116
3208638,1020764,7153611,8174375,7.008094917140495
3208689,1020787,7153686,8174473,7.008010486026958
3208975,1020939,7154651,8175590,7.007912323850887
3208980,1020941,7154663,8175604,7.0079103493737644
3209126,1020987,7154887,8175874,7.0078140074261475
3209148,1020993,7154924,8175917,7.007809064312879
3209201,1021001,7154996,8175997,7.007824674020887
3209204,1021002,7154999,8176001,7.007820748637124
3209232,1021018,7155098,8176116,7.007807893690415
3209264,1021034,7155161,8176195,7.0077597807712575
3209286,1021040,7155206,8176246,7.00776267335266
3209295,1021040,7155241,8176281,7.007796952127243
3209302,1021042,7155249,8176291,7.007791060504857
3209395,1021042,7155392,8176434,7.007931113509533
3209415,1021055,7155414,8176469,7.0078634353683205
3209439,1021055,7155481,8176536,7.007929053772814
3209476,1021075,7155553,8176628,7.007862301985653
3209490,1021083,7155585,8176668,7.00783873593038
3209511,1021083,7155645,8176728,7.007897497069288
3209819,1021161,7156584,8177745,7.008281749890566
3209825,1021161,7156602,8177763,7.008299376885721
3210054,1021226,7157136,8178362,7.008376206637904
3210069,1021233,7157165,8178398,7.008356565054204
3210108,1021233,7157286,8178519,7.008475049278666
3210280,1021284,7157743,8179027,7.008572542015737
3210344,1021284,7157873,8179157,7.008699832759546
3210792,1021433,7159856,8181289,7.009618839414822
3210798,1021433,7159870,8181303,7.009632545649103
3210876,1021498,7160071,8181569,7.009383278283462
3210886,1021502,7160088,8181590,7.009372473083753
3210914,1021502,7160135,8181637,7.009418483762146
3211279,1021643,7160773,8182416,7.0090755772809095
3211308,1021665,7160831,8182496,7.008981417587957
3211364,1021675,7160933,8182608,7.009012650794039
3211385,1021675,7160989,8182664,7.009067462745002
3211392,1021677,7161005,8182682,7.009069402560692
3211408,1021680,7161019,8182699,7.009062524469501
3211754,1021872,7161773,8183645,7.008483449981994
3212063,1022030,7162912,8184942,7.008514427169457
3212142,1022051,7163030,8185081,7.008485877906288
3212473,1022290,7163746,8186036,7.007547760420233
3212551,1022290,7163856,8186146,7.007655361981434
3212602,1022308,7163925,8186233,7.007599471000912
3212675,1022370,7164051,8186421,7.007297749347106
3212784,1022404,7164245,8186649,7.007254470835403
3212900,1022404,7164550,8186954,7.007552787352163
3212906,1022404,7164564,8186968,7.0075664805693245
3212967,1022446,7164763,8187209,7.007473255311283
3213377,1022446,7165618,8188064,7.008309485293111
3213856,1022453,7166811,8189264,7.009428306239993
3213988,1022470,7167044,8189514,7.009539644194939
3214049,1022488,7167128,8189616,7.009498399981222
3214053,1022488,7167137,8189625,7.009507202040513
3214099,1022510,7167248,8189758,7.009464944108126
3214102,1022510,7167250,8189760,7.009466900079217
3214103,1022510,7167257,8189767,7.009473745978035
3214110,1022513,7167261,8189774,7.009457092477064
3214115,1022516,7167274,8189790,7.009449240892074
3214142,1022516,7167373,8189889,7.0095460608929345
3214234,1022575,7167567,8190142,7.009331344889128
3214612,1022575,7168252,8190827,7.010001222404225
3214631,1022575,7168301,8190876,7.01004914064983
3214639,1022575,7168322,8190897,7.0100696770408035
3214648,1022589,7168357,8190946,7.010007930850029
3214744,1022619,7168474,8191093,7.009916694291814
3214767,1022624,7168537,8191161,7.009944026347905
3214840,1022683,7168703,8191386,7.009701931096928
3214841,1022684,7168706,8191390,7.009698010333593
3214861,1022701,7168730,8191431,7.009604957851806
3214935,1022741,7168888,8191629,7.009485294908486
3215024,1022743,7169135,8191878,7.009713095078626
3215039,1022757,7169178,8191935,7.0096591859063295
3215449,1022757,7170033,8192790,7.010495161607302
3216241,1022757,7171966,8194723,7.012385151116052
3216506,1022757,7172597,8195354,7.013002110960864
3216545,1022762,7172663,8195425,7.013032357479061
3216774,1022830,7173421,8196251,7.013307196699354
3216873,1022875,7173596,8196471,7.0131697421483565
3216889,1022883,7173612,8196495,7.013130533990691
3216923,1022884,7173694,8196578,7.013203843251043
3217068,1022942,7173912,8196854,7.013019310967778
3217076,1022942,7173929,8196871,7.013035929700804
3217116,1022942,7173977,8196919,7.013082853182292
3217123,1022947,7173998,8196945,7.013069103286876
3217365,1022947,7173998,8196945,7.013069103286876
3217485,1023029,7174279,8197308,7.012781651351037
3217626,1023086,7174618,8197704,7.012722293140557
3217641,1023092,7174638,8197730,7.012700715087206
3217665,1023104,7174689,8197793,7.012668311334918
3217691,1023111,7174717,8197828,7.012647699027769
3217866,1023118,7175131,8198249,7.013004365087898
3218115,1023118,7175467,8198585,7.01333277295483
3218134,1023125,7175495,8198620,7.013312156383629
3218212,1023158,7175852,8199010,7.013434875161021
3218243,1023195,7175925,8199120,7.013252605808277
3218255,1023195,7175963,8199158,7.013289744379126
3218368,1023254,7176245,8199499,7.013160955148966
3218720,1023363,7176668,8200031,7.012827315429618
3218726,1023363,7176682,8200045,7.01284099581478
3218772,1023363,7176833,8200196,7.0129885485404495
3218815,1023382,7176915,8200297,7.012938472632897
3218816,1023382,7176917,8200299,7.012940426937351
3218937,1023416,7177171,8200587,7.012955630945774
3218970,1023434,7177262,8200696,7.01292120449389
3219000,1023434,7177327,8200761,7.012984716161472
3219026,1023447,7177386,8200833,7.012953284342032
3219391,1023656,7178236,8201892,7.012351805684722
3219466,1023658,7178419,8202077,7.012516875753425
3219566,1023728,7178603,8202331,7.01221711235797
3219624,1023728,7178700,8202428,7.012311864088899
3219642,1023728,7178764,8202492,7.012374380694872
3221181,1023944,7181963,8205907,7.014019321369138
3221223,1023967,7182009,8205976,7.013906698165077
3221252,1023978,7182062,8206040,7.0138831107699575
3221402,1024035,7182192,8206227,7.013619651672062
3221444,1024054,7182293,8206347,7.013588150624869
3221511,1024063,7182618,8206681,7.013843874839732
3221590,1024078,7182774,8206852,7.013893472958115
3221596,1024080,7182783,8206863,7.013888563393485
3221627,1024095,7182839,8206934,7.013840512843047
3221646,1024095,7182916,8207011,7.013915701180066
3221654,1024098,7182934,8207032,7.0139127310081655
3221797,1024098,7183577,8207675,7.0145406006065825
3222037,1024162,7184271,8208433,7.014779888337978
3222117,1024177,7184387,8208564,7.014790412204141
3222126,1024184,7184408,8208592,7.014762972278419
3222153,1024184,7184458,8208642,7.014811791631192
3222237,1024184,7184662,8208846,7.015010974590504
3222248,1024189,7184686,8208875,7.015000161103077
3222256,1024189,7184713,8208902,7.015026523424876
3222263,1024189,7184736,8208925,7.015048980217519
3222267,1024189,7184743,8208932,7.0150558148935405
3222271,1024189,7184745,8208934,7.015057767658118
3222319,1024189,7184945,8209134,7.015253044115881
3222455,1024253,7185142,8209395,7.015007034394823
3222505,1024253,7185316,8209569,7.015176914297542
3222671,1024288,7185419,8209707,7.015037762816708
3222741,1024300,7185527,8209827,7.015061017280094
3222843,1024361,7185748,8210109,7.014859019427721
3222858,1024361,7185779,8210140,7.014889282196413
3222879,1024374,7185799,8210173,7.014819782618457
3222912,1024388,7185844,8210232,7.014767841872415
3222913,1024388,7185849,8210237,7.014772722835488
3222974,1024388,7186002,8210390,7.014922080305509
3222981,1024388,7186019,8210407,7.014938675579956
3223009,1024388,7186135,8210523,7.01505191392324
3223126,1024418,7186209,8210627,7.014918714821489
3223188,1024469,7186456,8210925,7.014810599442248
3223252,1024469,7186684,8211153,7.015033153760631
3223289,1024469,7186810,8211279,7.015156144305001
3223391,1024550,7187162,8211712,7.014945097847836
3223453,1024573,7187253,8211826,7.014876441210143
3223462,1024573,7187276,8211849,7.014898889586198
3223464,1024573,7187287,8211860,7.014909625766051
3223485,1024580,7187354,8211934,7.0149270920767535
3223653,1024589,7188317,8212906,7.015805361954891
3223668,1024589,7188324,8212913,7.0158121939626525
3223684,1024597,7188360,8212957,7.015792550632102
3223713,1024612,7188404,8213016,7.015732784702893
3223977,1024726,7188784,8213510,7.015323120521973
3224089,1024726,7189222,8213948,7.015750551854837
3224198,1024726,7189467,8214193,7.015989640157467
3224204,1024729,7189483,8214212,7.015984714007313
3224222,1024733,7189509,8214242,7.015982699883774
3224233,1024733,7189521,8214254,7.015994410251255
3224272,1024753,7189600,8214353,7.015934571550413
3224277,1024756,7189609,8214365,7.015922814796888
3224441,1024863,7190090,8214953,7.01565965402205
3224521,1024898,7190319,8215217,7.015643507939327
3224581,1024933,7190445,8215378,7.015526868585557
3224590,1024933,7190474,8215407,7.0155551631179796
3224637,1024933,7190546,8215479,7.015625411612271
3224666,1024934,7190580,8215514,7.015651739526643
3224701,1024939,7190649,8215588,7.015684835878037
3224717,1024940,7190705,8215645,7.01573262825141
3224737,1024940,7190772,8215712,7.015797997931586
3224779,1024971,7190842,8215813,7.015654101433114
3224821,1024996,7190984,8215980,7.01562152437668
3224829,1025000,7191002,8216002,7.015611707317073
3225014,1025010,7191270,8216280,7.015804723856353
3225029,1025023,7191308,8216331,7.015752817253857
3225048,1025030,7191356,8216386,7.015751734095588
3225069,1025036,7191435,8216471,7.015787738186757
3225112,1025066,7191510,8216576,7.015655577299413
3225182,1025066,7191734,8216800,7.015874099814061
3225194,1025069,7191751,8216820,7.015870151180067
3225391,1025127,7192126,8217253,7.015839013117399
3225510,1025171,7192363,8217534,7.015769076573567
3225549,1025171,7192416,8217587,7.015820775265785
3225578,1025181,7192454,8217635,7.01578940694375
3226161,1025181,7193668,8218849,7.016973588078593
3226196,1025194,7193733,8218927,7.016948011790939
3226215,1025194,7193758,8218952,7.016972397419416
3226265,1025215,7193857,8219072,7.016925230317543
3226272,1025215,7193880,8219095,7.016947664636199
3226312,1025238,7194004,8219242,7.016911195254175
3226364,1025273,7194102,8219375,7.016767241505433
3226584,1025433,7195133,8220566,7.016677832681413
3226641,1025456,7195268,8220724,7.016652104039569
3226689,1025456,7195382,8220838,7.016763274094647
3226821,1025503,7195630,8221133,7.016683520184729
3226844,1025503,7195664,8221167,7.01671667464649
3226888,1025507,7195853,8221360,7.016873604958328
3226952,1025507,7196032,8221539,7.017048152767363
3226959,1025507,7196052,8221559,7.017067655315858
3226959,1025507,7196052,8221559,7.017067655315858
3226964,1025522,7196066,8221588,7.016978670374697
3226976,1025522,7196098,8221620,7.017009873995877
3226986,1025523,7196146,8221669,7.017049837009994
3226990,1025525,7196152,8221677,7.017042002876575
3227027,1025533,7196202,8221735,7.017036019318735
3227045,1025537,7196252,8221789,7.017057405047307
3227112,1025589,7196471,8222060,7.016915158021391
3227196,1025589,7196824,8222413,7.017259350480553
3227222,1025596,7196892,8222488,7.017277758493598
3227232,1025596,7196917,8222513,7.017302134563708
3227240,1025597,7196927,8222524,7.017305042818963
3227296,1025627,7197085,8222712,7.017253835946207
3227419,1025692,7197270,8222962,7.016989505621571
3227425,1025692,7197288,8222980,7.017007054749379
3227470,1025711,7197349,8223060,7.016936544504251
3227531,1025747,7197449,8223196,7.01678776540414
3227718,1025747,7197977,8223724,7.017302512217925
3228030,1025898,7198535,8224433,7.01681356236195
3228239,1025942,7198919,8224861,7.016886919533463
3228245,1025946,7198924,8224870,7.016864435360145
3228273,1025954,7198970,8224924,7.016854556831983
3228280,1025954,7198987,8224941,7.016871126775665
3228314,1025975,7199095,8225070,7.01683276882965
3228334,1025979,7199122,8225101,7.016831728524658
3228439,1025993,7199315,8225308,7.016924092074702
3228445,1026000,7199328,8225328,7.0168888888888885
3229493,1026616,7203077,8229693,7.01633035136799
3229528,1026625,7203123,8229748,7.0163136490929014
3229543,1026628,7203146,8229774,7.016315549546671
3229786,1026631,7203387,8230018,7.016529795028593
3229810,1026636,7203401,8230037,7.016509259367488
3229931,1026645,7204050,8230695,7.017079905907106
3230178,1026645,7204405,8231050,7.017425692425327
3230299,1026652,7204599,8231251,7.017566809395978
3230547,1026664,7205677,8232341,7.0185347884020475
3231218,1026864,7207435,8234299,7.018879812711323
3231224,1026864,7207449,8234313,7.018893446454448
3231274,1026864,7207591,8234455,7.019031731563284
3231300,1026878,7207671,8234549,7.019013943233763
3231324,1026888,7207713,8234601,7.01898649122397
3231421,1026888,7207944,8234832,7.019211442727931
3231435,1026897,7207955,8234852,7.019160636363725
3231503,1026909,7208038,8234947,7.019159438664964
3231534,1026935,7208077,8235012,7.019019704265606
3231556,1026937,7208084,8235021,7.0190128508370035
3231693,1026974,7208320,8235294,7.01898976994549
3231717,1026984,7208365,8235349,7.01896524191224
3231846,1026985,7208747,8235732,7.019330369966455
3232045,1027018,7209242,8236260,7.019586803736644
3232209,1027096,7209814,8236910,7.019610630359772
3232225,1027096,7209814,8236910,7.019610630359772
3232505,1027170,7210323,8237493,7.019600455620783
3232576,1027170,7210519,8237689,7.019791271162514
3232638,1027172,7210699,8237871,7.019952841393652
3232650,1027177,7210724,8237901,7.019943008848523
3232746,1027203,7210944,8238147,7.01997949772343
3232763,1027208,7210992,8238200,7.019992056136634
3232799,1027234,7211052,8238286,7.0198727845846225
3232801,1027234,7211054,8238288,7.019874731560677
3232808,1027239,7211075,8238314,7.01986100605604
3232814,1027239,7211089,8238328,7.019874634822082
3232901,1027251,7211170,8238421,7.019871482237544
3232913,1027257,7211209,8238466,7.01986844577355
3232935,1027257,7211233,8238490,7.019891808963093
3232936,1027257,7211238,8238495,7.019896676294247
3233012,1027268,7211446,8238714,7.020023985951086
3233104,1027343,7211658,8239001,7.019717854698966
3233124,1027350,7211686,8239036,7.019697279408186
3233246,1027355,7212016,8239371,7.01998432868872
3233264,1027367,7212069,8239436,7.019953921042821
3233280,1027377,7212117,8239494,7.019932313065214
3233972,1027377,7214198,8241575,7.021957859675659
3234035,1027399,7214271,8241670,7.0218785496189895
3234052,1027399,7214310,8241709,7.0219165095547105
3234061,1027399,7214321,8241720,7.021927216203247
3234088,1027464,7214421,8241885,7.021580318142534
3234090,1027464,7214429,8241893,7.021588104303411
3234101,1027464,7214449,8241913,7.021607569705605
3234124,1027473,7214503,8241976,7.021598621082987
3234166,1027485,7214538,8242023,7.021550679571964
3234179,1027494,7214556,8242050,7.021506694929605
3234208,1027503,7214584,8242087,7.0214724433894595
3235185,1027983,7216158,8244141,7.019725034363408
3235419,1027983,7216922,8244905,7.0204682373152085
3235710,1028080,7217635,8245715,7.020499377480352
3235723,1028086,7217693,8245779,7.020514820744568
3235804,1028118,7217822,8245940,7.020421780379295
3235840,1028130,7217870,8246000,7.020386526995614
3235936,1028193,7218256,8246449,7.020331785958473
3235948,1028197,7218289,8246486,7.020336569742958
3235972,1028197,7218310,8246507,7.0203569938445645
3235994,1028199,7218341,8246540,7.020373488011562
3236030,1028215,7218497,8246712,7.020415963587382
3236140,1028266,7218591,8246857,7.020159180601128
3236180,1028294,7218660,8246954,7.020035126140967
3236328,1028303,7219110,8247413,7.020411299004282
3236333,1028305,7219113,8247418,7.020400562090042
3237010,1028362,7220428,8248790,7.021290168248146
3237073,1028397,7220535,8248932,7.021155254245199
3237111,1028397,7220656,8249053,7.021272913087066
3237117,1028397,7220670,8249067,7.0212865265067865
3237141,1028404,7220695,8249099,7.0212630444844635
3237167,1028409,7220786,8249195,7.021317394149604
3237223,1028462,7220897,8249359,7.021063490921395
3237269,1028469,7220982,8249451,7.021098351044125
3237553,1028498,7221275,8249773,7.021185262392343
3237555,1028498,7221277,8249775,7.021187206975609
3237574,1028510,7221320,8249830,7.021147096284917
3237598,1028516,7221345,8249861,7.021130444251718
3238612,1028523,7223067,8251590,7.022756904804268
3238641,1028535,7223106,8251641,7.022712887748107
3238664,1028535,7223123,8251658,7.022729416111265
3238673,1028541,7223139,8251680,7.022704004993481
3239031,1028542,7224118,8252660,7.023649009957785
3239064,1028542,7224193,8252735,7.023721928710738
3239133,1028578,7224388,8252966,7.02366568213592
3239158,1028580,7224431,8253011,7.023693830329192
3239505,1028595,7225289,8253884,7.024425551358893
3240048,1028868,7226888,8255756,7.024115824381748
3240064,1028877,7226905,8255782,7.024070904491013
3240075,1028877,7226917,8255794,7.024082567692737
3240090,1028877,7226968,8255845,7.0241321363000635
3240107,1028884,7226990,8255874,7.024105730092022
3240161,1028907,7227086,8255993,7.024042017402933
3240172,1028910,7227097,8256007,7.024032228280413
3240266,1028949,7227317,8256266,7.023979808523066
3240890,1028955,7228187,8257142,7.024784368606984
3240912,1028971,7228240,8257211,7.024726644385508
3241031,1029017,7228583,8257600,7.024745946859964
3241091,1029031,7228638,8257669,7.0247038233056145
3241250,1029072,7229031,8258103,7.024805844489015
3241278,1029088,7229082,8258170,7.024746183028079
3241287,1029089,7229098,8258187,7.024754904580654
3241357,1029120,7229325,8258445,7.024763875932836
3241579,1029189,7229525,8258714,7.024487241896289
3241657,1029236,7229806,8259042,7.024439487153578
3241749,1029236,7230100,8259336,7.024725135926065
3241752,1029236,7230109,8259345,7.024733880276243
3241770,1029241,7230154,8259395,7.024743476017765
3241819,1029262,7230239,8259501,7.024682733842306
3241849,1029262,7230259,8259521,7.0247021652407255
3242087,1029283,7230580,8259863,7.024870710970647
3242126,1029295,7230602,8259897,7.024810185612482
3242146,1029295,7230633,8259928,7.024840303314405
3242150,1029297,7230642,8259939,7.024835397363443
3242168,1029297,7230672,8259969,7.024864543469961
3242183,1029298,7230697,8259995,7.024882006960084
3242220,1029326,7230753,8260079,7.024745318781417
3242247,1029326,7230834,8260160,7.0248240110518925
3242265,1029326,7230877,8260203,7.024865785960911
3242278,1029326,7230912,8260238,7.0248997887938325
3242302,1029349,7230968,8260317,7.024797226208021
3242326,1029359,7231043,8260402,7.024801842700166
3242603,1029359,7231265,8260624,7.025017510897559
3242643,1029372,7231374,8260746,7.02503468133969
3242656,1029380,7231417,8260797,7.025021857817327
3243067,1029392,7232634,8262026,7.026122215832258
3243076,1029408,7232665,8262073,7.026043123814853
3243126,1029441,7232743,8262184,7.025893664619924
3243284,1029477,7232830,8262307,7.025732483581469
3243285,1029477,7232833,8262310,7.025735397682513
3243291,1029481,7232845,8262326,7.025719755876991
3243402,1029547,7233043,8262590,7.025461683633676
3243409,1029547,7233063,8262610,7.0254811096530805
3243427,1029560,7233108,8262668,7.025436108628929
3243529,1029567,7233304,8262871,7.025578714158477
3243767,1029688,7233715,8263403,7.025152279136981
3243814,1029688,7233787,8263475,7.025222203230493
3243871,1029688,7233976,8263664,7.025405753975962
3243887,1029691,7233997,8263688,7.025405679956414
3243912,1029691,7234071,8263762,7.025477546176474
3243934,1029709,7234138,8263847,7.025419803070577
3244128,1029743,7234740,8264483,7.025772450019082
3244304,1029743,7235243,8264986,7.026260921414372
3244311,1029743,7235260,8265003,7.026277430387971
3244355,1029748,7235306,8265054,7.026287985021578
3244362,1029748,7235322,8265070,7.026303522803637
3244515,1029748,7235476,8265224,7.026453073955958
3244520,1029749,7235484,8265233,7.026454019377538
3244556,1029749,7235589,8265338,7.026555985973281
3245685,1029854,7238511,8268365,7.028676880412175
3245718,1029890,7238598,8268488,7.028515666721689
3245758,1029895,7238684,8268579,7.028565047893232
3245788,1029895,7238739,8268634,7.0286184513955305
3245862,1029917,7238926,8268843,7.028649881495305
3246562,1030282,7241142,8271424,7.028310695518314
3246613,1030306,7241198,8271504,7.0282013304785185
3246657,1030325,7241298,8271623,7.028168781695096
3246800,1030437,7241712,8272149,7.027806649023667
3246843,1030468,7241816,8272284,7.027696153592348
3247233,1030509,7242518,8273027,7.0280977652791
3247265,1030509,7242589,8273098,7.028166663270286
3247374,1030586,7242823,8273409,7.027868610673927
3247394,1030586,7242927,8273513,7.027969524134813
3247486,1030586,7243180,8273766,7.028215015534851
3247565,1030618,7243482,8274100,7.028289822223171
3247570,1030622,7243486,8274108,7.028266425517794
3247965,1030775,7244130,8274905,7.027847978462807
3247990,1030775,7244173,8274948,7.027889694647231
3248082,1030825,7244293,8275118,7.027665219605655
3248119,1030825,7244341,8275166,7.027711784250479
3249132,1031061,7246453,8277514,7.028151583659938
3249138,1031061,7246467,8277528,7.028165161906037
3249210,1031067,7246884,8277951,7.028528698910934
3249373,1031067,7247237,8278304,7.028871062695247
3249617,1031267,7247918,8279185,7.028168262923181
3249628,1031271,7247926,8279197,7.028148760122218
3250059,1031382,7248646,8280028,7.028090465026537
3250729,1031650,7250303,8281953,7.027870886444046
3250840,1031650,7250341,8281991,7.02790772064169
3250864,1031661,7250380,8282041,7.027870589273027
3251301,1031880,7251189,8283069,7.027163042214211
3251348,1031920,7251275,8283195,7.0269739902318005
3251385,1031931,7251355,8283286,7.026976609870234
3251413,1031947,7251395,8283342,7.026906420581677
3251429,1031947,7251424,8283371,7.026934522800105
3251516,1031995,7251493,8283488,7.026674547841801
3251640,1032053,7251697,8283750,7.026477322385575
3251646,1032053,7251711,8283764,7.026490887580386
3251667,1032064,7251722,8283786,7.026426655711274
3251673,1032064,7251736,8283800,7.026440220761503
3251678,1032065,7251740,8283805,7.026437288349086
3252142,1032375,7252506,8284881,7.025069378859426
3252143,1032375,7252508,8284883,7.025071316139969
3252179,1032381,7252579,8284960,7.025099260834905
3253656,1032381,7255503,8287884,7.0279315485271425
3253667,1032381,7255530,8287911,7.0279577016624675
3253677,1032381,7255559,8287940,7.027985792067076
3253683,1032381,7255577,8287958,7.028003227490626
3253695,1032400,7255609,8288009,7.027904881828748
3254229,1032400,7257258,8289658,7.029502130956994
3254237,1032402,7257276,8289678,7.0295059482643385
3254326,1032439,7257379,8289818,7.029353792330588
3254365,1032439,7257495,8289934,7.02946614763681
3254441,1032440,7257838,8290278,7.029791561737244
3254462,1032449,7257859,8290308,7.029750622064625
3254490,1032464,7257890,8290354,7.029678516635931
3254531,1032478,7257957,8290435,7.029648089353962
3254543,1032478,7257972,8290450,7.029662617508557
3254657,1032498,7258066,8290564,7.029617490784486
3254722,1032503,7258084,8290587,7.029600882515596
3254783,1032531,7258177,8290708,7.029500324929711
3254852,1032531,7258433,8290964,7.029748259374295
3254862,1032531,7258453,8290984,7.0297676292527775
3254911,1032566,7258589,8291155,7.029661057985639
3254938,1032566,7258656,8291222,7.029725944879068
3254968,1032566,7258703,8291269,7.029771462550578
3254997,1032566,7258777,8291343,7.029843128671678
3255287,1032566,7259344,8291910,7.030392246113081
3255342,1032566,7259483,8292049,7.030526862205418
3255361,1032575,7259521,8292096,7.030502384814662
3255405,1032575,7259677,8292252,7.0306534634288065
3255561,1032637,7259898,8292535,7.030445354950481
3255566,1032641,7259917,8292558,7.030436521501664
3255749,1032641,7260283,8292924,7.030790952518832
3255854,1032689,7260586,8293275,7.0307575659273995
3255888,1032710,7260663,8293373,7.030689157653165
3255908,1032710,7260720,8293430,7.030744352238286
3255929,1032715,7260737,8293452,7.030726773601623
3255956,1032717,7260788,8293505,7.03076254191613
3256064,1032717,7261345,8294062,7.031301895872732
3256299,1032717,7261345,8294062,7.031301895872732
3256585,1032801,7261624,8294425,7.031000163632684
3256649,1032857,7261750,8294607,7.030740944777447
3256995,1032865,7262073,8294938,7.030999210932697
3257015,1032865,7262088,8294953,7.031013733643797
3257048,1032884,7262137,8295021,7.030931837457062
3257092,1032884,7262237,8295121,7.031028653750083
3257099,1032884,7262257,8295141,7.031048017008686
3257152,1032913,7262353,8295266,7.030943554781477
3257175,1032927,7262386,8295313,7.030880207410592
3257273,1032928,7262675,8295603,7.031153187831098
3257282,1032928,7262691,8295619,7.031168677778122
3257458,1033020,7263181,8296201,7.031016824456448
3257472,1033020,7263229,8296249,7.031063290158952
3257488,1033020,7263255,8296275,7.031088459081141
3257532,1033058,7263315,8296373,7.030887907552141
3257536,1033061,7263316,8296377,7.03086845791294
3257556,1033061,7263348,8296409,7.030899433818526
3257622,1033105,7263498,8296603,7.030745180789949
3257646,1033109,7263515,8296624,7.03073441427768
3257811,1033227,7263794,8297021,7.0302014949280265
3257893,1033237,7263986,8297223,7.03031927815206
3257901,1033237,7263995,8297232,7.030327988641521
3257966,1033237,7264162,8297399,7.030489616612646
3257990,1033237,7264213,8297450,7.030538976052929
3257997,1033237,7264230,8297467,7.03055542919969
3258008,1033237,7264281,8297518,7.030604788639973
3258039,1033246,7264341,8297587,7.03060161858841
3258055,1033246,7264348,8297594,7.030608393354535
3258088,1033246,7264430,8297676,7.030687754900575
3258119,1033246,7264540,8297786,7.030794215511118
3258172,1033289,7264680,8297969,7.030637120882928
3258203,1033313,7264761,8298074,7.030552214091955
3258295,1033328,7264921,8298249,7.0306049966709505
3258308,1033333,7264963,8298296,7.0306116227779425
3258356,1033333,7265106,8298439,7.030750009919358
3258356,1033333,7265106,8298439,7.030750009919358
3258418,1033382,7265301,8298683,7.030605332781101
3258486,1033382,7265571,8298953,7.03086661079833
3258567,1033420,7265761,8299181,7.030791933579764
3258575,1033426,7265777,8299203,7.030766595769799
3258762,1033443,7266120,8299563,7.0309828408533415
3258832,1033443,7266200,8299643,7.031060251992611
3258848,1033448,7266216,8299664,7.031041716661119
3258947,1033498,7266489,8299987,7.030965710625468
3259014,1033502,7266648,8300150,7.031092344281869
3259040,1033512,7266720,8300232,7.031093978589508
3259067,1033512,7266805,8300317,7.031176222433799
3259072,1033515,7266820,8300335,7.031170326507114
3259171,1033517,7267111,8300628,7.0314382830664615
3259199,1033528,7267157,8300685,7.03140795411445
3259205,1033528,7267169,8300697,7.031419564830367
3259318,1033562,7267481,8301043,7.031490128313541
3259325,1033562,7267498,8301060,7.031506576286667
3259343,1033562,7267582,8301144,7.031587848624466
3259358,1033572,7267611,8301183,7.031547874748929
3259376,1033584,7267619,8301203,7.031473977925355
3259390,1033584,7267633,8301217,7.031487523026672
3259446,1033585,7267755,8301340,7.031598755786897
3259453,1033590,7267769,8301359,7.031578285393628
3259600,1033630,7268018,8301648,7.03154707196966
3259622,1033649,7268056,8301705,7.031454584680099
3260384,1033670,7269630,8303300,7.032834463610243
3260455,1033673,7269772,8303445,7.032951426611704
3260475,1033677,7269781,8303458,7.032932918116588
3260775,1033703,7270218,8303921,7.033178775721846
3260781,1033703,7270236,8303939,7.03319618884728
3260805,1033712,7270346,8304058,7.033241367034532
3260856,1033729,7270428,8304157,7.033205027623294
3260867,1033729,7270446,8304175,7.033222440310759
3260935,1033749,7270532,8304281,7.033169560502598
3260953,1033749,7270559,8304308,7.033195679028468
3260993,1033770,7270628,8304398,7.0331195527051475
3261025,1033773,7270713,8304486,7.033181365735031
3261058,1033775,7270779,8304554,7.03323160262146
3261102,1033780,7270862,8304642,7.033277873435353
3261150,1033794,7270977,8304771,7.0332938670566865
3261175,1033803,7271052,8304855,7.033305184836957
3261299,1033871,7271501,8305372,7.033276878836915
3261320,1033871,7271538,8305409,7.033312666667311
3261332,1033877,7271559,8305436,7.0332921614466715
3261338,1033877,7271576,8305453,7.033308604408455
3261393,1033891,7271606,8305497,7.033242382417489
3261661,1034058,7272569,8306627,7.03303779865346
3261753,1034130,7272711,8306841,7.0326854457369965
3261760,1034130,7272734,8306864,7.032707686654483
3261877,1034156,7273029,8307185,7.032816132188954
3261879,1034159,7273030,8307189,7.032796697606461
3261882,1034159,7273039,8307198,7.0328054003301235
3261898,1034159,7273076,8307235,7.032841178194069
3261953,1034159,7273154,8307313,7.032916601799143
3262384,1034292,7274034,8308326,7.032863059948254
3262400,1034292,7274081,8308373,7.03290850166104
3263629,1034921,7276139,8311060,7.030622627234349
3263644,1034922,7276185,8311107,7.030660281644414
3263651,1034928,7276206,8311134,7.0306398126246465
3263716,1034966,7276370,8311336,7.030540133685551
3263757,1035000,7276444,8311444,7.030380676328503
3263765,1035002,7276453,8311455,7.0303757867134555
3263787,1035014,7276487,8311501,7.030327126009889
3263799,1035014,7276551,8311565,7.030388960922267
3263854,1035014,7276640,8311654,7.030474950097293
3264042,1035137,7277016,8312153,7.0300027919009755
3264435,1035138,7277999,8313137,7.03094563236979
3264440,1035140,7278006,8313146,7.030938810209247
3264580,1035270,7278196,8313466,7.030239454441836
3264600,1035276,7278231,8313507,7.030232517705423
3264822,1035453,7278657,8314110,7.029442186173588
3264948,1035523,7278981,8314504,7.029279890451492
3265108,1035618,7279374,8314992,7.02901455942249
3265156,1035618,7279445,8315063,7.029083117520167
3265162,1035618,7279459,8315077,7.0290966360183
3265219,1035632,7279670,8315302,7.029205354797843
3265242,1035642,7279732,8315374,7.029197348118365
3265261,1035647,7279739,8315386,7.02917017091731
3265285,1035656,7279772,8315428,7.0291409502769255
3265347,1035706,7279885,8315591,7.028910714044333
3265379,1035728,7280005,8315733,7.028877272797491
3265408,1035728,7280044,8315772,7.028914927471305
3265442,1035735,7280173,8315908,7.0289919718847
3265450,1035740,7280177,8315917,7.028961901635546
3265469,1035745,7280205,8315950,7.028955003403348
3265487,1035754,7280231,8315985,7.028919029035852
3265673,1035879,7280513,8316392,7.028343078680039
3265741,1035902,7280645,8316547,7.028314454456116
3265765,1035902,7280738,8316640,7.028404231288288
3265817,1035925,7280875,8316800,7.028380432946401
3265877,1035934,7280998,8316932,7.02843810513025
3265907,1035949,7281096,8317045,7.02843093627196
3265917,1035949,7281108,8317057,7.028442519853777
3265919,1035949,7281111,8317060,7.028445415749231
3265928,1035949,7281137,8317086,7.028470513509835
3265943,1035949,7281165,8317114,7.0284975418674085
3267378,1036408,7283628,8320036,7.027761267763275
3267414,1036436,7283755,8320191,7.0276939434755255
3267447,1036444,7283804,8320248,7.027686975852048
3267454,1036444,7283804,8320248,7.027686975852048
3267474,1036452,7283855,8320307,7.027681937996164
3267481,1036452,7283875,8320327,7.027701234596488
3267613,1036507,7284139,8320646,7.027583026453271
3267642,1036517,7284166,8320683,7.027541275251636
3267710,1036517,7284208,8320725,7.0275817955711295
3267718,1036517,7284212,8320729,7.027585654649176
3267750,1036543,7284249,8320792,7.027445074637521
3267850,1036601,7284518,8321119,7.0273113763154775
3267877,1036601,7284587,8321188,7.0273779400174226
3267910,1036601,7284664,8321265,7.027452221250027
3267927,1036614,7284739,8321353,7.027436442108635
3267942,1036614,7284821,8321435,7.027515545805864
3267963,1036630,7284855,8321485,7.027439877294695
3268071,1036630,7285384,8322014,7.027950184733222
3268167,1036658,7285479,8322137,7.027852001335059
3268199,1036658,7285509,8322167,7.027880940483747
3268321,1036664,7285867,8322531,7.028185603049783
3268353,1036664,7285915,8322579,7.028231905419692
3268356,1036664,7285922,8322586,7.028238657848638
3268383,1036664,7285988,8322652,7.028302323607264
3268423,1036684,7286100,8322784,7.028274768396155
3268810,1036899,7286762,8323661,7.027455904577013
3268813,1036905,7286765,8323670,7.027418133773104
3268814,1036905,7286767,8323672,7.027420062590112
3268854,1036918,7286912,8323830,7.027471796226895
3268885,1036927,7286972,8323899,7.027468664621521
3269237,1036927,7287454,8324381,7.027933499658125
3269257,1036935,7287487,8324422,7.027911103396066
3269288,1036953,7287566,8324519,7.027865293798272
3269304,1036953,7287592,8324545,7.027890367258689
3269370,1036984,7287703,8324687,7.027787313979772
3269392,1036992,7287762,8324754,7.027789992593964
3269423,1037012,7287832,8324844,7.027721955001485
3269511,1037050,7287900,8324950,7.027530013017694
3270700,1037221,7289720,8326941,7.028126117770466
3270879,1037296,7289852,8327148,7.027745214480727
3271065,1037341,7290178,8327519,7.027754614924119
3271076,1037341,7290208,8327549,7.027783535018861
3271115,1037351,7290313,8327664,7.027817006972568
3271118,1037351,7290322,8327673,7.027825682917354
3271287,1037454,7290815,8328269,7.027603151561419
3271346,1037474,7290940,8328414,7.027588161245487
3271630,1037631,7292675,8330306,7.028196921641701
3271684,1037667,7292774,8330441,7.028048497253936
3271730,1037680,7292897,8330577,7.0280789838871325
3271743,1037685,7292930,8330615,7.028076921223685
3271848,1037758,7293153,8330911,7.02779742483315
3274070,1037879,7295559,8333438,7.029296285983241
3274177,1037947,7295784,8333731,7.029052543145267
3274186,1037948,7295794,8333742,7.029055405473106
3274214,1037962,7295858,8333820,7.029022257076849
3274215,1037962,7295858,8333820,7.029022257076849
3274235,1037962,7295889,8333851,7.0290521232954575
3274374,1038024,7296179,8334203,7.028911662928795
3274394,1038043,7296251,8334294,7.028852369314181
3274405,1038043,7296261,8334304,7.0288620028264726
3274587,1038043,7296535,8334578,7.02912596106327
3274665,1038074,7296608,8334682,7.028986372840472
3274692,1038084,7296658,8334742,7.028966827347305
3274708,1038084,7296684,8334768,7.028991873490007
3274799,1038116,7296963,8335079,7.029043960405196
3274857,1038156,7297076,8335232,7.028881979201584
3274865,1038156,7297102,8335258,7.028907023607242
3274871,1038156,7297116,8335272,7.028920509056443
3274951,1038156,7297232,8335388,7.0290322456355305
3274955,1038156,7297241,8335397,7.029040914852874
3274971,1038156,7297267,8335423,7.029065959258531
3274995,1038156,7297359,8335515,7.029154577924705
3275011,1038165,7297377,8335542,7.029110979468582
3275012,1038165,7297382,8335547,7.0291157956586865
3275149,1038271,7297655,8335926,7.028661110634892
3275186,1038274,7297680,8335954,7.0286648803687655
3275214,1038287,7297752,8336039,7.028646222094662
3275294,1038313,7297951,8336264,7.028661877487809
3275599,1038313,7298647,8336960,7.029332195590347
3275759,1038393,7299028,8337421,7.029157554028195
3275797,1038422,7299061,8337483,7.0289930298086905
3275942,1038439,7299252,8337691,7.029061890009909
3275958,1038439,7299278,8337717,7.029086927590354
3276010,1038439,7299445,8337884,7.029247745895522
3276402,1038709,7300119,8338828,7.0280694592999575
3276445,1038719,7300196,8338915,7.028075928138409
3276469,1038734,7300232,8338966,7.0280090956876355
3276479,1038734,7300257,8338991,7.028033163447042
3276488,1038734,7300284,8339018,7.028059156627202
3276648,1038802,7300827,8339629,7.028121817247175
3276728,1038834,7300956,8339790,7.028029502307395
3276734,1038834,7300970,8339804,7.028042978955252
3276743,1038834,7300991,8339825,7.0280631939270375
3276762,1038841,7301010,8339851,7.02803412649289
3276840,1038841,7301230,8340071,7.0282459009607825
3277042,1038892,7301391,8340283,7.028055851811353
3277079,1038892,7301459,8340351,7.028121306160794
3277127,1038892,7301532,8340424,7.028191573330048
3277186,1038920,7301741,8340661,7.028203326531398
3277249,1038920,7301868,8340788,7.02832556885997
3277256,1038920,7301885,8340805,7.028341932006314
3277263,1038920,7301885,8340805,7.028341932006314
3277297,1038920,7301931,8340851,7.028386208755246
3277322,1038932,7301981,8340913,7.028353154970682
3277328,1038932,7301999,8340931,7.028370480454929
3277383,1038937,7302285,8341222,7.028611937008693
3277425,1038944,7302323,8341267,7.028601156558968
3277475,1038944,7302500,8341444,7.028771521852958
3277481,1038944,7302514,8341458,7.028784997073952
3277488,1038944,7302537,8341481,7.028807134937013
3277841,1038944,7302836,8341780,7.029094927156805
3277856,1038947,7302854,8341801,7.02909195560505
3277886,1038959,7302871,8341830,7.029027131965747
3277901,1038971,7302897,8341868,7.028970972240804
3277919,1038980,7302924,8341904,7.028936071916688
3277950,1038993,7302974,8341967,7.028896248579153
3277981,1038993,7303051,8342044,7.028970358799337
3278092,1038993,7303308,8342301,7.029217713690082
3278094,1038993,7303310,8342303,7.029219638630867
3278387,1039129,7303919,8343048,7.028885730260631
3278409,1039133,7304010,8343143,7.02894624653437
3278553,1039242,7304371,8343613,7.028556390138196
3278595,1039242,7304402,8343644,7.028586219571572
3278721,1039307,7304616,8343923,7.0283525464564365
3278771,1039307,7304720,8344027,7.028452613135483
3278831,1039334,7304877,8344211,7.028421085040997
3278892,1039338,7304921,8344259,7.0284363700740276
3278932,1039361,7304991,8344352,7.028348187011058
3278953,1039373,7305027,8344400,7.02830167803089
3279052,1039409,7305180,8344589,7.028205451367075
3279078,1039423,7305299,8344722,7.028225274984294
3279116,1039451,7305400,8344851,7.028133120272144
3279216,1039488,7305630,8345118,7.028104220539342
3279307,1039488,7305889,8345377,7.02835338166482
3280154,1039514,7307537,8347051,7.029762946915578
3280378,1039514,7307850,8347364,7.030064049161435
3280843,1039514,7308961,8348475,7.031132817836027
3280868,1039527,7308994,8348521,7.0310766338921455
3280883,1039536,7309005,8348541,7.031026342522049
3280953,1039536,7309114,8348650,7.031131196995583
3281024,1039552,7309251,8348803,7.031154766668719
3281159,1039642,7309526,8349168,7.03081060595859
3281199,1039660,7309601,8349261,7.030761018025124
3281526,1039663,7310259,8349922,7.031373627800547
3281558,1039671,7310298,8349969,7.031357035062054
3281865,1039767,7311054,8350821,7.031434927248124
3282077,1039817,7311239,8351056,7.031274733919526
3282085,1039820,7311251,8351071,7.031265988344137
3282094,1039820,7311284,8351104,7.031297724606182
3282106,1039824,7311300,8351124,7.031286063795411
3282135,1039826,7311315,8351141,7.031286965319198
3283032,1039826,7311315,8351141,7.031286965319198
3283182,1039900,7311569,8351469,7.031030868352726
3283279,1039900,7311896,8351796,7.031345321665545
3283308,1039908,7311928,8351836,7.031322001561676
3283323,1039914,7311956,8351870,7.031308358191158
3283373,1039914,7312063,8351977,7.031411251315013
3283488,1039914,7312402,8352316,7.031737239810215
3283535,1039939,7312508,8352447,7.031670126805515
3283653,1040020,7312824,8352844,7.03142631872464
3283674,1040022,7312824,8352846,7.031412797036986
3283694,1040029,7312868,8352897,7.031407778052343
3284073,1040135,7313696,8353831,7.031487258865436
3284074,1040135,7313698,8353833,7.031489181692761
3284084,1040140,7313730,8353870,7.031486146095718
3284358,1040217,7314272,8354489,7.031486699409835
3284801,1040365,7314731,8355096,7.03092760713788
3284807,1040367,7314739,8355106,7.030921780487078
3284825,1040375,7314793,8355168,7.030919620329208
3284927,1040375,7315226,8355601,7.031335816412351
3285246,1040454,7315543,8355997,7.031106613074677
3285247,1040454,7315548,8356002,7.031111418669158
3285315,1040461,7315591,8356052,7.03110544268358
3285351,1040479,7315665,8356144,7.031054927586236
3285360,1040479,7315693,8356172,7.031081838268721
3285397,1040479,7315823,8356302,7.031206780723109
3285419,1040479,7315876,8356355,7.031257718800668
3285454,1040495,7315956,8356451,7.0312264835486955
3287397,1040495,7320053,8360548,7.0351640325037605
3287442,1040495,7320171,8360666,7.0352774400645846
3287496,1040538,7320313,8360851,7.03512317666438
3287497,1040538,7320318,8360856,7.035127981870917
3287539,1040549,7320356,8360905,7.035090130306213
3287688,1040580,7320786,8361366,7.0352937784697
3288516,1040604,7322366,8362970,7.036649868730084
3288549,1040614,7322428,8363042,7.036641828766478
3288917,1040684,7322884,8363568,7.0366066932901825
3288952,1040690,7322935,8363625,7.036615130346212
3288967,1040696,7322951,8363647,7.036589935965931
3289006,1040717,7323013,8363730,7.036507523178732
3289109,1040741,7323092,8363833,7.036421165304336
3289228,1040785,7323399,8364184,7.036418664757851
3289338,1040785,7323711,8364496,7.036718438486335
3289498,1040802,7323759,8364561,7.036649622118328
3289541,1040802,7323895,8364697,7.036780290583607
3289580,1040814,7323925,8364739,7.036727984058631
3289595,1040820,7323957,8364777,7.0367181645241255
3289688,1040866,7324088,8364954,7.0365330407564475
3289700,1040870,7324107,8364977,7.036524253749268
3289711,1040870,7324137,8365007,7.036553075792366
3289718,1040870,7324168,8365038,7.036582858570235
3289934,1040870,7325078,8365948,7.037457127210891
3290090,1040932,7325338,8366270,7.037287738296065
3290127,1040954,7325383,8366337,7.03718223860036
3290252,1041007,7325724,8366731,7.037151527319221
3290274,1041007,7325801,8366808,7.037225494160943
3290364,1041064,7326173,8367237,7.037197520997749
3290647,1041064,7326846,8367910,7.0378439750101816
3290699,1041091,7326963,8368054,7.0377738353323585
3290706,1041091,7326986,8368077,7.037795927541397
3291205,1041091,7328098,8369189,7.038864037821861
3291245,1041124,7328187,8369311,7.038726414913113
3291401,1041153,7328760,8369913,7.0390807114804455
3291446,1041166,7328816,8369982,7.039046607361362
3291523,1041178,7328977,8370155,7.039120112026954
3291528,1041180,7328993,8370173,7.039121957778674
3291573,1041187,7329101,8370288,7.039178360851605
3291613,1041187,7329279,8370466,7.0393493195746775
3291692,1041224,7329460,8370684,7.0392730094581
3291749,1041224,7329583,8370807,7.03939113965871
3291763,1041224,7329616,8370840,7.0394228331271655
3291781,1041224,7329631,8370855,7.0394372392491915
3292218,1041507,7330490,8371997,7.038349238171227
3292325,1041534,7330748,8372282,7.038414492469761
3292454,1041534,7331131,8372665,7.03878221930345
3292550,1041570,7331373,8372943,7.038771277974596
3292564,1041570,7331410,8372980,7.038806801271158
3292588,1041581,7331441,8373022,7.038762227805615
3292656,1041581,7331483,8373064,7.038802551121805
3292714,1041596,7331531,8373127,7.038747268614703
3292716,1041597,7331534,8373131,7.038743391158
3292766,1041626,7331610,8373236,7.038620387739937
3292811,1041639,7331878,8373517,7.038789830257891
3292864,1041639,7331954,8373593,7.0388627921957605
3292872,1041646,7331971,8373617,7.038831810423119
3292887,1041646,7331992,8373638,7.038851970823101
3292930,1041650,7332061,8373711,7.038891182258916
3292938,1041650,7332079,8373729,7.0389084625354
3292945,1041650,7332088,8373738,7.038917102673643
3293349,1041650,7332705,8374355,7.039509432150915
3293477,1041700,7332934,8374634,7.039391379475857
3294298,1042520,7338242,8380762,7.038946015424164
3294780,1042587,7339196,8381783,7.039408701623941
3294831,1042622,7339372,8381994,7.039341199399207
3294967,1042687,7339583,8382270,7.039104736128867
3295024,1042687,7339583,8382270,7.039104736128867
3295168,1042776,7339979,8382755,7.038883710403768
3295296,1042776,7340377,8383153,7.039265383936723
3295399,1042822,7340515,8383337,7.039087207596311
3295436,1042841,7340617,8383458,7.039056768960944
3295570,1042872,7340929,8383801,7.039146702567525
3295600,1042887,7341014,8383901,7.039126961981499
3295700,1042887,7341393,8384280,7.039490376234434
3295712,1042899,7341424,8384323,7.0394391019648115
3295810,1042905,7341826,8384731,7.03978406470388
3295934,1042997,7342176,8385173,7.039498675451608
3296689,1042997,7343734,8386731,7.040992447725161
3296791,1043027,7343801,8386828,7.040854167725284
3296863,1043059,7343971,8387030,7.040801143559473
3296872,1043059,7343991,8387050,7.040820317930241
3296962,1043071,7344099,8387170,7.040842857293511
3297030,1043131,7344257,8387388,7.040589341127816
3297121,1043182,7344431,8387613,7.040411931954347
3297549,1043182,7345339,8388521,7.041282345745996
3297596,1043182,7345433,8388615,7.041372454662753
3297634,1043192,7345494,8388686,7.041363430701156
3297728,1043200,7345775,8388975,7.04157879601227
3298145,1043200,7346738,8389938,7.042501917177914
3298151,1043203,7346744,8389947,7.042487416159655
3298186,1043213,7346802,8390015,7.042475505960911
3298484,1043349,7347541,8390890,7.042265819011663
3298532,1043377,7347633,8391010,7.04216500842936
3298537,1043377,7347633,8391010,7.04216500842936
3298708,1043467,7348088,8391555,7.041993661514931
3298739,1043473,7348161,8391634,7.042023128533273
3298770,1043493,7348245,8391738,7.041968657192717
3299008,1043556,7348797,8392353,7.04207249059945
3299038,1043556,7348844,8392400,7.0421175289107625
3299047,1043556,7348844,8392400,7.0421175289107625
3299052,1043560,7348857,8392417,7.042102993598835
3299068,1043560,7348883,8392443,7.042127908313849
3299111,1043591,7348967,8392558,7.0419992123351
3299134,1043606,7349009,8392615,7.041938241060324
3299161,1043606,7349047,8392653,7.041974653269529
3299167,1043606,7349065,8392671,7.0419919011581
3299217,1043617,7349181,8392798,7.042028828583666
3299226,1043622,7349204,8392826,7.042017128807173
3299589,1043634,7350235,8393869,7.042924051918584
3299775,1043719,7350951,8394670,7.043036487790296
3300242,1043719,7351792,8395511,7.0438422602252135
3300248,1043719,7351810,8395529,7.043859506246413
3300378,1043724,7352383,8396107,7.044374758077806
3300463,1043725,7352741,8396466,7.044711011042181
3300487,1043738,7352763,8396501,7.044644345611638
3300565,1043780,7353036,8396816,7.0446224300139875
3300580,1043781,7353096,8396877,7.044673164198237
3300641,1043787,7353244,8397031,7.044774460689776
3300949,1043787,7353966,8397753,7.045466172696154
3300982,1043824,7354096,8397920,7.0453409770229465
3300990,1043824,7354121,8397945,7.045364927420715
3301043,1043855,7354233,8398088,7.045262991507441
3301062,1043860,7354271,8398131,7.0452656486502026
3301093,1043878,7354324,8398202,7.045194936573048
3301210,1043972,7354625,8398597,7.044848903993594
3301231,1043984,7354639,8398623,7.044781337645022
3301298,1044026,7354746,8398772,7.044600421828575
3301337,1044036,7354844,8398880,7.044626813634779
3301396,1044051,7354915,8398966,7.044593607017282
3301459,1044057,7355054,8399111,7.0446862575510725
3301464,1044061,7355069,8399130,7.044673634969604
3302689,1044092,7359421,8403513,7.048632687540945
3303408,1044092,7360542,8404634,7.0497063477164845
3303487,1044134,7360766,8404900,7.049637307088937
3303522,1044159,7360834,8404993,7.0495336438224445
3303547,1044170,7360944,8405114,7.049564726050356
3303565,1044170,7360976,8405146,7.049595372401046
3303580,1044174,7361026,8405200,7.049616251697514
3303606,1044175,7361085,8405260,7.049666004261738
3303609,1044176,7361090,8405266,7.049664041311043
3303688,1044220,7361231,8405451,7.04950202064699
3303695,1044220,7361247,8405467,7.049517343088621
3303906,1044343,7361534,8405877,7.0489618832127
3303937,1044349,7361611,8405960,7.048995115617481
3304077,1044349,7361976,8406325,7.04934461564094
3304114,1044364,7362032,8406396,7.049296988406341
3304175,1044378,7362096,8406474,7.049263772312323
3304233,1044390,7362201,8406591,7.049283313704651
3304243,1044390,7362231,8406621,7.049312038606268
3304354,1044417,7362317,8406734,7.049212144191449
3304878,1044420,7363576,8407996,7.050397349725206
3304888,1044431,7363593,8408024,7.05033937138978
3304937,1044431,7363790,8408221,7.050527990839031
3304942,1044431,7363802,8408233,7.05053948034863
3307925,1045439,7370918,8416357,7.0505481429332555
3307996,1045439,7370918,8416357,7.0505481429332555
3308161,1045465,7371062,8416527,7.050510538372877
3308196,1045475,7371154,8416629,7.050531098304599
3308198,1045477,7371154,8416631,7.050517610621754
3308335,1045515,7371380,8416895,7.050477515865387
3308402,1045542,7371553,8417095,7.050460909270025
3308411,1045542,7371593,8417135,7.050499166939253
3308417,1045542,7371611,8417153,7.050516382890406
3308751,1045659,7372971,8418630,7.0510281076335595
3309312,1045662,7373848,8419510,7.051846581400108
3309324,1045662,7373877,8419539,7.051874315027227
3309388,1045662,7374035,8419697,7.0520254154784245
3309533,1045704,7374361,8420065,7.052053927306389
3309563,1045704,7374442,8420146,7.052131387084682
3309592,1045722,7374488,8420210,7.052053987579873
3309605,1045730,7374501,8420231,7.052012469757968
3309666,1045757,7374581,8420338,7.051906896152739
3309926,1045840,7374784,8420624,7.051541344756368
3309991,1045840,7374784,8420624,7.051541344756368
3310005,1045840,7374816,8420656,7.051571942170886
3310011,1045840,7374830,8420670,7.051585328539739
3310052,1045850,7374865,8420715,7.051551369699288
3310055,1045850,7374871,8420721,7.051557106659655
3310065,1045855,7374894,8420749,7.051545386310722
3310081,1045855,7374964,8420819,7.051612317195023
3310258,1045960,7375376,8421336,7.051298328807985
3310281,1045960,7375441,8421401,7.051360472675819
3310288,1045960,7375461,8421421,7.0513795938659225
3310295,1045962,7375469,8421431,7.051373759276149
3310324,1045974,7375517,8421491,7.051338752206078
3310436,1045984,7375622,8421606,7.051371722703215
3310484,1045984,7375770,8421754,7.051513216263347
3310518,1045988,7375789,8421777,7.051504414964608
3310532,1045997,7375821,8421818,7.051474335012433
3310538,1045997,7375835,8421832,7.051487719372044
3310590,1046004,7375883,8421887,7.0514864187899855
3310802,1046066,7376366,8422432,7.051530209374934
3310967,1046075,7377305,8423380,7.052367182085415
3310975,1046075,7377327,8423402,7.052388213082236
3310980,1046075,7377339,8423414,7.052399684535048
3311272,1046167,7377748,8423915,7.052170446974527
3311350,1046221,7377934,8424155,7.051984236600107
3311781,1046413,7379494,8425907,7.052181117780456
3311832,1046446,7379555,8426001,7.052017017600526
3311876,1046483,7379654,8426137,7.051862285388296
3311896,1046483,7379682,8426165,7.051889041675785
3312032,1046521,7379997,8426518,7.051933979346807
3312179,1046606,7380477,8427083,7.051819882553702
3312236,1046631,7380547,8427178,7.051718322885525
3312274,1046659,7380620,8427279,7.051599422543541
3312313,1046670,7380683,8427353,7.051585504504763
3312392,1046678,7380748,8427426,7.051593708857929
3312398,1046678,7380766,8427444,7.051610906123947
3312408,1046678,7380766,8427444,7.051610906123947
3313228,1046862,7381311,8428173,7.050892094660041
3314944,1046864,7384784,8431648,7.054196151553592
3315067,1046938,7385004,8431942,7.053907681257152
3315245,1047028,7385245,8432273,7.053531519691928
3315282,1047028,7385343,8432371,7.053625117952911
3315287,1047028,7385355,8432383,7.0536365789644595
3315295,1047030,7385361,8432391,7.053628835849976
3315320,1047056,7385448,8432504,7.0535367735823105
3315349,1047086,7385500,8432586,7.053384344743412
3315414,1047098,7385545,8432643,7.05334648714829
3315463,1047106,7385658,8432764,7.053400515325096
3315495,1047122,7385727,8432849,7.053358634428462
3316258,1047258,7386439,8433697,7.053122535230096
3316277,1047276,7386501,8433777,7.053060511269235
3316392,1047358,7386698,8434056,7.052696403712962
3316408,1047363,7386746,8434109,7.052708564270458
3316423,1047373,7386769,8434142,7.052663186849384
3316557,1047437,7387370,8434807,7.052806039885931
3317753,1047823,7390085,8437908,7.052798993723177
3317775,1047841,7390130,8437971,7.052720784928248
3317792,1047848,7390189,8438037,7.052729976103405
3317802,1047848,7390211,8438059,7.052750971514953
3317816,1047848,7390258,8438106,7.052795825348714
3317864,1047853,7390415,8438268,7.052912001969742
3317889,1047854,7390449,8438303,7.052937718422605
3318002,1047886,7390604,8438490,7.052870254970483
3318010,1047886,7390625,8438511,7.052890295318384
3318045,1047912,7390718,8438630,7.052804052248662
3318087,1047927,7390799,8438726,7.052780394054166
3318106,1047935,7390837,8438772,7.05276281448754
3318133,1047943,7390927,8438870,7.0527948562087825
3318135,1047944,7390932,8438876,7.0527928973303915
3318155,1047952,7390967,8438919,7.052772455226957
3318371,1048140,7391896,8440036,7.052393764191806
3318470,1048217,7392144,8440361,7.0521123011742795
3318504,1048217,7392257,8440474,7.052220103280141
3318516,1048218,7392276,8440494,7.052231501462482
3318539,1048234,7392331,8440565,7.052176327041481
3318757,1048260,7392909,8441169,7.052552801785817
3318766,1048260,7392938,8441198,7.052580466678114
3319011,1048260,7393710,8441970,7.053316925190315
3319096,1048297,7393916,8442213,7.053264485160217
3319154,1048312,7394028,8442340,7.053270400415143
3319168,1048321,7394067,8442388,7.053247049329356
3319395,1048386,7394571,8442957,7.053290486519278
3319869,1048568,7395931,8444499,7.053363253503826
3319902,1048590,7396019,8444609,7.053299192248638
3319931,1048602,7396078,8444680,7.0532747410361605
3319939,1048602,7396102,8444704,7.053297628652244
3319945,1048602,7396116,8444718,7.053310979761625
3319997,1048630,7396200,8444830,7.053202750255095
3319997,1048630,7396200,8444830,7.053202750255095
3323402,1048891,7401708,8450599,7.056698932491555
3323413,1048891,7401730,8450621,7.056719907025611
3323445,1048893,7401777,8450670,7.056751260614762
3323670,1048950,7402363,8451313,7.056926450259784
3323705,1048976,7402477,8451453,7.056860214151706
3323740,1048976,7402565,8451541,7.056944105489544
3323864,1049001,7402672,8451673,7.056877924806554
3323873,1049010,7402691,8451701,7.056835492511987
3323998,1049070,7403146,8452216,7.056865604773752
3324008,1049090,7403169,8452259,7.056752995453202
3324037,1049090,7403262,8452352,7.056841643710263
3324247,1049096,7403753,8452849,7.057269306145481
3324916,1049232,7404464,8453696,7.057032191164585
3324954,1049232,7404603,8453835,7.057164669015051
3324994,1049232,7404703,8453935,7.0572599768211415
3325016,1049238,7404756,8453994,7.057270133182366
3325084,1049263,7404895,8454158,7.0572344588535
3325148,1049281,7405070,8454351,7.057280175663145
3325155,1049281,7405093,8454374,7.057302095434874
3325247,1049320,7405216,8454536,7.0571570159722485
3325268,1049321,7405252,8454573,7.057184598421265
3325534,1049321,7405715,8455036,7.057625836135939
3325560,1049344,7405778,8455122,7.057531181385704
3325577,1049358,7405811,8455169,7.057468471198581
3325600,1049358,7405845,8455203,7.057500871961714
3325666,1049376,7406064,8455440,7.057588509742933
3325695,1049381,7406152,8455533,7.0576387413151185
3325731,1049396,7406193,8455589,7.057576929967333
3325748,1049399,7406217,8455616,7.057579624146774
3325758,1049402,7406264,8455666,7.0576042355551065
3325783,1049402,7406264,8455666,7.0576042355551065
3326099,1049592,7407030,8456622,7.057056456222989
3326110,1049592,7407040,8456632,7.057065983734632
3326113,1049592,7407046,8456638,7.057071700241618
3326159,1049628,7407126,8456754,7.056905875224365
3326165,1049628,7407140,8456768,7.056919213283182
3326426,1049769,7407598,8457367,7.056407647777749
3326431,1049773,7407619,8457392,7.0564007647367575
3326631,1049825,7408180,8458005,7.056585621413093
3326726,1049894,7408449,8458343,7.056378072453029
3326780,1049914,7408580,8458494,7.05636842636635
3326874,1049931,7408770,8458701,7.056435137166156
3326897,1049941,7408800,8458741,7.056396502279652
3326908,1049941,7408865,8458806,7.05645841052021
3326976,1049981,7408953,8458934,7.056273399232938
3327264,1050076,7409801,8459877,7.056442581298877
3327282,1050076,7409828,8459904,7.056468293723502
3328526,1050323,7411586,8461909,7.056482624868731
3328617,1050328,7411781,8462109,7.0566346893541825
3328849,1050337,7413170,8463507,7.057896656025638
3328874,1050348,7413185,8463533,7.057837021634734
3328911,1050355,7413240,8463595,7.057842348539303
3328940,1050369,7413305,8463674,7.057810160048517
3329025,1050369,7413547,8463916,7.058040555271528
3329071,1050379,7413606,8463985,7.058029530293351
3329540,1050380,7415541,8465921,7.059865001237648
3329620,1050399,7415655,8466054,7.059845830013167
3329663,1050418,7415737,8466155,7.059796195419348
3329693,1050418,7415737,8466155,7.059796195419348
3329699,1050418,7415755,8466173,7.059813331454716
3329704,1050418,7415767,8466185,7.059824755478295
3329735,1050426,7415818,8466244,7.059819539881914
3329741,1050426,7415832,8466258,7.059832867807918
3329830,1050462,7416048,8466510,7.059796546662326
3329872,1050476,7416126,8466602,7.05977671074827
3329888,1050480,7416181,8466661,7.059802185667504
3330178,1050518,7416410,8466928,7.059764801745424
3330229,1050518,7416554,8467072,7.059901876978786
3330252,1050523,7416598,8467121,7.059910159035071
3330256,1050525,7416608,8467133,7.059906237357512
3330396,1050567,7416694,8467261,7.059705854076894
3330444,1050595,7416781,8467376,7.059600512090768
3330466,1050595,7416815,8467410,7.059632874704334
3330481,1050601,7416849,8467450,7.059624919450867
3330514,1050611,7416932,8467543,7.059636725676773
3330530,1050621,7416962,8467583,7.059598085322871
3330552,1050621,7417014,8467635,7.059647579859911
3330596,1050637,7417076,8467713,7.059599081319238
3330624,1050644,7417143,8467787,7.059615816584875
3330675,1050644,7417300,8467944,7.059765248742676
3331370,1050644,7423132,8473776,7.065316129916508
3331432,1050658,7423251,8473909,7.065335247054703
3331468,1050670,7423317,8473987,7.065317368916976
3331487,1050670,7423364,8474034,7.065362102277594
3331538,1050692,7423467,8474159,7.065312194249123
3331598,1050722,7423644,8474366,7.065278922493295
3331714,1050761,7423827,8474588,7.065190847395364
3331737,1050761,7423891,8474652,7.065251755632347
3331753,1050773,7423920,8474693,7.065198668028204
3332377,1050773,7424798,8475571,7.066034243361791
3332396,1050777,7424830,8475607,7.066037798695632
3332413,1050777,7424925,8475702,7.066128207983235
3332477,1050777,7425118,8475895,7.066311881588577
3332478,1050778,7425121,8475899,7.06630801177794
3332519,1050788,7425185,8475973,7.066301670746145
3332532,1050798,7425251,8476049,7.066297233150425
3332804,1050846,7425766,8476612,7.066464543805657
3333208,1051096,7426600,8477696,7.065577264112888
3333233,1051107,7426648,8477755,7.065548987876591
3333255,1051116,7426709,8477825,7.065546523885089
3333309,1051166,7426815,8477981,7.065311282899181
3333441,1051229,7427008,8478237,7.065071454459495
3333485,1051240,7427102,8478342,7.065086944941212
3333791,1051331,7427746,8479077,7.0650879694406425
3333805,1051337,7427781,8479118,7.0650809397938055
3333855,1051374,7427917,8479291,7.064961659694838
3333905,1051390,7427947,8479337,7.064882679120022
3333971,1051390,7428069,8479459,7.064998715985505
3334047,1051424,7428177,8479601,7.064872972273792
3334071,1051428,7428179,8479607,7.0648479971999985
3334107,1051428,7428267,8479695,7.064931692897659
3334152,1051455,7428414,8479869,7.0648900808879125
3334155,1051455,7428423,8479878,7.064898640455369
3334281,1051520,7428628,8480148,7.064656877662812
3334378,1051564,7428800,8480364,7.064524841093838
3334396,1051576,7428865,8480441,7.064506036653556
3334416,1051587,7428902,8480489,7.06446732414912
3334419,1051588,7428903,8480491,7.064461557187796
3335608,1051588,7430894,8482482,7.0663548842322275
3335631,1051599,7430924,8482523,7.066309496300396
3335648,1051599,7430963,8482562,7.06634658268028
3339323,1051599,7436934,8488533,7.072024602533856
3339712,1051845,7438237,8490082,7.071609410131721
3339776,1051863,7438294,8490157,7.071542586819766
3339782,1051864,7438304,8490168,7.071545370884449
3339792,1051864,7438328,8490192,7.071568187522342
3339853,1051903,7438447,8490350,7.071419132752735
3340047,1051908,7439016,8490924,7.071926442236394
3340119,1051947,7439169,8491116,7.071809701439331
3340126,1051947,7439169,8491116,7.071809701439331
3340546,1052070,7439543,8491613,7.071338409041224
3340555,1052070,7439563,8491633,7.071357419183134
3340556,1052070,7439565,8491635,7.071359320197326
3340564,1052070,7439590,8491660,7.071383082874713
3340592,1052077,7439626,8491703,7.071370251416959
3340951,1052077,7440685,8492762,7.072376831733799
3340985,1052093,7440765,8492858,7.072345315480666
3341006,1052102,7440796,8492898,7.072314281314929
3341075,1052117,7440894,8493011,7.072306597079983
3341085,1052121,7440908,8493029,7.072293015727278
3341222,1052197,7441183,8493380,7.0720435431768
3341261,1052226,7441320,8493546,7.071978833444526
3341262,1052226,7441322,8493548,7.071980734176878
3341273,1052228,7441345,8493573,7.071989150640356
3341348,1052260,7441465,8493725,7.071888126508657
3341581,1052346,7441873,8494219,7.071697901640715
3341589,1052356,7441893,8494249,7.071649707893527
3341624,1052377,7441977,8494354,7.071588413657843
3341909,1052508,7442594,8495102,7.071294469970774
3341915,1052508,7442611,8495119,7.071310621867007
3342509,1052800,7444275,8497075,7.070929901215806
3342537,1052804,7444320,8497124,7.070945779081386
3342559,1052811,7444365,8497176,7.070941508019958
3342591,1052811,7444386,8497197,7.07096145462006
3342616,1052811,7444429,8497240,7.071002297658364
3342626,1052814,7444467,8497281,7.071018242538568
3342650,1052817,7444535,8497352,7.071062682308511
3342709,1052839,7444626,8497465,7.071001359182173
3342727,1052839,7444673,8497512,7.071046000385624
3342735,1052842,7444690,8497532,7.071041998704459
3342780,1052859,7444762,8497621,7.070996211268556
3342797,1052864,7444782,8497646,7.070981627256701
3342816,1052864,7444812,8497676,7.0710101209652905
3343148,1053039,7446227,8499266,7.07117875026471
3343164,1053039,7446227,8499266,7.07117875026471
3343184,1053039,7446316,8499355,7.071263267552294
3343189,1053040,7446321,8499361,7.071261300615361
3343333,1053041,7446673,8499714,7.071588855514648
3343347,1053047,7446709,8499756,7.071582749867765
3343352,1053049,7446713,8499762,7.071573117680184
3343383,1053076,7446857,8499933,7.071528550645917
3343384,1053076,7446859,8499935,7.071530449844076
3343544,1053076,7447137,8500213,7.071794438388112
3343577,1053076,7447201,8500277,7.071855212729186
3343728,1053076,7447441,8500517,7.07208311650821
3343752,1053076,7447481,8500557,7.072121100471381
3344439,1053328,7448096,8501424,7.071013017787432
3344468,1053349,7448164,8501513,7.070936603158118
3344533,1053349,7448285,8501634,7.071051474867304
3344601,1053406,7448416,8501822,7.070793217429936
3344874,1053483,7448989,8502472,7.070820316986605
3344881,1053483,7448999,8502482,7.070829809308741
3345319,1053556,7449945,8503501,7.071237788973724
3345373,1053587,7450042,8503629,7.071121796301587
3345398,1053587,7450108,8503695,7.071184439443539
3345462,1053587,7450209,8503796,7.071280302433496
3345470,1053587,7450234,8503821,7.071304030896357
3345574,1053670,7450435,8504105,7.070937769890003
3345852,1053809,7450713,8504522,7.070268900721098
3345879,1053824,7450759,8504583,7.070211913943885
3345901,1053835,7450783,8504618,7.070160888564149
3346065,1053899,7451116,8505015,7.070047509296431
3346167,1053957,7451423,8505380,7.069949722806528
3346213,1053979,7451475,8505454,7.069851486604572
3346278,1054006,7451639,8505645,7.069825978220238
3346285,1054008,7451660,8505668,7.069832487039947
3346383,1054086,7451845,8505931,7.069484842792713
3346702,1054265,7452654,8506919,7.069051898716167
3346797,1054265,7452899,8507164,7.069284288105932
3347006,1054317,7453576,8507893,7.069577745592644
3347012,1054319,7453593,8507912,7.069580459045127
3347077,1054328,7453732,8508060,7.069651948919122
3347077,1054328,7453732,8508060,7.069651948919122
3347084,1054333,7453741,8508074,7.069626958465684
3347147,1054394,7453961,8508355,7.069426609028503
3347169,1054394,7454028,8508422,7.069490152637439
3347195,1054404,7454068,8508472,7.069461041498325
3347653,1054404,7455313,8509717,7.07064180333155
3347718,1054404,7455434,8509838,7.070756560104097
3347728,1054414,7455465,8509879,7.070718901683779
3348368,1054468,7457720,8512188,7.072495324656604
3348386,1054478,7457770,8512248,7.072475670426505
3348402,1054478,7457815,8512293,7.072518345570035
3348407,1054478,7457838,8512316,7.072540157310063
3348470,1054484,7458040,8512524,7.072691477537829
3348482,1054492,7458059,8512551,7.072655838071792
3348520,1054492,7458059,8512551,7.072655838071792
3348949,1054646,7458822,8513468,7.072346550406487
3349208,1054899,7459155,8514054,7.070966035610992
3349259,1054925,7459277,8514202,7.070907410479418
3349353,1054981,7459469,8514450,7.070714069732062
3349643,1055069,7459658,8514727,7.070303458825916
3349655,1055069,7459663,8514732,7.070308197852463
3349836,1055105,7460015,8515120,7.070400576245966
3349845,1055107,7460029,8515136,7.070400442798692
3349875,1055107,7460084,8515191,7.070452570213258
3349929,1055137,7460201,8515338,7.0703624268696865
3349938,1055139,7460220,8515359,7.070367032210922
3349948,1055145,7460232,8515377,7.070338199963039
3349958,1055149,7460237,8515386,7.070316135446274
3349993,1055163,7460282,8515445,7.07026497327901
3350167,1055231,7460480,8515711,7.069996995918429
3350352,1055336,7461034,8516370,7.069818522252628
3350362,1055336,7461036,8516372,7.069820417383658
3351552,1055370,7464448,8519818,7.072825644086908
3351711,1055383,7464762,8520145,7.0730360447344705
3351783,1055383,7464950,8520333,7.073214179117913
3351837,1055383,7465141,8520524,7.073395156071303
3351960,1055400,7465356,8520756,7.073484934621944
3352005,1055406,7465413,8520819,7.073498729398923
3352011,1055406,7465427,8520833,7.073511994436265
3352115,1055459,7465566,8521025,7.07328849344219
3352128,1055464,7465589,8521053,7.073276776848855
3352156,1055464,7465668,8521132,7.073351625446249
3352163,1055465,7465691,8521156,7.07336671514451
3352191,1055469,7465750,8521219,7.073395807929934
3352204,1055474,7465767,8521241,7.073378406289496
3352211,1055474,7465790,8521264,7.073400197446834
3352244,1055481,7465818,8521299,7.073379814511109
3352304,1055503,7465887,8521390,7.073297754719787
3352333,1055518,7465926,8521444,7.0732341845425655
3352393,1055519,7465936,8521455,7.073236957364102
3352440,1055533,7465988,8521521,7.073192406111414
3352455,1055533,7466056,8521589,7.073256828540652
3353228,1056054,7468213,8524267,7.071809774878936
3353259,1056058,7468265,8524323,7.07183222891167
3353283,1056058,7468267,8524325,7.071834122747046
3353345,1056087,7468376,8524463,7.071743142373687
3353352,1056087,7468395,8524482,7.0717611333157215
3353388,1056101,7468431,8524532,7.071701475521754
3353748,1056420,7470677,8527097,7.071692130024044
3353938,1056563,7471212,8527775,7.071241374153742
3353952,1056566,7471233,8527799,7.071241171871894
3353961,1056566,7471261,8527827,7.071267672819303
3353993,1056583,7471314,8527897,7.071204060636978
3354011,1056583,7471324,8527907,7.071213525108771
3354275,1056633,7471872,8528505,7.071397542950106
3354329,1056688,7472028,8528716,7.071177111881653
3354364,1056691,7472113,8528804,7.071237476234774
3354421,1056737,7472265,8529002,7.071073502678528
3354529,1056788,7472414,8529202,7.070873249885502
3354709,1056871,7472658,8529529,7.070548818162292
3354759,1056893,7472747,8529640,7.07048584861476
3357306,1057033,7480341,8537374,7.076733649753603
3357312,1057033,7480355,8537388,7.076746894373213
3357338,1057033,7480429,8537462,7.076816901648293
3357354,1057033,7480455,8537488,7.076841498798997
3357396,1057046,7480524,8537570,7.07681974105195
3357526,1057046,7480763,8537809,7.077045842848845
3357566,1057055,7480847,8537902,7.077065053379436
3358001,1057055,7481615,8538670,7.077791600247858
3358307,1057116,7482128,8539244,7.077868464766402
3358312,1057121,7482133,8539254,7.077839717496862
3358337,1057132,7482218,8539350,7.077846475180015
3358352,1057132,7482225,8539357,7.077853096869643
3358367,1057138,7482270,8539408,7.077855492849562
3358372,1057138,7482277,8539415,7.077862114501607
3358448,1057155,7482419,8539574,7.077882618915864
3358489,1057155,7482514,8539669,7.077972482748509
3358540,1057156,7482761,8539917,7.078199433196236
3358590,1057185,7482905,8540090,7.078141479495074
3358749,1057268,7483424,8540692,7.078076703352414
3358759,1057268,7483454,8540722,7.078105078371803
3358777,1057268,7483466,8540734,7.078116428379559
3358806,1057276,7483533,8540809,7.078126241397705
3358825,1057276,7483598,8540874,7.078187720141193
3358858,1057289,7483648,8540937,7.078147980353527
3358881,1057304,7483676,8540980,7.078074044929368
3359134,1057343,7484080,8541423,7.078195060637844
3359154,1057351,7484107,8541458,7.078167041975655
3359403,1057362,7484178,8541540,7.078160554285098
3359471,1057408,7484377,8541785,7.078040831921075
3359483,1057419,7484417,8541836,7.078005029226825
3359503,1057440,7484458,8541898,7.077903238008776
3360102,1057742,7486163,8543905,7.077494322812179
3360150,1057749,7486291,8544040,7.077568496874022
3360170,1057749,7486312,8544061,7.07758835035533
3360185,1057758,7486327,8544085,7.077542311190272
3360221,1057772,7486383,8544155,7.0775015787901365
3360518,1057940,7487249,8545189,7.077196249314706
3360527,1057942,7487261,8545203,7.077194212915264
3360655,1057942,7487626,8545568,7.07753922237703
3361206,1057946,7489120,8547066,7.078924633204341
3361236,1057969,7489167,8547136,7.078815163771339
3361347,1057969,7489528,8547497,7.079156383599141
3361366,1057969,7489575,8547544,7.079200808341265
3361495,1057969,7489958,8547927,7.07956282272921
3361524,1057981,7490018,8547999,7.079539235581735
3361537,1057986,7490033,8548019,7.079519955840626
3361546,1057987,7490050,8548037,7.0795293325910436
3361584,1057999,7490123,8548122,7.0795180335709205
3361608,1058013,7490140,8548153,7.07944042275473
3361806,1058013,7490480,8548493,7.079761779864708
3361827,1058020,7490498,8548518,7.079731952137011
3361914,1058020,7490717,8548737,7.0799389425530705
3361945,1058020,7490779,8548799,7.079997542579536
3361977,1058040,7490828,8548868,7.079910022305395
3362060,1058071,7491000,8549071,7.079865150826362
3362346,1058108,7491771,8549879,7.080346240648403
3362349,1058108,7491778,8549886,7.080352856230177
3362362,1058108,7491858,8549966,7.080428462879025
3362393,1058123,7491915,8550038,7.0803819593752335
3362451,1058126,7491967,8550093,7.080411028554256
3362460,1058126,7492001,8550127,7.080443160833398
3362488,1058137,7492016,8550153,7.0803837310291575
3362501,1058139,7492041,8550180,7.080393974704647
3362525,1058152,7492076,8550228,7.0803400645653936
3362560,1058164,7492125,8550289,7.080306077318828
3362659,1058200,7492298,8550498,7.08022869022869
3362670,1058206,7492331,8550537,7.080219730373859
3362684,1058215,7492369,8550584,7.080195423425296
3362809,1058226,7492492,8550718,7.080238058788955
3363101,1058230,7493567,8551797,7.081227143437627
3363109,1058230,7493583,8551813,7.081242263024106
3363132,1058240,7493641,8551881,7.081230155730269
3363152,1058240,7493665,8551905,7.081252834895676
3363194,1058269,7493786,8552055,7.08117312327962
3363215,1058269,7493809,8552078,7.081194856884213
3363321,1058269,7493872,8552141,7.081254388062015
3363329,1058274,7493891,8552165,7.081238885203643
3364897,1058413,7494414,8552827,7.080803051360858
3364917,1058413,7494435,8552848,7.0808228923869985
3365646,1058780,7498545,8557325,7.082250325846729
3365691,1058780,7498657,8557437,7.082356107973328
3365730,1058794,7498685,8557479,7.082288906057269
3365739,1058794,7498703,8557497,7.082305906531393
3365808,1058794,7498835,8557629,7.082430576674971
3365813,1058796,7498844,8557640,7.0824256986237195
3365836,1058804,7498889,8557693,7.082414686759778
3365945,1058804,7499002,8557806,7.082521410950469
3366019,1058804,7499134,8557938,7.082646079916585
3366134,1058866,7499379,8558245,7.082462747883112
3366210,1058893,7499497,8558390,7.082393594064745
3366224,1058893,7499537,8558430,7.082431369364043
3366431,1058902,7499774,8558676,7.082594989904637
3366462,1058902,7499859,8558761,7.082675261733381
3366475,1058906,7499890,8558796,7.082677782541604
3366479,1058909,7499905,8558814,7.082671882097517
3366711,1058909,7500228,8559137,7.082976913030298
3366718,1058909,7500243,8559152,7.082991078553492
3366854,1058999,7500517,8559516,7.082647858968706
3367315,1058999,7501425,8560424,7.083505272431797
3368105,1059404,7502606,8562010,7.081912093969817
3368127,1059425,7502680,8562105,7.081841564999882
3368292,1059478,7503008,8562486,7.0817968848810455
3368307,1059478,7503947,8563425,7.082683170391457
3368443,1059567,7504256,8563823,7.082379877818014
3368751,1059568,7505102,8564670,7.083171632212373
3368872,1059568,7505246,8564814,7.083307536656449
3369016,1059604,7505655,8565259,7.083452874847585
3369550,1059604,7507304,8566908,7.085009116613376
3369637,1059620,7507386,8567006,7.084979520960344
3369713,1059655,7507672,8567327,7.085015405957599
3369799,1059655,7507742,8567397,7.08508146519386
3369958,1059688,7508041,8567729,7.085142985482519
3370133,1059789,7508466,8568255,7.084868780483663
3370241,1059828,7508689,8568517,7.08481847997977
3370265,1059848,7508759,8568607,7.084750832194805
3370407,1059848,7508898,8568746,7.084881983076818
3370429,1059849,7508921,8568770,7.084896999478228
3370497,1059879,7509007,8568886,7.084777601971545
3370504,1059879,7509010,8568889,7.08478043248333
3370564,1059879,7509050,8568929,7.084818172640462
3370618,1059892,7509086,8568978,7.084765240232024
3370740,1059990,7509364,8569354,7.0843724940801325
3370779,1060016,7509452,8569468,7.084281746690616
3370869,1060019,7509872,8569891,7.084657916509044
3370872,1060019,7509885,8569904,7.0846701804401615
3370881,1060019,7509908,8569927,7.084691878164448
3370973,1060052,7510085,8570137,7.084638300762604
3371125,1060114,7510461,8570575,7.084578639655735
3371193,1060115,7510704,8570819,7.084801177230772
3371438,1060254,7511599,8571853,7.0847164924631265
3371768,1060335,7512406,8572741,7.084936364450858
3371769,1060335,7512411,8572746,7.084941079941717
3371778,1060337,7512442,8572779,7.084956952365144
3371787,1060339,7512459,8572798,7.084959621404098
3371854,1060362,7512517,8572879,7.0848606419317175
3372024,1060362,7512802,8573164,7.085129418066661
3372094,1060410,7512939,8573349,7.084937901377769
3372317,1060445,7513347,8573792,7.0850888070574145
3372331,1060452,7513394,8573846,7.085086359401463
3372394,1060466,7513479,8573945,7.085072977351467
3372649,1060667,7513978,8574645,7.084200790634572
3372665,1060674,7514019,8574693,7.08419269257095
3372713,1060674,7514082,8574756,7.0842520887662
3372793,1060674,7514169,8574843,7.084334112083448
3372839,1060689,7514230,8574919,7.084291436981057
3372875,1060689,7514348,8575037,7.084402685424285
3372972,1060689,7514628,8575317,7.0846666647811
3372988,1060702,7514695,8575397,7.084643000578862
3373016,1060705,7514750,8575455,7.084674815335084
3373076,1060737,7514886,8575623,7.084589299703885
3373144,1060755,7515160,8575915,7.084727387568289
3373148,1060755,7515179,8575934,7.084745299338679
3374227,1060775,7518105,8578880,7.087370083193891
3374247,1060784,7518148,8578932,7.087350487940995
3374249,1060784,7518148,8578932,7.087350487940995
3374307,1060809,7518175,8578984,7.08720891319738
3374355,1060809,7518248,8579057,7.087277728601473
3374386,1060809,7518396,8579205,7.087417244763195
3374424,1060831,7518456,8579287,7.087326822085704
3375345,1061100,7521823,8582923,7.088703232494581
3375351,1061100,7521840,8582940,7.08871925360475
3375355,1061104,7521844,8582948,7.088696301210814
3375362,1061104,7521863,8582967,7.088714207089974
3375394,1061120,7521906,8583026,7.088647843787696
3375415,1061131,7521951,8583082,7.088616768334918
3375458,1061153,7522021,8583174,7.088535771938637
3375529,1061175,7522190,8583365,7.088548071712959
3375537,1061175,7522202,8583377,7.088559379932621
3375570,1061199,7522244,8583443,7.0884386434589555
3375576,1061199,7522258,8583457,7.088451836083524
3375579,1061203,7522274,8583477,7.088440194760098
3375692,1061256,7522393,8583649,7.088198323495933
3376125,1061265,7523538,8584803,7.089217113539031
3376128,1061266,7523541,8584807,7.089213260389007
3376174,1061266,7523667,8584933,7.08933198651422
3376199,1061277,7523702,8584979,7.089291485634759
3376217,1061284,7523716,8585000,7.089257917767535
3376394,1061284,7523983,8585267,7.089509499813434
3376505,1061284,7524088,8585372,7.089608436573057
3376611,1061315,7524334,8585649,7.0896331437886015
3376621,1061322,7524348,8585670,7.089599574869832
3376631,1061326,7524378,8585704,7.08960112161579
3376647,1061334,7524413,8585747,7.089580659811143
3376656,1061339,7524417,8585756,7.089551029407192
3376677,1061350,7524457,8585807,7.089515240024497
3376683,1061350,7524471,8585821,7.08952843077213
3376805,1061393,7524601,8585994,7.089363694691787
3376816,1061393,7524611,8586004,7.089373116272672
3377067,1061393,7525117,8586510,7.08984984826544
3377263,1061515,7525700,8587215,7.0895842263180455
3377313,1061515,7525876,8587391,7.089750027083932
3377473,1061627,7526319,8587946,7.089419353501747
3377756,1061627,7526767,8588394,7.089841347290527
3377788,1061643,7526815,8588458,7.089779709374997
3377828,1061643,7526923,8588566,7.089881438487326
3378503,1062127,7528711,8590838,7.088334069277968
3378523,1062127,7528732,8590859,7.088353840924861
3378613,1062151,7528985,8591136,7.088431870798032
3378932,1062151,7529571,8591722,7.088983581430512
3378944,1062151,7529600,8591751,7.08901088451642
3379692,1062151,7531447,8593598,7.090749808643027
3379747,1062172,7531547,8593719,7.090703765491841
3379783,1062197,7531616,8593813,7.09060183751225
3379806,1062200,7531668,8593868,7.090630766334024
3379827,1062206,7531721,8593927,7.090640610201787
3379935,1062246,7531796,8594042,7.090444209721666
3379954,1062252,7531813,8594065,7.090420163953563
3380026,1062252,7532060,8594312,7.090652688815837
3380224,1062252,7532223,8594475,7.090806136397013
3380283,1062270,7532349,8594619,7.090804597701149
3380299,1062275,7532358,8594633,7.090779694523546
3380516,1062427,7532738,8595165,7.09012289785557
3380521,1062430,7532746,8595176,7.090110407273891
3380688,1062528,7533222,8595750,7.089904454282617
3381002,1062528,7534066,8596594,7.090698786290808
3381028,1062533,7534079,8596612,7.090677654246974
3381042,1062539,7534092,8596631,7.090649849087892
3381043,1062539,7534094,8596633,7.090651731371743
3381052,1062539,7534123,8596662,7.090679024487572
3381355,1062698,7535281,8597979,7.090707802216622
3381377,1062711,7535409,8598120,7.090741509215581
3381399,1062711,7535414,8598125,7.0907462141635875
3381527,1062714,7535915,8598629,7.091197631724057
3381560,1062714,7536007,8598721,7.091284202522974
3381582,1062714,7536074,8598788,7.0913472486482725
3381632,1062715,7536156,8598871,7.091417736646232
3381690,1062743,7536211,8598954,7.091282652532174
3381710,1062743,7536256,8598999,7.091324995789198
3381741,1062743,7536393,8599136,7.091453907482807
3381750,1062743,7536432,8599175,7.091490604972227
3382168,1062743,7537566,8600309,7.092557655049245
3382201,1062772,7537622,8600394,7.092416811884393
3382226,1062780,7537677,8600457,7.092415175294981
3382259,1062783,7537817,8600600,7.092526884603912
3382264,1062783,7537829,8600612,7.0925381757141395
3382270,1062783,7537848,8600631,7.092556053305332
3382271,1062785,7537860,8600645,7.09255399728073
3382284,1062796,7537893,8600689,7.092511639110422
3382398,1062850,7538236,8601086,7.092474008561886
3382407,1062850,7538264,8601114,7.092500352824952
3382447,1062866,7538383,8601249,7.092505546324748
3382458,1062866,7538434,8601300,7.092553529795854
3382663,1062899,7538579,8601478,7.09246974547911
3382691,1062915,7538612,8601527,7.0923940296260755
3382710,1062916,7538637,8601553,7.09241087724712
3382731,1062927,7538691,8601618,7.0923882825443325
3382738,1062927,7538714,8601641,7.09240992090708
3382906,1062927,7539067,8601994,7.092742022735334
3382941,1062940,7539106,8602046,7.092691967561668
3382962,1062947,7539156,8602103,7.092692297922662
3383012,1062950,7539177,8602127,7.092692036314031
3383060,1062950,7539248,8602198,7.092758831553695
3383094,1062962,7539275,8602237,7.092704160637916
3383117,1062962,7539316,8602278,7.09274273210143
3383150,1062971,7539422,8602393,7.0927823995198365
3383206,1062971,7539466,8602437,7.092823792935085
3383240,1062982,7539525,8602507,7.092805898876933
3383284,1062989,7539586,8602575,7.092816576653192
3383337,1063003,7539709,8602712,7.092838872514941
3383377,1063013,7539770,8602783,7.092829532658585
3383399,1063019,7539844,8602863,7.092859111643348
3383523,1063055,7540431,8603486,7.093171096509588
3383659,1063065,7540554,8603619,7.093220075912574
3383679,1063067,7540561,8603628,7.0932133158117034
3383799,1063096,7540706,8603802,7.093156215431156
3383910,1063103,7540935,8604038,7.093324917717286
3384207,1063235,7541568,8604803,7.093039638461864
3384351,1063235,7541818,8605053,7.093274769923864
3384429,1063240,7541942,8605182,7.093358037696099
3384536,1063262,7542209,8605471,7.093462382742918
3384547,1063262,7542232,8605494,7.093484014288106
3384576,1063265,7542243,8605508,7.0934743455300415
3384585,1063271,7542264,8605535,7.0934540676835915
3384619,1063306,7542418,8605724,7.093365409392969
3384673,1063325,7542525,8605850,7.093339289492865
3384707,1063332,7542579,8605911,7.093343377233075
3384711,1063332,7542586,8605918,7.09334996031343
3385498,1063640,7544261,8607901,7.092870708134331
3385514,1063648,7544284,8607932,7.092838984325642
3385970,1063834,7544798,8608632,7.09208203535514
3386008,1063840,7544819,8608659,7.092061776206949
3386011,1063841,7544823,8608664,7.092058869699513
3386077,1063847,7544837,8608684,7.0920320309217395
3386117,1063855,7544910,8608765,7.092047318478552
3386152,1063855,7545053,8608908,7.092181735292874
3386460,1063858,7545413,8609271,7.092500126896635
3386584,1063895,7545689,8609584,7.092512888959907
3386664,1063938,7545891,8609829,7.092416099434366
3386676,1063938,7545912,8609850,7.092435837426617
3386682,1063938,7545931,8609869,7.092453695610082
3386689,1063938,7545955,8609893,7.092476253315513
3386760,1063960,7546087,8610047,7.0924536636715665
3386944,1063964,7546607,8610571,7.092915737750525
3386969,1063964,7546690,8610654,7.092993747908764
3387157,1063990,7546859,8610849,7.092979257323847
3387370,1064035,7547873,8611908,7.093632258337367
3387377,1064035,7547873,8611908,7.093632258337367
3387388,1064035,7547884,8611919,7.093642596343165
3387679,1064148,7548178,8612326,7.093165612302048
3387727,1064153,7548246,8612399,7.0931961851350325
3387752,1064165,7548288,8612453,7.093155666649439
3388085,1064307,7549045,8613352,7.092920557696228
3388326,1064354,7549207,8613561,7.092759551803254
3388376,1064365,7549317,8613682,7.0927895975534705
3388409,1064365,7549360,8613725,7.092829997228394
3388422,1064365,7549367,8613732,7.092836573919661
3388439,1064372,7549385,8613757,7.0928068382107
3388460,1064372,7549453,8613825,7.0928707256485515
3388479,1064372,7549497,8613869,7.092912064578925
3388503,1064386,7549553,8613939,7.092871383126046
3388626,1064386,7549852,8614238,7.093152296253427
3388938,1064508,7550603,8615111,7.0930448620395525
3388991,1064539,7550692,8615231,7.092921912677694
3389156,1064627,7551108,8615735,7.092726372710818
3389277,1064627,7551304,8615931,7.092910474748433
3389303,1064627,7551364,8615991,7.0929668325150494
3389316,1064633,7551406,8616039,7.092966308577697
3389323,1064633,7551426,8616059,7.092985094394031
3389329,1064633,7551444,8616077,7.09300200162873
3389566,1064702,7552038,8616740,7.093100228984261
3389569,1064702,7552047,8616749,7.093108682053757
3389597,1064727,7552119,8616846,7.093009757430778
3389647,1064754,7552292,8617046,7.092992371946948
3389695,1064767,7552395,8617162,7.09300250665169
3389769,1064781,7552435,8617216,7.092946812537038
3389776,1064781,7552450,8617231,7.092960899940927
3389787,1064789,7552465,8617254,7.092921696223383
3389961,1064818,7553195,8618013,7.093414085787431
3389983,1064825,7553216,8618041,7.093387176296575
3389996,1064837,7553240,8618077,7.093329777233511
3390196,1064870,7553363,8618233,7.093225464141163
3390472,1064873,7554163,8619036,7.0939567441375635
3390474,1064873,7554174,8619047,7.093967074007886
3390492,1064873,7554205,8619078,7.093996185460614
3390750,1065009,7554589,8619598,7.093450853466966
3390805,1065022,7554635,8619657,7.093407460127584
3390858,1065058,7554722,8619780,7.093249381723812
3390915,1065072,7554759,8619831,7.093190882869891
3390931,1065072,7554785,8619857,7.093215294365076
3390966,1065087,7554824,8619911,7.093152014811936
3391032,1065127,7555040,8620167,7.093088429830433
3391106,1065146,7555144,8620290,7.093059543011005
3391270,1065244,7555491,8620735,7.092732744798375
3391408,1065339,7555873,8621212,7.092458832352894
3391662,1065339,7556469,8621808,7.0930182786887555
3391669,1065339,7556489,8621828,7.09303705205573
3391763,1065351,7556873,8622224,7.093317601429012
3391781,1065364,7556884,8622248,7.093241371024363
3391837,1065388,7556926,8622314,7.093121003803309
3391932,1065457,7557073,8622530,7.092799615564026
3391945,1065457,7557086,8622543,7.092811816901104
3392002,1065479,7557155,8622634,7.0927301241976615
3392010,1065482,7557169,8622651,7.09272329330763
3392084,1065489,7557359,8622848,7.092855017743027
3392091,1065489,7557359,8622848,7.092855017743027
3392108,1065498,7557395,8622893,7.092828893156064
3392202,1065502,7557585,8623087,7.092980585676986
3392214,1065517,7557623,8623140,7.092916396453552
3392267,1065551,7557678,8623229,7.092741689510873
3392293,1065557,7557717,8623274,7.092738351866676
3392680,1065680,7558169,8623849,7.092343855566399
3392753,1065718,7558346,8624064,7.092257051114835
3392913,1065744,7558432,8624176,7.09216472248495
3392967,1065763,7558541,8624304,7.0921405603309555
3392985,1065763,7558568,8624331,7.092165894293572
3393024,1065782,7558693,8624475,7.092156745000385
3393127,1065805,7558810,8624615,7.092113472914839
3393314,1065820,7559228,8625048,7.092405847141168
3393456,1065873,7559628,8625501,7.092428460051057
3393551,1065912,7559947,8625859,7.092468233775396
3393648,1065949,7560238,8626187,7.092495044322008
3393687,1065988,7560335,8626323,7.092326555270791
3393695,1065988,7560366,8626354,7.092355636273579
3393808,1065988,7560486,8626474,7.092468207897275
3393859,1066002,7560589,8626591,7.092471683918041
3393875,1066012,7560623,8626635,7.092437045736821
3393948,1066076,7560828,8626904,7.0922035577200875
3393982,1066087,7560892,8626979,7.092190412227144
3394011,1066087,7560938,8627025,7.09223356067563
3394156,1066087,7561219,8627306,7.092497141415288
3394159,1066087,7561228,8627315,7.092505583503035
3394168,1066087,7561228,8627315,7.092505583503035
3394240,1066118,7561379,8627497,7.092440986832602
3395022,1066388,7563410,8629798,7.0925498036362
3395141,1066403,7563459,8629862,7.092495988852244
3395194,1066403,7563669,8630072,7.092692912529316
3395219,1066441,7563759,8630200,7.092524574730342
3395330,1066441,7563937,8630378,7.092691485042304
3395423,1066441,7564089,8630530,7.09283401519634
3395470,1066467,7564156,8630623,7.092723919258637
3395547,1066467,7564156,8630623,7.092723919258637
3395568,1066467,7564196,8630663,7.092761426279481
3395606,1066479,7564218,8630697,7.092702247301634
3395672,1066509,7564370,8630879,7.092645256626995
3395690,1066513,7564407,8630920,7.092653347872928
3395775,1066562,7564638,8631200,7.092544080887937
3395808,1066572,7564712,8631284,7.092546963543015
3395815,1066572,7564735,8631307,7.092568527956856
3396085,1066574,7565528,8632102,7.093298730327197
3396095,1066574,7565544,8632118,7.0933137316304355
3396105,1066574,7565559,8632133,7.093327795352221
3396213,1066574,7565775,8632349,7.093530312945937
3396372,1066634,7566151,8632785,7.093483800441389
3396413,1066648,7566234,8632882,7.093468510698937
3396466,1066692,7566432,8633124,7.093361532663599
3396599,1066760,7566717,8633477,7.093176534553226
3396823,1066784,7567182,8633966,7.09345284518703
3396835,1066784,7567206,8633990,7.093475342712302
3396907,1066824,7567357,8634181,7.09335091823956
3396925,1066827,7567372,8634199,7.093345031574941
3396958,1066837,7567501,8634338,7.093399460273687
3396980,1066843,7567548,8634391,7.093403621713786
3396989,1066852,7567596,8634448,7.093388773700569
3397282,1066927,7567907,8634834,7.093181632857731
3397472,1066927,7568225,8635152,7.093479685114351
3397578,1067003,7568427,8635430,7.0931637493052975
3397611,1067018,7568474,8635492,7.093108082525318
3397675,1067044,7568581,8635625,7.093035526182613
3397702,1067044,7568731,8635775,7.093176101454111
3397720,1067044,7568826,8635870,7.0932651324593925
3397781,1067066,7568912,8635978,7.093199483443386
3397789,1067066,7568930,8635996,7.093216352128172
3397790,1067066,7568935,8636001,7.0932210378739455
3397830,1067084,7568990,8636074,7.093152928916561
3397847,1067090,7569029,8636119,7.093149593754979
3397918,1067122,7569107,8636229,7.093009983863139
3397954,1067154,7569192,8636346,7.0928769418471935
3397976,1067173,7569258,8636431,7.092812505563765
3398001,1067183,7569295,8636478,7.092780713335951
3398027,1067183,7569388,8636571,7.092867858652172
3398063,1067198,7569422,8636620,7.092800023988051
3398399,1067419,7570740,8638159,7.092566274349623
3398466,1067428,7570862,8638290,7.092620766927605
3398578,1067464,7571097,8638561,7.092601717716008
3398685,1067474,7571292,8638766,7.092717949102274
3398728,1067484,7571360,8638844,7.092715206972657
3398850,1067524,7571677,8639201,7.0927463925869585
3398853,1067524,7571686,8639210,7.092754823310764
3398919,1067543,7571802,8639345,7.092737248054645
3398922,1067543,7571810,8639353,7.0927447418979845
3399046,1067543,7572173,8639716,7.0930847750395065
3399112,1067585,7572271,8639856,7.092897521040479
3399305,1067585,7572715,8640300,7.09331341298351
3399320,1067591,7572768,8640359,7.093323192121328
3399348,1067591,7572799,8640390,7.0933522294586595
3399351,1067593,7572804,8640397,7.093343624396188
3399374,1067593,7572878,8640471,7.093412939200613
3399465,1067593,7573144,8640737,7.093662097821923
3399493,1067606,7573198,8640804,7.093626300339264
3399555,1067659,7573491,8641150,7.093548595572182
3399604,1067659,7573507,8641166,7.093563581630464
3399714,1067748,7573744,8641492,7.093194274304424
3399727,1067758,7573761,8641519,7.093143764785654
3399740,1067766,7573798,8641564,7.093125272765755
3399769,1067770,7573876,8641646,7.093171750470607
3399806,1067787,7573985,8641772,7.093160901940181
3399869,1067809,7574064,8641873,7.09308874527186
3399916,1067831,7574191,8642022,7.093061542510004
3400119,1067962,7574711,8642673,7.092678391178713
3400250,1068023,7574868,8642891,7.0924202943195045
3400275,1068042,7574916,8642958,7.092339065317656
3400316,1068049,7575027,8643076,7.092396509897954
3400347,1068061,7575045,8643106,7.09233367757085
3400380,1068069,7575097,8643166,7.092329240901103
3400476,1068082,7575288,8643370,7.09242174289989
3400514,1068090,7575310,8643400,7.092389218137049
3400529,1068090,7575335,8643425,7.092412624404311
3400580,1068120,7575437,8643557,7.092308916601131
3400606,1068120,7575507,8643627,7.0923744523087295
3400622,1068120,7575549,8643669,7.092413773733289
3400664,1068147,7575606,8643753,7.092287859255327
3400707,1068148,7575712,8643860,7.09238045664084
3400772,1068157,7575869,8644026,7.092467680312913
3400813,1068174,7575978,8644152,7.092456846918199
3400839,1068174,7576029,8644203,7.092504591948503
3402225,1068302,7583556,8651858,7.098700554712057
3402305,1068302,7583650,8651952,7.098788544812234
3402351,1068341,7583764,8652105,7.098636109631663
3402402,1068357,7583936,8652293,7.098690793433281
3402674,1068488,7584433,8652921,7.098285614812707
3402856,1068529,7584752,8653281,7.098311791256952
3402900,1068537,7584805,8653342,7.098308247632042
3403021,1068537,7585019,8653556,7.098508521464395
3403311,1068688,7585767,8654455,7.098205463147336
3403329,1068699,7585822,8654521,7.098183866551761
3403344,1068699,7585848,8654547,7.098208195198087
3403554,1068700,7586408,8655108,7.098725554411902
3403566,1068700,7586441,8655141,7.098756433049499
3403577,1068707,7586485,8655192,7.098751107646904
3403726,1068759,7586853,8655612,7.098750045613651
3404107,1068984,7587608,8656592,7.097962177170098
3404218,1068984,7587872,8656856,7.098209140641956
3404289,1068984,7588068,8657052,7.098392492310455
3404328,1068984,7588104,8657088,7.098426169147527
3404785,1069031,7589345,8658376,7.09927495086672
3404794,1069031,7589367,8658398,7.0992955302512275
3404800,1069031,7589381,8658412,7.099308626223187
3404825,1069031,7589488,8658519,7.099408716866022
3405370,1069045,7591626,8660671,7.101315660238812
3405473,1069051,7591991,8661042,7.101617228738386
3405576,1069100,7592206,8661306,7.101492844448602
3405649,1069103,7592450,8661553,7.101701145726838
3405670,1069110,7592492,8661602,7.101693932336242
3405888,1069110,7593096,8662206,7.102258888234139
3405990,1069143,7593220,8662363,7.102155651769689
3406000,1069143,7593220,8662363,7.102155651769689
3406265,1069143,7593676,8662819,7.102582161600459
3406645,1069143,7594392,8663535,7.103251856861056
3406738,1069143,7594535,8663678,7.10338560884746
3406765,1069160,7594578,8663738,7.103312881140335
3406775,1069170,7594599,8663769,7.103266084906984
3406833,1069170,7594636,8663806,7.103300691190363
3406872,1069176,7594725,8663901,7.103344070573975
3406891,1069197,7594743,8663940,7.103221389510072
3407110,1069301,7595144,8664445,7.102905542966854
3407237,1069336,7595461,8664797,7.102969506310458
3407321,1069355,7595522,8664877,7.102900346470536
3407335,1069364,7595538,8664902,7.102855529080837
3407472,1069436,7595878,8665314,7.1026952524508244
3407481,1069436,7595878,8665314,7.1026952524508244
3407517,1069436,7596021,8665457,7.1028289677923695
3407529,1069441,7596060,8665501,7.102832227303797
3407562,1069441,7596129,8665570,7.10289674699212
3407831,1069541,7596505,8666046,7.102584192658346
3407918,1069588,7596598,8666186,7.102359039181442
3407964,1069626,7596748,8666374,7.102246953608083
3408024,1069650,7596869,8666519,7.102200719861637
3408291,1069657,7597382,8667039,7.102633834958309
3408298,1069657,7597402,8667059,7.102652532540805
3408299,1069657,7597407,8667064,7.1026572069364295
3408408,1069663,7597738,8667401,7.102926809658743
3408613,1069691,7598368,8668059,7.103329840112705
3408664,1069696,7598479,8668175,7.103400405348809
3408670,1069696,7598493,8668189,7.103413493179371
3408795,1069760,7598798,8668558,7.103273631468741
3408814,1069770,7598861,8668631,7.10326612262449
3408822,1069770,7598890,8668660,7.103293231255317
3408892,1069799,7599011,8668810,7.103213781280409
3408895,1069799,7599017,8668816,7.103219389810609
3408929,1069817,7599098,8668915,7.103175589843871
3408970,1069855,7599151,8669006,7.102972832767057
3408971,1069855,7599153,8669008,7.102974702179267
3409058,1069855,7599466,8669321,7.1032672651901425
3409244,1069971,7600187,8670158,7.1031710205229865
3409359,1070016,7600571,8670587,7.1032311666367605
3409399,1070034,7600657,8670691,7.1031920481031445
3409439,1070034,7600724,8670758,7.103254662935944
3409466,1070042,7600770,8670812,7.103244545541203
3409549,1070043,7600958,8671001,7.103413601135656
3409706,1070077,7601182,8671259,7.1033972321617975
3409712,1070077,7601196,8671273,7.103410315332448
3409855,1070077,7601464,8671541,7.103660764599183
3410723,1070096,7603360,8673456,7.105306439796055
3410734,1070104,7603387,8673491,7.105278552365004
3410745,1070104,7603414,8673518,7.105303783557486
3410762,1070104,7603454,8673558,7.1053411631019046
3411048,1070114,7603833,8673947,7.105628932992186
3411123,1070206,7604111,8674317,7.105277862392848
3411150,1070215,7604184,8674399,7.105286320972889
3413506,1070226,7607328,8677554,7.108150988669683
3413729,1070332,7607595,8677927,7.107696490434743
3413736,1070335,7607604,8677939,7.107684977133327
3413808,1070363,7607719,8678082,7.107606484902785
3413861,1070395,7607877,8678272,7.107541608471639
3413868,1070399,7607891,8678290,7.107528127361853
3413880,1070399,7607924,8678323,7.107558956987067
3413889,1070407,7607952,8678359,7.107531994839346
3414031,1070407,7608091,8678498,7.1076618519871415
3414049,1070417,7608126,8678543,7.107628148656085
3414054,1070417,7608137,8678554,7.107638425025014
3414067,1070425,7608173,8678598,7.107618936403765
3414089,1070439,7608220,8678659,7.107569884879007
3414132,1070439,7608254,8678693,7.107601647548342
3414183,1070439,7608342,8678781,7.10768385681015
3414278,1070480,7608522,8679002,7.107579777296166
3414310,1070509,7608627,8679136,7.107485317732032
3414999,1070658,7610384,8681042,7.108137238968933
3415056,1070688,7610491,8681179,7.108038009205296
3415219,1070697,7611425,8682122,7.108850589849416
3415735,1070710,7612768,8683478,7.110018585798208
3415807,1070782,7613148,8683930,7.109895384868255
3415888,1070812,7613334,8684146,7.109869893127832
3415901,1070812,7613377,8684189,7.1099100495698595
3415999,1070822,7613642,8684464,7.110091126256278
3416025,1070831,7613675,8684506,7.110062185349509
3416034,1070837,7613700,8684537,7.110045693228755
3416039,1070837,7613712,8684549,7.1100568994160644
3416098,1070875,7613882,8684757,7.109963347729661
3416101,1070875,7613889,8684764,7.109969884440294
3416156,1070887,7614016,8684903,7.110008805784364
3416173,1070895,7614033,8684928,7.109971565839788
3416471,1070895,7614592,8685487,7.110493559125778
3416479,1070896,7614614,8685510,7.110507462909563
3416490,1070896,7614624,8685520,7.110516800884493
3416544,1070926,7614736,8685662,7.110422195371108
3416552,1070926,7614759,8685685,7.110443672111798
3416849,1071028,7615223,8686251,7.110199733340305
3417143,1071097,7616037,8687134,7.110501663248053
3417145,1071097,7616039,8687136,7.1105035304925694
3417212,1071097,7616099,8687196,7.110559547828068
3417227,1071101,7616130,8687231,7.110561935802506
3417248,1071101,7616132,8687233,7.1105638030400495
3417292,1071133,7616224,8687357,7.110437265960436
3417323,1071139,7616281,8687420,7.1104506511293115
3417528,1071156,7616790,8687946,7.110812990824866
3417556,1071156,7616857,8688013,7.110875540070728
3417574,1071160,7616965,8688125,7.110949811419395
3417630,1071191,7617041,8688232,7.110814971372986
3417730,1071232,7617138,8688370,7.1106333642012185
3417756,1071243,7617188,8688431,7.1106070238031895
3417765,1071246,7617197,8688443,7.110595512141936
3418017,1071291,7617533,8688824,7.110610469050893
3418028,1071291,7617543,8688834,7.11061980358278
3418043,1071298,7617591,8688889,7.110618147331555
3418111,1071306,7617725,8689031,7.1106901296174945
3418179,1071306,7617845,8689151,7.110802142431761
3418223,1071306,7617917,8689223,7.11086935012032
3418224,1071306,7617919,8689225,7.110871217000558
3418398,1071312,7618544,8689856,7.111414788595666
3418441,1071312,7618590,8689902,7.111457726600654
3418450,1071317,7618596,8689913,7.111430136924925
3418490,1071332,7618645,8689977,7.111376305384326
3418627,1071332,7619057,8690389,7.111760873380054
3418680,1071366,7619186,8690552,7.111655587352968
3418778,1071400,7619251,8690651,7.111490573081949
3418868,1071443,7619523,8690966,7.111459032351697
3418880,1071443,7619536,8690979,7.111471165521638
3418919,1071443,7619602,8691045,7.111532764692102
3419009,1071471,7619785,8691256,7.111517717231731
3419065,1071481,7619837,8691318,7.1114998772726725
3419100,1071494,7619863,8691357,7.111437861527922
3419557,1071551,7620566,8692117,7.111715634626816
3419707,1071565,7620811,8692376,7.1118513575938
3419814,1071573,7621040,8692613,7.112011967453454
3419948,1071595,7621366,8692961,7.112170176232625
3419974,1071607,7621412,8693019,7.112133459374565
3419978,1071610,7621414,8693024,7.112115415123039
3420013,1071610,7621519,8693129,7.112213398531182
3420027,1071612,7621536,8693148,7.112215988622748
3420044,1071612,7621583,8693195,7.112259847780726
3420075,1071627,7621639,8693266,7.112212551568783
3420081,1071627,7621653,8693280,7.112225615815951
3420098,1071666,7621683,8693349,7.1119947819563185
3420128,1071687,7621727,8693414,7.111896477236357
3420147,1071687,7621775,8693462,7.111941266433203
3420199,1071707,7621970,8693677,7.111990497402742
3420214,1071723,7622002,8693725,7.111914179316857
3420223,1071723,7622029,8693752,7.1119393723938
3420236,1071723,7622072,8693795,7.111979494701523
3420938,1071723,7623743,8695466,7.113538666241183
3421072,1071793,7623965,8695758,7.113281202620282
3421077,1071795,7623966,8695761,7.113268862049179
3421174,1071820,7624199,8696019,7.113320333638111
3421211,1071820,7624300,8696120,7.113414565878599
3421218,1071820,7624320,8696140,7.1134332257282
3421271,1071820,7624488,8696308,7.113589968464854
3421278,1071820,7624511,8696331,7.113611427291896
3421714,1071886,7625449,8697335,7.114048508889938
3422381,1071886,7627785,8699671,7.116227845125321
3422414,1071886,7627857,8699743,7.116295016447645
3423174,1071979,7628942,8700921,7.116689785900657
3423176,1071980,7628948,8700928,7.116688744192989
3423244,1071998,7629095,8701093,7.116706374452191
3423264,1072009,7629121,8701130,7.116657602688037
3423277,1072016,7629145,8701161,7.116633520395218
3423904,1072016,7631208,8703224,7.118557931971164
3423927,1072016,7631276,8703292,7.118621363860241
3423980,1072028,7631349,8703377,7.118609775117814
3423988,1072028,7631371,8703399,7.118630296969855
3424413,1072324,7632087,8704411,7.117333007561148
3425484,1074018,7636295,8710313,7.110025157865138
3425506,1074018,7636335,8710353,7.110062401188807
3425520,1074021,7636370,8710391,7.110075128884817
3425595,1074021,7636700,8710721,7.110382385446839
3425602,1074025,7636703,8710728,7.110358697423244
3425610,1074025,7636703,8710728,7.110358697423244
3425617,1074025,7636722,8710747,7.110376387886688
3425638,1074030,7636777,8710807,7.110394495498263
3425823,1074174,7637358,8711532,7.1099821816577204
3425914,1074174,7637629,8711803,7.110234468531169
3426057,1074181,7637900,8712081,7.110440419258952
3426115,1074223,7638055,8712278,7.110306705404744
3426160,1074223,7638184,8712407,7.110426792202364
3426199,1074223,7638312,8712535,7.110545948094576
3426417,1074223,7638897,8713120,7.111090527758203
3426467,1074227,7638938,8713165,7.111102215825891
3426520,1074260,7639033,8713293,7.110972204121907
3426657,1074260,7639807,8714067,7.111692700091226
3426680,1074275,7639871,8714146,7.111652975262386
3426686,1074275,7639889,8714164,7.111669730748645
3426719,1074289,7639980,8714269,7.11166175954515
3426743,1074289,7640093,8714382,7.111766945393651
3426757,1074292,7640120,8714412,7.111772218354042
3426771,1074303,7640151,8714454,7.111728255436315
3426815,1074334,7640306,8714640,7.111667321335823
3426821,1074334,7640320,8714654,7.111680352665
3426936,1074338,7640647,8714985,7.11195824777677
3427060,1074417,7640844,8715261,7.11161867319672
3427156,1074417,7641200,8715617,7.111950015682924
3427267,1074486,7641405,8715891,7.111684098257213
3427320,1074495,7641515,8716010,7.111726904266655
3427335,1074495,7641576,8716071,7.111783675121801
3427885,1074495,7642741,8717236,7.1128679053881125
3428057,1074615,7643042,8717657,7.1123537266835095
3428082,1074631,7643089,8717720,7.112291567989384
3428141,1074636,7643336,8717972,7.112488321627044
3428159,1074636,7643371,8718007,7.11252089079465
3428176,1074636,7643416,8718052,7.112562765438716
3428248,1074678,7643594,8718272,7.112450427011626
3428297,1074691,7643678,8718369,7.1124425532548425
3428356,1074696,7643966,8718662,7.1126774455287824
3428380,1074704,7644082,8718786,7.112732436094031
3428578,1074729,7644363,8719092,7.112828443263371
3428970,1074729,7645467,8720196,7.1138556789665115
3429048,1074773,7645588,8720361,7.113677027614203
3429089,1074809,7645729,8720538,7.113569945915972
3429106,1074812,7645764,8720576,7.113582654454919
3429152,1074856,7645896,8720752,7.113414262003468
3429241,1074856,7646200,8721056,7.113697090587018
3429261,1074867,7646275,8721142,7.113694066335649
3429266,1074869,7646291,8721160,7.113695715477886
3429293,1074878,7646320,8721198,7.113663132001958
3429314,1074878,7646367,8721245,7.11370685789457
3429363,1074892,7646439,8721331,7.113681188435676
3429457,1074935,7646701,8721636,7.113640359649653
3429541,1074999,7646917,8721916,7.113417779923516
3429551,1075005,7646936,8721941,7.1133957516476665
3429568,1075011,7646978,8721989,7.113395118747622
3429692,1075050,7647183,8722233,7.113327752197573
3429908,1075229,7647620,8722849,7.112549977725675
3429968,1075265,7647696,8722961,7.112382528957978
3429988,1075270,7647768,8723038,7.112416416341942
3430046,1075270,7647823,8723093,7.112467566285677
3430051,1075272,7647828,8723100,7.112458987121398
3430108,1075272,7647946,8723218,7.112568726796568
3430112,1075275,7647962,8723237,7.112563762758364
3430123,1075275,7647980,8723255,7.11258050266211
3430160,1075287,7648051,8723338,7.1125671564893835
3430254,1075338,7648257,8723595,7.1124213968073295
3430277,1075359,7648318,8723677,7.112339228108938
3430329,1075366,7648430,8723796,7.112397081551769
3430484,1075380,7648738,8724118,7.1125908981011365
3430491,1075383,7648758,8724141,7.112589654104631
3430832,1075567,7649749,8725316,7.1122942596788485
3430878,1075586,7649830,8725416,7.1122439302854445
3430885,1075586,7649846,8725432,7.1122588058974365
3430933,1075586,7650017,8725603,7.112417789000601
3431036,1075638,7650229,8725867,7.1122710428601446
3431040,1075638,7650257,8725895,7.112297073922639
3431077,1075665,7650309,8725974,7.112166892108602
3431101,1075670,7650338,8726008,7.112160792808203
3431227,1075748,7650705,8726453,7.111986264441114
3431232,1075748,7650717,8726465,7.111997419469987
3431358,1075818,7650932,8726750,7.111734512714976
3431417,1075823,7650954,8726777,7.111721909644988
3431491,1075839,7651298,8727137,7.1119358937536195
3431522,1075839,7651348,8727187,7.111982369109133
3431542,1075852,7651407,8727259,7.111951272108059
3431571,1075875,7651502,8727377,7.111887533403044
3431608,1075901,7651591,8727492,7.111798390372348
3431627,1075910,7651644,8727554,7.111788160719763
3431703,1075934,7651824,8727758,7.111796820251056
3431885,1076019,7652191,8728210,7.111576096704612
3431910,1076019,7652251,8728270,7.111631857801767
3432485,1076163,7653056,8729219,7.111428287350522
3432566,1076163,7653245,8729408,7.1116039113033995
3432589,1076174,7653293,8729467,7.1115758232404795
3432815,1076178,7654087,8730265,7.112287186692164
3433225,1076182,7655215,8731397,7.113308901282497
3433298,1076231,7655339,8731570,7.113100254499266
3433304,1076231,7655353,8731584,7.113113262858996
3433328,1076238,7655376,8731614,7.113088368929549
3433340,1076243,7655392,8731635,7.11307018953898
3433468,1076281,7655626,8731907,7.11303646538404
3433516,1076291,7655719,8732010,7.113056784828639
3433536,1076291,7655719,8732010,7.113056784828639
3433662,1076300,7656045,8732345,7.1133001951128865
3433764,1076335,7656218,8732553,7.113229617173092
3433811,1076353,7656336,8732689,7.113220291112674
3433816,1076355,7656349,8732704,7.1132191516739365
3433821,1076357,7656366,8732723,7.113221728478562
3433839,1076357,7656398,8732755,7.113251458391593
3434000,1076366,7657312,8733678,7.114041134706968
3434030,1076379,7657331,8733710,7.113972866434592
3434140,1076379,7657529,8733908,7.114156816511656
3434225,1076434,7657749,8734183,7.113997699812529
3434405,1076465,7658063,8734528,7.114084526668308
3434475,1076468,7658295,8734763,7.114280220127306
3434493,1076468,7658403,8734871,7.114380548237384
3434505,1076474,7658430,8734904,7.114365976326414
3434544,1076497,7658473,8734970,7.114253918032285
3434561,1076497,7658473,8734970,7.114253918032285
3434633,1076497,7658676,8735173,7.114442492640481
3434776,1076554,7658887,8735441,7.114261802009003
3434881,1076554,7659241,8735795,7.11459062898842
3434963,1076554,7659496,8736050,7.114827495880374
3434995,1076578,7659599,8736177,7.1147645595581555
3434998,1076579,7659603,8736182,7.1147616663524
3435195,1076657,7659984,8736641,7.114600100124738
3435223,1076662,7660027,8736689,7.114606998296587
3435260,1076670,7660074,8736744,7.114597787622949
3435279,1076675,7660111,8736786,7.1145991130099615
3435300,1076675,7660154,8736829,7.11463905078134
3435301,1076675,7660154,8736829,7.11463905078134
3435338,1076701,7660230,8736931,7.114537833623262
3435434,1076774,7660573,8737347,7.114374046921638
3435513,1076774,7660793,8737567,7.114578360918818
3435531,1076774,7660857,8737631,7.114637797717998
3435554,1076774,7660941,8737715,7.114715808516922
3435646,1076774,7661131,8737905,7.114892261514487
3435647,1076774,7661136,8737910,7.114896905014422
3435746,1076774,7661429,8738203,7.115169014110668
3435817,1076791,7661632,8738423,7.115245205429837
3435832,1076798,7661655,8738453,7.115220310587501
3435872,1076809,7661708,8738517,7.115196845494419
3436002,1076881,7661840,8738721,7.11484370139319
3436053,1076899,7661925,8738824,7.114803709540078
3436056,1076900,7661928,8738828,7.114799888569041
3436526,1076923,7662699,8739622,7.1153638653831335
3436531,1076923,7662711,8739634,7.115375008241072
3436694,1076923,7663007,8739930,7.115649865403562
3438569,1077347,7666451,8743798,7.116046176394421
3438669,1077379,7666630,8744009,7.116000961592903
3438701,1077379,7666679,8744058,7.1160464423383045
3438814,1077403,7666931,8744334,7.116121822567786
3438882,1077434,7667078,8744512,7.116053512326509
3439014,1077539,7667319,8744858,7.115583751492985
3439322,1077539,7667787,8745326,7.1160180745198085
3439336,1077551,7667830,8745381,7.115978733257173
3439657,1077551,7668447,8745998,7.116551327964987
3439727,1077599,7668635,8746234,7.116408793994798
3439747,1077599,7668656,8746255,7.116428281763439
3441224,1077599,7671580,8749179,7.119141721549481
3441305,1077618,7671746,8749364,7.119170244001121
3441322,1077634,7671781,8749415,7.119097021808889
3441493,1077739,7672063,8749802,7.118665094238958
3441544,1077773,7672231,8750004,7.118596402025287
3441590,1077803,7672357,8750160,7.118515164645116
3441611,1077808,7672410,8750218,7.118531315410537
3441657,1077818,7672461,8750279,7.118512587468385
3442902,1077818,7674481,8752299,7.120386744329748
3442911,1077820,7674501,8752321,7.120392087732646
3443072,1077820,7674865,8752685,7.12072980646119
3443136,1077843,7674978,8752821,7.120682696830614
3443145,1077850,7674991,8752841,7.120648513243958
3443189,1077864,7675033,8752897,7.120594991575931
3443195,1077864,7675046,8752910,7.12060705246673
3443246,1077864,7675168,8753032,7.120720239288073
3443273,1077882,7675220,8753102,7.120649570175585
3443283,1077882,7675236,8753118,7.120664414100987
3443369,1077942,7675470,8753412,7.120485146696204
3443411,1077951,7675545,8753496,7.12049527297623
3443412,1077951,7675548,8753499,7.120498056034087
3443446,1077951,7675636,8753587,7.120579692397892
3443468,1077951,7675682,8753633,7.120622365951699
3443499,1077967,7675736,8753703,7.120566770596874
3443587,1077999,7675862,8753861,7.1204722824418205
3443598,1078002,7675870,8753872,7.120459887829521
3443612,1078009,7675942,8753951,7.120480441257912
3443756,1078133,7676218,8754351,7.119917486989082
3443763,1078133,7676237,8754370,7.11993511004672
3443776,1078135,7676274,8754409,7.119956220695924
3443809,1078163,7676334,8754497,7.119826964939438
3443820,1078163,7676344,8754507,7.1198362399748465
3443866,1078163,7676483,8754646,7.119965162967009
3443931,1078163,7676626,8754789,7.1200977959733365
3443939,1078163,7676649,8754812,7.120119128554773
3443956,1078163,7676701,8754864,7.120167358738892
3443972,1078163,7676712,8754875,7.12017756127784
3443980,1078163,7676734,8754897,7.120197966355737
3444061,1078163,7676778,8754941,7.120238776511529
3444081,1078163,7676867,8755030,7.120321324326656
3444184,1078238,7677065,8755303,7.120009682463427
3444198,1078246,7677107,8755353,7.119995808006707
3444269,1078271,7677314,8755585,7.120022703012508
3444300,1078289,7677424,8755713,7.120005861137413
3444337,1078289,7677472,8755761,7.120050376105107
3444470,1078339,7677831,8756170,7.120053155825765
3444518,1078339,7677935,8756274,7.120149600450322
3444526,1078339,7677960,8756299,7.120172784254303
3444638,1078352,7678262,8756614,7.1203670044660745
3444653,1078352,7678311,8756663,7.120412444174073
3444701,1078386,7678402,8756788,7.120272332912334
3444756,1078386,7678693,8757079,7.1205421806292
3444775,1078386,7678750,8757136,7.120595037398482
3444791,1078386,7678776,8757162,7.12061914750377
3444804,1078386,7678815,8757201,7.1206553126617
3444809,1078388,7678827,8757215,7.120653234271895
3444920,1078388,7679043,8757431,7.120853533236645
3444966,1078388,7679043,8757431,7.120853533236645
3445573,1078505,7680995,8759500,7.121890950899625
3445595,1078505,7681062,8759567,7.121953073931043
3445635,1078521,7681103,8759624,7.121885433848761
3445649,1078521,7681110,8759631,7.121891924218444
3445710,1078562,7681278,8759840,7.1217769585800355
3445728,1078562,7681298,8759860,7.121795501788492
3445816,1078562,7681686,8760248,7.122155240032562
3445839,1078573,7681722,8760295,7.122115981023074
3445863,1078581,7681749,8760330,7.122088188091576
3445883,1078589,7681831,8760420,7.122111388119108
3445891,1078593,7681844,8760437,7.122097028258111
3445922,1078593,7681918,8760511,7.122165636157476
3445967,1078611,7682039,8760650,7.122158961850009
3445977,1078611,7682051,8760662,7.122170087269646
3446019,1078619,7682099,8760718,7.122161764255961
3446051,1078631,7682156,8760787,7.122135373450234
3446146,1078663,7682279,8760942,7.122038115704349
3446174,1078690,7682356,8761046,7.121931231401051
3446945,1078690,7683487,8762177,7.122979725407671
3446984,1078700,7683532,8762232,7.122955409288959
3447025,1078700,7683554,8762254,7.12297580420877
3447151,1078749,7683790,8762539,7.122871029312657
3447200,1078775,7683841,8762616,7.122746633913467
3448032,1078823,7685375,8764198,7.1238516420209805
3448037,1078823,7685387,8764210,7.123862765254356
3448246,1078881,7686208,8765089,7.124240764273353
3448265,1078881,7686247,8765128,7.124276912838394
3448272,1078881,7686266,8765147,7.124294523677774
3448495,1078944,7686891,8765835,7.1244578031853365
3448512,1078958,7686924,8765882,7.124395944976542
3448689,1079008,7687373,8766381,7.124481931551944
3448755,1079057,7687547,8766604,7.124319660592536
3448837,1079074,7687656,8766730,7.124308434824674
3448974,1079125,7687821,8766946,7.124124638016911
3448993,1079134,7687864,8766998,7.1241050694353065
3449003,1079134,7687892,8767026,7.124131016166667
3449012,1079137,7687906,8767043,7.124124184417734
3449027,1079150,7687964,8767114,7.1240921095306495
3449038,1079150,7687978,8767128,7.12410508270398
3449072,1079150,7688090,8767240,7.124208868090627
3449101,1079165,7688160,8767325,7.12417470915013
3449153,1079170,7688304,8767474,7.124275137374093
3449154,1079170,7688309,8767479,7.124279770564415
3449166,1079174,7688327,8767501,7.12427004357036
3449179,1079182,7688337,8767519,7.124226497476792
3449186,1079182,7688360,8767542,7.124247809915287
3449214,1079189,7688388,8767577,7.124227544943471
3449231,1079194,7688410,8767604,7.12421492335947
3449316,1079199,7688498,8767697,7.124263458361248
3450436,1079617,7690789,8770406,7.123627175192684
3450474,1079617,7690907,8770524,7.12373647321226
3450627,1079679,7691253,8770932,7.123647862003429
3450737,1079702,7691526,8771228,7.123748960361285
3450754,1079706,7691534,8771240,7.123729978345957
3450774,1079713,7691573,8771286,7.12371991445875
3450843,1079766,7691760,8771526,7.123543434410789
3450956,1079806,7691885,8771691,7.123395313602629
3451479,1079967,7692513,8772480,7.1229148668431534
3451564,1079972,7692573,8772545,7.122937446526391
3451572,1079973,7692586,8772559,7.1229428883870245
3451635,1079978,7692792,8772770,7.123100655754099
3451647,1079978,7692823,8772801,7.123129360042519
3451678,1079978,7692900,8772878,7.123200657791177
3453634,1080000,7696924,8776924,7.126781481481482
3453657,1080000,7696958,8776958,7.126812962962963
3453662,1080002,7696966,8776968,7.12680717257931
3453708,1080002,7697119,8777121,7.1269488389836315
3453717,1080005,7697155,8777160,7.126962375174189
3453743,1080005,7697212,8777217,7.127015152707626
3453780,1080005,7697287,8777292,7.12708459683057
3453784,1080010,7697296,8777306,7.127059934630235
3453830,1080023,7697401,8777424,7.127071367924572
3453993,1080089,7697729,8777818,7.126939539241674
3454197,1080173,7698491,8778664,7.127090753055298
3454232,1080173,7698618,8778791,7.127208326814316
3454556,1080288,7699105,8779393,7.1269004191474865
3454593,1080296,7699158,8779454,7.126896702385272
3454602,1080301,7699166,8779467,7.126871122029879
3454609,1080306,7699179,8779485,7.126850170229546
3454619,1080312,7699185,8779497,7.126816142003421
3454652,1080316,7699215,8779531,7.126817523761566
3454672,1080316,7699236,8779552,7.126836962518374
3454771,1080450,7699444,8779894,7.126145587486695
3454796,1080466,7699504,8779970,7.126095592087118
3454888,1080478,7699692,8780170,7.126190445339933
3454915,1080492,7699769,8780261,7.12616937469227
3454985,1080492,7700028,8780520,7.12640908030786
3455095,1080538,7700221,8780759,7.1262843139251
3455126,1080563,7700293,8780856,7.126186071520125
3455227,1080629,7700519,8781148,7.12595997331184
3455300,1080641,7700619,8781260,7.125973380613914
3455430,1080715,7700870,8781585,7.125717696154861
3455444,1080720,7700909,8781629,7.125720815752461
3455479,1080738,7701008,8781746,7.125693738908042
3455524,1080763,7701087,8781850,7.125602005249995
3455558,1080763,7701189,8781952,7.125696383018294
3455574,1080763,7701215,8781978,7.1257204400964875
3455593,1080763,7701280,8782043,7.125780582791972
3455621,1080763,7701353,8782116,7.125848127665362
3455884,1080861,7701800,8782661,7.125615597195199
3455900,1080867,7701831,8782698,7.125604722875248
3455981,1080905,7701965,8782870,7.12547818725975
3456336,1081215,7702778,8783993,7.1241871413178695
3456357,1081221,7702814,8784035,7.124180902886644
3456370,1081225,7702830,8784055,7.124169344955953
3456404,1081247,7702900,8784147,7.124089130420709
3456434,1081264,7702935,8784199,7.124009492593853
3456467,1081278,7702992,8784270,7.1239699688701705
3456488,1081278,7703021,8784299,7.123996788984886
3456802,1081369,7703650,8785019,7.123978956304462
3456843,1081393,7703793,8785186,7.123953086435736
3457029,1081393,7704630,8786023,7.124727088116901
3457040,1081398,7704645,8786043,7.1247080168448615
3457082,1081420,7704776,8786196,7.124684211499694
3457107,1081427,7704805,8786232,7.124664910345312
3457136,1081446,7704866,8786312,7.1245961425720745
3457151,1081453,7704879,8786332,7.124562047541595
3457205,1081460,7704988,8786448,7.124616721838995
3457218,1081471,7705008,8786479,7.124562748330746
3457325,1081471,7705245,8786716,7.124781894290277
3457415,1081532,7705346,8786878,7.124473432131458
3457454,1081544,7705368,8786912,7.124414725614492
3457463,1081544,7705386,8786930,7.124431368488014
3457608,1081544,7705667,8787211,7.124691182235766
3457728,1081544,7706135,8787679,7.125123896947327
3457786,1081545,7706268,8787813,7.125240281264302
3457796,1081549,7706278,8787827,7.12522317527916
3457846,1081552,7706454,8788006,7.125366140509194
3458008,1081552,7706780,8788332,7.125667559211208
3458035,1081563,7706812,8788375,7.125624674660653
3458102,1081575,7706958,8788533,7.1256806046737395
3458121,1081589,7707011,8788600,7.125637372421502
3458141,1081589,7707026,8788615,7.125651240905741
3458343,1081589,7707120,8788709,7.125738150073642
3458495,1081650,7707345,8788995,7.125544307308279
3458539,1081650,7707479,8789129,7.1256681921139
3458638,1081650,7707813,8789463,7.125976979614478
3458648,1081650,7707837,8789487,7.125999167937873
3458719,1081682,7708014,8789696,7.125951989586588
3458776,1081704,7708065,8789769,7.125854207805462
3458796,1081714,7708089,8789803,7.125810519231516
3458816,1081728,7708120,8789848,7.125746953023311
3458839,1081738,7708184,8789922,7.125740243940769
3458997,1081738,7708661,8790399,7.126181200993217
3459006,1081738,7708686,8790424,7.126204311949843
3459024,1081738,7708740,8790478,7.126254231616159
3459073,1081738,7708801,8790539,7.126310622350329
3459123,1081757,7708885,8790642,7.126263107148833
3459230,1081862,7709069,8790931,7.12574154559454
3459262,1081875,7709118,8790993,7.125701213171578
3459274,1081875,7709159,8791034,7.125739110340843
3459288,1081878,7709193,8791071,7.125750777814134
3459306,1081878,7709247,8791125,7.125800691020614
3459338,1081896,7709321,8791217,7.125750534247285
3459403,1081910,7709404,8791314,7.125735042656044
3459634,1081910,7709695,8791605,7.12600401142424
3459687,1081959,7709804,8791763,7.125782030557535
3459729,1081990,7709875,8791865,7.125643490235585
3459783,1082033,7709994,8792027,7.125470295268259
3459794,1082033,7710014,8792047,7.125488778992877
3459815,1082033,7710064,8792097,7.125534988304423
3459819,1082033,7710069,8792102,7.125539609235578
3459913,1082068,7710214,8792282,7.125443132963917
3460119,1082068,7710883,8792951,7.126061393553825
3461346,1082098,7712826,8794924,7.12765941716924
3461359,1082104,7712869,8794973,7.127659633454825
3461437,1082146,7713029,8795175,7.127530850735483
3461450,1082151,7713042,8795193,7.127509931608436
3461452,1082151,7713044,8795195,7.127511779779347
3461503,1082161,7713143,8795304,7.127537399703002
3461511,1082161,7713165,8795326,7.127557729395164
3461604,1082161,7713351,8795512,7.127729607701626
3461717,1082208,7713608,8795816,7.127657529790946
3461751,1082217,7713685,8795902,7.127669404564888
3461760,1082217,7713714,8795931,7.127696201408774
3461814,1082217,7713808,8796025,7.12778306014413
3461839,1082220,7713886,8796106,7.1278353754319825
3461867,1082227,7713908,8796135,7.127809600019219
3461876,1082229,7713923,8796152,7.127810287841113
3461898,1082229,7713990,8796219,7.12787219710431
3461963,1082240,7714022,8796262,7.127829316972206
3462019,1082270,7714117,8796387,7.12771951546287
3462086,1082270,7714177,8796447,7.127774954493796
3462106,1082270,7714218,8796488,7.127812837831595
3462134,1082285,7714268,8796553,7.127760247993828
3462515,1082430,7714746,8797176,7.127247027521411
3462680,1082524,7715177,8797701,7.1270262830200535
3462704,1082530,7715201,8797731,7.127008951253083
3462759,1082534,7715239,8797773,7.1270177195358295
3462792,1082545,7715267,8797812,7.126971165170963
3462840,1082545,7715421,8797966,7.127113422536707
3462929,1082592,7715667,8798259,7.127031236144365
3463071,1082686,7715983,8798669,7.126704326092699
3463123,1082735,7716157,8798892,7.126542505783964
3463181,1082768,7716278,8799046,7.126437057615297
3463223,1082768,7716433,8799201,7.126580209241499
3463311,1082821,7716580,8799401,7.126367146555156
3463378,1082846,7716678,8799524,7.126293120166672
3463393,1082846,7716703,8799549,7.126316207475486
3463412,1082855,7716777,8799632,7.126325315947195
3463434,1082855,7716777,8799632,7.126325315947195
3463474,1082878,7716908,8799786,7.126294928883955
3463498,1082878,7716971,8799849,7.126353107182896
3463524,1082880,7716986,8799866,7.126353797281324
3463647,1082885,7717596,8800481,7.126884202847024
3463671,1082904,7717632,8800536,7.126792402650651
3463731,1082914,7717725,8800639,7.126812470796389
3463845,1082965,7718023,8800988,7.126752018763303
3463904,1083021,7718191,8801212,7.12653863590826
3463920,1083031,7718220,8801251,7.126499610814464
3463922,1083031,7718230,8801261,7.126508844160509
3463958,1083055,7718267,8801322,7.126385086629949
3463964,1083058,7718279,8801337,7.126376426747228
3463976,1083058,7718332,8801390,7.126425362261301
3463998,1083070,7718372,8801442,7.126383336257121
3464004,1083070,7718386,8801456,7.12639626247611
3464042,1083089,7718456,8801545,7.126335878214994
3464091,1083095,7718557,8801652,7.126389651877259
3464097,1083095,7718575,8801670,7.126406270918063
3464103,1083095,7718586,8801681,7.1264164269985555
3464123,1083099,7718652,8801751,7.126451044641349
3464196,1083158,7718800,8801958,7.126199501827065
3464201,1083160,7718808,8801968,7.126193729458252
3464275,1083160,7718808,8801968,7.126193729458252
3464335,1083160,7718911,8802071,7.126288821596071
3464415,1083189,7719047,8802236,7.1262235860962395
3464523,1083275,7719295,8802570,7.125886778518844
3464616,1083299,7719535,8802834,7.125950453198978
3464636,1083299,7719556,8802855,7.125969838428726
3464667,1083331,7719654,8802985,7.125849809522666
3464703,1083347,7719712,8803059,7.12579810531621
3464727,1083357,7719752,8803109,7.125769252425562
3464754,1083359,7719781,8803140,7.125782866067481
3464778,1083360,7719835,8803195,7.12582613351056
3464888,1083360,7720175,8803535,7.1261399719391525
3464898,1083361,7720178,8803539,7.12613616329183
3464999,1083394,7720395,8803789,7.126119398852126
3465089,1083401,7720654,8804055,7.126312418024351
3465173,1083401,7720790,8804191,7.126437948645054
3465469,1083605,7721416,8805021,7.125674023283392
3465488,1083610,7721456,8805066,7.125678057603751
3465565,1083610,7721651,8805261,7.125858011646256
3465854,1083715,7722304,8806019,7.125770151746538
3466119,1083855,7722546,8806401,7.125073003307638
3466385,1083855,7723387,8807242,7.125848937357857
3466452,1083859,7723685,8807544,7.126097582803667
3466689,1084064,7724217,8808281,7.125240760693096
3466714,1084064,7724277,8808341,7.125296107978865
3466742,1084073,7724314,8808387,7.125271084142858
3466759,1084082,7724353,8808435,7.1252479056012366
3466942,1084160,7724735,8808895,7.125087625442739
3466951,1084165,7724756,8808921,7.12507413539452
3467045,1084203,7724898,8809101,7.1249553819718265
3467061,1084206,7724926,8809132,7.124961492557687
3467146,1084238,7725124,8809362,7.124933824492408
3467193,1084244,7725156,8809400,7.124923910116173
3467225,1084257,7725175,8809432,7.124856007385703
3467384,1084269,7725475,8809744,7.125053838115818
3467416,1084273,7725536,8809809,7.125083811918216
3467436,1084273,7725536,8809809,7.125083811918216
3467481,1084311,7725613,8809924,7.124905124083404
3467927,1084461,7726259,8810720,7.124515312215008
3467984,1084506,7726375,8810881,7.124326651950289
3468021,1084506,7726567,8811073,7.124503691081469
3468045,1084510,7726602,8811112,7.1245096864021535
3468182,1084595,7727101,8811696,7.124411416242929
3468196,1084600,7727128,8811728,7.12440346671584
3468217,1084600,7727157,8811757,7.124430204683755
3468218,1084600,7727161,8811761,7.1244338926793285
3468242,1084600,7727221,8811821,7.124489212612945
3468509,1084600,7727741,8812341,7.124968652037618
3468630,1084600,7727741,8812341,7.124968652037618
3468658,1084618,7727781,8812399,7.124887287505832
3468664,1084622,7727784,8812406,7.124863777426606
3468681,1084636,7727812,8812448,7.124797627959979
3468689,1084636,7727834,8812470,7.1248179112623955
3468703,1084655,7727871,8812526,7.124727217410144
3468875,1084655,7728437,8813092,7.1252490423222135
3468986,1084655,7728475,8813130,7.125284076503589
3469032,1084669,7728513,8813182,7.125227143027043
3469341,1084803,7728993,8813796,7.124789477905205
3469526,1084804,7729503,8814307,7.125253041102356
3469569,1084824,7729578,8814402,7.125190814362514
3469637,1084860,7729751,8814611,7.12511383957377
3469798,1084870,7730505,8815375,7.125743176601805
3469847,1084909,7730616,8815525,7.1255893351423945
3470007,1084909,7731062,8815971,7.126000429529112
3470015,1084909,7731089,8815998,7.126025316409026
3470307,1084909,7731590,8816499,7.126487106291864
3470320,1084912,7731609,8816521,7.1264849130620735
3470682,1084952,7732766,8817718,7.127288580508631
3470684,1084952,7732777,8817729,7.127298719206011
3471163,1085137,7733300,8818437,7.126565585727885
3471274,1085137,7733557,8818694,7.126802422182637
3471385,1085211,7733841,8819052,7.126578149318427
3471438,1085245,7733937,8819182,7.12644333767951
3471444,1085245,7733955,8819200,7.126459923796009
3471447,1085245,7733960,8819205,7.126464531050592
3472040,1085454,7734974,8820428,7.126026528991556
3472079,1085483,7735043,8820526,7.125899714689221
3472101,1085488,7735085,8820573,7.125905583479504
3472123,1085503,7735111,8820614,7.125831066335146
3472139,1085511,7735134,8820645,7.125799738556311
3472363,1085621,7735533,8821154,7.125445252072316
3473093,1085621,7735533,8821154,7.125445252072316
3473127,1085624,7735633,8821257,7.125517674627679
3473148,1085637,7735681,8821318,7.125476563529062
3473152,1085638,7735689,8821327,7.125477369067774
3473204,1085669,7735908,8821577,7.125475628391342
3473408,1085733,7736161,8821894,7.125288629893353
3473423,1085739,7736185,8821924,7.125271358954592
3473437,1085749,7736212,8821961,7.125230601179462
3473456,1085749,7736222,8821971,7.125239811411293
3473474,1085749,7736232,8821981,7.125249021643124
3473506,1085764,7736259,8822023,7.125175452492439
3473521,1085767,7736277,8822044,7.125172343605948
3473841,1085931,7736772,8822703,7.124552112427033
3473867,1085934,7736869,8822803,7.124621754176589
3474037,1085934,7737214,8823148,7.124939453042266
3474084,1085937,7737319,8823256,7.125016460439234
3474114,1085948,7737361,8823309,7.124982964193498
3474119,1085949,7737369,8823318,7.124983769956048
3474248,1085949,7737752,8823701,7.125336456868601
3474310,1085949,7737946,8823895,7.125515102458771
3474491,1086079,7738293,8824372,7.124981700226226
3474532,1086117,7738427,8824544,7.124855793620761
3474621,1086145,7738571,8824716,7.124804699188414
3474689,1086145,7738890,8825035,7.125098398464293
3474743,1086183,7739020,8825203,7.124968812805945
3474862,1086244,7739222,8825466,7.124754659174182
3474866,1086244,7739228,8825472,7.1247601827950255
3474885,1086244,7739272,8825516,7.1248006893478815
3474933,1086257,7739326,8825583,7.12476513384954
3475065,1086303,7739683,8825986,7.124792069984157
3475069,1086305,7739704,8826009,7.124798284091485
3475157,1086317,7740080,8826397,7.125065703657404
3475189,1086334,7740151,8826485,7.125019561203092
3475407,1086334,7740751,8827085,7.125571877525696
3475419,1086334,7740780,8827114,7.1255985728146225
3475425,1086334,7740794,8827128,7.125611460195483
3475471,1086338,7740888,8827226,7.125671752253902
3475560,1086359,7741028,8827387,7.125662879398063
3475578,1086364,7741038,8827402,7.125639288488941
3475680,1086389,7741272,8827661,7.125690705631224
3475710,1086407,7741330,8827737,7.125626031496483
3475769,1086416,7741370,8827786,7.1256038202677425
3475790,1086416,7741370,8827786,7.1256038202677425
3475864,1086416,7741652,8828068,7.125863389346254
3475871,1086419,7741673,8828092,7.125863041791427
3475953,1086441,7741805,8828246,7.125840243510693
3476082,1086524,7742013,8828537,7.125487333919914
3476134,1086539,7742073,8828612,7.125444185620581
3476294,1086539,7742688,8829227,7.126010203039192
3476303,1086551,7742705,8829256,7.125947148362111
3476313,1086554,7742713,8829267,7.125934836188537
3476329,1086554,7742739,8829293,7.125958765049873
3476458,1086554,7743021,8829575,7.126218301161286
3476643,1086554,7743299,8829853,7.126474155909416
3476674,1086554,7743348,8829902,7.126519252609627
3476682,1086554,7743368,8829922,7.126537659426039
3476696,1086564,7743395,8829959,7.126496920567956
3476745,1086586,7743454,8830040,7.12640692959416
3476746,1086586,7743457,8830043,7.12640969053531
3476889,1086703,7743827,8830530,7.125982904252588
3476945,1086720,7743987,8830707,7.126018661660777
3477107,1086772,7744258,8831030,7.12592705737726
3477168,1086772,7744401,8831173,7.126058639714678
3477188,1086784,7744437,8831221,7.126013080796184
3477230,1086790,7744538,8831328,7.126066673414367
3477450,1086790,7745247,8832037,7.126719053358975
3477512,1086834,7745405,8832239,7.126575907636309
3477532,1086842,7745446,8832288,7.126561174485344
3477572,1086886,7745543,8832429,7.126361918361264
3477615,1086886,7745649,8832535,7.126459444688772
3477808,1086949,7745849,8832798,7.126230393514323
3480074,1086949,7745849,8832798,7.126230393514323
3480076,1086951,7745852,8832803,7.12622004119781
3480187,1086962,7745955,8832917,7.126242683736874
3480199,1086968,7745983,8832951,7.12622910702063
3480304,1087003,7746093,8833096,7.126100847927742
3480407,1087003,7746357,8833360,7.126343717542638
3480424,1087003,7746402,8833405,7.126385115772449
3480436,1087007,7746432,8833439,7.126386490611376
3480489,1087007,7746723,8833730,7.126654198179037
3480498,1087007,7746753,8833760,7.126681796897352
3480588,1087042,7746845,8833887,7.126536969132747
3480622,1087056,7746932,8833988,7.126525220411828
3480631,1087062,7746947,8834009,7.126499684470619
3480668,1087099,7747050,8834149,7.126351877795859
3481002,1087195,7747751,8834946,7.126367394993538
3481624,1087671,7749093,8836764,7.124482495166277
3481781,1087701,7749415,8837116,7.124582031275139
3481892,1087701,7749679,8837380,7.12482474503563
3482036,1087701,7749878,8837579,7.125007699726304
3482225,1087719,7750302,8838021,7.125279598866987
3482258,1087719,7750429,8838148,7.125396356963517
3482334,1087749,7750495,8838244,7.125260515063677
3482747,1087920,7751427,8839347,7.124997242444297
3482782,1087920,7751522,8839442,7.125084565041547
3482796,1087925,7751537,8839462,7.1250656065445686
3482859,1087941,7751647,8839588,7.125061928909748
3482887,1087958,7751676,8839634,7.124977250960056
3482950,1088003,7751758,8839761,7.124757928057184
3483194,1088116,7752246,8840362,7.124466509085428
3483225,1088119,7752337,8840456,7.124530497123936
3483269,1088142,7752408,8840550,7.124445155136002
3483529,1088187,7753119,8841306,7.124803916973829
3483545,1088194,7753136,8841330,7.1247737076293385
3483553,1088196,7753142,8841338,7.124766126690412
3483595,1088228,7753196,8841424,7.124606240603991
3483659,1088257,7753320,8841577,7.124530326935641
3483740,1088302,7753604,8841906,7.12449669301352
3483746,1088302,7753618,8841920,7.124509557089852
3483830,1088302,7753888,8842190,7.124757649990536
3483905,1088309,7753994,8842303,7.124809222380776
3483927,1088318,7754035,8842353,7.124787975573316
3483945,1088318,7754045,8842363,7.12479716406418
3483964,1088327,7754071,8842398,7.124762134909821
3484027,1088339,7754199,8842538,7.124801187865178
3484141,1088345,7754510,8842855,7.125047664113861
3484238,1088397,7754639,8843036,7.124825775888761
3484270,1088409,7754683,8843092,7.124787648760714
3484273,1088409,7754689,8843098,7.124793161394292
3484332,1088409,7754851,8843260,7.124942002500898
3484379,1088438,7754997,8843435,7.124886304961789
3484417,1088461,7755041,8843502,7.124776174800934
3484462,1088470,7755090,8843560,7.124762280999936
3484619,1088560,7755420,8843980,7.124476372455354
3484670,1088567,7755579,8844146,7.124576622293345
3484710,1088567,7755771,8844338,7.124753000963652
3484922,1088643,7756274,8844917,7.12471765307819
3484991,1088646,7756429,8845075,7.124840398072468
3485052,1088659,7756565,8845224,7.124880242573662
3485159,1088659,7756869,8845528,7.125159485201519
3485206,1088679,7756969,8845648,7.125120444134589
3485244,1088683,7757029,8845712,7.125149377734382
3485291,1088713,7757139,8845852,7.125054077612741
3485321,1088744,7757189,8845933,7.124897129169024
3485328,1088744,7757189,8845933,7.124897129169024
3485990,1089130,7758601,8847731,7.123668432602169
3486004,1089130,7758615,8847745,7.123681286898718
3486402,1089307,7759459,8848766,7.123298574231139
3486412,1089323,7759487,8848810,7.123219651104401
3486459,1089336,7759583,8848919,7.123222770568493
3486478,1089336,7759598,8848934,7.123236540424625
3486506,1089351,7759638,8848989,7.123175174943613
3486536,1089373,7759671,8849044,7.12306161434146
3486664,1089422,7759971,8849393,7.123016608807239
3486683,1089430,7760028,8849458,7.123016623371855
3486779,1089492,7760230,8849722,7.122796679553407
3486815,1089499,7760346,8849845,7.122857386743815
3486910,1089499,7760620,8850119,7.123108878484515
3486911,1089499,7760625,8850124,7.123113467749856
3486924,1089504,7760632,8850136,7.12308720298411
3487012,1089554,7760850,8850404,7.122960403981812
3487204,1089580,7761284,8850864,7.123188751629068
3488231,1090160,7764125,8854285,7.122005026785059
3488437,1090270,7764679,8854949,7.1217946013372835
3488466,1090280,7764728,8855008,7.121774223135342
3488776,1090331,7765331,8855662,7.121994146731589
3489423,1090651,7767145,8857796,7.121567760906101
3489450,1090671,7767177,8857848,7.121466510065821
3489472,1090687,7767228,8857915,7.1214088001415625
3490062,1091004,7768696,8859700,7.1206851670571325
3490070,1091004,7768721,8859725,7.120708081730223
3490079,1091006,7768743,8859749,7.120715193133677
3490266,1091017,7769243,8860260,7.121101687691392
3490678,1091183,7769941,8861124,7.120658038110931
3490858,1091262,7770135,8861397,7.120320326374418
3490937,1091267,7770263,8861530,7.120404997127192
3490987,1091305,7770386,8861691,7.1202697687630865
3491003,1091310,7770416,8861726,7.1202646360795745
3491058,1091317,7770523,8861840,7.12031701146413
3491094,1091327,7770594,8861921,7.120316825296176
3491140,1091367,7770740,8862107,7.120189633734573
3491147,1091367,7770768,8862135,7.120215289632177
3491154,1091367,7770788,8862155,7.120233615273323
3491548,1091367,7770788,8862155,7.120233615273323
3491601,1091384,7771008,8862392,7.120324285494381
3491874,1091546,7771441,8862987,7.119664219373256
3491891,1091546,7771486,8863032,7.1197054453041835
3491958,1091546,7771645,8863191,7.119851110260126
3491963,1091548,7771652,8863200,7.119844477750864
3491976,1091554,7771663,8863217,7.119815419118065
3492073,1091627,7771830,8863457,7.119492280788218
3492218,1091690,7772208,8863898,7.119427676355009
3492238,1091690,7772229,8863919,7.119446912585074
3492257,1091704,7772272,8863976,7.11939500084272
3492303,1091713,7772296,8864009,7.119358292884669
3492414,1091720,7772482,8864202,7.119483017623566
3492481,1091765,7772702,8864467,7.119391077750248
3492527,1091784,7772906,8864690,7.119454031200311
3492677,1091843,7773073,8864916,7.119222269135764
3492696,1091843,7773130,8864973,7.11927447444367
3492706,1091847,7773138,8864985,7.11925571989482
3492755,1091889,7773287,8865176,7.11911833528866
3492862,1091899,7773765,8865664,7.119490905294354
3492989,1091962,7773953,8865915,7.119252318304117
3493053,1091983,7774063,8866046,7.119216141643231
3493057,1091983,7774070,8866053,7.119222551999436
3493064,1091990,7774088,8866078,7.119193399206952
3493344,1092044,7775118,8867162,7.119784550805645
3493518,1092044,7775791,8867835,7.1204008263403304
3493519,1092044,7775796,8867840,7.120405404910425
3493781,1092163,7776383,8868546,7.120167044662748
3493831,1092188,7776410,8868598,7.120028786252917
3493879,1092188,7776571,8868759,7.120176196771984
3495246,1092486,7782035,8874521,7.123235446495424
3495256,1092486,7782057,8874543,7.123255584053251
3495405,1092570,7782337,8874907,7.122964203666585
3495422,1092580,7782364,8874944,7.122923721832726
3495518,1092580,7782850,8875430,7.123368540518772
3495548,1092592,7782886,8875478,7.123323253327866
3495692,1092668,7783409,8876077,7.123306438918317
3495727,1092680,7783473,8876153,7.123286781125307
3495737,1092680,7783493,8876173,7.123305084745763
3495750,1092680,7783519,8876199,7.123328879452355
3495770,1092680,7783543,8876223,7.123350843796903
3496082,1092799,7784290,8877089,7.123258714548604
3496126,1092828,7784402,8877230,7.123172173480182
3496144,1092828,7784465,8877293,7.1232298220763015
3496151,1092828,7784485,8877313,7.123248123217927
3496304,1092828,7784639,8877467,7.123389042008441
3496324,1092830,7784646,8877476,7.123382410804974
3496427,1092838,7784768,8877606,7.12344190081238
3496533,1092904,7784980,8877884,7.123205697847204
3496552,1092913,7785016,8877929,7.123179978644229
3497311,1092935,7785954,8878889,7.123894833636035
3497445,1092936,7786402,8879338,7.124298220572842
3498464,1092936,7787907,8880843,7.125675245394058
3498615,1092992,7788192,8881184,7.125570909942616
3498677,1092995,7788366,8881361,7.125710547623731
3498706,1092995,7788402,8881397,7.125743484645401
3498734,1093005,7788440,8881445,7.125713057122337
3499101,1093229,7789693,8882922,7.125399161566333
3499133,1093247,7789764,8883011,7.1253467880543
3499135,1093248,7789770,8883018,7.125345758693362
3499155,1093252,7789779,8883031,7.125327920735567
3499176,1093252,7789811,8883063,7.125357191205687
3499393,1093361,7790313,8883674,7.125105980549883
3499509,1093437,7790619,8884056,7.124890597263491
3499564,1093437,7790726,8884163,7.124988453838676
3499626,1093472,7790850,8884322,7.124873796494104
3499628,1093474,7790853,8884327,7.1248635084144665
3499640,1093482,7790865,8884347,7.124822356472261
3499760,1093507,7790992,8884499,7.124775607289208
3499803,1093520,7791097,8884617,7.124786926622284
3500473,1093743,7792647,8886390,7.124751426980561
3500484,1093743,7792672,8886415,7.124774284269705
3500493,1093745,7792692,8886437,7.1247795418493345
3500750,1093836,7793111,8886947,7.124569862392534
3500754,1093838,7793114,8886952,7.1245595782922155
3500855,1093905,7793257,8887162,7.124253934299596
3500885,1093913,7793313,8887226,7.124253025606241
3500968,1093987,7793690,8887677,7.124115734464852
3500972,1093987,7793692,8887679,7.124117562640141
3500997,1094003,7793726,8887729,7.124044449603886
3501071,1094053,7793861,8887914,7.123842263583208
3501108,1094084,7793934,8888018,7.123707137660363
3501145,1094102,7794043,8888145,7.123689564592698
3501311,1094102,7794458,8888560,7.124068871092457
3501600,1094204,7795240,8889444,7.124119451217506
3501665,1094204,7795430,8889634,7.12429309342682
3501748,1094247,7795576,8889823,7.124146559232057
3501859,1094247,7795814,8890061,7.124364060399526
3501868,1094253,7795833,8890086,7.124342359582291
3501897,1094253,7795929,8890182,7.124430090664591
3501926,1094265,7795947,8890212,7.124368411673589
3502667,1094265,7797693,8891958,7.125964003235048
3502698,1094265,7797790,8892055,7.126052647210685
3502744,1094268,7797824,8892092,7.126064181717824
3502751,1094268,7797852,8892120,7.126089769599403
3502891,1094301,7798073,8892374,7.126076828952911
3504118,1094301,7800046,8894347,7.127879806378684
3504217,1094326,7800110,8894436,7.127775452653048
3504379,1094326,7800550,8894876,7.128177526623693
3504445,1094347,7800669,8895016,7.128149480923327
3504468,1094367,7800726,8895093,7.128071296009474
3505211,1094717,7802464,8897181,7.127379952992417
3505226,1094717,7802471,8897188,7.127386347339084
3505710,1094937,7803471,8898408,7.1268675732028415
3505717,1094937,7803491,8898428,7.126885839093939
3505764,1094973,7803530,8898503,7.126687142057384
3505782,1094977,7803568,8898545,7.126695811875501
3505791,1094977,7803587,8898564,7.1267131638381445
3505835,1094984,7803629,8898613,7.126705961000344
3505845,1094984,7803654,8898638,7.126728792384181
3505952,1095014,7803881,8898895,7.126740845322526
3505984,1095039,7803981,8899020,7.126669461087688
3506223,1095044,7804579,8899623,7.127183017303414
3506234,1095044,7804602,8899646,7.127204021025639
3506288,1095058,7804769,8899827,7.127265405120094
3507077,1095066,7806459,8901525,7.128756622888483
3507136,1095066,7806564,8901630,7.128852507520095
3507787,1095182,7810201,8905383,7.1314183396001765
3507822,1095182,7810292,8905474,7.1315014308124125
3507920,1095182,7810582,8905764,7.131766226983277
3507958,1095199,7810630,8905829,7.1316993532682185
3508259,1095320,7811826,8907146,7.132003432786766
3508278,1095326,7811845,8907171,7.131981711380904
3508397,1095421,7812137,8907558,7.131629756961022
3508471,1095421,7812529,8907950,7.131987610243002
3508502,1095446,7812626,8908072,7.131913394179175
3508521,1095446,7812687,8908133,7.131969079260867
3508542,1095461,7812733,8908194,7.13191341362221
3508575,1095461,7812765,8908226,7.13194262506835
3508612,1095464,7812796,8908260,7.131951392286739
3508629,1095464,7812802,8908266,7.13195686941789
3508639,1095464,7812818,8908282,7.131971475100962
3508664,1095482,7812861,8908343,7.131893540925365
3508799,1095556,7813051,8908607,7.131585240736211
3508814,1095569,7813081,8908650,7.131528000518452
3508873,1095569,7813382,8908951,7.131802743597163
3508886,1095574,7813426,8909000,7.131810356945309
3508976,1095601,7813603,8909204,7.131796155717273
3509013,1095615,7813669,8909284,7.131765264257973
3509106,1095691,7813849,8909540,7.131434866216844
3509210,1095739,7814150,8909889,7.1313971666610385
3509257,1095770,7814224,8909994,7.131262947516358
3509283,1095794,7814249,8910043,7.131129573624239
3509313,1095795,7814342,8910137,7.1312079357909095
3509810,1095807,7815932,8911739,7.132580828558313
3509822,1095819,7815958,8911777,7.132526448254684
3509830,1095819,7815976,8911795,7.132542874325048
3509836,1095819,7815990,8911809,7.1325556501575536
3509864,1095821,7816065,8911886,7.132611074253916
3510032,1095872,7816218,8912090,7.132418749634994
3510034,1095872,7816226,8912098,7.132426049757636
3510048,1095880,7816245,8912125,7.132391320217542
3510051,1095881,7816248,8912129,7.13238754937808
3510104,1095902,7816355,8912257,7.132348512914476
3510107,1095902,7816360,8912262,7.132353075366228
3510380,1095902,7817473,8913375,7.1333686771262395
3510413,1095905,7817543,8913448,7.133413023939119
3510436,1095908,7817600,8913508,7.1334455081995936
3510475,1095908,7817644,8913552,7.133485657555196
3510509,1095932,7817734,8913666,7.133411562031221
3510637,1095984,7818209,8914193,7.133506511043957
3510647,1095988,7818224,8914212,7.133494162344843
3510695,1096025,7818317,8914342,7.133338199402386
3510723,1096037,7818348,8914385,7.133288383512601
3510724,1096037,7818350,8914387,7.133290208268517
3510747,1096042,7818378,8914420,7.133283213599479
3510770,1096054,7818406,8914460,7.133230661992931
3510801,1096054,7818487,8914541,7.133304563461289
3510803,1096054,7818492,8914546,7.133309125280324
3510820,1096064,7818536,8914600,7.133284187784655
3510855,1096077,7818594,8914671,7.133252499596288
3510880,1096077,7818683,8914760,7.133333698271198
3510987,1096152,7818949,8915101,7.1330882943241445
3511014,1096165,7818979,8915144,7.133031067403174
3511058,1096184,7819017,8915201,7.13294209731213
3511123,1096203,7819116,8915319,7.13290877693274
3511164,1096209,7819216,8915425,7.132960959087181
3511245,1096244,7819354,8915598,7.132859108008801
3511254,1096249,7819367,8915616,7.132838433604045
3511275,1096249,7819414,8915663,7.1328813070753085
3511336,1096250,7819424,8915674,7.132883922462942
3511646,1096473,7820186,8916659,7.1321281964991385
3511664,1096488,7820213,8916701,7.132055252770664
3511813,1096541,7820471,8917012,7.131945818715397
3511894,1096574,7820640,8917214,7.131885308241851
3511944,1096574,7820779,8917353,7.132012066673111
3511972,1096588,7820861,8917449,7.131995790579507
3512098,1096608,7821137,8917745,7.132117402025154
3512152,1096622,7821246,8917868,7.132125746155011
3512156,1096628,7821257,8917885,7.132096754779196
3512205,1096665,7821384,8918049,7.131971933088044
3512228,1096665,7821413,8918078,7.131998376897229
3512274,1096665,7821532,8918197,7.132106887700437
3512281,1096669,7821534,8918203,7.132082697696388
3512331,1096669,7821633,8918302,7.132172971060548
3513809,1096810,7823388,8920198,7.132856192047848
3513896,1096869,7823618,8920487,7.132682207264495
3513957,1096879,7823764,8920643,7.132750285127165
3514000,1096902,7823850,8920752,7.132679127214646
3515605,1098110,7828068,8926178,7.128673812277459
3515842,1098173,7828991,8927164,7.129105341326002
3515878,1098178,7829072,8927250,7.129146641072759
3515934,1098178,7829243,8927421,7.129302353534673
3516010,1098211,7829360,8927571,7.12919466295639
3516039,1098211,7829407,8927618,7.1292374598324
3516077,1098232,7829619,8927851,7.129294174637053
3516103,1098232,7829662,8927894,7.129333328477043
3516120,1098240,7829679,8927919,7.129296875
3516409,1098249,7830266,8928515,7.12977293855947
3516417,1098256,7830269,8928525,7.1297302268323595
3517323,1098307,7833808,8932115,7.13262138910159
3517339,1098311,7833856,8932167,7.132639115878836
3517348,1098313,7833881,8932194,7.132648889706304
3517668,1098569,7835254,8933823,7.132236573214791
3517697,1098569,7835289,8933858,7.132268432843089
3517731,1098575,7835330,8933905,7.1322668001729514
3517782,1098621,7835429,8934050,7.132058280335075
3517793,1098621,7835439,8934060,7.132067382655165
3517882,1098660,7835568,8934228,7.131931625798701
3517978,1098660,7835667,8934327,7.132021735568784
3518175,1098772,7836317,8935089,7.131886324005344
3518200,1098778,7836388,8935166,7.13191199678188
3518216,1098783,7836407,8935190,7.131896834952852
3518352,1098844,7836920,8935764,7.131967777045696
3518470,1098916,7837175,8936091,7.131732543706708
3518511,1098932,7837235,8936167,7.131683307065406
3518552,1098943,7837330,8936273,7.131698368341215
3518592,1098943,7837443,8936386,7.131801194420457
3518610,1098949,7837476,8936425,7.131792285174289
3518631,1098949,7837537,8936486,7.131847792754714
3518666,1098955,7837645,8936600,7.131907129955276
3518765,1099037,7837891,8936928,7.131598845170818
3518774,1099039,7837907,8936946,7.131600425462609
3519141,1099131,7838887,8938018,7.131895106224826
3519164,1099131,7838989,8938120,7.131987906810016
3519190,1099135,7839006,8938141,7.13197741860645
3519220,1099143,7839061,8938204,7.13197554822257
3519251,1099165,7839115,8938280,7.131881928554858
3519329,1099181,7839270,8938451,7.131919128878684
3519373,1099184,7839386,8938570,7.132005196582192
3519399,1099190,7839429,8938619,7.132005385784077
3519438,1099202,7839537,8938739,7.132025778701276
3519508,1099205,7839715,8938920,7.132168248870775
3519628,1099221,7839902,8939123,7.132234555198636
3519807,1099245,7840127,8939372,7.13228352187183
3519828,1099257,7840184,8939441,7.132257515758371
3519839,1099257,7840216,8939473,7.13228662633033
3519865,1099268,7840263,8939531,7.132258011695055
3519894,1099283,7840288,8939571,7.132183432291775
3520049,1099283,7840632,8939915,7.132496363538779
3520069,1099287,7840652,8939939,7.132488603976942
3520155,1099332,7840760,8940092,7.132294884529879
3520347,1099395,7841163,8940558,7.132252739006454
3520844,1099566,7842373,8941939,7.132243994448719
3520859,1099567,7842395,8941962,7.132257515913082
3520914,1099596,7842527,8942123,7.132189458673913
3521224,1099629,7843178,8942807,7.13256743865431
3521309,1099721,7843352,8943073,7.13212896725624
3521316,1099721,7843372,8943093,7.132147153687162
3521387,1099757,7843621,8943378,7.1321401000402815
3521523,1099757,7843754,8943511,7.1322610358470095
3521580,1099775,7843802,8943577,7.132187947534723
3521587,1099775,7843821,8943596,7.1322052237957765
3521644,1099775,7844045,8943820,7.132408901820827
3521675,1099785,7844130,8943915,7.132421336897666
3521714,1099803,7844256,8944059,7.132419169614922
3522686,1100228,7848420,8948648,7.133448703359667
3522697,1100244,7848440,8948684,7.133363144902403
3522765,1100297,7848603,8948900,7.133167681089742
3522766,1100297,7848608,8948905,7.133172225317346
3522972,1100297,7849115,8949412,7.133633009996392
3522986,1100304,7849164,8949468,7.133632159839463
3523076,1100322,7849335,8949657,7.133670870890521
3523097,1100324,7849338,8949662,7.133660630868726
3523129,1100324,7849398,8949722,7.133715160261887
3523141,1100330,7849425,8949755,7.133700798851254
3523142,1100330,7849428,8949758,7.133703525306045
3523220,1100330,7849743,8950073,7.133989803059082
3523269,1100344,7849842,8950186,7.133989007074152
3523394,1100383,7850158,8950541,7.134023335511363
3523909,1100505,7851915,8952420,7.134829010317991
3524112,1100574,7852350,8952924,7.134776943667577
3524141,1100586,7852417,8953003,7.1347600278397145
3524191,1100613,7852502,8953115,7.13466222913958
3524388,1100707,7852970,8953677,7.134478112703926
3524458,1100720,7853051,8953771,7.134467439494149
3524470,1100722,7853080,8953802,7.134480822587356
3524506,1100745,7853414,8954159,7.134635178901562
3524559,1100745,7853546,8954291,7.134755097683842
3524574,1100745,7853597,8954342,7.134801429940631
3524981,1100875,7854898,8955773,7.135140683547179
3525004,1100887,7854945,8955832,7.13510560121066
3525056,1100897,7855010,8955907,7.13509983222772
3525076,1100899,7855082,8955981,7.135152271007604
3525104,1100899,7855167,8956066,7.135229480633555
3525112,1100899,7855191,8956090,7.13525128099853
3525174,1100923,7855235,8956158,7.135135699771919
3525228,1100933,7855330,8956263,7.135157180318875
3525251,1100933,7855402,8956335,7.135222579394023
3525267,1100949,7855437,8956386,7.135150674554407
3526123,1101016,7857101,8958117,7.136227811403286
3526394,1101051,7857642,8958693,7.136492315069874
3526410,1101058,7857667,8958725,7.136469650100176
3526978,1101058,7859058,8960116,7.137732980460611
3527232,1101196,7859678,8960874,7.1374015161696915
3527233,1101196,7859681,8960877,7.13740424048035
3527268,1101196,7859879,8961075,7.137584044983818
3527277,1101198,7859886,8961084,7.137577438389826
3527281,1101200,7859895,8961095,7.137572648020342
3527336,1101230,7859982,8961212,7.137457206941329
3527646,1101230,7860901,8962131,7.138291728340128
3527727,1101256,7861016,8962272,7.138227623731448
3527728,1101256,7861021,8962277,7.13823216400183
3527802,1101282,7861158,8962440,7.138188039030875
3527812,1101282,7861178,8962460,7.1382061996836415
3527823,1101282,7861205,8962487,7.138230716564876
3527834,1101282,7861215,8962497,7.138239796891259
3527869,1101294,7861258,8962552,7.138201061660192
3527897,1101294,7861306,8962600,7.138244646751912
3527938,1101297,7861388,8962685,7.138299659401596
3528150,1101379,7861884,8963263,7.138218542390948
3528191,1101379,7861993,8963372,7.138317509231609
3528206,1101379,7862031,8963410,7.13835201143294
3528312,1101443,7862259,8963702,7.13814423442702
3528362,1101451,7862333,8963784,7.138159573144879
3528454,1101451,7862721,8964172,7.1385118357512045
3528481,1101454,7862808,8964262,7.138571379285926
3528518,1101454,7862900,8964354,7.138654905243433
3528556,1101467,7862957,8964424,7.138622400852681
3530643,1102084,7869119,8971203,7.140217079641842
3530655,1102084,7869173,8971257,7.140266077721844
3530683,1102087,7869184,8971271,7.140256622208591
3530999,1102256,7869685,8971941,7.13961638675589
3531005,1102256,7869703,8971959,7.1396327169006115
3531111,1102349,7869881,8972230,7.139191853033839
3531144,1102356,7869926,8972282,7.139187340568745
3531159,1102356,7869926,8972282,7.139187340568745
3531237,1102370,7870079,8972449,7.139235465406352
3531339,1102405,7870209,8972614,7.139126727473116
3531346,1102405,7870220,8972625,7.139136705657177
3531362,1102405,7870246,8972651,7.139160290455867
3531417,1102424,7870312,8972736,7.139097116898761
3531444,1102443,7870375,8972818,7.139031224290054
3531447,1102443,7870384,8972827,7.139039387977428
3531467,1102462,7870441,8972903,7.1389680551347805
3531570,1102462,7870796,8973258,7.139290061698271
3531579,1102464,7870812,8973276,7.13929162312783
3532101,1102506,7871889,8974395,7.139996517025757
3532145,1102532,7871962,8974494,7.139894352272768
3532173,1102540,7871997,8974537,7.139874290275182
3532256,1102562,7872189,8974751,7.139905964471839
3532284,1102562,7872281,8974843,7.139989406491426
3532382,1102574,7872419,8974993,7.140036859204008
3532405,1102574,7872491,8975065,7.140102160943393
3532425,1102574,7872540,8975114,7.140146602404918
3532998,1102965,7874980,8977945,7.139827646389505
3533032,1102971,7875024,8977995,7.139828699031979
3533149,1103032,7875453,8978485,7.139822779393526
3533186,1103040,7875509,8978549,7.139821765303163
3533265,1103104,7875716,8978820,7.139595178695753
3533327,1103104,7875733,8978837,7.139610589754003
3533493,1103142,7875886,8979028,7.139503345897445
3533503,1103142,7875935,8979077,7.139547764476378
3533765,1103259,7876821,8980080,7.139593694680941
3533774,1103261,7876841,8980102,7.139598880047423
3534184,1103435,7877633,8981068,7.139190799639308
3534210,1103441,7877655,8981096,7.139171917664832
3534217,1103441,7877672,8981113,7.139187324016418
3534269,1103449,7877707,8981156,7.13916728367147
3534362,1103480,7877899,8981379,7.139140718454344
3534368,1103482,7877916,8981398,7.13914318493641
3534606,1103482,7878729,8982211,7.1398799436692215
3534654,1103497,7878803,8982300,7.139849949750657
3534745,1103497,7879072,8982569,7.140093720236666
3534881,1103536,7879263,8982799,7.140014462600223
3534961,1103575,7879538,8983113,7.140011326824185
3535285,1103650,7880060,8983710,7.139999093915644
3535323,1103658,7880118,8983776,7.139999891270666
3535330,1103658,7880134,8983792,7.140014388515283
3535415,1103658,7880543,8984201,7.140384974330816
3535477,1103703,7880663,8984366,7.140202572612378
3535565,1103703,7880783,8984486,7.1403112975139145
3535594,1103725,7880873,8984598,7.14025051530046
3535684,1103748,7881023,8984771,7.140237626704646
3535698,1103748,7881067,8984815,7.1402774908765405
3535864,1103748,7881481,8985229,7.14065257649391
3536108,1103844,7881952,8985796,7.140458253158961
3536264,1103922,7882234,8986156,7.14020918144579
3536267,1103922,7882243,8986165,7.140217334195713
3536274,1103922,7882266,8986188,7.140238169001071
3536311,1103922,7882373,8986295,7.140335096139038
3536330,1103929,7882408,8986337,7.140321524300929
3536348,1103929,7882516,8986445,7.140419356679642
3536367,1103940,7882573,8986513,7.140399840571045
3536401,1103940,7882679,8986619,7.140495860282262
3536414,1103947,7882693,8986640,7.1404632649937
3536422,1103957,7882705,8986662,7.1404094543537475
3537780,1103957,7886802,8990759,7.1441206496267515
3537805,1103969,7886841,8990810,7.144078321039812
3537903,1104020,7887082,8991102,7.143966594808065
3538007,1104024,7887449,8991473,7.144273131743513
3538042,1104046,7887513,8991559,7.144188738512707
3538112,1104099,7887688,8991787,7.144004296716146
3538117,1104099,7887700,8991799,7.144015165306734
3538172,1104128,7887820,8991948,7.143936210294458
3538642,1104357,7888640,8992997,7.143197353754266
3540955,1104396,7892269,8996665,7.146231062046585
3541063,1104456,7892525,8996981,7.146074628595435
3541069,1104456,7892540,8996996,7.1460882099422705
3541146,1104478,7892644,8997122,7.146040029769719
3541215,1104522,7892774,8997296,7.145873056399058
3541232,1104537,7892828,8997365,7.14582490219884
3541296,1104553,7892913,8997466,7.145798345575088
3541596,1104553,7893135,8997688,7.145999331856416
3541615,1104553,7893188,8997741,7.146047315067724
3541615,1104553,7893188,8997741,7.146047315067724
3541659,1104553,7893338,8997891,7.146183116609162
3541679,1104553,7893389,8997942,7.1462292891332515
3541698,1104553,7893420,8997973,7.146257354785148
3541706,1104553,7893442,8997995,7.146277272344559
3541793,1104618,7893711,8998329,7.146100280821062
3541876,1104641,7893867,8998508,7.146092712474007
3541884,1104645,7893876,8998521,7.146074983365697
3541993,1104649,7894204,8998853,7.146346033898551
3542001,1104649,7894229,8998878,7.146368665521808
3542285,1104649,7895224,8999873,7.147269404127465
3542333,1104674,7895274,8999948,7.1471529157018265
3542419,1104765,7895593,9000358,7.146852950627509
3542554,1104768,7895908,9000676,7.147118671069401
3542700,1104845,7896284,9001129,7.1469608859161236
3542704,1104846,7896287,9001133,7.146957132487243
3542845,1104846,7896706,9001552,7.147336370860735
3542889,1104882,7896824,9001706,7.147210290329646
3542892,1104883,7896835,9001718,7.1472137773863835
3542900,1104886,7896852,9001738,7.147209757386735
3542966,1104888,7896916,9001804,7.1472547443722805
3543009,1104891,7897020,9001911,7.147329465078456
3543125,1104933,7897196,9002129,7.147217071080328
3543157,1104961,7897295,9002256,7.147125554657586
3543172,1104965,7897336,9002301,7.147136787138054
3543193,1104965,7897397,9002362,7.14719199250655
3558057,1105040,8009177,9114217,7.247861615869109
3558136,1105040,8009342,9114382,7.248010931730978
3558183,1105052,8009387,9114439,7.247972946069506
3558241,1105052,8009647,9114699,7.24820822911501
3558247,1105052,8009661,9114713,7.248220898202075
3558287,1105059,8009739,9114798,7.248245568788635
3558353,1105087,8009886,9114973,7.248194938498055
3558378,1105106,8009940,9115046,7.248119184946964
3558419,1105106,8010089,9115195,7.24825401364213
3558577,1105149,8010269,9115418,7.248134866882204
3558647,1105160,8010378,9115538,7.248161352202396
3558763,1105211,8010660,9115871,7.248082040442956
3558768,1105214,8010670,9115884,7.248071414223852
3558784,1105220,8010682,9115902,7.248042923580826
3558791,1105220,8010682,9115902,7.248042923580826
3558936,1105286,8010986,9116272,7.2478851627542555
3558964,1105308,8011025,9116333,7.2477761854614275
3558977,1105308,8011059,9116367,7.247806946118186
3559003,1105314,8011102,9116416,7.247806505662644
3559027,1105314,8011135,9116449,7.247836361432136
3559036,1105319,8011144,9116463,7.2478117177032155
3559139,1105320,8011514,9116834,7.248139905185829
3559574,1105335,8011922,9117257,7.248410662830725
3559609,1105335,8011956,9117291,7.248441422736094
3560171,1105415,8012768,9118183,7.2486514114608545
3562446,1106258,8018052,9124310,7.247904195947058
3562450,1106258,8018061,9124319,7.247912331481444
3562673,1106313,8018330,9124643,7.247795153812709
3562679,1106315,8018339,9124654,7.2477901863393335
3562702,1106323,8018373,9124696,7.247768508835123
3562748,1106329,8018405,9124734,7.24775812619935
3562762,1106338,8018434,9124772,7.247725378681741
3562801,1106354,8018503,9124857,7.2476829296951975
3562932,1106397,8018798,9125195,7.247667880516668
3563172,1106505,8019157,9125662,7.247284919634344
3563175,1106505,8019162,9125667,7.247289438366749
3563937,1106505,8020757,9127262,7.248730914004003
3564096,1106555,8021464,9128019,7.249042297942714
3564112,1106555,8021490,9128045,7.249065794289484
3564193,1106555,8021545,9128100,7.249115498099959
3564226,1106560,8021561,9128121,7.249097202139965
3564256,1106570,8021598,9128168,7.249065129182971
3565157,1106570,8021598,9128168,7.249065129182971
3565240,1106570,8021873,9128443,7.24931364486657
3565254,1106577,8021923,9128500,7.249312971442565
3565275,1106591,8021969,9128560,7.249262826102869
3565278,1106591,8021973,9128564,7.24926644080785
3565337,1106613,8022093,9128706,7.249230760889308
3565374,1106627,8022161,9128788,7.249200498451601
3565708,1106642,8022820,9129462,7.249697734226606
3565730,1106642,8022880,9129522,7.249751952302551
3565818,1106701,8023176,9129877,7.249632918014893
3565855,1106714,8023202,9129916,7.249571253277721
3566045,1106714,8023772,9130486,7.250086291489942
3566080,1106723,8023843,9130566,7.2500914863068715
3566089,1106723,8023869,9130592,7.2501149790869075
3566168,1106723,8023986,9130709,7.250220696597071
3566322,1106798,8024385,9131183,7.250089898969821
3566391,1106846,8024537,9131383,7.249912815332937
3566463,1106888,8024698,9131586,7.249783175894941
3566473,1106895,8024721,9131616,7.249758107137533
3566523,1106895,8024833,9131728,7.2498592910800035
3566528,1106897,8024840,9131737,7.249852515636053
3566644,1106897,8025263,9132160,7.250234665013998
3566711,1106912,8025404,9132316,7.250263796941401
3566718,1106917,8025419,9132336,7.250244598285147
3566730,1106917,8025448,9132365,7.250270797178108
3566752,1106917,8025515,9132432,7.250331325654949
3567245,1107048,8026684,9133732,7.250529335674695
3567365,1107093,8027000,9134093,7.250520055677346
3567383,1107093,8027056,9134149,7.2505706386003705
3567420,1107108,8027111,9134219,7.2505220809532585
3567433,1107115,8027134,9134249,7.250497012505476
3567487,1107115,8027134,9134249,7.250497012505476
3567596,1107146,8027219,9134365,7.250370773141031
3568123,1107147,8028257,9135404,7.251301769322412
3568138,1107160,8028286,9135446,7.251242819466021
3568184,1107197,8028445,9135642,7.251144105339881
3568629,1107322,8028901,9136223,7.250737364560624
3568650,1107330,8028918,9136248,7.250700333233995
3568690,1107342,8028978,9136320,7.250675942933619
3568709,1107342,8029008,9136350,7.250703034834767
3568719,1107342,8029028,9136370,7.250721096102198
3568737,1107348,8029081,9136429,7.250729671250592
3568744,1107348,8029095,9136443,7.2507423140692895
3568880,1107402,8029443,9136845,7.25070299674373
3568939,1107444,8029551,9136995,7.250525534473978
3569115,1107501,8029817,9137318,7.25039255043562
3569291,1107554,8030148,9137702,7.250344452730973
3569333,1107566,8030202,9137768,7.250314653934844
3569361,1107566,8030222,9137788,7.250332711549469
3569364,1107566,8030231,9137797,7.250340837476051
3569393,1107570,8030280,9137850,7.250358893794523
3569460,1107576,8030347,9137923,7.250380109355927
3569749,1107598,8031310,9138908,7.251105545513806
3569828,1107638,8031636,9139274,7.251138007182852
3570114,1107638,8033067,9140705,7.252429945523718
3570127,1107638,8033098,9140736,7.252457933006993
3570156,1107638,8033193,9140831,7.252543701100901
3570178,1107640,8033197,9140837,7.252534216893576
3570507,1107640,8033541,9141181,7.252844787114947
3571528,1107640,8034747,9142387,7.253933588530569
3571567,1107644,8034827,9142471,7.253979618000007
3571894,1107692,8035688,9143380,7.254442570678492
3571918,1107702,8035721,9143423,7.254406871162099
3572082,1107745,8036185,9143930,7.254544141476603
3572100,1107751,8036218,9143969,7.254534638199379
3572122,1107751,8036242,9143993,7.254556303718074
3572208,1107751,8036312,9144063,7.254619494814268
3572266,1107774,8036460,9144234,7.254602473067611
3572367,1107798,8036710,9144508,7.254670977921967
3572373,1107798,8036724,9144522,7.254683615605011
3572376,1107798,8036733,9144531,7.254691739829824
3572472,1107922,8037007,9144929,7.254127095589761
3572501,1107935,8037027,9144962,7.254060030597463
3572597,1107935,8037176,9145111,7.254194515021188
3572599,1107936,8037178,9145114,7.254189772694452
3572722,1107936,8037515,9145451,7.25449394188834
3572729,1107936,8037527,9145463,7.254504772838865
3572754,1107936,8037607,9145543,7.254576979175693
3572862,1107936,8038164,9146100,7.255079715795858
3572908,1107936,8038277,9146213,7.255181707246628
3572937,1107952,8038316,9146268,7.255112134821725
3572941,1107957,8038320,9146277,7.255083004123806
3573595,1108021,8039857,9147878,7.256051103724569
3573753,1108023,8040102,9148125,7.256259120974925
3573784,1108023,8040232,9148255,7.256376447059312
3573848,1108047,8040423,9148470,7.256391651256671
3573869,1108062,8040473,9148535,7.256338544233085
3573958,1108090,8040596,9148686,7.256266187764532
3573980,1108090,8040620,9148710,7.256287846655055
3573990,1108092,8040646,9148738,7.256298213505738
3574653,1108321,8042692,9151013,7.256644961161974
3574663,1108321,8042712,9151033,7.256663006475561
3574738,1108362,8042881,9151243,7.256547048707914
3574753,1108364,8042910,9151274,7.256560119238806
3575092,1108454,8043663,9152117,7.256650253416019
3575105,1108454,8043712,9152166,7.256694459129562
3575225,1108464,8043938,9152402,7.256832878650096
3575440,1108586,8044496,9153082,7.256537607366501
3575473,1108599,8044544,9153143,7.256495811379949
3576287,1108599,8045864,9154463,7.257686503415572
3576293,1108599,8045882,9154481,7.257702740125149
3576385,1108599,8046289,9154888,7.258069870169466
3576392,1108604,8046308,9154912,7.2580542736630935
3576415,1108604,8046353,9154957,7.258094865253959
3576451,1108619,8046447,9155066,7.258081450886193
3576458,1108619,8046467,9155086,7.258099491349147
3576621,1108717,8046689,9155406,7.257658176071982
3576661,1108738,8046781,9155519,7.257603689961019
3576724,1108769,8046906,9155675,7.257513512733491
3576793,1108817,8047036,9155853,7.2573165815459175
3576807,1108826,8047057,9155883,7.257276615086587
3577518,1108928,8047953,9156881,7.257417073065159
3577580,1108975,8048087,9157062,7.25723032530039
3577610,1108975,8048212,9157187,7.257343041998242
3577635,1108991,8048243,9157234,7.257266289807582
3577635,1108991,8048243,9157234,7.257266289807582
3577638,1108992,8048246,9157238,7.257262450946445
3577698,1109001,8048351,9157352,7.257298235078237
3578141,1109001,8049216,9158217,7.258078216340652
3578207,1109018,8049318,9158336,7.2580589314149995
3578255,1109049,8049429,9158478,7.2579561408017135
3578448,1109137,8049941,9159078,7.257841907717442
3579102,1109137,8051542,9160679,7.259285372321003
3579105,1109138,8051550,9160688,7.259286040150099
3579153,1109164,8051637,9160801,7.259194312112546
3579244,1109164,8052031,9161195,7.2595495346044405
3579302,1109171,8052076,9161247,7.259544290285267
3579317,1109177,8052093,9161270,7.2595203470681415
3579356,1109177,8052127,9161304,7.259551000426442
3579406,1109177,8052294,9161471,7.259701562509861
3579503,1109216,8052489,9161705,7.259622111473329
3579504,1109216,8052495,9161711,7.259627520699305
3579687,1109218,8052722,9161940,7.259819079748075
3579717,1109232,8052774,9162006,7.259774330347484
3579801,1109232,8052774,9162006,7.259774330347484
3580020,1109373,8053297,9162670,7.259323059061289
3580144,1109498,8053790,9163288,7.25894954294645
3580148,1109504,8053805,9163309,7.258923807395016
3580156,1109504,8053828,9163332,7.258944537378865
3580206,1109523,8053932,9163455,7.25891396573122
3580324,1109523,8054109,9163632,7.2590734937446095
3580339,1109523,8054136,9163659,7.259097828526313
3580401,1109535,8054240,9163775,7.259113051864069
3580422,1109537,8054248,9163785,7.259107177137851
3580485,1109564,8054373,9163937,7.259043191740179
3580557,1109582,8054493,9164075,7.25903358201557
3580573,1109587,8054516,9164103,7.259021599928622
3580629,1109616,8054787,9164403,7.259076112817407
3580685,1109616,8054979,9164595,7.259249145650387
3580889,1109693,8055172,9164865,7.258919358777608
3580908,1109707,8055206,9164913,7.258858419384576
3580921,1109710,8055243,9164953,7.258872137765723
3580927,1109710,8055260,9164970,7.258887457083382
3580928,1109710,8055265,9164975,7.258891962765047
3580941,1109710,8055309,9165019,7.258931612763695
3581111,1109864,8055752,9165616,7.258323542343927
3581118,1109864,8055772,9165636,7.258341562569829
3581167,1109888,8055832,9165720,7.258238669126975
3581453,1109888,8056197,9166085,7.258567531138277
3581473,1109888,8056259,9166147,7.258623392630608
3581555,1109922,8056369,9166291,7.258500146857166
3581687,1109964,8056593,9166557,7.258427300344876
3581696,1109966,8056613,9166579,7.258432240266819
3581841,1110004,8056788,9166792,7.258341411382301
3581877,1110004,8056874,9166878,7.258418888580581
3581882,1110009,8056879,9166888,7.258390697733081
3581926,1110020,8056960,9166980,7.2583917406893566
3581932,1110020,8056974,9166994,7.258404353074719
3581988,1110046,8057084,9167130,7.258333438434083
3582073,1110084,8057244,9167328,7.258229106986498
3582104,1110084,8057337,9167421,7.258312884430367
3582215,1110084,8057515,9167599,7.258473232656267
3582535,1110252,8058375,9168627,7.258149501194324
3582878,1110292,8058883,9169175,7.2583455523411855
3583017,1110332,8059294,9169626,7.258454228104747
3583041,1110343,8059347,9169690,7.258430052695428
3583064,1110357,8059454,9169811,7.258434899766471
3583173,1110437,8059659,9170096,7.258096587199454
3583272,1110444,8059908,9170352,7.258275068351038
3583318,1110444,8060010,9170454,7.25836692350087
3583332,1110444,8060036,9170480,7.25839033755867
3583565,1110529,8060670,9171199,7.258405678735089
3583654,1110581,8060790,9171371,7.258173874755646
3583663,1110593,8060821,9171414,7.258123362924132
3583719,1110630,8060972,9171602,7.258017521586847
3583737,1110630,8060989,9171619,7.258032828214617
3583812,1110630,8060989,9171619,7.258032828214617
3583876,1110630,8061208,9171838,7.258230013595887
3583930,1110658,8061308,9171966,7.258137068296452
3583949,1110658,8061363,9172021,7.258186588490786
3583969,1110677,8061401,9172078,7.258096638356606
3584430,1110706,8061566,9172272,7.258055687103518
3584459,1110710,8061618,9172328,7.25807636556797
3584573,1110758,8062012,9172770,7.258117429719165
3584727,1110854,8062465,9173319,7.257897977592015
3584762,1110855,8062499,9173354,7.257922051032763
3584772,1110855,8062527,9173382,7.257947256842702
3584773,1110855,8062529,9173384,7.257949057257698
3584779,1110855,8062543,9173398,7.2579616601626675
3584943,1110867,8062889,9173756,7.258194725381166
3584947,1110867,8062896,9173763,7.2582010267655805
3584976,1110881,8062941,9173822,7.2581500628780224
3585209,1110923,8063439,9174362,7.258323934242068
3585381,1110923,8063819,9174742,7.258665992152471
3585401,1110932,8063862,9174794,7.258645893718067
3585649,1111064,8064152,9175216,7.258044541088542
3585668,1111077,8064192,9175269,7.2579956204655485
3586200,1111097,8066000,9177097,7.259492195550884
3586206,1111097,8066019,9177116,7.259509295768056
3586447,1111097,8066440,9177537,7.259888200580147
3586593,1111168,8066792,9177960,7.2597411012556154
3586607,1111178,8066817,9177995,7.259698266164377
3586632,1111200,8066865,9178065,7.259597732181425
3586638,1111200,8066879,9178079,7.259610331173506
3586768,1111200,8067265,9178465,7.259957703383729
3587012,1111328,8068146,9179474,7.2599142647355235
3587027,1111329,8068159,9179488,7.259919429799816
3587128,1111378,8068358,9179736,7.259778401228025
3587483,1111562,8068788,9180350,7.258963512606584
3587546,1111602,8068904,9180506,7.258806659217957
3587577,1111620,8068959,9180579,7.258738597722243
3587611,1111620,8069070,9180690,7.258838451988989
3587629,1111620,8069124,9180744,7.258887029740379
3588429,1112083,8071016,9183099,7.257566206838878
3588463,1112106,8071085,9183191,7.257478154060854
3588765,1112168,8071858,9184026,7.257768610497695
3588783,1112173,8071892,9184065,7.25776655250577
3588923,1112205,8072094,9184299,7.257739355604407
3589183,1112381,8072666,9185047,7.257105254404741
3589322,1112389,8072720,9185109,7.257101607441282
3589334,1112391,8072732,9185123,7.257099347261889
3589359,1112405,8072792,9185197,7.257061951357644
3589376,1112410,8072834,9185244,7.257067088573458
3589437,1112431,8072951,9185382,7.257035267805374
3589438,1112431,8072956,9185387,7.257039762466166
3589458,1112437,8073008,9185445,7.257047365378893
3589608,1112476,8073125,9185601,7.256898126341602
3589647,1112490,8073230,9185720,7.256901185628635
3589694,1112490,8073230,9185720,7.256901185628635
3589703,1112490,8073247,9185737,7.256916466664869
3589819,1112490,8073372,9185862,7.2570288272254135
3589982,1112496,8074302,9186798,7.257825646114683
3590023,1112496,8074302,9186798,7.257825646114683
3590034,1112496,8074314,9186810,7.257836432670319
3590055,1112506,8074377,9186883,7.257827822951067
3590329,1112606,8074860,9187466,7.257609612027977
3590344,1112614,8074877,9187491,7.2575727071563
3590347,1112614,8074886,9187500,7.25758079621504
3590373,1112614,8074909,9187523,7.257601468254039
3590385,1112617,8074980,9187597,7.2576457127654885
3590415,1112617,8075000,9187617,7.257663688403107
3590450,1112617,8075034,9187651,7.257694246987058
3590704,1112669,8075270,9187939,7.257567165077845
3590910,1112700,8075643,9188343,7.257700188730116
3590960,1112728,8075756,9188484,7.257619112667246
3591002,1112769,8075881,9188650,7.257464037909036
3591056,1112809,8076063,9188872,7.257366717918349
3591200,1112850,8076526,9189376,7.2575153884171275
3591222,1112850,8076579,9189429,7.2575630138832725
3591228,1112850,8076593,9189443,7.257575594195084
3591252,1112871,8076654,9189525,7.25749345611486
3592093,1113304,8079158,9192462,7.256919942800888
3592102,1113307,8079179,9192486,7.256919250485266
3592120,1113324,8079225,9192549,7.256849758021923
3592187,1113324,8079472,9192796,7.257071616169237
3592194,1113324,8079490,9192814,7.257087783969446
3592203,1113333,8079520,9192853,7.257056064986846
3592326,1113420,8079757,9193177,7.256701873506853
3592585,1113566,8080546,9194112,7.256458979530625
3592906,1113672,8081161,9194833,7.256320532436839
3592920,1113672,8081208,9194880,7.2563627351679845
3593041,1113739,8081662,9195401,7.256333844823608
3593081,1113743,8081710,9195453,7.256350881666596
3593097,1113743,8081736,9195479,7.2563742263699975
3593137,1113770,8081809,9195579,7.256263860581628
3593165,1113775,8081844,9195619,7.256262710152409
3593215,1113799,8081904,9195703,7.256160222805012
3593302,1113799,8082299,9196098,7.2565148648903435
3593316,1113810,8082332,9196142,7.256472827501998
3593350,1113825,8082370,9196195,7.2564092204789805
3593360,1113825,8082392,9196217,7.256428972235315
3593374,1113825,8082392,9196217,7.256428972235315
3593418,1113825,8082534,9196359,7.256556460844387
3593471,1113828,8082617,9196445,7.256611433722262
3593679,1113928,8082997,9196925,7.256301125386919
3593769,1113967,8083209,9197176,7.256237393028698
3593771,1113969,8083212,9197181,7.256227058383133
3593885,1114038,8083457,9197495,7.255997551250496
3593939,1114038,8083517,9197555,7.256051409377418
3593973,1114038,8083610,9197648,7.256134889474147
3594146,1114058,8083995,9198053,7.256350207978399
3594173,1114079,8084043,9198122,7.256256513227518
3594256,1114079,8084416,9198495,7.256591318928011
3594279,1114089,8084447,9198536,7.256554009598874
3594299,1114089,8084478,9198567,7.256581835023952
3594356,1114097,8084606,9198703,7.256644618915588
3594379,1114105,8084635,9198740,7.256618541340359
3594580,1114205,8084907,9199112,7.2562113794140215
3594710,1114222,8085255,9199477,7.256412994896888
3594879,1114268,8085577,9199845,7.256402409474202
3594928,1114273,8085678,9199951,7.256460490382518
3595949,1114273,8086887,9201160,7.257545502762788
3595955,1114279,8086898,9201177,7.257516295290498
3595997,1114298,8086962,9201260,7.257449981961737
3596021,1114298,8087039,9201337,7.257519083763948
3596034,1114301,8087076,9201377,7.257532749230235
3596247,1114342,8087947,9202289,7.258047349915914
3597125,1114806,8090142,9204948,7.25699538753828
3597173,1114816,8090213,9205029,7.256993979275504
3597292,1114889,8090484,9205373,7.256761883918489
3597299,1114889,8090514,9205403,7.256788792426869
3597310,1114889,8090541,9205430,7.256813010084412
3597389,1114911,8090623,9205534,7.256743363371606
3597441,1114921,8090733,9205654,7.256776937558804
3597888,1114988,8092375,9207363,7.257813537006676
3597891,1114988,8092388,9207376,7.2578251963249825
3598184,1115147,8093316,9208463,7.25762253765647
3598205,1115154,8093356,9208510,7.257612849884411
3598259,1115180,8093534,9208714,7.25760325687333
3598302,1115216,8093585,9208801,7.257414707106068
3598429,1115292,8093777,9209069,7.257092313044477
3599455,1115305,8095065,9210370,7.258162565396909
3599474,1115305,8095147,9210452,7.2582360878862735
3599486,1115309,8095175,9210484,7.258235161735447
3599766,1115309,8095638,9210947,7.258650293326782
3599810,1115340,8095725,9211065,7.25852654795847
3599961,1115412,8096211,9211623,7.258493722498951
3599969,1115412,8096241,9211653,7.258520618390334
3600016,1115424,8096261,9211685,7.2584604598789335
3600021,1115424,8096287,9211711,7.258483769400694
3600096,1115468,8096496,9211964,7.2583848214381765
3600158,1115468,8096663,9212131,7.258534534383775
3600231,1115488,8096761,9212249,7.258492247339281
3600238,1115488,8096788,9212276,7.258516451992312
3600244,1115488,8096807,9212295,7.258533484896296
3600270,1115496,8096825,9212321,7.2584975652086605
3600512,1115496,8097409,9212905,7.259021099134376
3600590,1115526,8097513,9213039,7.2589191108051265
3600748,1115546,8098139,9213685,7.259350129891551
3600810,1115580,8098204,9213784,7.259187149285573
3601428,1115635,8099409,9215044,7.25990937896355
3601434,1115635,8099423,9215058,7.259921927870675
3601453,1115641,8099453,9215094,7.259909773843019
3601613,1115739,8099866,9215605,7.259642264006188
3601752,1115820,8100153,9215973,7.259372479432167
3601759,1115820,8100176,9215996,7.259393092075783
3601786,1115820,8100240,9216060,7.25945044899715
3602173,1116082,8101356,9217438,7.258746221155794
3602256,1116130,8101464,9217594,7.258530816302761
3602323,1116130,8101524,9217654,7.258584573481584
3602401,1116151,8101733,9217884,7.258635256340764
3602437,1116151,8101802,9217953,7.2586970759332745
3602596,1116160,8102111,9218271,7.258915388474771
3602873,1116271,8102771,9219042,7.258784829131994
3602971,1116302,8102842,9219144,7.258646853629215
3604045,1116633,8103814,9220447,7.257365669830643
3604226,1116633,8104137,9220770,7.257654932283033
3604261,1116646,8104206,9220852,7.2576322308054655
3604362,1116696,8104379,9221075,7.2574621920379405
3604418,1116696,8104469,9221165,7.257542786935746
3604435,1116696,8104515,9221211,7.257583979883513
3604443,1116699,8104529,9221228,7.257577019411677
3604495,1116708,8104617,9221325,7.257597330725669
3604510,1116708,8104654,9221362,7.257630463827607
3604523,1116723,8104709,9221432,7.257582229433798
3604547,1116723,8104804,9221527,7.257667299769056
3604964,1116723,8105767,9222490,7.258529644325406
3605013,1116723,8105899,9222622,7.258647847317553
3605050,1116723,8106000,9222723,7.25873829051609
3605109,1116768,8106140,9222908,7.258571162497493
3605149,1116794,8106201,9222995,7.258456796866746
3605190,1116815,8106255,9223070,7.258368664460989
3605222,1116839,8106321,9223160,7.258271783130782
3605316,1116862,8106518,9223380,7.258298697600957
3605322,1116862,8106536,9223398,7.258314814184742
3605597,1116997,8107110,9224107,7.257951453763976
3605778,1117076,8107420,9224496,7.2577156791480615
3605809,1117089,8107467,9224556,7.25767329192213
3605842,1117089,8107596,9224685,7.257788770635106
3605876,1117093,8107715,9224808,7.257869309001131
3606006,1117171,8107859,9225030,7.257491467286566
3606123,1117242,8108168,9225410,7.257306832360402
3606142,1117257,8108190,9225447,7.257229088741444
3606151,1117257,8108220,9225477,7.257255940217873
3606263,1117319,8108597,9225916,7.257190650118722
3606290,1117319,8108687,9226006,7.257271200078044
3606315,1117323,8108728,9226051,7.257281914003381
3606334,1117336,8108764,9226100,7.257229696349174
3606345,1117338,8108787,9226125,7.257237290775039
3606374,1117338,8108869,9226207,7.257310679490002
3606376,1117338,8108873,9226211,7.257314259427317
3606556,1117412,8109144,9226556,7.2570761724413195
3606590,1117431,8109224,9226655,7.257024371079735
3606657,1117432,8109262,9226694,7.257051883246587
3606671,1117440,8109283,9226723,7.257018721363115
3606732,1117487,8109385,9226872,7.256804777147296
3606738,1117487,8109399,9226886,7.2568173052572424
3606756,1117487,8109415,9226902,7.256831623097182
3606759,1117488,8109419,9226907,7.2568287086751715
3606766,1117488,8109442,9226930,7.256849290551666
3606782,1117488,8109468,9226956,7.256872557020746
3606787,1117488,8109491,9226979,7.256893138897241
3606861,1117535,8109650,9227185,7.25673021426622
3606969,1117542,8109916,9227458,7.256922782320485
3607068,1117550,8109958,9227508,7.25690841573084
3607074,1117550,8109972,9227522,7.256920943134535
3607115,1117560,8110091,9227651,7.256962489709725
3607266,1117640,8110368,9228008,7.25669088436348
3607312,1117670,8110501,9228171,7.256615101058452
3607341,1117676,8110575,9228251,7.256642354313772
3607364,1117684,8110623,9228307,7.256633359697374
3607428,1117707,8110749,9228456,7.25659676462615
3608314,1118084,8112209,9230293,7.255455761821115
3608332,1118093,8112289,9230382,7.255468910010169
3608369,1118093,8112379,9230472,7.255549404208773
3608408,1118093,8112510,9230603,7.255666567986742
3608444,1118093,8112582,9230675,7.255730963345625
3608476,1118104,8112652,9230756,7.255722186844873
3608505,1118126,8112696,9230822,7.255618776416969
3608561,1118126,8112784,9230910,7.255697479532718
3608625,1118126,8113010,9231136,7.255899603443619
3609050,1118236,8113748,9231984,7.25584581430038
3609052,1118236,8113753,9231989,7.255850285628436
3609122,1118236,8113926,9232162,7.256004993579173
3609266,1118321,8114112,9232433,7.255619808623821
3609346,1118390,8114320,9232710,7.255358148767424
3609367,1118390,8114349,9232739,7.255384078899132
3609381,1118408,8114367,9232775,7.2552834028368896
3609438,1118435,8114478,9232913,7.255207499765297
3609511,1118488,8114594,9233082,7.254967420303124
3609573,1118492,8114745,9233237,7.255076477972127
3609622,1118513,8114842,9233355,7.255026986722551
3609625,1118513,8114851,9233364,7.255035033119865
3609719,1118574,8115081,9233655,7.254845008019139
3609728,1118576,8115098,9233674,7.254847234340804
3609784,1118576,8115216,9233792,7.254952725608273
3609789,1118576,8115239,9233815,7.254973287465492
3610066,1118758,8115937,9234695,7.254416951655318
3610111,1118758,8116083,9234841,7.254547453515416
3610138,1118758,8116133,9234891,7.254592145933258
3610156,1118768,8116188,9234956,7.254576462680377
3610440,1118768,8116865,9235633,7.255181592609013
3610459,1118782,8116920,9235702,7.255139964711624
3610548,1118782,8116920,9235702,7.255139964711624
3610561,1118787,8116940,9235727,7.255125417081178
3610592,1118788,8117005,9235793,7.255177030858393
3610623,1118788,8117096,9235884,7.25525836887775
3610764,1118819,8117459,9236278,7.2553817909778076
3610854,1118858,8117571,9236429,7.255228992419056
3610939,1118881,8117780,9236661,7.255266645872081
3610990,1118899,8117883,9236782,7.255241983414052
3611054,1118919,8118001,9236920,7.255217759283737
3611097,1118951,8118103,9237054,7.255101429821324
3611872,1119404,8119821,9239225,7.2537001833118335
3611883,1119407,8119833,9239240,7.253691463426618
3611895,1119407,8119862,9239269,7.253717370000366
3611998,1119432,8119992,9239424,7.253671504834594
3612231,1119517,8120172,9239689,7.253281549096619
3612255,1119522,8120183,9239705,7.2532589801718945
3612263,1119527,8120187,9239714,7.253230158808139
3612691,1119636,8120648,9240284,7.252935775555627
3612697,1119636,8120662,9240298,7.2529482796194475
3612720,1119640,8120707,9240347,7.252962559394091
3612843,1119743,8120867,9240610,7.252438282713086
3612863,1119748,8120907,9240655,7.25244162079325
3612897,1119754,8120982,9240736,7.2524697388890775
3612993,1119754,8121267,9241021,7.252724259078334
3613065,1119794,8121389,9241183,7.252574134171106
3613477,1119986,8122576,9242562,7.252390654883186
3613493,1119994,8122605,9242599,7.252364744811133
3613499,1119994,8122623,9242617,7.252380816325802
3613525,1120030,8122702,9242732,7.252218244154174
3613535,1120030,8122743,9242773,7.252254850316509
3613634,1120055,8123107,9243162,7.252417961617956
3613658,1120060,8123194,9243254,7.252463260896738
3613700,1120060,8123330,9243390,7.252584682963413
3613761,1120074,8123424,9243498,7.252577954670852
3613786,1120097,8123508,9243605,7.252504024205047
3613793,1120100,8123526,9243626,7.252500669583073
3613963,1120216,8123717,9243933,7.251920165396673
3614552,1120306,8125215,9245521,7.252674715658044
3614578,1120306,8125238,9245544,7.252695245763211
3614693,1120306,8125238,9245544,7.252695245763211
3614717,1120318,8125276,9245594,7.2526514793121235
3614834,1120371,8125483,9245854,7.252493147359223
3614843,1120371,8125501,9245872,7.252509213465896
3615078,1120487,8126266,9246753,7.252441126046086
3615157,1120522,8126382,9246904,7.252318116020926
3615585,1120522,8127290,9247812,7.253128452631898
3615702,1120534,8127522,9248056,7.2532578217171455
3615709,1120534,8127542,9248076,7.253275670350029
3615919,1120537,8128204,9248741,7.2538470394105685
3615933,1120537,8128224,9248761,7.253864887995666
3616108,1120608,8128679,9249287,7.253811323852766
3616239,1120613,8129151,9249764,7.254200156521475
3616465,1120720,8130072,9250792,7.254329359697337
3616747,1120720,8130399,9251119,7.2546211364123065
3616752,1120721,8130408,9251129,7.254622693783734
3616763,1120721,8130446,9251167,7.254656600527696
3617108,1121044,8131302,9252346,7.253329931742197
3617368,1121095,8131738,9252833,7.253388874270245
3617606,1121269,8132663,9253932,7.253088241982968
3617645,1121276,8132687,9253963,7.2530643659545015
3617905,1121276,8133408,9254684,7.253707383373942
3617981,1121276,8133766,9255042,7.2540266624809595
3619176,1121276,8135482,9256758,7.255557061776048
3619240,1121293,8135686,9256979,7.255628992600506
3620092,1121515,8137408,9258923,7.255728189101349
3620098,1121515,8137422,9258937,7.255740672215708
3620175,1121547,8137577,9259124,7.255671853252695
3620180,1121549,8137585,9259134,7.255666047582406
3620223,1121552,8137689,9259241,7.255739368303922
3620367,1121622,8137965,9259587,7.2555326125914075
3620376,1121622,8137991,9259613,7.255555793306479
3620443,1121670,8138127,9259797,7.255366551659579
3620492,1121703,8138240,9259943,7.255253841703196
3620569,1121755,8138428,9260183,7.255085112167987
3620618,1121755,8138533,9260288,7.2551787154949166
3620631,1121755,8138576,9260331,7.255217048285945
3621047,1121755,8139596,9261351,7.256126337747547
3621073,1121765,8139670,9261435,7.256127620312633
3621079,1121765,8139684,9261449,7.2561401006449655
3621115,1121785,8139741,9261526,7.256061544770166
3621213,1121837,8140036,9261873,7.255988169404289
3621314,1121883,8140193,9262076,7.255830599090992
3621323,1121883,8140211,9262094,7.255846643544826
3621359,1121883,8140330,9262213,7.255952715211836
3621410,1121907,8140478,9262385,7.25592941304404
3621472,1121908,8140646,9262554,7.256072690452337
3621510,1121937,8140708,9262645,7.255940395940235
3621549,1121954,8140856,9262810,7.255962365658485
3621630,1121963,8140884,9262847,7.255929117092097
3623349,1123938,8151813,9275751,7.2529027401867365
3624188,1123938,8153659,9277597,7.254545179538373
3624246,1123938,8153851,9277789,7.254716007466604
3624262,1123943,8153895,9277838,7.254722881854329
3624313,1123980,8154035,9278015,7.254608622929234
3624361,1123980,8154210,9278190,7.254764319649816
3624372,1123987,8154238,9278225,7.254744049530822
3624474,1124017,8154422,9278439,7.254714119092505
3624656,1124017,8155009,9279026,7.255236353186829
3624668,1124017,8155054,9279071,7.2552763881685065
3624699,1124017,8155133,9279150,7.255346671803006
3624765,1124074,8155287,9279361,7.2551157663997214
3624775,1124074,8155303,9279377,7.255130000338056
3624860,1124116,8155432,9279548,7.254973685989702
3624869,1124116,8155493,9279609,7.255027950852047
3624997,1124207,8155687,9279894,7.254613251829957
3625121,1124207,8155890,9280097,7.254793823557406
3625313,1124214,8155966,9280180,7.254816253844909
3625438,1124266,8156216,9280482,7.254703068490909
3625449,1124268,8156246,9280514,7.254716846872809
3625464,1124280,8156271,9280551,7.254661650122745
3625476,1124285,8156289,9280574,7.254645396852221
3625577,1124297,8156453,9280750,7.2547138345116995
3625654,1124354,8156790,9281144,7.254645778820549
3625686,1124362,8156837,9281199,7.254635962439143
3625729,1124362,8156972,9281334,7.254756030531092
3626120,1124374,8158057,9282431,7.255643584785846
3626139,1124374,8158135,9282509,7.2557129567208065
3626201,1124405,8158223,9282628,7.255591179334848
3626220,1124405,8158264,9282669,7.255627643064554
3626228,1124405,8158286,9282691,7.255647208968298
3626243,1124409,8158323,9282732,7.2556543037275585
3626256,1124409,8158351,9282760,7.255679205698282
3626351,1124411,8158630,9283041,7.255914429865948
3626374,1124416,8158638,9283054,7.255889279412601
3626529,1124416,8158959,9283375,7.256174760942569
3626895,1124425,8159370,9283795,7.256482202014363
3627165,1124448,8160124,9284572,7.257004325678022
3627218,1124468,8160207,9284675,7.256949063912891
3627229,1124468,8160217,9284685,7.2569579570072245
3627292,1124475,8160365,9284840,7.257044398497077
3627312,1124475,8160410,9284885,7.257084417172458
3627367,1124505,8160524,9285029,7.256992187673688
3627424,1124563,8160652,9285215,7.256731726012682
3627467,1124565,8160683,9285248,7.256746386380511
3627524,1124566,8160824,9285390,7.25686531515269
3627550,1124585,8160879,9285464,7.256791616462962
3627600,1124602,8160936,9285538,7.256732604067928
3627626,1124602,8161009,9285611,7.256797515921188
3627821,1124674,8161369,9286043,7.256653039013972
3627916,1124738,8161615,9286353,7.256458837524828
3627955,1124749,8161829,9286578,7.256578134321524
3628058,1124777,8161915,9286692,7.256473949947412
3628160,1124801,8162157,9286958,7.256534266950331
3628220,1124801,8162267,9287068,7.256632062026972
3628238,1124801,8162303,9287104,7.256664067688418
3628277,1124801,8162419,9287220,7.256767197041966
3628334,1124856,8162674,9287530,7.256639072023441
3628344,1124856,8162678,9287534,7.256642628034166
3628410,1124882,8162828,9287710,7.256608248687418
3628436,1124904,8162886,9287790,7.256517889526573
3628480,1124923,8162960,9287883,7.256461108893675
3628510,1124933,8163036,9287969,7.256464162754582
3628517,1124933,8163036,9287969,7.256464162754582
3628559,1124939,8163111,9288050,7.2564921297954825
3628589,1124939,8163197,9288136,7.2565685783851395
3628681,1124939,8163252,9288191,7.256617469925036
3628800,1124967,8163374,9288341,7.256545303106669
3629018,1125039,8163722,9288761,7.256390222916717
3629074,1125069,8163850,9288919,7.2563105018447756
3629323,1125196,8164393,9289589,7.255974070295308
3629434,1125196,8164923,9290119,7.2564450993426926
3629486,1125222,8165008,9290230,7.256352968569757
3629515,1125226,8165055,9290281,7.256368942772386
3629557,1125239,8165116,9290355,7.256339319913369
3629577,1125249,8165202,9290451,7.256351260920916
3629589,1125253,8165236,9290489,7.256355681788896
3629618,1125253,8165329,9290582,7.256438329868927
3629691,1125253,8165465,9290718,7.25655919157736
3630768,1125885,8167330,9293215,7.254142296948623
3630834,1125906,8167371,9293277,7.254043410373512
3630851,1125914,8167412,9293326,7.254028282799575
3630883,1125932,8167454,9293386,7.253949616850751
3631107,1126090,8167744,9293834,7.253189354314486
3631116,1126096,8167767,9293863,7.2531711328341455
3631121,1126101,8167772,9293873,7.25314336813483
3631381,1126230,8168398,9294628,7.252868419416993
3631401,1126230,8168413,9294643,7.25288173818847
3631987,1126623,8170035,9296658,7.25179141558445
3632040,1126650,8170095,9296745,7.2516708827053655
3632041,1126650,8170101,9296751,7.2516762082279325
3632046,1126653,8170111,9296764,7.251665774644012
3632082,1126667,8170179,9296846,7.251636020226029
3632091,1126667,8170206,9296873,7.251659984715981
3632184,1126715,8170359,9297074,7.251486844499275
3632279,1126715,8170579,9297294,7.251682102395016
3632338,1126737,8170677,9297414,7.251627487159825
3632340,1126737,8170688,9297425,7.251637249863988
3632341,1126737,8170690,9297427,7.251639024901109
3632363,1126737,8170757,9297494,7.251698488644644
3633096,1127269,8173015,9300284,7.250279214632887
3633121,1127289,8173080,9300369,7.250208242961654
3633149,1127312,8173118,9300430,7.250094028982216
3633418,1127428,8174220,9301648,7.250325519678419
3633546,1127428,8174412,9301840,7.250495818801733
3633612,1127435,8174466,9301901,7.250498698372855
3633656,1127467,8174574,9302041,7.250388703172687
3633675,1127467,8174661,9302128,7.250465867293677
3633921,1127467,8175091,9302558,7.250847253179029
3633954,1127473,8175100,9302573,7.250816649267876
3633963,1127473,8175132,9302605,7.250845031322258
3633975,1127473,8175178,9302651,7.250885830525432
3634001,1127479,8175284,9302763,7.250941259216358
3634183,1127479,8175690,9303169,7.2513013546150304
3634183,1127479,8175690,9303169,7.2513013546150304
3634471,1127488,8177468,9304956,7.252820429130953
3634551,1127495,8177607,9305102,7.252898682477528
3634713,1127495,8177839,9305334,7.253104448356756
3634726,1127497,8177868,9305365,7.253117303194598
3634780,1127534,8177965,9305499,7.252965320779683
3634780,1127534,8177965,9305499,7.252965320779683
3634815,1127545,8178010,9305555,7.2529344726818
3634849,1127545,8178098,9305643,7.253012518347383
3634898,1127545,8178207,9305752,7.253109188546799
3634926,1127571,8178296,9305867,7.253020874073561
3634948,1127594,8178336,9305930,7.25290840497555
3634995,1127595,8178429,9306024,7.2529844492038364
3635080,1127621,8178503,9306124,7.252882839180895
3635114,1127643,8178552,9306195,7.252784790931172
3635141,1127643,8178717,9306360,7.25293111383656
3635216,1127643,8178823,9306466,7.253025115218203
3635218,1127643,8178831,9306474,7.2530322096621
3635240,1127643,8178883,9306526,7.2530783235474345
3635307,1127677,8179050,9306727,7.253007731823917
3635581,1127677,8179462,9307139,7.253373084668748
3635598,1127677,8179497,9307174,7.253404121924984
3635609,1127677,8179528,9307205,7.253431612066221
3635620,1127677,8179556,9307233,7.25345644187121
3635743,1127739,8179857,9307596,7.253324572440964
3636581,1127753,8181237,9308990,7.254458201396937
3636638,1127753,8181357,9309110,7.254564607675617
3636736,1127777,8181582,9309359,7.254609732243165
3636762,1127794,8181663,9309457,7.254572200242243
3636767,1127794,8181671,9309465,7.254579293736268
3636778,1127799,8181698,9309497,7.254571071618258
3636830,1127808,8181753,9309561,7.254561946714334
3636842,1127811,8181788,9309599,7.25457368300185
3636889,1127827,8181827,9309654,7.254505345234686
3636902,1127827,8181859,9309686,7.254533718380567
3636939,1127842,8181900,9309742,7.254473587612449
3636955,1127842,8181926,9309768,7.2544966404868765
3636985,1127856,8181984,9309840,7.254458015916925
3637315,1127856,8182706,9310562,7.255098168560526
3637574,1127975,8183154,9311129,7.254729936390434
3637639,1127999,8183260,9311259,7.254669552012015
3637694,1127999,8183471,9311470,7.254856608915434
3637703,1127999,8183491,9311490,7.254874339427606
3637858,1127999,8183812,9311811,7.255158914147973
3638431,1128227,8184973,9313200,7.254721789143497
3638438,1128230,8184983,9313213,7.254711362044973
3638470,1128242,8185008,9313250,7.254656359185352
3638480,1128245,8185024,9313269,7.25465125039331
3638539,1128260,8185164,9313424,7.254678886072359
3638572,1128273,8185195,9313468,7.254622773034541
3638649,1128291,8185227,9313518,7.254535399112463
3638693,1128307,8185351,9313658,7.254542425066936
3638699,1128307,8185365,9313672,7.254554833037463
3638722,1128314,8185399,9313713,7.2545399596211695
3639036,1128333,8186047,9314380,7.254992098963692
3639067,1128333,8186088,9314421,7.255028435754339
3639172,1128363,8186384,9314747,7.255097871872793
3639191,1128383,8186444,9314827,7.255022452482889
3639208,1128388,8186517,9314905,7.255054998812465
3639429,1128448,8187147,9315595,7.255227533745463
3639434,1128448,8187152,9315600,7.2552319646098
3639463,1128448,8187192,9315640,7.255267411524501
3639483,1128448,8187192,9315640,7.255267411524501
3639611,1128559,8187598,9316157,7.254913566769659
3639731,1128593,8187909,9316502,7.254970569549873
3639738,1128593,8187926,9316519,7.254985632553099
3639897,1128676,8188263,9316939,7.2547506990491515
3640131,1128797,8188660,9317457,7.254324736865884
3640283,1128864,8188938,9317802,7.254140445616124
3640304,1128875,8188978,9317853,7.254105193223342
3640314,1128875,8189001,9317876,7.254125567489758
3640321,1128875,8189021,9317896,7.254143284243162
3640365,1128899,8189063,9317962,7.2540262680718115
3640383,1128909,8189096,9318005,7.2539912428725435
3640439,1128935,8189193,9318128,7.253910101112996
3640499,1128970,8189290,9318260,7.253771136522671
3641287,1129280,8191064,9320344,7.253350807594219
3641296,1129280,8191093,9320373,7.253376487673562
3641351,1129283,8191143,9320426,7.253401494576647
3641736,1129343,8191344,9320687,7.25319411374578
3641805,1129392,8191507,9320899,7.253023750832306
3641844,1129411,8191592,9321003,7.252976994203173
3641871,1129425,8191628,9321053,7.2529189631892335
3641916,1129434,8191798,9321232,7.253011685499108
3641942,1129438,8191857,9321295,7.25303823671596
3641988,1129450,8191957,9321407,7.253049714462792
3642921,1129773,8195062,9324835,7.253724420746469
3642960,1129783,8195121,9324904,7.253712438583339
3642981,1129795,8195159,9324954,7.253669028452064
3644805,1130548,8200263,9330811,7.25335235655629
3644822,1130557,8200289,9330846,7.253317612468898
3644885,1130557,8200471,9331028,7.253478595064203
3645009,1130615,8200692,9331307,7.253301963975359
3645063,1130638,8200804,9331442,7.253253472818002
3645119,1130647,8200964,9331611,7.2533372484957725
3645143,1130657,8201020,9331677,7.253322625694619
3645169,1130657,8201101,9331758,7.253394265458048
3645211,1130683,8201160,9331843,7.253279654863476
3645566,1130768,8202020,9332788,7.253494969790443
3645620,1130768,8202089,9332857,7.253555990265023
3645663,1130768,8202227,9332995,7.253678031214184
3645706,1130791,8202300,9333091,7.253595049836796
3646288,1130791,8203831,9334622,7.2549489693497735
3646365,1130803,8203931,9334734,7.254960413086983
3646425,1130808,8204134,9334942,7.255107852084527
3646432,1130808,8204150,9334958,7.255122001259276
3648228,1130808,8207755,9338563,7.2583099871949965
3648999,1131123,8209589,9340712,7.257910059295055
3649013,1131126,8209619,9340745,7.257917331932958
3649121,1131247,8209928,9341175,7.257414163308279
3649207,1131247,8210186,9341433,7.257642230211439
3649257,1131247,8210298,9341545,7.257741235998858
3649322,1131277,8210537,9341814,7.257760035782572
3649360,1131284,8210730,9342014,7.257885729843258
3649392,1131284,8210779,9342063,7.257929043458583
3649421,1131296,8210864,9342160,7.257927191468899
3649453,1131315,8210918,9342233,7.257853029439192
3649905,1131315,8211749,9343064,7.258587572868741
3649930,1131329,8211790,9343119,7.258533989670555
3650092,1131380,8212159,9343539,7.258532942070746
3653497,1131380,8217928,9349308,7.263632024607117
3653501,1131380,8217930,9349310,7.263633792359773
3653554,1131380,8218214,9349594,7.263884813236932
3654195,1131380,8219184,9350564,7.264742173275115
3654240,1131412,8219289,9350701,7.264629507199853
3654362,1131444,8219397,9350841,7.264519498976529
3654371,1131444,8219415,9350859,7.264535407850499
3654391,1131451,8219449,9350900,7.264520513924156
3654410,1131453,8219517,9350970,7.264567772589759
3654445,1131464,8219536,9351000,7.264513939462502
3654504,1131481,8219651,9351132,7.264506430068202
3654510,1131481,8219669,9351150,7.264522338421944
3654520,1131485,8219679,9351164,7.264505494991096
3654529,1131492,8219692,9351184,7.264472042223895
3654542,1131493,8219718,9351211,7.264488600459747
3654545,1131493,8219731,9351224,7.264500089704487
3654845,1131493,8220274,9351767,7.264979986619449
3654933,1131498,8220318,9351816,7.26498676975125
3654966,1131508,8220351,9351859,7.264951728136257
3654982,1131508,8220377,9351885,7.264974706321122
3655056,1131523,8220591,9352114,7.265067524036189
3655065,1131531,8220630,9352161,7.265050626098622
3655487,1131531,8221343,9352874,7.26568074582137
3655494,1131531,8221359,9352890,7.2656948859554005
3655504,1131531,8221386,9352917,7.265718747431578
3655515,1131531,8221663,9353194,7.265963548501985
3655611,1131531,8221874,9353405,7.2661500215195165
3655621,1131531,8221890,9353421,7.266164161653547
3655637,1131531,8221916,9353447,7.266187139371348
3655696,1131531,8222017,9353548,7.266276398967417
3655885,1131547,8222345,9353892,7.2664635229469035
3655907,1131568,8222396,9353964,7.266373739801762
3655916,1131572,8222420,9353992,7.26636926329036
3655924,1131577,8222449,9354026,7.266362783973163
3656054,1131577,8222973,9354550,7.266825854537517
3656060,1131577,8222987,9354564,7.266838226651832
3656303,1131577,8223401,9354978,7.26720408774657
3656322,1131577,8223416,9354993,7.267217343583336
3656689,1131577,8223733,9355310,7.26749748360032
3656733,1131577,8223838,9355415,7.267590274457682
3656926,1131689,8224158,9355847,7.267153785183032
3656948,1131689,8224182,9355871,7.26717499242283
3656968,1131689,8224206,9355895,7.267196199662628
3657028,1131718,8224270,9355988,7.26706653070818
3657031,1131718,8224279,9355997,7.267074483219318
3657044,1131720,8224296,9356016,7.267076662071891
3657059,1131724,8224310,9356034,7.267063347600652
3657065,1131724,8224328,9356052,7.267079252538605
3657146,1131724,8224614,9356338,7.267331964330526
3657194,1131737,8224693,9356430,7.267318290380185
3657213,1131747,8224717,9356464,7.267275283256771
3657221,1131747,8224742,9356489,7.267297372999442
3657247,1131749,8224780,9356529,7.267318106753352
3657262,1131749,8224827,9356576,7.267359635396188
3657576,1131860,8225343,9357203,7.267102821903769
3657630,1131913,8225487,9357400,7.266889769796795
3657744,1131942,8225857,9357799,7.267030466225301
3657803,1131955,8225988,9357943,7.2670627365928855
3657997,1131955,8226482,9358437,7.26749914970118
3658003,1131955,8226499,9358454,7.267514167966041
3658088,1131984,8226669,9358653,7.267478162235508
3658393,1132169,8227540,9359709,7.267059953063544
3660259,1132203,8231510,9363713,7.270348161946224
3660325,1132229,8231605,9363834,7.270265114212761
3660358,1132229,8231664,9363893,7.270317223812497
3660403,1132229,8231768,9363997,7.270409078022202
3660748,1132439,8232548,9364987,7.269749628898333
3660774,1132453,8232591,9365044,7.269697726969684
3660781,1132453,8232611,9365064,7.269715387746777
3660788,1132453,8232626,9365079,7.269728633329595
3660821,1132479,8232705,9365184,7.269631489855441
3660854,1132502,8232807,9365309,7.269573916867255
3660896,1132531,8232849,9365380,7.2694248545955915
3660979,1132556,8232977,9365533,7.2693774082694365
3660995,1132556,8233022,9365578,7.269417141404046
3661101,1132592,8233155,9365747,7.269303509118906
3661175,1132592,8233353,9365945,7.26947832935426
3661222,1132592,8233512,9366104,7.269618715300832
3661244,1132601,8233582,9366183,7.269622753290877
3661277,1132606,8233598,9366204,7.269604787543065
3661284,1132616,8233614,9366230,7.2695547299349474
3661377,1132684,8233875,9366559,7.269348732744525
3661566,1132801,8234381,9367182,7.269044607128701
3661665,1132865,8234801,9367666,7.269004691644636
3661773,1132865,8235106,9367971,7.269273920546579
3661783,1132865,8235137,9368002,7.269301284795628
3662092,1132870,8236247,9369117,7.2702490135673115
3662125,1132895,8236344,9369239,7.270174199727247
3662218,1132895,8236487,9369382,7.270300425017323
3662284,1132925,8236556,9369481,7.270168810821546
3662313,1132939,8236608,9369547,7.270124869917974
3662361,1132946,8236645,9369591,7.270112609074042
3662394,1132962,8236690,9369652,7.270049657446587
3662459,1132962,8236811,9369773,7.2701564571450765
3662494,1132962,8236904,9369866,7.27023854286375
3662509,1132962,8236952,9369914,7.270280909686291
3662572,1132971,8237141,9370112,7.270389974677198
3662589,1132979,8237158,9370137,7.2703536429183595
3662638,1132979,8237256,9370235,7.270440140549825
3662655,1132984,8237311,9370295,7.27045659956363
3662698,1132984,8237413,9370397,7.27054662731336
3662735,1133006,8237482,9370488,7.270466352340588
3662956,1133087,8237940,9371027,7.270350820369486
3662957,1133087,8237941,9371028,7.270351702914251
3662988,1133098,8238021,9371119,7.270351725976041
3663331,1133098,8239190,9372288,7.271383410790594
3664093,1133098,8240785,9373883,7.272791056025163
3664116,1133109,8240848,9373957,7.272776052436262
3664144,1133112,8240877,9373989,7.27278239044331
3664880,1133442,8241951,9375393,7.271612486567465
3664911,1133450,8242038,9375488,7.27163791962592
3665009,1133507,8242243,9375750,7.271453109685251
3665175,1133507,8242658,9376165,7.271819230053278
3665195,1133510,8242713,9376223,7.271848505968188
3665198,1133510,8242719,9376229,7.271853799260703
3665251,1133528,8242864,9376392,7.2718662441510045
3665349,1133588,8242994,9376582,7.271596029598055
3665377,1133598,8243034,9376632,7.27156716931399
3665386,1133603,8243063,9376666,7.271560678650286
3665418,1133603,8243136,9376739,7.271625075092427
3665432,1133608,8243173,9376781,7.271625641315164
3665685,1133608,8243615,9377223,7.272015546820418
3665717,1133613,8243671,9377284,7.272032871888378
3666187,1133613,8244465,9378078,7.272733287285873
3666283,1133626,8244589,9378215,7.27275926981209
3666317,1133626,8244693,9378319,7.272851010827204
3666388,1133626,8244820,9378446,7.272963040720661
3667033,1133968,8246721,9380689,7.272445959674347
3667051,1133979,8246760,9380739,7.272409806530809
3667110,1133982,8246922,9380904,7.272533426456505
3667281,1134086,8247278,9381364,7.272180416652706
3667334,1134117,8247367,9381484,7.272060113727243
3667341,1134117,8247383,9381500,7.27207422161911
3667350,1134117,8247413,9381530,7.272100673916359
3667403,1134137,8247490,9381627,7.272040326697745
3667444,1134137,8247621,9381758,7.272155833025463
3667453,1134139,8247630,9381769,7.272150944460952
3667453,1134139,8247630,9381769,7.272150944460952
3667469,1134149,8247677,9381826,7.272128265333744
3667488,1134157,8247736,9381893,7.272128990959805
3667492,1134157,8247741,9381898,7.272133399520525
3667570,1134206,8247950,9382156,7.272003498482639
3667616,1134206,8248069,9382275,7.272108417694845
3667618,1134206,8248071,9382277,7.27211018104295
3667668,1134217,8248109,9382326,7.272073157076644
3667675,1134219,8248136,9382355,7.2720841389537645
3667718,1134247,8248258,9382505,7.272012180768386
3667721,1134248,8248267,9382515,7.272013704233995
3667730,1134251,8248282,9382533,7.272007694945827
3667740,1134256,8248312,9382568,7.272002087712122
3667798,1134280,8248414,9382694,7.27193814578411
3667842,1134295,8248517,9382812,7.271932786444443
3667851,1134297,8248532,9382829,7.271933188574068
3667860,1134297,8248555,9382852,7.271953465450407
3667901,1134331,8248633,9382964,7.271804261719022
3667923,1134333,8248640,9382973,7.271797611459774
3667976,1134333,8248726,9383059,7.271873426939003
3668052,1134364,8248870,9383234,7.271801643916768
3668100,1134386,8248982,9383368,7.27175934822891
3668102,1134386,8248993,9383379,7.271769045104576
3668193,1134403,8249207,9383610,7.271848716902195
3670323,1134403,8257804,9392207,7.27942715243172
3670356,1134406,8257944,9392350,7.279531314185574
3670446,1134432,8258142,9392574,7.279539011593467
3670467,1134448,8258185,9392633,7.27947424650579
3670475,1134448,8258202,9392650,7.279489231767344
3670641,1134517,8258582,9393099,7.279381446025049
3670681,1134517,8258631,9393148,7.279424636210828
3670709,1134536,8258672,9393208,7.279338866285424
3670720,1134536,8258682,9393218,7.27934768046144
3670878,1134536,8259234,9393770,7.279834222977499
3670891,1134548,8259263,9393811,7.27978278574375
3671019,1134560,8259653,9394213,7.280049534621351
3671027,1134567,8259662,9394229,7.280012551043702
3671497,1134567,8260470,9395037,7.280724717006576
3671583,1134614,8260722,9395336,7.280645223838239
3671865,1134614,8260998,9395612,7.28088847837238
3672238,1134614,8261623,9396237,7.281439326502229
3672404,1134770,8262067,9396837,7.280829595424623
3672514,1134782,8262292,9397074,7.28095087867097
3672634,1134815,8262448,9397263,7.280876618655904
3672646,1134819,8262464,9397283,7.280865054250942
3672652,1134819,8262478,9397297,7.2808773910200655
3672722,1134836,8262529,9397365,7.280813262885562
3672754,1134843,8262567,9397410,7.280801837787253
3673001,1134876,8263022,9397898,7.280991051004691
3673016,1134881,8263064,9397945,7.28099598107643
3673211,1134881,8263463,9398344,7.281347559788207
3673225,1134881,8263500,9398381,7.281380162325389
3673232,1134881,8263520,9398401,7.281397785318461
3673238,1134881,8263538,9398419,7.281413646012225
3673249,1134881,8263566,9398447,7.281438318202525
3673808,1134881,8265149,9400030,7.282833178104136
3673990,1134881,8265555,9400436,7.283190924863488
3674304,1134933,8266113,9401046,7.283348884912149
3675476,1135252,8266697,9401949,7.28181672439247
3675526,1135283,8266786,9402069,7.281696281896232
3675560,1135283,8266852,9402135,7.281754417180562
3675638,1135296,8267002,9402298,7.281803159704606
3675648,1135298,8267041,9402339,7.2818246839155885
3675706,1135318,8267160,9402478,7.281801222212631
3675731,1135332,8267236,9402568,7.281778369675126
3675824,1135347,8267401,9402748,7.281827494149366
3676186,1135494,8268043,9403537,7.281450188200026
3676334,1135535,8268323,9403858,7.281433861571858
3676389,1135549,8268435,9403984,7.281442720657585
3676498,1135579,8268666,9404245,7.281453778204775
3676963,1135673,8270096,9405769,7.282110255328779
3676965,1135677,8270106,9405783,7.282093412123341
3676972,1135677,8270113,9405790,7.2820995758477105
3676993,1135677,8270142,9405819,7.282125111277238
3677062,1135711,8270238,9405949,7.281991633434914
3677089,1135711,8270276,9405987,7.282025092651211
3677094,1135711,8270288,9405999,7.282035658719516
3677133,1135730,8270449,9406179,7.282055594199326
3677168,1135740,8270489,9406229,7.282026696250902
3677241,1135767,8270597,9406364,7.2819486743319715
3677321,1135777,8270726,9406503,7.281998138719132
3677322,1135777,8270731,9406508,7.282002540991762
3677390,1135838,8270896,9406734,7.281756729392748
3677397,1135838,8270913,9406751,7.281771696315848
3677421,1135844,8270936,9406780,7.2817534802314405
3677449,1135844,8271041,9406885,7.281845922503442
3677573,1135844,8271189,9407033,7.281976222086836
3677663,1135890,8271408,9407298,7.2818741251353565
3677806,1135947,8271652,9407599,7.281723531115448
3677889,1135947,8271918,9407865,7.281957696970017
3677916,1135972,8271949,9407921,7.281824728074284
3677985,1136028,8272188,9408216,7.281676155869397
3677996,1136032,8272201,9408233,7.281661960226472
3678012,1136042,8272252,9408294,7.281642756165705
3678018,1136042,8272270,9408312,7.281658600650328
3678387,1136308,8273635,9409943,7.281155285362772
3678425,1136308,8273735,9410043,7.281243289671463
3678453,1136308,8273828,9410136,7.2813251336785445
3678503,1136308,8273956,9410264,7.281437779193669
3678542,1136308,8273991,9410299,7.281468580701711
3678603,1136351,8274075,9410426,7.281266967688681
3678642,1136374,8274133,9410507,7.281170635723802
3678676,1136374,8274307,9410681,7.28132375432736
3678687,1136374,8274337,9410711,7.281350154086595
3678694,1136374,8274360,9410734,7.281370393902008
3678700,1136374,8274373,9410747,7.281381833797676
3678704,1136378,8274386,9410764,7.281367643512986
3678898,1136454,8274766,9411220,7.2812150777770155
3678905,1136454,8274786,9411240,7.2812326763775745
3678937,1136465,8274886,9411351,7.281250192482831
3679099,1136509,8275259,9411768,7.281296496552161
3679143,1136510,8275342,9411852,7.281363120430089
3679423,1136601,8275734,9412335,7.281125038601937
3679499,1136607,8275798,9412405,7.281142910434301
3679569,1136607,8275919,9412526,7.281249367635427
3679615,1136625,8276066,9412691,7.281263389420434
3679633,1136646,8276135,9412781,7.281189570015642
3679653,1136648,8276166,9412814,7.281204031503156
3679693,1136668,8276266,9412934,7.281163893062882
3679701,1136668,8276312,9412980,7.281204362223622
3679942,1136705,8276567,9413272,7.281191690016319
3679980,1136729,8276666,9413395,7.281125052673064
3680042,1136756,8276773,9413529,7.28104624035413
3680095,1136756,8276896,9413652,7.281154442993923
3680121,1136765,8276955,9413720,7.281148698279767
3680192,1136765,8277029,9413794,7.2812137952875045
3680207,1136771,8277062,9413833,7.281204393848893
3680217,1136771,8277067,9413838,7.281208792272146
3680384,1136795,8277505,9414300,7.281440365237356
3680440,1136795,8277736,9414531,7.281643568101549
3680447,1136799,8277749,9414548,7.28162938215111
3681440,1136814,8279004,9415818,7.282637265199057
3681519,1136814,8279108,9415922,7.282728748942219
3681528,1136817,8279121,9415938,7.282720965643547
3681531,1136817,8279130,9415947,7.282728882485044
3681587,1136846,8279309,9416155,7.282700559266602
3681652,1136878,8279492,9416370,7.282656538344484
3681686,1136878,8279492,9416370,7.282656538344484
3681692,1136878,8279510,9416388,7.28267237117791
3681716,1136887,8279545,9416432,7.2826455047863154
3681722,1136887,8279559,9416446,7.282657819114829
3681731,1136889,8279574,9416463,7.2826582014603005
3682559,1137169,8280775,9417944,7.281921156837726
3682778,1137284,8281206,9418490,7.281563795850465
3682800,1137300,8281248,9418548,7.28149828541282
3682835,1137300,8281393,9418693,7.281625780356986
3682860,1137305,8281458,9418763,7.281650920377559
3682895,1137308,8281542,9418850,7.281705571401942
3683054,1137308,8281863,9419171,7.28198781684469
3683064,1137311,8281892,9419203,7.281994107152749
3683081,1137319,8281919,9419238,7.281966625019014
3683102,1137323,8281932,9419255,7.281952444468282
3683199,1137326,8282000,9419326,7.281993025746356
3683216,1137326,8282066,9419392,7.282051056601186
3683238,1137342,8282119,9419461,7.28199521340107
3683259,1137347,8282127,9419474,7.281970234238099
3683400,1137392,8282251,9419643,7.281791150280642
3683535,1137425,8282474,9419899,7.281775941270853
3683777,1137569,8283124,9420693,7.2814255662733425
3683785,1137569,8283149,9420718,7.281447542962229
3683855,1137569,8283244,9420813,7.2815310543799985
3683885,1137587,8283284,9420871,7.281451001110245
3684299,1137994,8286502,9424496,7.28167459582388
3684300,1137994,8286502,9424496,7.28167459582388
3684445,1138019,8286561,9424580,7.281566476482379
3684546,1138073,8286753,9424826,7.28138968238417
3684578,1138102,8286803,9424905,7.28124807794029
3684767,1138191,8287095,9425286,7.280935273605221
3684860,1138211,8287200,9425411,7.280899587159147
3686049,1138211,8289191,9427402,7.2826488234606765
3686055,1138211,8289205,9427416,7.2826611234648055
3686062,1138211,8289225,9427436,7.2826786948992766
3686111,1138226,8289320,9427546,7.2826661840442934
3686143,1138232,8289372,9427604,7.2826734795718275
3686262,1138280,8289596,9427876,7.282563165477739
3686311,1138280,8289746,9428026,7.282694943247707
3686417,1138283,8290104,9428387,7.282990258134401
3686427,1138283,8290129,9428412,7.283012221038177
3687713,1138966,8295051,9434017,7.282966304525333
3687718,1138966,8295067,9434033,7.28298035235468
3687765,1138969,8295122,9434091,7.283009458554184
3687897,1138970,8295652,9434622,7.2834683968849045
3688023,1138970,8295931,9434901,7.28371335504886
3689292,1139602,8298150,9437752,7.281621127376049
3689310,1139602,8298204,9437806,7.281668512340273
3689332,1139616,8298221,9437837,7.281593975514559
3689441,1139616,8298425,9438041,7.281772983180299
3689542,1139633,8298771,9438404,7.281967966880566
3689566,1139633,8298830,9438463,7.282019737933177
3689606,1139638,8298925,9438563,7.282071148908688
3689868,1139826,8299556,9439382,7.281423655891338
3689943,1139844,8299656,9439500,7.281396401612852
3689962,1139855,8299676,9439531,7.281343679678556
3690493,1139855,8300285,9440140,7.281877958161345
3690505,1139855,8300295,9440150,7.28188673120704
3690510,1139863,8300316,9440179,7.281854047372359
3690553,1139896,8300401,9440297,7.281717805834918
3690565,1139896,8300442,9440338,7.281753774028508
3690668,1139896,8300797,9440693,7.282065205948613
3690678,1139896,8300816,9440712,7.282081874135886
3690693,1139899,8300834,9440733,7.282078499937275
3690703,1139903,8300844,9440747,7.2820617192866415
3690825,1140005,8301152,9441157,7.281680343507265
3690907,1140062,8301353,9441415,7.281492585490964
3690918,1140062,8301400,9441462,7.281533811319034
3691034,1140105,8301675,9441780,7.281500388122146
3691194,1140131,8301840,9441971,7.281479058108235
3691204,1140131,8301883,9442014,7.281516773072568
3691267,1140167,8302141,9442308,7.281513146758326
3691300,1140178,8302209,9442387,7.28150253732312
3691395,1140186,8302502,9442688,7.281708423011684
3691425,1140191,8302523,9442714,7.2816949090108585
3691457,1140212,8302564,9442776,7.281596755691047
3691469,1140212,8302577,9442789,7.28160815707956
3691521,1140220,8302711,9442931,7.281674589114381
3691567,1140227,8302824,9443051,7.28172898905218
3691629,1140253,8302986,9443239,7.2817050251128475
3691652,1140257,8303023,9443280,7.28171192985441
3691879,1140398,8303847,9444245,7.281534166141996
3691896,1140405,8303864,9444269,7.281504377830683
3691971,1140405,8304286,9444691,7.281874421806288
3692103,1140449,8304637,9445086,7.281901251173879
3692121,1140467,8304680,9445147,7.281824024719699
3692176,1140503,8304723,9445226,7.281631876461526
3692443,1140513,8305571,9446084,7.282311556290897
3692484,1140539,8305629,9446168,7.2821964001231
3692631,1140539,8305885,9446424,7.282420855402577
3692678,1140556,8305918,9446474,7.282341244094985
3692707,1140581,8305999,9446580,7.282252641416962
3692714,1140581,8306019,9446600,7.282270176339953
3692728,1140589,8306048,9446637,7.282244524539514
3692786,1140624,8306169,9446793,7.282127151453941
3693662,1140780,8308273,9449053,7.2829756833044055
3693696,1140798,8308313,9449111,7.282895832566326
3693707,1140807,8308323,9449130,7.282847142417604
3693740,1140828,8308376,9449204,7.282759539562493
3693772,1140828,8308547,9449375,7.282909430694198
3693836,1140872,8308656,9449528,7.282724091747365
3694107,1140932,8309481,9450413,7.283064196639239
3694469,1140932,8309724,9450656,7.283277180410401
3694502,1140937,8309753,9450690,7.28327068015149
3694508,1140937,8309771,9450708,7.283286456657993
3694513,1140937,8309773,9450710,7.2832882096031595
3694544,1140949,8309790,9450739,7.2832265070568445
3694591,1140967,8309822,9450789,7.283139652592932
3694785,1140968,8310342,9451310,7.283589022654448
3694802,1140968,8310371,9451339,7.2836144396687725
3694873,1140968,8310613,9451581,7.283826540271068
3694881,1140968,8310635,9451603,7.283845822144004
3694889,1140968,8310654,9451622,7.283862474670631
3694898,1140968,8310727,9451695,7.283926455430827
3695481,1140968,8311941,9452909,7.284990464237384
3695498,1140968,8311975,9452943,7.285020263495558
3695519,1140968,8312018,9452986,7.28505795079266
3695540,1140979,8312066,9453045,7.285029785824279
3695595,1141010,8312187,9453197,7.284937905890395
3695604,1141013,8312196,9453209,7.284926639749065
3695613,1141013,8312212,9453225,7.284940662376327
3695615,1141013,8312215,9453228,7.284943291618939
3695875,1141026,8313584,9454610,7.286060089778848
3695884,1141029,8313597,9454626,7.286052326452702
3695918,1141029,8313703,9454732,7.28614522505563
3695933,1141029,8313710,9454739,7.286151359869031
3695944,1141030,8313731,9454761,7.2861633787016995
3695959,1141039,8313774,9454813,7.286143593689611
3696077,1141096,8314041,9455137,7.286013621991489
3696169,1141145,8314347,9455492,7.285968917184056
3696195,1141145,8314413,9455558,7.2860267538305825
3696213,1141152,8314429,9455581,7.285996081153081
3696280,1141168,8314595,9455763,7.286039391220224
3696426,1141231,8314783,9456014,7.285801910393251
3696459,1141238,8314823,9456061,7.285792271200223
3696481,1141238,8314864,9456102,7.285828197098239
3696955,1141239,8316243,9457482,7.287030148811949
3697076,1141241,8316600,9457841,7.287330195813154
3697084,1141241,8316625,9457866,7.287352101790945
3697097,1141244,8316636,9457880,7.287342584057397
3697118,1141244,8316679,9457923,7.287380262240152
3697149,1141252,8316726,9457978,7.28737036167297
3697155,1141252,8316740,9457992,7.287382628902293
3697166,1141252,8316767,9458019,7.287406287130274
3697199,1141255,8316785,9458040,7.2874029029445655
3697262,1141271,8316887,9458158,7.287390111551069
3697271,1141273,8316902,9458175,7.287390484134821
3697340,1141301,8317073,9458374,7.287361528641436
3697347,1141301,8317090,9458391,7.287376423923225
3697364,1141315,8317125,9458440,7.28731769932052
3699802,1142566,8322369,9464935,7.283928455774109
3699838,1142575,8322434,9465009,7.283927969717524
3699849,1142582,8322456,9465038,7.283902599550842
3699923,1142598,8322608,9465206,7.283933631951045
3700045,1142648,8322876,9465524,7.283849444448334
3700429,1142648,8322876,9465524,7.283849444448334
3700474,1142655,8323005,9465660,7.283917717946362
3700499,1142674,8323042,9465716,7.283828983594621
3700603,1142688,8323359,9466047,7.284017159539612
3700640,1142698,8323463,9466161,7.284044428186625
3700661,1142700,8323463,9466163,7.284031679355912
3700951,1142861,8324079,9466940,7.283544543037167
3717287,1142979,8356074,9499053,7.310785237524049
3717434,1142979,8356330,9499309,7.3110092136425955
3717758,1143083,8356966,9500049,7.310900433301868
3717774,1143083,8356973,9500056,7.310906557091655
3717824,1143083,8357142,9500225,7.311054402873632
3717828,1143083,8357161,9500244,7.311071024588766
3717839,1143083,8357173,9500256,7.3110815225141135
3717885,1143100,8357282,9500382,7.311068148018546
3717900,1143106,8357297,9500403,7.311042895409525
3717981,1143131,8357495,9500626,7.311056213154923
3717996,1143131,8357518,9500649,7.311076333333625
3718190,1143244,8357785,9501029,7.3105872412188475
3718216,1143244,8357848,9501092,7.3106423475653495
3718496,1143330,8358181,9501511,7.310383703742576
3718512,1143330,8358181,9501511,7.310383703742576
3718517,1143330,8358181,9501511,7.310383703742576
3718569,1143330,8358418,9501748,7.310590992976656
3718579,1143330,8358418,9501748,7.310590992976656
3718629,1143364,8358523,9501887,7.310465433580207
3718639,1143367,8358542,9501909,7.310462869752231
3718664,1143379,8358605,9501984,7.310441244766609
3718684,1143408,8358672,9502080,7.310314428445489
3718720,1143419,8358767,9502186,7.310327185397479
3718792,1143452,8358867,9502319,7.310203663992891
3718839,1143483,8358972,9502455,7.310097307961727
3718878,1143493,8359043,9502536,7.310095470632527
3718936,1143509,8359260,9502769,7.310182954397385
3719108,1143577,8359832,9503409,7.310248457252988
3719177,1143595,8359925,9503520,7.310214717622935
3719301,1143603,8360329,9503932,7.310516848941459
3719313,1143603,8360344,9503947,7.310529965381343
3719329,1143603,8360370,9503973,7.310552700543807
3719446,1143674,8360808,9504482,7.310481833109785
3719479,1143687,8360846,9504533,7.310431962591164
3719503,1143689,8360850,9504539,7.310422676094638
3719515,1143689,8360893,9504582,7.3104602737282605
3719676,1143689,8361213,9504902,7.310740070071497
3719689,1143689,8361262,9504951,7.3107829138865545
3719725,1143703,8361371,9505074,7.3107887274930645
3719746,1143708,8361438,9505146,7.310815347973434
3719813,1143711,8361588,9505299,7.3109273234234875
3719909,1143761,8361868,9505629,7.310852529505727
3720469,1143916,8362624,9506540,7.310522800625221
3720583,1143926,8362664,9506590,7.310493860616858
3720590,1143926,8362675,9506601,7.310503476623488
3721176,1144275,8363832,9508107,7.309284918398112
3721185,1144277,8363855,9508132,7.3092922430495415
3721397,1144402,8364501,9508903,7.309058355368131
3721447,1144417,8364564,9508981,7.309017604596926
3721453,1144424,8364584,9509008,7.308990374196976
3721553,1144461,8364797,9509258,7.308940191059372
3721604,1144487,8364906,9509393,7.308869388643122
3721662,1144493,8364932,9509425,7.308853789407188
3721716,1144522,8365032,9509554,7.30875596974108
3721800,1144583,8365227,9509810,7.308536820833439
3721855,1144595,8365294,9509889,7.308518733700566
3721863,1144595,8365314,9509909,7.308536207130033
3721897,1144601,8365342,9509943,7.3085223584463055
3721952,1144632,8365458,9510090,7.308425764787286
3721986,1144643,8365542,9510185,7.308428916264722
3721986,1144643,8365542,9510185,7.308428916264722
3722061,1144643,8365763,9510406,7.308621989563559
3722082,1144643,8365871,9510514,7.308716342125885
3722099,1144645,8365879,9510524,7.308710560916267
3722124,1144645,8365923,9510568,7.308749000781901
3724045,1145372,8373401,9518773,7.310638814289157
3724077,1145372,8373449,9518821,7.3106807220710825
3724082,1145374,8373461,9518835,7.310678433420001
3724104,1145391,8373512,9518903,7.310614453928833
3724106,1145391,8373515,9518906,7.310617073121755
3724107,1145391,8373515,9518906,7.310617073121755
3724114,1145391,8373538,9518929,7.310637153600823
3724134,1145395,8373542,9518937,7.310615115309566
3724142,1145395,8373567,9518962,7.310636941841024
3724167,1145402,8373582,9518984,7.310605359515699
3724437,1145440,8374134,9519574,7.3108447408855985
3724445,1145440,8374154,9519594,7.31086220142478
3724802,1145624,8374636,9520260,7.310108726772484
3724808,1145630,8374646,9520276,7.310079170412786
3724885,1145630,8374791,9520421,7.310205738327383
3724908,1145649,8374843,9520492,7.310129891441445
3725161,1145649,8375285,9520934,7.310515698961899
3725226,1145649,8375428,9521077,7.310640519042045
3725357,1145712,8375733,9521445,7.3105047341740335
3725364,1145712,8375753,9521465,7.310522190567961
3725371,1145712,8375770,9521482,7.3105370285028
3726032,1145908,8377391,9523299,7.310701208124911
3726074,1145908,8377521,9523429,7.310814655277736
3726082,1145908,8377541,9523449,7.310832108685863
3726114,1145916,8377605,9523521,7.310836919983664
3726797,1145938,8379769,9525707,7.312584974056188
3726877,1145938,8380083,9526021,7.312858985390134
3727164,1146162,8380611,9526773,7.31189046574568
3727175,1146171,8380629,9526800,7.311848755552182
3727294,1146180,8380906,9527086,7.312033014011761
3727304,1146187,8380931,9527118,7.312010169370269
3727354,1146223,8381022,9527245,7.311859908586723
3727400,1146257,8381110,9527367,7.311719797567212
3727416,1146267,8381148,9527415,7.3116891614257415
3727433,1146267,8381173,9527440,7.311710971353096
3727749,1146391,8381922,9528313,7.311573450943003
3727815,1146396,8382140,9528536,7.311731722720595
3727918,1146443,8382278,9528721,7.311552340587364
3727938,1146445,8382285,9528730,7.311545691245546
3727963,1146450,8382298,9528748,7.311525142832221
3727994,1146469,8382349,9528818,7.311448456085598
3728007,1146482,8382385,9528867,7.311396951718387
3728107,1146482,8382625,9529107,7.311606287756807
3728114,1146482,8382642,9529124,7.311621115726195
3728187,1146482,8382720,9529202,7.311689149938682
3728451,1146608,8383268,9529876,7.31136360464954
3728522,1146608,8383440,9530048,7.311513612324352
3728545,1146622,8383472,9530094,7.311452248430608
3728582,1146649,8383528,9530177,7.311328924544477
3728641,1146673,8383636,9530309,7.311270083101285
3728727,1146695,8383729,9530424,7.311210914846581
3728775,1146704,8383884,9530588,7.3112887022283
3728793,1146711,8383914,9530625,7.311270232865997
3728876,1146805,8384103,9530908,7.310835756732836
3728960,1146819,8384288,9531107,7.310907824164057
3729064,1146875,8384560,9531435,7.3107880108991825
3729191,1146948,8385086,9532034,7.3107813083069155
3729267,1146975,8385212,9532187,7.310719065367597
3729367,1146975,8385313,9532288,7.310807123084635
3729379,1146975,8385349,9532324,7.310838509993679
3729434,1147000,8385436,9532436,7.310755013077594
3729460,1147010,8385481,9532491,7.310730508016495
3729568,1147010,8386038,9533048,7.311216118429656
3729574,1147010,8386052,9533062,7.311228324077383
3729583,1147012,8386068,9533080,7.311229525061639
3729679,1147012,8386284,9533296,7.311417840441076
3729747,1147049,8386543,9533592,7.311407795133425
3729758,1147054,8386552,9533606,7.311383770947139
3729775,1147058,8386598,9533656,7.3113983774142195
3729908,1147093,8386689,9533782,7.311254623644291
3729910,1147093,8386689,9533782,7.311254623644291
3730614,1147093,8387552,9534645,7.312006960202878
3730646,1147098,8387640,9534738,7.3120518037691635
3730646,1147098,8387640,9534738,7.3120518037691635
3730743,1147144,8387822,9534966,7.311917248401247
3730744,1147144,8387824,9534968,7.3119189918615275
3733034,1148196,8395279,9543475,7.31171246024198
3733042,1148196,8395297,9543493,7.311728137007967
3733110,1148236,8395546,9543782,7.311690279698599
3733256,1148309,8395766,9544075,7.311417048895375
3733263,1148313,8395778,9544091,7.3114020306310215
3733285,1148319,8395809,9544128,7.31139082432669
3733335,1148346,8395863,9544209,7.311265942494684
3733402,1148406,8396016,9544422,7.311017183818266
3733542,1148506,8396414,9544920,7.310727153362716
3733616,1148539,8396513,9545052,7.310603296884128
3733664,1148543,8396563,9545106,7.310621369857289
3733947,1148653,8396840,9545493,7.310162425031755
3733986,1148653,8396943,9545596,7.310252095280298
3734002,1148663,8396983,9545646,7.310223276975057
3734059,1148686,8397058,9545744,7.310142197258433
3734218,1148735,8397513,9546248,7.310226466504459
3734262,1148765,8397647,9546412,7.310152206935274
3734321,1148780,8397693,9546473,7.31009679834259
3734582,1148780,8398171,9546951,7.310512891937534
3734584,1148782,8398175,9546957,7.310503646470784
3734793,1148920,8398553,9547473,7.309954566027225
3734803,1148920,8398584,9547504,7.309981547888452
3734863,1148985,8398778,9547763,7.3097368547021935
3734879,1148985,8398816,9547801,7.309769927370679
3734912,1148985,8399063,9548048,7.309984899715836
3734936,1148985,8399129,9548114,7.3100423417189955
3735094,1149004,8399431,9548435,7.310184298749178
3735100,1149004,8399445,9548449,7.310196483215028
3735117,1149015,8399477,9548492,7.310154349595088
3735128,1149015,8399489,9548504,7.3101647933229765
3735144,1149017,8399506,9548523,7.310166864371894
3735158,1149017,8399597,9548614,7.310246062503862
3735164,1149017,8399615,9548632,7.3102617280684274
3735167,1149020,8399621,9548641,7.310247863396634
3735171,1149020,8399628,9548648,7.3102539555447255
3735249,1149046,8399857,9548903,7.310287838781041
3735310,1149046,8400041,9549087,7.3104479716216755
3735334,1149046,8400062,9549108,7.310466247652401
3735545,1149156,8400476,9549632,7.310126736491825
3735546,1149156,8400481,9549637,7.3101310875111825
3735567,1149160,8400524,9549684,7.310143061018483
3735600,1149160,8400667,9549827,7.31026749973894
3735634,1149160,8400779,9549939,7.310364962233283
3735681,1149175,8400847,9550022,7.310328714077491
3735794,1149235,8401024,9550259,7.31010106723168
3736032,1149302,8401644,9550946,7.310214373593712
3736070,1149314,8401752,9551066,7.3102320166638535
3736081,1149314,8401779,9551093,7.310255508938376
3736092,1149315,8401800,9551115,7.310267420158964
3736238,1149315,8402003,9551318,7.31044404710632
3736247,1149321,8402027,9551348,7.310426765020391
3736256,1149321,8402046,9551367,7.310443296520293
3736308,1149332,8402135,9551467,7.310450766184183
3736337,1149341,8402199,9551540,7.310449205240221
3736372,1149375,8402249,9551624,7.310276454594889
3736534,1149375,8402959,9552334,7.310894181620446
3736558,1149383,8402996,9552379,7.310875487109171
3736658,1149410,8403052,9552462,7.310752473007891
3736674,1149423,8403106,9552529,7.310716768326369
3736681,1149426,8403132,9552558,7.310720307353409
3736685,1149427,8403139,9552566,7.310720037027145
3736705,1149430,8403179,9552609,7.3107357559834005
3736711,1149430,8403197,9552627,7.310751415919195
3736720,1149432,8403220,9552652,7.310758705169162
3736828,1149432,8403653,9553085,7.311135412969188
3736835,1149434,8403687,9553121,7.311152271465782
3736988,1149504,8403975,9553479,7.310957595623852
3737084,1149540,8404218,9553758,7.310940028185187
3737182,1149540,8404508,9554048,7.31119230300816
3737254,1149568,8404624,9554192,7.3111151319452174
3737282,1149587,8404659,9554246,7.311024741929058
3737477,1149603,8405149,9554752,7.311349222296741
3737492,1149609,8405188,9554797,7.311344987730611
3737525,1149634,8405259,9554893,7.3112477536328955
3737565,1149663,8405336,9554999,7.311130305141593
3738072,1149989,8406141,9556130,7.30975774550887
3738119,1149989,8406235,9556224,7.309839485421165
3738243,1150006,8406782,9556788,7.310207077180467
3738328,1150057,8407031,9557088,7.310099412463904
3738346,1150057,8407096,9557153,7.310155931401661
3739044,1150070,8408979,9559049,7.311710591529211
3739060,1150076,8408997,9559073,7.31168809713445
3739258,1150195,8409492,9559687,7.311361986445776
3739287,1150197,8409572,9559769,7.311418826514067
3739566,1150258,8410110,9560368,7.311498811570969
3739583,1150258,8410155,9560413,7.311537933228893
3739588,1150258,8410167,9560425,7.311548365671006
3739605,1150263,8410177,9560440,7.311525277262678
3739625,1150263,8410241,9560504,7.311580916712091
3739689,1150294,8410366,9560660,7.3114925401679915
3739722,1150294,8410414,9560708,7.311534268630455
3740502,1150294,8411875,9562169,7.3128043787066614
3740509,1150294,8411891,9562185,7.312818288194149
3740548,1150313,8412052,9562365,7.3128374624993375
3740560,1150330,8412131,9562461,7.312798066641746
3749391,1150330,8438622,9588952,7.33582711048134
3749541,1150357,8438939,9589296,7.3359304980975475
3749567,1150371,8438996,9589367,7.335890769151865
3749594,1150371,8439050,9589421,7.335937710529907
3749604,1150371,8439066,9589437,7.335951619086364
3749609,1150376,8439083,9589459,7.3359345118465615
3749636,1150376,8439149,9589525,7.335991884392581
3749702,1150392,8439291,9589683,7.336013289383097
3749764,1150419,8439373,9589792,7.335912393658311
3749808,1150442,8439470,9589912,7.3358500471992505
3749817,1150442,8439496,9589938,7.335872647208638
3749823,1150442,8439515,9589957,7.335889162600114
3749937,1150500,8439783,9590283,7.3357522816166885
3749953,1150509,8439798,9590307,7.335707934488126
3750010,1150530,8439960,9590490,7.335714844462987
3750040,1150544,8440012,9590556,7.335670778344853
3750041,1150544,8440015,9590559,7.335673385807062
3750092,1150544,8440041,9590585,7.335695983812875
3750129,1150557,8440074,9590631,7.335641780459378
3750142,1150565,8440093,9590658,7.335607288592995
3750147,1150567,8440101,9590668,7.335601490395605
3750426,1150608,8440630,9591238,7.335799855380808
3750451,1150614,8440685,9591299,7.335809402631986
3750463,1150617,8440703,9591320,7.335805919780431
3750484,1150629,8440760,9591389,7.335778952207879
3750500,1150638,8440783,9591421,7.335741562507061
3750550,1150638,8440922,9591560,7.335862365053127
3750579,1150638,8441002,9591640,7.335931891698345
3750696,1150691,8441451,9592142,7.33598420427378
3750740,1150711,8441556,9592267,7.335947948703019
3750741,1150711,8441558,9592269,7.335949686758882
3750794,1150726,8441630,9592356,7.335916630023133
3750816,1150726,8441665,9592391,7.335947045604254
3750952,1150740,8441718,9592458,7.335903853172741
3751990,1151254,8442943,9594197,7.333692651665054
3752088,1151274,8443053,9594327,7.333660796647887
3752225,1151369,8443292,9594661,7.333263271809472
3752421,1151369,8443765,9595134,7.333674087108477
3752507,1151398,8443876,9595274,7.3335857800690984
3752515,1151398,8443901,9595299,7.3336074928044
3752545,1151408,8443935,9595343,7.333573329349805
3752548,1151408,8443944,9595352,7.333581145866626
3752687,1151408,8443944,9595352,7.333581145866626
3752855,1151493,8444523,9596016,7.333542626833164
3752939,1151522,8444750,9596272,7.333555068856696
3753090,1151593,8445210,9596803,7.333502374536837
3753151,1151619,8445314,9596933,7.33342711434945
3753980,1151677,8448187,9599864,7.335552416172242
3754018,1151677,8448305,9599982,7.335654875455531
3754132,1151751,8448709,9600460,7.335534329902904
3754152,1151752,8448724,9600476,7.3355409845175
3754196,1151768,8448799,9600567,7.3355041987622505
3754210,1151782,8448849,9600631,7.335458446129563
3754233,1151795,8448936,9600731,7.3354511870601975
3754284,1151795,8449255,9601050,7.33572814606766
3754299,1151804,8449294,9601098,7.335704685866693
3754484,1151895,8449719,9601614,7.335494120557863
3754538,1151895,8449797,9601692,7.335561835063092
3754632,1151912,8450015,9601927,7.3356428268826095
3754681,1151912,8450206,9602118,7.335808638159859
3754718,1151927,8450273,9602200,7.335771277172946
3754791,1151951,8450377,9602328,7.335708723721756
3754820,1151973,8450410,9602383,7.335597275283361
3754884,1151990,8450566,9602556,7.335624441184385
3754959,1151991,8450869,9602860,7.335881096293287
3755004,1151991,8451015,9603006,7.3360078333945316
3755009,1151991,8451027,9603018,7.336018250142579
3755724,1152413,8452856,9605269,7.334918991715644
3755832,1152462,8453000,9605462,7.334732077934023
3755853,1152462,8453037,9605499,7.334764183114063
3755860,1152462,8453049,9605511,7.3347745956048875
3756461,1152905,8454188,9607093,7.332944171462523
3756488,1152905,8454268,9607173,7.333013561394911
3756502,1152911,8454287,9607198,7.332991878818053
3756522,1152917,8454306,9607223,7.332970196466875
3756531,1152917,8454328,9607245,7.332989278499666
3756707,1152926,8455345,9608271,7.333814138982033
3756811,1152974,8455502,9608476,7.333644991127294
3756823,1152982,8455521,9608503,7.333610585421108
3756860,1153001,8455581,9608582,7.333541774898721
3756864,1153001,8455583,9608584,7.333543509502594
3756965,1153039,8455895,9608934,7.333572411687722
3757001,1153075,8456051,9609126,7.333478741625653
3757031,1153092,8456083,9609175,7.333398375845119
3758094,1153447,8458246,9611693,7.333016601543027
3758190,1153486,8458378,9611864,7.332883103912835
3758198,1153486,8458399,9611885,7.332901309595435
3758234,1153486,8458504,9611990,7.332992338008437
3758245,1153490,8458530,9612020,7.332989449410051
3758256,1153490,8458540,9612030,7.332998118752655
3758449,1153561,8458861,9612422,7.332825052164559
3758585,1153599,8459152,9612751,7.3328357600864775
3758608,1153604,8459211,9612815,7.3328551218615745
3758777,1153604,8459211,9612815,7.3328551218615745
3758792,1153604,8459211,9612815,7.3328551218615745
3758804,1153604,8459252,9612856,7.332890662653735
3759090,1153736,8459789,9613525,7.3325171443033765
3759167,1153743,8459938,9613681,7.3326018012677
3759548,1153955,8460441,9614396,7.331690577188885
3759555,1153955,8460457,9614412,7.331704442547586
3759611,1153975,8460548,9614523,7.331656231720792
3759639,1153978,8460625,9614603,7.331703897301335
3759754,1154004,8460854,9614858,7.331737151690982
3759758,1154006,8460865,9614871,7.331733977119703
3759765,1154006,8460888,9614894,7.331753907691987
3759789,1154009,8460970,9614979,7.331805904460017
3759800,1154015,8460989,9615004,7.33178424890491
3759840,1154034,8461093,9615127,7.331753657171279
3759907,1154060,8461200,9615260,7.331681195085178
3760192,1154191,8461575,9615766,7.331173956476874
3760238,1154212,8461609,9615821,7.331070028729558
3760321,1154216,8461739,9615955,7.331157253061819
3760334,1154216,8461777,9615993,7.331190175842304
3760359,1154225,8461854,9616079,7.331199722757694
3760385,1154235,8461897,9616132,7.331173461210239
3760423,1154235,8461974,9616209,7.3312401720620155
3760590,1154430,8462284,9616714,7.330270349869632
3760605,1154437,8462304,9616741,7.330243226785004
3760619,1154437,8462368,9616805,7.330298665063577
3760770,1154512,8462658,9617170,7.3300736588272795
3760770,1154512,8462658,9617170,7.3300736588272795
3760962,1154624,8462938,9617562,7.3296051355246385
3760994,1154624,8463028,9617652,7.329683082977662
3761029,1154624,8463140,9617764,7.329780084252536
3761171,1154682,8463362,9618044,7.32960416807398
3761187,1154682,8463388,9618070,7.329626685095983
3761226,1154691,8463480,9618171,7.3296492308331835
3761262,1154704,8463527,9618231,7.329607414540869
3761302,1154720,8463595,9618315,7.329564742967992
3761770,1154744,8464568,9619312,7.330255017562334
3761833,1154770,8464759,9619529,7.330255375529326
3761901,1154812,8464927,9619739,7.330134255619097
3762109,1154835,8465025,9619860,7.330073127329879
3762653,1154968,8465562,9620530,7.329693982863595
3762683,1154981,8465589,9620570,7.32963485979423
3762742,1154985,8465630,9620615,7.329644973744248
3762771,1154991,8465677,9620668,7.329647590327544
3762792,1154991,8465746,9620737,7.329707331052796
3763015,1155114,8466468,9621582,7.329551888385042
3763024,1155117,8466502,9621619,7.329562286764025
3763206,1155117,8467046,9622163,7.330033234728603
3763637,1155171,8468665,9623836,7.331092106709742
3763650,1155176,8468678,9623854,7.331071628911958
3763651,1155177,8468687,9623864,7.3310730736501855
3763668,1155185,8468707,9623892,7.331039617031038
3763700,1155199,8468754,9623953,7.330991456883186
3763707,1155199,8468766,9623965,7.331001844703813
3763752,1155210,8468902,9624112,7.3310497658434395
3763787,1155219,8468949,9624168,7.331033336536189
3763821,1155219,8469046,9624265,7.331117303299202
3763881,1155258,8469233,9624491,7.3310316829660565
3763935,1155261,8469396,9624657,7.331153739284889
3763999,1155312,8469495,9624807,7.330915804561885
3764003,1155312,8469497,9624809,7.330917535695985
3764071,1155312,8469639,9624951,7.331040446217126
3764201,1155312,8470025,9625337,7.331374555098536
3764273,1155312,8470162,9625474,7.331493137784426
3764299,1155324,8470196,9625520,7.331446416762744
3764378,1155367,8470407,9625774,7.331356183792682
3764450,1155391,8470558,9625949,7.33133458716573
3764469,1155408,8470623,9626031,7.331282975364546
3764476,1155410,8470641,9626051,7.331285863892471
3764680,1155496,8470978,9626474,7.331031868565534
3764681,1155496,8470983,9626479,7.331036195711625
3764947,1155532,8471406,9626938,7.3311738662365045
3764965,1155532,8471442,9626974,7.33120502071773
3765023,1155532,8471613,9627145,7.331353004503553
3765039,1155539,8471644,9627183,7.331335420094
3765048,1155539,8471669,9627208,7.331357055019346
3765066,1155556,8471727,9627283,7.331299391807926
3765564,1155684,8472206,9627890,7.330901872830289
3765702,1155783,8472428,9628211,7.330466013083771
3765703,1155783,8472428,9628211,7.330466013083771
3765762,1155826,8472525,9628351,7.330277221657931
3765764,1155827,8472531,9628358,7.330276070726848
3765800,1155827,8472557,9628384,7.330298565442752
3765813,1155830,8472591,9628421,7.33030895546923
3765819,1155830,8472605,9628435,7.330321067977125
3765866,1155842,8472736,9628578,7.330358301567169
3765885,1155842,8472816,9628658,7.3304275151794105
3765930,1155859,8472985,9628844,7.330465913229901
3765937,1155864,8473002,9628866,7.33044891094454
3765966,1155864,8473102,9628966,7.33053542631313
3766987,1155864,8474311,9630175,7.331581397119384
3767229,1156016,8474895,9630911,7.331122579618275
3767244,1156019,8474921,9630940,7.331126045506172
3767294,1156036,8474989,9631025,7.331077059883948
3767308,1156036,8475013,9631049,7.331097820483099
3767325,1156036,8475070,9631106,7.331147126906083
3767331,1156036,8475088,9631124,7.331162697355445
3770943,1156055,8480966,9637021,7.336126741374762
3770949,1156055,8480980,9637035,7.33613885152523
3771494,1156055,8482716,9638771,7.337640510183339
3771639,1156090,8482868,9638958,7.337549844735271
3771652,1156101,8482904,9639005,7.33751116900686
3771813,1156150,8483110,9639260,7.337378367858842
3771823,1156155,8483127,9639282,7.3373613399587425
3771924,1156155,8483442,9639597,7.337633794776652
3771930,1156155,8483458,9639613,7.33764763375153
3772107,1156159,8483852,9640011,7.337963031036389
3772137,1156159,8483907,9640066,7.338010602347947
3772226,1156185,8484047,9640232,7.3379666748833445
3772294,1156210,8484299,9640509,7.338025964141462
3772316,1156210,8484339,9640549,7.3380605599328845
3772328,1156210,8484368,9640578,7.338085641881665
3772353,1156210,8484423,9640633,7.3381332110948705
3772383,1156227,8484501,9640728,7.33809277935907
3772606,1156227,8484979,9641206,7.3385061929880555
3772643,1156248,8485055,9641303,7.3384386394614305
3772943,1156248,8485277,9641525,7.338630639793539
3772990,1156266,8485344,9641610,7.338574341890188
3773012,1156268,8485351,9641619,7.338567702297391
3773025,1156268,8485351,9641619,7.338567702297391
3773277,1156396,8485990,9642386,7.33830798446207
3773291,1156399,8486015,9642414,7.3383105658168155
3773376,1156449,8486195,9642644,7.3381489369613355
3773443,1156456,8486633,9643089,7.338483262657637
3773461,1156466,8486677,9643143,7.338457853495044
3773487,1156473,8486747,9643220,7.338473963508011
3773488,1156473,8486749,9643222,7.3384756929042005
3773590,1156526,8486982,9643508,7.338340858744204
3773663,1156526,8487104,9643630,7.338446347077368
3773710,1156532,8487443,9643975,7.3387013934763585
3773799,1156558,8487540,9644098,7.3386202853639855
3773818,1156558,8487596,9644154,7.338668704898501
3773857,1156581,8487658,9644239,7.338576372947506
3773941,1156618,8487825,9644443,7.338485999699123
3774014,1156632,8488080,9644712,7.338617641566203
3774020,1156634,8488091,9644725,7.3386144623104625
3774097,1156634,8488335,9644969,7.338825419276971
3774138,1156647,8488373,9645020,7.338775788983155
3774221,1156671,8488514,9645185,7.338745416803914
3774246,1156674,8488562,9645236,7.338767881010552
3774248,1156674,8488564,9645238,7.338769610106218
3775412,1156695,8490420,9647115,7.340240945106532
3775530,1156740,8490656,9647396,7.340159413524215
3775757,1156786,8490885,9647671,7.340065491802287
3775780,1156786,8490932,9647718,7.340106121616271
3775784,1156787,8490939,9647726,7.340105827606984
3775803,1156798,8490994,9647792,7.340083575524854
3775872,1156814,8491153,9647967,7.34011950062845
3775941,1156818,8491233,9648051,7.340163275467705
3775956,1156818,8491267,9648085,7.340192666434997
3775999,1156830,8491287,9648117,7.340133813957107
3776068,1156856,8491396,9648252,7.340063067486359
3776397,1157024,8492511,9649535,7.339960968830378
3776463,1157024,8492712,9649736,7.340134690378074
3776470,1157024,8492734,9649758,7.340153704676826
3776482,1157024,8492765,9649789,7.340180497552341
3776495,1157026,8492794,9649820,7.34019287379886
3776552,1157063,8492892,9649955,7.34004284987075
3776612,1157082,8492961,9650043,7.339981954606501
3776778,1157116,8493245,9650361,7.34001171879051
3776812,1157116,8493419,9650535,7.340162092651039
3777660,1157377,8494684,9652061,7.339599801965997
3777668,1157390,8494708,9652098,7.339538098653004
3777773,1157435,8494835,9652270,7.339362469598725
3777825,1157435,8494893,9652328,7.339412580404083
3777855,1157435,8494926,9652361,7.339441091724373
3777911,1157435,8495147,9652582,7.339632031172377
3777960,1157439,8495229,9652668,7.339677512162628
3777988,1157458,8495274,9652732,7.339595907583687
3777997,1157458,8495312,9652770,7.339628738148598
3778207,1157458,8495959,9653417,7.340187721714308
3778266,1157462,8496161,9653623,7.340336874990281
3778281,1157467,8496200,9653667,7.340338860632744
3778288,1157467,8496220,9653687,7.3403561397430765
3778291,1157468,8496235,9653703,7.340362757328928
3778376,1157468,8496542,9654010,7.340627991443392
3778522,1157580,8497902,9655482,7.341092624267869
3778554,1157586,8497960,9655546,7.341104678183737
3778572,1157586,8498003,9655589,7.3411418244519195
3778641,1157586,8498203,9655789,7.341314597792302
3778852,1157631,8498817,9656448,7.341559616147114
3779219,1157670,8500330,9658000,7.34261922654988
3779219,1157670,8500509,9658179,7.342773847469486
3779276,1157709,8500643,9658352,7.342642235656801
3779303,1157715,8500709,9658424,7.342661190362049
3779314,1157722,8500730,9658452,7.342634933084108
3779321,1157722,8500753,9658475,7.342654799684207
3779358,1157722,8500862,9658584,7.342748950093373
3779379,1157730,8500889,9658619,7.342721532654418
3779535,1157747,8501026,9658773,7.342732047675356
3779678,1157832,8501387,9659219,7.342504784804704
3780797,1157832,8503431,9661263,7.344270153182845
3780846,1157832,8503579,9661411,7.34439797829046
3780857,1157832,8503630,9661462,7.344442026131597
3780896,1157873,8503731,9661604,7.344269190144343
3780998,1157911,8503944,9661855,7.34421211992977
3781018,1157911,8504040,9661951,7.3442950278562
3781084,1157911,8504215,9662126,7.344446162097087
3781117,1157934,8504293,9662227,7.344367640988174
3781162,1157934,8504419,9662353,7.344476455480192
3781520,1158117,8505656,9663773,7.344384030283641
3781528,1158121,8505693,9663814,7.344390612034494
3781540,1158121,8505720,9663841,7.344413925660618
3781569,1158121,8505767,9663888,7.3444545086394255
3781719,1158169,8506030,9664199,7.3443772022908576
3781725,1158169,8506048,9664217,7.3443927440641215
3781745,1158183,8506124,9664307,7.344369585808115
3781770,1158186,8506163,9664349,7.344384235347345
3781797,1158195,8506251,9664446,7.344403144548198
3781895,1158195,8506541,9664736,7.344653534163073
3781908,1158203,8506572,9664775,7.344629568391724
3781973,1158203,8506860,9665063,7.344878229464093
3782122,1158208,8507108,9665316,7.345060645410841
3782163,1158251,8507232,9665483,7.344895018437282
3782237,1158262,8507377,9665639,7.344950451624935
3782264,1158277,8507441,9665718,7.344910587018477
3782294,1158301,8507524,9665825,7.344830057126774
3782295,1158301,8507526,9665827,7.344831783793677
3782303,1158301,8507549,9665850,7.344851640463058
3782320,1158301,8507595,9665896,7.344891353801819
3782361,1158301,8507622,9665923,7.344914663805004
3782395,1158301,8507717,9666018,7.34499668048288
3782428,1158301,8507897,9666198,7.345152080504118
3782446,1158301,8507928,9666229,7.345178843841109
3782554,1158311,8508111,9666422,7.345273419660177
3782651,1158311,8508300,9666611,7.345436588273788
3782685,1158325,8508369,9666694,7.345407377031489
3782803,1158405,8508604,9667009,7.3451029648525346
3783404,1158525,8510109,9668634,7.345641224833301
3783414,1158530,8510128,9668658,7.345625922505244
3783451,1158553,8510159,9668712,7.345506852081864
3783533,1158619,8510274,9668893,7.3451876760177415
3783636,1158702,8510512,9669214,7.344866928683993
3783648,1158702,8510535,9669237,7.344886778481439
3783696,1158717,8510640,9669357,7.344882313800523
3783705,1158717,8510653,9669370,7.344893533106013
3783835,1158799,8510997,9669796,7.344670646074082
3784020,1158871,8511319,9670190,7.344492182477601
3784118,1158906,8511527,9670433,7.344449851843032
3784926,1159146,8512646,9671792,7.343894556854788
3784958,1159156,8512724,9671880,7.343898491661174
3784991,1159156,8512784,9671940,7.343950253460276
3785018,1159156,8512860,9672016,7.344015818405806
3785098,1159164,8513062,9672226,7.34413939701371
3785105,1159168,8513077,9672245,7.344126994534011
3785114,1159168,8513099,9672267,7.34414597366387
3785147,1159171,8513172,9672343,7.344189942640042
3785278,1159241,8513535,9672776,7.344059604517094
3785407,1159241,8513762,9673003,7.3442554222978655
3785409,1159241,8513773,9673014,7.344264911265216
3785410,1159243,8513773,9673016,7.344252240470721
3785461,1159279,8513909,9673188,7.344141487942075
3785606,1159279,8514245,9673524,7.344431323262131
3785668,1159279,8514339,9673618,7.344512408143338
3785674,1159279,8514353,9673632,7.344524484615007
3785689,1159289,8514370,9673659,7.344475795077845
3785701,1159295,8514382,9673677,7.344448134426527
3785713,1159295,8514411,9673706,7.3444731496297315
3785742,1159295,8514508,9673803,7.344556821171488
3785804,1159295,8514635,9673930,7.344666370509663
3785848,1159295,8514635,9673930,7.344666370509663
3785888,1159331,8514721,9674052,7.344512481767502
3785978,1159343,8514979,9674322,7.344659000830643
3786005,1159353,8515037,9674390,7.3446456773735
3786049,1159360,8515109,9674469,7.34466343499862
3786062,1159360,8515123,9674483,7.344675510626552
3786072,1159361,8515149,9674510,7.3446916016667805
3786118,1159400,8515362,9674762,7.34462825599448
3786429,1159426,8516179,9675605,7.345168212546553
3786453,1159446,8516228,9675674,7.345083772767339
3786544,1159462,8516442,9675904,7.3451669826178
3786579,1159471,8516469,9675940,7.345133254734271
3786580,1159471,8516471,9675942,7.345134979658827
3786617,1159471,8516507,9675978,7.345166028300837
3786870,1159535,8517076,9676611,7.345251329196618
3787084,1159629,8517677,9677306,7.345174189331243
3787144,1159641,8517848,9677489,7.345245640676727
3787235,1159641,8517896,9677537,7.345287032797219
3787244,1159646,8517910,9677556,7.3452674350620795
3787326,1159691,8518026,9677717,7.345082440063775
3787332,1159691,8518040,9677731,7.345094512245073
3787397,1159725,8518245,9677970,7.345055939985772
3787403,1159725,8518264,9677989,7.345072323180064
3787428,1159739,8518331,9678070,7.3450414274246185
3787471,1159766,8518397,9678163,7.344927338790756
3787480,1159766,8518423,9678189,7.344949757106175
3787495,1159773,8518430,9678203,7.344911461122133
3787503,1159776,8518450,9678226,7.3449097067019835
3787540,1159808,8518525,9678333,7.344771720836552
3788475,1159808,8519945,9679753,7.345996061417062
3788513,1159808,8520051,9679859,7.346087455854762
3788569,1159808,8520243,9680051,7.346253000496634
3788576,1159809,8520253,9680062,7.346255288586311
3788632,1159823,8520320,9680143,7.346224380789137
3788684,1159823,8520433,9680256,7.3463218094485105
3789459,1160229,8522401,9682630,7.345447321175389
3789464,1160232,8522408,9682640,7.345434361403582
3789471,1160232,8522428,9682660,7.345451599335306
3789501,1160254,8522470,9682724,7.34534851851405
3789522,1160269,8522498,9682767,7.345277689915011
3789538,1160278,8522537,9682815,7.345254326980259
3789554,1160278,8522577,9682855,7.345288801476888
3789554,1160278,8522577,9682855,7.345288801476888
3789584,1160278,8522636,9682914,7.345339651359415
3789615,1160292,8522684,9682976,7.345292391915138
3789657,1160310,8522760,9683070,7.345243943428911
3789780,1160339,8522969,9683308,7.345240485754594
3789837,1160339,8523226,9683565,7.345461972751067
3789989,1160408,8523603,9684011,7.345350083763642
3790009,1160418,8523640,9684058,7.345318669651798
3790039,1160431,8523724,9684155,7.345308768897073
3790054,1160431,8523772,9684203,7.345350132838575
3790277,1160451,8524045,9684496,7.345458791452634
3790295,1160451,8524075,9684526,7.345484643470512
3790330,1160471,8524114,9684585,7.345391655629482
3790357,1160492,8524198,9684690,7.345331118180909
3790528,1160549,8524526,9685075,7.345252979408883
3790537,1160549,8524547,9685096,7.345271074293287
3790568,1160557,8524639,9685196,7.345299713844301
3790569,1160557,8524644,9685201,7.345304022120413
3790587,1160563,8524662,9685225,7.345281557313132
3790629,1160573,8524726,9685299,7.345273412357517
3790635,1160573,8524744,9685317,7.345288921937698
3790640,1160573,8524765,9685338,7.34530701644791
3790696,1160573,8524896,9685469,7.345419891725897
3790717,1160581,8524918,9685499,7.34538821504057
3790793,1160617,8525068,9685685,7.345289617505172
3790799,1160619,8525078,9685697,7.345285576058982
3790801,1160619,8525078,9685697,7.345285576058982
3791330,1160771,8526136,9686907,7.345235192815809
3791360,1160783,8526197,9686980,7.3452118096147165
3791373,1160783,8526197,9686980,7.3452118096147165
3791386,1160789,8526228,9687017,7.345200548936973
3791455,1160789,8526336,9687125,7.345293589101895
3791480,1160789,8526423,9687212,7.345368538123639
3791503,1160806,8526448,9687254,7.3452825019856895
3791649,1160856,8526862,9687718,7.3453227618240335
3791789,1160880,8527241,9688121,7.345497381296947
3791832,1160893,8527358,9688251,7.3455159088736
3791861,1160895,8527373,9688268,7.345516175020135
3791904,1160925,8527488,9688413,7.345425415078493
3791907,1160925,8527488,9688413,7.345425415078493
3791920,1160940,8527537,9688477,7.345372715213534
3791944,1160940,8527599,9688539,7.345426120212931
3792008,1160974,8527797,9688771,7.345381550318956
3792051,1160974,8527905,9688879,7.345474575658025
3792069,1160974,8527940,9688914,7.345504722758649
3792588,1161003,8528396,9689399,7.34571400762961
3792607,1161011,8528428,9689439,7.345690953832479
3792610,1161013,8528429,9689442,7.345679161215249
3792852,1161013,8528876,9689889,7.3460641698241105
3792864,1161014,8528880,9689894,7.346061287805315
3793395,1161014,8529489,9690503,7.346585829283712
3793436,1161027,8529520,9690547,7.346530270183209
3793450,1161027,8529569,9690596,7.346572474197413
3793459,1161027,8529577,9690604,7.346579364648712
3793563,1161027,8529948,9690975,7.34689890932769
3793599,1161034,8529992,9691026,7.3468925113304175
3794000,1161233,8530514,9691747,7.346082999708069
3794007,1161233,8530514,9691747,7.346082999708069
3794052,1161254,8530568,9691822,7.345996655339831
3794058,1161254,8530582,9691836,7.34600871127247
3794083,1161262,8530621,9691883,7.345991688352844
3794105,1161262,8530673,9691935,7.346036467222729
3794156,1161262,8530852,9692114,7.346190609870985
3794242,1161330,8531087,9692417,7.34596281849259
3794498,1161490,8531514,9693004,7.345318513288965
3794505,1161494,8531521,9693015,7.345299243904833
3794514,1161499,8531543,9693042,7.345286565033633
3794521,1161499,8531566,9693065,7.34530636703088
3794531,1161499,8531576,9693075,7.3453149765949
3794542,1161499,8531586,9693085,7.34532358615892
3794616,1161508,8532004,9693512,7.345626547557141
3794856,1161508,8532582,9694090,7.346124176501583
3794867,1161508,8532615,9694123,7.346152587842701
3794914,1161508,8532794,9694302,7.346306697844526
3794966,1161527,8532913,9694440,7.346288979937617
3795006,1161538,8532972,9694510,7.346270203815975
3795025,1161553,8533002,9694555,7.346201163442391
3795069,1161553,8533002,9694555,7.346201163442391
3795096,1161565,8533075,9694640,7.346188116894018
3795170,1161579,8533298,9694877,7.346291556579449
3795259,1161579,8533484,9695063,7.346451683441247
3795310,1161589,8533555,9695144,7.346449561764101
3795345,1161606,8533614,9695220,7.346392838879964
3795404,1161606,8533823,9695429,7.346572762193032
3795465,1161606,8533916,9695522,7.3466528237629625
3795619,1161606,8534284,9695890,7.346969626534298
3795627,1161606,8534306,9695912,7.346988565830411
3795709,1161646,8534404,9696050,7.346819943425105
3795750,1161647,8534484,9696131,7.346882486676245
3795892,1161647,8534918,9696565,7.347256094149083
3796935,1162297,8539274,9701571,7.346894984672592
3796953,1162297,8539284,9701581,7.346903588325532
3796974,1162306,8539324,9701630,7.346881113923528
3797119,1162316,8539518,9701834,7.346984813080092
3797259,1162363,8539842,9702205,7.346966481211119
3797312,1162399,8539983,9702382,7.346860243341572
3797356,1162419,8540078,9702497,7.346815563062889
3797361,1162419,8540083,9702502,7.346819864437866
3797462,1162510,8540336,9702846,7.3464623960224
3797495,1162512,8540432,9702944,7.346532336870501
3797522,1162519,8540481,9703000,7.346530250258275
3797552,1162519,8540511,9703030,7.3465560562881125
3797567,1162524,8540522,9703046,7.346533921020125
3797572,1162524,8540528,9703052,7.346539082203894
3797595,1162534,8540569,9703103,7.346511155802755
3797684,1162574,8540661,9703235,7.346337523460872
3797718,1162593,8540736,9703329,7.346281974861366
3797718,1162593,8540736,9703329,7.346281974861366
3797724,1162593,8540750,9703343,7.346294016908755
3797918,1162633,8540882,9703515,7.346154805514724
3797918,1162633,8540882,9703515,7.346154805514724
3798790,1163038,8542399,9705437,7.344901026449695
3798990,1163090,8543052,9706142,7.345134082487168
3799024,1163090,8543228,9706318,7.3452854035371296
3799037,1163096,8543257,9706353,7.345272445266771
3799054,1163103,8543278,9706381,7.345246293750424
3799060,1163104,8543285,9706389,7.345245996918591
3799138,1163109,8543670,9706779,7.345545430393884
3799148,1163109,8543680,9706789,7.345554028040365
3799199,1163112,8543764,9706876,7.345607301790369
3799238,1163123,8543833,9706956,7.345597155244974
3799239,1163123,8543838,9706961,7.345601454016471
3799714,1163123,8545448,9708571,7.346985658438531
3799750,1163123,8545526,9708649,7.3470527192738855
3799781,1163146,8545599,9708745,7.346970199785753
3799854,1163146,8545693,9708839,7.347051015091829
3799885,1163146,8545770,9708916,7.347117214863826
3800308,1163163,8546577,9709740,7.347703632251026
3800320,1163166,8546607,9709773,7.347710472967745
3800325,1163169,8546621,9709790,7.3477035581244
3800418,1163169,8546773,9709942,7.3478342356097865
3800427,1163171,8546789,9709960,7.34783535696815
3800452,1163193,8546839,9710032,7.347739369133067
3800598,1163231,8546985,9710216,7.347624848374914
3800632,1163249,8547043,9710292,7.347561012302611
3800799,1163249,8547043,9710292,7.347561012302611
3800835,1163260,8547066,9710326,7.347511304437529
3800855,1163270,8547095,9710365,7.347473071599887
3800862,1163270,8547107,9710377,7.347483387347736
3801062,1163400,8547610,9711010,7.347094722365481
3801181,1163457,8547713,9711170,7.346823303310737
3801471,1163624,8548137,9711761,7.346133287041175
3801633,1163624,8548683,9712307,7.346602510776677
3801651,1163631,8548717,9712348,7.34658753505192
3801828,1163631,8549173,9712804,7.346979411858227
3802197,1163774,8550703,9714477,7.347391331994013
3802249,1163788,8550793,9714581,7.347380278882408
3802250,1163788,8550795,9714583,7.347381997408463
3802298,1163797,8550885,9714682,7.347402510919
3802318,1163803,8550941,9714744,7.34741274940862
3802349,1163803,8550961,9714764,7.347429934447669
3802355,1163803,8550976,9714779,7.347442823226955
3802400,1163826,8551023,9714849,7.347338004134639
3802424,1163829,8551057,9714886,7.347348278827903
3802441,1163829,8551113,9714942,7.347396395862279
3802485,1163833,8551208,9715041,7.347452770285771
3802902,1163833,8552171,9716004,7.348280208586627
3802967,1163854,8552481,9716335,7.34841397632349
3803076,1163923,8552703,9716626,7.348169079913362
3803130,1163956,8552775,9716731,7.3480226056655065
3803205,1164007,8552894,9716901,7.347802891219726
3803294,1164030,8552994,9717024,7.347743614855287
3803299,1164030,8553000,9717030,7.347748769361615
3803314,1164032,8553034,9717066,7.3477653535298
3803350,1164061,8553119,9717180,7.347655320468601
3803375,1164080,8553155,9717235,7.347566318466085
3803682,1164080,8553155,9717235,7.347566318466085
3803721,1164080,8553277,9717357,7.347671122259639
3803793,1164105,8553425,9717530,7.347640461985818
3803832,1164118,8553457,9717575,7.347585897649551
3803833,1164118,8553459,9717577,7.347587615688444
3805685,1164119,8557501,9721620,7.351053457593253
3805742,1164144,8557671,9721815,7.351041623716654
3806515,1164526,8558793,9723319,7.349593740285747
3807139,1164526,8559671,9724197,7.35034769511372
3807157,1164533,8559724,9724257,7.3503490240293745
3807171,1164540,8559774,9724314,7.3503477768045755
3807198,1164555,8559818,9724373,7.350290883642249
3807222,1164560,8559842,9724402,7.350279934052346
3807242,1164560,8559891,9724451,7.350322010029539
3807260,1164560,8559941,9724501,7.350364944700145
3807585,1164571,8560979,9725550,7.3511868318891676
3807612,1164594,8561039,9725633,7.351093170667203
3807634,1164594,8561063,9725657,7.351113778707429
3808744,1164714,8563384,9728098,7.35234916039474
3808787,1164729,8563498,9728227,7.352352349774067
3808816,1164748,8563567,9728315,7.352291654503807
3808879,1164776,8563639,9728415,7.352176727542463
3808906,1164781,8563647,9728428,7.3521520354470065
3809500,1164781,8565256,9730037,7.353533411001725
3809554,1164781,8565407,9730188,7.353663049105369
3809563,1164786,8565426,9730212,7.353647794530498
3809564,1164786,8565431,9730217,7.353652087164509
3809759,1164799,8565974,9730773,7.354036189934916
3809765,1164799,8565992,9730791,7.354051643244886
3809797,1164804,8566029,9730833,7.354051840481317
3809816,1164816,8566102,9730918,7.354038749467727
3809845,1164833,8566177,9731010,7.353995808841267
3809865,1164833,8566232,9731065,7.354043025910152
3809922,1164846,8566311,9731157,7.354028772902169
3810253,1164846,8566311,9731157,7.354028772902169
3810393,1164913,8566676,9731589,7.353919133875234
3810455,1164936,8566774,9731710,7.353858066022511
3810548,1164998,8566967,9731965,7.353632366750844
3810577,1165016,8567004,9732020,7.353550509177556
3810591,1165026,8567022,9732048,7.353502840279959
3810650,1165026,8567226,9732252,7.35367794366821
3810657,1165026,8567240,9732266,7.3536899605674035
3810679,1165041,8567286,9732327,7.353634764785102
3810703,1165051,8567336,9732387,7.353614562795963
3811036,1165055,8567672,9732727,7.353877713927669
3811039,1165055,8567681,9732736,7.353885438884859
3811048,1165055,8567728,9732783,7.353925780327967
3811118,1165056,8567873,9732929,7.3540439257855414
3811176,1165093,8568032,9733125,7.353946852311361
3812038,1165102,8569756,9734858,7.355369744451559
3812143,1165115,8569909,9735024,7.3554189929749425
3812166,1165127,8569947,9735074,7.355375851731185
3812184,1165130,8569951,9735081,7.355360346055805
3812221,1165136,8570027,9735163,7.355387697230195
3812233,1165142,8570043,9735185,7.355363552253717
3812415,1165142,8570283,9735425,7.3555695357304085
3812439,1165146,8570340,9735486,7.355593204628433
3812489,1165146,8570524,9735670,7.355751124751748
3812511,1165151,8570591,9735742,7.355777062372173
3812559,1165175,8570642,9735817,7.355669320059219
3812648,1165220,8570794,9736014,7.355515696606649
3813488,1165226,8572624,9737850,7.357048332254859
3813520,1165230,8572641,9737871,7.3570376663834605
3814213,1165235,8575065,9740300,7.359086364553073
3814333,1165298,8575303,9740601,7.358892746748042
3814364,1165298,8575459,9740757,7.359026618083958
3814371,1165299,8575461,9740760,7.359022019241413
3814398,1165299,8575514,9740813,7.359067501130611
3814403,1165306,8575530,9740836,7.359037025467988
3814434,1165311,8575559,9740870,7.3590303361077
3814442,1165311,8575579,9740890,7.359047498908017
3814509,1165332,8575701,9741033,7.359019575537272
3814511,1165333,8575703,9741036,7.359014976834947
3814542,1165333,8575811,9741144,7.359107654206995
3814615,1165333,8576040,9741373,7.359304164560688
3814620,1165333,8576051,9741384,7.359313603922655
3814693,1165344,8576108,9741452,7.3592930499491995
3814892,1165416,8576351,9741767,7.359046898274951
3814908,1165426,8576402,9741828,7.359027514402459
3814924,1165426,8576428,9741854,7.359049823841239
3814964,1165440,8576500,9741940,7.3590232015376165
3815243,1165474,8577350,9742824,7.359537836107884
3815320,1165490,8577520,9743010,7.359582664801929
3815326,1165490,8577539,9743029,7.359598966958104
3815387,1165528,8577689,9743217,7.3594877171548
3815397,1165542,8577709,9743251,7.359416477484295
3815428,1165542,8577805,9743347,7.35949884259855
3815478,1165558,8577928,9743486,7.359503345178876
3815596,1165558,8578105,9743663,7.359655203773643
3817770,1165680,8581696,9747376,7.361965548006314
3817796,1165691,8581732,9747423,7.361926960060599
3817820,1165711,8581796,9747507,7.361855554249724
3817923,1165716,8582247,9747963,7.362210864395788
3817972,1165716,8582404,9748120,7.362345545570276
3818064,1165752,8582518,9748270,7.3622159773262235
3818138,1165778,8582630,9748408,7.362147853193318
3818150,1165788,8582649,9748437,7.36210099949562
3818179,1165802,8582694,9748496,7.362051188795353
3818189,1165802,8582717,9748519,7.362070917703006
3818280,1165826,8582952,9748778,7.362120933998727
3818313,1165826,8583119,9748945,7.3622641800749
3819024,1165857,8583746,9749603,7.362606220145352
3819043,1165857,8583788,9749645,7.362642245146703
3819056,1165868,8583857,9749725,7.362631961765826
3819107,1165888,8583911,9749799,7.362551977548444
3819125,1165888,8583956,9749844,7.362590574737882
3819155,1165896,8584012,9749908,7.3625880867590245
3819206,1165905,8584122,9750027,7.362625599855906
3819237,1165921,8584164,9750085,7.362560585151138
3819243,1165923,8584186,9750109,7.362566824738855
3819269,1165936,8584215,9750151,7.36250960601611
3819332,1165955,8584307,9750262,7.362468534377399
3819362,1165955,8584368,9750323,7.362520852005438
3819380,1165961,8584401,9750362,7.3625112675295314
3819415,1165977,8584500,9750477,7.36249514355772
3819469,1165977,8584681,9750658,7.362650378180701
3819704,1166041,8585347,9751388,7.362817430947969
3819721,1166049,8585375,9751424,7.362790929026139
3819792,1166049,8585502,9751551,7.362899843831606
3819814,1166055,8585526,9751581,7.362882539845891
3819843,1166066,8585546,9751612,7.362830234309207
3820302,1166169,8585952,9752121,7.362528072689293
3820323,1166185,8586005,9752190,7.362472506506258
3820355,1166201,8586145,9752346,7.362491543053041
3820622,1166245,8586641,9752886,7.362639068120335
3820944,1166267,8587812,9754079,7.363504240452658
3821746,1166503,8590031,9756534,7.363916766609258
3859048,1166503,8700556,9867059,7.458665772826988
3861415,1166516,8705663,9872179,7.4629606452033235
3861500,1166532,8705867,9872399,7.463033161542075
3862075,1166658,8707461,9874119,7.463593443837011
3862202,1166738,8707829,9874567,7.463397095149039
3863666,1166738,8709915,9876653,7.465184985832295
3863676,1166741,8709926,9876667,7.465175218836057
3863690,1166741,8709965,9876706,7.465208645277744
3863698,1166741,8709985,9876726,7.465225787042711
3863762,1166741,8710206,9876947,7.465415203545603
3863847,1166759,8710280,9877039,7.465363455520806
3864559,1166807,8713515,9880322,7.467828869727384
3864609,1166818,8713602,9880420,7.467833029658439
3864619,1166818,8713622,9880440,7.467850170292197
3864633,1166818,8713663,9880481,7.467885308591399
3864778,1166911,8714010,9880921,7.467587502388786
3864815,1166911,8714078,9880989,7.467645775898933
3864842,1166911,8714124,9881035,7.467685196214621
3864878,1166911,8714248,9881159,7.467791459674302
3865124,1167039,8714508,9881547,7.4671951837085135
3865134,1167039,8714546,9881585,7.467227744745463
3865169,1167049,8714567,9881616,7.467181755007716
3865185,1167054,8714584,9881638,7.467164330013864
3865310,1167139,8714844,9881983,7.466843280877428
3865372,1167156,8715016,9882172,7.46688189068128
3865442,1167163,8715098,9882261,7.466907364267031
3865448,1167163,8715111,9882274,7.466918502385699
3865455,1167167,8715124,9882291,7.466904050577167
3865507,1167169,8715206,9882375,7.46696151114363
3865543,1167169,8715302,9882471,7.467043761443287
3865575,1167175,8715360,9882535,7.4670550688628525
3865622,1167180,8715440,9882620,7.467091622543224
3865663,1167207,8715512,9882719,7.466980578423536
3865692,1167207,8715625,9882832,7.467077390728465
3865711,1167207,8715683,9882890,7.467127082000022
3865807,1167207,8715962,9883169,7.467366114151131
3865857,1167207,8716123,9883330,7.467504050267005
3865906,1167207,8716258,9883465,7.467619710985284
3865984,1167226,8716476,9883702,7.467684921343425
3866001,1167232,8716494,9883726,7.467661955806558
3866030,1167232,8716494,9883726,7.467661955806558
3866054,1167253,8716553,9883806,7.467578151437606
3866114,1167258,8716813,9884071,7.46776890798778
3866119,1167265,8716824,9884089,7.467733548080342
3866166,1167288,8716943,9884231,7.467688351118148
3866769,1167658,8720338,9887996,7.4682295672191685
3866914,1167761,8720698,9888459,7.467879129376644
3866955,1167768,8720742,9888510,7.467872043077049
3867486,1167771,8722120,9889891,7.469032884015787
3867545,1167807,8722208,9890015,7.468877990969398
3867610,1167836,8722278,9890114,7.468752461818269
3867622,1167839,8722308,9890147,7.468758964206539
3867625,1167839,8722314,9890153,7.468764101901033
3867645,1167843,8722372,9890215,7.468788184713185
3867677,1167859,8722416,9890275,7.468723535974805
3867727,1167870,8722565,9890435,7.468780771832481
3867797,1167887,8722624,9890511,7.468722573331153
3867856,1167887,8722745,9890632,7.468826179245081
3867867,1167895,8722774,9890669,7.468799849301521
3869471,1168141,8726025,9894166,7.470010041596006
3869644,1168201,8726407,9894608,7.469953372750066
3869680,1168212,8726469,9894681,7.46993610748734
3871935,1168291,8731180,9899471,7.473463375135133
3871996,1168291,8731281,9899572,7.473549826199124
3871997,1168291,8731286,9899577,7.473554105954767
3872021,1168317,8731332,9899649,7.473427160607952
3872051,1168326,8731399,9899725,7.473426937344542
3872345,1168475,8732049,9900524,7.473030231712275
3872450,1168493,8732394,9900887,7.473210365830176
3872517,1168534,8732485,9901019,7.473026030907103
3872529,1168538,8732508,9901046,7.473020132849766
3872551,1168538,8732577,9901115,7.473079180993686
3872639,1168609,8732817,9901426,7.472830519018765
3872688,1168609,8732963,9901572,7.4729554538772165
3873341,1168933,8733796,9902729,7.471596746776761
3873350,1168933,8733839,9902772,7.4716335324608
3873382,1168944,8733901,9902845,7.471616262199045
3873389,1168944,8733924,9902868,7.471635938077444
3873390,1168945,8733930,9902875,7.471634679133749
3873880,1168945,8735138,9904083,7.472668089602163
3874026,1168972,8735512,9904484,7.47281543099407
3874079,1168972,8735699,9904671,7.472975400608398
3874112,1168972,8735810,9904782,7.473070355834015
3874129,1168972,8735864,9904836,7.473116550268099
3874190,1168972,8736011,9904983,7.473242301783105
3874226,1168976,8736062,9905038,7.473260357783222
3874258,1168976,8736187,9905163,7.473367288977704
3874289,1168984,8736258,9905242,7.4733768811207
3874346,1169033,8736432,9905465,7.473212475610183
3874365,1169037,8736442,9905479,7.4731954591685295
3874381,1169037,8736468,9905505,7.473217699696416
3874388,1169038,8736479,9905517,7.473220716520763
3875057,1169098,8737359,9906457,7.47358989580001
3875070,1169098,8737385,9906483,7.473612135167454
3875243,1169165,8737774,9906939,7.473516569517562
3875311,1169165,8737916,9907081,7.473638023717782
3875320,1169167,8737932,9907099,7.473638924122901
3875389,1169219,8738184,9907403,7.473522069005036
3875417,1169219,8738231,9907450,7.47356226677808
3875471,1169219,8738327,9907546,7.4736443728677004
3875526,1169223,8738365,9907588,7.473651305183015
3875664,1169302,8738695,9907997,7.473428592442329
3875791,1169313,8738950,9908263,7.473576364925388
3875833,1169339,8739024,9908363,7.473473475185553
3876070,1169526,8739783,9909309,7.472927493702577
3876074,1169528,8739789,9909317,7.472919844586876
3876084,1169537,8739799,9909336,7.472870888223288
3876118,1169537,8739822,9909359,7.472890554125265
3876137,1169547,8739840,9909387,7.472842049101062
3876191,1169555,8739953,9909508,7.4728875512481245
3876262,1169579,8740133,9909712,7.472888107601111
3876293,1169581,8740191,9909772,7.472924919265959
3876834,1169591,8741504,9911095,7.47398364043499
3876858,1169602,8741539,9911141,7.473943273010819
3876995,1169644,8741882,9911526,7.473968147573108
3877016,1169661,8741900,9911561,7.473874909054846
3877238,1169675,8742155,9911830,7.474003462500267
3877399,1169746,8742741,9912487,7.474050776835313
3877433,1169762,8742774,9912536,7.473976757665234
3877465,1169783,8742853,9912636,7.473910118372382
3877630,1169783,8743101,9912884,7.474122123504958
3877645,1169783,8743139,9912922,7.474154608162369
3877705,1169804,8743338,9913142,7.4741905481602045
3877712,1169804,8743362,9913166,7.474211064417629
3877785,1169804,8743484,9913288,7.47431535539287
3879101,1170347,8746282,9916629,7.473238278903607
3879114,1170358,8746304,9916662,7.473186836848212
3879156,1170377,8746343,9916720,7.473098839092019
3879176,1170377,8746378,9916755,7.473128743985912
3879250,1170419,8746572,9916991,7.47302632646941
3879264,1170432,8746593,9917025,7.472961265583989
3879381,1170432,8747132,9917564,7.473421779308836
3879421,1170459,8747211,9917670,7.473316878250327
3879431,1170467,8747227,9917694,7.473279468793225
3879602,1170600,8747607,9918207,7.472754997437212
3879627,1170600,8747688,9918288,7.472824192721681
3879847,1170672,8748169,9918841,7.472775465715418
3879890,1170686,8748235,9918921,7.472742477487558
3879901,1170686,8748265,9918951,7.472768103488041
3880393,1170696,8749935,9920631,7.474130773488591
3880505,1170751,8750189,9920940,7.473996605597604
3880513,1170760,8750207,9920967,7.473954525265639
3880571,1170780,8750289,9921069,7.473896889253318
3880597,1170783,8750368,9921151,7.473945214441959
3880802,1170856,8750588,9921444,7.47366712900647
3881178,1170922,8751722,9922644,7.474214337077961
3881193,1170929,8751752,9922681,7.474195275716974
3881201,1170929,8751774,9922703,7.474214064217386
3881399,1170998,8752001,9922999,7.47396750464134
3882402,1171649,8755112,9926761,7.472469997413901
3882569,1171649,8755405,9927054,7.472720072308345
3882577,1171649,8755422,9927071,7.47273458177321
3882687,1171649,8755736,9927385,7.473002580124252
3883271,1171672,8757741,9929413,7.474567114345994
3883295,1171672,8757796,9929468,7.474614055810841
3883302,1171672,8757812,9929484,7.474627711509706
3883308,1171672,8757837,9929509,7.474649048539182
3883329,1171681,8757851,9929532,7.4746035823743835
3883348,1171681,8757861,9929542,7.474612117120616
3883365,1171687,8757881,9929568,7.474590910371115
3883418,1171705,8758034,9929739,7.4746066629399035
3883425,1171705,8758057,9929762,7.474626292454158
3883462,1171712,8758213,9929925,7.474714776327288
3883514,1171721,8758367,9930088,7.474788793577994
3883659,1171721,8758648,9930369,7.475028611759967
3883787,1171786,8758888,9930674,7.47481878090368
3883834,1171807,8758990,9930797,7.47477186942901
3883866,1171807,8759179,9930986,7.474933158788094
3884197,1171957,8759657,9931614,7.4743842990826455
3884230,1171962,8759686,9931648,7.474377155573303
3884253,1171979,8759749,9931728,7.474322492126565
3884260,1171979,8759769,9931748,7.474339557278757
3884289,1171996,8759848,9931844,7.474298547094017
3884298,1171998,8759868,9931866,7.474302857172111
3884462,1172054,8760198,9932252,7.4742272966945205
3884485,1172066,8760225,9932291,7.474173809324731
3884508,1172072,8760259,9932331,7.474164556443632
3884585,1172111,8760414,9932525,7.474048106365353
3884589,1172113,8760421,9932534,7.474041325367094
3884596,1172113,8760444,9932557,7.474060948048525
3884627,1172131,8760509,9932640,7.474001626098107
3884712,1172153,8760732,9932885,7.474051595653468
3884759,1172187,8760866,9933053,7.473949122452305
3884809,1172224,8761007,9933231,7.473833499399432
3884811,1172224,8761019,9933243,7.473843736350732
3884817,1172224,8761037,9933261,7.473859091777681
3884837,1172228,8761044,9933272,7.473839560222073
3884852,1172228,8761070,9933298,7.4738617402075365
3885164,1172434,8761621,9934055,7.473018523857206
3885173,1172436,8761636,9934072,7.473018569883559
3885237,1172436,8761736,9934172,7.473103862385665
3885244,1172436,8761753,9934189,7.473118362111023
3885250,1172436,8761771,9934207,7.473133714761403
3885270,1172447,8761814,9934261,7.473100276600989
3885752,1172549,8762295,9934844,7.472860409245158
3885871,1172549,8762558,9935107,7.473084706907771
3886138,1172633,8763261,9935894,7.4731488880152614
3886167,1172642,8763328,9935970,7.473148667709326
3886595,1172642,8764236,9936878,7.473922987578477
3886886,1172642,8765073,9937715,7.474636760409401
3886957,1172648,8765125,9937773,7.474642859579345
3887591,1172965,8767025,9939990,7.474242624460236
3887604,1172977,8767069,9940046,7.474203671512741
3887651,1172983,8767203,9940186,7.474279678392611
3887701,1173020,8767389,9940409,7.4742024858911185
3887742,1173033,8767419,9940452,7.4741452286508565
3887758,1173040,8767444,9940484,7.474121939575803
3887769,1173040,8767456,9940496,7.474132169405988
3887784,1173046,8767514,9940560,7.474143383976417
3887803,1173060,8767544,9940604,7.4740797572161695
3887995,1173060,8768004,9941064,7.474471894020766
3888016,1173060,8768059,9941119,7.474518779943055
3888117,1173060,8768338,9941398,7.474756619439756
3888175,1173062,8768516,9941578,7.474895615065529
3888192,1173070,8768577,9941647,7.474896638734261
3888194,1173072,8768577,9941649,7.474883894594705
3888267,1173072,8768756,9941828,7.475036485399021
3888272,1173075,8768770,9941845,7.4750293033267265
3888301,1173075,8768889,9941964,7.475130746115977
3888324,1173089,8768944,9942033,7.47508842040118
3888557,1173147,8769215,9942362,7.474949857093783
3888600,1173161,8769304,9942465,7.474936517664668
3888630,1173168,8769371,9942539,7.474949026908337
3888639,1173177,8769382,9942559,7.474901059260453
3888660,1173185,8769429,9942614,7.474890149464918
3888709,1173201,8769540,9942741,7.474882820590845
3888738,1173212,8769595,9942807,7.474859616164854
3888843,1173243,8769689,9942932,7.474742231575215
3888956,1173253,8769946,9943199,7.4748975711121135
3888997,1173253,8770075,9943328,7.475007521821807
3889016,1173265,8770131,9943396,7.474978798481161
3889032,1173265,8770192,9943457,7.475030790145449
3889058,1173271,8770226,9943497,7.475021542337618
3889099,1173279,8770277,9943556,7.475014041843415
3889115,1173279,8770306,9943585,7.475038758897074
3889878,1173279,8771897,9945176,7.476394787599539
3889916,1173279,8772037,9945316,7.476514111306859
3890015,1173334,8772362,9945696,7.476440638386001
3890504,1173334,8773902,9947236,7.477753137640263
3890516,1173339,8773922,9947261,7.477738317741079
3890534,1173341,8773945,9947286,7.4777451738241485
3890590,1173371,8774071,9947442,7.477661370529867
3890591,1173371,8774073,9947444,7.477663075020603
3890598,1173371,8774091,9947462,7.477678415437231
3890651,1173371,8774091,9947462,7.477678415437231
3890791,1173429,8774353,9947782,7.477532087582632
3890829,1173429,8774460,9947889,7.477623273329703
3890835,1173429,8774476,9947905,7.4776369085816015
3890836,1173429,8774481,9947910,7.4776411695978195
3890909,1173429,8774709,9948138,7.477835471937373
3890934,1173438,8774735,9948173,7.477800275770854
3891281,1173438,8775702,9949140,7.478624349986961
3891292,1173442,8775712,9949154,7.478607378975697
3891328,1173458,8775762,9949220,7.4785480179094606
3891362,1173463,8775820,9949283,7.4785655789743695
3891371,1173465,8775836,9949301,7.478566467683314
3891432,1173482,8776032,9949514,7.4786251514722855
3892401,1173900,8778761,9952661,7.478286906891558
3892798,1173945,8779468,9953413,7.478602489895183
3892835,1173945,8779583,9953528,7.4787004501914485
3892837,1173947,8779595,9953542,7.478697930996885
3892896,1173970,8779702,9953672,7.478642554750121
3893031,1173992,8779799,9953791,7.4785850329474135
3893098,1174034,8779996,9954030,7.478485290885954
3893107,1174037,8780003,9954040,7.478472143552546
3893183,1174037,8780003,9954040,7.478472143552546
3893412,1174109,8780455,9954564,7.478398513255583
3893481,1174109,8780678,9954787,7.478588444514095
3893531,1174140,8780765,9954905,7.478465089341986
3893618,1174161,8780867,9955028,7.478418206702488
3893650,1174176,8780930,9955106,7.47837632518464
3893806,1174218,8781268,9955486,7.478396686134943
3893810,1174218,8781275,9955493,7.478402647549262
3894267,1174218,8783344,9957562,7.480164671296131
3894295,1174227,8783375,9957602,7.48013373904705
3894345,1174253,8783447,9957700,7.480029431476862
3894387,1174265,8783532,9957797,7.480025377576612
3894389,1174266,8783534,9957800,7.4800207108099865
3894422,1174281,8783597,9957878,7.479978812567009
3894451,1174288,8783642,9957930,7.479972545065606
3894463,1174292,8783648,9957940,7.479952175438477
3894493,1174305,8783752,9958057,7.479957932564368
3894848,1174408,8784128,9958536,7.479622073419119
3894868,1174408,8784204,9958612,7.4796867868747485
3894884,1174408,8784230,9958638,7.479708925688517
3894924,1174434,8784308,9958742,7.479609752442453
3895032,1174435,8784723,9959158,7.47995674515831
3895089,1174454,8784837,9959291,7.479932802817309
3895122,1174480,8784913,9959393,7.479831925618146
3895145,1174503,8784949,9959452,7.479716101193441
3895152,1174503,8784969,9959472,7.479733129672721
3895330,1174574,8785355,9959929,7.4796096286823985
3895685,1174689,8785605,9960294,7.4790902102599075
3895702,1174704,8785698,9960402,7.479073877334205
3895715,1174710,8785710,9960420,7.479045892177644
3895741,1174710,8785812,9960522,7.479132722118651
3895832,1174710,8786123,9960833,7.479397468311328
3896092,1174903,8787106,9962009,7.479005500879647
3896171,1174954,8787186,9962140,7.478748955278249
3896210,1174954,8787304,9962258,7.478849384741871
3896278,1174968,8787472,9962440,7.478903255237589
3896312,1174985,8787514,9962499,7.478830793584599
3896421,1174998,8787702,9962700,7.47890804920519
3896431,1174998,8787729,9962727,7.4789310279677075
3896485,1175024,8787829,9962853,7.478850644752788
3896673,1175158,8788315,9963473,7.478411413614169
3896687,1175166,8788388,9963554,7.478422622846474
3896701,1175173,8788408,9963581,7.478395095870991
3896713,1175176,8788438,9963614,7.478401533046965
3896763,1175176,8788604,9963780,7.478542788484448
3896887,1175183,8789057,9964240,7.478883714281095
3896906,1175188,8789109,9964297,7.4788961425746345
3896945,1175195,8789224,9964419,7.478949450942184
3896985,1175195,8789371,9964566,7.479074536566272
3897010,1175199,8789403,9964602,7.479076309629263
3897032,1175199,8789427,9964626,7.479096731702461
3897041,1175199,8789466,9964665,7.479129917571407
3897063,1175211,8789511,9964722,7.479091839678151
3897073,1175211,8789536,9964747,7.479113112453849
3897093,1175211,8789557,9964768,7.479130981585435
3897263,1175221,8790130,9965351,7.479554909246857
3897358,1175221,8790274,9965495,7.47967743939225
3897513,1175336,8790577,9965913,7.479203393752935
3897538,1175346,8790605,9965951,7.479163582468481
3897554,1175346,8790605,9965951,7.479163582468481
3897561,1175346,8790625,9965971,7.47918059873433
3897600,1175358,8790708,9966066,7.4791748556609985
3897622,1175358,8790775,9966133,7.479231859569595
3897632,1175358,8790795,9966153,7.479248875661713
3897756,1175477,8791100,9966577,7.478751179308485
3897883,1175551,8791503,9967054,7.478623215836659
3897894,1175553,8791514,9967067,7.478619849551658
3897953,1175553,8791706,9967259,7.478783176938854
3898231,1175576,8792072,9967648,7.478948192205353
3898295,1175576,8792257,9967833,7.479105561869245
3898314,1175587,8792288,9967875,7.479061949477154
3898800,1175617,8794358,9969975,7.48063187245506
3898811,1175617,8794375,9969992,7.480646332946869
3898821,1175623,8794409,9970032,7.480637074980669
3898927,1175623,8794687,9970310,7.4808735453457444
3898945,1175623,8794735,9970358,7.480914374761297
3899014,1175650,8794870,9970520,7.48085739803513
3899297,1175749,8795624,9971373,7.480868790872882
3899306,1175749,8795637,9971386,7.480879847654559
3899362,1175785,8795792,9971577,7.480782626075346
3899374,1175791,8795823,9971614,7.4807708172625915
3899403,1175793,8795934,9971727,7.480852496995644
3899454,1175793,8796059,9971852,7.480958808225598
3899485,1175815,8796153,9971968,7.480898780845626
3899580,1175859,8796438,9972297,7.480861225708185
3899729,1175936,8796745,9972681,7.480632449385
3899738,1175943,8796768,9972711,7.480607478423699
3899824,1176019,8796901,9972920,7.480237139025815
3899827,1176019,8796914,9972933,7.480248193268986
3899876,1176037,8797024,9973061,7.480227237748472
3899900,1176044,8797048,9973092,7.480203121651911
3899952,1176061,8797190,9973251,7.480215737108875
3900384,1176061,8797190,9973251,7.480215737108875
3900443,1176061,8797302,9973363,7.480310970264298
3900468,1176072,8797382,9973454,7.480309028698923
3900544,1176072,8797452,9973524,7.480368548864355
3900571,1176072,8797478,9973550,7.4803906563543725
3902277,1176072,8800935,9977007,7.4833301022386385
3902340,1176087,8801048,9977135,7.483330739987773
3902347,1176093,8801067,9977160,7.483308717933021
3902375,1176093,8801106,9977199,7.483341878575929
3902388,1176093,8801132,9977225,7.483363985671201
3902396,1176093,8801153,9977246,7.483381841401998
3902463,1176093,8801334,9977427,7.483535740796008
3902723,1176180,8801820,9978000,7.48339539866347
3902747,1176180,8801882,9978062,7.483448111683586
3902786,1176198,8801973,9978171,7.483410956318579
3902830,1176198,8802085,9978283,7.483506178381531
3902912,1176198,8802257,9978455,7.483652412263922
3902915,1176198,8802266,9978464,7.483660064036838
3903068,1176198,8802624,9978822,7.483964434559487
3903106,1176204,8802730,9978934,7.48401637811128
3903112,1176204,8802744,9978948,7.484028280808431
3903175,1176215,8802934,9979149,7.484119825031988
3903193,1176220,8802966,9979186,7.484115216541123
3903209,1176223,8803003,9979226,7.48412758465019
3903231,1176232,8803051,9979283,7.484111127736705
3903672,1176441,8804107,9980548,7.483679164530988
3903846,1176511,8804268,9980779,7.4833707462148675
3903954,1176534,8804341,9980875,7.483286500857604
3903971,1176534,8804392,9980926,7.483329848521165
3903981,1176534,8804423,9980957,7.483356197100976
3903989,1176536,8804427,9980963,7.483346875913699
3904290,1176667,8805028,9981695,7.483024509058213
3904294,1176670,8805036,9981706,7.483012229427112
3904497,1176798,8805382,9982180,7.48249232238668
3904759,1176798,8805714,9982512,7.4827744438722705
3904894,1176832,8805890,9982722,7.482707812160104
3904898,1176833,8805897,9982730,7.482707401984818
3905007,1176847,8806151,9982998,7.4828342171922095
3905015,1176852,8806163,9983015,7.482812622147899
3905017,1176852,8806163,9983015,7.482812622147899
3905329,1176868,8807122,9983990,7.4835257649965845
3905417,1176916,8807237,9984153,7.483318265704605
3905447,1176925,8807269,9984194,7.483288229921193
3905472,1176931,8807359,9984290,7.483326550154597
3905621,1176997,8807671,9984668,7.483172004686503
3905680,1176997,8807836,9984833,7.483312191959707
3905683,1176997,8807842,9984839,7.483317289678733
3905710,1177010,8807907,9984917,7.4832898615984575
3905723,1177010,8807912,9984922,7.483294109650725
3905734,1177019,8807929,9984948,7.483251332391406
3905776,1177027,8808130,9985157,7.483371239572245
3905837,1177027,8808295,9985322,7.483511423272363
3906111,1177045,8808879,9985924,7.483893139174798
3906135,1177045,8809003,9986048,7.483998487738361
3906178,1177070,8809119,9986189,7.483938083546433
3906204,1177070,8809221,9986291,7.484024739395278
3906223,1177070,8809257,9986327,7.484055323812518
3906256,1177070,8809355,9986425,7.484138581392781
3906288,1177082,8809421,9986503,7.484118353691587
3906320,1177101,8809508,9986609,7.484071460307994
3906483,1177198,8809833,9987031,7.483730859209751
3906538,1177204,8810031,9987235,7.483860911108016
3906540,1177204,8810031,9987235,7.483860911108016
3906581,1177213,8810083,9987296,7.483847867803023
3906599,1177213,8810137,9987350,7.483893738856095
3906639,1177213,8810263,9987476,7.484000771313263
3906651,1177213,8810317,9987530,7.4840466423663345
3906724,1177213,8810456,9987669,7.484164717854798
3906729,1177218,8810465,9987683,7.48414057549239
3907532,1177218,8812411,9989629,7.4857936253098405
3907575,1177218,8812512,9989730,7.485879420803963
3907702,1177287,8812720,9990007,7.485617355835918
3907710,1177287,8812742,9990029,7.485636042868052
3907746,1177305,8812838,9990143,7.4856031359758095
3907794,1177315,8813010,9990325,7.48568564912534
3907796,1177317,8813015,9990332,7.4856771795531705
3907891,1177378,8813209,9990587,7.485454119237832
3908146,1177439,8813797,9991236,7.485565706588622
3908164,1177439,8813869,9991308,7.485626856253275
3908484,1177514,8814528,9992042,7.485709724045744
3908489,1177515,8814536,9992051,7.485710160804746
3908495,1177515,8814549,9992064,7.485721201003809
3909015,1177879,8815627,9993506,7.484323092609682
3909594,1178017,8816656,9994673,7.484319835791843
3909605,1178017,8816707,9994724,7.484363128885237
3909632,1178017,8816757,9994774,7.484405573094446
3909677,1178017,8816900,9994917,7.484526963532784
3909825,1178110,8817291,9995401,7.484268022510632
3909843,1178110,8817347,9995457,7.4843155562723345
3909889,1178110,8817379,9995489,7.484342718421879
3910087,1178208,8817672,9995880,7.483968874765746
3910305,1178208,8818483,9996691,7.484657208234879
3910363,1178208,8818641,9996849,7.484791310193107
3910468,1178274,8818748,9997022,7.484462866871373
3910493,1178287,8818794,9997081,7.4844193307742515
3910532,1178309,8818847,9997156,7.484324570210361
3910604,1178356,8819031,9997387,7.48418219960691
3910672,1178356,8819151,9997507,7.484284036403261
3910719,1178378,8819264,9997642,7.484240201361533
3910751,1178395,8819316,9997711,7.484176358521548
3910783,1178399,8819422,9997821,7.484240906518081
3910901,1178505,8819687,9998192,7.483792601643608
3910921,1178505,8819708,9998213,7.48381042082978
3910938,1178505,8819733,9998238,7.483831634146652
3910992,1178539,8819798,9998337,7.4836708840352335
3910994,1178539,8819800,9998339,7.483672581051624
3911021,1178548,8819896,9998444,7.483696888035108
3911145,1178548,8820099,9998647,7.483869133883389
3911155,1178548,8820124,9998672,7.48389034642628
3911219,1178587,8820283,9998870,7.4837776082716
3911322,1178587,8820467,9999054,7.483933727421056
3911337,1178594,8820492,9999086,7.483910489956677
3911392,1178615,8820579,9999194,7.483850960661455
3911395,1178615,8820585,9999200,7.483856051382343
3911402,1178617,8820615,9999232,7.4838688055577
3911414,1178620,8820633,9999253,7.483865028592761
3911423,1178627,8820656,9999283,7.4838400952973245
3911529,1178673,8820788,9999461,7.483660014270285
3911560,1178686,8820853,9999539,7.483632621410622
3911569,1178686,8820885,9999571,7.4836597702865735
3911603,1178698,8820960,9999658,7.4836472107359135
3911667,1178698,8821135,9999833,7.483795679639738
3911685,1178698,8821171,9999869,7.4838262218142395
3911692,1178698,8821194,9999892,7.483845734870171
3912045,1178698,8823948,10002646,7.486182211219498
3912051,1178698,8823960,10002658,7.486192391944332
3912079,1178698,8823980,10002678,7.486209359819054
3912151,1178724,8824128,10002852,7.486169790383499
3912181,1178736,8824220,10002956,7.48617162791329
3912226,1178744,8824331,10003075,7.486214988156886
3912243,1178744,8824358,10003102,7.48623789389384
3912306,1178744,8824494,10003238,7.486353270939237
3912380,1178744,8824590,10003334,7.486434713559517
3912889,1178755,8825704,10004459,7.4873099159706635
3912928,1178767,8825732,10004499,7.487257447824718
3912930,1178769,8825735,10004504,7.487247289333194
3912955,1178777,8825775,10004552,7.487230409144393
3912986,1178777,8825852,10004629,7.4872957310839965
3913005,1178777,8825901,10004678,7.487337299591017
3913126,1178777,8826204,10004981,7.487594345665041
3913153,1178784,8826234,10005018,7.487575331867416
3913174,1178801,8826282,10005083,7.487508069640253
3913393,1178918,8826906,10005824,7.4872942817057675
3913421,1178931,8826953,10005884,7.487251586394793
3913483,1178983,8827123,10006106,7.487065547170739
3913505,1178983,8827162,10006145,7.487098626528118
3913548,1178983,8827266,10006249,7.487186838147793
3913610,1179026,8827441,10006467,7.4870622021906215
3913625,1179026,8827478,10006504,7.487093584026137
3913627,1179026,8827489,10006515,7.48710291376102
3913634,1179026,8827509,10006535,7.487119876915352
3913646,1179026,8827546,10006572,7.487151258750867
3914210,1179036,8828426,10007462,7.487834128898524
3914221,1179042,8828463,10007505,7.487827405639494
3914635,1179053,8830412,10009465,7.4894105693297925
3914687,1179053,8830579,10009632,7.489552208424897
3914837,1179118,8830995,10010113,7.489492145824252
3914862,1179118,8831020,10010138,7.489513348112742
3914896,1179129,8831095,10010224,7.489507085314669
3914953,1179139,8831182,10010321,7.48951735121983
3914978,1179139,8831254,10010393,7.489578412723182
3915039,1179139,8831502,10010641,7.489788735679169
3915046,1179139,8831504,10010643,7.4897904318320405
3915052,1179139,8831518,10010657,7.4898023049021365
3915077,1179168,8831575,10010743,7.489666442779994
3915162,1179168,8831737,10010905,7.489803827783658
3915176,1179168,8831763,10010931,7.48982587722869
3915233,1179183,8831885,10011068,7.489834063075875
3915344,1179239,8832173,10011412,7.489722609242062
3915380,1179252,8832240,10011492,7.489696858686693
3915788,1179332,8833125,10012457,7.48993921982953
3916782,1179951,8835214,10015165,7.487780424780351
3916812,1179972,8835273,10015245,7.487697165695457
3916834,1179985,8835315,10015300,7.487650266740679
3916895,1179985,8835688,10015673,7.487966372453887
3916940,1179998,8835778,10015776,7.487960149084999
3916970,1179998,8835873,10015871,7.48804065769603
3917036,1180031,8836110,10016141,7.488032094072105
3917522,1180138,8836465,10016603,7.487653986228729
3917541,1180147,8836485,10016632,7.487613831158322
3917582,1180147,8836659,10016806,7.487761270418007
3917677,1180210,8836897,10017107,7.4875632302725785
3917686,1180215,8836915,10017130,7.4875467605478665
3917701,1180215,8836996,10017211,7.48761539211076
3917709,1180215,8837018,10017233,7.487634032782163
3919839,1180215,8845615,10025830,7.494918298784543
3919872,1180248,8845699,10025947,7.494779910662844
3919916,1180255,8845754,10026009,7.494782059809109
3920614,1180255,8847650,10027905,7.4963884923173385
3920856,1180255,8848138,10028393,7.496801962287811
3920864,1180255,8848158,10028413,7.496818907778404
3920873,1180255,8848158,10028413,7.496818907778404
3921186,1180255,8848944,10029199,7.497484865558714
3921412,1180378,8849516,10029894,7.497188188868312
3921457,1180392,8849563,10029955,7.497139085998549
3921490,1180392,8849671,10030063,7.49723058102732
3921568,1180453,8849898,10030351,7.497035460115735
3921659,1180476,8850277,10030753,7.497210447311085
3921678,1180476,8850342,10030818,7.497265509845181
3921696,1180476,8850352,10030828,7.497273981004273
3921702,1180476,8850366,10030842,7.4972858406270015
3922559,1180734,8852010,10032744,7.497039976827973
3922568,1180734,8852031,10032765,7.497057762374929
3922619,1180734,8852179,10032913,7.497183108134432
3922650,1180746,8852253,10032999,7.49716958600749
3924989,1180751,8857319,10038070,7.501428328241941
3925002,1180753,8857324,10038077,7.501419856650799
3925085,1180798,8857479,10038277,7.501265246045471
3925112,1180806,8857547,10038353,7.501272012506711
3925180,1180806,8857659,10038465,7.501366862973257
3925241,1180851,8857932,10038783,7.501312189260118
3925293,1180882,8857987,10038869,7.5011618434356695
3925309,1180885,8858036,10038921,7.501184281280565
3925419,1180885,8858234,10039119,7.5013519521375915
3925553,1180900,8858822,10039722,7.501754593953764
3926924,1180908,8864502,10045410,7.506513631883263
3926989,1180944,8864599,10045543,7.5063669403460285
3927039,1180973,8864760,10045733,7.506318942092665
3927117,1180980,8864798,10045778,7.5063066266998595
3927176,1181004,8864912,10045916,7.506250613884458
3927896,1181274,8866538,10047812,7.505911414286609
3927929,1181280,8866604,10047884,7.505929161587431
3927963,1181280,8866627,10047907,7.505948631992415
3927972,1181280,8866650,10047930,7.505968102397399
3927980,1181283,8866688,10047971,7.505981208567295
3928253,1181512,8867458,10048970,7.505178110759772
3928334,1181527,8867513,10049040,7.505129379184733
3928386,1181544,8867640,10049184,7.505128882208365
3928417,1181551,8867701,10049252,7.505136045756806
3928447,1181551,8867885,10049436,7.505291773270896
3928512,1181551,8868013,10049564,7.50540010545461
3928526,1181551,8868055,10049606,7.505435651952391
3928647,1181551,8868414,10049965,7.505739489873903
3928667,1181554,8868465,10050019,7.505763596077708
3928760,1181563,8868513,10050076,7.505747048612728
3928767,1181563,8868536,10050099,7.505766514354292
3928802,1181563,8868650,10050213,7.505862996725524
3928977,1181639,8868896,10050535,7.505588424214164
3928983,1181639,8868910,10050549,7.505600272164341
3929004,1181647,8868953,10050600,7.505585847550072
3929572,1181981,8869720,10051701,7.504113856314103
3929750,1182085,8870088,10052173,7.503764957680708
3929802,1182111,8870192,10052303,7.503687893945662
3929811,1182115,8870209,10052324,7.503676884228692
3929841,1182129,8870253,10052382,7.503625238869869
3929968,1182157,8870471,10052628,7.5036319202948505
3929994,1182174,8870515,10052689,7.503561235486485
3930911,1182442,8874131,10056573,7.504918634486935
3930918,1182442,8874150,10056592,7.504934702928346
3930927,1182445,8874179,10056624,7.504940187492864
3930940,1182445,8874225,10056670,7.50497908993653
3931052,1182502,8874432,10056934,7.5047923809008354
3931062,1182502,8874449,10056951,7.504806757197874
3931095,1182524,8874511,10057035,7.5047195659453845
3931137,1182529,8874566,10057095,7.504734344781396
3931176,1182529,8874686,10057215,7.5048358222081655
3931209,1182536,8874752,10057288,7.504847209725539
3931228,1182536,8874812,10057348,7.504897948138577
3931634,1182812,8875768,10058580,7.503954981856795
3931640,1182812,8875782,10058594,7.503966818057307
3931688,1182841,8875879,10058720,7.503864847430889
3931695,1182841,8875902,10058743,7.503884292140702
3931793,1182919,8876298,10059217,7.50372426176264
3931820,1182928,8876366,10059294,7.503724656107557
3931912,1182985,8876549,10059534,7.503517796083636
3931936,1182994,8876594,10059588,7.503498749782332
3932335,1183255,8877380,10060635,7.5025079124956155
3932415,1183286,8877615,10060901,7.502509959553311
3932427,1183289,8877656,10060945,7.502525587578352
3932490,1183346,8877809,10061155,7.502293496576656
3934428,1183346,8877809,10061155,7.502293496576656
3934444,1183346,8877861,10061207,7.50233743976825
3934465,1183352,8877899,10061251,7.502331512516986
3934478,1183358,8877909,10061267,7.502301923847221
3934498,1183358,8877936,10061294,7.5023247402730195
3934696,1183415,8878647,10062062,7.502564189232011
3934702,1183415,8878665,10062080,7.502579399449897
3934737,1183436,8878726,10062162,7.502497811457485
3934809,1183461,8878847,10062308,7.502441567571724
3934920,1183492,8879131,10062623,7.50248501891014
3935102,1183504,8879341,10062845,7.502586387540727
3935308,1183572,8879906,10063478,7.502632708445282
3935313,1183572,8879918,10063490,7.502642847245457
3935340,1183590,8879988,10063578,7.502587889387373
3935370,1183604,8880073,10063677,7.502570961233656
3935388,1183611,8880134,10063745,7.5025781274422085
3935625,1183611,8880496,10064107,7.502883971169582
3936821,1183741,8883735,10067476,7.504796234987214
3936977,1183741,8883878,10067619,7.504917038439997
3936999,1183755,8883932,10067687,7.504873897047953
3937013,1183761,8883988,10067749,7.504883164760455
3937018,1183763,8883996,10067759,7.504877243164383
3937055,1183780,8884148,10067928,7.50489786953657
3937061,1183784,8884151,10067935,7.504875044771682
3937086,1183784,8884230,10068014,7.504941779919309
3937214,1183824,8884496,10068320,7.504912892456987
3937246,1183846,8884549,10068395,7.504818194258375
3937284,1183861,8884631,10068492,7.5047923700502
3937665,1184116,8886535,10070651,7.5047841596600335
3937855,1184207,8886869,10071076,7.504489502257629
3937886,1184211,8886889,10071100,7.504481042652027
3937970,1184259,8887078,10071337,7.504336466938398
3937979,1184261,8887102,10071363,7.504344059290984
3938007,1184261,8887168,10071429,7.50439979024894
3938048,1184285,8887220,10071505,7.504291618993739
3938088,1184301,8887335,10071636,7.504287339113958
3938094,1184305,8887344,10071649,7.5042695927147145
3938236,1184387,8887620,10072007,7.503983073100262
3938424,1184498,8887912,10072410,7.503526388394071
3938438,1184498,8887938,10072436,7.503548338621087
3938444,1184498,8887952,10072450,7.503560157974095
3938457,1184498,8887984,10072482,7.503587173638115
3938489,1184510,8888137,10072647,7.503640323846992
3938496,1184510,8888153,10072663,7.503653831542157
3938659,1184510,8888423,10072933,7.503881773898067
3938768,1184510,8888621,10073131,7.504048931625736
3938972,1184614,8888930,10073544,7.503650978293352
3938992,1184614,8888988,10073602,7.50369993938954
3939259,1184686,8889266,10073952,7.503478558875516
3939322,1184699,8889367,10074066,7.503481475041339
3939366,1184713,8889429,10074142,7.503445138189587
3939387,1184718,8889440,10074158,7.503422755457417
3939434,1184747,8889567,10074314,7.503346284058959
3939485,1184756,8889622,10074378,7.503335707943239
3939497,1184756,8889649,10074405,7.503358497445888
3939510,1184759,8889676,10074435,7.503362287182457
3939545,1184773,8889737,10074510,7.5033251095357505
3939597,1184782,8889886,10074668,7.503393873303274
3939606,1184787,8889907,10074694,7.503379932426673
3939651,1184787,8890008,10074795,7.503465179817132
3939664,1184787,8890051,10074838,7.503501473260594
3939686,1184787,8890075,10074862,7.5035217300662485
3939740,1184804,8890182,10074986,7.503504377095283
3939769,1184817,8890251,10075068,7.503480284297068
3939802,1184827,8890283,10075110,7.503443962705104
3939839,1184832,8890355,10075187,7.5034730662237346
3939839,1184832,8890355,10075187,7.5034730662237346
3939891,1184848,8890472,10075320,7.503470487353652
3940218,1184886,8891237,10076123,7.503875478316058
3940360,1184886,8891428,10076314,7.50403667525821
3940400,1184910,8891529,10076439,7.50396992176621
3940412,1184910,8891561,10076471,7.503996928036728
3940447,1184919,8891612,10076531,7.503982972675769
3940529,1184937,8891748,10076685,7.5039837560984255
3940535,1184940,8891757,10076697,7.503972353030533
3940554,1184955,8891784,10076739,7.50390014810689
3940572,1184955,8891819,10076774,7.503929685093527
3940618,1184965,8891942,10076907,7.503970159456187
3940669,1185022,8892020,10077042,7.503675037256692
3940681,1185022,8892047,10077069,7.503697821643818
3940685,1185022,8892066,10077088,7.503713855101425
3940699,1185031,8892087,10077118,7.503674587415857
3940745,1185031,8892233,10077264,7.503797790943866
3940817,1185057,8892404,10077461,7.503777455430414
3940902,1185109,8892559,10077668,7.503578995687317
3940922,1185123,8892619,10077742,7.5035409826659345
3941132,1185152,8893010,10078162,7.503687290744141
3941144,1185156,8893028,10078184,7.503677153049894
3941303,1185169,8893458,10078627,7.503957663421841
3941445,1185169,8893888,10079057,7.504320480876567
3941451,1185169,8893902,10079071,7.504332293537884
3941479,1185185,8893969,10079154,7.504287516294925
3941495,1185198,8894017,10079215,7.504245704093324
3941528,1185203,8894046,10079249,7.50423851441483
3941554,1185223,8894079,10079302,7.504139727291826
3941575,1185224,8894080,10079304,7.504134239603653
3941608,1185224,8894191,10079415,7.504227892786512
3941621,1185224,8894236,10079460,7.504265860293075
3941665,1185242,8894293,10079535,7.504199986163163
3941717,1185257,8894355,10079612,7.5041573262170145
3941760,1185282,8894498,10079780,7.504119694722437
3941908,1185371,8894797,10080168,7.503808512271686
3941939,1185380,8894895,10080275,7.503834213501156
3941977,1185380,8894986,10080366,7.503910982132312
3942004,1185390,8895031,10080421,7.503885641012663
3942110,1185409,8895371,10080780,7.504052187894643
3944942,1185414,8899621,10085035,7.507605781608788
3945218,1185545,8900147,10085692,7.5072198862126704
3945249,1185554,8900173,10085727,7.50718482667175
3945293,1185576,8900221,10085797,7.507086007139145
3945642,1185792,8901449,10087241,7.506754135632556
3945725,1185810,8901609,10087419,7.506775115743669
3945751,1185810,8901680,10087490,7.506834990428484
3947067,1185825,8906664,10092489,7.510943014357093
3947080,1185831,8906676,10092507,7.510915130402224
3947097,1185832,8906694,10092526,7.51092397574024
3947994,1186194,8909027,10095221,7.510598603601097
3948011,1186194,8909051,10095245,7.5106188363792095
3948242,1186194,8909342,10095536,7.51086415881382
3948277,1186204,8909365,10095569,7.510820229909863
3948344,1186204,8909564,10095768,7.510987991947422
3949370,1186204,8910865,10097069,7.51208476788141
3949484,1186213,8911008,10097221,7.512148324120542
3949629,1186299,8911372,10097671,7.511910572292483
3949636,1186299,8911401,10097700,7.511935018068801
3949642,1186299,8911415,10097714,7.511946819478057
3949821,1186299,8912157,10098456,7.512572294168671
3949907,1186348,8912334,10098682,7.5124111980633
3949988,1186348,8912662,10099010,7.512687676803097
3950007,1186354,8912744,10099098,7.512718800627806
3950111,1186401,8912912,10099313,7.512562784421119
3950203,1186450,8913025,10099475,7.512347760124742
3950339,1186590,8913621,10100211,7.51196369428362
3950409,1186590,8913775,10100365,7.512093477949418
3950423,1186590,8913810,10100400,7.5121229742371
3950459,1186590,8913894,10100484,7.5121937653275355
3950566,1186637,8914079,10100716,7.512052127145875
3950641,1186673,8914225,10100898,7.511947267697167
3950672,1186679,8914245,10100924,7.511926140093488
3950717,1186681,8914257,10100938,7.511923591934142
3950957,1186686,8914822,10101508,7.512368056924915
3950984,1186705,8914870,10101575,7.512288226644364
3951325,1186705,8915212,10101917,7.5125764195819515
3951335,1186705,8915239,10101944,7.512599171655972
3951475,1186705,8915559,10102264,7.512868825866581
3951515,1186705,8915650,10102355,7.512945508782722
3951553,1186705,8915753,10102458,7.5130323037317615
3951587,1186706,8915822,10102528,7.5130841168747775
3951592,1186709,8915828,10102537,7.513070179799765
3951653,1186749,8915957,10102706,7.5129256481362106
3951875,1186763,8916513,10103276,7.513305520984392
3951891,1186763,8916561,10103324,7.513345967139185
3951893,1186763,8916566,10103329,7.513350180280309
3951932,1186781,8916602,10103383,7.5132665588680645
3951972,1186784,8916631,10103415,7.513272002318872
3951990,1186798,8916651,10103449,7.513200224469539
3952183,1186798,8917095,10103893,7.513574340367948
3952199,1186798,8917121,10103919,7.513596248055693
3952224,1186808,8917149,10103957,7.513556531469286
3952244,1186818,8917197,10104015,7.5135336673356825
3952344,1186852,8917383,10104235,7.513475142646261
3952394,1186860,8917768,10104628,7.513748883608851
3952396,1186860,8917768,10104628,7.513748883608851
3952587,1186934,8918122,10105056,7.513578682555222
3952657,1186940,8918299,10105239,7.513689824253964
3952668,1186946,8918313,10105259,7.513663637604407
3952772,1186953,8918350,10105303,7.513650498376936
3952823,1186953,8918588,10105541,7.513851011792379
3952900,1186993,8918777,10105770,7.513757031423101
3952932,1186993,8918873,10105866,7.51383790805843
3952937,1186993,8918886,10105879,7.513848860102797
3952943,1186993,8918900,10105893,7.513860654612117
3953139,1186993,8919605,10106598,7.51445459240282
3953221,1186993,8919811,10106804,7.514628140182798
3953229,1186993,8919835,10106828,7.5146483593416304
3955096,1187478,8923171,10110649,7.514388477091786
3955121,1187478,8923238,10110716,7.514444899189711
3955241,1187574,8923560,10111134,7.514108594496006
3955406,1187629,8923902,10111531,7.514048579143823
3955413,1187632,8923918,10111550,7.514043070580786
3955458,1187658,8924050,10111708,7.51398971757863
3955517,1187660,8924093,10111753,7.514013269791017
3955567,1187690,8924257,10111947,7.5139615556247845
3955573,1187690,8924275,10111965,7.513976711094646
3955688,1187691,8924397,10112088,7.514073104873237
3955689,1187691,8924402,10112093,7.5140773147224325
3955715,1187699,8924463,10112162,7.514078061865843
3955902,1187714,8924917,10112631,7.514365411201687
3956165,1187726,8925454,10113180,7.514741615490442
3956237,1187780,8925650,10113430,7.514564986782064
3956240,1187780,8925656,10113436,7.514570038222566
3956318,1187780,8925984,10113764,7.5148461836367
3956357,1187780,8926089,10113869,7.514934583845493
3956393,1187801,8926159,10113960,7.514860654267845
3956401,1187804,8926170,10113974,7.514850935002745
3956505,1187854,8926360,10114214,7.514694566840706
3956513,1187859,8926382,10114241,7.5146814563007895
3956570,1187890,8926507,10114397,7.514590576568538
3956604,1187890,8926579,10114469,7.514651188241335
3956676,1187901,8926648,10114549,7.514639687987467
3956714,1187914,8926710,10114624,7.514609643459038
3956792,1187974,8926876,10114850,7.514369843111044
3956911,1187974,8927036,10115010,7.514504526193334
3957027,1188038,8927392,10115430,7.514399371063888
3957041,1188038,8927435,10115473,7.514435565192359
3957133,1188038,8927625,10115663,7.514595492736764
3957139,1188038,8927643,10115681,7.514610643767287
3957237,1188039,8927932,10115971,7.514847576552621
3957581,1188045,8929054,10117099,7.51575403288596
3957625,1188054,8929171,10117225,7.515795578315464
3957660,1188063,8929310,10117373,7.515855640652053
3957682,1188063,8929334,10117397,7.515875841600993
3957694,1188063,8929364,10117427,7.515901092787167
3957731,1188084,8929412,10117496,7.5158086465266765
3957827,1188142,8929594,10117736,7.515594937305473
3957868,1188160,8929678,10117838,7.515551777538379
3957956,1188213,8929916,10118129,7.515416848662656
3957971,1188213,8929937,10118150,7.5154345222615815
3957991,1188213,8929980,10118193,7.515470711059381
3958045,1188247,8930092,10118339,7.515349923037887
3958051,1188247,8930108,10118355,7.515363388251769
3958085,1188257,8930173,10118430,7.515354843270437
3958111,1188274,8930217,10118491,7.5152843536086795
3958119,1188274,8930254,10118528,7.5153154912082565
3958338,1188316,8930751,10119067,7.515468107809707
3958359,1188316,8930804,10119120,7.515512708740773
3958399,1188327,8930896,10119223,7.515520559576615
3958478,1188327,8931053,10119380,7.515652678092814
3958490,1188336,8931085,10119421,7.515622685839695
3958500,1188339,8931093,10119432,7.515610444494374
3958838,1188462,8931445,10119907,7.515128796713736
3958866,1188478,8931479,10119957,7.515056231583588
3959256,1188608,8931799,10120407,7.514503520083998
3959297,1188621,8931888,10120509,7.514496210314306
3959351,1188641,8932041,10120682,7.514498490292696
3959374,1188646,8932069,10120715,7.514490437018255
3959666,1188646,8932570,10121216,7.514911924997014
3959692,1188654,8932619,10121273,7.514902570470465
3960135,1188665,8933656,10122321,7.515705434247664
3960158,1188680,8933695,10122375,7.515643402766093
3960856,1188685,8935586,10124271,7.517202623066666
3961516,1188703,8938352,10127055,7.519415699295787
3961522,1188704,8938371,10127075,7.519425357363986
3961661,1188778,8938660,10127438,7.519200388970859
3961728,1188799,8938738,10127537,7.519133175583089
3961752,1188805,8938796,10127601,7.519144014367369
3961754,1188805,8938800,10127605,7.519147379090768
3961770,1188808,8938823,10127631,7.519147751361027
3961823,1188829,8938933,10127762,7.51910745784297
3962273,1188919,8939643,10128562,7.519135449933931
3962406,1188945,8940064,10129009,7.519325115964153
3962428,1188948,8940112,10129060,7.519346514734034
3962467,1188951,8940186,10129137,7.519389781412354
3962521,1188963,8940237,10129200,7.519356784021033
3962548,1188963,8940305,10129268,7.5194139767175265
3962559,1188963,8940315,10129278,7.519422387408187
3962566,1188963,8940332,10129295,7.51943668558231
3962571,1188963,8940344,10129307,7.519446778411103
3962578,1188965,8940353,10129318,7.519441699293083
3962590,1188965,8940391,10129356,7.519473659863831
3962640,1188979,8940439,10129418,7.519425490273588
3962653,1188979,8940492,10129471,7.519470066334224
3965599,1190402,8947804,10138206,7.516623795994966
3965602,1190402,8947813,10138215,7.516631356466135
3965624,1190413,8947840,10138253,7.516584580309523
3965635,1190416,8947865,10138281,7.516586638620448
3965669,1190437,8947912,10138349,7.516493522966776
3965767,1190438,8948201,10138639,7.516729976697652
3965775,1190438,8948221,10138659,7.516746777236614
3965884,1190470,8948488,10138958,7.516769007198837
3965978,1190470,8948615,10139085,7.5168756877535765
3965993,1190470,8948639,10139109,7.516895847858409
3966011,1190489,8948703,10139192,7.5168296389130855
3966064,1190505,8948800,10139305,7.516810093195745
3966084,1190512,8948839,10139351,7.5167986546964665
3966155,1190519,8949035,10139554,7.516919091589466
3966175,1190522,8949076,10139598,7.51693458835704
3966355,1190525,8949706,10140231,7.517444824762185
3966377,1190535,8949751,10140286,7.517419479477714
3966463,1190584,8949947,10140531,7.517274715601755
3966471,1190587,8949979,10140566,7.517282651330814
3966566,1190651,8950128,10140779,7.517003723173289
3966585,1190651,8950150,10140801,7.517022200460085
3966609,1190665,8950193,10140858,7.5169699285693286
3966646,1190665,8950329,10140994,7.517084150453738
3967688,1191165,8952248,10143413,7.5155398286551405
3967887,1191257,8952479,10143736,7.515153321239666
3967920,1191257,8952514,10143771,7.515182701969432
3968051,1191316,8952772,10144088,7.51502707929718
3968152,1191316,8953203,10144519,7.515388864079724
3968182,1191327,8953258,10144585,7.515365638485487
3968216,1191342,8953328,10144670,7.515329770964173
3968632,1191342,8954514,10145856,7.51632528694531
3968642,1191342,8954546,10145888,7.516352147410231
3968678,1191353,8954569,10145922,7.516302053211769
3968765,1191377,8954775,10146152,7.516323548297474
3968841,1191404,8954900,10146304,7.516258129064532
3968919,1191404,8955290,10146694,7.516585473945026
3969044,1191507,8955792,10147299,7.516357016786305
3969053,1191510,8955799,10147309,7.516343966899145
3969134,1191510,8955854,10147364,7.516390126813874
3969185,1191541,8955942,10147483,7.516268428866485
3969218,1191572,8956093,10147665,7.51619960858429
3969230,1191576,8956125,10147701,7.516201232653225
3969679,1191759,8956902,10148661,7.5156990633173315
3969831,1191764,8957364,10149128,7.516055192135355
3969958,1191844,8957631,10149475,7.515774715482899
3969964,1191844,8957645,10149489,7.515786461986636
3969969,1191844,8957649,10149493,7.5157898181305605
3970049,1191883,8957821,10149704,7.515688200939186
3970068,1191883,8957903,10149786,7.515756999638388
3970115,1191899,8958065,10149964,7.515792026002203
3970264,1191936,8958313,10150249,7.515766786136169
3970382,1191959,8958725,10150684,7.515967411630769
3970399,1191959,8958771,10150730,7.516006003562203
3970571,1191978,8959263,10151241,7.516298958537825
3970579,1191978,8959288,10151266,7.516319932079283
3970607,1191978,8959404,10151382,7.516417249311648
3970664,1191978,8959494,10151472,7.516492754060897
3971277,1191984,8960585,10152569,7.517370199599995
3971359,1191984,8960860,10152844,7.51760090739473
3971554,1192073,8961283,10153356,7.517394488424786
3971593,1192078,8961427,10153505,7.517483755257626
3971645,1192086,8961535,10153621,7.5175239034767625
3971651,1192091,8961541,10153632,7.517497405818851
3971682,1192112,8961580,10153692,7.5173976941763865
3971690,1192113,8961583,10153696,7.51739390477245
3971731,1192141,8961659,10153800,7.517281093427707
3972146,1192141,8962512,10154653,7.517996612816773
3972178,1192164,8962553,10154717,7.517885961998517
3972193,1192164,8962596,10154760,7.517922030861525
3972311,1192237,8962962,10155199,7.517768698673167
3972360,1192237,8963121,10155358,7.517902061418996
3972384,1192244,8963176,10155420,7.517904053197165
3972434,1192286,8963305,10155591,7.517747419662732
3972475,1192317,8963355,10155672,7.517593894912175
3972534,1192341,8963375,10155716,7.51745935097426
3972622,1192354,8963456,10155810,7.517445322446187
3972665,1192354,8963584,10155938,7.517552673115534
3972710,1192354,8963721,10156075,7.517667571878821
3972721,1192357,8963748,10156105,7.517671301464243
3972788,1192374,8963850,10156224,7.517649663612256
3972797,1192376,8963873,10156249,7.517656343301106
3972819,1192378,8963877,10156255,7.517647088423302
3972826,1192378,8963882,10156260,7.51765128172442
3972837,1192382,8963922,10156304,7.517659609085008
3972859,1192382,8963946,10156328,7.517679736862851
3972888,1192382,8963998,10156380,7.517723347048178
3973008,1192382,8964329,10156711,7.518000942650929
3973026,1192382,8964339,10156721,7.5180093292250305
3973072,1192393,8964371,10156764,7.517966811277826
3973121,1192410,8964400,10156810,7.517883949312736
3973196,1192460,8964515,10156975,7.517665162772755
3973212,1192469,8964544,10157013,7.517632743492703
3973232,1192489,8964593,10157082,7.517547750964579
3973240,1192489,8964608,10157097,7.517560329696962
3973249,1192495,8964615,10157110,7.517528375381029
3973417,1192515,8965033,10157548,7.517752816526417
3974043,1192653,8966277,10158930,7.51792600194692
3974676,1192665,8967576,10160241,7.518939517802568
3974722,1192690,8967711,10160401,7.518895102667081
3974751,1192690,8967833,10160523,7.518997392449002
3974777,1192691,8967872,10160563,7.519023787384998
3974843,1192711,8967989,10160700,7.5189958003238
3975361,1192723,8969759,10162482,7.52040415083804
3975432,1192723,8969886,10162609,7.520510629878019
3975490,1192727,8970012,10162739,7.5205910489156365
3975594,1192728,8970324,10163052,7.5208463287522385
3975616,1192728,8970359,10163087,7.5208756732465405
3975619,1192728,8970368,10163096,7.520883218973647
3975662,1192735,8970427,10163162,7.5208885460726815
3975732,1192748,8970513,10163261,7.520878676803482
3975763,1192748,8970569,10163317,7.520925627207088
3975774,1192748,8970589,10163337,7.520942395208376
3975782,1192757,8970615,10163372,7.520907443846483
3975789,1192757,8970640,10163397,7.520928403689939
3975823,1192757,8970640,10163397,7.520928403689939
3975925,1192788,8970878,10163666,7.520932470816272
3975937,1192797,8970910,10163707,7.520902550895081
3976033,1192872,8971075,10163947,7.520568007296675
3976045,1192878,8971103,10163981,7.520553652594817
3976181,1192933,8971393,10164326,7.520450016891141
3976210,1192937,8971439,10164376,7.520463360596578
3976212,1192939,8971442,10164381,7.520453267099156
3976342,1192939,8971828,10164767,7.520776837709221
3976378,1192939,8971921,10164860,7.520854796431335
3976387,1192941,8971946,10164887,7.520863144111905
3976393,1192941,8971960,10164901,7.520874879813838
3976408,1192950,8972011,10164961,7.52086089106836
3976481,1193002,8972219,10165221,7.52070742546953
3976505,1193008,8972247,10165255,7.520693071630702
3976557,1193032,8972291,10165323,7.520578660086234
3976698,1193120,8972471,10165591,7.520174835724823
3976726,1193127,8972499,10165626,7.520154183083611
3976773,1193127,8972603,10165730,7.520241348993024
3976791,1193127,8972635,10165762,7.5202681692728435
3977045,1193127,8973272,10166399,7.5208020604679975
3977065,1193140,8973296,10166436,7.520740231657643
3977097,1193157,8973335,10166492,7.520665763181207
3977141,1193157,8973478,10166635,7.520785613293137
3977164,1193157,8973562,10166719,7.520856014757488
3977194,1193166,8973618,10166784,7.520846219218449
3977210,1193166,8973653,10166819,7.520875552940664
3977303,1193195,8973889,10167084,7.520890550161541
3977347,1193195,8974011,10167206,7.520992796651009
3977378,1193199,8974087,10167286,7.521031278101976
3977388,1193204,8974116,10167320,7.521024066295453
3977395,1193204,8974136,10167340,7.521040827888609
3977457,1193205,8974427,10167632,7.521278405638595
3977474,1193212,8974458,10167670,7.521260262216606
3978012,1193217,8975156,10168373,7.521813718711685
3978065,1193233,8975218,10168451,7.521764818773869
3978069,1193233,8975238,10168471,7.521781579959656
3978178,1193265,8975522,10168787,7.521817869459006
3978229,1193280,8975617,10168897,7.521802929739876
3978286,1193310,8975761,10169071,7.52173450318861
3978363,1193318,8975978,10169296,7.521865923416893
3978417,1193318,8976138,10169456,7.522000003351998
3978535,1193361,8976528,10169889,7.522055773567261
3978863,1193363,8977404,10170767,7.52277722704659
3978938,1193390,8977517,10170907,7.522701715281676
3978996,1193398,8977631,10171029,7.5227468120442635
3979025,1193398,8977729,10171127,7.522828930499297
3979100,1193476,8978045,10171521,7.52260204645925
3979107,1193476,8978061,10171537,7.522615452677725
3979125,1193476,8978144,10171620,7.522684997436061
3979132,1193480,8978162,10171642,7.522674866776151
3979283,1193521,8978290,10171811,7.522523692503106
3979366,1193563,8978507,10172070,7.5224407928194825
3980004,1193781,8979573,10173354,7.521960058000588
3980057,1193812,8979642,10173454,7.5218225315208755
3980079,1193814,8979649,10173463,7.5218157937501156
3980114,1193824,8979701,10173525,7.521796345189911
3980126,1193824,8979735,10173559,7.521824825099848
3980193,1193881,8979899,10173780,7.521603074343255
3980215,1193883,8979906,10173789,7.521596337329537
3980263,1193902,8979953,10173855,7.521516003826109
3980486,1193902,8980638,10174540,7.522089752760277
3980511,1193914,8980696,10174610,7.522062728136198
3980584,1193923,8980925,10174848,7.522197830178328
3980655,1193963,8981165,10175128,7.522146833695851
3982681,1194168,8986150,10180318,7.525029979031426
3982790,1194248,8986421,10180669,7.52475281516067
3982801,1194248,8986460,10180708,7.524785471694321
3982811,1194251,8986475,10180726,7.524779129345506
3982827,1194251,8986498,10180749,7.524798388278511
3982896,1194280,8986569,10180849,7.524675118062766
3983187,1194450,8987057,10181507,7.524012725522207
3983335,1194609,8987370,10181979,7.523273305324169
3983470,1194642,8987630,10182272,7.523283125823468
3983504,1194661,8987732,10182393,7.523248854696019
3983555,1194685,8987852,10182537,7.523198165206728
3983936,1194725,8989059,10183784,7.5239565590407835
3983991,1194748,8989151,10183899,7.5238887196295785
3984025,1194757,8989199,10183956,7.523872218367417
3984053,1194757,8989220,10183977,7.523889795163368
3984165,1194757,8989599,10184356,7.524207014480769
3984200,1194766,8989735,10184501,7.524264165535343
3984418,1194766,8990373,10185139,7.524798161313596
3984484,1194807,8990483,10185290,7.524632011697286
3984783,1195042,8991069,10186111,7.523642683688105
3984792,1195052,8991092,10186144,7.523598973099078
3984807,1195052,8991136,10186188,7.523635791580618
3985067,1195058,8991852,10186910,7.524197151937395
3985074,1195058,8991867,10186925,7.524209703629447
3985131,1195088,8991978,10187066,7.524113705434244
3985163,1195103,8992007,10187110,7.524043534322983
3985660,1195103,8993341,10188444,7.525159756104704
3985688,1195103,8993399,10188502,7.525208287486518
3985698,1195103,8993415,10188518,7.525221675453915
3985718,1195108,8993440,10188548,7.525211110627659
3985742,1195118,8993484,10188602,7.525184960815585
3985748,1195118,8993498,10188616,7.525196675140028
3985789,1195133,8993593,10188726,7.525181716177196
3985798,1195136,8993606,10188742,7.52517370408054
3985828,1195160,8993661,10188821,7.525068610060577
3985864,1195186,8993777,10188963,7.525001966221157
3985904,1195200,8993816,10189016,7.524946452476573
3985907,1195202,8993821,10189023,7.52493804394571
3985910,1195202,8993830,10189032,7.524945574053591
3985935,1195202,8993904,10189106,7.525007488273949
3985938,1195202,8993913,10189115,7.52501501838183
3986017,1195206,8997149,10192355,7.527697317449879
3986780,1195218,8998721,10193939,7.528936980534095
3986926,1195218,8998721,10193939,7.528936980534095
3987011,1195251,8998873,10194124,7.528856282069624
3987040,1195251,8998971,10194222,7.528938273216253
3987072,1195258,8999052,10194310,7.528961947964373
3987105,1195264,8999078,10194342,7.52894590651103
3987263,1195329,8999238,10194567,7.528670349334786
3987317,1195329,8999316,10194645,7.528735603335985
3987333,1195344,8999350,10194694,7.528669571269861
3987350,1195344,8999395,10194739,7.528707217336599
3987962,1195344,9000134,10195478,7.529325449410379
3987995,1195347,9000204,10195551,7.529365113226536
3988817,1195561,9002220,10197781,7.529703628673066
3988824,1195565,9002228,10197793,7.529685127952056
3988848,1195565,9002244,10197809,7.529698510745965
3988855,1195565,9002264,10197829,7.529715239238352
3988985,1195654,9002624,10198278,7.529455845921981
3988997,1195654,9002653,10198307,7.529480100430392
3989016,1195659,9002691,10198350,7.529480395330107
3989082,1195690,9002769,10198459,7.529350416914083
3989115,1195711,9002815,10198526,7.529256651481838
3989133,1195712,9002850,10198562,7.529279625863084
3989567,1195726,9003357,10199083,7.529615480469606
3989607,1195754,9003452,10199206,7.529518613360273
3989737,1195754,9003838,10199592,7.529841422232332
3989772,1195754,9003987,10199741,7.529966029802116
3989930,1195789,9004404,10200193,7.530094356111321
3990082,1195853,9004873,10200726,7.530083547058042
3990108,1195871,9004932,10200803,7.530019542241596
3990271,1195933,9005395,10201328,7.53001631362292
3990368,1195952,9005492,10201444,7.52997779175084
3990389,1195958,9005526,10201484,7.529968443707889
3990465,1196007,9005630,10201637,7.529746899474668
3990777,1196199,9006265,10202464,7.529069159897308
3991068,1196292,9006863,10203155,7.528983726381185
3991101,1196304,9006926,10203230,7.52896086613436
3991121,1196314,9006986,10203300,7.528948085536071
3991533,1196453,9007688,10204141,7.528660131237918
3991542,1196453,9007713,10204166,7.528681026333671
3993079,1196823,9008946,10205769,7.527383748474085
3993182,1196929,9009195,10206124,7.5269251559616315
3993246,1196947,9009297,10206244,7.526897180911101
3993310,1196980,9009382,10206362,7.5267606810473024
3993362,1196980,9009509,10206489,7.526866781399856
3993367,1196983,9009514,10206497,7.526852093972931
3993388,1196992,9009541,10206533,7.526818057263541
3993673,1196992,9010141,10207133,7.527319313746458
3993746,1197014,9010186,10207200,7.527218562188914
3993786,1197029,9010272,10207301,7.52719608296875
3994181,1197128,9011144,10208272,7.527302009476013
3994198,1197136,9011164,10208300,7.527268413947956
3994429,1197225,9011611,10208836,7.527082210946146
3994448,1197234,9011636,10208870,7.527046508869611
3995310,1197234,9013369,10210603,7.528494012031065
3995995,1197416,9015812,10213228,7.529389953032196
3996035,1197416,9015953,10213369,7.529507706594868
3996060,1197416,9015991,10213407,7.529539441597573
3996085,1197433,9016012,10213445,7.529450081967008
3996135,1197446,9016090,10213536,7.529433477584793
3996191,1197446,9016267,10213713,7.529581292183531
3996198,1197446,9016287,10213733,7.5295979943980775
3996451,1197556,9017085,10214641,7.529572729793012
3996484,1197563,9017134,10214697,7.52956963433239
3996516,1197566,9017230,10214796,7.529630934745977
3996581,1197583,9017260,10214843,7.529549100145877
3996631,1197613,9017334,10214947,7.529422275810299
3996675,1197657,9017407,10215064,7.52920660923787
3996700,1197657,9017449,10215106,7.52924167770906
3996718,1197666,9017487,10215153,7.5292168267279855
3997057,1197735,9018604,10216339,7.529715671663598
3997137,1197760,9018654,10216414,7.529600253807106
3997157,1197775,9018686,10216461,7.529532675168542
3997168,1197775,9018712,10216487,7.529554382083447
3997199,1197784,9018772,10216556,7.529547898452476
3997321,1197800,9019113,10216913,7.5297320086825845
3997390,1197842,9019336,10217178,7.529654161400251
3997395,1197842,9019348,10217190,7.529664179415983
3997414,1197850,9019377,10217227,7.529638101598698
3997644,1197854,9019695,10217549,7.529878432596961
3997667,1197854,9019765,10217619,7.5299368704366305
3997676,1197855,9019775,10217630,7.529938932508526
3997693,1197855,9019820,10217675,7.529976499659808
3997709,1197855,9019866,10217721,7.530014901636676
3997864,1197865,9020109,10217974,7.530154900593973
3998236,1197894,9021027,10218921,7.5307389468517245
3998258,1197901,9021117,10219018,7.530770071984246
3998291,1197901,9021243,10219144,7.530875255968565
3998344,1197904,9021326,10219230,7.530925683527228
3998346,1197904,9021328,10219232,7.530927353110099
3998483,1197969,9021672,10219641,7.530805888967077
3998572,1197969,9021985,10219954,7.531067164509265
3998578,1197969,9022003,10219972,7.531082189939807
3998613,1197972,9022087,10220059,7.53113344886191
3998618,1197972,9022094,10220066,7.531139292070265
3998630,1197976,9022119,10220095,7.531135014390939
3998935,1198135,9022672,10220807,7.530597136382795
3998978,1198149,9022727,10220876,7.530555047827941
3999049,1198149,9022959,10221108,7.530748679838651
3999082,1198149,9023025,10221174,7.5308037648072155
3999148,1198149,9023231,10221380,7.5309756966787935
3999179,1198160,9023280,10221440,7.5309474527609
3999193,1198160,9023305,10221465,7.5309683180877345
3999322,1198189,9023483,10221672,7.530934602137059
3999329,1198189,9023503,10221692,7.53095129399452
3999372,1198197,9023554,10221751,7.530943576056358
3999386,1198197,9023592,10221789,7.530975290373787
3999503,1198227,9023693,10221920,7.53087102861144
3999531,1198227,9023733,10221960,7.530904411267648
3999580,1198245,9023807,10222052,7.5308530392365505
3999652,1198269,9023940,10222209,7.53081319803817
3999814,1198269,9024535,10222804,7.53130974764431
3999862,1198269,9024660,10222929,7.531414064788457
3999892,1198284,9024706,10222990,7.531358175524333
3999898,1198284,9024723,10223007,7.531372362478344
3999927,1198291,9024787,10223078,7.531381776212957
3999979,1198291,9024827,10223118,7.531415157086217
4000078,1198318,9025093,10223411,7.531467440195341
4000207,1198358,9025419,10223777,7.531488086197948
4000298,1198365,9025470,10223835,7.53148665056139
4000319,1198368,9025488,10223856,7.531482816630618
4000682,1198526,9026381,10224907,7.531235033699728
4000723,1198535,9026464,10224999,7.531247731605669
4000741,1198549,9026507,10225056,7.531195637391546
4000757,1198552,9026527,10225079,7.531193473457972
4000781,1198552,9026557,10225109,7.531218503661084
4000796,1198558,9026587,10225145,7.531205832341864
4000834,1198560,9026679,10225239,7.531270024028834
4000858,1198574,9026712,10225286,7.531209587393018
4000870,1198583,9026737,10225320,7.531173894507097
4000987,1198587,9026806,10225393,7.531206328785478
4001074,1198635,9026994,10225629,7.531061582550151
4001111,1198635,9027070,10225705,7.531124988007192
4001115,1198638,9027089,10225727,7.531121990125459
4001149,1198648,9027169,10225817,7.531125901849417
4001155,1198648,9027188,10225836,7.53114175304176
4001278,1198715,9027420,10226135,7.530914354120871
4001543,1198860,9027943,10226803,7.530439751096876
4001670,1198957,9028316,10227273,7.53014161475349
4001704,1198970,9028360,10227330,7.530096666305245
4001747,1198980,9028445,10227425,7.5301047557090195
4001848,1199011,9028671,10227682,7.530098556226757
4001864,1199025,9028707,10227732,7.530040658034653
4001871,1199025,9028730,10227755,7.5300598402869
4002130,1199025,9028730,10227755,7.5300598402869
4002177,1199025,9028844,10227869,7.530154917537166
4002276,1199061,9028928,10227989,7.5299988907987165
4002312,1199073,9029036,10228109,7.530013602174346
4003495,1199229,9030941,10230170,7.530622591681822
4003526,1199229,9031048,10230277,7.530711815674905
4003599,1199238,9031180,10230418,7.530765369342866
4003715,1199260,9031495,10230755,7.530889882093958
4003716,1199260,9031497,10230757,7.530891549789037
4003752,1199275,9031564,10230839,7.530853223822726
4003827,1199320,9031789,10231109,7.530758263015709
4004088,1199324,9032484,10231808,7.531312639453559
4004174,1199327,9032682,10232009,7.531458893195934
4004191,1199340,9032717,10232057,7.531406440208782
4004317,1199375,9032985,10232360,7.531410109431996
4004589,1199539,9033548,10233087,7.5308497681192526
4004849,1199544,9033580,10233124,7.5308450544540255
4004853,1199546,9033591,10233137,7.530841668431223
4004872,1199557,9033637,10233194,7.530810957711888
4005198,1199557,9034713,10234270,7.531707955520246
4005296,1199580,9035025,10234605,7.531823638273396
4005302,1199580,9035039,10234619,7.531835309024825
4005528,1199580,9035734,10235314,7.532414678470798
4005544,1199580,9035804,10235384,7.532473032227946
4005562,1199580,9035814,10235394,7.532481368478968
4005614,1199596,9035911,10235507,7.532461762126583
4005663,1199624,9036029,10235653,7.532384313751642
4005692,1199631,9036074,10235705,7.532377872862572
4005731,1199665,9036180,10235845,7.532252753893795
4005753,1199679,9036231,10235910,7.5322073654702635
4005778,1199692,9036271,10235963,7.532159087499124
4006213,1199703,9036692,10236395,7.532440945800753
4006278,1199730,9036808,10236538,7.5323681161594696
4006292,1199730,9036828,10236558,7.53238478657698
4006320,1199737,9036865,10236602,7.532371678126123
4006439,1199794,9037202,10236996,7.532294710591985
4006560,1199845,9037389,10237234,7.5321304001766896
4006703,1199933,9037584,10237517,7.531740522179155
4006736,1199957,9037643,10237600,7.531639050399306
4006835,1199957,9037822,10237779,7.531788222411303
4006838,1199959,9037833,10237792,7.531784835981896
4006840,1199959,9037844,10237803,7.531794002961768
4006905,1199959,9037922,10237881,7.531859005182677
4006929,1199964,9037946,10237910,7.53184762209533
4007059,1199965,9038331,10238296,7.532162188063818
4007064,1199965,9038347,10238312,7.532175521786052
4007124,1200006,9038587,10238593,7.53211817274247
4007126,1200008,9038587,10238595,7.532105619295871
4007152,1200008,9038641,10238649,7.532150618995874
4007350,1200008,9038918,10238926,7.532381450790328
4007359,1200012,9038939,10238951,7.532373842928237
4007936,1200012,9040863,10240875,7.533977160228398
4007974,1200026,9040977,10241003,7.533984263674287
4007991,1200031,9040998,10241029,7.533970372432045
4007992,1200031,9040998,10241029,7.533970372432045
4008043,1200050,9041132,10241182,7.533962751552019
4008049,1200053,9041147,10241200,7.533956416924919
4008055,1200053,9041161,10241214,7.5339680830763305
4008120,1200110,9041325,10241435,7.533746906533568
4008210,1200135,9041422,10241557,7.533670795368854
4008238,1200142,9041448,10241590,7.533648518258673
4008330,1200142,9041503,10241645,7.533694346169037
4008399,1200172,9041667,10241839,7.5336426778828365
4008450,1200192,9041772,10241964,7.5336046232602785
4008507,1200211,9041851,10242062,7.533551183916828
4008588,1200211,9042042,10242253,7.5337103226016096
4008616,1200211,9042106,10242317,7.533763646558813
4008628,1200211,9042139,10242350,7.5337911417242465
4008668,1200212,9042180,10242392,7.5338190253055295
4008685,1200220,9042223,10242443,7.533804635816767
4008803,1200247,9042862,10243109,7.534167550512519
4008849,1200258,9042976,10243234,7.534193481734761
4010071,1200601,9048059,10248660,7.536274749063177
4010090,1200608,9048082,10248690,7.536249966683547
4010219,1200608,9048269,10248877,7.536405721101309
4010263,1200608,9048392,10249000,7.536508169194275
4010363,1200672,9048527,10249199,7.536218884091576
4010469,1200691,9048714,10249405,7.536255372947744
4010711,1200774,9049473,10250247,7.536366543579391
4010718,1200774,9049491,10250265,7.536381533910627
4010743,1200777,9049548,10250325,7.536410174412068
4010852,1200787,9049986,10250773,7.536712172933251
4010921,1200787,9050185,10250972,7.5368778975788375
4010929,1200787,9050210,10250997,7.536898717257932
4011317,1200919,9051096,10252015,7.536808061159828
4011709,1200920,9051615,10252535,7.537233953968624
4011739,1200952,9051690,10252642,7.537095570847128
4011764,1200959,9051751,10252710,7.537102432306182
4011833,1200959,9051950,10252909,7.5372681332168705
4011859,1200971,9052003,10252974,7.537236952432656
4011897,1200987,9052048,10253035,7.53717400771199
4011949,1201013,9052206,10253219,7.537142395627691
4012022,1201040,9052296,10253336,7.537047891827084
4012051,1201047,9052372,10253419,7.537067242164545
4012067,1201054,9052475,10253529,7.537109072531293
4012247,1201085,9052645,10253730,7.53705607846239
4012258,1201085,9052677,10253762,7.537082721039726
4013680,1201161,9055433,10256594,7.538900280645143
4013702,1201161,9055457,10256618,7.538920261313845
4013749,1201188,9055526,10256714,7.538808246502629
4013909,1201188,9055802,10256990,7.539038019027829
4013940,1201188,9055888,10257076,7.539109614814667
4013977,1201209,9055951,10257160,7.539030260346035
4014336,1201393,9057462,10258855,7.539133322734526
4014342,1201393,9057476,10258869,7.53914497587384
4014346,1201393,9057481,10258874,7.539149137709309
4014358,1201393,9057529,10258922,7.539189091329814
4014899,1201415,9059251,10260666,7.540484345542548
4014955,1201434,9059330,10260764,7.540430851798767
4014993,1201434,9059440,10260874,7.540522409054513
4015019,1201434,9059503,10260937,7.540574846391895
4015043,1201436,9059545,10260981,7.540597251955161
4015058,1201441,9059577,10261018,7.540592505166712
4015085,1201452,9059591,10261043,7.540535119172468
4015645,1201694,9062090,10263784,7.541096152597916
4015662,1201700,9062110,10263810,7.541075143546642
4015671,1201704,9062139,10263843,7.541074174671966
4015679,1201709,9062155,10263864,7.541056112586325
4015809,1201709,9062541,10264250,7.54137732179754
4015906,1201753,9062727,10264480,7.541255981886461
4015987,1201794,9062825,10264619,7.541080251690389
4016022,1201802,9062966,10264768,7.541147377022171
4016031,1201812,9062983,10264795,7.541098774184315
4016072,1201840,9063048,10264888,7.540977168341875
4016154,1201867,9063175,10265042,7.540913428856936
4016169,1201867,9063207,10265074,7.540940054099164
4016214,1201887,9063364,10265251,7.540945197011033
4016234,1201887,9063443,10265330,7.541010926983985
4017527,1201926,9064307,10266233,7.541485083108278
4017535,1201926,9064325,10266251,7.541500059071856
4017614,1201985,9064496,10266481,7.541272145659056
4017698,1201985,9064678,10266663,7.541423561858093
4017844,1202090,9065015,10267105,7.541045179645451
4018034,1202090,9065412,10267502,7.541375437779201
4018044,1202094,9065450,10267544,7.541381955154922
4018047,1202094,9065463,10267557,7.541392769617018
4018106,1202106,9065588,10267694,7.541421471983336
4018214,1202106,9065731,10267837,7.5415404298788955
4018240,1202106,9065845,10267951,7.541635263445985
4018276,1202129,9065923,10268052,7.541555856318249
4018349,1202152,9066058,10268210,7.541523867198158
4018351,1202152,9066063,10268215,7.541528026405978
4018370,1202173,9066150,10268323,7.541468657173302
4018435,1202199,9066292,10268491,7.541423674449904
4018466,1202203,9066330,10268533,7.54143019107422
4018481,1202203,9066408,10268611,7.54149507196372
4018507,1202211,9066470,10268681,7.541496459440149
4018738,1202319,9066930,10269249,7.541201627854172
4018884,1202398,9067196,10269594,7.540927380118729
4018919,1202415,9067245,10269660,7.5408615161986505
4018927,1202415,9067267,10269682,7.540879812710254
4018959,1202424,9067299,10269723,7.540849983034271
4018984,1202424,9067326,10269750,7.540872437675895
4019179,1202424,9067725,10270149,7.541204267379893
4019195,1202424,9067752,10270176,7.541226722021516
4019261,1202443,9067811,10270254,7.541156628630214
4019449,1202593,9068375,10270968,7.540685003155681
4019504,1202605,9068429,10271034,7.540654662170871
4020131,1202765,9069395,10272160,7.540454702290139
4020319,1202765,9069674,10272439,7.540686667802937
4020498,1202833,9070140,10272973,7.540647787348701
4020501,1202833,9070149,10272982,7.540655269684154
4020533,1202841,9070194,10273035,7.540642528813035
4020543,1202847,9070200,10273047,7.54060990300512
4020553,1202847,9070221,10273068,7.54062736158464
4020568,1202847,9070294,10273141,7.540688050932496
4020646,1202884,9070447,10273331,7.540583298140136
4020739,1202884,9070599,10273483,7.540709661114455
4020797,1202884,9070792,10273676,7.540870108838425
4020938,1202901,9070854,10273755,7.540815079545199
4021278,1202947,9071171,10274118,7.540790242629143
4021376,1202948,9071460,10274408,7.5410242171731445
4021509,1203027,9071979,10275006,7.54096042732208
4021521,1203027,9072000,10275027,7.540977883289402
4021533,1203035,9072019,10275054,7.540943530321229
4021682,1203090,9072280,10275370,7.540815732821319
4021728,1203106,9072394,10275500,7.540810202924763
4021741,1203111,9072440,10275551,7.540817098339223
4021782,1203120,9072559,10275679,7.540859598377551
4021879,1203154,9072839,10275993,7.540879222443677
4022002,1203225,9073040,10276265,7.5406013006711134
4022019,1203233,9073065,10276298,7.5405719424251165
4022084,1203249,9073130,10276379,7.540525693351916
4022135,1203250,9073140,10276390,7.540527737377935
4022140,1203250,9073142,10276392,7.540529399542905
4022426,1203321,9073722,10277043,7.540566482260345
4022434,1203324,9073732,10277056,7.54055599323208
4022488,1203324,9073902,10277226,7.540697268566072
4022569,1203324,9074266,10277590,7.540999763987089
4022717,1203408,9074518,10277926,7.540682794197812
4022797,1203408,9074795,10278203,7.5409129738210146
4022827,1203419,9074826,10278245,7.540869805113597
4024833,1203422,9085318,10288740,7.549569477706075
4024873,1203437,9085411,10288848,7.549552656267009
4024959,1203500,9085699,10289199,7.549396759451599
4024999,1203516,9085810,10289326,7.54938862466307
4025041,1203530,9085880,10289410,7.549358969032762
4025133,1203594,9086157,10289751,7.5491876828897455
4025194,1203594,9086302,10289896,7.5493081554078865
4025290,1203594,9086401,10289995,7.549390409058204
4025386,1203594,9086661,10290255,7.549606428745906
4025419,1203594,9086749,10290343,7.549679543101743
4025498,1203614,9086787,10290401,7.54958566450706
4025523,1203614,9086866,10290480,7.549651300167661
4025533,1203614,9086892,10290506,7.54967290177748
4028436,1203886,9092964,10296850,7.553010833251653
4028439,1203887,9092968,10296855,7.5530078819689885
4029029,1203887,9094753,10298640,7.554490579265329
4029034,1203887,9094766,10298653,7.55450137762099
4029075,1203893,9094839,10298732,7.554524363876192
4029946,1203893,9095074,10298967,7.554719563947959
4029982,1203916,9095168,10299084,7.554653314683084
4030026,1203941,9095268,10299209,7.5545795018194415
4030060,1203962,9095315,10299277,7.554486769515981
4030144,1203962,9095790,10299752,7.554881300240373
4030233,1204018,9095963,10299981,7.554673601225231
4030268,1204054,9096029,10300083,7.554502538922673
4030276,1204054,9096058,10300112,7.554526624221173
4030305,1204054,9096127,10300181,7.554583930621052
4030417,1204067,9096494,10300561,7.554807166046408
4030439,1204076,9096524,10300600,7.55477561217066
4030451,1204091,9096548,10300639,7.554701430373618
4030513,1204091,9096769,10300860,7.554884971318613
4030596,1204119,9096884,10301003,7.554804799193435
4030653,1204119,9096963,10301082,7.554870407326851
4030691,1204119,9097042,10301161,7.554936015460266
4030705,1204119,9097081,10301200,7.554968404285623
4030731,1204119,9097136,10301255,7.555014080834203
4031047,1204122,9098153,10302275,7.5558398567587
4031069,1204132,9098199,10302331,7.555815309285029
4031123,1204151,9098286,10302437,7.555768338024052
4031145,1204161,9098386,10302547,7.555788636237181
4031191,1204175,9098464,10302639,7.555765565636224
4031222,1204184,9098524,10302708,7.555758920563635
4031278,1204184,9098698,10302882,7.555903416753586
4031426,1204225,9098955,10303180,7.555859577736719
4031435,1204225,9098977,10303202,7.555877846747908
4031462,1204243,9099027,10303270,7.555806427772468
4031465,1204243,9099041,10303284,7.555818053333089
4031477,1204243,9099074,10303317,7.55584545644027
4031502,1204257,9099163,10303420,7.555831521012541
4031545,1204278,9099260,10303538,7.555780309862008
4031780,1204297,9100008,10304305,7.556282212776416
4031967,1204301,9100448,10304749,7.556622472288905
4031970,1204302,9100460,10304762,7.55662616187634
4032088,1204302,9100676,10304978,7.556805518881476
4032106,1204302,9100696,10304998,7.556822126011582
4032155,1204303,9100789,10305092,7.5568930742512475
4032159,1204303,9100795,10305098,7.556898056386142
4032210,1204338,9100919,10305257,7.556781401898802
4032267,1204368,9101022,10305390,7.556678689569965
4032291,1204368,9101081,10305449,7.556727677919041
4033289,1204699,9102359,10307058,7.555712256754592
4033325,1204707,9102399,10307106,7.555695285243631
4033336,1204709,9102425,10307134,7.555704323616741
4033339,1204710,9102426,10307136,7.5556988818885875
4033362,1204722,9102485,10307207,7.555672595005321
4033403,1204748,9102525,10307273,7.555542735908256
4033438,1204763,9102595,10307358,7.55550676772112
4033449,1204763,9102605,10307368,7.555515068108831
4033455,1204763,9102619,10307382,7.555526688651627
4034555,1205191,9105983,10311174,7.555634750010579
4034678,1205192,9106500,10311692,7.556057458064773
4034898,1205269,9107425,10312694,7.55634219414919
4034961,1205301,9107522,10312823,7.556222055735455
4035069,1205301,9107827,10313128,7.5564751045589444
4035096,1205301,9107895,10313196,7.556531522001558
4035110,1205301,9107938,10313239,7.556567197737329
4035117,1205301,9107957,10313258,7.55658296143453
4035480,1205437,9109397,10314834,7.556924998983771
4035542,1205454,9109533,10314987,7.556931247480202
4035575,1205454,9109597,10315051,7.556984339510259
4035662,1205454,9109792,10315246,7.557146104289338
4035679,1205459,9109831,10315290,7.557147111598154
4035758,1205485,9110036,10315521,7.557154174460901
4036084,1205612,9110780,10316392,7.5569752125891245
4036305,1205832,9111388,10317220,7.556100684009049
4036351,1205832,9111507,10317339,7.556199371056665
4036487,1205832,9112036,10317868,7.556638072301946
4036496,1205832,9112062,10317894,7.556659634177896
4036527,1205832,9112136,10317968,7.55672100259406
4036538,1205832,9112166,10317998,7.556745881681693
4036609,1205832,9112346,10318178,7.556895156207498
4036630,1205832,9112409,10318241,7.55694740229153
4036659,1205855,9112467,10318322,7.556851362726032
4036664,1205857,9112479,10318336,7.556848780576801
4036780,1205865,9112974,10318839,7.557209140326654
4036789,1205865,9112998,10318863,7.557229043052083
4036859,1205865,9113126,10318991,7.55733519092104
4036866,1205865,9113146,10319011,7.5573517765255644
4036874,1205865,9113171,10319036,7.557372508531221
4036881,1205865,9113187,10319052,7.55738577701484
4036969,1205865,9113478,10319343,7.5576270975606725
4036981,1205865,9113512,10319377,7.557655293088364
4036993,1205874,9113545,10319419,7.557626252825751
4037191,1205934,9113849,10319783,7.557502317705612
4037206,1205934,9113872,10319806,7.557521390059489
4037207,1205934,9113877,10319811,7.557525536223375
4037351,1205934,9114127,10320061,7.5577328444176874
4037371,1205935,9114196,10320131,7.557783794317272
4037377,1205935,9114210,10320145,7.557795403566527
4037396,1205935,9114245,10320180,7.557824426689664
4037656,1206005,9114479,10320484,7.557579777861617
4037663,1206005,9114502,10320507,7.557598849092665
4037781,1206079,9114683,10320762,7.557285219293264
4037961,1206150,9114986,10321136,7.55709157235833
4037970,1206157,9115007,10321164,7.557065125021038
4038093,1206157,9115557,10321714,7.557521118726666
4038137,1206191,9115622,10321813,7.5573619766687035
4038262,1206191,9115973,10322164,7.557652975357966
4038309,1206194,9116198,10322392,7.557820715407306
4038370,1206212,9116321,10322533,7.557809904063299
4038498,1206239,9116418,10322657,7.557721148130677
4039222,1206243,9118572,10324815,7.559481795956536
4039260,1206277,9118629,10324906,7.559315978005052
4039578,1206416,9119483,10325899,7.559152895850188
4039589,1206416,9119513,10325929,7.559177762894391
4039836,1206416,9120334,10326750,7.559858291004098
4040036,1206468,9120448,10326916,7.559626944104609
4040045,1206468,9120448,10326916,7.559626944104609
4040050,1206468,9120460,10326928,7.559636890493573
4040055,1206468,9120472,10326940,7.5596468368825365
4040092,1206484,9120514,10326998,7.559581395194631
4040151,1206530,9120646,10327176,7.559402584270594
4040214,1206530,9120726,10327256,7.559468890122915
4040273,1206575,9120877,10327452,7.559312102438721
4040494,1206589,9120922,10327511,7.559261687285397
4040556,1206625,9121083,10327708,7.559169584585103
4040629,1206661,9121216,10327877,7.559054282851605
4040806,1206697,9121690,10328387,7.559221577579127
4041055,1206697,9121772,10328469,7.559289531671994
4041092,1206697,9121892,10328589,7.559388976685945
4041137,1206721,9121966,10328687,7.559299954173334
4041154,1206732,9121999,10328731,7.559258393744427
4041174,1206732,9122044,10328776,7.559295684543047
4041205,1206736,9122103,10328839,7.559319519762401
4041213,1206736,9122103,10328839,7.559319519762401
4041220,1206736,9122122,10328858,7.559335264714072
4041237,1206736,9122164,10328900,7.559370069344082
4041260,1206745,9122191,10328936,7.5593360652001875
4041527,1206749,9134421,10341170,7.569445675944211
4041535,1206749,9134462,10341211,7.56947965152654
4041574,1206766,9134555,10341321,7.569450083943366
4041581,1206770,9134566,10341336,7.56943410923374
4041686,1206775,9134835,10341610,7.569625655155269
4041855,1206893,9135191,10342084,7.5691805321598515
4041865,1206904,9135203,10342107,7.56912148770739
4041974,1206953,9135601,10342554,7.569143951752885
4042027,1206965,9135735,10342700,7.569179719378773
4042209,1206998,9135884,10342882,7.569096220540548
4042278,1207016,9135967,10342983,7.569052108671301
4042324,1207027,9136023,10343050,7.569029524608812
4042342,1207027,9136077,10343104,7.569074262630413
4042349,1207027,9136100,10343127,7.569093317713688
4042357,1207027,9136100,10343127,7.569093317713688
4042386,1207049,9136169,10343218,7.569012525589268
4042473,1207088,9136364,10343452,7.568929522951102
4042541,1207130,9136522,10343652,7.568797064110742
4042547,1207130,9136536,10343666,7.568808661867404
4042868,1207203,9137821,10345024,7.569415417291044
4043184,1207203,9138606,10345809,7.5700656807512905
4043214,1207234,9138661,10345895,7.569916851248391
4044243,1207643,9141790,10349433,7.56994409771762
4044259,1207649,9141818,10349467,7.569929673274271
4044477,1207649,9142422,10350071,7.570429818597954
4044539,1207658,9142543,10350201,7.570473594345419
4044565,1207658,9142603,10350261,7.5705232772854565
4045075,1207743,9142910,10350653,7.570244662978796
4045092,1207743,9142976,10350719,7.570299310366527
4045181,1207743,9143391,10351134,7.570642926516651
4045195,1207743,9143464,10351207,7.570703369839444
4045646,1207874,9144834,10352708,7.571016513311819
4045675,1207883,9144865,10352748,7.5709857660054825
4045680,1207883,9144877,10352760,7.570995700742539
4045701,1207895,9144923,10352818,7.570958568418613
4045703,1207895,9144928,10352823,7.570962707851262
4045811,1207895,9145265,10353160,7.571241705611829
4045894,1207895,9145514,10353409,7.571447849357767
4045957,1207895,9145640,10353535,7.571552163060531
4046016,1207946,9145752,10353698,7.571325208246064
4046124,1207946,9146309,10354255,7.571786321573978
4046253,1207947,9146691,10354638,7.572096292304216
4046270,1207964,9146728,10354692,7.572020358222596
4046334,1207983,9146982,10354965,7.572111528059583
4046406,1208013,9147123,10355136,7.572040201554122
4046425,1208017,9147131,10355148,7.572021751349526
4046446,1208017,9147192,10355209,7.572072247327645
4046470,1208029,9147224,10355253,7.572023519302931
4046680,1208045,9147406,10355451,7.572073887976027
4047031,1208242,9148073,10356315,7.571391327234114
4047142,1208242,9148458,10356700,7.571709972008919
4047221,1208251,9148730,10356981,7.571878690768723
4047453,1208251,9149610,10357861,7.5726070162573835
4047467,1208252,9149628,10357880,7.5726156464048895
4047485,1208267,9149668,10357935,7.572554741625816
4047531,1208269,9149719,10357988,7.572584416218574
4047531,1208293,9149800,10358093,7.572501040724394
4047539,1208295,9149811,10358106,7.572497610269015
4047574,1208295,9149875,10358170,7.572550577466595
4047656,1208339,9150029,10358368,7.572402281147923
4047664,1208339,9150051,10358390,7.572420487959091
4048130,1208396,9150893,10359289,7.5727600885802335
4048140,1208407,9150905,10359312,7.572701084982129
4048141,1208407,9150907,10359314,7.572702740053641
4048763,1208718,9152434,10361152,7.572017625285633
4048890,1208718,9152790,10361508,7.572312152214164
4049006,1208718,9152951,10361669,7.572445351190269
4049018,1208726,9152984,10361710,7.572422534139251
4049896,1209226,9155265,10364491,7.571177761642572
4049920,1209236,9155292,10364528,7.5711374785401695
4049969,1209248,9155321,10364569,7.571086328031967
4051436,1209879,9157847,10367726,7.569225517593082
4051467,1209884,9157919,10367803,7.5692537466401735
4051483,1209884,9157992,10367876,7.569314083002999
4051692,1209958,9158603,10368561,7.569356126410999
4051699,1209958,9158620,10368578,7.569370176485465
4051927,1210116,9159185,10369301,7.56884877152273
4051938,1210121,9159222,10369343,7.568848073870299
4051951,1210121,9159245,10369366,7.568867080234125
4051962,1210123,9159268,10369391,7.568873577314042
4051996,1210144,9159325,10369469,7.568789334161885
4052005,1210151,9159345,10369496,7.568762080104053
4052016,1210163,9159366,10369529,7.56870438114535
4052245,1210248,9159740,10369988,7.568481831822899
4052322,1210248,9160053,10370301,7.5687404565014775
4052334,1210248,9160092,10370340,7.568772681301684
4052366,1210248,9160191,10370439,7.568854482717592
4052398,1210264,9160232,10370496,7.568788297429321
4052427,1210276,9160305,10370581,7.568773569004095
4053615,1210868,9163950,10374818,7.568083391418387
4053624,1210868,9163968,10374836,7.568098256787692
4053636,1210868,9163978,10374846,7.568106515326196
4054186,1210868,9165143,10376011,7.56906863506179
4054231,1210879,9165230,10376109,7.569071723929476
4054243,1210879,9165259,10376138,7.5690956734735675
4054294,1210917,9165344,10376261,7.568928341083658
4054307,1210931,9165369,10376300,7.56886147930807
4054332,1210935,9165440,10376375,7.568895109977001
4054340,1210935,9165463,10376398,7.568914103564601
4054389,1210938,9165579,10376517,7.568991145706882
4054436,1210949,9165723,10376672,7.569041305620633
4054825,1211141,9166132,10377273,7.568179097231454
4054863,1211170,9166231,10377401,7.5680796254861
4054932,1211233,9166633,10377866,7.568017879301506
4054970,1211233,9166739,10377972,7.56810539342967
4054987,1211233,9166784,10378017,7.568142545653892
4055032,1211258,9166958,10378216,7.568129993775067
4055052,1211258,9166979,10378237,7.568147331121859
4055058,1211258,9166993,10378251,7.568158889353053
4055101,1211258,9167065,10378323,7.56821833168491
4055141,1211262,9167108,10378370,7.568228839012534
4055178,1211287,9167226,10378513,7.568170053835301
4055206,1211293,9167274,10378567,7.568172192855073
4055212,1211293,9167293,10378586,7.568187878572732
4055313,1211348,9167482,10378830,7.568000277376939
4055618,1211348,9168321,10379669,7.568692894197208
4056203,1211368,9168798,10380166,7.568961702802121
4056226,1211368,9168857,10380225,7.569010408067573
4056440,1211368,9168857,10380225,7.569010408067573
4056469,1211374,9168921,10380295,7.569025750924157
4056487,1211379,9168972,10380351,7.569036610342428
4056507,1211379,9169037,10380416,7.569090268198474
4056600,1211423,9169190,10380613,7.568941649613719
4056648,1211457,9169251,10380708,7.5687795769887005
4056657,1211457,9169272,10380729,7.568796911487572
4056714,1211483,9169358,10380841,7.5687054626437185
4056761,1211505,9169437,10380942,7.568633228917751
4056768,1211505,9169460,10380965,7.568652213569073
4056888,1211573,9169773,10381346,7.568485761897962
4057006,1211617,9169986,10381603,7.568386709661551
4057032,1211617,9170050,10381667,7.568439531634172
4057044,1211617,9170059,10381676,7.5684469597240716
4057068,1211624,9170098,10381722,7.56843542221019
4057115,1211642,9170311,10381953,7.568498780993066
4057145,1211645,9170402,10382047,7.568555146103026
4057210,1211662,9170581,10382243,7.568596687855194
4057263,1211694,9170676,10382370,7.568475209087443
4057290,1211698,9170693,10382391,7.568464254294387
4057298,1211702,9170698,10382400,7.568443396148558
4057349,1211702,9170833,10382535,7.568554809680928
4057705,1211803,9171555,10383358,7.568519800660669
4057805,1211872,9171750,10383622,7.5682497821552115
4057997,1211900,9172246,10384146,7.5684841983662015
4058157,1211900,9172612,10384512,7.568786203482135
4058302,1211937,9172735,10384672,7.568656621590066
4058322,1211937,9172778,10384715,7.568692101982199
4058380,1211937,9172927,10384864,7.5688150456665655
4058428,1211937,9172992,10384929,7.568868678817464
4058461,1211937,9173075,10385012,7.568937164225533
4058494,1211952,9173147,10385099,7.568902893843981
4058508,1211952,9173173,10385125,7.568924346838819
4058514,1211956,9173176,10385132,7.568901841320972
4058518,1211956,9173178,10385134,7.568903491545898
4058527,1211959,9173183,10385142,7.568888881554574
4058574,1211959,9173287,10385246,7.568974693038296
4058611,1211959,9173391,10385350,7.569060504522017
4058627,1211969,9173411,10385380,7.569014554002619
4058633,1211969,9173430,10385399,7.569030230971254
4059225,1212168,9175039,10387207,7.569115007160724
4059249,1212174,9175061,10387235,7.569095690882662
4059388,1212264,9175365,10387629,7.568784522183287
4059401,1212270,9175374,10387644,7.568754485386918
4059436,1212270,9175491,10387761,7.568850998539929
4059482,1212270,9175687,10387957,7.56901267869369
4059861,1212361,9176992,10389353,7.569520959516184
4059871,1212361,9177019,10389380,7.5695432301105035
4060138,1212361,9177808,10390169,7.570194026366734
4060305,1212472,9178224,10390696,7.569844087121187
4060350,1212494,9178288,10390782,7.569759520459483
4060362,1212503,9178319,10390822,7.569728899639836
4060419,1212533,9178421,10390954,7.569625733897552
4060450,1212550,9178471,10391021,7.569560842851841
4060482,1212550,9178502,10391052,7.569586408807885
4060524,1212572,9178599,10391171,7.56952906713993
4060616,1212620,9178828,10391448,7.569418284375979
4060659,1212627,9178928,10391555,7.569457054807455
4061063,1212630,9179659,10392289,7.570041150227192
4061076,1212634,9179673,10392307,7.570027724771036
4061099,1212634,9179735,10392369,7.570078853141179
4061136,1212642,9179814,10392456,7.570094059087513
4061137,1212642,9179814,10392456,7.570094059087513
4061144,1212642,9179834,10392476,7.570110552001332
4061149,1212644,9179837,10392481,7.570100540636823
4061160,1212649,9179863,10392512,7.570090768227245
4061169,1212649,9179890,10392539,7.570113033532374
4061618,1212649,9180431,10393080,7.570559164275895
4061629,1212656,9180462,10393118,7.570541027298756
4061720,1212679,9180656,10393335,7.570557418739831
4061759,1212679,9180830,10393509,7.570700902712095
4061772,1212689,9180880,10393569,7.570679704359486
4061777,1212690,9180885,10393575,7.570677584543453
4061857,1212783,9181204,10393987,7.57036007265933
4061867,1212785,9181230,10394015,7.5703690266617745
4062434,1212822,9182052,10394874,7.570815832826251
4062446,1212822,9182079,10394901,7.570838094955402
4062591,1212853,9182441,10395294,7.57094305740267
4062761,1212955,9183034,10395989,7.570795289190448
4062785,1212971,9183074,10396045,7.570728401585858
4062794,1212973,9183089,10396062,7.570728284965948
4062840,1212987,9183111,10396098,7.57065904251241
4062855,1212987,9183125,10396112,7.570670584268422
4062874,1213000,9183160,10396160,7.570618301731245
4063046,1213024,9183676,10396700,7.570893898224602
4063101,1213024,9183917,10396941,7.571092575249954
4063169,1213076,9184049,10397125,7.57087684530895
4063171,1213077,9184051,10397128,7.570872252956737
4063182,1213083,9184072,10397155,7.570852118115578
4063208,1213089,9184109,10397198,7.570845172942793
4063287,1213111,9184365,10397476,7.570918901897683
4063309,1213111,9184403,10397514,7.570950226318944
4063318,1213116,9184433,10397549,7.570943751463174
4063333,1213123,9184453,10397576,7.570916551742898
4063344,1213127,9184466,10397593,7.57090230454025
4063399,1213174,9184620,10397794,7.570735937301657
4063422,1213199,9184682,10397881,7.570631034150209
4063427,1213202,9184695,10397897,7.570623028976214
4063483,1213202,9184820,10398022,7.570726062106723
4063559,1213223,9185055,10398278,7.5707887173256685
4063590,1213237,9185098,10398335,7.570736797509473
4063628,1213259,9185170,10398429,7.570658861792906
4063679,1213284,9185328,10398612,7.570633091675156
4063718,1213284,9185328,10398612,7.570633091675156
4063724,1213286,9185341,10398627,7.570631326826486
4063734,1213286,9185371,10398657,7.5706560530658065
4063749,1213297,9185410,10398707,7.570619559761543
4063936,1213406,9186169,10399575,7.57056500462335
4063949,1213407,9186198,10399605,7.570582665173351
4063960,1213410,9186210,10399620,7.570573837367419
4063979,1213427,9186239,10399666,7.5704916735823415
4064043,1213468,9186347,10399815,7.570324887018034
4064112,1213475,9186536,10400011,7.570436968211129
4064219,1213504,9186792,10400296,7.570467011233585
4064258,1213504,9186888,10400392,7.57054612098518
4064332,1213540,9187042,10400582,7.570448440100862
4064496,1213572,9187327,10400899,7.570483663103631
4064528,1213572,9187417,10400989,7.570557824340048
4064566,1213595,9187496,10401091,7.570479443306869
4064624,1213596,9187562,10401158,7.570527589082364
4064741,1213638,9187809,10401447,7.570469118468604
4064821,1213664,9187957,10401621,7.570428883117568
4064845,1213676,9188007,10401683,7.570395229039711
4064889,1213676,9188073,10401749,7.570449609286169
4065007,1213683,9188323,10402006,7.570611930792472
4065040,1213709,9188387,10402096,7.570502484532948
4065060,1213711,9188394,10402105,7.5704957770012795
4065169,1213842,9189849,10403691,7.570877428858122
4065191,1213850,9189877,10403727,7.570850599332702
4065570,1213954,9190528,10404482,7.570738265206095
4065631,1213954,9190699,10404653,7.570879127215694
4065638,1213954,9190719,10404673,7.570895602304535
4065715,1213954,9191113,10405067,7.571220161554721
4065730,1213961,9191139,10405100,7.571197921514777
4065789,1213986,9191231,10405217,7.571117788837762
4065790,1213986,9191233,10405219,7.57111943630322
4065796,1213986,9191247,10405233,7.571130968561417
4065824,1213986,9191345,10405331,7.571211694368798
4065827,1213987,9191351,10405338,7.571210400111369
4065930,1214034,9191759,10405793,7.571253358637402
4065968,1214068,9191854,10405922,7.571119574850832
4066308,1214119,9192584,10406703,7.571402803184861
4066397,1214119,9192669,10406788,7.5714728127967685
4066662,1214352,9193416,10407768,7.57063520297245
4066671,1214353,9193430,10407783,7.570640497450082
4066708,1214377,9193512,10407889,7.570558401550754
4066792,1214415,9193625,10408040,7.57041456174372
4067648,1214415,9195068,10409483,7.571602788173729
4067657,1214420,9195078,10409498,7.571579848816719
4067732,1214439,9195186,10409625,7.5715503207653905
4068075,1214439,9196314,10410753,7.572479144691499
4068106,1214444,9196343,10410787,7.572471847199212
4068156,1214448,9196387,10410835,7.572483136371422
4068177,1214454,9196422,10410876,7.572474544116122
4068755,1214490,9197205,10411695,7.572894795346195
4068766,1214492,9197228,10411720,7.572901262420831
4068775,1214495,9197260,10411755,7.572908904524103
4068920,1214499,9197520,10412019,7.5730980428967
4068973,1214532,9197619,10412151,7.572973787434172
4069034,1214543,9197731,10412274,7.572997415488789
4069036,1214543,9197731,10412274,7.572997415488789
4069280,1214652,9198341,10412993,7.572820034050905
4069322,1214652,9198508,10413160,7.572957521989838
4069344,1214666,9198540,10413206,7.572896582270353
4069365,1214671,9198579,10413250,7.572897517105455
4069461,1214678,9198792,10413470,7.573029230792029
4069470,1214678,9198812,10413490,7.573045696061014
4069623,1214743,9198960,10413703,7.572762304454523
4069635,1214743,9198989,10413732,7.5727861778170364
4069640,1214743,9199001,10413744,7.572796056449801
4069658,1214743,9199032,10413775,7.572821576251108
4069685,1214756,9199096,10413852,7.572793219379036
4069695,1214756,9199118,10413874,7.572811330011953
4069936,1214891,9199573,10414464,7.572344350233889
4069936,1214891,9199573,10414464,7.572344350233889
4069946,1214895,9199610,10414505,7.572349873857411
4070007,1214931,9199830,10414761,7.572306575435148
4070025,1214931,9199892,10414823,7.572357607139829
4070043,1214931,9199963,10414894,7.572416046672609
4070057,1214935,9199996,10414931,7.572418277521019
4070856,1214945,9202855,10417800,7.574709143212244
4070861,1214945,9202855,10417800,7.574709143212244
4070920,1214945,9202855,10417800,7.574709143212244
4070929,1214949,9202874,10417823,7.574699843367911
4070952,1214956,9202950,10417906,7.574718755247104
4071005,1214968,9203008,10417976,7.574691679122413
4071032,1214968,9203091,10418059,7.574759993678846
4071053,1214972,9203113,10418085,7.574753163035856
4071087,1214986,9203135,10418121,7.574683988128259
4071109,1214996,9203168,10418164,7.574648805428166
4071293,1215048,9203702,10418750,7.574764124544874
4071339,1215048,9203845,10418893,7.574881815368611
4071357,1215048,9203899,10418947,7.574926258057295
4071395,1215048,9203985,10419033,7.574997037154088
4071440,1215078,9204140,10419218,7.574937576023926
4071469,1215084,9204185,10419269,7.574937205987405
4071581,1215155,9204437,10419592,7.574701992749896
4071613,1215168,9204487,10419655,7.574662104334545
4071806,1215177,9205605,10420782,7.575526034478928
4071842,1215184,9205645,10420829,7.575515312907346
4071853,1215194,9205657,10420851,7.575462847907413
4072002,1215313,9206188,10421501,7.575158004563433
4072052,1215313,9206367,10421680,7.575305291723202
4072226,1215313,9206782,10422095,7.575646767540543
4072247,1215313,9206825,10422138,7.575682149372219
4072333,1215321,9207069,10422390,7.575833051514785
4072362,1215325,9207115,10422440,7.575845967128134
4072364,1215325,9207126,10422451,7.575855018205007
4072369,1215330,9207138,10422468,7.575833724173681
4072611,1215427,9207460,10422887,7.575494044479841
4072661,1215436,9207528,10422964,7.575493896840311
4072662,1215436,9207533,10422969,7.575498010590438
4073715,1216048,9210323,10426371,7.5739798100075
4073739,1216065,9210363,10426428,7.57390682241492
4073768,1216065,9210445,10426510,7.573974253021015
4073884,1216065,9210720,10426785,7.57420039224877
4073920,1216089,9210810,10426899,7.574124920133313
4073920,1216094,9210827,10426921,7.574107758117383
4074003,1216154,9210947,10427101,7.573832754733364
4074036,1216154,9210979,10427133,7.5738590671905035
4074061,1216170,9211024,10427194,7.573796426486429
4074149,1216201,9211181,10427382,7.57373246691953
4074173,1216206,9211209,10427415,7.573724352617895
4074204,1216223,9211290,10427513,7.573685089000948
4074284,1216266,9211422,10427688,7.573525857008253
4074341,1216266,9211545,10427811,7.573626986202031
4074406,1216301,9211641,10427942,7.573487977071465
4074561,1216471,9212117,10428588,7.572820889277262
4074612,1216471,9212191,10428662,7.572881720978141
4074626,1216485,9212240,10428725,7.572834847943049
4074658,1216485,9212330,10428815,7.572908831592662
4074718,1216498,9212478,10428976,7.572949565062992
4074752,1216498,9212517,10429015,7.57298162430189
4074819,1216543,9212754,10429297,7.572896313570503
4074825,1216543,9212772,10429315,7.572911109594975
4074925,1216553,9213071,10429624,7.573094637060613
4075029,1216589,9213172,10429761,7.572953561145136
4075037,1216594,9213189,10429783,7.572936410996602
4075056,1216599,9213209,10429808,7.5729217268796045
4075074,1216606,9213224,10429830,7.572890483854263
4075107,1216610,9213246,10429856,7.572883668554426
4075113,1216610,9213265,10429875,7.5728992857201565
4075297,1216733,9213660,10430393,7.572458378296635
4075314,1216736,9213685,10430421,7.572460254319754
4075450,1216800,9213989,10430789,7.572311801446417
4075676,1216876,9214438,10431314,7.572207850265762
4075704,1216876,9214523,10431399,7.572277701261262
4075727,1216878,9214538,10431416,7.572277582469237
4075779,1216910,9214657,10431567,7.57217624968157
4075854,1216910,9214754,10431664,7.5722559597669505
4076021,1216919,9215277,10432196,7.572629731313259
4076064,1216931,9215353,10432284,7.5726175107709475
4076111,1216956,9215409,10432365,7.5725079624900165
4076129,1216963,9215427,10432390,7.572479196162907
4076628,1217213,9216348,10433561,7.571680552212308
4076650,1217227,9216371,10433598,7.5716123615397946
4076939,1217432,9217307,10434739,7.5711062301631635
4077347,1217628,9218123,10435751,7.5705576744293
4077453,1217628,9218413,10436041,7.570795842408355
4077784,1217888,9219125,10437013,7.569764214771801
4077830,1217919,9219234,10437153,7.569661036571397
4077893,1217922,9219552,10437474,7.569903491356589
4077965,1217922,9219868,10437790,7.570162949679864
4077968,1217922,9219874,10437796,7.570167876103724
4077976,1217925,9219884,10437809,7.570157439908041
4077997,1217938,9219946,10437884,7.570127543438172
4078245,1218009,9220195,10438204,7.569890698672999
4078492,1218158,9220583,10438741,7.569283294942036
4078522,1218158,9220660,10438818,7.56934650513316
4078534,1218164,9220668,10438832,7.569315789992152
4078555,1218164,9220710,10438874,7.5693502681083995
4079007,1218164,9221542,10439706,7.570033263173103
4079015,1218164,9221567,10439731,7.5700537858613455
4079024,1218174,9221581,10439755,7.570003135841021
4079120,1218228,9221728,10439956,7.569788249818589
4079164,1218229,9221803,10440032,7.56984360083367
4080665,1218974,9225959,10444933,7.568626566276229
4080721,1219003,9226082,10445085,7.568547411286108
4080739,1219003,9226135,10445138,7.568590889439977
4080769,1219003,9226205,10445208,7.568648313416784
4080825,1219033,9226360,10445393,7.5685892014408145
4081047,1219179,9226931,10446110,7.568151190268205
4081089,1219188,9226992,10446180,7.568145355761375
4081117,1219188,9227060,10446248,7.568201130588555
4081615,1219366,9228732,10448098,7.568467547889641
4081640,1219366,9228774,10448140,7.5685019920188035
4081698,1219366,9229023,10448389,7.5687061964988365
4081836,1219371,9229627,10448998,7.569170498560323
4081882,1219389,9229706,10449095,7.56912355286131
4081885,1219391,9229718,10449109,7.569120979242917
4082025,1219466,9229973,10449439,7.568864568589858
4082095,1219510,9230154,10449664,7.568739903731827
4082230,1219564,9230254,10449818,7.568486770681981
4083156,1219564,9232176,10451740,7.570062743734646
4083173,1219577,9232236,10451813,7.570031248539452
4083230,1219598,9232353,10451951,7.569996835022688
4083367,1219706,9232611,10452317,7.569538069010073
4083500,1219706,9232831,10452537,7.5697184403454605
4083530,1219728,9232867,10452595,7.56961142156284
4083556,1219743,9232917,10452660,7.569559325202112
4084458,1219746,9234142,10453888,7.570545015109703
4084459,1219747,9234143,10453890,7.570539628299967
4084460,1219747,9234145,10453892,7.570541267984263
4084468,1219755,9234165,10453920,7.57050801185484
4084494,1219761,9234199,10453960,7.570498646866066
4084892,1219904,9235192,10455096,7.570425213787314
4084916,1219904,9235241,10455145,7.57046538088243
4084969,1219923,9235323,10455246,7.570414690107491
4085070,1219952,9235499,10455451,7.570378998517975
4085119,1219960,9235580,10455540,7.57039575068035
4085150,1219969,9235643,10455612,7.570391542735922
4085159,1219975,9235650,10455625,7.570360048361647
4085196,1219979,9235743,10455722,7.570411457902145
4085206,1219979,9235775,10455754,7.5704376878618405
4085519,1220137,9236527,10456664,7.5700736884464614
4085524,1220144,9236554,10456698,7.570052387259209
4085969,1220145,9237943,10458088,7.5711845723254205
4086017,1220145,9238093,10458238,7.571307508533822
4086031,1220145,9238130,10458275,7.5713378327985605
4086064,1220183,9238209,10458392,7.571166783998794
4086265,1220183,9238898,10459081,7.571731453396745
4086349,1220214,9239088,10459302,7.571694801075877
4086360,1220214,9239098,10459312,7.571702996359655
4086369,1220216,9239122,10459338,7.571710254577878
4086417,1220219,9239230,10459449,7.571780147662018
4086438,1220219,9239262,10459481,7.571806372462648
4086470,1220219,9239326,10459545,7.571858822063908
4086523,1220239,9239397,10459636,7.5717929028657505
4086614,1220273,9239665,10459938,7.571801555881348
4086622,1220273,9239690,10459963,7.571822043100192
4086657,1220280,9239832,10460112,7.571894974923788
4086669,1220289,9239868,10460157,7.57186863111935
4086972,1220292,9240672,10460964,7.572508874925018
4087225,1220386,9240997,10461383,7.572191913050461
4087259,1220386,9241027,10461413,7.57221649543669
4087263,1220386,9241032,10461418,7.572220592501061
4087276,1220390,9241046,10461436,7.572207245224887
4087314,1220402,9241122,10461524,7.572195063593799
4087372,1220402,9241167,10461569,7.572231936689714
4087409,1220402,9241235,10461637,7.572287656034651
4087605,1220411,9241931,10462342,7.572802113386392
4087630,1220416,9241994,10462410,7.572822709633437
4087636,1220416,9242012,10462428,7.572837458702606
4087710,1220457,9242142,10462599,7.572689574479068
4087801,1220457,9242169,10462626,7.572711697339603
4088640,1220457,9244015,10464472,7.574224245508035
4088646,1220457,9244029,10464486,7.574235716620906
4088680,1220472,9244122,10464594,7.574218826814544
4088761,1220490,9244196,10464686,7.5741677522962085
4088861,1220495,9244209,10464704,7.574147374630785
4088905,1220495,9244330,10464825,7.574246514733776
4089218,1220675,9245230,10465905,7.573866917893788
4089323,1220755,9245607,10466362,7.573679403320076
4089354,1220777,9245681,10466458,7.573603532831958
4089397,1220794,9245746,10466540,7.573551311687312
4089481,1220816,9245969,10466785,7.573597495445669
4089488,1220816,9245985,10466801,7.573610601433795
4089920,1221107,9247989,10469096,7.573446880576395
4089990,1221159,9248143,10469302,7.573250493997915
4090019,1221170,9248192,10469362,7.573222401467445
4090065,1221170,9248412,10469582,7.573402556564606
4090151,1221229,9248631,10469860,7.57321599798236
4090202,1221258,9248703,10469961,7.573095119950084
4090687,1221377,9250131,10471508,7.573526437782928
4090699,1221380,9250158,10471538,7.573529941541535
4090729,1221393,9250270,10471663,7.573541030610131
4090732,1221396,9250272,10471668,7.573524065904915
4090736,1221396,9250291,10471687,7.573539621875296
4090770,1221413,9250311,10471724,7.573450585510388
4090824,1221433,9250452,10471885,7.573442014420767
4090902,1221457,9250705,10472162,7.57350033607405
4090947,1221475,9250808,10472283,7.573473055117788
4091116,1221525,9251441,10472966,7.573681259081885
4091226,1221525,9251781,10473306,7.573959599680727
4091233,1221530,9251802,10473332,7.573945789297029
4091242,1221539,9251823,10473362,7.573907177748725
4091265,1221539,9251899,10473438,7.573969394345985
4091275,1221545,9251919,10473464,7.5739485651367735
4091380,1221598,9252227,10473825,7.573872092128507
4091430,1221606,9252327,10473933,7.573904352139724
4091511,1221606,9252555,10474161,7.57409099169454
4091561,1221606,9252646,10474252,7.574165483797558
4091742,1221650,9253231,10474881,7.574371546678672
4091841,1221650,9253487,10475137,7.574581099332869
4092073,1221650,9254537,10476187,7.5754405926411
4092106,1221655,9254553,10476208,7.575422684800537
4092416,1221845,9255242,10477087,7.57480858865077
4092628,1221845,9256013,10477858,7.575439601586126
4092653,1221845,9256121,10477966,7.575527992503141
4092692,1221856,9256218,10478074,7.575539179739675
4092754,1221863,9256310,10478173,7.575571074662217
4092902,1221863,9256745,10478608,7.575927088388797
4092916,1221863,9256771,10478634,7.575948367370155
4092923,1221863,9256795,10478658,7.575968009506794
4092957,1221863,9256813,10478676,7.575982741109273
4093025,1221890,9256944,10478834,7.575922546219381
4093043,1221890,9256977,10478867,7.575949553560468
4093164,1221913,9257240,10479153,7.576022188159059
4093204,1221913,9257282,10479195,7.576056560491622
4093222,1221917,9257335,10479252,7.576075134399472
4093488,1221996,9258003,10479999,7.57613200043208
4093493,1221999,9258008,10480007,7.576117492731172
4093541,1222033,9258170,10480203,7.576039272261879
4093625,1222109,9258377,10480486,7.575737516048077
4093746,1222113,9258878,10480991,7.576122666234628
4093939,1222162,9259327,10481489,7.576186299361296
4093979,1222162,9259408,10481570,7.576252575354167
4093996,1222162,9259408,10481570,7.576252575354167
4094377,1222162,9261310,10483472,7.5778088338534495
4094385,1222162,9261331,10483493,7.5778260165182685
4094477,1222162,9261531,10483693,7.577989660945112
4094479,1222162,9261536,10483698,7.577993752055783
4094490,1222162,9261566,10483728,7.57801829871981
4094506,1222172,9261602,10483774,7.5779857499599075
4094762,1222222,9262088,10484310,7.578073377831523
4094794,1222236,9262217,10484453,7.578092119688833
4094801,1222238,9262240,10484478,7.578098537273428
4094849,1222240,9262262,10484502,7.578104136667103
4094857,1222242,9262286,10484528,7.5781113723796105
4094928,1222242,9262413,10484655,7.5782152797891085
4095070,1222298,9262738,10485036,7.578133973875438
4095101,1222317,9262835,10485152,7.5780955349553345
4095109,1222317,9262860,10485177,7.578115987914756
4095156,1222341,9262971,10485312,7.578058005090233
4095159,1222343,9262971,10485314,7.578045605856948
4095196,1222352,9263002,10485354,7.578015170752778
4095222,1222368,9263084,10485452,7.577983062383832
4095280,1222403,9263231,10485634,7.577886343538097
4095337,1222403,9263387,10485790,7.578013961025946
4095378,1222420,9263451,10485871,7.577960929958607
4095437,1222464,9263577,10486041,7.577791247840427
4095908,1222465,9264772,10487237,7.578762582159817
4095930,1222465,9264817,10487282,7.578799393029657
4095961,1222471,9264862,10487333,7.578799006274996
4095978,1222477,9264884,10487361,7.57877980526423
4096009,1222488,9264926,10487414,7.578745967240578
4096035,1222488,9265013,10487501,7.578817133583315
4096094,1222488,9265200,10487688,7.578970100320003
4096105,1222488,9265224,10487712,7.578989732414551
4096130,1222499,9265277,10487776,7.578964890768827
4096151,1222499,9265307,10487806,7.578989430666201
4096270,1222503,9265331,10487834,7.578984264251294
4096309,1222512,9265415,10487927,7.5789971795777875
4096330,1222512,9265447,10487959,7.579023355189969
4096335,1222513,9265454,10487967,7.57902288155627
4096393,1222525,9265544,10488069,7.579022105887405
4096491,1222547,9265960,10488507,7.57922599294751
4096567,1222608,9266166,10488774,7.579016332299478
4096670,1222608,9266335,10488943,7.579154561396621
4096689,1222608,9266409,10489017,7.579215087746849
4097154,1222804,9267390,10490194,7.578802490014753
4097188,1222804,9267479,10490283,7.578875273551608
4097394,1222958,9267801,10490759,7.57818420583536
4097414,1222958,9267822,10490780,7.57820137731631
4097481,1222970,9267868,10490838,7.57816463200242
4097537,1222977,9267981,10490958,7.578213654058907
4097558,1222994,9268028,10491022,7.57814674479188
4097617,1223030,9268223,10491253,7.578083121427929
4097654,1223030,9268363,10491393,7.578197591228343
4097663,1223030,9268385,10491415,7.578215579339837
4097665,1223030,9268385,10491415,7.578215579339837
4097672,1223030,9268405,10491435,7.578231932168467
4097692,1223043,9268460,10491503,7.5781963512321315
4097699,1223043,9268484,10491527,7.5782159744179065
4097707,1223043,9268508,10491551,7.578235597603682
4097747,1223064,9268576,10491640,7.578161077425221
4097806,1223129,9268709,10491838,7.577867093331938
4097847,1223140,9268807,10491947,7.5778790653563775
4097889,1223156,9268875,10492031,7.57783553365229
4098038,1223156,9269443,10492599,7.578299906144433
4098081,1223184,9269528,10492712,7.5781959214639825
4098761,1223199,9272021,10495220,7.580141089062368
4098806,1223230,9272096,10495326,7.580010300597598
4098838,1223230,9272165,10495395,7.5800667086320646
4098839,1223230,9272170,10495400,7.580070796170793
4098855,1223230,9272196,10495426,7.580092051372187
4099109,1223230,9272833,10496063,7.580612803806316
4099126,1223242,9272881,10496123,7.5805776780064775
4099205,1223256,9273084,10496340,7.580656869862073
4099220,1223256,9273151,10496407,7.580711641716861
4099405,1223256,9273473,10496729,7.580974873615989
4099411,1223256,9273487,10496743,7.580986318481168
4099485,1223265,9273629,10496894,7.58104662522021
4099499,1223265,9273664,10496929,7.581075237172649
4099676,1223355,9274026,10497381,7.580813418835906
4099769,1223375,9274228,10497603,7.580854603044855
4099774,1223379,9274241,10497620,7.580840442740966
4099788,1223381,9274258,10497639,7.580841945395588
4099901,1223416,9274415,10497831,7.580753398680416
4100027,1223416,9274752,10498168,7.581028856905583
4100071,1223428,9274848,10498276,7.581032966386252
4100351,1223571,9275267,10498838,7.5804894035572925
4100525,1223614,9275471,10499085,7.580389730748422
4100531,1223614,9275489,10499103,7.580404441269877
4100859,1223771,9276681,10500452,7.580405974647218
4101030,1223772,9277186,10500958,7.58081243891836
4101055,1223772,9277238,10501010,7.580854930493588
4101086,1223772,9277335,10501107,7.580934193624302
4101118,1223775,9277416,10501191,7.580981798124656
4101272,1223775,9277789,10501564,7.5812865927151645
4101277,1223778,9277805,10501583,7.581281082026315
4101301,1223786,9277853,10501639,7.581270745048562
4101305,1223786,9277862,10501648,7.581278099275527
4101571,1223887,9278376,10502263,7.581072435608843
4101634,1223887,9278514,10502401,7.5811851911165
4101803,1223949,9278832,10502781,7.581060975579865
4101833,1223949,9278939,10502888,7.5811483975230995
4101835,1223949,9278950,10502899,7.581157384825675
4101859,1223955,9278978,10502933,7.581143097581202
4101914,1223967,9279065,10503032,7.581139850992715
4102430,1224121,9280344,10504465,7.581230940405401
4102435,1224125,9280384,10504509,7.581238844072296
4102469,1224134,9280463,10504597,7.581247641189608
4102497,1224158,9280516,10504674,7.581142303526179
4102516,1224158,9280543,10504701,7.581164359502613
4102584,1224195,9280656,10504851,7.58102753237842
4102615,1224203,9280711,10504914,7.581022918584581
4102656,1224203,9280820,10505023,7.581111956105319
4102658,1224203,9280822,10505025,7.581113589821296
4102912,1224203,9281566,10505769,7.5817213321646815
4102972,1224236,9281749,10505985,7.581666443398168
4103036,1224254,9281832,10506086,7.581622767824324
4103232,1224386,9282159,10506545,7.58107247224323
4103294,1224426,9282242,10506668,7.580892597837681
4103343,1224441,9282336,10506777,7.580876497928442
4103442,1224451,9282785,10507236,7.581181280426901
4103471,1224458,9282830,10507288,7.581174691169481
4103808,1224510,9283187,10507697,7.581144294452475
4103861,1224523,9283252,10507775,7.581116892046944
4104402,1224523,9283725,10508248,7.581503164905845
4104461,1224561,9283876,10508437,7.581391208767877
4104485,1224565,9283902,10508467,7.5813876764402055
4105286,1224565,9284819,10509384,7.582136513782445
4105308,1224579,9284859,10509438,7.582082495290218
4105713,1224693,9285618,10510311,7.581996467686188
4105778,1224693,9285618,10510311,7.581996467686188
4106332,1224981,9286829,10511810,7.581202483956894
4106348,1224982,9286852,10511834,7.581215070915328
4106478,1225044,9287068,10512112,7.581007702580479
4106486,1225050,9287092,10512142,7.580990163666789
4106520,1225061,9287154,10512215,7.580972702583789
4106653,1225153,9287374,10512527,7.580582996572673
4106656,1225154,9287378,10512532,7.580580074015185
4106854,1225250,9287662,10512912,7.580217914711284
4107056,1225259,9288849,10514108,7.581131009851795
4107330,1225311,9289099,10514410,7.581013310090254
4107335,1225317,9289112,10514429,7.5809867977021455
4107351,1225317,9289138,10514455,7.581008016700984
4107454,1225362,9289399,10514761,7.580942611244677
4107504,1225372,9289476,10514848,7.580943582846678
4107514,1225377,9289494,10514871,7.5809273390964576
4107533,1225392,9289519,10514911,7.580854942744852
4107577,1225392,9289553,10514945,7.580882688968102
4107607,1225418,9289603,10515021,7.580762645888995
4107623,1225430,9289646,10515076,7.580723501138376
4107745,1225430,9289833,10515263,7.580876100634063
4107831,1225430,9289975,10515405,7.580991978325975
4107896,1225472,9290127,10515599,7.580856192552747
4107910,1225481,9290164,10515645,7.580830710553652
4109022,1225865,9294214,10520079,7.581759818577086
4109050,1225887,9294261,10520148,7.5816620944671085
4109058,1225898,9294280,10520178,7.581609562948956
4109117,1225924,9294395,10520319,7.5815425752330485
4109133,1225924,9294421,10520345,7.581563783725581
4109303,1225924,9294766,10520690,7.581845204107269
4109334,1225932,9294817,10520749,7.58183732866097
4109438,1225997,9294970,10520967,7.581560150636584
4109467,1226006,9294989,10520995,7.581519992561211
4109479,1226014,9295005,10521019,7.5814835719657365
4109570,1226046,9295226,10521272,7.58146594825969
4109591,1226046,9295256,10521302,7.581490417162162
4109617,1226057,9295300,10521357,7.581458284565889
4109770,1226137,9295501,10521638,7.581127557524159
4109855,1226163,9295742,10521905,7.581163352670077
4110155,1226340,9296622,10522962,7.580786731249082
4110171,1226344,9296657,10523001,7.580790544904203
4110183,1226344,9296684,10523028,7.580812561565107
4110304,1226344,9296828,10523172,7.580929983756596
4110328,1226344,9296958,10523302,7.581035989901691
4110945,1226426,9297475,10523901,7.580950664777165
4110955,1226430,9297488,10523918,7.580936539386675
4111263,1226558,9298266,10524824,7.580779710376517
4112532,1226558,9301117,10527675,7.583104101069823
4112626,1226599,9301273,10527872,7.582977811004248
4112639,1226599,9301306,10527905,7.583004714662249
4112656,1226599,9301368,10527967,7.583055260928796
4112695,1226626,9301456,10528082,7.582960087263762
4112760,1226663,9301546,10528209,7.582804731209794
4112801,1226663,9301676,10528339,7.5829107097874475
4113229,1226663,9302584,10529247,7.583650929391365
4113248,1226678,9302634,10529312,7.583598955879212
4113273,1226697,9302677,10529374,7.583516548911426
4113353,1226747,9302837,10529584,7.583337884665705
4113427,1226762,9302995,10529757,7.5833739551763095
4113456,1226774,9303038,10529812,7.5833348277677874
4113501,1226774,9303303,10530077,7.583550841475284
4113502,1226774,9303305,10530079,7.583552471767416
4113502,1226774,9303305,10530079,7.583552471767416
4113518,1226774,9303331,10530105,7.583573665565132
4113667,1226823,9303411,10530234,7.583335982452236
4113686,1226836,9303432,10530268,7.583272743871227
4113702,1226836,9303442,10530278,7.58328089491994
4113755,1226840,9303519,10530359,7.583318933194223
4113913,1226841,9303817,10530658,7.583555652280939
4114472,1226841,9305400,10532241,7.584845958033681
4114513,1226850,9305503,10532353,7.584874271508334
4114620,1226850,9305599,10532449,7.58495252068305
4114640,1226850,9305663,10532513,7.585004686799527
4114686,1226850,9305806,10532656,7.585121245466031
4115435,1226850,9307653,10534503,7.586626726983739
4115554,1226895,9307973,10534868,7.586609286043223
4115607,1226909,9308076,10534985,7.586606667650168
4115613,1226909,9308090,10534999,7.586618078439395
4115940,1226909,9308659,10535568,7.587081845515845
4115964,1226927,9308781,10535708,7.587069972378145
4115988,1226937,9308803,10535740,7.587026065723016
4116016,1226957,9308889,10535846,7.58697248558833
4116030,1226960,9308904,10535864,7.586966160266023
4116070,1226972,9308932,10535904,7.586914778821359
4116175,1227010,9309176,10536186,7.586878672545456
4116183,1227010,9309198,10536208,7.58689660230968
4116233,1227017,9309297,10536314,7.586934003359366
4116255,1227038,9309329,10536367,7.586830236716385
4116314,1227077,9309470,10536547,7.586704012869608
4116332,1227097,9309529,10536626,7.586628440946396
4116402,1227122,9309646,10536768,7.586569224575878
4116460,1227149,9309800,10536949,7.586527797357941
4116465,1227149,9309800,10536949,7.586527797357941
4117201,1227522,9312007,10539529,7.586020454215892
4117221,1227532,9312053,10539585,7.585996128817823
4117243,1227549,9312101,10539650,7.585930174681418
4117648,1227607,9312896,10540503,7.586219368250588
4117661,1227613,9312917,10540530,7.586199396715414
4117679,1227617,9312964,10540581,7.586212963815262
4117719,1227617,9313055,10540672,7.586287091169314
4121394,1229250,9321565,10550815,7.583131991051454
4121735,1229250,9322244,10551494,7.583684360382347
4121802,1229303,9322382,10551685,7.583469657195988
4121814,1229303,9322415,10551718,7.583496501676153
4121872,1229312,9322615,10551927,7.583603674250313
4121880,1229312,9322632,10551944,7.5836175031236985
4121925,1229316,9322737,10552053,7.583678240582568
4122191,1229375,9323396,10552771,7.583850330452465
4122200,1229375,9323417,10552792,7.583867412302999
4122576,1229383,9324141,10553524,7.5844069748808955
4122774,1229383,9324376,10553759,7.584598127678681
4122779,1229385,9324388,10553773,7.584595549807424
4122813,1229405,9324447,10553852,7.584520154058264
4123035,1229431,9325003,10554434,7.584811998396006
4123044,1229431,9325034,10554465,7.5848372133124995
4123056,1229431,9325063,10554494,7.584860801460188
4123059,1229431,9325072,10554503,7.584868121919815
4123121,1229466,9325181,10554647,7.584740854972809
4123129,1229466,9325203,10554669,7.584758748920263
4123136,1229466,9325208,10554674,7.584762815726503
4123141,1229471,9325218,10554689,7.584740103670603
4123257,1229512,9325368,10554880,7.584609178275609
4123272,1229512,9325418,10554930,7.58464984481648
4123336,1229519,9325519,10555038,7.584688809200997
4123893,1229519,9327115,10556634,7.585986877795301
4123924,1229527,9327170,10556697,7.585982251711431
4123936,1229529,9327212,10556741,7.586004071477777
4123948,1229535,9327242,10556777,7.585991452053012
4123960,1229542,9327252,10556794,7.585956396772131
4123991,1229548,9327297,10556845,7.585955977318494
4123996,1229548,9327314,10556862,7.5859698035375605
4124024,1229548,9327356,10556904,7.586003962431723
4124383,1229548,9328415,10557963,7.586865254548826
4124408,1229548,9328472,10558020,7.586911613048047
4124449,1229577,9328563,10558140,7.586806682298058
4124487,1229577,9328742,10558319,7.586952260818151
4124866,1229719,9329931,10559650,7.587043056177875
4125021,1229757,9330078,10559835,7.586928149219724
4125090,1229784,9330157,10559941,7.5868258165661615
4125097,1229789,9330185,10559974,7.586817738652728
4125159,1229836,9330357,10560193,7.5866676532480755
4125279,1229836,9330357,10560193,7.5866676532480755
4125341,1229836,9330421,10560257,7.586719692706995
4125341,1229836,9330421,10560257,7.586719692706995
4125360,1229836,9330446,10560282,7.586740020620636
4125670,1229836,9331365,10561201,7.587487274726061
4125703,1229851,9331453,10561304,7.587466286566421
4125808,1229851,9331709,10561560,7.587674441863283
4125809,1229851,9331711,10561562,7.587676068076539
4125831,1229851,9331770,10561621,7.587724041367613
4125834,1229851,9331775,10561626,7.587728106900754
4125835,1229851,9331780,10561631,7.587732172433896
4125849,1229855,9331822,10561677,7.587741644340187
4126587,1230225,9333118,10563343,7.586513036233209
4126752,1230295,9333428,10563723,7.586333359072418
4127116,1230295,9333674,10563969,7.5865333111164395
4127779,1230357,9335183,10565540,7.587377484746297
4127803,1230357,9335268,10565625,7.587446570385668
4127849,1230372,9335380,10565752,7.587445097905349
4128226,1230475,9335693,10566168,7.587064345069994
4128232,1230477,9335699,10566176,7.5870568893201575
4128241,1230477,9335716,10566193,7.587070705100542
4128276,1230477,9335728,10566205,7.587080457416108
4128323,1230482,9335847,10566329,7.587146337776579
4128415,1230530,9335969,10566499,7.58694952581408
4128517,1230573,9336181,10566754,7.586856691963825
4128524,1230573,9336200,10566773,7.586872131925534
4128542,1230595,9336252,10566847,7.586778753367273
4128572,1230595,9336326,10566921,7.586838886879924
4128636,1230595,9336464,10567059,7.586951027754867
4128653,1230600,9336502,10567102,7.5869510807736065
4128661,1230600,9336502,10567102,7.5869510807736065
4128669,1230600,9336524,10567124,7.586968958231757
4128676,1230602,9336526,10567128,7.58695825295262
4128778,1230625,9336717,10567342,7.586971660741493
4128832,1230650,9336805,10567455,7.58688904237598
4129426,1230650,9337325,10567975,7.587311583309633
4129619,1230745,9337630,10568375,7.586973743545576
4129892,1230745,9337649,10568394,7.586989181349508
4129952,1230749,9337801,10568550,7.5870880252594155
4129970,1230755,9337820,10568575,7.587066475456123
4130037,1230763,9337935,10568698,7.587110597247398
4130545,1230763,9338837,10569600,7.587843475957597
4130603,1230773,9338969,10569742,7.587889074589709
4130636,1230778,9338985,10569763,7.587871248917351
4130649,1230778,9339012,10569790,7.587893186261048
4130742,1230778,9339285,10570063,7.588114997180645
4130788,1230778,9339317,10570095,7.588140996995397
4130826,1230778,9339469,10570247,7.588264496115465
4130945,1230778,9339739,10570517,7.588483869552429
4130997,1230778,9339901,10570679,7.588615493614608
4131017,1230778,9339946,10570724,7.588652055854102
4131034,1230789,9339981,10570770,7.588612670408981
4131254,1230789,9340983,10571772,7.589426782332309
4131308,1230833,9341076,10571909,7.589231032967104
4131315,1230833,9341093,10571926,7.589244844751481
4131337,1230852,9341140,10571992,7.589165878594664
4132112,1231407,9343482,10574889,7.587647301014206
4132139,1231410,9343560,10574970,7.587692157770361
4132148,1231410,9343578,10574988,7.587706775160182
4132167,1231410,9343626,10575036,7.587745754866373
4132184,1231410,9343683,10575093,7.5877920432674735
4132206,1231432,9343714,10575146,7.587681658426937
4132276,1231432,9343851,10575283,7.587792911017417
4132355,1231491,9344033,10575524,7.587577172711778
4132937,1231592,9345324,10576916,7.588003169880935
4133174,1231602,9346270,10577872,7.588709664323377
4133182,1231605,9346276,10577881,7.588696051087808
4133190,1231605,9346297,10577902,7.588713102009167
4133304,1231694,9346494,10578188,7.5883246975303935
4133745,1231703,9347668,10579371,7.589222401829012
4133842,1231763,9347915,10579678,7.589053251315391
4133900,1231779,9348066,10579845,7.58907726142433
4133940,1231788,9348169,10579957,7.58910543047992
4133960,1231794,9348195,10579989,7.5890895717952835
4134031,1231823,9348372,10580195,7.5890545963178155
4134159,1231876,9348627,10580503,7.588935087622455
4134235,1231921,9348750,10580671,7.58875772066553
4134264,1231928,9348778,10580706,7.58873732880493
4134358,1231928,9349305,10581233,7.589165113545596
4134421,1231939,9349419,10581358,7.589189886836929
4134665,1231996,9350149,10582145,7.58943129685486
4134818,1231996,9350303,10582299,7.589556297260706
4134849,1232016,9350335,10582351,7.5894590654666825
4134859,1232021,9350344,10582365,7.589435569685906
4134981,1232087,9350510,10582597,7.589163752235029
4135124,1232149,9350765,10582914,7.588988831707853
4135205,1232149,9351008,10583157,7.589186048115934
4135251,1232154,9351036,10583190,7.589177976129607
4135273,1232175,9351084,10583259,7.5890875890194165
4135294,1232175,9351130,10583305,7.589124921378863
4135316,1232175,9351197,10583372,7.5891792967719685
4135322,1232175,9351216,10583391,7.5891947166595655
4135363,1232230,9351312,10583542,7.588933884096313
4135381,1232237,9351323,10583560,7.58889970030116
4135566,1232316,9351714,10584030,7.588730487959257
4135654,1232345,9351804,10584149,7.588624938633256
4135676,1232351,9351834,10584185,7.588612335284346
4135707,1232366,9351887,10584253,7.588562975609519
4135740,1232379,9351939,10584318,7.5885251209246505
4135956,1232454,9352399,10584853,7.588436566395176
4136100,1232491,9352534,10585025,7.588318291979414
4136146,1232491,9352660,10585151,7.588420523963258
4144374,1232491,9377345,10609836,7.60844906778224
4144423,1232491,9377485,10609976,7.6085626588754
4144434,1232492,9377514,10610006,7.60858001512383
4144441,1232492,9377538,10610030,7.608599487866859
4144457,1232492,9377564,10610056,7.608620583338472
4144462,1232492,9377576,10610068,7.608630319709986
4144482,1232500,9377604,10610104,7.608603651115619
4144535,1232521,9377676,10610197,7.608532430684751
4144556,1232527,9377704,10610231,7.608518109542428
4144836,1232575,9377931,10610506,7.6084059793521694
4144848,1232579,9377962,10610541,7.608406438857063
4144911,1232601,9378095,10610696,7.608378542610302
4144961,1232601,9378261,10610862,7.608513217172467
4145009,1232611,9378301,10610912,7.6084839418113255
4145055,1232611,9378482,10611093,7.608630784570314
4145058,1232611,9378491,10611102,7.608638086143966
4145065,1232615,9378511,10611126,7.608629620765608
4145102,1232615,9378613,10611228,7.608712371665119
4145328,1232630,9378652,10611282,7.608651420134184
4145334,1232630,9378670,10611300,7.608666023056392
4145361,1232632,9378696,10611328,7.608674770734494
4145446,1232669,9378902,10611571,7.608613504517433
4145496,1232677,9378958,10611635,7.608609554652192
4145661,1232738,9379290,10612028,7.608502374389367
4145675,1232747,9379318,10612065,7.608469539978601
4146158,1232750,9381167,10613917,7.609950922733725
4146276,1232750,9381344,10614094,7.610094504157372
4146327,1232758,9381446,10614204,7.6101278596447965
4146337,1232762,9381456,10614218,7.610111278576076
4146585,1232853,9382272,10615125,7.61021143639996
4147638,1232853,9383977,10616830,7.6115944074435475
4147664,1232861,9384056,10616917,7.611609094618128
4147681,1232861,9384099,10616960,7.611643972840409
4147689,1232861,9384128,10616989,7.611667495362413
4148234,1233010,9384943,10617953,7.611408666596378
4148258,1233042,9384992,10618034,7.6112508738550675
4148289,1233042,9385069,10618111,7.611313321038537
4148304,1233058,9385128,10618186,7.611262406147967
4148323,1233073,9385175,10618248,7.611207933350256
4148379,1233100,9385374,10618474,7.611202659962696
4148654,1233187,9386504,10619691,7.6115820228400075
4148671,1233189,9386537,10619726,7.611596438177765
4148803,1233279,9386746,10620025,7.611210439811267
4148815,1233279,9386775,10620054,7.611233954360692
4148825,1233279,9386797,10620076,7.611251792984394
4148851,1233285,9386834,10620119,7.611244764997547
4148929,1233294,9387226,10620520,7.611507069684925
4148936,1233294,9387246,10620540,7.611523286418324
4148976,1233327,9387378,10620705,7.611426653272003
4149009,1233332,9387407,10620739,7.611419309642497
4149037,1233332,9387517,10620849,7.6115084989281065
4149073,1233347,9387585,10620932,7.61147106207742
4149111,1233354,9387641,10620995,7.611473267204712
4149139,1233357,9387707,10621064,7.6115082656521995
4149160,1233358,9387752,10621110,7.61153858003921
4149370,1233443,9388131,10621574,7.6113213176449985
4149469,1233460,9388493,10621953,7.611509898983348
4149525,1233466,9388635,10622101,7.61158799675062
4149661,1233466,9389089,10622555,7.611956065266493
4149767,1233505,9389233,10622738,7.611832136878245
4149828,1233505,9389383,10622888,7.611953741573808
4150025,1233634,9389636,10623270,7.611362851542678
4150045,1233642,9389649,10623291,7.611324030796617
4150056,1233642,9389684,10623326,7.611352402074508
4150090,1233657,9389768,10623425,7.61132794609847
4150100,1233665,9389807,10623472,7.611310201716025
4150228,1233732,9390098,10623830,7.611132725745948
4150341,1233771,9390195,10623966,7.610970755512976
4150426,1233789,9390391,10624180,7.611018577730876
4150476,1233795,9390435,10624230,7.611017227335173
4150493,1233795,9390492,10624287,7.611063426258009
4150515,1233795,9390559,10624354,7.611117730255026
4150519,1233795,9390565,10624360,7.611122593299535
4150728,1233877,9391064,10624941,7.611021195791801
4150767,1233899,9391137,10625036,7.610944655924026
4150794,1233920,9391217,10625137,7.610879959802904
4150825,1233920,9391323,10625243,7.610965864885892
4150828,1233922,9391329,10625251,7.610958391211113
4150874,1233922,9391384,10625306,7.611002964530983
4150932,1233922,9391601,10625523,7.6111788265384686
4150952,1233922,9391622,10625544,7.611195845442419
4150958,1233922,9391636,10625558,7.611207191378385
4150997,1233931,9391681,10625612,7.611188145852564
4151093,1233976,9391868,10625844,7.611062127626469
4151141,1233976,9392002,10625978,7.611170719689848
4151148,1233976,9392026,10626002,7.611190169014632
4151222,1234000,9392110,10626110,7.61111021069692
4151232,1234009,9392125,10626134,7.611066856076414
4151697,1234009,9392125,10626134,7.611066856076414
4151735,1234022,9392191,10626213,7.611040159737833
4151928,1234022,9392443,10626465,7.611244370035542
4151931,1234022,9392448,10626470,7.611248421827163
4152925,1234022,9393718,10627740,7.612277576898953
4153107,1234063,9393984,10628047,7.612240217881907
4153355,1234222,9394630,10628852,7.611782969352353
4153427,1234222,9394886,10629108,7.6119903874667605
4153437,1234222,9394915,10629137,7.612013884050033
4153570,1234315,9395063,10629378,7.6115602581188755
4153613,1234339,9395103,10629442,7.611444667955886
4153646,1234342,9395150,10629492,7.611464245727683
4153827,1234342,9395339,10629681,7.611617363745218
4153889,1234370,9395520,10629890,7.611591338091496
4153894,1234370,9395532,10629902,7.611601059649862
4153972,1234374,9395611,10629985,7.611640394240319
4153980,1234379,9395628,10630007,7.61162333448641
4154089,1234436,9395895,10630331,7.6114881613951635
4154214,1234499,9396127,10630626,7.611287655964079
4154389,1234629,9396500,10631129,7.61078834208495
4154395,1234629,9396514,10631143,7.610799681523761
4154538,1234828,9397282,10632110,7.610195104095469
4154866,1234828,9398160,10632988,7.610906134295627
4154909,1234828,9398386,10633214,7.6110891557366696
4154912,1234828,9398395,10633223,7.611096444201135
4154923,1234828,9398426,10633254,7.611121548912076
4154925,1234828,9398434,10633262,7.6111280275471564
4154958,1234849,9398478,10633327,7.611034223617625
4155076,1234899,9398669,10633568,7.610880727897585
4155101,1234900,9398727,10633627,7.610921532107863
4155106,1234900,9398739,10633639,7.610931249493886
4155115,1234902,9398753,10633655,7.610930260053024
4155695,1234917,9399505,10634422,7.6114467611993355
4155722,1234932,9399552,10634484,7.6113923681627815
4155731,1234937,9399572,10634509,7.61137774639516
4155801,1235004,9399796,10634800,7.6111461987167655
4156021,1235008,9400483,10635491,7.61167781909105
4156098,1235016,9400730,10635746,7.611828510723748
4156109,1235020,9400739,10635759,7.611811144758789
4156129,1235020,9400770,10635790,7.611836245566874
4156156,1235028,9400886,10635914,7.611880864239515
4156479,1235028,9400886,10635914,7.611880864239515
4156607,1235115,9401151,10636266,7.611559247519462
4156641,1235119,9401185,10636304,7.611562124783118
4156679,1235119,9401299,10636418,7.611654423581857
4156737,1235147,9401405,10636552,7.61156769194274
4156766,1235156,9401497,10636653,7.611586714552656
4156885,1235182,9401889,10637071,7.611743856370964
4156922,1235194,9401988,10637182,7.611750057076055
4156972,1235222,9402100,10637322,7.6116681859617135
4156975,1235223,9402103,10637326,7.611664452491574
4157001,1235231,9402139,10637370,7.611644299730172
4157197,1235240,9403147,10638387,7.612404876785078
4157224,1235251,9403221,10638472,7.612396994618908
4157311,1235251,9403452,10638703,7.612584001146326
4157321,1235256,9403478,10638734,7.612574235624033
4157357,1235274,9403558,10638832,7.612528070695246
4157357,1235274,9403558,10638832,7.612528070695246
4157368,1235274,9403590,10638864,7.6125539758790355
4157381,1235283,9403615,10638898,7.612518750763995
4157452,1235283,9403742,10639025,7.612621561213099
4157470,1235289,9403782,10639071,7.612616966556004
4157489,1235306,9403837,10639143,7.612556726835294
4157638,1235461,9404397,10639858,7.612054933340672
4157710,1235511,9404527,10640038,7.611852100062242
4157804,1235515,9404568,10640083,7.611860641109173
4157822,1235519,9404588,10640107,7.611852185195048
4157838,1235525,9404622,10640147,7.611842738916655
4157880,1235549,9404721,10640270,7.611775008518481
4157997,1235596,9405074,10640670,7.611771161447593
4158361,1235732,9405983,10641715,7.611669035033486
4158371,1235732,9405999,10641731,7.611681982824755
4159012,1235732,9406969,10642701,7.612466942670417
4159027,1235739,9407019,10642758,7.612464282506258
4159030,1235739,9407025,10642764,7.612469137900479
4159067,1235760,9407080,10642840,7.612384281737555
4159218,1235794,9407200,10642994,7.612271948237328
4159265,1235794,9407294,10643088,7.612348012694673
4159288,1235808,9407357,10643165,7.612312754084777
4159288,1235808,9407357,10643165,7.612312754084777
4159316,1235808,9407395,10643203,7.612343503197907
4159355,1235808,9407520,10643328,7.612444651596364
4159389,1235808,9407584,10643392,7.612496439576375
4159407,1235808,9407620,10643428,7.61252557031513
4159498,1235808,9407840,10643648,7.612703591496413
4159531,1235813,9407869,10643682,7.61269625744348
4159542,1235814,9407877,10643691,7.612696570843185
4159691,1235815,9408296,10644111,7.613029458292706
4159978,1235861,9408428,10644289,7.612852901742186
4160274,1235910,9409118,10645028,7.613109368805172
4160296,1235910,9409150,10645060,7.613135260658138
4160809,1236223,9410475,10646698,7.612279499734271
4161076,1236226,9411423,10647649,7.613027876779812
4161122,1236231,9411497,10647728,7.613056944859011
4161155,1236252,9411576,10647828,7.612991525999553
4161193,1236274,9411691,10647965,7.6129490711606005
4161232,1236296,9411763,10648059,7.612871836518115
4161247,1236309,9411793,10648102,7.612816051650518
4161270,1236309,9411914,10648223,7.612913923622655
4161277,1236309,9411931,10648240,7.61292767423031
4161307,1236309,9412044,10648353,7.613019075328255
4161318,1236311,9412053,10648364,7.613014039347704
4161712,1236311,9412826,10649137,7.61363928655492
4161752,1236311,9412938,10649249,7.61372987864704
4161785,1236316,9413016,10649332,7.61376217730742
4161796,1236316,9413046,10649362,7.613786442948243
4161810,1236318,9413058,10649376,7.613783832314987
4161830,1236318,9413126,10649444,7.613838834345209
4161848,1236324,9413157,10649481,7.613826957981888
4161872,1236324,9413208,10649532,7.613868209304357
4161913,1236337,9413254,10649591,7.61382535667864
4161920,1236337,9413262,10649599,7.6138318274062815
4161937,1236350,9413306,10649656,7.613787357948801
4161986,1236373,9413409,10649782,7.613729028375741
4162072,1236399,9413618,10650017,7.613737959995115
4162148,1236399,9413688,10650087,7.613794576022789
4162226,1236440,9413879,10650319,7.613696580505322
4162242,1236452,9413919,10650371,7.613655038772229
4162267,1236452,9413944,10650396,7.61367525791539
4162295,1236452,9413992,10650444,7.6137140786702595
4162298,1236452,9413994,10650446,7.613715696201712
4162306,1236452,9413994,10650446,7.613715696201712
4162335,1236466,9414055,10650521,7.613678823356243
4162381,1236490,9414211,10650701,7.613657207094275
4162394,1236500,9414256,10650756,7.6136320258794985
4162422,1236506,9414305,10650811,7.613634709415078
4162425,1236508,9414320,10650828,7.613634525615685
4162443,1236508,9414352,10650860,7.613660404946834
4162483,1236527,9414448,10650975,7.613621053159373
4162496,1236536,9414464,10651000,7.613578577574773
4162598,1236593,9414803,10651396,7.613501774634015
4162633,1236598,9414821,10651419,7.613485546636821
4162710,1236623,9414909,10651532,7.613402791311499
4162736,1236646,9414958,10651604,7.613300815269689
4162768,1236658,9415051,10651709,7.613302141740077
4162792,1236670,9415076,10651746,7.613248481810022
4162821,1236680,9415125,10651805,7.613226542031891
4162916,1236727,9415255,10651982,7.613042328662671
4162964,1236735,9415348,10652083,7.61306828059366
4162967,1236736,9415351,10652087,7.6130645505588905
4163568,1236867,9416130,10652997,7.612888046976757
4163647,1236899,9416368,10653267,7.612883509486223
4163741,1236932,9416579,10653511,7.61285098938341
4163936,1236937,9416949,10653886,7.613119342375562
4164048,1236938,9417109,10654047,7.613242539238022
4164118,1236938,9417324,10654262,7.613416355548944
4165793,1236953,9419515,10656468,7.615095318900557
4165820,1236953,9419602,10656555,7.615165653019961
4166036,1237042,9420011,10657053,7.6149484011052175
4166066,1237042,9420045,10657087,7.614975886024888
4166069,1237045,9420055,10657100,7.614965502467574
4166075,1237047,9420073,10657120,7.61496774172687
4166082,1237053,9420086,10657139,7.614941316176429
4166119,1237053,9420153,10657206,7.614995477154172
4166144,1237059,9420235,10657294,7.615024829050191
4166171,1237059,9420254,10657313,7.615040188058937
4166241,1237059,9420382,10657441,7.61514365927575
4166396,1237121,9420634,10657755,7.614965714752235
4166449,1237139,9420754,10657893,7.614951917286578
4166589,1237220,9421041,10658261,7.614685342946283
4166608,1237224,9421048,10658272,7.614666382158768
4166708,1237236,9421357,10658593,7.614842277463636
4166819,1237283,9421675,10658958,7.6148100313347875
4166826,1237283,9421698,10658981,7.614828620453041
4166964,1237288,9422057,10659345,7.615087998913753
4166997,1237299,9422141,10659440,7.615088188061253
4167039,1237311,9422201,10659512,7.615062825756823
4167077,1237336,9422268,10659604,7.614963114303633
4167138,1237368,9422359,10659727,7.6148397243180685
4167177,1237368,9422407,10659775,7.614878516334672
4167215,1237379,9422441,10659820,7.614838299340784
4167261,1237404,9422541,10659945,7.614765266638867
4167322,1237404,9422754,10660158,7.6149374012044575
4167381,1237421,9422808,10660229,7.614876424434368
4167387,1237421,9422826,10660247,7.614890970817531
4167940,1237432,9424353,10661785,7.6160572863801805
4168069,1237480,9424496,10661976,7.615877428322074
4168095,1237483,9424532,10662015,7.61588805664401
4168110,1237483,9424580,10662063,7.615926845055649
4168168,1237483,9424813,10662296,7.6161151304704795
4168200,1237493,9424844,10662337,7.616078636404408
4168311,1237493,9425022,10662515,7.616222475601882
4168344,1237493,9425204,10662697,7.616369547140873
4168372,1237504,9425257,10662761,7.616344674441456
4168452,1237543,9425418,10662961,7.616234749014782
4168984,1237548,9426745,10664293,7.617276259183482
4169011,1237548,9426834,10664382,7.617348175585916
4169019,1237548,9426859,10664407,7.617368376822555
4169025,1237548,9426877,10664425,7.617382921712935
4169105,1237600,9427029,10664629,7.617185681965093
4169144,1237600,9427148,10664748,7.617281835811248
4169193,1237628,9427241,10664869,7.617184646759769
4169245,1237628,9427400,10665028,7.617313118319883
4169251,1237628,9427414,10665042,7.617324430281151
4169945,1237856,9428691,10666547,7.616953021999328
4170122,1237856,9429071,10666927,7.617260004394695
4170145,1237856,9429159,10667015,7.617331095054675
4170154,1237856,9429187,10667043,7.617353714810124
4170757,1238048,9430709,10668757,7.617401748559022
4170903,1238080,9430860,10668940,7.617326828637891
4170912,1238082,9430880,10668962,7.61733067761263
4171005,1238126,9431014,10669140,7.617168204205388
4171064,1238133,9431090,10669223,7.617186521964927
4171093,1238152,9431127,10669279,7.617099516052956
4171131,1238157,9431159,10669316,7.617094601088553
4171143,1238162,9431195,10669357,7.617092916758873
4171166,1238162,9431269,10669431,7.617152682766876
4171208,1238162,9431269,10669431,7.617152682766876
4171364,1238247,9431632,10669879,7.616922956405305
4171393,1238253,9431715,10669968,7.6169530782481445
4171485,1238320,9431938,10670258,7.616721041410944
4171505,1238320,9431992,10670312,7.616764648879126
4171528,1238320,9432082,10670402,7.616837327992765
4171696,1238429,9432425,10670854,7.616443897873839
4171737,1238429,9432553,10670982,7.616547254626628
4171768,1238429,9432669,10671098,7.616640921683843
4171782,1238435,9432696,10671131,7.616625822106126
4171844,1238450,9432874,10671324,7.616677298235698
4171896,1238462,9433007,10671469,7.616710888182277
4171939,1238478,9433119,10671597,7.616702920843164
4171964,1238486,9433167,10671653,7.6166924777510605
4172059,1238492,9433174,10671666,7.616661229947388
4172090,1238495,9433271,10671766,7.616721101013731
4172172,1238523,9433516,10672039,7.61674672169996
4172224,1238530,9433597,10672127,7.616769073013976
4172248,1238530,9433663,10672193,7.616822361993654
4172393,1238650,9433943,10672593,7.616310499333952
4172737,1238734,9434818,10673552,7.616500394757874
4172947,1238891,9435149,10674040,7.615802358722438
4173210,1238956,9435828,10674784,7.615950848940559
4173221,1238956,9435855,10674811,7.615972641482022
4173236,1238956,9435892,10674848,7.616002505335137
4173255,1238966,9435939,10674905,7.615978969560101
4173256,1238966,9435949,10674915,7.615987040806608
4173282,1238966,9436038,10675004,7.616058874900522
4173283,1238966,9436043,10675009,7.616062910523776
4173298,1238979,9436076,10675055,7.616009633738748
4173304,1238979,9436094,10675073,7.616024161830023
4173379,1239017,9436193,10675210,7.615870484424346
4173647,1239017,9436913,10675930,7.616451590252596
4173676,1239017,9437019,10676036,7.616537141943977
4173747,1239018,9437122,10676140,7.616614125057102
4173747,1239037,9437349,10676386,7.616680534963847
4173765,1239039,9437362,10676401,7.616678732469277
4173786,1239039,9437426,10676465,7.616730385403526
4173976,1239039,9437744,10676783,7.61698703592058
4174017,1239047,9437789,10676836,7.616974174506698
4174134,1239105,9437930,10677035,7.616731431153938
4174146,1239105,9437963,10677068,7.616758063279544
4174312,1239116,9438675,10677791,7.617265050245497
4174329,1239122,9438695,10677817,7.617244306855984
4174358,1239122,9438771,10677893,7.6173056406068165
4174382,1239122,9438826,10677948,7.617350026873867
4174424,1239135,9438899,10678034,7.617329023875526
4174442,1239135,9438960,10678095,7.617378251764336
4174456,1239135,9439000,10678135,7.6174105323471615
4174487,1239152,9439047,10678199,7.617343957803401
4174601,1239209,9439251,10678460,7.617158203337774
4174644,1239218,9439292,10678510,7.61713596800563
4174676,1239223,9439362,10678585,7.617161721498068
4174690,1239232,9439375,10678607,7.617116891752311
4174721,1239232,9439452,10678684,7.617179027010278
4174834,1239270,9439862,10679132,7.6172762997571155
4175041,1239300,9440303,10679603,7.617447752763657
4175155,1239367,9440583,10679950,7.617261876425627
4175225,1239367,9440692,10680059,7.6173498245475315
4175252,1239391,9440742,10680133,7.617242661920249
4175261,1239391,9440761,10680152,7.617257992029956
4175437,1239443,9441194,10680637,7.617287765552752
4175452,1239443,9441239,10680682,7.617324072184037
4175469,1239443,9441284,10680727,7.617360378815323
4175864,1239477,9443036,10682513,7.618564926981299
4175888,1239477,9443106,10682583,7.618621402414083
4175889,1239477,9443108,10682585,7.618623015997876
4175977,1239504,9443305,10682809,7.618615994785011
4176546,1239517,9444083,10683600,7.619163754914212
4176710,1239544,9444614,10684158,7.6194261760776545
4176739,1239551,9444659,10684210,7.61941945107543
4176755,1239551,9444685,10684236,7.619440426412467
4176784,1239567,9444744,10684311,7.619389673974863
4176804,1239567,9444794,10684361,7.619430010640812
4176842,1239583,9444865,10684448,7.619388939667614
4176878,1239604,9444899,10684503,7.619287288521173
4176884,1239604,9444913,10684517,7.619298582450525
4176970,1239604,9445116,10684720,7.619462344426124
4176973,1239606,9445131,10684737,7.61946215168368
4177089,1239606,9445325,10684931,7.619618653023622
4177095,1239608,9445330,10684938,7.619610392962937
4177100,1239608,9445339,10684947,7.619617653322663
4177115,1239615,9445399,10685014,7.619623028117601
4177165,1239615,9445578,10685193,7.61976742779008
4177239,1239615,9445787,10685402,7.619936028524986
4177239,1239615,9445832,10685447,7.6199723301186255
4177649,1239615,9445832,10685447,7.6199723301186255
4178881,1239615,9445832,10685447,7.6199723301186255
4178914,1239615,9445863,10685478,7.619997337883133
4178942,1239615,9446003,10685618,7.620110276174457
4179002,1239660,9446147,10685807,7.619949824952003
4179012,1239669,9446162,10685831,7.619906604101579
4179027,1239676,9446194,10685870,7.6198893904536344
4179044,1239678,9446210,10685888,7.619890003694508
4179251,1239753,9446636,10686389,7.619772648261388
4179272,1239753,9446708,10686461,7.619830724345898
4179289,1239761,9446743,10686504,7.619809785918415
4179321,1239774,9446794,10686568,7.619771022783184
4179336,1239783,9446871,10686654,7.619777815956502
4179379,1239798,9446914,10686712,7.619720309276189
4179395,1239798,9446938,10686736,7.6197396672683775
4179427,1239798,9447039,10686837,7.619821132152174
4179430,1239798,9447045,10686843,7.61982597165022
4179442,1239806,9447052,10686858,7.619782449834894
4179538,1239843,9447262,10687105,7.619724432851579
4179547,1239847,9447289,10687136,7.619721626942679
4179619,1239847,9447492,10687339,7.619885356822253
4179710,1239869,9447734,10687603,7.619945332934367
4180464,1239886,9449009,10688895,7.620869176682373
4180471,1239886,9449029,10688915,7.6208853071975975
4180672,1239886,9449029,10688915,7.6208853071975975
4180708,1239900,9449087,10688987,7.620846035970643
4180717,1239902,9449103,10689005,7.62084664755763
4180728,1239902,9449133,10689035,7.620870843018238
4180752,1239902,9449207,10689109,7.6209305251544075
4180812,1239927,9449363,10689290,7.620902682174031
4183127,1240003,9456444,10696447,7.6261460657756475
4183138,1240011,9456460,10696471,7.626109768381087
4183145,1240011,9456480,10696491,7.626125897270266
4183198,1240031,9456599,10696630,7.6260988636574405
4183265,1240064,9456754,10696818,7.626020915049546
4183289,1240064,9456775,10696839,7.626037849659372
4183370,1240064,9457076,10697140,7.626280579066887
4184289,1240316,9458160,10698476,7.625605087735706
4184512,1240350,9458290,10698640,7.625500866690853
4184529,1240350,9458328,10698678,7.625531503204741
4184550,1240352,9458405,10698757,7.625581286602513
4184603,1240384,9458562,10698946,7.6255111320365305
4184647,1240394,9458660,10699054,7.625528662666862
4184717,1240394,9458756,10699150,7.625606057430139
4184727,1240398,9458779,10699177,7.62560000902936
4184762,1240414,9458865,10699279,7.62557097872162
4184798,1240436,9458916,10699352,7.625476848462959
4184834,1240447,9458993,10699440,7.625471301877468
4184912,1240464,9459072,10699536,7.625430484076926
4184912,1240464,9459072,10699536,7.625430484076926
4185079,1240580,9459391,10699971,7.624974608650793
4185103,1240594,9459429,10700023,7.624919191935476
4185154,1240594,9459545,10700139,7.625012695531334
4185208,1240594,9459685,10700279,7.625125544698749
4185234,1240594,9459756,10700350,7.625182775347938
4185481,1240594,9460111,10700705,7.625468928593883
4185512,1240594,9460206,10700800,7.625545504814629
4185561,1240594,9460346,10700940,7.625658353982044
4185622,1240620,9460563,10701183,7.625673453595783
4185675,1240633,9460624,10701257,7.625642716258555
4185693,1240633,9460687,10701320,7.625693496787527
4185796,1240654,9460901,10701555,7.625736909726644
4185817,1240675,9460927,10701602,7.625628790779213
4185851,1240675,9460991,10701666,7.62568037560199
4185861,1240682,9461004,10701686,7.625647829177823
4185937,1240682,9461176,10701858,7.6257864626068566
4185957,1240684,9461218,10701902,7.625808022026559
4187135,1241183,9466986,10708169,7.627389353544159
4187145,1241185,9467004,10708189,7.627391565318627
4187197,1241213,9467090,10708303,7.627288789273074
4187228,1241236,9467133,10708369,7.627182099133444
4187287,1241256,9467292,10708548,7.627187300605193
4187292,1241256,9467312,10708568,7.627203413316834
4187562,1241269,9468540,10709809,7.628112842582873
4187709,1241274,9469086,10710360,7.628521986281836
4187744,1241285,9469129,10710414,7.6284890254856865
4187803,1241330,9469207,10710537,7.628275317602894
4188316,1241534,9470226,10711760,7.62784265271833
4188402,1241583,9470365,10711948,7.627653568065929
4188474,1241583,9470552,10712135,7.627804182241541
4188495,1241583,9470625,10712208,7.627862978149668
4188523,1241596,9470668,10712264,7.627817744258197
4188667,1241599,9471183,10712782,7.628214101332234
4188786,1241686,9471520,10713206,7.6279510278766125
4188861,1241705,9471782,10713487,7.628045308668323
4188883,1241705,9471835,10713540,7.628087991914343
4188939,1241705,9471947,10713652,7.628178190471972
4189001,1241720,9471980,10713700,7.628112617981509
4189026,1241745,9472022,10713767,7.6279928648796655
4189102,1241746,9472300,10714046,7.628210600235475
4189154,1241746,9472552,10714298,7.6284135402892375
4189242,1241786,9472756,10714542,7.6283320958683705
4189260,1241802,9472784,10714586,7.628256356488394
4189274,1241805,9472805,10714610,7.628254838722666
4189280,1241805,9472819,10714624,7.6282661126344316
4189478,1241905,9473157,10715062,7.627924036057508
4189492,1241913,9473200,10715113,7.6279095234529315
4189535,1241956,9473315,10715271,7.627738019704402
4189544,1241960,9473325,10715285,7.627721504718348
4189587,1241977,9473433,10715410,7.627704055711177
4189604,1241978,9473466,10715444,7.627724484652707
4189695,1241999,9473552,10715551,7.627664756573878
4189833,1242038,9473898,10715936,7.627703822266308
4190096,1242038,9474348,10716386,7.628066130021787
4190339,1242058,9474724,10716782,7.628246023937691
4190476,1242116,9475073,10717189,7.628170798862586
4190504,1242144,9475128,10717272,7.628043125434732
4192843,1242144,9478301,10720445,7.630597579668702
4192853,1242155,9478329,10720484,7.63055254778993
4192866,1242155,9478376,10720531,7.630590385257879
4192870,1242156,9478379,10720535,7.630586657392469
4192889,1242156,9478427,10720583,7.630625299881818
4192894,1242156,9478439,10720595,7.630634960504156
4192993,1242188,9478715,10720903,7.630660576337881
4193266,1242251,9478855,10721106,7.630386290693266
4193315,1242266,9478957,10721223,7.630376264020749
4193628,1242365,9479609,10721974,7.630293029826178
4193690,1242388,9479743,10722131,7.630259629036984
4193700,1242388,9479745,10722133,7.63026123884004
4193763,1242402,9479856,10722258,7.630264600346748
4193779,1242410,9479885,10722295,7.630238810054652
4193789,1242410,9479905,10722315,7.630254907800163
4193802,1242417,9479926,10722343,7.630228820114342
4193810,1242417,9479948,10722365,7.630246527534636
4193841,1242426,9479989,10722415,7.630224254804713
4193891,1242435,9480060,10722495,7.630226128529863
4193924,1242440,9480089,10722529,7.630218763079102
4193925,1242440,9480089,10722529,7.630218763079102
4194091,1242459,9480435,10722894,7.630380559841411
4194128,1242459,9480471,10722930,7.63040953464058
4194175,1242459,9480594,10723053,7.6305085318710715
4194209,1242479,9480659,10723138,7.630438019475581
4194274,1242527,9480787,10723314,7.630246264266289
4194284,1242531,9480797,10723328,7.630229748795
4194292,1242531,9480797,10723328,7.630229748795
4194305,1242540,9480836,10723376,7.630205868623948
4194330,1242540,9480893,10723433,7.630251742398635
4194464,1242575,9481127,10723702,7.630225137315655
4194467,1242575,9481136,10723711,7.630232380339215
4194529,1242594,9481205,10723799,7.630171238554186
4194610,1242595,9481394,10723989,7.6303171990873935
4194938,1242728,9482001,10724729,7.629989024146877
4194998,1242775,9482049,10724824,7.629739091951479
4195022,1242777,9482080,10724857,7.62975175755586
4195124,1242807,9482226,10725033,7.629685059707581
4195851,1243117,9484127,10727244,7.629311641623436
4195975,1243117,9484483,10727600,7.629598018529229
4196013,1243117,9484606,10727723,7.629696963359041
4196062,1243121,9484715,10727836,7.62976009575898
4196076,1243121,9484735,10727856,7.629776184297426
4196108,1243126,9484820,10727946,7.629813872447363
4196130,1243126,9484880,10728006,7.6298621378685665
4196231,1243175,9485109,10728284,7.629745611036258
4196488,1243269,9485715,10728984,7.62965617255799
4196495,1243269,9485735,10729004,7.629672259181239
4196636,1243307,9485826,10729133,7.629512260447339
4196682,1243307,9486030,10729337,7.629676338989485
4196710,1243309,9486045,10729354,7.629676130390756
4196742,1243319,9486103,10729422,7.6296614143272965
4196770,1243319,9486241,10729560,7.629772407563948
4196836,1243344,9486395,10729739,7.629742854752989
4197011,1243367,9486767,10730134,7.629900906168492
4197036,1243367,9486845,10730212,7.629963639054278
4197041,1243369,9486850,10730219,7.629955387338755
4197063,1243399,9486906,10730305,7.6298163340971
4197068,1243399,9486925,10730324,7.6298316147913905
4197093,1243410,9486974,10730384,7.629803524179474
4197195,1243433,9487160,10730593,7.62981198021928
4197204,1243433,9487171,10730604,7.629820826695125
4197252,1243444,9487289,10730733,7.629848227986142
4197449,1243475,9487693,10731168,7.629982910794347
4197524,1243488,9487886,10731374,7.63005835199053
4197584,1243488,9488090,10731578,7.630222406649682
4197628,1243490,9488152,10731642,7.630259994049007
4197759,1243563,9489286,10732849,7.6307239761877765
4197867,1243563,9489429,10732992,7.630838968351423
4197879,1243563,9489450,10733013,7.630855855312517
4197957,1243563,9489677,10733240,7.631038395320543
4198581,1243563,9490715,10734278,7.6318730936832315
4198599,1243579,9490749,10734328,7.631802241755449
4198632,1243600,9490809,10734409,7.631721614667096
4198832,1243713,9491150,10734863,7.631302398543715
4198925,1243713,9491302,10735015,7.631424613234725
4199053,1243729,9491629,10735358,7.631589357488649
4199435,1243729,9492384,10736113,7.63219640291414
4199453,1243729,9492466,10736195,7.632262333675584
4199496,1243729,9492550,10736279,7.63232987250438
4199601,1243762,9492763,10736525,7.632298623048461
4199797,1243823,9492974,10736797,7.632093955490451
4199805,1243823,9492991,10736814,7.632107623029965
4199843,1243824,9493000,10736824,7.632108722777499
4199881,1243830,9493069,10736899,7.632127380751389
4199883,1243830,9493080,10736910,7.632136224403657
4199885,1243830,9493091,10736921,7.632145068055924
4199906,1243843,9493122,10736965,7.632090223605391
4199913,1243843,9493142,10736985,7.632106302805097
4199946,1243843,9493253,10737096,7.6321955423634655
4200109,1243843,9493473,10737316,7.632372413560232
4200156,1243884,9493558,10737442,7.632189175196401
4200169,1243884,9493598,10737482,7.632221332535831
4200329,1243958,9493811,10737769,7.631938538117846
4201034,1244091,9494894,10738985,7.631993158056766
4201133,1244116,9495076,10739192,7.631986084898836
4201203,1244116,9495227,10739343,7.632107456217909
4201528,1244152,9495325,10739477,7.631965386865914
4201548,1244157,9495375,10739532,7.631974903488868
4201581,1244166,9495502,10739668,7.632021772014346
4201658,1244190,9495573,10739763,7.631931618161214
4201679,1244198,9495648,10739846,7.631942825820327
4201730,1244217,9495810,10740027,7.631956483475149
4201760,1244217,9495917,10740134,7.6320424813356516
4201778,1244222,9495931,10740153,7.632023063408298
4201799,1244222,9495993,10740215,7.632072893744042
4201808,1244224,9496027,10740251,7.632087952008641
4201832,1244224,9496057,10740281,7.632112063422664
4202242,1244224,9496912,10741136,7.632799238722288
4202288,1244255,9497063,10741318,7.6327304290519224
4202309,1244255,9497092,10741347,7.632753736171444
4202382,1244286,9497230,10741516,7.632674481590246
4202398,1244290,9497246,10741536,7.632662803687244
4202430,1244316,9497316,10741632,7.6325595748989805
4202451,1244322,9497354,10741676,7.6325533101560525
4202590,1244358,9497630,10741988,7.632554297075279
4202706,1244407,9498059,10742466,7.632598498722685
4202802,1244419,9498300,10742719,7.6327185618348805
4202980,1244470,9498612,10743082,7.632656472233159
4203017,1244490,9498667,10743157,7.632578003840931
4203159,1244524,9498876,10743400,7.632537419929226
4203297,1244585,9499176,10743761,7.632404375755774
4203317,1244585,9499255,10743840,7.63246785072936
4203339,1244585,9499301,10743886,7.632504810840561
4203480,1244662,9499654,10744316,7.6323162432853255
4203481,1244662,9499656,10744318,7.632317850147269
4203500,1244670,9499689,10744359,7.632295307189858
4203541,1244674,9499740,10744414,7.632311753921107
4203543,1244674,9499745,10744419,7.632315771037235
4203566,1244678,9499772,10744450,7.632312935554417
4203589,1244683,9499849,10744532,7.632344139029777
4203611,1244683,9499894,10744577,7.632380292813512
4203848,1244721,9500369,10745090,7.63252889603373
4203865,1244721,9500409,10745130,7.632561031749283
4203894,1244735,9500456,10745191,7.632512944522328
4203984,1244783,9500583,10745366,7.632320653479361
4204049,1244783,9500732,10745515,7.632440353057521
4204092,1244790,9500822,10745612,7.63246973385069
4204162,1244790,9500923,10745713,7.63255087203464
4204175,1244790,9500951,10745741,7.632573365788607
4204208,1244790,9501080,10745870,7.6326769977265245
4204322,1244790,9501393,10746183,7.6329284457619355
4204353,1244790,9501449,10746239,7.632973433269869
4204419,1244804,9501650,10746454,7.633049058325648
4204487,1244804,9501866,10746670,7.63322257961896
4204910,1244939,9502317,10747256,7.6327571069747195
4204914,1244939,9502326,10747265,7.632764336244587
4204936,1244939,9502376,10747315,7.632804498854964
4204961,1244958,9502437,10747395,7.63273700799545
4204992,1244986,9502586,10747572,7.632685026177001
4205056,1244998,9502732,10747730,7.6327287272750635
4205118,1245013,9502943,10747956,7.632806243790226
4205535,1245244,9503742,10748986,7.632031955183081
4205638,1245329,9503999,10749328,7.631717401586248
4205757,1245329,9504256,10749585,7.6319237727540274
4205791,1245365,9504318,10749683,7.631752939901154
4205891,1245385,9504567,10749952,7.631830317532329
4205903,1245391,9504598,10749989,7.631818440955491
4205985,1245391,9504598,10749989,7.631818440955491
4206148,1245483,9504833,10750316,7.631443383811742
4206160,1245485,9504841,10750326,7.631437552439412
4206290,1245485,9505227,10750712,7.631747471868389
4206570,1245571,9505442,10751013,7.631393152216935
4206686,1245623,9505772,10751395,7.631339498387554
4206713,1245634,9505828,10751462,7.631317064241984
4206730,1245653,9505878,10751531,7.631240803016571
4206755,1245658,9505962,10751620,7.6312776058918255
4206816,1245687,9506117,10751804,7.631224376588983
4206817,1245687,9506122,10751809,7.631228390438369
4207340,1245891,9507382,10753273,7.63099019095571
4207420,1245918,9507493,10753411,7.63091391247257
4207486,1245921,9507646,10753567,7.631018339043968
4207577,1245941,9507751,10753692,7.630980118641252
4207617,1245961,9507870,10753831,7.630953135772307
4207644,1245961,9508004,10753965,7.631060683279814
4207670,1245962,9508063,10754025,7.631101911615282
4207718,1245963,9508081,10754044,7.631110233610468
4207749,1245963,9508130,10754093,7.631149560620981
4207795,1245963,9508382,10754345,7.631351813817906
4207820,1245963,9508460,10754423,7.631414415997907
4207825,1245965,9508472,10754437,7.631411797281625
4207838,1245965,9508476,10754441,7.631415007644677
4207839,1245965,9508478,10754443,7.631416612826203
4207913,1245965,9508662,10754627,7.631564289526592
4207992,1245993,9508801,10754794,7.631504350345468
4208020,1246000,9508829,10754829,7.631483948635634
4208040,1246008,9508854,10754862,7.6314550147350575
4208488,1246023,9509547,10755570,7.631919314490984
4208496,1246023,9509562,10755585,7.631931352792043
4208499,1246024,9509567,10755591,7.631929240528272
4208521,1246027,9509606,10755633,7.631942164977163
4208554,1246044,9509718,10755762,7.631927925498618
4208772,1246118,9510064,10756182,7.631752370160771
4209418,1246412,9511064,10757476,7.630754517767801
4214562,1246499,9540647,10787146,7.653954796594301
4214584,1246508,9540667,10787175,7.653915578560266
4214689,1246566,9540911,10787477,7.653755196275207
4214696,1246569,9540932,10787501,7.653753622944257
4214713,1246569,9541010,10787579,7.6538161946911885
4214830,1246581,9541258,10787839,7.653941460683261
4214860,1246589,9541308,10787897,7.653932450871939
4214876,1246589,9541334,10787923,7.653953307786288
4214888,1246589,9541368,10787957,7.653980582212742
4214894,1246589,9541382,10787971,7.653991812858929
4215119,1246634,9541694,10788328,7.653965799103827
4215158,1246634,9541809,10788443,7.654058047510336
4215192,1246634,9541983,10788617,7.654197623360185
4215200,1246639,9541989,10788628,7.654171736966355
4215656,1246907,9543217,10790124,7.653511448728734
4215722,1246907,9543329,10790236,7.653601270984925
4215729,1246907,9543348,10790255,7.6536165086891
4215750,1246907,9543378,10790285,7.653640568222008
4216184,1246987,9544011,10790998,7.653657175255235
4216194,1246987,9544033,10791020,7.653674817780779
4216309,1247004,9544311,10791315,7.6537934120500015
4216335,1247004,9544356,10791360,7.653829498542105
4216432,1247004,9544590,10791594,7.6540171483010475
4216479,1247033,9544665,10791698,7.653899295367484
4216492,1247047,9544694,10791741,7.653836623639687
4216522,1247056,9544744,10791800,7.653821480350522
4216524,1247056,9544748,10791804,7.653824687904954
4216644,1247106,9545132,10792238,7.653825737347106
4216752,1247172,9545316,10792488,7.6535682327698185
4216761,1247172,9545339,10792511,7.653586674492372
4216941,1247172,9545780,10792952,7.653940274476977
4216981,1247172,9545881,10793053,7.6540212576934055
4217008,1247190,9545939,10793129,7.653957296001411
4217011,1247190,9545945,10793135,7.653962106816123
4217042,1247192,9546003,10793195,7.6539963373722735
4217095,1247214,9546057,10793271,7.6539046226229015
4217125,1247223,9546090,10793313,7.65387585058967
4217169,1247223,9546147,10793370,7.65392155212019
4217223,1247258,9546209,10793467,7.653756480215
4217291,1247269,9546293,10793562,7.653756326822842
4217343,1247297,9546427,10793724,7.653691943458535
4217352,1247305,9546452,10793757,7.653662897206377
4217384,1247339,9546532,10793871,7.6535184099911895
4218485,1247790,9548981,10796771,7.652714799765986
4218495,1247790,9548991,10796781,7.652722813935037
4218518,1247795,9549056,10796851,7.6527442408408435
4218527,1247795,9549086,10796881,7.652768283251656
4218609,1247842,9549206,10797048,7.652576207564739
4218798,1247856,9549847,10797703,7.653004032516573
4218853,1247871,9549923,10797794,7.6529729435173985
4218905,1247899,9550003,10797902,7.652865336056844
4219035,1247899,9550389,10798288,7.653174655961741
4219077,1247936,9550489,10798425,7.653027879634853
4219093,1247949,9550520,10798469,7.652972998095275
4219116,1247949,9550560,10798509,7.653005050687168
4219197,1247949,9550758,10798707,7.6531637110170365
4219591,1248276,9551650,10799926,7.651873463881385
4219751,1248307,9551888,10800195,7.651874098278709
4219838,1248351,9552081,10800432,7.651759000473424
4220134,1248496,9552314,10800810,7.651056951724315
4220156,1248496,9552383,10800879,7.651112218220963
4220185,1248496,9552421,10800917,7.651142654842306
4220217,1248512,9552504,10801016,7.651111082632766
4220292,1248548,9552636,10801184,7.650996197182647
4220427,1248627,9552863,10801490,7.650693922204149
4220500,1248651,9553019,10801670,7.650671805011969
4220611,1248651,9553235,10801886,7.6508447916992015
4220640,1248658,9553276,10801934,7.650834736172755
4220648,1248658,9553300,10801958,7.650853956808029
4220691,1248658,9553514,10802172,7.651025340805889
4220695,1248658,9553519,10802177,7.651029345104905
4220729,1248658,9553602,10802260,7.651095816468561
4220732,1248658,9553611,10802269,7.651103024206789
4220743,1248660,9553640,10802300,7.6511139942017845
4220749,1248660,9553658,10802318,7.651128409655151
4220833,1248698,9553798,10802496,7.651007689609497
4220855,1248698,9553837,10802535,7.651038922141303
4220906,1248717,9554021,10802738,7.651069858102356
4220964,1248737,9554131,10802868,7.651035406174398
4221127,1248746,9555063,10803809,7.651726612137296
4221133,1248751,9555082,10803833,7.651711189820869
4221295,1248751,9555584,10804335,7.6521131915009475
4221737,1248751,9556632,10805383,7.652952430068124
4221823,1248772,9556820,10805592,7.652974281934573
4221865,1248772,9556820,10805592,7.652974281934573
4221930,1248792,9556919,10805711,7.652930992511163
4222204,1248836,9557806,10806642,7.65337161965222
4222220,1248836,9557847,10806683,7.653404450224048
4222233,1248843,9557872,10806715,7.653381569981175
4222300,1248843,9558095,10806938,7.6535601352611975
4222491,1248926,9558507,10807433,7.653381385286238
4222552,1248951,9558594,10807545,7.653297847553667
4222652,1248951,9558935,10807886,7.6535708766797095
4222674,1248968,9558973,10807941,7.653497127228239
4222691,1248975,9558991,10807966,7.653468644288316
4222855,1249054,9559237,10808291,7.653181527780224
4223039,1249124,9559720,10808844,7.653139320035481
4223059,1249124,9559789,10808913,7.65319455874677
4223133,1249139,9559985,10809124,7.653259565188502
4223151,1249141,9560020,10809161,7.653275330807331
4223162,1249141,9560042,10809183,7.653292942910368
4223400,1249142,9560762,10809904,7.653863211708517
4223448,1249158,9560852,10810010,7.653837224754595
4223460,1249158,9560890,10810048,7.653867645245837
4223510,1249158,9561050,10810208,7.653995731524755
4223513,1249158,9561059,10810217,7.654002936377944
4223587,1249190,9561246,10810436,7.653956563853377
4223644,1249212,9561382,10810594,7.653930637874116
4224284,1249436,9563904,10813340,7.654576945117637
4224784,1249479,9564697,10814176,7.654948182402426
4224850,1249496,9564825,10814321,7.654946474418486
4224992,1249544,9565083,10814627,7.654858892523992
4225326,1249544,9566560,10816104,7.656040923728976
4225391,1249544,9566833,10816377,7.656259403430371
4225433,1249544,9566934,10816478,7.6563402329169685
4225486,1249547,9567017,10816564,7.6563882751109
4225525,1249554,9567097,10816651,7.6564094068763735
4225532,1249554,9567102,10816656,7.656413408304083
4225544,1249554,9567102,10816656,7.656413408304083
4225564,1249554,9567132,10816686,7.6564374168703395
4225596,1249561,9567202,10816763,7.6564505454315555
4225726,1249561,9567588,10817149,7.656759453920217
4225761,1249561,9567600,10817161,7.656769057292921
4225777,1249564,9567629,10817193,7.656773882730296
4225779,1249564,9567631,10817195,7.6567754832885715
4225804,1249564,9567688,10817252,7.656821099199401
4225845,1249564,9567780,10817344,7.656894724880038
4226015,1249568,9568034,10817602,7.6570734845962765
4226093,1249593,9568238,10817831,7.657083546402709
4226114,1249602,9568275,10817877,7.657058007269515
4226143,1249621,9568341,10817962,7.656994400702293
4226164,1249626,9568393,10818019,7.6570053760085015
4226208,1249656,9568442,10818098,7.6568607680833765
4226224,1249664,9568459,10818123,7.656825354655331
4226231,1249664,9568476,10818140,7.656838958311995
4226369,1249678,9568754,10818432,7.656975636924072
4226388,1249691,9568792,10818483,7.656926392204153
4226421,1249714,9568894,10818608,7.656867091190464
4226752,1249729,9569647,10819376,7.657377719489586
4226785,1249729,9569752,10819481,7.657461737704734
4226793,1249729,9569774,10819503,7.657479341521242
4226847,1249729,9569943,10819672,7.657614570838958
4226854,1249734,9569963,10819697,7.65759993726665
4226858,1249736,9569978,10819714,7.6575996850534835
4226963,1249760,9570145,10819905,7.65758625656126
4227019,1249761,9570203,10819964,7.657626538194103
4227022,1249761,9570212,10819973,7.657633739571006
4227069,1249762,9570333,10820095,7.657724430731611
4227070,1249762,9570335,10820097,7.657726031036309
4227088,1249762,9570390,10820152,7.657770039415505
4228104,1250149,9571595,10821744,7.656363361487311
4228276,1250203,9571758,10821961,7.656163039122447
4228311,1250226,9571836,10822062,7.656084579907953
4228337,1250232,9571872,10822104,7.656076632177068
4228342,1250232,9571883,10822115,7.656085430544091
4228375,1250232,9571915,10822147,7.656111025793613
4228445,1250248,9572039,10822287,7.656112227334097
4228471,1250260,9572078,10822338,7.65606993745301
4228531,1250281,9572187,10822468,7.656028524787628
4228556,1250295,9572243,10822538,7.655987586929484
4228561,1250297,9572251,10822548,7.655981738738876
4228567,1250297,9572265,10822562,7.655992936078388
4228635,1250298,9572439,10822737,7.656125979566472
4228662,1250298,9572544,10822842,7.656209959545644
4228692,1250300,9572559,10822859,7.656209709669679
4228708,1250309,9572599,10822908,7.6561865906747855
4228710,1250309,9572610,10822919,7.656195388499963
4229094,1250310,9574063,10824373,7.657351376858539
4229123,1250310,9574160,10824470,7.65742895761851
4229146,1250311,9574213,10824524,7.657465222652604
4229183,1250318,9574313,10824631,7.65750233140689
4229209,1250330,9574384,10824714,7.657485623795318
4229229,1250330,9574427,10824757,7.657520014716115
4229286,1250330,9574547,10824877,7.657615989378804
4229291,1250332,9574555,10824887,7.657610138747149
4230211,1250754,9576183,10826937,7.656328102888338
4230253,1250786,9576251,10827037,7.656186589872289
4230834,1251018,9577562,10828580,7.655814704504651
4230851,1251028,9577596,10828624,7.6557806859638635
4231277,1251028,9578409,10829437,7.656430551514434
4231290,1251033,9578413,10829446,7.65640314843813
4231295,1251035,9578421,10829456,7.6563973030330885
4231338,1251065,9578509,10829574,7.656284045992814
4231665,1251187,9579150,10830337,7.656049815095585
4231699,1251205,9579216,10830421,7.655992423303935
4231960,1251211,9579414,10830625,7.656113956798653
4231969,1251211,9579436,10830647,7.656131539764276
4231991,1251211,9579459,10830670,7.65614992195561
4232002,1251225,9579484,10830709,7.656084237447302
4232307,1251225,9580394,10831619,7.656811524705788
4232339,1251238,9580426,10831664,7.656757547325129
4232449,1251248,9580843,10832091,7.657029621625769
4232475,1251259,9580903,10832162,7.657010259266866
4232541,1251311,9581039,10832350,7.656800747376152
4232547,1251311,9581053,10832364,7.656811935641898
4232577,1251314,9581159,10832473,7.656878289542034
4232594,1251320,9581179,10832499,7.65685755841831
4232609,1251326,9581214,10832540,7.656848814777284
4232804,1251343,9581304,10832647,7.6568167161202005
4232900,1251388,9581513,10832901,7.65670839100263
4232925,1251402,9581561,10832963,7.6566610889226645
4232960,1251410,9581630,10833040,7.656667279308939
4233168,1251462,9581782,10833244,7.6564705919956015
4233182,1251470,9581817,10833287,7.6564496152524635
4233279,1251508,9582257,10833765,7.656568715501619
4233414,1251537,9582411,10833948,7.656514349955295
4233433,1251544,9582433,10833977,7.656489104657926
4233589,1251544,9582886,10834430,7.656851057573685
4233612,1251549,9582930,10834479,7.656855624510107
4233628,1251549,9582978,10834527,7.656893976983722
4233652,1251563,9583033,10834596,7.656852271919192
4233686,1251593,9583100,10834693,7.6567222731351166
4233715,1251603,9583124,10834727,7.656680273217626
4233767,1251603,9583251,10834854,7.656781743092658
4233768,1251603,9583253,10834856,7.656783341043446
4233790,1251603,9583306,10834909,7.656825686739325
4233851,1251619,9583442,10835061,7.656836465410001
4233867,1251626,9583455,10835081,7.656804029318662
4233885,1251626,9583475,10835101,7.6568200085329
4233891,1251626,9583475,10835101,7.6568200085329
4233992,1251656,9583742,10835398,7.656849805377836
4234029,1251677,9583799,10835476,7.65676688155171
4234869,1251975,9584987,10836962,7.655893288604005
4234875,1251975,9585001,10836976,7.655904470935921
4235004,1252041,9585451,10837492,7.655860311283736
4235026,1252044,9585456,10837500,7.655845960685088
4235048,1252048,9585476,10837524,7.655837475879519
4235055,1252048,9585496,10837544,7.655853449707998
4235270,1252048,9585993,10838041,7.656250399345712
4235285,1252061,9586020,10838081,7.656192469855702
4236435,1252067,9587900,10839967,7.6576572978922055
4236457,1252067,9587985,10840052,7.657725185633037
4236557,1252067,9588326,10840393,7.657997535275668
4236604,1252076,9588368,10840444,7.657976033403723
4236630,1252091,9588474,10840565,7.657968949541208
4236662,1252113,9588527,10840640,7.657876725183749
4236698,1252113,9588708,10840821,7.65802128082689
4236721,1252113,9588749,10840862,7.658054025475336
4236868,1252159,9588982,10841141,7.657958773606227
4236927,1252195,9589131,10841326,7.6578576020507985
4236989,1252195,9589195,10841390,7.657908712301199
4236996,1252195,9589219,10841414,7.657927878645099
4237106,1252247,9589405,10841652,7.6577584134759356
4237162,1252260,9589481,10841741,7.657739606790922
4237199,1252260,9589599,10841859,7.6578338364237455
4237220,1252260,9589629,10841889,7.657857793110057
4253556,1252260,9621742,10874002,7.683501828693721
4253571,1252260,9621778,10874038,7.6835305767172954
4253633,1252260,9621892,10874152,7.683621612125277
4253937,1252337,9622389,10874726,7.68354604231928
4254016,1252337,9622571,10874908,7.683691370613501
4254022,1252337,9622589,10874926,7.683705743741501
4254060,1252348,9622666,10875014,7.683699738411368
4254096,1252348,9622780,10875128,7.683790767422473
4254128,1252348,9622829,10875177,7.683829893927247
4254226,1252398,9623077,10875475,7.683721149347092
4254260,1252413,9623103,10875516,7.683649882267272
4254420,1252460,9623356,10875816,7.683563546939623
4254451,1252460,9623451,10875911,7.683639397665394
4254468,1252460,9623501,10875961,7.683679319100011
4254489,1252460,9623559,10876019,7.683725627964167
4254550,1252460,9623677,10876137,7.683819842549862
4254721,1252509,9624226,10876735,7.683957560384796
4254930,1252568,9624539,10877107,7.683845507788798
4255104,1252673,9624992,10877665,7.68356306873382
4255176,1252673,9625164,10877837,7.683700375117848
4255229,1252708,9625314,10878022,7.6836054371808915
4255404,1252755,9625751,10878506,7.683666000135701
4255424,1252766,9625804,10878570,7.683640839550243
4255550,1252766,9626193,10878959,7.683951352447305
4255567,1252766,9626212,10878978,7.683966518887007
4255574,1252766,9626215,10878981,7.6839689135880125
4255584,1252770,9626236,10879006,7.683961142109086
4255631,1252796,9626337,10879133,7.683882292089055
4255684,1252813,9626470,10879283,7.683884187025518
4255706,1252827,9626506,10879333,7.683827056728503
4255736,1252827,9626628,10879455,7.683924436494424
4255788,1252863,9626826,10879689,7.683861683200797
4255883,1252882,9627061,10879943,7.6839327247099085
4255890,1252882,9627084,10879966,7.683951082384454
4256234,1253000,9627874,10880874,7.68385794094174
4256243,1253000,9627897,10880897,7.68387629688747
4256324,1253000,9628133,10881133,7.684064644852354
4256355,1253020,9628216,10881236,7.684008236101579
4256380,1253020,9628294,10881314,7.684070485706533
4256841,1253020,9629498,10882518,7.685031364224034
4256882,1253063,9629559,10882622,7.6848163260745865
4256953,1253127,9629699,10882826,7.684535565828523
4257167,1253128,9630393,10883521,7.685083247681003
4257173,1253128,9630407,10883535,7.6850944197240825
4257286,1253167,9631001,10884168,7.685329249812675
4257319,1253182,9631024,10884206,7.685255613310757
4257504,1253182,9631346,10884528,7.685512559229226
4257543,1253182,9631445,10884627,7.685591558129625
4257604,1253209,9631569,10884778,7.685524920424287
4257611,1253209,9631595,10884804,7.685545667163258
4257781,1253256,9632025,10885281,7.685600547693368
4257797,1253256,9632051,10885307,7.68562129365429
4257887,1253256,9632487,10885743,7.685969187460503
4257947,1253287,9632618,10885905,7.685883600484167
4257959,1253289,9632655,10885944,7.6859008576633165
4257968,1253289,9632684,10885973,7.685923996779674
4258222,1253317,9633743,10887060,7.68659724554921
4258294,1253352,9633814,10887166,7.68643924452189
4258320,1253352,9633879,10887231,7.686491105451621
4258339,1253352,9633926,10887278,7.686528604893119
4258400,1253369,9633948,10887317,7.6864419017863055
4258485,1253392,9634098,10887490,7.686420529251822
4258631,1253414,9634297,10887711,7.686444383100875
4258678,1253434,9634347,10887781,7.686361627337379
4258890,1253460,9634465,10887925,7.686296331753706
4258987,1253485,9634647,10888132,7.686288228419167
4258997,1253485,9634667,10888152,7.686304183935189
4259000,1253485,9634676,10888161,7.686311363917398
4259182,1253485,9635220,10888705,7.686745353953179
4259196,1253485,9635267,10888752,7.686782849415828
4259267,1253520,9635367,10888887,7.6866479992341565
4259349,1253581,9635557,10889138,7.686425528146964
4259371,1253587,9635595,10889182,7.6864190518887
4259486,1253649,9635797,10889446,7.6862000448291345
4259804,1253821,9636269,10890090,7.685522096056774
4259810,1253821,9636283,10890104,7.685533261924948
4259830,1253821,9636347,10890168,7.685584305893744
4259857,1253821,9636474,10890295,7.685685596269324
4259879,1253830,9636532,10890362,7.685676686632159
4259917,1253843,9636609,10890452,7.685658411778827
4259967,1253875,9636690,10890565,7.6855268667131895
4260061,1253878,9636997,10890875,7.685753318903434
4260146,1253918,9637134,10891052,7.685617400818873
4260383,1254004,9637389,10891393,7.685293667324825
4260459,1254017,9637540,10891557,7.685334409342138
4260489,1254038,9637569,10891607,7.685228836765712
4261273,1254063,9639035,10893098,7.686244630453175
4261320,1254073,9639112,10893185,7.686244740138732
4261338,1254073,9639156,10893229,7.6862798258155625
4261387,1254086,9639213,10893299,7.686245600381473
4261392,1254090,9639230,10893320,7.686234640257079
4261477,1254090,9639490,10893580,7.686441961900661
4261558,1254129,9639665,10893794,7.686342473541398
4261603,1254151,9639804,10893955,7.686318473612826
4261852,1254162,9640648,10894810,7.686924017790365
4261876,1254162,9640722,10894884,7.686983021332172
4261902,1254168,9640741,10894909,7.68696139592144
4262170,1254365,9641647,10896012,7.686476424326253
4262184,1254365,9641695,10896060,7.686514690700076
4262222,1254379,9641730,10896109,7.686456804522397
4262410,1254431,9642104,10896535,7.686436320530982
4262588,1254562,9642737,10897299,7.686138269770645
4262659,1254607,9642891,10897498,7.68598533245869
4262666,1254607,9642914,10897521,7.686003664892672
4262716,1254607,9643080,10897687,7.686135977242276
4263017,1254613,9644295,10898908,7.6870676455608224
4263048,1254622,9644382,10899004,7.687081846165618
4263096,1254622,9644494,10899116,7.687171116081179
4263098,1254622,9644505,10899127,7.6871798836621705
4263127,1254632,9644526,10899158,7.687135351242436
4263220,1254652,9644850,10899502,7.68727105205268
4263257,1254681,9644902,10899583,7.687134817535294
4263271,1254681,9644944,10899625,7.687168292179447
4263350,1254712,9645079,10899791,7.68708596076231
4263370,1254712,9645130,10899842,7.6871266075402165
4263834,1254783,9645806,10900589,7.687230381667587
4264079,1254914,9646097,10901011,7.686659802982515
4265109,1255217,9650144,10905361,7.688028444484101
4265360,1255428,9650765,10906193,7.687230968243499
4265453,1255453,9650919,10906372,7.687200556293226
4265467,1255460,9650957,10906417,7.687187962977713
4265505,1255485,9651029,10906514,7.687092239254153
4265532,1255485,9651070,10906555,7.687124895956543
4265592,1255510,9651200,10906710,7.687075371761276
4265825,1255547,9651783,10907330,7.687313179036707
4265844,1255553,9651819,10907372,7.687305115753776
4265848,1255560,9651830,10907390,7.687271018509669
4265868,1255560,9651861,10907421,7.687295708687757
4265914,1255587,9651967,10907554,7.687214824619879
4265922,1255587,9651992,10907579,7.687234735625648
4265952,1255602,9652035,10907637,7.68717714689846
4265975,1255617,9652089,10907706,7.687128320180437
4265998,1255625,9652115,10907740,7.687100049776008
4266239,1255882,9653080,10908962,7.686295368513921
4266279,1255882,9653131,10909013,7.686335977424631
4266287,1255885,9653153,10909038,7.6863351341882415
4266308,1255893,9653190,10909083,7.686315633577064
4266357,1255917,9653252,10909169,7.686218117917028
4266369,1255920,9653286,10909206,7.686226829734378
4266377,1255920,9653307,10909227,7.686243550544621
4266405,1255920,9653375,10909295,7.686297694120644
4266526,1255920,9653550,10909470,7.686437034206
4266776,1256006,9654012,10910018,7.686278568732952
4267211,1256006,9654779,10910785,7.686889234605567
4267243,1256006,9654907,10910913,7.686991144946759
4267293,1256009,9655025,10911034,7.687066732802074
4267303,1256010,9655043,10911053,7.68707494367083
4267390,1256010,9655293,10911303,7.68727398667208
4267393,1256010,9655302,10911312,7.687281152220126
4267440,1256041,9655385,10911426,7.687157505208827
4267521,1256041,9655625,10911666,7.687348581774002
4267527,1256041,9655630,10911671,7.687352562535777
4267535,1256047,9655651,10911698,7.6873325600077065
4267577,1256079,9655801,10911880,7.687256135959601
4268204,1256111,9658900,10915011,7.6895274382598355
4268367,1256210,9659240,10915450,7.689192093678605
4268408,1256232,9659309,10915541,7.68911236141095
4268436,1256241,9659405,10915646,7.689133693296111
4268446,1256241,9659425,10915666,7.689149613808179
4268720,1256343,9659795,10916138,7.68881985254027
4270071,1256343,9662894,10919237,7.691286535603733
4270091,1256347,9662923,10919270,7.69128513062076
4270246,1256434,9663186,10919620,7.690961881006086
4270273,1256434,9663254,10919688,7.6910160024322805
4270293,1256438,9663271,10919709,7.691005047602826
4270352,1256466,9663371,10919837,7.6909132439715835
4270394,1256474,9663417,10919891,7.690900886130553
4270450,1256474,9663578,10920052,7.691029022486736
4270481,1256489,9663620,10920109,7.690970633248679
4270501,1256491,9663672,10920163,7.690999776361311
4270517,1256497,9663695,10920192,7.690981355307653
4270522,1256497,9663711,10920208,7.690994089122378
4271010,1256509,9664554,10921063,7.69159154450943
4271020,1256509,9664573,10921082,7.691606665770003
4271053,1256545,9664651,10921196,7.691448376301684
4271083,1256545,9664737,10921282,7.69151681794126
4271090,1256545,9664760,10921305,7.691535122100681
4271113,1256563,9664812,10921375,7.691466325206138
4271119,1256563,9664826,10921389,7.691477466708792
4271168,1256563,9664915,10921478,7.69154829483281
4271210,1256577,9665013,10921590,7.69154059003149
4271265,1256577,9665112,10921689,7.691619375493901
4271276,1256577,9665122,10921699,7.691627333621417
4271315,1256577,9665226,10921803,7.6917100981475865
4271361,1256586,9665334,10921920,7.691740955254953
4271410,1256602,9665379,10921981,7.6916788290962455
4271437,1256623,9665412,10922035,7.691576550803224
4271701,1256771,9666284,10923055,7.691364616147253
4271728,1256771,9666372,10923143,7.691434636859062
4271785,1256772,9666529,10923301,7.691553440083006
4271893,1256772,9667058,10923830,7.6919743597088415
4271904,1256772,9667068,10923840,7.691982316601579
4271943,1256785,9667146,10923931,7.691964814984265
4272015,1256821,9667310,10924131,7.691874976627539
4272028,1256827,9667321,10924148,7.691847008379037
4272040,1256835,9667364,10924199,7.691832261195781
4272056,1256843,9667385,10924228,7.691800010025118
4272195,1256937,9667645,10924582,7.691431631020489
4272212,1256942,9667658,10924600,7.691411377772403
4272243,1256942,9667735,10924677,7.691472637560047
4272270,1256955,9667791,10924746,7.691437640965667
4272292,1256964,9667846,10924810,7.691426325654514
4272467,1256981,9667968,10924949,7.691419361151839
4272512,1256999,9668035,10925034,7.691362522961434
4272554,1257003,9668163,10925166,7.6914398772317965
4272599,1257019,9668224,10925243,7.691390504041705
4272617,1257025,9668239,10925264,7.691365724627593
4272779,1257025,9668741,10925766,7.6917650802490005
4272857,1257025,9669007,10926032,7.691976690996599
4273212,1257309,9670359,10927668,7.691314545589032
4273217,1257309,9670368,10927677,7.6913217037339265
4273308,1257314,9670507,10927821,7.691401670545305
4273332,1257314,9670576,10927890,7.691456549437929
4273353,1257333,9670605,10927938,7.691363385833347
4273403,1257353,9670725,10928078,7.691336482276656
4273671,1257488,9671608,10929096,7.691212957897013
4273819,1257488,9672141,10929629,7.6916368188006565
4274115,1257611,9672609,10930220,7.691256676349046
4274204,1257655,9672774,10930429,7.691118788538987
4274301,1257655,9673083,10930738,7.691364483900593
4274314,1257664,9673127,10930791,7.691344429036691
4274451,1257719,9673269,10930988,7.691120989664623
4274462,1257724,9673277,10931001,7.6910967748090995
4274783,1257724,9673894,10931618,7.691587343487124
4274790,1257724,9673910,10931634,7.691600064879099
4274800,1257724,9673936,10931660,7.691620737141058
4274811,1257727,9673980,10931707,7.69163737440637
4275061,1257860,9674558,10932418,7.691283608668691
4275739,1257860,9676061,10933921,7.692478495222044
4275785,1257860,9676111,10933971,7.692518245273718
4275793,1257860,9676131,10933991,7.692534145294389
4275868,1257878,9676250,10934128,7.692518670332099
4275881,1257885,9676261,10934146,7.692484607098423
4275899,1257885,9676315,10934200,7.6925275363010135
4275989,1257951,9676464,10934415,7.692242384639783
4276004,1257963,9676515,10934478,7.692209548293551
4276142,1258052,9676791,10934843,7.691884755161154
4276155,1258052,9676817,10934869,7.69190542203343
4276235,1258091,9676974,10935065,7.691791770229657
4276245,1258091,9677000,10935091,7.691812436461274
4276349,1258164,9677154,10935318,7.691488549982355
4276350,1258164,9677158,10935322,7.69149172921813
4276407,1258208,9677298,10935506,7.691334024263079
4276437,1258213,9677424,10935637,7.691403601774899
4276501,1258221,9677573,10935794,7.6914731195871
4276623,1258221,9677849,10936070,7.691692476917807
4276638,1258227,9677878,10936105,7.691678846503851
4276645,1258230,9677888,10936118,7.691668454892985
4276671,1258230,9677962,10936192,7.691727267669663
4276681,1258234,9677971,10936205,7.691709968098144
4276728,1258267,9678038,10936305,7.691561488936768
4276738,1258271,9678049,10936320,7.691545779883666
4276791,1258289,9678093,10936382,7.691470719365742
4276872,1258289,9678148,10936437,7.691514429515
4276895,1258289,9678231,10936520,7.691580392103881
4276899,1258289,9678238,10936527,7.691585955213786
4277212,1258289,9678700,10936989,7.691953120467556
4277255,1258289,9678749,10937038,7.691992062236895
4277262,1258289,9678769,10937058,7.692007956836625
4277370,1258312,9678866,10937178,7.691944446210479
4277401,1258312,9678897,10937209,7.6919690823897415
4277421,1258318,9678958,10937276,7.6919808824160505
4277453,1258342,9679026,10937368,7.691888214809646
4279231,1258345,9681529,10939874,7.693858997333799
4279261,1258350,9681604,10939954,7.69388802797314
4279271,1258350,9681636,10939986,7.6939134580998925
4279680,1258351,9682898,10941249,7.694910243644261
4279692,1258361,9682923,10941284,7.694868960497027
4279737,1258372,9683004,10941376,7.69486606504277
4279760,1258381,9683069,10941450,7.694862684671812
4279781,1258382,9683111,10941493,7.6948899459782485
4279815,1258382,9683194,10941576,7.694955903692201
4280213,1258603,9683856,10942459,7.694130714768676
4280234,1258606,9683866,10942472,7.694120320417986
4280246,1258609,9683899,10942508,7.694128200259175
4280331,1258657,9684070,10942727,7.693970636956693
4280339,1258663,9684085,10942748,7.693945877490639
4280357,1258663,9684095,10942758,7.693953822429037
4280635,1258669,9685596,10944265,7.695109675379309
4280655,1258681,9685649,10944330,7.695078419392999
4280715,1258681,9685804,10944485,7.695201564177103
4280735,1258681,9685828,10944509,7.695220631756577
4280770,1258693,9685905,10944598,7.695208442408117
4280895,1258693,9686185,10944878,7.695430895381161
4280980,1258698,9686284,10944982,7.695478979072025
4281197,1258778,9686882,10945660,7.695464966817024
4282777,1258832,9690433,10949265,7.697955724036249
4282790,1258835,9690441,10949276,7.697943733690277
4282846,1258863,9690483,10949346,7.697805877208243
4282953,1258897,9690592,10949489,7.697684560373088
4282974,1258908,9690618,10949526,7.6976379528925065
4282979,1258908,9690618,10949526,7.6976379528925065
4283292,1258908,9691213,10950121,7.698110584728988
4283307,1258914,9691228,10950142,7.698085810468388
4283369,1258916,9691376,10950292,7.698191142220768
4283378,1258924,9691406,10950330,7.698166052915029
4283389,1258924,9691428,10950352,7.69818352815579
4283543,1258924,9691796,10950720,7.698475841273977
4283564,1258936,9691826,10950762,7.698426290137068
4283654,1258967,9692051,10951018,7.698415446949761
4283767,1259006,9692261,10951267,7.698343772785833
4283814,1259011,9692368,10951379,7.698398187148484
4283816,1259011,9692379,10951390,7.698406924165079
4283989,1259011,9692568,10951579,7.698557041995661
4284019,1259020,9692680,10951700,7.698590967577958
4284022,1259021,9692685,10951706,7.6985888241737035
4284239,1259087,9693238,10952325,7.698624479483944
4284272,1259087,9693380,10952467,7.698737259617484
4284305,1259087,9693453,10952540,7.6987952381368405
4284330,1259087,9693483,10952570,7.698819064925616
4284356,1259087,9693551,10952638,7.69887307231351
4284357,1259087,9693556,10952643,7.6988770434449725
4284365,1259090,9693566,10952656,7.698866641780969
4284389,1259090,9693598,10952688,7.698892056961774
4284451,1259090,9693791,10952881,7.699045342271005
4284590,1259114,9694326,10953440,7.699323492551112
4285016,1259114,9695139,10954253,7.699969184680657
4285031,1259114,9695177,10954291,7.699999364632591
4285225,1259171,9695793,10954964,7.7001400127544235
4285450,1259171,9696372,10955543,7.700599839100487
4285463,1259171,9696379,10955550,7.700605398313653
4285473,1259182,9696400,10955582,7.700554804627131
4285528,1259204,9696489,10955693,7.700490945073237
4285537,1259204,9696489,10955693,7.700490945073237
4285544,1259210,9696499,10955709,7.700462194550552
4285873,1259346,9697257,10956603,7.700232501631799
4285894,1259346,9697300,10956646,7.7002666463386555
4285920,1259360,9697387,10956747,7.70025012704866
4285947,1259360,9697458,10956818,7.7003065048913735
4285948,1259360,9697467,10956827,7.700313651378478
4285955,1259360,9697487,10956847,7.700329532460932
4285971,1259360,9697513,10956873,7.700350177868123
4286062,1259392,9697680,10957072,7.700287122675069
4286705,1259579,9698194,10957773,7.69955199316597
4286818,1259579,9698527,10958106,7.69981636721476
4286826,1259579,9698549,10958128,7.6998338333681335
4286835,1259579,9698572,10958151,7.69985209343757
4286850,1259579,9698601,10958180,7.69987511700338
4286936,1259612,9698651,10958263,7.699713086251957
4286957,1259620,9698710,10958330,7.6997110239596065
4287078,1259656,9699071,10958727,7.699777558317509
4287084,1259656,9699085,10958741,7.699788672462958
4287108,1259671,9699154,10958825,7.699751760578755
4287116,1259673,9699164,10958837,7.699747474146068
4287573,1259814,9699566,10959380,7.699204803248733
4287583,1259819,9699597,10959416,7.69919885316859
4287615,1259822,9699709,10959531,7.699269420600688
4287645,1259822,9699803,10959625,7.699344034315959
4287655,1259822,9699830,10959652,7.699365465915026
4289574,1259822,9699830,10959652,7.699365465915026
4289609,1259829,9699885,10959714,7.699366342575064
4289732,1259829,9700222,10960051,7.699633839195637
4289738,1259829,9700236,10960065,7.699644951814889
4289948,1260038,9700702,10960740,7.6987376571182775
4289958,1260041,9700740,10960781,7.698749485135801
4289983,1260044,9700804,10960848,7.698781947297078
4290010,1260044,9700975,10961019,7.698917656843729
4290027,1260044,9701019,10961063,7.6989525762592415
4290093,1260044,9701116,10961160,7.699029557697985
4290126,1260070,9701241,10961311,7.698969898497703
4290155,1260070,9701280,10961350,7.699000849159174
4290240,1260119,9701433,10961552,7.698822888949377
4290374,1260119,9701702,10961821,7.6990363608516335
4290400,1260142,9701742,10961884,7.698927581177359
4290609,1260233,9702378,10962611,7.698876318902933
4290622,1260238,9702419,10962657,7.698878307113418
4290628,1260238,9702433,10962671,7.6988894161261605
4290743,1260293,9702672,10962965,7.698743070063866
4290745,1260293,9702683,10962976,7.69875179819296
4290769,1260306,9702716,10963022,7.698698570029818
4290822,1260306,9702798,10963104,7.698763633593746
4290875,1260306,9702947,10963253,7.698881858850152
4290902,1260324,9702985,10963309,7.698802054074984
4290952,1260358,9703116,10963474,7.698698306354227
4290967,1260358,9703158,10963516,7.69873163021935
4291347,1260358,9703874,10964232,7.699299722777179
4291807,1260718,9705612,10966330,7.698479755187123
4291817,1260719,9705643,10966362,7.698498237910272
4291868,1260749,9705795,10966544,7.698435612481152
4291888,1260752,9705803,10966555,7.698423639224844
4291908,1260752,9705833,10966585,7.698447434547001
4291916,1260752,9705856,10966608,7.698465677627321
4291964,1260752,9706025,10966777,7.698599724608805
4292202,1260754,9707023,10967777,7.69937910171215
4292222,1260754,9707104,10967858,7.699443348980055
4292248,1260754,9707130,10967884,7.699463971559876
4292320,1260754,9707267,10968021,7.699572636692011
4292327,1260756,9707275,10968031,7.699566767875782
4292336,1260756,9707308,10968064,7.699592942647111
4292342,1260756,9707326,10968082,7.699607219795107
4292674,1260756,9707948,10968704,7.700100574575889
4292759,1260793,9708291,10969084,7.700146653733007
4301165,1260793,9733467,10994260,7.720115038709764
4301288,1260879,9733720,10994599,7.719789131233052
4301302,1260879,9733768,10994647,7.719827199913711
4301322,1260890,9733806,10994696,7.719789989610513
4301329,1260890,9733825,10994715,7.719805058331813
4301343,1260890,9733851,10994741,7.719825678687276
4301461,1260900,9734010,10994910,7.7198905543659295
4301494,1260917,9734052,10994969,7.719819781952341
4301537,1260925,9734121,10995046,7.719825524912267
4301628,1260930,9734332,10995262,7.7199622500852545
4301631,1260931,9734335,10995266,7.719958506849304
4301636,1260934,9734337,10995271,7.7199417257366365
4301671,1260934,9734441,10995375,7.720024204280319
4301679,1260934,9734454,10995388,7.72003451409828
4301709,1260934,9734595,10995529,7.7201463359700035
4301732,1260934,9734665,10995599,7.720201850374405
4301788,1260942,9734746,10995688,7.720217107527547
4301923,1260981,9734929,10995910,7.720123459433568
4301966,1260986,9735019,10996005,7.720164220697137
4301977,1260991,9735047,10996038,7.720155813959021
4301995,1260991,9735124,10996115,7.720216877043532
4301999,1260991,9735130,10996121,7.720221635205961
4302006,1260991,9735154,10996145,7.720240667855679
4302132,1261021,9735595,10996616,7.720406718048312
4302204,1261022,9735929,10996951,7.720665460237807
4302392,1261025,9736471,10997496,7.72107690172677
4302407,1261025,9736520,10997545,7.721115759005571
4302419,1261026,9736524,10997550,7.721112808141942
4302429,1261029,9736536,10997565,7.721103955579134
4302431,1261030,9736537,10997567,7.721098625726588
4302541,1261044,9736621,10997665,7.721079518240442
4302558,1261045,9736650,10997695,7.7210963922778335
4302639,1261077,9736731,10997808,7.72096469922138
4302643,1261080,9736739,10997819,7.720952675484505
4302791,1261150,9736979,10998129,7.720714427308409
4303491,1261373,9737926,10999299,7.720100239976597
4303607,1261426,9738161,10999587,7.719962169798308
4303768,1261478,9738546,11000024,7.719949139025809
4303795,1261487,9738631,11000118,7.719961442329568
4303821,1261500,9738669,11000169,7.719912009512485
4304201,1261550,9739057,11000607,7.719913598351234
4304291,1261577,9739234,11000811,7.719888679010476
4304345,1261577,9739427,11001004,7.720041662141907
4304366,1261582,9739464,11001046,7.720040393727875
4304379,1261586,9739500,11001086,7.720044451983456
4304568,1261590,9739919,11001509,7.720352095371713
4304573,1261590,9739931,11001521,7.720361607178243
4304610,1261607,9739995,11001602,7.720308305201224
4304636,1261615,9740023,11001638,7.720281543894136
4304865,1261693,9740518,11002211,7.720196592990529
4305096,1261698,9741330,11003028,7.720809575667078
4305128,1261698,9741422,11003120,7.720882493274936
4305431,1261860,9741919,11003779,7.720285134642512
4305451,1261860,9741986,11003846,7.720338230865548
4305460,1261862,9742002,11003864,7.720338674118089
4305489,1261882,9742176,11004058,7.720354201105967
4305511,1261889,9742239,11004128,7.720361299607176
4305531,1261898,9742275,11004173,7.720334765567423
4305595,1261932,9742395,11004327,7.720221850305721
4305635,1261932,9742518,11004450,7.720319319899963
4305774,1262047,9742682,11004729,7.719745778089089
4305813,1262060,9742715,11004775,7.719692407650983
4305824,1262063,9742737,11004800,7.719691489252122
4305877,1262063,9742815,11004878,7.719753292822942
4305932,1262075,9742856,11004931,7.71971237842442
4307101,1262135,9746725,11008860,7.722410835607918
4307165,1262182,9746880,11009062,7.722246078616237
4307232,1262204,9746959,11009163,7.722174070118618
4307252,1262204,9747003,11009207,7.722208929776803
4307281,1262208,9747059,11009267,7.722228824409289
4307311,1262214,9747102,11009316,7.722226183515632
4307392,1262217,9747239,11009456,7.722316368738498
4307456,1262220,9747405,11009625,7.722429528925227
4307552,1262220,9747543,11009763,7.722538860103627
4308454,1262230,9748794,11011024,7.723468781442368
4308479,1262230,9748878,11011108,7.72353533032807
4308496,1262239,9748925,11011164,7.723517495498079
4308647,1262239,9749174,11011413,7.723714764002697
4308675,1262257,9749260,11011517,7.723672754439073
4308741,1262261,9749443,11011704,7.723793256703646
4308784,1262267,9749512,11011779,7.723811206345409
4308915,1262267,9750047,11012314,7.724235046943317
4308996,1262308,9750177,11012485,7.724087148302949
4309006,1262308,9750218,11012526,7.724119628490036
4309067,1262346,9750346,11012692,7.72398851028165
4309136,1262370,9750480,11012850,7.7239478124480145
4309157,1262375,9750499,11012874,7.723932270521834
4309486,1262511,9751398,11013909,7.723812307377916
4309636,1262554,9751740,11014294,7.723820129673661
4309806,1262621,9752010,11014631,7.723624112065299
4309961,1262677,9752340,11015017,7.723542917151417
4310070,1262677,9752538,11015215,7.723699726850176
4310173,1262678,9752774,11015452,7.7238805142720475
4310330,1262791,9753128,11015919,7.723469679463981
4310366,1262791,9753169,11015960,7.723502147227847
4310379,1262791,9753214,11016005,7.723537782578432
4310431,1262816,9753285,11016101,7.723441103058561
4310439,1262821,9753296,11016117,7.723419233604763
4310880,1262888,9754638,11017526,7.724072126744415
4310892,1262888,9754659,11017547,7.724088755297382
4311601,1263189,9755732,11018921,7.723097652053651
4311612,1263191,9755782,11018973,7.723125006432123
4311638,1263191,9755821,11019012,7.723155880622962
4311727,1263236,9755982,11019218,7.723008210658974
4311756,1263252,9756015,11019267,7.722936516229541
4311995,1263273,9756561,11019834,7.723240344723587
4311996,1263273,9756566,11019839,7.7232443026962505
4312030,1263285,9756654,11019939,7.723240598914734
4312066,1263295,9756732,11020027,7.723241206527375
4312094,1263316,9756763,11020079,7.723137362306818
4312226,1263357,9756980,11020337,7.72305848623944
4312409,1263479,9757344,11020823,7.722600850508794
4312537,1263479,9757761,11021240,7.722930891609596
4312574,1263504,9757854,11021358,7.722851688637314
4312848,1263513,9759537,11023050,7.724128679325025
4312854,1263513,9759555,11023068,7.72414292532012
4313059,1263538,9759720,11023258,7.7241206833510345
4313089,1263549,9759772,11023321,7.724094593878037
4313104,1263558,9759809,11023367,7.72406885952208
4313122,1263571,9759830,11023401,7.7240060115339775
4313325,1263595,9760202,11023797,7.724153704311904
4313362,1263610,9760256,11023866,7.724104747509121
4313380,1263617,9760295,11023912,7.724092822429581
4313401,1263626,9760316,11023942,7.7240544274967435
4313409,1263626,9760341,11023967,7.724074211831665
4313431,1263626,9760356,11023982,7.724086082432619
4313437,1263626,9760370,11023996,7.724097161660175
4313597,1263740,9760740,11024480,7.723693164733252
4313628,1263740,9760813,11024553,7.72375092977986
4313674,1263753,9760870,11024623,7.723716580692588
4313687,1263759,9760883,11024642,7.723690197260712
4313780,1263767,9761143,11024910,7.723847038259426
4313933,1263767,9761434,11025201,7.724077302224224
4314021,1263820,9761610,11025430,7.723892642939659
4314028,1263820,9761627,11025447,7.723906094222278
4314034,1263820,9761645,11025465,7.723920336756817
4314254,1263820,9761645,11025465,7.723920336756817
4314345,1263847,9761793,11025640,7.723872430761002
4314375,1263847,9761813,11025660,7.7238882554613015
4314390,1263847,9761839,11025686,7.723908827571692
4314556,1263850,9762484,11026334,7.724400838707125
4314631,1263850,9762666,11026516,7.72454484313803
4314656,1263850,9762756,11026606,7.724616054120347
4314680,1263857,9762797,11026654,7.724605710930905
4314725,1263880,9762892,11026772,7.724540304459284
4314767,1263896,9762948,11026844,7.724486824865337
4314788,1263912,9762985,11026897,7.724418313933248
4314791,1263912,9762989,11026901,7.724421478710543
4314816,1263912,9763077,11026989,7.724491103811025
4314823,1263912,9763100,11027012,7.724509301280469
4314956,1263912,9763547,11027459,7.724862965143143
4314965,1263912,9763565,11027477,7.7248772066409686
4314977,1263912,9763592,11027504,7.724898568887707
4315107,1263912,9763971,11027883,7.725198431536373
4315192,1263912,9764175,11028087,7.7253598351783985
4315227,1263912,9764227,11028139,7.725400977283228
4315247,1263915,9764262,11028177,7.725410332182149
4315258,1263915,9764287,11028202,7.72543011199329
4315323,1263950,9764410,11028360,7.7253135013252106
4315353,1263963,9764438,11028401,7.725256198164028
4315594,1264149,9765414,11029563,7.7248916069229185
4315603,1264149,9765437,11029586,7.724909800980739
4316020,1264186,9766302,11030488,7.725367944274023
4316023,1264186,9766311,11030497,7.725375063479583
4316169,1264190,9766506,11030696,7.725504868730175
4316277,1264190,9766699,11030889,7.725657535655242
4316329,1264200,9766834,11031034,7.725703211517165
4316348,1264206,9766868,11031074,7.725693439202155
4316571,1264228,9767434,11031662,7.726006701322863
4316671,1264294,9767896,11032190,7.725968801560397
4316932,1264502,9768385,11032887,7.725084657833677
4316949,1264502,9768427,11032929,7.725117872490514
4317076,1264549,9768864,11033413,7.725176327686788
4317135,1264587,9769057,11033644,7.725096810262955
4317157,1264587,9769117,11033704,7.725144256583374
4317158,1264587,9769117,11033704,7.725144256583374
4317166,1264587,9769139,11033726,7.725161653567528
4317174,1264592,9769143,11033735,7.725134272555891
4317321,1264622,9769566,11034188,7.725285500331324
4317358,1264635,9769660,11034295,7.725280416879179
4317390,1264651,9769713,11034364,7.725224587653036
4317499,1264651,9769904,11034555,7.725375617462841
4317594,1264671,9770077,11034748,7.725390239833127
4317665,1264671,9770204,11034875,7.725490661207539
4317789,1264706,9770290,11034996,7.725344862758617
4317799,1264707,9770309,11035016,7.725353777594336
4317847,1264707,9770426,11035133,7.725446289140488
4317937,1264775,9770597,11035372,7.725166136269297
4317973,1264775,9770633,11035408,7.725194599830009
4317996,1264776,9770735,11035511,7.725269138566829
4318219,1264776,9771213,11035989,7.7256470711019185
4318226,1264776,9771237,11036013,7.725666046794057
4318233,1264776,9771257,11036033,7.725681859870839
4318252,1264786,9771294,11036080,7.725650030914321
4318283,1264786,9771371,11036157,7.725710910778583
4318289,1264786,9771385,11036171,7.725721979844812
4318296,1264786,9771401,11036187,7.725734630206217
4318505,1264842,9771573,11036415,7.725528564041991
4318728,1264842,9772051,11036893,7.725906476856398
4318910,1264959,9772499,11037458,7.725546045365897
4318920,1264963,9772520,11037483,7.725538217323352
4318933,1264963,9772546,11037509,7.725558771284219
4318934,1264963,9772548,11037511,7.725560352358133
4318944,1264963,9772582,11037545,7.72558723061465
4319017,1264963,9772704,11037667,7.725683676123333
4319057,1264963,9772847,11037810,7.725796722908101
4319062,1264966,9772854,11037820,7.725783934113644
4319224,1265003,9773355,11038358,7.725954009595235
4319248,1265012,9773401,11038413,7.725935406146345
4319373,1265062,9773708,11038770,7.725872724024593
4319494,1265068,9773923,11038991,7.726006032877284
4319525,1265077,9773986,11039063,7.726000867931359
4319534,1265079,9774006,11039085,7.726004462962392
4319569,1265079,9774100,11039179,7.7260787666224795
4319584,1265085,9774111,11039196,7.726050818719691
4319594,1265085,9774145,11039230,7.726077694384172
4319655,1265091,9774333,11039424,7.726189657502899
4319665,1265094,9774348,11039442,7.726183192711372
4319699,1265094,9774380,11039474,7.726208487274463
4319707,1265094,9774409,11039503,7.726231410472265
4319784,1265126,9774609,11039735,7.726194070788206
4319791,1265126,9774632,11039758,7.726212250795573
4319814,1265126,9774693,11039819,7.72626046733685
4319830,1265129,9774697,11039826,7.726245307790747
4319864,1265129,9774770,11039899,7.726303009416431
4319870,1265129,9774784,11039913,7.726314075481631
4319872,1265131,9774787,11039918,7.726304232526118
4319906,1265146,9774868,11040014,7.726276651074263
4319952,1265146,9775024,11040170,7.72639995700101
4319962,1265146,9775040,11040186,7.726412603762728
4319981,1265159,9775100,11040259,7.7263806367421015
4319995,1265171,9775114,11040285,7.7263184186169305
4320039,1265207,9775189,11040396,7.726157854011241
4320051,1265207,9775228,11040435,7.726188679006676
4320108,1265229,9775357,11040586,7.726156292655322
4320126,1265247,9775389,11040636,7.726071668219723
4320163,1265254,9775434,11040688,7.726064489817855
4320176,1265254,9775479,11040733,7.726100055799073
4320533,1265406,9776174,11041580,7.72572123097251
4320541,1265406,9776174,11041580,7.72572123097251
4320568,1265425,9776204,11041629,7.725628938894047
4320581,1265434,9776243,11041677,7.725604812262038
4320625,1265434,9776420,11041854,7.72574468522262
4320652,1265434,9776566,11042000,7.725860060659031
4320764,1265506,9776924,11042430,7.725703394531515
4320765,1265506,9776924,11042430,7.725703394531515
4320884,1265506,9777074,11042580,7.725821924194749
4320891,1265513,9777088,11042601,7.7257902526485305
4320929,1265513,9777297,11042810,7.725955403065792
4320935,1265513,9777311,11042824,7.725966465773169
4320941,1265513,9777325,11042838,7.725977528480545
4320952,1265515,9777348,11042863,7.725983492886296
4321033,1265556,9777512,11043068,7.725862782840111
4321087,1265556,9777670,11043226,7.72598762915272
4321095,1265556,9777699,11043255,7.72601054398225
4321277,1265615,9778107,11043722,7.7259727484266545
4321284,1265615,9778127,11043742,7.72598855102065
4321295,1265624,9778160,11043784,7.7259596847088865
4321372,1265628,9778368,11043996,7.726099612208326
4321378,1265633,9778375,11044008,7.726074620367831
4321416,1265658,9778435,11044093,7.725969416698666
4321562,1265709,9778750,11044459,7.725906981778592
4322784,1265739,9781030,11046769,7.727525184891988
4322888,1265749,9781340,11047089,7.727709048160417
4322997,1265799,9781584,11047383,7.727596561539391
4323009,1265808,9781604,11047412,7.72755741787064
4323037,1265815,9781632,11047447,7.727536804351347
4323055,1265820,9781673,11047493,7.7275386705850755
4323087,1265838,9781738,11047576,7.7274801356887695
4323217,1265838,9782124,11047962,7.727785072023434
4323251,1265838,9782215,11048053,7.727856961159327
4323389,1265888,9782330,11048218,7.727642571854698
4323457,1265888,9782408,11048296,7.7277041886802
4323494,1265888,9782455,11048343,7.72774131676736
4323624,1265888,9782841,11048729,7.728046241057661
4323699,1265945,9782982,11048927,7.727809659977329
4323884,1266007,9783325,11049332,7.7277021375079284
4323993,1266081,9783556,11049637,7.727432920958454
4324006,1266093,9783573,11049666,7.727373107662707
4324040,1266104,9783655,11049759,7.727370737316997
4324068,1266104,9783721,11049825,7.727422865736148
4324132,1266141,9783968,11050109,7.727392130892215
4324343,1266194,9784310,11050504,7.727338780629193
4324360,1266197,9784336,11050533,7.727341006178343
4324379,1266203,9784375,11050578,7.727335190328881
4324391,1266203,9784421,11050624,7.727371519416713
4324484,1266203,9784668,11050871,7.727566590823114
4324568,1266231,9784834,11051065,7.727526809879082
4324569,1266231,9784839,11051070,7.727530758605657
4324752,1266301,9785262,11051563,7.727437631337257
4324822,1266324,9785315,11051639,7.727339132796978
4324856,1266327,9785365,11051692,7.727360310567492
4324869,1266327,9785369,11051696,7.72736346930927
4324980,1266327,9785633,11051960,7.727571946266644
4324988,1266327,9785651,11051978,7.7275861606046465
4325292,1266458,9786060,11052518,7.727109781769313
4325365,1266458,9786376,11052834,7.727359296557801
4325468,1266531,9786669,11053200,7.727145249504355
4325490,1266531,9786748,11053279,7.727207624606109
4325497,1266531,9786772,11053303,7.727226574004111
4325513,1266533,9786797,11053330,7.727234110757477
4325621,1266589,9787124,11053713,7.727150638447042
4325628,1266589,9787147,11053736,7.727168797455213
4325640,1266595,9787162,11053757,7.727144035780972
4325746,1266641,9787319,11053960,7.726987362638664
4325751,1266641,9787331,11053972,7.726996836514846
4325757,1266641,9787345,11053986,7.72700788937039
4325940,1266743,9787681,11054424,7.726650946561378
4326029,1266790,9787868,11054658,7.7265118922631215
4326206,1266836,9788088,11054924,7.7264049963846935
4326301,1266836,9788369,11055205,7.726626808837135
4326347,1266851,9788464,11055315,7.726610311709901
4326403,1266851,9788656,11055507,7.726761868601754
4326554,1266882,9788883,11055765,7.726751978479448
4326583,1266888,9788932,11055820,7.726754061921811
4326639,1266901,9788961,11055862,7.726697666194912
4326889,1266924,9789605,11056529,7.727065711913264
4326940,1266924,9789699,11056623,7.727139907366188
4326978,1266960,9789827,11056787,7.727021373997601
4326990,1266960,9789864,11056824,7.72705057776094
4327010,1266960,9789913,11056873,7.727089253015091
4327020,1266960,9789925,11056885,7.727098724505904
4327114,1266986,9790156,11057142,7.727122478070003
4327137,1266986,9790215,11057201,7.727169045277533
4327293,1266990,9790480,11057470,7.727353807054515
4327303,1266990,9790500,11057490,7.727369592498757
4327408,1267051,9790711,11057762,7.727164099945464
4327419,1267056,9790729,11057785,7.727147813514162
4327517,1267056,9790811,11057867,7.72721253046432
4327570,1267093,9790999,11058092,7.727135261579063
4327579,1267093,9791017,11058110,7.727149467324025
4327702,1267201,9791417,11058618,7.726806560285227
4327729,1267214,9791451,11058665,7.726754123612902
4327742,1267218,9791493,11058711,7.7267628774212485
4327812,1267218,9791750,11058968,7.726965683883909
4327839,1267223,9791767,11058990,7.726948611254689
4327914,1267259,9791949,11059208,7.7268727229398255
4327920,1267259,9791967,11059226,7.726886926823957
4327980,1267262,9792013,11059275,7.726904933628563
4327983,1267263,9792019,11059282,7.72690357092411
4328146,1267276,9792373,11059649,7.727103645930326
4328552,1267407,9793022,11060429,7.726817036674091
4328594,1267431,9793098,11060529,7.726730685930832
4328841,1267431,9793919,11061350,7.727378452949313
4328931,1267511,9794126,11061637,7.727054045290337
4329012,1267511,9794413,11061924,7.727280473305557
4329039,1267523,9794476,11061999,7.727257020188194
4329156,1267523,9794814,11062337,7.7275236820160265
4329199,1267529,9794876,11062405,7.727536016927424
4329254,1267591,9794999,11062590,7.727255084644811
4329341,1267607,9795153,11062760,7.727279038377036
4329461,1267607,9795645,11063252,7.727667171292048
4329487,1267616,9795687,11063303,7.727645438366193
4329494,1267620,9795696,11063316,7.7276281535475935
4329498,1267621,9795703,11063324,7.727627579536786
4329503,1267622,9795708,11063330,7.727625427769477
4329510,1267622,9795727,11063349,7.727640416464845
4329589,1267651,9795972,11063623,7.727656902412415
4329626,1267651,9796135,11063786,7.727785486699415
4329668,1267658,9796216,11063874,7.727806711273861
4329675,1267661,9796226,11063887,7.72779631147444
4329718,1267692,9796300,11063992,7.727665710598473
4329758,1267692,9796412,11064104,7.7277540601344805
4329774,1267700,9796429,11064129,7.727718703163209
4329783,1267700,9796454,11064154,7.727738423917331
4329785,1267702,9796454,11064156,7.727726232190215
4329829,1267702,9796493,11064195,7.727756996518109
4329840,1267702,9796507,11064209,7.727768040122994
4329855,1267712,9796521,11064233,7.727718125252423
4329972,1267712,9796928,11064640,7.728039176090468
4330003,1267712,9796988,11064700,7.728086505452342
4330595,1267718,9797051,11064769,7.7280996246799365
4330648,1267718,9797201,11064919,7.728217947524607
4330814,1267718,9797616,11065334,7.728545307394862
4330819,1267718,9797628,11065346,7.728554773222436
4330892,1267718,9797750,11065468,7.728651009136101
4330941,1267748,9797834,11065582,7.728534377494581
4331500,1267763,9799618,11067381,7.729850137604584
4331503,1267764,9799621,11067385,7.729846406744473
4331565,1267764,9799782,11067546,7.729973401989644
4331598,1267779,9799852,11067631,7.729937157816938
4331605,1267782,9799860,11067642,7.729925176410456
4331660,1267782,9800078,11067860,7.7300971302637205
4331693,1267782,9800268,11068050,7.73024699830097
4331858,1267814,9800419,11068233,7.730170987226833
4332014,1267814,9800681,11068495,7.730377642146245
4332122,1267814,9801238,11069052,7.730816981039806
4332145,1267826,9801261,11069087,7.730761949983673
4332183,1267852,9801325,11069177,7.730653893356638
4332196,1267860,9801357,11069217,7.730630353509063
4332211,1267860,9801402,11069262,7.730665846386825
4332261,1267860,9801509,11069369,7.7307502405628385
4332328,1267883,9801679,11069562,7.730744082853071
4332341,1267893,9801695,11069588,7.730695729056001
4332344,1267893,9801701,11069594,7.73070046131653
4332387,1267904,9801742,11069646,7.730665728635606
4332458,1267904,9801986,11069890,7.73085817222755
4332492,1267904,9802098,11070002,7.7309465069910654
4332511,1267904,9802146,11070050,7.730984364746858
4332538,1267916,9802203,11070119,7.7309561516693535
4332595,1267951,9802346,11070297,7.730855529906124
4332637,1267964,9802413,11070377,7.730829108712865
4332646,1267964,9802442,11070406,7.73085198002467
4332795,1268030,9802608,11070638,7.730580506770345
4332798,1268030,9802610,11070640,7.730582084020094
4332801,1268031,9802613,11070644,7.730578353368332
4333596,1268031,9805687,11073718,7.733002584321676
4333695,1268042,9805856,11073898,7.7330687784789465
4333751,1268059,9805934,11073993,7.733026617846646
4333822,1268068,9806181,11074249,7.733166517883899
4333872,1268086,9806282,11074368,7.733136396111935
4333880,1268086,9806303,11074389,7.73315295650295
4333895,1268086,9806331,11074417,7.733175037024303
4334183,1268086,9806898,11074984,7.733622167581694
4334226,1268086,9807136,11075222,7.7338098520131915
4334282,1268092,9807170,11075262,7.733800071288203
4334305,1268111,9807202,11075313,7.733709430799039
4334382,1268137,9807363,11075500,7.733677828184179
4334899,1268619,9808595,11077214,7.731710623914666
4335064,1268619,9808956,11077575,7.731995185315686
4335141,1268642,9809146,11077788,7.732004773608315
4335722,1268660,9810368,11079028,7.7328582914255986
4335786,1268686,9810507,11079193,7.732809379152918
4335808,1268697,9810552,11079249,7.732777802737769
4335850,1268718,9810652,11079370,7.73272862842649
4335870,1268718,9810737,11079455,7.732795625190152
4335901,1268725,9810827,11079552,7.732823898007842
4335910,1268725,9810839,11079564,7.732833356322292
4335980,1268725,9810967,11079692,7.732934245009754
4336010,1268742,9811012,11079754,7.73286609886013
4336017,1268742,9811032,11079774,7.732881862506325
4336069,1268788,9811193,11079981,7.732728399070609
4336470,1268934,9811704,11080638,7.732241393169384
4336599,1268990,9811955,11080945,7.73209796767508
4336860,1269036,9812203,11081239,7.7320131186191725
4336936,1269069,9812304,11081373,7.731891646553497
4336969,1269069,9812405,11081474,7.731971232454658
4336978,1269070,9812422,11081492,7.731978535462977
4336983,1269074,9812433,11081507,7.731962832742614
4336993,1269080,9812489,11081569,7.731970403757052
4337013,1269083,9812548,11081631,7.731998616323755
4337426,1269174,9813815,11082989,7.7324425177320055
4338138,1269261,9814095,11083356,7.732133107375079
4338464,1269261,9814095,11083356,7.732133107375079
4338529,1269261,9814313,11083574,7.732304860859981
4338592,1269261,9814361,11083622,7.73234267814106
4338599,1269262,9814369,11083631,7.7323428890173975
4338605,1269262,9814383,11083645,7.7323539190490225
4338633,1269297,9814492,11083789,7.7322265789645765
4338853,1269339,9814981,11084320,7.732355974251165
4338855,1269339,9814985,11084324,7.732359125497601
4338915,1269339,9815179,11084518,7.732511960949754
4338988,1269362,9815264,11084626,7.732438815720023
4339082,1269391,9815352,11084743,7.732331488091534
4339173,1269391,9815400,11084791,7.732369301499696
4339371,1269434,9815867,11085301,7.7324752606279645
4339391,1269434,9815891,11085325,7.7324941666916125
4339403,1269434,9815920,11085354,7.732517011518519
4339697,1269586,9816428,11086014,7.731991373565871
4339913,1269635,9816878,11086513,7.732047399449448
4339995,1269672,9817151,11086823,7.732037093044503
4340005,1269672,9817151,11086823,7.732037093044503
4340040,1269680,9817209,11086889,7.73203405582509
4340061,1269680,9817239,11086919,7.732057683825846
4340298,1269680,9817601,11087281,7.7323427950349695
4340373,1269706,9817799,11087505,7.7323404000611164
4340458,1269724,9817925,11087649,7.732330018177179
4340493,1269736,9817970,11087706,7.732292382038471
4340526,1269757,9818016,11087773,7.732200728170823
4340546,1269760,9818034,11087794,7.732196635584677
4340752,1269844,9818462,11088306,7.732022201152268
4340785,1269857,9818517,11088374,7.731986357518997
4340801,1269869,9818561,11088430,7.731947941086837
4341102,1269869,9818563,11088432,7.731949516052444
4342515,1269905,9821264,11091169,7.733857257038912
4342568,1269921,9821355,11091276,7.7338314745562915
4342584,1269921,9821420,11091341,7.733882658842558
4342618,1269941,9821470,11091411,7.733800231664306
4342648,1269941,9821561,11091502,7.733871888536554
4342669,1269941,9821615,11091556,7.733914410197009
4342685,1269941,9821660,11091601,7.733949844914055
4342839,1269978,9822059,11092037,7.73403869988299
4343812,1270373,9823747,11094120,7.732962681039348
4343839,1270391,9823821,11094212,7.732911363509345
4343887,1270394,9823842,11094236,7.7329096327596005
4343904,1270400,9823910,11094310,7.732926637279597
4343926,1270414,9823963,11094377,7.732883138882285
4344033,1270453,9824144,11094597,7.73278822593201
4344157,1270458,9824274,11094732,7.732860118162112
4344163,1270458,9824299,11094757,7.732879796105027
4344172,1270460,9824322,11094782,7.732885726429797
4344437,1270531,9824572,11095103,7.732650364296503
4344449,1270535,9824607,11095142,7.73265356719807
4344474,1270535,9824728,11095263,7.732748802669741
4344481,1270535,9824751,11095286,7.73276690528006
4344488,1270535,9824771,11095306,7.732782646680335
4344512,1270545,9824840,11095385,7.7327760921494315
4344772,1270698,9825466,11096164,7.732337660089179
4344883,1270710,9825731,11096441,7.732473184282803
4344892,1270712,9825754,11096466,7.732479114071481
4344932,1270715,9825823,11096538,7.732515158788556
4345210,1270716,9826550,11097266,7.733081192020877
4345242,1270716,9826668,11097384,7.733174053053554
4345254,1270716,9826707,11097423,7.733204744411812
4345304,1270716,9826852,11097568,7.733318853307899
4345318,1270716,9826908,11097624,7.733362922950525
4345353,1270716,9827048,11097764,7.733473097057092
4345362,1270716,9827069,11097785,7.733489623173077
4345458,1270716,9827168,11097884,7.733567532005578
4345556,1270878,9827442,11098320,7.732797325943167
4345623,1270886,9827607,11098493,7.732878480052499
4345664,1270897,9827691,11098588,7.732877644687178
4345668,1270897,9827701,11098598,7.7328855131454395
4345679,1270905,9827741,11098646,7.732868310377251
4345722,1270905,9827869,11098774,7.732969026009025
4345745,1270905,9827959,11098864,7.733039841687616
4345899,1270935,9828010,11098945,7.732897433779068
4345909,1270935,9828026,11098961,7.7329100229358705
4345911,1270937,9828026,11098963,7.732897854102918
4345971,1270964,9828139,11099103,7.732822487497679
4345988,1270975,9828161,11099136,7.732772871220913
4346219,1270975,9828411,11099386,7.732969570605244
4346228,1270978,9828425,11099403,7.7329623329436075
4346402,1270987,9828743,11099730,7.733157774233725
4346410,1270987,9828759,11099746,7.733170362875466
4346497,1270990,9828896,11099886,7.733259899763176
4346516,1270990,9828916,11099906,7.73327563552821
4346687,1271068,9829279,11100347,7.733086664128119
4346720,1271068,9829380,11100448,7.7331661248650745
4346775,1271068,9829488,11100556,7.733251092781818
4346781,1271068,9829505,11100573,7.733264467361305
4347219,1271311,9830447,11101758,7.732527288759399
4347304,1271311,9830677,11101988,7.732708204365415
4347605,1271404,9831378,11102782,7.732693935208635
4347621,1271414,9831416,11102830,7.732663003553524
4347670,1271414,9831568,11102982,7.732782555485468
4347680,1271418,9831606,11103024,7.732788115316914
4347702,1271435,9831671,11103106,7.732735845717634
4347961,1271556,9832168,11103724,7.7323908659941045
4347971,1271556,9832197,11103753,7.732413672697073
4347972,1271556,9832202,11103758,7.732417604887241
4347995,1271556,9832276,11103832,7.732475801301712
4348446,1271852,9833303,11105155,7.731483694643717
4348713,1271852,9833934,11105786,7.7319798215515645
4348717,1271852,9833938,11105790,7.731982966571582
4348729,1271852,9833953,11105805,7.73199476039665
4348766,1271870,9834031,11105901,7.7319466612153755
4348784,1271870,9834072,11105942,7.731978897214338
4348792,1271870,9834092,11105962,7.7319946220918805
4348847,1271880,9834206,11106086,7.7320234613328305
4348849,1271881,9834207,11106088,7.7320181683663805
4349367,1272218,9835325,11107543,7.730848801070257
4349387,1272230,9835375,11107605,7.730815182789276
4349417,1272250,9835458,11107708,7.7307588917272545
4349435,1272263,9835485,11107748,7.7307011207588365
4349479,1272268,9835519,11107787,7.730697463113118
4349507,1272283,9835560,11107843,7.730638545040686
4349536,1272288,9835609,11107897,7.730646677481828
4349623,1272350,9835811,11108161,7.730428734231933
4349809,1272406,9836304,11108710,7.730475964432736
4349826,1272412,9836334,11108746,7.730463088999475
4349974,1272433,9836689,11109122,7.730614499938307
4350024,1272462,9836759,11109221,7.730493327109179
4350055,1272462,9836836,11109298,7.730553839721736
4350073,1272466,9836852,11109318,7.730542112716567
4350192,1272466,9837122,11109588,7.730754299132551
4350265,1272509,9837278,11109787,7.7306156577281575
4350285,1272522,9837330,11109852,7.730577546007063
4350310,1272537,9837386,11109923,7.730530428584788
4350680,1272644,9838314,11110958,7.730609659889176
4350746,1272682,9838432,11111114,7.730471555345326
4350838,1272687,9838606,11111293,7.730577903286511
4351320,1272704,9839146,11111850,7.730898936437695
4351391,1272713,9839317,11112030,7.730978625974592
4351411,1272720,9839339,11112059,7.7309533911622355
4351419,1272720,9839356,11112076,7.7309667483814195
4351472,1272740,9839451,11112191,7.7309199050866635
4351673,1272740,9839998,11112738,7.731349686503135
4351746,1272763,9840109,11112872,7.731297185729001
4352080,1272896,9840789,11113685,7.731023587158731
4352100,1272896,9840866,11113762,7.731084079139222
4352966,1273597,9843415,11117012,7.728830234367701
4352992,1273598,9843475,11117073,7.728871276493838
4353039,1273598,9843651,11117249,7.729009467665621
4353098,1273634,9843748,11117382,7.728867162779888
4353175,1273634,9843904,11117538,7.728989646947239
4353249,1273644,9844069,11117713,7.729058512425764
4353402,1273711,9844449,11118160,7.728950287781137
4353408,1273712,9844467,11118179,7.7289583516524925
4353417,1273712,9844488,11118200,7.728974838896077
4353449,1273722,9844546,11118268,7.728959694501626
4353542,1273773,9844901,11118674,7.728928937887677
4353554,1273782,9844930,11118712,7.728897095421352
4353888,1273786,9845730,11119516,7.729500873773145
4353937,1273786,9845824,11119610,7.729574669528477
4354222,1273786,9846424,11120210,7.730045706264631
4354230,1273786,9846446,11120232,7.730062977611624
4354259,1273786,9846518,11120304,7.730119502019963
4354274,1273786,9846544,11120330,7.730139913611863
4354357,1273786,9846743,11120529,7.730296140796021
4354467,1273791,9846988,11120779,7.730458136381871
4354836,1273918,9847984,11121902,7.730469308071634
4355200,1274188,9848744,11122932,7.729427682571175
4355346,1274188,9848943,11123131,7.72958386046643
4355360,1274195,9849011,11123206,7.729594763752801
4355580,1274207,9850029,11124236,7.730320897624954
4355600,1274207,9850029,11124236,7.730320897624954
4355605,1274207,9850029,11124236,7.730320897624954
4355665,1274237,9850214,11124451,7.730284083730107
4355717,1274266,9850362,11124628,7.730224301676416
4355779,1274301,9850480,11124781,7.7301045828261925
4355780,1274301,9850484,11124785,7.730107721801992
4355829,1274301,9850515,11124816,7.730132048864436
4355922,1274319,9850830,11125149,7.730270050120888
4356065,1274390,9851183,11125573,7.730116369400262
4356082,1274398,9851197,11125595,7.730078829376694
4356121,1274398,9851327,11125725,7.730180838325233
4356145,1274413,9851393,11125806,7.730141641681308
4356160,1274413,9851414,11125827,7.7301581198559655
4356218,1274432,9851554,11125986,7.730152726861849
4356314,1274432,9851774,11126206,7.730325352784613
4357502,1274877,9854302,11129179,7.729609993748417
4357732,1274941,9854804,11129745,7.729615723394259
4357979,1275123,9855298,11130421,7.72889987867837
4358015,1275123,9855332,11130455,7.7289265427727365
4358060,1275163,9855508,11130671,7.728822119211427
4358308,1275227,9856019,11131246,7.728834944680437
4358344,1275227,9856088,11131315,7.728889052694147
4358373,1275255,9856200,11131455,7.728807179740523
4358426,1275273,9856231,11131504,7.728722399047106
4358436,1275273,9856256,11131529,7.728742002692757
4358444,1275273,9856256,11131529,7.728742002692757
4358544,1275295,9856374,11131669,7.728701202466881
4358593,1275299,9856507,11131806,7.728781250514586
4358640,1275317,9856547,11131864,7.728703530181123
4358651,1275325,9856568,11131893,7.7286715151039935
4358862,1275328,9857283,11132611,7.729213974757866
4358969,1275336,9857628,11132964,7.729436007452154
4359347,1275417,9858075,11133492,7.7292955950877245
4359435,1275417,9858305,11133722,7.72947592826503
4359461,1275435,9858348,11133783,7.729400557456867
4359500,1275435,9858397,11133832,7.729438975722009
4359566,1275458,9858516,11133974,7.729392892592308
4359691,1275566,9858845,11134411,7.728996382782231
4359835,1275613,9859190,11134803,7.7289820658773465
4359903,1275645,9859332,11134977,7.728899497901062
4359905,1275645,9859336,11134981,7.728902633569684
4359939,1275648,9859381,11135029,7.728919733343368
4360011,1275648,9859381,11135029,7.728919733343368
4360082,1275669,9859553,11135222,7.728927331462942
4360379,1275762,9859758,11135520,7.728524599415879
4360427,1275762,9859935,11135697,7.728663340027372
4360504,1275792,9860103,11135895,7.728613284924188
4360585,1275793,9860287,11136080,7.728751451058283
4360826,1275793,9861449,11137242,7.729662257121649
4360838,1275793,9861474,11137267,7.729681852777057
4360865,1275803,9861521,11137324,7.729658105522561
4361031,1275803,9861936,11137739,7.729983390852663
4361069,1275821,9862005,11137826,7.729928414722755
4361086,1275821,9862062,11137883,7.729973091836551
4361093,1275821,9862078,11137899,7.729985632780774
4361118,1275832,9862111,11137943,7.729944851673261
4361208,1275865,9862371,11138236,7.729948701469199
4361306,1275865,9862661,11138526,7.730175998244328
4362096,1275865,9863952,11139817,7.731187860784644
4362136,1275893,9864047,11139940,7.731092654321326
4362145,1275898,9864055,11139953,7.73106862774297
4362264,1275898,9864325,11140223,7.731280243405037
4362599,1275987,9865380,11141367,7.7315677981045265
4362631,1276004,9865452,11141456,7.731521217801825
4362943,1276015,9866282,11142297,7.732105030113282
4362976,1276033,9866347,11142380,7.732046898473629
4362997,1276046,9866393,11142439,7.732004175398066
4363022,1276046,9866469,11142515,7.732063734379482
4363562,1276111,9867796,11143907,7.7327097721123
4363602,1276115,9867879,11143994,7.732750574987364
4363667,1276134,9868035,11144169,7.732757688455915
4363833,1276163,9868364,11144527,7.732839770468193
4363930,1276163,9868433,11144596,7.732893838796454
4363980,1276178,9868539,11144717,7.732886008064706
4364099,1276218,9868899,11145117,7.732925722721353
4364141,1276229,9868979,11145208,7.7329217562051955
4364203,1276232,9869136,11145368,7.733026597045051
4364212,1276246,9869171,11145417,7.732969192459761
4364278,1276246,9869329,11145575,7.733092993043661
4364293,1276254,9869347,11145601,7.733058623126745
4364453,1276326,9869668,11145994,7.732873889586203
4364496,1276350,9869735,11146085,7.73278097700474
4364503,1276350,9869746,11146096,7.732789595330434
4364597,1276378,9869823,11146201,7.732680287501038
4364850,1276516,9870544,11147060,7.732409151158309
4365054,1276608,9871136,11147744,7.732315636436557
4365224,1276665,9871324,11147989,7.732117665949955
4365315,1276665,9871613,11148278,7.732344037002659
4365319,1276666,9871620,11148286,7.7323434633647325
4365418,1276671,9871955,11148626,7.732575581336147
4365434,1276674,9871989,11148663,7.732584042598189
4365478,1276674,9872107,11148781,7.732676470265706
4365484,1276679,9872115,11148794,7.732652452182577
4365552,1276716,9872268,11148984,7.732548193960129
4365559,1276716,9872287,11149003,7.732563075891584
4365590,1276737,9872358,11149095,7.732491499815546
4365731,1276737,9872791,11149528,7.732830645622395
4365764,1276737,9872910,11149647,7.732923851975779
4365788,1276742,9872966,11149708,7.732937429801792
4365827,1276754,9872988,11149742,7.732881980397163
4366310,1276770,9875709,11152479,7.734916233934068
