loc,misses,hits,total,ratio
10,15,1,16,0.06666666666666667
37,43,24,67,0.5581395348837209
169,162,205,367,1.2654320987654322
190,185,225,410,1.2162162162162162
297,281,341,622,1.2135231316725978
318,299,352,651,1.1772575250836121
318,299,352,651,1.1772575250836121
339,312,363,675,1.1634615384615385
671,667,1598,2265,2.395802098950525
691,678,1608,2286,2.3716814159292037
717,705,1642,2347,2.329078014184397
2583,1717,4611,6328,2.685497961560862
2619,1760,4645,6405,2.6392045454545454
3042,2032,4959,6991,2.440452755905512
3094,2099,5045,7144,2.4035254883277752
3112,2121,5063,7184,2.387081565299387
3158,2138,5085,7223,2.3783910196445275
3556,2430,5676,8106,2.3358024691358024
3609,2462,5741,8203,2.331844029244517
4553,3047,7239,10286,2.375779455201838
4719,3169,7433,10602,2.3455348690438624
4748,3183,7450,10633,2.3405592208608232
4748,3228,7510,10738,2.3265179677819083
4757,3237,7526,10763,2.324992276799506
4761,3239,7534,10773,2.3260265514047544
4773,3249,7549,10798,2.3234841489689133
4896,3357,7740,11097,2.3056300268096517
5025,3472,7923,11395,2.2819700460829493
5035,3481,7937,11418,2.2800919276070095
5053,3497,7953,11450,2.2742350586216755
5076,3515,7971,11486,2.267709815078236
5090,3529,8036,11565,2.2771323321054124
5137,3557,8085,11642,2.2729828507168963
5152,3566,8100,11666,2.2714526079641053
5186,3578,8111,11689,2.26690888764673
5222,3615,8164,11779,2.2583679114799446
5303,3684,8299,11983,2.25271444082519
5355,3722,8365,12087,2.2474476088124664
6356,4145,9644,13789,2.326658624849216
6865,4438,10476,14914,2.3605227579990986
6923,4487,10548,15035,2.3507911745041232
7029,4561,10652,15213,2.3354527515895636
7044,4578,10662,15240,2.3289646133682833
7088,4614,10701,15315,2.3192457737321197
7127,4678,10762,15440,2.300555793073963
7337,4734,10909,15643,2.304393747359527
7391,4806,11048,15854,2.2987931751976696
8205,5248,11926,17174,2.272484756097561
8252,5278,11964,17242,2.266767715043577
8308,5355,12079,17434,2.2556489262371615
8339,5384,12112,17496,2.24962852897474
8800,5659,12634,18293,2.2325499204806505
8864,5714,12734,18448,2.2285614280714037
8977,5771,12980,18751,2.2491769190781494
9007,5794,13001,18795,2.2438729720400414
9056,5838,13074,18912,2.239465570400822
9071,5843,13093,18936,2.240800958411775
9117,5883,13172,19055,2.238993710691824
9130,5894,13185,19079,2.2370206990159485
9166,5927,13232,19159,2.2324953602159607
9219,5960,13275,19235,2.2273489932885906
9341,6028,13373,19401,2.218480424684804
9394,6073,13465,19538,2.2171908447225426
9427,6098,13502,19600,2.21416857986225
9481,6138,13540,19678,2.2059302704463994
9587,6163,13578,19741,2.2031478176212884
9650,6195,13627,19822,2.199677158999193
9711,6233,13740,19973,2.2043959570030482
9753,6268,13791,20059,2.20022335673261
9807,6309,13873,20182,2.1989221746711047
9873,6359,13945,20304,2.1929548671174715
10202,6553,14472,21025,2.208454143140546
10295,6627,14671,21298,2.2138222423419345
10327,6652,14759,21411,2.21873120865905
10371,6687,14839,21526,2.2190818005084494
10515,6808,15153,21961,2.2257638072855466
10976,7174,15991,23165,2.2290214664064676
10981,7177,15996,23173,2.228786401003205
10984,7182,16000,23182,2.227791701475912
11010,7199,16022,23221,2.225586887067648
11031,7214,16037,23251,2.2230385361796507
11059,7249,16074,23323,2.217409297834184
11116,7288,16159,23447,2.217206366630077
11150,7339,16206,23545,2.2082027524185857
11327,7428,16346,23774,2.200592353257943
11374,7468,16394,23862,2.195232994108195
11520,7541,16547,24088,2.194271316801485
11563,7564,16619,24183,2.1971179270227394
11598,7585,16660,24245,2.196440342781806
12382,8078,17658,25736,2.1859371131468186
12475,8078,17658,25736,2.1859371131468186
12634,8199,17856,26055,2.177826564215148
12663,8214,17876,26090,2.176284392500609
12725,8221,17886,26107,2.1756477314195353
13102,8439,18326,26765,2.1715843109373147
13279,8561,18584,27145,2.170774442238056
13409,8564,18967,27531,2.2147361046240075
13452,8607,19058,27665,2.214244219821076
13665,8768,19690,28458,2.2456660583941606
14025,9011,20471,29482,2.2717789368549552
14082,9053,20579,29632,2.2731691152104276
14190,9106,20686,29792,2.271688996266198
14240,9129,20709,29838,2.268485047650345
14280,9153,20769,29922,2.269092100950508
14338,9160,20799,29959,2.2706331877729258
14483,9210,20909,30119,2.2702497285559176
14529,9235,20952,30187,2.2687601515971845
14550,9249,20968,30217,2.267055897934912
14624,9283,21017,30300,2.2640310244533017
14849,9419,21506,30925,2.2832572459921434
14924,9457,21579,31036,2.2818018399069473
14954,9490,21618,31108,2.277976817702845
14962,9490,21618,31108,2.277976817702845
15018,9535,21680,31215,2.27372836916623
15114,9567,21785,31352,2.277098358942197
15492,9682,22198,31880,2.2927081181574054
15502,9682,22214,31896,2.294360669283206
15556,9729,22304,32033,2.2925274951176893
15584,9746,22332,32078,2.2914016006566795
15640,9797,22385,32182,2.2848831274880066
15681,9807,22402,32209,2.284286733965535
15963,9909,22627,32536,2.2834796649510545
16260,10038,22796,32834,2.270970312811317
16334,10067,22903,32970,2.275057117313996
16451,10104,22954,33058,2.271773555027712
16524,10148,23023,33171,2.268722901064249
16570,10158,23045,33203,2.268655247095885
16576,10161,23053,33214,2.268772758586753
16589,10174,23071,33245,2.2676430115981914
16606,10186,23103,33289,2.268113096406833
16642,10215,23178,33393,2.2690161527165933
16732,10255,23338,33593,2.275767918088737
16788,10279,23409,33688,2.2773616110516586
16839,10321,23499,33820,2.2768142621838967
17002,10498,23740,34238,2.261383120594399
17039,10536,23813,34349,2.2601556567957477
17053,10552,23834,34386,2.258718726307809
17150,10584,23943,34527,2.26218820861678
17177,10598,23954,34552,2.260237780713342
17231,10619,24072,34691,2.2668801205386573
17232,10619,24072,34691,2.2668801205386573
17262,10644,24093,34737,2.263528748590755
17324,10673,24143,34816,2.2620631500046846
17346,10690,24199,34889,2.2637043966323667
17495,10791,24330,35121,2.254656658326383
17509,10799,24340,35139,2.2539123992962313
18077,11102,25524,36626,2.299045217078004
18097,11109,25542,36651,2.299216851201728
18098,11109,25544,36653,2.2993968854082274
18212,11203,25821,37024,2.304829063643667
18220,11204,25833,37037,2.3056943948589788
18266,11231,25959,37190,2.31137031430861
18273,11241,25968,37209,2.3101147584734454
18303,11244,25985,37229,2.311010316613305
18316,11251,25990,37241,2.3100168873877878
18351,11271,26045,37316,2.3107976222163074
18739,11510,26624,38134,2.3131190269331015
18777,11530,26683,38213,2.3142237640936685
18780,11532,26689,38221,2.31434269857787
19949,12255,28492,40747,2.3249286005711953
19984,12263,28496,40759,2.32373807388078
20013,12274,28523,40797,2.323855303894411
20052,12312,28590,40902,2.3221247563352825
20141,12374,28738,41112,2.322450299014062
20189,12396,28829,41225,2.3256695708293
20365,12590,29158,41748,2.3159650516282766
20421,12618,29266,41884,2.3193850055476304
20477,12670,29345,42015,2.3161010260457773
20558,12734,29452,42186,2.312863200879535
20580,12740,29461,42201,2.312480376766091
21074,13037,30245,43282,2.3199355679987725
21209,13088,30475,43563,2.328468826405868
21221,13095,30482,43577,2.327758686521573
21303,13143,30554,43697,2.3247356006999924
21329,13150,30563,43713,2.3241825095057034
23285,14320,33439,47759,2.3351256983240223
23351,14357,33497,47854,2.333147593508393
23434,14409,33601,48010,2.331945311957804
23507,14444,33688,48132,2.3323179174743838
23517,14444,33704,48148,2.333425643865965
24058,14557,34064,48621,2.3400425911932405
24223,14697,34303,49000,2.3340137443015583
24238,14716,34326,49042,2.332563196520794
24282,14752,34400,49152,2.331887201735358
24323,14770,34433,49203,2.3312796208530804
24350,14793,34462,49255,2.3296153586155612
24487,14855,34616,49471,2.330259171995961
24626,14963,34761,49724,2.3231303882911183
24666,14980,34860,49840,2.3271028037383177
24722,15012,34916,49928,2.3258726352251533
24860,15114,35168,50282,2.3268492788143442
24906,15126,35195,50321,2.326788311516594
25285,15432,36791,52223,2.3840720580611716
25554,15586,37153,52739,2.383741819581676
26429,16055,38536,54591,2.4002491435689817
26818,16221,38888,55109,2.3973861044325258
26865,16246,38934,55180,2.396528376215684
26934,16301,39077,55378,2.3972148947917304
26961,16312,39097,55409,2.396824423737126
27137,16402,39330,55732,2.397878307523473
27157,16412,39366,55778,2.398610772605411
27162,16417,39370,55787,2.398123895961503
27174,16432,39396,55828,2.397517039922103
27189,16437,39399,55836,2.3969702500456287
27206,16443,39411,55854,2.3968253968253967
27594,16634,40329,56963,2.4244920043284837
27596,16634,40329,56963,2.4244920043284837
27602,16638,40338,56976,2.42445005409304
28375,17119,41507,58626,2.4246159238273264
28397,17122,41510,58632,2.4243663123466885
28432,17141,41546,58687,2.423779242751298
28504,17210,41648,58858,2.419988378849506
28654,17263,41962,59225,2.4307478422058737
28655,17263,41964,59227,2.430863696924057
28658,17266,41970,59236,2.4307888335456966
28798,17400,42099,59499,2.4194827586206897
28996,17520,42319,59839,2.4154680365296803
29518,17805,43085,60890,2.419825891603482
29568,17814,43154,60968,2.4224767037161783
29627,17841,43198,61039,2.4212768342581694
29718,17946,43361,61307,2.4161930235149893
29813,18009,43475,61484,2.4140707424065746
29891,18051,43594,61645,2.4150462578250513
29895,18052,43602,61654,2.4153556392643476
29981,18129,43732,61861,2.4122676374868997
30052,18183,43833,62016,2.4106583072100314
30084,18191,43859,62050,2.4110274311472706
30116,18208,43911,62119,2.4116322495606326
30140,18208,43913,62121,2.4117420913884007
30205,18229,43968,62197,2.411980909539744
30360,18328,44190,62518,2.4110650371017024
30375,18341,44220,62561,2.4109917670792216
30630,18503,44650,63153,2.413122196400584
30654,18507,44652,63159,2.4127087048143947
30676,18523,44681,63204,2.41219024995951
30694,18534,44697,63231,2.411621884104888
30735,18556,44751,63307,2.411672774304807
30739,18562,44763,63325,2.4115397047731926
30790,18586,44838,63424,2.412460992144625
31090,18719,45248,63967,2.417223142261873
31110,18730,45267,63997,2.4168179391350773
31116,18735,45268,64003,2.4162263143848413
31348,18900,45661,64561,2.415925925925926
31406,18934,45742,64676,2.4158656385338544
31492,18961,45785,64746,2.414693317862982
31512,18973,45810,64783,2.4144837400516526
31530,18980,45820,64800,2.4141201264488936
31542,19001,45850,64851,2.413030893110889
31620,19058,46013,65071,2.4143666701647604
31862,19229,46534,65763,2.419990639138801
31947,19315,46761,66076,2.4209681594615584
31965,19320,46766,66086,2.4206004140786748
32193,19558,47241,66799,2.415431025667246
32234,19572,47297,66869,2.416564479869201
32277,19625,47362,66987,2.4133503184713376
32285,19631,47370,67001,2.4130202231164994
32710,19666,47815,67481,2.431353605206956
33032,19882,48435,68317,2.4361231264460317
33233,19905,48757,68662,2.449485054006531
33282,19946,48814,68760,2.447307730873358
33288,19951,48828,68779,2.4473961204952133
33820,20166,49278,69444,2.4436179708420114
33833,20177,49301,69478,2.443425682708034
33836,20177,49307,69484,2.443723050998662
33867,20190,49324,69514,2.4429915799900943
33917,20222,49374,69596,2.441598259321531
33948,20222,49374,69596,2.441598259321531
33967,20234,49399,69633,2.4413857863002866
33987,20257,49428,69685,2.4400454163992693
33995,20257,49428,69685,2.4400454163992693
34040,20296,49473,69769,2.4375739061884114
34119,20328,49574,69902,2.4387052341597797
34458,20549,50192,70741,2.4425519489999514
34505,20583,50239,70822,2.4408006607394452
34506,20583,50241,70824,2.440897828304912
34604,20639,50397,71036,2.4418334221619267
34674,20668,50434,71102,2.440197406618928
34712,20688,50472,71160,2.4396751740139213
34749,20721,50531,71252,2.4386371314125768
34822,20749,50619,71368,2.4395874499975903
34823,20749,50621,71370,2.439683840185069
35032,20876,50869,71745,2.4367215941751295
35076,20890,50934,71824,2.4382000957395884
35109,20894,50940,71834,2.438020484349574
35130,20919,50961,71880,2.4361107127491755
35228,20921,51249,72170,2.4496438984752165
35278,20946,51302,72248,2.449250453547217
35553,21157,51772,72929,2.4470388051236
35595,21163,51780,72943,2.446723054387374
35645,21215,51907,73122,2.4467122319113837
35678,21228,51959,73187,2.4476634633502923
35698,21246,51983,73229,2.446719382471995
35908,21351,52298,73649,2.4494403072455624
35976,21387,52467,73854,2.453219245335952
36170,21532,52700,74232,2.4475199702767974
36227,21554,52786,74340,2.449011784355572
36283,21570,52811,74381,2.4483541956420956
36373,21658,52968,74626,2.4456551851509833
36390,21669,52995,74664,2.445659698186349
36458,21719,53123,74842,2.445922924628206
36461,21719,53123,74842,2.445922924628206
36482,21730,53151,74881,2.4459733087896915
36571,21770,53270,75040,2.446945337620579
36796,21867,53742,75609,2.457675950061737
37437,22144,54441,76585,2.458498916184971
37559,22308,54722,77030,2.4530213376367223
37599,22320,54740,77060,2.4525089605734767
37671,22353,54853,77206,2.4539435422538363
37716,22370,54904,77274,2.454358515869468
37740,22387,54926,77313,2.4534774645999913
37842,22477,55202,77679,2.455932731236375
37917,22512,55264,77776,2.4548685145700073
37940,22523,55310,77833,2.4557119389068953
37965,22541,55335,77876,2.454860032829067
38060,22580,55440,78020,2.4552701505757306
38098,22609,55490,78099,2.454332345526118
38114,22633,55516,78149,2.452878540184686
38177,22660,55618,78278,2.4544571932921446
38197,22669,55641,78310,2.4544973311570866
38282,22724,55840,78564,2.45731385319486
38315,22750,55878,78628,2.456175824175824
38387,22824,56042,78866,2.455397826848931
38407,22834,56065,78899,2.455329771393536
38434,22853,56096,78949,2.4546449043889207
38601,22922,56320,79242,2.4570281825320652
38645,22955,56348,79303,2.454715748203006
38699,23003,56434,79437,2.4533321740642524
38786,23067,56600,79667,2.453721767026488
38791,23067,56613,79680,2.45428534269736
39019,23220,56934,80154,2.451937984496124
39177,23264,57217,80481,2.4594652682255846
39357,23331,57351,80682,2.4581458145814583
39640,23533,58047,81580,2.4666213402456125
39814,23621,58225,81846,2.4649676135642014
41099,23621,58225,81846,2.4649676135642014
41164,23639,58250,81889,2.4641482296205424
41196,23653,58257,81910,2.4629856677799857
41242,23677,58288,81965,2.4617983697258943
41307,23733,58518,82251,2.465680697762609
41471,23826,58744,82570,2.46554184504323
41472,23826,58746,82572,2.465625786955427
41511,23834,58787,82621,2.466518419065201
41515,23837,58790,82627,2.4663338507362504
41678,23903,58994,82897,2.4680584027109567
42335,24315,59898,84213,2.4634176434299815
43004,24545,60515,85060,2.4654715828070892
43306,24793,60948,85741,2.4582745129673698
43566,24862,61197,86059,2.4614672994932025
43609,24882,61246,86128,2.4614580821477374
43662,24917,61304,86221,2.460328289922543
43750,24924,61530,86454,2.46870486278286
43776,24931,61563,86494,2.469335365609081
44160,25047,61875,86922,2.4703557312252964
44160,25047,61875,86922,2.4703557312252964
44194,25062,61917,86979,2.470553028489346
45291,25062,61917,86979,2.470553028489346
45659,25155,62350,87505,2.4786324786324787
45941,25260,62521,87781,2.4750989707046713
45945,25260,62527,87787,2.475336500395883
45961,25260,62527,87787,2.475336500395883
45975,25275,62544,87819,2.474540059347181
46030,25293,62703,87996,2.479065354050528
46119,25333,62809,88142,2.479335254411242
46457,25516,63097,88613,2.4728405706223544
48413,26474,65800,92274,2.4854574299312535
48534,26519,65899,92418,2.484973038199027
48538,26520,65903,92423,2.485030165912519
48554,26531,65914,92445,2.4844144585579135
48559,26532,65924,92456,2.4846977235036936
48592,26539,65938,92477,2.4845698782923247
56820,26546,90616,117162,3.4135462969938972
56873,26565,90716,117281,3.4148691887822324
56920,26590,90813,117403,3.4153065062053405
57994,27437,93571,121008,3.410394722455079
58012,27454,93593,121047,3.409084286442777
58047,27479,93628,121107,3.4072564503802902
58089,27516,93715,121231,3.405836604157581
58132,27555,93794,121349,3.4038831428052987
58261,27651,93999,121650,3.3994792231745685
59024,27847,94651,122498,3.398965777283011
59150,27904,94864,122768,3.3996559633027523
59229,27979,95034,123013,3.3966188927409844
59282,28002,95061,123063,3.3947932290550673
59393,28076,95244,123320,3.392363584556205
59434,28142,95329,123471,3.3874280434937103
59457,28150,95353,123503,3.387317939609236
59478,28162,95389,123551,3.387152901072367
59490,28165,95393,123558,3.386934138114681
59591,28165,95393,123558,3.386934138114681
59596,28166,95396,123562,3.3869204004828517
59604,28173,95398,123571,3.386149859794839
59685,28231,95534,123765,3.384010484927916
59694,28240,95564,123804,3.38399433427762
59709,28252,95591,123843,3.3835126716692625
59899,28368,95896,124264,3.380428652002256
59947,28404,95982,124386,3.3791719476130124
59953,28408,95983,124391,3.378731343283582
60347,28623,96541,125164,3.3728470111448834
60351,28623,96550,125173,3.3731614435943125
60444,28689,96749,125438,3.3723378298302484
60495,28689,96749,125438,3.3723378298302484
60568,28761,96885,125646,3.368624178575154
60607,28780,96928,125708,3.3678943710910354
60643,28797,96986,125783,3.3679202694725143
60672,28808,97013,125821,3.367571507914468
60691,28827,97043,125870,3.3663926180317065
60761,28868,97122,125990,3.364348067063877
62576,29630,98923,128553,3.3386095173810326
62630,29668,99014,128682,3.337400566266685
63284,30072,100211,130283,3.332368981111998
63287,30074,100213,130287,3.3322138724479617
63353,30116,100313,130429,3.33088723602072
63372,30128,100342,130470,3.330523101433882
63801,30242,101017,131259,3.3402883407182067
63812,30257,101029,131286,3.339028985028258
63831,30266,101069,131335,3.3393576951034163
64111,30393,101405,131798,3.336459053071431
64118,30393,101405,131798,3.336459053071431
64157,30434,101480,131914,3.334428599592561
64354,30446,102643,133089,3.3713131445838536
64512,30521,102817,133338,3.3687297270731626
64553,30521,102817,133338,3.3687297270731626
64567,30535,102852,133387,3.368331422957262
64595,30546,102894,133440,3.3684934197603615
64870,30685,103667,134352,3.3784259410135244
64905,30708,103699,134407,3.376937605835613
64933,30729,103726,134455,3.3755084773341144
65421,30956,104354,135310,3.3710427703837706
65474,30984,104402,135386,3.369545571908082
65536,31036,104496,135532,3.366928727928857
65654,31155,104692,135847,3.360359492858289
65887,31268,104984,136252,3.357554048867852
65907,31275,105009,136284,3.3576019184652277
65967,31308,105129,136437,3.357895745496359
66475,31516,105534,137050,3.348584845792613
66488,31524,105547,137071,3.348147443217866
66510,31538,105587,137125,3.347929481894857
66535,31556,105609,137165,3.3467169476486247
66566,31577,105656,137233,3.3459796687462395
66579,31592,105701,137293,3.3458153963028616
66638,31636,105752,137388,3.342774054874194
66668,31648,105773,137421,3.3421701213346813
66681,31651,105789,137440,3.3423588512211304
66904,31755,106373,138128,3.34980318060148
66951,31776,106405,138181,3.348596424974824
67008,31809,106492,138301,3.347857524599956
67057,31837,106554,138391,3.346860571033703
67071,31838,106578,138416,3.3475092656573904
67378,32086,107182,139268,3.340460013713146
67499,32176,107597,139773,3.3440141720537047
67908,32176,107597,139773,3.3440141720537047
68032,32226,107903,140129,3.348321231303916
68102,32240,107983,140223,3.349348635235732
68113,32248,107999,140247,3.3490138923344084
68274,32344,108209,140553,3.3455664110808807
68492,32503,108635,141138,3.3423068639817863
68526,32520,108688,141208,3.342189421894219
68610,32568,108866,141434,3.342729059199214
69391,32869,109708,142577,3.337734643585141
69622,32946,109922,142868,3.3364293085655317
69643,32970,109949,142919,3.3348195329087047
69657,32974,109969,142943,3.3350215321162127
69691,32991,110014,143005,3.334667030402231
69885,33050,110352,143402,3.3389409984871405
69907,33058,110380,143438,3.3389799745901145
69946,33088,110428,143516,3.3374032882011604
70198,33240,110930,144170,3.3372442839951866
70549,33496,111538,145034,3.329890136135658
70556,33499,111557,145056,3.330159109227141
70599,33513,111585,145098,3.329603437472026
70683,33554,111725,145279,3.3297073374262385
70818,33693,112025,145718,3.324874603033271
70936,33757,112287,146044,3.326332316260331
70949,33758,112313,146071,3.3270039694294686
70958,33762,112327,146089,3.327024465375274
70974,33771,112344,146115,3.32664120103047
70979,33773,112347,146120,3.3265330293429662
71015,33796,112404,146200,3.3259557344064388
71034,33820,112443,146263,3.324748669426375
71075,33848,112481,146329,3.3231210115811867
71086,33859,112502,146361,3.3226616261555275
71214,34005,112695,146700,3.3140714600794
71228,34009,112705,146714,3.313975712311447
71285,34037,112802,146839,3.314099362458501
71304,34047,112828,146875,3.3138896231679738
71596,34191,113185,147376,3.3103740750489896
71792,34360,113475,147835,3.3025320139697323
71866,34374,113531,147905,3.302816081922383
72174,34577,114050,148627,3.298435376117072
72216,34626,114124,148750,3.2959048114133886
72249,34626,114188,148814,3.2977531334835093
72392,34703,114379,149082,3.295939832291156
72428,34710,114398,149108,3.295822529530395
72474,34724,114435,149159,3.295559267365511
72558,34818,114624,149442,3.292090298121661
72625,34897,114758,149655,3.288477519557555
72649,34913,114773,149686,3.2874001088419784
72706,34951,114897,149848,3.2873737518239823
72732,34970,114930,149900,3.2865313125536173
72787,34990,114998,149988,3.286596170334381
72797,34996,115010,150006,3.286375585781232
72989,35092,115337,150429,3.286703522170295
73014,35115,115378,150493,3.2857183539797807
73026,35127,115395,150522,3.2850798531044494
73047,35141,115430,150571,3.2847670811872174
73098,35159,115478,150637,3.2844506385278307
73152,35195,115547,150742,3.2830515698252594
73182,35217,115602,150819,3.2825623988414687
73377,35304,115802,151106,3.280138227962837
73378,35304,115804,151108,3.2801948787672783
73394,35304,115830,151134,3.280931339225017
73395,35304,115832,151136,3.2809879900294585
73812,35523,116576,152099,3.281704810967542
74040,35523,117050,152573,3.295048278580075
74077,35524,117124,152648,3.297038621776827
74235,35699,117431,153130,3.2894758956833523
74622,35699,117431,153130,3.2894758956833523
75078,35920,118451,154371,3.2976336302895324
75354,36098,118930,155028,3.294642362457754
75374,36111,118962,155073,3.2943424441305975
75396,36127,118998,155125,3.2938799236028453
76023,36427,119824,156251,3.289428171411316
76043,36435,119829,156264,3.288843145327295
76054,36453,119837,156290,3.287438619592352
76088,36470,119869,156339,3.286783657800932
76129,36486,119898,156384,3.2861371484953135
76190,36514,120011,156525,3.2867119461028644
76222,36546,120068,156614,3.2853937503420347
76232,36551,120090,156641,3.285546223085552
76235,36554,120096,156650,3.285440717842097
76266,36577,120143,156720,3.2846597588648603
76304,36596,120184,156780,3.2840747622691007
76475,36606,121178,157784,3.31033163962192
76487,36617,121203,157820,3.3100199360952565
76490,36620,121209,157829,3.3099126160567995
76525,36633,121255,157888,3.30999372150793
76550,36644,121285,157929,3.309818797074555
76615,36685,121388,158073,3.308927354504566
76652,36704,121404,158108,3.3076503923278118
77053,36953,121876,158829,3.298135469380023
77066,36963,121896,158859,3.297784270757244
77088,36975,121923,158898,3.297444219066937
77243,37072,122099,159171,3.293563875701338
77767,37188,123247,160435,3.314160481875874
78184,37468,123997,161465,3.3094106971282162
78249,37502,124058,161560,3.308036904698416
78282,37508,124073,161581,3.3079076463687747
78337,37518,124347,161865,3.3143291220214297
78461,37638,124558,162196,3.309368191721133
78551,37682,124676,162358,3.308635422748262
78618,37734,124776,162510,3.306726029575449
78684,37766,124811,162577,3.304850924111635
78694,37766,124827,162593,3.3052745856061008
78764,37793,124948,162741,3.3061148890006087
78815,37844,125072,162916,3.3049360532713243
78849,37870,125143,163013,3.304541853710061
78881,37888,125190,163078,3.3042124155405403
78952,37941,125293,163234,3.3023114836193037
78972,37980,125349,163329,3.3003949447077408
78981,37983,125351,163334,3.300186925729932
79099,38083,125555,163638,3.296877872016385
79114,38090,125568,163658,3.296613284326595
79163,38126,125637,163763,3.2953102869432933
79478,38310,126139,164449,3.2925867919603236
79645,38452,126432,164884,3.2880474357640694
82225,39583,129511,169094,3.2718843948159564
82274,39630,129568,169198,3.2694423416603584
82293,39646,129609,169255,3.26915703980225
82318,39649,129631,169280,3.269464551438876
82364,39681,129712,169393,3.2688692321262063
82409,39726,129754,169480,3.2662236318783666
82466,39742,129802,169544,3.2661164511096574
82509,39758,129870,169628,3.2665124000201216
82542,39773,129905,169678,3.2661604606139845
82620,39784,130022,169806,3.2681982706615726
82675,39799,130072,169871,3.268222819668836
82692,39805,130084,169889,3.2680316543147847
82697,39810,130088,169898,3.2677216779703593
83477,39827,131532,171359,3.3025836743917445
83509,39838,131565,171403,3.302500125508309
83727,39971,132036,172007,3.303294888794376
83734,39971,132036,172007,3.303294888794376
83776,39984,132143,172127,3.3048969587835133
84895,40502,133669,174171,3.3003061577206063
84917,40511,133684,174195,3.299943225296833
84929,40516,133707,174223,3.3001036627505185
84943,40541,133759,174300,3.2993512740188944
85161,40625,133879,174504,3.2954830769230767
85214,40673,133951,174624,3.293364148206427
85265,40694,133997,174691,3.2927950066348846
85323,40719,134097,174816,3.2932292050394163
85366,40725,134166,174891,3.294438305709024
85458,40788,134286,175074,3.2922918505442778
85541,40807,134517,175324,3.296419731908741
85547,40807,134528,175335,3.2966892935035657
85615,40832,134609,175441,3.2966545846394983
85693,40866,134685,175551,3.2957715460284835
85763,40934,134859,175793,3.2945473200762203
85783,40934,134880,175814,3.295060341036791
85790,40937,134883,175820,3.2948921513545204
86132,41024,135125,176149,3.2938036271450857
86200,41045,135214,176259,3.294286758435863
86237,41076,135260,176336,3.292920440159704
86242,41076,135260,176336,3.292920440159704
86262,41076,135281,176357,3.2934316876034666
86305,41104,135404,176508,3.2941806150253017
86332,41125,135444,176569,3.2934711246200608
87061,41237,136169,177406,3.3021073307951596
88930,41497,139916,181413,3.371713617851893
88942,41504,139930,181434,3.371482266769468
88954,41511,139957,181468,3.3715641637156417
88980,41524,139992,181516,3.371351507561892
89004,41536,140025,181561,3.371171995377504
89025,41547,140046,181593,3.370784894216189
89060,41567,140080,181647,3.369980994538937
89100,41601,140186,181787,3.3697747650296868
89148,41625,140270,181895,3.36984984984985
89169,41640,140281,181921,3.368900096061479
89193,41647,140287,181934,3.368477921578985
89227,41664,140318,181982,3.3678475422427034
89619,41959,141129,183088,3.363497700135847
89660,41968,141159,183127,3.363491231414411
89695,41993,141191,183184,3.362250851332365
89763,42053,141303,183356,3.3601169952203174
89864,42118,141454,183572,3.3585165487440047
89902,42142,141497,183639,3.35762422286555
89911,42152,141526,183678,3.357515657620042
90033,42245,141864,184109,3.358125221919754
90282,42260,141931,184191,3.358518693800284
90298,42262,141955,184217,3.3589276418532013
90395,42320,142129,184449,3.35843572778828
90768,42506,142623,185129,3.355361596009975
90934,42618,142829,185447,3.3513773522924586
90979,42653,142889,185542,3.350033995264108
90992,42659,142897,185556,3.349750345765255
91015,42673,142935,185608,3.349541864879432
91088,42723,143084,185807,3.349109379023009
91159,42762,143207,185969,3.3489312941396565
91213,42800,143327,186127,3.3487616822429906
91321,42858,143462,186320,3.3473797190722854
91802,43099,144428,187527,3.3510754309844777
92076,43197,144632,187829,3.3481954765377226
92090,43210,144652,187862,3.3476510067114096
92259,43284,144769,188053,3.3446308104611404
92357,43285,145058,188343,3.3512302183204343
92378,43298,145114,188412,3.351517391103515
92451,43298,145236,188534,3.3543350732135435
92603,43373,145388,188761,3.352039287114103
92639,43407,145439,188846,3.350588614739558
92720,43452,145533,188985,3.34928196630765
92806,43491,145609,189100,3.3480260283736865
92822,43494,145641,189135,3.3485308318388745
93034,43631,146049,189680,3.3473676972794575
93255,43782,146419,190201,3.344273902517016
93298,43791,146449,190240,3.3442716539928297
93357,43834,146588,190422,3.344162065976183
93396,43851,146604,190455,3.3432304850516523
93409,43858,146623,190481,3.343130101691824
93427,43864,146632,190496,3.342877986503739
93728,43903,147192,191095,3.3526638270733207
93776,43920,147266,191186,3.3530510018214934
157138,43922,337346,381268,7.680570101543646
157181,43955,337406,381361,7.676168809009214
157214,43975,337452,381427,7.673723706651507
157251,43990,337499,381489,7.672175494430553
157317,44009,337577,381586,7.670635551818946
157446,44009,337577,381586,7.670635551818946
157468,44026,337610,381636,7.668423204470086
157471,44026,337619,381645,7.668627629128243
157514,44047,337653,381700,7.665743410447931
157710,44210,338128,382338,7.648224383623615
158013,44365,339182,383547,7.64526090386566
158067,44418,339260,383678,7.637894547255617
158082,44426,339283,383709,7.637036870301175
158191,44470,339355,383825,7.631099617719811
158227,44508,339418,383926,7.625999820257032
158249,44522,339425,383947,7.623759040474372
158410,44531,340339,384870,7.642743257506007
158437,44552,340372,384924,7.639881486801939
158449,44560,340396,384956,7.639048473967684
158633,44700,340655,385355,7.620917225950783
159519,45381,343756,389137,7.574888169057535
159531,45386,343766,389152,7.574274005199841
159617,45419,343860,389279,7.570840397190603
159709,45422,344094,389516,7.575492052309453
159816,45487,344266,389753,7.568448128036582
159916,45527,344383,389910,7.5643683967755395
160071,45617,344624,390241,7.554727404257185
162014,45674,348664,394338,7.63375224416517
162024,45681,348685,394366,7.633042183840109
162033,45694,348722,394416,7.631680308136736
162081,45723,348828,394551,7.6291581917197036
162090,45724,348846,394570,7.6293850056862915
162374,45855,349079,394934,7.612670374005016
162400,45862,349098,394960,7.611922724695827
162436,45878,349130,395008,7.609965560835259
162490,45913,349232,395145,7.6063859908958245
162499,45918,349249,395167,7.605927958534779
162520,45933,349271,395204,7.603923105392637
162589,45985,349412,395397,7.5983907796020445
162645,46003,349445,395448,7.596135034671652
162654,46010,349453,395463,7.595153227559226
162675,46033,349505,395538,7.592487997740752
162691,46040,349525,395565,7.591768027801911
164168,46310,352179,398489,7.604815374649104
164209,46352,352269,398621,7.599866240938902
164224,46358,352283,398641,7.599184606756116
164259,46393,352382,398775,7.595585540922122
164379,46441,352492,398933,7.590103572274499
164402,46454,352526,398980,7.588711413441254
164434,46469,352622,399091,7.5883277023391935
164470,46494,352707,399201,7.586075622660989
164539,46552,352827,399379,7.579201752878501
165537,47087,353901,400988,7.51589610720581
165636,47149,354048,401197,7.509130628433264
165697,47174,354159,401333,7.507504133632933
165706,47177,354167,401344,7.507196303283379
165726,47189,354184,401373,7.505647502595944
165856,47232,354545,401777,7.5064574864498645
165861,47236,354558,401794,7.506097044626979
165922,47277,354618,401895,7.500856653340948
166040,47342,354804,402146,7.494486924929238
166155,47445,354980,402425,7.481926441142376
166247,47479,355121,402600,7.479538322205607
166268,47481,355121,402602,7.47922326825467
166302,47510,355160,402670,7.4754788465586195
166375,47533,355278,402811,7.474344139860729
166428,47559,355330,402889,7.471351374082718
166526,47585,355511,403096,7.471072817064201
166542,47589,355533,403122,7.470907142406859
166590,47614,355620,403234,7.468811694039569
166619,47621,355649,403270,7.468322798765251
166682,47651,355707,403358,7.464838093639168
167179,48014,356678,404692,7.428624984379556
167214,48029,356729,404758,7.427366799225468
167399,48039,357793,405832,7.447969358229772
167448,48089,357914,406003,7.442741583314271
167486,48098,357952,406050,7.442138966277184
167492,48103,357957,406060,7.441469347026173
167557,48133,358038,406171,7.438514117133775
167560,48133,358047,406180,7.438701099038082
167627,48160,358178,406338,7.437250830564784
167633,48165,358189,406354,7.436707152496626
167685,48194,358273,406467,7.433975183632818
167702,48202,358298,406500,7.43326003070412
167738,48215,358342,406557,7.432168412319817
167781,48236,358384,406620,7.429803466290737
167804,48244,358406,406650,7.429027443827212
167945,48300,358744,407044,7.427412008281573
167982,48332,358795,407127,7.4235496151617975
167989,48348,358815,407163,7.42150657731447
168027,48356,358859,407215,7.421188683927538
168070,48381,358920,407301,7.418614745457928
168172,48452,359492,407944,7.419549244613226
168306,48513,359604,408117,7.412528600581288
168427,48614,359834,408448,7.401859546632657
168464,48623,359909,408532,7.402031960183452
168488,48629,359945,408574,7.4018589730407784
168613,48719,360158,408877,7.3925573184999696
168622,48729,360181,408910,7.391512241170555
168760,48806,360468,409274,7.385731262549687
168779,48806,360478,409284,7.385936155390731
168834,48806,360556,409362,7.387534319550875
168918,48872,360699,409571,7.380483712555247
169314,49020,361080,410100,7.365973072215422
169338,49027,361105,410132,7.365431292961022
169375,49038,361139,410177,7.364472449936784
169384,49046,361164,410210,7.36378094034172
169511,49154,361392,410546,7.352239899092647
169519,49158,361395,410553,7.351702673013548
169556,49177,361458,410635,7.350143359700673
169631,49217,361722,410939,7.349533697706077
169661,49243,361772,411015,7.346668562029121
169733,49270,361847,411117,7.344164806170083
169743,49270,361863,411133,7.344489547391922
169774,49301,361929,411230,7.341210117441837
169866,49345,362131,411476,7.338757726213395
170097,49422,362304,411726,7.330824329246084
171575,49609,364013,413622,7.3376403475175875
171630,49645,364114,413759,7.334353912780744
171657,49651,364129,413780,7.333769712593906
171670,49658,364137,413795,7.332897015586612
171706,49678,364183,413861,7.330870808003543
171840,49872,364582,414454,7.310354507539301
171884,49904,364616,414520,7.306348188521962
172298,50140,365376,415516,7.287116074990028
172363,50210,365440,415650,7.27823142800239
172394,50210,365440,415650,7.27823142800239
172490,50298,365592,415890,7.268519623046642
172498,50309,365610,415919,7.267288159176291
172527,50318,365631,415949,7.266405660002385
172596,50357,365692,416049,7.261989395714598
172616,50371,365746,416117,7.261043060491156
172871,50539,366110,416649,7.244108510259403
172948,50542,366126,416668,7.243995093189822
172970,50560,366194,416754,7.2427610759493675
173040,50591,366291,416882,7.240240358957127
173066,50612,366343,416955,7.238263652888643
173069,50616,366344,416960,7.237711395606133
173070,50616,366346,416962,7.23775090880354
173177,50720,366535,417255,7.226636435331231
173210,50755,366586,417341,7.222657866220077
173252,50796,366645,417441,7.217989605480747
173275,50806,366689,417495,7.217434948628115
173549,50953,366926,417879,7.2012639098777305
173752,51167,367390,418557,7.180213809682022
173753,51167,367392,418559,7.1802528973752615
173784,51176,367455,418631,7.180221197436298
173909,51245,367580,418825,7.17299248707191
173929,51256,367627,418883,7.172370063992508
173933,51258,367630,418888,7.172148737758008
173935,51260,367630,418890,7.17186890362856
173962,51293,367701,418994,7.168638995574445
173995,51321,367744,419065,7.16556575281074
174071,51405,367862,419267,7.156152125279642
174144,51412,367883,419295,7.155586244456547
174194,51432,367988,419420,7.154845232540053
174281,51499,368132,419631,7.148332977339366
174461,51595,368309,419904,7.138463029363311
174533,51662,368473,420135,7.132379698811506
174578,51699,368539,420238,7.128551809512756
174698,51800,368713,420513,7.118011583011583
174785,51858,368842,420700,7.112538084769949
174799,51875,368913,420788,7.111575903614458
174852,51882,368927,420809,7.11088624185652
174895,51882,368966,420848,7.111637947650437
174949,51928,369035,420963,7.106666923432445
175618,52258,370171,422429,7.083527880898618
175888,52267,370542,422809,7.0894063175617505
175921,52302,370606,422908,7.085885816985966
175988,52317,370651,422968,7.08471433759581
176132,52368,370799,423167,7.080640849373664
176160,52376,370853,423229,7.080590346723691
176182,52408,370885,423293,7.076877575942604
176230,52445,370991,423436,7.0739059967585085
176233,52445,370993,423438,7.073944131947755
176399,52495,371134,423629,7.069892370701972
176400,52495,371134,423629,7.069892370701972
176435,52538,371193,423731,7.065228977121322
176795,52725,371923,424648,7.054016121384542
176829,52734,371932,424666,7.052982895285774
176863,52759,372002,424761,7.050967607422431
176916,52779,372058,424837,7.04935675173838
176956,52798,372088,424886,7.047388158642373
176996,52817,372141,424958,7.045856447734631
177049,52865,372214,425079,7.040839875153694
177093,52899,372251,425150,7.037013932210439
177251,52997,372413,425410,7.027058135366153
177253,53001,372416,425417,7.026584404067847
177275,53007,372425,425432,7.025958835625484
177578,53216,373258,426474,7.014018340348767
177634,53231,373299,426530,7.012812083184611
177650,53242,373319,426561,7.0117388527853945
177660,53256,373341,426597,7.010308697611537
178002,53496,373826,427322,6.987924330791087
178018,53509,373862,427371,6.986899400100918
178074,53529,373929,427458,6.985540548114106
178107,53562,373968,427530,6.981964825809342
178208,53643,374193,427836,6.975616576254125
178278,53672,374271,427943,6.973300789983604
178348,53706,374369,428075,6.970710907533609
178371,53735,374390,428125,6.967339722713315
178416,53771,374467,428238,6.964107046549255
178498,53847,374677,428524,6.958177800063142
178884,54013,375066,429079,6.943994964175291
178930,54019,375113,429132,6.9440937447934985
178959,54062,375199,429261,6.940161296289445
178980,54073,375215,429288,6.939045364599708
178994,54084,375233,429317,6.937966866356039
179511,54679,376352,431031,6.882934947603284
179630,54705,376580,431285,6.883831459647198
179683,54732,376645,431377,6.88162318205072
179701,54732,376645,431377,6.88162318205072
179782,54746,376842,431588,6.883461805428707
179901,54819,377261,432080,6.881938743866177
179908,54825,377274,432099,6.881422708618331
179912,54827,377282,432109,6.8813175989931965
179921,54837,377315,432152,6.880664514834875
180010,54904,377420,432324,6.874180387585604
180028,54913,377433,432346,6.8732904776646695
180548,55274,378615,433889,6.849784708904729
180578,55290,378665,433955,6.848706818592874
180660,55324,378797,434121,6.846883811727279
180676,55324,378823,434147,6.847353770515508
180698,55341,378844,434185,6.845629822374009
180968,55355,379212,434567,6.850546472766688
181044,55395,379324,434719,6.847621626500587
181061,55407,379342,434749,6.846463443247243
181092,55425,379402,434827,6.84532250789355
181101,55438,379415,434853,6.843951802013059
181131,55466,379457,434923,6.841254101611798
181136,55469,379464,434933,6.841010294038111
181354,55478,380757,436235,6.8632070370236855
181417,55520,380867,436387,6.859996397694524
181459,55548,380927,436475,6.857618636134514
181632,55585,381030,436615,6.854906899343348
181639,55588,381035,436623,6.854626897891631
181712,55630,381141,436771,6.8513571813769545
181893,55639,382192,437831,6.869138553892054
181915,55646,382228,437874,6.868921395967365
182089,55790,382591,438381,6.857698512278186
182100,55793,382598,438391,6.857455236319969
182114,55800,382623,438423,6.8570430107526885
182165,55814,382642,438456,6.855663453613789
182315,55883,382799,438682,6.850008052538339
182355,55913,382879,438792,6.847763489707224
182410,55937,382954,438891,6.84616622271484
182554,55985,383081,439066,6.842564972760561
182604,56000,383245,439245,6.843660714285714
182645,56028,383319,439347,6.841561362176055
183052,56182,383843,440025,6.832134847460041
183108,56189,383917,440106,6.8326006869672
183135,56208,383948,440156,6.830842584685454
183140,56210,383956,440166,6.830741860878847
183146,56213,383967,440180,6.830572999128315
183170,56223,383988,440211,6.829731604503495
183179,56225,384004,440229,6.829773232547799
183261,56303,384232,440535,6.824361046480649
183364,56399,384507,440906,6.817620879802833
183621,56421,385200,441621,6.827245174669006
183668,56450,385244,441694,6.824517271922055
183676,56453,385261,441714,6.824455741944626
183724,56504,385366,441870,6.820154325357497
183733,56508,385370,441878,6.81974233736816
183939,56511,386036,442547,6.831165613774309
184014,56549,386185,442734,6.829210065606818
184116,56623,386334,442957,6.822916482701376
184149,56664,386378,443042,6.8187561767612594
184196,56679,386409,443088,6.8174985444344465
184274,56737,386603,443340,6.813948569716411
184294,56753,386642,443395,6.81271474635702
184312,56762,386659,443421,6.811934040379127
184367,56796,386723,443519,6.80898302697373
184573,56881,386878,443759,6.801533025087464
184739,56999,387175,444174,6.792663029175951
184755,57026,387210,444236,6.79006067407849
184825,57076,387288,444364,6.785479010442217
184857,57091,387329,444420,6.784414356028096
185010,57108,387466,444574,6.784793724171744
185025,57122,387476,444598,6.783305906655929
185248,57272,387804,445076,6.771266936723006
185256,57280,387812,445092,6.770460893854748
185318,57312,387897,445209,6.768163735343384
185342,57338,387955,445293,6.766106247165928
185345,57338,387964,445302,6.766263211133977
185379,57348,388035,445383,6.766321406151914
185408,57360,388060,445420,6.765341701534171
185417,57368,388071,445439,6.764590015339562
186064,57496,389398,446894,6.77261026854042
186184,57558,389538,447096,6.767747315751069
186240,57569,389571,447140,6.767027393215098
186298,57586,389667,447253,6.766696766575209
186325,57599,389699,447298,6.7657250993940865
186398,57654,389813,447467,6.761248135428591
186503,57767,390021,447788,6.751622898886907
186515,57781,390051,447832,6.7505062217684015
186549,57793,390114,447907,6.750194660252972
186601,57811,390181,447992,6.7492518724810155
186691,57862,390381,448243,6.746759531298607
186702,57868,390394,448262,6.7462846478191745
186735,57882,390411,448293,6.744946615528144
186824,57921,390495,448416,6.741855285647692
186929,58042,390701,448743,6.731349712277316
186938,58047,390713,448760,6.730976622392199
187205,58214,391671,449885,6.728123819012609
187297,58302,391827,450129,6.720644231758773
187340,58316,391891,450207,6.7201282666849576
187347,58316,391891,450207,6.7201282666849576
187586,58445,392329,450774,6.712789802378304
187623,58460,392477,450937,6.713599042080054
187762,58558,392653,451211,6.705369035827727
187789,58571,392696,451267,6.704614911816428
187810,58578,392737,451315,6.70451363993308
187865,58622,392832,451454,6.701101975367609
187881,58625,392855,451480,6.701151385927505
187950,58671,392939,451610,6.6973291745496075
187987,58681,392965,451646,6.696630936759769
188023,58707,393053,451760,6.695164120121961
188336,58898,393620,452518,6.683079221705321
188496,58898,393620,452518,6.683079221705321
188524,58904,393656,452560,6.683009642808638
188555,58929,393692,452621,6.680785351864108
188569,58937,393710,452647,6.680183925208273
188600,58949,393728,452677,6.6791294169536375
188728,59094,394100,453194,6.669035773513386
188857,59162,394245,453407,6.6638213718265105
188934,59184,394273,453457,6.6618173830765075
189060,59216,394478,453694,6.6616792758713865
189181,59283,394625,453908,6.656630062581178
189212,59292,394669,453961,6.656361735141334
189268,59315,394722,454037,6.654674197083368
189526,59497,395015,454512,6.639242314738558
189555,59520,395056,454576,6.63736559139785
189820,59650,395382,455032,6.628365465213747
189829,59656,395401,455057,6.628017299181977
190004,59768,395710,455478,6.620766965600321
190032,59781,395747,455528,6.619946136732406
190286,59963,396203,456166,6.607457932391641
190323,59981,396251,456232,6.606275320518164
190474,60065,396490,456555,6.601015566469658
190502,60081,396521,456602,6.59977363892079
190518,60091,396546,456637,6.599091378076584
190549,60109,396560,456669,6.597348150859272
190667,60160,396703,456863,6.594132313829787
190800,60227,396977,457204,6.591346074019958
191063,60345,397309,457654,6.583958902974563
191127,60370,397442,457812,6.583435481199271
191342,60438,397645,458083,6.579387140540719
191379,60472,397687,458159,6.57638245799709
191478,60491,397718,458209,6.574829313451588
191498,60491,397739,458230,6.575176472533104
191524,60500,397775,458275,6.574793388429752
191678,60500,397775,458275,6.574793388429752
191687,60512,397788,458300,6.5737043892120575
191690,60514,397795,458309,6.573602802657236
191746,60537,397828,458365,6.571650395625816
191926,60681,398087,458768,6.560323659794664
191967,60698,398114,458812,6.558931101518995
194222,61908,401694,463602,6.488563675130839
194262,61922,401747,463669,6.487952585510804
194431,61962,401926,463888,6.486653109970627
194570,62041,402251,464292,6.483631791879564
194585,62054,402324,464378,6.483449898475521
194611,62066,402352,464418,6.482647504269648
194809,62180,402473,464653,6.472708266323576
194823,62189,402501,464690,6.4722217755551625
194849,62200,402539,464739,6.471688102893891
195097,62282,403105,465387,6.472255226229087
195189,62282,403105,465387,6.472255226229087
195201,62289,403123,465412,6.471816853698085
195257,62289,403211,465500,6.47322962320795
195286,62289,403211,465500,6.47322962320795
195327,62300,403261,465561,6.472889245585875
195340,62309,403270,465579,6.47209873373028
196165,62574,404553,467127,6.465193211237894
196255,62619,404719,467338,6.463198070873058
196267,62631,404734,467365,6.462199230413054
196427,62650,404780,467430,6.4609736632083
196503,62688,404895,467583,6.458891653905054
196648,62780,405084,467864,6.452437081873208
196657,62784,405094,467878,6.452185270132518
196660,62785,405097,467882,6.452130285896313
196698,62816,405160,467976,6.449949057564951
196964,63031,405786,468817,6.437879773444813
197024,63066,405899,468965,6.436098690260996
197171,63227,406259,469486,6.425403704113749
197210,63243,406317,469560,6.424695223186756
197245,63253,406336,469589,6.423979890281884
197261,63264,406355,469619,6.42316325240263
197267,63269,406368,469637,6.422861116818663
197298,63284,406418,469702,6.42212881613046
197319,63299,406430,469729,6.420796537070096
197324,63300,406436,469736,6.420789889415482
197346,63312,406448,469760,6.4197624462977005
197425,63367,406578,469945,6.4162418924676885
197578,63525,406912,470437,6.405541125541125
200983,65022,411184,476206,6.323767340284826
200986,65022,411193,476215,6.3239057549752395
201027,65071,411274,476345,6.320388498716786
201138,65104,411350,476454,6.318352174981568
201179,65116,411372,476488,6.317525646538485
201194,65124,411378,476502,6.31684171733923
203323,65237,424813,490050,6.5118414396738045
203337,65245,424831,490076,6.51131887500958
203519,65391,425229,490620,6.502867367068863
203527,65392,425239,490631,6.502920846586738
203563,65404,425268,490672,6.502171121032353
203601,65415,425321,490736,6.501887946189711
203706,65486,425422,490908,6.49638090584247
203716,65486,425450,490936,6.496808478148001
203827,65564,425638,491202,6.491946800073211
204517,65701,426362,492063,6.489429384636459
204566,65720,426410,492130,6.4882836275106515
204627,65755,426487,492242,6.486001064557828
204656,65785,426532,492317,6.483727293455955
204659,65785,426541,492326,6.483864102758988
204694,65798,426558,492356,6.4828414237514815
204869,65957,426902,492859,6.472429006777142
205300,66037,427225,493262,6.4694792313400065
205331,66047,427235,493282,6.468651112086847
205354,66072,427281,493353,6.466899745731928
205370,66076,427284,493360,6.466553665476118
205371,66076,427286,493362,6.466583933652158
205657,66170,427590,493760,6.461991839202056
205793,66241,427748,493989,6.4574508235081
206382,66280,428298,494578,6.461949305974653
206393,66285,428305,494590,6.461567473787433
206413,66296,428322,494618,6.460751779896223
207156,66721,430527,497248,6.452646093433851
207229,66799,430674,497473,6.447312085510262
207236,66803,430676,497479,6.446955975031061
207258,66818,430704,497522,6.4459277440210725
207400,66926,431006,497932,6.440038251202821
207495,66971,431108,498079,6.43723402666826
207523,66998,431137,498135,6.435072688736978
207623,67065,431286,498351,6.430865578170431
207719,67140,431406,498546,6.425469168900804
207726,67143,431419,498562,6.42537569069002
207895,67233,431597,498830,6.419422010024839
207916,67234,431642,498876,6.419995835440402
208044,67342,431819,499161,6.412328116183065
208095,67354,431871,499225,6.41195771594857
208765,67745,432877,500622,6.389799985238763
208780,67756,432900,500656,6.389102072141212
208966,67932,433261,501193,6.377863157274922
208967,67932,433263,501195,6.377892598480834
209029,67944,433315,501259,6.377531496526552
209073,67953,433406,501359,6.3780259885509105
209098,67971,433441,501412,6.376851892718953
209162,67991,433487,501478,6.3756526599108705
209547,68068,433671,501739,6.371143562320033
209578,68101,433718,501819,6.368746420757405
209624,68101,433773,501874,6.369554044727684
210192,68303,434360,502663,6.3593107184164674
210302,68346,434567,502913,6.358338454335294
210334,68369,434637,503006,6.357223302958944
210355,68377,434663,503040,6.356859762785732
210371,68384,434688,503072,6.356574637342068
210396,68393,434748,503141,6.356615443100902
210506,68421,435209,503630,6.360751815962935
210529,68435,435250,503685,6.360049682180171
210540,68446,435265,503711,6.359246705432019
210611,68523,435381,503904,6.353793616741824
210699,68585,435560,504145,6.350659765254793
210743,68594,435613,504207,6.3505991777706505
210752,68594,435613,504207,6.3505991777706505
210798,68605,435663,504268,6.350309744187742
210822,68620,435703,504323,6.349504517633343
210855,68631,435735,504366,6.348953096996984
210901,68650,435766,504416,6.3476474872541875
211030,68652,436147,504799,6.353012293888015
211101,68689,436282,504971,6.351555562025943
211521,68837,436631,505468,6.342969623894127
211541,68853,436669,505522,6.342047550578769
211641,68861,436886,505747,6.3444620322098135
211670,68873,436927,505800,6.343951911489262
211685,68883,436940,505823,6.343219662325973
211717,68900,437079,505979,6.343671988388969
211742,68904,437089,505993,6.343448856379891
212162,69108,437867,506975,6.3359813625050645
212184,69122,437903,507025,6.335218888342351
212237,69148,437989,507137,6.33408052293631
212248,69154,438023,507177,6.334022616189952
212329,69199,438119,507318,6.3312909146085925
214459,69203,446712,515915,6.455095877346358
214518,69214,446728,515942,6.454301152945936
214552,69241,446803,516044,6.452867520688609
214559,69247,446809,516056,6.452395049605037
214562,69248,446814,516062,6.452374075785582
214650,69291,446877,516168,6.449279127159372
214942,69458,447588,517046,6.444009329378905
215000,69492,447703,517195,6.4425113682150466
215240,69662,448111,517773,6.43264620596595
215285,69707,448185,517892,6.429555137934497
215372,69739,448368,518107,6.42922898234847
215443,69764,448566,518330,6.429763201651282
215486,69789,448622,518411,6.428262333605582
215598,69897,448878,518775,6.421992360187133
216903,70664,452533,523197,6.404010528699196
216911,70668,452545,523213,6.403817852493349
216937,70675,452561,523236,6.403409975238769
216956,70675,452582,523257,6.403707110010612
217039,70685,452881,523566,6.407031194737215
217057,70691,452890,523581,6.406614703427594
217075,70700,452902,523602,6.405968882602546
217121,70716,452955,523671,6.40526896317665
217145,70745,453021,523766,6.403576224468161
217171,70766,453075,523841,6.402439024390244
217276,70850,453267,524117,6.3975582215949185
217332,70865,453294,524159,6.3965850560925706
217358,70874,453325,524199,6.396210175804949
217525,70911,453387,524298,6.393747091424462
217686,71042,453620,524662,6.385236902114242
217698,71051,453638,524689,6.384681426017931
217893,71172,453892,525064,6.3773956050132075
218655,71575,455084,526659,6.358141809290953
218799,71707,455369,527076,6.3504120936589175
218863,71763,455498,527261,6.347254156041414
219041,71863,455729,527592,6.341636168821229
219103,71882,455804,527686,6.341003310981887
219141,71889,455826,527715,6.340691900012519
219162,71889,455858,527747,6.341137030700107
219167,71890,455864,527754,6.341132285436083
219185,71897,455888,527785,6.340848714132718
219753,72311,456865,529176,6.318056727192267
219770,72326,456893,529219,6.3171335342753645
219790,72343,456934,529277,6.316215805261048
220173,72409,457152,529561,6.313469320112141
220634,72461,457294,529755,6.3108982763141555
220745,72517,457402,529919,6.307514100142035
220749,72517,457412,529929,6.307651998841651
220805,72555,457489,530044,6.305409689201295
220828,72561,457527,530088,6.3054119981808405
220837,72563,457543,530106,6.305458704849579
220865,72587,457572,530159,6.303773402950942
220868,72595,457584,530179,6.3032440250705974
220910,72619,457678,530297,6.3024552802985445
220911,72619,457680,530299,6.30248282130021
220943,72633,457736,530369,6.302039018077182
220991,72672,457772,530444,6.299152355790401
221061,72692,457916,530608,6.299400209101414
221176,72762,458047,530809,6.295140320496962
221220,72774,458139,530913,6.2953664770385025
221340,72830,458430,531260,6.294521488397638
221417,72914,458652,531566,6.290314617220287
221458,72926,458735,531661,6.290417683679347
221474,72937,458799,531736,6.29034646338621
221614,72940,459057,531997,6.293624897175761
221738,72940,459413,532353,6.298505621058404
221828,72992,459565,532557,6.296100942569049
222079,73136,460056,533192,6.2904178516735945
222130,73162,460135,533297,6.289262185287444
222134,73167,460141,533308,6.288914401301133
222337,73315,460492,533807,6.2810066152901864
222361,73320,460506,533826,6.280769230769231
222373,73330,460515,533845,6.280035456157098
222715,73484,460910,534394,6.272249741440313
222740,73493,460946,534439,6.271971480277033
222814,73515,461080,534595,6.271917295789975
222827,73522,461116,534638,6.2718097984276815
222983,73553,461228,534781,6.270689162916536
223280,73741,461756,535497,6.261862464571948
223287,73745,461766,535511,6.261658417519832
223392,73810,461862,535672,6.25744479067877
223428,73845,461901,535746,6.255007109486086
223429,73845,461903,535748,6.255034193242603
223455,73855,461983,535838,6.2552704623925255
223538,73887,462111,535998,6.254293718786796
223568,73909,462150,536059,6.252959720737664
223617,73933,462197,536130,6.251565606697956
223622,73938,462200,536138,6.251183423949795
223993,74271,463493,537764,6.240564958059
224076,74292,463535,537827,6.239366284391321
224296,74486,464532,539018,6.236500818945842
224471,74606,464756,539362,6.229472160416052
224609,74726,465113,539839,6.224245911730857
224806,74870,465493,540363,6.217350073460665
224817,74870,465503,540373,6.217483638306398
225182,75003,465914,540917,6.211938189139101
225310,75091,466085,541176,6.206935584823747
225363,75103,466153,541256,6.20684926034912
225408,75108,466169,541277,6.206649091974223
225487,75160,466371,541531,6.2050425758382115
225574,75160,466558,541718,6.207530601383715
225871,75164,466573,541737,6.207399819062317
225901,75177,466635,541812,6.207151123348897
225969,75204,466763,541967,6.206624647625127
226067,75253,466967,542220,6.205294141097365
226358,75378,467389,542767,6.20060229775266
226498,75439,467699,543138,6.199697769058445
226895,75597,468159,543756,6.192825112107624
227054,75597,468159,543756,6.192825112107624
227483,75709,468382,544091,6.186609253853571
227640,75714,468576,544290,6.188762976464062
227718,75755,468682,544437,6.186812751633555
227763,75764,468792,544556,6.187529697481653
228849,76248,470199,546447,6.16670601196097
228870,76283,470247,546530,6.164505853204515
228978,76337,470355,546692,6.161559925069102
228984,76337,470369,546706,6.1617433223731615
229034,76354,470414,546768,6.160960787908951
229093,76407,470548,546955,6.158440980538432
229152,76437,470620,547057,6.156965867315567
229221,76468,470670,547138,6.155123711879479
229254,76489,470718,547207,6.154061368301324
229274,76505,470735,547240,6.152996536174106
229285,76515,470742,547257,6.152283865908645
229326,76549,470800,547349,6.150308952435695
229351,76565,470825,547390,6.1493502252987655
229360,76565,470844,547409,6.149598380461046
229394,76586,470907,547493,6.148734755699475
229420,76598,470944,547542,6.148254523616805
229454,76607,471078,547685,6.149281397261347
229467,76614,471106,547720,6.149085023624925
229491,76627,471142,547769,6.1485116212301145
229503,76633,471160,547793,6.148265107721217
229547,76664,471209,547873,6.1464181362830015
229597,76705,471271,547976,6.14394107294179
229609,76716,471313,548029,6.143607591636686
229711,76790,471594,548384,6.141346529496028
229734,76817,471649,548466,6.139903927516045
229796,76831,471690,548521,6.13931876456118
229846,76879,471800,548679,6.136916453127642
229905,76911,471916,548827,6.135871331799092
229974,76973,472050,549023,6.132669897236694
230007,77005,472092,549097,6.130666839815596
230020,77018,472110,549128,6.129865745669844
230052,77026,472132,549158,6.129514709318931
230058,77030,472147,549177,6.1293911463066335
230094,77050,472209,549259,6.128604802076573
230117,77063,472228,549291,6.127817499967559
230252,77144,472440,549584,6.124131494348232
230302,77162,472462,549624,6.122987999274254
230326,77173,472506,549679,6.122685395151154
230339,77178,472514,549692,6.1223923916141905
230367,77196,472564,549760,6.1216125187833565
230406,77208,472585,549793,6.120933063931199
230411,77208,472592,549800,6.121023728111076
230425,77222,472613,549835,6.120185957369661
230531,77276,472734,550010,6.117475024587194
230936,77431,473523,550954,6.115418889075435
230939,77434,473529,550963,6.1152594467546555
231244,77434,474368,551802,6.12609448046078
231249,77434,474368,551802,6.12609448046078
231265,77451,474417,551868,6.125382499903164
231275,77457,474436,551893,6.125153310869257
231434,77526,474561,552087,6.121314139772464
231455,77526,474604,552130,6.121868792405128
231518,77567,474689,552256,6.1197287506284885
231665,77632,474913,552545,6.117490210222589
231802,77735,475162,552897,6.112587637486332
232230,77940,475864,553804,6.105517064408519
232360,77941,476249,554190,6.110378363120822
232438,78012,476466,554478,6.107598830949085
233039,78192,477174,555366,6.102593615715163
233044,78192,477187,555379,6.102759873132801
233096,78226,477247,555473,6.100874389589139
233130,78236,477284,555520,6.100567513676569
233181,78292,477423,555715,6.097979359321514
233225,78301,477471,555772,6.097891470096167
233284,78357,477585,555942,6.094988322676978
233298,78367,477597,555964,6.094363699005959
233483,78444,477865,556309,6.091797970526745
233518,78472,477986,556458,6.091166275869099
233544,78482,478016,556498,6.090772406411661
233629,78508,478098,556606,6.089799765628981
233699,78575,478301,556876,6.0871905822462615
233769,78575,478571,557146,6.0906267896913775
233777,78583,478599,557182,6.090363055622717
233818,78584,478679,557263,6.091303573246463
234017,78584,478936,557520,6.094573959075639
236023,79619,488396,568015,6.1341639558396865
236040,79633,488425,568058,6.133449700501049
236751,79873,489183,569056,6.124510159878808
236753,79873,489185,569058,6.1245351996294115
236764,79881,489201,569082,6.124122131670861
236773,79881,489201,569082,6.124122131670861
236799,79891,489213,569104,6.123505776620646
236843,79917,489327,569244,6.122940050302189
236875,79942,489351,569293,6.121325460959196
237249,80198,490230,570428,6.112745953764433
237348,80305,490598,570903,6.109183737002677
237972,80336,491443,571779,6.1173446524596695
238052,80372,491581,571953,6.116321604538894
238084,80372,491630,572002,6.1169312695963765
238169,80430,491782,572212,6.114410046002735
238354,80528,492006,572534,6.109750645738129
238743,80630,492294,572924,6.105593451568895
238877,80656,492351,573007,6.104331977782186
238890,80663,492363,573026,6.103951006037464
238926,80683,492410,573093,6.103020462798855
239147,80772,492794,573566,6.101049868766404
239164,80782,492806,573588,6.100443168032482
239219,80797,492882,573679,6.100251246952238
239230,80797,492892,573689,6.1003750139237845
239351,80835,492977,573812,6.098558792602215
239369,80846,493017,573863,6.098223783489598
239535,80846,493333,574179,6.102132449348144
239560,80846,493358,574204,6.102441679242015
239621,80891,493444,574335,6.1001100246010065
239886,80913,494247,575160,6.1083756627488786
239887,80914,494250,575164,6.108337246953556
239978,80984,494455,575439,6.105588758273239
240005,80987,494490,575477,6.105794757183252
240156,81095,494739,575834,6.1007337073802335
240217,81136,494846,575982,6.098969631236442
240499,81241,495296,576537,6.096626087812804
240528,81264,495346,576610,6.095515849576688
240577,81280,495433,576713,6.095386318897638
240663,81335,495566,576901,6.092899735661154
240687,81354,495596,576950,6.091845514664307
240698,81354,495606,576960,6.0919684342503135
240784,81428,495709,577137,6.087697106646362
240795,81433,495727,577160,6.087544361622438
241060,81433,496552,577985,6.097675389584075
241078,81447,496604,578051,6.097265706533083
241238,81522,496805,578327,6.094121832143471
241831,81807,497818,579625,6.085273876318652
241988,81882,498029,579911,6.082276935101731
242295,81941,498717,580658,6.086293796756203
242579,82019,498961,580980,6.083480656920957
242675,82075,499045,581120,6.080353335363997
242733,82075,499082,581157,6.080804142552544
242747,82086,499146,581232,6.080768949638184
242918,82156,499304,581460,6.077511076488632
243732,82156,500624,582780,6.093578070986903
243788,82173,500673,582846,6.092913730787485
243829,82199,500700,582899,6.091314979500967
243848,82211,500731,582942,6.090802933913953
243863,82221,500747,582968,6.090256747059754
243973,82295,500992,583287,6.087757457925755
243995,82304,501017,583321,6.08739550933126
244046,82347,501090,583437,6.085103282451091
244094,82362,501142,583504,6.0846264053811225
244174,82426,501367,583793,6.082631693882998
244223,82439,501454,583893,6.082727835126579
244226,82439,501461,583900,6.082812746394303
244293,82453,501520,583973,6.082495482274751
244306,82465,501536,584001,6.081804401867459
244401,82527,501662,584189,6.078762102099919
244463,82528,501830,584358,6.080724117875145
244477,82542,501860,584402,6.080056213806305
244607,82543,502245,584788,6.084646790157857
244743,82615,502532,585147,6.082817890213642
244950,82703,503067,585770,6.0828144081835
245026,82767,503164,585931,6.079282805949231
245667,82783,504118,586901,6.089631929260839
245974,82789,504858,587647,6.09812897848748
245986,82794,504888,587682,6.098123052395101
246133,82924,505205,588129,6.092385799044909
246146,82924,505212,588136,6.092470213689643
246165,82949,505242,588191,6.090995672039446
246187,82955,505274,588229,6.090940871556868
246223,82971,505336,588307,6.090513552928131
246225,82971,505341,588312,6.090573814947391
246272,82993,505411,588404,6.08980275444917
246306,82993,505434,588427,6.0900798862554675
246340,83004,505480,588484,6.089826996289336
246348,83009,505488,588497,6.089556554108591
246359,83009,505514,588523,6.089869773157128
246486,83058,505604,588662,6.087360639553084
246539,83095,505706,588801,6.0858776099644984
246622,83107,505917,589024,6.087537752535887
246743,83171,506091,589262,6.084945473782929
246775,83189,506137,589326,6.0841818028825925
246933,83189,506386,589575,6.087174987077619
246957,83200,506430,589630,6.086899038461539
246997,83230,506491,589721,6.0854379430493815
247057,83261,506556,589817,6.083952871092108
247188,83261,506556,589817,6.083952871092108
247480,83355,506821,590176,6.080271129506328
247496,83355,506847,590202,6.080583048407414
247502,83360,506854,590214,6.080302303262956
247540,83368,506886,590254,6.0801026772862485
247583,83381,506933,590314,6.079718401074586
247671,83435,507037,590472,6.077030023371487
247742,83435,507209,590644,6.079091508359801
247963,83512,507367,590879,6.075378388734553
248209,83642,507811,591453,6.071244111809857
248210,83642,507813,591455,6.071268023241912
248226,83642,507839,591481,6.071578871858636
248327,83700,507960,591660,6.068817204301075
248373,83717,508041,591758,6.068552384820287
248382,83724,508091,591815,6.06864220534136
248454,83779,508179,591958,6.06570859045823
248459,83781,508187,591968,6.065659278356668
248606,83873,508360,592233,6.061068520262778
248627,83873,508392,592265,6.0614500494795704
248657,83885,508409,592294,6.060785599332419
248659,83890,508414,592304,6.060483967099773
248679,83890,508435,592325,6.060734294910001
248720,83915,508523,592438,6.059977358040875
249155,83953,509920,593873,6.073874667968982
249393,83981,510234,594215,6.075588525976114
249413,83992,510272,594264,6.075245261453472
249462,84009,510387,594396,6.075384780202121
249498,84009,510428,594437,6.075872823149901
249505,84012,510430,594442,6.0756796648097895
249526,84018,510450,594468,6.075483824894666
249595,84037,510674,594711,6.076775705939051
249602,84041,510693,594734,6.076712556966243
249614,84046,510732,594778,6.076815077457582
249876,84217,511564,595781,6.07435553391833
249884,84217,511564,595781,6.07435553391833
249922,84227,511630,595857,6.074417941990098
250096,84294,511810,596104,6.071725152442641
250114,84305,511845,596150,6.0713480813712115
250539,84331,512824,597155,6.081085247417913
250558,84350,512855,597205,6.080082987551867
250564,84352,512863,597215,6.080033668437026
250613,84386,512938,597324,6.07847273244377
250645,84398,512998,597396,6.078319391454774
250660,84400,513003,597403,6.078234597156398
250698,84420,513057,597477,6.077434257285003
250717,84435,513087,597522,6.076709895185646
250733,84436,513093,597529,6.076708986688143
251281,84601,513511,598112,6.06979822933535
251399,84662,513801,598463,6.06885025158867
251401,84662,513803,598465,6.068873874937989
251435,84668,513810,598478,6.068526479897955
251654,84806,514371,599177,6.065266608494682
252199,85110,515803,600913,6.060427681823523
252225,85119,515849,600968,6.060327306476815
252364,85157,515967,601124,6.059008654602675
252472,85235,516226,601461,6.0565026104299875
252573,85296,516343,601639,6.053542956293378
252899,85458,516650,602108,6.045659856303681
252942,85495,516737,602232,6.044061056202117
252955,85506,516761,602267,6.043564194325544
253099,85506,516936,602442,6.045610834327416
253127,85522,516964,602486,6.044807184116368
253139,85528,516991,602519,6.044698812084931
253194,85554,517105,602659,6.044194310026416
253233,85569,517113,602682,6.043228271920906
253271,85576,517134,602710,6.04297934000187
253535,85716,517663,603379,6.039280881049046
253568,85741,517746,603487,6.038488004571908
253588,85755,517769,603524,6.037770392396944
253627,85782,517841,603623,6.036709332960295
253663,85787,517849,603636,6.036450744285265
253745,85846,517988,603834,6.0339212077441
253812,85897,518064,603961,6.0312234420294075
254018,86018,518450,604468,6.027226859494524
254020,86021,518454,604475,6.027063158996059
254044,86039,518501,604540,6.026348516370483
254074,86054,518545,604599,6.025809375508402
254193,86140,518659,604799,6.021116786626422
254203,86150,518678,604828,6.020638421358096
254225,86150,518683,604833,6.020696459663378
255062,86656,519886,606542,5.99942300590842
255097,86700,519944,606644,5.997047289504037
255216,86829,520234,607063,5.991477501756326
255365,86892,520456,607348,5.989688348754776
255376,86895,520475,607370,5.989700212900627
255481,86911,520625,607536,5.990323434317865
255497,86919,520654,607573,5.990105730622764
255924,86923,521193,608116,5.996030969938912
255987,86942,521273,608215,5.995640772008925
255997,86948,521287,608235,5.9953880480287065
256103,87000,521454,608454,5.993724137931035
256178,87007,521677,608684,5.995804935235096
256545,87054,521947,609001,5.995669354653433
256559,87063,521967,609030,5.995279280521002
256604,87076,522008,609084,5.994855069135008
256646,87107,522042,609149,5.993111919822747
256666,87115,522091,609206,5.993124031452678
256685,87120,522129,609249,5.993216253443526
256697,87126,522138,609264,5.992906824598857
256700,87126,522147,609273,5.993010123269747
256731,87138,522184,609322,5.992609424131837
256765,87161,522240,609401,5.991670586615573
256853,87196,522556,609752,5.992889582090922
257003,87231,522883,610114,5.994233701321778
257111,87299,523372,610671,5.995166038557143
257140,87310,523421,610731,5.99497193906769
257163,87310,523434,610744,5.99512083381056
257274,87411,523693,611104,5.991156719406025
257472,87414,523849,611263,5.992735717390807
257487,87421,523863,611284,5.992416009883208
257561,87465,524007,611472,5.9910478477105125
257570,87467,524023,611490,5.9910937839413725
257600,87490,524069,611559,5.990044576523031
257627,87513,524092,611605,5.988733102510484
257704,87513,524111,611624,5.9889502131111945
257820,87560,524230,611790,5.987094563727729
257851,87563,524268,611831,5.9873234128570285
257859,87563,524268,611831,5.9873234128570285
257875,87569,524286,611855,5.987118729230664
258594,87826,525150,612976,5.9794366133035775
258656,87870,525337,613207,5.978570615682258
258703,87900,525388,613288,5.977110352673493
258727,87909,525414,613323,5.976794184895745
258763,87915,525441,613356,5.976693397031223
258815,87930,525489,613419,5.976219720232002
258836,87941,525499,613440,5.975585904185761
258868,87953,525560,613513,5.975464168362648
259040,87990,526251,614241,5.980804636890555
259223,88086,526521,614607,5.977351679040937
259408,88095,526592,614687,5.977546966343152
259411,88095,526601,614696,5.9776491287814295
259522,88107,526782,614889,5.978889305049542
259549,88131,526813,614944,5.9776128717477395
259563,88134,526824,614958,5.977534209272244
259597,88142,526865,615007,5.977456831022668
259610,88146,526900,615046,5.977582646972069
259695,88172,527149,615321,5.97864401397269
259986,88268,527525,615793,5.976401413875923
260073,88313,527666,615979,5.9749527249668795
260123,88329,527728,616057,5.974572337510897
260167,88351,527774,616125,5.973605278944211
260207,88363,527814,616177,5.9732467209125995
260469,88624,528372,616996,5.961951615815129
260540,88675,528478,617153,5.959718071609811
260682,88726,528640,617366,5.958118251696233
260687,88729,528646,617375,5.95798442448354
260705,88737,528660,617397,5.957605057642247
260721,88742,528694,617436,5.957652520790607
260889,88882,529113,617995,5.952982606151977
260944,88920,529276,618196,5.952271704903284
260995,88934,529349,618283,5.952155531067983
261010,88934,529364,618298,5.952324195470799
261033,88942,529396,618338,5.952148591216748
261044,88954,529402,618356,5.9514130899116395
261065,88963,529456,618419,5.951418005238133
261065,88980,529484,618464,5.950595639469544
261115,88993,529598,618591,5.951007382603126
261174,89017,529668,618685,5.950189289686239
261262,89088,529937,619025,5.948466684626437
261417,89144,530192,619336,5.947590415507493
261457,89175,530275,619450,5.946453602467059
261514,89175,530395,619570,5.94779927109616
261537,89189,530420,619609,5.947145948491406
261547,89189,530436,619625,5.947325342811333
261561,89211,530476,619687,5.946307069755972
261666,89252,530623,619875,5.94522251602205
261685,89266,530649,619915,5.944581363565075
261750,89296,530723,620019,5.943412918831751
261767,89304,530749,620053,5.943171638448446
261920,89304,530903,620207,5.9448960852817345
261941,89314,530991,620305,5.9452157556486105
262080,89356,531059,620415,5.943182326872286
262169,89395,531132,620527,5.941406118910454
262222,89414,531187,620601,5.940758717874158
262571,89421,531916,621337,5.948446114447389
262633,89466,532028,621494,5.94670601122214
262675,89483,532107,621590,5.946459103963881
262711,89499,532160,621659,5.945988223332105
262735,89508,532208,621716,5.945926621084149
262757,89525,532243,621768,5.945188494833845
262788,89535,532300,621835,5.9451611101803765
263129,89713,532801,622514,5.938949762018883
263156,89733,532827,622560,5.93791581692354
263251,89740,532833,622573,5.937519500780031
263410,89807,533078,622885,5.935817920652065
263428,89815,533090,622905,5.9354228135612095
263513,89853,533319,623172,5.935461253380521
263563,89853,533401,623254,5.936373855074399
263904,89993,533714,623707,5.930616825753114
263938,90013,533742,623755,5.929610167420262
263969,90027,533781,623808,5.929121263620914
263997,90045,533819,623864,5.928358043200622
264087,90087,534200,624287,5.929823392942378
264116,90099,534218,624317,5.929233398816857
264144,90132,534255,624387,5.927473039542005
264172,90138,534289,624427,5.927455679069871
264184,90144,534306,624450,5.927249733759319
264193,90151,534312,624463,5.926856052622822
264226,90151,534387,624538,5.92768799014986
264332,90156,535395,625551,5.9385398642353255
264428,90203,535519,625722,5.9368202831391415
264429,90209,535523,625732,5.93646975357226
264462,90209,535523,625732,5.93646975357226
264485,90213,535548,625761,5.936483655349007
264499,90222,535582,625804,5.936268315931812
264537,90235,535605,625840,5.935667978057295
264551,90247,535637,625884,5.9352333041541545
264617,90266,535678,625944,5.934438215939556
264677,90280,535706,625986,5.933828090385467
264756,90290,535769,626059,5.933868645475689
264935,90364,535944,626308,5.930945951927759
265029,90396,536029,626425,5.929786716226381
265148,90478,536204,626682,5.92634673622317
265231,90527,536337,626864,5.9246081279618235
265298,90582,536529,627111,5.9231304232629
265371,90636,536613,627249,5.920528266913809
265429,90668,536725,627393,5.919673975382715
265646,90758,537248,628006,5.919566319222548
265832,90904,537643,628547,5.914404206635572
265842,90904,537648,628552,5.914459209715744
265946,90910,538015,628925,5.918105818941811
265965,90921,538035,628956,5.9176097931171014
266002,90946,538097,629043,5.916664834077364
266041,90955,538113,629068,5.916255291078006
266072,90958,538159,629117,5.916565887552497
266770,91295,539718,631013,5.911802398817022
266926,91385,539918,631303,5.9081687366635665
266940,91394,539953,631347,5.907969888614132
267011,91412,540012,631424,5.9074519756705905
267407,91527,540671,632198,5.907229560676084
267618,91692,540916,632608,5.899271474065349
267648,91715,540941,632656,5.898064656817314
267690,91730,541006,632736,5.897808786656491
267720,91739,541036,632775,5.897557200318294
267790,91775,541262,633037,5.897706347044402
267855,91826,541339,633165,5.895269313702002
267875,91838,541359,633197,5.894716783902089
267916,91852,541455,633307,5.894863476026652
268195,91947,541673,633620,5.891143811108574
268211,91957,541707,633664,5.890872907989604
268216,91961,541710,633671,5.890649296984591
268238,91970,541717,633687,5.890148961617919
268327,92000,541840,633840,5.889565217391304
268362,92013,541915,633928,5.889548216012955
268372,92013,541931,633944,5.8897221044852355
268399,92028,541965,633993,5.889131568653019
268449,92040,542040,634080,5.889178617992178
268488,92061,542067,634128,5.888128523478998
268522,92076,542188,634264,5.888483426734437
268537,92076,542188,634264,5.888483426734437
268686,92176,542446,634622,5.88489411560493
268781,92197,542531,634728,5.8844756336974084
268905,92237,542848,635085,5.885360538612487
269016,92282,543074,635356,5.88493964153356
269036,92282,543089,635371,5.8851021867753195
269236,92362,543449,635811,5.883902470713064
269443,92473,543610,636083,5.878580774928898
269470,92493,543640,636133,5.8776339831122355
269539,92556,543789,636345,5.875243096071568
269658,92577,543832,636409,5.874374844723851
269701,92619,543949,636568,5.8729742277502455
270136,92808,544527,637335,5.8672420480993015
270247,92816,544828,637644,5.8699793139113945
270274,92827,544894,637721,5.869994721363397
270374,92878,545093,637971,5.868914059303602
270394,92878,545114,637992,5.86914016236353
270471,92927,545274,638201,5.867767172081311
270494,92931,545312,638243,5.867923513144161
270531,92948,545374,638322,5.8675173215131045
270649,92948,545568,638516,5.869604510048629
270660,92948,545578,638526,5.869712097086543
270814,92977,545985,638962,5.872258730653818
270879,92977,546063,639040,5.873097647805372
270906,92990,546098,639088,5.872652973438004
270953,93016,546176,639192,5.871850004300335
271100,93071,546377,639448,5.870539695501284
271116,93071,546384,639455,5.870614906899034
271130,93075,546417,639492,5.87071716357776
271169,93084,546439,639523,5.870385888015126
271203,93098,546476,639574,5.869900534920192
271271,93120,546507,639627,5.868846649484536
272111,93181,548282,641463,5.884053616080531
272146,93181,548348,641529,5.884761914982668
272160,93186,548377,641563,5.884757366986457
272174,93193,548397,641590,5.884529953966499
272233,93231,548480,641711,5.883021741695359
272271,93246,548502,641748,5.882311305578791
272305,93278,548578,641856,5.881108085507837
272338,93286,548591,641877,5.8807430911390774
272365,93306,548623,641929,5.879825520330954
272508,93402,548921,642323,5.876972655831781
272573,93402,549049,642451,5.878343076165392
272609,93410,549086,642496,5.87823573493202
272731,93461,549222,642683,5.876483238998085
272757,93467,549265,642732,5.876566060748713
272861,93508,549544,643052,5.8769730932112765
272909,93522,549647,643169,5.877194670772653
272951,93540,549706,643246,5.876694462262134
272955,93541,549709,643250,5.876663708961845
272979,93552,549762,643314,5.876539250897896
273007,93554,549787,643341,5.876680847425017
273084,93586,549860,643446,5.875451456414421
273142,93607,549923,643530,5.8748063713183845
273236,93649,550069,643718,5.873730632468045
273288,93681,550160,643841,5.872695637322402
273364,93681,550312,643993,5.874318164835986
273395,93700,550388,644088,5.873938100320171
273397,93701,550392,644093,5.873918101194224
273430,93740,550467,644207,5.872274375933433
273691,93992,550912,644904,5.861264788492638
273702,93995,550918,644913,5.8611415500824515
273740,94016,550984,645000,5.860534377127298
275539,94893,554301,649194,5.8413265467421205
275949,95108,554941,650049,5.834850906338057
275956,95108,554941,650049,5.834850906338057
276009,95159,555022,650181,5.832574953498881
276072,95198,555224,650422,5.832307401415997
276079,95198,555224,650422,5.832307401415997
276298,95213,555318,650531,5.832375831031476
276868,95275,556947,652222,5.845678299658882
276923,95299,557007,652306,5.844835727552231
277370,95527,557670,653197,5.837825954965612
277563,95649,557992,653641,5.833746301581825
277577,95653,558025,653678,5.833847344045665
277607,95664,558075,653739,5.833699197190166
277616,95669,558092,653761,5.833572003470299
277625,95675,558106,653781,5.833352495427228
277690,95693,558141,653834,5.832620985861035
277718,95702,558186,653888,5.8325426845833945
277759,95727,558257,653984,5.831761154115349
277843,95768,558355,654123,5.8302877787987635
277889,95791,558508,654299,5.830485118643714
277937,95791,558620,654411,5.831654330782642
277973,95799,558663,654462,5.831616196411236
278004,95817,558715,654532,5.83106338123715
278058,95834,558795,654629,5.830863785295406
278069,95844,558805,654649,5.830359751262468
278387,95983,559295,655278,5.8270214517154075
278393,95987,559300,655287,5.826830716659548
278710,96169,559694,655863,5.819900383699529
278758,96183,559799,655982,5.820144932056601
278774,96209,559852,656061,5.819122951075263
278777,96209,559861,656070,5.819216497417082
279540,96229,561432,657661,5.8343326855729565
279642,96274,561544,657818,5.8327689718927225
279704,96313,561624,657937,5.8312377353005305
279729,96320,561655,657975,5.831135797342193
279779,96359,561737,658096,5.829626708454841
279784,96364,561749,658113,5.829448756797144
279798,96379,561769,658148,5.8287490013384655
279852,96379,561769,658148,5.8287490013384655
279929,96442,561908,658350,5.826382696335622
280994,96939,562898,659837,5.806723816008005
281164,96996,563062,660058,5.805002268134769
281335,97084,563263,660347,5.801810803015945
281407,97129,563328,660457,5.799792029157101
281416,97135,563337,660472,5.7995264322849645
281813,97135,563955,661090,5.805888711586967
281822,97137,563975,661112,5.805975066143694
281852,97152,564018,661170,5.805521245059288
281940,97186,564103,661289,5.804364826209536
281951,97190,564126,661316,5.804362588743698
282067,97190,564126,661316,5.804362588743698
282085,97190,564146,661336,5.804568371231608
282115,97202,564179,661381,5.804191271784531
282162,97211,564191,661402,5.803777350299863
282171,97217,564200,661417,5.8035117314872915
282331,97313,564361,661674,5.799440979108649
282346,97320,564402,661722,5.79944512946979
282449,97365,564638,662003,5.799188620140708
282471,97382,564666,662048,5.798463781807726
282477,97386,564671,662057,5.7982769597272705
282522,97418,564771,662189,5.797398837997084
282745,97506,565205,662711,5.796617644042418
283034,97736,565915,663651,5.790241057542768
283423,97970,566282,664252,5.78015719097683
284017,98228,567633,665861,5.778729079284929
284072,98228,567772,666000,5.780144154416256
284111,98237,567793,666030,5.7798283742378125
284284,98300,567919,666219,5.7774059003051885
284329,98334,567973,666307,5.775957451135924
284625,98441,568370,666811,5.773712172773539
284701,98463,568445,666908,5.773183835552441
284738,98502,568513,667015,5.771588394144281
284759,98510,568549,667059,5.771485128413359
284810,98510,568665,667175,5.77266267384022
284872,98547,568772,667319,5.771581072990553
284882,98554,568779,667333,5.771242161657568
284921,98566,568814,667380,5.770894628979567
284952,98581,568870,667451,5.7705845954088515
285419,98692,569600,668292,5.771491103635553
285468,98711,569669,668380,5.771079211030179
285634,98768,570141,668909,5.7725275392839785
285763,98801,570295,669096,5.772158176536674
285858,98837,570479,669316,5.771917399354493
285863,98843,570499,669342,5.771769371629756
285874,98850,570514,669364,5.77151239251391
285919,98883,570641,669524,5.770870624879908
285954,98913,570728,669641,5.769999898901054
286097,99033,571017,670050,5.76592650934537
286185,99094,571185,670279,5.7640724968212
286228,99109,571257,670366,5.763926585880193
286335,99156,571353,670509,5.762162652789543
286498,99233,571572,670805,5.759898420888213
286514,99241,571589,670830,5.759605405024133
286651,99267,571887,671154,5.761098854604249
286673,99283,571912,671195,5.760422227370245
287314,99296,572873,672169,5.769346197228488
287317,99297,572877,672174,5.769328378500861
287454,99382,573201,672583,5.767654102352538
287536,99433,573330,672763,5.765993181338188
287657,99435,573687,673122,5.769467491325992
287669,99452,573710,673162,5.7687125447452035
287679,99457,573719,673176,5.768513025729712
287859,99529,574088,673617,5.768047503742628
289703,100250,576710,676960,5.752718204488778
289721,100265,576763,677028,5.7523861766319255
289741,100265,576784,677049,5.752595621602753
289764,100281,576801,677082,5.751847309061537
290136,100526,577492,678018,5.7447028629409305
290211,100574,577612,678186,5.743154294350428
290221,100583,577625,678208,5.742769652923457
290280,100628,577765,678393,5.741592797233374
290291,100632,577786,678418,5.741573257015661
290325,100646,577875,678521,5.741658883611867
290341,100646,577901,678547,5.741917214792441
290365,100670,577943,678613,5.740965530942684
290486,100778,578194,678972,5.737303776617913
290507,100790,578226,679016,5.736938188312332
290563,100804,578358,679162,5.737450894805762
290771,100836,578447,679283,5.736512753381729
290929,100884,578522,679406,5.734526783236192
291138,100951,578683,679634,5.7323156779031414
291159,100959,578698,679657,5.7320100238710765
291231,101008,578838,679846,5.730615396800253
291275,101024,578855,679879,5.7298760690528985
292497,101543,583762,685305,5.748914253075052
292521,101567,583814,685381,5.748067777919994
292575,101588,583929,685517,5.748011576170414
292637,101622,584021,685643,5.746993761193442
292648,101637,584036,685673,5.746293180633037
292796,101637,584036,685673,5.746293180633037
292862,101688,584164,685852,5.744669970891354
292871,101697,584175,685872,5.744269742470279
292885,101707,584190,685897,5.743852438868514
292904,101716,584214,685930,5.743580164379252
292937,101739,584266,686005,5.742792832640384
292969,101754,584344,686098,5.742712817186548
293026,101785,584419,686204,5.741700643513288
293134,101849,584520,686369,5.739084330724896
293180,101874,584584,686458,5.738304179672929
293205,101893,584662,686555,5.737999666316626
293260,101912,584748,686660,5.737773765601696
293424,102016,584917,686933,5.733581006900878
293427,102016,584922,686938,5.733630018820577
293480,102049,585016,687065,5.7326970376975765
293494,102056,585031,687087,5.732450811319276
293539,102090,585126,687216,5.731472230384955
293546,102093,585131,687224,5.731352786185145
293639,102145,585223,687368,5.729335748201087
293669,102171,585267,687438,5.728308424112517
293720,102202,585396,687598,5.727833114811843
293783,102236,585504,687740,5.726984623811573
293968,102312,585722,688034,5.724861208851356
293989,102329,585751,688080,5.72419353262516
295340,103053,588126,691179,5.707024540770283
295351,103056,588138,691194,5.70697484862599
295366,103056,588145,691201,5.707042772861357
295367,103056,588147,691203,5.707062179785748
295474,103056,588384,691440,5.709361900326036
295762,103147,588860,692007,5.708939668628268
295784,103154,588907,692061,5.709007891114257
295821,103154,588955,692109,5.709473214805048
295846,103176,589014,692190,5.7088276343335655
295881,103176,589065,692241,5.709321935333799
295894,103184,589074,692258,5.7089665064351065
297121,103685,590546,694231,5.695577952452139
297122,103685,590546,694231,5.695577952452139
297172,103719,590653,694372,5.694742525477492
297202,103732,590704,694436,5.694520495122045
297209,103733,590718,694451,5.694600561055787
297230,103757,590767,694524,5.69375560203167
297255,103757,590807,694564,5.694141118189616
297377,103793,591064,694857,5.694642220573642
297410,103829,591116,694945,5.693168575253542
297425,103832,591144,694976,5.693273749903691
297452,103841,591152,694993,5.692857349216591
297508,103890,591279,695169,5.691394744441236
297524,103896,591291,695187,5.691181566181566
297569,103912,591438,695350,5.691719916852722
297633,103944,591581,695525,5.691343415685369
297691,103984,591683,695667,5.690135020772426
297735,104011,591775,695786,5.689542452240628
297770,104032,591809,695841,5.688720778222086
297846,104078,591896,695974,5.687042410499817
297922,104158,592002,696160,5.68369208318132
297944,104177,592037,696214,5.682991447248433
298014,104216,592149,696365,5.681939433484302
298120,104280,592276,696556,5.679670118910625
298125,104282,592280,696562,5.67959954738114
298180,104324,592358,696682,5.67806065718339
298295,104353,592624,696977,5.679031748009161
298408,104447,592807,697254,5.675672829281837
298445,104475,592868,697343,5.674735582675281
298457,104484,592874,697358,5.674304199686076
298622,104493,593815,698308,5.682820858813509
298800,104525,593955,698480,5.682420473570916
298818,104525,593965,698490,5.682516144463047
298954,104612,594086,698698,5.67894696593125
299019,104649,594205,698854,5.678076235797762
299076,104668,594307,698975,5.678020025222609
299097,104677,594327,699004,5.677722899968474
299145,104695,594437,699132,5.677797411528727
299412,104827,595055,699882,5.676543256985319
299447,104834,595136,699970,5.676936871625617
299450,104834,595145,699979,5.67702272163611
299520,104883,595248,700131,5.6753525356826175
299530,104886,595267,700153,5.6753713555669965
299622,104967,595428,700395,5.67252565091886
299633,104974,595448,700422,5.672337912244937
299671,104985,595462,700447,5.67187693480021
299791,105027,595661,700688,5.671503518142954
299805,105036,595681,700717,5.671207966792338
299831,105044,595730,700774,5.671242526941091
300089,105172,596040,701212,5.667287871296542
300100,105183,596066,701249,5.666942376619796
300152,105206,596129,701335,5.666302302150068
300212,105254,596297,701551,5.665314382351265
300238,105264,596324,701588,5.665032679738562
300280,105277,596403,701680,5.665083541514291
300292,105300,596434,701734,5.664140550807217
300368,105355,596557,701912,5.662351098666414
300377,105364,596591,701955,5.662190121863255
300398,105372,596636,702008,5.6621872983335235
300465,105418,596780,702198,5.661082547572521
300498,105439,596825,702264,5.660381832149395
300535,105466,596895,702361,5.659596457626154
300579,105517,596984,702501,5.657704445729125
300602,105534,597014,702548,5.657077340004169
300622,105538,597052,702590,5.657222990771096
300682,105563,597123,702686,5.656555800801417
300789,105602,597180,702782,5.65500653396716
300807,105606,597194,702800,5.654924909569532
300816,105609,597202,702811,5.654840023104091
301327,105691,597415,703106,5.652468043636639
301365,105707,597460,703167,5.652038181009773
301429,105736,597567,703303,5.6514999621699324
301479,105751,597599,703350,5.65100093616136
301505,105772,597636,703408,5.650228794009757
301548,105793,597712,703505,5.649825602828164
301617,105823,597796,703619,5.649017699365922
301692,105869,597917,703786,5.6477061273838425
301747,105894,597977,703871,5.646939392222411
301868,105894,598191,704085,5.648960281035753
301941,105952,598300,704252,5.6468967079432195
302069,105986,598390,704376,5.645934368690204
302326,106152,598760,704912,5.640590850855377
302396,106152,598881,705033,5.641730725751752
302806,106324,599367,705691,5.637175049847635
302825,106339,599386,705725,5.636558553305937
302953,106381,599635,706016,5.6366738421334635
303208,106458,599846,706304,5.634578894963272
303216,106459,599862,706321,5.634676260344358
303237,106479,599885,706364,5.633833901520488
303312,106479,599885,706364,5.633833901520488
303479,106479,600178,706657,5.636585617821354
303511,106506,600240,706746,5.635738831615121
303584,106572,600395,706967,5.633703036444845
303833,106572,600477,707049,5.634472469316519
303867,106587,600524,707111,5.63412048373629
303912,106601,600582,707183,5.633924634853331
303960,106638,600616,707254,5.632288677582101
304018,106668,600699,707367,5.631482731465857
304086,106703,600759,707462,5.630197838861138
304098,106709,600788,707497,5.630153033015022
304169,106773,600851,707624,5.627368342183885
304597,106781,601751,708532,5.6353752071997825
304639,106800,601820,708620,5.635018726591761
304710,106809,601842,708651,5.634749880628037
304871,106867,602171,709038,5.634770321989015
304973,106869,602432,709301,5.6371071124460785
304985,106869,602461,709330,5.637378472709579
305037,106887,602520,709407,5.636981110892812
305048,106894,602531,709425,5.636714876419631
305097,106894,602531,709425,5.636714876419631
305122,106902,602545,709447,5.63642401451797
305126,106905,602546,709451,5.63627519760535
305152,106916,602562,709478,5.635844962400389
305261,106946,602964,709910,5.638022927458717
305302,106967,603303,710270,5.6400852599399816
305342,106987,603403,710390,5.639965603297597
305366,107005,603431,710436,5.639278538386057
305434,107048,603536,710584,5.637994170839249
305563,107125,603726,710851,5.6357152858809805
305601,107141,603772,710913,5.635303011918873
305611,107141,603788,710929,5.635452347840696
305622,107141,603798,710939,5.635545682791835
305714,107187,603937,711124,5.634423950665659
305724,107187,603953,711140,5.6345732224989975
305755,107209,604001,711210,5.63386469419545
305804,107228,604043,711271,5.633258104226508
305872,107235,604114,711349,5.63355247820208
306211,107460,604768,712228,5.62784291829518
306324,107486,604916,712402,5.627858511806188
306378,107486,605074,712560,5.6293284706845546
306415,107518,605129,712647,5.628164586394837
306774,107677,605687,713364,5.6250359872581885
306857,107708,605757,713465,5.624066921677127
306865,107714,605769,713483,5.62386505003992
306891,107726,605810,713536,5.623619181998775
306920,107750,605857,713607,5.6228027842227375
306938,107766,605900,713666,5.622366980309188
306971,107775,606027,713802,5.623075852470424
307008,107786,606050,713836,5.622715380476128
307065,107819,606135,713954,5.621782802660014
307075,107826,606141,713967,5.621473485059262
307130,107850,606170,714020,5.620491423273064
307134,107850,606172,714022,5.62050996754752
307227,107947,606294,714241,5.616589622685207
307573,107983,606589,714572,5.6174490429049015
307615,108013,606659,714672,5.616536898336311
307759,108033,606919,714952,5.61790378865717
307841,108095,607077,715172,5.616143207363893
307896,108111,607105,715216,5.615571033474855
307940,108124,607168,715292,5.615478524656876
308187,108294,607819,716113,5.612674755757475
308214,108297,607832,716129,5.612639315955198
308825,108601,608575,717176,5.603769762709367
309094,108722,608887,717609,5.600402862346168
309104,108725,608896,717621,5.600331110600138
309126,108736,608938,717674,5.600150824014126
309149,108741,608948,717689,5.599985286138623
309342,108778,609163,717941,5.60005699681921
309366,108789,609207,717996,5.599895209993657
309430,108831,609310,718141,5.598680523012744
309456,108837,609356,718193,5.598794527596314
309677,109080,609941,719021,5.5916850018335165
309693,109103,609968,719071,5.590753691465863
309888,109237,610305,719542,5.586980601810742
310178,109341,610478,719819,5.583248735606954
310206,109371,610543,719914,5.582311581680702
310237,109390,610570,719960,5.581588810677393
310342,109439,610761,720200,5.580834985699796
310530,109604,611095,720699,5.575480821867815
310557,109614,611161,720775,5.575574287955918
310561,109614,611163,720777,5.575592533800427
310611,109652,611219,720871,5.574171013752599
310673,109690,611414,721104,5.574017686206582
310779,109722,611528,721250,5.573431034797032
310810,109735,611610,721345,5.5735180206861985
310812,109736,611613,721349,5.5734945687832615
310820,109742,611618,721360,5.573235406681125
310834,109742,611644,721386,5.573472326000984
310924,109763,611691,721454,5.572834197316036
311244,109939,612299,722238,5.5694430547849265
311264,109949,612322,722271,5.5691456948221445
311296,109972,612357,722329,5.568299203433601
311308,109983,612372,722355,5.567878672158424
311739,110264,613561,723825,5.56447253863455
312040,110265,613562,723827,5.564431143155126
312144,110335,613732,724067,5.562441654959895
312155,110343,613744,724087,5.562147123061726
312178,110347,613771,724118,5.562190181880794
312813,110515,614892,725407,5.563878206578292
312909,110548,615215,725763,5.565139125085936
312915,110555,615219,725774,5.564822938808738
313005,110578,615303,725881,5.5644251116858685
313064,110600,615382,725982,5.564032549728752
313120,110600,615470,726070,5.564828209764919
313132,110618,615505,726123,5.564239093095156
313145,110625,615533,726158,5.56414011299435
313525,110783,616091,726874,5.561241345693834
313578,110820,616218,727038,5.560530590146183
313662,110875,616351,727226,5.558971815107102
313744,110912,616489,727401,5.558361583958454
313829,110987,616672,727659,5.556254336093416
313832,110987,616681,727668,5.556335426671592
313903,111013,616808,727821,5.556178105266951
313980,111028,617021,728049,5.5573458947292576
314195,111129,617396,728525,5.55566953720451
314399,111270,617744,729014,5.551756987507864
314592,111279,618862,730141,5.561354792907916
314604,111283,618892,730175,5.56142447633511
314607,111283,618901,730184,5.56150535122166
314647,111293,618953,730246,5.561472868913588
319838,111814,629192,741006,5.627130770744272
319959,111814,629406,741220,5.629044663458958
319987,111839,629442,741281,5.62810826277059
320001,111846,629453,741299,5.627854371188956
320035,111867,629508,741375,5.6272895491968145
320251,111957,629780,741737,5.625195387514849
320378,111995,630060,742055,5.6257868654850665
320515,112029,630371,742400,5.626855546331753
320847,112260,630859,743119,5.619624086941029
321013,112272,631831,744103,5.62768098902665
321053,112290,631877,744167,5.627188529699884
321069,112297,631897,744194,5.627015859729111
321205,112297,632126,744423,5.6290550949713705
321490,112332,632291,744623,5.628770074422248
321502,112342,632302,744644,5.628366950917734
321556,112397,632415,744812,5.6266181481712145
321579,112401,632423,744824,5.626489088175372
321603,112408,632446,744854,5.626343320760088
321654,112437,632540,744977,5.625728185561693
321676,112445,632556,745001,5.625470229890168
321745,112498,632667,745165,5.623806645451475
322493,112918,634094,747012,5.61552631112843
322550,112938,634164,747102,5.615151676140892
322568,112943,634180,747123,5.615044757089859
322838,113044,634548,747592,5.613283323307739
322858,113052,634584,747636,5.61320454304214
322877,113065,634605,747670,5.612744881262991
322928,113100,634692,747792,5.6117771883289125
323007,113169,634789,747958,5.609212770281614
323140,113276,634994,748270,5.60572407217769
323194,113291,635102,748393,5.6059351581325965
323198,113291,635111,748402,5.606014599571016
323684,113551,636951,750502,5.609382568185221
323849,113617,637133,750750,5.607725956502988
323860,113620,637138,750758,5.607621897553248
324334,113894,637780,751674,5.599768205524435
324432,113968,637952,751920,5.5976414432121295
324487,114006,638052,752058,5.596652807746961
324531,114020,638064,752084,5.596070864760568
324613,114061,638173,752234,5.595014948141784
324659,114071,638219,752290,5.5949277204548045
324710,114071,638335,752406,5.5959446309754455
324792,114119,638643,752762,5.596289837800892
324806,114119,638667,752786,5.596500144585915
324836,114128,638705,752833,5.596391770643488
325437,114350,639393,753743,5.5915435067774375
325463,114363,639438,753801,5.5913013824401245
325495,114380,639506,753886,5.591064871481028
325566,114432,639656,754088,5.5898350111856825
325611,114477,639731,754208,5.588292844850931
325629,114494,639791,754285,5.587987143431097
325742,114555,639902,754457,5.585980533368251
325777,114567,639951,754518,5.585823142789809
325778,114567,639953,754520,5.585840599823684
325840,114567,639970,754537,5.585988984611625
326157,114794,640676,755470,5.581093088488945
326158,114794,640678,755472,5.581110511002318
326200,114835,640745,755580,5.579701310576044
326246,114857,640825,755682,5.579329078767511
326304,114876,640957,755833,5.579555346634632
326315,114883,640960,755843,5.57924148916724
326556,115013,641518,756531,5.577786858876823
326580,115029,641545,756574,5.577245738031279
326588,115035,641559,756594,5.577076541922024
326611,115049,641579,756628,5.576571721614268
327112,115403,642669,758072,5.568910686897221
327130,115416,642707,758123,5.568612670686907
327150,115427,642725,758152,5.568237933932269
327163,115433,642742,758175,5.568095778503547
327249,115433,642812,758245,5.56870219088129
327256,115438,642825,758263,5.568573606611341
327279,115453,642897,758350,5.568473751223442
327565,115597,643404,759001,5.5659229910810835
327593,115625,643458,759083,5.565042162162162
327828,115639,644158,759797,5.570421743529432
327852,115642,644176,759818,5.570432887705159
327922,115642,644446,760088,5.572767679562789
327968,115682,644510,760192,5.571393993879774
328012,115692,644545,760237,5.571214950039761
328028,115710,644588,760298,5.5707199032062915
328040,115716,644592,760308,5.570465622731515
328079,115730,644706,760436,5.570776808087791
328091,115737,644725,760462,5.570604041922635
328141,115772,644794,760566,5.5695159451335385
328200,115801,644809,760610,5.568250705952453
328296,115845,644903,760748,5.566947213949674
328398,115906,644990,760896,5.564768001656515
328409,115912,645028,760940,5.564807785216371
328478,115922,645150,761072,5.565380169424268
328508,115939,645186,761125,5.56487463234977
328671,116034,645337,761371,5.5616198700380926
328756,116073,645460,761533,5.560810869022081
328808,116090,645518,761608,5.560496166767163
328854,116120,645581,761701,5.559602135721668
330091,116310,646281,762591,5.556538560742842
330219,116313,646617,762930,5.559284000928529
330230,116319,646644,762963,5.559229360637557
330286,116336,646735,763071,5.559199216063815
330304,116349,646772,763121,5.55889607989755
330353,116359,646791,763150,5.558581630986859
330370,116364,646809,763173,5.558497473445396
330401,116368,646845,763213,5.558615770658601
330474,116423,646927,763350,5.556694124013297
330607,116480,647009,763489,5.554678914835165
331469,116876,648346,765222,5.547297991033232
331594,116878,648715,765593,5.550360204657848
331719,116951,648952,765903,5.548922198185565
331881,117082,649263,766345,5.545369911685827
331907,117086,649282,766368,5.545342739524794
331980,117118,649439,766557,5.5451681210403185
331985,117121,649445,766566,5.545077313206001
332050,117146,649573,766719,5.544986597920544
332110,117158,649647,766805,5.545050273988972
333891,117940,652407,770347,5.531685602848906
334217,118163,652977,771140,5.526069920364242
334313,118229,653068,771297,5.523754747143256
334816,118656,654373,773029,5.514874932578209
334834,118663,654397,773060,5.51475186031029
334864,118669,654408,773077,5.514565724831253
334872,118669,654408,773077,5.514565724831253
334907,118676,654488,773164,5.514914557282012
334974,118719,654714,773433,5.514820711090895
335051,118749,654797,773546,5.514126434748924
335569,118809,656519,775328,5.5258355848462655
336210,118814,657485,776299,5.533733398421061
336242,118817,657503,776320,5.533745171145543
336264,118827,657534,776361,5.533540356989573
336318,118889,657669,776558,5.53179015720546
336327,118892,657688,776580,5.531810382532046
336350,118905,657712,776617,5.531407426096464
336363,118909,657753,776662,5.531566155631618
336482,118972,657953,776925,5.530318058030461
336491,118974,657969,776943,5.5303595743607845
336787,119128,658385,777513,5.5267023705593985
336846,119162,658524,777686,5.526291938705292
336859,119166,658560,777726,5.526408539348472
337409,119429,659462,778891,5.521791189744534
337503,119454,659644,779098,5.522159157499958
337897,119462,660158,779620,5.52609197903936
337912,119474,660170,779644,5.525637377169928
337938,119498,660212,779710,5.5248790774741
338027,119513,660612,780125,5.527532569678613
338061,119513,660714,780227,5.528386033318551
338094,119523,660736,780259,5.528107560887863
338670,119529,661395,780924,5.533343372737996
338710,119557,661444,781001,5.532457321612285
338725,119564,661465,781029,5.532309056237663
338745,119580,661484,781064,5.531727713664492
338753,119583,661498,781081,5.531706011724075
338755,119584,661499,781083,5.531668116135938
338940,119674,661803,781477,5.530048297875896
338966,119681,661831,781512,5.529958807162373
338986,119687,661855,781542,5.52988210916808
339008,119687,661879,781566,5.530082632198986
339055,119711,661927,781638,5.529374911244581
339095,119748,662012,781760,5.528376256805959
339145,119779,662080,781859,5.527513170088246
339327,119817,662146,781963,5.526310957543587
340399,120089,664518,784607,5.533545953417882
340413,120099,664558,784657,5.533418263266139
340531,120128,664792,784920,5.534030367607885
340601,120137,664920,785057,5.534681238918901
340607,120145,664939,785084,5.5344708477256646
340727,120192,665081,785273,5.533488085729499
340750,120198,665109,785307,5.533444816053512
340907,120276,665528,785804,5.533339984701852
341247,120457,665926,786383,5.528329611396598
341265,120480,665979,786459,5.527714143426294
341318,120506,666039,786545,5.527019401523575
341448,120587,666367,786954,5.526026851982386
341493,120627,666431,787058,5.524724978653204
341672,120765,666696,787461,5.5206061358837415
341758,120811,666877,787688,5.520002317669749
341765,120815,666884,787699,5.519877498654968
341960,120863,667418,788281,5.522103538717391
341998,120870,667438,788308,5.5219492016215765
342107,120913,667799,788712,5.5229710618378505
342151,120922,667847,788769,5.52295694745373
342180,120936,667889,788825,5.522664880598002
342204,120943,667918,788861,5.522585019389299
342330,121024,668124,789148,5.5205909571655205
342524,121130,668512,789642,5.518963097498555
342677,121156,668831,789987,5.520411700617386
342753,121219,668936,790155,5.51840883029888
342769,121226,669039,790265,5.518939831389306
342807,121244,669093,790337,5.518565867176933
342838,121244,669173,790417,5.519225693642572
342874,121270,669233,790503,5.5185371485115855
342878,121270,669235,790505,5.518553640636596
342896,121278,669249,790527,5.5183050512046705
342928,121292,669288,790580,5.517989644824061
342950,121303,669333,790636,5.5178602342893415
343017,121320,669390,790710,5.5175568743818
343128,121371,669554,790925,5.516589630142291
343152,121389,669573,790962,5.515928131873563
343154,121389,669575,790964,5.515944607831022
343293,121508,669810,791318,5.5124765447542545
343314,121512,669840,791352,5.512541971163342
343367,121545,669998,791543,5.512345221934263
343393,121554,670028,791582,5.512183885351367
343396,121554,670037,791591,5.512257926518255
343436,121579,670112,791691,5.511741336908512
343466,121597,670158,791755,5.5113037328223555
343482,121607,670177,791784,5.511006767702517
343699,121717,670406,792123,5.507907687504622
343715,121717,670432,792149,5.508121297764487
343759,121760,670530,792290,5.506980946123521
343791,121777,670572,792349,5.506557067426526
343852,121816,670636,792452,5.50531949825967
343880,121825,670732,792557,5.50570080032834
343940,121880,670871,792751,5.504356744338693
344698,122106,671398,793504,5.49848492293581
344729,122119,671445,793564,5.498284460239602
344894,122155,671579,793734,5.497761041299988
344918,122162,671606,793768,5.49766703230137
344931,122168,671614,793782,5.497462510641085
344992,122189,671652,793841,5.496828683433042
345044,122218,671754,793972,5.496358965127886
345155,122263,671925,794188,5.49573460490909
345196,122282,671974,794256,5.495281398734074
345235,122288,672031,794319,5.495477888263771
345349,122323,672167,794490,5.495017290288826
345351,122323,672171,794494,5.495049990598661
345420,122340,672315,794655,5.4954634624816086
345438,122352,672336,794688,5.49509611612397
345508,122405,672445,794850,5.493607287284016
345523,122435,672478,794913,5.492530730591742
345541,122454,672509,794963,5.4919316641351035
345792,122511,672958,795469,5.493041441176711
345840,122515,673027,795542,5.493425294861853
345873,122532,673069,795601,5.493005908660595
346389,122543,674291,796834,5.502484842055442
347229,122543,676127,798670,5.517467337995642
347257,122562,676172,798734,5.516979161567207
347288,122562,676242,798804,5.51755030107211
347309,122569,676267,798836,5.517439156719888
347343,122584,676298,798882,5.517016902695294
347500,122585,676616,799201,5.519566015417873
347550,122588,676725,799313,5.520320096583679
348571,122909,677610,800519,5.513103190165081
348683,122940,677687,800627,5.512339352529689
348994,123048,678425,801473,5.513498797217346
349061,123072,678482,801554,5.512886765470618
349113,123095,678557,801652,5.512465981558958
349151,123123,678607,801730,5.511618462837975
349152,123123,678609,801732,5.511634706756658
349207,123130,678799,801929,5.512864452204987
349230,123130,678820,801950,5.513035003654674
349241,123130,678837,801967,5.513173069113945
349292,123135,678856,801991,5.513103504283916
349321,123149,678890,802039,5.512752844115664
349336,123159,678905,802064,5.512427025227551
349358,123164,678909,802073,5.512235718229353
349423,123187,678968,802155,5.511685486293197
349436,123205,679013,802218,5.511245485166998
349505,123228,679098,802326,5.510906612133606
349514,123239,679110,802349,5.510512094385706
349630,123316,679325,802641,5.508814752343572
349665,123330,679389,802719,5.508708343468743
349687,123346,679428,802774,5.508309957355731
349707,123346,679449,802795,5.50848021014058
349765,123389,679522,802911,5.507152177260534
349870,123407,679564,802971,5.506689247773627
350110,123407,680142,803549,5.511372936705373
350119,123410,680156,803566,5.51135240256057
350712,123419,681445,804864,5.521394598886719
350833,123419,681659,805078,5.523128529642924
350907,123474,681769,805243,5.521559194648266
350910,123476,681775,805251,5.521518351744469
350954,123500,681816,805316,5.520777327935223
351109,123514,682124,805638,5.5226452062114415
351222,123550,682417,805967,5.523407527316876
351283,123576,682518,806094,5.523062730627307
351334,123635,682670,806305,5.521656488858333
351383,123649,682769,806418,5.521831959821753
351384,123649,682771,806420,5.52184813463918
351438,123672,682817,806489,5.521193156090304
351582,123672,683016,806688,5.522802251115855
351637,123707,683085,806792,5.521797473061347
351730,123747,683244,806991,5.521297485999661
351739,123749,683264,807013,5.521369869655512
351806,123755,683331,807086,5.52164356995677
351811,123758,683337,807095,5.521558202298033
351848,123783,683378,807161,5.520774258177617
352761,124346,685082,809428,5.509481607771862
353028,124430,685573,810003,5.509708269709877
353202,124430,685794,810224,5.511484368721369
353291,124451,685858,810309,5.511068613349832
353292,124451,685860,810311,5.511084683931829
353552,124551,686321,810872,5.5103612174932355
353560,124556,686343,810899,5.510316644722053
353664,124580,686539,811119,5.510828383368117
353740,124636,686705,811341,5.50968420039154
353771,124654,686746,811400,5.509217514078971
353924,124739,686935,811674,5.506978571256784
354054,124797,687074,811871,5.505532985568563
354092,124822,687155,811977,5.505079232827547
354117,124843,687189,812032,5.504425558501478
354149,124864,687234,812098,5.503860199897488
354232,124936,687363,812299,5.501720881091119
354381,125024,687546,812570,5.499312132070642
354394,125030,687561,812591,5.499168199632089
354406,125033,687577,812610,5.499164220645749
354496,125098,687753,812851,5.497713792386769
354526,125115,687802,812917,5.497358430244176
354547,125120,687838,812958,5.497426470588235
354600,125161,687930,813091,5.496360687434584
354603,125161,687937,813098,5.496416615399365
354654,125182,688036,813218,5.496285408445304
354730,125227,688251,813478,5.4960272145783255
354748,125245,688291,813536,5.4955567088506525
354755,125245,688291,813536,5.4955567088506525
354771,125255,688306,813561,5.495237715061275
354798,125277,688351,813628,5.4946318957190865
354801,125277,688360,813637,5.494703736519872
354874,125306,688429,813735,5.493982730276284
354998,125337,688525,813862,5.493389821042469
355168,125420,688727,814147,5.491365013554457
355217,125435,688760,814195,5.490971419460278
355228,125441,688766,814207,5.49075661067753
355280,125469,688835,814304,5.490081215280268
355337,125503,688911,814414,5.489199461367457
355359,125516,688968,814484,5.489085056885178
355439,125559,689121,814680,5.488423768905455
355452,125559,689128,814687,5.488479519588401
357285,125572,691605,817177,5.507637052846176
357382,125681,691727,817408,5.503831128014577
357426,125701,691808,817509,5.503599812252886
357458,125719,691850,817569,5.503145904755844
357480,125725,691909,817634,5.503352555179957
357533,125747,692018,817765,5.503256538923393
357907,125940,692496,818436,5.498618389709385
357965,125951,692645,818596,5.499321164579876
358082,126021,693065,819086,5.499599273137017
358149,126021,693217,819238,5.5008054213186695
358166,126024,693241,819265,5.500864914619438
358182,126024,693256,819280,5.5009839395670665
358367,126044,693510,819554,5.502126241629907
358392,126063,693572,819635,5.50178878814561
358445,126102,693633,819735,5.5005709663605655
358461,126102,693659,819761,5.500777148657436
358580,126118,693728,819846,5.500626397500754
358602,126131,693743,819874,5.5001783859638
358677,126151,693850,820001,5.500154576658132
358833,126226,694142,820368,5.499199847891877
358851,126232,694155,820387,5.499041447493504
358939,126290,694355,820645,5.4980996120041175
358961,126297,694365,820662,5.497874058766241
359020,126339,694431,820770,5.496568755491179
359023,126339,694440,820779,5.496639992401397
359045,126341,694447,820788,5.496608385243112
359062,126356,694473,820829,5.496161638545063
359228,126414,694834,821248,5.496495641305551
359262,126414,694866,821280,5.496748777825241
359267,126414,694866,821280,5.496748777825241
359287,126421,694893,821314,5.49665799194754
359329,126449,694949,821398,5.495883715964539
359339,126456,694956,821412,5.4956348453216926
359404,126489,695071,821560,5.495110246740824
359425,126497,695097,821594,5.494968260116841
359479,126548,695265,821813,5.494081297215286
359493,126559,695309,821868,5.493951437669387
359518,126581,695342,821923,5.493257281898547
359639,126581,695486,822067,5.4943948933884235
361978,127387,697853,825240,5.478212062455353
362008,127397,697920,825317,5.47830796643563
362029,127399,697920,825319,5.478221964065652
362073,127421,698005,825426,5.477943196176454
362101,127429,698034,825463,5.477826868295286
362121,127437,698047,825484,5.47758500278569
362202,127473,698183,825656,5.477104955559216
362243,127498,698257,825755,5.476611397825848
362251,127499,698267,825766,5.47664687566177
362251,127502,698309,825811,5.4768474220012235
362300,127543,698352,825895,5.475423974659527
362309,127543,698352,825895,5.475423974659527
362314,127547,698362,825909,5.475330662422479
362435,127556,699011,826567,5.480032299539026
362601,127556,699426,826982,5.48328577252344
362665,127603,699665,827268,5.483139111149424
362669,127603,699675,827278,5.483217479212871
362839,127631,699830,827461,5.483228996090292
362851,127631,699845,827476,5.483346522396596
362948,127651,699904,827555,5.482949604781788
363116,127758,700132,827890,5.480142143740509
363167,127787,700191,827978,5.479360185308365
363188,127812,700230,828042,5.478593559290207
363202,127813,700251,828064,5.478714997691941
363461,127988,700579,828567,5.473786604994218
363667,128147,700896,829043,5.469468657089124
363802,128232,701062,829294,5.467137687940608
363819,128254,701134,829388,5.466761270603646
363949,128255,701519,829774,5.469720478733772
363952,128255,701528,829783,5.4697906514365915
363962,128255,701544,829799,5.469915402908269
363971,128262,701550,829812,5.469663657201665
364094,128262,701849,830111,5.471994823096474
364990,128454,703370,831824,5.47565665530073
365270,128635,703751,832386,5.470913825941618
365290,128643,703777,832420,5.47077571263108
365359,128695,703908,832603,5.469583122887447
365426,128698,704064,832762,5.470667764844831
365434,128698,704064,832762,5.470667764844831
365450,128702,704073,832775,5.470567667946108
365465,128702,704096,832798,5.470746375347702
365521,128719,704183,832902,5.470699741296934
365530,128726,704203,832929,5.470557618507527
365532,128726,704208,832934,5.47059646069947
365553,128745,704238,832983,5.470022136782011
365586,128750,704254,833004,5.469933980582525
365756,128814,704482,833296,5.46898629031006
365763,128817,704500,833317,5.468998657009556
365792,128841,704542,833383,5.468305896414961
365820,128857,704570,833427,5.467844199383813
365850,128873,704649,833522,5.467778355435196
365946,128948,704778,833726,5.465598535843906
365986,128957,704868,833825,5.465914994920787
366183,129033,705225,834258,5.465462323591639
366377,129033,705622,834655,5.468539055900429
366386,129040,705642,834682,5.468397396156231
366414,129061,705679,834740,5.467794298819938
366417,129061,705681,834742,5.4678097953680815
366462,129096,705735,834831,5.466745677635248
366660,129179,706016,835195,5.465408464224061
366692,129206,706067,835273,5.464661083850595
366787,129224,706152,835376,5.464557667306383
366825,129258,706209,835467,5.463561249593836
367022,129328,706603,835931,5.463650562909811
367339,129589,707412,837001,5.4588892575758745
367448,129685,707601,837286,5.456305663723638
367590,129764,708030,837794,5.45628988009001
367857,129915,708510,838425,5.453642766424201
367887,129925,708536,838461,5.4534231287281125
368227,130069,708944,839013,5.450522415025871
368254,130078,709003,839081,5.450598871446363
368297,130107,709082,839189,5.449991161121231
368302,130109,709088,839197,5.449953500526481
368631,130205,709336,839541,5.447839944702585
368651,130219,709375,839594,5.447553736397914
368760,130274,709565,839839,5.44671231404578
368832,130315,709697,840012,5.4460115873076775
368845,130322,709717,840039,5.445872531115238
368855,130331,709744,840075,5.445703631522815
368858,130333,709746,840079,5.445635410832253
368901,130350,709797,840147,5.445316455696203
368929,130367,709821,840188,5.444790476117422
368932,130368,709824,840192,5.444771723122239
368953,130372,709837,840209,5.4447043843770135
368992,130394,709869,840263,5.44403116707824
369070,130399,709956,840355,5.444489604981634
369081,130399,709978,840377,5.444658317931886
369092,130406,709997,840403,5.444511755594068
369134,130429,710044,840473,5.443912013432596
369460,130561,710539,841100,5.4421994316832745
369527,130598,710673,841271,5.4416836398719735
369919,130804,711200,842004,5.437142595027675
369929,130808,711214,842022,5.437083358815975
369938,130813,711220,842033,5.43692140689381
369938,130988,711766,842754,5.4338259993281826
370094,131038,711881,842919,5.432630229399106
370118,131054,711922,842976,5.432279823584172
370273,131163,712251,843414,5.430273781478008
370364,131188,712443,843631,5.430702503277739
370409,131188,712443,843631,5.430702503277739
370661,131277,712713,843990,5.429077446925204
371390,131277,713550,844827,5.435453278182774
371620,131427,713966,845393,5.432414952787479
371729,131438,714146,845584,5.433329782863403
371838,131462,714235,845697,5.433014863610778
371948,131503,714417,845920,5.432704957301354
371993,131515,714489,846004,5.432756719765806
372001,131521,714492,846013,5.432531686954935
372011,131523,714507,846030,5.432563125841107
372098,131578,714592,846170,5.43093830275578
372103,131582,714598,846180,5.430818805003724
372168,131641,714725,846366,5.42934951876695
372235,131665,714860,846525,5.429385182090913
372259,131674,714880,846554,5.4291659705029085
372305,131713,714973,846686,5.428264484143554
372651,131721,715295,847016,5.430379362440309
372832,131740,715465,847205,5.430886594807955
372891,131779,715561,847340,5.430007816116377
373040,131810,715613,847423,5.4291252560503755
373110,131839,715757,847596,5.4290232783925845
373124,131848,715793,847641,5.428925732661853
373144,131849,715808,847657,5.42899832384015
373151,131849,715813,847662,5.429036246008692
373228,131880,716099,847979,5.42992872308159
373277,131926,716183,848109,5.428672134378363
373308,131939,716219,848158,5.428410098606174
373490,131951,716429,848380,5.429507923395806
373626,132069,716633,848702,5.426201455299881
373893,132193,717126,849319,5.424840952244067
373900,132197,717144,849341,5.424812968524248
373961,132208,717241,849449,5.425095304368873
374003,132223,717290,849513,5.424850442056223
374316,132412,717887,850299,5.421615865631514
374454,132469,717995,850464,5.420098287146427
374464,132484,718012,850496,5.419612934392077
374485,132484,718044,850528,5.419854472992965
374528,132523,718146,850669,5.419029149657041
374579,132567,718217,850784,5.417766110721371
374594,132570,718239,850809,5.417809459153655
374605,132570,718249,850819,5.4178848910009805
374653,132579,718305,850884,5.417939492679836
374682,132579,718339,850918,5.4181959435506375
374709,132607,718373,850980,5.417308286892848
374787,132645,718493,851138,5.416661012476912
374843,132645,718581,851226,5.417324437408119
375165,132841,718997,851838,5.412463019700243
376110,132843,721823,854666,5.433654765399758
376111,132843,721825,854668,5.433669820765867
376154,132877,721948,854825,5.4332051446074185
376225,132917,721998,854915,5.431946252172408
376286,132922,722091,855013,5.432441582281338
376742,133032,722453,855485,5.43067081604426
376767,133044,722518,855562,5.430669552929857
376919,133085,722781,855866,5.430972686628846
376928,133089,722788,855877,5.4308620547152655
376960,133103,722850,855953,5.430756632081922
376967,133106,722861,855967,5.430716872267215
377000,133135,722899,856034,5.4298193562924855
377004,133135,722908,856043,5.4298869568483115
377107,133232,723132,856364,5.427614987390417
377127,133260,723195,856455,5.426947321026565
377152,133293,723253,856546,5.42603887676022
377253,133326,723428,856754,5.426008430463676
377311,133342,723509,856851,5.4259648122872015
377536,133481,724148,857629,5.425101699867397
377537,133481,724150,857631,5.4251166832732745
377634,133539,724321,857860,5.424040916885704
377674,133563,724390,857953,5.423582878491798
377700,133582,724420,858002,5.423036037789522
377730,133608,724475,858083,5.422392371714269
377742,133621,724491,858112,5.421984568293906
380041,133740,729314,863054,5.453222670853895
380080,133759,729367,863126,5.452844294589523
380130,133784,729394,863178,5.452027148238952
380155,133798,729454,863252,5.451905110689248
380390,133890,729687,863577,5.4498991709612365
380419,133890,729687,863577,5.4498991709612365
380432,133890,729687,863577,5.4498991709612365
380506,133910,729737,863647,5.449458591591367
380621,133988,729972,863960,5.4480401229960895
380631,133988,729972,863960,5.4480401229960895
380667,134011,730029,864040,5.447530426606771
380721,134043,730110,864153,5.446834224838298
380757,134052,730167,864219,5.4468937427267035
380786,134068,730201,864269,5.446497299877674
380860,134133,730321,864454,5.444752596303669
380904,134151,730417,864568,5.444737646383553
380906,134152,730419,864571,5.444711968513328
380954,134169,730533,864702,5.444871766205308
381017,134214,730598,864812,5.44353048117186
381039,134214,730598,864812,5.44353048117186
381055,134214,730624,864838,5.443724201648114
381093,134232,730666,864898,5.443307110078074
381116,134243,730717,864960,5.443240988356934
381154,134262,730793,865055,5.443036749042916
381434,134327,731458,865785,5.445353503018753
381921,134343,732288,866631,5.450883187065943
381932,134343,732307,866650,5.451024616094624
382132,134473,732714,867187,5.448781539788657
382239,134528,732893,867421,5.447884455280685
382435,134529,733365,867894,5.451352496487746
382446,134536,733378,867914,5.451165487304514
382492,134554,733433,867987,5.450845013897766
382538,134575,733482,868057,5.450358536132268
382707,134658,733633,868291,5.448120423591617
382743,134658,733702,868360,5.448632832806072
382999,134792,734366,869158,5.448142322986527
383012,134799,734390,869189,5.448037448349023
383072,134838,734450,869288,5.446906658360403
383257,134892,734540,869432,5.445393351718412
383329,134907,734728,869635,5.4461814435129385
383354,134914,734748,869662,5.446047111493248
383645,135011,735375,870386,5.4467784106480215
383689,135042,735448,870490,5.4460686305001405
383726,135051,735531,870582,5.446320279005709
383748,135053,735538,870591,5.446291455946924
383956,135173,735962,871135,5.444593224978361
383970,135180,735985,871165,5.444481432164522
384801,135586,736960,872546,5.43536943342233
385395,135727,737339,873066,5.432515269622109
385410,135734,737389,873123,5.43260347444266
385573,135743,738316,874059,5.439072364689156
385583,135743,738332,874075,5.43919023448723
385620,135756,738359,874115,5.438868263649489
385748,135790,738545,874335,5.438876205906179
385873,135812,738698,874510,5.439121727093335
386175,135845,738827,874672,5.438750046008319
386196,135863,738887,874750,5.4384711069238865
386334,135973,739282,875255,5.4369764585616265
386343,135978,739293,875271,5.436857432820015
386592,136101,739557,875658,5.433883659929023
386615,136107,739564,875671,5.433695548355338
386662,136126,739595,875721,5.4331648619661195
386711,136154,739741,875895,5.4331198495820905
386859,136227,740103,876330,5.432865731462926
386873,136235,740152,876387,5.432906375013763
386927,136259,740197,876456,5.432279702625148
387270,136284,741300,877584,5.439376595932024
387284,136302,741334,877636,5.438907719622603
387294,136313,741357,877670,5.438637547409272
387335,136338,741422,877760,5.438117032668808
387379,136341,741538,877879,5.438848182131567
387401,136358,741579,877937,5.438470790125992
387713,136587,742107,878694,5.433218388279998
387736,136594,742130,878724,5.433108335651639
387904,136662,742325,878987,5.431831818647466
387909,136666,742330,878996,5.431709422972795
388339,136735,743001,879736,5.433875745054302
388509,136805,743176,879981,5.432374547713899
388520,136809,743189,879998,5.432310739790511
388525,136811,743196,880007,5.432282491904891
388604,136845,743315,880160,5.431802404179912
389086,136941,744374,881315,5.435727795181867
389372,137129,745514,882643,5.43658890533731
389553,137301,745885,883186,5.432480462633193
389584,137319,745936,883255,5.432139762159643
389585,137320,745940,883260,5.432129332944946
389602,137329,745965,883294,5.431955377232777
390646,138306,748129,886435,5.4092302575448645
390667,138315,748145,886460,5.4089939630553445
390681,138324,748173,886497,5.408844452155808
390826,138355,748226,886581,5.408015612012576
390865,138370,748264,886634,5.40770398207704
390900,138380,748350,886730,5.407934672640555
391066,138380,748765,887145,5.410933660933661
391084,138393,748803,887196,5.410699963148425
391225,138476,749187,887663,5.410229931540483
391333,138476,749744,888220,5.41425228920535
391363,138485,749799,888284,5.414297577354948
391610,138613,750186,888799,5.412089775129317
391632,138617,750205,888822,5.412070669542697
391700,138638,750364,889002,5.412397755305183
391811,138671,750525,889196,5.41227077038458
392247,138787,751413,890200,5.414145417077968
392253,138791,751436,890227,5.4141550965120215
393565,139463,754063,893526,5.40690362318321
393592,139486,754097,893583,5.406255824957343
393628,139497,754120,893617,5.405994394144677
393629,139497,754122,893619,5.406008731370567
393741,139563,754371,893934,5.405236344876507
393777,139568,754402,893970,5.405264817150063
393907,139569,754787,894356,5.407984581103253
393911,139569,754787,894356,5.407984581103253
393919,139573,754802,894375,5.407937065191692
394064,139616,754946,894562,5.407302887921155
394157,139688,755129,894817,5.405825840444419
394184,139695,755216,894911,5.406177744371667
394230,139709,755280,894989,5.406094095584393
394509,139812,755597,895409,5.4043787371613305
394539,139834,755630,895464,5.403764463578243
394580,139849,755672,895521,5.403485187595192
394610,139863,755692,895555,5.403087306864575
394648,139887,755750,895637,5.40257493548364
394661,139893,755764,895657,5.402443295947617
394697,139893,755805,895698,5.402736377088203
396546,140308,759417,899725,5.412499643641133
396582,140319,759440,899759,5.412239254840756
396605,140327,759474,899801,5.412172995930932
396630,140351,759504,899855,5.411461264971393
396746,140395,759778,900173,5.41171694148652
396810,140396,759843,900239,5.412141371549047
396863,140423,759933,900356,5.411741666251255
396921,140453,760037,900490,5.4113262087673455
397065,140484,760335,900819,5.412253352694969
397075,140488,760349,900837,5.412198906668185
397787,140583,760621,901204,5.410476373387963
397965,140708,761065,901773,5.408825368848964
398077,140806,761301,902107,5.406736928824055
398111,140829,761342,902171,5.406145041149195
398133,140848,761402,902250,5.405841758491423
398178,140864,761562,902426,5.406363584734212
398570,141008,762210,903218,5.405437989333938
398590,141015,762219,903234,5.405233485799383
398637,141017,762339,903356,5.40600778629527
398649,141023,762354,903377,5.4058841465576535
398680,141046,762459,903505,5.405747061242431
402292,141373,768029,909402,5.43264272527286
402321,141380,768051,909431,5.432529353515348
402455,141417,768287,909704,5.432776823154217
402577,141478,768544,910022,5.432250950677844
402611,141508,768599,910107,5.431487972411454
402633,141517,768636,910153,5.43140400093275
402960,141697,769279,910976,5.429042252129544
402963,141697,769281,910978,5.429056366754413
403357,141828,770113,911941,5.429908057647291
403407,141844,770177,912021,5.429746764050647
403434,141865,770210,912075,5.429175624713636
403793,141994,770947,912941,5.429433638041044
403826,142004,770995,912999,5.429389312977099
403835,142006,771011,913017,5.4294255172316666
403874,142018,771034,913052,5.429128701995522
403972,142079,771237,913316,5.428226550017948
404221,142186,771466,913652,5.425752183759301
404235,142186,771491,913677,5.425928009789994
404263,142204,771540,913744,5.425585778177829
404275,142204,771540,913744,5.425585778177829
405142,142465,772438,914903,5.421949250693153
405162,142467,772506,914973,5.422350439049043
405670,142487,773390,915877,5.42779341273239
406260,142861,774457,917318,5.421052631578948
406291,142861,774537,917398,5.421612616459355
406321,142880,774565,917445,5.421087625979843
406417,142949,774760,917709,5.41983504606538
406422,142950,774765,917715,5.419832109129066
406431,142950,774777,917727,5.419916054564533
406471,142963,774839,917802,5.419856886047439
406512,142991,774906,917897,5.4192641494919265
406560,143002,774985,917987,5.419399728675123
406613,143005,775068,918073,5.419866438236426
406623,143008,775075,918083,5.419801689415976
406657,143030,775121,918151,5.419289659511991
406669,143037,775127,918164,5.419066395408181
406679,143044,775162,918206,5.419045887978524
406770,143083,775373,918456,5.419043492238771
406797,143104,775414,918518,5.418534771914133
406816,143104,775429,918533,5.418639590787119
406827,143107,775454,918561,5.418700692488837
406867,143107,775554,918661,5.4193994703263995
406869,143107,775556,918663,5.41941344588315
406882,143110,775581,918691,5.4194745300817555
407042,143110,775857,918967,5.421403116483823
407141,143145,775942,919087,5.420671347235321
407170,143147,775957,919104,5.420700398890651
407479,143275,776669,919944,5.420827080788693
407497,143282,776693,919975,5.42072974972432
407566,143302,776772,920074,5.420524486748266
407593,143311,776806,920117,5.420421321461716
407969,143485,777265,920750,5.4170470780917865
408164,143491,777729,921220,5.420054219428396
408309,143550,777986,921536,5.419616858237548
408319,143553,778000,921553,5.419601122930207
408346,143565,778017,921582,5.419266534322432
408353,143566,778018,921584,5.419235752197595
408395,143587,778106,921693,5.419056042677958
408431,143602,778133,921735,5.418678012841047
408458,143629,778165,921794,5.417882182567587
408718,143768,778522,922290,5.415127149296088
408730,143775,778538,922313,5.414974786993566
408744,143775,778564,922339,5.415155625108676
408755,143775,778574,922349,5.415225178229873
408774,143775,778599,922374,5.415399061032864
408945,143887,778874,922761,5.413094998158277
409061,143961,779098,923059,5.411868492161071
409583,144176,780002,924178,5.410068249916768
409616,144176,780066,924242,5.410512151814449
409663,144205,780164,924369,5.410103671856039
409674,144205,780174,924379,5.410173017579141
409704,144205,780227,924432,5.410540549911584
409733,144223,780253,924476,5.410045554453866
409901,144281,780399,924680,5.408882666463359
410119,144297,780526,924823,5.409163045662765
410145,144302,780593,924895,5.4094399246025695
410208,144331,780655,924986,5.4087825900187765
410267,144371,780752,925123,5.407955891418637
410407,144394,780851,925245,5.407780101666274
410570,144394,781147,925541,5.409830048339959
410995,144593,781609,926202,5.405579799851998
411066,144593,781764,926357,5.406651774290595
411104,144608,781790,926398,5.406270745740208
411119,144608,781804,926412,5.406367559194512
411174,144626,781868,926494,5.406137209077206
411486,144829,782247,927076,5.401176559943106
411493,144832,782252,927084,5.40109920459567
411503,144835,782271,927106,5.401118514171299
411792,145055,783192,928247,5.399276136637827
411832,145063,783253,928316,5.399398881865121
411992,145144,783538,928682,5.3983492255966485
412013,145144,783570,928714,5.398569696301604
412033,145147,783620,928767,5.398802593233067
412073,145162,783653,928815,5.398472051914413
412082,145171,783670,928841,5.398254472311963
412200,145238,783830,929068,5.396865834010383
412208,145238,783847,929085,5.396982883267464
412297,145286,784195,929481,5.397595088308577
412522,145364,784760,930124,5.398585619548169
412533,145371,784770,930141,5.398394452813835
412888,145572,785515,931087,5.396058307916357
412913,145597,785560,931157,5.3954408401272005
412993,145682,785752,931434,5.393610741203443
413005,145689,785766,931455,5.3934476865103065
413025,145701,785799,931500,5.393229970967941
413178,145701,786144,931845,5.395597833920151
413254,145736,786179,931915,5.394542185870341
413297,145761,786218,931979,5.393884509573891
413318,145768,786241,932009,5.393783272048735
413451,145850,786367,932217,5.391614672608845
413535,145850,786367,932217,5.391614672608845
413601,145897,786460,932357,5.390515226495404
413653,145924,786532,932456,5.390011238727008
413676,145930,786560,932490,5.389981497978483
414817,146385,788087,934472,5.383659527957099
414849,146401,788145,934546,5.3834673260428545
414896,146409,788188,934597,5.383466863375886
415153,146504,788480,934984,5.381969092994048
415164,146504,788490,934994,5.382037350516027
415175,146515,788502,935017,5.381715182745794
415205,146535,788557,935092,5.38135599003651
415212,146535,788557,935092,5.38135599003651
415230,146546,788575,935121,5.381074884336659
415252,146552,788613,935165,5.381113870844478
415268,146552,788640,935192,5.381298105791801
415290,146568,788661,935229,5.380853938103815
415308,146585,788703,935288,5.3805164239178636
415337,146585,788741,935326,5.3807756591738585
415618,146671,789016,935687,5.3794956058116465
415653,146699,789064,935763,5.378796038146136
416341,146889,789701,936590,5.376175207129193
416363,146890,789732,936622,5.3763496493975085
416474,146915,789866,936781,5.376346867236157
416798,146995,790066,937061,5.374781455151536
416850,147008,790150,937158,5.374877557683935
416900,147025,790240,937265,5.374868219690529
416902,147025,790245,937270,5.374902227512328
416935,147031,790273,937304,5.374873326033286
416998,147055,790360,937415,5.374587739281221
417046,147096,790438,937534,5.373619948876924
417061,147100,790458,937558,5.373609789259008
417110,147128,790561,937689,5.373287205698439
417308,147177,790679,937856,5.3723000197041655
417407,147191,790845,938036,5.372916822360063
417438,147204,790899,938103,5.372809162794489
417463,147212,790930,938142,5.372727766758144
417487,147222,790975,938197,5.372668487046773
417522,147222,791035,938257,5.373076034831751
417723,147473,791521,938994,5.3672265431638335
417764,147491,791629,939120,5.3673037676875195
417778,147498,791647,939145,5.367171080285835
417789,147502,791666,939168,5.367154343669917
417912,147612,791819,939431,5.364191258163293
418061,147677,792134,939811,5.3639632441070715
418062,147680,792145,939825,5.363928764897075
418067,147683,792165,939848,5.363955228428458
418099,147689,792202,939891,5.363987839310985
418147,147704,792283,939987,5.363991496506527
418169,147719,792305,940024,5.363595745977159
418177,147719,792305,940024,5.363595745977159
418212,147757,792378,940135,5.362710396123365
418293,147757,792433,940190,5.363082628910982
418335,147793,792490,940283,5.3621619427171785
418378,147819,792521,940340,5.361428503778269
418458,147834,792651,940485,5.361763870286944
418533,147834,792748,940582,5.362420011634671
418549,147842,792772,940614,5.362292176783323
418675,147869,793039,940908,5.3631187064225765
418697,147876,793076,940952,5.363115042332765
418706,147877,793092,940969,5.363186972957255
418802,147925,793255,941180,5.362548588811898
418964,147925,793522,941447,5.364353557546054
419020,147939,793597,941536,5.364352875171523
419262,148079,793943,942022,5.361617785101196
419284,148092,794009,942101,5.361592793668801
419297,148092,794035,942127,5.361768360208519
419333,148097,794071,942168,5.361830421953179
419336,148098,794076,942174,5.361827978770814
419394,148142,794142,942284,5.360680968260183
419398,148142,794142,942284,5.360680968260183
419447,148193,794204,942397,5.359254485704453
419479,148218,794268,942486,5.358782334129458
419588,148259,794335,942594,5.357752311832671
419650,148259,794399,942658,5.3581839888303575
419706,148259,794591,942850,5.359479019823417
419733,148275,794622,942897,5.359109762266059
419892,148275,794766,943041,5.360080930703085
420069,148281,795141,943422,5.362393024055678
420108,148297,795223,943520,5.3623674113434525
420234,148391,795527,943918,5.361019199277584
420262,148410,795566,943976,5.360595647193585
420372,148445,795689,944134,5.3601603287412845
420434,148485,795826,944311,5.359639020776509
420541,148557,796080,944637,5.358751186413296
420544,148557,796087,944644,5.358798306373984
420615,148599,796180,944779,5.357909541786957
420633,148603,796196,944799,5.357872990451067
421150,148660,797392,946052,5.3638638503968785
421467,148847,797865,946712,5.360302861327403
421483,148853,797896,946749,5.360295056196382
421563,148880,797944,946824,5.359645351961311
421633,148905,798063,946968,5.359544676135791
421714,148944,798195,947139,5.359027553980019
421826,149014,798275,947289,5.357046988873528
421878,149035,798469,947504,5.357593853792733
421905,149053,798519,947572,5.357282308977344
421933,149071,798543,947614,5.356796425864186
421967,149106,798607,947713,5.35596823736134
422236,149241,799690,948931,5.3583800698199555
422290,149280,799754,949034,5.357408896034298
422337,149280,799754,949034,5.357408896034298
422348,149280,799771,949051,5.357522775991425
422356,149292,799781,949073,5.3571591244005035
422389,149292,799781,949073,5.3571591244005035
422409,149292,799802,949094,5.357299788334271
422430,149292,799831,949123,5.357494038528522
422467,149303,799874,949177,5.357387326443541
422513,149319,799978,949297,5.3575097609815225
422626,149359,800103,949462,5.356911870058048
422651,149368,800153,949521,5.356923839108778
422670,149377,800200,949577,5.356915723304123
422703,149389,800253,949642,5.3568401957306095
422747,149418,800346,949764,5.356422920933221
422780,149445,800389,949834,5.355742915453846
422813,149461,800447,949908,5.355557637109346
422880,149461,800599,950060,5.356574624818514
422919,149502,800691,950193,5.355720993699081
422982,149529,800768,950297,5.355268877609026
423191,149682,801131,950813,5.352220039817747
423257,149729,801286,951015,5.3515751791570105
423285,149739,801323,951062,5.35146488222841
423350,149770,801425,951195,5.351038258663284
423371,149772,801433,951205,5.35102021739711
423403,149785,801477,951262,5.350849551023133
423452,149800,801553,951353,5.350821094793058
423486,149820,801606,951426,5.350460552663196
423490,149821,801633,951454,5.35060505536607
423494,149821,801635,951456,5.350618404629524
423510,149821,801661,951482,5.350791945054431
423589,149840,801785,951625,5.3509410037373195
424086,149921,802087,952008,5.35006436723341
424141,149924,802137,952061,5.350290814012433
424387,150044,802451,952495,5.348104555996907
424403,150044,802477,952521,5.348277838500707
424485,150091,802644,952735,5.347715719130394
424525,150109,802697,952806,5.347427535990514
424767,150246,803090,953336,5.345167259028527
424814,150262,803157,953419,5.345043989831095
424846,150270,803207,953477,5.345092167431956
424935,150303,803292,953595,5.344484142033093
425014,150345,803416,953761,5.343815890119392
425031,150356,803450,953806,5.343651068131634
425050,150368,803471,953839,5.343364279633965
425070,150375,803496,953871,5.3432817955112215
425120,150401,803597,953998,5.343029634111475
425293,150401,803786,954187,5.3442862746923225
425330,150425,803843,954268,5.343812531161708
425366,150459,803910,954369,5.343050266185473
425407,150473,803978,954451,5.34300505738571
425458,150473,803978,954451,5.34300505738571
425507,150496,804038,954534,5.342587178396768
425518,150496,804048,954544,5.342653625345524
425521,150497,804051,954548,5.342638059230416
425636,150547,804224,954771,5.342012793346928
425870,150714,804674,955388,5.339079315790172
425885,150729,804693,955422,5.338674044145453
425925,150755,804760,955515,5.3381977380518055
425932,150764,804770,955534,5.337945398105648
425983,150782,805077,955859,5.339344218805958
426024,150807,805124,955931,5.338770746716001
426044,150827,805145,955972,5.338202046052762
426133,150869,805264,956133,5.337504722640171
426247,150928,805450,956378,5.336650588360013
426282,150956,805513,956469,5.336078062481783
426317,150977,805578,956555,5.335766375010763
426349,150988,805617,956605,5.335635944578377
426427,151022,805717,956739,5.335096873303227
426459,151032,805748,956780,5.334948885004502
426512,151035,805831,956866,5.335392458701626
426654,151035,806047,957082,5.336822590790214
426687,151061,806126,957187,5.33642700630871
426690,151062,806133,957195,5.336438018826707
426721,151073,806162,957235,5.336241419711
426785,151089,806254,957343,5.336285235854364
427602,151160,810528,961688,5.362053453294522
427726,151217,810680,961897,5.361037449493113
427744,151225,810691,961916,5.360826582906266
427745,151227,810699,961926,5.360808585768415
427787,151247,810759,962006,5.360496406540295
427846,151268,810846,962114,5.360327365999418
427894,151317,810987,962304,5.359523384682488
427922,151334,811057,962391,5.35938387936617
427976,151388,811193,962581,5.358370544560995
428035,151406,811291,962697,5.35838077751212
428085,151424,811367,962791,5.358245720625528
428103,151430,811400,962830,5.358251337251535
428125,151430,811415,962845,5.358350392920822
428172,151443,811505,962948,5.358484710419102
428314,151560,811806,963366,5.356334125098971
428643,151560,812150,963710,5.358603853259435
428665,151560,812190,963750,5.358867775138559
428748,151624,812306,963930,5.357370864770749
428787,151629,812322,963951,5.357299724986645
428832,151635,812383,964018,5.357490025389916
428845,151635,812409,964044,5.357661489761599
428860,151640,812413,964053,5.357511210762332
428872,151640,812434,964074,5.35764969664996
428935,151663,812542,964205,5.357549303389752
428990,151695,812650,964345,5.357131085401628
429133,151738,812746,964484,5.3562456339216284
429186,151753,812877,964630,5.356579441592588
429470,151913,813394,965307,5.354340971477096
429488,151920,813436,965356,5.354370721432333
429635,151957,813721,965678,5.3549425166329945
429668,151977,813768,965745,5.354547069622377
429682,151977,813790,965767,5.354691828368766
429806,152124,814018,966142,5.351016276195735
429979,152124,814158,966282,5.351936578054745
430591,152289,814732,967021,5.349907084556337
431070,152629,815636,968265,5.3439123626571625
431092,152637,815658,968295,5.3437764106998955
431127,152654,815726,968380,5.343626763792629
431177,152670,815811,968481,5.343623501670269
431231,152699,815906,968605,5.343230800463657
431272,152730,815968,968698,5.34255221632947
431282,152731,815973,968704,5.34254997348279
431443,152787,816354,969141,5.343085471931513
431774,152966,816803,969769,5.3397683145274115
431796,152970,816834,969804,5.339831339478329
431815,152981,816859,969840,5.339610801341343
431961,153006,817056,970062,5.340025881337986
431976,153012,817074,970086,5.339934122813897
431987,153019,817092,970111,5.339807474888739
432105,153055,817233,970288,5.339472738558035
432161,153068,817395,970463,5.34007761256435
432193,153100,817459,970559,5.339379490529066
432319,153108,817547,970655,5.339675261906628
433050,153120,818379,971499,5.344690438871473
433739,153473,819634,973107,5.340574563604021
434027,153482,821418,974900,5.351884911585723
434371,153488,822540,976028,5.3589857187532575
434686,153727,823213,976940,5.355031972262517
434733,153742,823279,977021,5.354938793563242
434740,153753,823291,977044,5.354633730723953
434808,153799,823396,977195,5.353714913621025
434809,153801,823399,977200,5.353664800618982
434819,153811,823422,977233,5.353466267042019
434828,153815,823449,977264,5.353502584273316
436292,154456,824903,979359,5.340698969285751
436308,154456,824929,979385,5.340867302014813
436386,154498,825051,979549,5.340205051198073
436453,154498,825124,979622,5.340677549223938
436488,154508,825176,979684,5.340668444352396
436520,154508,825206,979714,5.340862609055842
436575,154519,825237,979756,5.3406830227997855
436897,154703,825575,980278,5.336515775388971
437161,154870,826082,980952,5.334034997094337
437172,154876,826111,980987,5.334015599576436
437184,154876,826140,981016,5.334202846147886
437209,154892,826165,981057,5.333813237610722
437237,154892,826213,981105,5.334123130955763
437302,154947,826350,981297,5.333113903463765
437346,154973,826410,981383,5.332606324972737
437358,154981,826437,981418,5.332505274840142
437420,155005,826527,981532,5.332260249669366
437441,155009,826540,981549,5.332206517040946
437497,155025,826588,981613,5.331965811965812
437522,155037,826628,981665,5.331811116056167
437727,155179,827064,982243,5.329741782071028
437735,155179,827083,982262,5.329864221318606
437758,155196,827136,982332,5.3296218974715845
438228,155388,827601,982989,5.326029036991273
439728,155807,830347,986154,5.329330517884306
439741,155814,830362,986176,5.329187364421682
439750,155814,830382,986196,5.329315722592321
442117,155988,835328,991316,5.355078595789419
442137,156010,835351,991361,5.3544708672520995
442196,156063,835421,991484,5.353100991266348
442235,156063,835421,991484,5.353100991266348
442259,156072,835450,991522,5.352978112665949
442262,156072,835459,991531,5.353035778358707
442279,156086,835478,991564,5.352677370167728
443271,156459,836932,993391,5.3492096971091465
443336,156471,836965,993436,5.349010359747173
443388,156494,837035,993529,5.3486715145628585
444907,157334,840268,997602,5.340663810746564
444929,157334,840292,997626,5.340816352473083
444944,157342,840328,997670,5.340773601454157
445130,157450,840567,998017,5.338628135916164
445134,157450,840576,998026,5.338685296919657
445170,157471,840642,998113,5.3383924659143585
445181,157475,840645,998120,5.338275916812193
445199,157484,840668,998152,5.338116888064819
445218,157493,840694,998187,5.337976925958614
445270,157521,840787,998308,5.337618476266656
445286,157538,840828,998366,5.337302746004139
445434,157554,841168,998722,5.338918719930945
445464,157572,841209,998781,5.33856903510776
445477,157576,841218,998794,5.338490633091333
445606,157656,841444,999100,5.337215202719846
445610,157656,841454,999110,5.3372786319581875
445887,157856,842134,999990,5.334824143523211
446163,158060,842695,1000755,5.331488042515501
446519,158345,843459,1001804,5.326716978748935
446751,158354,844861,1003215,5.335267817674325
446865,158374,845133,1003507,5.336311515779105
446914,158388,845205,1003593,5.336294416243655
446939,158403,845254,1003657,5.336098432479183
446946,158411,845278,1003689,5.335980455902684
446971,158420,845296,1003716,5.335790935487943
447148,158496,845534,1004030,5.334733999596204
447277,158530,845639,1004169,5.33425219201413
447327,158569,845742,1004311,5.333589793717562
447389,158606,845800,1004406,5.3327112467371975
448416,159161,847324,1006485,5.323691105233066
448464,159168,847421,1006589,5.324066395255327
448583,159168,847678,1006846,5.3256810414153595
448599,159181,847695,1006876,5.325352900157682
448672,159222,847823,1007045,5.3247855195890015
448721,159237,847938,1007175,5.325006122948812
448723,159237,847940,1007177,5.325018682843812
448838,159302,848133,1007435,5.324057450628366
448892,159314,848208,1007522,5.324127195350063
449105,159432,849149,1008581,5.326088865472427
449158,159476,849232,1008708,5.325139832952921
449226,159476,849232,1008708,5.325139832952921
450288,159511,851024,1010535,5.335205722489358
450290,159511,851029,1010540,5.3352370682899615
450316,159520,851077,1010597,5.335236960882648
450412,159555,851184,1010739,5.334737237943029
450429,159568,851214,1010782,5.334490624686654
450453,159591,851290,1010881,5.334198043749335
450496,159626,851401,1011027,5.333723829451342
450553,159677,851548,1011225,5.332940874390175
450560,159680,851556,1011236,5.332890781563126
450594,159705,851645,1011350,5.332613255690179
450660,159733,851738,1011471,5.332260710059913
450672,159733,851767,1011500,5.332442263026425
450697,159749,851806,1011555,5.332152313942498
450717,159755,851826,1011581,5.33207724327877
450733,159762,851851,1011613,5.332000100148972
450920,159873,852268,1012141,5.3309064069605245
450989,159904,852345,1012249,5.330354462677606
451014,159914,852371,1012285,5.330183723751516
451173,159914,852371,1012285,5.330183723751516
451316,159989,852572,1012561,5.328941364718824
451483,160133,852899,1013032,5.326191353437455
451730,160226,853161,1013387,5.324735061725313
451745,160233,853180,1013413,5.324621020638695
451808,160254,853301,1013555,5.32467832316198
451815,160262,853307,1013569,5.324449963185284
451831,160262,853333,1013595,5.32461219752655
451840,160267,853353,1013620,5.324570872356754
451840,160267,853353,1013620,5.324570872356754
451855,160279,853392,1013671,5.324415550384018
451882,160294,853423,1013717,5.324110696595007
451883,160294,853425,1013719,5.324123173668385
452139,160356,853899,1014255,5.325020579211255
452311,160446,854239,1014685,5.324152674420054
452380,160446,854347,1014793,5.32482579808783
453140,160544,855427,1015971,5.3283025214271476
453172,160553,855493,1016046,5.328414915946759
453205,160562,855557,1016119,5.328514841618814
453354,160648,855834,1016482,5.32738658433345
453384,160661,855862,1016523,5.327129795034264
453406,160670,855917,1016587,5.327173710089002
453448,160682,855968,1016650,5.327093264958116
453464,160682,855968,1016650,5.327093264958116
453468,160684,855973,1016657,5.327058076722014
453495,160699,856008,1016707,5.326778635834697
453532,160716,856039,1016755,5.326408073869434
453610,160795,856210,1017005,5.324854628564321
453749,160845,856328,1017173,5.323932978954894
453820,160876,856438,1017314,5.323590840150178
454096,160981,856730,1017711,5.3219324019604795
454132,160998,856774,1017772,5.321643747127293
454732,161150,857205,1018355,5.319298789947254
454748,161152,857229,1018381,5.319381701747418
454789,161160,857248,1018408,5.319235542318193
454986,161309,857481,1018790,5.315766634223757
455002,161319,857497,1018816,5.315536297646278
455011,161322,857510,1018832,5.315518032258464
455035,161322,857525,1018847,5.315611013996851
455046,161322,857535,1018857,5.315673001822442
455428,161329,858283,1019612,5.320078845092946
455541,161334,858468,1019802,5.321060656774145
455710,161433,858726,1020159,5.319395662596867
455757,161447,858810,1020257,5.319454681722175
455770,161456,858855,1020311,5.319436874442572
455815,161470,858939,1020409,5.319495881587911
455872,161503,859110,1020613,5.319467749825081
456154,161647,859376,1021023,5.3163745692774995
456159,161648,859398,1021046,5.3164777788775615
456169,161648,859414,1021062,5.316576759378402
456361,161735,859787,1021522,5.316023124246453
456381,161735,859802,1021537,5.316115868550407
456394,161743,859857,1021600,5.316192972802533
456439,161750,859884,1021634,5.316129829984544
456534,161822,860002,1021824,5.314493702957571
456557,161824,860019,1021843,5.314533072968163
456618,161848,860103,1021951,5.314264000790866
456740,161889,860413,1022302,5.314833002859984
457181,162129,861218,1023347,5.311930623145766
457191,162133,861239,1023372,5.311929095248963
457263,162186,861365,1023551,5.310970120725587
457303,162197,861387,1023584,5.310745574825675
457356,162215,861473,1023688,5.310686434670036
457803,162342,862118,1024460,5.310504983306846
457839,162345,862164,1024509,5.310690196803105
457875,162371,862239,1024610,5.310301716439512
457893,162379,862271,1024650,5.31023716120927
457913,162388,862301,1024689,5.310127595635145
458078,162512,862633,1025145,5.308118785074333
458177,162514,862924,1025438,5.309844074972003
458186,162519,862934,1025453,5.309742245522062
458422,162690,863324,1026014,5.3065584854631505
458432,162690,863326,1026016,5.306570778781732
458463,162700,863381,1026081,5.306582667486171
458511,162703,863443,1026146,5.30686588446433
458603,162703,863626,1026329,5.307990633239707
458635,162723,863662,1026385,5.307559472231953
458665,162728,863681,1026409,5.307513150779214
458691,162761,863731,1026492,5.306744244628627
459080,162951,864324,1027275,5.304195739823628
459117,162978,864375,1027353,5.303629937783014
459289,163052,864677,1027729,5.303075092608493
459790,163270,865279,1028549,5.299681509156612
459803,163275,865292,1028567,5.299598836319094
459803,163275,865292,1028567,5.299598836319094
459830,163288,865322,1028610,5.299360638871197
460010,163288,865763,1029051,5.302061388467003
460161,163341,865879,1029220,5.301051175148921
460389,163345,865964,1029309,5.301441733753712
460410,163358,865985,1029343,5.3011483979970375
460553,163437,866112,1029549,5.2993630573248405
460628,163437,866209,1029646,5.299956558184499
460741,163540,866433,1029973,5.297988259752966
460788,163549,866443,1029992,5.297757858501122
460803,163552,866466,1030018,5.297801310898063
460882,163608,866592,1030200,5.296758104738155
460929,163616,866625,1030241,5.296700811656562
460938,163620,866654,1030274,5.296748563745264
461016,163661,866752,1030413,5.296020432479332
461035,163672,866822,1030494,5.296092184368738
461081,163696,866921,1030617,5.2959204867559375
461142,163710,867015,1030725,5.29604178119846
461150,163714,867036,1030750,5.296040656266416
461185,163731,867083,1030814,5.295777830710128
461249,163753,867189,1030942,5.29571366631451
461283,163761,867226,1030987,5.2956809008249826
461302,163768,867245,1031013,5.295570563235797
461322,163768,867266,1031034,5.295698793415075
461337,163768,867297,1031065,5.295888085584485
461381,163777,867339,1031116,5.295853508123852
461833,164091,868385,1032476,5.292094021000542
461845,164100,868400,1032500,5.291895185862279
461889,164108,868417,1032525,5.29174080483584
461892,164109,868420,1032529,5.29172684008799
462011,164120,868480,1032600,5.291737752863758
462070,164142,868613,1032755,5.291838773744685
462100,164155,868640,1032795,5.291584173494563
462128,164178,868678,1032856,5.29107432177271
462225,164187,868849,1033036,5.291825784014569
462246,164187,868879,1033066,5.292008502500198
462270,164209,868914,1033123,5.291512645470102
462399,164235,869036,1033271,5.291417785490304
462622,164235,869514,1033749,5.294328249155174
462697,164235,869681,1033916,5.295345084787043
462761,164272,869797,1034069,5.2948585273205415
462830,164308,869979,1034287,5.294806095868735
463093,164515,870322,1034837,5.290228854511747
463215,164624,870589,1035213,5.288347993002235
463232,164635,870609,1035244,5.2881161356941115
463352,164705,870797,1035502,5.287010108982726
464202,164724,872134,1036858,5.294516888856512
464213,164724,872144,1036868,5.294577596464389
464246,164740,872204,1036944,5.294427582857836
464679,164781,872618,1037399,5.29562267494432
464747,164806,872758,1037564,5.295668847007997
464829,164846,872972,1037818,5.295682030501195
464845,164846,872998,1037844,5.295839753466872
464990,164846,873314,1038160,5.297756694126639
465035,164853,873327,1038180,5.297610598533239
465196,164950,873724,1038674,5.296902091542892
465274,165000,873816,1038816,5.295854545454546
465327,165029,873873,1038902,5.295269316301983
465373,165074,874005,1039079,5.294625440711439
465423,165129,874098,1039227,5.293425140344821
465470,165154,874167,1039321,5.293041645978905
465543,165190,874247,1039437,5.292372419637992
465582,165201,874305,1039506,5.292371111555015
465686,165216,874372,1039588,5.292296145651753
465948,165288,874807,1040095,5.2926225739315615
465977,165297,874851,1040148,5.29260059166228
465993,165297,874877,1040174,5.29275788429312
466041,165310,874903,1040213,5.292498941382856
466048,165312,874903,1040215,5.292434910956253
466103,165343,874983,1040326,5.291926480104994
466181,165359,875084,1040443,5.292025229954221
466197,165361,875108,1040469,5.292106361233906
466284,165411,875266,1040677,5.291461873756885
466335,165436,875398,1040834,5.291460141686211
466527,165504,875888,1041392,5.292246713070379
466597,165563,876033,1041596,5.291236568556984
466608,165571,876052,1041623,5.291095662887825
466609,165571,876054,1041625,5.291107742297866
466761,165664,876246,1041910,5.2892964071856285
466783,165677,876280,1041957,5.289086596208285
466826,165691,876339,1042030,5.288995781303752
466889,165721,876410,1042131,5.288466760398501
466903,165727,876454,1042181,5.288540792990883
466930,165738,876469,1042207,5.28828029781945
467010,165761,876585,1042346,5.2882463305602645
467030,165767,876634,1042401,5.288350516085831
467091,165767,876735,1042502,5.288959805027539
467102,165772,876768,1042540,5.288999348502763
467133,165798,876793,1042591,5.28832072763242
467152,165798,876808,1042606,5.288411199170074
467165,165805,876865,1042670,5.288531708935195
467236,165810,876934,1042744,5.288788372233279
467257,165821,876976,1042797,5.288690817206506
467350,165900,877241,1043141,5.287769740807716
467518,165909,878204,1044113,5.293287283993032
467529,165909,878216,1044125,5.2933596127997875
467601,165941,878374,1044315,5.293290988965958
467605,165941,878384,1044325,5.293351251348371
468361,165955,880216,1046171,5.303943840197644
468404,165967,880250,1046217,5.303765206336199
469243,165967,882096,1048063,5.314887899401688
469247,165970,882097,1048067,5.314797855034042
469346,166016,882180,1048196,5.313825173477255
469435,166068,882300,1048368,5.3128838788929835
469680,166220,883066,1049286,5.312633858741427
469791,166272,883379,1049651,5.31285484026174
469794,166276,883392,1049668,5.312805215424956
470075,166277,884065,1050342,5.316820726859397
470091,166277,884065,1050342,5.316820726859397
470406,166431,884478,1050909,5.314382536907186
470496,166449,884726,1051175,5.315297778899242
470539,166463,884784,1051247,5.315199173389883
470605,166479,884920,1051399,5.3155052589215455
470662,166510,884976,1051486,5.314851960843193
470682,166519,885012,1051531,5.314780895873744
470728,166563,885077,1051640,5.313767163175495
470742,166563,885091,1051654,5.313851215456014
470883,166592,885191,1051783,5.313526459854015
470898,166599,885221,1051820,5.313483274209329
471345,166668,886861,1053529,5.321123431012552
471482,166675,887216,1053891,5.323029848507574
471735,166787,887546,1054333,5.321433924706362
471810,166807,887580,1054387,5.320999718237244
471890,166807,887869,1054676,5.3227322594375535
471905,166807,887895,1054702,5.322888128196059
471933,166813,887942,1054755,5.3229784249429
472097,166901,888207,1055108,5.3217596059939725
472118,166908,888225,1055133,5.321644259112805
472133,166914,889158,1056072,5.327042668679679
472212,166943,889296,1056239,5.3269439269690855
472266,166961,889356,1056317,5.326728996592019
472272,166961,889369,1056330,5.326806859086853
472307,166967,889389,1056356,5.3267352231279235
472416,166967,889580,1056547,5.327879161750525
472438,166967,889620,1056587,5.328118730048453
472474,166970,889658,1056628,5.328250583937234
472485,166970,889668,1056638,5.328310474935617
472497,166983,889701,1056684,5.3280932789565405
472559,167012,889766,1056778,5.3275573012717645
472588,167027,889810,1056837,5.327342285977716
472686,167028,890099,1057127,5.329040639892713
472731,167085,890207,1057292,5.327869048687794
472750,167094,890227,1057321,5.327701772654913
473153,167102,890866,1057968,5.331270720877069
473157,167102,890868,1057970,5.331282689614726
473213,167124,890946,1058070,5.331047605370863
473278,167171,891046,1058217,5.330146975252885
473314,167183,891085,1058268,5.329997667226931
473352,167198,891136,1058334,5.329824519432051
473410,167204,891224,1058428,5.330159565560632
473419,167208,891229,1058437,5.3300619587579545
473529,167251,891450,1058701,5.330012974511363
473585,167262,891551,1058813,5.330266288816348
473698,167306,892140,1059446,5.332384971250284
473770,167309,892324,1059633,5.333389118337926
474100,167529,892777,1060306,5.329089292003175
474186,167546,892859,1060405,5.329037995535554
474318,167593,893244,1060837,5.32984074513852
474338,167603,893303,1060906,5.329874763578218
474441,167630,893379,1061009,5.329469665334368
474456,167635,893390,1061025,5.3293763235601155
474533,167708,893520,1061228,5.327831707491592
474582,167715,893604,1061319,5.328110186924246
474612,167748,893673,1061421,5.327473352886472
474685,167748,893795,1061543,5.3282006342847605
474701,167760,893820,1061580,5.327968526466381
474803,167780,893908,1061688,5.327857909166766
474842,167798,893971,1061769,5.327661831487861
474852,167804,893984,1061788,5.327548806941432
474958,167818,894098,1061916,5.327783670404843
475089,167901,895222,1063123,5.331844360664916
475150,167924,895292,1063216,5.331530930659108
475266,167954,895363,1063317,5.331001345606535
475269,167954,895363,1063317,5.331001345606535
475287,167957,895393,1063350,5.331084741927993
475309,167957,895428,1063385,5.331293128598391
475375,167974,895556,1063530,5.331515591698715
475380,167978,895561,1063539,5.331418400028575
475422,168006,895657,1063663,5.331101270192732
475424,168010,895670,1063680,5.331051723111719
475435,168019,895690,1063709,5.330885197507425
475442,168027,895712,1063739,5.330762317960804
475470,168051,895741,1063792,5.3301735782589805
475472,168052,895747,1063799,5.330177564087307
475590,168052,895924,1063976,5.331230809511342
475614,168059,895952,1064011,5.331175361033923
475696,168113,896105,1064218,5.330373022907211
475714,168113,896115,1064228,5.330432506706798
475830,168181,896403,1064584,5.329989713463471
475848,168184,896421,1064605,5.330001664843267
475890,168197,896491,1064688,5.33000588595516
475977,168219,896621,1064840,5.330081619793246
476011,168240,896668,1064908,5.329695672848312
476027,168240,896693,1064933,5.329844270090347
476322,168292,897348,1065640,5.332089463551446
476410,168292,897688,1065980,5.33410976160483
476430,168299,897725,1066024,5.334107748709143
476573,168343,897949,1066292,5.334044183601338
476694,168366,898212,1066578,5.334877588111614
476722,168373,898240,1066613,5.33482209142796
476801,168402,898315,1066717,5.334348760703555
476877,168403,898658,1067061,5.336353865429951
476880,168405,898682,1067087,5.336433003770672
476907,168422,898720,1067142,5.336119984325088
476998,168473,898824,1067297,5.335121948324064
477190,168551,899212,1067763,5.334954998783751
477223,168571,899250,1067821,5.334547460713883
477274,168605,899317,1067922,5.333869102339788
477455,168618,899627,1068245,5.335296350330332
477502,168642,899666,1068308,5.334768325802588
477543,168653,899717,1068370,5.33472277397971
477601,168669,899760,1068429,5.334471657506715
477645,168676,899825,1068501,5.334635632810833
477901,168901,900436,1069337,5.331146648036424
477931,168929,900482,1069411,5.330535313652481
477962,168939,900527,1069466,5.330486151806273
478006,168946,900565,1069511,5.330490215808601
478061,168965,900624,1069589,5.3302399905305835
478080,168971,900660,1069631,5.330263773073486
478100,168972,900683,1069655,5.330368345051251
478996,168972,902396,1071368,5.3405061193570535
479043,168978,902428,1071406,5.340505864668773
479134,169063,902549,1071612,5.33853652188829
479145,169070,902566,1071636,5.338416040693204
479171,169092,902593,1071685,5.337881153454924
479212,169124,902669,1071793,5.337320545871668
479331,169177,902813,1071990,5.336499642386376
479341,169177,902829,1072006,5.336594217890139
479387,169203,902866,1072069,5.335992860646678
479403,169205,902916,1072121,5.336225288850803
479468,169253,903058,1072311,5.335550920810857
479633,169262,903997,1073259,5.340814831444742
479720,169289,904082,1073371,5.340465121774008
479722,169291,904087,1073378,5.340431564584059
479730,169291,904087,1073378,5.340431564584059
479863,169335,904389,1073724,5.340827354061476
479992,169416,904570,1073986,5.339342210889172
480025,169424,904620,1074044,5.339385211068089
480037,169426,904623,1074049,5.33933988880101
480501,169447,905137,1074584,5.341711567628816
480514,169456,905160,1074616,5.341563591728827
480870,169714,905764,1075478,5.33700225084554
480871,169714,905766,1075480,5.337014035377164
480899,169749,905828,1075577,5.336278858785619
481211,169897,906553,1076450,5.335897632094739
481214,169897,906559,1076456,5.335932947609434
481223,169904,906575,1076479,5.335807279404841
481224,169906,906580,1076486,5.335773898508587
481292,169906,906622,1076528,5.336021094016692
481464,169967,906999,1076966,5.3363241099742895
481493,169981,907044,1077025,5.336149334337367
481501,169986,907048,1077034,5.336015907192357
481511,169991,907055,1077046,5.335900135889547
481522,169998,907072,1077070,5.335780420946128
481646,170039,907152,1077191,5.334964331712136
481656,170039,907168,1077207,5.335058427772452
481682,170042,907191,1077233,5.335099563637219
481772,170107,907288,1077395,5.3336311850776275
481814,170158,907388,1077546,5.332620270572057
481912,170165,907556,1077721,5.33338818205859
481946,170172,907611,1077783,5.333491996333122
481962,170180,907636,1077816,5.333388177224116
481977,170186,907675,1077861,5.333429306758488
482085,170204,907723,1077927,5.333147282085028
482325,170270,907888,1078158,5.332049098490632
482535,170270,908308,1078578,5.33451576907265
482560,170295,908336,1078631,5.333897060982413
482579,170307,908364,1078671,5.333685638288503
482782,170466,908717,1079183,5.330781504816209
482893,170466,908974,1079440,5.332289136836671
482911,170473,908992,1079465,5.332175769769993
482969,170489,909078,1079567,5.332179788725372
483166,170603,909638,1080241,5.331899204586086
483333,170707,909886,1080593,5.330103627853574
483368,170728,909928,1080656,5.329694016212923
483377,170744,909952,1080696,5.329335145012417
483390,170750,909964,1080714,5.329218155197657
483449,170750,910058,1080808,5.329768667642752
483665,170946,910478,1081424,5.32611467948943
483737,170988,910618,1081606,5.325625190071818
483799,170988,910635,1081623,5.325724612253492
483802,170994,910643,1081637,5.32558452343357
483891,171006,910817,1081823,5.32622831947417
484031,171075,911047,1082122,5.325424521408739
484163,171075,911047,1082122,5.325424521408739
484199,171084,911078,1082162,5.325325571064506
484230,171101,911118,1082219,5.325030245293715
484498,171270,911669,1082939,5.322992935131664
484525,171281,911717,1082998,5.322931323380877
484565,171288,911738,1083026,5.322836392508524
484658,171342,911862,1083204,5.321882550688097
484727,171363,911942,1083305,5.32169721585173
484904,171431,912356,1083787,5.322001271648651
484916,171434,912377,1083811,5.322030635696536
485062,171494,912694,1084188,5.322017096808052
485149,171514,912811,1084325,5.322078664132374
485188,171528,912877,1084405,5.322029056480575
485209,171540,912918,1084458,5.321895767750962
485220,171542,912941,1084483,5.321967797973674
485251,171571,912979,1084550,5.321289728450612
485354,171582,913323,1084905,5.322953456656292
485441,171623,913512,1085135,5.322783076860327
485469,171629,913526,1085155,5.322678568307221
485641,171629,913902,1085531,5.324869340263009
485701,171664,913999,1085663,5.3243487277472274
485727,171674,914039,1085713,5.324271584514836
486728,171674,915741,1087415,5.33418572410499
486863,171730,915905,1087635,5.333401269434577
487059,171766,916886,1088652,5.337994713738458
487105,171784,916973,1088757,5.337941833930983
487134,171791,917016,1088807,5.3379746319655865
487183,171818,917115,1088933,5.337711997578833
487192,171828,917130,1088958,5.33748865144214
487235,171839,917212,1089051,5.3376241714628225
487238,171842,917222,1089064,5.337589180759069
487275,171864,917268,1089132,5.337173579109063
487322,171864,917372,1089236,5.337778708746451
487362,171872,917445,1089317,5.3379549897598215
487389,171882,917470,1089352,5.337789879103106
487445,171901,917549,1089450,5.337659466786115
487566,171934,917691,1089625,5.337460886153989
488001,171955,919105,1091060,5.345032130499258
488027,171980,919149,1091129,5.344510989649959
488028,171980,919149,1091129,5.344510989649959
488356,172176,919831,1092007,5.3423880215593345
488423,172193,919937,1092130,5.342476174989692
488823,172468,920724,1093192,5.338520769070204
488836,172468,920738,1093206,5.338601943548948
489189,172665,921408,1094073,5.3363912779080875
489216,172686,921447,1094133,5.33596817344776
489255,172695,921517,1094212,5.336095428356351
489376,172705,921847,1094552,5.337697229379578
489449,172743,921982,1094725,5.337304550690911
489463,172749,921998,1094747,5.337211792832376
489599,172824,922184,1095008,5.335971855760774
489610,172829,922206,1095035,5.3359447777861355
489627,172846,922238,1095084,5.335605105122479
489647,172846,922259,1095105,5.335726600557722
489692,172859,922355,1095214,5.335880688885161
489715,172870,922371,1095241,5.335633713194887
489814,172939,922505,1095444,5.334279717125692
489902,172986,922774,1095760,5.33438544159643
490773,173011,922984,1095995,5.334828421314252
490791,173021,922994,1096015,5.334577883609504
490921,173022,923379,1096401,5.336772202378889
490942,173035,923448,1096483,5.336770017626492
491081,173087,923955,1097042,5.33809587086263
491139,173098,924074,1097172,5.338444118360697
491171,173108,924127,1097235,5.3384418975437296
491265,173157,924275,1097432,5.3377859399273495
491267,173157,924280,1097437,5.337814815456493
491287,173169,924308,1097477,5.337606615502775
491736,173199,926018,1099217,5.3465551186785145
491752,173205,926056,1099261,5.346589301694523
492036,173205,926733,1099938,5.350497964839352
492070,173216,926771,1099987,5.350377563273601
492165,173216,926874,1100090,5.350972196563828
492185,173224,926892,1100116,5.350828984436337
492229,173239,926942,1100181,5.3506542983970125
492384,173240,927017,1100257,5.351056338028169
492435,173240,927105,1100345,5.351564303855922
492452,173250,927123,1100373,5.351359307359307
492486,173250,927141,1100391,5.3514632034632035
492759,173250,927160,1100410,5.351572871572872
492775,173258,927182,1100440,5.351452746770712
492943,173339,927482,1100821,5.350682766140338
492957,173352,927498,1100850,5.350373805897826
493028,173380,927670,1101050,5.350501787980159
493050,173400,927712,1101112,5.350126874279123
493106,173427,927803,1101230,5.349818655687984
493159,173427,927895,1101322,5.350349138254136
493222,173455,928052,1101507,5.350390591219624
493264,173475,928102,1101577,5.350061968583369
493479,173487,929157,1102644,5.355773055041588
493497,173502,929176,1102678,5.355419534068772
493557,173524,929274,1102798,5.355305317996358
493664,173531,929371,1102902,5.3556482703378645
493705,173573,929506,1103079,5.355130118163539
502111,173601,954654,1128255,5.4991273091744866
502132,173601,954702,1128303,5.49940380527762
502152,173606,954718,1128324,5.49933758049837
502342,173699,955003,1128702,5.498033955290474
502366,173712,955033,1128745,5.497795201252648
502389,173720,955066,1128786,5.497731982500576
502413,173740,955125,1128865,5.497438701508001
502509,173799,955313,1129112,5.496654180979177
502527,173814,955329,1129143,5.496271876833857
502625,173846,955523,1129369,5.496376102987702
502647,173855,955578,1129433,5.496407926145351
502955,173931,955830,1129761,5.4954550942615175
503010,173991,955992,1129983,5.49449109436695
503041,174004,956010,1130014,5.494184041746167
503061,174009,956065,1130074,5.494342246665402
503079,174016,956102,1130118,5.49433385435822
503153,174020,956122,1130142,5.494322491667624
503586,174099,957033,1131132,5.497062016438923
503629,174137,957097,1131234,5.496229979843457
503653,174137,957192,1131329,5.496775527314701
503970,174421,958127,1132548,5.493186026911897
503980,174434,958145,1132579,5.492879828473806
503993,174440,958153,1132593,5.492736757624398
503995,174440,958157,1132597,5.492759688144921
504017,174440,958170,1132610,5.49283421233662
504103,174446,958323,1132769,5.493522350756108
504115,174449,958343,1132792,5.493542525322587
504137,174451,958350,1132801,5.493519670279906
504157,174455,958369,1132824,5.493502622452781
504175,174470,958404,1132874,5.493230927953229
504330,174475,958625,1133100,5.494340163347184
504349,174475,958640,1133115,5.494426135549506
504395,174499,958707,1133206,5.49405440718858
504588,174609,958997,1133606,5.492254122067019
504612,174616,959011,1133627,5.49211412470793
504620,174619,959026,1133645,5.492105670058813
504731,174668,959155,1133823,5.4913035014999885
504741,174673,959163,1133836,5.491192113263069
504749,174679,959175,1133854,5.4910721952839205
504823,174696,959212,1133908,5.49074964509777
504833,174696,959222,1133918,5.4908068873929565
504843,174700,959227,1133927,5.490709788208357
504896,174702,959380,1134082,5.491522707238612
504925,174702,959405,1134107,5.491665808061728
504926,174702,959407,1134109,5.491677256127577
504941,174709,959427,1134136,5.491571699225569
504948,174713,959447,1134160,5.49156044484383
505000,174745,959508,1134253,5.490903888523277
505136,174814,959752,1134566,5.490132369261043
505874,174817,960582,1135399,5.494785976192246
505880,174829,960618,1135447,5.4946147378295365
505918,174829,960724,1135553,5.495221044563545
506021,174867,960842,1135709,5.494701687568266
506443,175081,961551,1136632,5.492035115175262
506464,175082,961593,1136675,5.492243634411304
506513,175120,961680,1136800,5.491548652352672
506522,175125,961690,1136815,5.491448965024982
506564,175138,961796,1136934,5.491646587262616
506626,175171,961930,1137101,5.491376997334034
506629,175172,961938,1137110,5.491391318247208
506673,175207,962046,1137253,5.490910751282768
507103,175418,962747,1138165,5.488302226681412
507163,175418,962747,1138165,5.488302226681412
507173,175418,962764,1138182,5.488399138058808
507219,175418,962866,1138284,5.4889806063231825
507543,175499,963382,1138881,5.489387403916831
507564,175510,963392,1138902,5.489100336163181
507587,175510,963409,1138919,5.4891971967409265
507678,175544,963490,1139034,5.488595451852527
507688,175548,963507,1139055,5.488567229475699
507762,175569,963590,1139159,5.488383484555929
507852,175653,963745,1139398,5.486641275696971
508334,175769,964212,1139981,5.485677224083883
508503,175873,964473,1140346,5.483917372194709
508643,175958,964705,1140663,5.482586753657123
509841,176215,967044,1143259,5.487864256731833
509891,176348,967080,1143428,5.4839295030281034
510251,176459,967352,1143811,5.482021319399974
510305,176506,967576,1144082,5.481830645983706
510354,176519,967608,1144127,5.481608212147134
510389,176530,967669,1144199,5.481612190562511
510722,176551,967988,1144539,5.482767019161602
510752,176562,968019,1144581,5.482601012675434
510916,176562,968372,1144934,5.48460031037256
510923,176567,968393,1144960,5.4845639332378076
510993,176648,968603,1145251,5.483237851546579
511008,176653,968626,1145279,5.48321285231499
511071,176681,968725,1145406,5.482904217205019
511079,176685,968739,1145424,5.482859325919009
511154,176722,968807,1145529,5.482096173651271
511288,176776,968949,1145725,5.481224826899579
511394,176845,969245,1146090,5.480759987559727
511535,176946,969412,1146358,5.478575384580607
511555,176953,969440,1146393,5.47851689431657
511623,177010,969567,1146577,5.477470199423761
511769,177045,969881,1146926,5.47816091954023
511772,177046,969884,1146930,5.478146922268789
511782,177046,969900,1146946,5.478237294262508
511828,177046,969950,1146996,5.478519706742881
511947,177085,970046,1147131,5.477855267244544
513411,177095,972122,1149217,5.489268471724216
513553,177192,972367,1149559,5.487646169127275
513569,177198,972399,1149597,5.487640944028714
513656,177205,972623,1149828,5.488688242431083
513671,177205,972623,1149828,5.488688242431083
513682,177207,972637,1149844,5.488705299452053
513718,177224,972708,1149932,5.488579424908591
513999,177224,973069,1150293,5.490616395070645
514029,177235,973100,1150335,5.490450531779841
514176,177235,973356,1150591,5.491894941744012
514185,177239,973362,1150601,5.491804851076795
514223,177253,973438,1150691,5.491799856702002
514807,177724,974288,1152012,5.482028313564854
514942,177754,974372,1152126,5.481575660744625
514963,177754,974402,1152156,5.481744433317957
515004,177774,974472,1152246,5.4815214823315
515040,177783,974531,1152314,5.481575853709297
515070,177810,974562,1152372,5.4809178336426525
515612,178007,975006,1153013,5.4773463964900255
515773,178057,975211,1153268,5.476959625288531
515895,178140,975478,1153618,5.475906590322219
515927,178144,975539,1153683,5.476126055326028
515937,178144,975561,1153705,5.476249550925094
516026,178161,975724,1153885,5.476641913774619
516048,178170,975782,1153952,5.476690800920469
516064,178177,975817,1153994,5.476672073275451
516113,178201,975877,1154078,5.476271176929423
517188,178589,977418,1156007,5.473002256577953
517217,178593,977440,1156033,5.47300286125436
517228,178598,977465,1156063,5.472989619144672
517287,178642,977573,1156215,5.472246168314282
517597,178658,978006,1156664,5.474179717672873
517668,178661,978130,1156791,5.474781849424328
517682,178668,978168,1156836,5.4747800389549335
517845,178777,978471,1157248,5.473136924772202
517855,178781,978482,1157263,5.473075998008737
517917,178795,978564,1157359,5.473106071198859
517956,178808,978635,1157443,5.473105230191043
518018,178810,978815,1157625,5.474050668307141
518050,178827,978917,1157744,5.47410066712521
518081,178828,978982,1157810,5.474433533898495
518299,178932,979298,1158230,5.473017682695102
518321,178953,979332,1158285,5.472565422205831
518425,179007,979530,1158537,5.472020647237259
518452,179007,979580,1158587,5.472299965923121
518462,179013,979588,1158601,5.472161239686503
518517,179013,979687,1158700,5.472714272147833
518534,179018,979704,1158722,5.472656380922589
518553,179030,979756,1158786,5.4725800145227055
518567,179043,979790,1158833,5.472372558547388
518724,179095,979917,1159012,5.471492783159776
518752,179104,979937,1159041,5.471329506878685
518772,179111,979960,1159071,5.471244088861098
518787,179125,980002,1159127,5.471050942079553
518796,179133,980031,1159164,5.470968498266651
518964,179175,980317,1159492,5.471282265941119
518975,179175,980327,1159502,5.47133807729873
519037,179189,980443,1159632,5.471557963937519
519166,179189,980630,1159819,5.472601554782939
519191,179207,980670,1159877,5.472275078540458
520310,179319,982459,1161778,5.478833810137242
520416,179419,982734,1162153,5.4773128821362285
520650,179556,983190,1162746,5.475673327541268
520750,179573,983274,1162847,5.475622727247415
520775,179593,983304,1162897,5.475179990311426
520776,179593,983304,1162897,5.475179990311426
520796,179593,983341,1162934,5.475386011704242
520799,179593,983350,1162943,5.475436125016008
520903,179631,983425,1163056,5.4746953476849765
520922,179638,983437,1163075,5.474548814838731
520953,179657,983488,1163145,5.4742537168048
520983,179663,983506,1163169,5.474171086979512
521022,179684,983538,1163222,5.473709400948332
521060,179704,983575,1163279,5.473306103369986
521071,179704,983593,1163297,5.473406268085296
521110,179743,983694,1163437,5.472780581163105
521308,179767,983947,1163714,5.473457308627279
521317,179774,983963,1163737,5.4733331849989435
521510,179856,984324,1164180,5.472844942620763
521810,179907,984736,1164643,5.4735835737353185
522043,179958,985833,1165791,5.478128229920315
522087,179974,985885,1165859,5.477930145465456
522092,179976,985897,1165873,5.477935947015157
522362,179983,986555,1166538,5.481378796886372
522375,179983,986569,1166552,5.481456582010523
522380,179987,986580,1166567,5.481395878591232
522406,179993,986623,1166616,5.4814520564688625
522441,180003,986641,1166644,5.48124753476331
522512,180034,986705,1166739,5.480659208816112
522602,180066,986750,1166816,5.4799351348949825
522642,180066,986792,1166858,5.48016838270412
522646,180069,986799,1166868,5.480115955550373
522707,180086,986934,1167020,5.480348278044934
523270,180405,988069,1168474,5.476949086776974
523298,180413,988087,1168500,5.476805995133389
523328,180427,988128,1168555,5.476608268163856
523341,180427,988142,1168569,5.476685861872115
523503,180480,988270,1168750,5.475786790780142
523576,180480,988491,1168971,5.47701130319149
524083,180561,989914,1170475,5.482435298874065
524084,180561,989916,1170477,5.48244637546314
524299,180673,990338,1171011,5.481383493936559
524332,180678,990354,1171032,5.481320359977419
524356,180692,990409,1171101,5.481200053129082
524370,180700,990449,1171149,5.481178749308246
524418,180737,990502,1171239,5.48034990068442
524449,180755,990560,1171315,5.480125031119471
524567,180755,990907,1171662,5.48204475671489
524578,180755,990925,1171680,5.482144339022434
524649,180778,990968,1171746,5.481684718273241
524696,180786,991018,1171804,5.481718717157302
524751,180825,991102,1171927,5.481000967786534
524766,180828,991113,1171941,5.480970867343553
524780,180836,991142,1171978,5.480888761087394
524790,180836,991158,1171994,5.480977239045322
524801,180848,991202,1172050,5.480856852163143
524824,180855,991226,1172081,5.480777418373836
524846,180868,991250,1172118,5.480516177543844
524857,180880,991270,1172150,5.480263157894737
524924,180880,991343,1172223,5.480666740380363
524963,180904,991404,1172308,5.480276831910848
525001,180924,991445,1172369,5.479897636576684
525199,180927,991719,1172646,5.481321195841416
525274,180962,991795,1172757,5.480681026955936
525294,180962,991825,1172787,5.480846807617069
525305,180962,991848,1172810,5.480973906123937
525740,181067,992166,1173233,5.47955176813003
525849,181067,992279,1173346,5.480175846509855
526184,181152,992845,1173997,5.480728890655361
526196,181160,992861,1174021,5.480575182159417
526233,181169,992996,1174165,5.481048082177415
526247,181177,993012,1174189,5.480894374009946
526325,181189,993045,1174234,5.480713509098234
526350,181209,993083,1174292,5.480318306485881
526363,181219,993096,1174315,5.480087628780646
526508,181219,993377,1174596,5.481638238816018
526573,181261,993510,1174771,5.481101836578194
526581,181266,993514,1174780,5.480972714132822
526737,181288,993713,1175001,5.481405277790036
526754,181296,993735,1175031,5.481284749801429
526924,181307,994307,1175614,5.484107067018924
527469,181363,994514,1175877,5.483555080143138
527480,181373,994523,1175896,5.483302365842766
528902,182382,996969,1179351,5.4663782610126
529061,182482,997471,1179953,5.466133646058242
529078,182491,997489,1179980,5.46596270501011
529223,182503,997727,1180230,5.466907393303123
529244,182503,997757,1180260,5.4670717741626165
529290,182522,997806,1180328,5.466771128959796
529306,182524,997830,1180354,5.466842716574258
529414,182525,997962,1180487,5.467535953978907
529835,182616,998756,1181372,5.469159328864941
529851,182616,998769,1181385,5.469230516493626
530269,182928,999720,1182648,5.4651010233534505
530366,182957,999922,1182879,5.465338850112322
530406,182997,1000005,1183002,5.46459778029148
530471,183009,1000121,1183130,5.464873312241474
530715,183143,1000853,1183996,5.464871712268555
530720,183148,1000868,1184016,5.464804420468692
530731,183148,1000878,1184026,5.464859021119532
530743,183157,1000902,1184059,5.464721523064911
530755,183165,1000914,1184079,5.464548358037835
530773,183171,1000941,1184112,5.464516763024714
530799,183183,1001015,1184198,5.464562759644727
530819,183194,1001066,1184260,5.464513029902726
530900,183226,1001147,1184373,5.464000742252737
531033,183355,1001365,1184720,5.461345477352676
531388,183451,1001796,1185247,5.460836953736965
531402,183459,1001819,1185278,5.460724194506675
531417,183474,1001843,1185317,5.460408559250902
531560,183564,1002070,1185634,5.458967989366107
531567,183567,1002085,1185652,5.458960488540969
531821,183632,1002615,1186247,5.459914394005402
531823,183632,1002620,1186252,5.459941622375185
531824,183632,1002620,1186252,5.459941622375185
531886,183632,1002684,1186316,5.4602901455084085
531940,183661,1002764,1186425,5.459863552958984
531970,183670,1002870,1186540,5.460173136603691
531980,183675,1002885,1186560,5.460106165781951
532004,183696,1002914,1186610,5.459639839735215
532032,183709,1002949,1186658,5.459444011997235
532037,183710,1002952,1186662,5.459430624353601
532080,183718,1002970,1186688,5.459290869702479
532104,183718,1003020,1186738,5.459563025941932
532131,183736,1003054,1186790,5.459213218966343
532171,183761,1003092,1186853,5.4586773036716165
532180,183763,1003108,1186871,5.4587049623700095
532197,183763,1003108,1186871,5.4587049623700095
532333,183795,1003209,1187004,5.458304088794581
532363,183803,1003279,1187082,5.458447359401098
532413,183817,1003317,1187134,5.458238356626428
532504,183880,1003479,1187359,5.457249293017185
532665,183976,1003732,1187708,5.455776840457451
532844,184077,1003992,1188069,5.454195798497368
532850,184081,1003995,1188076,5.454093578370391
532860,184081,1004011,1188092,5.454180496629201
532956,184124,1004154,1188278,5.453683387282483
532970,184132,1004172,1188304,5.453544196554645
533050,184150,1004248,1188398,5.453423839261472
533115,184179,1004359,1188538,5.453167842153557
533133,184184,1004376,1188560,5.453112105286018
533145,184188,1004395,1188583,5.45309683584164
533173,184204,1004444,1188648,5.452889188074092
533239,184240,1004567,1188807,5.452491315675206
533242,184240,1004576,1188816,5.452540165002171
533765,184266,1006337,1190603,5.461327645903205
533794,184276,1006358,1190634,5.461145238663743
533848,184308,1006432,1190740,5.460598563274519
533898,184332,1006481,1190813,5.460153418831239
533931,184346,1006523,1190869,5.4599665845746586
534012,184349,1006564,1190913,5.460100136154793
534033,184349,1006594,1190943,5.460262870967567
534070,184374,1006653,1191027,5.459842494060985
534272,184466,1006964,1191430,5.45880541671636
534322,184510,1007056,1191566,5.458002276299387
534394,184525,1007119,1191644,5.4579000135483
534402,184529,1007124,1191653,5.45780879970086
534424,184536,1007154,1191690,5.457764338665626
534427,184542,1007160,1191702,5.457619403712976
534479,184561,1007212,1191773,5.45733930787111
534642,184678,1007467,1192145,5.455262673409935
534672,184694,1007576,1192270,5.45538025057663
534703,184704,1007597,1192301,5.455198588011088
534875,184730,1007873,1192603,5.455924863314026
534919,184730,1007959,1192689,5.456390407621934
534986,184805,1008148,1192953,5.455198722978275
535167,184805,1008337,1193142,5.456221422580558
535215,184834,1008410,1193244,5.4557603038402025
535585,184926,1008734,1193660,5.454798135470404
535617,184937,1008753,1193690,5.4545764233225364
535956,184937,1009592,1194529,5.459113103381151
536007,184954,1009662,1194616,5.458989802869903
536089,185010,1009782,1194792,5.457986054807848
536111,185012,1009789,1194801,5.457964888763972
536219,185022,1010032,1195054,5.458983256045227
536300,185047,1010148,1195195,5.4588726107421355
536752,185047,1011508,1196555,5.466222094927235
536785,185047,1011583,1196630,5.466627397363913
536831,185061,1011629,1196690,5.466462409691939
536990,185125,1012322,1197447,5.4683160027008775
537469,185132,1013515,1198647,5.474553291705377
537481,185138,1013548,1198686,5.474554116388856
537535,185152,1013647,1198799,5.474674861735223
537593,185171,1013730,1198901,5.474561351399517
537614,185173,1013758,1198931,5.474653432195838
537642,185180,1013806,1198986,5.474705691759369
537767,185229,1013965,1199194,5.474115824195995
537897,185229,1014351,1199580,5.476199731143612
537918,185235,1014358,1199593,5.476060139822388
537949,185260,1014399,1199659,5.475542480837742
538063,185309,1014591,1199900,5.47513072759553
538089,185324,1014618,1199942,5.474833264984568
538130,185348,1014675,1200023,5.474431879491551
538262,185400,1014822,1200222,5.47368932038835
538287,185400,1014822,1200222,5.47368932038835
538467,185502,1015266,1200768,5.473073066597665
538877,185502,1015924,1201426,5.476620198164979
539036,185515,1016354,1201869,5.47855429480096
539116,185517,1016455,1201972,5.479039656743048
539123,185519,1016455,1201974,5.478980589589207
539273,185568,1016700,1202268,5.478854112778065
539357,185568,1016882,1202450,5.479834885325056
539382,185581,1016960,1202541,5.479871323034147
539431,185607,1017022,1202629,5.479437736723292
539462,185607,1017102,1202709,5.479868754949975
539592,185607,1017488,1203095,5.4819484178937214
539623,185617,1017547,1203164,5.481970940161731
539642,185622,1017568,1203190,5.481936408399866
539696,185645,1017613,1203258,5.481499636402812
539706,185645,1017641,1203286,5.481650461903095
539712,185648,1017650,1203298,5.481610359389813
539740,185655,1017679,1203334,5.4815598825778995
539770,185664,1017784,1203448,5.4818597035505
539799,185679,1017840,1203519,5.481718449582344
539918,185679,1018097,1203776,5.483102558716926
539944,185691,1018137,1203828,5.482963633132462
539969,185694,1018155,1203849,5.4829719861707975
539974,185695,1018159,1203854,5.482964000107703
540017,185721,1018232,1203953,5.482589475611267
540335,185905,1018692,1204597,5.479637449234824
540684,186046,1019363,1205409,5.479091192500779
540741,186060,1019423,1205483,5.479001397398688
540757,186062,1019447,1205509,5.479071492298266
540802,186083,1019507,1205590,5.478775600135424
540877,186108,1019600,1205708,5.478539342747222
540921,186130,1019646,1205776,5.47813893515285
541022,186173,1019885,1206058,5.478157412729021
541063,186187,1019945,1206132,5.478067749090967
541125,186199,1020032,1206231,5.478181945123229
541140,186207,1020049,1206256,5.478037882571547
541308,186255,1020446,1206701,5.478757617245175
541615,186430,1020780,1207210,5.475406318725527
541645,186440,1020812,1207252,5.4752842737609955
541656,186440,1020827,1207267,5.475364728599013
542709,186482,1022490,1208972,5.483049302345535
542798,186525,1022615,1209140,5.482455434928294
542858,186545,1022705,1209250,5.4823501031922595
545148,187392,1025222,1212614,5.471001963797814
545210,187392,1025286,1212678,5.471343493852459
545266,187404,1025438,1212842,5.471804230432648
545267,187406,1025439,1212845,5.471751171253855
545295,187413,1025467,1212880,5.471696200370305
545653,187514,1025793,1213307,5.470487536930576
545914,187600,1026033,1213633,5.4692590618336885
545936,187607,1026085,1213692,5.469332167776256
545962,187619,1026117,1213736,5.469152910952515
546015,187622,1026200,1213822,5.469507840231956
546049,187641,1026266,1213907,5.469305748743611
546462,187845,1026866,1214711,5.466560195906199
546491,187868,1026895,1214763,5.466045308408031
546520,187872,1026920,1214792,5.466061999659343
546551,187872,1026920,1214792,5.466061999659343
546605,187895,1026999,1214894,5.465813353202587
546667,187920,1027088,1215008,5.46555981268625
546716,187931,1027108,1215039,5.465346323916757
546733,187936,1027138,1215074,5.465360548271752
546767,187950,1027160,1215110,5.465070497472732
546801,187963,1027186,1215149,5.464830844368307
546876,187993,1027274,1215267,5.464426866957813
547115,188082,1028070,1216152,5.46607330845057
547175,188117,1028188,1216305,5.465683590531425
547609,188276,1028742,1217018,5.46401028277635
547750,188334,1028853,1217187,5.462916945426742
548122,188337,1029568,1217905,5.4666263134700035
548166,188363,1029665,1218028,5.4663867107659145
548251,188381,1029709,1218090,5.466097961047027
548385,188495,1030028,1218523,5.46448446908406
548406,188495,1030060,1218555,5.464654234860341
548569,188599,1030283,1218882,5.462823238723429
548577,188605,1030286,1218891,5.462665358818695
548685,188663,1030444,1219107,5.461823463000164
548713,188675,1030462,1219137,5.46157148535842
548831,188675,1030689,1219364,5.462774612428779
549823,188675,1032516,1221191,5.472457930303432
549891,188706,1032611,1221317,5.472062361557131
549956,188741,1032700,1221441,5.471519171775078
549987,188752,1032743,1221495,5.471428117317962
550006,188752,1032799,1221551,5.471724802915996
550062,188769,1032863,1221632,5.471571073640269
550084,188782,1032908,1221690,5.471432657774576
550123,188798,1032949,1221747,5.4711861354463505
550138,188807,1032966,1221773,5.471015375489256
550170,188815,1033019,1221834,5.471064269258268
550279,188872,1033160,1222032,5.470159684865941
550374,188917,1033286,1222203,5.469523653244546
550418,188941,1033348,1222289,5.469157038440572
550953,189305,1034199,1223504,5.463136208763635
550962,189307,1034215,1223522,5.4631630103482705
551037,189329,1034358,1223687,5.4632834906432715
551113,189372,1034488,1223860,5.462729442578628
551141,189384,1034517,1223901,5.462536433912052
551188,189427,1034593,1224020,5.461697646058904
551337,189489,1034765,1224254,5.460818306075814
551356,189489,1034795,1224284,5.460976626611571
551821,189734,1036074,1225808,5.460665985010594
551854,189753,1036117,1225870,5.460345817984432
551879,189764,1036143,1225907,5.46016631183997
551907,189784,1036172,1225956,5.459743708637188
551983,189810,1036260,1226070,5.45945945945946
552243,189946,1036637,1226583,5.457535299506175
552267,189960,1036667,1226627,5.457291008633397
552375,189992,1036778,1226770,5.456956082361363
552380,190001,1036787,1226788,5.456744964500187
552588,190037,1036915,1226952,5.456384809273984
552608,190046,1036949,1226995,5.4563053155551815
552633,190062,1036977,1227039,5.455993307447043
552662,190092,1037087,1227179,5.455710918923469
552686,190111,1037125,1227236,5.45536554959997
552727,190134,1037257,1227391,5.4553998758770135
552883,190257,1037558,1227815,5.453455063414224
552974,190257,1037802,1228059,5.454737539223261
552998,190261,1037819,1228080,5.454712211120514
553004,190263,1037827,1228090,5.454696919527181
553061,190281,1037959,1228240,5.454874632779942
553098,190288,1037997,1228285,5.454873665181199
553141,190288,1038043,1228331,5.455115404019171
553192,190297,1038069,1228366,5.454994035639028
553214,190299,1038073,1228372,5.454957724423145
553241,190317,1038141,1228458,5.454799098346443
553268,190317,1038179,1228496,5.454998765218031
553336,190340,1038266,1228606,5.454796679625932
553338,190340,1038270,1228610,5.454817694651676
553363,190343,1038293,1228636,5.454852555649538
553404,190352,1038341,1228693,5.454846810120198
553408,190354,1038344,1228698,5.454805257572733
553428,190354,1038359,1228713,5.4548840581232865
553445,190362,1038375,1228737,5.454738865950137
553530,190415,1038524,1228939,5.4540030984953916
553540,190442,1038562,1229004,5.453429390575608
553569,190454,1038610,1229064,5.453337813855314
554271,190454,1038610,1229064,5.453337813855314
554332,190498,1038724,1229222,5.4526766685214545
554409,190551,1039007,1229558,5.452645223588435
554464,190565,1039027,1229592,5.4523495920027285
554527,190603,1039117,1229720,5.451734757585138
554554,190618,1039154,1229772,5.451499858355454
554601,190634,1039250,1229884,5.4515458942266335
554693,190646,1039423,1230069,5.452110193762261
555263,190646,1040212,1230858,5.456248754235599
555317,190655,1040247,1230902,5.456174765938475
555341,190678,1040283,1230961,5.455705430096812
555380,190682,1040345,1231027,5.455916132618706
555668,190833,1040794,1231627,5.453951884632113
555733,190848,1040999,1231847,5.4545973759222
556153,191044,1041801,1232845,5.453199262997006
556413,191093,1042231,1233324,5.454051168802625
556549,191171,1042398,1233569,5.452699415706357
556558,191174,1042406,1233580,5.4526556958582235
556762,191183,1043599,1234782,5.458639104941339
556774,191187,1043624,1234811,5.458655661734323
556793,191187,1043639,1234826,5.458734118951602
556851,191193,1044186,1235379,5.46142379689633
557015,191193,1044471,1235664,5.4629144372440415
558012,191670,1046616,1238286,5.4605102519956175
558461,191670,1046616,1238286,5.4605102519956175
558560,191693,1046678,1238371,5.46017851460408
558616,191693,1046766,1238459,5.460637581966999
558618,191694,1046770,1238464,5.460629962335806
558632,191694,1046805,1238499,5.460812544993583
558914,191694,1047132,1238826,5.4625183886819615
559007,191694,1047405,1239099,5.463942533412626
559028,191700,1047421,1239121,5.463854981742306
559216,191764,1047738,1239502,5.463684528900107
559231,191768,1047768,1239536,5.463727003462517
559250,191788,1047794,1239582,5.463292802469393
559533,191798,1048457,1240255,5.466464718088822
559597,191834,1048571,1240405,5.466033132812744
559600,191834,1048580,1240414,5.466080048375158
559640,191848,1048619,1240467,5.4658844501897335
559666,191864,1048670,1240534,5.465694450235584
560700,192099,1050106,1242205,5.466483427815866
560716,192107,1050166,1242273,5.466568110480097
560787,192122,1050255,1242377,5.466604553356722
560881,192155,1050330,1242485,5.466056048502511
560903,192155,1050354,1242509,5.466180947672452
561642,192698,1051744,1244442,5.457991260936803
561658,192698,1051771,1244469,5.458131376558137
561682,192704,1051799,1244503,5.458106733643308
561802,192794,1051922,1244716,5.456196769609012
562044,192917,1052246,1245163,5.454397487002182
562297,193061,1052600,1245661,5.452162787927132
562335,193070,1052678,1245748,5.452312632723882
562414,193107,1052814,1245921,5.451972222653762
562717,193344,1053461,1246805,5.448635592519033
562905,193353,1054563,1247916,5.454081395168423
563010,193417,1054706,1248123,5.453016022376524
563031,193424,1054724,1248148,5.452911737943585
563052,193424,1054756,1248180,5.453077177599471
563085,193438,1054842,1248280,5.453127100156123
563131,193438,1054897,1248335,5.453411428984998
563148,193489,1054915,1248404,5.452067042570896
563176,193500,1054934,1248434,5.451855297157623
563203,193520,1054981,1248501,5.451534725093014
563689,193526,1056421,1249947,5.4588065686264375
563712,193530,1056458,1249988,5.458884927401437
563819,193582,1056584,1250166,5.458069448605759
563908,193609,1056699,1250308,5.45790226694007
564030,193627,1056840,1250467,5.458123092337329
564055,193638,1056876,1250514,5.457998946487776
564858,194089,1058371,1252460,5.453018975830676
565034,194216,1058747,1252963,5.4513891749392425
565044,194216,1058776,1252992,5.45153849322404
565055,194216,1058786,1253002,5.4515899822877625
565146,194243,1058859,1253102,5.451208022940338
565261,194298,1059229,1253527,5.451569239004004
565285,194298,1059259,1253557,5.451723641005054
565336,194298,1059381,1253679,5.4523515424759905
565357,194309,1059400,1253709,5.452140662552944
565659,194463,1059815,1254278,5.4499570612404415
565716,194485,1059931,1254416,5.4499370131372595
565764,194492,1060009,1254501,5.450141908150464
565833,194501,1060073,1254574,5.450218764942083
565845,194501,1060094,1254595,5.450326733538645
565916,194536,1060169,1254705,5.449731669202616
565958,194545,1060236,1254781,5.449823948186795
565979,194545,1060266,1254811,5.449978154154566
566076,194576,1060378,1254954,5.449685469944906
568206,194576,1068975,1263551,5.493868719677658
568222,194581,1068988,1263569,5.493794358133631
568265,194587,1069016,1263603,5.4937688540344425
568275,194587,1069026,1263613,5.493820244929004
568328,194627,1069116,1263743,5.493153570676217
568336,194631,1069129,1263760,5.493107470033037
568383,194652,1069163,1263815,5.492689517703389
568577,194772,1069355,1264127,5.49029121228924
568630,194811,1069473,1264284,5.48979780402544
568798,194904,1069783,1264687,5.488768829782868
568820,194918,1069840,1264758,5.4886670292122846
568910,194954,1069934,1264888,5.488135662771731
568979,194965,1070007,1264972,5.4882004462339395
569050,194999,1070100,1265099,5.487720449848461
569282,195008,1071489,1266497,5.494589965539875
569371,195044,1071610,1266654,5.494196181374459
569374,195044,1071619,1266663,5.494242324808761
569422,195060,1071687,1266747,5.494140264533989
569463,195073,1071734,1266807,5.494015061028436
569517,195087,1071780,1266867,5.493856587061157
569604,195087,1071892,1266979,5.494430689897328
569633,195103,1071948,1267051,5.494267130695069
570292,195446,1073016,1268462,5.49008933413833
570357,195509,1073176,1268685,5.489138607429837
570461,195554,1073268,1268822,5.488345930024443
570506,195578,1073342,1268920,5.48805080326008
570567,195603,1073423,1269026,5.487763480110223
570576,195603,1073439,1269042,5.48784527844665
570909,195806,1073985,1269791,5.484944281584834
570928,195812,1073999,1269811,5.4848477110698015
570966,195816,1074059,1269875,5.485042080320301
571000,195845,1074130,1269975,5.484592407260844
571042,195858,1074174,1270032,5.484453022087431
571120,195899,1074286,1270185,5.483876895747298
571706,196039,1075203,1271242,5.484638260754238
571778,196074,1075412,1271486,5.4847251547884985
571830,196097,1075453,1271550,5.484290937648205
572107,196218,1076103,1272321,5.484221631043024
572110,196218,1076112,1272330,5.484267498394643
572945,196460,1076964,1273424,5.481848722386236
573135,196561,1077433,1273994,5.481417982203998
573253,196587,1077842,1274429,5.482773530294475
573260,196591,1077853,1274444,5.4827179270668545
573340,196591,1077975,1274566,5.483338504814564
573427,196629,1078085,1274714,5.482838238510087
573477,196666,1078213,1274879,5.482457567652772
573556,196719,1078291,1275010,5.4813769895129605
573563,196723,1078294,1275017,5.481280785673256
573611,196750,1078398,1275148,5.481057179161373
573637,196763,1078459,1275222,5.48100506700955
573819,196892,1078880,1275772,5.4795522418381655
574115,197036,1079327,1276363,5.4778162366268095
574131,197036,1079356,1276392,5.477963417852576
574145,197044,1079410,1276454,5.478015062625606
574169,197044,1079440,1276484,5.478167312884432
574436,197067,1079937,1277004,5.480049932256542
574468,197069,1079984,1277053,5.480232811857776
574509,197081,1080072,1277153,5.480345644684165
574518,197087,1080086,1277173,5.480249838903632
574548,197096,1080118,1277214,5.480161951536307
574612,197112,1080185,1277297,5.4800570234181585
574656,197112,1080251,1277363,5.480391858435813
574787,197162,1080504,1277666,5.480285247664357
574802,197167,1080518,1277685,5.480217277739175
574851,197181,1080562,1277743,5.48005132340337
574935,197214,1080609,1277823,5.4793726611701
575017,197234,1080672,1277906,5.479136457203119
575040,197247,1080728,1277975,5.479059250584293
575051,197253,1080744,1277997,5.478973703821995
575064,197258,1080757,1278015,5.478900728994515
575124,197276,1080945,1278221,5.479353798738822
575178,197289,1080992,1278281,5.479230975878027
575301,197305,1081054,1278359,5.479100884417526
575925,197327,1082070,1279397,5.483638833003086
576133,197388,1082223,1279611,5.482719314244027
576326,197471,1082518,1279989,5.481908735966294
576337,197475,1082532,1280007,5.4818685909608815
576780,197636,1083072,1280708,5.480135198040843
576799,197636,1083097,1280733,5.480261693213787
576827,197655,1083160,1280815,5.480053628797653
577009,197692,1083298,1280990,5.479726038484107
577020,197702,1083320,1281022,5.479560146078441
577171,197740,1083445,1281185,5.479139273793871
577202,197749,1083496,1281245,5.4791478085856316
577211,197756,1083522,1281278,5.4790853374866
577314,197782,1083599,1281381,5.4787543861423185
577346,197794,1083666,1281460,5.478760730861401
577383,197806,1083717,1281523,5.478686187476619
577402,197806,1083747,1281553,5.478837851227971
577575,197878,1083988,1281866,5.478062240370329
577597,197878,1084009,1281887,5.478168366367155
577681,197920,1084103,1282023,5.477480800323363
577871,197920,1084524,1282444,5.479607922392886
577920,197933,1084552,1282485,5.4793894903831095
577934,197936,1084577,1282513,5.479432745938081
577961,197961,1084605,1282566,5.478882204070499
578020,197996,1084729,1282725,5.478539970504455
578158,198092,1084998,1283090,5.477242897239666
578210,198105,1085169,1283274,5.477746649504051
578239,198117,1085200,1283317,5.477571334110652
578287,198117,1085312,1283429,5.478136656622097
578368,198154,1085504,1283658,5.478082703351938
578438,198154,1085677,1283831,5.478955761680309
578469,198179,1085732,1283911,5.478542126057756
578472,198179,1085738,1283917,5.478572401717639
578577,198268,1086106,1284374,5.477969213387939
579018,198498,1087141,1285639,5.476836038650264
579043,198507,1087218,1285725,5.476975623025888
579053,198507,1087218,1285725,5.476975623025888
579168,198538,1087310,1285848,5.47658382778108
579197,198540,1087325,1285865,5.47660421073839
579627,198577,1087785,1286362,5.477900260352407
579650,198590,1087835,1286425,5.47779344377864
579677,198624,1087878,1286502,5.4770722571290475
579965,198871,1088574,1287445,5.47376942842345
580154,198996,1088868,1287864,5.471808478562383
580203,198997,1088883,1287880,5.4718563596436125
580248,199002,1088936,1287938,5.471985206178832
580514,199017,1089384,1288401,5.473823844194214
580573,199054,1089487,1288541,5.47332382167653
580588,199057,1089510,1288567,5.473356877678253
580603,199067,1089536,1288603,5.473212536482691
580611,199078,1089567,1288645,5.4730658334924
580651,199098,1089628,1288726,5.472822429155491
580846,199163,1089962,1289125,5.472713305182188
580854,199168,1089974,1289142,5.4726361664524426
580902,199203,1090054,1289257,5.4720762237516505
580967,199219,1090096,1289315,5.471847564740311
580994,199221,1090111,1289332,5.471867925570096
581016,199235,1090157,1289392,5.471714307225136
581029,199236,1090187,1289423,5.4718374189403525
581085,199258,1090242,1289500,5.471509299501149
581187,199354,1090415,1289769,5.4697422675241025
581502,199387,1091056,1290443,5.472051838886186
581560,199403,1091153,1290556,5.472099216160238
581686,199469,1091223,1290692,5.47063954799994
581727,199482,1091319,1290801,5.470764279483864
581763,199498,1091359,1290857,5.470526020310981
581776,199499,1091377,1290876,5.470588825006642
581792,199511,1091411,1290922,5.470430201843508
582244,199617,1092136,1291753,5.471157266164705
582356,199670,1092337,1292007,5.4707116742625335
582363,199675,1092340,1292015,5.4705897082759485
582382,199679,1092349,1292028,5.4705251929346606
582417,199690,1092500,1292190,5.470980019029496
582426,199693,1092515,1292208,5.470972943468224
582450,199706,1092562,1292268,5.470852152664417
582505,199709,1092753,1292462,5.4717263618565015
582555,199712,1092774,1292486,5.471749319019388
582790,199838,1093529,1293367,5.472077382679971
582796,199838,1093529,1293367,5.472077382679971
582817,199838,1093558,1293396,5.4722225002251825
582832,199845,1093579,1293424,5.4721359053266285
583157,200015,1094121,1294136,5.470194735394846
583331,200060,1094367,1294427,5.470193941817454
583574,200151,1094690,1294841,5.469320662899511
583577,200151,1094699,1294850,5.469365628950142
583590,200160,1094712,1294872,5.4691846522781775
583619,200167,1094723,1294890,5.469048344632232
583684,200188,1094851,1295039,5.469114032809159
583720,200207,1094923,1295130,5.468954631955926
583841,200266,1095100,1295366,5.468227257747197
583897,200292,1095307,1295599,5.468550915663132
583982,200349,1095469,1295818,5.4678036825739085
584017,200351,1095536,1295887,5.468083513433924
584060,200377,1095621,1295998,5.46779820039226
584155,200418,1095773,1296191,5.467438054466165
584209,200442,1095865,1296307,5.467242394308578
584229,200453,1095911,1296364,5.4671718557467335
584254,200466,1095961,1296427,5.467066734508595
584303,200480,1096024,1296504,5.466999201915403
584410,200581,1096350,1296931,5.465871642877441
584670,200727,1096879,1297606,5.464531428258281
584868,200727,1097156,1297883,5.465911412017317
584893,200728,1097214,1297942,5.466173129807501
584972,200776,1097312,1298088,5.465354424831653
585300,200776,1098190,1298966,5.469727457465035
585308,200781,1098200,1298981,5.469641051693138
585395,200800,1098269,1299069,5.4694671314741035
585926,201110,1099070,1300180,5.465019143752175
585953,201116,1099117,1300233,5.4650897989220155
585999,201128,1099180,1300308,5.465076965912255
586074,201172,1099280,1300452,5.4643787405802
586094,201184,1099300,1300484,5.4641522188643235
586169,201232,1099470,1300702,5.463693647133657
586211,201248,1099557,1300805,5.463691564636667
586222,201251,1099569,1300820,5.463669745740394
586265,201257,1099599,1300856,5.463655922526918
586277,201263,1099622,1300885,5.463607319775617
586315,201271,1099675,1300946,5.463653482121121
586347,201295,1099714,1301009,5.463195807148712
587249,201337,1100900,1302237,5.467946775803752
587278,201349,1100940,1302289,5.467819557087445
587289,201354,1100948,1302302,5.467723511824945
587370,201379,1100993,1302372,5.467268185858505
587387,201388,1101014,1302402,5.467128130772439
587397,201396,1101042,1302438,5.467049991062384
587441,201419,1101076,1302495,5.466594511937801
587458,201426,1101086,1302512,5.466454181684589
587528,201427,1101169,1302596,5.466839103000094
587734,201490,1101582,1303072,5.4671795126309
587753,201505,1101609,1303114,5.466906528373986
587772,201505,1101624,1303129,5.466980968214188
587836,201540,1101776,1303316,5.4667857497271015
587873,201547,1101853,1303400,5.466977925744367
587932,201580,1101975,1303555,5.466688163508285
587972,201580,1102042,1303622,5.467020537751761
587980,201580,1102059,1303639,5.467104871515032
587980,201580,1102059,1303639,5.467104871515032
588005,201589,1102098,1303687,5.467054253952349
588169,201602,1102521,1304123,5.468799912699279
588226,201621,1102560,1304181,5.4684779859240855
588296,201621,1102697,1304318,5.469157478635658
588318,201630,1102739,1304369,5.469121658483361
588327,201642,1102755,1304397,5.4688755318832385
588368,201664,1102829,1304493,5.468645866391622
588442,201683,1102866,1304549,5.468314136541007
588504,201701,1102995,1304696,5.468465699228065
589086,202156,1104071,1306227,5.461480242980668
589099,202159,1104099,1306258,5.461537700522856
589119,202162,1104134,1306296,5.461629782055975
589194,202182,1104271,1306453,5.461767120713021
589291,202278,1104375,1306653,5.459689140687568
589311,202288,1104408,1306696,5.4595823776002534
589340,202300,1104426,1306726,5.459347503707365
589435,202316,1104491,1306807,5.459237035133158
589473,202335,1104543,1306878,5.4589813922455335
589501,202349,1104602,1306951,5.458895274995181
589606,202393,1104870,1307263,5.459032674054932
589804,202505,1105138,1307643,5.457336855880102
589836,202525,1105178,1307703,5.456995432662635
589837,202526,1105186,1307712,5.457007989097696
590378,202616,1105965,1308581,5.458428751924823
590419,202657,1106026,1308683,5.457625445950547
590609,202712,1106465,1309177,5.458310312167015
590680,202712,1106592,1309304,5.4589368167646715
590682,202712,1106596,1309308,5.458956549192943
590760,202747,1106729,1309476,5.458670165279881
590786,202753,1106763,1309516,5.458676320449019
590974,202753,1107144,1309897,5.460555454173305
590993,202766,1107165,1309931,5.460308927532229
591005,202775,1107177,1309952,5.460125755147331
591448,202976,1107841,1310817,5.457990107204792
591466,202982,1107894,1310876,5.458089879890828
591483,202988,1107912,1310900,5.458017222692967
591686,203122,1108252,1311374,5.456090428412481
591811,203169,1108465,1311634,5.455876634722817
591867,203182,1108506,1311688,5.455729346103493
591914,203215,1108560,1311775,5.455109120881825
591997,203249,1108729,1311978,5.455028069018789
592053,203284,1108826,1312110,5.454566025855454
592178,203344,1109225,1312569,5.4549187583602174
592294,203349,1109253,1312602,5.4549223256568755
592580,203349,1109651,1313000,5.456879551903378
592606,203371,1109710,1313081,5.4565793549719475
592739,203477,1109845,1313322,5.454400251625491
592758,203482,1109883,1313365,5.454452973727406
592844,203482,1109883,1313365,5.454452973727406
592862,203493,1109917,1313410,5.454325210203791
592903,203516,1109984,1313500,5.454038011753376
592950,203526,1110037,1313563,5.454030443284887
593112,203638,1110193,1313831,5.451796815918444
593191,203677,1110464,1314141,5.452083445848083
593208,203686,1110496,1314182,5.451999646514733
593249,203709,1110548,1314257,5.451639348286036
593311,203709,1110705,1314414,5.4524100555203745
593410,203716,1110954,1314670,5.453444992047753
593487,203737,1111089,1314826,5.453545502289717
593734,203924,1111439,1315363,5.4502608815048745
593748,203932,1111477,1315409,5.450233411137046
593808,203948,1111589,1315537,5.450354992449055
594284,204084,1111981,1316065,5.4486436957331295
594285,204084,1111983,1316067,5.448653495619451
594344,204120,1112050,1316170,5.448020772094846
594421,204156,1112246,1316402,5.448020141460452
594484,204168,1112462,1316630,5.448757885662787
594797,204168,1113248,1317416,5.4526076564397945
594813,204175,1113267,1317442,5.4525137749479615
595066,204264,1113558,1317822,5.451562683585948
595089,204276,1113600,1317876,5.45144804088586
595100,204279,1113612,1317891,5.451426725214046
595205,204318,1113843,1318161,5.451516753296332
595622,204488,1114454,1318942,5.449972614529948
595722,204532,1114546,1319078,5.449249995110789
595750,204564,1114622,1319186,5.448769089380341
595858,204564,1115179,1319743,5.451491953618428
596108,204704,1115623,1320327,5.449932585586994
596156,204730,1115696,1320426,5.449597030234943
596217,204753,1115786,1320539,5.449424428457703
596255,204810,1115855,1320665,5.448244714613544
596286,204820,1115908,1320728,5.448237476808905
596298,204820,1115933,1320753,5.44835953520164
596359,204853,1116018,1320871,5.447896784523536
596399,204874,1116069,1320943,5.447587297558499
596434,204878,1116096,1320974,5.447612725622077
596513,204878,1116278,1321156,5.448501059166919
596610,204882,1116343,1321225,5.448711941507795
596666,204903,1116402,1321305,5.448441457665334
596687,204908,1116413,1321321,5.448362191812911
596696,204912,1116422,1321334,5.4482997579448735
596788,204915,1116474,1321389,5.44847375741161
596821,204930,1116525,1321455,5.448323817889035
596868,204954,1116629,1321583,5.448193253120213
596890,204962,1116656,1321618,5.448112333017828
596946,204989,1116765,1321754,5.447926474103489
596980,204995,1116797,1321792,5.4479231200761
597072,205040,1116952,1321992,5.447483417869684
597168,205069,1117042,1322111,5.4471519342270165
597280,205080,1117215,1322295,5.447703335283792
597292,205085,1117239,1322324,5.4476875441889945
599383,206648,1123256,1329904,5.435600634896055
599444,206682,1123365,1330047,5.435233837489476
599447,206686,1123381,1330067,5.4352060613684525
599586,206717,1123524,1330241,5.435082745976383
599618,206730,1123574,1330304,5.43498282784308
599707,206791,1123726,1330517,5.434114637484223
599729,206806,1123852,1330658,5.4343297583242265
599766,206809,1123899,1330708,5.4344781900207435
599788,206809,1123923,1330732,5.434594239128858
599798,206809,1123939,1330748,5.4346716052009345
599823,206819,1123995,1330814,5.434679599069718
599837,206825,1124011,1330836,5.434599298924211
599882,206845,1124107,1330952,5.434537939036477
599906,206854,1124128,1330982,5.434403008885494
599967,206859,1124134,1330993,5.434300658902925
600018,206870,1124149,1331019,5.434084207473292
600055,206873,1124189,1331062,5.43419875962547
600146,206909,1124412,1331321,5.434331034416096
600160,206913,1124445,1331358,5.434385466355425
600186,206921,1124494,1331415,5.434412166962271
600207,206926,1124535,1331461,5.434478992490069
600226,206931,1124541,1331472,5.4343766762833985
600245,206944,1124563,1331507,5.434141603525592
600256,206944,1124573,1331517,5.434189925777022
600271,206956,1124610,1331566,5.434053615261215
600291,206969,1124634,1331603,5.433828254472892
600349,206974,1124719,1331693,5.434107665697141
600372,206982,1124772,1331754,5.434153694524161
600450,207010,1124868,1331878,5.433882421139075
600498,207028,1124944,1331972,5.433777073632552
600661,207103,1125139,1332242,5.4327508534400755
600699,207111,1125161,1332272,5.432647227815036
600743,207131,1125224,1332355,5.432426821673241
600823,207131,1125346,1332477,5.43301582090561
600841,207139,1125371,1332510,5.432926682083045
600883,207151,1125425,1332576,5.432872638799716
600907,207165,1125468,1332633,5.432713054811383
600948,207188,1125526,1332714,5.432389906751356
601004,207219,1125659,1332878,5.432219053272142
601017,207224,1125681,1332905,5.432194147396054
601045,207226,1125720,1332946,5.4323299199907344
601076,207247,1125757,1333004,5.43195800180461
601121,207274,1125907,1333181,5.43197410191341
601148,207294,1125958,1333252,5.431696045230446
601185,207322,1126005,1333327,5.431189164681028
601207,207336,1126041,1333377,5.4309960643593005
601823,207681,1127161,1334842,5.427366971461039
601952,207681,1127348,1335029,5.428267390854243
602046,207717,1127530,1335247,5.428202795149169
602062,207717,1127556,1335273,5.428327965452996
602100,207738,1127614,1335352,5.42805841974025
602219,207767,1127735,1335502,5.427883157575553
602228,207769,1127751,1335520,5.427907916965476
602934,207802,1128856,1336658,5.4323634998700685
602935,207802,1128860,1336662,5.432382748962955
604241,208433,1132428,1340861,5.4330552263797
604246,208438,1132441,1340879,5.43298726719696
604411,208571,1132713,1341284,5.4308269126580395
604454,208575,1132761,1341336,5.430952894642215
604484,208584,1132807,1341391,5.430939094082
604487,208584,1132816,1341400,5.430982242166226
604522,208596,1132834,1341430,5.4307561027057085
604559,208605,1132908,1341513,5.430876536995758
604757,208623,1133404,1342027,5.432785455103224
604873,208686,1133591,1342277,5.432041440249945
605310,208686,1133591,1342277,5.432041440249945
605467,208686,1133770,1342456,5.432899188254123
605476,208688,1133790,1342478,5.432942957908456
605487,208695,1133811,1342506,5.432861352691727
606836,208786,1134695,1343481,5.434727424252584
609274,210259,1139717,1349976,5.420538478733372
609329,210259,1139795,1350054,5.42090944977385
609349,210266,1139815,1350081,5.420824098998412
609452,210267,1140028,1350295,5.421811316088592
609501,210296,1140141,1350437,5.421600981473732
609639,210359,1140352,1350711,5.4209803241125885
609768,210432,1140505,1350937,5.419826832420925
610185,210432,1141286,1351718,5.42353824513382
610304,210469,1141547,1352016,5.423824886325302
610505,210527,1141867,1352394,5.423850622485477
610519,210535,1141896,1352431,5.423782268981404
610569,210535,1142000,1352535,5.424276248604745
611261,210842,1142758,1353600,5.4199732501114575
611512,211053,1143232,1354285,5.416800519300839
611539,211062,1143286,1354348,5.416825387800741
611631,211088,1143450,1354538,5.416935117107557
611689,211108,1143574,1354682,5.4170093032949955
611702,211113,1143596,1354709,5.416985216448063
611849,211163,1143744,1354907,5.4164034418908615
612185,211357,1144539,1355896,5.415193251228963
612296,211357,1144717,1356074,5.416035428209144
612299,211358,1144720,1356078,5.416023997199065
612332,211367,1144784,1356151,5.416096173953361
612643,211401,1145338,1356739,5.417845705554846
612676,211424,1145390,1356814,5.417502270319358
612857,211433,1146438,1357871,5.422228318190633
612858,211433,1146440,1357873,5.422237777451959
612987,211494,1146721,1358215,5.42200251543779
613229,211536,1146852,1358388,5.421545268890402
613257,211538,1146926,1358464,5.421843829477446
613940,211887,1147985,1359872,5.4179114339246865
613983,211894,1148010,1359904,5.417850434651288
613989,211895,1148023,1359918,5.417886217230232
614125,211960,1148252,1360212,5.417305151915456
614593,212097,1148669,1360766,5.415772028835863
614702,212122,1148727,1360849,5.415407171344792
614750,212122,1148784,1360906,5.415675884632429
615156,212145,1149920,1362065,5.4204435645431195
615163,212154,1149932,1362086,5.420270181094865
615252,212211,1150075,1362286,5.419488150944107
615664,212487,1151178,1363665,5.417639667367886
615673,212492,1151187,1363679,5.417554543229863
616332,212492,1152598,1365090,5.424194793215745
616525,212492,1152598,1365090,5.424194793215745
617026,212623,1153095,1365718,5.423190341590515
617036,212633,1153123,1365756,5.423066974552397
617061,212644,1153159,1365803,5.422955738229153
617315,212755,1153685,1366440,5.422598763836338
617825,212853,1153979,1366832,5.421483371152862
617943,212914,1154144,1367058,5.420705073409922
617972,212914,1154208,1367122,5.421005664258809
618042,212922,1154470,1367392,5.4220324813781575
618532,212974,1155170,1368144,5.423995417280983
618661,212975,1155552,1368527,5.425763587275502
618671,212975,1155581,1368556,5.425899753492194
618692,212985,1155601,1368586,5.425738901800596
618872,213062,1155926,1368988,5.425303432803597
618889,213065,1155946,1369011,5.425320911458944
618903,213077,1155982,1369059,5.425184323038151
619048,213149,1156368,1369517,5.425162679627866
619196,213243,1156585,1369828,5.423788823079773
619267,213263,1156624,1369887,5.4234630479736285
619515,213433,1157087,1370520,5.421312543046295
619575,213454,1157159,1370613,5.421116493483374
619842,213454,1157679,1371133,5.423552615551828
623602,213610,1163625,1377235,5.447427554889752
623623,213617,1163658,1377275,5.447403530617882
623651,213628,1163673,1377301,5.447193251820923
623655,213628,1163675,1377303,5.447202613889565
623695,213636,1163721,1377357,5.4472139527046
623698,213636,1163730,1377366,5.447256080435881
623729,213646,1163792,1377438,5.447291313668405
623764,213654,1163867,1377521,5.447438381682534
623776,213659,1163880,1377539,5.4473717465681295
623814,213680,1163954,1377634,5.44718270310745
623839,213687,1163982,1377669,5.447135296017072
623903,213729,1164080,1377809,5.446523401129467
623914,213729,1164090,1377819,5.446570189351936
624069,213772,1164240,1378012,5.4461762999831596
624095,213778,1164274,1378052,5.446182488375792
624144,213793,1164342,1378135,5.4461184416702135
624240,213811,1164389,1378200,5.445879772322285
624383,213846,1164525,1378371,5.445624421312533
624408,213862,1164566,1378428,5.4454087215120035
624420,213867,1164582,1378449,5.445356226065733
624423,213869,1164606,1378475,5.4454175219410015
624716,214002,1165132,1379134,5.444491172979692
624761,214023,1165201,1379224,5.444279353153633
624816,214053,1165250,1379303,5.443745240664695
624877,214062,1165383,1379445,5.444137679737646
624943,214091,1165426,1379517,5.443601085519709
624965,214093,1165433,1379526,5.44358292891407
625342,214275,1166005,1380280,5.441628748104072
625374,214275,1166026,1380301,5.441726753004317
625397,214277,1166037,1380314,5.4417272969100745
625528,214300,1166147,1380447,5.441656556229585
625563,214339,1166269,1380608,5.441235612744298
625597,214361,1166327,1380688,5.440947747024879
625710,214423,1166502,1380925,5.4401906511894715
626917,215056,1169095,1384151,5.436235213153783
626928,215056,1169107,1384163,5.436291012573469
626943,215063,1169119,1384182,5.436169866504233
627086,215127,1169316,1384443,5.435468351252981
627102,215132,1169333,1384465,5.435421043824257
627110,215137,1169345,1384482,5.435350497589908
627130,215137,1169366,1384503,5.435448109809099
627456,215153,1169717,1384870,5.436675296184576
627474,215153,1169749,1384902,5.436824027552486
627547,215177,1169823,1385000,5.436561528416141
627577,215177,1169870,1385047,5.436779953247791
627599,215179,1169874,1385053,5.436748009796495
627652,215195,1170011,1385206,5.436980413113687
628245,215436,1170842,1386278,5.434755565457955
628295,215447,1170924,1386371,5.434858689143966
628346,215497,1171106,1386603,5.434442242815445
628401,215510,1171227,1386737,5.43467588510974
628462,215549,1171311,1386860,5.434082273636157
628490,215555,1171374,1386929,5.4342232840806295
628500,215566,1171417,1386983,5.434145458931371
628526,215572,1171449,1387021,5.4341426530347166
628850,215672,1172189,1387861,5.435054156311436
628887,215704,1172208,1387912,5.434335941846234
628897,215704,1172208,1387912,5.434335941846234
630748,215725,1176219,1391944,5.452400046355313
630804,215725,1176337,1392062,5.452947039054352
630944,215728,1176419,1392147,5.4532513164725955
630991,215728,1176465,1392193,5.453464547949269
631025,215735,1176529,1392264,5.453584258465247
631099,215773,1176623,1392396,5.453059465271373
631133,215782,1176678,1392460,5.453086911790604
631143,215786,1176693,1392479,5.453055341866479
631217,215810,1176792,1392602,5.452907650247903
631364,215957,1177055,1393012,5.450413739772269
631400,215985,1177103,1393088,5.4499293932449016
631478,216059,1177266,1393325,5.448817221221981
631489,216059,1177292,1393351,5.448937558722386
632074,216205,1177716,1393921,5.447219074489489
632116,216215,1177776,1393991,5.447244640751104
632193,216224,1177786,1394010,5.447064155690395
632198,216227,1177813,1394040,5.44711345021667
632204,216228,1177823,1394051,5.447134506169414
632325,216228,1178005,1394233,5.447976210296539
632466,216327,1178328,1394655,5.4469761056178845
632475,216332,1178347,1394679,5.446938039679751
632529,216335,1178510,1394845,5.447615965978691
632972,216516,1178936,1395452,5.445029466644497
633163,216536,1179337,1395873,5.446378431300107
633686,216712,1179950,1396662,5.444783860607627
633798,216712,1180134,1396846,5.4456329137288195
633846,216712,1180205,1396917,5.445960537487541
633901,216767,1180324,1397091,5.44512771777992
633925,216782,1180360,1397142,5.444917013405172
633984,216805,1180413,1397218,5.4445838426235555
634061,216816,1180433,1397249,5.444399859788946
634135,216816,1180433,1397249,5.444399859788946
634174,216816,1180573,1397389,5.4450455685927235
634211,216842,1180640,1397482,5.4447016721852775
634243,216855,1180675,1397530,5.444536671969749
634256,216865,1180697,1397562,5.444387061074862
634303,216866,1180877,1397743,5.44519196185663
634418,216866,1181135,1398001,5.446381636586648
634449,216879,1181154,1398033,5.446142780075526
634520,216879,1181228,1398107,5.446483984157065
634571,216901,1181265,1398166,5.446102138763767
634591,216912,1181301,1398213,5.445991922991812
634662,216961,1181448,1398409,5.445439502952143
634702,216978,1181507,1398485,5.445284775415019
634737,216978,1181590,1398568,5.445667302675847
634798,216999,1181704,1398703,5.445665648228793
634804,217002,1181724,1398726,5.445682528271629
634849,217020,1181785,1398805,5.445511934383927
634873,217020,1181787,1398807,5.445521150124413
634950,217041,1181977,1399018,5.445869674393317
635101,217050,1182208,1399258,5.446708131766874
635207,217120,1182362,1399482,5.44566138540899
635218,217126,1182390,1399516,5.445639858883782
635320,217219,1182573,1399792,5.44415083395099
636083,217231,1184145,1401376,5.451086631281907
636223,217273,1184231,1401504,5.450428723311226
636235,217275,1184273,1401548,5.450571855942929
636333,217303,1184388,1401691,5.450398751973052
636341,217310,1184396,1401706,5.450259997238968
636389,217310,1184461,1401771,5.4505591091068055
636401,217312,1184472,1401784,5.450559564128994
636471,217369,1184600,1401969,5.449719141183886
636674,217369,1185099,1402468,5.452014776716091
636684,217369,1185115,1402484,5.452088384268226
636702,217380,1185127,1402507,5.45186769712025
636730,217380,1185169,1402549,5.452060907167173
636750,217389,1185195,1402584,5.451954790720782
637333,217393,1186405,1403798,5.45742043212063
637358,217405,1186439,1403844,5.4572755916377265
637535,217453,1186658,1404111,5.457078081240544
637536,217453,1186658,1404111,5.457078081240544
637775,217542,1187028,1404570,5.456546322089528
637796,217562,1187073,1404635,5.456251551281934
637907,217645,1187286,1404931,5.455149440602817
638077,217645,1187571,1405216,5.456458912449172
638095,217658,1187592,1405250,5.45622949765228
638112,217662,1187613,1405275,5.456225707748711
638363,217743,1187962,1405705,5.455798808687305
638416,217768,1188088,1405856,5.455751074538041
638449,217768,1188117,1405885,5.455884243782374
638472,217782,1188147,1405929,5.455671267597873
638500,217782,1188181,1405963,5.455827387020047
638639,217822,1188453,1406275,5.456074225743956
638653,217822,1188480,1406302,5.456198180165456
638708,217848,1188536,1406384,5.45580404685836
638728,217848,1188566,1406414,5.455941757555727
638753,217868,1188603,1406471,5.455610736776396
638841,217919,1188790,1406709,5.455192066777105
638927,217932,1188862,1406794,5.455197033937192
638981,217951,1188962,1406913,5.455180292818111
639025,217974,1189014,1406988,5.45484323818437
639218,217974,1189458,1407432,5.4568801783698975
639238,217980,1189477,1407457,5.4568171391870814
639253,217991,1189486,1407477,5.456583069943255
639415,218081,1189708,1407789,5.45534915925734
639505,218108,1189800,1407908,5.455095640691767
639552,218115,1189843,1407958,5.455117713132981
641120,218260,1190360,1408620,5.453862365985522
641179,218308,1190421,1408729,5.452942631511442
641229,218319,1190531,1408850,5.453171734938325
641244,218329,1190568,1408897,5.453091435402535
641250,218334,1190573,1408907,5.4529894565207435
641289,218342,1190624,1408966,5.453023238772201
641346,218370,1190716,1409086,5.452745340477172
641391,218370,1190819,1409189,5.453217016989513
642199,218659,1191889,1410548,5.450903004221185
642204,218664,1191899,1410563,5.450824095415798
642208,218664,1191901,1410565,5.4508332418688035
642306,218681,1191955,1410636,5.450656435629981
642854,218740,1192135,1410875,5.450009143275121
642870,218740,1192161,1410901,5.450128005851696
642903,218768,1192267,1411035,5.449914978424633
642919,218775,1192364,1411139,5.450183978973832
642933,218779,1192397,1411176,5.450235168823333
643057,218831,1192553,1411384,5.449652928515612
643126,218855,1192640,1411495,5.449452834068219
643189,218855,1192767,1411622,5.450033126956204
643322,218893,1192881,1411774,5.449607799244379
643611,218938,1193261,1412199,5.450223350902996
643680,218945,1193366,1412311,5.450528671584188
643834,219023,1193586,1412609,5.449592051976277
643888,219028,1193692,1412720,5.449951604361086
643917,219046,1193729,1412775,5.4496726714936585
644069,219166,1193894,1413060,5.447441665221795
644322,219283,1194294,1413577,5.4463592708965125
644389,219309,1194483,1413792,5.446575379943368
644438,219321,1194577,1413898,5.4467059697885745
644461,219331,1194638,1413969,5.446735755547551
644712,219567,1195234,1414801,5.443595804469706
644720,219567,1195234,1414801,5.443595804469706
644742,219583,1195271,1414854,5.443367655966081
644824,219629,1195425,1415054,5.4429287571313445
645084,219629,1195743,1415372,5.444376653356342
645098,219629,1195769,1415398,5.4444950348087
645117,219638,1195792,1415430,5.444376656134184
645143,219638,1195815,1415453,5.444481373897049
645165,219651,1195830,1415481,5.444227433519538
645358,219651,1196082,1415733,5.445374708059604
645584,219698,1196369,1416067,5.4455161175795865
645632,219741,1196434,1416175,5.444746314979908
645664,219749,1196464,1416213,5.444684617449909
645684,219749,1196485,1416234,5.444780181024715
645773,219783,1196562,1416345,5.4442882297538935
645918,219783,1196812,1416595,5.445425715364701
645979,219827,1196955,1416782,5.444986284669308
646020,219859,1197004,1416863,5.4444166488522185
646063,219871,1197022,1416893,5.444201372623038
646149,219876,1197159,1417035,5.4447006494569665
646193,219885,1197211,1417096,5.444714282465834
646236,219910,1197282,1417192,5.444418171069983
646378,219910,1197421,1417331,5.445050247828657
646508,219911,1197806,1417717,5.4467761958246745
646559,219926,1197860,1417786,5.446650236897866
646579,219935,1197902,1417837,5.4466183190488096
646583,219936,1197914,1417850,5.44664811581551
646927,220062,1198256,1418318,5.445083658241768
646955,220076,1198290,1418366,5.444891764663116
647116,220076,1198639,1418715,5.446477580472201
647128,220085,1198661,1418746,5.446354817456892
647171,220106,1198720,1418826,5.44610324116562
647334,220120,1199127,1419247,5.447605851353807
647917,220120,1200341,1420461,5.453121024895512
647971,220144,1200427,1420571,5.4529171814812125
648002,220169,1200474,1420643,5.452511479817776
649541,220252,1203627,1423879,5.464772170059749
649546,220253,1203630,1423883,5.464760979419123
649627,220281,1203717,1423998,5.464461301701009
649655,220299,1203748,1424047,5.464155534069605
650105,220559,1204586,1425145,5.461513699282278
650170,220580,1204656,1425236,5.461311088947321
650195,220601,1204685,1425286,5.460922661275334
650233,220631,1204770,1425401,5.460565378391975
650250,220641,1204788,1425429,5.460399472446191
650293,220655,1204825,1425480,5.460220706532823
650295,220655,1204825,1425480,5.460220706532823
650849,220670,1206043,1426713,5.465369103185752
651208,220924,1206848,1427772,5.462729264362405
651357,220955,1207070,1428025,5.462967572582652
651399,220962,1207144,1428106,5.463129406866339
651518,221026,1207431,1428457,5.462846000018097
651673,221026,1207752,1428778,5.46429831784496
651696,221037,1207775,1428812,5.464130439700141
651711,221037,1207794,1428831,5.464216398159584
651761,221057,1207837,1428894,5.463916546411107
651814,221087,1207883,1428970,5.463383193041653
651842,221090,1207894,1428984,5.463358813153015
651852,221090,1207910,1429000,5.463431181871636
651855,221094,1207923,1429017,5.463391136801541
651863,221096,1207931,1429027,5.463377899193111
651929,221096,1208087,1429183,5.464083475051561
651969,221130,1208159,1429289,5.463568941346719
652334,221194,1208738,1429932,5.464605730716023
652364,221203,1208771,1429974,5.464532578672079
652373,221205,1208787,1429992,5.4645555028141315
652406,221222,1208839,1430061,5.464370632215602
652447,221234,1208865,1430099,5.4641917607601
652481,221271,1208911,1430182,5.463485951615892
652526,221276,1209015,1430291,5.463832498779804
652587,221276,1209057,1430333,5.464022306983134
653737,221583,1210636,1432219,5.463577982065411
653769,221595,1210698,1432293,5.463561903472551
653899,221595,1210698,1432293,5.463561903472551
654020,221595,1210880,1432475,5.464383221643088
654075,221610,1210951,1432561,5.464333739452191
654107,221618,1210974,1432592,5.464240269292206
654128,221619,1211062,1432681,5.464612691150127
654184,221641,1211183,1432824,5.464616203680727
654267,221680,1211342,1433022,5.464372067845543
654281,221680,1211389,1433069,5.464584085167809
654315,221702,1211435,1433137,5.46424930762916
654366,221721,1211468,1433189,5.463929893875637
654387,221727,1211490,1433217,5.463881259386543
654401,221740,1211537,1433277,5.463772887165148
654876,222027,1212286,1434313,5.460083683515969
656781,223063,1217019,1440082,5.4559429398869375
656868,223092,1217111,1440203,5.45564610116006
657276,223098,1218212,1441310,5.460434427919569
658131,223418,1219470,1442888,5.458244188024241
658213,223452,1219566,1443018,5.457843295204339
658239,223467,1219651,1443118,5.457857312265346
658324,223514,1219759,1443273,5.457192838032517
658340,223519,1219764,1443283,5.457093133022249
658353,223527,1219776,1443303,5.456951509213652
659585,223527,1219776,1443303,5.456951509213652
660084,223536,1220879,1444415,5.461666129840384
660094,223541,1220887,1444428,5.4615797549442835
660148,223551,1220968,1444519,5.461697778135638
660180,223566,1221009,1444575,5.4615147204852255
660227,223591,1221044,1444635,5.461060597251231
660571,223742,1221587,1445329,5.45980191470533
660572,223742,1221589,1445331,5.459810853572418
660585,223742,1221603,1445345,5.4598734256420345
660605,223746,1221632,1445378,5.459905428476934
660618,223751,1221679,1445430,5.459993474889497
660658,223784,1221800,1445584,5.459729024416402
660709,223793,1221846,1445639,5.459715004490757
660791,223822,1221941,1445763,5.459432048681542
660795,223828,1221946,1445774,5.459308040102221
660800,223830,1221958,1445788,5.459312871375597
660874,223844,1222088,1445932,5.45955218813102
660887,223844,1222095,1445939,5.45958345990958
660972,223850,1222227,1446077,5.460026803663167
661035,223883,1222308,1446191,5.459583800467208
661119,223905,1222531,1446436,5.460043321944575
661154,223928,1222590,1446518,5.45974598978243
661168,223932,1222606,1446538,5.459719914974189
661693,223947,1223267,1447214,5.4623058134290705
661771,223958,1223339,1447297,5.462359013743648
661864,223993,1223483,1447476,5.462148370708014
661898,223993,1223522,1447515,5.462322483291889
661947,224005,1223554,1447559,5.462172719358943
661988,224005,1223587,1447592,5.462320037499163
661998,224005,1223587,1447592,5.462320037499163
662057,224041,1223730,1447771,5.462080601318509
663167,224500,1225712,1450212,5.459741648106904
663176,224506,1225727,1450233,5.459662547994263
663501,224534,1226305,1450839,5.461555933622525
663521,224534,1226358,1450892,5.461791978052322
663555,224539,1226397,1450936,5.461844044909793
663565,224539,1226397,1450936,5.461844044909793
663584,224547,1226418,1450965,5.461742975858061
663599,224547,1226425,1450972,5.461774149732572
663620,224558,1226450,1451008,5.461617933896811
663672,224569,1226539,1451108,5.4617467237241115
663815,224569,1226815,1451384,5.462975744648638
663898,224585,1226862,1451447,5.462795823407618
663918,224594,1226895,1451489,5.462723848366386
663946,224601,1226923,1451524,5.462678260559837
663975,224610,1226942,1451552,5.462543965095054
664158,224611,1227170,1451781,5.4635347333834945
664166,224616,1227191,1451807,5.463506606831214
664218,224640,1227318,1451958,5.463488247863248
664253,224653,1227359,1452012,5.463354595754341
664273,224653,1227359,1452012,5.463354595754341
664564,224831,1228277,1453108,5.463112293233585
664603,224833,1228293,1453126,5.463134860096161
664652,224833,1228402,1453235,5.4636196643731125
664661,224840,1228418,1453258,5.463520725849493
664685,224849,1228487,1453336,5.463608910869072
664757,224867,1228539,1453406,5.463402811439651
664774,224872,1228558,1453430,5.463365825892063
664965,224971,1228825,1453796,5.462148454689715
665002,224994,1228870,1453864,5.461790092180236
665056,225001,1228919,1453920,5.4618379473869005
665129,225012,1228976,1453988,5.461824258261782
665159,225037,1229011,1454048,5.461373018659154
665172,225047,1229031,1454078,5.46121921198683
665543,225219,1229602,1454821,5.459583782895759
665601,225228,1229699,1454927,5.4597962953096415
665622,225236,1229738,1454974,5.459775524338916
665651,225258,1229782,1455040,5.459437622637154
665676,225286,1229831,1455117,5.45897658975702
665953,225401,1230536,1455937,5.459319168947786
666140,225401,1231064,1456465,5.461661660773466
666179,225413,1231094,1456507,5.461503994889381
666215,225451,1231181,1456632,5.460969345888907
666246,225472,1231239,1456711,5.46071796054499
666294,225492,1231285,1456777,5.460437620846859
666332,225508,1231319,1456827,5.460200968480054
666416,225508,1231628,1457136,5.461571208116785
666450,225527,1231686,1457213,5.461368261893255
666476,225540,1231728,1457268,5.46123969140729
666504,225540,1231748,1457288,5.461328367473619
666507,225540,1231757,1457297,5.461368271703467
666523,225546,1231807,1457353,5.461444672040293
666542,225553,1231835,1457388,5.461399316346934
666549,225557,1231843,1457400,5.46133793231866
666793,225757,1232276,1458033,5.458417679186027
666827,225768,1232309,1458077,5.458297898727897
667214,226014,1232940,1458954,5.455148796092278
667294,226053,1233004,1459057,5.454490761016221
667455,226068,1233376,1459444,5.455774368773997
668360,226123,1235306,1461429,5.462982536053387
668378,226123,1235316,1461439,5.463026759772336
668394,226123,1235342,1461465,5.463141741441604
676800,226123,1260518,1486641,5.574479376268668
676816,226123,1260544,1486667,5.5745943579379365
676827,226123,1260546,1486669,5.574603202681726
676958,226138,1260765,1486903,5.575201867885981
676967,226138,1260785,1486923,5.575290309457057
677097,226227,1260977,1487204,5.573945638672661
677380,226319,1261333,1487652,5.573252798041702
677396,226319,1261340,1487659,5.573283727835489
677429,226326,1261427,1487753,5.573495753912498
677559,226335,1261509,1487844,5.573636423884949
678154,226752,1262483,1489235,5.567681872706745
678185,226768,1262564,1489332,5.567646228744796
678204,226779,1262588,1489367,5.567481997892221
678237,226787,1262614,1489401,5.567400247809618
678257,226796,1262648,1489444,5.567329229792413
678312,226847,1262733,1489580,5.566452278407914
678323,226847,1262743,1489590,5.566496360983394
678366,226863,1262869,1489732,5.566659173157368
678391,226863,1262924,1489787,5.56690161022291
678427,226874,1262947,1489821,5.566733076509428
678439,226874,1262957,1489831,5.566777153838695
678526,226909,1263045,1489954,5.5663063166291336
678827,226909,1263644,1490553,5.568946141404704
678865,226916,1263674,1490590,5.568906555729874
679182,226942,1264655,1491597,5.57259123476483
679436,227138,1265122,1492260,5.569838600322271
679459,227147,1265142,1492289,5.569705961337812
679476,227155,1265163,1492318,5.569602253967555
679504,227174,1265198,1492372,5.5692904997931105
679672,227174,1265514,1492688,5.570681504045357
679846,227174,1265805,1492979,5.571962460492838
679868,227183,1265827,1493010,5.571838561864224
680289,227322,1266259,1493581,5.5703319520328
680350,227335,1266329,1493664,5.570321331955045
680365,227336,1266351,1493687,5.570393602421086
680421,227359,1266382,1493741,5.569966440739096
680502,227393,1266512,1493905,5.569705311948916
680591,227413,1266688,1494101,5.5699894025407515
680620,227422,1266734,1494156,5.5699712428876715
680676,227433,1266800,1494233,5.569992041612255
680678,227435,1266801,1494236,5.569947457515334
680768,227480,1266920,1494400,5.56936873571303
680840,227515,1267082,1494597,5.569224007208316
680873,227520,1267111,1494631,5.569229078762307
680932,227529,1267421,1494950,5.5703712493792
681122,227540,1267731,1495271,5.571464357915092
681144,227549,1267747,1495296,5.57131431032437
681208,227573,1267830,1495403,5.571091473944624
681353,227573,1268111,1495684,5.572326242568319
681442,227603,1268194,1495797,5.571956432911692
681447,227604,1268198,1495802,5.5719495263703624
681472,227614,1268235,1495849,5.571867284086216
681492,227614,1268256,1495870,5.571959545546408
682233,227951,1269665,1497616,5.569903180946782
682281,227977,1269714,1497691,5.569482886431526
682432,227986,1269848,1497834,5.5698507803110715
682454,227986,1269898,1497884,5.570070092023195
682460,227991,1269914,1497905,5.570018114750144
682469,227993,1269929,1497922,5.57003504493559
682490,227993,1269966,1497959,5.570197330619799
682619,227993,1270349,1498342,5.571877206756348
682666,227993,1270443,1498436,5.572289500116232
682688,227993,1270458,1498451,5.5723552916098305
682695,227997,1270494,1498491,5.57241542651877
682714,227997,1270509,1498506,5.572481216858116
682754,228008,1270551,1498559,5.57239658257605
683061,228146,1271233,1499379,5.572015288455638
683519,228298,1272326,1500624,5.573093062576107
683640,228340,1272465,1500805,5.572676710169046
684153,228564,1273408,1501972,5.571341068584729
684185,228598,1273501,1502099,5.570919255636532
684546,228837,1274208,1503045,5.568190458710785
684603,228842,1274362,1503204,5.568741751951128
684640,228857,1274404,1503261,5.568560280000175
684662,228868,1274432,1503300,5.568414981561424
684699,228868,1274457,1503325,5.568524214831257
684726,228868,1274483,1503351,5.568637817431882
685787,229274,1276324,1505598,5.566806528433228
685799,229286,1276348,1505634,5.566619854679309
685806,229290,1276358,1505648,5.566566357015134
685838,229290,1276431,1505721,5.566884731126521
685879,229307,1276522,1505829,5.566868870117354
686116,229421,1276921,1506342,5.5658418366235
686246,229422,1277306,1506728,5.567495706601808
686275,229434,1277324,1506758,5.567282965907407
686314,229449,1277359,1506808,5.56707154966899
686377,229486,1277446,1506932,5.566553079490688
687981,229775,1280654,1510429,5.5735132194538135
688123,229830,1281073,1510903,5.5740025236044035
688173,229851,1281139,1510990,5.573780405567085
688202,229851,1281177,1511028,5.573945730059909
688228,229866,1281211,1511077,5.573729912209722
688254,229886,1281275,1511161,5.573523398554066
688310,229919,1281346,1511265,5.5730322417895
688490,229997,1281644,1511641,5.572437901363931
688501,230009,1281667,1511676,5.572247172936711
688511,230019,1281680,1511699,5.572061438402915
688560,230023,1281789,1511812,5.572438408333079
688932,230205,1282204,1512409,5.569835581329684
688944,230207,1282225,1512432,5.569878413775428
689020,230213,1285276,1515489,5.582986191049159
689033,230217,1285300,1515517,5.5829934366271825
689057,230231,1285338,1515569,5.5828189948356215
689131,230272,1285495,1515767,5.5825067745969985
689365,230431,1285798,1516229,5.579969708936732
689597,230552,1286383,1516935,5.579578576633471
689670,230552,1286481,1517033,5.580003643429682
689871,230574,1286634,1517208,5.580134794035755
689896,230588,1286674,1517262,5.579969469356602
690209,230731,1287095,1517826,5.578335810966017
690374,230731,1287343,1518074,5.579410655698627
691275,231129,1288459,1519588,5.574631482851568
691342,231129,1288618,1519747,5.575319410372562
691355,231137,1288624,1519761,5.575152398793789
691386,231147,1288683,1519830,5.575166452517229
691674,231147,1289250,1520397,5.577619436981661
691694,231149,1289257,1520406,5.577601460529788
691769,231178,1289419,1520597,5.5776025400340865
691804,231178,1289431,1520609,5.577654448087621
691839,231190,1289483,1520673,5.5775898611531645
691873,231190,1289549,1520739,5.57787534062892
691905,231209,1289603,1520812,5.577650523984793
692154,231223,1290444,1521667,5.5809499919990655
692432,231223,1290463,1521686,5.581032163755336
692460,231223,1290500,1521723,5.581192182438598
692484,231223,1290549,1521772,5.581404099073189
692507,231227,1290593,1521820,5.581497835460392
692536,231238,1290630,1521868,5.581392331710186
692650,231251,1290870,1522121,5.582116401658804
692666,231251,1290870,1522121,5.582116401658804
693467,231470,1291568,1523038,5.579850520585821
693570,231518,1291705,1523223,5.579285411933413
693608,231528,1291752,1523280,5.579247434435576
693656,231528,1291895,1523423,5.57986507031547
693902,231745,1292965,1524710,5.579257373406114
694075,231745,1292965,1524710,5.579257373406114
694097,231765,1292991,1524756,5.578888097857744
694174,231791,1293121,1524912,5.578823163970991
694295,231823,1293205,1525028,5.578415429012652
694333,231835,1293227,1525062,5.578221580003019
694345,231844,1293245,1525089,5.578082676282328
694373,231857,1293289,1525146,5.577959690671405
694378,231862,1293294,1525156,5.5778609690246785
694586,231888,1293755,1525643,5.579223590698958
695359,232007,1294488,1526495,5.579521307546755
695464,232072,1294679,1526751,5.578781585025337
695503,232084,1294701,1526785,5.5785879250616155
695564,232103,1294784,1526887,5.578488860548981
695626,232135,1294890,1527025,5.578176492127426
695655,232147,1294925,1527072,5.5780389149978244
695896,232147,1295346,1527493,5.5798524210952545
695988,232208,1295512,1527720,5.57910149521119
696010,232210,1295562,1527772,5.579268765341716
696026,232212,1295586,1527798,5.579324065939745
696059,232219,1295631,1527850,5.57934966561737
696081,232228,1295657,1527885,5.5792453967652476
696102,232228,1295694,1527922,5.579404722944692
696111,232230,1295725,1527955,5.57949016061663
696167,232264,1295785,1528049,5.5789317328557155
696251,232281,1295844,1528125,5.578777429062214
696259,232287,1295864,1528151,5.57871942898225
696306,232307,1295950,1528257,5.57860934022651
696470,232411,1296204,1528615,5.577205898171774
696472,232413,1296212,1528625,5.577192325730488
696488,232426,1296251,1528677,5.57704817877518
696721,232476,1296821,1529297,5.578300555756293
696990,232619,1297379,1529998,5.577270128407396
697059,232684,1297539,1530223,5.576399752453972
697077,232703,1297608,1530311,5.576240959506324
697106,232705,1297623,1530328,5.576257493392922
697128,232706,1297655,1530361,5.576371043290676
697181,232746,1297758,1530504,5.575855224149931
697195,232753,1297788,1530541,5.575816423418817
697330,232797,1297941,1530738,5.575419786337453
697383,232813,1298007,1530820,5.575320106695073
697434,232875,1298080,1530955,5.574149221685453
697445,232881,1298103,1530984,5.5741043709018765
697508,232914,1298170,1531084,5.57360227380063
697524,232914,1298196,1531110,5.573713902985651
697636,232978,1298396,1531374,5.573041231360901
697672,232978,1298428,1531406,5.573178583385555
697735,233015,1298505,1531520,5.57262407999485
697823,233065,1298596,1531661,5.5718190204449405
698331,233081,1299482,1532563,5.57523779287029
699007,233507,1301374,1534881,5.573169112703259
699136,233609,1301641,1535250,5.571878651935499
699249,233626,1301702,1535328,5.571734310393535
699299,233651,1301797,1535448,5.571544739804238
699311,233661,1301824,1535485,5.571421846178866
699441,233768,1302231,1535999,5.5706127442592654
699540,233800,1302397,1536197,5.5705603079555175
699549,233802,1302412,1536214,5.570576812858744
699743,233856,1302765,1536621,5.570799979474549
699774,233870,1302808,1536678,5.57065036131184
699892,233939,1302995,1536934,5.569806659000851
699896,233939,1303002,1536941,5.569836581331031
699961,233939,1303002,1536941,5.569836581331031
699979,233944,1303024,1536968,5.5698115788393805
700017,233955,1303108,1537063,5.569908743134364
700084,233970,1303231,1537201,5.570077360345343
700103,233978,1303238,1537216,5.569916829787416
700205,234030,1303406,1537436,5.569397085843695
700233,234037,1303434,1537471,5.569350145489816
700306,234056,1303545,1537601,5.569372286974057
701009,234073,1304599,1538672,5.573470669406553
701117,234073,1304759,1538832,5.574154216846881
701137,234073,1304774,1538847,5.574218299419412
701165,234087,1304816,1538903,5.574064343598748
701187,234101,1304832,1538933,5.573799343018612
701227,234124,1304862,1538986,5.573379918333874
701246,234140,1304886,1539026,5.573101563167336
701352,234167,1305075,1539242,5.573266087877455
701501,234279,1305289,1539568,5.571515159275906
703378,234541,1306346,1540887,5.569798031047877
703399,234543,1306346,1540889,5.569750536149022
703457,234551,1306460,1541011,5.570046599673419
703494,234571,1306609,1541180,5.570206888319528
703501,234572,1306613,1541185,5.5702001943966035
703574,234603,1306778,1541381,5.570167474414223
703586,234603,1306787,1541390,5.570205837095007
703608,234620,1306820,1541440,5.569942886369448
703682,234674,1306901,1541575,5.569006366278327
703787,234695,1307226,1541921,5.569892839642941
703897,234695,1307424,1542119,5.570736487782015
703936,234695,1307494,1542189,5.571034747225122
703966,234714,1307582,1542296,5.570958698671575
704051,234763,1307707,1542470,5.570328373721583
704102,234773,1307821,1542594,5.570576684712467
704171,234774,1307890,1542664,5.570846856977348
704257,234865,1308111,1542976,5.569629361548124
704685,234865,1309019,1543884,5.573495412258105
704864,234906,1309198,1544104,5.573284633002137
704892,234915,1309209,1544124,5.573117936274823
705245,234982,1309441,1544423,5.572516192729656
705462,235094,1310069,1545163,5.572532689052038
705543,235127,1310221,1545348,5.572397045001212
706052,235130,1311038,1546168,5.575800620933101
706121,235179,1311184,1546363,5.5752596958061735
706201,235209,1311320,1546529,5.575126802120667
706280,235277,1311561,1546838,5.574539797770288
706563,235404,1311821,1547225,5.572636828601043
706565,235406,1311833,1547239,5.572640459461526
706584,235413,1311853,1547266,5.572559714204398
706648,235447,1311971,1547418,5.5722561765492875
706846,235447,1312311,1547758,5.573700238270184
706855,235447,1312311,1547758,5.573700238270184
707407,235690,1313028,1548718,5.570995799567228
707457,235722,1313095,1548817,5.570523752555977
708481,236205,1314272,1550477,5.564115916259182
708537,236219,1314362,1550581,5.564167149975235
708745,236331,1314730,1551061,5.563087364755364
708756,236338,1314744,1551082,5.562981831106297
708821,236338,1314887,1551225,5.563586896732645
708941,236338,1315045,1551383,5.564255430781339
708963,236349,1315086,1551435,5.564169935138291
708976,236354,1315108,1551462,5.564145307462535
708979,236354,1315117,1551471,5.564183385938042
709041,236381,1315159,1551540,5.56372551093362
709082,236397,1315192,1551589,5.563488538348626
709127,236415,1315239,1551654,5.563263752299981
709127,236415,1315239,1551654,5.563263752299981
709282,236557,1315667,1552224,5.561733535680618
709608,236725,1316365,1553090,5.560735030098215
709639,236753,1316442,1553195,5.560402613694441
709664,236761,1316486,1553247,5.560400572729462
709690,236771,1316519,1553290,5.560305104932614
709737,236806,1316622,1553428,5.55991824531473
709766,236839,1316657,1553496,5.559291332930809
709795,236848,1316688,1553536,5.559210970749173
709813,236874,1316723,1553597,5.558748532975337
710354,237249,1318137,1555386,5.555922258892556
710626,237378,1318662,1556040,5.555114627303288
710659,237387,1318688,1556075,5.555013543285858
710662,237387,1318690,1556077,5.555021968347045
710679,237392,1318742,1556134,5.5551240142886025
710686,237394,1318748,1556142,5.555102487847208
710729,237414,1318776,1556190,5.554752457732063
710764,237417,1318851,1556268,5.55499816778074
710803,237422,1318866,1556288,5.554944360674242
710831,237432,1318904,1556336,5.554870447117491
711687,237475,1320592,1558067,5.560972733971997
711786,237475,1320763,1558238,5.56169280976945
711924,237490,1321040,1558530,5.562507895069266
712078,237587,1321348,1558935,5.561533248873045
712124,237602,1321409,1559011,5.561438876777132
712132,237602,1321409,1559011,5.561438876777132
712144,237617,1321462,1559079,5.561310848971243
712366,237710,1321854,1559564,5.560784148752682
712511,237710,1322190,1559900,5.562197635774684
712557,237745,1322277,1560022,5.5617447264926705
713796,237745,1322277,1560022,5.5617447264926705
713846,237772,1322312,1560084,5.56126036707434
714088,237909,1322685,1560594,5.559625739253244
714115,237928,1322716,1560644,5.5593120607915
714415,237928,1323259,1561187,5.561594263810901
714433,237935,1323272,1561207,5.561485279593167
714453,237935,1323293,1561228,5.561573538991741
714494,237946,1323361,1561307,5.561602212266648
714505,237949,1323373,1561322,5.561582523986233
714518,237960,1323391,1561351,5.561401075811061
714710,237987,1323824,1561811,5.5625895532108895
714886,238039,1324375,1562414,5.563689143375665
714956,238070,1324453,1562523,5.563292308984752
714964,238077,1324462,1562539,5.563166538556853
715085,238077,1324676,1562753,5.564065407410208
715185,238135,1324801,1562936,5.563235139731665
715194,238135,1324801,1562936,5.563235139731665
715203,238140,1324805,1562945,5.563135130595448
715214,238146,1324819,1562965,5.563053756939021
715767,238429,1325833,1564262,5.56070360568555
716029,238575,1326126,1564701,5.558528764539453
716159,238635,1326528,1565163,5.558815764661512
716172,238641,1326540,1565181,5.558726287603555
716297,238703,1326678,1565381,5.557860605019627
716919,239205,1328101,1567306,5.5521456491294074
716955,239221,1328134,1567355,5.5519122485066115
716994,239232,1328200,1567432,5.551932851792403
716997,239232,1328209,1567441,5.5519704721776355
717134,239272,1328379,1567651,5.551752816877863
717194,239308,1328511,1567819,5.551469236297993
717202,239315,1328523,1567838,5.55135699809874
717234,239341,1328575,1567916,5.550971208443183
717265,239362,1328621,1567983,5.550676381380503
717336,239362,1328793,1568155,5.551394958264052
717548,239426,1328964,1568390,5.55062524537853
717564,239433,1328980,1568413,5.550529793303346
717617,239449,1329071,1568520,5.55053894566275
717712,239458,1329177,1568635,5.550772995681915
717734,239472,1329203,1568675,5.5505570588628315
717834,239563,1329426,1568989,5.5493794951641116
717848,239569,1329442,1569011,5.549307297688766
717949,239641,1329580,1569221,5.5482158729098945
718127,239792,1329940,1569732,5.546223393607794
718267,239858,1330199,1570057,5.545777084775159
718296,239878,1330233,1570111,5.5454564403571815
718323,239893,1330297,1570190,5.545376480347488
718381,239905,1330392,1570297,5.545495091807173
718411,239929,1330428,1570357,5.545090422583348
718461,239943,1330574,1570517,5.545375359981329
718719,240066,1331018,1571084,5.544383627835678
718732,240068,1331051,1571119,5.544474898778679
718926,240149,1331300,1571449,5.543641655805354
719103,240149,1331567,1571716,5.5447534655568
719135,240161,1331610,1571771,5.5446554602953855
719136,240161,1331610,1571771,5.5446554602953855
719199,240186,1331717,1571903,5.544523827367124
719370,240306,1332118,1572424,5.5434238013199835
719652,240454,1332671,1573125,5.542311627171933
719674,240468,1332723,1573191,5.542205199860272
719811,240516,1332876,1573392,5.541735269171282
719903,240530,1332954,1573484,5.541736997463934
719941,240553,1332989,1573542,5.541352633307421
720009,240598,1333102,1573700,5.540785875194308
720016,240598,1333102,1573700,5.540785875194308
720093,240617,1333163,1573780,5.540601869360851
720094,240617,1333163,1573780,5.540601869360851
720157,240664,1333298,1573962,5.540080776518299
720250,240724,1333390,1574114,5.539082102324654
720318,240745,1333540,1574285,5.539221998380029
720327,240747,1333555,1574302,5.539238287496833
720342,240754,1333584,1574338,5.5391976872658395
721171,241092,1336177,1577269,5.5421872148391484
721251,241092,1336271,1577363,5.5425771074942345
721320,241096,1336351,1577447,5.542816969174105
721330,241096,1336367,1577463,5.5428833327803035
721351,241113,1336400,1577513,5.542629389539345
721470,241113,1336627,1577740,5.543570856818173
721533,241128,1336682,1577810,5.5434540990677155
721549,241132,1336693,1577825,5.543407760065026
721561,241132,1336714,1577846,5.543494849294163
721587,241141,1336774,1577915,5.5435367689443105
721691,241212,1337008,1578220,5.542875147173441
721730,241236,1337079,1578315,5.542618017211361
721781,241236,1337195,1578431,5.543098874131556
721790,241236,1337211,1578447,5.5431651992239965
721868,241271,1337279,1578550,5.542642920201764
721998,241330,1337632,1578962,5.542750590477769
722096,241331,1337921,1579252,5.543925148447568
722689,241554,1338921,1580475,5.542946918701408
722728,241574,1338984,1580558,5.542748805748963
722801,241607,1339090,1580697,5.542430475938197
723638,241607,1340799,1582406,5.549503946491616
723675,241618,1340879,1582497,5.549582398662351
723845,241681,1341161,1582842,5.549302593087583
723865,241693,1341203,1582896,5.549200845700951
724027,241792,1341465,1583257,5.548012341185813
724299,241792,1342119,1583911,5.550717145314981
724333,241815,1342196,1584011,5.5505076194611584
724396,241815,1342322,1584137,5.551028678948783
724974,242004,1343015,1585019,5.549557032115172
724999,242017,1343049,1585066,5.549399422354628
725092,242078,1343189,1585267,5.5485793835044905
725186,242123,1343316,1585439,5.548072673806288
725625,242325,1344108,1586433,5.546716186939028
725689,242384,1344207,1586591,5.545774473562611
725815,242465,1344368,1586833,5.544585816509599
725942,242494,1344555,1587049,5.544693889333344
725954,242499,1344601,1587100,5.54476925678044
726143,242533,1344841,1587374,5.544981507671121
726162,242535,1344866,1587401,5.545038860370668
726221,242587,1344988,1587575,5.544353159897274
726319,242588,1345277,1587865,5.545521625142216
726390,242588,1345479,1588067,5.546354312661797
726410,242588,1345500,1588088,5.54644087918611
726704,242737,1345969,1588706,5.544968422613775
726720,242753,1345994,1588747,5.544705935662999
726851,242778,1346120,1588898,5.544653963703466
726955,242806,1346206,1589012,5.544368755302587
726981,242806,1346229,1589035,5.544463481133086
727024,242806,1346278,1589084,5.544665288337191
727038,242812,1346334,1589146,5.544758908126452
727061,242819,1346371,1589190,5.5447514403732825
727123,242843,1346490,1589333,5.544693485091191
727171,242843,1346563,1589406,5.544994090832349
727294,242970,1346769,1589739,5.542943573280652
727325,242985,1346825,1589810,5.5428318620490975
727376,243004,1346890,1589894,5.5426659643462655
727397,243018,1346938,1589956,5.542544173682608
727404,243018,1346938,1589956,5.542544173682608
727467,243038,1347050,1590088,5.542548901817823
727484,243042,1347065,1590107,5.542519399939105
727629,243104,1347416,1590520,5.542549690667369
727683,243115,1347440,1590555,5.542397630750879
727710,243121,1347474,1590595,5.542400697595025
727734,243131,1347518,1590649,5.542353710551102
727743,243136,1347532,1590668,5.542297315082917
727748,243136,1347540,1590676,5.542330218478547
727764,243138,1347547,1590685,5.542313418716943
727923,243145,1347808,1590953,5.543227292356413
727926,243145,1347817,1590962,5.54326430730634
727954,243172,1347850,1591022,5.54278453111378
727957,243172,1347859,1591031,5.542821541953844
727999,243188,1347931,1591119,5.542752931888087
728028,243197,1348036,1591233,5.542979559780754
728044,243197,1348036,1591233,5.542979559780754
728074,243219,1348069,1591288,5.542613858292321
728473,243285,1348836,1592121,5.5442629015352365
728481,243290,1348855,1592145,5.544227054132928
728609,243290,1349075,1592365,5.545131324756463
728639,243301,1349112,1592413,5.545032696125376
728783,243351,1349257,1592608,5.544489235713024
728784,243351,1349259,1592610,5.544497454294414
728797,243355,1349275,1592630,5.5444720675556285
728838,243370,1349368,1592738,5.54451247072359
728882,243415,1349501,1592916,5.544033851652528
728915,243425,1349524,1592949,5.543900585395913
729045,243500,1349654,1593154,5.542726899383983
729119,243523,1349740,1593263,5.542556555232976
729165,243550,1349817,1593367,5.54225826319031
729231,243562,1349852,1593414,5.542128903523539
729285,243588,1349990,1593578,5.542103880322512
729393,243588,1350547,1594135,5.544390528269044
729578,243621,1350688,1594309,5.544218273465752
729583,243623,1350693,1594316,5.544193282243467
729664,243623,1350748,1594371,5.5444190408951535
729985,243623,1351365,1594988,5.546951642496809
729991,243623,1351379,1595002,5.54700910833542
730066,243698,1351529,1595227,5.545917488038474
730109,243701,1351633,1595334,5.546275969323064
731534,244004,1354519,1598523,5.551216373502074
731871,244163,1355125,1599288,5.550083345961509
731874,244164,1355128,1599292,5.550072901820088
731957,244200,1355206,1599406,5.549574119574119
731968,244200,1355224,1599424,5.54964782964783
732074,244299,1355429,1599728,5.548238019803601
732075,244299,1355431,1599730,5.5482462064928635
732086,244306,1355438,1599744,5.548115887452621
734425,244323,1360492,1604815,5.568415581013658
734426,244323,1360494,1604817,5.568423766898737
734952,244334,1361497,1605831,5.572278111110202
735076,244362,1361601,1605963,5.57206521472242
735275,244460,1361826,1606286,5.570751861245194
735279,244467,1361836,1606303,5.570633255204179
735314,244467,1361905,1606372,5.5709155018877805
735366,244494,1361976,1606470,5.57059068934207
735451,244524,1362147,1606671,5.570606566226628
735481,244533,1362202,1606735,5.570626459414476
736380,245018,1363710,1608728,5.565754352741431
736557,245018,1363939,1608957,5.56668897795264
736618,245061,1364022,1609083,5.566050901612251
736621,245061,1364031,1609092,5.566087627162217
736793,245130,1364266,1609396,5.565479541467792
736814,245138,1364298,1609436,5.565428452545097
736866,245164,1364369,1609533,5.5651278327976375
736925,245183,1364458,1609641,5.565059567751435
737019,245232,1364653,1609885,5.564742774189339
737070,245259,1364727,1609986,5.564431886291635
737092,245266,1364754,1610020,5.564383159508452
738556,245270,1366836,1612106,5.572781016838586
738592,245278,1366853,1612131,5.572668563833691
738621,245289,1366893,1612182,5.572581730122427
738626,245291,1366897,1612188,5.572552600788451
738700,245334,1367025,1612359,5.572097630169483
738721,245334,1367062,1612396,5.572248444977052
739077,245456,1367383,1612839,5.570786617560785
739585,245456,1368287,1613743,5.574469558698912
739705,245526,1368527,1614053,5.5738577584451345
739713,245539,1368544,1614083,5.573631887398744
740458,245868,1369710,1615578,5.570916101322661
740467,245868,1369715,1615583,5.570936437437975
741243,246165,1370878,1617043,5.568939532427437
741316,246183,1370903,1617086,5.568633902422182
741330,246190,1370929,1617119,5.568581177139608
741447,246191,1371430,1617621,5.570593563534004
741498,246208,1371458,1617666,5.570322654016117
741511,246215,1371476,1617691,5.570237394147392
741531,246215,1371571,1617786,5.570623235789858
741553,246224,1371627,1617851,5.5706470530898695
741619,246224,1371724,1617948,5.571041003314056
741635,246224,1371750,1617974,5.571146598219507
741775,246239,1372100,1618339,5.572228607166209
741784,246242,1372113,1618355,5.572213513535465
741810,246257,1372132,1618389,5.571951254177546
741841,246280,1372176,1618456,5.5716095501055705
742386,246280,1373912,1620192,5.5786584375507555
742420,246280,1374014,1620294,5.57907260029235
742698,246534,1374596,1621130,5.575685301013248
742711,246534,1374626,1621160,5.57580698808278
742724,246535,1374629,1621164,5.575796540045024
743513,246560,1376302,1622862,5.582016547696301
743524,246564,1376311,1622875,5.581962492496877
743598,246589,1376389,1622978,5.581712890680444
743622,246598,1376417,1623015,5.581622722000989
743693,246627,1376592,1623219,5.581675972217154
743734,246635,1376637,1623272,5.581677377501165
743756,246635,1376677,1623312,5.5818395604841164
744505,246645,1378514,1625159,5.589061201321738
744593,246717,1378613,1625330,5.5878314019706785
744765,246750,1378855,1625605,5.58806484295846
744819,246763,1378935,1625698,5.588094649522011
744952,246817,1379073,1625890,5.587431173703594
744998,246854,1379179,1626033,5.58702309867371
745321,247008,1380072,1627080,5.587155071900505
745386,247040,1380161,1627201,5.5867916126943005
745431,247040,1380304,1627344,5.587370466321244
745452,247050,1380361,1627411,5.587375025298522
745470,247057,1380400,1627457,5.587374573478995
745521,247096,1380455,1627551,5.586715284747628
745701,247183,1380695,1627878,5.585719891740128
745762,247206,1380829,1628035,5.585742255446874
745777,247216,1380843,1628059,5.585572940262766
745845,247237,1380917,1628154,5.585397816669835
745982,247315,1381185,1628500,5.584719891636173
746037,247354,1381324,1628678,5.5844013033951345
746072,247373,1381419,1628792,5.584356417232277
746109,247389,1381469,1628858,5.584197357198582
746388,247485,1381908,1629393,5.583805079095702
746470,247510,1382018,1629528,5.583685507656257
746498,247538,1382079,1629617,5.5833003417657086
746515,247548,1382107,1629655,5.583187906991776
746609,247579,1382245,1629824,5.583046219590514
746633,247579,1382305,1629884,5.583288566477771
746813,247646,1382583,1630229,5.5829005919740275
746819,247646,1382597,1630243,5.582957124282242
747133,247689,1383399,1631088,5.585225827549871
747265,247761,1383700,1631461,5.584817626664407
747316,247761,1383816,1631577,5.585285819802148
747637,247761,1384433,1632194,5.587776122957205
747765,247770,1384834,1632604,5.5891915889736445
747768,247770,1384843,1632613,5.589227912983816
747800,247777,1384975,1632752,5.589602747631943
748251,247847,1385846,1633693,5.5915383280814375
748291,247865,1385892,1633757,5.591317854477236
748318,247874,1385914,1633788,5.591203595375069
748350,247889,1385954,1633843,5.591026628854044
748405,247936,1386083,1634019,5.590487061177078
748425,247936,1386104,1634040,5.590571760454311
748479,248002,1386227,1634229,5.589579922742558
748511,248029,1386397,1634426,5.589656854641998
748600,248080,1386555,1634635,5.589144630764269
748830,248176,1387203,1635379,5.589593675456128
748876,248201,1387297,1635498,5.589409389970226
748928,248237,1387369,1635606,5.588888844128796
748935,248239,1387369,1635608,5.588843815838768
748945,248239,1387385,1635624,5.588908269852843
748982,248265,1387445,1635710,5.588564638591827
748991,248269,1387460,1635729,5.588535016453927
749034,248286,1387527,1635813,5.588422222759237
749596,248307,1388090,1636397,5.590216949179846
749741,248403,1388312,1636715,5.58895021396682
749886,248519,1388675,1637194,5.587802139876629
749890,248519,1388684,1637203,5.5878383544115335
749896,248525,1388688,1637213,5.5877195453173725
749930,248547,1388717,1637264,5.58734162955095
749946,248547,1388743,1637290,5.587446237532539
750044,248548,1389032,1637580,5.58858651045271
750065,248563,1389076,1637639,5.588426274224241
750118,248581,1389107,1637688,5.588146318503828
750123,248585,1389112,1637697,5.588076513063942
750134,248592,1389119,1637711,5.587947319302311
750315,248592,1389308,1637900,5.5887076012100145
750623,248592,1390030,1638622,5.591611958550557
750633,248592,1390046,1638638,5.591676321040098
750694,248604,1390152,1638756,5.591832794323502
750828,248712,1390397,1639109,5.59038968767088
750905,248765,1390482,1639247,5.589540329226378
750919,248768,1390486,1639254,5.5894890018008745
750957,248786,1390585,1639371,5.58948252715185
751443,248935,1390898,1639833,5.587394299716793
751469,248962,1390956,1639918,5.5870213124894565
751610,248979,1391018,1639997,5.586888854080063
751709,249061,1391308,1640369,5.5862138191045565
753024,249416,1392786,1642202,5.584188664720788
753039,249425,1392797,1642222,5.584031271925428
753139,249463,1392998,1642461,5.5839864027932
753382,249484,1393383,1642867,5.585059562937904
753515,249579,1393616,1643195,5.5838672324193945
753549,249590,1393680,1643270,5.5838775591970835
753607,249635,1393771,1643406,5.583235523864842
753615,249641,1393809,1643450,5.583253552100817
753704,249694,1394026,1643720,5.582937515518995
753813,249694,1394139,1643833,5.5833900694450005
754007,249743,1394262,1644005,5.582787105144088
754226,249766,1394664,1644430,5.583882514033135
754301,249766,1394831,1644597,5.584551139866916
754328,249779,1394876,1644655,5.584440645530649
754353,249798,1394907,1644705,5.584139985107967
754365,249802,1394947,1644749,5.584210694870337
754411,249816,1394976,1644792,5.584013834181958
754491,249816,1395132,1644948,5.584638293784225
754512,249832,1395166,1644998,5.584416728041243
754548,249832,1395195,1645027,5.5845328060456625
754566,249840,1395205,1645045,5.584394012167787
754606,249861,1395251,1645112,5.584108764473047
754728,249914,1395371,1645285,5.583404691213778
754788,249939,1395471,1645410,5.583246312100153
754856,249950,1395565,1645515,5.583376675335067
755434,249950,1396447,1646397,5.586905381076215
755453,249962,1396487,1646449,5.586797193173362
755466,249966,1396494,1646460,5.5867357960682655
755476,249966,1396523,1646489,5.586851811846411
755638,250011,1397016,1647027,5.587818136002016
755801,250149,1397396,1647545,5.586254592263011
755871,250180,1397466,1647646,5.585842193620593
755906,250208,1397556,1647764,5.585576800102315
755947,250220,1397589,1647809,5.5854408120853645
756028,250237,1397761,1647998,5.585748710222709
756052,250243,1397795,1648038,5.585750650367842
756250,250257,1397920,1648177,5.5859376560895395
756307,250280,1398008,1648288,5.585775930957328
756312,250280,1398013,1648293,5.585795908582388
756339,250300,1398049,1648349,5.585493407910508
756388,250313,1398102,1648415,5.585415060344449
756426,250324,1398143,1648467,5.585333407903358
756485,250356,1398271,1648627,5.58513077377814
756526,250366,1398294,1648660,5.584999560643218
756665,250444,1398579,1649023,5.5843981089584895
756729,250480,1398849,1649329,5.584673427020121
756752,250488,1398908,1649396,5.5847306058573665
756808,250517,1398961,1649478,5.584295676540913
756823,250521,1399012,1649533,5.584410089373745
756932,250583,1399153,1649736,5.5835910656349395
756996,250605,1399232,1649837,5.5834161329582415
757026,250616,1399251,1649867,5.583246879688447
757073,250636,1399431,1650067,5.583519526325029
757084,250639,1399455,1650094,5.583548450161388
757208,250689,1400028,1650717,5.584720510273685
757229,250689,1400060,1650749,5.584848158475242
757241,250694,1400091,1650785,5.584860427453389
757322,250729,1400186,1650915,5.58445971546969
757587,250919,1400604,1651523,5.581896946823477
757608,250935,1400635,1651570,5.581664574491402
757647,250953,1400689,1651642,5.581479400525198
757678,250977,1400779,1651756,5.581304262940429
757726,250983,1400877,1651860,5.581561300964607
757919,251085,1401314,1652399,5.58103431108987
757941,251090,1401325,1652415,5.5809669839499785
758037,251090,1401536,1652626,5.581807320084432
758119,251117,1401618,1652735,5.581533707395358
758572,251279,1402810,1654089,5.582679014163539
758668,251339,1403035,1654374,5.582241514448613
758706,251357,1403095,1654452,5.582080467223909
758714,251357,1403105,1654462,5.5821202512760735
758760,251365,1403190,1654555,5.582280747120721
758768,251368,1403191,1654559,5.582218102542885
758818,251400,1403308,1654708,5.581972951471758
758848,251412,1403358,1654770,5.581905398310343
758899,251440,1403450,1654890,5.581649697741012
758917,251440,1403460,1654900,5.581689468660516
759086,251440,1403460,1654900,5.581689468660516
759127,251440,1403513,1654953,5.581900254533885
759167,251451,1403581,1655032,5.5819264986021135
759174,251453,1403599,1655052,5.581953685181724
759181,251457,1403603,1655060,5.581880798705146
759304,251511,1403838,1655349,5.581616708613142
759329,251515,1403874,1655389,5.581671073295827
759533,251658,1404280,1655938,5.580112692622527
759582,251695,1404357,1656052,5.579598323367568
759600,251704,1404376,1656080,5.579474303149731
759682,251728,1404434,1656162,5.579172757897413
759814,251787,1404572,1656359,5.578413500299857
760582,252184,1405544,1657728,5.573486026076198
760707,252228,1405741,1657969,5.573294796771175
760917,252370,1406246,1658616,5.572159923921227
760954,252400,1406347,1658747,5.5718977812995245
760975,252403,1406355,1658758,5.5718632504368015
760999,252424,1406424,1658848,5.571673058029347
761060,252424,1406517,1658941,5.572041485754128
761560,252594,1407446,1660040,5.571969247092172
761840,252769,1408029,1660798,5.5704180496817255
761862,252785,1408057,1660842,5.570176236722907
761881,252795,1408081,1660876,5.570050831701576
761910,252795,1408106,1660901,5.57014972606262
762064,252861,1408608,1661469,5.5706811252031745
762071,252862,1408638,1661500,5.570777736472858
762076,252865,1408648,1661513,5.570751191347162
762162,252887,1408827,1661714,5.570974387770032
762240,252922,1408941,1661863,5.570654193783064
762304,252943,1408979,1661922,5.570341934744191
762343,252959,1409054,1662013,5.570286093793856
762466,252961,1409417,1662378,5.571677056937631
762559,252961,1409569,1662530,5.572277940077719
762735,252987,1409754,1662741,5.572436528359165
762825,253019,1409844,1662863,5.572087471691849
762831,253027,1409854,1662881,5.571950819477763
762851,253043,1409877,1662920,5.571689396663808
762921,253043,1410147,1663190,5.572756408989776
762964,253062,1410228,1663290,5.572658083789743
763035,253098,1410400,1663498,5.572545022086307
763080,253125,1410441,1663566,5.5721125925925925
763134,253141,1410490,1663631,5.571953970316938
763236,253191,1410691,1663882,5.5716474914195215
763529,253255,1411483,1664738,5.5733667647233025
763567,253263,1411675,1664938,5.573948820001342
763699,253320,1411986,1665306,5.573922311700616
763977,253343,1412632,1665975,5.5759661802378595
764067,253345,1412896,1666241,5.5769642187530835
764158,253384,1413070,1666454,5.576792536229596
764382,253428,1413512,1666940,5.577568382341336
764836,253596,1414233,1667829,5.576716509724128
764918,253596,1414409,1668005,5.577410526979921
764925,253600,1414414,1668014,5.577342271293375
764951,253612,1414446,1668058,5.577204548680662
765032,253642,1414629,1668271,5.577266383327682
765174,253642,1414881,1668523,5.578259909636417
765805,253902,1415831,1669733,5.576289276965128
765841,253911,1415896,1669807,5.5763476178661024
766004,253924,1416304,1670228,5.57766890880736
766012,253928,1416314,1670242,5.577620427837812
766076,253959,1416413,1670372,5.577329411440429
766089,253959,1416413,1670372,5.577329411440429
766127,253970,1416484,1670454,5.5773674055990865
766170,254006,1416537,1670543,5.576785587742022
766393,254006,1417015,1671021,5.578667433052763
766448,254015,1417147,1671162,5.578989429758085
767852,254337,1419876,1674213,5.582656082284528
767892,254347,1419901,1674248,5.58253488344663
767918,254360,1419929,1674289,5.582359647743356
767931,254364,1419942,1674306,5.582322970231637
768056,254408,1420293,1674701,5.582737178076161
768209,254416,1420725,1675141,5.584259637758631
768305,254432,1420913,1675345,5.584647371399824
768322,254443,1420932,1675375,5.584480610588619
769921,254463,1422905,1677368,5.591795270825228
769976,254468,1423101,1677569,5.5924556329283055
769998,254486,1423131,1677617,5.592177958708927
770024,254504,1423163,1677667,5.591908182189671
770072,254512,1423199,1677711,5.591873860564531
770183,254512,1423377,1677889,5.59257323819702
770218,254530,1423461,1677991,5.592507759399678
770272,254530,1423571,1678101,5.5929399284956585
770302,254555,1423606,1678161,5.592528137337707
770370,254595,1423709,1678304,5.592054046623068
770427,254619,1423764,1678383,5.591742957124174
770500,254634,1423885,1678519,5.591888750127634
770525,254649,1423916,1678565,5.591681098296086
770555,254668,1423987,1678655,5.59154271443605
770632,254718,1424165,1678883,5.59114393172057
770652,254732,1424192,1678924,5.590942637752619
770786,254802,1424421,1679223,5.590305413615278
770838,254802,1424461,1679263,5.5904623982543304
770862,254810,1424486,1679296,5.590384992739688
770884,254822,1424511,1679333,5.5902198397312635
770900,254822,1424511,1679333,5.5902198397312635
770915,254822,1424511,1679333,5.5902198397312635
771056,254926,1424818,1679744,5.58914351615763
771077,254934,1424832,1679766,5.589023041257737
771088,254947,1424844,1679791,5.588785120044558
771347,255098,1425189,1680287,5.586829375377306
771403,255119,1425263,1680382,5.586659558872526
771427,255119,1425293,1680412,5.5867771510549975
771430,255119,1425302,1680421,5.58681242870974
771440,255119,1425318,1680437,5.586875144540391
771675,255139,1425694,1680833,5.587910903468305
771691,255166,1425832,1680998,5.587860451627568
771755,255176,1426159,1681335,5.5889229394613915
772623,255195,1428055,1683250,5.595936440760987
772715,255242,1428168,1683410,5.595348727873939
773093,255296,1428648,1683944,5.596045374780647
773127,255314,1428689,1684003,5.595811432197216
773240,255390,1428833,1684223,5.594710051294099
773257,255390,1428863,1684253,5.594827518696895
773271,255397,1428910,1684307,5.594858201153499
773307,255423,1428953,1684376,5.594457037933154
773415,255423,1429118,1684541,5.595103025177842
773424,255425,1429134,1684559,5.595121855730645
773454,255428,1429155,1684583,5.595138356014219
773514,255458,1429252,1684710,5.594860994762349
773605,255520,1429354,1684874,5.5939026299311205
773640,255533,1429417,1684950,5.593864588918065
773688,255543,1429444,1684987,5.593751345174785
773797,255576,1429615,1685191,5.593698156321407
773947,255636,1429742,1685378,5.592882066688573
774178,255636,1429992,1685628,5.593860019715533
774389,255744,1430329,1686073,5.592815471721722
774409,255752,1430352,1686104,5.59273045763083
774415,255756,1430354,1686110,5.592650807801186
774419,255761,1430364,1686125,5.592580573269576
774817,256072,1431279,1687351,5.589361585803992
774866,256084,1431313,1687397,5.589232439355836
774902,256097,1431363,1687460,5.589143957172477
774928,256104,1431406,1687510,5.58915909161903
774931,256104,1431415,1687519,5.589194233592603
775157,256106,1431450,1687556,5.589287248248772
775320,256195,1431755,1687950,5.588536076035832
775381,256257,1431855,1688112,5.587574193095213
775405,256274,1431887,1688161,5.587328406315116
775450,256310,1432037,1688347,5.587128867387149
775536,256361,1432148,1688509,5.586450357113602
775562,256370,1432178,1688548,5.586371260287865
776405,256718,1433431,1690149,5.5836793680225
776564,256718,1433575,1690293,5.5842402947981835
776694,256719,1433960,1690679,5.585718236671224
776705,256724,1433978,1690702,5.58567956248734
777037,256755,1434569,1691324,5.587306965784503
777077,256776,1434672,1691448,5.587251144966819
777188,256776,1434887,1691663,5.588088450634015
777214,256782,1434930,1691712,5.588125335888029
777280,256818,1434998,1691816,5.587606787686221
777347,256841,1435074,1691915,5.587402322837865
777411,256863,1435153,1692016,5.587231325648303
777434,256863,1435194,1692057,5.587390943810513
777493,256879,1435239,1692118,5.587218106579362
777516,256881,1435250,1692131,5.587217427524807
777539,256888,1435271,1692159,5.587146927844041
777693,257017,1435547,1692564,5.58541652886774
777724,257017,1435601,1692618,5.585626631701405
777768,257017,1435701,1692718,5.586015711023006
777791,257043,1435735,1692778,5.585582956937166
777835,257063,1435808,1692871,5.585432364828855
777900,257082,1435836,1692918,5.58512848040703
777924,257102,1435877,1692979,5.584853482275517
778112,257185,1436220,1693405,5.584384781383051
778141,257203,1436276,1693479,5.5842116927096495
778178,257221,1436385,1693606,5.584244676756564
778193,257227,1436417,1693644,5.584238824073678
778198,257229,1436424,1693653,5.58422261875605
778206,257229,1436424,1693653,5.58422261875605
778317,257229,1436639,1693868,5.58505844986374
778360,257232,1436708,1693940,5.58526155377247
778369,257234,1436715,1693949,5.585245340818088
778498,257242,1437060,1694302,5.586412794178244
778573,257267,1437148,1694415,5.58621198987822
778725,257429,1437576,1695005,5.584359182531883
779014,257472,1437890,1695362,5.584646097439721
779042,257484,1437936,1695420,5.584564477792795
779087,257510,1438028,1695538,5.584357889014019
779104,257515,1438038,1695553,5.584288293885793
779152,257550,1438117,1695667,5.583836148320715
779162,257554,1438125,1695679,5.583780488751874
779174,257555,1438144,1695699,5.58383257944905
779239,257555,1438372,1695927,5.584717827260197
779255,257563,1438384,1695947,5.584590954446097
779418,257572,1439311,1696883,5.587994813100803
779511,257572,1439454,1697026,5.588549997670555
779538,257588,1439529,1697117,5.588494029224964
779554,257590,1439538,1697128,5.588485577856283
780555,257938,1440713,1698651,5.585501166947096
781904,257938,1441688,1699626,5.589281145081376
781956,257955,1441757,1699712,5.589180283382761
782067,257955,1441972,1699927,5.590013762090287
783336,258620,1444158,1702778,5.584092490913309
783369,258644,1444202,1702846,5.583744451833408
783534,258717,1444490,1703207,5.583282119072191
783692,258789,1444643,1703432,5.582319959503688
783732,258808,1444680,1703488,5.582053105004482
783825,258876,1444839,1703715,5.581201038334956
783924,258956,1445016,1703972,5.580160336118877
783950,258969,1445094,1704063,5.580181411674756
784080,258970,1445479,1704449,5.581646522763254
784088,258970,1445479,1704449,5.581646522763254
784133,258989,1445545,1704534,5.58149187803343
784164,258998,1445586,1704584,5.581456227461216
784250,259024,1445798,1704822,5.581714435727964
784259,259028,1445819,1704847,5.581709313278873
785470,259231,1448404,1707635,5.587310159664546
785491,259239,1448474,1707713,5.587407758863443
785513,259252,1448489,1707741,5.587185441192354
785633,259348,1448804,1708152,5.586331878402764
785649,259348,1448830,1708178,5.586432129802428
785931,259348,1449106,1708454,5.587496336968089
785943,259359,1449123,1708482,5.587324904861601
786061,259359,1449317,1708676,5.58807290281039
786093,259384,1449390,1708774,5.587815748080066
786185,259384,1449395,1708779,5.587835024519631
786187,259386,1449395,1708781,5.587791939426183
786225,259400,1449461,1708861,5.587744795682344
786245,259400,1449482,1708882,5.587825751734773
786270,259420,1449542,1708962,5.587626243157813
786285,259425,1449559,1708984,5.587584080177315
786677,259633,1450618,1710251,5.587186528677017
786770,259649,1450882,1710531,5.587858994257632
786873,259700,1451050,1710750,5.587408548324991
786926,259718,1451200,1710918,5.587598857222064
786945,259726,1451217,1710943,5.587492203321962
786983,259735,1451276,1711011,5.587525747396385
787094,259835,1451576,1711411,5.5865299132141555
787111,259845,1451601,1711446,5.586411129711943
787173,259856,1451767,1711623,5.586813465919586
787252,259877,1451894,1711771,5.5868507024476965
787263,259890,1451914,1711804,5.586648197314249
787310,259927,1452016,1711943,5.586245368892035
787329,259929,1452036,1711965,5.586279330124765
787350,259929,1452066,1711995,5.586394746257632
787374,259929,1452098,1712027,5.5865178567993565
787471,259929,1452287,1712216,5.587244978436419
787497,259935,1452324,1712259,5.587258353049801
787511,259940,1452347,1712287,5.587239362929907
787564,259978,1452502,1712480,5.587018901599366
787664,260053,1452666,1712719,5.586038230668364
787673,260055,1452689,1712744,5.586083713060699
787736,260081,1452794,1712875,5.585928999042606
787810,260090,1452936,1713026,5.586281671729017
787900,260132,1453347,1713479,5.586959697384405
787934,260138,1453354,1713492,5.586857744735487
787967,260143,1453383,1713526,5.586861841371861
788019,260153,1453418,1713571,5.586781624659335
788066,260159,1453497,1713656,5.586956438178191
788250,260238,1453971,1714209,5.587081825098563
788302,260250,1454111,1714361,5.587362151777137
789075,260654,1455211,1715865,5.582922188034713
789100,260676,1455245,1715921,5.582581442096703
789113,260683,1455277,1715960,5.582554290076453
789140,260685,1455292,1715977,5.582569000901471
789216,260724,1455349,1716073,5.581952562863411
789271,260727,1455388,1716115,5.582037917055004
789293,260740,1455410,1716150,5.581843982511314
789345,260769,1455477,1716246,5.581480160601912
789389,260810,1455558,1716368,5.580913308538783
789510,260810,1455740,1716550,5.5816111345423876
789576,260816,1455754,1716570,5.581536408809275
789674,260816,1456044,1716860,5.582648303785044
789696,260827,1456088,1716915,5.582581557890863
789698,260831,1456093,1716924,5.58251511515119
789760,260881,1456182,1717063,5.581786331699127
789783,260890,1456214,1717104,5.58171643221281
789796,260896,1456235,1717131,5.581668557586164
789831,260911,1456291,1717202,5.581562295188781
789986,260911,1456367,1717278,5.581853582256018
790042,260966,1456530,1717496,5.581301778775779
790045,260967,1456533,1717500,5.581291887480027
790055,260971,1456543,1717514,5.5812446593682825
790065,260971,1456559,1717530,5.5813059688624405
790306,260990,1457046,1718036,5.582765623203954
790329,260990,1457075,1718065,5.582876738572359
790408,261016,1457269,1718285,5.583063873479021
790601,261036,1457343,1718379,5.582919597296924
790768,261036,1457636,1718672,5.5840420478401445
790809,261048,1457678,1718726,5.583946247433422
791051,261048,1458125,1719173,5.5856585762005455
791062,261057,1458142,1719199,5.585531129216991
791096,261071,1458212,1719283,5.585499729958517
791135,261071,1458261,1719332,5.5856874183651195
791222,261080,1458753,1719833,5.58737934732649
791304,261142,1458878,1720020,5.586531465639384
791305,261142,1458880,1720022,5.586539124307848
791331,261146,1458897,1720043,5.586518652401339
791892,261289,1459729,1721018,5.586645438575677
791970,261326,1459796,1721122,5.5861108347428114
792029,261347,1459920,1721267,5.5861364392933535
792174,261426,1460223,1721649,5.585607399417044
792384,261592,1460769,1722361,5.584150126915196
792403,261597,1460797,1722394,5.58415042985967
792408,261599,1460801,1722400,5.584123027993226
792455,261630,1460912,1722542,5.583885640025991
792464,261632,1460935,1722567,5.583930864726027
792517,261659,1461044,1722703,5.5837712442530165
792533,261659,1461070,1722729,5.583870610221701
792707,261781,1461524,1723305,5.583002586131156
792723,261788,1461560,1723348,5.5829908169969595
792793,261804,1461664,1723468,5.583046859482667
792802,261806,1461680,1723486,5.583065323178231
792929,261806,1461896,1723702,5.583890361565434
794271,262605,1465110,1727715,5.579139772662364
794313,262615,1465133,1727748,5.579014907754698
794323,262618,1465141,1727759,5.578981638730019
794388,262662,1465264,1727926,5.578515354333707
794400,262667,1465284,1727951,5.578485306490728
794416,262677,1465301,1727978,5.578337654229339
794427,262677,1465311,1727988,5.578375723797667
794470,262695,1465396,1728091,5.578317059708026
794489,262707,1465437,1728144,5.578218319268234
794512,262720,1465479,1728199,5.578102161997564
794560,262729,1465514,1728243,5.57804429659459
794612,262742,1465565,1728307,5.5779624117956015
794617,262744,1465573,1728317,5.577950400389733
794647,262765,1465614,1728379,5.577660647346488
794701,262774,1465726,1728500,5.577895834443286
795082,262936,1466187,1729123,5.576212462348252
795525,262936,1467052,1729988,5.579502236285636
795619,262948,1467085,1730033,5.579373107990934
795662,262967,1467201,1730168,5.579411104815433
796717,263291,1469583,1732874,5.581592230649737
796892,263350,1470008,1733358,5.581955572432125
797081,263375,1470214,1733589,5.582207878500237
797675,263375,1470734,1734109,5.584182249644043
797696,263377,1470734,1734111,5.584139845164915
797746,263377,1470846,1734223,5.584565091105146
797823,263399,1470969,1734368,5.58456562097806
797834,263399,1470995,1734394,5.584664330540359
797849,263399,1471039,1734438,5.584831377491942
797968,263410,1471298,1734708,5.58558141300634
798021,263413,1471392,1734805,5.585874653111274
798099,263446,1471615,1735061,5.586021423745284
798118,263447,1471649,1735096,5.586129278374777
798697,263521,1471857,1735378,5.585349934160845
798713,263527,1471874,1735401,5.585287276066589
798740,263551,1471908,1735459,5.584907664930127
798796,263557,1471952,1735509,5.584947468669016
798891,263612,1472096,1735708,5.584328482770132
798921,263621,1472128,1735749,5.584259220623546
799109,263680,1472348,1736028,5.5838440533980584
799112,263683,1472354,1736037,5.583803278937209
799146,263692,1472390,1736082,5.583749222577856
799164,263702,1472414,1736116,5.5836284897346244
799594,263869,1474091,1737960,5.586450094554495
799670,263901,1474207,1738108,5.586212253837614
799728,263901,1474252,1738153,5.586382772327502
799768,263927,1474316,1738243,5.586074937387989
800353,264240,1475501,1739741,5.583942627914017
800463,264263,1475774,1740037,5.584489693979104
800496,264290,1475850,1740140,5.584206742593364
800584,264346,1476025,1740371,5.583685775460949
800608,264346,1476046,1740392,5.583765216799195
800762,264360,1476288,1740648,5.584384929641398
800772,264360,1476300,1740660,5.58443032228779
801602,264673,1477583,1742256,5.582673714356961
801619,264694,1477631,1742325,5.582412143834012
801637,264704,1477645,1742349,5.5822541404738875
801705,264713,1477788,1742501,5.582604556633033
801728,264713,1477816,1742529,5.58271033156664
801788,264726,1477852,1742578,5.5825721689596035
801824,264740,1477893,1742633,5.582431819898769
801836,264746,1477930,1742676,5.582445060548602
801929,264806,1478094,1742900,5.581799506053488
801951,264812,1478130,1742942,5.5818089814660965
801960,264815,1478134,1742949,5.581760851915488
802142,264915,1478310,1743225,5.580318215276598
802216,264928,1478481,1743409,5.580689847807706
802283,264981,1478620,1743601,5.580098195719693
802392,265053,1478816,1743869,5.579321871474762
802393,265053,1478818,1743871,5.57932941713544
802395,265057,1478828,1743885,5.579282946686939
802575,265105,1478958,1744063,5.57876313158937
802580,265106,1478966,1744072,5.578772264679034
802615,265116,1478987,1744103,5.578641047692331
802651,265135,1479087,1744222,5.578618439662813
802734,265213,1479328,1744541,5.577886453529804
802767,265229,1479386,1744615,5.57776864520848
802879,265286,1479576,1744862,5.577286400337749
802883,265288,1479580,1744868,5.577259431259612
802903,265304,1479614,1744918,5.57705123179447
802924,265315,1479655,1744970,5.576974539698095
802944,265315,1479676,1744991,5.5770536908957276
804286,265338,1482949,1748287,5.588905471511808
804367,265379,1483081,1748460,5.588539409674466
804383,265379,1483107,1748486,5.588637382762012
804528,265384,1483366,1748750,5.589508033641817
804532,265385,1483382,1748767,5.589547261525708
804589,265431,1483465,1748896,5.5888912749452775
804599,265433,1483473,1748906,5.5888793028749255
804616,265435,1483497,1748932,5.588927609395897
804698,265465,1483556,1749021,5.588518260410977
804742,265478,1483573,1749051,5.588308635743828
804810,265486,1483707,1749193,5.5886449756296
804944,265540,1483978,1749518,5.588529035173608
804968,265547,1484035,1749582,5.588596369004357
804984,265547,1484061,1749608,5.588694280108606
805026,265547,1484191,1749738,5.589183835629851
805465,265771,1484863,1750634,5.587001591595772
805472,265773,1484863,1750636,5.586959548185858
805534,265827,1485107,1750934,5.5867425054640805
805660,265838,1485431,1751269,5.587730121352101
805685,265845,1485491,1751336,5.587808685512234
805740,265845,1485590,1751435,5.588181082961876
805775,265860,1485642,1751502,5.588061385691717
805862,265927,1485882,1751809,5.587555983408981
808153,265949,1489206,1755155,5.599592403054721
808242,265949,1489352,1755301,5.6001413804902445
808284,265959,1489396,1755355,5.600096255437868
808313,265971,1489414,1755385,5.5999112685217565
808331,265982,1489448,1755430,5.599807505771067
808372,265992,1489506,1755498,5.599815032031039
808383,265995,1489518,1755513,5.599796988665201
808392,265997,1489520,1755517,5.599762403335376
808442,266011,1489588,1755599,5.599723319712343
808559,266023,1489836,1755859,5.600402972675295
808604,266044,1489952,1755996,5.600396926824135
808613,266044,1489956,1756000,5.600411961931109
808898,266044,1490556,1756600,5.602667227977327
808913,266051,1490577,1756628,5.6025987498637475
809103,266051,1490895,1756946,5.603794009419246
809137,266071,1490963,1757034,5.6036283548376185
809235,266088,1491028,1757116,5.603514626740026
809322,266124,1491211,1757335,5.603444259067202
809323,266124,1491213,1757337,5.603451774360824
809412,266163,1491501,1757664,5.603712762480134
809458,266180,1491559,1757739,5.603572770305808
809485,266192,1491588,1757780,5.603429103804772
809530,266196,1491755,1757951,5.603972261040737
809605,266261,1491925,1758186,5.603242682931409
809642,266287,1492004,1758291,5.602992260230503
809670,266331,1492104,1758435,5.602442073960598
809721,266354,1492161,1758515,5.602172297018254
809884,266409,1492326,1758735,5.601635079895949
810189,266570,1492856,1759426,5.6002400870315485
810223,266607,1492962,1759569,5.599860468779889
810296,266641,1493063,1759704,5.599525204300914
810318,266648,1493081,1759729,5.599445711199784
810726,266648,1494188,1760836,5.603597251807627
810743,266657,1494224,1760881,5.603543128438406
810767,266665,1494246,1760911,5.60345752160951
811056,266705,1494912,1761617,5.605114264824431
811089,266730,1494966,1761696,5.604791362051513
811130,266753,1494998,1761751,5.604428066413498
811142,266753,1495023,1761776,5.604521786071759
811239,266854,1495249,1762103,5.603247468653271
811260,266872,1495281,1762153,5.602989448124943
811298,266887,1495308,1762195,5.602775706572444
811345,266910,1495427,1762337,5.602738750889813
811361,266910,1495434,1762344,5.602764976958525
811403,266921,1495497,1762418,5.602770108009486
811440,266935,1495537,1762472,5.602626107479349
811448,266939,1495546,1762485,5.602575869393382
811486,266945,1495591,1762536,5.602618516922962
811512,266968,1495640,1762608,5.6023193791016155
811735,266968,1496118,1763086,5.604109855862875
811853,267003,1496207,1763210,5.603708572562855
811868,267004,1496267,1763271,5.603912300939312
811965,267035,1496391,1763426,5.603726103319789
812013,267035,1496534,1763569,5.604261613646151
812110,267057,1496576,1763633,5.603957207637321
812111,267057,1496578,1763635,5.603964696675241
812132,267057,1496607,1763664,5.604073287725092
812180,267057,1496715,1763772,5.604477695772813
812207,267071,1496787,1763858,5.604453497384591
812470,267100,1497249,1764349,5.605574691126919
812490,267106,1497263,1764369,5.605501186794756
812499,267108,1497278,1764386,5.605515372059242
812504,267110,1497285,1764395,5.605499606903523
812646,267186,1497440,1764626,5.604485264946517
812703,267208,1497491,1764699,5.6042146941708335
812729,267230,1497543,1764773,5.6039479100400404
813054,267230,1498149,1765379,5.606215619503798
813063,267230,1498149,1765379,5.606215619503798
813101,267259,1498221,1765480,5.6058766963881475
813246,267339,1498471,1765810,5.605134305133183
813870,267359,1499329,1766688,5.607924176855838
813886,267361,1499353,1766714,5.607971992923425
813964,267374,1499437,1766811,5.608013494206617
814094,267443,1499738,1767181,5.607692106355373
814122,267447,1499755,1767202,5.607671800394097
814309,267474,1500099,1767573,5.6083918436932185
814341,267498,1500136,1767634,5.608026975902623
814346,267500,1500140,1767640,5.608
814359,267510,1500163,1767673,5.6078763410713615
814851,267593,1500932,1768525,5.609010699084057
814941,267605,1501190,1768795,5.60972328618673
814958,267605,1501235,1768840,5.609891444479737
815043,267641,1501305,1768946,5.609398410557426
815316,267674,1501457,1769131,5.609274714764975
815357,267692,1501505,1769197,5.60907684951362
815427,267725,1501614,1769339,5.60879260435148
815454,267729,1501660,1769389,5.608880621822814
815463,267735,1501675,1769410,5.608810951127047
815498,267753,1501732,1769485,5.608646775199531
815503,267756,1501735,1769491,5.608595138857766
815546,267769,1501774,1769543,5.60846849336555
815586,267770,1501778,1769548,5.608462486462263
815621,267783,1501829,1769612,5.608380666435136
815760,267884,1502094,1769978,5.60725537919398
815786,267891,1502173,1770064,5.6074037574983855
815792,267892,1502183,1770075,5.607420154390575
815816,267896,1502196,1770092,5.607384955355809
815874,267930,1502273,1770203,5.606960773336319
815902,267949,1502321,1770270,5.606742327831043
815912,267954,1502330,1770284,5.606671294326638
816252,268171,1503264,1771435,5.60561731134239
816566,268354,1503858,1772212,5.604008138503619
816766,268413,1504215,1772628,5.604106358484872
816981,268459,1504618,1773077,5.604647264572989
817101,268522,1504768,1773290,5.603890928862439
817124,268531,1504808,1773339,5.603852069221058
817151,268536,1504842,1773378,5.603874340870497
817239,268542,1505066,1773608,5.604583268166619
817252,268542,1505080,1773622,5.60463540153868
817323,268578,1505329,1773907,5.604811265256275
817341,268578,1505362,1773940,5.604934134590324
817434,268578,1505505,1774083,5.6054665683712
817498,268611,1505605,1774216,5.6051501986143535
817662,268696,1506105,1774801,5.60523788965969
818417,268724,1507635,1776359,5.6103474196573435
818477,268737,1507653,1776390,5.610143002266156
818610,268785,1507776,1776561,5.6095987499302415
818647,268785,1507812,1776597,5.60973268597578
818695,268792,1507835,1776627,5.60967216286199
818739,268816,1507903,1776719,5.6094242902208205
818762,268829,1507966,1776795,5.609387380081762
818829,268839,1508087,1776926,5.6096288112959805
818912,268895,1508227,1777122,5.608981200840477
818933,268918,1508263,1777181,5.6086353460906295
819069,268939,1508317,1777256,5.608398186949457
819120,268950,1508397,1777347,5.608466257668712
819242,269049,1508574,1777623,5.607060423937647
819349,269107,1508735,1777842,5.606450222402241
819510,269107,1509122,1778229,5.607888312084041
819532,269127,1509184,1778311,5.607701939976294
819545,269128,1509206,1778334,5.607762848904611
819557,269131,1509223,1778354,5.607763505504754
819565,269131,1509242,1778373,5.607834103094776
819589,269148,1509272,1778420,5.607591362373118
819638,269163,1509337,1778500,5.6075203501224165
819929,269352,1509806,1779158,5.605326858534557
819947,269352,1509826,1779178,5.605401110814102
819973,269357,1509861,1779218,5.605426998370192
820027,269357,1509861,1779218,5.605426998370192
820380,269357,1510160,1779517,5.606537049343436
820574,269463,1510611,1780074,5.606005277162356
821440,270232,1513092,1783324,5.5992332514284024
821568,270332,1513300,1783632,5.597931432460826
822757,270725,1514898,1785623,5.5957078215901745
822778,270725,1514960,1785685,5.595936836272971
822801,270730,1515004,1785734,5.595996010785654
822845,270755,1515072,1785827,5.595730457424609
822882,270770,1515093,1785863,5.595498024153341
822929,270770,1515187,1785957,5.595845182258005
823922,270835,1516392,1787227,5.598951391068363
824030,270835,1516949,1787784,5.601007993796961
824041,270835,1516959,1787794,5.601044916646667
824094,270860,1517025,1787885,5.600771616333161
824105,270862,1517048,1787910,5.600815175255296
824117,270864,1517060,1787924,5.600818122747947
824188,270864,1517187,1788051,5.601286992734361
826069,270874,1521248,1792122,5.616072417433936
826087,270874,1521279,1792153,5.616186861788138
826316,270950,1521727,1792677,5.616264993541244
826323,270953,1521737,1792690,5.616239716851262
826749,271088,1522415,1793503,5.61594390013575
826789,271110,1522488,1793598,5.615757441628859
826946,271165,1522785,1793950,5.6157136798628144
826981,271189,1522854,1794043,5.61547112899122
827187,271189,1523523,1794712,5.617938043209717
827197,271193,1523538,1794731,5.61791049178998
827272,271193,1523705,1794898,5.618526289395375
827322,271223,1523763,1794986,5.618118669876817
827352,271237,1523815,1795052,5.618020402821149
827353,271237,1523817,1795054,5.618027776446429
827363,271243,1523839,1795082,5.617984611584446
827410,271255,1523879,1795134,5.617883541317211
827454,271255,1523906,1795161,5.617983078652928
827475,271263,1523953,1795216,5.617990658512219
827581,271311,1524088,1795399,5.617494314642606
827616,271317,1524118,1795435,5.617480659155158
827644,271317,1524183,1795500,5.617720231316135
827664,271321,1524200,1795521,5.6177000674477835
827971,271432,1524661,1796093,5.617101152406496
827975,271436,1524686,1796122,5.617110479081625
827999,271440,1524708,1796148,5.61710875331565
828093,271464,1524891,1796355,5.617286270002652
828167,271492,1525033,1796525,5.617229973627215
828556,271519,1525170,1796689,5.617175961903219
828610,271547,1525212,1796759,5.616751427929604
828792,271659,1525567,1797226,5.615742530157293
828810,271659,1525577,1797236,5.615779341012078
828850,271682,1525605,1797287,5.61540698316414
828859,271684,1525620,1797304,5.615420856583384
828891,271686,1525627,1797313,5.6154052840411355
828917,271701,1525668,1797369,5.615246171342763
828930,271707,1525676,1797383,5.61515161552702
828968,271718,1525714,1797432,5.615064147388101
829022,271756,1525807,1797563,5.614621204315636
829057,271763,1525887,1797650,5.614770958519004
829084,271766,1525939,1797705,5.614900318656491
829154,271766,1526067,1797833,5.615371312084661
830860,272467,1528823,1801290,5.611039135014516
831027,272555,1529009,1801564,5.609909926436866
831180,272656,1529228,1801884,5.608635056628132
831181,272656,1529230,1801886,5.608642391878411
831234,272671,1529330,1802001,5.608700595222814
831307,272672,1529407,1802079,5.608962416383053
831377,272672,1529487,1802159,5.609255809177327
831450,272673,1529580,1802253,5.609576305684831
831678,272786,1529930,1802716,5.608535628661295
831685,272787,1529934,1802721,5.608529731988694
831733,272795,1530027,1802822,5.608706171300794
831781,272806,1530085,1802891,5.60869262406252
831885,272835,1530197,1803032,5.608506973078967
831981,272835,1530408,1803243,5.6092803342679645
832067,272846,1530472,1803318,5.6092887562947595
832422,272986,1530811,1803797,5.607653872359755
832441,272997,1530831,1803828,5.607501181331663
832451,273004,1530860,1803864,5.607463626906566
832666,273133,1531228,1804361,5.606162565490073
832886,273308,1531762,1805070,5.604526761016874
832897,273308,1531762,1805070,5.604526761016874
832922,273338,1531812,1805150,5.604094564239147
833111,273377,1532061,1805438,5.604205913445535
833127,273377,1532087,1805464,5.60430102020287
833208,273418,1532176,1805594,5.60378614429189
833678,273658,1533050,1806708,5.602065351643292
833751,273681,1533111,1806792,5.601817444396944
833778,273692,1533138,1806830,5.601690951872908
833791,273697,1533156,1806853,5.601654384227814
833825,273713,1533180,1806893,5.601414620423582
833841,273713,1533206,1806919,5.601509610431364
834033,273833,1533615,1807448,5.600548509493012
834063,273853,1533681,1807534,5.600380496105575
834143,273898,1533781,1807679,5.599825482478879
834417,273999,1534497,1808496,5.600374453921365
834690,274237,1535372,1809609,5.598704769961748
834724,274252,1535453,1809705,5.598693901958782
834775,274287,1535581,1809868,5.59844615311699
834888,274322,1535738,1810060,5.598304182675833
834926,274335,1535807,1810142,5.598290411358375
835061,274380,1536055,1810435,5.598276113419345
835364,274570,1536936,1811506,5.597610809629603
835427,274605,1537037,1811642,5.597265162688225
835470,274605,1537099,1811704,5.597490941534204
835561,274613,1537139,1811752,5.597473535484482
835642,274634,1537304,1811938,5.597646322014026
835662,274643,1537319,1811962,5.59751750454226
835741,274684,1537429,1812113,5.597082465669642
835751,274691,1537445,1812136,5.5969980814806455
836051,274691,1537988,1812679,5.598974848102049
836090,274703,1538039,1812742,5.598915920102802
836105,274710,1538059,1812769,5.5988460558407045
836114,274714,1538075,1812789,5.598822775686714
836149,274727,1538211,1812938,5.599052877947926
836194,274757,1538298,1813055,5.598758175405904
836222,274757,1538318,1813075,5.598830966999931
836238,274757,1538370,1813127,5.5990202251444
836247,274764,1538392,1813156,5.598957650929525
836301,274790,1538490,1813280,5.598784526365589
836367,274814,1538578,1813392,5.598615791044124
836424,274814,1538698,1813512,5.599052450020741
836457,274833,1538758,1813591,5.5988836857291515
836484,274833,1538808,1813641,5.599065614391285
836965,274963,1539317,1814280,5.598269585362394
837120,274977,1539625,1814602,5.599104652389109
837966,275274,1540918,1816192,5.597760776535379
838265,275404,1541368,1816772,5.596752407372442
838346,275436,1541506,1816942,5.596603203648034
838378,275453,1541559,1817012,5.596450211106795
838481,275502,1541731,1817233,5.596079157320092
839407,275624,1543531,1819155,5.6001327895974224
839451,275647,1543695,1819342,5.600260478075219
839477,275653,1543730,1819383,5.600265551254657
839490,275661,1543740,1819401,5.600139301533405
843250,275676,1549824,1825500,5.6219039742306185
843259,275679,1549843,1825522,5.621911716162638
843342,275679,1550152,1825831,5.62303258499922
843623,275683,1550821,1826504,5.625377698298408
843633,275688,1550835,1826523,5.625326455993732
843701,275750,1550995,1826745,5.624641885766093
843984,275892,1551375,1827267,5.623124266017137
844099,275933,1551585,1827518,5.623049798320607
844109,275933,1551616,1827549,5.623162144433612
844323,275933,1551925,1827858,5.624281981495508
844330,275933,1551925,1827858,5.624281981495508
844338,275941,1551989,1827930,5.6243508576108665
844344,275945,1552001,1827946,5.624312815959702
844592,276023,1552243,1828266,5.623600207229107
844899,276083,1552585,1828668,5.623616810886581
844908,276087,1552606,1828693,5.623611397856473
844948,276099,1552644,1828743,5.623504612475959
844959,276108,1552670,1828778,5.623415475103945
845039,276152,1552759,1828911,5.622841768301515
845192,276246,1552946,1829192,5.621605380711395
845202,276257,1552971,1829228,5.621472035097753
845217,276264,1552993,1829257,5.621409231749341
845245,276276,1553028,1829304,5.621291751726535
845304,276314,1553131,1829445,5.620891449582721
845334,276325,1553160,1829485,5.620772640911969
845358,276334,1553197,1829531,5.620723472319729
845483,276334,1553568,1829902,5.6220660505041
845532,276346,1553647,1829993,5.622107792405173
845775,276346,1554061,1830407,5.623605914324796
845798,276353,1554085,1830438,5.623550314271964
845909,276353,1554342,1830695,5.624480284274099
846085,276431,1554772,1831203,5.624448777452601
846128,276451,1554823,1831274,5.6242263547608795
846148,276468,1554858,1831326,5.624007118364513
846235,276484,1554950,1831434,5.624014409513752
846291,276500,1555004,1831504,5.623884267631103
846481,276500,1555574,1832074,5.62594575045208
846492,276503,1555586,1832089,5.625928109279104
846498,276503,1555591,1832094,5.625946192265545
846542,276510,1555697,1832207,5.626187118006582
846587,276524,1555738,1832262,5.626050541725131
846710,276586,1555951,1832537,5.625559500480863
849677,277771,1559801,1837572,5.6154206162630365
849721,277791,1559896,1837687,5.6153583089444945
849757,277791,1559947,1837738,5.61554190020555
849804,277825,1560017,1837842,5.615106631872582
850993,277825,1562008,1839833,5.62227301358769
851018,277833,1562024,1839857,5.622168712859883
851028,277846,1562034,1839880,5.6219416511304825
851050,277849,1562117,1839966,5.622179673131809
851081,277884,1562190,1840074,5.62173424882325
851140,277889,1562478,1840367,5.622669483138951
851171,277902,1562517,1840419,5.622546797072349
851325,277938,1562850,1840788,5.623016643999741
851340,277945,1562885,1840830,5.623000953426038
851374,277976,1562932,1840908,5.62254295334849
851472,278019,1563170,1841189,5.622529395472971
851487,278032,1563182,1841214,5.622309662197157
851553,278073,1563302,1841375,5.62191223168017
851663,278166,1563523,1841689,5.620827132000317
851681,278178,1563575,1841753,5.620771592289829
851711,278203,1563620,1841823,5.6204282484372925
851802,278203,1563864,1842067,5.621305305837823
851902,278208,1564085,1842293,5.621998648493213
851936,278222,1564143,1842365,5.621924218789312
851977,278237,1564199,1842436,5.621822403203025
852005,278250,1564240,1842490,5.621707097933513
852010,278255,1565751,1844006,5.627036351548041
852045,278256,1565899,1844155,5.627548013340234
852154,278282,1566316,1844598,5.628520709208645
852183,278299,1566375,1844674,5.628388891084769
852192,278301,1566398,1844699,5.6284310872041425
852227,278308,1566437,1844745,5.6284296534774425
852369,278400,1566703,1845103,5.627525143678161
852383,278400,1566729,1845129,5.6276185344827585
852410,278405,1566743,1845148,5.627567752015948
852446,278416,1566808,1845224,5.627578874777312
852675,278545,1567246,1845791,5.626545082482184
852716,278552,1567290,1845842,5.626561647376432
852732,278553,1567327,1845880,5.626674277426558
852749,278559,1567357,1845916,5.626660779224509
852774,278575,1567388,1845963,5.626448891680876
852892,278635,1567492,1846127,5.62561056579396
852941,278635,1567601,1846236,5.626001758573044
853194,278635,1567981,1846616,5.627365549912969
853211,278638,1568008,1846646,5.6274018619140245
853223,278643,1568029,1846672,5.627376248461292
853674,278650,1568963,1847613,5.630586757581195
853722,278653,1569029,1847682,5.630762991964917
853762,278662,1569123,1847785,5.630918460356992
853788,278676,1569144,1847820,5.630710933126641
853831,278698,1569243,1847941,5.630621676510057
853841,278698,1569259,1847957,5.6306790863228295
853849,278701,1569277,1847978,5.630683061775882
853854,278706,1569288,1847994,5.630621515144991
853909,278719,1569341,1848060,5.630549047607088
853963,278733,1569438,1848171,5.6306142437386315
853989,278747,1569475,1848222,5.630464184367903
854019,278762,1569532,1848294,5.63036568829324
854025,278762,1569580,1848342,5.6305378781899975
854118,278765,1569783,1848548,5.631205495668395
854171,278786,1569824,1848610,5.630928382343447
854251,278813,1569886,1848699,5.630605459573262
854280,278829,1569927,1848756,5.63042940296741
854307,278836,1569963,1848799,5.630417162776686
854370,278846,1570016,1848862,5.63040531332707
854388,278850,1570055,1848905,5.6304644073874845
854465,278851,1570164,1849015,5.630835105486443
854503,278877,1570203,1849080,5.630449983325982
854593,278889,1570570,1849459,5.631523652779421
854625,278934,1570600,1849534,5.630722679917113
854814,279063,1570851,1849914,5.629019253716903
854882,279063,1570929,1849992,5.629298760494942
854893,279063,1570946,1850009,5.629359678638874
854992,279133,1571053,1850186,5.628331297266894
855022,279141,1571069,1850210,5.628227311645369
855061,279156,1571123,1850279,5.628118328103283
855163,279248,1571464,1850712,5.627485246089497
855247,279290,1571623,1850913,5.627208278133839
855354,279297,1571781,1851078,5.627632949870568
855824,279485,1572387,1851872,5.626015707461939
855862,279488,1572478,1851966,5.626280913670712
855886,279490,1572575,1852065,5.626587713335003
855892,279493,1572580,1852073,5.626545208645655
855977,279537,1572707,1852244,5.626113895477164
856006,279562,1572737,1852299,5.625718087579857
856016,279566,1572746,1852312,5.625669788171666
856087,279566,1572873,1852439,5.626124063727349
856100,279566,1572873,1852439,5.626124063727349
856162,279566,1572928,1852494,5.626320797235715
856213,279609,1573001,1852610,5.625716625716626
856220,279615,1573017,1852632,5.625653130196878
856274,279643,1573098,1852741,5.625379501721838
856320,279643,1573217,1852860,5.625805044288611
856522,279652,1574404,1854056,5.629868550913278
856600,279703,1574521,1854224,5.6292603225564255
857233,279762,1575773,1855535,5.632548380409062
857260,279783,1575806,1855589,5.6322435601877165
857336,279837,1575979,1855816,5.631774926117704
857363,279860,1576011,1855871,5.631426427499464
857364,279860,1576013,1855873,5.631433573929822
857511,279860,1576269,1856129,5.6323483170156505
857548,279867,1576309,1856176,5.632350366424052
857659,279882,1576558,1856440,5.632938166798866
858194,279914,1577363,1857277,5.635170087955586
858251,279923,1577392,1857315,5.635092507582442
858288,279930,1577438,1857368,5.635115921837603
858399,279964,1577586,1857550,5.63496020916975
858410,279964,1577598,1857562,5.63500307182352
858419,279964,1577609,1857573,5.635042362589476
858603,280054,1577883,1857937,5.634209830961172
858626,280063,1577944,1858007,5.634246580233733
858643,280069,1577977,1858046,5.634243704230029
858867,280132,1578158,1858290,5.633622720717376
858868,280132,1578158,1858290,5.633622720717376
858961,280132,1578301,1858433,5.634133194351234
858963,280132,1578306,1858438,5.634151043079691
858998,280144,1578321,1858465,5.633963247472728
859005,280146,1578323,1858469,5.633930164985401
859063,280146,1578420,1858566,5.634276413013215
859232,280241,1578715,1858956,5.633419092852224
859253,280260,1578752,1859012,5.6331692000285445
859311,280276,1578878,1859154,5.633297178495483
859341,280285,1578931,1859216,5.633305385589668
859359,280297,1578953,1859250,5.633142702205161
859565,280297,1579460,1859757,5.634951497875468
859592,280300,1579499,1859799,5.635030324652158
859621,280308,1579517,1859825,5.6349337157697965
859654,280320,1579559,1859879,5.6348423230593605
859726,280347,1579707,1860054,5.634827552996822
859776,280372,1579766,1860138,5.6345355456322315
860095,280506,1580180,1860686,5.633319786386031
860106,280506,1580192,1860698,5.633362566219618
860125,280506,1580217,1860723,5.633451690872922
860181,280506,1580287,1860793,5.633701239902177
860228,280520,1580369,1860889,5.63371239127335
860264,280535,1580420,1860955,5.633592956315611
860295,280544,1580444,1860988,5.633497775749971
860635,280625,1580746,1861371,5.632947884187082
860674,280625,1580812,1861437,5.633183073496659
861041,280758,1581208,1861966,5.6319250030275185
861262,280761,1581255,1862016,5.632032226698152
861307,280790,1581400,1862190,5.631966950389971
861320,280791,1581404,1862195,5.631961138355574
861329,280794,1581419,1862213,5.63195438648974
861405,280840,1581497,1862337,5.631309642501068
861454,280853,1581548,1862401,5.631230572577113
861476,280865,1581573,1862438,5.631078988125968
861594,280865,1581750,1862615,5.6317091841276055
861831,280949,1582028,1862977,5.631014881704509
861907,280979,1582143,1863122,5.630822944063436
861920,280979,1582174,1863153,5.630933272593325
861951,280987,1582205,1863192,5.630883279297619
862015,281032,1582270,1863302,5.630212929488457
862064,281058,1582340,1863398,5.629941150936817
862116,281066,1582407,1863473,5.630019283726954
862141,281080,1582439,1863519,5.629852710971965
862672,281221,1582906,1864127,5.628690602764374
863460,281579,1584632,1866211,5.62766399482916
863530,281579,1584741,1866320,5.628051097560543
863619,281632,1584886,1866518,5.627506817407113
863654,281655,1584921,1866576,5.627171539649571
863664,281665,1584958,1866623,5.627103118953366
863732,281708,1585051,1866759,5.626574325187783
863781,281718,1585162,1866880,5.626768612584216
863819,281739,1585374,1867113,5.62710167921374
863864,281740,1585510,1867250,5.627564421097466
863943,281745,1585687,1867432,5.628092778931303
864260,281890,1586137,1868027,5.626794139557983
864289,281912,1586179,1868091,5.626504015437441
864306,281919,1586209,1868128,5.6264707238603995
864794,282115,1587037,1869152,5.625496694610354
864804,282120,1587058,1869178,5.625471430596909
864807,282120,1587067,1869187,5.625503331915497
864837,282137,1587167,1869304,5.625518808238551
864940,282167,1587276,1869443,5.625306999046664
864941,282167,1587278,1869445,5.625314087047741
865240,282412,1587854,1870266,5.622473549282608
865498,282448,1588123,1870571,5.622709312864669
865502,282451,1588131,1870582,5.622677915815487
865531,282463,1588193,1870656,5.622658542888803
865628,282463,1588262,1870725,5.6229028226705795
865632,282463,1588268,1870731,5.622924064390735
865754,282534,1588413,1870947,5.622024251948438
865821,282559,1588543,1871102,5.621986912467839
865853,282582,1588600,1871182,5.621731037362606
865999,282626,1588759,1871385,5.621418411611105
866035,282656,1588885,1871541,5.621267547831994
866042,282656,1588900,1871556,5.621320615872297
866045,282656,1588909,1871565,5.621352456696479
866064,282656,1588949,1871605,5.621493971470621
866103,282668,1589053,1871721,5.621623247060155
866132,282675,1589064,1871739,5.621522950384717
866153,282679,1589119,1871798,5.621637970984756
866263,282679,1589277,1871956,5.622196908861288
866303,282726,1589371,1872097,5.6215947595905575
866872,282940,1590125,1873065,5.620007775500106
866879,282942,1590133,1873075,5.619996324335022
866936,282989,1590244,1873233,5.619455173169275
866977,283012,1590298,1873310,5.619189292326827
866995,283022,1590323,1873345,5.61907908219149
867391,283123,1590608,1873731,5.6180811873284755
868456,283600,1592542,1876142,5.615451339915373
868477,283606,1592580,1876186,5.61546652750647
868637,283606,1592946,1876552,5.616757050273971
868718,283639,1593074,1876713,5.616554846124828
868765,283649,1593143,1876792,5.6166000937778735
868786,283663,1593173,1876836,5.6164286494890066
868794,283663,1593202,1876865,5.61653088347793
868821,283679,1593259,1876938,5.616415032483899
868859,283704,1593326,1877030,5.616156275554804
868893,283720,1593384,1877104,5.616043987029466
868965,283720,1593587,1877307,5.616759481178627
869048,283749,1593701,1877450,5.616587195020951
869068,283764,1593733,1877497,5.616403067337647
869105,283770,1593746,1877516,5.616330126510907
869257,283837,1593959,1877796,5.615754817025264
869270,283848,1593981,1877829,5.615614695188975
869297,283858,1594011,1877869,5.615522550007398
869417,283897,1594095,1877992,5.615047006484747
869455,283918,1594144,1878062,5.614804274473616
869511,283918,1594228,1878146,5.61510013454589
869666,284018,1594617,1878635,5.614492743417671
869717,284058,1594683,1878741,5.613934478169951
869729,284058,1594704,1878762,5.614008406733836
869855,284071,1594864,1878935,5.614314731176361
869957,284156,1595138,1879294,5.6135995720660485
870278,284224,1595666,1879890,5.614114219770322
870353,284257,1595790,1880047,5.61389869026972
870358,284257,1595790,1880047,5.61389869026972
870410,284261,1595913,1880174,5.614252394806182
870531,284286,1596084,1880370,5.614360186572677
870533,284286,1596089,1880375,5.614377774494699
870948,284296,1597077,1881373,5.617655542111039
870973,284305,1597149,1881454,5.617730957950089
870988,284314,1597173,1881487,5.617637541591339
871148,284344,1597255,1881599,5.617333230171904
871385,284504,1597622,1882126,5.6154641059528165
872002,284645,1598107,1882752,5.614386340880746
872007,284646,1598111,1882757,5.614380669322597
872095,284663,1598288,1882951,5.6146671678440825
872182,284688,1598386,1883074,5.6145183499128875
872284,284727,1598556,1883283,5.614346373894994
872737,284832,1599455,1884287,5.6154329569711265
872742,284834,1599463,1884297,5.615421613992711
873736,284834,1600733,1885567,5.619880351362548
873930,284948,1600999,1885947,5.618565492651291
874070,285091,1601280,1886371,5.616732902827518
874079,285102,1601312,1886414,5.616628434735638
874093,285111,1601350,1886461,5.616584417998604
874148,285114,1601389,1886503,5.61666210708699
874193,285147,1601484,1886631,5.616345253500826
874628,285147,1602251,1887398,5.619035094179494
874775,285147,1602449,1887596,5.61972947286838
874949,285147,1602931,1888078,5.62141982907062
874950,285147,1602933,1888080,5.62142684299677
874979,285147,1602968,1888115,5.621549586704401
875010,285170,1603038,1888208,5.621341655854403
875015,285170,1603060,1888230,5.621418802819371
875111,285202,1603128,1888330,5.621026500515424
875133,285202,1603167,1888369,5.621163245699539
875944,285241,1604833,1890074,5.626235358871972
876503,285493,1605923,1891416,5.625087129982171
876636,285519,1606016,1891535,5.624900619573478
876687,285577,1606147,1891724,5.624216936237862
876836,285682,1606503,1892185,5.6233959437416425
876885,285721,1606630,1892351,5.623072857787842
877013,285759,1607009,1892768,5.623651398556126
877069,285771,1607162,1892933,5.62395064579681
877162,285771,1607314,1893085,5.624482540215767
877320,285771,1607563,1893334,5.625353867257349
877490,285780,1608542,1894322,5.628602421443068
877491,285780,1608542,1894322,5.628602421443068
879339,285781,1612557,1898338,5.64263194544074
879356,285787,1612566,1898353,5.642544972304549
879447,285790,1612779,1898569,5.6432310437734
879464,285791,1612797,1898588,5.64327428085559
879534,285791,1612925,1898716,5.643722160599879
879690,285856,1613089,1898945,5.643012565767379
879719,285878,1613131,1899009,5.642725218449828
879848,285879,1613513,1899392,5.6440417099542115
879862,285883,1613546,1899429,5.644078171839529
879893,285883,1613596,1899479,5.644253068563014
880130,285888,1613991,1899879,5.645536014103425
880153,285898,1614064,1899962,5.645593883133145
880179,285904,1614101,1900005,5.645604818400582
880206,285913,1614146,1900059,5.6455844959830435
880234,285928,1614192,1900120,5.645449203995412
880527,286087,1614761,1900848,5.644300509984725
881059,286127,1616549,1902676,5.649760421071762
881151,286197,1616769,1902966,5.649147265694609
881328,286297,1617082,1903379,5.648267358721887
881370,286312,1617190,1903502,5.648348654614546
881375,286314,1617202,1903516,5.648351111017973
881436,286314,1617320,1903634,5.648763245946758
881451,286314,1617325,1903639,5.648780709291198
881713,286364,1617518,1903882,5.648468382897292
881799,286415,1617751,1904166,5.648276102857741
881807,286428,1617775,1904203,5.648103537363665
883344,286433,1620980,1907413,5.659194296746534
883463,286464,1621367,1907831,5.659932836237712
883526,286477,1621390,1907867,5.659756280608915
883542,286485,1621407,1907892,5.6596575736949575
883562,286506,1621427,1907933,5.659312544937977
883574,286506,1621442,1907948,5.6593648998624815
883729,286595,1621809,1908404,5.658887977808406
883775,286613,1621921,1908534,5.658923356581871
883807,286613,1621990,1908603,5.659164099325571
883822,286620,1622012,1908632,5.659102644616565
883831,286626,1622031,1908657,5.6590504699503885
883924,286651,1622245,1908896,5.659303473561927
883972,286669,1622297,1908966,5.65912951871322
884022,286669,1622476,1909145,5.659753932235435
884187,286703,1622625,1909328,5.659602445736529
884201,286708,1622653,1909361,5.659601406308858
884225,286737,1622718,1909455,5.659255694242459
884277,286769,1622792,1909561,5.658882236224976
884422,286783,1623029,1909812,5.659432393133484
884431,286793,1623043,1909836,5.659283873734714
884595,286848,1623254,1910102,5.658934348505132
884638,286874,1623375,1910249,5.658843255227033
884662,286884,1623427,1910311,5.658827261192677
884726,286940,1623525,1910465,5.658064403708092
884736,286943,1623544,1910487,5.658071463670485
884964,287106,1624043,1911149,5.656597214965901
884999,287116,1624109,1911225,5.656630072862536
885590,287125,1624850,1911975,5.659033521985198
885591,287125,1624852,1911977,5.659040487592512
885660,287134,1624884,1912018,5.658974555434048
885756,287141,1625097,1912238,5.6595783952831535
885780,287152,1625117,1912269,5.659431241990305
885822,287165,1625191,1912356,5.659432730311842
886015,287165,1625635,1912800,5.6609788797381295
886073,287197,1625829,1913026,5.6610236179347275
886125,287212,1625915,1913127,5.6610273943985625
886165,287237,1626015,1913252,5.660882824984246
886185,287240,1626030,1913270,5.6608759225734575
886248,287251,1626157,1913408,5.6611012668363205
886270,287262,1626199,1913461,5.66103069671589
886368,287263,1626488,1913751,5.6620170366528235
886473,287271,1626645,1913916,5.662405881554351
886490,287290,1626697,1913987,5.662212398621602
886529,287317,1626747,1914064,5.661854328146264
886573,287342,1626877,1914219,5.661814144816978
886773,287507,1627322,1914829,5.660112623344823
886821,287507,1627465,1914972,5.660610002539069
886852,287516,1627541,1915057,5.660697143811127
886925,287548,1627618,1915166,5.660334970161504
887023,287549,1627907,1915456,5.6613203314913285
887048,287560,1627944,1915504,5.6612324384476285
887053,287566,1627947,1915513,5.6611247504920605
887478,287893,1628632,1916525,5.657073982347608
887734,287903,1628907,1916810,5.657832672809939
887753,287909,1628934,1916843,5.657808543671785
888404,288136,1629614,1917750,5.655711191937141
888413,288140,1629633,1917773,5.6556986187270075
888682,288140,1630149,1918289,5.657489414867773
888976,288161,1630528,1918689,5.658392357050399
889052,288176,1630657,1918833,5.658545472211427
889089,288176,1630725,1918901,5.6587814391205375
889189,288190,1630768,1918958,5.6586557479440645
889962,288190,1632418,1920608,5.664381137444047
889989,288208,1632450,1920658,5.664138400044412
890007,288208,1632460,1920668,5.664173097207573
890152,288208,1632796,1921004,5.665338921889746
890186,288217,1632855,1921072,5.665366720214283
890297,288217,1633033,1921250,5.665984310432764
890300,288217,1633042,1921259,5.666015536904485
890362,288224,1633268,1921492,5.666662040635061
890370,288228,1633275,1921503,5.666607685582248
890479,288321,1633533,1921854,5.665674716721987
890491,288321,1633548,1921869,5.665726742068736
890551,288389,1633739,1922128,5.665053105354226
890563,288389,1633768,1922157,5.665153663974701
890569,288395,1633773,1922168,5.665053138924045
890602,288410,1633808,1922218,5.664879858534725
890642,288432,1633839,1922271,5.664555250457647
890688,288454,1633874,1922328,5.664244558924473
890696,288459,1633885,1922344,5.664184511490368
890709,288459,1633911,1922370,5.6642746456168815
890733,288464,1633922,1922386,5.664214598702091
890749,288464,1633948,1922412,5.664304731266293
890783,288464,1633988,1922452,5.6644433967496814
890819,288493,1634035,1922528,5.664036909041121
890850,288502,1634077,1922579,5.6640057954537575
890890,288531,1634155,1922686,5.663706846058136
890964,288588,1634355,1922943,5.663281217514242
890997,288609,1634438,1923047,5.663156727614177
891045,288616,1634508,1923124,5.663261912021509
891069,288630,1634555,1923185,5.663150053701972
891307,288762,1634832,1923594,5.6615205601845116
891323,288762,1634858,1923620,5.661610599732652
891392,288797,1634929,1923726,5.661170303015613
891416,288797,1634961,1923758,5.661281107490729
891552,288892,1635168,1924060,5.660135967766501
891850,288898,1635721,1924619,5.661932585203082
891872,288901,1635739,1924640,5.661936095755985
891895,288908,1635762,1924670,5.661878521882398
891908,288908,1635769,1924677,5.6619027510487765
891955,288932,1635871,1924803,5.661785472014176
891986,288962,1635960,1924922,5.661505665104754
892049,288962,1636142,1925104,5.662135505706632
892052,288962,1636147,1925109,5.662152809019871
892070,288969,1636167,1925136,5.662084860313736
892094,288969,1636222,1925191,5.6622751921486385
892095,288969,1636224,1925193,5.662282113306271
892428,288969,1636973,1925942,5.664874086839765
892454,288973,1636986,1925959,5.664840659854034
892466,288980,1637022,1926002,5.664828015779639
892505,288990,1637057,1926047,5.664753105643794
892538,288990,1637113,1926103,5.664946883975224
892852,289197,1637734,1926931,5.663039381459697
893227,289250,1638360,1927610,5.664165946413138
893332,289251,1638457,1927708,5.664481713114216
893429,289310,1638602,1927912,5.663827728042584
893467,289319,1638681,1928000,5.6639245953428565
893558,289330,1638850,1928180,5.664293367435109
893577,289338,1638888,1928226,5.664268087841902
893633,289359,1639009,1928368,5.664275173746108
893652,289367,1639042,1928409,5.664232618093978
893770,289412,1639182,1928594,5.663835639158017
894148,289625,1639971,1929596,5.662394475615019
897823,289639,1645928,1935567,5.682687759590387
897871,289653,1645987,1935640,5.682616786292564
897903,289653,1646036,1935689,5.68278595422799
898019,289653,1646334,1935987,5.683814771467929
898067,289687,1646388,1936075,5.683334081267023
899933,289721,1650358,1940079,5.696369955923112
899946,289731,1650373,1940104,5.696225119162257
899949,289731,1650382,1940113,5.696256182458901
899989,289749,1650451,1940200,5.696140452598629
900211,289958,1650943,1940901,5.69373150594224
900255,289965,1650985,1940950,5.693738899522356
900434,290032,1651137,1941169,5.692947674739339
900461,290041,1651222,1941263,5.69306408404329
900519,290041,1651259,1941300,5.693191652214687
900617,290041,1651549,1941590,5.694191510855362
900638,290055,1651568,1941623,5.693982175794246
900643,290063,1651577,1941640,5.693856162281987
900694,290066,1651756,1941822,5.69441437465956
900702,290071,1651762,1941833,5.694336903723571
901210,290391,1653360,1943751,5.6935648832091905
901538,290443,1653965,1944408,5.694628550180242
901553,290443,1653972,1944415,5.694652651294747
901587,290443,1653990,1944433,5.694714625589186
901614,290455,1654022,1944477,5.694589523334079
901641,290455,1654041,1944496,5.694654937942194
901715,290455,1654173,1944628,5.695109397324887
901908,290455,1654617,1945072,5.6966380334303075
902066,290472,1655102,1945574,5.697974331432978
902087,290472,1655139,1945611,5.698101710319755
902140,290509,1655224,1945733,5.697668574811796
902219,290551,1655448,1945999,5.697615909083087
902303,290553,1655782,1946335,5.698726222066198
902358,290569,1655820,1946389,5.698543203163449
902608,290794,1656342,1947136,5.695929076941065
902624,290794,1656368,1947162,5.696018487314044
902644,290794,1656389,1947183,5.6960907033845265
902722,290836,1656790,1947626,5.696646907535518
902791,290856,1656838,1947694,5.696420221690459
902824,290868,1656856,1947724,5.696247094902155
902891,290919,1657015,1947934,5.695795049481127
903409,291065,1658184,1949249,5.696954288560974
903482,291088,1658295,1949383,5.6968854779310725
903484,291088,1658300,1949388,5.696902654867257
903638,291160,1658587,1949747,5.696479598845995
903641,291161,1658590,1949751,5.696470337716933
903664,291174,1658639,1949813,5.696384292553593
903820,291253,1658913,1950166,5.695779957631338
904051,291253,1659204,1950457,5.696779088970757
904126,291253,1659301,1950554,5.697112132750564
904188,291260,1659463,1950723,5.697531415230379
904252,291277,1659591,1950868,5.697638330523866
904549,291277,1660307,1951584,5.700096471743392
904567,291277,1660317,1951594,5.7001308033246705
904710,291309,1660428,1951737,5.699885688392738
905095,291629,1661358,1952987,5.696820275075524
905142,291639,1661387,1953026,5.696724374997857
905160,291639,1661418,1953057,5.696830670795058
905214,291665,1661511,1953176,5.6966416950954
905259,291701,1661619,1953320,5.696308891639041
905357,291710,1661732,1953442,5.696520516951767
905380,291730,1661786,1953516,5.696315085867069
905541,291730,1662173,1953903,5.697641654954924
905762,291750,1662712,1954462,5.69909854327335
905792,291772,1662739,1954511,5.698761361611121
905930,291884,1662948,1954832,5.697290704526456
905933,291884,1662961,1954845,5.697335242767675
905988,291905,1663036,1954941,5.697182302461417
906017,291922,1663117,1955039,5.697127999945191
906136,291926,1663141,1955067,5.697132149928406
906189,291964,1663234,1955198,5.696709183323971
906225,291975,1663261,1955236,5.69658703656135
906265,291995,1663368,1955363,5.696563297316735
906280,291995,1663391,1955386,5.696642065788798
906323,292039,1663505,1955544,5.696174141124986
906368,292046,1663642,1955688,5.69650671469563
906439,292081,1663728,1955809,5.6961185424591125
906925,292377,1664599,1956976,5.693330870759328
906944,292377,1664620,1956997,5.693402695834488
907032,292419,1664744,1957163,5.693009004202874
907051,292419,1664777,1957196,5.693121855966951
907098,292455,1664864,1957319,5.692718537894719
907334,292643,1665312,1957955,5.690592291631783
907350,292648,1665356,1958004,5.6906454170197645
907431,292709,1665592,1958301,5.690265758825318
907481,292709,1665699,1958408,5.6906313095941705
907752,292728,1666193,1958921,5.691949523106775
907796,292748,1666237,1958985,5.69171095959665
907853,292748,1666237,1958985,5.69171095959665
907891,292766,1666306,1959072,5.691596701802805
907956,292797,1666389,1959186,5.691277574565313
908128,292830,1666477,1959307,5.690936720964382
908586,292830,1667722,1960552,5.695188334528566
908614,292837,1667746,1960583,5.6951341531295565
908878,292869,1668414,1961283,5.6967927640002864
909319,292934,1668634,1961568,5.696279708057105
909380,292964,1668756,1961720,5.696112832976065
909563,293009,1668902,1961911,5.695736308441037
909590,293025,1668963,1961988,5.6956334783721525
909610,293035,1668992,1962027,5.695538075656492
909611,293035,1668994,1962029,5.695544900779771
909677,293035,1669091,1962126,5.695875919258792
909770,293056,1669278,1962334,5.6961058637257045
909805,293067,1669352,1962419,5.696144567624468
909818,293073,1669391,1962464,5.696161024727628
910276,293188,1670453,1963641,5.697549012920038
910500,293351,1670738,1964089,5.695354711591234
910929,293377,1671546,1964923,5.6976041066613945
910962,293382,1671575,1964957,5.697605851756413
910966,293386,1671593,1964979,5.697589523699154
911214,293526,1671875,1965401,5.695832737134019
911252,293526,1671911,1965437,5.695955383850153
911255,293526,1671918,1965444,5.695979231822735
911363,293550,1672001,1965551,5.6957962868335885
911407,293575,1672100,1965675,5.695648471429788
911469,293642,1672222,1965864,5.694764372943925
911504,293651,1672361,1966012,5.695063187252895
911528,293667,1672394,1966061,5.694865272570633
911563,293690,1672447,1966137,5.6945997480336406
911572,293694,1672463,1966157,5.694576668232923
911606,293701,1672515,1966216,5.6946179958529255
911727,293701,1672711,1966412,5.6952853412143645
911761,293712,1672771,1966483,5.695276325107589
911854,293733,1672924,1966657,5.69539003108265
912227,293825,1673457,1967282,5.695420743639922
914024,293973,1676914,1970887,5.704312981124117
914048,293993,1676970,1970963,5.704115404108261
914182,294079,1677161,1971240,5.703096786917801
914318,294093,1677214,1971307,5.703005511861894
914349,294100,1677263,1971363,5.703036382182931
914677,294126,1677870,1971996,5.704595989473899
914709,294134,1677908,1972042,5.70457002590656
914861,294220,1678268,1972488,5.704126164094895
914884,294222,1678307,1972529,5.704219942764308
914916,294238,1678360,1972598,5.704089886418478
914962,294243,1678368,1972611,5.704020146613513
915077,294292,1678504,1972796,5.7035325459067865
915146,294353,1678738,1973091,5.703145542936542
915183,294366,1678769,1973135,5.702998987654825
915388,294366,1679438,1973804,5.705271668603031
916675,294923,1682091,1977014,5.703492097937428
916922,295020,1682612,1977632,5.703382821503627
916949,295031,1682665,1977696,5.703349817476807
917006,295049,1682767,1977816,5.703347579554582
917070,295087,1682948,1978035,5.703226506081258
917270,295087,1683388,1978475,5.7047175917610735
917323,295087,1683464,1978551,5.704975142923951
917340,295087,1683502,1978589,5.70510391850539
917381,295087,1683513,1978600,5.705141195647386
917448,295113,1683671,1978784,5.705173950317336
917479,295127,1683703,1978830,5.705011740708238
917551,295181,1683829,1979010,5.704394930568024
917588,295190,1683979,1979169,5.704729157491785
917752,295200,1684371,1979571,5.7058638211382116
917810,295224,1684445,1979669,5.705650624610465
917943,295224,1684445,1979669,5.705650624610465
918233,295224,1685012,1980236,5.707571200173428
918253,295224,1685049,1980273,5.707696528737501
918331,295224,1685159,1980383,5.708069127171233
918395,295249,1685305,1980554,5.708080298324465
918474,295296,1685411,1980707,5.707530748807976
918484,295296,1685427,1980723,5.707584931729519
918538,295330,1685512,1980842,5.707215657061592
918647,295395,1685757,1981152,5.70678921444168
918655,295395,1685757,1981152,5.70678921444168
918673,295395,1685767,1981162,5.7068230674182026
918713,295404,1685810,1981214,5.706794762427049
919770,295703,1686830,1982533,5.7044737456163785
941564,295705,1752206,2047911,5.9255203665815595
941595,295705,1752286,2047991,5.925790906477739
941678,295722,1752447,2048169,5.925994684196644
941820,295729,1752624,2048353,5.9264529349505795
941940,295769,1752865,2048634,5.926466262522442
942042,295783,1752974,2048757,5.926554264443866
942120,295831,1753095,2048926,5.926001669872326
942153,295848,1753137,2048985,5.925803115113166
942158,295850,1753143,2048993,5.925783336150076
942402,295989,1753381,2049370,5.923804600846653
942423,296011,1753469,2049480,5.923661620683015
943205,296206,1754675,2050881,5.923833413232683
943261,296212,1754701,2050913,5.923801196440388
943284,296224,1754764,2050988,5.923773900831803
943424,296224,1755129,2051353,5.925006076482662
943441,296229,1755153,2051382,5.924987087692292
943457,296229,1755179,2051408,5.925074857627038
943740,296229,1755627,2051856,5.926587201118054
943802,296268,1755707,2051975,5.926077065359742
943858,296302,1755809,2052111,5.925741304479889
943902,296331,1755842,2052173,5.925272752428872
944010,296402,1756065,2052467,5.924605771890878
944028,296405,1756071,2052476,5.924566049830468
944047,296421,1756110,2052531,5.924377827481859
944089,296436,1756163,2052599,5.92425683790093
944155,296497,1756341,2052838,5.923638350472348
944174,296508,1756366,2052874,5.923502907172825
944187,296511,1756403,2052914,5.923567759712118
944349,296586,1756648,2053234,5.922895888544975
944538,296610,1756782,2053392,5.922868413067665
944611,296620,1757030,2053650,5.923504820983076
944703,296653,1757085,2053738,5.923031285710914
944760,296678,1757255,2053933,5.923105184745752
945290,296936,1758253,2055189,5.9213197456691
945351,296950,1758400,2055350,5.9215356120559015
945415,296975,1758538,2055513,5.92150180991666
945504,296975,1758680,2055655,5.921979964643488
945783,297157,1759157,2056314,5.919958136607921
945828,297179,1759288,2056467,5.919960697088287
945948,297269,1759474,2056743,5.918794088855548
946018,297276,1759629,2056905,5.919176119161991
946038,297295,1759667,2056962,5.91892564624363
946045,297299,1759674,2056973,5.918869555565273
946131,297336,1759872,2057208,5.918798934538704
946280,297455,1760403,2057858,5.918216200769864
946324,297461,1760429,2057890,5.918184232554856
946483,297589,1760693,2058282,5.916525812446024
946505,297599,1760738,2058337,5.916478213972494
947069,297599,1762192,2059791,5.9213639830779
947074,297601,1762204,2059805,5.92136451154398
947538,297625,1763037,2060662,5.923685846283075
947574,297651,1763086,2060737,5.923333030965796
947708,297689,1763322,2061011,5.923369691187784
947762,297705,1763384,2061089,5.923259602626762
947781,297710,1763391,2061101,5.923183635081119
947817,297724,1763456,2061180,5.923123429753732
947889,297774,1763637,2061411,5.9227367063612
948005,297783,1763822,2061605,5.92317895917497
948135,297784,1764207,2061991,5.924451951750262
948191,297798,1764255,2062053,5.924334616082042
948197,297805,1764264,2062069,5.924225583855208
948281,297834,1764429,2062263,5.92420274381031
948385,297834,1764802,2062636,5.92545511929464
948467,297834,1764937,2062771,5.925908391923017
948513,297856,1764975,2062831,5.925598275676837
949279,297911,1765815,2063726,5.927323932315356
949384,297946,1765905,2063851,5.926929712095481
949578,297946,1766302,2064248,5.928262168312378
949669,298014,1766483,2064497,5.92751682806848
949723,298044,1766590,2064634,5.927279193676101
950065,298167,1766937,2065104,5.9259978468442185
950068,298167,1766946,2065113,5.926028031271066
950895,298484,1768413,2066897,5.924649227429276
950910,298491,1768455,2066946,5.924650994502347
951093,298553,1768735,2067288,5.924358489112486
951103,298561,1768763,2067324,5.924293527955761
951114,298568,1768788,2067356,5.924238364459687
951145,298572,1768808,2067380,5.924225982342618
951147,298572,1768813,2067385,5.92424272872205
951389,298572,1768986,2067558,5.924822153450424
951421,298585,1769020,2067605,5.92467806487265
951460,298600,1769039,2067639,5.924444072337575
951534,298663,1769148,2067811,5.92355932941141
951548,298667,1769181,2067848,5.923590487064189
951575,298685,1769250,2067935,5.923464519477041
952551,298990,1770515,2069505,5.921652898090237
952582,298990,1770575,2069565,5.921853573698117
952623,299012,1770649,2069661,5.921665351223362
952653,299021,1770694,2069715,5.9216376107363695
952853,299174,1771174,2070348,5.920213654929907
953320,299174,1772015,2071189,5.92302472808466
953353,299189,1772065,2071254,5.922894892526129
953413,299207,1772168,2071375,5.922882820254873
953437,299207,1772200,2071407,5.922989769624373
953566,299275,1772385,2071660,5.922262133489266
953637,299275,1772557,2071832,5.922836855734692
953663,299281,1772591,2071872,5.92283172002232
953718,299311,1772677,2071988,5.922525400002004
953811,299331,1772915,2072246,5.922924788946016
953842,299346,1772962,2072308,5.9227850046434565
954280,299547,1773538,2073085,5.9207336411314415
954308,299560,1773593,2073153,5.920660301775938
954318,299564,1773625,2073189,5.920688066656875
954339,299569,1773635,2073204,5.9206226278419996
954364,299569,1773677,2073246,5.92076282926471
954379,299569,1773684,2073253,5.920786196168495
954412,299606,1773751,2073357,5.920278632604154
954425,299606,1773774,2073380,5.920355400092121
954453,299621,1773801,2073422,5.920149121723778
954461,299631,1773808,2073439,5.919974902463363
954561,299649,1774131,2073780,5.920697215742418
954613,299669,1774246,2073915,5.920685823358439
954718,299669,1774502,2074171,5.921540099242831
954731,299686,1774529,2074215,5.921294288021462
954766,299690,1774571,2074261,5.9213554005806
954786,299690,1774592,2074282,5.921425472988755
954905,299788,1774821,2074609,5.920253645909776
954966,299804,1774849,2074653,5.920031086976825
955286,299986,1775326,2075312,5.918029508043709
955309,300007,1775379,2075386,5.917791918188575
955330,300029,1775404,2075433,5.917441314006313
955415,300044,1775546,2075590,5.91761874925011
955443,300052,1775600,2075652,5.917640942236679
955511,300073,1775695,2075768,5.917543397773208
955601,300127,1775898,2076025,5.917155071019935
955621,300127,1775919,2076046,5.917225041399141
955658,300143,1775980,2076123,5.917112842878228
955986,300181,1776547,2076728,5.918252654231947
956027,300181,1776619,2076800,5.918492509519257
956045,300181,1776652,2076833,5.918602443192607
956090,300201,1776721,2076922,5.918437979886809
956103,300209,1776764,2076973,5.918423498296187
956148,300219,1776803,2077022,5.918356266592054
956228,300246,1776875,2077121,5.918063854306135
956272,300262,1776950,2077212,5.9179982815008225
956295,300262,1776967,2077229,5.918054898721783
956337,300304,1777091,2077395,5.917640124673664
956825,300304,1777937,2078241,5.920457269966434
957221,300320,1779000,2079320,5.923681406499734
957221,300436,1779386,2079822,5.922679039795497
957350,300436,1779613,2080049,5.9234346083691705
957392,300451,1779661,2080112,5.923298641042965
957480,300489,1779807,2080296,5.923035452212893
957516,300503,1779853,2080356,5.922912583235442
957530,300507,1779870,2080377,5.92289031536703
957551,300524,1779897,2080421,5.9226451132022735
957577,300524,1779897,2080421,5.9226451132022735
957601,300541,1779942,2080483,5.9224598307718415
957642,300548,1779997,2080545,5.922504891065653
957648,300552,1780016,2080568,5.922489286379728
957659,300552,1780042,2080594,5.922575793872608
957696,300556,1780084,2080640,5.922636713291367
957714,300566,1780094,2080660,5.9224729343971045
957814,300621,1780320,2080941,5.92214116778269
957955,300683,1780555,2081238,5.92170159270727
957969,300689,1780562,2081251,5.9216067099228775
958366,300743,1781260,2082003,5.9228643725706
958374,300746,1781270,2082016,5.922838541493486
958398,300755,1781309,2082064,5.922790976043624
958423,300766,1781348,2082114,5.922704029045836
958437,300766,1781355,2082121,5.922727302953127
958456,300771,1781393,2082164,5.92275518583906
958477,300776,1781401,2082177,5.922683325797271
958504,300796,1781433,2082229,5.922395909520073
958547,300813,1781636,2082449,5.922736051965839
958638,300835,1781721,2082556,5.922585470440607
958650,300841,1781739,2082580,5.922527182132755
958673,300853,1781788,2082641,5.922453822963374
958696,300862,1781822,2082684,5.9223896670234195
958739,300876,1781926,2082802,5.92245975086082
958787,300884,1781963,2082847,5.922425253586099
958803,300884,1781992,2082876,5.922521636245198
958812,300889,1782007,2082896,5.922473071464893
958848,300914,1782051,2082965,5.922127252304645
958851,300915,1782062,2082977,5.922144127079076
958879,300933,1782105,2083038,5.921932789026129
959027,301027,1782347,2083374,5.920887495141632
959069,301059,1782416,2083475,5.920487346334108
959161,301100,1782537,2083637,5.920083028894055
959194,301130,1782594,2083724,5.919682529140238
959261,301140,1782787,2083927,5.9201268512983996
959390,301190,1782893,2084083,5.919495999203161
959466,301227,1783036,2084263,5.919243626899315
960447,301303,1783229,2084532,5.9183911212301235
960884,301579,1784072,2085651,5.915769997247819
963176,302083,1785619,2087702,5.911021143195744
963373,302104,1785674,2087778,5.9107923099330035
963452,302104,1785894,2087998,5.9115205359743666
963550,302104,1786184,2088288,5.912480470301618
963598,302130,1786267,2088397,5.912246384006885
963806,302259,1786718,2088977,5.911215216089513
964008,302361,1786972,2089333,5.91006115206657
964041,302388,1787015,2089403,5.90967564850457
964053,302391,1787044,2089435,5.909712921350173
964066,302396,1787068,2089464,5.909694572679533
964087,302408,1787125,2089533,5.909648554271051
964116,302414,1787160,2089574,5.909647040150258
964186,302442,1787222,2089664,5.909304924580581
964202,302447,1787243,2089690,5.9092766666556455
964823,302466,1787957,2090423,5.911266059656292
964862,302478,1788019,2090497,5.91123651968077
968616,304348,1795041,2099389,5.897988486863722
968663,304379,1795106,2099485,5.897601345690735
968664,304379,1795112,2099491,5.897621057957349
968777,304456,1795291,2099747,5.896717423864204
968877,304497,1795553,2100050,5.89678387636003
968901,304499,1795555,2100054,5.896751713470324
969678,304499,1796693,2101192,5.900488999963875
969681,304499,1796702,2101201,5.900518556711188
969774,304540,1796797,2101337,5.900036120049911
969805,304551,1796845,2101396,5.899980627218429
972352,305441,1803689,2109130,5.905196093517242
972365,305444,1803693,2109137,5.905151189743456
972435,305488,1803800,2109288,5.904650919185042
972443,305488,1803829,2109317,5.9047458492641285
972444,305488,1803829,2109317,5.9047458492641285
973038,305488,1805438,2110926,5.910012831927932
973342,305627,1805839,2111466,5.908636998694487
973367,305636,1805898,2111534,5.908656048371265
973408,305645,1805945,2111590,5.908635835691734
973451,305657,1806040,2111697,5.908714670365802
973547,305657,1806260,2111917,5.9094344314051375
973589,305663,1806326,2111989,5.909534356464472
973590,305663,1806328,2111991,5.909540899618207
973675,305689,1806399,2112088,5.909270533123534
973733,305713,1806485,2112198,5.909087935416551
973795,305757,1806627,2112384,5.908702008457697
973810,305771,1806649,2112420,5.9085034224959205
974696,305771,1810431,2116202,5.920872155959852
974892,305827,1810703,2116530,5.920677376425234
975082,305827,1811273,2117100,5.922541175239596
975092,305827,1811301,2117128,5.922632730269074
994876,305829,1870647,2176476,6.116643614568925
994992,305884,1870810,2176694,6.1160766826640165
995010,305886,1870824,2176710,6.116082462093721
995046,305897,1870928,2176825,6.116202512610454
995106,305921,1871014,2176935,6.1160038049038805
995122,305929,1871037,2176966,6.115919053113631
995350,305981,1871164,2177145,6.115294740523105
995359,305988,1871197,2177185,6.115262690040132
995361,305988,1871202,2177190,6.115279030550218
995389,306004,1871241,2177245,6.115086730892407
995440,306035,1871308,2177343,6.114686228699332
995465,306042,1871326,2177368,6.11460518490926
995510,306071,1871578,2177649,6.1148491689836675
995526,306071,1871604,2177675,6.114934116593862
995556,306079,1871645,2177724,6.1149082426432395
995645,306125,1871726,2177851,6.114253981216823
995690,306150,1871819,2177969,6.114058468071207
995708,306156,1871859,2178015,6.114069298004939
995797,306182,1872049,2178231,6.114170656668256
995814,306183,1872060,2178243,6.114186613887773
995838,306194,1872101,2178295,6.114100864158018
996124,306283,1872375,2178658,6.113218820502607
996202,306329,1872494,2178823,6.11268929810759
996221,306337,1872552,2178889,6.112718999010894
996280,306337,1872552,2178889,6.112718999010894
996383,306380,1872678,2179058,6.112272341536654
996426,306380,1872786,2179166,6.11262484496377
996468,306388,1872814,2179202,6.112556627544159
996478,306388,1872814,2179202,6.112556627544159
996482,306388,1872842,2179230,6.112648014935311
996557,306408,1872945,2179353,6.112585180543589
996841,306582,1874663,2181245,6.11471971609553
997240,306654,1875354,2182008,6.115537380891819
997320,306678,1875474,2182152,6.115450081192652
997397,306725,1875573,2182298,6.114835764936018
997538,306777,1875817,2182594,6.114594640406549
997607,306777,1875949,2182726,6.115024920381906
997618,306785,1875962,2182747,6.114907834476914
997647,306792,1876002,2182794,6.114898693577407
998057,306792,1876857,2183649,6.117685598059923
998168,306792,1877073,2183865,6.118389658139717
998198,306800,1877126,2183926,6.118402868318123
998234,306817,1877169,2183986,6.118204010859894
998243,306819,1877189,2184008,6.118229314351458
998277,306840,1877230,2184070,6.117944205449094
998775,306930,1877788,2184718,6.117968266379957
998795,306934,1877815,2184749,6.11797650309187
998844,306957,1877914,2184871,6.117840609596784
998883,306977,1877978,2184955,6.117650508018516
998924,307000,1878073,2185073,6.117501628664495
999366,307016,1879105,2186121,6.120544206165151
999383,307024,1879123,2186147,6.120443352962635
999389,307030,1879139,2186169,6.120375859036576
999412,307039,1879161,2186200,6.120268109262993
999456,307042,1879277,2186319,6.120586108740824
999905,307047,1879813,2186860,6.122232101274398
999921,307057,1879843,2186900,6.122130418782181
999958,307087,1879890,2186977,6.121685385574772
999996,307107,1879946,2187053,6.121469064527998
1000047,307119,1879968,2187087,6.121301515047913
1000089,307121,1880053,2187174,6.121538416454753
1001238,307168,1882659,2189827,6.129085712053339
1001280,307183,1882730,2189913,6.129017556310083
1001501,307278,1882934,2190212,6.127786564609246
1001854,307386,1883562,2190948,6.127676602057348
1001880,307401,1883604,2191005,6.127514224091659
1001896,307413,1883640,2191053,6.127392140215281
1001929,307418,1883669,2191087,6.127386815345881
1001961,307435,1883721,2191156,6.12721713532942
1001974,307446,1883766,2191212,6.127144278995336
1002025,307484,1883852,2191336,6.126666753392047
1002087,307509,1883915,2191424,6.126373537034689
1002096,307511,1883930,2191441,6.12638247087096
1002156,307523,1884010,2191533,6.126403553555344
1002166,307528,1884024,2191552,6.12634947061731
1002232,307528,1884180,2191708,6.126856741499961
1002242,307528,1884196,2191724,6.126908769282797
1002272,307537,1884239,2191776,6.126869287272751
1002345,307551,1884355,2191906,6.126967559851862
1002742,307720,1884898,2192618,6.125367216950474
1002751,307724,1884907,2192631,6.125316842365236
1002802,307778,1884998,2192776,6.124537816218183
1002813,307787,1885015,2192802,6.124413961603317
1002924,307840,1885257,2193097,6.12414566008316
1002958,307847,1885312,2193159,6.124185065958089
1002971,307857,1885334,2193191,6.124057598170579
1002983,307867,1885345,2193212,6.123894408949319
1003169,307947,1885602,2193549,6.123138072460521
1003195,307966,1885654,2193620,6.122929154517057
1003212,307966,1885672,2193638,6.122987602527552
1003221,307966,1885672,2193638,6.122987602527552
1003224,307967,1885675,2193642,6.1229774618709145
1003233,307969,1885691,2193660,6.122989651555838
1003295,307988,1885784,2193772,6.122913879761549
1003392,307991,1886192,2194183,6.124178953281103
1003439,308004,1886234,2194238,6.124056830430773
1003455,308004,1886234,2194238,6.124056830430773
1003476,308013,1886270,2194283,6.123994766454663
1003484,308023,1886295,2194318,6.123877113072725
1003615,308036,1886532,2194568,6.124388058538613
1003654,308051,1886604,2194655,6.1243235697985074
1003657,308052,1886610,2194662,6.124323166218691
1003684,308067,1886638,2194705,6.124115857914025
1003698,308071,1886667,2194738,6.124130476416151
1003731,308092,1886735,2194827,6.1239337600457
1003845,308173,1887001,2195174,6.123187300639576
1003869,308173,1887022,2195195,6.123255444182326
1003974,308225,1887321,2195546,6.123192473031065
1009118,308319,1916897,2225216,6.217252261456479
1009158,308328,1917067,2225395,6.217622142653278
1009304,308421,1917329,2225750,6.216596794641092
1009382,308487,1917515,2226002,6.215869712500041
1009386,308487,1917520,2226007,6.215885920638471
1009540,308608,1917740,2226348,6.214161654914973
1009556,308608,1917766,2226374,6.214245904189133
1009588,308625,1917844,2226469,6.214156338598623
1009595,308630,1917863,2226493,6.214117227748437
1009655,308642,1918116,2226758,6.214695342824372
1009682,308647,1918182,2226829,6.214808502917572
1009752,308683,1918279,2226962,6.21439794222552
1009833,308729,1918447,2227176,6.214016175999015
1009896,308729,1918574,2227303,6.214427540010819
1009909,308735,1918585,2227320,6.2143423972014835
1009930,308740,1918602,2227342,6.214296819330181
1010065,308797,1918831,2227628,6.213891326664443
1010424,308805,1919882,2228687,6.2171337899321575
1010439,308805,1919910,2228715,6.217224462039151
1010725,308815,1920289,2229104,6.218250408820815
1010748,308821,1920309,2229130,6.21819435854427
1011749,308827,1922006,2230833,6.223568535134557
1011808,308871,1922095,2230966,6.222970107261608
1011857,308881,1922150,2231031,6.222946701156756
1011910,308887,1922308,2231195,6.2233373369549385
1011955,308929,1922397,2231326,6.222779344121141
1011985,308939,1922440,2231379,6.222717105965903
1012038,308988,1922549,2231537,6.222083058241744
1012464,308988,1923362,2232350,6.224714228384274
1012509,308988,1923465,2232453,6.225047574663094
1012546,309025,1923557,2232582,6.224599951460238
1012682,309057,1923808,2232865,6.224767599504299
1012705,309066,1923871,2232937,6.224790174266985
1012730,309073,1923886,2232959,6.224697725132898
1012753,309079,1923915,2232994,6.224670715254029
1012760,309082,1923925,2233007,6.22464265146466
1012780,309082,1923946,2233028,6.224710594599491
1012793,309088,1923964,2233052,6.224647996687028
1012874,309088,1924019,2233107,6.224825939538254
1012899,309107,1924077,2233184,6.22463095303568
1013055,309172,1924274,2233446,6.223959478866133
1013066,309181,1924291,2233472,6.2238332885914724
1013094,309193,1924381,2233574,6.22388281752821
1013253,309203,1924692,2233895,6.224687341325925
1013279,309205,1924707,2233912,6.224695590304167
1013283,309205,1924712,2233917,6.2247117608059375
1013314,309213,1924718,2233931,6.224570118332671
1013397,309242,1924851,2234093,6.224416476416528
1013555,309320,1925447,2234767,6.224773697142118
1013605,309363,1925540,2234903,6.2242091006358224
1013646,309371,1925599,2234970,6.224238858845852
1013765,309371,1925826,2235197,6.224972605706418
1013858,309439,1926011,2235450,6.224202508410381
1014082,309439,1926324,2235763,6.2252140163327825
1014144,309509,1926476,2235985,6.224297193296479
1014183,309528,1926513,2236041,6.224034659223075
1015008,309528,1928061,2237589,6.229035822284252
1015071,309545,1928170,2237715,6.229045857629747
1015132,309585,1928266,2237851,6.228551124893002
1015145,309590,1928276,2237866,6.228482832132821
1015893,309590,1930123,2239713,6.234448787105527
1016052,309643,1930574,2240217,6.234838184619061
1016080,309656,1930612,2240268,6.234699150024543
1016129,309660,1930718,2240378,6.234960924885358
1016180,309687,1930756,2240443,6.234540035584316
1016189,309690,1930782,2240472,6.234563595853919
1016226,309718,1930838,2240556,6.234180770894814
1016247,309729,1930878,2240607,6.234088509632614
1016358,309831,1931167,2240998,6.232968941132424
1016423,309831,1931357,2241188,6.233582178671599
1016629,309934,1931703,2241637,6.232626946382133
1016653,309938,1931732,2241670,6.232640076402377
1016679,309938,1931758,2241696,6.232723964147668
1016690,309941,1931763,2241704,6.2326797680848935
1016768,309996,1931836,2241832,6.231809442702486
1016795,310004,1931952,2241956,6.23202281260887
1016906,310004,1932168,2242172,6.232719577811899
1016929,310004,1932242,2242246,6.232958284409233
1017133,310076,1932525,2242601,6.232423663875953
1017190,310076,1932525,2242601,6.232423663875953
1018167,310591,1934064,2244655,6.227044569868412
1018437,310748,1934590,2245338,6.225591154247171
1018509,310778,1934703,2245481,6.2253537895217805
1018554,310796,1934768,2245564,6.22520238355706
1018609,310827,1934898,2245725,6.22499975870822
1018682,310862,1935081,2245943,6.224887570690531
1019892,310981,1938176,2249157,6.232457931513501
1020009,311045,1938280,2249325,6.23150991014162
1020174,311054,1939219,2250273,6.234348376809171
1020206,311072,1939265,2250337,6.234135505606419
1020325,311149,1939491,2250640,6.233319085068568
1020343,311152,1939522,2250674,6.23335861572479
1020505,311268,1939951,2251219,6.232413868434918
1020816,311352,1940165,2251517,6.231419743569979
1020847,311363,1940205,2251568,6.23132806402816
1020870,311369,1940221,2251590,6.231259373926114
1020916,311382,1940260,2251642,6.231124470907117
1021110,311537,1940689,2252226,6.229401323117318
1021138,311558,1940740,2252298,6.229145135095231
1021179,311559,1940892,2252451,6.229613010697813
1021215,311566,1940932,2252498,6.22960143276224
1021271,311570,1941064,2252634,6.229945116667202
1021341,311625,1941168,2252793,6.229179302045728
1021366,311629,1941189,2252818,6.229166733519666
1021761,311787,1941828,2253615,6.228059540647942
1021764,311787,1941834,2253621,6.228078784554841
1021793,311796,1941871,2253667,6.228017678225506
1021820,311803,1941902,2253705,6.227977280526487
1021931,311833,1942195,2254028,6.228317721344437
1021969,311845,1942222,2254067,6.228164633070917
1022003,311856,1942272,2254128,6.2281052793597045
1022427,311967,1942545,2254512,6.226764369308293
1022445,311967,1942604,2254571,6.226953491875744
1022465,311979,1942679,2254658,6.226954378339568
1022703,311996,1943475,2255471,6.229166399569225
1022900,312016,1943863,2255879,6.230010640479976
1023492,312022,1943926,2255948,6.2300927498702015
1023590,312037,1944277,2256314,6.230918128298888
1023710,312093,1944485,2256578,6.230466559647285
1023907,312177,1944860,2257037,6.229991319027347
1023993,312177,1944959,2257136,6.230308446810623
1024024,312177,1945039,2257216,6.230564711685998
1024045,312184,1945075,2257259,6.230540322373985
1024429,312305,1945314,2257619,6.228891628376107
1024495,312335,1945392,2257727,6.228543070741352
1024498,312337,1945407,2257744,6.228551212312342
1024562,312337,1945582,2257919,6.229111504560779
1024611,312372,1945677,2258049,6.22871768276286
1024713,312417,1946012,2258429,6.228892793926067
1024747,312431,1946054,2258485,6.228748107582154
1024778,312441,1946113,2258554,6.228737585656172
1024907,312500,1946361,2258861,6.2283552
1024958,312519,1946449,2258968,6.228258121906188
1024963,312521,1946461,2258982,6.22825666115237
1025033,312582,1946606,2259188,6.227505102661062
1025093,312596,1946666,2259262,6.227418137148268
1025123,312607,1946707,2259314,6.227330162152479
1025178,312624,1946738,2259362,6.227090690414044
1025361,312624,1947104,2259728,6.228261425866216
1025372,312627,1947116,2259743,6.228240043246425
1025404,312636,1947177,2259813,6.2282558630484015
1026697,312675,1948041,2260716,6.230242264331974
1026706,312676,1948046,2260722,6.230238329772672
1026729,312689,1948088,2260777,6.2301136272782225
1026751,312689,1948112,2260801,6.230190380857657
1026776,312705,1948159,2260864,6.230021905629907
1027067,312833,1948438,2261271,6.228364654624032
1027262,312853,1948890,2261743,6.229411257044043
1027267,312854,1948893,2261747,6.229400934621261
1027283,312858,1948910,2261768,6.229375627281386
1027452,312961,1949353,2262314,6.22874096133384
1027506,312969,1949414,2262383,6.228776652000677
1027736,313062,1949623,2262685,6.227593895138982
1027840,313150,1949819,2262969,6.226469742934696
1027892,313174,1949870,2263044,6.226155427972948
1028308,313196,1950503,2263699,6.2277391792998635
1028426,313231,1950680,2263911,6.227608378481057
1028467,313244,1950751,2263995,6.227576585664849
1028538,313244,1950923,2264167,6.2281256783849015
1028569,313256,1950968,2264224,6.228030748014404
1028739,313260,1951104,2264364,6.228385366787972
1028759,313273,1951122,2264395,6.228184363159289
1028767,313273,1951122,2264395,6.228184363159289
1028802,313281,1951263,2264544,6.228475394294579
1029154,313328,1952079,2265407,6.230145406730327
1029184,313348,1952121,2265469,6.229881792767147
1029506,313390,1952760,2266150,6.2310858674495035
1029677,313451,1953043,2266494,6.230776102165889
1029708,313463,1953102,2266565,6.2307257953889295
1029761,313491,1953178,2266669,6.230411718358741
1029783,313525,1953230,2266755,6.229901921696834
1030397,313592,1955845,2269437,6.236909742595475
1030419,313594,1955852,2269446,6.23689228747999
1030432,313596,1955877,2269473,6.23693223127846
1030627,313664,1955990,2269654,6.235940369312385
1030752,313718,1956298,2270016,6.235848755889047
1030761,313718,1956318,2270036,6.235912507411115
1030873,313762,1956419,2270181,6.23535992248902
1030904,313784,1956467,2270251,6.235075720878056
1031028,313844,1956613,2270457,6.234348912198417
1031063,313853,1956645,2270498,6.234272095535171
1031274,313925,1957105,2271030,6.234307557537629
1031308,313948,1957157,2271105,6.2340164613248055
1031366,313955,1957202,2271157,6.234020799159115
1032097,314560,1959299,2273859,6.228697227873855
1032343,314573,1959716,2274289,6.229765428056445
1032373,314585,1959733,2274318,6.22958183003004
1032663,314767,1960142,2274909,6.227279225585909
1032682,314773,1960161,2274934,6.227220886162409
1032701,314777,1960204,2274981,6.227278358965235
1033036,314955,1960661,2275616,6.2252099506278675
1033071,314961,1960668,2275629,6.225113585491537
1033637,314983,1961321,2276304,6.226751919944886
1034216,315309,1962163,2277472,6.222984437488305
1034665,315507,1962925,2278432,6.221494293312034
1034904,315507,1963384,2278891,6.222949094631815
1034949,315542,1963472,2279014,6.222537728733418
1034964,315546,1963509,2279055,6.222576106177863
1035390,315546,1964322,2279868,6.225152592648932
1036743,315554,1967423,2282977,6.234821932220792
1036974,315568,1967780,2283348,6.2356766212036705
1037105,315667,1968299,2283966,6.235365115770733
1037122,315690,1968332,2284022,6.2350153631727325
1037198,315731,1968477,2284208,6.234664952126969
1037291,315744,1968650,2284394,6.234956167021385
1037444,315769,1968790,2284559,6.23490589639895
1037838,315769,1969563,2285332,6.237353888443767
1037861,315784,1969602,2285386,6.23718111113926
1038163,315784,1969764,2285548,6.2376941200314135
1038186,315793,1969826,2285619,6.237712678875086
1038276,315824,1969862,2285686,6.237214397892497
1038330,315847,1969965,2285812,6.2370863107770536
1038362,315865,1970010,2285875,6.236873347790986
1038388,315888,1970071,2285959,6.236612343615459
1038521,315912,1970161,2286073,6.23642343437413
1038527,315916,1970164,2286080,6.236353967510351
1038560,315924,1970212,2286136,6.236347982426153
1038623,315962,1970316,2286278,6.235927105158215
1038648,315969,1970373,2286342,6.235969351423716
1038681,315990,1970455,2286445,6.2358144245071045
1038694,315996,1970464,2286460,6.2357245028418085
1038837,316011,1970607,2286618,6.235881029457835
1038904,316052,1970726,2286778,6.235448597066306
1039043,316146,1970894,2287040,6.234126005073605
1039053,316152,1970906,2287058,6.2340456489283635
1039076,316169,1970936,2287105,6.233805338284272
1039077,316169,1970938,2287107,6.233811664015131
1039085,316176,1970958,2287134,6.233736906027023
1039126,316176,1971029,2287205,6.233961464500784
1039146,316178,1971036,2287214,6.2339441706886625
1039156,316178,1971052,2287230,6.2339947750950415
1039254,316178,1971342,2287520,6.234911979960655
1039754,316207,1971902,2288109,6.236111155034519
1039864,316211,1972238,2288449,6.23709485122276
1039910,316237,1972315,2288552,6.236825545397914
1040155,316248,1972942,2289190,6.238591232197516
1040714,316559,1974214,2290773,6.236480403337135
1040730,316559,1974252,2290811,6.236600444151011
1040807,316559,1974408,2290967,6.237093243281663
1041643,316567,1976092,2292659,6.242255194003166
1041943,316631,1976250,2292881,6.2414924628352875
1041978,316635,1976288,2292923,6.241533627046915
1042579,317097,1977408,2294505,6.235971958107456
1042582,317097,1977413,2294510,6.235987726153196
1042793,317157,1977541,2294698,6.235211582906889
1042850,317192,1977629,2294821,6.2348010038084185
1043125,317256,1978276,2295532,6.235582620974859
1043171,317265,1978300,2295565,6.235481379918995
1043213,317284,1978404,2295688,6.235435761021671
1043226,317285,1978415,2295700,6.23545077769198
1043250,317285,1978436,2295721,6.235516964243503
1043290,317297,1978496,2295793,6.235470237663766
1043373,317318,1978653,2295971,6.235552348117661
1043407,317329,1978714,2296043,6.235528426333553
1043856,317329,1979255,2296584,6.237233281546912
1043959,317329,1979424,2296753,6.237765851844616
1044218,317329,1979920,2297249,6.239328898398822
1044564,317329,1980250,2297579,6.240368828565936
1044589,317344,1980289,2297633,6.240196758092165
1044648,317366,1980383,2297749,6.240060371936503
1044747,317385,1980587,2297972,6.240329568190053
1044824,317411,1980748,2298159,6.240325634587333
1044917,317467,1980908,2298375,6.239728853707629
1044955,317485,1980950,2298435,6.2395073783013375
1044966,317489,1980960,2298449,6.2394602647650785
1044984,317490,1980965,2298455,6.239456360830262
1045042,317491,1981031,2298522,6.239644588350536
1045065,317494,1981062,2298556,6.239683269605095
1045081,317501,1981137,2298638,6.239781921946703
1045121,317535,1981210,2298745,6.2393436943958935
1045144,317539,1981255,2298794,6.239406813021392
1045204,317539,1981297,2298836,6.239539080238963
1045248,317564,1981348,2298912,6.239208474512225
1045273,317573,1981423,2298996,6.239267821886622
1045640,317577,1981728,2299305,6.24014963300239
1045799,317613,1982024,2299637,6.24037429198427
1045827,317630,1982053,2299683,6.240131599659982
1045844,317637,1982090,2299727,6.240110566464234
1045868,317650,1982124,2299774,6.2399622225720135
1045889,317657,1982157,2299814,6.239928602234485
1045921,317669,1982182,2299851,6.239771586147846
1046009,317677,1982306,2299983,6.24000478473418
1046095,317677,1982306,2299983,6.24000478473418
1046190,317679,1982585,2300264,6.240843744786404
1046211,317690,1982612,2300302,6.240712644401776
1046372,317809,1982830,2300639,6.239061826442926
1046376,317813,1982834,2300647,6.238995887518761
1046444,317866,1982921,2300787,6.238229316756117
1046478,317866,1982967,2300833,6.238374031824732
1046533,317876,1983052,2300928,6.238445179881463
1046669,317965,1983216,2301181,6.2372147877911095
1046688,317965,1983231,2301196,6.237261962794647
1046872,318054,1983628,2301682,6.236764826098713
1046880,318060,1983665,2301725,6.236763503741432
1046916,318088,1983715,2301803,6.236371695882901
1046962,318128,1983828,2301956,6.235942765176281
1047005,318156,1983909,2302065,6.2356485497680385
1047005,318241,1984017,2302258,6.2343224160306185
1047119,318298,1984202,2302500,6.2337872057003185
1047172,318317,1984265,2302582,6.233613033548318
1047196,318336,1984302,2302638,6.23335720747889
1047275,318375,1984445,2302820,6.2330427954456225
1047688,318375,1985408,2303783,6.236067530427954
1047710,318375,1985432,2303807,6.2361429132312525
1047749,318409,1985475,2303884,6.235612058704371
1047786,318434,1985531,2303965,6.235298366380475
1047827,318443,1985599,2304042,6.235335680168822
1047856,318449,1985623,2304072,6.2352935634905435
1047969,318522,1985841,2304363,6.23454894795336
1048092,318549,1985927,2304476,6.234290485922103
1048317,318652,1986205,2304857,6.233147759938742
1048337,318667,1986222,2304889,6.232907706163488
1048432,318667,1986442,2305109,6.233598082010374
1049643,318667,1989230,2307897,6.242347026833654
1050051,318961,1989971,2308932,6.2389163565451575
1050358,318968,1990562,2309530,6.240632289132452
1050443,319022,1990672,2309694,6.239920757816075
1050499,319022,1990756,2309778,6.240184062541141
1050676,319129,1991074,2310203,6.239088268380498
1050711,319140,1991087,2310227,6.238913956257442
1050721,319142,1991089,2310231,6.238881125016451
1050735,319146,1991122,2310268,6.238906331271581
1050744,319152,1991136,2310288,6.238832907204091
1050836,319214,1991314,2310528,6.238178776620073
1050883,319214,1991386,2310600,6.2384043306371275
1051224,319493,1991939,2311432,6.234687457941176
1051268,319513,1991995,2311508,6.2344724627792925
1051278,319516,1992001,2311517,6.234432704465504
1051302,319521,1992014,2311535,6.234375831322511
1051348,319551,1992147,2311698,6.23420674634096
1051365,319559,1992172,2311731,6.234128908902582
1051897,319594,1993455,2313049,6.237460653203752
1051898,319594,1993457,2313051,6.237466911143513
1052057,319594,1993778,2313372,6.238471310475165
1052123,319612,1993879,2313491,6.238435978624081
1052143,319615,1993927,2313542,6.238527603522988
1052169,319634,1994004,2313638,6.238397667332011
1052201,319654,1994053,2313707,6.238160636187878
1052229,319679,1994095,2313774,6.237804172310349
1052314,319711,1994233,2313944,6.237611467856908
1052370,319727,1994342,2314069,6.237640236827043
1052560,319824,1994671,2314495,6.236777102406323
1052643,319862,1994941,2314803,6.236880279620586
1052663,319873,1994967,2314840,6.236747083998962
1052710,319875,1995059,2314934,6.236995701445878
1052742,319898,1995126,2315024,6.23675671620329
1054698,319898,1998787,2318685,6.248200989065264
1054742,319911,1998825,2318736,6.248065868319626
1054742,319911,1998858,2318769,6.248169022009247
1054782,319931,1998906,2318837,6.247928459574096
1054812,319947,1998984,2318931,6.247859801779669
1054832,319955,1999019,2318974,6.247812973699427
1055022,320035,1999225,2319260,6.246894870873498
1055218,320187,1999536,2319723,6.244900636190726
1055350,320259,1999722,2319981,6.244077449814057
1055368,320267,1999756,2320023,6.244027639438344
1055395,320270,1999786,2320056,6.244062821993943
1055535,320321,1999931,2320252,6.243521342653151
1055799,320384,2000394,2320778,6.24373876348382
1055908,320478,2000618,2321096,6.242606356754598
1056059,320582,2000964,2321546,6.241660480001997
1056089,320592,2001006,2321598,6.241596795927534
1056114,320597,2001051,2321648,6.241639815718799
1056117,320597,2001060,2321657,6.2416678883458045
1056161,320614,2001105,2321719,6.241477290448951
1056243,320652,2001460,2322112,6.241844741339521
1056273,320661,2001572,2322233,6.242018829854581
1056282,320662,2001589,2322251,6.242052379140652
1056306,320678,2001625,2322303,6.241853198535603
1056360,320685,2001727,2322412,6.242035018787907
1056378,320688,2001756,2322444,6.242067055829966
1056389,320696,2001777,2322473,6.241976825404745
1056402,320703,2001789,2322492,6.241877999270353
1056482,320703,2001922,2322625,6.242292713195698
1056845,320778,2002238,2323016,6.241818329187164
1056991,320802,2002435,2323237,6.24196544909321
1057127,320880,2002799,2323679,6.241582523061581
1057158,320893,2002849,2323742,6.241485479583537
1057294,320893,2003208,2324101,6.242604232563503
1057300,320893,2003219,2324112,6.2426385119027215
1057305,320897,2003232,2324129,6.242601208487459
1057326,320904,2003254,2324158,6.2425335926009025
1057415,320975,2003407,2324382,6.2416294103902175
1057537,320975,2003594,2324569,6.2422120102811745
1057556,320983,2003629,2324612,6.2421654729378195
1058107,321012,2004069,2325081,6.242972225337371
1058169,321047,2004133,2325180,6.24249097484169
1058184,321052,2004180,2325232,6.24254014925931
1058201,321059,2004223,2325282,6.242537975886052
1058274,321071,2004346,2325417,6.242687754421919
1058282,321073,2004352,2325425,6.242667555353456
1058405,321153,2004517,2325670,6.2416262653626156
1058425,321153,2004538,2325691,6.241691654756456
1058446,321174,2004573,2325747,6.241392516206169
1058478,321182,2004593,2325775,6.241299325616006
1058500,321198,2004631,2325829,6.241106731673298
1058749,321200,2004910,2326110,6.241936488169365
1058798,321208,2004945,2326153,6.241889990286668
1058834,321226,2005030,2326256,6.241804835225044
1059032,321327,2005320,2326647,6.24074540888254
1059055,321336,2005347,2326683,6.240654641870192
1059086,321340,2005378,2326718,6.240673430011825
1059115,321357,2005442,2326799,6.24054244967435
1059142,321381,2005476,2326857,6.240182213634284
1061541,321412,2010627,2332039,6.255606511269026
1061556,321412,2010650,2332062,6.2556780705138575
1062029,321835,2012188,2334023,6.252234840834589
1062043,321835,2012236,2334071,6.252383985582674
1062071,321842,2012261,2334103,6.252325675331374
1062323,322023,2012847,2334870,6.250631166096832
1062354,322035,2012864,2334899,6.2504510379306595
1062392,322067,2012922,2334989,6.250010091068008
1062401,322069,2012938,2335007,6.250020958241867
1062433,322095,2013002,2335097,6.249715146152533
1062459,322104,2013032,2335136,6.249633658694086
1062584,322160,2013222,2335382,6.249137074745468
1062604,322160,2013263,2335423,6.2492643407002735
1063030,322160,2014076,2336236,6.251787931462627
1063052,322160,2014121,2336281,6.251927613608145
1063118,322160,2014121,2336281,6.251927613608145
1063157,322201,2014224,2336425,6.25145173354521
1063177,322203,2014231,2336434,6.251434654550081
1063192,322211,2014248,2336459,6.251332201569779
1063227,322226,2014307,2336533,6.251224295991013
1063274,322262,2014374,2336636,6.2507338749216474
1063380,322282,2014713,2336995,6.2513978441240905
1063768,322392,2015078,2337470,6.250397032184422
1063818,322417,2015170,2337587,6.250197725306048
1063916,322459,2015296,2337755,6.24977438992244
1063982,322491,2015501,2337992,6.249789916617828
1064019,322508,2015540,2338048,6.249581405732571
1064040,322517,2015557,2338074,6.2494597184024405
1064195,322523,2015673,2338196,6.249703121947892
1064282,322523,2015904,2338427,6.250419349937834
1064333,322549,2015995,2338544,6.250197644388915
1064454,322623,2016186,2338809,6.249356059549381
1064462,322623,2016186,2338809,6.249356059549381
1064602,322623,2016447,2339070,6.250165053328498
1064607,322630,2016474,2339104,6.250113132690698
1064727,322702,2016703,2339405,6.249428265086674
1064787,322712,2016796,2339508,6.249522794318153
1065016,322851,2017212,2340063,6.248120650083165
1065198,322913,2017556,2340469,6.247986299715404
1065282,322952,2017751,2340703,6.247835591666873
1065327,322960,2017837,2340797,6.247947114193709
1065384,322969,2017906,2340875,6.247986648873422
1065800,323003,2018614,2341617,6.249520902282641
1065891,323060,2018868,2341928,6.2492044821395405
1065967,323126,2019069,2342195,6.248550101198913
1066003,323126,2019110,2342236,6.248676986686308
1066028,323126,2019153,2342279,6.248810061709674
1066055,323140,2019197,2342337,6.248675496688742
1066076,323153,2019214,2342367,6.248476727741967
1066280,323172,2019587,2342759,6.2492635500600295
1066480,323222,2019693,2342915,6.248624784204045
1066501,323229,2019760,2342989,6.248696744413404
1066548,323236,2019819,2343055,6.2487439517875485
1066570,323243,2019842,2343085,6.248679785795826
1066580,323246,2019850,2343096,6.248646541643207
1066590,323246,2019850,2343096,6.248646541643207
1066628,323274,2019917,2343191,6.24831257694711
1066691,323284,2019991,2343275,6.248348201581273
1066802,323284,2020207,2343491,6.249016344761881
1066833,323284,2020267,2343551,6.249201940089828
1066861,323298,2020349,2343647,6.249184962480436
1066889,323307,2020368,2343675,6.249069769599792
1066988,323327,2020589,2343916,6.2493667401732615
1067073,323364,2020693,2344057,6.24897329325466
1067152,323441,2020860,2344301,6.248001953988517
1067202,323475,2020931,2344406,6.247564726794961
1067217,323478,2020955,2344433,6.247580979231972
1067421,323540,2021188,2344728,6.2471039129628485
1067422,323540,2021192,2344732,6.247116276194597
1067442,323549,2021221,2344770,6.247032134236236
1067476,323564,2021272,2344836,6.246900149584008
1067562,323640,2021401,2345041,6.245831788406872
1067604,323658,2021455,2345113,6.24565127387551
1067692,323665,2021506,2345171,6.2456737676301115
1068139,323700,2022370,2346070,6.247667593450726
1068211,323727,2022571,2346298,6.247767408958783
1069515,324161,2024279,2348440,6.244671629221282
1069746,324161,2024570,2348731,6.245569331289082
1069834,324164,2024819,2348983,6.246279660912378
1069845,324164,2024829,2348993,6.246310509495194
1069901,324185,2024892,2349077,6.246100220553079
1069992,324215,2024994,2349209,6.245836867510757
1070016,324235,2025040,2349275,6.245593473869262
1070080,324252,2025119,2349371,6.245509665322033
1070123,324269,2025352,2349621,6.245900779908039
1070198,324301,2025495,2349796,6.245725421753248
1070273,324346,2025587,2349933,6.245142532974047
1070344,324397,2025676,2350073,6.2444350595104146
1070345,324397,2025678,2350075,6.244441224795544
1070389,324412,2025736,2350148,6.244331282443313
1070452,324412,2025863,2350275,6.244722759947227
1070494,324432,2025919,2350351,6.244510405878581
1070497,324432,2025921,2350353,6.244516570498594
1070507,324438,2025949,2350387,6.244487390502962
1070543,324447,2025978,2350425,6.244403554355565
1070578,324473,2026023,2350496,6.244041877136156
1070599,324481,2026040,2350521,6.243940323162219
1071410,324486,2027744,2352230,6.249095492563623
1071461,324497,2027854,2352351,6.249222643044466
1071500,324503,2027903,2352406,6.249258096227154
1071547,324515,2028025,2352540,6.249402955179267
1071576,324530,2028063,2352593,6.249231195883278
1071991,324548,2028898,2353446,6.251457411538509
1072125,324615,2029174,2353789,6.251017359025307
1072142,324623,2029187,2353810,6.250903355584786
1072501,324623,2029904,2354527,6.25311207154145
1072781,324623,2030367,2354990,6.2545383413991
1072878,324640,2030567,2355207,6.254826885165106
1073001,324685,2030704,2355389,6.254381939418205
1073105,324730,2030831,2355561,6.253906322175346
1073270,324852,2031106,2355958,6.252404171745903
1073416,324931,2031336,2356267,6.251591876429149
1073490,324963,2031412,2356375,6.25121013776953
1073551,324976,2031492,2356468,6.251206242922554
1073587,324988,2031529,2356517,6.251089270988468
1073618,324992,2031567,2356559,6.2511292585663645
1073718,325010,2031750,2356760,6.25134611242731
1073722,325010,2031756,2356766,6.251364573397741
1073728,325019,2031769,2356788,6.251231466468115
1073767,325019,2031885,2356904,6.251588368679985
1073849,325056,2032021,2357077,6.251295161449105
1073868,325067,2032104,2357171,6.251338954738562
1073895,325082,2032158,2357240,6.251216616115318
1073957,325139,2032307,2357446,6.250578983142594
1074136,325148,2033346,2358494,6.253601436884127
1074218,325190,2033508,2358698,6.253291921645807
1074281,325190,2033609,2358799,6.2536025093022545
1074347,325232,2033752,2358984,6.253234614060117
1074540,325232,2034196,2359428,6.254599793378265
1074578,325243,2034256,2359499,6.254572734847483
1074664,325267,2034371,2359638,6.254464793538847
1074733,325293,2034517,2359810,6.254413713175507
1074751,325300,2034554,2359854,6.254392868121734
1074765,325300,2034580,2359880,6.254472794343683
1074788,325317,2034638,2359955,6.2543242437376465
1074793,325324,2034653,2359977,6.2542357772559045
1074820,325324,2034706,2360030,6.254398691765747
1074821,325324,2034706,2360030,6.254398691765747
1074848,325345,2034759,2360104,6.254157893927984
1074861,325350,2034777,2360127,6.254117104656523
1074936,325379,2034929,2360308,6.2540268425436185
1074974,325391,2034980,2360371,6.253952936620865
1075402,325391,2035888,2361279,6.256743425601814
1075406,325392,2035891,2361283,6.256733416924817
1075415,325394,2035905,2361299,6.256737985334702
1075538,325394,2036242,2361636,6.2577736528639125
1075628,325455,2036392,2361847,6.257061652148531
1075631,325456,2036395,2361851,6.257051644461924
1075799,325456,2036723,2362179,6.2580594611867655
1075808,325460,2036732,2362192,6.2580102009463525
1075838,325472,2036783,2362255,6.2579361665519615
1075872,325500,2036844,2362344,6.257585253456221
1075901,325517,2036899,2362416,6.257427415465244
1075929,325524,2036933,2362457,6.257397304039026
1075976,325535,2037056,2362591,6.257563702827653
1076009,325545,2037103,2362648,6.257515858022701
1076014,325547,2037111,2362658,6.2575019889601196
1076026,325549,2037153,2362702,6.257592559031052
1076076,325569,2037199,2362768,6.257349440517985
1076105,325572,2037279,2362851,6.257537503225093
1076277,325602,2037355,2362957,6.2571943661279725
1076286,325616,2037367,2362983,6.256962188590241
1076302,325616,2037393,2363009,6.257042037246327
1076311,325620,2037409,2363029,6.2570143111602485
1076461,325742,2037799,2363541,6.2558681410441395
1076467,325743,2037803,2363546,6.2558612157437
1076627,325743,2038079,2363822,6.256708509469122
1076692,325783,2038240,2364023,6.256434497809892
1076700,325783,2038240,2364023,6.256434497809892
1076711,325783,2038252,2364035,6.256471332144403
1076727,325783,2038278,2364061,6.256551139869177
1076809,325809,2038406,2364215,6.256444726818473
1076953,325882,2038583,2364465,6.255586377891384
1077004,325882,2038707,2364589,6.255966883718647
1077028,325893,2038735,2364628,6.255841641274897
1077298,325948,2039526,2365474,6.257212806950802
1077307,325950,2039542,2365492,6.257223500536893
1077354,325950,2039626,2365576,6.257481208774352
1077382,325965,2039649,2365614,6.257263816667433
1077396,325965,2039682,2365647,6.2573650545303945
1077407,325965,2039692,2365657,6.257395732670686
1077425,325971,2039716,2365687,6.25735418181372
1077489,325987,2039818,2365805,6.257359956071868
1079165,326019,2041985,2368004,6.263392624356249
1079223,326065,2042083,2368148,6.262809562510542
1079224,326065,2042083,2368148,6.262809562510542
1079348,326124,2042227,2368351,6.262118090051636
1079430,326202,2042448,2368650,6.261298213990104
1079432,326202,2042453,2368655,6.2613135419157455
1079456,326208,2042495,2368703,6.261327128703159
1079476,326208,2042590,2368798,6.261618353933686
1079642,326298,2042846,2369144,6.26067582394008
1079661,326313,2042875,2369188,6.260476904076761
1079669,326313,2042875,2369188,6.260476904076761
1079679,326313,2042907,2369220,6.2605749694311905
1079710,326322,2042962,2369284,6.260570847200005
1079734,326334,2042982,2369316,6.2604019195057825
1079914,326457,2043383,2369840,6.259271512021491
1080006,326507,2043587,2370094,6.258937786938718
1080014,326509,2043593,2370102,6.258917824623517
1080146,326552,2043855,2370407,6.258895979813322
1080435,326564,2044439,2371003,6.260454306047206
1080565,326614,2044658,2371272,6.260166434996663
1080795,326620,2048301,2374921,6.271205070112057
1080835,326629,2048331,2374960,6.271124119413769
1080876,326661,2048424,2375085,6.270794493373865
1080938,326690,2048549,2375239,6.27062046588509
1081108,326690,2048770,2375460,6.271296948177171
1081231,326732,2048858,2375590,6.270760133687548
1081305,326773,2049011,2375784,6.270441560349234
1081418,326775,2049344,2376119,6.271422232422921
1081495,326814,2049547,2376361,6.271294987362842
1081609,326814,2049839,2376653,6.272188461938595
1081767,326905,2050115,2377020,6.271286765268197
1081954,326923,2050457,2377380,6.271987593408846
1082126,326923,2050833,2377756,6.2731377113265205
1082197,326942,2051015,2377957,6.2733298260853605
1082282,326944,2051243,2378187,6.273988817656846
1082285,326944,2051252,2378196,6.274016345306841
1082465,326972,2051393,2378365,6.273910304246235
1082686,326972,2051952,2378924,6.275619930758597
1082712,326984,2051979,2378963,6.275472194358134
1082790,326994,2052073,2379067,6.275567747420442
1082922,327037,2052274,2379311,6.275357222577262
1083320,327223,2052870,2380093,6.2736115737585685
1083345,327234,2052918,2380152,6.27354736977209
1083605,327326,2053582,2380908,6.273812651607266
1083629,327337,2053626,2380963,6.273736241243734
1083668,327347,2053684,2381031,6.273721769254033
1083679,327352,2053694,2381046,6.273656492094137
1083706,327364,2053730,2381094,6.273536491489596
1083728,327371,2053793,2381164,6.273594790008889
1083839,327453,2053983,2381436,6.272604007292649
1084012,327559,2054324,2381883,6.271615189935249
1084088,327601,2054475,2382076,6.2712720657140855
1084105,327607,2054490,2382097,6.271202996272973
1084110,327608,2054493,2382101,6.271193011159679
1084158,327608,2054566,2382174,6.271415838441063
1084173,327614,2054603,2382217,6.271413920040047
1084187,327621,2054607,2382228,6.271292133288159
1084429,327767,2055045,2382812,6.269834974234746
1084556,327858,2055340,2383198,6.268994503718073
1084686,327932,2055851,2383783,6.269138113999244
1084723,327932,2055956,2383888,6.269458302330971
1084877,327989,2056141,2384130,6.2689327995755955
1084879,327989,2056151,2384140,6.268963288402965
1084892,327997,2056170,2384167,6.268868312819935
1085058,328156,2056611,2384767,6.26717475834664
1085300,328170,2056780,2384950,6.267422372550812
1085330,328181,2056813,2384994,6.267312854796591
1085394,328227,2057038,2385265,6.267120011455487
1085397,328231,2057045,2385276,6.267064963394683
1085440,328267,2057096,2385363,6.266533035608209
1085493,328298,2057165,2385463,6.266151484322171
1085551,328355,2057278,2385633,6.265407866485968
1085861,328402,2057915,2386317,6.266450874233409
1085886,328408,2057960,2386368,6.26647341112275
1086407,328682,2058819,2387501,6.263862943513791
1086458,328682,2058935,2387617,6.2642158682252145
1086527,328702,2059028,2387730,6.264117650637964
1086563,328726,2059059,2387785,6.263754616306589
1086574,328726,2059069,2387795,6.2637850367783505
1086585,328732,2059091,2387823,6.263737634303931
1086661,328788,2059186,2387974,6.262959718724527
1086760,328926,2059390,2388316,6.260952311462153
1086790,328955,2059449,2388404,6.260579714550622
1086825,328984,2059506,2388490,6.260201104005058
1087765,329188,2062577,2391765,6.265650631250228
1087820,329193,2062861,2392054,6.266418180216469
1087862,329203,2062993,2392196,6.266628797428942
1087885,329209,2063046,2392255,6.266675576913146
1087996,329209,2063303,2392512,6.267456236008129
1088093,329253,2063497,2392750,6.267207891803568
1088107,329253,2063523,2392776,6.267286858434091
1088157,329262,2063601,2392863,6.2673524427355725
1088206,329295,2063696,2392991,6.2670128608086975
1088216,329300,2063711,2393011,6.2669632553902215
1088276,329322,2063842,2393164,6.266942384656962
1088285,329324,2063858,2393182,6.266952909596628
1088304,329332,2063891,2393223,6.266900878141207
1088373,329358,2064000,2393358,6.2667371067349205
1088390,329358,2064045,2393403,6.266873736177654
1088451,329379,2064091,2393470,6.266613839983727
1088452,329379,2064091,2393470,6.266613839983727
1088488,329386,2064139,2393525,6.266626389706909
1088497,329393,2064159,2393552,6.266553934054458
1088564,329426,2064238,2393664,6.266165997826523
1088710,329456,2064609,2394065,6.266721504540818
1088791,329476,2064774,2394250,6.26684189440202
1088802,329476,2064797,2394273,6.266911702218067
1088835,329484,2064864,2394348,6.266962887423972
1089010,329543,2065173,2394716,6.266778538764289
1089033,329543,2065190,2394733,6.266830125355416
1089089,329574,2065284,2394858,6.2665258788618035
1089217,329613,2065517,2395130,6.26649130950539
1089265,329646,2065600,2395246,6.266115772677357
1089268,329646,2065609,2395255,6.266143074692246
1089318,329653,2065652,2395305,6.2661404567833445
1089324,329653,2065666,2395319,6.26618292568246
1089389,329673,2065759,2395432,6.266084878045821
1089961,329756,2066482,2396238,6.266700226834387
1089992,329756,2066521,2396277,6.2668184961001465
1090180,329756,2067015,2396771,6.268316573466442
1090211,329772,2067048,2396820,6.268112514100651
1090225,329776,2067064,2396840,6.268085003153656
1090260,329808,2067139,2396947,6.267704240042692
1090329,329808,2067223,2397031,6.267958933682627
1090371,329808,2067272,2397080,6.2681075049725905
1090383,329815,2067286,2397101,6.268016918575565
1090392,329815,2067286,2397101,6.268016918575565
1090425,329824,2067313,2397137,6.267927743281265
1090453,329840,2067350,2397190,6.2677358719379095
1090501,329840,2067421,2397261,6.267951127819549
1090755,329840,2068058,2397898,6.269882367208344
1090855,329867,2068340,2398207,6.270224059999939
1090877,329878,2068369,2398247,6.270102886521684
1091078,330029,2068765,2398794,6.2684339861042515
1091301,330047,2069329,2399376,6.2698009677409585
1091309,330054,2069345,2399399,6.269716470638138
1091330,330085,2069390,2399475,6.269263977460351
1091398,330118,2069570,2399688,6.269182534730006
1091439,330118,2069593,2399711,6.269252206786664
1091771,330118,2070215,2400333,6.271136381536299
1091786,330118,2070234,2400352,6.271193936713539
1091849,330159,2070349,2400508,6.270763480626002
1091898,330175,2070436,2400611,6.270723101385629
1091936,330190,2070482,2400672,6.270577546261244
1092027,330190,2070662,2400852,6.271122686937824
1092028,330190,2070664,2400854,6.271128744056452
1092756,330219,2071162,2401381,6.272086100436377
1092898,330281,2071395,2401676,6.271614170963513
1092931,330292,2071423,2401715,6.2714900754483915
1093172,330297,2071924,2402221,6.272911954998078
1093234,330340,2072029,2402369,6.272413271175153
1093364,330412,2072363,2402775,6.272057310267182
1093373,330414,2072379,2402793,6.2720677695255045
1093393,330433,2072457,2402890,6.271943177588195
1093421,330435,2072472,2402907,6.271950610558809
1093532,330435,2072736,2403171,6.272749557401607
1093544,330437,2072744,2403181,6.272735801378175
1093665,330437,2073084,2403521,6.273764741841864
1093791,330465,2073221,2403686,6.273647738792308
1093831,330497,2073277,2403774,6.273209741692058
1095961,330497,2081874,2412371,6.299222080684545
1096138,330497,2082141,2412638,6.300029954886126
1096200,330509,2082228,2412737,6.300064446051393
1096225,330524,2082277,2412801,6.299926782926504
1096336,330533,2082373,2412906,6.300045683789516
1096602,330533,2083214,2413747,6.302590059086385
1096611,330534,2083231,2413765,6.302622423109272
1096654,330544,2083277,2413821,6.302570913403359
1096924,330544,2083659,2414203,6.303726584055376
1096966,330553,2083709,2414262,6.303706213527029
1096998,330561,2083773,2414334,6.303747266011417
1097048,330585,2083849,2414434,6.303519518429451
1097074,330591,2083886,2414477,6.303517034644016
1097122,330605,2083976,2414581,6.303522330273287
1097132,330605,2083991,2414596,6.303567701637906
1097607,330952,2085254,2416206,6.3007747347047305
1097620,330966,2085279,2416245,6.300583745762404
1097632,330969,2085297,2416266,6.300581021183253
1097798,331088,2085646,2416734,6.299370560092785
1097852,331088,2085783,2416871,6.299784347363842
1097870,331095,2085804,2416899,6.2997145834277175
1097891,331101,2085839,2416940,6.299706131965775
1097913,331114,2085861,2416975,6.299525239041539
1097945,331138,2085909,2417047,6.299213620907295
1097985,331166,2085970,2417136,6.298865221671307
1098017,331184,2086014,2417198,6.298655732160974
1098128,331184,2086052,2417236,6.298770472003478
1098243,331184,2086310,2417494,6.299549495144693
1099707,331184,2088396,2419580,6.30584810860428
1099797,331255,2088564,2419819,6.305003698057388
1099814,331264,2088597,2419861,6.304932017967542
1100435,331264,2089330,2420594,6.307144754636785
1100455,331271,2089339,2420610,6.307038648115893
1100466,331273,2089362,2420635,6.307069999667948
1100591,331300,2089761,2421061,6.307760338062179
1100669,331316,2089810,2421126,6.307603617090632
1100744,331331,2089940,2421271,6.307710416471746
1100966,331348,2090505,2421853,6.3090919516641115
1101010,331373,2090600,2421973,6.308902656523012
1101152,331409,2090738,2422147,6.308633742596006
1101208,331409,2090782,2422191,6.308766509056785
1101357,331463,2091039,2422502,6.308514072460576
1101371,331463,2091074,2422537,6.308619664939978
1101518,331565,2091497,2423062,6.307954699681812
1101574,331591,2091577,2423168,6.307701354982494
1101606,331593,2091624,2423217,6.307805050166921
1102112,331645,2092200,2423845,6.308552820033469
1102171,331683,2092274,2423957,6.308053171250863
1102177,331687,2092276,2423963,6.307983128672514
1102384,331868,2092687,2424555,6.305781214217701
1102471,331960,2092794,2424754,6.304355946499578
1102517,331998,2092887,2424885,6.303914481412539
1102587,332036,2093016,2425052,6.303581539351154
1102594,332041,2093025,2425066,6.303513722702919
1103010,332041,2093767,2425808,6.305748386494439
1103045,332048,2093794,2425842,6.30569676673252
1103079,332058,2093832,2425890,6.305621307121045
1103652,332066,2094635,2426701,6.307887588611902
1103657,332068,2094639,2426707,6.307861642796054
1103723,332077,2094680,2426757,6.307814151537143
1103764,332080,2094757,2426837,6.307989038785835
1103862,332080,2095047,2427127,6.308862322331969
1103912,332094,2095128,2427222,6.3088402681168585
1104026,332116,2095220,2427336,6.308699370099604
1104031,332116,2095231,2427347,6.3087324910573415
1104127,332146,2095345,2427491,6.308505898008707
1104187,332167,2095454,2427621,6.308435214816644
1104272,332204,2095602,2427806,6.308178107427966
1104285,332212,2095651,2427863,6.308173696314402
1104375,332212,2095917,2428129,6.308974389847447
1104827,332220,2096741,2428961,6.311302751188971
1104845,332220,2096741,2428961,6.311302751188971
1105397,332432,2098125,2430557,6.3114411368339995
1105405,332432,2098129,2430561,6.311453169369976
1106192,332629,2098675,2431304,6.309356670645073
1106206,332635,2098736,2431371,6.309426247989538
1106245,332635,2098784,2431419,6.309570550302885
1106268,332651,2098810,2431461,6.3093452296851655
1106371,332708,2099023,2431731,6.3089045048511005
1106380,332710,2099038,2431748,6.308911664813201
1106487,332751,2099217,2431968,6.308672250421487
1106588,332803,2099295,2432098,6.307920902155329
1106722,332906,2099821,2432727,6.30754927817462
1106732,332906,2099837,2432743,6.30759733978961
1106799,332920,2099881,2432801,6.30746425567704
1106906,333032,2100058,2433090,6.305874510557544
1107210,333084,2100240,2433324,6.305436466476925
1107417,333094,2100476,2433570,6.305955676175494
1107431,333105,2100508,2433613,6.3058435027994175
1107509,333110,2100632,2433742,6.306121101137762
1107561,333119,2100681,2433800,6.306097820898838
1107577,333135,2100719,2433854,6.305909015864439
1107606,333154,2100792,2433946,6.305768503454859
1107762,333202,2101245,2434447,6.306219650542314
1108036,333203,2101402,2434605,6.306671908716308
1108286,333284,2101668,2434952,6.30593727871725
1108337,333323,2101726,2435049,6.305373466577464
1108430,333368,2101858,2435226,6.304918288497996
1108490,333377,2101889,2435266,6.304841065820377
1108591,333434,2102018,2435452,6.30415014665571
1108773,333490,2102236,2435726,6.3037452397373235
1108801,333496,2102293,2435789,6.303802744260801
1108828,333496,2102293,2435789,6.303802744260801
1108869,333505,2102402,2435907,6.303959460877648
1108885,333518,2102443,2435961,6.303836674482337
1108971,333572,2102628,2436200,6.303370786516854
1109006,333581,2102764,2436345,6.303608418944724
1109066,333605,2102850,2436455,6.303412718634313
1109094,333618,2102883,2436501,6.3032660108267535
1109166,333618,2103086,2436704,6.303874491184528
1109744,333618,2103968,2437586,6.306518233428652
1109783,333618,2103991,2437609,6.306587174552932
1109817,333618,2104088,2437706,6.306877926250982
1109910,333705,2104272,2437977,6.305785049669618
1110153,333849,2104724,2438573,6.304419063708443
1110154,333849,2104729,2438578,6.304434040539285
1110376,333980,2105073,2439053,6.302991197077669
1110472,333980,2105215,2439195,6.303416372237859
1110493,333995,2105267,2439262,6.303288971391788
1110514,334007,2105314,2439321,6.303203226279689
1110598,334031,2105401,2439432,6.303010798398951
1110622,334041,2105457,2439498,6.302989752754901
1110693,334041,2105653,2439694,6.303576507075479
1110732,334041,2105689,2439730,6.303684278277218
1110766,334045,2105743,2439788,6.3037704500890595
1110792,334045,2105766,2439811,6.303839303087908
1110827,334045,2105817,2439862,6.30399197712883
1110892,334093,2105926,2440019,6.303412522860401
1111015,334163,2106155,2440318,6.302777387083549
1111111,334193,2106274,2440467,6.302567677958545
1111129,334193,2106304,2440497,6.302657446445616
1111157,334201,2106339,2440540,6.302611302778867
1111269,334220,2106558,2440778,6.302908264017713
1111330,334280,2106647,2440927,6.3020431973196125
1111499,334302,2106796,2441098,6.302074172454846
1111542,334310,2106847,2441157,6.302075917561544
1111585,334324,2106913,2441237,6.302009427980043
1111620,334327,2106998,2441325,6.30220712057357
1111623,334327,2107007,2441334,6.302234040325789
1111633,334338,2107019,2441357,6.302062583373711
1111840,334473,2107294,2441767,6.300341133664003
1111871,334484,2107338,2441822,6.300265483550783
1112102,334484,2107338,2441822,6.300265483550783
1112133,334492,2107391,2441883,6.300273250182366
1112390,334662,2107911,2442573,6.298626674077129
1112421,334672,2107993,2442665,6.298683487115743
1112484,334672,2108175,2442847,6.2992273031505475
1113047,334672,2109629,2444301,6.303571855428599
1113477,334946,2110296,2445242,6.300406632710945
1113510,334972,2110337,2445309,6.300040003343563
1113575,334989,2110394,2445383,6.299890444163839
1114097,334995,2110407,2445402,6.299816415170375
1114204,335042,2110538,2445580,6.299323666883555
1114656,335042,2111370,2446412,6.30180693763767
1114684,335054,2111425,2446479,6.301745390295296
1114694,335054,2111453,2446507,6.3018289589140855
1114708,335059,2111486,2446545,6.301833408444483
1114990,335059,2111813,2446872,6.302809355964174
1115111,335059,2112027,2447086,6.303448049448008
1115120,335059,2112027,2447086,6.303448049448008
1115430,335072,2112107,2447179,6.303442245248783
1115455,335075,2112125,2447200,6.303439528463777
1115482,335084,2112166,2447250,6.303392582158503
1115519,335100,2112232,2447332,6.303288570575948
1115629,335100,2112390,2447490,6.303760071620411
1115664,335131,2112460,2447591,6.303385840163996
1115764,335196,2112666,2447862,6.302778076110694
1115776,335203,2112685,2447888,6.302703138098406
1115821,335203,2112789,2447992,6.303013397851451
1115822,335203,2112791,2447994,6.303019364385164
1115883,335243,2112864,2448107,6.302485063073651
1116083,335243,2113304,2448547,6.303797543871162
1116174,335274,2113532,2448806,6.303894724911565
1116224,335274,2113614,2448888,6.304139300989639
1117126,335279,2114837,2450116,6.307692995982451
1117149,335292,2114894,2450186,6.307618434081338
1117717,335646,2115924,2451570,6.304034607890456
1117743,335652,2115961,2451613,6.304032152348266
1117776,335674,2116020,2451694,6.303794753242729
1117814,335710,2116113,2451823,6.303395788031336
1117855,335739,2116190,2451929,6.303080666827506
1117887,335755,2116238,2451993,6.302923262497952
1118040,335767,2116484,2452251,6.303430652803879
1118063,335775,2116510,2452285,6.303357903357903
1118200,335870,2116749,2452619,6.302286598981749
1118246,335905,2116896,2452801,6.302067548860541
1118661,335905,2117894,2453799,6.305038626992751
1118728,335937,2118009,2453946,6.304780360603328
1120597,335937,2122016,2457953,6.316708192309868
1120622,335949,2122050,2457999,6.316583767178947
1120640,335963,2122074,2458037,6.316391983641056
1120681,335986,2122135,2458121,6.31614114873834
1121384,335991,2123197,2459188,6.319207954974985
1121406,335998,2123234,2459232,6.319186423728713
1121428,336015,2123282,2459297,6.319009568025237
1121456,336025,2123309,2459334,6.318901867420579
1121482,336025,2123348,2459373,6.319017930213525
1121518,336041,2123390,2459431,6.3188420460598556
1121600,336076,2123529,2459605,6.318597579119009
1121606,336083,2123549,2459632,6.318525483288354
1121640,336116,2123611,2459727,6.318089588118387
1121643,336117,2123614,2459731,6.318079716289268
1121875,336117,2124172,2460289,6.319739852491841
1121882,336117,2124186,2460303,6.319781504654629
1121910,336138,2124217,2460355,6.319478904497558
1121918,336138,2124232,2460370,6.319523529026768
1121936,336138,2124242,2460380,6.31955327871291
1121973,336138,2124277,2460415,6.319657402614403
1122296,336203,2126544,2462747,6.325178537966645
1122344,336226,2126621,2462847,6.3249748680946745
1122479,336304,2126807,2463111,6.324060968647414
1122511,336310,2126869,2463179,6.324132496803545
1122520,336313,2126904,2463217,6.324180153606908
1123541,336313,2128110,2464423,6.327766098842448
1123604,336372,2128261,2464633,6.327105109818891
1123626,336375,2128286,2464661,6.3271230026012635
1124007,336637,2129187,2465824,6.324875162266774
1124359,336650,2129720,2466370,6.326214169018268
1124379,336656,2129776,2466432,6.326267762939024
1124386,336658,2129777,2466435,6.326233150556351
1124408,336658,2129792,2466450,6.3262777061587725
1124424,336665,2129813,2466478,6.3262085455868595
1124449,336675,2129868,2466543,6.326184005346402
1124602,336675,2130022,2466697,6.326641419766838
1124605,336677,2130038,2466715,6.3266513602057755
1124618,336679,2130044,2466723,6.326631598644406
1124662,336691,2130158,2466849,6.326744700630549
1124709,336709,2130247,2466956,6.326670804760194
1124714,336711,2130259,2466970,6.326668864397065
1125368,336809,2132805,2469614,6.3323871986793705
1125369,336809,2132807,2469616,6.332393136762972
1125541,336809,2133187,2469996,6.333521372647406
1125565,336820,2133218,2470038,6.333406567305979
1125615,336834,2133306,2470140,6.333404585047828
1125671,336834,2133498,2470332,6.333974598763783
1125916,336971,2133783,2470754,6.332245208044609
1125961,336991,2133894,2470885,6.33219878275681
1126032,337028,2133986,2471014,6.331776588295335
1126088,337028,2134052,2471080,6.331972417721969
1126355,337201,2134536,2471737,6.3301591632290535
1126390,337214,2134594,2471808,6.330087125682801
1126661,337249,2135135,2472384,6.331034339612571
1126953,337428,2136035,2473463,6.330343065779959
1126967,337428,2136061,2473489,6.330420119255071
1126981,337432,2136094,2473526,6.330442874416178
1126995,337436,2136127,2473563,6.3304656290378025
1127093,337492,2136257,2473749,6.329800410083795
1127113,337492,2136302,2473794,6.329933746577697
1127577,337812,2137058,2474870,6.326175505902691
1127578,337812,2137061,2474873,6.326184386581886
1127770,337910,2137391,2475301,6.325326270308662
1128196,338098,2137833,2475931,6.323116374542292
1128238,338098,2137921,2476019,6.323376654106206
1128258,338122,2137950,2476072,6.323013586811861
1128329,338139,2138076,2476215,6.323068323973278
1128911,338139,2139607,2477746,6.327596047779168
1129083,338139,2139987,2478126,6.328719845980499
1129095,338139,2140013,2478152,6.32879673743638
1129246,338290,2140400,2478690,6.327115788229034
1129348,338322,2140582,2478904,6.327055290522047
1129362,338331,2140588,2478919,6.326904717569481
1129595,338393,2140880,2479273,6.326608410930486
1129759,338456,2141092,2479548,6.326057153662514
1130290,338466,2141691,2480157,6.327639999290918
1130333,338485,2141766,2480251,6.327506388761688
1130371,338486,2141775,2480261,6.327514284194915
1130443,338486,2141912,2480398,6.327919027670273
1130470,338504,2141941,2480445,6.327668210715383
1130502,338516,2141998,2480514,6.327612284205178
1130582,338534,2142103,2480637,6.327586003178411
1130624,338542,2142151,2480693,6.327578262076788
1130661,338579,2142200,2480779,6.327031505202626
1130839,338692,2142559,2481251,6.325980536888973
1130860,338703,2142604,2481307,6.325907948851944
1130883,338721,2142637,2481358,6.325669208581694
1130948,338742,2142731,2481473,6.325554551841814
1130985,338745,2142762,2481507,6.3255900456095295
1131003,338750,2142786,2481536,6.325567527675277
1131027,338750,2142834,2481584,6.325709225092251
1131231,338795,2143274,2482069,6.326167741554627
1131268,338812,2143338,2482150,6.326039219390104
1131286,338819,2143356,2482175,6.325961649140101
1131615,338826,2143719,2482545,6.326902303837368
1131627,338835,2143731,2482566,6.32676966665191
1131637,338838,2143740,2482578,6.326740212136773
1131725,338921,2143943,2482864,6.3257897858202945
1131873,338966,2144130,2483096,6.325501672734139
1132181,338979,2144480,2483459,6.32629159918461
1132266,339048,2144660,2483708,6.325535027488733
1132286,339060,2144686,2483746,6.32538783696101
1132754,339100,2145643,2484743,6.327463874963137
1132770,339100,2145669,2484769,6.327540548510764
1132849,339125,2145761,2484886,6.327345374124586
1132878,339134,2145812,2484946,6.327327840912441
1132914,339144,2145857,2485001,6.327273960323638
1133106,339296,2146256,2485552,6.325615391870225
1133898,339339,2148146,2487485,6.330383480825959
1134031,339360,2148414,2487774,6.330781471004244
1134324,339360,2149073,2488433,6.332723361621876
1134358,339368,2149111,2488479,6.3326860517196675
1134362,339370,2149114,2488484,6.332657571382267
1134530,339370,2149377,2488747,6.33343253675929
1134552,339370,2149430,2488800,6.33358870848926
1134664,339449,2149628,2489077,6.332697989977876
1134766,339511,2149852,2489363,6.332201313064967
1134784,339523,2149870,2489393,6.33203052517797
1134882,339543,2150000,2489543,6.332040419033819
1134897,339551,2150018,2489569,6.331944244016363
1134920,339561,2150074,2489635,6.331922688412392
1135133,339634,2150321,2489955,6.33128897577981
1135430,339816,2150664,2490480,6.328907408715304
1135443,339828,2150679,2490507,6.328728062431583
1135498,339844,2150742,2490586,6.328615482397806
1135833,339934,2151796,2491730,6.330040537280766
1135854,339955,2151831,2491786,6.329752467238311
1135877,339976,2151865,2491841,6.3294614913993925
1135936,339994,2151962,2491956,6.329411695500509
1135951,339997,2151985,2491982,6.329423494913191
1135981,340013,2152017,2492030,6.329219765126627
1135982,340013,2152020,2492033,6.329228588318682
1136000,340013,2152036,2492049,6.329275645342972
1136365,340063,2153019,2493082,6.331235682799952
1136410,340085,2153115,2493200,6.331108399370746
1136617,340148,2153241,2493389,6.330306219645566
1136683,340159,2153333,2493492,6.330371973106694
1137337,340159,2154934,2495093,6.335078595597941
1137388,340179,2155063,2495242,6.335085352123441
1137404,340182,2155097,2495279,6.335129430716499
1137436,340199,2155135,2495334,6.334924558861137
1137439,340199,2155144,2495343,6.334951013965355
1137482,340217,2155224,2495441,6.334850992160885
1137632,340328,2155529,2495857,6.333681037117134
1137710,340361,2155696,2496057,6.3335576050135005
1137808,340400,2155903,2496303,6.333440070505288
1137818,340403,2155915,2496318,6.333419505703533
1137831,340403,2155920,2496323,6.333434194175727
1137860,340411,2155949,2496360,6.333370543255065
1137890,340430,2156025,2496455,6.333240313720882
1137934,340437,2156077,2496514,6.333262835708222
1137939,340437,2156082,2496519,6.333277522713454
1137955,340441,2156099,2496540,6.333253045314754
1138292,340654,2156694,2497348,6.331039705977326
1138709,340654,2157657,2498311,6.333866621263804
1138739,340663,2157766,2498429,6.334019250696436
1138795,340663,2157810,2498473,6.334148410599331
1138840,340683,2157869,2498552,6.333949742135651
1138966,340683,2158156,2498839,6.334792167498819
1139132,340790,2158716,2499506,6.334446433287361
1139176,340796,2158820,2499616,6.3346400779351875
1139208,340812,2158865,2499677,6.334474725068366
1139444,340874,2159109,2499983,6.334038383684294
1139451,340874,2159114,2499988,6.3340530518608045
1139482,340905,2159178,2500083,6.333664803977648
1139492,340906,2159198,2500104,6.33370489225769
1139493,340906,2159198,2500104,6.33370489225769
1139764,340906,2159711,2500617,6.335209705901334
1139856,340937,2159826,2500763,6.33497097704268
1139899,340957,2159857,2500814,6.334690298190094
1139927,340957,2159905,2500862,6.334831078405782
1140050,340957,2160242,2501199,6.335819472836751
1140054,340964,2160247,2501211,6.335704062598984
1140118,340975,2160389,2501364,6.335916122882909
1140837,341119,2161625,2502744,6.3368648477510785
1140882,341133,2161689,2502822,6.336792394755125
1140987,341133,2161945,2503078,6.337542835199175
1141021,341145,2161972,2503117,6.337399053188527
1141040,341150,2161979,2503129,6.337326689139674
1141402,341156,2163004,2504160,6.340219723528239
1141866,341156,2163861,2505017,6.3427317708028
1141985,341156,2164131,2505287,6.343523197598753
1142101,341225,2164403,2505628,6.343037585171075
1142105,341229,2164411,2505640,6.342986674637853
1142268,341309,2164684,2505993,6.342299792856327
1142282,341313,2164717,2506030,6.342322150049954
1142306,341320,2164838,2506158,6.342546583850932
1142321,341320,2164862,2506182,6.342616899097621
1142370,341337,2164935,2506272,6.3425148753284875
1142551,341400,2165248,2506648,6.342261277094318
1142607,341420,2165425,2506845,6.342408177611153
1142622,341420,2165428,2506848,6.342416964442622
1142714,341436,2165675,2507111,6.342843168265795
1142803,341480,2165824,2507304,6.342462223263442
1143234,341480,2167294,2508774,6.346767014173597
1143483,341529,2167801,2509330,6.347340928588787
1143505,341541,2167846,2509387,6.347249671342532
1143630,341592,2168209,2509801,6.3473646923815545
1143832,341592,2168303,2509895,6.347639874470128
1143848,341602,2168347,2509949,6.347582859585131
1143879,341609,2168382,2509991,6.347555245909797
1143931,341622,2168406,2510028,6.3473839506823335
1145273,341622,2171702,2513324,6.35703204126198
1145293,341629,2171719,2513348,6.356951546853458
1145337,341638,2171761,2513399,6.356907018540092
1145368,341649,2171799,2513448,6.3568135718237135
1145370,341649,2171799,2513448,6.3568135718237135
1145428,341652,2171851,2513503,6.35690995515905
1145494,341734,2172027,2513761,6.355899617831413
1145573,341749,2172086,2513835,6.355793286885989
1145612,341749,2172122,2513871,6.355898627355164
1145978,341779,2172512,2514291,6.3564818201235305
1146014,341797,2172582,2514379,6.356351869677031
1146156,341909,2172879,2514788,6.355138355527348
1146236,341951,2173096,2515047,6.354992381949461
1146290,341980,2173236,2515216,6.354862857477046
1146313,341988,2173284,2515272,6.3548545563002214
1146343,341988,2173339,2515327,6.355015380656631
1146347,341988,2173349,2515337,6.355044621448706
1146470,342035,2173561,2515596,6.354791176341602
1146499,342035,2173591,2515626,6.354878886663646
1146683,342127,2173905,2516032,6.354087809497643
1146729,342127,2173937,2516064,6.354181342016269
1146763,342147,2173977,2516124,6.353926820927847
1146809,342172,2174053,2516225,6.353684696585343
1146838,342182,2174096,2516278,6.353624679264251
1146944,342219,2174187,2516406,6.35320365029411
1146982,342234,2174237,2516471,6.353071290403642
1147383,342234,2175000,2517234,6.355300759129718
1147410,342255,2175049,2517304,6.355053980219427
1147445,342277,2175091,2517368,6.354768214048855
1147477,342281,2175152,2517433,6.3548721664363494
1147487,342285,2175172,2517457,6.354856333172648
1147522,342288,2175247,2517535,6.355019749450755
1147610,342288,2175477,2517765,6.355691698219044
1147636,342299,2175503,2517802,6.355563410936053
1147661,342316,2175524,2517840,6.355309129576181
1147727,342336,2175582,2517918,6.35510726303982
1147954,342353,2176158,2518511,6.356474165554267
1148003,342366,2176252,2518618,6.35650736346483
1148044,342378,2176349,2518727,6.356567886955354
1148047,342378,2176358,2518736,6.356594173691066
1148070,342382,2176388,2518770,6.35660753193801
1148115,342382,2176446,2518828,6.356776933366824
1148344,342486,2176787,2519273,6.355842282604253
1148377,342497,2176884,2519381,6.3559213657345905
1148729,342511,2177733,2520244,6.358140322500591
1148767,342532,2177801,2520333,6.357949038338024
1148876,342588,2178039,2520627,6.357604469508564
1148903,342600,2178093,2520693,6.357539404553415
1148909,342603,2178108,2520711,6.357527517272178
1148974,342650,2178256,2520906,6.357087406975047
1149048,342672,2178371,2521043,6.3570148713638694
1149104,342711,2178520,2521231,6.356726221218461
1149489,342895,2179075,2521970,6.354933726067746
1149623,342966,2179267,2522233,6.3541779651627275
1149675,342999,2179339,2522338,6.353776541622571
1149804,343000,2179721,2522721,6.354871720116618
1149915,343000,2179978,2522978,6.3556209912536445
1150133,343109,2180289,2523398,6.354508334086252
1150174,343129,2180350,2523479,6.3543157238239845
1150270,343220,2180522,2523742,6.353132101858866
1150308,343231,2180578,2523809,6.35309164964703
1150311,343231,2180587,2523818,6.353117871054771
1150630,343302,2181102,2524404,6.35330408794589
1150654,343311,2181125,2524436,6.353204528838283
1150739,343359,2181261,2524620,6.352712467126244
1150825,343378,2181412,2524790,6.352800703597785
1150826,343379,2181414,2524793,6.352788027223563
1151463,343577,2182351,2525928,6.351854169516586
1151538,343620,2182477,2526097,6.351425993830394
1151599,343630,2182515,2526145,6.351351744609027
1152307,343908,2183249,2527157,6.348351884806402
1152792,344061,2183649,2527710,6.346691429717405
1152824,344083,2183686,2527769,6.3463931667649955
1153710,344223,2185034,2529257,6.347728071627985
1153719,344225,2185057,2529282,6.347758007117438
1153726,344226,2185068,2529294,6.347771522197626
1153736,344228,2185086,2529314,6.347786931917217
1153762,344241,2185113,2529354,6.347625645986388
1154072,344406,2185867,2530273,6.346773865728239
1154158,344469,2186016,2530485,6.346045652874424
1154172,344480,2186035,2530515,6.345898165350674
1154314,344589,2186378,2530967,6.344886226780309
1154347,344595,2186387,2530982,6.3448018688605465
1154445,344595,2186677,2531272,6.345643436497918
1154481,344603,2186710,2531313,6.345591883994046
1154508,344608,2186761,2531369,6.345647808524468
1154610,344608,2187107,2531715,6.346651847896741
1154696,344663,2187284,2531947,6.346152618644879
1154714,344680,2187329,2532009,6.345970175235
1154758,344694,2187365,2532059,6.345816869455227
1154803,344722,2187405,2532127,6.3454174668283425
1154851,344734,2187480,2532214,6.345414145399062
1154881,344734,2187521,2532255,6.345533077677282
1154949,344794,2187677,2532471,6.344881291437786
1154969,344794,2187698,2532492,6.344942197370024
1155085,344794,2187892,2532686,6.345504852172602
1155113,344801,2187928,2532729,6.345480436541657
1155123,344805,2187938,2532743,6.345435826046606
1155147,344812,2187969,2532781,6.34539691194042
1155165,344818,2188005,2532823,6.345390901867072
1155247,344855,2188275,2533130,6.345493033303852
1155282,344865,2188298,2533163,6.345375726733649
1155315,344870,2188314,2533184,6.3453301243947
1155530,344870,2188811,2533681,6.346771247136602
1155601,344900,2189003,2533903,6.3467758770658165
1155633,344921,2189095,2534016,6.346656190837902
1155662,344930,2189123,2534053,6.346571768184849
1155761,344963,2189225,2534188,6.346260323570934
1155845,344998,2189301,2534299,6.345836787459637
1155882,345013,2189347,2534360,6.345694220217789
1155885,345015,2189350,2534365,6.345666130458096
1155952,345015,2189410,2534425,6.3458400359404665
1156242,345253,2190017,2535270,6.343223664964533
1156309,345253,2190129,2535382,6.343548064752515
1156375,345291,2190200,2535491,6.343055567622672
1156497,345372,2190395,2535767,6.342132541144042
1156550,345372,2190550,2535922,6.342581332592103
1156574,345383,2190583,2535966,6.342474875717682
1156579,345383,2190594,2535977,6.342506724418978
1156688,345460,2190854,2536314,6.341845655068604
1156936,345460,2192141,2537601,6.345571122561223
1156953,345464,2192167,2537631,6.34557291063613
1156997,345502,2192227,2537729,6.345048653842814
1157057,345521,2192350,2537871,6.345055727437695
1157082,345531,2192378,2537909,6.3449531301098885
1157103,345546,2192399,2537945,6.344738471867711
1157106,345547,2192400,2537947,6.344723004395929
1157116,345547,2192416,2537963,6.344769307793151
1157218,345625,2192654,2538279,6.344026039783002
1157279,345654,2192868,2538522,6.344112899026194
1157289,345657,2192887,2538544,6.344112805469005
1157325,345657,2192923,2538580,6.344216954958239
1157365,345673,2193007,2538680,6.344166307463991
1157397,345692,2193044,2538736,6.343924649688161
1157557,345789,2193408,2539197,6.34319773040785
1157948,345816,2194478,2540294,6.3457966086011055
1158023,345833,2194593,2540426,6.345817200787663
1158082,345849,2194646,2540495,6.3456768705417685
1158147,345867,2194675,2540542,6.345430468937482
1158239,345867,2194860,2540727,6.345965356625523
1158299,345902,2195258,2541160,6.346473856757116
1158348,345919,2195342,2541261,6.346404794185922
1158392,345940,2195465,2541405,6.346375093946927
1158413,345943,2195475,2541418,6.346348965002905
1158439,345951,2195523,2541474,6.346340955800099
1158453,345951,2195530,2541481,6.346361189879492
1158468,345961,2195545,2541506,6.3462211058471905
1158503,345986,2195610,2541596,6.345950414178608
1158529,345996,2195640,2541636,6.345853709291437
1158565,346021,2195702,2541723,6.345574401553663
1158803,346142,2196113,2542255,6.344543568824355
1158882,346210,2196275,2542485,6.343765344732965
1158886,346214,2196288,2542502,6.343729600767156
1159058,346233,2196461,2542694,6.343881143622936
1159445,346521,2197106,2543627,6.340469985946018
1159449,346521,2197115,2543636,6.340495958397904
1159474,346546,2197157,2543703,6.340159747912254
1159562,346593,2197280,2543873,6.339654868967348
1159582,346596,2197339,2543935,6.339770222391487
1159598,346602,2197373,2543975,6.3397585703487
1159620,346602,2197420,2544022,6.339894172566805
1160000,346654,2197594,2544248,6.3394450951092445
1160063,346696,2197662,2544358,6.338873249186607
1160089,346719,2197717,2544436,6.338611382704726
1160103,346733,2197741,2544474,6.338424666818561
1160170,346739,2197794,2544533,6.338467838922071
1160276,346739,2197857,2544596,6.338649531780388
1160282,346741,2197865,2544606,6.338636042463972
1160437,346755,2198195,2544950,6.339331804876642
1160461,346766,2198239,2545005,6.3392575973423
1160696,346811,2198951,2545762,6.34048804680359
1162520,346863,2201473,2548336,6.346808394092192
1162579,346865,2201543,2548408,6.346973606446312
1162590,346865,2201543,2548408,6.346973606446312
1162596,346866,2201551,2548417,6.346978372051455
1162626,346869,2201590,2548459,6.347035912693265
1162776,346883,2201835,2548718,6.347486039961601
1162856,346883,2201991,2548874,6.347935759319425
1163014,346936,2202181,2549117,6.347513662462241
1163065,346936,2202356,2549292,6.348018078262273
1163200,346964,2202533,2549497,6.348015932488673
1163897,346977,2204415,2551392,6.353202085440822
1163950,346992,2204527,2551519,6.353250219025223
1164066,347043,2204742,2551785,6.352936091492985
1164171,347076,2204854,2551930,6.352654749968306
1164213,347095,2204892,2551987,6.3524164854002505
1165988,347828,2207238,2555066,6.345774348241084
1166307,347968,2207899,2555867,6.345120815707191
1166317,347972,2207908,2555880,6.345073741565414
1166320,347972,2207928,2555900,6.345131217454278
1166387,348017,2208165,2556182,6.344991767643535
1166449,348017,2208292,2556309,6.345356692345489
1166493,348045,2208360,2556405,6.34504158944964
1166825,348045,2208982,2557027,6.3468287146777
1166856,348056,2209068,2557124,6.346875215482566
1166959,348123,2209173,2557296,6.345955308899441
1167089,348198,2209676,2557874,6.346033004210248
1167106,348198,2209676,2557874,6.346033004210248
1167297,348330,2209979,2558309,6.344498033474005
1167348,348346,2210048,2558394,6.344404701073071
1167358,348349,2210067,2558416,6.344404605725867
1167386,348350,2210116,2558466,6.344527056121716
1167453,348388,2210259,2558647,6.344245496400565
1167490,348402,2210306,2558708,6.3441254642625475
1167510,348408,2210311,2558719,6.3440305618699915
1167516,348411,2210323,2558734,6.344010378547176
1167591,348450,2210413,2558863,6.343558616731238
1167615,348469,2210436,2558905,6.343278742154969
1167637,348469,2210489,2558958,6.343430836028456
1167690,348482,2210535,2559017,6.343326197622833
1167933,348486,2210775,2559261,6.343942080887037
1168021,348500,2210815,2559315,6.343802008608321
1168243,348594,2211174,2559768,6.343121224117454
1168272,348594,2211209,2559803,6.343221627451993
1168292,348594,2211224,2559818,6.343264657452509
1168477,348705,2211484,2560189,6.341991081286475
1168528,348705,2211600,2560305,6.342323740697725
1168555,348724,2211639,2560363,6.342090019614366
1168566,348726,2211669,2560395,6.342139674128112
1168590,348726,2211724,2560450,6.342297391074942
1170929,348726,2214897,2563623,6.351396225116567
1170963,348735,2214960,2563695,6.351412963998452
1171018,348742,2215060,2563802,6.351572222445246
1171162,348742,2215235,2563977,6.352074026070849
1171270,348807,2215445,2564252,6.351492372572798
1171321,348807,2215539,2564346,6.351761862577299
1171885,348964,2216272,2565236,6.351004688162676
1235247,348964,2406354,2755318,6.8957084398390665
1235479,349023,2406618,2755641,6.895299163665432
1235522,349032,2406686,2755718,6.895316188773522
1235667,349057,2406963,2756020,6.895615902273841
1235690,349069,2407019,2756088,6.895539277334853
1235758,349091,2407109,2756200,6.8953625272493415
1235978,349091,2407109,2756200,6.8953625272493415
1236399,349097,2407626,2756723,6.896724979017293
1236407,349097,2407645,2756742,6.896779405151004
1236426,349097,2407685,2756782,6.896893986485131
1236483,349097,2407835,2756932,6.897323666488111
1236655,349227,2408172,2757399,6.895721121219149
1236701,349232,2408276,2757508,6.895920190589637
1236773,349232,2408276,2757508,6.895920190589637
1236824,349232,2408400,2757632,6.896275255417602
1236933,349349,2408790,2758139,6.895081995368528
1236951,349349,2408833,2758182,6.8952050814515
1237104,349385,2408959,2758344,6.894855245645921
1237222,349387,2409307,2758694,6.895811807537201
1237247,349402,2409340,2758742,6.895610214022816
1237317,349402,2409468,2758870,6.8959765542269365
1237354,349423,2409545,2758968,6.8957824756813375
1237498,349432,2410370,2759802,6.897965841708831
1237500,349434,2410375,2759809,6.897940669768826
1237540,349448,2410448,2759896,6.897873217188251
1237624,349507,2410600,2760107,6.897143690970424
1237702,349510,2410901,2760411,6.897945695402134
1238644,349864,2412473,2762337,6.895459378501361
1238700,349894,2412513,2762407,6.894982480408352
1238790,349901,2412772,2762673,6.895584751115315
1238805,349908,2412785,2762693,6.895483955782663
1238830,349918,2412805,2762723,6.895344052035048
1238855,349930,2412843,2762773,6.895216186094362
1238895,349969,2413062,2763031,6.895073563658496
1239298,350087,2413492,2763579,6.893977782665452
1239342,350104,2413616,2763720,6.893997212256929
1239395,350142,2413763,2763905,6.893668854350521
1239400,350143,2413768,2763911,6.8936634460777455
1239624,350354,2414388,2764742,6.891281389680152
1239645,350354,2414418,2764772,6.891367017359585
1239716,350399,2414574,2764973,6.890927200134704
1239734,350404,2414596,2765000,6.890891656487939
1239769,350427,2414672,2765099,6.890656256509915
1239823,350464,2414769,2765233,6.89020555606282
1239863,350464,2414817,2765281,6.890342517348429
1239961,350464,2415107,2765571,6.891169991782323
1239990,350472,2415171,2765643,6.891195302335136
1240046,350498,2415271,2765769,6.890969420652899
1240066,350507,2415299,2765806,6.890872364888576
1240097,350507,2415361,2765868,6.891049251512809
1240121,350530,2415387,2765917,6.890671269220894
1240203,350570,2415485,2766055,6.890164589097755
1240273,350594,2415537,2766131,6.889841240865502
1240305,350603,2415588,2766191,6.889809841900954
1240802,350958,2416773,2767731,6.88621715418939
1240855,350992,2416891,2767883,6.8858862880065645
1240875,350998,2416909,2767907,6.885819862221437
1240946,350998,2417036,2768034,6.886181687644944
1241183,351057,2417668,2768725,6.886824646709794
1241637,351058,2418192,2769250,6.888297660215691
1241639,351059,2418193,2769252,6.888280887258267
1241669,351070,2418234,2769304,6.88818184407668
1241765,351118,2418418,2769536,6.887764227410728
1241786,351132,2418449,2769581,6.887577890935603
1241822,351146,2418507,2769653,6.887468460412478
1241915,351146,2418659,2769805,6.887901328792013
1242039,351151,2418850,2770001,6.88834717827943
1242145,351249,2419040,2770289,6.886966226238367
1242174,351268,2419104,2770372,6.886775908992564
1243331,351802,2421007,2772809,6.881731769574931
1243362,351802,2421056,2772858,6.881871052467012
1243411,351819,2421197,2773016,6.8819392926476395
1243435,351826,2421221,2773047,6.88187058375447
1243506,351831,2421452,2773283,6.882429348181371
1243570,351837,2421526,2773363,6.882522304362531
1243585,351844,2421534,2773378,6.882408112686305
1243751,351916,2421825,2773741,6.881826913240659
1243756,351916,2421831,2773747,6.881843962763841
1243784,351916,2421873,2773789,6.881963309426113
1243800,351916,2421900,2773816,6.882040032280431
1243810,351917,2421903,2773820,6.882029001156523
1244039,352024,2422226,2774250,6.880854714451288
1244059,352030,2422241,2774271,6.880780047155072
1244076,352045,2422285,2774330,6.880611853598261
1244210,352106,2422427,2774533,6.879823121446383
1244253,352133,2422480,2774613,6.879446118370048
1244411,352244,2422795,2775039,6.878172516778142
1244424,352250,2422822,2775072,6.878132008516679
1244539,352364,2423043,2775407,6.876533925145588
1244965,352465,2423426,2775891,6.8756500645454155
1245053,352491,2423597,2776088,6.875628030219211
1245155,352506,2423719,2776225,6.875681548682859
1245186,352522,2423793,2776315,6.875579396463199
1245209,352524,2423804,2776328,6.875571592288752
1245282,352577,2423934,2776511,6.874906757956418
1245306,352591,2423970,2776561,6.8747358837860295
1245362,352613,2424073,2776686,6.874599064696991
1245376,352616,2424114,2776730,6.874656850511605
1245406,352619,2424135,2776754,6.874657916901812
1245419,352625,2424166,2776791,6.874628855015952
1246614,352782,2425725,2778507,6.875988570845451
1246707,352836,2425866,2778702,6.875335850083325
1246793,352915,2425996,2778911,6.874165167249904
1246839,352915,2426115,2779030,6.874502358924953
1246871,352942,2426180,2779122,6.874160626958537
1246879,352945,2426189,2779134,6.87412769694995
1246900,352945,2426221,2779166,6.874218362634405
1246917,352954,2426235,2779189,6.874082741660386
1246975,352978,2426312,2779290,6.873833496705177
1247075,353072,2426474,2779546,6.872462273983777
1247117,353072,2426523,2779595,6.872601055875289
1248170,353072,2428228,2781300,6.877430099243214
1248261,353111,2428352,2781463,6.87702167307164
1248415,353216,2428594,2781810,6.875662484145678
1248428,353224,2428616,2781840,6.8755690440060695
1248442,353231,2428632,2781863,6.875478086577905
1248448,353236,2428639,2781875,6.87540058204713
1248565,353257,2428888,2782145,6.875696730708804
1250913,353623,2431633,2785256,6.876342884936783
1251024,353623,2431811,2785434,6.876846245860705
1251114,353663,2431922,2785585,6.87638231876108
1251195,353663,2431977,2785640,6.87653783403975
1251404,353663,2432303,2785966,6.8774596155096805
1251409,353666,2432317,2785983,6.8774408622824925
1251736,353813,2433290,2787103,6.877333506682909
1251758,353838,2433333,2787171,6.8769691214623645
1252023,353931,2433826,2787757,6.876555034738409
1252074,353942,2434029,2787971,6.876914861757011
1252107,353948,2434072,2788020,6.876919773526055
1252172,353948,2434193,2788141,6.877261631652107
1252364,353948,2434653,2788601,6.87856125758586
1252447,353977,2434789,2788766,6.878381928769383
1252528,353989,2434966,2788955,6.878648771571998
1252534,353989,2434975,2788964,6.878674196090839
1252569,354003,2435020,2789023,6.878529278000469
1252773,354003,2435375,2789378,6.8795320943607825
1252788,354009,2435399,2789408,6.879483289972854
1252842,354045,2435523,2789568,6.879134008388764
1252890,354101,2435623,2789724,6.878328499495907
1253245,354295,2436043,2790338,6.875747611453732
1253340,354329,2436168,2790497,6.875440621569219
1253435,354379,2436234,2790613,6.874656793997387
1253496,354394,2436297,2790691,6.874543587081045
1253605,354394,2436501,2790895,6.875119217593977
1253625,354398,2436521,2790919,6.8750980536007535
1253655,354407,2436565,2790972,6.8750476147480155
1253666,354407,2436575,2790982,6.875075830894988
1253811,354484,2436868,2791352,6.874409000124124
1253812,354484,2436870,2791354,6.874414642127713
1253821,354486,2436890,2791376,6.874432276592024
1253847,354493,2436946,2791439,6.874454502627697
1253961,354523,2437075,2791598,6.874236650372472
1254037,354562,2437172,2791734,6.8737540966036965
1254081,354575,2437243,2791818,6.873702319678489
1254269,354637,2437559,2792196,6.8733916652802725
1254297,354659,2437607,2792266,6.873100640333391
1254334,354659,2437682,2792341,6.87331211107007
1254362,354659,2437724,2792383,6.873430534682611
1254703,354659,2438403,2793062,6.875345049752015
1255044,354906,2439317,2794223,6.873135421773653
1255280,355004,2439598,2794602,6.872029610933962
1255299,355014,2439640,2794654,6.871954345462433
1255329,355014,2439695,2794709,6.872109268930239
1255346,355022,2439719,2794741,6.872022015537065
1255447,355061,2439987,2795048,6.872021990587533
1255543,355137,2440175,2795312,6.871080737856095
1255607,355145,2440226,2795371,6.871069563136184
1255626,355153,2440253,2795406,6.870990812410426
1255649,355174,2440277,2795451,6.8706521310681525
1255663,355174,2440286,2795460,6.8706774707608105
1255925,355260,2441024,2796284,6.8710915948882505
1255964,355260,2441047,2796307,6.87115633620447
1256203,355445,2441534,2796979,6.868950189199454
1256296,355445,2441686,2797131,6.86937782216658
1256489,355485,2442036,2797521,6.8695894341533394
1256516,355495,2442081,2797576,6.869522778098145
1257278,355495,2443676,2799171,6.874009479739518
1257300,355495,2443722,2799217,6.874138876777451
1257323,355517,2443762,2799279,6.873826005507472
1257364,355531,2443797,2799328,6.873653774213782
1257444,355538,2443845,2799383,6.873653449139051
1257498,355538,2443964,2799502,6.873988153165063
1257712,355547,2444500,2800047,6.875321687428103
1257760,355555,2444562,2800117,6.875341367720887
1257770,355555,2444572,2800127,6.875369492764833
1257841,355577,2444741,2800318,6.8754193887681145
1257882,355593,2444822,2800415,6.875337815986254
1257899,355600,2444858,2800458,6.875303712035995
1257961,355600,2444972,2800572,6.875624296962879
1258013,355620,2445015,2800635,6.875358528766661
1258039,355627,2445036,2800663,6.875282247973298
1258085,355627,2445155,2800782,6.8756168682355385
1258206,355682,2445367,2801049,6.875149712383534
1258217,355683,2445389,2801072,6.875192235782986
1258228,355683,2445415,2801098,6.875265334581636
1258274,355683,2445470,2801153,6.875419966655702
1258280,355683,2445489,2801172,6.875473385008561
1258769,356076,2446865,2802941,6.871749289477528
1258803,356091,2446918,2803009,6.871608661830824
1258808,356091,2446926,2803017,6.87163112799818
1258858,356099,2447311,2803410,6.872557912265971
1258907,356108,2447383,2803491,6.872586406371101
1258922,356109,2447429,2803538,6.872696281194803
1258944,356113,2447466,2803579,6.872722983996653
1258977,356135,2447511,2803646,6.872424782736884
1258986,356137,2447533,2803670,6.87244796244142
1259009,356152,2447572,2803724,6.872268020395786
1259025,356158,2447600,2803758,6.872230863830098
1259027,356158,2447605,2803763,6.872244902543254
1259081,356210,2447709,2803919,6.871533645883047
1259111,356226,2447756,2803982,6.871356947555765
1259152,356234,2447807,2804041,6.87134580079386
1259167,356241,2447833,2804074,6.871283765765311
1259319,356275,2448193,2804468,6.871638481510069
1259341,356275,2448247,2804522,6.871790049821065
1259502,356378,2448584,2804962,6.870749597337658
1259518,356385,2448608,2804993,6.8706819871767895
1259801,356385,2449281,2805666,6.872570394376868
1259815,356397,2449296,2805693,6.872381080648827
1259836,356399,2449296,2805695,6.872342514990222
1259904,356418,2449406,2805824,6.872284789208177
1259920,356435,2449439,2805874,6.872049602311782
1260031,356435,2449617,2806052,6.872548992102347
1260044,356442,2449635,2806077,6.872464524382648
1260075,356462,2449709,2806171,6.87228652703514
1260743,356932,2450854,2807786,6.866445149216097
1260875,356932,2451222,2808154,6.8674761579236385
1260969,356963,2451341,2808304,6.867213128531528
1260998,356970,2451382,2808352,6.867193321567639
1261064,356970,2451449,2808419,6.867381012410006
1261086,356970,2451481,2808451,6.867470655797406
1261115,356984,2451526,2808510,6.867327387221836
1261120,356988,2451539,2808527,6.86728685558058
1261172,357021,2451614,2808635,6.866862173373555
1261191,357035,2451644,2808679,6.8666769364348035
1261368,357041,2452036,2809077,6.8676594564769875
1261534,357041,2452399,2809440,6.868676146436964
1262777,357558,2454895,2812453,6.865725280933443
1262876,357585,2455257,2812842,6.866219220604891
1262927,357593,2455296,2812889,6.866174673441594
1263109,357723,2455756,2813479,6.864965350284997
1263120,357730,2455764,2813494,6.864853381041567
1263214,357773,2455921,2813694,6.864467134188438
1263284,357773,2456001,2813774,6.864690739658946
1263311,357780,2456022,2813802,6.864615126614121
1263312,357780,2456034,2813814,6.864648666778467
1263603,357882,2456742,2814624,6.864670477978775
1263612,357884,2456765,2814649,6.864696382067932
1263628,357884,2456791,2814675,6.864769031306233
1263790,357966,2457104,2815070,6.864070889414078
1263794,357967,2457110,2815077,6.864068475585738
1263809,357967,2457122,2815089,6.864101998228887
1263816,357978,2457132,2815110,6.863919011782847
1263861,358000,2457228,2815228,6.863765363128492
1263927,358022,2457340,2815362,6.863656423348286
1264007,358023,2457394,2815417,6.863788080654036
1264010,358023,2457399,2815422,6.863802046237253
1264031,358023,2457442,2815465,6.863922150252916
1264042,358023,2457454,2815477,6.863955667652637
1264049,358023,2457454,2815477,6.863955667652637
1264315,358037,2457642,2815679,6.8642123579406595
1264333,358037,2457675,2815712,6.8643045271857375
1264463,358100,2457890,2815990,6.863697291259425
1264503,358109,2457949,2816058,6.863689547037355
1264527,358116,2457972,2816088,6.863619609288611
1264613,358129,2458105,2816234,6.86374183604232
1264674,358129,2458226,2816355,6.864079703123735
1264860,358207,2458500,2816707,6.863349962451879
1265547,358474,2459100,2817574,6.859911736973951
1265576,358484,2459126,2817610,6.859792905680588
1265648,358526,2459284,2817810,6.859429999497944
1265870,358676,2459851,2818527,6.858142167304196
1266010,358741,2460046,2818787,6.857443113555462
1266119,358741,2460244,2818985,6.857995043778102
1266129,358741,2460260,2819001,6.858039644200133
1266211,358770,2460435,2819205,6.857973074671795
1266331,358808,2460656,2819464,6.857862700943123
1266369,358808,2460735,2819543,6.858082874406367
1266390,358829,2460757,2819586,6.857742824576609
1266674,358992,2461263,2820255,6.856038574675758
1266745,359022,2461407,2820429,6.8558667713956245
1266798,359048,2461492,2820540,6.855607049753793
1267050,359067,2461905,2820972,6.85639448905079
1267203,359165,2462294,2821459,6.855606754555706
1267211,359170,2462312,2821482,6.855561433304564
1267220,359172,2462335,2821507,6.855587295223458
1267233,359172,2462340,2821512,6.855601216130434
1267557,359207,2462872,2822079,6.8564142680961115
1267627,359228,2462936,2822164,6.856191610898928
1267717,359235,2463195,2822430,6.856778988684288
1267790,359256,2463295,2822551,6.8566565346159845
1267803,359263,2463312,2822575,6.856570256330321
1267954,359310,2463523,2822833,6.85626061061479
1268176,359328,2463774,2823102,6.856615682607534
1268341,359399,2464151,2823550,6.856310117724312
1268375,359417,2464217,2823634,6.856150376860304
1268421,359433,2464293,2823726,6.856056622513792
1268556,359490,2464637,2824127,6.855926451361651
1268574,359495,2464744,2824239,6.8561287361437575
1268618,359529,2464828,2824357,6.855714003599154
1268647,359548,2464939,2824487,6.855660440330637
1268838,359632,2465350,2824982,6.855201984250567
1269045,359667,2465425,2825092,6.854743415437057
1269082,359679,2465505,2825184,6.8547371406170505
1269102,359686,2465544,2825230,6.854712165611116
1269173,359727,2465643,2825370,6.8542061062972754
1269184,359737,2465651,2825388,6.854037810956338
1269191,359739,2465652,2825391,6.854002485135056
1269451,359739,2466148,2825887,6.855381262526443
1269491,359743,2466191,2825934,6.85542456698254
1269501,359747,2466202,2825949,6.855378919073682
1269521,359756,2466236,2825992,6.855301926861539
1269633,359810,2466436,2826246,6.854828937494789
1269649,359814,2466467,2826281,6.854838888981529
1269653,359814,2466476,2826290,6.854863901904873
1269792,359814,2466476,2826290,6.854863901904873
1270391,360220,2467917,2828137,6.8511381933263005
1270402,360220,2467939,2828159,6.851199267114541
1270438,360222,2468009,2828231,6.851355552964561
1270462,360237,2468048,2828285,6.851178529690176
1270483,360239,2468071,2828310,6.851204339341382
1270512,360250,2468091,2828341,6.851050659264399
1270534,360250,2468144,2828394,6.851197779319917
1270564,360253,2468187,2828440,6.851260086661319
1270594,360259,2468211,2828470,6.851212599824016
1270704,360310,2468326,2828636,6.850562016041742
1270709,360312,2468338,2828650,6.850557294788961
1270838,360409,2468532,2828941,6.849251822235294
1270937,360464,2468833,2829297,6.849041790581029
1270981,360473,2468911,2829384,6.849087171577344
1271025,360488,2468984,2829472,6.849004682541444
1271075,360502,2469068,2829570,6.848971711668729
1271116,360526,2469156,2829682,6.8487598675268915
1271411,360526,2469863,2830389,6.8507208911423865
1271511,360526,2470204,2830730,6.851666731386918
1271520,360528,2470229,2830757,6.851698065060134
1271574,360528,2470298,2830826,6.8518894510273824
1271594,360531,2470322,2830853,6.851899004523883
1271608,360542,2470356,2830898,6.851784258144682
1271639,360542,2470410,2830952,6.851934032650842
1272329,360793,2471205,2831998,6.849370691781714
1272367,360793,2471267,2832060,6.849542535470477
1272402,360805,2471337,2832142,6.849508737406633
1274924,361769,2476595,2838364,6.845791098739803
1274948,361780,2476634,2838414,6.845690751285312
1275056,361780,2476777,2838557,6.846086019127647
1275113,361780,2476897,2838677,6.846417712421914
1275146,361790,2476911,2838701,6.846267171563614
1275177,361809,2476948,2838757,6.846009911306794
1275180,361809,2476957,2838766,6.846034786309904
1275253,361811,2476966,2838777,6.846021818021011
1275710,362097,2477873,2839970,6.843119385137132
1275723,362097,2477899,2839996,6.843191189101263
1275825,362139,2478209,2840348,6.843253557335719
1275843,362152,2478256,2840408,6.84313768804259
1275896,362152,2478342,2840494,6.843375157392476
1276705,362764,2480686,2843450,6.838291561455933
1276755,362765,2480768,2843533,6.838498752636004
1277370,362928,2481466,2844394,6.837350659083896
1277375,362930,2481474,2844404,6.837335023282726
1277405,362936,2481499,2844435,6.837290872219896
1277452,362953,2481586,2844539,6.837210327507969
1277461,362965,2481605,2844570,6.837036628876063
1277485,362981,2481634,2844615,6.836815150104275
1278540,362981,2484340,2847321,6.844270085762065
1278975,362994,2485095,2848089,6.846104894295774
1278997,362998,2485153,2848151,6.846189235202398
1279035,363011,2485220,2848231,6.846128629710946
1279057,363014,2485276,2848290,6.846226316340417
1279079,363018,2485296,2848314,6.846205973257525
1279638,363018,2486879,2849897,6.850566638568886
1279668,363018,2486940,2849958,6.850734674313671
1279767,363051,2487038,2850089,6.850381902267174
1279816,363072,2487093,2850165,6.850137162876785
1281370,363307,2488704,2852011,6.850140514771254
1281878,363307,2489606,2852913,6.852623263520934
1281989,363307,2489863,2853170,6.853330654240078
1281992,363308,2489866,2853174,6.853320048003347
1282035,363338,2490005,2853343,6.85313674870231
1282180,363390,2490139,2853529,6.852524835576102
1282309,363426,2490385,2853811,6.852522934517618
1282330,363431,2490405,2853836,6.8524836901640205
1282353,363438,2490435,2853873,6.852434252884949
1282362,363440,2490451,2853891,6.85244056790667
1282362,363440,2490451,2853891,6.85244056790667
1282378,363449,2490475,2853924,6.852336916596276
1282381,363453,2490486,2853939,6.8522917681240765
1282427,363460,2490515,2853975,6.852239586199307
1282462,363476,2490601,2854077,6.8521745589805105
1282497,363483,2490743,2854226,6.852433263728978
1282514,363491,2490774,2854265,6.8523677340016675
1282659,363531,2492114,2855645,6.85529982312375
1282741,363570,2492237,2855807,6.854902769755481
1282916,363622,2492373,2855995,6.854296494711541
1283889,364035,2494043,2858078,6.851107723158488
1283911,364040,2494078,2858118,6.851109768157345
1283973,364040,2494245,2858285,6.85156850895506
1284056,364143,2494425,2858568,6.850124813603447
1284120,364153,2494612,2858765,6.8504502228458914
1284417,364264,2495067,2859331,6.849611819998683
1284437,364269,2495101,2859370,6.8496111390208885
1285338,364410,2496619,2861029,6.851126478417167
1285339,364410,2496621,2861031,6.851131966740759
1285613,364410,2497005,2861415,6.852185724870338
1285666,364430,2497076,2861506,6.852004500178361
1285829,364439,2498010,2862449,6.854398129728158
1285915,364439,2498149,2862588,6.854779537865047
1285919,364439,2498151,2862590,6.854785025751909
1285933,364439,2498177,2862616,6.854856368281111
1285971,364439,2498272,2862711,6.855117042907043
1286064,364469,2498465,2862934,6.855082325245768
1286105,364469,2498488,2862957,6.85514543074994
1286360,364681,2498976,2863657,6.852498484977281
1286388,364694,2499018,2863712,6.852369383647661
1286673,364694,2499618,2864312,6.854014598540146
1286712,364694,2499734,2864428,6.85433267341936
1286799,364706,2499815,2864521,6.854329240538955
1286820,364706,2499844,2864550,6.854408756642337
1286842,364709,2499892,2864601,6.854483985862702
1286871,364722,2499933,2864655,6.854352081859608
1286934,364722,2500014,2864736,6.854574168818991
1287038,364748,2500318,2865066,6.854919012578548
1287048,364748,2500349,2865097,6.855004002763552
1287112,364759,2500461,2865220,6.8551043291598015
1287112,364759,2500461,2865220,6.8551043291598015
1287335,364962,2500888,2865850,6.852461352140771
1287439,365050,2501099,2866149,6.851387481166963
1287578,365050,2501352,2866402,6.8520805369127515
1287973,365050,2502010,2867060,6.853883029721956
1288026,365050,2502297,2867347,6.854669223394056
1288027,365050,2502310,2867360,6.8547048349541155
1288050,365050,2502344,2867394,6.854797972880427
1288114,365058,2502493,2867551,6.8550559089240615
1288125,365066,2502522,2867588,6.854985125977221
1288144,365078,2502557,2867635,6.85485567467774
1288162,365091,2502595,2867686,6.8547156736265755
1288191,365115,2502626,2867741,6.854349999315284
1288244,365118,2502709,2867827,6.854521004168515
1288294,365154,2502793,2867947,6.854075266873703
1288346,365166,2502816,2867982,6.853913014902811
1288454,365166,2503373,2868539,6.85543834858667
1288545,365166,2503552,2868718,6.8559285366107465
1288700,365269,2503791,2869060,6.8546495870166915
1288745,365282,2503836,2869118,6.8545288297808264
1288884,365282,2503836,2869118,6.8545288297808264
1288894,365286,2503850,2869136,6.8544920966037575
1288959,365289,2503897,2869186,6.85456446813345
1288975,365289,2503897,2869186,6.85456446813345
1289030,365302,2503938,2869240,6.854432770693837
1289156,365363,2504243,2869606,6.854123159706922
1289267,365363,2504281,2869644,6.854227165859706
1289272,365365,2504286,2869651,6.854203330915659
1289346,365407,2504425,2869832,6.853795904293021
1289352,365407,2504441,2869848,6.853839691084188
1289358,365407,2504457,2869864,6.853883477875355
1289389,365416,2504468,2869884,6.853744773080543
1289407,365430,2504494,2869924,6.853553348110445
1289442,365447,2504588,2870035,6.853491751197848
1290179,365889,2505902,2871791,6.848803872212611
1290379,365889,2506342,2872231,6.850006422712899
1290415,365917,2506398,2872315,6.849635299808426
1290426,365922,2506420,2872342,6.849601827711917
1290492,365922,2506542,2872464,6.849935232098644
1290508,365927,2506558,2872485,6.849885359648236
1290838,365927,2507231,2873158,6.851724524290364
1290849,365932,2507243,2873175,6.8516636970803315
1290880,365932,2507317,2873249,6.851865920444236
1290905,365940,2507338,2873278,6.8517735147838446
1290925,365940,2507359,2873299,6.851830901240641
1290951,365975,2507435,2873410,6.851383291208416
1290953,365977,2507435,2873412,6.851345849602571
1290987,365988,2507497,2873485,6.851309332546422
1291046,366007,2507577,2873584,6.85117224533957
1291063,366024,2507649,2873673,6.851050750770441
1291089,366038,2507700,2873738,6.8509280457220285
1291571,366109,2508650,2874759,6.852194291863898
1291602,366109,2508699,2874808,6.852328131785889
1291713,366109,2508914,2875023,6.852915388586459
1291738,366113,2508952,2875065,6.8529443095437745
1291769,366124,2508981,2875105,6.852817624629907
1291823,366137,2509022,2875159,6.85268628955828
1291916,366137,2509228,2875365,6.853248920486047
1291966,366137,2509335,2875472,6.853541160822315
1292308,366352,2510201,2876553,6.851882888588024
1292622,366359,2511038,2877397,6.854036614359139
1292730,366359,2511595,2877954,6.855556980994052
1292734,366362,2511596,2877958,6.8555035729688125
1292777,366364,2511627,2877991,6.855550763721326
1293044,366364,2512284,2878648,6.857344062189516
1293052,366367,2512290,2878657,6.85730428777701
1293299,366367,2512645,2879012,6.858273261510998
1293309,366367,2512661,2879028,6.8583169335666145
1295096,366367,2512661,2879028,6.8583169335666145
1295832,366567,2514111,2880678,6.858530636964048
1296417,366588,2514587,2881175,6.8594362063133545
1296427,366588,2514599,2881187,6.8594689406090765
1296456,366588,2514637,2881225,6.8595725992121945
1296462,366591,2514649,2881240,6.859549197879926
1296546,366625,2514749,2881374,6.859185816570065
1296702,366625,2514892,2881517,6.859575860893283
1296756,366642,2514966,2881608,6.859459636375538
1296799,366667,2515032,2881699,6.859171946207321
1296807,366671,2515047,2881718,6.859138028368756
1296814,366671,2515047,2881718,6.859138028368756
1296857,366696,2515147,2881843,6.858943102733599
1297585,366718,2516747,2883465,6.862894649294553
1297597,366722,2516771,2883493,6.862885237318732
1297833,366724,2517043,2883767,6.863589511458208
1297865,366740,2517092,2883832,6.863423678900584
1297906,366761,2517125,2883886,6.863120669864026
1297943,366782,2517182,2883964,6.8628831294883605
1298425,366782,2518337,2885119,6.866032138981739
1298453,366799,2518371,2885170,6.865806613431334
1298485,366799,2518419,2885218,6.865937475293008
1298552,366799,2518571,2885370,6.866351871188307
1298609,366828,2518663,2885491,6.8660598427600945
1298667,366828,2518732,2885560,6.8662479418146924
1298716,366840,2518815,2885655,6.866249591102388
1298720,366840,2518832,2885672,6.866295932831752
1298775,366867,2518915,2885782,6.8660168398902055
1298795,366867,2518939,2885806,6.866082258693205
1298879,366891,2519012,2885903,6.865832086368976
1298906,366898,2519037,2885935,6.86576923286581
1299099,366898,2519415,2886313,6.866799491956892
1299314,366903,2519556,2886459,6.867090211854359
1299323,366907,2519576,2886483,6.867069856939224
1299369,366907,2519631,2886538,6.867219758685444
1299427,366942,2519748,2886690,6.866883594682538
1299437,366942,2519764,2886706,6.866927198303819
1299530,366942,2519916,2886858,6.867341432705986
1300050,367324,2520976,2888300,6.8630854504470165
1300135,367329,2521064,2888393,6.8632315989208585
1300164,367334,2521084,2888418,6.863192625784708
1300197,367349,2521140,2888489,6.863064823914043
1300235,367361,2521224,2888585,6.863069296958577
1300339,367420,2521417,2888837,6.862492515377497
1300356,367429,2521447,2888876,6.86240607028841
1300605,367511,2521697,2889208,6.8615551643352175
1300635,367511,2521752,2889263,6.861704819719682
1300657,367516,2521784,2889300,6.861698538294932
1300698,367539,2521825,2889364,6.861380697014466
1300746,367551,2521877,2889428,6.8612981599832406
1300768,367551,2521937,2889488,6.861461402635281
1300861,367572,2521989,2889561,6.861210864810159
1300876,367572,2522040,2889612,6.861349613137018
1300935,367611,2522190,2889801,6.861029729795899
1300947,367611,2522205,2889816,6.861070533797955
1300957,367618,2522213,2889831,6.860961650408848
1301043,367664,2522343,2890007,6.860456830149267
1301091,367672,2522425,2890097,6.860530581605344
1301166,367675,2522528,2890203,6.86075474263956
1301212,367684,2522575,2890259,6.860714635393435
1301273,367712,2522725,2890437,6.860600143590636
1301313,367730,2522792,2890522,6.8604465232643514
1301458,367740,2522986,2890726,6.860787512916735
1301549,367772,2523227,2890999,6.860845850146286
1301599,367772,2523339,2891111,6.8611503866526
1301604,367776,2523343,2891119,6.861086639693727
1301658,367789,2523393,2891182,6.860980072813488
1301677,367789,2523408,2891197,6.861020857067503
1301696,367789,2523433,2891222,6.861088830824196
1301722,367789,2523459,2891248,6.861159523531155
1301731,367790,2523476,2891266,6.86118709045923
1301753,367798,2523502,2891300,6.8611085432764725
1301762,367800,2523517,2891317,6.861112017400761
1301807,367805,2523621,2891426,6.861301504873507
1301881,367817,2523784,2891601,6.861520810620498
1302208,367817,2524607,2892424,6.863758336346607
1302260,367851,2524744,2892595,6.86349636129846
1302266,367851,2524792,2892643,6.86362684891437
1302282,367851,2524818,2892669,6.863697529706322
1302287,367851,2524824,2892675,6.86371384065831
1302359,367851,2525011,2892862,6.864222198661958
1302400,367877,2525063,2892940,6.86387841588357
1302404,367879,2525065,2892944,6.8638465364970545
1302451,367897,2525278,2893175,6.864089677273802
1302776,368079,2525817,2893896,6.862160025429324
1303340,368302,2526575,2894877,6.860063208996965
1303404,368350,2526693,2895043,6.8594896158544865
1303540,368400,2526873,2895273,6.859047231270358
1303565,368400,2526917,2895317,6.859166666666667
1303643,368403,2527071,2895474,6.859528831198443
1304569,368403,2528993,2897396,6.864745943979827
1304625,368420,2529111,2897531,6.864749470712773
1304629,368420,2529118,2897538,6.86476847076706
1304808,368530,2529303,2897833,6.863221447371991
1304831,368530,2529342,2897872,6.863327273220634
1304834,368530,2529351,2897881,6.86335169457032
1304894,368530,2529454,2897984,6.8636311833500665
1304903,368534,2529463,2897997,6.863581107848937
1305035,368559,2529507,2898066,6.863234923038102
1305043,368562,2529512,2898074,6.863192624307444
1305056,368562,2529538,2898100,6.863263168747728
1305097,368590,2529604,2898194,6.862920860576793
1305226,368677,2529862,2898539,6.862001155482984
1305283,368691,2529899,2898590,6.861840945398721
1305374,368705,2529977,2898682,6.861791947491898
1305438,368720,2530136,2898856,6.861944022564548
1305445,368720,2530136,2898856,6.861944022564548
1305587,368720,2530323,2899043,6.862451182469083
1305805,368810,2530845,2899655,6.86219191453594
1305828,368822,2530874,2899696,6.862047274837185
1306177,368944,2531238,2900182,6.8607647773103775
1306204,368958,2531263,2900221,6.860572206050553
1306208,368960,2531267,2900227,6.860545858629662
1306306,368995,2531424,2900419,6.860320600550143
1306325,369000,2531431,2900431,6.860246612466125
1306336,369011,2531447,2900458,6.860085471706806
1306351,369016,2531459,2900475,6.86002503956468
1306440,369088,2531665,2900753,6.859244949713889
1306567,369090,2532040,2901130,6.860223793654664
1306886,369095,2532620,2901715,6.86170227177285
1307189,369241,2533330,2902571,6.860911978897251
1307213,369241,2533385,2902626,6.861060933103312
1307219,369248,2533390,2902638,6.860944405927723
1307257,369264,2533479,2902743,6.860888145066944
1307261,369264,2533481,2902745,6.860893561246154
1307304,369274,2533564,2902838,6.860932532482655
1307572,369432,2534088,2903520,6.8594166179432206
1307641,369456,2534313,2903769,6.85958003118098
1307660,369461,2534351,2903812,6.859590051453333
1307714,369502,2534437,2903939,6.859061655958561
1307755,369527,2534504,2904031,6.858778925491236
1307771,369532,2534547,2904079,6.858802485305738
1307801,369545,2534578,2904123,6.858645090584368
1308087,369545,2535088,2904633,6.8600251660826155
1308258,369564,2535201,2904765,6.859978244634218
1308283,369586,2535232,2904818,6.859653774764196
1308671,369589,2536005,2905594,6.861689606562966
1308684,369589,2536028,2905617,6.861751837852317
1308721,369602,2536093,2905695,6.861686354511068
1308752,369611,2536156,2905767,6.861689722437914
1308809,369629,2536295,2905924,6.861731628200168
1308874,369654,2536410,2906064,6.861578665454722
1308878,369654,2536417,2906071,6.861597602081947
1308909,369658,2536496,2906154,6.861737065070957
1308945,369658,2536525,2906183,6.861815515963404
1309016,369685,2536730,2906415,6.861868888377943
1309039,369702,2536770,2906472,6.861661554441144
1309063,369719,2536786,2906505,6.861389325406592
1309066,369719,2536798,2906517,6.861421782488863
1309079,369719,2536825,2906544,6.861494810923972
1309215,369725,2537393,2907118,6.862919737642843
1309263,369733,2537443,2907176,6.862906475754126
1309292,369744,2537508,2907252,6.862878099441776
1309343,369757,2537590,2907347,6.862858580094494
1309404,369798,2537735,2907533,6.862489791724131
1309542,369866,2538058,2907924,6.862101409699729
1309559,369866,2538103,2907969,6.862223075384058
1309574,369872,2538124,2907996,6.862168533979323
1309587,369879,2538150,2908029,6.862108959957175
1309708,369879,2538332,2908211,6.862601012763633
1309726,369896,2538360,2908256,6.862361312368882
1309849,369945,2538481,2908426,6.861779453702577
1309931,370011,2538666,2908677,6.861055482134315
1309954,370018,2538714,2908732,6.861055408115281
1310008,370018,2538825,2908843,6.8613553935213965
1310031,370035,2538850,2908885,6.861107733052279
1310108,370052,2539019,2909071,6.861249229837969
1310280,370109,2539179,2909288,6.860624842951671
1310591,370238,2539515,2909753,6.859141957335551
1310618,370242,2539540,2909782,6.859135376321433
1310645,370258,2539577,2909835,6.858938902062886
1310652,370258,2539591,2909849,6.8589767135348865
1310670,370258,2539611,2909869,6.859030729923459
1311061,370266,2540702,2910968,6.861829063430075
1312087,370288,2541981,2912269,6.864875448299702
1312096,370288,2541990,2912278,6.864899753705224
1312112,370289,2542014,2912303,6.864946028642493
1312915,370289,2543960,2914249,6.870201383243899
1313005,370299,2544060,2914359,6.870285904093719
1313324,370400,2544355,2914755,6.869208963282937
1313335,370405,2544376,2914781,6.8691729323308275
1313409,370425,2544535,2914960,6.869231288384963
1313498,370452,2544603,2915055,6.868914191312235
1313511,370469,2544645,2915114,6.868712361898027
1313527,370469,2544671,2915140,6.868782543208743
1313543,370469,2544697,2915166,6.868852724519461
1313578,370484,2544758,2915242,6.868739270791721
1314767,370484,2546749,2917233,6.8741133220328
1315304,370695,2547352,2918047,6.871827243421142
1315315,370695,2547370,2918065,6.871875800860546
1315426,370695,2547679,2918374,6.872709370236987
1315470,370705,2547813,2918518,6.872885447997734
1315564,370761,2547980,2918741,6.872297787523499
1315645,370761,2548110,2918871,6.872648417713838
1315692,370764,2548165,2918929,6.872741150705031
1316050,370846,2548534,2919380,6.872216499571251
1316081,370846,2548554,2919400,6.8722704303133915
1316114,370866,2548652,2919518,6.87216407004147
1316118,370869,2548654,2919523,6.872113873092656
1316166,370885,2548688,2919573,6.871909082330102
1316171,370888,2548700,2919588,6.871885852332779
1317358,370891,2551434,2922325,6.879201706161648
1317470,370969,2551786,2922755,6.8787041504815765
1317572,371003,2552021,2923024,6.878707180265389
1317615,371011,2552088,2923099,6.878739444383051
1317647,371023,2552141,2923164,6.878659813542557
1317725,371023,2552305,2923328,6.879101834657151
1317760,371041,2552392,2923433,6.879002590010268
1317800,371054,2552436,2923490,6.878880162995143
1317816,371060,2552458,2923518,6.878828221850914
1317819,371061,2552462,2923523,6.878820463481746
1317875,371061,2552654,2923715,6.8793378986204425
1318203,371112,2552897,2924009,6.8790472956951
1318516,371112,2553683,2924795,6.881165254694
1318652,371112,2553816,2924928,6.881523637069133
1318705,371146,2553871,2925017,6.881041423051845
1318722,371146,2553905,2925051,6.881133031206049
1318940,371180,2554050,2925230,6.88089336709952
1319078,371207,2554123,2925330,6.88058953629646
1319148,371231,2554243,2925474,6.880467956609227
1319186,371238,2554302,2925540,6.880497147382542
1319222,371263,2554349,2925612,6.880160425358842
1319279,371314,2554471,2925785,6.879543997802399
1319331,371341,2554574,2925915,6.879321163028052
1319350,371348,2554628,2925976,6.879336902312655
1319602,371502,2555219,2926721,6.878076026508605
1319624,371502,2555224,2926726,6.878089485386351
1319718,371539,2555400,2926939,6.877878230818299
1320184,371545,2556251,2927796,6.880057597330068
1320214,371559,2556303,2927862,6.879938313968979
1320362,371560,2556737,2928297,6.881087845839165
1320375,371560,2556744,2928304,6.88110668532673
1320386,371565,2556777,2928342,6.8811029025877035
1320432,371568,2556847,2928415,6.881235736123671
1320490,371578,2556930,2928508,6.8812739182621145
1320500,371578,2556946,2928524,6.881316977861983
1321090,372004,2558931,2930935,6.878772808894528
1321299,372052,2559143,2931195,6.8784551621816306
1321353,372085,2559238,2931323,6.878100434040609
1321617,372085,2559907,2931992,6.8798984103094725
1321628,372086,2559930,2932016,6.879941733900227
1321669,372086,2559983,2932069,6.880084174088786
1321696,372113,2560019,2932132,6.879681709588216
1321789,372155,2560109,2932264,6.879147129556233
1321863,372155,2560205,2932360,6.879405086590265
1321904,372168,2560294,2932462,6.879403925109091
1321919,372174,2560318,2932492,6.8793575048230124
1321980,372188,2560412,2932600,6.879351295581802
1322017,372201,2560438,2932639,6.879180872700503
1322055,372216,2560508,2932724,6.879091710189782
1322114,372216,2560620,2932836,6.8793926107421495
1322457,372315,2560906,2933221,6.87833152035239
1322519,372326,2561015,2933341,6.8784210611131105
1322580,372361,2561162,2933523,6.878169303444776
1322716,372379,2561512,2933891,6.878776730159327
1322745,372390,2561537,2933927,6.87864067241333
1322961,372503,2561841,2934344,6.877370115140012
1323061,372565,2561957,2934522,6.876536980124274
1323080,372571,2561981,2934552,6.87649065547238
1323173,372590,2562087,2934677,6.876424488043157
1323223,372610,2562171,2934781,6.876280829822066
1323561,372629,2562927,2935556,6.877959042371903
1323616,372651,2563022,2935673,6.8778079221577295
1323634,372654,2563070,2935724,6.877881359115963
1323763,372690,2563241,2935931,6.877675816362124
1323826,372697,2563282,2935979,6.87765664869854
1323857,372713,2563323,2936036,6.877471405612361
1323915,372729,2563392,2936121,6.877361300033
1324046,372757,2563522,2936279,6.8771934531075205
1324075,372778,2563581,2936359,6.876964305833499
1324108,372796,2563671,2936467,6.876873678902134
1324110,372799,2563682,2936481,6.876847845621904
1324127,372799,2563727,2936526,6.876968554100198
1324146,372805,2563746,2936551,6.876908839741956
1325262,372911,2565477,2938388,6.879595935759471
1325286,372918,2565523,2938441,6.8795901511860515
1325352,372959,2565693,2938652,6.879289680635137
1325384,372968,2565736,2938704,6.8792389695630725
1325419,372968,2565748,2938716,6.8792711439051075
1325429,372977,2565775,2938752,6.879177536416455
1325465,373011,2565804,2938815,6.878628244207276
1325495,373022,2565941,2938963,6.878792671745902
1325821,373025,2566878,2939903,6.881249246029086
1325846,373041,2566940,2939981,6.88112030581089
1325866,373047,2566960,2940007,6.881063244041636
1326015,373051,2573550,2946601,6.898654607546957
1326637,373381,2575058,2948439,6.896596238158878
1326728,373381,2575278,2948659,6.897185448643611
1326892,373417,2575416,2948833,6.896890071957088
1326987,373429,2575549,2948978,6.897024601731521
1327124,373453,2575753,2949206,6.8971276171298666
1327302,373559,2576243,2949802,6.896482215660712
1327323,373564,2576251,2949815,6.89641132443169
1327381,373581,2576297,2949878,6.896220632205599
1327390,373587,2576309,2949896,6.896141996375677
1327400,373594,2576335,2949929,6.896082378196652
1327403,373597,2576345,2949942,6.896053769168382
1327420,373597,2576375,2949972,6.89613406959906
1327437,373597,2576420,2950017,6.896254520245077
1328514,373681,2578033,2951714,6.899020822573265
1328516,373681,2578037,2951718,6.8990315268905835
1328545,373709,2578071,2951780,6.89860559954403
1328563,373716,2578090,2951806,6.898527223881236
1328593,373716,2578090,2951806,6.898527223881236
1328614,373725,2578112,2951837,6.8984199612014185
1328616,373725,2578114,2951839,6.898425312729948
1328662,373729,2578208,2951937,6.898602998429343
1328685,373738,2578228,2951966,6.898490386313407
1328716,373767,2578347,2952114,6.898273523344757
1328762,373773,2578406,2952179,6.8983206384623825
1328944,373773,2578950,2952723,6.89977606729218
1328954,373773,2578966,2952739,6.899818874022468
1329061,373823,2579123,2952946,6.899315986442781
1329177,373823,2579307,2953130,6.899808197997448
1329190,373823,2579330,2953153,6.899869724441781
1329219,373834,2579350,2953184,6.89972019666483
1329351,373910,2579613,2953523,6.8990211548233535
1329539,373966,2579845,2953811,6.898608429643336
1329669,373967,2580230,2954197,6.899619485141737
1329711,373986,2580275,2954261,6.899389281951731
1329717,373991,2580282,2954273,6.8993157589353755
1329784,373991,2580342,2954333,6.899476190603517
1329794,373991,2580354,2954345,6.899508276937145
1329827,373991,2580386,2954377,6.899593840493488
1329894,373991,2580567,2954558,6.900077809359049
1329904,373991,2580583,2954574,6.90012059113722
1330031,374030,2580814,2954844,6.900018715076331
1330141,374042,2581039,2955081,6.900398885686634
1330165,374042,2581072,2955114,6.900487111073088
1330274,374118,2581301,2955419,6.899697421669099
1330516,374118,2581885,2956003,6.901258426485761
1331162,374427,2582870,2957297,6.898193773419118
1331195,374454,2582933,2957387,6.897864624226207
1331292,374520,2583082,2957602,6.897046886681619
1331551,374719,2583726,2958445,6.895102730312581
1331770,374807,2584026,2958833,6.894284258298271
1331807,374827,2584081,2958908,6.894063127789621
1332049,374926,2584401,2959327,6.893096237657565
1332117,374943,2584441,2959384,6.892890386005339
1332199,374957,2584553,2959510,6.892931722837552
1332208,374959,2584575,2959534,6.892953629596836
1332331,374993,2584773,2959766,6.892856666657778
1332358,374998,2584823,2959821,6.892898095456509
1332407,375015,2584852,2959867,6.892662960148261
1332424,375026,2584865,2959891,6.892495453648547
1332840,375026,2585520,2960546,6.8942419992213875
1333094,375166,2585839,2961005,6.8925195780001385
1333138,375193,2585919,2961112,6.892236795462602
1333919,375193,2587062,2962255,6.895283227565546
1333970,375220,2587170,2962390,6.89507488939822
1333998,375230,2587210,2962440,6.894997734722703
1334315,375458,2587945,2963403,6.892768298984174
1334807,375634,2588425,2964059,6.890816592747195
1334828,375654,2588456,2964110,6.890532245097883
1334967,375662,2588771,2964433,6.8912240258530275
1334971,375667,2588790,2964457,6.891182882712616
1335052,375667,2588979,2964646,6.891685987856266
1335168,375667,2589277,2964944,6.892479243585409
1335176,375671,2589298,2964969,6.892461755099542
1335203,375692,2589331,2965023,6.892164326096909
1335212,375694,2589347,2965041,6.892170223639451
1335232,375702,2589374,2965076,6.892095330873937
1335260,375727,2589414,2965141,6.891743207169035
1335299,375753,2589455,2965208,6.891375451426868
1335384,375758,2589554,2965312,6.8915472192208815
1335421,375771,2589648,2965419,6.8915589547889535
1335465,375791,2589707,2965498,6.891349180794644
1335498,375799,2589774,2965573,6.891380764717309
1335534,375816,2589830,2965646,6.891218042872044
1335649,375846,2589901,2965747,6.890856893514897
1335666,375860,2589936,2965796,6.8906933432661095
1335711,375869,2589984,2965853,6.890656053039756
1335912,376016,2590345,2966361,6.888922279902983
1335968,376042,2590466,2966508,6.888767744028592
1336242,376081,2591029,2967110,6.8895503894107915
1336341,376142,2591318,2967460,6.889201418613183
1336347,376144,2591337,2967481,6.889215300523204
1336377,376153,2591369,2967522,6.889135537932703
1336448,376175,2591495,2967670,6.889067588223567
1336481,376186,2591526,2967712,6.888948552046062
1336507,376197,2591547,2967744,6.888802941012289
1336542,376218,2591608,2967826,6.888580557017474
1336599,376218,2591728,2967946,6.888899521022386
1336805,376218,2592177,2968395,6.890092978007432
1336916,376273,2592358,2968631,6.889566883619074
1336930,376286,2592397,2968683,6.88943250612566
1337314,376416,2593721,2970137,6.890570538978152
1337476,376416,2593988,2970404,6.891279860579784
1337548,376439,2594120,2970559,6.891209465544218
1337555,376444,2594132,2970576,6.891149812455505
1337655,376444,2594233,2970677,6.891418112654206
1337794,376444,2594556,2971000,6.892276142002529
1337827,376448,2594586,2971034,6.892282599455967
1337830,376448,2594593,2971041,6.892301194321659
1345490,376463,2657463,3033926,7.05902837729073
1345619,376464,2657845,3034309,7.0600243316758045
1346023,376476,2658801,3035277,7.06233863513212
1346090,376494,2658857,3035351,7.06214972881374
1346091,376494,2658860,3035354,7.062157697068214
1346108,376499,2658890,3035389,7.06214359135084
1346117,376499,2658901,3035400,7.062172807895904
1346119,376501,2658913,3035414,7.062167165558657
1346384,376507,2659413,3035920,7.063382619712249
1346507,376554,2659560,3036114,7.0628913781290334
1346618,376590,2659676,3036266,7.062524230595608
1346652,376607,2659696,3036303,7.062258534759046
1346659,376612,2659708,3036320,7.062196637388081
1346803,376619,2660020,3036639,7.062893799834846
1346824,376625,2660052,3036677,7.0628662462661795
1346837,376633,2660067,3036700,7.062756051647094
1346859,376633,2660127,3036760,7.062915357921372
1346894,376661,2660218,3036879,7.062631915701386
1346953,376689,2660299,3036988,7.06232196852045
1346969,376706,2660349,3037055,7.062135989339167
1347005,376727,2660395,3037122,7.061864427025406
1347099,376727,2660564,3037291,7.062313027736265
1347115,376745,2660597,3037342,7.062063199246174
1347120,376748,2660606,3037354,7.062030853514816
1347145,376757,2660641,3037398,7.061955053257139
1347308,376860,2660960,3037820,7.060871411134108
1347337,376865,2660980,3037845,7.060830801480637
1347370,376880,2661043,3037923,7.060716939078752
1347454,376948,2661329,3038277,7.060201937667795
1347512,376985,2661465,3038450,7.059869756091091
1347542,376999,2661540,3038539,7.059806524685742
1347546,376999,2661547,3038546,7.0598250923742505
1347881,376999,2662198,3039197,7.061551887405537
1347971,377037,2662329,3039366,7.061187628800356
1348069,377068,2662400,3039468,7.06079540029915
1348087,377085,2662420,3039505,7.060530119203893
1348140,377099,2662490,3039589,7.060453620932434
1348247,377134,2662583,3039717,7.0600449707531014
1348248,377134,2662585,3039719,7.060050273907948
1348256,377135,2662591,3039726,7.060047463110027
1348367,377135,2662807,3039942,7.060620202314821
1348911,377283,2663329,3040612,7.059234049771657
1348962,377325,2663456,3040781,7.05878486715696
1349187,377426,2663934,3041360,7.05816239474758
1349251,377428,2664070,3041498,7.058485327002766
1349792,377666,2664973,3042639,7.056428166686967
1350433,377666,2665943,3043609,7.058996573692098
1350443,377671,2665957,3043628,7.058940188682742
1350484,377671,2665980,3043651,7.059001088248767
1350495,377677,2665994,3043671,7.058926013498307
1350556,377687,2666067,3043754,7.058932396402312
1350567,377692,2666075,3043767,7.058860129417621
1350584,377693,2666088,3043781,7.058875859494351
1350635,377710,2666192,3043902,7.058833496597919
1350751,377740,2666287,3044027,7.05852438184995
1350793,377752,2666359,3044111,7.05849075583981
1350825,377775,2666426,3044201,7.058238369399775
1350835,377775,2666455,3044230,7.058315134670108
1350892,377779,2666467,3044246,7.0582721644135855
1351088,377828,2667056,3044884,7.058915697089681
1351111,377837,2667101,3044938,7.058866654139218
1351768,377984,2667558,3045542,7.057330469014562
1351805,377997,2667587,3045584,7.05716447485033
1352029,378093,2667981,3046074,7.056414691623489
1352199,378093,2668202,3046295,7.0569992038995695
1352218,378094,2668237,3046331,7.057073108803631
1352250,378107,2668306,3046413,7.057012961939345
1352423,378257,2668818,3047075,7.055568039719027
1352852,378257,2669652,3047909,7.057772889860598
1352885,378271,2669697,3047968,7.057630640466756
1353285,378362,2670315,3048677,7.05756656323838
1353314,378377,2670356,3048733,7.057395137653716
1353361,378383,2670385,3048768,7.057359870818721
1353386,378387,2670450,3048837,7.057457047942979
1353418,378411,2670483,3048894,7.057096648881771
1353423,378413,2670491,3048904,7.0570804914207494
1353455,378430,2670520,3048950,7.056840102528869
1353470,378447,2670550,3048997,7.05660237761166
1353492,378447,2670574,3049021,7.05666579468195
1353510,378453,2670607,3049060,7.056641115277194
1353519,378458,2670628,3049086,7.056603374747
1353562,378473,2670671,3049144,7.056437315211389
1353580,378490,2670696,3049186,7.056186425004624
1353593,378496,2670707,3049203,7.056103631214068
1353604,378503,2670714,3049217,7.05599163018523
1353800,378503,2671042,3049545,7.056858201916497
1353805,378505,2671054,3049559,7.0568526175347746
1353847,378519,2671113,3049632,7.056747481632362
1353874,378533,2671145,3049678,7.056571025511646
1354064,378533,2671466,3049999,7.057419036121025
1354074,378533,2671482,3050015,7.057461304562614
1354081,378534,2671491,3050025,7.057466436304269
1354626,378702,2672287,3050989,7.056437515513517
1354646,378725,2672330,3051055,7.056122516337712
1354654,378725,2672330,3051055,7.056122516337712
1354718,378748,2672475,3051223,7.056076863772218
1354802,378816,2672636,3051452,7.055235259334347
1354807,378818,2672643,3051461,7.05521648918478
1354808,378818,2672648,3051466,7.055229688135199
1354852,378833,2672780,3051613,7.055298772810183
1355114,379005,2673415,3052420,7.053772377673118
1355146,379007,2673462,3052469,7.053859163551069
1355456,379098,2674025,3053123,7.053651034824768
1355476,379098,2674046,3053144,7.053706429472062
1355498,379104,2674099,3053203,7.053734595256183
1355623,379162,2674333,3053495,7.053272743576624
1355654,379176,2674416,3053592,7.053231217165643
1355692,379202,2674473,3053675,7.052897927753546
1355705,379210,2674487,3053697,7.0527860552200625
1355714,379213,2674499,3053712,7.0527619042596115
1355831,379273,2674638,3053911,7.052012666337967
1355886,379285,2674719,3054004,7.05200311111697
1355926,379289,2674815,3054104,7.05218184550567
1356341,379533,2675647,3055180,7.049840198349024
1356640,379614,2676065,3055679,7.049437059750168
1356674,379640,2676107,3055747,7.049064903592877
1356704,379675,2676172,3055847,7.048586290906696
1356739,379685,2676222,3055907,7.0485323360153815
1356776,379697,2676272,3055969,7.048441257107641
1356808,379709,2676320,3056029,7.048344916765207
1356830,379711,2676327,3056038,7.048326227051626
1356853,379724,2676350,3056074,7.048145495149108
1356860,379727,2676366,3056093,7.048131947425388
1356897,379728,2676425,3056153,7.048268760797202
1356979,379781,2676516,3056297,7.0475247576893
1357005,379787,2676555,3056342,7.047516107713007
1357118,379861,2676748,3056609,7.046651275071671
1357131,379867,2676780,3056647,7.046624213211466
1357142,379876,2676794,3056670,7.046494119133612
1357967,380040,2677659,3057699,7.045729396905589
1357988,380044,2677676,3057720,7.045699971582238
1358012,380054,2677721,3057775,7.0456329889963
1358035,380061,2677779,3057840,7.045655828932724
1358486,380061,2678720,3058781,7.048131747272149
1358524,380061,2678777,3058838,7.048281723197066
1358589,380072,2678870,3058942,7.04832242311983
1358799,380121,2679127,3059248,7.048089950305298
1358804,380123,2679153,3059276,7.048121266011265
1358807,380124,2679156,3059280,7.048110616535657
1358875,380124,2679298,3059422,7.048484178846903
1358901,380134,2679343,3059477,7.048417137114807
1359027,380192,2679622,3059814,7.048075709115395
1359086,380192,2679743,3059935,7.048393969362849
1359104,380192,2679776,3059968,7.048480767612154
1359124,380196,2679796,3059992,7.048459215772917
1359135,380207,2679814,3060021,7.048302635143488
1359407,380344,2680199,3060543,7.046776076394001
1359425,380353,2680237,3060590,7.046709241152298
1359521,380359,2680330,3060689,7.046842588186424
1359530,380362,2680366,3060728,7.046881654844595
1359562,380377,2680429,3060806,7.046769389316388
1359569,380384,2680444,3060828,7.046679145284765
1359587,380390,2680477,3060867,7.046654749073319
1360022,380414,2680885,3061299,7.047282697271919
1360057,380417,2680969,3061386,7.0474479321376275
1360094,380430,2681015,3061445,7.047328023552296
1360112,380433,2681040,3061473,7.047338164670258
1360425,380539,2681396,3061935,7.046310627820013
1360535,380539,2681736,3062275,7.047204097346133
1360670,380607,2682363,3062970,7.047592398458252
1360910,380721,2682716,3063437,7.0464093128563965
1360972,380780,2682820,3063600,7.045590629759967
1361082,380833,2682983,3063816,7.045038113818918
1361230,380885,2683313,3064198,7.044942699239928
1361281,380903,2683382,3064285,7.044790931024434
1361282,380903,2683384,3064287,7.0447961817050535
1361290,380908,2683391,3064299,7.044722085122917
1361321,380920,2683432,3064352,7.044607791662291
1361393,380920,2683569,3064489,7.044967447233015
1361520,380993,2683790,3064783,7.044197662424244
1361688,381026,2684110,3065136,7.044427414402167
1361706,381033,2684152,3065185,7.044408227108938
1362067,381145,2684442,3065587,7.043099083026145
1362119,381145,2684482,3065627,7.04320402996235
1362122,381146,2684485,3065631,7.043193421943298
1362497,381337,2685219,3066556,7.041590509182167
1362670,381346,2686212,3067558,7.044028257802625
1362775,381434,2686394,3067828,7.042880288595144
1362799,381439,2686418,3067857,7.042850888346498
1363052,381565,2687200,3068765,7.0425746596254895
1363500,381960,2687870,3069830,7.037045763954341
1363547,381978,2687937,3069915,7.036889559084555
1363629,382021,2688114,3070135,7.036560817337267
1364129,382021,2688703,3070724,7.038102617395379
1365442,382028,2691998,3074026,7.046598678630886
1365445,382028,2692007,3074035,7.04662223711351
1365546,382081,2692232,3074313,7.046233652026665
1365562,382090,2692261,3074351,7.046143578737993
1365614,382132,2692352,3074484,7.045607277066563
1365723,382142,2692735,3074877,7.046425150860151
1365728,382142,2692758,3074900,7.046485337911038
1365740,382148,2692777,3074925,7.046424421951705
1365763,382150,2692792,3074942,7.046426795760827
1365875,382150,2693056,3075206,7.047117623969646
1366359,382378,2694048,3076426,7.045509940425443
1366390,382381,2694128,3076509,7.045663879742979
1366427,382404,2694182,3076586,7.045381324463134
1366488,382404,2694300,3076704,7.0456898986412275
1366541,382429,2694378,3076807,7.045433269966451
1366594,382429,2694456,3076885,7.045637229394214
1366623,382451,2694494,3076945,7.045331297342666
1366655,382462,2694586,3077048,7.045369213150588
1366656,382462,2694588,3077050,7.045374442428267
1366667,382470,2694593,3077063,7.045240149554213
1366680,382475,2694603,3077078,7.04517419439179
1366697,382477,2694631,3077108,7.045210561680833
1366731,382482,2694695,3077177,7.045285791226776
1366760,382482,2694735,3077217,7.0453903713115915
1366791,382493,2694771,3077264,7.0452818744395325
1366880,382547,2694938,3077485,7.044723916276954
1366929,382547,2695021,3077568,7.044940883081034
1367076,382556,2695180,3077736,7.045190769455975
1367110,382560,2695249,3077809,7.045297469677959
1367165,382587,2695341,3077928,7.045040735832634
1367166,382587,2695343,3077930,7.045045963401789
1367265,382616,2695403,3078019,7.044668806322789
1367298,382621,2695432,3078053,7.044652541287593
1367423,382695,2695653,3078348,7.043867832085604
1367441,382702,2695683,3078385,7.043817382715533
1367585,382742,2695815,3078557,7.043426119945028
1367608,382756,2695839,3078595,7.043231196898285
1367618,382760,2695854,3078614,7.043196781272861
1367651,382760,2695929,3078689,7.043392726512697
1367669,382770,2695946,3078716,7.043253128510594
1367739,382808,2696166,3078974,7.043128670247226
1367790,382846,2696270,3079116,7.042701242797365
1368117,382992,2697033,3080025,7.0420087103647075
1368171,382992,2697093,3080085,7.0421653716004515
1368229,383003,2697182,3080185,7.0421954919413166
1368251,383007,2697224,3080231,7.042231604122118
1368311,383007,2697264,3080271,7.04233604085565
1368654,383253,2697912,3081165,7.039506540066222
1368717,383294,2698025,3081319,7.0390483545268125
1368744,383306,2698054,3081360,7.03890364356415
1368814,383306,2698175,3081481,7.03921931824704
1368852,383319,2698232,3081551,7.039129289182117
1368858,383323,2698255,3081578,7.039115837035607
1369220,383386,2699009,3082395,7.039925818887492
1370220,383386,2700215,3083601,7.043071473658402
1370265,383403,2700381,3083784,7.043192150296163
1370534,383465,2700788,3084253,7.0431147562359016
1370541,383468,2700804,3084272,7.043101380036926
1370596,383468,2700900,3084368,7.043351726871603
1370627,383478,2700975,3084453,7.043363634941248
1370664,383501,2701006,3084507,7.043022052093736
1370748,383520,2701039,3084559,7.042759178139341
1370785,383527,2701094,3084621,7.042774041984006
1370850,383547,2701192,3084739,7.042662307357378
1370888,383569,2701280,3084849,7.042487792287698
1370900,383577,2701298,3084875,7.042387838686887
1370960,383592,2701371,3084963,7.042302759181631
1370986,383605,2701398,3085003,7.042134487298132
1371018,383609,2701415,3085024,7.04210537291878
1371045,383624,2701470,3085094,7.04197339061164
1371071,383637,2701529,3085166,7.04188855610903
1371107,383646,2701571,3085217,7.04183283547854
1371164,383667,2701635,3085302,7.041614212324751
1371178,383667,2701657,3085324,7.041671553717156
1371252,383667,2701841,3085508,7.042151136271819
1371457,383684,2702350,3086034,7.043165730132088
1371502,383714,2702416,3086130,7.042787075790823
1371721,383815,2702805,3086620,7.041947292315308
1371771,383833,2702907,3086740,7.041882797987666
1371805,383833,2702979,3086812,7.0420703795661135
1371850,383841,2703032,3086873,7.042061687000607
1371956,383885,2703381,3087266,7.042163668807064
1372086,383886,2703766,3087652,7.043148226296348
1372111,383901,2703787,3087688,7.042927733973082
1372149,383917,2703826,3087743,7.0427357996650315
1372161,383919,2703858,3087777,7.042782461925563
1372223,383940,2703986,3087926,7.042730634995051
1372254,383940,2704134,3088074,7.043116111892483
1372263,383945,2704157,3088102,7.043084295927802
1372288,383953,2704190,3088143,7.043023495063198
1372396,383953,2704333,3088286,7.043395936481809
1372458,383985,2704442,3088427,7.043092829146972
1372628,383985,2704787,3088772,7.043991301743557
1372742,384048,2705094,3089142,7.043635170603674
1372809,384074,2705191,3089265,7.043410905190146
1372828,384074,2705212,3089286,7.0434655821534395
1372864,384088,2705275,3089363,7.043372872883298
1372926,384127,2705379,3089506,7.042928510622789
1372959,384136,2705426,3089562,7.042885852927088
1373013,384168,2705557,3089725,7.042640199079569
1373187,384261,2706087,3090348,7.042314989030893
1373238,384275,2706150,3090425,7.042222366794613
1373309,384275,2706277,3090552,7.042552859280463
1373331,384279,2706281,3090560,7.042489961720521
1373466,384369,2706556,3090925,7.04155642104332
1373543,384426,2706752,3091178,7.041022199330951
1373636,384447,2706938,3091385,7.041121402950211
1373667,384462,2707015,3091477,7.0410469695314495
1374376,384776,2708075,3092851,7.038055907852881
1374542,384812,2708177,3092989,7.037662546906022
1374586,384830,2708234,3093064,7.037481485331186
1374604,384830,2708244,3093074,7.037507470831276
1374689,384896,2708439,3093335,7.036807345360825
1374709,384896,2708496,3093392,7.036955437312937
1374741,384905,2708570,3093475,7.03698315168678
1374751,384905,2708586,3093491,7.03702472038555
1374769,384905,2708613,3093518,7.037094867564724
1374973,384996,2708792,3093788,7.035896476846513
1375100,384996,2709062,3094058,7.036597782834107
1375315,385014,2709173,3094187,7.036557112208906
1375328,385022,2709195,3094217,7.036468045981788
1375355,385030,2709219,3094249,7.036384177856271
1375356,385030,2709221,3094251,7.036389372256707
1375371,385035,2709248,3094283,7.036368122378485
1375570,385078,2709333,3094411,7.035803135988034
1375611,385078,2709401,3094479,7.035979723588468
1375680,385132,2709558,3094690,7.035400849578846
1375691,385132,2709584,3094716,7.035468358900325
1375803,385183,2709804,3094987,7.035107987631853
1375887,385183,2710140,3095323,7.035980300272858
1375914,385203,2710166,3095369,7.0356824843004855
1375916,385204,2710168,3095372,7.035669411532591
1375965,385219,2710246,3095465,7.035597932604571
1375973,385222,2710258,3095480,7.0355742922263005
1375976,385222,2710267,3095489,7.035597655377938
1376012,385232,2710338,3095570,7.035599327158699
1376176,385248,2710605,3095853,7.036000186892599
1376516,385300,2710916,3096216,7.035857773163769
1376570,385300,2711035,3096335,7.036166623410329
1377530,385606,2712262,3097868,7.03376503477643
1377577,385606,2712334,3097940,7.033951753862751
1377611,385622,2712398,3098020,7.033825870930601
1377639,385629,2712445,3098074,7.0338200705859775
1377671,385635,2712509,3098144,7.033876593151556
1377689,385659,2712560,3098219,7.033571108155132
1377717,385659,2712627,3098286,7.033744836759936
1377921,385757,2712982,3098739,7.032878210894423
1378024,385789,2713193,3098982,7.032841786572453
1378106,385828,2713366,3099194,7.0325792840333
1378127,385841,2713422,3099263,7.032487475410856
1378243,385883,2713622,3099505,7.032240342279914
1378585,385883,2713951,3099834,7.03309293231368
1378624,385883,2713951,3099834,7.03309293231368
1378897,385905,2714819,3100724,7.034941242015522
1379022,385959,2715067,3101026,7.034599530001891
1379125,385959,2715422,3101381,7.035519316818625
1379295,385968,2716398,3102366,7.037883969655516
1379336,385968,2716455,3102423,7.038031650292252
1379439,386025,2716605,3102630,7.037380998639985
1379442,386025,2716614,3102639,7.037404313192151
1379598,386053,2716881,3102934,7.0375855128699945
1379637,386070,2717048,3103118,7.037708187634367
1379740,386113,2717174,3103287,7.037250753017899
1379805,386113,2717295,3103408,7.037564132779782
1379954,386161,2717376,3103537,7.036899117207589
1380116,386161,2717737,3103898,7.03783396044655
1380255,386224,2717930,3104154,7.037185674634409
1380527,386312,2718273,3104585,7.036470521236721
1380585,386319,2718332,3104651,7.036495745743802
1380594,386321,2718357,3104678,7.036524030534193
1380682,386352,2718581,3104933,7.036539218122334
1380688,386355,2718588,3104943,7.036502698295609
1381550,386355,2720321,3106676,7.040988210324701
1381580,386366,2720376,3106742,7.040930102545255
1381595,386372,2720407,3106779,7.040900996966654
1383132,386754,2721628,3108382,7.0371036886496325
1383133,386755,2721634,3108389,7.037101007097516
1383138,386757,2721641,3108398,7.037082716020654
1383279,386759,2722058,3108817,7.038124516817967
1383299,386767,2722091,3108858,7.038064260911608
1383325,386775,2722160,3108935,7.038097084868464
1383334,386782,2722180,3108962,7.038021417749533
1383456,386842,2722302,3109144,7.0372451802027705
1383527,386909,2722439,3109348,7.036380647645829
1383529,386912,2722450,3109362,7.0363545198908275
1383783,386959,2723147,3110106,7.037301109419861
1383859,386974,2723275,3110249,7.037359099060919
1383865,386974,2723294,3110268,7.037408197966789
1383924,386982,2723331,3110313,7.037358326743879
1383949,386982,2723358,3110340,7.0374280974308885
1383958,386984,2723374,3110358,7.0374330721683584
1384070,386984,2723806,3110790,7.038549397391106
1384083,386988,2723820,3110808,7.038512822103011
1384128,387018,2723903,3110921,7.038181686639898
1384131,387018,2723912,3110930,7.038204941372236
1384223,387018,2723967,3110985,7.0383470536254125
1384563,387135,2724511,3111646,7.037625117852945
1384567,387135,2724517,3111652,7.037640616322472
1384581,387143,2724531,3111674,7.0375313514644455
1384588,387144,2724581,3111725,7.037642324303102
1385275,387615,2726153,3113768,7.03314629206816
1385356,387615,2726442,3114057,7.033891877249332
1385366,387620,2726451,3114071,7.033824364067901
1385380,387620,2726458,3114078,7.03384242299159
1385394,387623,2726475,3114098,7.033831841763775
1385482,387623,2726815,3114438,7.034708982697105
1385568,387681,2726926,3114607,7.033942855079305
1385628,387696,2727038,3114734,7.033959597210186
1385648,387702,2727070,3114772,7.033933278652161
1385662,387711,2727098,3114809,7.033842217528004
1385664,387713,2727098,3114811,7.033805933770599
1385792,387755,2727269,3115024,7.033485061443438
1385819,387764,2727302,3115066,7.03340691760968
1386039,387789,2727475,3115264,7.033399606487033
1386128,387789,2727661,3115450,7.033879248766726
1386164,387794,2727698,3115492,7.033883969323919
1386212,387798,2727748,3115546,7.033940350388605
1386462,387798,2728332,3116130,7.035446289047391
1386484,387800,2728339,3116139,7.035428055698814
1386628,387928,2728654,3116582,7.033918665319337
1386653,387940,2728697,3116637,7.033811929679848
1386664,387940,2728707,3116647,7.033837706861886
1386689,387973,2728782,3116755,7.033432738876159
1386879,388064,2729029,3117093,7.032419910117919
1386882,388064,2729038,3117102,7.032443102168714
1403218,388976,2760239,3149215,7.096167886964748
1403282,388976,2760414,3149390,7.0966177861873225
1403323,388976,2760511,3149487,7.096867158899264
1403344,388993,2760523,3149516,7.096587856336747
1403349,388994,2760528,3149522,7.096582466567607
1403560,389116,2760836,3149952,7.095149004409996
1403565,389118,2760841,3149959,7.0951253861296575
1403607,389132,2760900,3150032,7.0950217406946745
1403623,389134,2760940,3150074,7.09508806734955
1403639,389143,2760961,3150104,7.094977938701197
1403724,389143,2760961,3150104,7.094977938701197
1403740,389143,2760987,3150130,7.095044752186214
1403838,389143,2761069,3150212,7.095255471638961
1403869,389159,2761096,3150255,7.095033135556418
1403955,389219,2761227,3150446,7.094275973166778
1404552,389253,2762467,3151720,7.0968418997413
1404611,389258,2762554,3151812,7.096974243303927
1404688,389286,2762666,3151952,7.09675148862276
1405394,389286,2763804,3153090,7.099674789229512
1405399,389304,2763830,3153134,7.09941331196186
1405412,389310,2763851,3153161,7.099357838226606
1405419,389313,2763854,3153167,7.099310837295441
1405436,389334,2763909,3153243,7.0990691796760625
1405525,389378,2763997,3153375,7.098492981113468
1405564,389382,2764065,3153447,7.0985946962109185
1405715,389417,2764184,3153601,7.098262274117463
1405756,389428,2764238,3153666,7.098200437564839
1405783,389446,2764310,3153756,7.098057240284917
1405815,389470,2764361,3153831,7.097750789534496
1405831,389476,2764394,3153870,7.097726175682198
1405842,389493,2764418,3153911,7.097478003455775
1405903,389552,2764528,3154080,7.0966854232554315
1405925,389552,2764578,3154130,7.096813775824537
1405988,389567,2764691,3154258,7.096830583699338
1406080,389597,2764851,3154448,7.096694789744274
1406099,389605,2764864,3154469,7.096582436057032
1406122,389611,2764883,3154494,7.096521915448999
1406252,389612,2765268,3154880,7.097491863700297
1406280,389620,2765298,3154918,7.097423130229454
1406499,389655,2765484,3155139,7.097262963390691
1406559,389670,2765606,3155276,7.097302845997896
1406680,389725,2765782,3155507,7.096752838539996
1406684,389727,2765785,3155512,7.0967241171384075
1406808,389772,2765885,3155657,7.096161345607175
1406935,389779,2766133,3155912,7.0966701643751975
1406988,389836,2766238,3156074,7.095901866425882
1407033,389862,2766311,3156173,7.095615884595062
1407160,389862,2766450,3156312,7.0959724210105115
1407169,389866,2766468,3156334,7.0959457865010025
1407737,390201,2767234,3157435,7.091816781607428
1407744,390204,2767254,3157458,7.091813512931697
1407772,390204,2767292,3157496,7.091910897889309
1407780,390213,2767307,3157520,7.0917857682855265
1407793,390219,2767318,3157537,7.091704914419852
1407825,390219,2767445,3157664,7.092030372688157
1407849,390229,2767495,3157724,7.091976762362613
1407924,390229,2767662,3157891,7.0924047162051
1407980,390245,2767713,3157958,7.092244615562019
1408000,390245,2767754,3157999,7.092349677766531
1408196,390245,2768082,3158327,7.093190175402632
1408215,390257,2768100,3158357,7.093018190576979
1408272,390281,2768167,3158448,7.092753682603048
1408336,390302,2768247,3158549,7.0925770300946445
1408362,390314,2768282,3158596,7.092448643912337
1408411,390333,2768358,3158691,7.092298114686691
1408469,390346,2768455,3158801,7.092310411788516
1408497,390366,2768495,3158861,7.0920495125087735
1408660,390467,2768714,3159181,7.090775917042926
1408682,390474,2768752,3159226,7.090746118819691
1408689,390479,2768769,3159248,7.090698859605766
1408800,390495,2768878,3159373,7.09068746078695
1409088,390495,2769717,3160212,7.092836015826067
1409138,390525,2769801,3160326,7.0925062415978495
1409221,390572,2769950,3160522,7.092034247206661
1409417,390572,2770423,3160995,7.0932452915211535
1409422,390572,2770445,3161017,7.093301619163688
1409620,390575,2770605,3161180,7.093656788068873
1409675,390581,2770754,3161335,7.093929300196374
1409780,390581,2771010,3161591,7.094584734024441
1409811,390590,2771073,3161663,7.094582554596892
1409832,390590,2771102,3161692,7.094656801249392
1409852,390599,2771123,3161722,7.094547093054514
1409882,390618,2771156,3161774,7.094286489613894
1409888,390624,2771181,3161805,7.0942415212582945
1409912,390638,2771223,3161861,7.094094788525438
1410315,390915,2772383,3163298,7.092035352953967
1410329,390915,2772409,3163324,7.092101863576481
1410380,390923,2772456,3163379,7.092076956331554
1410419,390951,2772531,3163482,7.091760860056631
1410499,391003,2772672,3163675,7.091178328555024
1410522,391021,2772694,3163715,7.090908160942763
1410539,391025,2772703,3163728,7.09085864075187
1410810,391025,2773816,3164841,7.0937050060737805
1410834,391031,2773875,3164906,7.093747043073312
1410905,391059,2773955,3165014,7.093443700311206
1410927,391059,2773979,3165038,7.093505072124667
1411096,391122,2774284,3165406,7.093142293197519
1411121,391138,2774318,3165456,7.092939064984737
1411150,391157,2774358,3165515,7.092696794381795
1411165,391160,2774381,3165541,7.092701196441354
1411198,391173,2774416,3165589,7.092554956502622
1411252,391173,2774535,3165708,7.092859169727972
1411296,391182,2774608,3165790,7.092882596847503
1411404,391232,2774758,3165990,7.092359520693604
1411481,391259,2774826,3166085,7.092043889086257
1411496,391259,2774882,3166141,7.092187016784279
1411633,391291,2775073,3166364,7.0920951414676034
1411794,391370,2775249,3166619,7.091113268773794
1411851,391388,2775355,3166743,7.0910579782722
1411868,391396,2775390,3166786,7.091002462978671
1411899,391396,2775470,3166866,7.091206859548897
1411926,391421,2775534,3166955,7.090917452052905
1411944,391427,2775543,3166970,7.090831751514331
1412034,391479,2775666,3167145,7.090204072249086
1412065,391479,2775726,3167205,7.090357337175174
1412207,391479,2775913,3167392,7.090835012861482
1412288,391486,2775953,3167439,7.090810399350168
1412741,391549,2776125,3167674,7.09010877310375
1412743,391549,2776125,3167674,7.09010877310375
1412788,391554,2776181,3167735,7.090161254897153
1412933,391554,2776462,3168016,7.090878908145492
1413003,391554,2776590,3168144,7.091205810692778
1413041,391562,2776657,3168219,7.091232039881296
1413072,391584,2776738,3168322,7.091040491950642
1413085,391584,2776758,3168342,7.091091566560431
1413122,391586,2776801,3168387,7.091165159122134
1413157,391589,2776886,3168475,7.091327897361775
1413331,391667,2777078,3168745,7.090405880505633
1413344,391670,2777117,3168787,7.090451145096638
1413385,391679,2777182,3168861,7.090454172932427
1413440,391679,2777289,3168968,7.090727355819434
1413460,391694,2777321,3169015,7.090537511424735
1413478,391709,2777349,3169058,7.0903374699075075
1413488,391709,2777365,3169074,7.090378316556423
1413985,391709,2778699,3170408,7.093783905909744
1414039,391742,2778771,3170513,7.093370126256567
1414374,391742,2779422,3171164,7.095031934283278
1414404,391751,2779480,3171231,7.095016987831556
1414423,391772,2779569,3171341,7.094863849381784
1414435,391772,2779603,3171375,7.09495063455275
1414443,391777,2779617,3171394,7.094895820836854
1414463,391777,2779638,3171415,7.094949422758355
1414471,391780,2779661,3171441,7.0949538006023785
1414492,391793,2779702,3171495,7.094823031549823
1414499,391795,2779702,3171497,7.09478681453311
1414516,391795,2779729,3171524,7.094855728123125
1414538,391801,2779768,3171569,7.0948466185640156
1414544,391805,2779771,3171576,7.094781843008639
1414560,391812,2779783,3171595,7.094685716619195
1414628,391875,2779959,3171834,7.093994258373206
1414651,391882,2779983,3171865,7.093928784685186
1414691,391889,2780001,3171890,7.093848002878366
1414712,391890,2780048,3171938,7.093949832861262
1415140,392344,2781257,3173601,7.08882256387252
1415150,392356,2781273,3173629,7.08864653528938
1415175,392377,2781331,3173708,7.088414968257569
1415190,392382,2781344,3173726,7.08835777380206
1415235,392404,2781423,3173827,7.088161690502646
1415242,392404,2781430,3173834,7.0881795292606595
1415288,392404,2781583,3173987,7.088569433542982
1415308,392413,2781604,3174017,7.088460372107957
1415326,392427,2781624,3174051,7.088258453164538
1415373,392439,2781691,3174130,7.088212435563234
1415648,392548,2782397,3174945,7.088042736174939
1415676,392569,2782434,3175003,7.087757820918106
1415826,392636,2782611,3175247,7.086999154433114
1415846,392636,2782632,3175268,7.087052639085565
1415896,392653,2782689,3175342,7.086890969889445
1415984,392657,2782805,3175462,7.087114198906424
1416144,392750,2783097,3175847,7.086179503500955
1416218,392751,2783176,3175927,7.0863626063332745
1416392,392784,2783470,3176254,7.08651574402216
1416432,392825,2783547,3176372,7.085972124992045
1416869,393067,2784333,3177400,7.083609155691015
1416920,393085,2784424,3177509,7.0835162878257885
1417041,393085,2784764,3177849,7.084381240698576
1417057,393085,2784790,3177875,7.084447384153554
1417424,393265,2785591,3178856,7.083241580105018
1417494,393266,2785873,3179139,7.083940640685948
1417536,393275,2785902,3179177,7.083852266225923
1417604,393305,2785992,3179297,7.083540763529577
1417648,393308,2786108,3179416,7.083781667293826
1417668,393308,2786129,3179437,7.0838350605632225
1417965,393539,2787065,3180604,7.082055399846013
1418464,393609,2787380,3180989,7.081596203338846
1418499,393609,2787473,3181082,7.08183247842402
1418528,393622,2787530,3181152,7.081743398488905
1418694,393636,2787930,3181566,7.082507697466695
1418751,393683,2788060,3181743,7.081992364415024
1418770,393693,2788092,3181785,7.08189375985857
1418806,393701,2788132,3181833,7.081851455800214
1418822,393701,2788158,3181859,7.081917495764552
1418960,393749,2788300,3182049,7.081414809942374
1419067,393749,2788396,3182145,7.081658620085384
1419397,393874,2788923,3182797,7.080749173593586
1419410,393879,2788933,3182812,7.080684677273985
1419453,393902,2789060,3182962,7.080593650197257
1419655,393902,2789154,3183056,7.080832288234129
1421420,393922,2792678,3186600,7.089418717411061
1421577,393956,2792902,3186858,7.089375463249703
1421590,393956,2792928,3186884,7.0894414604676665
1421639,393956,2793033,3186989,7.089707987694057
1421685,393976,2793102,3187078,7.089523219688509
1421811,394037,2793460,3187497,7.089334250336897
1421892,394073,2793526,3187599,7.088854095560975
1421995,394074,2793896,3187970,7.089775016875003
1422006,394074,2793911,3187985,7.089813080791933
1422030,394078,2793938,3188016,7.0898096315957755
1422053,394078,2793953,3188031,7.089847695126346
1422130,394085,2794094,3188179,7.090079551365822
1422163,394104,2794160,3188264,7.089905202687615
1422191,394107,2794195,3188302,7.089940041663812
1424014,394120,2797897,3192017,7.099099259108901
1426347,394539,2801244,3195783,7.100043341722872
1426369,394546,2801289,3195835,7.100031428527979
1426379,394546,2801315,3195861,7.100097327054386
1426387,394550,2801327,3195877,7.100055759726271
1426414,394565,2801357,3195922,7.099861873202134
1426519,394629,2801529,3196158,7.099146286765544
1426540,394643,2801545,3196188,7.098934986810865
1426550,394647,2801561,3196208,7.0989035771208195
1427418,394650,2802716,3197366,7.101776257443304
1427485,394683,2802796,3197479,7.101385162269467
1427513,394697,2802864,3197561,7.101305558441032
1427657,394710,2803298,3198008,7.10217121430924
1427710,394741,2803522,3198263,7.10218092369427
1428874,394764,2805376,3200140,7.106463608637059
1428910,394778,2805412,3200190,7.106302782829844
1432671,394784,2811510,3206294,7.121641201264489
1432817,394817,2811747,3206564,7.121646231038683
1432828,394824,2811751,3206575,7.121530099487367
1432846,394824,2811801,3206625,7.121656738192208
1432904,394841,2811869,3206710,7.121522334306721
1432966,394841,2811933,3206774,7.121684424869757
1432985,394845,2811972,3206817,7.121711051171979
1433058,394845,2812108,3206953,7.122055490129038
1433201,394849,2812382,3207231,7.1226772766298
1433232,394849,2812402,3207251,7.122727928904467
1433302,394886,2812523,3207409,7.122366961604109
1434246,394899,2814599,3209498,7.12738953504567
1434337,394899,2814819,3209718,7.127946639520485
1434357,394908,2814861,3209769,7.127890546658969
1434583,394998,2815296,3210294,7.127367733507511
1434600,395004,2815315,3210319,7.127307571568895
1434674,395021,2815451,3210472,7.12734512848684
1434731,395021,2815601,3210622,7.127724855134284
1434796,395056,2815654,3210710,7.1272275322992185
1434885,395077,2815729,3210806,7.127038526666953
1434918,395102,2815800,3210902,7.126767265161908
1435028,395102,2815998,3211100,7.1272684015773144
1435072,395130,2816048,3211178,7.126889884341862
1435159,395130,2816267,3211397,7.127444132310885
1435289,395131,2816652,3211783,7.128400454532801
1435316,395139,2816705,3211844,7.128390262667062
1435567,395272,2817131,3212403,7.127069461029367
1435578,395281,2817148,3212429,7.126950194924623
1435597,395292,2817182,3212474,7.126837881869605
1435610,395295,2817199,3212494,7.126826800237797
1435730,395324,2817344,3212668,7.126670781434975
1435739,395324,2817344,3212668,7.126670781434975
1435754,395324,2817351,3212675,7.1266884884297435
1435808,395331,2817458,3212789,7.126832957698738
1435873,395336,2817521,3212857,7.126902179411943
1435879,395340,2817526,3212866,7.126842717660748
1438097,396090,2822852,3218942,7.126794415410639
1438113,396090,2822878,3218968,7.12686005705774
1438184,396102,2823014,3219116,7.126987493120459
1438245,396119,2823110,3219229,7.1269239799151265
1438274,396133,2823151,3219284,7.126775603143389
1438806,396384,2824084,3220468,7.124616533462501
1438836,396400,2824126,3220526,7.124434914228052
1438967,396409,2824860,3221269,7.126124785259669
1438983,396409,2824886,3221295,7.1261903740833334
1439018,396419,2824918,3221337,7.1260913326556
1439037,396434,2824945,3221379,7.125889807635066
1439051,396442,2824960,3221402,7.125783847321928
1439074,396456,2824982,3221438,7.125587707084771
1439130,396473,2825010,3221483,7.1253527982990015
1439184,396507,2825152,3221659,7.125099935183994
1439324,396507,2825517,3222024,7.126020473787348
1439797,396652,2825837,3222489,7.124222240150056
1439815,396666,2825857,3222523,7.124021216842381
1439834,396677,2825876,3222553,7.123871563009703
1440139,396677,2826715,3223392,7.125986633961636
1440160,396677,2826744,3223421,7.126059741300857
1440192,396693,2826795,3223488,7.125900885571462
1440226,396708,2826884,3223592,7.125855793177854
1440343,396731,2827105,3223836,7.125999732816442
1440346,396731,2827118,3223849,7.126032500611245
1440616,396765,2827640,3224405,7.126737489445894
1440673,396817,2827709,3224526,7.125977465683174
1441065,396818,2828228,3225046,7.1272674122645645
1441109,396830,2828378,3225208,7.127429881813371
1441137,396844,2828430,3225274,7.127309471731965
1441170,396844,2828461,3225305,7.127387588069872
1441225,396860,2828564,3225424,7.1273597742276875
1441386,396860,2828951,3225811,7.128334929194175
1441389,396860,2828960,3225820,7.128357607216651
1441532,396917,2829226,3226143,7.12800409153551
1441641,396972,2829522,3226494,7.1277621595477765
1441683,396997,2829629,3226626,7.127582828081824
1441782,397038,2829757,3226795,7.127169187835925
1441820,397044,2829800,3226844,7.127169784708999
1441828,397044,2829800,3226844,7.127169784708999
1441839,397056,2829815,3226871,7.126992162314636
1441895,397072,2829881,3226953,7.126871197163235
1441944,397082,2829978,3227060,7.126935998106185
1442060,397166,2830335,3227501,7.126327530553975
1442094,397167,2830374,3227541,7.126407783123976
1442116,397169,2830378,3227547,7.126381968381218
1442131,397169,2830406,3227575,7.1264524673375815
1442242,397169,2830670,3227839,7.127117171783296
1442317,397169,2830767,3227936,7.127361400310699
1442326,397169,2830778,3227947,7.127389096329271
1442390,397169,2830918,3228087,7.127741591111088
1442423,397174,2830934,3228108,7.127692145004456
1442861,397359,2831481,3228840,7.125750266132138
1442871,397367,2831493,3228860,7.125637005589292
1442884,397374,2831526,3228900,7.1255945280768245
1442905,397386,2831583,3228969,7.125522791442074
1442935,397394,2831639,3229033,7.12552026452337
1442936,397394,2831641,3229035,7.125525297311988
1442967,397413,2831692,3229105,7.125312961579012
1442980,397420,2831717,3229137,7.125250364853303
1443019,397438,2831809,3229247,7.125159144319365
1443032,397447,2831849,3229296,7.1250984407983955
1443135,397447,2831986,3229433,7.1254431408464525
1443145,397451,2832003,3229454,7.1254142020022595
1443245,397486,2832188,3229674,7.125252210140735
1443276,397494,2832248,3229742,7.125259752348463
1443303,397510,2832297,3229807,7.1250962239943645
1443485,397510,2832841,3230351,7.126464743025332
1443529,397521,2832922,3230443,7.12647130591843
1443771,397521,2833095,3230616,7.126906503052669
1443929,397521,2833597,3231118,7.128169329419075
1443968,397525,2833677,3231202,7.128298849128986
1444643,397819,2834519,3232338,7.125147366013187
1444729,397885,2834628,3232513,7.1242394159116325
1444738,397889,2834643,3232532,7.124205494497209
1444847,397923,2834763,3232686,7.12389834214157
1444864,397930,2834796,3232726,7.123855954564873
1444886,397935,2834817,3232752,7.123819216706246
1444951,397944,2834913,3232857,7.123899342621073
1445218,397944,2835570,3233514,7.125550328689464
1445242,397960,2835625,3233585,7.125402050457333
1445327,397993,2835822,3233815,7.125306223978813
1445359,398015,2835890,3233905,7.125083225506576
1445369,398015,2835916,3233931,7.1251485496777756
1445378,398018,2835926,3233944,7.125119969448618
1445643,398045,2836641,3234686,7.126432940999133
1445673,398053,2836697,3234750,7.126430399971863
1445700,398055,2836712,3234767,7.1264322769466535
1445805,398107,2836903,3235010,7.125981206057668
1445871,398127,2837020,3235147,7.125917106852839
1445924,398140,2837085,3235225,7.125847691766715
1445963,398167,2837133,3235300,7.125485035173684
1445974,398167,2837145,3235312,7.1255151732815625
1446030,398168,2837150,3235318,7.125509835044504
1446049,398171,2837167,3235338,7.125498843461728
1446050,398171,2837169,3235340,7.125503866429248
1446054,398176,2837180,3235356,7.125442015591095
1446126,398176,2837367,3235543,7.125911657156634
1446151,398192,2837412,3235604,7.125738337284526
1446208,398192,2837491,3235683,7.125936734037851
1446245,398192,2837526,3235718,7.126024631333628
1446384,398279,2837824,3236103,7.1252162428850125
1446417,398294,2837847,3236141,7.125005649093383
1446518,398332,2838159,3236491,7.125109205386462
1446521,398332,2838168,3236500,7.12513179960435
1446843,398450,2838875,3237325,7.124796084828711
1446941,398479,2839105,3237584,7.124854760225759
1446970,398496,2839140,3237636,7.124638641291255
1447110,398603,2839531,3238134,7.1237070468611625
1447177,398603,2839683,3238286,7.124088378662479
1447199,398605,2839690,3238295,7.12407019480438
1447232,398622,2839738,3238360,7.123886789991521
1447429,398640,2840099,3238739,7.124470700381297
1448131,398674,2840894,3239568,7.125857216673272
1448242,398674,2841130,3239804,7.126449179028479
1448395,398694,2841401,3240095,7.1267714086492395
1448757,398832,2841849,3240681,7.1254287519557105
1448789,398839,2841919,3240758,7.125479203387833
1448896,398894,2842088,3240982,7.124920404919603
1448954,398926,2842186,3241112,7.124594536330046
1448978,398926,2842218,3241144,7.124674751708337
1448997,398941,2842240,3241181,7.124462013179894
1451608,399829,2847376,3247205,7.121484434595789
1451641,399838,2847389,3247227,7.121356649443024
1451686,399872,2847451,3247323,7.1209061899807935
1451759,399872,2847587,3247459,7.121246298815621
1451771,399885,2847607,3247492,7.121064806131763
1451894,399894,2848071,3247965,7.122064847184504
1452016,399930,2848179,3248109,7.121693796414372
1452043,399946,2848219,3248165,7.121508903702
1452161,399946,2848396,3248342,7.121951463447566
1452189,399946,2848434,3248380,7.122046476274297
1452667,400375,2850186,3250561,7.118791133312519
1452849,400375,2850460,3250835,7.119475491726506
1452963,400430,2850652,3251082,7.1189770996179105
1453435,400442,2851646,3252088,7.121246023144425
1453450,400449,2851676,3252125,7.121196456977043
1453546,400522,2852019,3252541,7.120754914836139
1453637,400556,2852287,3252843,7.120819560810474
1453653,400558,2852304,3252862,7.120826447106286
1453674,400571,2852360,3252931,7.120735150572558
1453696,400571,2852412,3252983,7.120864965262088
1453740,400593,2852483,3253076,7.120651134692818
1453752,400593,2852506,3253099,7.120708549575255
1453759,400595,2852513,3253108,7.120690472921529
1453783,400624,2852573,3253197,7.120324793322417
1453783,400624,2852573,3253197,7.120324793322417
1453855,400673,2852697,3253370,7.119763497914758
1453994,400741,2852981,3253722,7.119264063322695
1454007,400747,2852991,3253738,7.119182426817917
1454069,400755,2853099,3253854,7.119309802747314
1454237,400804,2853306,3254110,7.118955898643726
1454463,400857,2853823,3254680,7.119304390343689
1454476,400860,2853852,3254712,7.119323454572669
1454660,400982,2854224,3255206,7.118085101076856
1455139,401179,2854735,3255914,7.11586349235628
1455184,401203,2854783,3255986,7.115557460936234
1455243,401218,2854947,3256165,7.115700192912581
1455299,401233,2854980,3256213,7.115516420633398
1455495,401325,2855214,3256539,7.1144683236778175
1455544,401340,2855304,3256644,7.1144266706533115
1455580,401340,2855329,3256669,7.114488961977376
1455636,401340,2855521,3256861,7.11496735934619
1455712,401375,2855807,3257182,7.115059483027094
1455723,401375,2855825,3257200,7.115104328869511
1455789,401375,2855922,3257297,7.115345998131423
1456036,401375,2856743,3258118,7.117391466832762
1456440,401388,2857464,3258852,7.118957218451972
1456505,401388,2857585,3258973,7.119258672406748
1456527,401388,2857624,3259012,7.119355835251676
1456997,401388,2859070,3260458,7.12295833457901
1457022,401401,2859083,3260484,7.122760032984472
1457051,401408,2859136,3260544,7.122767857142857
1457062,401415,2859173,3260588,7.12273582202957
1457530,401634,2859973,3261607,7.1208438528610625
1457578,401634,2860077,3261711,7.1211027950820895
1457696,401695,2860340,3262035,7.120676134878453
1458166,401700,2861143,3262843,7.122586507343789
1458184,401705,2861241,3262946,7.122741813021994
1458222,401723,2861278,3263001,7.122514767638398
1458244,401729,2861311,3263040,7.122490534663915
1458267,401737,2861399,3263136,7.122567749547589
1458270,401737,2861406,3263143,7.122585173882416
1458343,401772,2861468,3263240,7.122119012773414
1458357,401775,2861489,3263264,7.1221181009271355
1458441,401796,2861654,3263450,7.122156517237603
1458571,401873,2861781,3263654,7.1211079122011185
1458596,401881,2861823,3263704,7.121070665196911
1458686,401888,2862082,3263970,7.121591090054941
1458757,401888,2862209,3264097,7.121907098495103
1458795,401914,2862259,3264173,7.12157078379952
1458863,401917,2862431,3264348,7.121945575827845
1458892,401947,2862669,3264616,7.1220061351372195
1458903,401956,2862686,3264642,7.121888962971071
1458921,401956,2862706,3264662,7.121938719660858
1458937,401956,2862732,3264688,7.122003403357581
1458973,401980,2862786,3264766,7.121712523011095
1458994,401996,2862821,3264817,7.121516134488901
1458998,401996,2862827,3264823,7.121531060010548
1459005,401997,2862831,3264828,7.121523294949962
1459044,402008,2863045,3265053,7.121860758989871
1459738,402057,2863157,3265214,7.121271362020808
1459784,402094,2863224,3265318,7.120782702552139
1459814,402106,2863248,3265354,7.120629883662517
1459830,402106,2863274,3265380,7.120694543229894
1459888,402128,2863372,3265500,7.12054868101699
1459919,402151,2863409,3265560,7.1202334446513875
1459942,402161,2863465,3265626,7.1201956430384845
1460087,402269,2863780,3266049,7.119067091921078
1460130,402296,2863857,3266153,7.118780698788951
1460225,402362,2863977,3266339,7.117911234162272
1460243,402362,2864020,3266382,7.118018103101187
1461320,402362,2865717,3268079,7.122235698202116
1461347,402369,2865751,3268120,7.122196292457918
1461749,402401,2866485,3268886,7.123453967559723
1461764,402409,2866498,3268907,7.123344656804395
1461801,402431,2866576,3269007,7.123149061578258
1461838,402443,2866594,3269037,7.12298139115353
1461857,402457,2866636,3269093,7.1228379677828935
1461987,402501,2866821,3269322,7.122518950263478
1462139,402546,2867020,3269566,7.122217088233395
1462168,402548,2867035,3269583,7.1222189651917285
1462344,402548,2867756,3270304,7.124010055943639
1462389,402565,2867850,3270415,7.123942717325153
1462561,402565,2867850,3270415,7.123942717325153
1462673,402652,2868042,3270694,7.122880303587217
1462699,402664,2868080,3270744,7.122762402400016
1462711,402668,2868089,3270757,7.12271399763577
1462712,402668,2868091,3270759,7.12271896450674
1462985,402733,2868425,3271158,7.122398710808402
1462992,402733,2868425,3271158,7.122398710808402
1463028,402740,2868498,3271238,7.122456175199881
1463031,402743,2868511,3271254,7.122435399249645
1463108,402771,2868633,3271404,7.122243160505597
1463128,402786,2868662,3271448,7.122049922291241
1463188,402829,2868787,3271616,7.121599984112366
1463853,402835,2870077,3272912,7.124696215572133
1463879,402845,2870127,3272972,7.124643473296181
1463973,402892,2870378,3273270,7.124435332545695
1464351,403089,2871021,3274110,7.122548618295215
1464372,403091,2871021,3274112,7.122513278639315
1464767,403142,2871450,3274592,7.122676377058208
1464790,403157,2871501,3274658,7.122537869862113
1464944,403278,2871905,3275183,7.1214026056467254
1464949,403283,2871918,3275201,7.121346548205603
1465040,403283,2872138,3275421,7.1218920708286735
1465203,403292,2873065,3276357,7.124031718953017
1465228,403300,2873093,3276393,7.123959831391024
1465283,403300,2873232,3276532,7.124304487974213
1465327,403321,2873328,3276649,7.124171565576798
1465490,403330,2874257,3277587,7.126315919966281
1465773,403498,2874706,3278204,7.124461583452706
1465857,403542,2874950,3278492,7.1242894172106
1465959,403578,2875101,3278679,7.124028068923479
1466022,403606,2875265,3278871,7.123940179283757
1466030,403609,2875269,3278878,7.123897138071747
1466051,403622,2875301,3278923,7.1237469711760015
1466067,403633,2875316,3278949,7.12358999388058
1466269,403725,2875528,3279253,7.122491795157595
1466479,403759,2875623,3279382,7.122127308617269
1466522,403783,2875689,3279472,7.121867438698509
1466694,403783,2876065,3279848,7.122798631938442
1466770,403791,2876225,3280016,7.123053758008474
1466948,403932,2876848,3280780,7.1221096620223205
1466962,403944,2876870,3280814,7.121952547877924
1466996,403944,2876902,3280846,7.122031766779553
1467061,403984,2877011,3280995,7.12159639985742
1467380,403984,2877597,3281581,7.1230469523545485
1467784,403988,2878561,3282549,7.125362634533699
1467785,403988,2878563,3282551,7.125367585175797
1467795,403992,2878581,3282573,7.125341590922592
1467807,404000,2878607,3282607,7.125264851485149
1467902,404021,2878679,3282700,7.125072706616735
1467905,404021,2878688,3282709,7.1250949826865435
1467919,404024,2878718,3282742,7.125116329722987
1467942,404035,2878743,3282778,7.124984221663965
1468009,404093,2878839,3282932,7.124199132377942
1468121,404173,2878987,3283160,7.123155183547639
1468173,404188,2879060,3283248,7.123071442002237
1468218,404216,2879174,3283390,7.122860055020088
1468238,404237,2879218,3283455,7.122598871454122
1468275,404248,2879268,3283516,7.122528744730957
1468334,404248,2879360,3283608,7.122756327798777
1468355,404253,2879368,3283621,7.12268801963127
1468358,404253,2879377,3283630,7.122710282916886
1468380,404267,2879424,3283691,7.122579879139281
1468391,404270,2879443,3283713,7.122574022311821
1468399,404270,2879451,3283721,7.122593811066861
1468637,404375,2879659,3284034,7.1212587326120556
1468846,404434,2879972,3284406,7.1209937839054085
1468999,404450,2880278,3284728,7.121468661144765
1469045,404473,2880366,3284839,7.121281272173915
1469118,404482,2880727,3285209,7.122015318357801
1469144,404498,2880761,3285259,7.121817660408704
1469160,404503,2880774,3285277,7.121761766909022
1469250,404539,2880865,3285404,7.121352947429049
1469274,404546,2880904,3285450,7.121326128549041
1469279,404548,2880907,3285455,7.121298337898098
1469770,404619,2881330,3285949,7.1210941651281825
1469788,404619,2881350,3285969,7.121143594344309
1470118,404725,2881613,3286338,7.119928346408055
1470699,405005,2882499,3287504,7.117193614893643
1470812,405042,2882618,3287660,7.116837266258807
1470837,405048,2882660,3287708,7.116835535541466
1470884,405067,2882711,3287778,7.116627619628358
1471446,405410,2883810,3289220,7.113317382402999
1471480,405435,2883877,3289312,7.113044014453611
1471633,405435,2884369,3289804,7.114257525867278
1471691,405448,2884397,3289845,7.114098478719836
1471792,405496,2884582,3290078,7.113712589026772
1471891,405543,2884700,3290243,7.11317912033989
1472044,405543,2885192,3290735,7.1143923085838
1472074,405548,2885200,3290748,7.114324321658596
1472131,405548,2885245,3290793,7.114435282629923
1472196,405579,2885432,3291011,7.114352567563903
1472242,405586,2885521,3291107,7.114449216688939
1472252,405586,2885537,3291123,7.11448866578235
1472517,405658,2885786,3291444,7.113839736921249
1472573,405667,2885895,3291562,7.113950604806405
1472625,405702,2885994,3291696,7.11358090421048
1472646,405702,2886042,3291744,7.113699217652366
1472661,405702,2886073,3291775,7.113775628416917
1472682,405716,2886103,3291819,7.1136040974474755
1472715,405751,2886185,3291936,7.113192573770613
1472737,405753,2886192,3291945,7.113174763957383
1472747,405757,2886202,3291959,7.113129286740586
1472843,405757,2886351,3292108,7.113496501600712
1472870,405758,2886407,3292165,7.113616983522198
1472889,405758,2886434,3292192,7.113683525648293
1472893,405759,2886437,3292196,7.113673387404839
1472927,405781,2886483,3292264,7.113401071021068
1472942,405785,2886515,3292300,7.113409810613995
1472956,405794,2886552,3292346,7.113343223408922
1472972,405804,2886570,3292374,7.11321228967679
1473016,405814,2886668,3292482,7.113278497045444
1473132,405843,2886922,3292765,7.113396066951998
1473139,405846,2886930,3292776,7.113363196877633
1473153,405846,2886956,3292802,7.113427260586528
1473182,405852,2886976,3292828,7.11337137675803
1473592,405852,2887831,3293683,7.115478056040133
1473618,405867,2887862,3293729,7.11529146247416
1473642,405872,2887891,3293763,7.115275259195017
1473669,405872,2887922,3293794,7.115351637954824
1473724,405907,2888131,3294038,7.115253001303254
1473793,405968,2888248,3294216,7.1144720766168765
1473829,405988,2888281,3294269,7.114202882843828
1473906,406043,2888426,3294469,7.113596343244435
1474164,406053,2889133,3295186,7.1151623063984255
1474181,406057,2889167,3295224,7.115175948204316
1474217,406057,2889209,3295266,7.115279381958691
1474295,406073,2889298,3295371,7.115218199683309
1474328,406086,2889335,3295421,7.115081534453293
1474852,406096,2890587,3296683,7.117989342421496
1474888,406099,2890618,3296717,7.118013095328972
1474908,406100,2890658,3296758,7.118094065501108
1474965,406115,2890780,3296895,7.118131563719636
1474998,406123,2890822,3296945,7.118094764394038
1475047,406145,2890897,3297042,7.11789385564269
1475049,406145,2890902,3297047,7.117906166516884
1475071,406150,2890916,3297066,7.117853009971685
1475072,406150,2890918,3297068,7.1178579342607415
1475538,406470,2891580,3298050,7.1138829433906565
1475563,406479,2891618,3298097,7.113818918074489
1475638,406508,2891767,3298275,7.113677959597351
1475645,406519,2891774,3298293,7.113502689911173
1475663,406532,2891808,3298340,7.1133588499798295
1475997,406613,2892751,3299364,7.114260980342488
1476039,406617,2892778,3299395,7.114257397009963
1476056,406619,2892806,3299425,7.114291265287653
1476060,406619,2892808,3299427,7.114296183896965
1476155,406623,2892885,3299508,7.114415564294199
1476170,406626,2892913,3299539,7.114431934996778
1476203,406634,2892965,3299599,7.114419846840156
1476211,406634,2892965,3299599,7.114419846840156
1476340,406637,2893264,3299901,7.115102659128412
1476471,406697,2893493,3300190,7.114616040934652
1476485,406703,2893506,3300209,7.114543044924675
1476566,406703,2893550,3300253,7.114651231980093
1476883,406862,2894002,3300864,7.11298179726787
1476934,406862,2894002,3300864,7.11298179726787
1476955,406862,2894031,3300893,7.113053074506835
1476965,406862,2894047,3300909,7.113092399880058
1477005,406877,2894106,3300983,7.112975174315579
1477118,406877,2894226,3301103,7.113270103741425
1477145,406877,2894280,3301157,7.1134028219830565
1477178,406896,2894370,3301266,7.11329184853132
1477193,406899,2894393,3301292,7.113295928473651
1477227,406902,2894424,3301326,7.113319669109515
1477290,406916,2894509,3301425,7.113283822705423
1477309,406916,2894524,3301440,7.113320685350294
1477409,406940,2894640,3301580,7.113186219098639
1477566,407003,2894941,3301944,7.112824721193701
1477684,407097,2895244,3302341,7.111926641562085
1477699,407097,2895254,3302351,7.111951205732295
1477728,407097,2895284,3302381,7.112024898242925
1477837,407172,2895422,3302594,7.1110538052714825
1477866,407179,2895444,3302623,7.1109855861918225
1478317,407480,2896466,3303946,7.108240895258663
1478397,407547,2896654,3304201,7.107533609620486
1478411,407554,2896680,3304234,7.107475328422737
1478652,407607,2896836,3304443,7.106933884844961
1478712,407625,2896887,3304512,7.106745170193192
1478745,407634,2897007,3304641,7.106882644725416
1478755,407634,2897023,3304657,7.106921895622053
1478847,407634,2897078,3304712,7.1070568205792455
1478969,407696,2897213,3304909,7.106307150425807
1479011,407717,2897283,3305000,7.106112818450052
1479316,407719,2898191,3305910,7.108304984560445
1480048,407752,2899122,3306874,7.11001294904746
1480118,407762,2899295,3307057,7.110262849407253
1480167,407770,2899366,3307136,7.1102974716139
1480196,407772,2899381,3307153,7.110299382988533
1480226,407784,2899425,3307209,7.110198046024366
1480271,407791,2899530,3307321,7.110333479650115
1480303,407797,2899639,3307436,7.110496153723544
1480327,407805,2899660,3307465,7.11040816076311
1480338,407812,2899679,3307491,7.110332702323619
1480437,407870,2899944,3307814,7.109971314389389
1480453,407870,2899970,3307840,7.110035060190747
1480490,407875,2900067,3307942,7.110185718663806
1480522,407882,2900099,3307981,7.110142148954845
1480617,407882,2900380,3308262,7.110831073692882
1480646,407882,2900427,3308309,7.110946303097465
1480698,407882,2900467,3308349,7.111044370675833
1480712,407885,2900490,3308375,7.111048457285754
1480785,407901,2900586,3308487,7.111004876183191
1480787,407901,2900588,3308489,7.111009779333711
1480830,407905,2900667,3308572,7.111133719861242
1480883,407905,2900835,3308740,7.11154558046604
1480907,407916,2900863,3308779,7.11142244972004
1480987,407956,2901137,3309093,7.1113968173038264
1481174,408026,2901271,3309297,7.1105052129030994
1481233,408028,2901355,3309383,7.110676228101993
1481247,408032,2901371,3309403,7.110645733667948
1481286,408039,2901426,3309465,7.1106585399925
1481319,408055,2901622,3309677,7.110860055629756
1481326,408058,2901625,3309683,7.110815129221827
1481489,408058,2902043,3310101,7.111839493405349
1481672,408140,2902454,3310594,7.111417650806096
1481742,408140,2902555,3310695,7.11166511491155
1482010,408172,2902984,3311156,7.112158599805964
1482061,408199,2903105,3311304,7.111984595748642
1482088,408210,2903138,3311348,7.111873790450994
1482319,408210,2903388,3311598,7.112486220327773
1482335,408210,2903454,3311664,7.112647901815242
1482349,408218,2903473,3311691,7.112555056366941
1482398,408257,2903552,3311809,7.112069113328125
1484572,408379,2907143,3315522,7.118737741166906
1484634,408379,2907207,3315586,7.118894458334047
1484703,408379,2907291,3315670,7.11910014961592
1484730,408390,2907335,3315725,7.119016136536154
1484742,408397,2907353,3315750,7.118938190045471
1484795,408422,2907375,3315797,7.118556297163228
1484816,408432,2907400,3315832,7.118443216985937
1484977,408432,2907737,3316169,7.119268323735652
1485257,408432,2908495,3316927,7.121124201825518
1485354,408487,2908686,3317173,7.1206329699598765
1485355,408487,2908686,3317173,7.1206329699598765
1485801,408768,2909474,3318242,7.117665766400501
1485851,408768,2909581,3318349,7.117927528573666
1485980,408768,2909964,3318732,7.118864490371066
1486002,408782,2909996,3318778,7.118698964240108
1486059,408794,2910110,3318904,7.118768866470643
1486088,408794,2910182,3318976,7.118944994300308
1486108,408794,2910206,3319000,7.119003703576863
1486335,408835,2910422,3319257,7.118818105103526
1486364,408835,2910461,3319296,7.1189134981104845
1486374,408839,2910491,3319330,7.118917226585526
1486436,408865,2910653,3319518,7.11886074865787
1486629,408878,2910902,3319780,7.119243392894702
1486800,408924,2911300,3320224,7.119415832770882
1487294,408924,2912381,3321305,7.122059355772711
1487325,408941,2912412,3321353,7.121839091702715
1487440,409016,2912659,3321675,7.121137070432453
1487442,409016,2912664,3321680,7.121149294893109
1487461,409016,2912691,3321707,7.121215306980656
1487745,409016,2913013,3322029,7.122002562246954
1487755,409016,2913039,3322055,7.122066129442369
1487900,409062,2913205,3322267,7.12167104253145
1487939,409071,2913266,3322337,7.121663476511412
1487970,409093,2913321,3322414,7.121414934990332
1487990,409093,2913348,3322441,7.121480934653
1488387,409097,2913381,3322478,7.121491968897352
1488706,409318,2913944,3323262,7.1190223738022755
1488844,409357,2914269,3323626,7.119138062864444
1488878,409359,2914308,3323667,7.1191985518823335
1488892,409362,2914342,3323704,7.119229435072136
1488979,409379,2914423,3323802,7.119131660392936
1488994,409379,2914448,3323827,7.119192728498531
1489022,409399,2914520,3323919,7.119020808551071
1489042,409408,2914547,3323955,7.118930260278256
1489092,409438,2914622,3324060,7.11859182586863
1489105,409442,2914629,3324071,7.118539377982718
1489123,409453,2914645,3324098,7.1183872141613325
1489383,409457,2915362,3324819,7.120068774010457
1489428,409481,2915429,3324910,7.119815082995304
1489475,409481,2915533,3325014,7.1200690630334496
1489488,409488,2915556,3325044,7.120003516586567
1489503,409498,2915598,3325096,7.119932209681122
1489508,409500,2915605,3325105,7.11991452991453
1489528,409506,2915655,3325161,7.119932308684122
1489566,409506,2915703,3325209,7.120049523083911
1489571,409506,2915725,3325231,7.120103246350481
1490630,409521,2917035,3326556,7.123041309236889
1490689,409523,2917078,3326601,7.123111522429753
1490898,409595,2917367,3326962,7.122564972716952
1490961,409615,2917405,3327020,7.122309973999975
1490962,409615,2917407,3327022,7.122314856633668
1491027,409624,2917719,3327343,7.1229200437474365
1491074,409625,2917806,3327431,7.123115044247788
1491090,409634,2917833,3327467,7.123024455977776
1491371,409779,2918433,3328212,7.12196818284978
1492593,410200,2920322,3330522,7.1192637737688935
1492604,410202,2920345,3330547,7.119285132690723
1492631,410210,2920432,3330642,7.119358377416445
1492690,410239,2920531,3330770,7.1190964291547125
1492737,410253,2920553,3330806,7.11890711341538
1492758,410262,2920593,3330855,7.118848443189962
1492789,410270,2920654,3330924,7.1188583128183875
1493238,410270,2921195,3331465,7.1201769566383115
1493260,410277,2921216,3331493,7.120106659647019
1494859,410277,2923209,3333486,7.124964353351516
1494862,410277,2923218,3333495,7.124986289750583
1494872,410277,2923234,3333511,7.125025287793369
1495932,410781,2925225,3336006,7.1211302372797185
1496050,410781,2925402,3336183,7.121561123810498
1496239,410785,2925821,3336606,7.122511776233309
1496311,410804,2925931,3336735,7.122450122199394
1496328,410807,2925964,3336771,7.122478438780255
1496520,410817,2926039,3336856,7.122487628311389
1496530,410817,2926054,3336871,7.122524140919193
1496582,410832,2926127,3336959,7.122441776687308
1496583,410833,2926132,3336965,7.122436610496235
1497010,411077,2926777,3337854,7.119778046448719
1497060,411096,2926877,3337973,7.119692237336292
1497083,411106,2926910,3338016,7.1195993247483615
1497094,411106,2926920,3338026,7.1196236493751
1497286,411188,2927403,3338591,7.1193784838078935
1497624,411188,2928178,3339366,7.121263266437737
1497642,411192,2928198,3339390,7.121242631179595
1497663,411196,2928241,3339437,7.12127793071917
1497723,411207,2928336,3339543,7.1213184600456705
1497747,411211,2928344,3339555,7.121268643105364
1497752,411213,2928352,3339565,7.121253462317583
1497801,411213,2928368,3339581,7.12129237159331
1497817,411219,2928386,3339605,7.121232238782741
1497830,411224,2928414,3339638,7.121213742388576
1497870,411246,2928512,3339758,7.121071086405704
1497913,411254,2928599,3339853,7.121144110452422
1497935,411256,2928603,3339859,7.121119205555663
1497938,411259,2928609,3339868,7.12108184866471
1497971,411268,2928662,3339930,7.1210548839199745
1498890,411549,2929717,3341266,7.118756211289543
1498974,411583,2929814,3341397,7.118403821343447
1499064,411593,2930036,3341629,7.11877024147641
1499108,411608,2930097,3341705,7.118659015373851
1499248,411624,2930242,3341866,7.118734573299904
1499390,411624,2930494,3342118,7.119346782500535
1499532,411677,2930747,3342424,7.119044785110657
1499534,411677,2930757,3342434,7.119069075998902
1499556,411691,2930798,3342489,7.118926573570955
1499664,411747,2930986,3342733,7.118414948985664
1499858,411747,2931480,3343227,7.11961471486131
1499923,411754,2931518,3343272,7.119585966377983
1500125,411849,2932107,3343956,7.119373848182222
1500641,411852,2933333,3345185,7.122298786942882
1500699,411868,2933434,3345302,7.122267328367341
1500730,411882,2933448,3345330,7.122059230556324
1500819,411884,2933709,3345593,7.122658321274922
1500863,411887,2933825,3345712,7.122888073670691
1501308,411951,2934420,3346371,7.123225820546619
1501330,411967,2934446,3346413,7.123012280109815
1501457,412063,2934648,3346711,7.121843019149984
1501602,412063,2934984,3347047,7.122658428444194
1501643,412090,2935124,3347214,7.122531485840471
1501669,412098,2935172,3347270,7.122509694296017
1501742,412130,2935262,3347392,7.1221750418557255
1502021,412176,2936014,3348190,7.123204650440589
1502136,412206,2936204,3348410,7.123147164281937
1502392,412222,2936852,3349074,7.124442654686067
1502438,412235,2936930,3349165,7.124407194925225
1502467,412243,2936974,3349217,7.124375671630568
1502476,412253,2936983,3349236,7.124224687267285
1502506,412261,2936999,3349260,7.124125250751344
1502530,412272,2937043,3349315,7.124041894671479
1502618,412334,2937207,3349541,7.123368434327511
1502620,412337,2937212,3349549,7.123328733535918
1502889,412347,2937725,3350072,7.124400080514712
1502926,412367,2937763,3350130,7.124146694570613
1502933,412370,2937774,3350144,7.1241215413342385
1503031,412418,2937895,3350313,7.123585779476162
1503033,412418,2937900,3350318,7.123597903098313
1503193,412418,2938176,3350594,7.124267127041012
1503232,412434,2938227,3350661,7.124114403759147
1503236,412439,2938242,3350681,7.124064407100201
1503248,412445,2938256,3350701,7.123994714446774
1503515,412484,2939006,3351490,7.1251393993463985
1503565,412484,2939110,3351594,7.125391530338146
1503751,412484,2939447,3351931,7.126208531724867
1503792,412513,2939514,3352027,7.125869972582683
1503843,412556,2939568,3352124,7.125258146772802
1503874,412575,2939607,3352182,7.125024540992547
1505437,412591,2941435,3354026,7.129178775106583
1505733,412725,2942130,3354855,7.128548064691986
1505798,412778,2942238,3355016,7.127894412977436
1505806,412780,2942247,3355027,7.127881680313969
1505837,412784,2942264,3355048,7.127853792782666
1505889,412814,2942389,3355203,7.127638597528184
1505891,412814,2942391,3355205,7.127643442325115
1505924,412814,2942455,3355269,7.127798475826886
1505973,412819,2942556,3355375,7.127956804313755
1505990,412830,2942579,3355409,7.127822590412518
1505997,412841,2942594,3355435,7.127669005743131
1506006,412841,2942614,3355455,7.127717450543914
1506113,412875,2942765,3355640,7.127496215561611
1506324,413029,2943152,3356181,7.125775671926184
1506372,413048,2943239,3356287,7.1256585191067385
1506415,413048,2943288,3356336,7.125777149386996
1506432,413054,2943317,3356371,7.125743849472466
1506522,413074,2943492,3356566,7.12582249185376
1506531,413080,2943499,3356579,7.125735934927859
1506760,413080,2944054,3357134,7.127079500338917
1506881,413080,2944268,3357348,7.1275975597947125
1507128,413115,2944722,3357837,7.128092661849606
1507199,413115,2944849,3357964,7.128400082301538
1507220,413122,2944911,3358033,7.128429374373671
1507239,413130,2944945,3358075,7.128373635417423
1507310,413142,2945105,3358247,7.128553862836506
1507348,413161,2945174,3358335,7.1283930477465205
1507447,413251,2945409,3358660,7.127409250068361
1507461,413260,2945424,3358684,7.127290325702948
1507472,413260,2945434,3358694,7.1273145235444995
1507535,413274,2945549,3358823,7.127351345596384
1507798,413313,2945733,3359046,7.127123995615913
1507831,413313,2945782,3359095,7.127242549835113
1507997,413342,2946111,3359453,7.1275384548388505
1508071,413359,2946164,3359523,7.127373542126819
1508123,413379,2946337,3359716,7.127447209461535
1508392,413379,2946853,3360232,7.128695458646908
1508417,413383,2946897,3360280,7.128732918383195
1508431,413389,2946925,3360314,7.128697183524477
1508642,413489,2947471,3360960,7.12829361845176
1508672,413507,2947513,3361020,7.128084893363353
1508731,413528,2947624,3361152,7.127991333114082
1509430,413741,2948622,3362363,7.1267338745737066
1509571,413741,2949041,3362782,7.127746585424215
1509650,413773,2949157,3362930,7.127475693194095
1509696,413804,2949240,3363044,7.12714231858561
1510012,413811,2950018,3363829,7.128901841662015
1510036,413826,2950054,3363880,7.128730432597275
1510186,413889,2950344,3364233,7.128346005813153
1510223,413916,2950417,3364333,7.12805738362373
1510352,413967,2950557,3364524,7.127517410808108
1510518,413967,2950873,3364840,7.128280756678673
1510527,413971,2950879,3364850,7.128226373344993
1510538,413981,2950893,3364874,7.128088004038832
1511060,414253,2951724,3365977,7.125413696460859
1511092,414271,2951784,3366055,7.125248931255144
1511104,414279,2951809,3366088,7.125171683816944
1511120,414285,2951830,3366115,7.125119181239968
1511157,414313,2951894,3366207,7.124792125759993
1511167,414316,2951916,3366232,7.124793635775592
1511191,414326,2951969,3366295,7.124749593315409
1511217,414349,2952032,3366381,7.12450615302559
1511232,414356,2952052,3366408,7.1244340615316295
1511514,414356,2952379,3366735,7.12522323798859
1511525,414356,2952389,3366745,7.125247371825194
1511549,414380,2952452,3366832,7.124986727158647
1511568,414383,2952490,3366873,7.125026847143826
1511810,414554,2953055,3367609,7.1234507446557025
1511830,414563,2953082,3367645,7.12336122615863
1511857,414565,2953113,3367678,7.123401637861373
1511919,414575,2953155,3367730,7.123331122233613
1512032,414606,2953283,3367889,7.123107239162
1512230,414606,2953518,3368124,7.123674042343816
1512477,414606,2954339,3368945,7.125654235587522
1512514,414615,2954408,3369023,7.125665979281984
1512534,414639,2954444,3369083,7.125340356309946
1512789,414639,2955036,3369675,7.126768104302779
1512790,414639,2955038,3369677,7.126772927775728
1512806,414653,2955063,3369716,7.126592596701339
1512863,414680,2955148,3369828,7.126333558406482
1513008,414680,2955484,3370164,7.127143821742066
1513317,414683,2955927,3370610,7.128160546730876
1513352,414686,2956012,3370698,7.12831395320797
1513475,414764,2956277,3371041,7.127612328938866
1513642,414784,2956564,3371348,7.127960577071439
1513650,414784,2956591,3371375,7.1280256711927175
1513690,414784,2956691,3371475,7.128266760530782
1513704,414784,2956717,3371501,7.1283294437586795
1513713,414786,2956732,3371518,7.128331235866206
1513740,414789,2956788,3371577,7.1284146879497765
1513922,414789,2957194,3371983,7.129393498863277
1514196,414798,2958877,3373675,7.133296206828384
1514399,414905,2959096,3374001,7.131984430170762
1514484,414933,2959270,3374203,7.131922503151111
1514498,414938,2959305,3374243,7.13192091348587
1514518,414945,2959329,3374274,7.131858439070238
1514567,414983,2959463,3374446,7.131528279471689
1514605,414995,2959571,3374566,7.131582308220581
1514638,415010,2959593,3374603,7.131377557167297
1514719,415046,2959759,3374805,7.1311589558747706
1514742,415059,2959814,3374873,7.131068113208002
1514795,415062,2959897,3374959,7.131216541143251
1514885,415094,2960121,3375215,7.13120642553253
1514925,415129,2960175,3375304,7.130735265423519
1514992,415136,2960266,3375402,7.1308342326370155
1515031,415158,2960297,3375455,7.130531026741626
1515048,415175,2960384,3375559,7.130448606009514
1515073,415193,2960433,3375626,7.130257494707281
1515139,415226,2960546,3375772,7.129962959930255
1515145,415227,2960565,3375792,7.1299915467924775
1515218,415227,2960565,3375792,7.1299915467924775
1515244,415227,2960591,3375818,7.1300541631444965
1515247,415227,2960600,3375827,7.13007583803558
1515259,415227,2960621,3375848,7.1301264127814425
1515277,415236,2960645,3375881,7.130029669874481
1515314,415244,2960706,3375950,7.130039205864504
1515356,415255,2960725,3375980,7.129896087945961
1515385,415265,2960749,3376014,7.129782187278003
1515404,415279,2960802,3376081,7.129669451140077
1515424,415279,2960839,3376118,7.129758547867819
1515433,415288,2960861,3376149,7.129657009111749
1515487,415308,2960969,3376277,7.129573713966502
1515502,415316,2960987,3376303,7.129479721465101
1516105,415415,2961419,3376834,7.128820577013348
1516149,415418,2961535,3376953,7.129048332041462
1516176,415423,2961543,3376966,7.128981784831365
1516221,415431,2961604,3377035,7.1289913367081414
1516228,415434,2961616,3377050,7.128968741123741
1516270,415434,2961665,3377099,7.129086690063885
1516312,415442,2961727,3377169,7.129098646742506
1516337,415456,2961776,3377232,7.128976353693291
1516350,415463,2961790,3377253,7.1288899372507295
1516379,415473,2961828,3377301,7.128809814356168
1516442,415500,2961917,3377417,7.128560770156438
1516454,415503,2961933,3377436,7.128547808319073
1516490,415512,2961992,3377504,7.128535397292978
1516507,415525,2962016,3377541,7.1283701341676196
1516682,415542,2962138,3377680,7.128372101977658
1516736,415562,2962228,3377790,7.128245604747306
1516771,415571,2962368,3377939,7.128428114570074
1516926,415672,2962519,3378191,7.127059315999153
1517115,415676,2963050,3378726,7.128268170401948
1517383,415742,2963522,3379264,7.12827186091374
1517430,415777,2963643,3379420,7.127962826226559
1517962,415777,2964308,3380085,7.129562241297618
1518199,415853,2964566,3380419,7.128879676231746
1518229,415857,2964589,3380446,7.1288664132141575
1518296,415857,2964662,3380519,7.129041954325646
1518316,415865,2964687,3380552,7.128964928522477
1518499,415903,2964789,3380692,7.12855882261008
1518777,415903,2965458,3381361,7.130167370757124
1519053,416004,2966154,3382158,7.130109325871866
1519069,416004,2966180,3382184,7.130171825270911
1519104,416004,2966246,3382250,7.130330477591562
1519171,416053,2966384,3382437,7.129822402434305
1520768,416114,2969474,3385588,7.136203059738437
1520787,416125,2969503,3385628,7.1360841093421445
1520835,416125,2969576,3385701,7.136259537398618
1521305,416125,2970370,3386495,7.1381676179032745
1521369,416143,2970449,3386592,7.1380486996056645
1521438,416143,2970449,3386592,7.1380486996056645
1521491,416177,2970532,3386709,7.137664983889066
1521541,416196,2970562,3386758,7.137411219713789
1521589,416215,2970653,3386868,7.137304037576733
1522005,416215,2971308,3387523,7.138877743473926
1522038,416230,2971348,3387578,7.138716574970569
1522086,416231,2971366,3387597,7.138742669335056
1522208,416297,2971536,3387833,7.138019250679203
1522234,416297,2971591,3387888,7.138151367893595
1522270,416297,2971663,3387960,7.138324321337891
1522738,416669,2973050,3389719,7.135280042431762
1522790,416669,2973108,3389777,7.135419241652246
1522802,416673,2973125,3389798,7.135391542048561
1522848,416708,2973207,3389915,7.134989009090298
1522851,416708,2973216,3389924,7.135010606947791
1522878,416719,2973269,3389988,7.134949450349036
1522980,416761,2973455,3390216,7.134676709193038
1523015,416761,2973604,3390365,7.135034228250724
1523245,416851,2973854,3390705,7.134093477045755
1523353,416852,2974014,3390866,7.134460192106551
1523383,416852,2974069,3390921,7.134592133419055
1523412,416864,2974115,3390979,7.1344971021724115
1523558,416956,2974535,3391491,7.133930198869905
1524015,417103,2974931,3392034,7.132365386966768
1524026,417105,2974961,3392066,7.132403111926253
1524085,417147,2975096,3392243,7.132008620462331
1524086,417147,2975098,3392245,7.132013414935263
1524101,417156,2975141,3392297,7.131962623095437
1524479,417335,2975647,3392982,7.130116093785568
1524582,417335,2975784,3393119,7.130444367234955
1526897,417475,2978674,3396149,7.134975747050722
1526999,417479,2978721,3396200,7.135019965076087
1527021,417479,2978754,3396233,7.135099010968216
1527033,417486,2978770,3396256,7.135017701192376
1527118,417550,2978945,3396495,7.134343192432044
1527141,417562,2978994,3396556,7.134255511756338
1527180,417565,2979031,3396596,7.134292864583957
1527193,417567,2979056,3396623,7.1343185644459455
1527242,417571,2979084,3396655,7.134317277780306
1527307,417592,2979150,3396742,7.134116553956972
1527308,417594,2979154,3396748,7.134091964922868
1527411,417672,2979340,3397012,7.133205002968837
1527485,417706,2979454,3397160,7.132897300972454
1527501,417706,2979480,3397186,7.132959545709183
1527557,417743,2979595,3397338,7.132603059775986
1527642,417835,2979769,3397604,7.131449016956454
1528071,417986,2980535,3398521,7.130705334628432
1528100,418003,2980573,3398576,7.130506240385834
1528140,418008,2980586,3398594,7.130452048764617
1528157,418017,2980613,3398630,7.130363119203286
1528162,418017,2980624,3398641,7.130389433922544
1528179,418017,2980663,3398680,7.130482731563549
1528253,418019,2980844,3398863,7.130881610644492
1528291,418032,2980904,3398936,7.130803383473036
1528427,418128,2981206,3399334,7.129888455209888
1528647,418252,2981585,3399837,7.128680795310005
1528670,418252,2981614,3399866,7.12875013149967
1528728,418252,2981711,3399963,7.128982049099586
1528783,418292,2981782,3400074,7.128470063974448
1528794,418295,2981806,3400101,7.128476314562689
1528934,418295,2982171,3400466,7.129348904481287
1528983,418322,2982230,3400552,7.129029790448506
1529711,418322,2983852,3402174,7.132907186330147
1529879,418322,2984205,3402527,7.133751033892552
1529909,418333,2984260,3402593,7.133694927246954
1529932,418348,2984280,3402628,7.133486953445457
1530042,418348,2984684,3403032,7.134452656639927
1530049,418356,2984695,3403051,7.1343425216801
1530064,418356,2984751,3403107,7.134476378969108
1530131,418385,2984858,3403243,7.134237604120607
1530151,418398,2984909,3403307,7.134137830486761
1530185,418413,2984957,3403370,7.133996792642676
1530249,418446,2985076,3403522,7.1337185682262465
1530270,418447,2985112,3403559,7.133787552545484
1530289,418447,2985127,3403574,7.133823399379133
1530391,418454,2985323,3403777,7.134172453841999
1530399,418457,2985335,3403792,7.134149984347257
1530465,418457,2985430,3403887,7.134377008868294
1530499,418479,2985476,3403955,7.134111867023196
1530504,418479,2985480,3403959,7.134121425447872
1530515,418479,2985495,3403974,7.134157269540407
1530534,418479,2985531,3404010,7.1342432953624915
1530644,418499,2985682,3404181,7.134263164308637
1530692,418506,2985792,3404298,7.134406675173116
1530695,418508,2985793,3404301,7.134374970131993
1530702,418508,2985798,3404306,7.134386917334914
1530730,418509,2985849,3404358,7.134491731360616
1530832,418541,2985914,3404455,7.134101557553501
1530926,418611,2986089,3404700,7.133326644545891
1530933,418611,2986109,3404720,7.13337442159905
1531013,418622,2986165,3404787,7.133320752373263
1531037,418627,2986176,3404803,7.133261829743423
1531088,418638,2986247,3404885,7.133243996006096
1531150,418680,2986352,3405032,7.132779210853157
1531159,418682,2986372,3405054,7.132792907266135
1531170,418682,2986372,3405054,7.132792907266135
1531232,418720,2986497,3405217,7.132444115399312
1531244,418731,2986554,3405285,7.132392872751241
1531280,418741,2986577,3405318,7.132277469844128
1531304,418755,2986609,3405364,7.132115437427613
1531449,418759,2987168,3405927,7.133382207904785
1531498,418790,2987259,3406049,7.13307146780009
1531712,418790,2987568,3406358,7.133809307767616
1531875,418790,2987838,3406628,7.134454022302347
1531914,418794,2987889,3406683,7.134507657702833
1531934,418800,2987910,3406710,7.13445558739255
1531969,418800,2987944,3406744,7.134536771728749
1532157,418922,2988472,3407394,7.133719403612128
1532209,418927,2988551,3407478,7.133822837869127
1532346,418935,2988599,3407534,7.1338011863415565
1532563,419031,2988958,3407989,7.133023571048443
1532608,419051,2989082,3408133,7.132979040737285
1532625,419056,2989089,3408145,7.1329106372418005
1532629,419057,2989095,3408152,7.132907933765574
1532669,419069,2989154,3408223,7.1328444719127395
1532690,419074,2989221,3408295,7.132919245765664
1532720,419074,2989282,3408356,7.1330648047838805
1532784,419109,2989397,3408506,7.132743510638044
1532848,419122,2989457,3408579,7.132665429159052
1532851,419122,2989466,3408588,7.1326869026202395
1532878,419132,2989493,3408625,7.132581143887845
1533962,419630,2991105,3410735,7.127957962967376
1533978,419635,2991118,3410753,7.127904011819796
1534081,419707,2991284,3410991,7.127076746396892
1534395,419707,2992112,3411819,7.1290495512345515
1534503,419707,2992305,3412012,7.129509395840431
1534561,419732,2992332,3412064,7.129149076077116
1534598,419757,2992408,3412165,7.128905533439585
1534601,419757,2992417,3412174,7.12892697441615
1535784,419919,2994316,3414235,7.130699015762564
1535834,419919,2994423,3414342,7.130953826809456
1535897,419946,2994497,3414443,7.13067156253423
1535930,419951,2994526,3414477,7.130655719357734
1535935,419958,2994529,3414487,7.130544006781631
1535955,419958,2994560,3414518,7.130617823687131
1535981,419983,2994617,3414600,7.130329084748668
1535999,419993,2994636,3414629,7.130204551028231
1536084,420050,2994859,3414909,7.129767884775622
1536192,420050,2995052,3415102,7.1302273538864425
1536425,420140,2995227,3415367,7.129116484981196
1536434,420142,2995252,3415394,7.129142051972904
1536456,420144,2995259,3415403,7.129124776267185
1536478,420160,2995284,3415444,7.128912795125666
1536663,420267,2995662,3415929,7.127997201778869
1536684,420267,2995691,3415958,7.128066205531246
1536748,420276,2995827,3416103,7.12823715843874
1536765,420277,2995853,3416130,7.128282061592712
1536780,420286,2995891,3416177,7.128219831257763
1536805,420293,2995960,3416253,7.128265281601169
1537118,420302,2996546,3416848,7.129506878387446
1537152,420302,2996622,3416924,7.1296877007485095
1537172,420302,2996652,3416954,7.129759077996298
1537675,420302,2998384,3418686,7.133879924435287
1537955,420391,2998731,3419122,7.133195049370705
1538767,420404,3000425,3420829,7.137003929553477
1538942,420470,3000644,3421114,7.136404499726496
1539014,420486,3000718,3421204,7.136308937752981
1539162,420521,3000969,3421490,7.136311860763196
1539231,420547,3001081,3421628,7.1361369835000605
1539234,420548,3001084,3421632,7.1361271483873425
1539273,420567,3001148,3421715,7.135956934329132
1539373,420567,3001489,3422056,7.13676774449731
1539401,420573,3001532,3422105,7.1367681710428394
1539424,420578,3001604,3422182,7.136854519256833
1539445,420608,3001681,3422289,7.1365285491479
1539580,420628,3001986,3422614,7.136914328099889
1539590,420628,3002002,3422630,7.136952366461577
1539614,420628,3002034,3422662,7.137028443184952
1539931,420628,3003104,3423732,7.139572258622821
1539933,420628,3003109,3423737,7.139584145610849
1539974,420635,3003197,3423832,7.139674539684049
1540017,420652,3003222,3423874,7.139445432328861
1540020,420652,3003222,3423874,7.139445432328861
1540065,420652,3003359,3424011,7.139771117218033
1540073,420657,3003363,3424020,7.139695761630022
1540103,420679,3003439,3424118,7.139503041511461
1540211,420686,3003547,3424233,7.1396409673723396
1540594,420752,3004464,3425216,7.1407004601285315
1540656,420767,3004497,3425264,7.140524328191137
1540678,420769,3004501,3425270,7.140499894241258
1540704,420792,3004575,3425367,7.140285461700793
1540737,420804,3004626,3425430,7.1402030398950584
1540770,420814,3004666,3425480,7.140128417780777
1540850,420858,3004797,3425655,7.139693198180859
1541057,420872,3005167,3426039,7.140334828641487
1541061,420872,3005169,3426041,7.140339580680112
1541063,420874,3005181,3426055,7.14033416176813
1541073,420878,3005191,3426069,7.140290060302511
1541802,420878,3006028,3426906,7.142278760115758
1541808,420878,3006035,3426913,7.142295392013838
1541845,420888,3006112,3427000,7.1423086426792874
1541888,420899,3006179,3427078,7.142281164840021
1541935,420919,3006224,3427143,7.142048707708609
1541946,420919,3006234,3427153,7.142072465248658
1541962,420919,3006260,3427179,7.1421342348527865
1542040,420933,3006413,3427346,7.142260169670708
1542066,420940,3006441,3427381,7.142207915617428
1542159,420940,3006593,3427533,7.142569012210767
1542285,421056,3006827,3427883,7.141156995744034
1542285,421056,3006827,3427883,7.141156995744034
1542305,421061,3006849,3427910,7.141124445151653
1542356,421075,3006955,3428030,7.141138752003799
1542472,421169,3007160,3428329,7.140031673746169
1542510,421174,3007220,3428394,7.140089369239317
1542824,421334,3007807,3429141,7.138771141184903
1542841,421340,3007825,3429165,7.138712203920824
1542874,421347,3007873,3429220,7.138707526100815
1542961,421414,3008070,3429484,7.138040027146701
1543304,421437,3008629,3430066,7.138976881479319
1543344,421455,3008684,3430139,7.138802481878255
1543432,421455,3008914,3430369,7.139348210366468
1543485,421469,3008978,3430447,7.139262911388501
1543537,421504,3009127,3430631,7.139023591709687
1543596,421564,3009319,3430883,7.138462961732976
1543707,421564,3009534,3431098,7.138972967331176
1551935,421564,3034219,3455783,7.197528726361834
1552090,421710,3034599,3456309,7.1959379668492565
1552100,421710,3034635,3456345,7.196023333570463
1552154,421734,3034725,3456459,7.195827227588954
1552185,421743,3034787,3456530,7.195820677521619
1552625,421928,3035792,3457720,7.1950474962552855
1552644,421928,3035812,3457740,7.195094897707666
1552925,421928,3036173,3458101,7.195950493923134
1553329,422058,3037599,3459657,7.1971127191049575
1553351,422075,3037650,3459725,7.196943671148492
1553450,422075,3037819,3459894,7.197344073920512
1553558,422096,3037918,3460014,7.197220537508055
1553567,422102,3037948,3460050,7.197189304954726
1553860,422183,3038253,3460436,7.196530888264094
1553894,422183,3038326,3460509,7.19670379906344
1553914,422191,3038347,3460538,7.196617170901322
1553930,422191,3038362,3460553,7.196652699844384
1553954,422195,3038379,3460574,7.1966247823872855
1553982,422195,3038426,3460621,7.196736105354161
1554008,422207,3038464,3460671,7.196621562408961
1554055,422207,3038558,3460765,7.196844202014652
1554126,422228,3038721,3460949,7.1968723059579185
1554163,422249,3038769,3461018,7.196628055957504
1554344,422304,3038947,3461251,7.196112279305903
1554444,422321,3039274,3461595,7.196596901409118
1554471,422321,3039324,3461645,7.196715294763935
1554567,422321,3039473,3461794,7.197068106961292
1554649,422353,3039585,3461938,7.196787994876324
1555096,422467,3040510,3462977,7.197035508098858
1555125,422476,3040527,3463003,7.196922428729679
1555231,422562,3040838,3463400,7.196193694653092
1555344,422604,3040932,3463536,7.1957009398869864
1555389,422604,3041027,3463631,7.195925736623411
1556729,423053,3042332,3465385,7.191373184920093
1556876,423075,3042437,3465512,7.191247414760976
1557852,423075,3044007,3467082,7.19495834071973
1557871,423087,3044050,3467137,7.194855904341187
1557885,423095,3044093,3467188,7.194821493990712
1557894,423101,3044098,3467199,7.194731281656153
1557999,423127,3044347,3467474,7.194877660844144
1558008,423137,3044362,3467499,7.194743073756254
1558020,423137,3044371,3467508,7.194764343463228
1558126,423177,3044516,3467693,7.194426918287147
1558181,423206,3044610,3467816,7.194156037485291
1558226,423232,3044725,3467957,7.193985804476032
1558489,423232,3045216,3468448,7.195145924693785
1558582,423308,3045358,3468666,7.194189573549283
1558912,423572,3046045,3469617,7.191327566505812
1559107,423572,3046515,3470087,7.19243717715052
1559162,423594,3046604,3470198,7.19227373381115
1559214,423604,3046671,3470275,7.192262112727925
1559223,423607,3046688,3470295,7.19225130840614
1559294,423643,3046858,3470501,7.192041412226804
1559328,423656,3046889,3470545,7.191893895046925
1559407,423656,3047046,3470702,7.192264478728025
1559437,423672,3047067,3470739,7.192042429048887
1559482,423693,3047118,3470811,7.191806331471136
1559646,423706,3047198,3470904,7.191774485138279
1559686,423707,3047354,3471061,7.1921256906305535
1559695,423707,3047354,3471061,7.1921256906305535
1559864,423827,3047845,3471672,7.191247844049577
1560277,423972,3048803,3472775,7.1910479937354355
1560573,424023,3049491,3473514,7.191805633184992
1560577,424023,3049511,3473534,7.1918528004377125
1561512,424156,3050798,3474954,7.19263195616707
1561593,424170,3050933,3475103,7.192712827404107
1561645,424171,3051017,3475188,7.19289390363792
1561678,424180,3051071,3475251,7.192868593521618
1561703,424180,3051098,3475278,7.192932245744731
1561716,424180,3051114,3475294,7.19296996558065
1561756,424180,3051214,3475394,7.193205714555142
1562020,424252,3051740,3475992,7.193224781497789
1562164,424252,3051990,3476242,7.193814053911354
1562176,424256,3052005,3476261,7.193781584703575
1562214,424298,3052089,3476387,7.19326746767602
1562226,424310,3052110,3476420,7.19311352548844
1562293,424317,3052166,3476483,7.193126836775336
1562315,424333,3052197,3476530,7.19292866687248
1562398,424343,3052324,3476667,7.1930584456442075
1562438,424367,3052377,3476744,7.192776535404497
1562656,424395,3052949,3477344,7.193649783809894
1562747,424428,3053109,3477537,7.193467443241256
1562768,424436,3053138,3477574,7.193400182830863
1562809,424443,3053195,3477638,7.193415841467523
1562838,424455,3053252,3477707,7.193346762318738
1562886,424455,3053395,3477850,7.193683664935034
1562907,424459,3053412,3477871,7.193655924364897
1562915,424461,3053430,3477891,7.193664435601858
1563095,424564,3053634,3478198,7.192399732431388
1563192,424564,3053703,3478267,7.192562252098623
1563224,424586,3053743,3478329,7.192283777609248
1563340,424592,3054023,3478615,7.192841598522818
1563351,424597,3054041,3478638,7.19279928967939
1563432,424619,3054111,3478730,7.192591476123301
1565284,424620,3058153,3482773,7.20209363666337
1565894,424948,3058926,3483874,7.19835368092096
1565904,424948,3058942,3483890,7.198391332586575
1566212,424948,3059664,3484612,7.200090363997477
1566533,424948,3060281,3485229,7.201542306352778
1566584,424981,3060442,3485423,7.2013619432398155
1566601,424981,3060446,3485427,7.201371355425302
1566621,424981,3060467,3485448,7.201420769399102
1566634,424986,3060508,3485494,7.201432517777056
1566654,424992,3060534,3485526,7.201392026202846
1566669,424992,3060541,3485533,7.201408497101122
1566693,424999,3060559,3485558,7.2013322384287966
1566781,424999,3060679,3485678,7.201614592034335
1567226,425101,3061158,3486259,7.201013406225814
1567249,425101,3061186,3486287,7.201079272925728
1567334,425151,3061306,3486457,7.2005146406806055
1567342,425151,3061322,3486473,7.200552274368401
1567392,425183,3061401,3486584,7.200196150833876
1567442,425183,3061485,3486668,7.20039371282483
1567677,425183,3062199,3487382,7.202072989747943
1567725,425183,3062399,3487582,7.202543375440692
1567767,425183,3062463,3487646,7.202693898862372
1567783,425195,3062506,3487701,7.202591752019662
1567814,425195,3062555,3487750,7.202706993261915
1567866,425195,3062682,3487877,7.20300567974694
1568022,425234,3062876,3488110,7.202801281176952
1568070,425238,3063056,3488294,7.203156820415861
1568075,425240,3063068,3488308,7.203151161696924
1568096,425250,3063129,3488379,7.203125220458554
1568183,425260,3063291,3488551,7.203336782203828
1568233,425304,3063413,3488717,7.202878411677294
1568239,425307,3063431,3488738,7.202869926899863
1568294,425307,3063515,3488822,7.203067431290809
1568305,425311,3063538,3488849,7.203053765362288
1568339,425311,3063538,3488849,7.203053765362288
1568426,425369,3063680,3489049,7.202405440923058
1568459,425403,3063741,3489144,7.201973187777237
1568496,425415,3063800,3489215,7.201908724422035
1568551,425427,3063887,3489314,7.201910080930453
1568594,425433,3063923,3489356,7.201893130058082
1569651,425433,3065242,3490675,7.2049935007392465
1569681,425433,3065303,3490736,7.205136884068701
1569686,425433,3065308,3490741,7.205148636800624
1569913,425481,3065535,3491016,7.204869312613254
1569922,425483,3065560,3491043,7.204894202588587
1569927,425485,3065567,3491052,7.20487678766584
1569998,425523,3065691,3491214,7.204524784794241
1570026,425523,3065786,3491309,7.2047480394714265
1570066,425544,3065825,3491369,7.204484142650348
1570115,425569,3065895,3491464,7.204225401756237
1570126,425572,3065907,3491479,7.204202814094912
1570151,425585,3065957,3491542,7.204100238495248
1570219,425631,3066121,3491752,7.203706966832773
1570273,425668,3066189,3491857,7.203240553670936
1571039,425668,3067084,3492752,7.205343131266621
1571122,425714,3067227,3492941,7.204900473087566
1571157,425730,3067268,3492998,7.204726000046978
1571427,425739,3067770,3493509,7.205752820389957
1571432,425740,3067773,3493513,7.205742941701508
1571527,425807,3068016,3493823,7.205179811510849
1571556,425817,3068097,3493914,7.205200825706818
1571574,425823,3068114,3493937,7.205139224513472
1571590,425823,3068139,3493962,7.205197934353006
1571804,425865,3068258,3494123,7.204766768811712
1571869,425865,3068379,3494244,7.205050896410834
1571960,425885,3068807,3494692,7.20571750589948
1572147,425894,3069900,3495794,7.208131600820861
1572173,425904,3069972,3495876,7.208131409895188
1572193,425915,3069998,3495913,7.208006292335325
1572438,425969,3070958,3496927,7.209346220030096
1572708,426002,3071515,3497517,7.210095257768743
1572878,426119,3071705,3497824,7.208561458184216
1572894,426125,3071718,3497843,7.208490466412438
1573191,426269,3072190,3498459,7.207162613279408
1573502,426441,3072594,3499035,7.205203064433298
1573504,426441,3072599,3499040,7.205214789384698
1573510,426441,3072610,3499051,7.205240584277778
1573696,426550,3072889,3499439,7.204053452115813
1573747,426577,3073006,3499583,7.2038717511727075
1574237,426766,3073631,3500397,7.202145906656106
1574253,426774,3073667,3500441,7.202095254162625
1574366,426808,3073820,3500628,7.201880002249255
1574447,426808,3073864,3500672,7.20198309310041
1574505,426814,3073954,3500768,7.2020927148594005
1574508,426814,3073963,3500777,7.202113801327979
1574578,426842,3074108,3500950,7.201981060907783
1575031,427037,3075109,3502146,7.201036444148867
1575172,427104,3075409,3502513,7.200609219300217
1575212,427120,3075539,3502659,7.20064384716239
1575249,427144,3075631,3502775,7.200454647612983
1575287,427170,3075701,3502871,7.200180256104127
1575318,427193,3075792,3502985,7.200005618069585
1575425,427256,3075936,3503192,7.199280993128242
1575466,427282,3075986,3503268,7.198959937465187
1575472,427282,3076034,3503316,7.199072275452745
1575501,427287,3076075,3503362,7.199083988045506
1575608,427322,3076207,3503529,7.198803244391817
1575643,427322,3076241,3503563,7.1988828096845
1575705,427331,3076276,3503607,7.198813098043437
1575849,427331,3076526,3503857,7.199398124638746
1576049,427490,3076827,3504317,7.197424501157922
1576205,427572,3077183,3504755,7.196876783325381
1576215,427575,3077195,3504770,7.1968543530374784
1576260,427622,3077297,3504919,7.196301874085057
1576278,427631,3077331,3504962,7.196229927203594
1576308,427654,3077366,3505020,7.195924742899634
1576337,427663,3077385,3505048,7.195817734992272
1576401,427663,3077560,3505223,7.196226935694694
1576408,427667,3077568,3505235,7.196178335012989
1576474,427696,3077650,3505346,7.195882121880962
1576495,427707,3077708,3505415,7.195832661144195
1576595,427749,3077804,3505553,7.195350544361296
1576613,427749,3077835,3505584,7.19542301676918
1576732,427821,3078027,3505848,7.194660851150364
1576767,427821,3078087,3505908,7.194801096720357
1577253,428030,3079156,3507186,7.193785482326005
1577480,428097,3079800,3507897,7.1941639394810055
1577501,428097,3079832,3507929,7.194238688895274
1577507,428099,3079839,3507938,7.194221430089769
1577540,428122,3079889,3508011,7.193951724041278
1577561,428128,3079939,3508067,7.1939676919052244
1577571,428128,3079949,3508077,7.193991049405785
1577717,428196,3080338,3508534,7.193757064521854
1577902,428281,3080774,3509055,7.193347358393204
1578029,428311,3080879,3509190,7.193088666879907
1578251,428406,3081341,3509747,7.192571999458457
1578279,428418,3081380,3509798,7.192461567907977
1578296,428432,3081400,3509832,7.192273219554095
1578297,428433,3081406,3509839,7.192270436684383
1578401,428455,3081490,3509945,7.1920971864023056
1578531,428456,3081875,3510331,7.192978975670781
1578575,428456,3081914,3510370,7.193070000186717
1578620,428478,3081978,3510456,7.192850041309005
1578647,428497,3082011,3510508,7.192608116276193
1578700,428522,3082120,3510642,7.1924428617433875
1578727,428553,3082175,3510728,7.192050924856436
1578974,428558,3082658,3511216,7.1930940502802425
1579123,428696,3082939,3511635,7.191434023177263
1579166,428698,3083044,3511742,7.191645400724986
1581217,429618,3085384,3515002,7.181691642342733
1581255,429618,3085420,3515038,7.1817754377144345
1581270,429618,3085446,3515064,7.181835956593997
1581285,429618,3085465,3515083,7.1818801819290625
1581329,429636,3085498,3515134,7.181656099581971
1581366,429674,3085598,3515272,7.181253694661534
1581800,429682,3086356,3516038,7.182884086370851
1581890,429689,3086615,3516304,7.183369832599857
1582113,429751,3086871,3516622,7.1829291845743235
1582140,429759,3086897,3516656,7.182855972766132
1582147,429759,3086902,3516661,7.182867607193799
1582344,429759,3087366,3517125,7.183947282081353
1582649,429907,3087936,3517843,7.182800000930434
1582705,429915,3087998,3517913,7.182810555574939
1582727,429923,3088031,3517954,7.182753655887217
1582730,429923,3088040,3517963,7.182774589868418
1583018,429923,3088607,3518530,7.184093430684099
1583051,429957,3088664,3518621,7.183657900673788
1583118,429977,3088761,3518738,7.183549352639792
1583139,429977,3088790,3518767,7.183616798107805
1583163,429985,3088816,3518801,7.183543611986464
1583178,429985,3088842,3518827,7.183604079212065
1583690,430102,3090062,3520164,7.184486470651148
1583696,430102,3090110,3520212,7.184598072085226
1584124,430222,3090560,3520782,7.183640074194253
1585179,430222,3093266,3523488,7.189929850170377
1585191,430235,3093294,3523529,7.189777679640197
1585238,430244,3093499,3523743,7.190103755078513
1585269,430255,3093581,3523836,7.190110515856875
1585373,430330,3093778,3524108,7.189315176724839
1585394,430343,3093835,3524178,7.1892304510588065
1585441,430360,3093868,3524228,7.189023143414816
1585444,430361,3093871,3524232,7.189013409672345
1585777,430408,3094723,3525131,7.190207895764019
1585821,430425,3094815,3525240,7.190137654643666
1586200,430630,3095549,3526179,7.1884192926642365
1586220,430639,3095576,3526215,7.188331758154742
1586332,430709,3095776,3526485,7.187627841535701
1586333,430710,3095784,3526494,7.187629727658981
1586383,430727,3095878,3526605,7.187564280855391
1586889,430920,3096375,3527295,7.185498468393205
1586920,430939,3096434,3527373,7.1853185717700185
1587089,430974,3096713,3527687,7.185382412860172
1587118,430986,3096747,3527733,7.185261238184071
1587449,430989,3097080,3528069,7.185983865017437
1587468,430989,3097080,3528069,7.185983865017437
1587470,430989,3097085,3528074,7.1859954662415975
1590302,431107,3101222,3532329,7.193624784566245
1590308,431107,3101238,3532345,7.193661898322226
1590378,431133,3101335,3532468,7.193453064367608
1590387,431135,3101360,3532495,7.19347768100479
1590730,431169,3102128,3533297,7.194691640632791
1591032,431169,3102290,3533459,7.1950673633772375
1591117,431169,3102738,3533907,7.1961063991149645
1591181,431180,3102852,3534032,7.196187207198849
1591215,431213,3102929,3534142,7.1958150612342395
1591224,431213,3102955,3534168,7.195875356262451
1591248,431225,3102980,3534205,7.1957330859759985
1591261,431225,3102994,3534219,7.195765551626181
1591473,431265,3103098,3534363,7.195339292546346
1591504,431268,3103115,3534383,7.195328658745838
1591648,431359,3103397,3534756,7.19446447158863
1591703,431362,3103436,3534798,7.194504847436724
1591724,431362,3103438,3534800,7.194509483913743
1591774,431400,3103548,3534948,7.19413073713491
1591805,431401,3103610,3535011,7.194257778725594
1591984,431519,3103941,3535460,7.193057547871589
1592081,431574,3104067,3535641,7.192432815693253
1592090,431574,3104067,3535641,7.192432815693253
1592156,431598,3104181,3535779,7.192296998595916
1592211,431616,3104242,3535858,7.192138382265718
1592249,431645,3104298,3535943,7.191784915845197
1592255,431645,3104311,3535956,7.191815033186994
1592340,431698,3104446,3536144,7.191244805396365
1592385,431733,3104529,3536262,7.190854069529084
1592396,431737,3104542,3536279,7.190817557911414
1592422,431752,3104580,3536332,7.190655746817617
1592455,431756,3104641,3536397,7.190730412547828
1592469,431757,3104649,3536406,7.190732286911388
1592516,431779,3104728,3536507,7.1905488687499854
1592627,431819,3104907,3536726,7.190297323647176
1592640,431819,3104934,3536753,7.190359849844495
1592726,431829,3105403,3537232,7.191279418473516
1592821,431840,3105496,3537336,7.191311596887736
1592874,431844,3105557,3537401,7.191386241327887
1593086,431904,3106000,3537904,7.191412906571831
1593102,431915,3106019,3537934,7.191273745991688
1593139,431923,3106063,3537986,7.191242420524029
1593381,431923,3106647,3538570,7.192594513373912
1593437,431965,3106756,3538721,7.1921475119512
1593453,431970,3106763,3538733,7.192080468551056
1593765,432129,3107183,3539312,7.190406105584212
1593871,432176,3107304,3539480,7.189904113139091
1593898,432188,3107361,3539549,7.189836367506733
1594061,432235,3107468,3539703,7.189302115747221
1594142,432265,3107603,3539868,7.189115473147259
1594190,432276,3107684,3539960,7.189119914128936
1594202,432282,3107699,3539981,7.189054829948969
1594283,432310,3107811,3540121,7.1888482801693225
1594323,432326,3107852,3540178,7.1886770631421655
1594782,432436,3108251,3540687,7.187771138388109
1594787,432437,3108254,3540691,7.187761454269639
1595113,432448,3109065,3541513,7.189453992156283
1595119,432448,3109084,3541532,7.189497928074589
1595296,432448,3109398,3541846,7.19022402693503
1595396,432466,3109519,3541985,7.190204547871971
1595468,432483,3109769,3542252,7.190499973409359
1595544,432499,3109906,3542405,7.190550729597063
1595573,432509,3109969,3542478,7.190530139257218
1595880,432509,3110716,3543225,7.192257270946963
1596054,432606,3111034,3543640,7.1913796849789415
1596094,432628,3111073,3543701,7.19110413565465
1596105,432633,3111092,3543725,7.191064944190573
1596107,432634,3111098,3543732,7.191062191136156
1596186,432665,3111206,3543871,7.19079657471716
1596204,432672,3111284,3543956,7.190860513275645
1596230,432672,3111333,3544005,7.190973763035278
1596265,432672,3111416,3544088,7.19116559426078
1596772,433005,3112214,3545219,7.187478204639669
1596852,433005,3112308,3545313,7.187695292202169
1597320,433005,3113305,3546310,7.189997806029954
1597341,433008,3113328,3546336,7.190001108524553
1598818,433008,3116252,3549260,7.196753870598234
1598863,433008,3116313,3549321,7.196894745593615
1598898,433011,3116397,3549408,7.197038874301115
1598937,433040,3116480,3549520,7.196748568261593
1600659,433229,3133575,3566804,7.2330684233973255
1600674,433230,3133598,3566828,7.233104817302587
1600694,433230,3133629,3566859,7.233176372827367
1600771,433253,3133861,3567114,7.233327870782198
1600772,433253,3133863,3567116,7.233332487022595
1600782,433257,3133897,3567154,7.233344181398108
1600874,433334,3134042,3567376,7.232393488625402
1600985,433334,3134257,3567591,7.232889641708243
1601100,433359,3134384,3567743,7.232765443892939
1601586,433359,3135830,3569189,7.236102169333047
1601628,433375,3135908,3569283,7.236014998557831
1601637,433377,3135924,3569301,7.236018524287168
1602675,433912,3137128,3571040,7.229871494680949
1602729,433915,3137264,3571179,7.230134934261319
1602755,433922,3137309,3571231,7.230122003493715
1602814,433945,3137399,3571344,7.2299461913376115
1602840,433951,3137433,3571384,7.229924576737926
1602845,433951,3137433,3571384,7.229924576737926
1602898,433967,3137539,3571506,7.2299022736751875
1602995,433967,3137770,3571737,7.230434572214016
1603020,433975,3137818,3571793,7.2304118900858345
1603061,433986,3137844,3571830,7.230288534653192
1603123,434013,3137896,3571909,7.229958549628698
1603166,434045,3137998,3572043,7.229660519070603
1603180,434049,3138031,3572080,7.229669922059491
1603467,434053,3151227,3585280,7.260005114582781
1603539,434059,3151644,3585703,7.260865458382386
1603669,434059,3152030,3586089,7.261754738411137
1603732,434083,3152086,3586169,7.2614822510902295
1603850,434083,3152302,3586385,7.261979851779499
1604794,434083,3154391,3588474,7.266792295482661
1605198,434311,3155111,3589422,7.264635249855519
1605242,434331,3155209,3589540,7.264526363533802
1605382,434331,3155574,3589905,7.265366736429129
1605395,434331,3155578,3589909,7.265375945995105
1605405,434331,3155594,3589925,7.26541278425901
1605438,434344,3155667,3590011,7.265363398596504
1605607,434373,3155770,3590143,7.26511546527984
1606148,434373,3157559,3591932,7.269234045394166
1606218,434385,3157642,3592027,7.269224305627496
1606381,434415,3157766,3592181,7.269007746049285
1606399,434415,3157776,3592191,7.269030765512241
1606555,434436,3158112,3592548,7.269452807778361
1606564,434441,3158135,3592576,7.269422084932131
1606603,434464,3158197,3592661,7.269179955071076
1606770,434464,3158490,3592954,7.269854349267143
1606786,434464,3158519,3592983,7.269921098180747
1606813,434488,3158559,3593047,7.269611588812579
1606911,434516,3158630,3593146,7.269306538769573
1606950,434528,3158648,3593176,7.269147212607703
1607020,434528,3158776,3593304,7.26944178510936
1607031,434535,3158789,3593324,7.269354597443244
1607161,434535,3159175,3593710,7.270242903333449
1607195,434535,3159215,3593750,7.270334955757304
1607234,434543,3159329,3593872,7.270463452408622
1607280,434543,3159472,3594015,7.270792533765358
1607291,434545,3159495,3594040,7.2708119987573205
1607411,434571,3159556,3594127,7.270517360799501
1607445,434580,3159598,3594178,7.270463435961158
1607566,434664,3159965,3594629,7.269902729464598
1607569,434664,3159974,3594638,7.269923435113099
1607584,434664,3159974,3594638,7.269923435113099
1607719,434708,3160085,3594793,7.269442936407888
1607728,434710,3160105,3594815,7.269455499068345
1607801,434710,3160227,3594937,7.269736145936371
1607851,434726,3160379,3595105,7.269818230333589
1607862,434736,3160395,3595131,7.26968781053329
1607876,434746,3160439,3595185,7.269621802155742
1607981,434746,3160695,3595441,7.2702106517368765
1608002,434763,3160738,3595501,7.270025278140044
1608055,434784,3160811,3595595,7.269842036505483
1608220,434784,3161172,3595956,7.270672333848531
1608229,434784,3161189,3595973,7.270711433723412
1608250,434784,3161218,3596002,7.270778133509973
1608969,434784,3162598,3597382,7.273952123353205
1609103,434858,3162962,3597820,7.273551366193102
1609133,434874,3163002,3597876,7.2733757364202045
1609142,434876,3163016,3597892,7.273374479161876
1609288,434880,3163211,3598091,7.27375597866078
1609320,434904,3163277,3598181,7.273506337030701
1609431,434904,3163541,3598445,7.2741133675477805
1609452,434918,3163612,3598530,7.274042463176967
1609496,434918,3163669,3598587,7.274173522365135
1609509,434918,3163683,3598601,7.2742057123411765
1609516,434921,3163689,3598610,7.274169331901656
1609548,434935,3163707,3598642,7.27397657121179
1609589,434965,3163790,3598755,7.273665697240008
1609676,434965,3164009,3598974,7.274169186026462
1609677,434965,3164013,3598978,7.27417838216868
1609805,435007,3164118,3599125,7.27371743443209
1609810,435007,3164123,3599130,7.2737289285000015
1610007,435075,3164466,3599541,7.2733804516462675
1610053,435075,3164609,3599684,7.273709130609665
1610213,435172,3165023,3600195,7.27303916612282
1610327,435204,3165321,3600525,7.273189125099953
1610451,435240,3165440,3600680,7.272860950280305
1610467,435240,3165466,3600706,7.272920687436817
1610581,435271,3165808,3601079,7.273188427439457
1610704,435321,3165952,3601273,7.272683835606369
1610843,435429,3166249,3601678,7.271562068672504
1611206,435601,3167128,3602729,7.270708744929419
1611230,435609,3167165,3602774,7.270660156241033
1611257,435618,3167207,3602825,7.270606356945764
1611310,435665,3167317,3602982,7.270074483835057
1611358,435665,3167434,3603099,7.27034303880275
1611384,435680,3167478,3603158,7.270193720161586
1611401,435688,3167531,3603219,7.270181873267108
1611419,435695,3167561,3603256,7.270133923960569
1611461,435695,3167691,3603386,7.270432297823018
1611722,435814,3168050,3603864,7.269270835723496
1611743,435818,3168067,3603885,7.269243124423498
1611860,435878,3168219,3604097,7.268591211302245
1611964,435921,3168332,3604253,7.268133446197821
1613639,435936,3170523,3606459,7.272909326139617
1613748,435946,3171075,3607021,7.27400870750047
1613757,435952,3171097,3607049,7.273959059712996
1613849,436002,3171217,3607219,7.273400122017789
1613908,436065,3171378,3607443,7.272718516734891
1613984,436107,3171558,3607665,7.272430848392711
1614019,436116,3171602,3607718,7.272381659925341
1614049,436121,3171623,3607744,7.272346435966165
1614053,436121,3171629,3607750,7.272360193615992
1614122,436150,3171703,3607853,7.272046314341396
1614149,436154,3171720,3607874,7.272018598935238
1614265,436170,3171850,3608020,7.2720498888048235
1614275,436177,3171869,3608046,7.271976743386285
1614282,436179,3171878,3608057,7.271964033114845
1614286,436179,3171887,3608066,7.271984666845492
1614375,436179,3171972,3608151,7.272179540968272
1614401,436198,3172005,3608203,7.271938431629673
1614425,436198,3172056,3608254,7.272055351010321
1614436,436207,3172069,3608276,7.271935113375072
1614485,436245,3172149,3608394,7.271485060000687
1614531,436256,3172205,3608461,7.2714300777525125
1614540,436258,3172221,3608479,7.271433417839902
1614611,436292,3172289,3608581,7.271022617879769
1614632,436304,3172313,3608617,7.270877644944809
1614647,436311,3172329,3608640,7.270797664968337
1614744,436314,3172397,3608711,7.270903523609144
1615188,436420,3173044,3609464,7.270620044910865
1615216,436435,3173075,3609510,7.2704411882640025
1615227,436442,3173085,3609527,7.270347491762937
1615249,436451,3173115,3609566,7.270266307099766
1615425,436452,3173471,3609923,7.271065317606518
1615485,436489,3173546,3610035,7.27062079456756
1615525,436512,3173626,3610138,7.270420973535664
1615639,436512,3173879,3610391,7.271000568140166
1615699,436532,3173928,3610460,7.270779690835952
1615707,436532,3173946,3610478,7.270820924926466
1615849,436613,3174203,3610816,7.270060671578721
1615873,436632,3174238,3610870,7.269824474614778
1615908,436635,3174323,3610958,7.269969196239422
1615957,436660,3174382,3611042,7.26968808684102
1616383,436660,3175195,3611855,7.27154994732744
1616409,436670,3175237,3611907,7.271479607025901
1616437,436670,3175305,3611975,7.2716353310280075
1616467,436692,3175380,3612072,7.271440740842516
1616476,436696,3175396,3612092,7.271410775459358
1616502,436696,3175419,3612115,7.2714634436770655
1616618,436753,3175650,3612403,7.271043358603146
1616656,436776,3175752,3612528,7.270894005165119
1616661,436778,3175757,3612535,7.270872159312053
1616717,436810,3175857,3612667,7.2705684393672305
1616866,436875,3176162,3613037,7.270184835479256
1616881,436879,3176180,3613059,7.270159472073503
1616888,436883,3176189,3613072,7.2701135086510575
1616911,436899,3176234,3613133,7.269950263104287
1616940,436910,3176273,3613183,7.269856492183745
1616992,436910,3176313,3613223,7.269948044219634
1617023,436921,3176367,3613288,7.269888606864857
1617160,436921,3176565,3613486,7.2703417780330994
1617208,436943,3176677,3613620,7.270232043996585
1617224,436948,3176693,3613641,7.27018546829371
1617244,436959,3176734,3613693,7.27009627905593
1617326,436985,3176916,3613901,7.270080208702816
1617346,436993,3176949,3613942,7.2700226319414725
1617363,436996,3176975,3613971,7.270032219974554
1617383,437007,3176991,3613998,7.269885837068972
1617525,437007,3177175,3614182,7.270306882956108
1617552,437007,3177225,3614232,7.270421297599352
1617742,437116,3177512,3614628,7.269264909085917
1617809,437125,3177837,3614962,7.269858736059479
1617977,437244,3178170,3615414,7.268641765238631
1618154,437350,3178581,3615931,7.267819823939637
1618164,437350,3178596,3615946,7.267854121413056
1618277,437350,3178931,3616281,7.268620098319424
1618284,437353,3178940,3616293,7.268590817943401
1618324,437366,3179009,3616375,7.268532533393085
1618348,437389,3179059,3616448,7.268264633998569
1618363,437397,3179073,3616470,7.268163704826508
1618385,437417,3179113,3616530,7.26792282878809
1618500,437482,3179312,3616794,7.267297854540301
1618520,437482,3179333,3616815,7.26734585651524
1618606,437488,3179507,3616995,7.267643912518744
1618798,437577,3180011,3617588,7.267317523544428
1618852,437595,3180090,3617685,7.267199122476263
1618858,437596,3180107,3617703,7.267221363997843
1618911,437624,3180253,3617877,7.267090013344789
1618940,437633,3180264,3617897,7.2669656995701875
1618943,437634,3180267,3617901,7.266955949492042
1618964,437647,3180302,3617949,7.266820062744632
1618983,437659,3180331,3617990,7.266687078296116
1619261,437803,3180604,3618407,7.264920523614502
1619443,437803,3181148,3618951,7.266163091618833
1619455,437803,3181153,3618956,7.266174512280638
1619484,437803,3181184,3618987,7.266245320383826
1619505,437803,3181221,3619024,7.266329833281179
1619804,437951,3181815,3619766,7.265230585156787
1619944,438005,3181938,3619943,7.2646157007340095
1620044,438046,3182153,3620199,7.2644265670728645
1620915,438046,3182388,3620434,7.264963040411281
1620995,438106,3182605,3620711,7.264463394703565
1620999,438109,3182606,3620715,7.264415933021234
1621077,438109,3182716,3620825,7.264667012090598
1621221,438116,3183173,3621289,7.26559404358663
1621249,438119,3183202,3621321,7.265610484822616
1621262,438124,3183215,3621339,7.2655572395029715
1621270,438124,3183220,3621344,7.265568651797208
1621275,438129,3183225,3621354,7.265497148100217
1621293,438129,3183328,3621457,7.265732238678563
1621320,438133,3183345,3621478,7.265704706105224
1622669,438133,3184320,3622453,7.267930057767847
1622686,438134,3184323,3622457,7.267920316615465
1622697,438137,3184335,3622472,7.2678979405984885
1622727,438144,3184365,3622509,7.267850295793164
1623081,438151,3185222,3623373,7.269690129658497
1623107,438156,3185245,3623401,7.269659664594346
1623192,438188,3185304,3623492,7.26926342117995
1623231,438206,3185375,3623581,7.269126849016216
1623497,438242,3185798,3624040,7.269494936587548
1624259,438242,3187393,3625635,7.273134478210669
1624296,438269,3187449,3625718,7.272814184895577
1624351,438300,3187562,3625862,7.272557608943646
1624541,438390,3187980,3626370,7.272018066105522
1624675,438427,3188212,3626639,7.271933525991784
1624824,438435,3188513,3626948,7.272487369849578
1624932,438458,3188584,3627042,7.272267811284091
1624993,438480,3188738,3627218,7.272254150702427
1625059,438531,3188910,3627441,7.271800625269365
1626286,438531,3190883,3629414,7.27629973707674
1626389,438536,3190892,3629428,7.27623729864823
1626514,438628,3191107,3629735,7.275201309537922
1626544,438642,3191156,3629798,7.275080817614365
1626555,438642,3191166,3629808,7.275103615248882
1626604,438642,3191271,3629913,7.275342990411315
1626633,438650,3191352,3630002,7.2753949618146585
1626899,438653,3191551,3630204,7.275798866074095
1627047,438683,3191650,3630333,7.27552697505944
1627073,438683,3191707,3630390,7.275656909431183
1627112,438696,3191768,3630464,7.275580356328756
1627185,438710,3191884,3630594,7.275612591461329
1627255,438710,3192012,3630722,7.2759043559526795
1627308,438727,3192108,3630835,7.275841240680423
1627348,438742,3192136,3630878,7.27565630826317
1627390,438742,3192136,3630878,7.27565630826317
1627510,438794,3192273,3631067,7.275106314124623
1627853,438794,3192855,3631649,7.276432676836967
1627853,438794,3192855,3631649,7.276432676836967
1627903,438807,3192976,3631783,7.276492854489559
1627925,438814,3193013,3631827,7.276461097412571
1628094,438822,3193286,3632108,7.276950563098477
1628234,438822,3193371,3632193,7.277144263505476
1628311,438859,3193507,3632366,7.276840625348916
1628351,438863,3193602,3632465,7.276990769328925
1628360,438865,3193618,3632483,7.276994064233876
1628400,438878,3193679,3632557,7.2769175032697015
1628421,438890,3193701,3632591,7.276768666408439
1628431,438893,3193716,3632609,7.276753103831686
1628497,438904,3193845,3632749,7.276864644660336
1628540,438909,3193854,3632763,7.2768022528587935
1628597,438909,3193915,3632824,7.27694123383207
1628642,438909,3194014,3632923,7.277166793116568
1628651,438911,3194037,3632948,7.277186035437708
1628849,438924,3194321,3633245,7.277617537432448
1628920,438924,3194501,3633425,7.278027631207225
1628955,438924,3194513,3633437,7.27805497079221
1629012,438948,3194559,3633507,7.277761830558517
1629468,439138,3195069,3634207,7.2757743579467045
1629592,439199,3195270,3634469,7.275221482744724
1629600,439200,3195283,3634483,7.275234517304189
1631276,439200,3197482,3636682,7.2802413479052825
1631314,439203,3197582,3636785,7.2804193049683175
1631393,439210,3197865,3637075,7.280947610482457
1631449,439224,3197969,3637193,7.280952315902592
1631999,439224,3199134,3638358,7.283604721053495
1632006,439224,3199134,3638358,7.283604721053495
1632304,439225,3199532,3638757,7.284494279697194
1632343,439237,3199573,3638810,7.284388610249136
1632411,439270,3199748,3639018,7.28423976142236
1632483,439302,3199812,3639114,7.2838548424546214
1632550,439305,3199848,3639153,7.28388704886127
1632760,439305,3200433,3639738,7.28521869771571
1632774,439313,3200451,3639764,7.285127005119357
1632870,439353,3200623,3639976,7.2848552303045615
1634591,439993,3202519,3642512,7.278568068128356
1634643,440000,3202546,3642546,7.278513636363637
1634689,440018,3202657,3642675,7.278468153575536
1634717,440027,3202694,3642721,7.278403370702252
1634778,440048,3202790,3642838,7.2782741882703705
1634858,440078,3202919,3642997,7.278071160112526
1634976,440137,3203101,3643238,7.277509048319046
1635026,440165,3203204,3643369,7.277280110867515
1635074,440182,3203261,3643443,7.277128551371932
1635093,440182,3203282,3643464,7.277176258911087
1635162,440186,3203362,3643548,7.277291872072261
1635245,440218,3203515,3643733,7.277110431649773
1635426,440292,3203780,3644072,7.276489238959599
1636203,440292,3204918,3645210,7.279073887329318
1636474,440326,3204991,3645317,7.278677616129867
1636489,440329,3205009,3645338,7.278668904387401
1636538,440339,3205077,3645416,7.278658033923863
1636568,440348,3205132,3645480,7.278634171155541
1636584,440350,3205161,3645511,7.278666969456115
1636587,440350,3205170,3645520,7.27868740774384
1636598,440352,3205178,3645530,7.278672516532229
1636630,440361,3205237,3645598,7.2786577376289
1636657,440374,3205292,3645666,7.278567762856118
1636665,440377,3205311,3645688,7.278561323593194
1636784,440482,3205708,3646190,7.277727580241645
1636851,440502,3205750,3646252,7.277492497196381
1636888,440502,3205798,3646300,7.2776014637845
1636889,440502,3205802,3646304,7.277610544333511
1636949,440505,3205810,3646315,7.277579142120975
1636964,440505,3205817,3646322,7.277595032973519
1637057,440529,3205905,3646434,7.277398309759403
1637106,440560,3206015,3646575,7.277135917922644
1637124,440566,3206033,3646599,7.277077668272177
1637197,440597,3206190,3646787,7.276921994475678
1637476,440763,3206594,3647357,7.2750979551368875
1637611,440820,3206691,3647511,7.274377296855859
1637631,440820,3206712,3647532,7.274424935347761
1637641,440826,3206747,3647573,7.274405320920272
1637642,440826,3206752,3647578,7.274416663263963
1637929,440878,3206878,3647756,7.2738444649086595
1637979,440878,3206977,3647855,7.274069016825516
1638005,440912,3207052,3647964,7.273678194288203
1638058,440924,3207119,3648043,7.273632190581597
1639075,441485,3208981,3650466,7.268607087443515
1639147,441503,3209106,3650609,7.268593871389323
1639342,441577,3209464,3651041,7.268186522395868
1639345,441577,3209471,3651048,7.268202374670782
1639379,441614,3209533,3651147,7.267733812786732
1639421,441626,3209595,3651221,7.2676767219321325
1639458,441647,3209739,3651386,7.2676572013395315
1639482,441666,3209765,3651431,7.2674034224957325
1639517,441672,3209811,3651483,7.267408846383741
1639538,441678,3209849,3651527,7.267396157381622
1639605,441718,3209972,3651690,7.267016512797758
1639753,441828,3210231,3652059,7.265793476194356
1639774,441834,3210261,3652095,7.265762707261098
1639811,441852,3210336,3652188,7.265636457456343
1639842,441852,3210367,3652219,7.265706616695183
1639876,441873,3210415,3652288,7.265469942721099
1640029,441873,3210569,3652442,7.265818459150028
1640041,441878,3210587,3652465,7.265776979166195
1640283,441878,3211073,3652951,7.266876830256315
1640330,441878,3211167,3653045,7.267089558656462
1640339,441880,3211190,3653070,7.2671087172988145
1640585,442013,3211445,3653458,7.26549897853683
1640740,442063,3211709,3653772,7.265274406589106
1640775,442080,3211758,3653838,7.265105863192183
1640782,442083,3211774,3653857,7.265092754075592
1640817,442086,3211858,3653944,7.265233461362722
1640823,442086,3211874,3653960,7.265269653415851
1640916,442126,3211941,3654067,7.264763890836549
1641013,442161,3212176,3654337,7.264720316807678
1641072,442182,3212237,3654419,7.264513254723168
1641093,442190,3212272,3654462,7.26446097831249
1641144,442202,3212344,3654546,7.26442666473693
1641170,442204,3212410,3654614,7.2645430615733915
1641222,442238,3212553,3654791,7.264307906602327
1641482,442418,3213121,3655539,7.262636239935988
1641832,442427,3213512,3655939,7.263372262542747
1642307,442427,3215122,3657549,7.267011280957084
1642367,442484,3215181,3657665,7.2662084956744195
1642388,442484,3215210,3657694,7.266274034767359
1642482,442514,3215285,3657799,7.265950907767889
1642517,442518,3215345,3657863,7.2660208172322935
1643543,442518,3216646,3659164,7.268960810633692
1643548,442524,3216659,3659183,7.268891630736412
1643604,442534,3216676,3659210,7.268765789747229
1643632,442547,3216718,3659265,7.2686471719388
1643645,442550,3216725,3659275,7.268613715964298
1644278,442550,3217613,3660163,7.27062026889617
1644303,442562,3217665,3660227,7.27054062481641
1644496,442631,3217775,3660406,7.269655762926682
1644596,442639,3217828,3660467,7.269644111793132
1644605,442647,3217840,3660487,7.269539836483699
1644661,442665,3217933,3660598,7.269454327764788
1644671,442665,3217949,3660614,7.2694904724791884
1644681,442674,3217961,3660635,7.269369784536702
1644694,442674,3217975,3660649,7.269401410518801
1644723,442680,3218013,3660693,7.269388723231228
1644766,442692,3218056,3660748,7.269288805761116
1644830,442728,3218145,3660873,7.268898736921993
1644925,442728,3218248,3660976,7.269131385410455
1645120,442778,3218450,3661228,7.268766740894986
1645154,442791,3218527,3661318,7.2687272324866585
1645229,442855,3218702,3661557,7.2680719422835915
1646282,442855,3220407,3663262,7.271921960912714
1646317,442873,3220458,3663331,7.271741560221553
1646439,442885,3220570,3663455,7.271797419194599
1648280,443627,3224264,3667891,7.267961598369801
1648290,443627,3224264,3667891,7.267961598369801
1648389,443663,3224417,3668080,7.267716712910475
1649239,443832,3225120,3668952,7.2665332828637865
1649268,443844,3225154,3668998,7.266413424536549
1649352,443882,3225294,3669176,7.266106758102379
1649472,443922,3225578,3669500,7.266091790900203
1649488,443928,3225624,3669552,7.266097204952154
1649676,443928,3225903,3669831,7.266725685246256
1649703,443928,3225929,3669857,7.266784253302338
1649705,443930,3225929,3669859,7.266751514878472
1649710,443931,3225933,3669864,7.2667441561864345
1649734,443931,3225988,3669919,7.26686804931397
1649751,443931,3226023,3669954,7.266946890395129
1649803,443951,3226075,3670026,7.2667366443594
1649818,443956,3226105,3670061,7.266722377893305
1650085,443956,3226894,3670850,7.2684995810395625
1650160,443956,3227061,3671017,7.268875744443143
1650447,443960,3240263,3684223,7.298547166411389
1650456,443964,3240273,3684237,7.298503932751304
1650752,444072,3240769,3684841,7.2978458448179575
1650785,444079,3240799,3684878,7.297798364705379
1650818,444084,3240815,3684899,7.297752227056143
1653174,444095,3243959,3688054,7.304651031873811
1653266,444095,3244149,3688244,7.3050788682601695
1653358,444095,3244204,3688299,7.305202715635168
1653517,444181,3244594,3688775,7.304666340973612
1653545,444188,3244622,3688810,7.304614262429422
1653564,444197,3244641,3688838,7.304509035405462
1653679,444290,3244951,3689241,7.303677778027865
1653711,444300,3244975,3689275,7.303567409408058
1653807,444300,3245074,3689374,7.303790231825343
1653966,444300,3245342,3689642,7.304393427864055
1654007,444310,3245378,3689688,7.304310053791272
1654010,444311,3245391,3689702,7.304322872942601
1654014,444311,3245393,3689704,7.3043273742941315
1654274,444385,3245605,3689990,7.303588104909031
1654322,444387,3245627,3690014,7.303604740912763
1654342,444387,3245658,3690045,7.303674499929116
1654460,444387,3246008,3690395,7.3044621017266484
1654501,444397,3246122,3690519,7.30455426116738
1654517,444397,3246148,3690545,7.304612767412921
1654564,444417,3246250,3690667,7.304513553711942
1654580,444424,3246277,3690701,7.304459255125736
1655197,444515,3246785,3691300,7.304106723057715
1655260,444530,3246916,3691446,7.304154950172092
1655284,444542,3246934,3691476,7.3039982723792125
1655384,444574,3247113,3691687,7.3038751703878315
1655575,444640,3247496,3692136,7.303652392947103
1655737,444728,3247812,3692540,7.302917738482848
1655877,444745,3247950,3692695,7.302948880819346
1656031,444822,3248347,3693169,7.302577210659544
1656142,444822,3248452,3693274,7.3028132601355145
1656247,444853,3248747,3693600,7.3029674971282645
1656291,444853,3248856,3693709,7.303212521889253
1656324,444862,3248890,3693752,7.3031411988436865
1656993,444920,3249772,3694692,7.304171536455992
1657047,444954,3249837,3694791,7.3037594897450075
1657291,444959,3250497,3695456,7.305160700199345
1657381,444995,3250569,3695564,7.304731513837234
1657565,444998,3250933,3695931,7.305500249439324
1657654,445023,3251055,3696078,7.305363992422864
1657687,445039,3251090,3696129,7.305179995461072
1657798,445087,3251182,3696269,7.30459887617477
1658252,445460,3252477,3697937,7.301389574821533
1658267,445466,3252489,3697955,7.301318170185828
1658514,445473,3253304,3698777,7.303032955981619
1658541,445484,3253320,3698804,7.3028885436962945
1658572,445484,3253361,3698845,7.302980578427059
1658681,445506,3253575,3699081,7.303100294945523
1658700,445512,3253582,3699094,7.303017651600855
1658983,445512,3254030,3699542,7.30402323618668
1659021,445527,3254051,3699578,7.303824459572596
1659032,445529,3254064,3699593,7.303820851167937
1659081,445542,3254121,3699663,7.303735674751202
1659188,445581,3254256,3699837,7.303399381930558
1659204,445581,3254282,3699863,7.30345773271302
1659239,445597,3254351,3699948,7.303350336739251
1660315,445597,3254351,3699948,7.303350336739251
1660340,445630,3254403,3700033,7.302926194376501
1660446,445726,3254578,3700304,7.301745915652217
1660495,445735,3254613,3700348,7.301677005395582
1660521,445735,3254639,3700374,7.301735336018037
1660601,445797,3254785,3700582,7.301047337689576
1660697,445797,3254923,3700720,7.301356895627382
1660702,445798,3254928,3700726,7.301351733296246
1660704,445798,3254938,3700736,7.301374164980552
1660731,445818,3254988,3700806,7.301158768824947
1660751,445824,3255007,3700831,7.301103125897215
1660798,445857,3255110,3700967,7.300793752256889
1660818,445857,3255131,3700988,7.30084085256035
1660832,445863,3255158,3701021,7.300803161509253
1661529,445863,3257053,3702916,7.305053345982959
1661704,445912,3257228,3703140,7.304643068587524
1662029,445912,3257834,3703746,7.306002081128115
1662137,445938,3258003,3703941,7.305955087927021
1662165,445946,3258043,3703989,7.305913720495306
1662256,445970,3258255,3704225,7.305995919008005
1662395,446015,3258409,3704424,7.305604071611941
1662430,446020,3258513,3704533,7.305755347293843
1662496,446038,3258562,3704600,7.30557037741179
1662512,446043,3258592,3704635,7.305555742383582
1662542,446065,3258635,3704700,7.30529182966608
1662585,446065,3258661,3704726,7.305350117135395
1662588,446065,3258670,3704735,7.305370293567081
1662661,446088,3258819,3704907,7.3053276483563785
1662716,446124,3258862,3704986,7.304834530309959
1662746,446138,3258900,3705038,7.304690476937629
1662773,446138,3258938,3705076,7.304775652376619
1662810,446147,3258954,3705101,7.3046641577775935
1663010,446313,3259193,3705506,7.302482786743832
1663257,446410,3259827,3706237,7.3023162563562645
1663278,446417,3259847,3706264,7.302246554230686
1663292,446417,3259873,3706290,7.302304795740306
1663315,446423,3259896,3706319,7.302258172181989
1663379,446423,3260115,3706538,7.302748738304254
1663438,446459,3260236,3706695,7.302430906309426
1663445,446459,3260241,3706700,7.302442105546086
1663499,446459,3260417,3706876,7.302836318676519
1663526,446470,3260436,3706906,7.302698949537483
1664522,446614,3262240,3708854,7.304383651206635
1687676,446616,3331696,3778312,7.459867089401186
1687691,446625,3331702,3778327,7.459730198712567
1688250,446625,3333285,3779910,7.463274559193954
1688266,446625,3333311,3779936,7.463332773579625
1688293,446645,3333343,3779988,7.46307022355562
1688659,446664,3334112,3780776,7.464474414772625
1688681,446668,3334131,3780799,7.464450106119086
1689062,446668,3336033,3782701,7.468708302363276
1689180,446668,3336210,3782878,7.469104569837105
1689210,446675,3336229,3782904,7.469030055409414
1689211,446675,3336231,3782906,7.469034532937818
1689216,446675,3336233,3782908,7.469039010466223
1689225,446675,3336233,3782908,7.469039010466223
1689228,446676,3336236,3782912,7.469029005364067
1689317,446693,3336281,3782974,7.468845493437327
1689395,446693,3336533,3783226,7.4694096392824605
1689481,446693,3336675,3783368,7.469727530988845
1689497,446696,3336695,3783391,7.4697221376506615
1689662,446696,3336943,3783639,7.470277325071189
1689674,446707,3336963,3783670,7.470138144242199
1689682,446711,3336971,3783682,7.470089162792052
1689858,446763,3337305,3784068,7.469967298097649
1689890,446773,3337341,3784114,7.469880677659572
1689907,446773,3337386,3784159,7.46998139995031
1689949,446792,3337450,3784242,7.469806979534101
1690417,446946,3337870,3784816,7.4681728888948555
1690428,446954,3337880,3784834,7.468061590230762
1690530,446954,3338210,3785164,7.468799921244692
1690552,446955,3338232,3785187,7.4688324327952476
1690592,446955,3338332,3785287,7.4690561689655555
1690625,446964,3338391,3785355,7.469037774854351
1690705,446964,3338485,3785449,7.46924808261963
1690820,447015,3338719,3785734,7.46891938749259
1691102,447015,3338995,3786010,7.469536816437927
1691214,447070,3339198,3786268,7.469071957411591
1691493,447149,3339718,3786867,7.468915283272466
1691513,447149,3339739,3786888,7.468962247483501
1691612,447149,3339996,3787145,7.469536999970927
1691618,447149,3340014,3787163,7.469577255008956
1691699,447170,3340085,3787255,7.469385244985129
1691795,447200,3340202,3787402,7.4691457960644
1691796,447200,3340204,3787404,7.469150268336315
1691855,447212,3340309,3787521,7.4691846372637585
1693319,447216,3342391,3789607,7.473773299703052
1693324,447219,3342417,3789636,7.473781301778323
1693393,447254,3342501,3789755,7.473384251454431
1693412,447261,3342517,3789778,7.473303060181863
1693426,447261,3342532,3789793,7.473336597646564
1693636,447473,3342995,3790468,7.470830642295736
1693652,447473,3343021,3790494,7.4708887463601155
1693661,447475,3343037,3790512,7.4708911112352645
1693706,447483,3343074,3790557,7.470840233036785
1693735,447495,3343100,3790595,7.470697996625661
1693744,447505,3343117,3790622,7.470569043921297
1693865,447505,3343261,3790766,7.470890828035441
1693866,447505,3343263,3790768,7.470895297259249
1693870,447510,3343267,3790777,7.470820763781815
1693914,447535,3343340,3790875,7.470566547867764
1693971,447557,3343388,3790945,7.470306575475303
1694058,447587,3343509,3791096,7.470076208647704
1694323,447706,3343870,3791576,7.468896999370123
1694330,447709,3343881,3791590,7.468871521457018
1694341,447709,3343896,3791605,7.4689050253624565
1694547,447733,3344228,3791961,7.4692461802011465
1694563,447733,3344254,3791987,7.469304250524308
1694585,447735,3344261,3791996,7.469286519928082
1694597,447738,3344295,3792033,7.469312410382858
1694995,447986,3345260,3793246,7.467331568397227
1695059,448039,3345398,3793437,7.46675624220213
1695182,448045,3346007,3794052,7.468015489515562
1695341,448055,3346324,3794379,7.468556315630893
1695358,448062,3346341,3794403,7.46847757676393
1695367,448064,3346358,3794422,7.4684821811169835
1695439,448122,3346463,3794585,7.467749853834447
1695476,448122,3346499,3794621,7.467830189100289
1695496,448122,3346520,3794642,7.467877051338698
1695522,448131,3346561,3794692,7.467818561982992
1695531,448133,3346579,3794712,7.467825400048646
1695614,448169,3346796,3794965,7.467709725572273
1695636,448183,3346832,3795015,7.4675567792620425
1695794,448242,3346949,3795191,7.466834879373196
1695854,448254,3347120,3795374,7.46701646834161
1695954,448322,3347322,3795644,7.466334464960452
1695960,448328,3347340,3795668,7.4662746917435445
1695995,448364,3347388,3795752,7.465782266194432
1696177,448364,3347932,3796296,7.466995566102542
1696198,448369,3347940,3796309,7.466930140130116
1696265,448416,3348054,3796470,7.466401734104046
1696353,448416,3348394,3796810,7.467159958609862
1696357,448416,3348404,3796820,7.467182259330621
1696413,448434,3348519,3796953,7.4671389769732
1696414,448434,3348519,3796953,7.4671389769732
1696560,448492,3348752,3797244,7.466692828411655
1696656,448541,3348905,3797446,7.466218249836693
1696676,448546,3348913,3797459,7.466152858346747
1696684,448549,3348935,3797484,7.466151970018883
1696732,448553,3348955,3797508,7.466129977951323
1696869,448660,3349214,3797874,7.464926670530023
1696990,448667,3349408,3798075,7.4652425964022315
1697102,448701,3349585,3798286,7.465071394982405
1697123,448702,3349586,3798288,7.465056986596895
1697151,448709,3349614,3798323,7.465002930629874
1697224,448777,3349815,3798592,7.464319695528069
1697249,448791,3349843,3798634,7.464149236504297
1697331,448843,3349976,3798819,7.463580806651769
1697398,448843,3350128,3798971,7.463919455132419
1697453,448861,3350189,3799050,7.463756040288642
1697536,448905,3350371,3799276,7.46342990164957
1697582,448905,3350514,3799419,7.4637484545727935
1697612,448907,3350529,3799436,7.463748616083064
1697623,448910,3350559,3799469,7.4637655654808315
1697759,448965,3350906,3799871,7.463624113238225
1697889,448966,3351291,3800257,7.464465015168186
1698018,448966,3351573,3800539,7.465093125091878
1698048,448966,3351607,3800573,7.465168854657145
1698062,448973,3351627,3800600,7.4650970102879235
1698374,448978,3352487,3801465,7.466929337294923
1698388,448985,3352496,3801481,7.466832967693798
1698439,449024,3352597,3801621,7.466409367873432
1698483,449051,3352669,3801720,7.466120774700424
1698510,449060,3352731,3801791,7.466109205896762
1698549,449066,3352769,3801835,7.466094070804737
1698594,449069,3352869,3801938,7.4662668765824405
1698720,449069,3353206,3802275,7.467017318051346
1698918,449139,3353605,3802744,7.466741921765868
1698937,449146,3353635,3802781,7.46669234502812
1698990,449156,3353735,3802891,7.466748746537951
1699068,449183,3353845,3803028,7.466544815810037
1699070,449183,3353850,3803033,7.466555947130679
1699161,449185,3353875,3803060,7.466578358582766
1699164,449185,3353884,3803069,7.466598394870711
1699341,449185,3354113,3803298,7.467108207086167
1699481,449255,3354340,3803595,7.466450011686013
1699631,449296,3354455,3803751,7.466024625191411
1699666,449311,3354489,3803800,7.465851047492716
1699723,449370,3354645,3804015,7.465217971827225
1699752,449386,3354683,3804069,7.465036739017237
1699850,449387,3354972,3804359,7.465663225682986
1699871,449391,3354994,3804385,7.465645729442735
1699877,449393,3354997,3804390,7.465619179648993
1700005,449436,3355250,3804686,7.465467830792371
1700076,449486,3355399,3804885,7.464968875560084
1700561,449495,3356832,3806327,7.468007430560963
1700803,449495,3357320,3806815,7.469093093360327
1701194,449782,3357862,3807644,7.46553219115038
1701220,449796,3357932,3807728,7.465455450915526
1701254,449807,3357996,3807803,7.465415166949381
1701290,449818,3358019,3807837,7.4652837369780665
1701914,449818,3359057,3808875,7.4675913369407185
1702014,449818,3359297,3809115,7.468124886065031
1702173,449818,3359297,3809115,7.468124886065031
1702451,449818,3359966,3809784,7.4696121542490514
1702468,449818,3360011,3809829,7.46971219470986
1702523,449850,3360105,3809955,7.4693897965988665
1702567,449872,3360153,3810025,7.4691312195468935
1702601,449881,3360195,3810076,7.469075155429992
1702696,449960,3360366,3810326,7.468143835007556
1702761,450002,3360535,3810537,7.467822365233932
1702780,450002,3360556,3810558,7.467869031693192
1702916,450009,3360807,3810816,7.468310633787325
1702917,450009,3360809,3810818,7.468315078142882
1702925,450009,3360809,3810818,7.468315078142882
1702954,450022,3360849,3810871,7.468188221909151
1703231,450149,3361216,3811365,7.466896516486763
1703238,450149,3361238,3811387,7.466945389193356
1703592,450328,3361872,3812200,7.465385230321011
1703621,450328,3361889,3812217,7.465422980583042
1704183,450335,3362774,3813109,7.467272141849956
1705202,450349,3364265,3814614,7.47035077240096
1705217,450349,3364291,3814640,7.470408505403587
1705367,450442,3364645,3815087,7.469652030672095
1705374,450442,3364657,3815099,7.469678671171871
1705430,450477,3364732,3815209,7.4692648015325975
1705471,450488,3364762,3815250,7.469149011738382
1705507,450488,3364803,3815291,7.469240024151587
1705661,450608,3365239,3815847,7.468218495898874
1707293,451436,3372891,3824327,7.471471039084167
1707342,451458,3372966,3824424,7.471273075236234
1707812,451458,3374412,3825870,7.474476030992916
1708177,451666,3375403,3827069,7.473228004764582
1708255,451724,3375496,3827220,7.472474342740258
1708274,451734,3375533,3827267,7.472390831772681
1708354,451746,3375656,3827402,7.472464615071301
1708396,451774,3375738,3827512,7.472182994151943
1708427,451793,3375803,3827596,7.472012625250945
1708453,451803,3375837,3827640,7.471922497194574
1708612,451899,3376161,3828060,7.471052159885284
1710927,451899,3379191,3831090,7.477757197957951
1711139,451908,3380453,3832361,7.480400878054826
1711321,452013,3380823,3832836,7.479481784815923
1711360,452023,3380914,3832937,7.479517635164583
1711414,452023,3381104,3833127,7.479937967758278
1711421,452033,3381116,3833149,7.479799041220442
1711451,452033,3381171,3833204,7.4799207137532
1711495,452048,3381242,3833290,7.479829575620288
1711527,452076,3381300,3833376,7.479494598253391
1711530,452076,3381309,3833385,7.4795145064104265
1711612,452112,3381404,3833516,7.479129065364335
1712143,452112,3382013,3834125,7.480476076724352
1712148,452114,3382025,3834139,7.480469527597022
1712225,452167,3382175,3834342,7.479924452691152
1712256,452185,3382228,3834413,7.479743910125281
1712282,452185,3382283,3834468,7.479865541758351
1712320,452204,3382341,3834545,7.479679525170056
1712373,452208,3382436,3834644,7.479823444078831
1712419,452220,3382532,3834752,7.479837247357481
1712435,452231,3382571,3834802,7.479741548014179
1712512,452231,3382727,3834958,7.480086504463427
1712704,452301,3382871,3835172,7.47924722695727
1712927,452301,3383349,3835650,7.4803040453149565
1712937,452305,3383356,3835661,7.480253368855086
1712972,452312,3383414,3835726,7.48026583420294
1713352,452312,3384130,3836442,7.481848812324237
1713364,452317,3384138,3836455,7.481783793224663
1713571,452385,3384726,3837111,7.481958950893597
1713668,452385,3384915,3837300,7.482376736629199
1713796,452385,3385332,3837717,7.483298517855366
1713982,452514,3385610,3838124,7.481779569250896
1714990,452559,3386809,3839368,7.483685000187821
1715013,452587,3386862,3839449,7.483339114910503
1715069,452587,3386932,3839519,7.4834937813061355
1715105,452606,3387009,3839615,7.483349756742067
1715178,452612,3387051,3839663,7.483343349270457
1715247,452658,3387197,3839855,7.482905416451272
1715299,452683,3387267,3839950,7.4826467969859705
1715309,452683,3387283,3839966,7.482682141807843
1715388,452729,3387440,3840169,7.482268641946948
1715402,452729,3387466,3840195,7.482326071446716
1715421,452740,3387493,3840233,7.482203913946194
1715453,452745,3387578,3840323,7.482309026052193
1715567,452781,3387693,3840474,7.481968103785274
1715592,452788,3387722,3840510,7.481916481885563
1715597,452790,3387730,3840520,7.481901102056141
1715605,452790,3387749,3840539,7.481943064113607
1715619,452792,3387822,3840614,7.482071238007738
1715645,452799,3387927,3840726,7.482187460661353
1715889,452938,3388282,3841220,7.480675059279637
1715918,452959,3388344,3841303,7.480465119359589
1715974,452959,3388536,3841495,7.480888998783555
1716005,452985,3388587,3841572,7.480572204377628
1716036,452996,3388667,3841663,7.4805671573258925
1716190,453026,3388900,3841926,7.480586103225863
1718584,453033,3394067,3847100,7.491875867762393
1718701,453073,3394566,3847639,7.492315807827878
1718728,453073,3394595,3847668,7.492379815173273
1718770,453076,3394729,3847805,7.492625961207391
1719784,453083,3396451,3849534,7.496310830465941
1720051,453083,3397068,3850151,7.497672611861403
1720116,453099,3397133,3850232,7.497551307771591
1720124,453106,3397156,3850262,7.497486239423004
1720221,453111,3397374,3850485,7.497884624297358
1720252,453120,3397422,3850542,7.497841631355932
1720353,453197,3397740,3850937,7.497269399400261
1720679,453206,3398062,3851268,7.4978310084155995
1720706,453217,3398094,3851311,7.497719635406439
1720767,453240,3398153,3851393,7.497469331921278
1720811,453254,3398226,3851480,7.497398809497544
1720883,453265,3398295,3851560,7.497369088722932
1720884,453265,3398297,3851562,7.497373501152747
1720914,453273,3398375,3851648,7.497413258676339
1721010,453323,3398655,3851978,7.497203980384847
1721062,453323,3398782,3852105,7.497484133829521
1721095,453333,3398847,3852180,7.497462130486861
1721118,453349,3398881,3852230,7.497272520729063
1721126,453354,3398891,3852245,7.497211891810815
1721148,453364,3398930,3852294,7.497132546915944
1721196,453374,3399023,3852397,7.497172312483733
1721205,453377,3399030,3852407,7.497138143311195
1723827,453577,3406759,3860336,7.51087246487366
1723849,453592,3406801,3860393,7.510716679306514
1723893,453603,3406838,3860441,7.510616111445471
1723930,453617,3406903,3860520,7.5105276036832835
1723950,453617,3406924,3860541,7.510573898244554
1723989,453640,3406997,3860637,7.510354025218235
1724432,453701,3409196,3862897,7.514191064158995
1724461,453701,3409234,3862935,7.514274819760151
1724482,453720,3409273,3862993,7.514046107731641
1724503,453727,3409310,3863037,7.514011729520174
1724755,453763,3409655,3863418,7.514175902398389
1724790,453768,3409686,3863454,7.514161421695668
1724828,453781,3409742,3863523,7.5140695621896905
1725070,453928,3410407,3864335,7.51310119666555
1725164,453928,3410576,3864504,7.513473502405668
1725224,453953,3410679,3864632,7.513286617777611
1725245,453961,3410699,3864660,7.513198270335998
1725682,454004,3411470,3865474,7.514184897049365
1725742,454004,3411562,3865566,7.514387538435785
1725763,454004,3411587,3865591,7.51444260402992
1725796,454034,3411674,3865708,7.514137707748759
1725841,454041,3411782,3865823,7.514259725443297
1725858,454056,3411803,3865859,7.514057737371601
1725887,454078,3411839,3865917,7.513772964116297
1726210,454363,3412868,3867231,7.511324645712789
1726344,454390,3413014,3867404,7.511199630273554
1726387,454400,3413099,3867499,7.51122139084507
1726419,454407,3413180,3867587,7.511283937087237
1726563,454536,3413451,3867987,7.509748402766777
1726599,454559,3413551,3868110,7.509588414265255
1726617,454565,3413604,3868169,7.509605886946861
1726637,454565,3413625,3868190,7.509652084960346
1726841,454616,3413891,3868507,7.509394741936052
1726875,454628,3413920,3868548,7.509260318326192
1727030,454723,3414188,3868911,7.508280865493938
1727070,454734,3414229,3868963,7.508189403035621
1727156,454734,3414388,3869122,7.5085390579987425
1727241,454768,3414466,3869234,7.508149210146712
1727276,454784,3414510,3869294,7.507981811145511
1727478,454949,3414910,3869859,7.506138050638643
1727600,455020,3415071,3870091,7.505320645246363
1727656,455020,3415197,3870217,7.505597556151378
1727691,455042,3415257,3870299,7.505366537594332
1727752,455072,3415368,3870440,7.5051156740032345
1727822,455073,3415463,3870536,7.505307939605294
1727860,455080,3415518,3870598,7.505313351498637
1727948,455086,3415561,3870647,7.50530888667197
1727965,455096,3415601,3870697,7.505231863167332
1727969,455098,3415604,3870702,7.50520547222796
1728167,455239,3416472,3871711,7.504787595087415
1728170,455239,3416479,3871718,7.504802971625893
1728201,455239,3416535,3871774,7.504925983933714
1728443,455242,3417043,3872285,7.505992417219852
1728475,455266,3417082,3872348,7.505682392271771
1728509,455276,3417125,3872401,7.505611980425061
1728703,455281,3417694,3872975,7.5067793296886975
1728708,455283,3417702,3872985,7.506763924855529
1728742,455293,3417754,3873047,7.506713259373634
1728748,455293,3417770,3873063,7.506748401578764
1729018,455302,3419436,3874738,7.510259124712828
1729272,455372,3420379,3875751,7.511175478509878
1729347,455408,3420511,3875919,7.510871570108562
1729505,455451,3420691,3876142,7.510557667015771
1729549,455451,3420725,3876176,7.5106323182954915
1729705,455468,3420862,3876330,7.510652779119499
1729994,455477,3421449,3876926,7.511793131157007
1730105,455477,3421758,3877235,7.512471540824235
1730130,455488,3421803,3877291,7.512388910355487
1730152,455500,3421829,3877329,7.512248079034029
1730280,455502,3422207,3877709,7.513044948210985
1730309,455514,3422238,3877752,7.512915080546372
1730419,455546,3422911,3878457,7.5138646810640415
1730445,455570,3422951,3878521,7.513556643325943
1730454,455583,3422969,3878552,7.5133817548064785
1730462,455585,3422973,3878558,7.513357551280222
1730497,455593,3423050,3878643,7.513394630734011
1730539,455603,3423089,3878692,7.51331532057515
1730550,455603,3423099,3878702,7.513337269508761
1730685,455627,3423194,3878821,7.51315001086415
1730738,455633,3423282,3878915,7.513244211898612
1730765,455643,3423296,3878939,7.513110044486583
1730791,455643,3423356,3878999,7.513241726527127
1730942,455733,3423578,3879311,7.512245108429717
1730953,455736,3423583,3879319,7.512206628398897
1731033,455776,3423667,3879443,7.5117316401039105
1731108,455780,3423823,3879603,7.512007986309184
1731127,455780,3423838,3879618,7.5120408969239545
1731240,455780,3423838,3879618,7.5120408969239545
1731274,455780,3423911,3879691,7.512201061915837
1731294,455780,3423935,3879715,7.512253718899469
1731315,455780,3423966,3879746,7.512321734169994
1731471,455780,3424404,3880184,7.513282724121287
1731492,455792,3424461,3880253,7.5132099729701265
1731523,455792,3424510,3880302,7.513317478147927
1731565,455807,3424590,3880397,7.513245737779367
1731598,455812,3424619,3880431,7.513226944442007
1731628,455824,3424660,3880484,7.51311909859946
1731635,455827,3424677,3880504,7.513106946275671
1731828,455876,3425018,3880894,7.51304740762839
1731871,455889,3425088,3880977,7.51298671387114
1731891,455891,3425119,3881010,7.51302175300675
1731913,455907,3425198,3881105,7.512931365388116
1731991,455930,3425337,3881267,7.512857236856535
1731995,455932,3425340,3881272,7.512830860742391
1732069,455952,3425405,3881357,7.512643874793838
1732083,455952,3425425,3881377,7.512687739060252
1732219,456091,3425829,3881920,7.511283932373145
1732309,456143,3425961,3882104,7.510717033912611
1732394,456170,3426073,3882243,7.510518008637131
1732440,456170,3426226,3882396,7.510853409912971
1732546,456222,3426523,3882745,7.5106483247191065
1732561,456222,3426544,3882766,7.510694354941235
1732582,456226,3426557,3882783,7.510656998943506
1732697,456291,3426795,3883086,7.5101086806445885
1732746,456304,3426883,3883187,7.510087573196816
1732868,456363,3427095,3883458,7.509581188659028
1734075,456727,3430833,3887560,7.5117805603785195
1734148,456751,3430876,3887627,7.511479996759722
1734341,456823,3431196,3888019,7.510996600433866
1734393,456841,3431282,3888123,7.510888908832613
1734637,456921,3431614,3888535,7.510300467695728
1734644,456921,3431625,3888546,7.510324541879231
1734663,456927,3431646,3888573,7.510271881504048
1734672,456942,3431665,3888607,7.510066923154361
1734710,456957,3431704,3888661,7.509905746054881
1734980,456959,3432497,3889456,7.511608262448053
1735117,456991,3432728,3889719,7.511587755557549
1735185,457034,3432890,3889924,7.511235487950568
1735250,457076,3433028,3890104,7.510847211404668
1735267,457085,3433044,3890129,7.5107343273133
1735279,457092,3433064,3890156,7.510663061265566
1735502,457156,3433324,3890480,7.510180332315446
1735575,457183,3433398,3890581,7.509898662023741
1735597,457192,3433439,3890631,7.509840504645751
1735665,457231,3433578,3890809,7.509503948769877
1735700,457252,3433608,3890860,7.509224672609414
1735725,457267,3433655,3890922,7.509081127656271
1735810,457294,3433916,3891210,7.509208517933758
1735835,457303,3433954,3891257,7.509143828052736
1735855,457313,3433986,3891299,7.509049600601776
1735866,457321,3434009,3891330,7.5089685363235015
1735894,457331,3434045,3891376,7.50888306281446
1735922,457343,3434085,3891428,7.508773502600892
1735961,457343,3434129,3891472,7.508869710479881
1735963,457345,3434138,3891483,7.508856552493194
1736078,457366,3434222,3891588,7.508695443036868
1736126,457393,3434322,3891715,7.508470833615731
1736177,457409,3434415,3891824,7.508411509174502
1736203,457422,3434484,3891906,7.508348964413605
1736212,457425,3434493,3891918,7.508319396622397
1736237,457436,3434509,3891945,7.50817382103726
1736275,457460,3434552,3892012,7.5078739124732214
1736291,457467,3434567,3892034,7.507791818863437
1736309,457467,3434596,3892063,7.507855211414157
1736319,457471,3434611,3892082,7.507822353766687
1736365,457471,3434754,3892225,7.508134941887027
1736387,457489,3434806,3892295,7.507953196688882
1736403,457489,3434832,3892321,7.508010028656427
1736409,457489,3434834,3892323,7.508014400346238
1736436,457508,3434864,3892372,7.5077681701740735
1736618,457508,3435270,3892778,7.508655586350403
1736681,457522,3435381,3892903,7.508668435616211
1736685,457522,3435390,3892912,7.508688106801421
1736815,457607,3435632,3893239,7.507822214258086
1736863,457645,3435710,3893355,7.507369249090452
1736873,457649,3435738,3893387,7.507364814519424
1737180,457649,3436336,3893985,7.508671492781586
1737264,457670,3436443,3894113,7.508560753381257
1737452,457782,3436734,3894516,7.507359398141474
1737548,457782,3436998,3894780,7.50793609185158
1737559,457782,3437008,3894790,7.507957936310296
1737580,457784,3437031,3894815,7.50797537703371
1737589,457786,3437062,3894848,7.508010293019009
1737595,457786,3437073,3894859,7.508034321713639
1737617,457786,3437126,3894912,7.508150096333221
1737640,457802,3437153,3894955,7.507946666899664
1737656,457802,3437179,3894981,7.508003460011096
1737750,457833,3437275,3895108,7.507704774448325
1737851,457880,3437485,3895365,7.507392766663755
1737884,457885,3437501,3895386,7.507345730914968
1737891,457889,3437514,3895403,7.507308539842626
1737918,457898,3437556,3895454,7.507252706934732
1737947,457909,3437671,3895580,7.507323507509134
1738001,457951,3437814,3895765,7.506947249814936
1738109,457951,3437957,3895908,7.5072595102969535
1738136,457966,3437998,3895964,7.507103147395221
1738183,457971,3438013,3895984,7.507053940096644
1738194,457973,3438034,3896007,7.507067010500619
1738428,458097,3438428,3896525,7.505895039696833
1738436,458097,3438445,3896542,7.505932149741212
1738506,458108,3438580,3896688,7.506046609096545
1738563,458139,3438668,3896807,7.505730793492805
1738604,458159,3438759,3896918,7.50560176707213
1738669,458159,3438977,3897136,7.5060775844193826
1738980,458166,3439643,3897809,7.507416525887997
1739101,458235,3439945,3898180,7.506945126408938
1739143,458247,3439961,3898208,7.506783459575295
1739186,458276,3440045,3898321,7.506491721146209
1739258,458297,3440082,3898379,7.506228493749687
1739400,458297,3440269,3898566,7.506636526095523
1739414,458311,3440281,3898592,7.506433404391341
1739415,458311,3440283,3898594,7.506437768240343
1739628,458434,3441013,3899447,7.506016133183839
1739662,458434,3441115,3899549,7.506238629770043
1739694,458440,3441175,3899615,7.506271267777681
1739713,458440,3441175,3899615,7.506271267777681
1739738,458448,3441232,3899680,7.50626461452553
1739754,458448,3441258,3899706,7.506321327609674
1739784,458456,3441314,3899770,7.506312492365679
1739859,458495,3441448,3899943,7.505966259174037
1739899,458512,3441492,3900004,7.505783927138221
1739909,458519,3441514,3900033,7.505717320329147
1739926,458525,3441568,3900093,7.50573687367101
1739962,458534,3441589,3900123,7.505635350922724
1740049,458562,3441726,3900288,7.505475813521399
1740144,458616,3441877,3900493,7.504921328518848
1740263,458616,3442134,3900750,7.505481710188916
1740324,458628,3442334,3900962,7.505721412560943
1740344,458639,3442360,3900999,7.505598084768194
1740404,458652,3442453,3901105,7.505588114736227
1740428,458652,3442478,3901130,7.505642622293155
1740442,458652,3442492,3901144,7.505673146525035
1740485,458660,3442568,3901228,7.505707931801334
1740497,458660,3442588,3901248,7.505751537086295
1740573,458660,3442658,3901318,7.505904155583656
1740598,458669,3442684,3901353,7.50581356054148
1740626,458687,3442719,3901406,7.5055953188121745
1740646,458687,3442740,3901427,7.505641101666278
1740725,458717,3442903,3901620,7.505505573152946
1740761,458721,3442926,3901647,7.505490265324674
1740845,458782,3443145,3901927,7.504969680589038
1740923,458849,3443315,3902164,7.504244315668117
1741031,458871,3443397,3902268,7.504063233457769
1741034,458871,3443402,3902273,7.504074129766318
1741059,458879,3443490,3902369,7.50413507700287
1741064,458881,3443498,3902379,7.5041198044809
1741241,458881,3443812,3902693,7.504804077745646
1741842,458881,3444700,3903581,7.506739219972062
1741869,458890,3444745,3903635,7.506690056440541
1741948,458894,3447981,3906875,7.513676360989684
1741968,458910,3448010,3906920,7.513477588198121
1742021,458930,3448105,3907035,7.513357156864881
1742093,458979,3448225,3907204,7.512816490514816
1742111,458979,3448302,3907281,7.512984254181564
1742352,458999,3448767,3907766,7.51366996442258
1742356,458999,3448772,3907771,7.5136808576925
1742478,458999,3449008,3908007,7.514195020032723
1743035,459022,3450438,3909460,7.516933828879662
1743078,459030,3450505,3909535,7.516948783303923
1743092,459038,3450534,3909572,7.516880955389314
1743276,459038,3450901,3909939,7.517680453470083
1743386,459045,3451062,3910107,7.517916544129661
1743434,459068,3451134,3910202,7.517696724668241
1743840,459203,3451779,3910982,7.516891222400551
1743960,459232,3451920,3911152,7.516723573270156
1743976,459232,3451946,3911178,7.51678018953383
1744004,459251,3451986,3911237,7.516556305810983
1744059,459288,3452196,3911484,7.516408005434498
1744623,459326,3453168,3912494,7.5179023177438244
1744690,459360,3453322,3912682,7.517681121560432
1744721,459360,3453361,3912721,7.517766022291885
1744765,459371,3453443,3912814,7.5177645084256515
1744790,459371,3453473,3912844,7.517829815116757
1744914,459371,3453676,3913047,7.518271723726574
1745100,459440,3453978,3913418,7.517799930349991
1745109,459440,3453989,3913429,7.517823872540484
1745147,459469,3454061,3913530,7.517506077667917
1745207,459476,3454121,3913597,7.517522133909061
1745239,459476,3454185,3913661,7.517661423012301
1745250,459490,3454211,3913701,7.5174889551459225
1745284,459499,3454263,3913762,7.517454880206485
1745322,459499,3454373,3913872,7.51769427136947
1745335,459505,3454397,3913902,7.51764833897346
1745538,459551,3454575,3914126,7.5172831742287585
1745597,459551,3454676,3914227,7.517502953970288
1745618,459551,3454708,3914259,7.5175725871557235
1745641,459566,3454729,3914295,7.517372912704595
1745717,459587,3454832,3914419,7.5172535341513145
1745736,459596,3454864,3914460,7.5171759545339825
1745779,459609,3454957,3914566,7.517165677782637
1745806,459609,3455003,3914612,7.517265762854948
1745832,459620,3455044,3914664,7.517175057656325
1745887,459628,3455116,3914744,7.517200866787924
1745901,459628,3455142,3914770,7.517257434272934
1746310,459692,3455366,3915058,7.516698137013479
1746563,459795,3455682,3915477,7.5157015626529216
1746707,459819,3455935,3915754,7.5158595012385305
1746732,459823,3456000,3915823,7.515935479521468
1746777,459840,3456075,3915915,7.515820720250522
1746794,459842,3456103,3915945,7.515848922021042
1746797,459842,3456116,3915958,7.515877192600937
1746980,459969,3456475,3916444,7.514582504473127
1747134,459969,3456731,3916700,7.515139063719512
1747169,459972,3456821,3916793,7.5152857130434025
1747282,460021,3456940,3916961,7.514743892126663
1747399,460055,3457245,3917300,7.514851485148514
1747440,460108,3457339,3917447,7.514190146661218
1747447,460109,3457345,3917454,7.514186855723318
1747465,460118,3457363,3917481,7.514078997126824
1747620,460118,3457684,3917802,7.514776644252127
1747813,460118,3458128,3918246,7.515741614107686
1747824,460118,3458140,3918258,7.515767694374052
1748219,460118,3458798,3918916,7.517197762313145
1748250,460142,3458847,3918989,7.5169121705908175
1748290,460154,3458941,3919095,7.516920422293406
1748316,460159,3458979,3919138,7.516921325020265
1748393,460217,3459108,3919325,7.516254288737704
1748597,460311,3459427,3919738,7.515412405960318
1748624,460321,3459467,3919788,7.515336037243576
1748646,460328,3459489,3919817,7.515269546931753
1748842,460398,3459691,3920089,7.5145656584085945
1748848,460400,3459702,3920102,7.514556907037359
1750164,461214,3463887,3925101,7.5103682889071015
1750172,461214,3463909,3925123,7.510415989107009
1750217,461219,3464092,3925311,7.51073134454565
1750285,461255,3464179,3925434,7.510333763319639
1750311,461273,3464218,3925491,7.510125240367418
1750330,461286,3464242,3925528,7.509965617859636
1750347,461295,3464258,3925553,7.509853781202918
1750378,461301,3464278,3925579,7.509799458488059
1750401,461311,3464308,3925619,7.5097016979868245
1750410,461316,3464329,3925645,7.509665825594603
1750513,461316,3464684,3926000,7.510435363178385
1751072,461316,3466267,3927583,7.513866850488602
1751085,461318,3466292,3927610,7.513888467391257
1751136,461348,3466365,3927713,7.51355809497386
1751176,461358,3466396,3927754,7.5134624304769835
1751240,461427,3466545,3927972,7.51266180782659
1751286,461430,3466646,3928076,7.512831848817806
1751320,461437,3466701,3928138,7.512837072016332
1751389,461457,3466751,3928208,7.512619810729928
1751445,461457,3466876,3928333,7.512890691873783
1751491,461471,3466922,3928393,7.51276244877793
1751728,461534,3467845,3929379,7.513736799455728
1751763,461534,3467994,3929528,7.514059635909814
1751847,461559,3468121,3929680,7.513927796879705
1751918,461567,3468171,3929738,7.513905890152459
1752206,461576,3469949,3931525,7.517611400939391
1752207,461576,3469951,3931527,7.517615733920308
1752332,461654,3470218,3931872,7.516923930042846
1752342,461659,3470242,3931901,7.516894504385271
1752400,461685,3470368,3932053,7.516744100414785
1752444,461709,3470476,3932185,7.516587287663875
1752483,461716,3470577,3932293,7.516692079113568
1752598,461796,3470776,3932572,7.515820838638707
1752656,461796,3470813,3932609,7.51590096059732
1752676,461796,3470837,3932633,7.515952931597502
1752725,461848,3470953,3932801,7.515357866657428
1752743,461859,3470975,3932834,7.515226508523164
1752755,461866,3471012,3932878,7.515192718234293
1752776,461868,3471012,3932880,7.5151601756345965
1752819,461877,3471074,3932951,7.5151479722956545
1752835,461882,3471134,3933016,7.515196522055417
1752878,461909,3471215,3933124,7.514932594948355
1752899,461909,3471245,3933154,7.514997542806051
1752900,461909,3471251,3933160,7.515010532377589
1752970,461909,3471360,3933269,7.515246509593881
1753730,462127,3472825,3934952,7.514871453085407
1753774,462134,3472858,3934992,7.514829032272025
1753829,462134,3472965,3935099,7.515060566848576
1753892,462179,3473102,3935281,7.514625285874088
1753973,462179,3473146,3935325,7.514720487084008
1753997,462179,3473195,3935374,7.514826506613239
1754015,462188,3473226,3935414,7.514747245709538
1754054,462202,3473270,3935472,7.514614822090774
1754067,462216,3473286,3935502,7.5144218287553874
1754075,462221,3473294,3935515,7.51435785046547
1754090,462224,3474230,3936454,7.5163340717920315
1754174,462249,3474334,3936583,7.5161525498162245
1754187,462267,3474349,3936616,7.515892330622779
1754314,462329,3474559,3936888,7.51533864412572
1754343,462329,3474599,3936928,7.515425162600659
1754539,462477,3475006,3937483,7.513900150710198
1754586,462490,3475107,3937597,7.513907327726005
1754607,462498,3475156,3937654,7.513883303279149
1754615,462500,3475163,3937663,7.513865945945946
1754646,462500,3475212,3937712,7.513971891891892
1754666,462501,3475254,3937755,7.5140464561157705
1754678,462506,3475275,3937781,7.514010629051299
1754698,462513,3475303,3937816,7.51395744552045
1754808,462565,3475554,3938119,7.513655378163069
1754815,462567,3475557,3938124,7.513629376933504
1755006,462697,3475806,3938503,7.512056486210198
1755011,462702,3475816,3938518,7.511996922425233
1755017,462702,3475832,3938534,7.512031501917001
1755071,462705,3476067,3938772,7.512490679806788
1755099,462705,3476122,3938827,7.512609546039053
1755105,462705,3476127,3938832,7.512620352060168
1755260,462705,3476353,3939058,7.513108784214564
1755262,462705,3476358,3939063,7.5131195902356795
1755269,462709,3476367,3939076,7.513074091923865
1755330,462727,3476486,3939213,7.513039005720436
1755630,462732,3476703,3939435,7.513426778351183
1755657,462741,3476791,3939532,7.513470818449197
1755660,462744,3476797,3939541,7.513435074252719
1755692,462758,3476834,3939592,7.513287722740611
1755748,462758,3476946,3939704,7.513529749890871
1755940,462805,3477134,3939939,7.513172934605287
1755962,462805,3477172,3939977,7.513255042620542
1756015,462844,3477245,3940089,7.512779683867566
1756046,462868,3477297,3940165,7.512502484509622
1756058,462874,3477310,3940184,7.512433189161629
1756276,463028,3477682,3940710,7.510738011524141
1756330,463045,3477779,3940824,7.510671748966083
1756350,463053,3477824,3940877,7.510639170894044
1756884,463302,3478683,3941985,7.508456686998977
1756923,463311,3478728,3942039,7.508407959232567
1756938,463323,3478744,3942067,7.5082480256753925
1756988,463339,3478916,3942255,7.508359969698212
1756994,463339,3478930,3942269,7.508390185156009
1757048,463366,3479035,3942401,7.508179279446485
1757089,463374,3479094,3942468,7.508176980149944
1757248,463445,3479462,3942907,7.50782077700698
1757388,463445,3479725,3943170,7.508388266137298
1757407,463452,3479770,3943222,7.508371956534873
1757505,463474,3480186,3943660,7.50891312134014
1757510,463476,3480203,3943679,7.508917398096126
1757550,463489,3480257,3943746,7.508823294619721
1757552,463492,3480260,3943752,7.508781165586461
1757577,463492,3480302,3943794,7.508871782037231
1757603,463508,3480334,3943842,7.508681619303227
1757627,463514,3480359,3943873,7.50863835828044
1757662,463528,3480451,3943979,7.508610051604218
1757708,463542,3480537,3944079,7.508568802826928
1757739,463552,3480576,3944128,7.508490956785862
1757748,463554,3480596,3944150,7.508501706381565
1757791,463568,3480632,3944200,7.5083526041486905
1757962,463568,3480976,3944544,7.509094674351983
1757976,463568,3480990,3944558,7.509124874883512
1757997,463579,3481018,3944597,7.509007094799376
1758012,463579,3481043,3944622,7.509061023040302
1758267,463772,3481495,3945267,7.506910723372692
1758287,463784,3481558,3945342,7.506852327807772
1758351,463825,3481650,3945475,7.506387107206382
1758420,463844,3481685,3945529,7.506155086623951
1758444,463847,3481716,3945563,7.506173371823037
1758452,463852,3481732,3945584,7.506126954287144
1758505,463855,3481815,3945670,7.506257343350832
1758521,463855,3481841,3945696,7.5063133953498395
1758539,463861,3481892,3945753,7.506326248596023
1758566,463873,3481927,3945800,7.506207518006006
1759047,463933,3483639,3947572,7.508926935570438
1759052,463937,3483651,3947588,7.508888060232316
1759282,464031,3483969,3948000,7.5080522637496205
1759345,464067,3484069,3948136,7.507685312681143
1759430,464067,3484357,3948424,7.508305912723809
1759925,464301,3485162,3949463,7.506255640198923
1759987,464305,3485219,3949524,7.506313737737048
1760768,464618,3486219,3950837,7.503409252332023
1760788,464627,3486254,3950881,7.50333923771111
1760811,464635,3486316,3950951,7.503343484670763
1760846,464638,3486401,3951039,7.503477976403135
1761048,464640,3486873,3951513,7.504461518595042
1761246,464643,3487027,3951670,7.5047445027687925
1761259,464651,3487037,3951688,7.504636813436321
1761599,464769,3487783,3952552,7.504336562894685
1761612,464776,3487796,3952572,7.5042515104050125
1761697,464800,3487945,3952745,7.504184595524957
1761727,464809,3487993,3952802,7.504142561783442
1761818,464811,3488260,3953071,7.5046846998027155
1761838,464818,3488299,3953117,7.504655585627063
1761846,464818,3488299,3953117,7.504655585627063
1761862,464825,3488361,3953186,7.504675953315764
1761886,464838,3488394,3953232,7.504537064525706
1761914,464846,3488408,3953254,7.504438028938616
1761961,464870,3488485,3953355,7.504216232495106
1762033,464907,3488604,3953511,7.503874968542095
1762303,464956,3488880,3953836,7.5036777673586315
1762343,464961,3488975,3953936,7.503801394095419
1762369,464965,3489050,3954015,7.503898142870969
1763063,465222,3490177,3955399,7.502175305553048
1763456,465356,3490581,3955937,7.500883194801399
1763485,465374,3490612,3955986,7.500659684468836
1763557,465374,3490808,3956182,7.501080851100405
1763574,465379,3490838,3956217,7.50106472359088
1763664,465457,3491013,3956470,7.50018369043757
1763666,465457,3491018,3956475,7.500194432568422
1763727,465457,3491119,3956576,7.5004114236116335
1763969,465467,3491693,3957160,7.5014834563997015
1763984,465480,3491719,3957199,7.501329810088511
1764006,465485,3491769,3957254,7.501356649516096
1764126,465548,3491897,3957445,7.50061647778532
1764150,465559,3491942,3957501,7.500535914889412
1764167,465559,3491987,3957546,7.500632572885499
1764203,465559,3492059,3957618,7.500787225679237
1764223,465572,3492096,3957668,7.500657256020551
1764251,465580,3492115,3957695,7.500569182525022
1764279,465585,3492145,3957730,7.50055306764608
1764282,465585,3492150,3957735,7.500563806823673
1764291,465589,3492171,3957760,7.500544471626263
1764309,465604,3492200,3957804,7.500365117138169
1764310,465604,3492202,3957806,7.500369412633912
1764310,465604,3492202,3957806,7.500369412633912
1764406,465658,3492349,3958007,7.4998153151025
1764436,465670,3492423,3958093,7.499780960766208
1764480,465692,3492538,3958230,7.499673604012953
1764504,465700,3492583,3958283,7.499641400042946
1764620,465713,3492813,3958526,7.499925920040884
1764669,465713,3492900,3958613,7.500112730372568
1764677,465714,3492908,3958622,7.5001138037508
1764795,465765,3493138,3958903,7.4997863729563194
1764819,465774,3493207,3958981,7.499789597530133
1764828,465778,3493216,3958994,7.499744513480671
1765088,465783,3493248,3959031,7.499732708149503
1765357,465815,3493644,3959459,7.500067623412728
1765421,465840,3493721,3959561,7.499830413876009
1765453,465849,3493788,3959637,7.499829343843176
1765715,465972,3494046,3960018,7.498403337539595
1765798,465987,3494197,3960184,7.498486009266353
1765841,465987,3494269,3960256,7.498640520014507
1766128,466193,3494660,3960853,7.4961657510945034
1766158,466202,3494717,3960919,7.496143302688534
1766169,466202,3494729,3960931,7.496169042603849
1766227,466202,3494826,3961028,7.496377106919319
1766325,466237,3494973,3961210,7.496129650799915
1766362,466261,3495050,3961311,7.4959089437032045
1766410,466290,3495121,3961411,7.495595015977181
1766414,466299,3495133,3961432,7.495476078653396
1766454,466317,3495221,3961538,7.495375463472273
1766508,466317,3495340,3961657,7.495630654683402
1766542,466322,3495373,3961695,7.495621051548072
1766617,466367,3495472,3961839,7.495110074254825
1766643,466367,3495527,3961894,7.495228007127434
1766672,466367,3495607,3961974,7.495399545851229
1766709,466395,3495658,3962053,7.495058909293625
1766831,466432,3495761,3962193,7.494685184549945
1766987,466500,3495910,3962410,7.493912111468382
1767024,466503,3495935,3962438,7.493917509640881
1767312,466503,3496502,3963005,7.495132935908236
1767330,466507,3496526,3963033,7.495120116096865
1767342,466514,3496545,3963059,7.495048380112923
1767370,466532,3496576,3963108,7.494825649687481
1767434,466539,3496672,3963211,7.4949189671174326
1767487,466556,3496773,3963329,7.4948623530723
1767516,466563,3496806,3963369,7.4948206351553806
1767639,466596,3496905,3963501,7.494502738986189
1768207,466855,3497710,3964565,7.492069272043782
1768222,466861,3497768,3964629,7.492097219515016
1768325,466948,3498023,3964971,7.491247419412868
1768407,466971,3498154,3965125,7.491158979893826
1768429,466977,3498234,3965211,7.491234043646689
1768459,466977,3498311,3965288,7.491398933994608
1768500,467000,3498385,3965385,7.491188436830835
1768515,467006,3498414,3965420,7.491154289238254
1768813,467093,3499177,3966270,7.491392506417352
1768839,467104,3499225,3966329,7.49131884976365
1768987,467104,3499660,3966764,7.4922501198876486
1769012,467111,3499696,3966807,7.492214912515441
1769104,467111,3499858,3966969,7.492561725157404
1769191,467111,3499970,3967081,7.49280149686049
1769212,467111,3499970,3967081,7.49280149686049
1769237,467120,3500042,3967162,7.49281126905292
1769247,467120,3500058,3967178,7.492845521493407
1769258,467120,3500068,3967188,7.49286692926871
1769267,467121,3500085,3967206,7.4928872818819965
1769323,467157,3500213,3967370,7.492583863668959
1769354,467162,3500254,3967416,7.492591435091039
1769389,467162,3500368,3967530,7.492835461788416
1769392,467162,3500377,3967539,7.492854727053999
1769420,467169,3500405,3967574,7.4928023905695795
1769564,467263,3500796,3968059,7.492131840098617
1769673,467263,3501000,3968263,7.4925684250625455
1769906,467338,3501252,3968590,7.491905216353047
1769918,467343,3501270,3968613,7.491863577714869
1770005,467395,3501335,3968730,7.4911691395928495
1771838,467395,3503825,3971220,7.496496539329689
1771864,467409,3503852,3971261,7.4963297668637106
1771865,467409,3503855,3971264,7.496336185225359
1771902,467417,3503931,3971348,7.496370478609037
1771924,467417,3503977,3971394,7.496468891803251
1771970,467417,3504037,3971454,7.496597256839182
1772428,467417,3505282,3972699,7.499260831334761
1772520,467454,3505459,3972913,7.499045895425004
1772527,467457,3505473,3972930,7.49902771805749
1772886,467457,3506532,3973989,7.501293167072052
1772924,467511,3506622,3974133,7.500619236766622
1772936,467513,3506664,3974177,7.5006769865223
1772937,467513,3506670,3974183,7.500689820390021
1773119,467522,3506901,3974423,7.501039523273771
1773143,467530,3506918,3974448,7.500947532778645
1773188,467569,3507015,3974584,7.5005293336384575
1773200,467573,3507031,3974604,7.5004993872614545
1773306,467573,3507094,3974667,7.50063412558039
1773318,467581,3507135,3974716,7.5005934800601395
1773331,467590,3507155,3974745,7.500491883915396
1773357,467609,3507214,3974823,7.500313295937418
1773358,467609,3507214,3974823,7.500313295937418
1773458,467628,3507439,3975067,7.5004897054924
1773477,467628,3507470,3975098,7.500555997502288
1773503,467628,3507514,3975142,7.500650089387291
1773604,467654,3507762,3975416,7.500763384895671
1773658,467683,3507848,3975531,7.500482164200966
1773674,467683,3507874,3975557,7.500537757412606
1773693,467690,3507915,3975605,7.500513160426778
1773714,467707,3508011,3975718,7.500445791916734
1773754,467712,3508028,3975740,7.500401956759715
1773759,467712,3508032,3975744,7.500410509031199
1773788,467721,3508065,3975786,7.500336739209914
1773836,467735,3508165,3975900,7.500326039317135
1774074,467736,3508885,3976621,7.501849333812236
1774150,467764,3508967,3976731,7.501575580848462
1774157,467766,3508979,3976745,7.5015691606487005
1774178,467775,3509008,3976783,7.501486825931271
1774190,467795,3509033,3976828,7.50121955129918
1774318,467795,3509253,3977048,7.501689842773009
1774415,467821,3509343,3977164,7.501465304037228
1774541,467904,3509533,3977437,7.500540709205307
1774562,467904,3509558,3977462,7.500594138968677
1774648,467909,3509587,3977496,7.500575966694378
1774664,467909,3509613,3977522,7.500631533054504
1774683,467909,3509653,3977562,7.50071701976239
1774692,467913,3509675,3977588,7.5006999164374575
1774736,467922,3509759,3977681,7.500735165262586
1774872,468009,3510076,3978085,7.500018162043892
1775023,468009,3510316,3978325,7.500530972694969
1775086,468009,3510454,3978463,7.500825838819339
1775140,468044,3510516,3978560,7.50039739853518
1775161,468044,3510546,3978590,7.500461495073113
1775174,468053,3510573,3978626,7.50037495753686
1775184,468060,3510608,3978668,7.500337563560227
1775199,468060,3510655,3978715,7.500437978037004
1775440,468060,3511140,3979200,7.5014741699782075
1775459,468067,3511173,3979240,7.501432487229392
1775533,468089,3511349,3979438,7.501455919707577
1775970,468360,3512220,3980580,7.4989751473225725
1776264,468529,3512684,3981213,7.4972605751191495
1776287,468534,3512725,3981259,7.4972680744620455
1776309,468553,3512781,3981334,7.4970835743235025
1776327,468553,3512824,3981377,7.497175346225507
1776353,468572,3512866,3981438,7.496960979315879
1776362,468572,3512888,3981460,7.497007930478134
1776484,468615,3513013,3981628,7.496586750317425
1776509,468617,3513046,3981663,7.496625175783209
1776545,468621,3513163,3981784,7.496810855680817
1776670,468622,3513533,3982155,7.497584407048752
1776960,468660,3513762,3982422,7.497465113301754
1776966,468665,3513771,3982436,7.497404329318383
1777020,468665,3513880,3982545,7.497636904825408
1777076,468665,3513970,3982635,7.4978289396477225
1777097,468665,3513999,3982664,7.497890817534913
1777634,468699,3515161,3983860,7.4998261144145815
1777658,468709,3515190,3983899,7.4997279762069855
1777711,468746,3515281,3984027,7.499330127617089
1777720,468748,3515297,3984045,7.499332263817659
1777733,468752,3515308,3984060,7.499291736355258
1777829,468757,3515510,3984267,7.499642672002765
1777884,468778,3515597,3984375,7.499492296993459
1778195,468811,3515907,3984718,7.499625648715581
1778212,468827,3515963,3984790,7.499489150582198
1778247,468842,3516047,3984889,7.499428378856843
1778304,468842,3516047,3984889,7.499428378856843
1778321,468842,3516092,3984934,7.49952436001894
1778354,468853,3516127,3984980,7.49942306010626
1778364,468859,3516143,3985002,7.4993612152054245
1778634,468935,3516374,3985309,7.498638404043204
1778695,468950,3516440,3985390,7.498539289902975
1778759,468950,3516592,3985542,7.498863418274869
1778815,468953,3516676,3985629,7.498994568752092
1778852,468974,3516712,3985686,7.498735537577776
1778858,468977,3516728,3985705,7.498721685711666
1778922,469029,3516770,3985799,7.497979869048609
1778960,469029,3516818,3985847,7.498082208136384
1779010,469065,3516903,3985968,7.497687953695117
1779607,469065,3518177,3987242,7.500403995181904
1779643,469078,3518234,3987312,7.500317644400291
1779661,469094,3518268,3987362,7.500134301440649
1779716,469138,3518382,3987520,7.499673869948714
1779739,469163,3518419,3987582,7.499353103292459
1781162,469169,3521585,3990754,7.506005298730308
1781230,469188,3521673,3990861,7.505888897414256
1781314,469240,3521832,3991072,7.505395959423749
1781324,469244,3521848,3991092,7.505366078202385
1781340,469244,3521874,3991118,7.505421486476119
1782082,469401,3522225,3991626,7.503658918493995
1782191,469453,3522394,3991847,7.5031877525545685
1782199,469457,3522410,3991867,7.5031579037057705
1782308,469525,3522687,3992212,7.502661200149086
1782342,469547,3522728,3992275,7.502396991142526
1782468,469547,3523063,3992610,7.5031104447478105
1782548,469547,3523219,3992766,7.503442679859524
1782624,469573,3523397,3992970,7.503406286136554
1786973,470959,3532558,4003517,7.500776076049083
1787131,471030,3532861,4003891,7.5002887289556925
1787132,471030,3532863,4003893,7.500292974969748
1787218,471030,3533005,4004035,7.5005944419676025
1787236,471030,3533025,4004055,7.500636902108146
1787243,471034,3533035,4004069,7.500594436919628
1787264,471034,3533078,4004112,7.500685725446571
1787524,471097,3533319,4004416,7.500194227515777
1787609,471102,3533435,4004537,7.500360856035424
1787677,471118,3533605,4004723,7.500466974303678
1787723,471129,3533681,4004810,7.500453166754753
1787992,471129,3534197,4005326,7.501548408185444
1788005,471133,3534255,4005388,7.501607826240149
1788021,471141,3534266,4005407,7.501503796103502
1788022,471141,3534268,4005409,7.501508041117202
1788032,471145,3534277,4005422,7.501463456048563
1788232,471145,3534277,4005422,7.501463456048563
1788248,471145,3534303,4005448,7.501518640758153
1788549,471145,3534902,4006047,7.502790011567564
1788573,471156,3534975,4006131,7.502769783256501
1789413,471454,3536163,4007617,7.500547243209306
1789421,471460,3536194,4007654,7.500517541254825
1789438,471465,3536224,4007689,7.5005016279045105
1789563,471465,3536595,4008060,7.501288536794884
1789634,471493,3536735,4008228,7.501139995715737
1790411,471496,3537870,4009366,7.503499499465531
1790420,471498,3537886,4009384,7.5035016055211265
1790431,471498,3537902,4009400,7.503535539917454
1790445,471503,3537976,4009479,7.503612914445932
1790942,471695,3538511,4010206,7.501692831172686
1790976,471709,3538572,4010281,7.501599503083469
1790996,471709,3538613,4010322,7.501686421077402
1791011,471709,3538639,4010348,7.501741539805261
1791041,471720,3538673,4010393,7.501638683965064
1791547,471720,3539301,4011021,7.502969982192826
1791735,471781,3539542,4011323,7.502510698820004
1791766,471785,3539577,4011362,7.502521275581038
1791821,471798,3539602,4011400,7.502367538650016
1791853,471810,3539635,4011445,7.502246667090566
1792011,471812,3539880,4011692,7.50273413986927
1792448,472144,3541017,4013161,7.499866566132367
1792502,472144,3541136,4013280,7.500118607882341
1792513,472144,3541146,4013290,7.500139787861331
1792910,472195,3541827,4014022,7.500771926852254
1792964,472195,3541946,4014141,7.50102394138015
1792998,472217,3541992,4014209,7.500771890889146
1793133,472320,3542245,4014565,7.499671832655826
1793152,472334,3542283,4014617,7.499529993606219
1793202,472370,3542333,4014703,7.499064292821306
1793204,472370,3542333,4014703,7.499064292821306
1793231,472370,3542352,4014722,7.4991045155280815
1793248,472378,3542375,4014753,7.499026203591192
1793431,472441,3542566,4015007,7.498430491849776
1793614,472505,3542789,4015294,7.497886794848732
1793882,472505,3543509,4016014,7.499410588247743
1794304,472545,3544182,4016727,7.500199980954195
1794338,472546,3544220,4016766,7.500264524511899
1794442,472571,3544454,4017025,7.500362908430691
1794466,472571,3544469,4017040,7.500394649692851
1794524,472595,3544553,4017148,7.500191495889715
1794590,472632,3544684,4017316,7.49988151458217
1794688,472662,3544932,4017594,7.49993018266753
1794693,472664,3544939,4017603,7.499913257620635
1794707,472672,3544968,4017640,7.4998476744973255
1794737,472672,3544988,4017660,7.4998899871369575
1794752,472678,3545015,4017693,7.499851907641142
1794775,472683,3545043,4017726,7.499831811171546
1794823,472699,3545147,4017846,7.499797968686204
1794847,472714,3545181,4017895,7.499631912742165
1795065,472714,3545781,4018495,7.500901179148491
1795083,472714,3545813,4018527,7.500968873356829
1795348,472714,3546638,4019352,7.502714114665527
1795351,472714,3546647,4019361,7.502733153661622
1795382,472723,3546707,4019430,7.502717236098095
1795436,472748,3546785,4019533,7.502485467944867
1795437,472748,3546787,4019535,7.502489698528603
1796159,473140,3547833,4020973,7.498484592298262
1796231,473172,3547905,4021077,7.498129644188583
1796252,473180,3547960,4021140,7.498119109007143
1796414,473214,3548051,4021265,7.4977726779004845
1796479,473235,3548091,4021326,7.497524485720625
1796559,473235,3548185,4021420,7.4977231185351885
1796725,473235,3548600,4021835,7.498600061280336
1796734,473240,3548619,4021859,7.498560983855971
1796764,473262,3548677,4021939,7.498334960339093
1796765,473262,3548677,4021939,7.498334960339093
1796855,473289,3548765,4022054,7.498093131258068
1796860,473291,3548789,4022080,7.498112155101196
1796870,473295,3548798,4022093,7.498067801265595
1797049,473453,3549189,4022642,7.496391405271484
1797052,473454,3549192,4022646,7.4963819082740875
1797072,473454,3549221,4022675,7.496443160264778
1797118,473472,3549314,4022786,7.49635458907813
1797143,473486,3549365,4022851,7.496240649142742
1797174,473512,3549404,4022916,7.495911402456538
1797250,473512,3549552,4023064,7.496223960533207
1797574,473512,3550119,4023631,7.497421395867476
1798746,473840,3550694,4024534,7.493445044740841
1798770,473840,3550743,4024583,7.493548455174743
1799015,473879,3551219,4025098,7.493936215785042
1799030,473879,3551226,4025105,7.493950987488367
1799119,473925,3551407,4025332,7.4936055283008915
1799137,473925,3551417,4025342,7.493626628685973
1799142,473925,3551427,4025352,7.493647729071055
1799227,473930,3551487,4025417,7.49369527145359
1800054,474152,3553628,4027780,7.4947021208388875
1800100,474188,3553721,4027909,7.494329253376298
1800156,474209,3553799,4028008,7.494161856902758
1800184,474216,3553827,4028043,7.4941102788602665
1800285,474265,3554026,4028291,7.4937556007717205
1800298,474272,3554050,4028322,7.49369560083665
1800350,474272,3554090,4028362,7.49377994062479
1800496,474336,3554277,4028613,7.493163074276462
1800578,474371,3554451,4028822,7.492977015879976
1800710,474387,3554544,4028931,7.492920337193051
1800728,474403,3554574,4028977,7.49273086384361
1800775,474403,3554697,4029100,7.492990137077548
1800777,474403,3554699,4029102,7.49299435290249
1800793,474403,3554699,4029102,7.49299435290249
1800849,474410,3554859,4029269,7.493221053519108
1800972,474523,3555254,4029777,7.492269078632648
1801008,474532,3555286,4029818,7.492194414707543
1801039,474553,3555357,4029910,7.492012483326414
1801271,474553,3555680,4030233,7.492693123844965
1801328,474587,3555760,4030347,7.492324905654812
1801523,474670,3556097,4030767,7.491724777213643
1801623,474670,3556438,4031108,7.492443171045148
1801630,474674,3556449,4031123,7.492403207253821
1801639,474677,3556465,4031142,7.492389561744091
1801665,474691,3556503,4031194,7.4922486417480005
1801758,474691,3556503,4031194,7.4922486417480005
1801880,474753,3556753,4031506,7.491796786960799
1801887,474753,3556758,4031511,7.4918073187531204
1801923,474766,3556784,4031550,7.491656942578028
1801926,474766,3556793,4031559,7.491675899285122
1801980,474780,3556877,4031657,7.4916319137284635
1802009,474786,3556898,4031684,7.491581470388764
1802047,474786,3557008,4031794,7.491813153715569
1802132,474794,3557230,4032024,7.492154492264014
1802488,474930,3557628,4032558,7.490847072200114
1802510,474930,3557688,4032618,7.4909734066072895
1803313,475156,3558658,4033814,7.489451885275573
1803533,475156,3559436,4034592,7.491089242269907
1803595,475188,3559625,4034813,7.490982516393512
1803753,475208,3559783,4034991,7.4909997306442655
1803785,475224,3559910,4035134,7.49101476356413
1803794,475226,3559934,4035160,7.491033739736462
1803987,475226,3560312,4035538,7.491829150761953
1804036,475244,3560355,4035599,7.491635875466076
1804041,475244,3560364,4035608,7.49165481310653
1804048,475244,3560374,4035618,7.491675854929257
1804062,475251,3560387,4035638,7.491592863560519
1804732,475524,3562039,4037563,7.490765976060094
1804875,475611,3562235,4037846,7.48980784716922
1806120,475674,3564192,4039866,7.492930031912612
1806131,475682,3564221,4039903,7.492864981226954
1806179,475696,3564274,4039970,7.492755877703408
1806206,475698,3564334,4040032,7.492850505993299
1806230,475698,3564367,4040065,7.492919877737556
1806244,475703,3564394,4040097,7.492897879559305
1806265,475703,3564437,4040140,7.492988272094143
1806295,475716,3564484,4040200,7.492882307931623
1806888,475716,3565782,4041498,7.495610826627652
1806899,475723,3565797,4041520,7.495532063827059
1807092,475765,3566105,4041870,7.495517745105252
1807106,475765,3566129,4041894,7.495568190177924
1807113,475767,3566155,4041922,7.4955913293692085
1807145,475782,3566203,4041985,7.495455902072798
1808275,476022,3567021,4043043,7.493395263244135
1808311,476038,3567129,4043167,7.4933702771627475
1808320,476040,3567145,4043185,7.493372405680195
1808400,476040,3567239,4043279,7.493569868078313
1808442,476045,3567294,4043339,7.4936066968458865
1808638,476054,3568442,4044496,7.495876518210119
1808833,476054,3568912,4044966,7.496863801165414
1808846,476058,3568927,4044985,7.496832318751077
1808866,476061,3568944,4045005,7.496820785571597
1808894,476072,3568980,4045052,7.496723184728361
1808963,476108,3569089,4045197,7.4963852739294445
1809071,476198,3569333,4045531,7.495480871402232
1809085,476202,3569366,4045568,7.4954872092095375
1809144,476235,3569450,4045685,7.495144204016924
1809166,476236,3569515,4045751,7.495264952670524
1809194,476254,3569547,4045801,7.495048860482012
1809288,476311,3569744,4046055,7.494565525465505
1809343,476331,3569811,4046142,7.494391505066854
1809484,476369,3569970,4046339,7.494127451618389
1809529,476385,3570011,4046396,7.49396181659792
1809542,476385,3570015,4046400,7.493970213167921
1809595,476388,3570098,4046486,7.494097248461339
1809731,476465,3570307,4046772,7.4933247982538065
1809751,476477,3570342,4046819,7.493209535822296
1809956,476495,3570700,4047195,7.493677793051344
1809977,476507,3570745,4047252,7.493583515037555
1810006,476531,3570807,4047338,7.493336215272459
1810031,476546,3570862,4047408,7.493215765109769
1810075,476574,3570925,4047499,7.492907712128652
1810220,476675,3571151,4047826,7.491794199402109
1810231,476677,3571174,4047851,7.491811016684253
1810729,476808,3571650,4048458,7.4907509941108374
1810737,476808,3571650,4048458,7.4907509941108374
1810758,476822,3571671,4048493,7.490575099303304
1810766,476825,3571693,4048518,7.490574109998427
1810779,476835,3571720,4048555,7.49047364392295
1810877,476897,3571897,4048794,7.4898709784293045
1810904,476904,3571946,4048850,7.489863788099911
1811067,476904,3572367,4049271,7.490746565346485
1811085,476908,3572387,4049295,7.490725674553583
1811167,476928,3572572,4049500,7.490799449812131
1811182,476934,3572596,4049530,7.490755534308731
1811191,476938,3572609,4049547,7.490719967794556
1811755,476938,3573590,4050528,7.4927768389182665
1811804,476947,3573688,4050635,7.492840923624637
1811851,476947,3573782,4050729,7.493038010512699
1812042,477023,3574232,4051255,7.4927875595097095
1812098,477026,3574316,4051342,7.4929165286588155
1812662,477093,3576756,4053849,7.4969785765039525
1812680,477099,3576775,4053874,7.496924118474363
1812718,477110,3576855,4053965,7.496918949508499
1812905,477119,3577933,4055052,7.4990369278942985
1812938,477128,3577980,4055108,7.498993980650894
1813189,477231,3578633,4055864,7.498743794933691
1813243,477231,3578743,4055974,7.498974291276133
1813320,477231,3578952,4056183,7.499412234326773
1813428,477282,3579094,4056376,7.498908402160567
1813447,477282,3579104,4056386,7.498929354134453
1813615,477373,3579375,4056748,7.498067548855926
1813668,477373,3579568,4056941,7.49847184486764
1813701,477400,3579633,4057033,7.498183912861332
1813737,477406,3579726,4057132,7.498284479038806
1813773,477418,3579774,4057192,7.498196548936153
1813796,477418,3579857,4057275,7.498370400780867
1813818,477426,3579894,4057320,7.498322253082153
1814137,477468,3580404,4057872,7.498730804996356
1814335,477563,3580704,4058267,7.4978672970895985
1815125,477971,3581882,4059853,7.493931640204113
1815168,477993,3581954,4059947,7.493737355986385
1815498,478005,3582664,4060669,7.495034570768088
1816273,478474,3584366,4062840,7.491245083327412
1816316,478479,3584460,4062939,7.4913632573216375
1816370,478479,3584570,4063049,7.4915931524685515
1816434,478495,3584640,4063135,7.491488939278362
1816484,478500,3584736,4063236,7.491611285266457
1816534,478500,3584902,4063402,7.491958202716823
1816554,478500,3584926,4063426,7.492008359456635
1816747,478573,3585116,4063689,7.491262566003515
1816769,478585,3585149,4063734,7.491143683985081
1816792,478608,3585211,4063819,7.490913231705279
1816844,478629,3585330,4063959,7.490833192305523
1816858,478629,3585356,4063985,7.4908875141288975
1817616,478966,3586879,4065845,7.488796699556962
1817676,478980,3586920,4065900,7.488663409745709
1817702,479001,3586956,4065957,7.488410253840806
1817722,479010,3586989,4065999,7.4883384480491015
1817742,479019,3587032,4066051,7.488287520954284
1817809,479026,3587087,4066113,7.488292911031969
1817870,479059,3587210,4066269,7.488033832993431
1817982,479112,3587385,4066497,7.487570755898412
1818029,479121,3587410,4066531,7.48748228526823
1818060,479137,3587471,4066608,7.4873595652182985
1818707,479476,3589266,4068742,7.485809508713679
1818773,479522,3589414,4068936,7.485400044210693
1818821,479551,3589500,4069051,7.4851267122787775
1820899,479707,3595970,4075677,7.496179959850492
1820914,479707,3596001,4075708,7.496244582630648
1821062,479774,3596347,4076121,7.495918911820983
1821188,479794,3596623,4076417,7.496181694643951
1821350,479850,3596857,4076707,7.495794519120558
1821362,479860,3596881,4076741,7.49568832576168
1821388,479868,3596975,4076843,7.4957592504605435
1821407,479879,3597000,4076879,7.495639525797128
1821492,479904,3597250,4077154,7.4957699873307995
1821510,479911,3597296,4077207,7.495756504851942
1821589,479943,3597538,4077481,7.495760954946733
1821618,479943,3597565,4077508,7.495817211627214
1821688,479970,3597698,4077668,7.495672646207055
1821865,479970,3598096,4078066,7.496501864699877
1821952,479970,3598327,4078297,7.4969831447798825
1821985,479982,3598354,4078336,7.496851965282032
1823720,480423,3599740,4080163,7.492855254640181
1823755,480445,3599765,4080210,7.492564185286557
1823801,480460,3599847,4080307,7.492500936602423
1824736,480460,3601267,4081727,7.495456437580652
1824744,480465,3601284,4081749,7.495413817863945
1825700,480677,3603407,4084084,7.496524693297162
1825738,480690,3603452,4084142,7.496415569285818
1825759,480690,3603484,4084174,7.496482140256714
1825789,480707,3603581,4084288,7.496418816451602
1826149,480707,3603581,4084288,7.496418816451602
1826176,480718,3603596,4084314,7.496278483435195
1826490,480772,3604152,4084924,7.496592979624437
1827009,480801,3604608,4085409,7.4970892323435265
1827023,480808,3604627,4085435,7.497019600339429
1827058,480822,3604691,4085513,7.496934416478448
1827063,480822,3604700,4085522,7.496953134423966
1827098,480829,3604781,4085610,7.497012451412041
1827125,480844,3604828,4085672,7.496876325793813
1827128,480844,3604833,4085677,7.496886724176656
1827156,480865,3604863,4085728,7.496621712954779
1827173,480874,3604918,4085792,7.49659578184722
1827456,480874,3605591,4086465,7.49799531686055
1827468,480874,3605616,4086490,7.498047305531179
1827535,480919,3605741,4086660,7.497605625895421
1827549,480931,3605762,4086693,7.497462213914262
1827561,480931,3605796,4086727,7.4975329101264006
1827922,480986,3606107,4087093,7.497322167381171
1827946,480994,3606131,4087125,7.497247366911021
1827980,481004,3606194,4087198,7.497222476320363
1828004,481014,3606229,4087243,7.497139376400687
1828114,481053,3606393,4087446,7.4968724859838725
1828144,481065,3606444,4087509,7.496791493872969
1828201,481079,3606512,4087591,7.496714676799445
1828221,481087,3606521,4087608,7.496608721499438
1828248,481109,3606566,4087675,7.496359452847484
1828259,481109,3606589,4087698,7.4964072590618755
1828291,481132,3606630,4087762,7.496134117040646
1828630,481132,3607469,4088601,7.4978779212357525
1828811,481149,3607587,4088736,7.49785825180973
1828827,481149,3607613,4088762,7.497912289124574
1828859,481175,3607677,4088852,7.4976401517119555
1828882,481176,3607730,4088906,7.49773471661097
1828901,481184,3607751,4088935,7.497653704196316
1828933,481184,3607799,4088983,7.4977534581365965
1828945,481184,3607822,4089006,7.497801256899647
1829953,481193,3609060,4090253,7.500233793924683
1830077,481193,3609416,4090609,7.500973621810791
1830117,481193,3609451,4090644,7.5010463576984705
1830130,481199,3609493,4090692,7.501040110224668
1830151,481210,3609523,4090733,7.5009309864716025
1830204,481210,3609599,4090809,7.501088921676607
1830316,481223,3609901,4091124,7.501513851166715
1830337,481231,3609923,4091154,7.501434861843896
1830494,481356,3610167,4091523,7.499993767606512
1830527,481378,3610212,4091590,7.499744483545156
1830673,481421,3610353,4091774,7.499367497471028
1830766,481493,3610610,4092103,7.498779836882364
1830916,481577,3610860,4092437,7.497990975482633
1830925,481577,3610874,4092451,7.49802004663844
1831124,481719,3611244,4092963,7.4965778804655825
1831221,481719,3611313,4093032,7.496721117497961
1831252,481733,3611374,4093107,7.4966298758856045
1831268,481733,3611400,4093133,7.496683847691563
1831278,481733,3611421,4093154,7.496727440304069
1831372,481733,3611548,4093281,7.496991071817791
1831379,481733,3611564,4093297,7.497024285236843
1831402,481748,3611629,4093377,7.496925778622848
1833180,481755,3614128,4095883,7.50200413073035
1833241,481755,3614271,4096026,7.502300962107295
1833391,481794,3614409,4096203,7.501980099378573
1833591,481821,3614948,4096769,7.502678380560416
1833728,481905,3615490,4097395,7.502495305091252
1833758,481924,3615532,4097456,7.502286667607341
1833828,481939,3615671,4097610,7.502341582648427
1833858,481964,3615753,4097717,7.5021225651708425
1834002,481964,3616003,4097967,7.502641276111909
1834132,481964,3616389,4098353,7.503442165804915
1834234,481964,3616822,4098786,7.504340573154842
1834267,481969,3616890,4098859,7.504403810203561
1834343,481969,3616960,4098929,7.504549047760333
1834379,481983,3616995,4098978,7.50440368228755
1834447,482015,3617137,4099152,7.504200076761097
1834476,482027,3617155,4099182,7.504050602974522
1834691,482106,3617620,4099726,7.503785474563685
1834757,482134,3617767,4099901,7.50365458565461
1834818,482134,3617885,4100019,7.503899330891412
1834937,482181,3618238,4100419,7.503899987763931
1834994,482215,3618337,4100552,7.503576205634416
1835026,482224,3618392,4100616,7.503550217326388
1835185,482229,3618705,4100934,7.504121485850083
1835189,482229,3618714,4100943,7.504140149182235
1835280,482243,3618792,4101035,7.504084040618526
1835289,482245,3618812,4101057,7.504094391854762
1835300,482250,3618848,4101098,7.504091238983929
1835314,482256,3618863,4101119,7.504028980458512
1835436,482275,3618996,4101271,7.504009123425432
1835465,482283,3619052,4101335,7.50400076303747
1835494,482283,3619098,4101381,7.504096142721182
1835581,482320,3619218,4101538,7.503769281804611
1835587,482322,3619223,4101545,7.503748533137613
1835626,482322,3619246,4101568,7.503796219123324
1835648,482335,3619307,4101642,7.50372044326039
1835677,482349,3619352,4101701,7.503595944015641
1835695,482357,3619393,4101750,7.503556494463644
1835745,482366,3619414,4101780,7.503460028277283
1835976,482370,3619919,4102289,7.504444720857433
1836027,482389,3620010,4102399,7.504337785480183
1836678,482429,3620728,4103157,7.50520387455978
1836689,482432,3620747,4103179,7.505196587291058
1836813,482490,3620968,4103458,7.504752430102179
1837205,482495,3622067,4104562,7.506952403651852
1837220,482498,3622090,4104588,7.506953396698018
1837243,482507,3622150,4104657,7.506937723183291
1837264,482513,3622184,4104697,7.506914839600176
1837450,482513,3622536,4105049,7.507644353623633
1837489,482526,3622568,4105094,7.507508403692237
1837517,482526,3622605,4105131,7.507585083498092
1837844,482577,3623145,4105722,7.507910654672726
1837877,482582,3623161,4105743,7.5078660206970005
1837924,482582,3623361,4105943,7.508280458036147
1838187,482648,3623577,4106225,7.5077012646897945
1838231,482669,3623707,4106376,7.507643954759887
1838409,482692,3623994,4106686,7.507880801836368
1838479,482712,3624050,4106762,7.5076857422231065
1838597,482749,3624269,4107018,7.507563972167731
1839015,482980,3625172,4108152,7.505842892045219
1839034,482980,3625219,4108199,7.505940204563336
1839323,483150,3626171,4109321,7.5052695850150055
1839364,483157,3626236,4109393,7.50529538017663
1839414,483186,3626391,4109577,7.505165712582732
1839458,483204,3626476,4109680,7.505062044188376
1839496,483215,3626536,4109751,7.505015365830944
1839626,483215,3626922,4110137,7.505814182092857
1840069,483226,3627959,4111185,7.507789315972237
1840074,483229,3627970,4111199,7.507765469373734
1840107,483238,3628076,4111314,7.507844995633621
1877409,483243,3738596,4221839,7.736472126859572
1877430,483255,3738620,4221875,7.736329681017268
1877450,483256,3738626,4221882,7.736326088036154
1877481,483256,3738706,4221962,7.7364916317645305
1877494,483256,3738711,4221967,7.736501978247554
1877516,483260,3738802,4222062,7.736626246740885
1878575,483260,3740127,4223387,7.739368042047759
1878594,483269,3740148,4223417,7.739267364552661
1878692,483297,3740911,4224208,7.740397726449781
1879504,483297,3742618,4225915,7.7439297160958995
1879554,483311,3742667,4225978,7.74380678279617
1879622,483311,3742667,4225978,7.74380678279617
1879664,483331,3742760,4226091,7.7436787625871295
1879944,483407,3743267,4226674,7.743510127077183
1880032,483407,3743399,4226806,7.74378318890707
1880073,483419,3743456,4226875,7.743708873668598
1880122,483453,3743526,4226979,7.74330907037499
1880142,483453,3743547,4227000,7.743352507896321
1880166,483462,3743562,4227024,7.743239385928987
1880177,483464,3743579,4227043,7.743242516505883
1880254,483464,3743598,4227062,7.743281816226234
1880555,483602,3744192,4227794,7.742300486763909
1880594,483606,3744265,4227871,7.742387398005815
1880612,483606,3744292,4227898,7.742443228578637
1880670,483625,3744375,4228000,7.742310674592918
1880687,483631,3744397,4228028,7.742260111531312
1880801,483635,3744692,4228327,7.742806041746358
1880868,483651,3744823,4228474,7.742820752980972
1880896,483662,3744861,4228523,7.742723224069701
1880914,483675,3744880,4228555,7.742554401199152
1880949,483697,3744952,4228649,7.742351099965474
1880982,483697,3744989,4228686,7.742427594134345
1881049,483712,3745024,4228736,7.742259857105054
1881144,483712,3745129,4228841,7.742476928420217
1881242,483712,3745211,4228923,7.742646450780629
1881292,483742,3745381,4229123,7.742517705719164
1881690,483802,3746680,4230482,7.744242479361391
1881763,483847,3746762,4230609,7.743691704195748
1881884,483847,3746906,4230753,7.743989318937598
1882296,484029,3747803,4231832,7.742930692169271
1883041,484444,3749055,4233499,7.738882099891835
1883065,484450,3749080,4233530,7.738837857364021
1883096,484475,3749134,4233609,7.738549976778987
1883119,484475,3749195,4233670,7.738675886268641
1883137,484475,3749205,4233680,7.738696527168584
1883348,484521,3749681,4234202,7.738944235647165
1883466,484537,3749967,4234504,7.739278940514347
1883500,484552,3750005,4234557,7.739117783024319
1884205,484686,3751087,4235773,7.739210540432363
1884599,484686,3751860,4236546,7.740805387405454
1885034,484686,3752627,4237313,7.742387855229984
1885099,484704,3752730,4237434,7.742312834224599
1885125,484730,3752782,4237512,7.742004827429703
1885146,484730,3752811,4237541,7.742064654549956
1885217,484746,3752974,4237720,7.7421453709777905
1885567,484936,3753495,4238431,7.740186333866737
1885573,484936,3753508,4238444,7.7402131415279545
1885773,485011,3753912,4238923,7.73984919929651
1886201,485011,3754820,4239831,7.741721321784454
1886204,485012,3754823,4239835,7.741711545281354
1886237,485042,3754905,4239947,7.741401775516347
1886244,485042,3754956,4239998,7.741506921050136
1886283,485062,3755009,4240071,7.74129698883854
1886391,485062,3755312,4240374,7.74192165125283
1887154,485062,3756903,4241965,7.74520164432588
1887504,485072,3757532,4242604,7.7463386878648945
1887516,485084,3757586,4242670,7.746258379991919
1887585,485122,3757657,4242779,7.745797964223432
1887607,485139,3757709,4242848,7.745633725592047
1887634,485148,3757737,4242885,7.745547750377204
1887762,485225,3757979,4243204,7.744817352774486
1887796,485237,3758011,4243248,7.744691769176711
1887822,485246,3758058,4243304,7.7446449841935845
1889286,485246,3760144,4245390,7.748943834673547
1889323,485252,3760179,4245431,7.748920148706239
1889372,485284,3760272,4245556,7.748600819314051
1889423,485299,3760354,4245653,7.748530287513471
1889595,485299,3760730,4246029,7.7493050675975015
1890867,486348,3764326,4250674,7.739984537820655
1890915,486369,3764487,4250856,7.739981372168045
1891008,486369,3764630,4250999,7.740275387617221
1891040,486380,3764694,4251074,7.740231917430815
1891159,486380,3764964,4251344,7.740787038940746
1891283,486414,3765133,4251547,7.740593403972747
1891458,486539,3765421,4251960,7.739196652272479
1891507,486559,3765490,4252049,7.739020344911922
1891644,486589,3766043,4252632,7.73967968860784
1891649,486595,3766051,4252646,7.739600694622839
1892130,486680,3767708,4254388,7.741653653324566
1892381,486878,3768144,4255022,7.739400835527586
1892424,486897,3768197,4255094,7.7392076763668705
1892431,486902,3768216,4255118,7.7391672246160415
1892472,486902,3768295,4255197,7.739329474925139
1892482,486902,3768305,4255207,7.7393500129389485
1892608,486958,3768709,4255667,7.739289630727907
1892617,486963,3768717,4255680,7.73922659421763
1892658,486973,3768739,4255712,7.739112846092083
1892684,486982,3768772,4255754,7.739037582497915
1892710,486988,3768800,4255788,7.7389997289460934
1893718,486988,3770047,4257035,7.741560366990562
1893768,486988,3770226,4257214,7.741927932515791
1893769,486988,3770228,4257216,7.741932039393168
1893925,487071,3770593,4257664,7.741362142274945
1894455,487078,3772402,4259480,7.744964872155999
1894627,487078,3772523,4259601,7.745213292326897
1894718,487078,3772550,4259628,7.745268724927014
1894733,487094,3772582,4259676,7.7450800050914195
1895018,487094,3773182,4260276,7.746311800186412
1895031,487099,3773186,4260285,7.746240497311635
1895047,487099,3773212,4260311,7.746293874551169
1895109,487099,3773229,4260328,7.746328775053942
1895116,487102,3773257,4260359,7.746338549215564
1895157,487102,3773306,4260408,7.746439144162824
1895694,487102,3773915,4261017,7.747689395650192
1895728,487113,3773989,4261102,7.747666352571169
1895793,487113,3774070,4261183,7.7478326384227065
1895799,487118,3774077,4261195,7.747767481390546
1896598,487152,3775544,4262696,7.750238118698065
1896713,487152,3775847,4262999,7.750860101159391
1896800,487152,3775959,4263111,7.751090008867869
1896817,487164,3776069,4263233,7.751124877864538
1897000,487173,3777137,4264310,7.753173923842249
1897036,487188,3777213,4264401,7.753091209143082
1897086,487205,3777277,4264482,7.752952042774602
1897097,487208,3777296,4264504,7.752943301423622
1897188,487282,3777433,4264715,7.752047069253533
1897208,487282,3777454,4264736,7.752090165448344
1897240,487310,3777527,4264837,7.751794545566478
1897250,487311,3777544,4264855,7.751813523601971
1897268,487322,3777571,4264893,7.751693951842929
1897576,487325,3777931,4265256,7.752384958703124
1897596,487327,3777938,4265265,7.752367506828064
1897599,487329,3777945,4265274,7.752350055096249
1897622,487336,3777997,4265333,7.752345404402712
1897631,487336,3778008,4265344,7.752367976098626
1897710,487364,3778145,4265509,7.752203691696556
1898014,487450,3778793,4266243,7.752165350292338
1898145,487477,3779083,4266560,7.752330879200454
1898156,487484,3779109,4266593,7.752272895110403
1898177,487489,3779125,4266614,7.752226204078451
1898234,487564,3779279,4266843,7.751349566415896
1898268,487573,3779302,4266875,7.751253658426533
1898456,487578,3779577,4267155,7.751738183429113
1898458,487578,3779581,4267159,7.751746387244707
1898549,487619,3779771,4267390,7.751484253074634
1898571,487619,3779795,4267414,7.751533471829441
1898591,487619,3779795,4267414,7.751533471829441
1898611,487619,3779832,4267451,7.7516093507431005
1898614,487619,3779838,4267457,7.751621655431802
1898660,487647,3779895,4267542,7.751293456127075
1898780,487673,3780021,4267694,7.7511385703124835
1898782,487675,3780034,4267709,7.751133439278208
1899148,487864,3780947,4268811,7.75000204975157
1899177,487876,3780967,4268843,7.749852421516943
1899202,487882,3780998,4268880,7.749820653354704
1899379,487882,3781379,4269261,7.750601579890219
1899407,487884,3781425,4269309,7.750664092284231
1899418,487884,3781442,4269326,7.750698936632478
1899449,487890,3781538,4269428,7.750800385332759
1899526,487890,3781655,4269545,7.7510401934862365
1899988,488132,3782727,4270859,7.7493936066473825
1899993,488134,3782731,4270865,7.749370050027246
1900028,488145,3782786,4270931,7.749308094930809
1900064,488155,3782850,4271005,7.749280453954174
1900077,488161,3782861,4271022,7.749207740888764
1900456,488259,3783053,4271312,7.748045606942217
1900840,488260,3784458,4272718,7.750907303485848
1900893,488279,3784540,4272819,7.750773635564912
1900916,488279,3784581,4272860,7.750857603951839
1900960,488295,3784643,4272938,7.750730603426208
1901001,488308,3784684,4272992,7.750608222679129
1901046,488313,3784771,4273084,7.7507070260263395
1901127,488321,3784820,4273141,7.750680392610598
1901537,488321,3785675,4273996,7.752431290073537
1901589,488337,3785750,4274087,7.752330869870602
1901696,488363,3786009,4274372,7.752448486064669
1901755,488380,3786136,4274516,7.752438674802408
1901795,488387,3786243,4274630,7.752546648457064
1901866,488441,3786360,4274801,7.751929096861238
1901936,488441,3786497,4274938,7.752209581095772
1901971,488459,3786543,4275002,7.752018081353809
1901991,488465,3786567,4275032,7.7519719938992555
1902036,488502,3786671,4275173,7.751597741667383
1902200,488502,3786956,4275458,7.752181157907235
1902205,488507,3786961,4275468,7.752112047524395
1902220,488507,3786981,4275488,7.752152988595864
1902233,488514,3786990,4275504,7.752060329898427
1902267,488515,3787059,4275574,7.752185705658987
1902424,488581,3787258,4275839,7.751545803050057
1902464,488609,3787349,4275958,7.7512878395608755
1902537,488639,3787436,4276075,7.750989994658633
1902727,488639,3787757,4276396,7.751646921346843
1902741,488650,3787789,4276439,7.751537910569938
1902772,488655,3787821,4276476,7.751524081407128
1902795,488655,3787889,4276544,7.751663238890424
1902839,488658,3788001,4276659,7.751844848544381
1902873,488680,3788082,4276762,7.751661619055414
1902939,488689,3788106,4276795,7.751567970631629
1902946,488693,3788108,4276801,7.751508615838573
1903219,488693,3788127,4276820,7.751547495053131
1903293,488726,3788313,4277039,7.751404672556811
1904042,488726,3790160,4278886,7.755183886267561
1904275,488737,3790476,4279213,7.755655904914095
1904328,488757,3790559,4279316,7.755508361005571
1904344,488766,3790577,4279343,7.755402380689328
1919208,488837,3902361,4391198,7.982949326667171
1919272,488895,3902606,4391501,7.982503400525675
1919321,488918,3902664,4391582,7.982246511684986
1919592,489009,3903458,4392467,7.9823847822841705
1919875,489055,3904025,4393080,7.982793346351637
1920075,489167,3904367,4393534,7.9816647484396945
1920301,489167,3904404,4393571,7.981740387229719
1920335,489180,3904430,4393610,7.9815814219714625
1920370,489180,3904494,4393674,7.981712253158347
1920379,489184,3904505,4393689,7.9816694740629295
1920447,489189,3904610,4393799,7.981802534398771
1920533,489210,3904702,4393912,7.981647963042456
1920539,489210,3904721,4393931,7.981686801169232
1920763,489260,3905304,4394564,7.982062706945182
1920848,489300,3905379,4394679,7.981563458001227
1920871,489314,3905411,4394725,7.981400491300065
1920910,489314,3905417,4394731,7.981412753364915
1920920,489314,3905427,4394741,7.981433190139665
1921020,489390,3905615,4395005,7.980577862236662
1922215,489390,3907331,4396721,7.984084268170579
1922248,489398,3907373,4396771,7.984039575151512
1923007,489420,3908311,4397731,7.985597237546483
1923018,489423,3908323,4397746,7.98557280716272
1923112,489472,3908400,4397872,7.98493070083682
1923127,489472,3908400,4397872,7.98493070083682
1923208,489472,3908455,4397927,7.985043066814853
1923222,489477,3908468,4397945,7.984988058683044
1923315,489493,3908516,4398009,7.9848251149658935
1923379,489515,3908657,4398172,7.984754297621115
1923399,489515,3908678,4398193,7.984797197225825
1923492,489570,3908896,4398466,7.984345446003636
1923516,489581,3908944,4398525,7.984264095216114
1923700,489672,3909283,4398955,7.983472610237056
1923808,489672,3909840,4399512,7.984610106356908
1923829,489672,3909883,4399555,7.984697920240487
1923841,489672,3909904,4399576,7.984740806090608
1924300,489858,3910695,4400553,7.983323738716118
1924598,489858,3911254,4401112,7.9844648857423985
1924706,489929,3911444,4401373,7.983695596708911
1924948,489949,3911759,4401708,7.9840126217218526
1924976,489961,3911812,4401773,7.983925251193463
1924981,489961,3911838,4401799,7.983978316641529
1925109,490010,3912068,4402078,7.9836493132793205
1925165,490044,3912130,4402174,7.983221914766837
1925170,490044,3912141,4402185,7.983244361730783
1925202,490048,3912194,4402242,7.983287351443124
1925219,490056,3912219,4402275,7.983208041529948
1925439,490157,3912642,4402799,7.98242603900383
1925475,490157,3912718,4402875,7.982581091364604
1925536,490179,3912804,4402983,7.982398266755614
1925569,490179,3912836,4403015,7.982463549030048
1925767,490285,3913264,4403549,7.981610695819779
1925778,490289,3913293,4403582,7.981604727007948
1926047,490289,3913721,4404010,7.982477681530689
1926094,490313,3913795,4404108,7.982237876621668
1926107,490313,3913800,4404113,7.982248074189345
1926115,490316,3913833,4404149,7.982266538314067
1926140,490323,3913863,4404186,7.982213765211911
1926216,490381,3913973,4404354,7.981493981210528
1926547,490429,3914157,4404586,7.9810879862324615
1926558,490429,3914184,4404613,7.9811430400730785
1926581,490429,3914246,4404675,7.981269460003385
1926907,490679,3914893,4405572,7.978521599660878
1926928,490696,3914941,4405637,7.97834300666808
1926961,490706,3915072,4405778,7.978447379897536
1926975,490706,3915100,4405806,7.978504440540772
1927044,490728,3915216,4405944,7.978383136890497
1927133,490776,3915345,4406121,7.977865665802729
1927162,490776,3915392,4406168,7.977961432506887
1927200,490776,3915495,4406271,7.978171304220255
1927207,490776,3915517,4406293,7.978216131188159
1927302,490776,3915620,4406396,7.978426002901528
1927313,490781,3915626,4406407,7.97835694535852
1927354,490808,3915698,4406506,7.97806474222099
1927414,490808,3915790,4406598,7.9782521882283906
1927416,490810,3915790,4406600,7.978219677675679
1927439,490820,3915825,4406645,7.978128438123956
1927460,490829,3915868,4406697,7.978069755454547
1927503,490838,3915951,4406789,7.978092568220064
1927555,490853,3916083,4406936,7.978117684928074
1927605,490870,3916151,4407021,7.977979913215312
1927717,490940,3916462,4407402,7.977475862630872
1927868,491046,3916704,4407750,7.976246624552486
1927922,491046,3916767,4407813,7.976374922105057
1927991,491104,3917013,4408117,7.975933814426273
1927992,491104,3917015,4408119,7.97593788688343
1928152,491152,3917344,4408496,7.975828256832915
1928197,491181,3917402,4408583,7.975475435735503
1928240,491206,3917469,4408675,7.97520592175177
1928407,491230,3917907,4409137,7.975707916861755
1928420,491230,3917933,4409163,7.975760845225251
1928482,491296,3918123,4409419,7.97507612518726
1928545,491323,3918232,4409555,7.974859715502836
1928586,491357,3918328,4409685,7.974503263411329
1928616,491370,3918363,4409733,7.974363514256059
1928647,491377,3918396,4409773,7.974317072227638
1929756,491392,3919958,4411350,7.977252376921073
1929796,491399,3920013,4411412,7.977250665955771
1929827,491420,3920051,4411471,7.976987098612185
1929851,491437,3920087,4411524,7.976784409802273
1930062,491545,3920512,4412057,7.97589640826374
1930104,491575,3920583,4412158,7.975554086355083
1930119,491578,3920606,4412184,7.975552201278332
1930187,491612,3920709,4412321,7.9752101250579726
1930191,491613,3920712,4412325,7.975200004881889
1930234,491631,3920746,4412377,7.974977167835226
1930254,491638,3920771,4412409,7.974914469589414
1930278,491652,3920804,4412456,7.974754501151221
1930472,491699,3920950,4412649,7.974289148442441
1930543,491721,3921224,4412945,7.974489598776542
1930739,491721,3921552,4413273,7.975156643706492
1930748,491723,3921568,4413291,7.975156744752635
1930765,491733,3921617,4413350,7.975094207628937
1931476,491764,3922244,4414008,7.975866472535606
1931481,491769,3922259,4414028,7.975815881033575
1931538,491780,3922345,4414125,7.975812355118142
1931592,491822,3922476,4414298,7.975397603197905
1931648,491825,3922678,4414503,7.975759670614548
1931661,491832,3922691,4414523,7.975672587387563
1931694,491837,3922720,4414557,7.975650469566137
1931722,491849,3922781,4414630,7.975579903588296
1931850,491852,3923282,4415134,7.9765498564608865
1932055,491877,3923447,4415324,7.976479892330806
1932104,491877,3923556,4415433,7.976701492446282
1932206,491894,3923722,4415616,7.976763286399102
1932270,491935,3923807,4415742,7.976271255348776
1932279,491935,3923807,4415742,7.976271255348776
1932543,492059,3924177,4416236,7.975013158991096
1932551,492064,3924189,4416253,7.974956509722313
1932685,492064,3924458,4416522,7.975503186577356
1932690,492064,3924481,4416545,7.97554992846459
1932772,492081,3924633,4416714,7.975583288117201
1932792,492092,3924662,4416754,7.975463937637677
1932956,492192,3925007,4417199,7.974544486704375
1933041,492192,3925169,4417361,7.97487362655224
1933052,492192,3925179,4417371,7.9748939438268
1933070,492206,3925189,4417395,7.9746874276217685
1933083,492209,3925214,4417423,7.974689613558468
1933115,492228,3925253,4417481,7.974461022127957
1933116,492228,3925257,4417485,7.974469148443404
1933413,492422,3926051,4418473,7.972939876772362
1933436,492425,3926110,4418535,7.973011118444433
1933814,492435,3926533,4418968,7.973708205143826
1933843,492446,3926553,4418999,7.973570706229719
1933870,492446,3926585,4419031,7.97363568797391
1933963,492463,3926748,4419211,7.973691424533417
1934031,492513,3926848,4419361,7.973084974406767
1934049,492513,3926858,4419371,7.973105278439351
1934091,492524,3926947,4419471,7.97310790946228
1934136,492547,3926994,4419541,7.972831019171775
1934198,492580,3927099,4419679,7.972510049129076
1934228,492582,3927188,4419770,7.97265835942036
1934230,492582,3927190,4419772,7.972662419658047
1934392,492682,3927376,4420058,7.971421728417113
1934416,492688,3927400,4420088,7.971373364076251
1934622,492762,3927976,4420738,7.971345193014072
1934632,492762,3928010,4420772,7.971414191841092
1934661,492775,3928040,4420815,7.971264776013394
1934690,492789,3928087,4420876,7.971133690078309
1934762,492845,3928284,4421129,7.9706276821312985
1934870,492857,3928577,4421434,7.971028107544379
1934891,492857,3928607,4421464,7.9710889771272395
1934936,492857,3928744,4421601,7.971366948222304
1934944,492857,3928744,4421601,7.971366948222304
1935009,492857,3928744,4421601,7.971366948222304
1935474,493054,3929724,4422778,7.970169596028021
1935716,493054,3929897,4422951,7.970520470374442
1936026,493054,3930816,4423870,7.972384363578837
1936165,493063,3931605,4424668,7.97383904288093
1936173,493063,3931605,4424668,7.97383904288093
1936208,493075,3931702,4424777,7.973841707650966
1936427,493192,3932174,4425366,7.972907103116028
1936865,493212,3932591,4425803,7.973429275848925
1936887,493218,3932658,4425876,7.973468121601401
1936995,493241,3932731,4425972,7.973244316672782
1937008,493241,3932735,4425976,7.973252426298706
1937472,493314,3933409,4426723,7.973438823953912
1937510,493325,3933437,4426762,7.973317792530279
1937631,493325,3933777,4427102,7.974006993361375
1937696,493325,3933855,4427180,7.974165104140273
1937778,493344,3933949,4427293,7.97404853408575
1937809,493366,3934042,4427408,7.973881459200674
1937975,493377,3934349,4427726,7.974325921151574
1937982,493378,3934365,4427743,7.974342187937038
1937993,493385,3934393,4427778,7.974285801149204
1938335,493410,3935146,4428556,7.975407875803085
1939345,494028,3936873,4430901,7.968926862445044
1939362,494034,3936891,4430925,7.968866515260084
1939414,494068,3937010,4431078,7.968558983783609
1939450,494076,3937039,4431115,7.9684886535674675
1939540,494109,3937155,4431264,7.968191229060794
1939653,494109,3937155,4431264,7.968191229060794
1939686,494109,3937189,4431298,7.968260039788792
1939788,494132,3937380,4431512,7.968275683420624
1939854,494166,3937498,4431664,7.967966229971305
1939960,494166,3937561,4431727,7.968093717495741
1940079,494235,3937707,4431942,7.967276700355094
1940096,494244,3937733,4431977,7.96718422479585
1940113,494267,3937789,4432056,7.966926782488008
1940155,494276,3937825,4432101,7.966854550898688
1940173,494287,3937867,4432154,7.966762225184963
1940319,494324,3938000,4432324,7.966434969776907
1940347,494326,3938015,4432341,7.96643308262159
1940375,494334,3938071,4432405,7.966417442457933
1940389,494341,3938097,4432438,7.966357231142066
1940495,494393,3938179,4432572,7.965685193762857
1940632,494431,3938405,4432836,7.965530073963809
1940645,494434,3938410,4432844,7.965491855333573
1940666,494434,3938450,4432884,7.965572755918889
1940696,494445,3938505,4432950,7.96550678032946
1940718,494445,3938555,4433000,7.965607903811344
1940785,494454,3938612,4433066,7.965578193320309
1940805,494454,3938655,4433109,7.965665157931779
1941371,494462,3939634,4434096,7.9675162095368295
1941503,494479,3939867,4434346,7.967713492382892
1942651,494482,3941740,4436222,7.971452954809275
1942682,494482,3941789,4436271,7.971552048406211
1942703,494482,3941835,4436317,7.971645075048232
1942724,494484,3941835,4436319,7.9716128327711315
1942761,494488,3941887,4436375,7.971653508275226
1942932,494546,3942066,4436612,7.971080546602338
1943003,494592,3942283,4436875,7.970777934135611
1943042,494600,3942346,4436946,7.970776384957541
1943088,494614,3942368,4436982,7.970595252055138
1943107,494624,3942392,4437016,7.970482629229475
1943146,494642,3942440,4437082,7.970289623606568
1943175,494642,3942512,4437154,7.970435183425589
1943196,494648,3942564,4437212,7.97044362860054
1943253,494670,3942693,4437363,7.970349930256535
1943460,494787,3942978,4437765,7.969041223799332
1943489,494807,3943046,4437853,7.968856544066677
1943521,494829,3943095,4437924,7.968601274379634
1943529,494830,3943103,4437933,7.968601337833195
1943538,494838,3943128,4437966,7.968523031780098
1943632,494896,3943222,4438118,7.967779088939898
1944719,494929,3945462,4440391,7.971773729161153
1944748,494942,3945489,4440431,7.971618896759621
1944792,494965,3945592,4440557,7.971456567636095
1944859,494989,3945669,4440658,7.971225623195667
1944911,495018,3945759,4440777,7.9709404506502795
1945622,495238,3946719,4441957,7.969337974872688
1945713,495249,3946766,4442015,7.9692558692698015
1945714,495249,3946766,4442015,7.9692558692698015
1945800,495344,3946968,4442312,7.9681352756871995
1945873,495382,3947101,4442483,7.9677925318239256
1945919,495387,3947133,4442520,7.967776707907151
1946085,495393,3947416,4442809,7.968251469035695
1946122,495393,3947484,4442877,7.96838873379317
1946217,495426,3947696,4443122,7.968285879223133
1946838,495686,3948849,4444535,7.966432378562235
1946888,495697,3948923,4444620,7.966404880400729
1946906,495697,3948940,4444637,7.966439175544738
1948622,495725,3952387,4448112,7.9729426597407835
1948654,495733,3952456,4448189,7.972953182459106
1948767,495754,3952717,4448471,7.973141921194786
1948773,495758,3952728,4448486,7.973099778520972
1948915,495762,3953138,4448900,7.973862458195667
1949179,495762,3953807,4449569,7.975211896030757
1949218,495782,3953967,4449749,7.975212895990577
1949328,495782,3954307,4450089,7.975898681275238
1949389,495794,3954365,4450159,7.975822619878417
1949414,495809,3954423,4450232,7.975698303177231
1949537,495831,3954713,4450544,7.975929298490817
1949548,495834,3954732,4450566,7.975919360108423
1949574,495838,3954761,4450599,7.975913504007357
1949588,495838,3954787,4450625,7.975965940488627
1949680,495904,3954928,4450832,7.975188746208944
1949745,495921,3954983,4450904,7.975026264263865
1949955,495921,3955630,4451551,7.976330907543741
1949971,495929,3955640,4451569,7.976222402803627
1949996,495932,3955672,4451604,7.976238677883258
1949999,495932,3955682,4451614,7.976258841938008
1950009,495932,3955684,4451616,7.976262874748958
1950202,495993,3955911,4451904,7.975739576969836
1950333,496057,3956166,4452223,7.975224621364077
1950342,496060,3956180,4452240,7.975204612345281
1950437,496082,3956330,4452412,7.975153301268742
1950444,496082,3956330,4452412,7.975153301268742
1950576,496135,3956478,4452613,7.974599655335745
1950659,496135,3956615,4452750,7.9748757898555835
1950670,496137,3956640,4452777,7.9748940312857135
1950742,496178,3956801,4452979,7.974559533070793
1950772,496196,3956826,4453022,7.974320631363413
1950814,496216,3956864,4453080,7.9740758056975185
1950815,496216,3956866,4453082,7.974079836200365
1950858,496224,3956964,4453188,7.974148771522538
1950897,496224,3957017,4453241,7.974255578126008
1950904,496225,3957025,4453250,7.9742556300065495
1951097,496238,3957314,4453552,7.97462910941927
1951274,496347,3957648,4453995,7.9735507618661945
1951278,496354,3957659,4454013,7.973460473774765
1951324,496354,3957802,4454156,7.973748574606027
1951350,496358,3957851,4454209,7.9737830356315405
1951381,496376,3957901,4454277,7.973594613760536
1951401,496380,3957905,4454285,7.973538418147387
1951447,496386,3957937,4454323,7.973506505018272
1951846,496652,3958718,4455370,7.970808533943284
1952062,496652,3959571,4456223,7.9725260343258455
1952089,496667,3959636,4456303,7.972416125895218
1952122,496667,3959668,4456335,7.972480555382178
1952142,496693,3959762,4456455,7.972252477888756
1952222,496693,3959856,4456549,7.972441729599572
1952272,496707,3959933,4456640,7.9723720422703925
1952310,496741,3960006,4456747,7.971973322113536
1953908,496830,3963099,4459929,7.976770726405411
1953924,496839,3963114,4459953,7.976656421899247
1954628,496839,3963977,4460816,7.978393403094363
1954708,496915,3964284,4461199,7.9777909702866685
1954760,496927,3964333,4461260,7.9776969253029115
1954809,496927,3964349,4461276,7.977729123191133
1954863,496928,3964493,4461421,7.978002849507373
1954871,496931,3964499,4461430,7.977966759972713
1954893,496948,3964547,4461495,7.9777904328018225
1954979,496948,3964617,4461565,7.977931292610092
1955240,497020,3964749,4461769,7.977041165345459
1955622,497020,3965504,4462524,7.978560218904672
1955661,497034,3965547,4462581,7.978421999299846
1955706,497046,3965624,4462670,7.9783842944113825
1955726,497046,3965648,4462694,7.978432579680754
1955735,497048,3965663,4462711,7.978430654584668
1955765,497059,3965718,4462777,7.978364741408967
1955794,497067,3965769,4462836,7.978338936199748
1955854,497067,3965809,4462876,7.978419408248787
1955876,497079,3965868,4462947,7.978345494378157
1956294,497090,3966272,4463362,7.978981673338832
1956381,497156,3966421,4463577,7.978222127460998
1956405,497156,3966453,4463609,7.978286493575458
1956471,497167,3966539,4463706,7.978282951201508
1956584,497232,3966807,4464039,7.977778984457959
1956600,497232,3966833,4464065,7.97783127393249
1956726,497267,3967101,4464368,7.977808702367139
1956745,497272,3967139,4464411,7.97780490355379
1956770,497281,3967191,4464472,7.977765086540608
1956817,497297,3967230,4464527,7.977586834426912
1957080,497362,3967909,4465271,7.9779094502595695
1957127,497382,3967947,4465329,7.977665054223916
1957175,497393,3968039,4465432,7.977673590098775
1957210,497393,3968073,4465466,7.977741946509099
1957211,497393,3968075,4465468,7.977745967474411
1957241,497418,3968171,4465589,7.977538006264349
1957274,497418,3968235,4465653,7.97766667068743
1957338,497458,3968370,4465828,7.977296575791323
1957356,497458,3968403,4465861,7.977362913049946
1957362,497466,3968411,4465877,7.977250706580953
1957477,497510,3968691,4466201,7.977107997829189
1957588,497523,3968821,4466344,7.977160854875051
1957659,497533,3968970,4466503,7.977299998191075
1957665,497540,3968981,4466521,7.977209872573059
1957861,497540,3969309,4466849,7.977869116050971
1957955,497558,3969518,4467076,7.9780005547092
1957966,497558,3969528,4467086,7.978020652868611
1958027,497564,3969645,4467209,7.978159593539726
1958109,497580,3969806,4467386,7.978226616825435
1958186,497621,3969959,4467580,7.977876737517106
1958194,497621,3969975,4467596,7.977908890501004
1958240,497637,3970021,4467658,7.9777448220289084
1958294,497649,3970067,4467716,7.977644886255172
1958408,497655,3970378,4468033,7.978173634345079
1958811,497737,3971272,4469009,7.978655394314668
1958850,497745,3971316,4469061,7.978615556158274
1958879,497757,3971361,4469118,7.9785136120637175
1959131,497836,3971643,4469479,7.977813978900683
1959215,497894,3971805,4469699,7.977210008556038
1959366,497903,3972099,4470002,7.977656290482282
1959733,497903,3972416,4470319,7.97829296067708
1959769,497913,3972480,4470393,7.978261262509715
1959842,497916,3972501,4470417,7.978255368375389
1959967,497918,3972980,4470898,7.9791853277045615
1960007,497947,3973074,4471021,7.978909402004631
1960041,497973,3973133,4471106,7.978611290170351
1960078,497992,3973186,4471178,7.978413307844303
1960690,497992,3973925,4471917,7.979897267425983
1960706,497992,3973951,4471943,7.979949477100034
1960716,497995,3973963,4471958,7.979925501260053
1960938,498086,3974318,4472404,7.979180302196809
1960970,498094,3974365,4472459,7.979146506482712
1960973,498094,3974374,4472468,7.979164575361277
1961027,498106,3974461,4472567,7.979147008869598
1961479,498106,3975293,4473399,7.9808173360690295
1961528,498106,3975402,4473508,7.981036164992993
1961591,498106,3975599,4473705,7.981431663139975
1961613,498112,3975631,4473743,7.981399765514583
1962191,498146,3976416,4474562,7.982430853605168
1962216,498155,3976451,4474606,7.982356896949745
1962263,498164,3976493,4474657,7.982296994564039
1962287,498170,3976521,4474691,7.982257060842684
1962356,498170,3976716,4474886,7.98264849348616
1962386,498179,3976749,4474928,7.982570521840543
1962397,498184,3976766,4474950,7.982524529089654
1962489,498221,3976850,4475071,7.982100312913346
1963051,498360,3977174,4475534,7.980524119110683
1963055,498360,3977176,4475536,7.980528132273858
1963064,498360,3977176,4475536,7.980528132273858
1963114,498391,3977250,4475641,7.980180219947792
1963129,498397,3977285,4475682,7.980154374926013
1963215,498444,3977446,4475890,7.97972490390094
1963331,498496,3977555,4476051,7.979111166388496
1963346,498505,3977582,4476087,7.9790212736080885
1963479,498552,3977755,4476307,7.9786160721449315
1963481,498552,3977757,4476309,7.978620083762577
1963499,498552,3977777,4476329,7.978660199939023
1963538,498564,3977799,4476363,7.978512287289094
1963620,498564,3977975,4476539,7.9788653011448885
1963788,498574,3978163,4476737,7.979082342841785
1963800,498577,3978183,4476760,7.979074445872954
1963849,498608,3978249,4476857,7.978710730674197
1963857,498609,3978260,4476869,7.978716790110086
1963879,498609,3978320,4476929,7.97883712488142
1963932,498637,3978418,4477055,7.978585624412148
1963958,498647,3979447,4478094,7.980489203785443
1964031,498698,3979521,4478219,7.979821455069
1965050,498698,3981026,4479724,7.982839313572543
1965096,498734,3981112,4479846,7.982435526753741
1965172,498786,3981241,4480027,7.981861960840922
1965242,498786,3981336,4480122,7.982052423283733
1965303,498804,3981357,4480161,7.981806481102798
1965327,498819,3981387,4480206,7.981626602034004
1965508,498865,3981970,4480835,7.982059274553236
1965591,498917,3982118,4481035,7.981523980942722
1965605,498938,3982153,4481091,7.981258192400659
1965610,498938,3982153,4481091,7.981258192400659
1965613,498938,3982158,4481096,7.981268213685869
1965644,498946,3982214,4481160,7.981252480228322
1965723,498981,3982340,4481321,7.980945166248815
1965759,498995,3982361,4481356,7.980763334301947
1966078,498995,3982947,4481942,7.98193769476648
1966116,499018,3983015,4482033,7.9817060707228995
1966139,499032,3983048,4482080,7.981548277465173
1966549,499032,3983903,4482935,7.983261594446849
1966598,499033,3983994,4483027,7.983427949654632
1966623,499047,3984033,4483080,7.983282135750741
1967063,499177,3984335,4483512,7.9818080560602755
1967096,499177,3984367,4483544,7.981872161577957
1967341,499177,3985381,4484558,7.983903505169509
1967384,499187,3985432,4484619,7.983845733162122
1967478,499196,3985727,4484923,7.98429274273031
1967489,499199,3985739,4484938,7.984268798615382
1967501,499206,3985763,4484969,7.984204917408845
1967527,499206,3985803,4485009,7.984285044650906
1968088,499389,3986500,4485889,7.982754926520208
1968102,499389,3986526,4485915,7.982806990141953
1968249,499466,3986979,4486445,7.982483292156022
1968273,499473,3987018,4486491,7.9824495017748704
1968791,499485,3988788,4488273,7.9858013754166794
1968815,499485,3988838,4488323,7.985901478522878
1969202,499541,3989399,4488940,7.9861292666668
1970223,500068,3991329,4491397,7.981572506139165
1970274,500071,3991337,4491408,7.981540621231785
1970539,500071,3992162,4492233,7.983190386965051
1970650,500090,3992206,4492296,7.982975064488392
1970696,500120,3992279,4492399,7.982642165880189
1970711,500127,3992311,4492438,7.982594421017062
1970714,500127,3992320,4492447,7.982612416446223
1970815,500173,3992550,4492723,7.982338111013589
1970846,500184,3992598,4492782,7.982258528861379
1971040,500184,3993155,4493339,7.983372119060186
1971099,500199,3993226,4493425,7.983274656686639
1971128,500210,3993275,4493485,7.9831970572359605
1971254,500254,3993431,4493685,7.982806734179037
1971307,500254,3993489,4493743,7.982922675280958
1971387,500254,3993645,4493899,7.983234516865433
1971455,500302,3993801,4494103,7.982780400638014
1971472,500308,3993835,4494143,7.98275262438338
1971497,500309,3993864,4494173,7.982794632916858
1971869,500443,3994920,4495363,7.982767268200375
1971877,500443,3994939,4495382,7.982805234562178
1971995,500498,3995267,4495765,7.982583346986401
1972123,500575,3995484,4496059,7.981788942715877
1972166,500575,3995592,4496167,7.982004694601208
1972177,500577,3995615,4496192,7.982018750362082
1972250,500577,3995693,4496270,7.98217457054559
1972360,500649,3995927,4496576,7.981494020761052
1972371,500651,3995950,4496601,7.981508076484417
1972469,500700,3996123,4496823,7.981072498502097
1972524,500703,3996162,4496865,7.98110256978688
1972575,500703,3996162,4496865,7.98110256978688
1972835,500703,3996480,4497183,7.981737676826382
1972841,500706,3996492,4497198,7.981713820086038
1972887,500706,3996552,4497258,7.98183365088495
1972930,500732,3996617,4497349,7.981549012246072
1973124,500741,3997735,4498476,7.983638248116292
1973126,500741,3997737,4498478,7.983642242197064
1973152,500761,3997769,4498530,7.983387284552911
1973343,500761,3998218,4498979,7.984283919873952
1973354,500766,3998248,4499014,7.9842641073874825
1973432,500766,3998376,4499142,7.984519715795401
1973448,500766,3998402,4499168,7.98457163625326
1973658,500832,3998621,4499453,7.98395669605776
1973664,500834,3998632,4499466,7.983946776776337
1973700,500847,3998662,4499509,7.9837994437423
1973711,500854,3998683,4499537,7.983729789519501
1973906,500942,3999024,4499966,7.9830080129036896
1974045,500970,3999102,4500072,7.982717527995688
1974119,500979,3999520,4500499,7.983408486184052
1974143,500995,3999567,4500562,7.983247337797782
1974190,501022,3999653,4500675,7.982988770952174
1974346,501022,3999915,4500937,7.983511702080946
1974412,501038,4000044,4501082,7.98351422447
1974434,501045,4000080,4501125,7.98347453821513
1974487,501067,4000151,4501218,7.983265710972784
1974562,501086,4000220,4501306,7.983100705268158
1974630,501091,4000298,4501389,7.9831767084222225
1974666,501097,4000369,4501466,7.98322280915671
1974701,501105,4000390,4501495,7.983137266640724
1974739,501105,4000496,4501601,7.98334879915387
1974781,501114,4000554,4501668,7.983321160454508
1974845,501114,4000684,4501798,7.983580582462274
1974859,501120,4000707,4501827,7.983530890804598
1974887,501127,4000744,4501871,7.98349320631297
1974907,501137,4000763,4501900,7.983371812498379
1974931,501142,4000801,4501943,7.983367987516512
1974946,501142,4000827,4501969,7.98341986901916
1974954,501143,4000839,4501982,7.983427883857502
1974980,501164,4000867,4502031,7.9831492285958285
1975019,501189,4000944,4502133,7.982904652735794
1975115,501240,4001267,4502507,7.982736812704493
1975245,501240,4001653,4502893,7.983506902880856
1975262,501249,4001696,4502945,7.983449343539838
1975304,501265,4001770,4503035,7.983342144374732
1975381,501284,4001829,4503113,7.983157252176411
1975472,501284,4001877,4503161,7.983253006279873
1975481,501284,4001886,4503170,7.983270960174273
1975551,501322,4001991,4503313,7.982875277765587
1975909,501420,4002545,4503965,7.982419927406166
1975955,501453,4002609,4504062,7.9820222433607935
1976021,501457,4002742,4504199,7.982223799847245
1976034,501457,4002746,4504203,7.982231776602979
1976069,501488,4002865,4504353,7.98197564049389
1976072,501488,4002870,4504358,7.981985610822193
1976138,501508,4002931,4504439,7.981788924603396
1976148,501508,4002960,4504468,7.981846750201393
1976344,501511,4003229,4504740,7.982335382474163
1976366,501519,4003248,4504767,7.982245936843868
1976412,501519,4003298,4504817,7.982345633964018
1976472,501519,4003408,4504927,7.982564967628345
1976486,501525,4003435,4504960,7.982523303923035
1976509,501525,4003469,4504994,7.982591097153681
1976549,501525,4003569,4505094,7.982790489008524
1976713,501525,4003854,4505379,7.983358755794826
1976906,501525,4003948,4505473,7.983546184138378
1977178,501686,4004514,4506200,7.9821123172661785
1977179,501686,4004516,4506202,7.982116303823507
1977306,501736,4004687,4506423,7.981661670679401
1977309,501736,4004696,4506432,7.981679608399636
1977340,501746,4004741,4506487,7.981610217121811
1977364,501758,4004768,4506526,7.9814731404382195
1977405,501766,4004902,4506668,7.981612943085024
1977421,501766,4004928,4506694,7.981664760067442
1977695,501794,4005050,4506844,7.981462512505131
1977820,501836,4005222,4507058,7.981137263966715
1977846,501839,4005282,4507121,7.981209112882817
1978543,501839,4007177,4509016,7.98498522434486
1978623,501861,4007385,4509246,7.9850496452204895
1978674,501882,4007495,4509377,7.9849347057674915
1978692,501882,4007505,4509387,7.984954630769782
1978772,501882,4007819,4509701,7.985580275841731
1978991,502002,4008245,4510247,7.984519981992103
1979037,502049,4008363,4510412,7.984007537112912
1981191,502740,4010214,4512954,7.9767155985201095
1981211,502761,4010248,4513009,7.976450042863309
1981341,502819,4010429,4513248,7.975889932560225
1981373,502830,4010506,4513336,7.975868583815604
1981484,502841,4010609,4513450,7.97589894221036
1981547,502862,4010697,4513559,7.975740859321245
1981589,502862,4010731,4513593,7.975808472304529
1981913,503010,4011323,4514333,7.974638675175444
1981922,503010,4011328,4514338,7.9746486153356795
1981933,503013,4011340,4514353,7.974624910290589
1982364,503013,4012810,4515823,7.977547299970379
1982374,503013,4012826,4515839,7.9775791082934235
1982531,503086,4013093,4516179,7.976952250708626
1982692,503086,4013480,4516566,7.977721502884199
1982713,503095,4013528,4516623,7.977674196722289
1982842,503133,4013908,4517041,7.977826936416415
1982879,503133,4013944,4517077,7.97789848807373
1983055,503247,4014214,4517461,7.976627779201863
1983272,503400,4014593,4517993,7.974956297179181
1983402,503431,4014702,4518133,7.974681733941692
1983445,503455,4014749,4518204,7.974394931026606
1983455,503455,4014764,4518219,7.974424725149219
1983595,503509,4014919,4518428,7.97387732890574
1983693,503556,4015052,4518608,7.97339719911986
1983833,503665,4015310,4518975,7.9721838920711185
1983835,503665,4015315,4518980,7.972193819304498
1983843,503665,4015315,4518980,7.972193819304498
1983873,503679,4015405,4519084,7.972150913577894
1983889,503685,4015439,4519124,7.972123450172231
1984173,503694,4015626,4519320,7.972352261492096
1984258,503742,4015880,4519622,7.972096827344156
1984285,503750,4015909,4519659,7.972027791563275
1984370,503768,4015983,4519751,7.97188983817948
1984390,503768,4016004,4519772,7.971931524034873
1984591,503768,4016551,4520319,7.973017341315844
1984607,503768,4016577,4520345,7.973068952374903
1984618,503770,4016597,4520367,7.9730769994243404
1984694,503816,4016769,4520585,7.972690426663703
1984733,503826,4016804,4520630,7.97260165215769
1984840,503892,4017003,4520895,7.9719523231168585
1984866,503899,4017053,4520952,7.9719408055979475
1984876,503899,4017053,4520952,7.9719408055979475
1984930,503902,4017189,4521091,7.972163238089946
1984975,503904,4017201,4521105,7.972155410554391
1984985,503904,4017217,4521121,7.972187162634152
1985097,503904,4017471,4521375,7.972691226900362
1985233,503993,4017837,4521830,7.9720095318784185
1985285,504010,4017907,4521917,7.971879526199877
1985309,504011,4017959,4521970,7.971966881675201
1985311,504012,4017960,4521972,7.9719530487369346
1985338,504012,4018010,4522022,7.972052252724142
1985735,504204,4018633,4522837,7.970252120173581
1985756,504204,4018679,4522883,7.970343353087243
1985830,504277,4018844,4523121,7.969516753688945
1986253,504294,4019651,4523945,7.970848354332988
1986753,504338,4020443,4524781,7.971723328402778
1986763,504340,4020490,4524830,7.971784907007177
1986895,504351,4020764,4525115,7.972154313166822
1986936,504358,4020864,4525222,7.972241939257432
1986956,504358,4020864,4525222,7.972241939257432
1987245,504498,4021442,4525940,7.971175306938779
1987268,504513,4021474,4525987,7.971001738310014
1987293,504516,4021518,4526034,7.971041552696049
1987435,504535,4021690,4526225,7.971082283686959
1987447,504535,4021719,4526254,7.9711397623554365
1987478,504545,4021764,4526309,7.971070964928797
1987667,504577,4022109,4526686,7.971249184960868
1987722,504577,4022285,4526862,7.971597991981402
1987889,504577,4022578,4527155,7.972178676396268
1987920,504595,4022614,4527209,7.971965635806934
1988247,504597,4023181,4527778,7.973057707437817
1988472,504617,4023322,4527939,7.973021122950674
1988520,504629,4023397,4528026,7.972980149773398
1989578,505164,4025900,4531064,7.969491095960915
1989607,505172,4025947,4531119,7.969457927201033
1989610,505173,4025950,4531123,7.9694480900602365
1989637,505190,4025985,4531175,7.96924919337279
1989664,505207,4026024,4531231,7.96905822761759
1989672,505207,4026053,4531260,7.969115629830941
1989759,505207,4026253,4531460,7.96951150716439
1990137,505207,4026938,4532145,7.970867387031454
1990161,505207,4026998,4532205,7.970986150231489
1990243,505262,4027167,4532429,7.970452953121351
1990275,505282,4027217,4532499,7.9702364224334135
1990317,505305,4027309,4532614,7.970055708928271
1990559,505305,4027893,4533198,7.971211446552083
1990705,505305,4028092,4533397,7.971605268105401
1990729,505319,4028113,4533432,7.971425970525549
1990790,505319,4028231,4533550,7.971659486383849
1990836,505345,4028253,4533598,7.971292879122184
1990854,505358,4028266,4533624,7.9711135472279055
1991258,505363,4028995,4534358,7.972477209451424
1991344,505383,4029183,4534566,7.972533702162519
1991566,505460,4029375,4534835,7.9716990464131685
1991594,505469,4029420,4534889,7.971646134579965
1991644,505493,4029480,4534973,7.971386349563693
1991664,505493,4029480,4534973,7.971386349563693
1991716,505505,4029613,4535118,7.971460222945371
1991896,505604,4029861,4535465,7.970389870333304
1992176,505690,4030194,4535884,7.969692894856533
1992432,505697,4030373,4536070,7.969936543028731
1992525,505715,4030716,4536431,7.970331115351532
1992612,505734,4030816,4536550,7.970229409136028
1992702,505775,4030967,4536742,7.969881864465425
1992788,505818,4031063,4536881,7.969394129904432
1992818,505831,4031092,4536923,7.969246645618794
1992875,505846,4031203,4537049,7.969229765580829
1992891,505853,4031238,4537091,7.9691886773430225
1992947,505890,4031355,4537245,7.9688370989740855
1992956,505892,4031375,4537267,7.968845128999866
1992972,505892,4031401,4537293,7.968896523368624
1993005,505906,4031453,4537359,7.968778784991678
1993237,505922,4031561,4537483,7.968740240590447
1993477,506112,4032026,4538138,7.966667457005564
1993516,506112,4032079,4538191,7.966772176909458
1994483,506689,4034274,4540963,7.962031936750156
1995015,506689,4035592,4542281,7.964633137881422
1995072,506711,4035662,4542373,7.964425481191449
1995095,506720,4035704,4542424,7.964366908746448
1995111,506720,4035729,4542449,7.964416245658351
1995149,506720,4035835,4542555,7.964625434164825
1995199,506731,4035873,4542604,7.964527530385944
1995218,506738,4035929,4542667,7.964528020397128
1995254,506750,4035947,4542697,7.9643749383325115
1995321,506790,4036073,4542863,7.963994948598039
1995488,506808,4036434,4543242,7.964424397404934
1995593,506808,4036690,4543498,7.964929519660306
1996112,506808,4037175,4543983,7.965886489558176
1996191,506868,4037346,4544214,7.965280901536495
1996228,506868,4037394,4544262,7.965375600748124
1996297,506879,4037432,4544311,7.965277709275783
1996340,506895,4037481,4544376,7.965122954458024
1996487,506950,4037697,4544647,7.964684880165697
1996495,506951,4037715,4544666,7.964704675599811
1996522,506966,4037745,4544711,7.964528193212168
1996706,506966,4038151,4545117,7.965329035872228
1996739,506982,4038194,4545176,7.965162471251444
1997099,507142,4038731,4545873,7.963708389366292
1997169,507142,4038885,4546027,7.9640120518513555
1997206,507164,4038943,4546107,7.963780946597156
1997214,507164,4038943,4546107,7.963780946597156
1997309,507206,4039122,4546328,7.9634744068484995
1997332,507211,4039181,4546392,7.963512226667008
1997364,507211,4039215,4546426,7.963579259913527
1999128,507337,4042710,4550047,7.968490372277205
1999158,507337,4042751,4550088,7.96857118641061
1999159,507337,4042753,4550090,7.96857512856346
1999175,507337,4042779,4550116,7.968626376550498
1999299,507342,4042909,4550251,7.968804080876411
1999389,507348,4042951,4550299,7.968792623603522
1999590,507469,4043368,4550837,7.967714284025231
1999797,507569,4043808,4551377,7.967011381703768
1999867,507569,4043936,4551505,7.96726356416566
2000013,507601,4044087,4551688,7.96705877253985
2000027,507607,4044102,4551709,7.966994150986886
2000093,507626,4044245,4551871,7.96697765677881
2000128,507634,4044287,4551921,7.966934838879981
2000169,507634,4044364,4551998,7.967086522967334
2000195,507654,4044416,4552070,7.966875076331517
2000358,507663,4045348,4553011,7.968569700766059
2000586,507827,4045907,4553734,7.9670970625823365
2000610,507827,4045937,4553764,7.967156137818588
2000794,507910,4046401,4554311,7.966767734441141
2000847,507922,4046500,4554422,7.966774425994543
2000916,507936,4046581,4554517,7.966714310464311
2000965,507948,4046656,4554604,7.966673754006315
2000974,507951,4046683,4554634,7.9666798569153325
2001190,508097,4047134,4555231,7.965278283477367
2001226,508105,4047201,4555306,7.965284734454492
2001399,508231,4047575,4555806,7.964045876776505
2001420,508231,4047604,4555835,7.9641029374438
2001442,508236,4047618,4555854,7.964052133260926
2001445,508236,4047627,4555863,7.964069841569665
2001479,508236,4047699,4555935,7.964211508039572
2001499,508243,4047782,4556025,7.964265125146829
2001512,508249,4047803,4556052,7.964212423438118
2001620,508373,4048109,4556482,7.962871749679861
2001630,508373,4048125,4556498,7.962903222633774
2001665,508380,4048180,4556560,7.962901766395216
2001691,508382,4048218,4556600,7.962945186887026
2001709,508382,4048228,4556610,7.962964857134989
2001745,508404,4048279,4556683,7.962720592284875
2001763,508404,4048309,4556713,7.962779600475213
2001803,508417,4048336,4556753,7.96262910170195
2001890,508466,4048553,4557019,7.962288530599883
2001956,508517,4048648,4557165,7.961676797432534
2001986,508522,4048660,4557182,7.9616221127109545
2001998,508528,4048681,4557209,7.961569471100903
2002055,508547,4048740,4557287,7.961388032964504
2002450,508731,4049299,4558030,7.9596073366867754
2002496,508737,4049349,4558086,7.959611744378726
2002948,508737,4050181,4558918,7.961247167003776
2003065,508820,4050415,4559235,7.960408395896388
2003077,508820,4050469,4559289,7.960514523800165
2003110,508820,4050536,4559356,7.960646201014111
2003134,508829,4050560,4559389,7.960552562845278
2003203,508860,4050690,4559550,7.960323075109067
2005800,508982,4054773,4563755,7.966436927042607
2005830,508997,4054824,4563821,7.966302355416633
2005921,509012,4054961,4563973,7.966336746481419
2006051,509012,4055347,4564359,7.967095078308566
2006070,509018,4055373,4564391,7.967052245696616
2006108,509033,4055441,4564474,7.966951062111887
2007350,509040,4057455,4566495,7.970797972654409
2007393,509040,4057510,4566550,7.970906019173346
2007524,509115,4057693,4566808,7.970091236753975
2007661,509222,4057965,4567187,7.968950673772932
2007691,509235,4058036,4567271,7.968886663328326
2007788,509235,4058216,4567451,7.969240134711872
2007815,509247,4058245,4567492,7.9691092927400655
2007848,509254,4058300,4567554,7.96910775369462
2007859,509259,4058307,4567566,7.969043256967476
2007877,509266,4058338,4567604,7.968994592217034
2007921,509276,4058367,4567643,7.968895058867883
2008017,509335,4058554,4567889,7.968339108837995
2008080,509335,4058602,4567937,7.968433349367312
2008117,509335,4058703,4568038,7.968631647147752
2008137,509335,4058724,4568059,7.968672877379328
2008205,509375,4058843,4568218,7.968280736196319
2008236,509387,4058913,4568300,7.968230441687754
2008260,509387,4058934,4568321,7.968271667710405
2008262,509389,4058939,4568328,7.9682501977859745
2008297,509405,4058984,4568389,7.96808825983255
2008326,509428,4059055,4568483,7.967867883194485
2008341,509434,4059078,4568512,7.967819187568949
2008392,509434,4059202,4568636,7.968062594958326
2008401,509434,4059228,4568662,7.968113631991582
2008452,509441,4059329,4568770,7.9682024022408875
2008489,509454,4059386,4568840,7.968110958006022
2008519,509454,4059447,4568901,7.968230694037145
2008628,509454,4059645,4569099,7.968619345416858
2009353,509595,4061351,4570946,7.969762262188601
2009390,509623,4061440,4571063,7.969499021825938
2009406,509632,4061466,4571098,7.969409299259073
2009421,509632,4061476,4571108,7.969428921260831
2009423,509632,4061481,4571113,7.96943873226171
2009503,509690,4061627,4571317,7.96881830132041
2009532,509696,4061691,4571387,7.968850059643395
2009544,509702,4061703,4571405,7.968779796822457
2009547,509702,4061712,4571414,7.968797454198728
2009843,509829,4062213,4572042,7.967795084234125
2011380,509829,4065423,4575252,7.974091312969643
2011451,509829,4065550,4575379,7.974340416100301
2011474,509840,4065616,4575456,7.974297818923584
2011506,509849,4065648,4575497,7.974219818024553
2011890,509881,4066490,4576371,7.975370723757112
2011901,509881,4066500,4576381,7.97539033617648
2011908,509883,4066505,4576388,7.975368859130428
2011931,509889,4066566,4576455,7.975394644716792
2012103,509889,4066942,4576831,7.976132060115044
2012138,509909,4067008,4576917,7.975948649661018
2012304,509909,4067324,4577233,7.976568368081364
2012617,509909,4068110,4578019,7.978109819595261
2012635,509920,4068171,4578091,7.978057342328208
2012649,509922,4068183,4578105,7.978049584054032
2012669,509922,4068204,4578126,7.978090766823161
2012687,509922,4068237,4578159,7.9781554826032215
2012731,509938,4068347,4578285,7.978120869595911
2018492,512163,4079502,4591665,7.965241534433374
2018539,512186,4079601,4591787,7.9650771399452545
2018564,512197,4079680,4591877,7.965060318588356
2018579,512197,4080619,4592816,7.9668935975806185
2020298,512198,4097901,4610099,8.00061890128427
2020313,512198,4097925,4610123,8.000665758163835
2020373,512245,4097973,4610218,8.000025378481
2021012,512379,4098363,4610742,7.998694325879867
2021125,512388,4098492,4610880,7.99880559263683
2021130,512390,4098500,4610890,7.998789984191729
2021163,512408,4098572,4610980,7.998649513668795
2021273,512408,4098912,4611320,7.999313047415341
2021294,512408,4098955,4611363,7.9993969649185805
2021406,512488,4099291,4611779,7.998803874432181
2021478,512488,4099494,4611982,7.9991999812678545
2021673,512488,4099781,4612269,7.999759994380356
2022070,512548,4099950,4612498,7.99915325003707
2022255,512557,4101015,4613572,8.00109061041016
2022283,512572,4101041,4613613,8.000907189624092
2022306,512578,4101085,4613663,8.000899375314587
2022412,512610,4101290,4613900,8.00079982832953
2022481,512647,4101436,4614083,8.00050717160151
2022495,512652,4101451,4614103,8.000458400630448
2022535,512668,4101600,4614268,8.000499348506246
2022567,512689,4101679,4614368,8.000325733534364
2022707,512689,4101875,4614564,8.000708031574698
2022732,512689,4101917,4614606,8.00078995258334
2022756,512697,4101948,4614645,8.00072557475468
2022810,512708,4101986,4614694,8.000628037791492
2022849,512708,4102102,4614810,8.000854287430663
2022881,512708,4102151,4614859,8.000949858398933
2022910,512723,4102196,4614919,8.000803552795563
2022936,512731,4102235,4614966,8.000754781747155
2022975,512731,4102270,4615001,8.00082304366227
2023203,512731,4102744,4615475,8.001747505027003
2023287,512759,4102815,4615574,8.001449023810405
2023697,512895,4103361,4616256,8.00039189307753
2024034,512912,4103753,4616665,8.000890991047196
2024112,512967,4103907,4616874,8.000333354777208
2024126,512967,4103933,4616900,8.000384040298888
2024608,512967,4105088,4618055,8.002635647127398
2024711,512992,4105369,4618361,8.00279341588173
2024731,513008,4105400,4618408,8.002604247886973
2025072,513145,4106317,4619462,8.002254723323817
2025634,513316,4107131,4620447,8.001174714990377
2025875,513466,4107557,4621023,7.999666969185886
2025914,513474,4107601,4621075,7.999628024009005
2026149,513502,4108108,4621610,8.000179161911735
2026156,513505,4108121,4621626,8.00015773945726
2026267,513505,4108299,4621804,8.00050437678309
2026289,513507,4108306,4621813,8.000486848280548
2026476,513586,4108574,4622160,7.99977803133263
2026493,513601,4108629,4622230,7.99965148042936
2026585,513643,4108737,4622380,7.999207620857288
2026598,513643,4108737,4622380,7.999207620857288
2026634,513664,4108803,4622467,7.999009079865437
2026678,513692,4108896,4622588,7.9987541172531404
2026680,513692,4108896,4622588,7.9987541172531404
2026713,513695,4108914,4622609,7.9987424444466075
2026732,513695,4108961,4622656,7.998833938426499
2026788,513710,4109035,4622745,7.998744427789998
2026897,513710,4109239,4622949,7.999141539000603
2026943,513721,4109299,4623020,7.999087053089128
2026944,513721,4109301,4623022,7.999090946252927
2026981,513726,4109364,4623090,7.999135726048516
2026990,513728,4109380,4623108,7.99913572941323
2027250,513728,4109698,4623426,7.999754734022673
2027260,513728,4109710,4623438,7.999778092687181
2027315,513734,4109746,4623480,7.999754736887183
2027339,513745,4109766,4623511,7.999622380753097
2027348,513753,4109782,4623535,7.9995289565219085
2027455,513774,4109902,4623676,7.999435549482847
2027543,513797,4109995,4623792,7.999258461999584
2027616,513824,4110103,4623927,7.999048312262564
2027705,513873,4110347,4624220,7.998760394105158
2028245,513880,4111681,4625561,8.001247372927532
2028294,513890,4111753,4625643,8.001231781120474
2028362,513896,4111844,4625740,8.001315441256597
2028377,513900,4111880,4625780,8.001323214633198
2028395,513905,4111904,4625809,8.001292067600042
2029018,514198,4112920,4627118,7.998708668645152
2029019,514198,4112922,4627120,7.998712558197426
2029029,514201,4112943,4627144,7.998706731414369
2029113,514216,4113064,4627280,7.998708713847877
2029166,514221,4113085,4627306,7.998671777309756
2029319,514221,4113239,4627460,7.998971259439035
2029514,514221,4113491,4627712,7.9994613211051275
2029530,514229,4113536,4627765,7.999424380966457
2031236,514229,4116993,4631222,8.006147066773753
2031351,514258,4117080,4631338,8.005864760489871
2031481,514258,4117466,4631724,8.00661535649421
2031500,514258,4117481,4631739,8.006644524732721
2031535,514266,4117504,4631770,8.006564696091129
2031568,514271,4117520,4631791,8.006517964263978
2031575,514272,4117524,4631796,8.00651017360463
2031585,514280,4117532,4631812,8.006401182235358
2031604,514302,4117594,4631896,8.006179248768234
2031674,514324,4117668,4631992,8.005980665883762
2031719,514335,4117727,4632062,8.00592415449075
2031891,514335,4118103,4632438,8.006655195543761
2031920,514335,4118139,4632474,8.00672518883607
2032094,514385,4118255,4632640,8.006172419491238
2032131,514394,4118281,4632675,8.00608288588125
2032168,514402,4118380,4632782,8.006150831450888
2032215,514436,4118514,4632950,8.005882169988103
2032471,514499,4118769,4633268,8.00539748376576
2032499,514502,4118782,4633284,8.00537607239622
2032550,514513,4118860,4633373,8.005356521603925
2032560,514513,4118870,4633383,8.005375957458801
2032594,514529,4118942,4633471,8.005266952883122
2032624,514550,4118998,4633548,8.005049072004665
2032671,514572,4119072,4633644,8.004850633147548
2032691,514587,4119106,4633693,8.004683367438354
2032738,514587,4119200,4633787,8.00486603820151
2032756,514587,4119217,4633804,8.004899074403356
2032852,514587,4119317,4633904,8.005093405002459
2032868,514598,4119367,4633965,8.005019452077155
2032891,514609,4119394,4634003,8.00490080818641
2032984,514616,4119444,4634060,8.004889082344894
2033000,514625,4119464,4634089,8.004787952392519
2033043,514646,4119557,4634203,8.004642025780829
2033068,514658,4119598,4634256,8.004535050460694
2033094,514658,4119650,4634308,8.00463608843154
2033117,514658,4119695,4634353,8.00472352513708
2033192,514676,4119791,4634467,8.004630097381654
2033217,514682,4119827,4634509,8.004606728037896
2033299,514682,4119827,4634509,8.004606728037896
2033366,514682,4119949,4634631,8.00484376760796
2033485,514739,4120052,4634791,8.00415744678371
2033501,514739,4120078,4634817,8.0042079578194
2033545,514752,4120190,4634942,8.004223393012557
2033548,514752,4120199,4634951,8.004240877160264
2033566,514760,4120252,4635012,8.004219442070092
2033675,514804,4120381,4635185,8.00378590686941
2033726,514821,4120483,4635304,8.003719739482266
2033863,514932,4120713,4635645,8.002441099018899
2033887,514936,4120726,4635662,8.00240418226731
2035056,514936,4123252,4638188,8.0073096462473
2035144,514988,4123363,4638351,8.0067166613591
2035209,515003,4123445,4638448,8.00664267975138
2035750,515003,4123918,4638921,8.007561121003178
2035873,515090,4124155,4639245,8.006668737502183
2036075,515090,4124249,4639339,8.006851229882157
2036117,515090,4124311,4639401,8.006971597196607
2036136,515095,4124318,4639413,8.00690746367175
2036162,515095,4124357,4639452,8.006983177860395
2036195,515108,4124388,4639496,8.006841283769617
2036232,515121,4124406,4639527,8.006674160051716
2036404,515130,4125398,4640528,8.00846000038825
2036416,515135,4125414,4640549,8.008413328544945
2036432,515147,4125456,4640603,8.008308308113994
2036494,515173,4125593,4640766,8.008170071024685
2036742,515267,4125841,4641108,8.007190446894523
2036818,515297,4125895,4641192,8.006829071389898
2036840,515307,4125949,4641256,8.006778483505949
2036871,515329,4125987,4641316,8.006510404033152
2037161,515546,4126607,4642153,8.004342968425707
2037213,515571,4126743,4642314,8.004218623623128
2037228,515585,4126772,4642357,8.004057526886934
2037231,515585,4126781,4642366,8.004074982786543
2037237,515589,4126783,4642372,8.004016765291734
2037276,515592,4126814,4642406,8.004030318546448
2037296,515592,4126838,4642430,8.004076866980093
2037324,515607,4126887,4642494,8.003939046599445
2037601,515703,4127169,4642872,8.002995910436821
2037671,515756,4127275,4643031,8.002379031945338
2038304,516110,4128918,4645028,8.000073627715022
2039007,516116,4129753,4645869,8.001598477861567
2039055,516126,4129824,4645950,8.00158100928843
2039060,516126,4129824,4645950,8.00158100928843
2039085,516141,4129880,4646021,8.001456966216596
2039096,516143,4129915,4646058,8.001493772074793
2039312,516185,4130212,4646397,8.00141809622519
2039333,516185,4130242,4646427,8.001476214922944
2039541,516301,4130748,4647049,8.00065853058584
2039588,516338,4130874,4647212,8.000329241698267
2039607,516338,4130904,4647242,8.000387343174433
2039672,516338,4131032,4647370,8.00063524280607
2039728,516338,4131224,4647562,8.001007092253523
2039760,516364,4131270,4647634,8.00069330937091
2039788,516376,4131301,4647677,8.000567415991448
2039833,516376,4131404,4647780,8.000766883046463
2039937,516400,4131634,4648034,8.00084043377227
2040006,516443,4131731,4648174,8.000362092234768
2040104,516483,4131906,4648389,8.000081319230256
2040174,516508,4132023,4648531,7.999920620784189
2040201,516524,4132067,4648591,7.999757997692266
2040260,516530,4132310,4648840,8.00013551971812
2040333,516530,4132432,4648962,8.00037171122684
2040403,516569,4132578,4649147,8.000050332095034
2040843,516638,4133978,4650616,8.001691706765666
2040916,516661,4134113,4650774,8.001596791706747
2041082,516661,4134402,4651063,8.002156152680385
2041140,516675,4134505,4651180,8.002138675182659
2041360,516764,4134721,4651485,8.00117848766555
2041383,516766,4134732,4651498,8.001168807545389
2042359,516766,4136302,4653068,8.004206933118665
2042384,516771,4136331,4653102,8.004185606390452
2042410,516784,4136402,4653186,8.00412164463296
2042446,516798,4136453,4653251,8.00400349846555
2042488,516805,4136547,4653352,8.004076972939503
2042541,516816,4136634,4653450,8.0040749512399
2043398,517127,4138225,4655352,8.002337916991378
2043418,517135,4138272,4655407,8.00230500739652
2043428,517135,4138301,4655436,8.002361085596604
2043442,517138,4138313,4655451,8.002337867261737
2043487,517157,4138415,4655572,8.002241098931272
2043647,517184,4138674,4655858,8.002324124489544
2043650,517184,4138683,4655867,8.002341526419997
2043653,517187,4138685,4655872,8.002298975032241
2043769,517228,4138835,4656063,8.001954650560295
2044088,517228,4139421,4656649,8.003087613199595
2044171,517277,4139537,4656814,8.00255375746457
2044210,517277,4139585,4656862,8.002646551074182
2044219,517277,4139611,4656888,8.00269681427939
2044234,517288,4139624,4656912,8.002551770000464
2044261,517300,4139681,4656981,8.002476319350473
2045573,517305,4142975,4660280,8.008766588376297
2045705,517325,4143358,4660683,8.00919731310105
2045798,517377,4143482,4660859,8.008632003355387
2045853,517412,4143632,4661044,8.00838016899492
2045904,517420,4143653,4661073,8.008296934791852
2045953,517442,4143743,4661185,8.00813037983001
2046213,517442,4144061,4661503,8.008744941462039
2049030,517707,4149856,4667563,8.01583907499802
2049049,517711,4149866,4667577,8.015796457869351
2049078,517725,4149903,4667628,8.01565116615964
2049092,517729,4149937,4667666,8.015654908262817
2049136,517743,4150009,4667752,8.015577226539035
2049142,517746,4150025,4667771,8.015561684687086
2050077,517746,4151445,4669191,8.018304342283669
2051284,517906,4155805,4673711,8.024245712542431
2051962,517991,4157223,4675214,8.025666469108536
2052058,518016,4157321,4675337,8.025468325302693
2052269,518025,4158570,4676595,8.027739973939482
2052558,518025,4158927,4676952,8.02842912986825
2052581,518032,4158939,4676971,8.028343808876672
2052652,518092,4159165,4677257,8.027850265975927
2052944,518219,4160097,4678316,8.027681347075271
2053122,518307,4160389,4678696,8.026881751548792
2053144,518307,4160455,4678762,8.027009089207748
2053280,518376,4160754,4679130,8.026517431362564
2053318,518382,4160800,4679182,8.026513266278537
2053354,518402,4160838,4679240,8.026276904795893
2054236,518425,4164590,4683015,8.033158123161499
2054292,518436,4164677,4683113,8.03315549074524
2054336,518449,4164768,4683217,8.033129584587877
2054508,518573,4165253,4683826,8.032143979728987
2054574,518591,4165307,4683898,8.031969316860494
2054659,518591,4165448,4684039,8.032241207425505
2054684,518607,4165526,4684133,8.032143800604311
2054694,518607,4165542,4684149,8.032174652482515
2054751,518628,4165616,4684244,8.031992102238984
2054946,518628,4165868,4684496,8.032477999645218
2054968,518637,4166026,4684663,8.032643255301878
2055053,518654,4166119,4684773,8.032559278439962
2055174,518654,4166333,4684987,8.032971884917497
2055190,518654,4166343,4684997,8.032991165594018
2055194,518656,4166346,4685002,8.032965973593287
2055279,518676,4166558,4685234,8.03306495769999
2055319,518677,4166599,4685276,8.033128517362444
2055384,518677,4166720,4685397,8.03336180320315
2055408,518685,4166767,4685452,8.033328513452288
2055739,518685,4167103,4685788,8.033976305464781
2055795,518716,4167372,4686088,8.034014759521588
2055874,518718,4167631,4686349,8.034483091005132
2055913,518722,4167656,4686378,8.034469330392772
2055933,518722,4167677,4686399,8.03450981450565
2055989,518731,4167763,4686494,8.034536204699545
2056187,518731,4168277,4687008,8.0355270843655
2056686,518731,4169389,4688120,8.037670777339315
2056712,518740,4169431,4688171,8.03761229132128
2056737,518756,4169488,4688244,8.037474265357895
2056886,518756,4169858,4688614,8.038187510120364
2056891,518758,4169866,4688624,8.038171941444759
2056933,518772,4169911,4688683,8.038041760156677
2056961,518781,4169942,4688723,8.037962068772758
2056975,518788,4169968,4688756,8.037903729461746
2057079,518806,4170107,4688913,8.037892776876134
2057094,518817,4170130,4688947,8.037766688446986
2057234,518948,4170319,4689267,8.036101883040304
2057250,518948,4170348,4689296,8.036157765325235
2057315,518968,4170436,4689404,8.03601763499869
2057356,518992,4170524,4689516,8.035815580972347
2057400,519004,4170699,4689703,8.035966967499288
2057549,519010,4170950,4689960,8.036357680969537
2058570,519020,4172149,4691169,8.038512966745019
2058583,519027,4172179,4691206,8.038462353596248
2058632,519027,4172240,4691267,8.038579881200786
2058642,519027,4172259,4691286,8.038616488159576
2058652,519027,4172293,4691320,8.03868199534899
2058739,519072,4172485,4691557,8.038354987362062
2058771,519077,4172522,4691599,8.038348838418964
2058794,519096,4172552,4691648,8.038112410806479
2058888,519136,4172688,4691824,8.03775503914196
2058923,519149,4172714,4691863,8.037603847835593
2058972,519170,4172799,4691969,8.037442456228211
2058973,519170,4172801,4691971,8.037446308530924
2058989,519183,4172816,4691999,8.037273947721708
2059095,519215,4172906,4692121,8.036951937058829
2059100,519215,4172906,4692121,8.036951937058829
2059125,519215,4172933,4692148,8.037003938638136
2059127,519215,4172945,4692160,8.037027050451162
2059145,519226,4172954,4692180,8.036874116473365
2059188,519235,4173043,4692278,8.036906217801189
2059284,519278,4173282,4692560,8.036700957868424
2059302,519278,4173335,4692613,8.036803022658383
2059364,519291,4173389,4692680,8.036705816199396
2059393,519292,4173423,4692715,8.036755813684787
2059407,519304,4173449,4692753,8.036620168533268
2059421,519312,4173464,4692776,8.036525248790708
2059566,519406,4173810,4693216,8.035736976469275
2059605,519418,4173872,4693290,8.035670692967898
2059637,519418,4173921,4693339,8.03576502932128
2059646,519418,4173932,4693350,8.035786206869997
2059746,519435,4174178,4693613,8.03599680421997
2059834,519468,4174313,4693781,8.035746186483093
2061298,519468,4176399,4695867,8.039761833260181
2061359,519468,4176520,4695988,8.039994763873809
2061970,519570,4177818,4697388,8.040914602459726
2062059,519638,4178003,4697641,8.040218382797255
2062115,519664,4178043,4697707,8.039893084762461
2062240,519664,4178323,4697987,8.040431894454878
2062289,519680,4178368,4698048,8.04027093596059
2062321,519687,4178443,4698130,8.040306953993461
2062354,519697,4178529,4698226,8.040317723596635
2062572,519697,4179133,4698830,8.041479939272307
2062639,519697,4179206,4698903,8.041620405736419
2062795,519744,4179539,4699283,8.041533909001355
2062836,519748,4179590,4699338,8.041570145532065
2062867,519753,4179651,4699404,8.041610149436368
2062876,519759,4179678,4699437,8.041569265755859
2063151,519774,4179997,4699771,8.04195092482502
2063154,519774,4180006,4699780,8.041968240042788
2063439,519906,4180380,4700286,8.040645809050098
2063479,519930,4180423,4700353,8.040357355797896
2063645,519930,4180838,4700768,8.04115554016887
2063723,519938,4180998,4700936,8.041339544330286
2063732,519940,4181012,4700952,8.041335538716005
2063772,519951,4181079,4701030,8.04129427580676
2063839,520000,4181214,4701214,8.040796153846154
2064039,520052,4181867,4701919,8.041247798297093
2064186,520139,4182345,4702484,8.040821780331797
2064279,520183,4182477,4702660,8.040395399311397
2064331,520202,4182549,4702751,8.040240137485053
2064343,520207,4182581,4702788,8.040224372221058
2064345,520209,4182584,4702793,8.04019922761813
2064503,520297,4182859,4703156,8.039367899488177
2064518,520297,4182887,4703184,8.03942171490514
2064539,520308,4182952,4703260,8.03937667689138
2064554,520316,4182975,4703291,8.039297273195519
2064689,520353,4183058,4703411,8.038885141432836
2064717,520360,4183086,4703446,8.038830809439618
2064762,520386,4183163,4703549,8.0385771331281
2064791,520389,4183187,4703576,8.038576910734086
2064796,520390,4183193,4703583,8.038572993331924
2064894,520404,4183443,4703847,8.038837134226485
2064945,520404,4183469,4703873,8.03888709541049
2065016,520404,4183579,4703983,8.039098469650503
2065293,520483,4184125,4704608,8.038927304061804
2065475,520518,4184272,4704790,8.038669171863413
2065516,520524,4184344,4704868,8.03871483351392
2065542,520536,4184364,4704900,8.038567937664254
2065567,520536,4184407,4704943,8.038650544823028
2065640,520539,4184428,4704967,8.038644558813077
2065702,520563,4184472,4705035,8.03835846958005
2065805,520563,4184827,4705390,8.039040423541435
2067050,520563,4186847,4707410,8.042920837631565
2067089,520586,4186905,4707491,8.042676906409316
2067113,520586,4186956,4707542,8.042774872931657
2067128,520589,4186976,4707565,8.04276694282822
2067173,520603,4187079,4707682,8.042748505098896
2067336,520603,4187432,4708035,8.04342656496409
2067353,520611,4187446,4708057,8.043329856649207
2067697,520854,4188215,4709069,8.041053730987954
2067922,520854,4188794,4709648,8.042165366878242
2067949,520859,4188823,4709682,8.04214384315141
2068206,520868,4189146,4710014,8.042625002879808
2068244,520868,4189206,4710074,8.042740195212607
2068393,520868,4189625,4710493,8.043544621669982
2068823,520911,4189967,4710878,8.043537187734564
2068843,520917,4189990,4710907,8.0434886939762
2069050,520982,4190167,4711149,8.042824896061669
2069079,520998,4190209,4711207,8.042658513084504
2069086,521001,4190227,4711228,8.042646751157868
2069108,521007,4190274,4711281,8.042644340671046
2069152,521045,4190347,4711392,8.042197890777189
2069183,521061,4190394,4711455,8.042041142975583
2069465,521061,4190670,4711731,8.042570831438162
2069625,521101,4190835,4711936,8.042270116541706
2069867,521222,4191155,4712377,8.041017071420622
2069872,521224,4191163,4712387,8.041001565545715
2069873,521224,4191165,4712389,8.041005402667567
2069895,521231,4191185,4712416,8.040935784709658
2069978,521300,4191410,4712710,8.040303088432765
2070015,521308,4191470,4712778,8.040294796933866
2070145,521309,4191855,4713164,8.041017899173044
2070232,521318,4191976,4713294,8.04111118357701
2070263,521328,4192017,4713345,8.0410355860418
2070350,521357,4192143,4713500,8.040829987896968
2070478,521366,4192399,4713765,8.041182202138229
2070566,521388,4192586,4713974,8.041201561984549
2070826,521388,4193307,4714695,8.042584409307464
2070926,521388,4193648,4715036,8.043238432798606
2070937,521396,4193683,4715079,8.043182149460295
2071639,521415,4195335,4716750,8.046057363136848
2071665,521421,4195368,4716789,8.046028065613008
2071794,521421,4195751,4717172,8.046762596826749
2071809,521421,4195763,4717184,8.046785610859555
2071862,521438,4195831,4717269,8.046653676947212
2071889,521438,4195844,4717282,8.046678608003253
2071947,521438,4195941,4717379,8.04686463203679
2071959,521444,4195959,4717403,8.046806560244244
2072011,521480,4196045,4717525,8.046415969931733
2072022,521482,4196068,4717550,8.046429215198224
2072063,521493,4196126,4717619,8.04637070871517
2072283,521493,4196835,4718328,8.04773026675334
2072285,521493,4196840,4718333,8.047739854609745
2072364,521524,4196936,4718460,8.047445563387303
2072397,521524,4196936,4718460,8.047445563387303
2072408,521524,4196946,4718470,8.047464737960286
2072421,521524,4196960,4718484,8.047491582362461
2072429,521524,4196980,4718504,8.047529931508425
2072453,521524,4196995,4718519,8.047558693367899
2072493,521547,4197056,4718603,8.04732075920291
2072497,521547,4197065,4718612,8.047338015557562
2072506,521550,4197078,4718628,8.047316652286455
2072537,521573,4197141,4718714,8.04708257520999
2072755,521573,4197745,4719318,8.04824061061443
2072884,521575,4197927,4719502,8.048558692421992
2072901,521582,4197975,4719557,8.04854270277732
2074099,521582,4200571,4722153,8.053519868400366
2074154,521592,4200626,4722218,8.053470912130555
2074278,521599,4201079,4722678,8.054231315627522
2074374,521599,4201228,4722827,8.054516975684386
2074585,521652,4201570,4723222,8.054354243825385
2074614,521673,4201659,4723332,8.054200619928576
2074622,521673,4201682,4723355,8.054244708850181
2074632,521673,4201698,4723371,8.05427537940434
2074706,521710,4201877,4723587,8.05404726763911
2074716,521714,4201892,4723606,8.054014268353926
2074921,521768,4202354,4724122,8.054066175004984
2074974,521796,4202438,4724234,8.053794969681638
2075156,521935,4202808,4724743,8.05235901022158
2075166,521935,4202824,4724759,8.052389665379788
2075214,521952,4202855,4724807,8.052186791122555
2075258,521952,4202992,4724944,8.052449267365581
2075432,521952,4203283,4725235,8.053006789896388
2075548,521976,4203419,4725395,8.052897068064432
2075561,521979,4203427,4725406,8.052866111471918
2075708,522034,4203597,4725631,8.05234333395909
2075712,522034,4203599,4725633,8.052347165127175
2075829,522064,4203700,4725764,8.0520779061571
2075843,522068,4203733,4725801,8.052079422603953
2075882,522081,4203788,4725869,8.051984270639997
2075914,522084,4203818,4725902,8.05199546433141
2075982,522108,4203909,4726017,8.051799627663241
2076020,522134,4203953,4726087,8.051482952652002
2076237,522218,4204198,4726416,8.050657005311958
2076302,522218,4204341,4726559,8.050930837313153
2076308,522218,4204355,4726573,8.050957646040542
2076381,522260,4204450,4726710,8.050492092061425
2076411,522277,4204514,4726791,8.050352590675063
2076425,522277,4204549,4726826,8.050419604922292
2076486,522339,4204726,4727065,8.049802905775751
2076749,522353,4205304,4727657,8.050693687984944
2076836,522391,4205478,4727869,8.050441144659843
2076848,522398,4205489,4727887,8.050354327543367
2076859,522398,4205507,4727905,8.050388784030567
2076890,522398,4205507,4727905,8.050388784030567
2076958,522405,4205592,4727997,8.050443621328279
2076964,522408,4205603,4728011,8.050418446884427
2077073,522408,4205801,4728209,8.050797460988345
2077094,522411,4205811,4728222,8.050770370455446
2077134,522430,4205872,4728302,8.050594337997435
2077139,522436,4205886,4728322,8.050528677196825
2077451,522609,4206371,4728980,8.048791735312633
2077459,522614,4206375,4728989,8.048722384015736
2077579,522667,4206667,4729334,8.048464892560656
2077780,522735,4206952,4729687,8.047963117066965
2077801,522747,4207009,4729756,8.047887410162087
2077924,522783,4207090,4729873,8.04748815474107
2079747,522783,4210805,4733588,8.054594353680208
2079753,522784,4210820,4733604,8.054607639101427
2079782,522796,4210849,4733645,8.054478228601596
2079838,522847,4210962,4733809,8.053908696043012
2079928,522854,4211090,4733944,8.054045680056001
2080105,522854,4211471,4734325,8.054774372960711
2080346,523010,4211958,4734968,8.05330299611862
2080411,523046,4212080,4735126,8.05298195569797
2080431,523046,4212095,4735141,8.053010633863943
2080793,523286,4212864,4736150,8.050786759057189
2080811,523286,4212907,4736193,8.050868932094495
2080855,523324,4212968,4736292,8.050400898869533
2081144,523324,4213564,4736888,8.051539772683844
2081170,523336,4213603,4736939,8.051429674243698
2081261,523336,4213783,4737119,8.051773621535686
2081291,523345,4213818,4737163,8.051702032120303
2081340,523357,4213877,4737234,8.051630149209814
2081496,523362,4214141,4737503,8.052057657988161
2081580,523371,4214264,4737635,8.052154208009233
2081608,523379,4214293,4737672,8.052086537671553
2081617,523386,4214321,4737707,8.05203234324189
2081629,523392,4214367,4737759,8.052027925531915
2081630,523392,4214369,4737761,8.0520317467596
2081637,523396,4214371,4737767,8.051974031135126
2081827,523396,4214941,4738337,8.053063072702122
2082140,523598,4215611,4739209,8.051235871794773
2082259,523644,4215736,4739380,8.050767315198875
2082428,523644,4216104,4739748,8.05147008272796
2082815,523765,4216558,4740323,8.050476835985604
2082938,523827,4216746,4740573,8.049882881180237
2082959,523830,4216764,4740594,8.049871141400835
2083019,523859,4216831,4740690,8.04955341036424
2083037,523859,4216864,4740723,8.049616404414165
2083087,523887,4216931,4740818,8.049314069637155
2083111,523896,4216969,4740865,8.049248324094858
2083335,523971,4217229,4741200,8.048592383929645
2083517,524012,4217508,4741520,8.048495072631924
2083628,524088,4217790,4741878,8.047866007235426
2083783,524172,4218153,4742325,8.047268835420434
2083823,524189,4218211,4742400,8.047118501151303
2083870,524208,4218360,4742568,8.047111070414797
2083926,524221,4218425,4742646,8.047035506017501
2083972,524246,4218468,4742714,8.046733785284008
2084057,524309,4218604,4742913,8.046026293655077
2084132,524317,4218773,4743090,8.046225851917828
2084287,524317,4219094,4743411,8.046838076964889
2084296,524319,4219109,4743428,8.046835991066507
2084305,524321,4219125,4743446,8.046835812412626
2084375,524330,4219172,4743502,8.046787328590773
2084399,524341,4219221,4743562,8.046711967975039
2084439,524341,4219300,4743641,8.046862633286354
2084448,524346,4219308,4743654,8.046801158013983
2084591,524434,4219599,4744033,8.046005789098341
2084613,524434,4219644,4744078,8.046091595891951
2084657,524446,4219678,4744124,8.045972321268538
2084658,524446,4219680,4744126,8.045976134816549
2084938,524495,4219906,4744401,8.045655344664867
2084975,524498,4220000,4744498,8.045788544474908
2085129,524552,4220142,4744694,8.045230978053654
2085189,524601,4220282,4744883,8.044746388207418
2085223,524609,4220324,4744933,8.044703769855264
2085244,524609,4220356,4744965,8.044764767665061
2085269,524625,4220395,4745020,8.044593757445794
2085351,524628,4220887,4745515,8.04548556310376
2085496,524633,4221157,4745790,8.045923531306647
2085556,524633,4221197,4745830,8.045999775080865
2085917,524884,4222003,4746887,8.043687748150067
2085932,524886,4222016,4746902,8.043681866157604
2086102,524910,4222391,4747301,8.044028500123831
2086144,524924,4222469,4747393,8.043962554579329
2086194,524974,4222545,4747519,8.043341194040085
2086352,525062,4222928,4747990,8.042722573715103
2086450,525074,4223019,4748093,8.042712074869447
2086474,525076,4223067,4748143,8.04277285573898
2086509,525076,4223127,4748203,8.042887124911442
2086538,525076,4223152,4748228,8.042934737066634
2086593,525092,4223272,4748364,8.042918193383255
2086835,525242,4223916,4749158,8.041847377018593
2086865,525246,4224006,4749252,8.041957482779498
2086889,525261,4224069,4749330,8.041847767110065
2086905,525261,4224095,4749356,8.041897266311414
2086919,525261,4224121,4749382,8.041946765512764
2087902,525853,4227672,4753525,8.039646060781244
2087933,525863,4227709,4753572,8.03956353651046
2088103,525863,4227930,4753793,8.039983798061472
2088199,525891,4228164,4754055,8.040000684552503
2088238,525891,4228187,4754078,8.040044419851261
2088251,525901,4228221,4754122,8.039956189472923
2088275,525901,4228276,4754177,8.04006077189433
2088718,525901,4229141,4755042,8.041705568158266
2088734,525901,4229167,4755068,8.041755007121113
2088944,525917,4229349,4755266,8.041856414605347
2089089,525917,4229630,4755547,8.042390719448125
2089200,525917,4229846,4755763,8.042801430644
2089467,526108,4230355,4756463,8.040849027195938
2089481,526120,4230427,4756547,8.04080247852201
2089488,526120,4230427,4756547,8.04080247852201
2089499,526120,4230437,4756557,8.040821485592641
2089620,526120,4230612,4756732,8.041154109328671
2089636,526127,4230640,4756767,8.041100342692923
2091951,526135,4233658,4759793,8.046714246343619
2091956,526139,4233667,4759806,8.04667017651229
2091979,526158,4233692,4759850,8.04642711885023
2091981,526158,4233696,4759854,8.046434721129394
2092002,526164,4233733,4759897,8.046413285591564
2092017,526164,4233733,4759897,8.046413285591564
2092043,526174,4233788,4759962,8.046364890701556
2092097,526179,4233799,4759978,8.046309335796373
2092126,526181,4233835,4760016,8.046347169510112
2092220,526225,4233897,4760122,8.045792199154354
2092231,526225,4233907,4760132,8.04581120243242
2092335,526283,4234064,4760347,8.045222817381523
2092364,526305,4234102,4760407,8.044958721653794
2092391,526305,4234135,4760440,8.04502142293917
2092461,526355,4234271,4760626,8.044515583589023
2096136,526355,4240242,4766597,8.055859638456935
2096399,526355,4240733,4767088,8.056792468961062
2096455,526361,4240767,4767128,8.05676522386727
2096473,526366,4240818,4767184,8.056785582655415
2096530,526391,4240888,4767279,8.056535921016886
2096563,526397,4240936,4767333,8.05653527660682
2096731,526455,4241105,4767560,8.055968696279834
2096982,526581,4241510,4768091,8.054810181149719
2097098,526646,4241865,4768511,8.054490112903165
2097122,526647,4241901,4768548,8.054543175979356
2097982,526943,4243290,4770233,8.052654651451865
2098033,526943,4243406,4770349,8.052874789113813
2098127,526979,4243555,4770534,8.05260740940341
2098147,526979,4243598,4770577,8.052689006582805
2098208,526979,4243681,4770660,8.052846508115124
2098406,526979,4243860,4770839,8.053186180094462
2098495,526997,4243903,4770900,8.052992711533463
2098545,527013,4244026,4771039,8.052981615254273
2098665,527013,4244518,4771531,8.053915178562958
2098725,527038,4244638,4771676,8.053760829389912
2098791,527055,4244776,4771831,8.053762890020966
2098999,527125,4245243,4772368,8.053579321792744
2099093,527125,4245395,4772520,8.053867678444393
2099101,527128,4245415,4772543,8.053859783581975
2099165,527146,4245472,4772618,8.05369290481195
2099183,527146,4245515,4772661,8.053774476141335
2099193,527146,4245531,4772677,8.053804828263896
2099350,527225,4245778,4773003,8.053066527573616
2099376,527235,4245804,4773039,8.052963099945945
2099407,527258,4245870,4773128,8.052736990240073
2099484,527258,4245987,4773245,8.05295889298977
2099526,527282,4246046,4773328,8.052704245546026
2099747,527363,4246504,4773867,8.052335867324784
2099749,527365,4246504,4773869,8.05230532932599
2099991,527365,4247088,4774453,8.053412721739212
2100010,527365,4247135,4774500,8.053501844073839
2100052,527365,4247236,4774601,8.05369336228229
2100066,527367,4247254,4774621,8.053696951079608
2100088,527384,4247284,4774668,8.05349422811462
2100113,527395,4247314,4774709,8.053383137875786
2100180,527445,4247436,4774881,8.052851008161989
2100189,527447,4247452,4774899,8.052850807758883
2100205,527447,4247478,4774925,8.052900101811177
2100268,527462,4247571,4775033,8.05284740891287
2100275,527465,4247577,4775042,8.052812982851943
2100296,527480,4247607,4775087,8.052640858421173
2100309,527484,4247643,4775127,8.052648042405078
2100327,527484,4247663,4775147,8.052685958247075
2100331,527484,4247667,4775151,8.052693541415474
2100454,527513,4247876,4775389,8.052647043769538
2100501,527521,4247967,4775488,8.052697428159258
2100577,527543,4248082,4775625,8.05257960014634
2100680,527543,4248251,4775794,8.052899953179173
2100709,527550,4248279,4775829,8.052846175717942
2100784,527556,4248458,4776014,8.053093889558644
2100809,527564,4248495,4776059,8.053041905816166
2100821,527564,4248530,4776094,8.05310824847791
2100891,527567,4248708,4776275,8.053399852530578
2100901,527567,4248724,4776291,8.05343018043206
2100929,527575,4248764,4776339,8.053383879069326
2100972,527584,4248886,4776470,8.053477740037605
2101089,527623,4249092,4776715,8.053272886132712
2101128,527623,4249208,4776831,8.05349274008146
2101131,527623,4249217,4776840,8.053509797715414
2101204,527638,4249431,4777069,8.053686428953183
2101219,527638,4249454,4777092,8.05373001944515
2103558,527649,4254516,4782165,8.063155620497717
2103585,527659,4254544,4782203,8.063055875101155
2103625,527678,4254625,4782303,8.062919052907265
2103674,527716,4254686,4782402,8.06245404725269
2103703,527733,4254734,4782467,8.062285284414656
2103712,527733,4254738,4782471,8.062292864005094
2103725,527740,4254749,4782489,8.062206768484481
2103794,527745,4254841,4782586,8.06230471155577
2103820,527745,4254870,4782615,8.062359662336924
2103858,527745,4254961,4782706,8.062532094098476
2103884,527764,4254992,4782756,8.062300573741293
2103913,527774,4255035,4782809,8.062229287535953
2104024,527774,4255299,4783073,8.062729501642748
2104047,527774,4255346,4783120,8.062818554911761
2104057,527774,4255375,4783149,8.062873502673494
2104075,527795,4255444,4783239,8.062683428224974
2104191,527888,4255702,4783590,8.06175173521656
2105073,527888,4259477,4787365,8.068902873336768
2105122,527898,4259572,4787470,8.068929982686049
2105145,527924,4259629,4787553,8.06864056189906
2105157,527924,4259652,4787576,8.06868412877611
2105177,527930,4259666,4787596,8.068618945693558
2105181,527930,4259683,4787613,8.068651146932359
2105448,527994,4260159,4788153,8.068574642893669
2105918,527994,4260967,4788961,8.070104963313977
2106068,528031,4261249,4789280,8.070073537349133
2106117,528043,4261296,4789339,8.06997914942533
2106271,528043,4261594,4789637,8.070543497404568
2106317,528054,4261878,4789932,8.07091320205888
2106480,528054,4262098,4790152,8.07132982611627
2107246,528054,4262993,4791047,8.073024728531552
2107262,528057,4263022,4791079,8.073033782337891
2108323,528358,4264430,4792788,8.071099519643878
2108331,528364,4264440,4792804,8.071026792135724
2108398,528382,4264510,4792892,8.070884322327407
2108539,528454,4264720,4793174,8.070182078288743
2108616,528454,4264865,4793319,8.070456463571096
2108727,528515,4265062,4793577,8.069897732325478
2108737,528520,4265079,4793599,8.069853553318701
2108785,528554,4265251,4793805,8.069659864460396
2108797,528556,4265263,4793819,8.06965203308637
2108903,528623,4265572,4794195,8.06921378751965
2108919,528628,4265608,4794236,8.069205566106978
2108968,528640,4265652,4794292,8.069105629539951
2109044,528670,4265767,4794437,8.068865265666673
2109111,528704,4265934,4794638,8.068662238227818
2109738,528927,4267415,4796342,8.068060431779811
2109748,528931,4267424,4796355,8.068016433145344
2109981,528934,4267776,4796710,8.0686361625458
2109982,528934,4267778,4796712,8.068639943735892
2110069,528934,4267943,4796877,8.068951891918463
2110086,528934,4267978,4796912,8.069018062745068
2110110,528942,4268025,4796967,8.068984879249522
2110177,528958,4268191,4797149,8.069054631936751
2110354,529024,4268686,4797710,8.068983637793371
2110365,529026,4268722,4797748,8.069021182323743
2110389,529028,4268726,4797754,8.068998238278503
2110421,529028,4268775,4797803,8.069090860975223
2111365,529028,4270864,4799892,8.07303961227005
2111395,529028,4270925,4799953,8.07315491807617
2111739,529055,4271716,4800771,8.074238028182325
2111865,529070,4272090,4801160,8.074716011113841
2111988,529156,4272340,4801496,8.073876134826024
2112255,529205,4272641,4801846,8.073697338460521
2112291,529224,4272708,4801932,8.073534080087072
2112305,529232,4272737,4801969,8.073466834960849
2112380,529232,4272904,4802136,8.073782386552589
2112405,529232,4272904,4802136,8.073782386552589
2112417,529238,4272937,4802175,8.073753207441642
2112600,529277,4273322,4802599,8.073885696903512
2112617,529277,4273367,4802644,8.073970718546244
2112649,529277,4273427,4802704,8.074084080736553
2112963,529277,4274271,4803548,8.075678708880227
2112993,529293,4274310,4803603,8.075508272355766
2113032,529310,4274371,4803681,8.075364153331696
2113054,529322,4274423,4803745,8.075279319582409
2113118,529336,4274522,4803858,8.075252769507458
2113274,529403,4274738,4804141,8.07463879124221
2113299,529408,4274751,4804159,8.074587085952611
2113420,529419,4274991,4804410,8.074872643407208
2113541,529448,4275318,4804766,8.07504797449419
2113678,529543,4275531,4805074,8.07400154472819
2113749,529573,4275701,4805274,8.073865170618593
2113754,529575,4275708,4805283,8.073847896898457
2113866,529631,4275974,4805605,8.073496453190995
2113971,529643,4276180,4805823,8.073702475063392
2114021,529675,4276266,4805941,8.07337707084533
2114087,529721,4276387,4806108,8.072904415720728
2114127,529742,4276439,4806181,8.072682551128663
2114153,529744,4276477,4806221,8.072723806215832
2114244,529744,4276592,4806336,8.072940892204537
2114290,529761,4276671,4806432,8.072830955846127
2114430,529820,4276932,4806752,8.072424597032954
2114528,529840,4277068,4806908,8.072376566510645
2114594,529886,4277173,4807059,8.071873950245902
2114602,529886,4277173,4807059,8.071873950245902
2114630,529896,4277216,4807112,8.071802768845208
2114670,529896,4277216,4807112,8.071802768845208
2114789,529896,4277486,4807382,8.072312302791492
2114886,529928,4277595,4807523,8.072030539997886
2114940,529949,4277682,4807631,8.071874840786567
2115190,530129,4278175,4808304,8.070064078743098
2115206,530129,4278201,4808330,8.070113123409586
2115256,530138,4278269,4808407,8.07010438791409
2115286,530159,4278298,4808457,8.069839425530832
2115307,530170,4278346,4808516,8.069762529000132
2115603,530170,4278916,4809086,8.070837655846239
2115617,530178,4278989,4809167,8.07085356238848
2115710,530244,4279193,4809437,8.07023370372885
2115781,530244,4279389,4809633,8.07060334487519
2115823,530269,4279441,4809710,8.07032091259342
2115831,530274,4279458,4809732,8.070276875728396
2115958,530376,4279704,4810080,8.069188651070185
2116246,530376,4280271,4810647,8.070257703968505
2116281,530393,4280319,4810712,8.070089537380772
2116544,530473,4280626,4811099,8.06945122560432
2116587,530479,4280688,4811167,8.069476831316603
2116661,530520,4280939,4811459,8.069326321345095
2116700,530526,4281047,4811573,8.069438632602361
2117620,530984,4282639,4813623,8.065476549199223
2117776,530984,4282901,4813885,8.065969972729874
2118168,530984,4283634,4814618,8.067350428638152
2118198,530995,4283689,4814684,8.067286885940545
2118201,530995,4283694,4814689,8.067296302225069
2118269,531033,4283830,4814863,8.066975122073393
2118499,531040,4284045,4815085,8.06727365170232
2118626,531045,4284431,4815476,8.06792456383169
2118645,531052,4284452,4815504,8.067857761575137
2118855,531082,4284883,4815965,8.068213571538859
2118859,531082,4284892,4815974,8.068230518074422
2119007,531133,4285021,4816154,8.067698674343339
2119020,531135,4285071,4816206,8.067762433279675
2119039,531138,4285082,4816220,8.067737574792238
2119048,531143,4285095,4816238,8.06768610336576
2119072,531143,4285120,4816263,8.0677331716694
2127903,531153,4311601,4842754,8.117436972021244
2128019,531196,4311780,4842976,8.11711684575938
2128281,531357,4312318,4843675,8.115669879196096
2128405,531435,4312516,4843951,8.114851298841815
2128438,531444,4312579,4844023,8.114832418843754
2128451,531446,4312585,4844031,8.114813170105712
2128592,531520,4312819,4844339,8.11412364539434
2128619,531530,4312865,4844395,8.114057532030177
2128637,531530,4312892,4844422,8.11410832878671
2128741,531544,4313209,4844753,8.114490992279096
2128886,531607,4313587,4845194,8.11424040691714
2128941,531607,4313671,4845278,8.114398418380496
2128969,531623,4313704,4845327,8.114216277324344
2129274,531700,4313974,4845674,8.113548993793492
2129367,531700,4314117,4845817,8.11381794244875
2129370,531700,4314126,4845826,8.113834869287192
2129542,531795,4314546,4846341,8.113175189687755
2129546,531797,4314555,4846352,8.113161601137277
2129568,531801,4314568,4846369,8.11312502232978
2129715,531864,4314704,4846568,8.112419716318458
2129756,531879,4314741,4846620,8.112260495338225
2129771,531879,4314769,4846648,8.112313138890613
2129806,531879,4314803,4846682,8.112377063204224
2129832,531890,4314833,4846723,8.11226569403448
2129910,531949,4314945,4846894,8.111576485715736
2129924,531958,4314957,4846915,8.11146180713515
2129980,531968,4315052,4847020,8.111487909047161
2130080,532013,4315253,4847266,8.111179614031988
2131800,532058,4332491,4864549,8.142892316251237
2131817,532065,4332510,4864575,8.142820895943165
2131833,532070,4332526,4864596,8.142774446971263
2131849,532080,4332568,4864648,8.14270034581266
2132512,532093,4334436,4866529,8.14601206931871
2132580,532113,4334522,4866635,8.14586751310342
2132614,532120,4334578,4866698,8.145865594226866
2132656,532128,4334677,4866805,8.145929174935354
2132673,532133,4334690,4866823,8.145877064568444
2132704,532133,4334752,4866885,8.14599357679377
2132748,532142,4334819,4866961,8.145981711648394
2132782,532152,4334858,4867010,8.145901922758911
2132787,532152,4334869,4867021,8.145922593544702
2132815,532169,4334898,4867067,8.145716868137754
2132840,532169,4334941,4867110,8.145797669537309
2132948,532169,4335498,4867667,8.146844329526898
2133472,532169,4336762,4868931,8.149219514853364
2133490,532169,4336772,4868941,8.149238305876517
2133613,532240,4336973,4869213,8.148528859161281
2133632,532250,4336991,4869241,8.148409581963364
2133706,532259,4337121,4869380,8.148516042002107
2133742,532277,4337166,4869443,8.148325026255126
2133769,532295,4337198,4869493,8.148109600879211
2133807,532302,4337399,4869701,8.148380054931224
2134037,532377,4337976,4870353,8.148315949036116
2134070,532382,4338005,4870387,8.14829389423384
2134108,532393,4338066,4870459,8.148240115854266
2134405,532531,4338491,4871022,8.146926657790814
2134440,532539,4338539,4871078,8.146894405855722
2134475,532539,4338591,4871130,8.146992051286384
2134544,532546,4338742,4871288,8.14716850750921
2134571,532548,4338816,4871364,8.147276865183983
2134661,532588,4338887,4871475,8.146798275590138
2134687,532596,4338929,4871525,8.146754763460484
2134785,532596,4339285,4871881,8.147423187556797
2134794,532600,4339304,4871904,8.147397671798723
2134816,532600,4339328,4871928,8.147442733758918
2134881,532600,4339518,4872118,8.14779947427713
2134927,532624,4339576,4872200,8.147541229835682
2135028,532624,4339755,4872379,8.147877301811409
2135116,532674,4339973,4872647,8.147521748761907
2135941,532674,4341521,4874195,8.150427841418955
2136123,532716,4341839,4874555,8.150382192387688
2136271,532760,4341972,4874732,8.14995870560853
2136338,532765,4342023,4874788,8.149977945247905
2136599,532881,4342458,4875339,8.14902013770429
2136626,532900,4342489,4875389,8.14878776505911
2136634,532907,4342492,4875399,8.148686356155952
2137166,532913,4343174,4876087,8.149874369737649
2137199,532930,4343233,4876163,8.149725104610361
2137270,532952,4343301,4876253,8.149516279139585
2137313,532988,4343352,4876340,8.149061517332473
2137366,532988,4343378,4876366,8.149110298918549
2137385,532988,4343400,4876388,8.14915157564523
2137488,533066,4343595,4876661,8.148324972892663
2137509,533068,4343618,4876686,8.148337547930096
2137543,533074,4343641,4876715,8.148288980516776
2137579,533090,4343734,4876824,8.148218874861655
2137709,533090,4344120,4877210,8.14894295522332
2137973,533232,4344648,4877880,8.147763074984248
2138028,533247,4344761,4878008,8.147745791349974
2138063,533259,4344823,4878082,8.147678707719889
2138107,533288,4344905,4878193,8.147389403099263
2138116,533299,4344936,4878235,8.147279481116597
2138446,533402,4345105,4878507,8.146023074529154
2138490,533446,4345178,4878624,8.145488015656692
2138656,533446,4345536,4878982,8.146159123885079
2138677,533452,4345591,4879043,8.146170602041046
2138687,533461,4345614,4879075,8.146076282989759
2138718,533477,4345655,4879132,8.145908820811394
2138776,533499,4345706,4879205,8.145668501721653
2138789,533499,4345721,4879220,8.145696617988037
2138871,533538,4345829,4879367,8.145303614737845
2138916,533546,4346049,4879595,8.145593819464489
2138937,533565,4346077,4879642,8.145356235885037
2139009,533632,4346287,4879919,8.144727077836412
2139030,533636,4346339,4879975,8.144763471729794
2139051,533642,4346396,4880038,8.14477870932198
2139057,533650,4346402,4880052,8.144667853462007
2139098,533676,4346463,4880139,8.144385357407865
2139201,533720,4346754,4880474,8.144259162107472
2139355,533802,4346953,4880755,8.143380879052533
2139357,533802,4346955,4880757,8.143384625760113
2139423,533819,4347071,4880890,8.143342593650656
2139436,533821,4347121,4880942,8.143405748368835
2139566,533821,4347507,4881328,8.14412883719449
2139820,533821,4348144,4881965,8.145322121085533
2139917,533859,4348289,4882148,8.145013945629838
2139926,533861,4348309,4882170,8.145020894952056
2139987,533899,4348402,4882301,8.144615367326029
2140055,533931,4348502,4882433,8.144314527532584
2140089,533931,4348566,4882497,8.144434393208112
2140196,533949,4348614,4882563,8.14424973171595
2140318,534091,4348888,4882979,8.142597422536609
2140339,534096,4348907,4883003,8.142556768820587
2140403,534107,4348964,4883071,8.14249579204167
2140411,534108,4348967,4883075,8.142486163847012
2140445,534108,4349007,4883115,8.142561055067514
2140509,534131,4349110,4883241,8.14240326811213
2140710,534131,4349455,4883586,8.143049177074538
2140713,534131,4349462,4883593,8.143062282473775
2140750,534134,4349488,4883622,8.14306522333347
2140811,534169,4349574,4883743,8.14269266842516
2140841,534171,4349611,4883782,8.142731447420395
2140844,534172,4349626,4883798,8.142744284612448
2140866,534183,4349652,4883835,8.14262528010064
2140904,534195,4349682,4883877,8.142498525819223
2140921,534198,4349748,4883946,8.14257634809565
2140975,534198,4349748,4883946,8.14257634809565
2141031,534198,4349863,4884061,8.142791624079461
2141344,534198,4350325,4884523,8.14365647194486
2141398,534209,4350355,4884564,8.143544942148111
2141422,534209,4350417,4884626,8.14366100159301
2141446,534209,4350470,4884679,8.143760213699133
2141499,534214,4350532,4884746,8.143800050167162
2141525,534215,4350574,4884789,8.143863425774267
2141553,534222,4350602,4884824,8.143809128040402
2141561,534222,4350617,4884839,8.143837206255078
2141579,534222,4350617,4884839,8.143837206255078
2141609,534222,4350664,4884886,8.14392518466106
2141748,534338,4350827,4885165,8.142462261714495
2141836,534371,4351185,4885556,8.142629371728631
2141868,534393,4351225,4885618,8.142369005582035
2141925,534455,4351324,4885779,8.141609677147748
2142113,534463,4351861,4886324,8.14249255795069
2142132,534466,4351865,4886331,8.14245433760052
2142195,534495,4351958,4886453,8.142186549920954
2142273,534545,4352148,4886693,8.141780392670402
2142344,534545,4352320,4886865,8.142102161651499
2142361,534545,4352324,4886869,8.14210964465106
2142362,534545,4352326,4886871,8.142113386150838
2142393,534551,4352367,4886918,8.142098695914889
2142405,534561,4352386,4886947,8.141981925355573
2142451,534561,4352529,4887090,8.14224943458277
2142532,534570,4352652,4887222,8.14234244345923
2142544,534573,4352668,4887241,8.142326679424512
2142624,534587,4352821,4887408,8.14239964683017
2142732,534595,4353065,4887660,8.142734219362321
2142734,534597,4353065,4887662,8.142703756287446
2143019,534646,4353352,4887998,8.142494285938733
2143068,534660,4353424,4888084,8.14241574084465
2143085,534666,4353442,4888108,8.142358032865378
2143193,534688,4353564,4888252,8.142251181997725
2143238,534708,4353640,4888348,8.142088766205106
2143519,534708,4354313,4889021,8.143347397084016
2143539,534730,4354353,4889083,8.143087165485385
2143683,534730,4354528,4889258,8.143414433452396
2143700,534740,4354567,4889307,8.14333507872985
2143744,534766,4354647,4889413,8.14308875283769
2143760,534766,4354673,4889439,8.143137372233836
2143898,534784,4354987,4889771,8.143450439803734
2143907,534787,4355009,4889796,8.143445895281673
2143923,534787,4355034,4889821,8.14349264286529
2143982,534834,4355098,4889932,8.142896674482175
2144073,534834,4355367,4890201,8.143399634279048
2144117,534854,4355435,4890289,8.14322226252398
2144262,534854,4355716,4890570,8.143747639542754
2144381,534854,4356019,4890873,8.14431414928186
2144392,534854,4356029,4890883,8.14433284597292
2144411,534859,4356049,4890908,8.14429410367966
2144447,534894,4356131,4891025,8.143914495208396
2144592,534894,4356412,4891306,8.144439832938863
2144777,534894,4356734,4891628,8.145041821370215
2144965,534985,4357178,4892163,8.144486294008244
2145757,534985,4359111,4894096,8.148099479424657
2145784,535003,4359176,4894179,8.147946833942987
2145794,535003,4359192,4894195,8.147976740317343
2145906,535013,4359297,4894310,8.148020702300691
2145944,535020,4359353,4894373,8.148018765653621
2145980,535033,4359414,4894447,8.147934800283346
2146022,535033,4359478,4894511,8.148054419073215
2146034,535035,4359486,4894521,8.148038913342118
2146087,535048,4359543,4894591,8.147947473871502
2146105,535051,4359567,4894618,8.147946644338576
2146163,535066,4359654,4894720,8.147880822178946
2146425,535157,4360355,4895512,8.147805223513847
2146466,535174,4360423,4895597,8.147673466947198
2146546,535174,4360517,4895691,8.147849110756502
2146899,535366,4361183,4896549,8.1461710306594
2146919,535375,4361221,4896596,8.146105066542143
2146981,535405,4361308,4896713,8.145811114950364
2147030,535420,4361402,4896822,8.145758469986179
2147038,535423,4361416,4896839,8.145738976472808
2147303,535565,4361656,4897221,8.144027335617526
2147575,535646,4362138,4897784,8.14369564973882
2147798,535646,4362616,4898262,8.144588030154244
2147885,535646,4362746,4898392,8.144830727756764
2148302,535646,4363709,4899355,8.146628556920055
2148321,535661,4363728,4899389,8.14643589882407
2148429,535661,4364065,4899726,8.147065028068125
2148464,535674,4364131,4899805,8.146990520353798
2148491,535685,4364161,4899846,8.146879229397873
2148649,535727,4364396,4900123,8.146679185480664
2148673,535740,4364424,4900164,8.146533766379214
2148715,535747,4364448,4900195,8.146472122102411
2148721,535748,4364473,4900221,8.146503580041363
2148745,535748,4364534,4900282,8.14661743954247
2148749,535748,4364544,4900292,8.146636105034457
2148822,535748,4364666,4900414,8.146863824036673
2148893,535766,4364779,4900545,8.146801028807353
2148901,535775,4364804,4900579,8.146710839438198
2148911,535775,4364830,4900605,8.14675936727171
2148921,535780,4364845,4900625,8.146711336742692
2149293,535780,4365563,4901343,8.14805143902348
2149314,535780,4365593,4901373,8.148107432154989
2149328,535780,4365647,4901427,8.148208219791705
2149611,535789,4367392,4903181,8.151328228089788
2149624,535797,4367405,4903202,8.151230783300392
2149651,535797,4367459,4903256,8.151331567739275
2149738,535797,4367596,4903393,8.151587261593477
2150024,535913,4368074,4903987,8.150714761537786
2150059,535924,4368119,4904043,8.1506314328151
2187361,535924,4478644,5014568,8.356864032959898
2187487,535961,4478890,5014851,8.356746106526408
2187787,536044,4479756,5015800,8.357067703397483
2187908,536044,4479952,5015996,8.357433345023916
2188006,536044,4480242,5016286,8.357974345389557
2189338,536541,4483542,5020083,8.356382830016718
2189359,536541,4483617,5020158,8.35652261430161
2189380,536541,4483649,5020190,8.356582255596496
2189627,536671,4484188,5020859,8.355562346390991
2189629,536671,4484193,5020864,8.35557166308595
2189697,536688,4484306,5020994,8.355517544644188
2190131,536688,4485072,5021760,8.356944817100437
2190155,536703,4485099,5021802,8.356761560863271
2190189,536718,4485133,5021851,8.356591357100005
2190245,536733,4485262,5021995,8.35659815960636
2190248,536734,4485265,5021999,8.356588179619699
2190288,536738,4485342,5022080,8.356669361960584
2190319,536747,4485456,5022203,8.356741630600636
2190337,536756,4485520,5022276,8.356720744621391
2190888,536998,4486649,5023647,8.355057188294928
2191382,536998,4487730,5024728,8.357070231174045
2191491,537023,4487905,5024928,8.357007055563729
2192188,537023,4489800,5026823,8.360535768486638
2192236,537042,4489867,5026909,8.360364738698276
2192346,537094,4489960,5027054,8.359728464663542
2192393,537105,4490051,5027156,8.359726682864617
2192417,537110,4490108,5027218,8.359754985012382
2192442,537110,4490135,5027245,8.359805254044796
2192795,537131,4490944,5028075,8.360984564286925
2192940,537191,4491160,5028351,8.360452799842141
2193339,537497,4492108,5029605,8.35745687882909
2193351,537497,4492141,5029638,8.357518274520602
2194131,537497,4493602,5031099,8.360236429226582
2194166,537509,4493679,5031188,8.360193038628191
2194203,537532,4493742,5031274,8.359952523756725
2194212,537538,4493767,5031305,8.359905718293405
2194634,537538,4494480,5032018,8.361232136146654
2194684,537547,4494554,5032101,8.361229808742305
2194788,537556,4494794,5032350,8.361536286452017
2194807,537565,4494844,5032409,8.361489308269698
2194849,537579,4494907,5032486,8.361388744724032
2195129,537671,4495298,5032969,8.360685251761765
2195155,537671,4495315,5032986,8.360716869609854
2195183,537680,4495335,5033015,8.36061411992263
2195593,537680,4496190,5033870,8.362204285076626
2195690,537730,4496370,5034100,8.361761478809068
2195702,537739,4496388,5034127,8.361655003635592
2195771,537761,4496451,5034212,8.36143007767391
2195783,537765,4496462,5034227,8.361388338772512
2195878,537811,4496655,5034466,8.361032035417647
2196092,537943,4496971,5034914,8.359567835253921
2196128,537955,4497033,5034988,8.359496612170163
2196144,537961,4497045,5035006,8.359425683274438
2196176,537965,4497062,5035027,8.359395127935832
2196381,538043,4497277,5035320,8.358582864194869
2196511,538043,4497663,5035706,8.359300278973985
2196553,538055,4497723,5035778,8.359225358002435
2196624,538086,4497871,5035957,8.359018818553167
2196659,538113,4497962,5036075,8.358768511446481
2196799,538113,4498259,5036372,8.359320440130604
2196823,538118,4498284,5036402,8.359289226526524
2198115,538200,4501202,5039402,8.363437383872167
2198125,538200,4501207,5039407,8.363446674098848
2198223,538252,4501425,5039677,8.36304370443584
2198426,538348,4502143,5040491,8.362886088552386
2198631,538377,4502349,5040726,8.36281824817925
2198647,538377,4502364,5040741,8.362846109696365
2198685,538393,4502445,5040838,8.362748029784933
2198745,538422,4502540,5040962,8.362474044522697
2198946,538432,4503550,5041982,8.364194550101034
2199026,538432,4503672,5042104,8.364421133959349
2199062,538465,4503808,5042273,8.364161087535866
2199144,538495,4503882,5042377,8.363832533264004
2199218,538511,4504226,5042737,8.364222829245827
2199273,538541,4504313,5042854,8.363918438893231
2199434,538541,4504677,5043218,8.364594339149665
2199561,538563,4504928,5043491,8.364718705146844
2199802,538567,4505346,5043913,8.36543271310719
2199807,538572,4505351,5043923,8.365364333830945
2199882,538601,4505440,5044041,8.365079158783589
2199900,538601,4505504,5044105,8.365197985150418
2199974,538610,4505710,5044320,8.365440671357755
2200060,538649,4505865,5044514,8.365122742268156
2200146,538665,4505984,5044649,8.365095189032145
2200172,538671,4506020,5044691,8.36506884536201
2200454,538680,4507759,5046439,8.368157347590406
2200541,538757,4507919,5046676,8.367258337246662
2200561,538766,4507962,5046728,8.367198375547083
2200582,538773,4507979,5046752,8.367121218026886
2200874,538773,4508480,5047253,8.368051108722968
2200912,538801,4508555,5047356,8.36775544217624
2200940,538808,4508614,5047422,8.36775623227569
2201313,538808,4509239,5048047,8.368916200204897
2201346,538817,4509292,5048109,8.36887477566595
2201453,538835,4509522,5048357,8.36902205684486
2201487,538839,4509533,5048372,8.36898034477831
2201509,538839,4509568,5048407,8.36904529924523
2201598,538842,4509988,5048830,8.369778153892979
2201626,538842,4510008,5048850,8.369815270524569
2201635,538844,4510022,5048866,8.369810186250566
2201643,538844,4510022,5048866,8.369810186250566
2201664,538844,4510068,5048912,8.36989555418637
2201709,538855,4510157,5049012,8.369889859052993
2201892,538917,4510512,5049429,8.369585669036233
2201943,538917,4510634,5049551,8.369812048979712
2201977,538917,4510652,5049569,8.369845449299243
2202330,539067,4511384,5050451,8.368874369976274
2202359,539067,4511414,5050481,8.368930021685616
2202414,539067,4511510,5050577,8.369108107155512
2202449,539070,4511544,5050614,8.369124603483778
2202465,539074,4511561,5050635,8.369094039037313
2202509,539085,4511605,5050690,8.369004887911926
2202713,539136,4512047,5051183,8.369033045465336
2202894,539136,4512370,5051506,8.369632152184236
2202976,539163,4512616,5051779,8.36966928368601
2202981,539165,4512624,5051789,8.369653074661745
2203278,539334,4513493,5052827,8.368641695127694
2203309,539336,4513551,5052887,8.368718201640537
2203357,539365,4513662,5053027,8.368474038916133
2203360,539365,4513669,5053034,8.368487017140527
2203468,539370,4513969,5053339,8.368965645104474
2203491,539381,4514025,5053406,8.368898793246332
2203498,539385,4514033,5053418,8.36885156242758
2203580,539405,4514146,5053551,8.368750753144669
2203668,539419,4514186,5053605,8.368607705698167
2203737,539430,4514286,5053716,8.36862243479228
2203762,539442,4514322,5053764,8.36850300866451
2203824,539469,4514429,5053898,8.3682825148433
2203853,539488,4514474,5053962,8.368071208256717
2203881,539500,4514530,5054030,8.367988878591289
2204059,539509,4514986,5054495,8.368694498145537
2204082,539513,4515024,5054537,8.368702885750668
2204406,539634,4515505,5055139,8.367717749437581
2204425,539645,4515560,5055205,8.367649102650816
2204438,539645,4515560,5055205,8.367649102650816
2204454,539645,4515586,5055231,8.367697282472736
2204479,539666,4515613,5055279,8.367421701570972
2204507,539666,4515677,5055343,8.367540293440758
2204531,539674,4515725,5055399,8.367505197582243
2204577,539681,4515778,5055459,8.367494871970663
2204591,539681,4515804,5055485,8.367543048578698
2204602,539683,4515826,5055509,8.367552804146138
2204710,539721,4515950,5055671,8.367193420304194
2204750,539724,4516019,5055743,8.367274755245273
2205930,539735,4518195,5057930,8.371135835178375
2205940,539739,4518205,5057944,8.371092324253018
2205968,539748,4518247,5057995,8.371030554999741
2206059,539821,4518555,5058376,8.370469099942389
2206094,539829,4518624,5058453,8.370472871965012
2206098,539829,4518631,5058460,8.370485839034213
2206130,539841,4518699,5058540,8.37042573646685
2206390,539847,4519415,5059262,8.371659007089045
2206785,539847,4519895,5059742,8.372548147901165
2207353,539847,4521286,5061133,8.375124803879618
2207541,539847,4521565,5061412,8.375641616976662
2208854,539858,4526535,5066393,8.384677081751127
2208877,539870,4526563,5066433,8.384542575064367
2208894,539878,4526572,5066450,8.38443500198193
2208930,539904,4526633,5066537,8.38414421823139
2208962,539920,4526676,5066596,8.38397540376352
2208997,539920,4526767,5066687,8.384143947251445
2209715,540111,4527798,5067909,8.383087920816276
2209732,540120,4527825,5067945,8.382998222617196
2209860,540170,4528070,5068240,8.382675824277543
2209979,540221,4528295,5068516,8.382300947204941
2210086,540230,4528456,5068686,8.382459322880996
2210106,540244,4528485,5068729,8.382295777463517
2210160,540253,4528585,5068838,8.382341236420714
2210172,540257,4528601,5068858,8.382308790075834
2211636,540257,4530687,5070944,8.386169915429138
2212475,540257,4532533,5072790,8.389586807760011
2212582,540257,4532749,5073006,8.389986617480199
2213416,540278,4534564,5074842,8.393019889760456
2213426,540278,4534580,5074858,8.393049504144162
2213453,540280,4534609,5074889,8.393072110757386
2214021,540280,4536000,5076280,8.395646701710225
2214258,540280,4536362,5076642,8.396316724661286
2214624,540545,4537436,5077981,8.394187347954379
2214826,540596,4537908,5078504,8.39426854804697
2217141,540682,4544979,5085661,8.406011296843616
2217411,540819,4545236,5086055,8.404357095442283
2217436,540837,4545275,5086112,8.4041494942099
2217455,540850,4545336,5086186,8.40406027549228
2217598,540905,4545582,5086487,8.403660531886375
2217786,540942,4546259,5087201,8.404337248725371
2217832,540969,4546344,5087313,8.40407491002257
2217849,540980,4546361,5087341,8.40393545047876
2217880,540994,4546399,5087393,8.403788212068896
2217897,541000,4546454,5087454,8.403796672828095
2218270,541233,4547024,5088257,8.401232001744166
2218291,541233,4547067,5088300,8.40131144996702
2218392,541261,4547559,5088820,8.40178582975681
2218414,541261,4547593,5088854,8.401848646032136
2218435,541276,4547647,5088923,8.401715575787584
2218448,541276,4547677,5088953,8.401771000376888
2218514,541301,4547821,5089122,8.401648990118252
2218623,541335,4547926,5089261,8.401315266886494
2218677,541358,4548038,5089396,8.40116521784106
2218700,541365,4548079,5089444,8.40113232292446
2218706,541365,4548095,5089460,8.401161877845816
2218750,541393,4548151,5089544,8.400830819755704
2218759,541393,4548173,5089566,8.400871455670835
2219129,541541,4548812,5090353,8.399755512509671
2219148,541553,4548840,5090393,8.399621089717904
2219494,541575,4549957,5091532,8.401342381018326
2219596,541598,4550068,5091666,8.401190550925225
2219655,541626,4550181,5091807,8.400964872439653
2219978,541640,4550571,5092211,8.40146776456687
2220479,541797,4551714,5093511,8.401142863471005
2220547,541828,4551797,5093625,8.400815387909079
2220554,541834,4551803,5093637,8.400733434963476
2220619,541891,4551967,5093858,8.400152429178561
2220620,541891,4551973,5093864,8.400163501515987
2221041,542057,4552836,5094893,8.399183111739172
2221097,542062,4552894,5094956,8.399212636192908
2221184,542121,4553077,5095198,8.398636097845316
2221199,542124,4553109,5095233,8.39864864864865
2221209,542128,4553123,5095251,8.398612504795915
2221441,542200,4553358,5095558,8.39793065289561
2221575,542211,4553695,5095906,8.398381810771083
2221863,542404,4554059,5096463,8.396064557046039
2222431,542404,4555450,5097854,8.39862906615733
2222442,542404,4555460,5097864,8.398647502599538
2222449,542411,4555480,5097891,8.398575987581372
2222471,542411,4555485,5097896,8.398585205683514
2222535,542411,4555586,5097997,8.398771411346747
2222563,542427,4555616,5098043,8.398578979291223
2222597,542447,4555657,5098104,8.398344907428744
2222608,542451,4555673,5098124,8.398312474306435
2222790,542451,4555947,5098398,8.398817589054126
2222797,542451,4555998,5098449,8.398911606762638
2222901,542500,4556154,5098654,8.398440552995392
2222970,542500,4556262,5098762,8.398639631336405
2223166,542500,4556590,5099090,8.399244239631336
2223434,542509,4558243,5100752,8.402151853701966
2224064,542564,4559069,5101633,8.402822524163048
2224175,542564,4559107,5101671,8.402892561983471
2224221,542578,4559150,5101728,8.402754995595103
2224240,542578,4559177,5101755,8.402804758025574
2224520,542578,4559640,5102218,8.4036580915555
2224587,542598,4559731,5102329,8.403516046870795
2224849,542608,4560325,5102933,8.404455887122932
2224903,542637,4560447,5103084,8.404231558113436
2224942,542669,4560529,5103198,8.403887084023594
2225052,542703,4560716,5103419,8.403705157332832
2225106,542703,4560885,5103588,8.404016561544712
2225146,542730,4560940,5103670,8.403699813903783
2225172,542756,4560974,5103730,8.403359889158295
2225368,542851,4561312,5104163,8.402511923161235
2226219,542910,4562696,5105606,8.404148017166749
2226370,542910,4562945,5105855,8.404606656720267
2226616,542914,4563281,5106195,8.405163617073791
2226717,542950,4563336,5106286,8.40470761580256
2226748,542960,4563362,5106322,8.404600707234419
2227039,542965,4564447,5107412,8.406521598998093
2227550,543318,4565947,5109265,8.40382059861812
2228317,543353,4566942,5110295,8.405110489865704
2228446,543380,4567164,5110544,8.405101402333543
2228515,543380,4567276,5110656,8.405307519599544
2228529,543388,4567305,5110693,8.405237141784507
2228545,543388,4567328,5110716,8.40527946881418
2228911,543575,4567978,5111553,8.403583682104586
2228943,543579,4567999,5111578,8.403560476030163
2229141,543579,4568156,5111735,8.40384930249329
2229200,543615,4568244,5111859,8.403454650809856
2229530,543615,4568966,5112581,8.404782796648364
2229576,543632,4569025,5112657,8.40462849869029
2229694,543632,4569202,5112834,8.404954086587987
2229703,543641,4569223,5112864,8.404853570646805
2229729,543651,4569277,5112928,8.404798298908675
2229760,543651,4569308,5112959,8.404855320784842
2229797,543670,4569374,5113044,8.40468298784189
2230030,543670,4569729,5113399,8.405335957474204
2230054,543676,4569751,5113427,8.405283661592566
2230114,543698,4569865,5113563,8.405153228446675
2230135,543698,4569902,5113600,8.405221280931693
2230221,543752,4570074,5113826,8.404702879253778
2230256,543754,4570107,5113861,8.40473265484024
2231040,543791,4571742,5115533,8.407167459557073
2231071,543800,4571802,5115602,8.407138653916881
2231102,543809,4571865,5115674,8.407115365872944
2231778,544007,4572339,5116346,8.404926774839295
2231788,544007,4572355,5116362,8.404956186225546
2231895,544028,4572531,5116559,8.404955259655752
2231904,544029,4572548,5116577,8.40497105852813
2231931,544052,4572622,5116674,8.404751751670796
2232010,544077,4572724,5116801,8.40455303201569
2232096,544078,4572988,5117066,8.405022809229559
2232115,544092,4573003,5117095,8.40483410893746
2232172,544156,4573125,5117281,8.404069788810562
2232184,544157,4573129,5117286,8.404061695429812
2232252,544157,4573241,5117398,8.404267518381644
2232257,544157,4573267,5117424,8.404315298709747
2232325,544184,4573472,5117656,8.404275024624024
2232337,544190,4573495,5117685,8.40422462742792
2232346,544192,4573515,5117707,8.40423049217923
2232379,544198,4573559,5117757,8.404218685110934
2232415,544207,4573654,5117861,8.4042542635431
2232477,544211,4573797,5118008,8.404455257243974
2232528,544211,4573885,5118096,8.404616959230886
2232547,544230,4573930,5118160,8.404406225309152
2232568,544237,4573964,5118201,8.404360600253199
2232688,544247,4574190,5118437,8.40462143107817
2232695,544249,4574195,5118444,8.404599732842872
2232773,544249,4574352,5118601,8.404888203744976
2232794,544249,4574382,5118631,8.404943325573404
2233335,544284,4575670,5119954,8.40676926016565
2233402,544284,4575792,5120076,8.406993407853253
2233602,544284,4576358,5120642,8.408033306141647
2233615,544290,4576369,5120659,8.407960829704752
2233937,544318,4576893,5121211,8.408490992397827
2233950,544325,4576936,5121261,8.408461856427685
2236253,545590,4582687,5128277,8.39950695577265
2236292,545603,4582782,5128385,8.399480941270484
2236306,545603,4582784,5128387,8.399484606939478
2236634,545607,4583657,5129264,8.401023080715607
2238590,545607,4587318,5132925,8.407733038615707
2238631,545616,4587383,5132999,8.407713483475558
2238695,545636,4587485,5133121,8.407592240981167
2238774,545662,4587603,5133265,8.407407882535342
2238861,545667,4587793,5133460,8.40767904234634
2238946,545704,4587897,5133601,8.40729956166713
2238948,545704,4587897,5133601,8.40729956166713
2238959,545711,4587920,5133631,8.407233865544217
2239140,545756,4588110,5133866,8.406888792793849
2239169,545768,4588128,5133896,8.406736928511748
2239218,545768,4588233,5134001,8.40692931795195
2239294,545775,4588344,5134119,8.40702487288718
2239398,545797,4588425,5134222,8.406834409130134
2239424,545814,4588457,5134271,8.406631196708036
2239425,545818,4588466,5134284,8.406586078143263
2239446,545832,4588515,5134347,8.406460229521171
2239457,545832,4588539,5134371,8.406504199094227
2239580,545832,4588904,5134736,8.407172903017779
2239724,545887,4589052,5134939,8.406596969702521
2239734,545887,4589068,5134955,8.406626279797834
2239735,545887,4589070,5134957,8.406629943559748
2239744,545890,4589083,5134973,8.40660755829929
2239871,545890,4589474,5135364,8.40732381981718
2239901,545890,4589521,5135411,8.407409917748996
2239938,545891,4589565,5135456,8.40747511865922
2239995,545915,4589639,5135554,8.407241054010239
2240042,545946,4589704,5135650,8.406882731991809
2240072,545955,4589747,5135702,8.406822906649815
2240104,545959,4589808,5135767,8.406873043580196
2240137,545965,4589931,5135896,8.407005943604444
2240156,545976,4589965,5135941,8.406898838044164
2240211,545983,4590072,5136055,8.406987030731726
2240219,545993,4590098,5136091,8.406880674294358
2240297,546004,4590208,5136212,8.406912769869818
2240297,546004,4590208,5136212,8.406912769869818
2240363,546004,4590320,5136324,8.407117896572187
2240709,546205,4591065,5137270,8.405388086890452
2240715,546209,4591076,5137285,8.405346671329106
2240766,546224,4591209,5137433,8.405359339758048
2240775,546228,4591227,5137455,8.40533074100925
2240846,546247,4591362,5137609,8.40528552101888
2241136,546299,4591615,5137914,8.404948572118931
2241163,546304,4591679,5137983,8.40498879744611
2241488,546500,4592164,5138664,8.402861848124429
2241540,546552,4592358,5138910,8.402417336319326
2241663,546638,4592583,5139221,8.401507030246709
2241697,546645,4592638,5139283,8.401500059453577
2241726,546657,4592717,5139374,8.401460147770905
2241966,546697,4592888,5139585,8.401158228415374
2242064,546697,4593010,5139707,8.401381386764514
2242095,546708,4593050,5139758,8.401285512558806
2242208,546708,4593170,5139878,8.401505008157919
2242243,546723,4593240,5139963,8.401402538396958
2242287,546732,4593297,5140029,8.401368494984746
2242527,546864,4593585,5140449,8.399867243043975
2242792,546864,4594041,5140905,8.400701088387606
2242829,546864,4594077,5140941,8.400766918283157
2242948,546864,4594340,5141204,8.401247842242313
2242983,546874,4594363,5141237,8.401136276363477
2242993,546874,4594381,5141255,8.401169190709377
2243097,546878,4594438,5141316,8.401211970494334
2243131,546886,4594509,5141395,8.401218901196959
2243175,546899,4594604,5141503,8.401192907648396
2243261,546945,4594721,5141666,8.40070025322473
2243316,546957,4594768,5141725,8.400601875467359
2243319,546959,4594768,5141727,8.40057115798442
2243334,546973,4594811,5141784,8.400434756377372
2243363,546983,4594849,5141832,8.400350650751486
2243397,547015,4594914,5141929,8.399978062758791
2243536,547105,4595218,5142323,8.399151899543963
2243575,547105,4595271,5142376,8.399248773087432
2243584,547107,4595308,5142415,8.399285697313323
2243611,547116,4595342,5142458,8.399209673999664
2243667,547134,4595371,5142505,8.398986354348295
2243830,547140,4596301,5143441,8.400593997879884
2244138,547194,4596992,5144186,8.401027789047394
2244158,547200,4597010,5144210,8.400968567251462
2245711,547207,4598842,5146049,8.40420901048415
2245747,547209,4598885,5146094,8.404256874430063
2245782,547221,4598941,5146162,8.404174912877979
2245796,547229,4598973,5146202,8.404110527768083
2245936,547229,4599169,5146398,8.40446869592072
2245986,547256,4599223,5146479,8.404152718289064
2245995,547259,4599241,5146500,8.404139539048238
2246008,547261,4599259,5146520,8.404141716658048
2246042,547265,4599278,5146543,8.40411500826839
2246070,547274,4599343,5146617,8.404095571870764
2246263,547274,4599787,5147061,8.404906865665096
2246283,547285,4599829,5147114,8.404814676082845
2246291,547289,4599848,5147137,8.404787963945923
2246404,547358,4600055,5147413,8.404106635876337
2246525,547417,4600362,5147779,8.403761666152128
2246595,547425,4600443,5147868,8.403786820112344
2246652,547448,4600513,5147961,8.403561616811094
2246857,547485,4600654,5148139,8.403251230627323
2246952,547534,4600814,5148348,8.402791424824759
2247163,547649,4601141,5148790,8.401624032911592
2247183,547653,4601195,5148848,8.401661270914246
2247325,547709,4601419,5149128,8.401211227129735
2247406,547756,4601553,5149309,8.400734998795084
2247431,547759,4601571,5149330,8.400721850302778
2247810,547766,4602000,5149766,8.4013976771103
2247841,547788,4602038,5149826,8.40112963409202
2247946,547839,4602166,5150005,8.400581192649666
2247957,547848,4602192,5150040,8.400490647040785
2247970,547856,4602221,5150077,8.400420913524721
2247981,547863,4602242,5150105,8.400351912795717
2248124,547939,4602501,5150440,8.399659451143284
2248144,547944,4602529,5150473,8.399633904194589
2248171,547950,4602573,5150523,8.399622228305502
2248184,547950,4602573,5150523,8.399622228305502
2248204,547950,4602594,5150544,8.399660552970161
2248234,547951,4602687,5150638,8.399814946956935
2248427,547951,4602939,5150890,8.400274842093545
2248468,547974,4603007,5150981,8.400046352564173
2248486,547978,4603020,5150998,8.400008759475746
2248589,548002,4603151,5151153,8.39987992744552
2248614,548007,4603206,5151213,8.399903650865774
2248736,548059,4603468,5151527,8.399584716244053
2248875,548087,4603631,5151718,8.39945300654823
2248970,548087,4603803,5151890,8.399766825339773
2248994,548092,4603831,5151923,8.399741284309933
2249142,548092,4604266,5152358,8.400534946687783
2249220,548126,4604368,5152494,8.400199954025169
2249291,548154,4604621,5152775,8.400232416437717
2249327,548167,4604691,5152858,8.400160899871754
2249558,548172,4605503,5153675,8.401565567011813
2249603,548197,4605619,5153816,8.401394024410932
2249829,548298,4606215,5154513,8.400933434008513
2250567,548670,4607509,5156179,8.397596004884539
2250762,548670,4607979,5156649,8.39845262179452
2251481,548670,4609100,5157770,8.400495744254288
2251492,548670,4609122,5157792,8.400535841216032
2251598,548712,4609263,5157975,8.400149805362377
2251636,548712,4609348,5158060,8.400304713583811
2251746,548712,4609688,5158400,8.40092434646955
2251756,548713,4609723,5158436,8.400972821857692
2251769,548713,4609730,5158443,8.400985578982091
2251814,548713,4609867,5158580,8.40123525413103
2252696,548713,4613642,5162355,8.408114989074434
2252715,548718,4613688,5162406,8.408122204848391
2252796,548724,4613826,5162550,8.40828175913574
2252846,548750,4613875,5162625,8.407972665148064
2253146,548750,4614418,5163168,8.408962186788155
2253156,548750,4614424,5163174,8.408973120728929
2254622,549501,4617318,5166819,8.402747219750282
2254711,549560,4617505,5167065,8.402185384671373
2254759,549560,4617570,5167130,8.402303661110707
2254938,549715,4617968,5167683,8.400658523052854
2255113,549780,4618257,5168037,8.400190985485104
2255119,549784,4618276,5168060,8.400164428211808
2255380,549830,4618524,5168354,8.39991270028918
2255474,549894,4618691,5168585,8.399238762379658
2255763,550094,4619278,5169372,8.397252106003702
2255843,550130,4619492,5169622,8.397091596531729
2256386,550243,4620007,5170250,8.396303087908434
2256516,550243,4620393,5170636,8.397004596151156
2256541,550266,4620418,5170684,8.396699051004424
2256628,550266,4620583,5170849,8.39699890598365
2256695,550308,4620780,5171088,8.396716020846508
2256790,550360,4620941,5171301,8.396215204593357
2256902,550384,4621125,5171509,8.396183391959068
2257065,550384,4621546,5171930,8.396948312450943
2257116,550417,4621646,5172063,8.39662655768263
2257192,550428,4621789,5172217,8.396718553561955
2257477,550562,4622220,5172782,8.395457732280834
2257619,550625,4622381,5173006,8.394789557321225
2257642,550635,4622408,5173043,8.394686135098569
2257710,550659,4622458,5173117,8.394411060202412
2257735,550659,4622501,5173160,8.394489148456667
2258922,550674,4625220,5175894,8.399198073633402
2259021,550674,4625513,5176187,8.39973014887211
2259027,550674,4625532,5176206,8.399764652044585
2259034,550683,4625539,5176222,8.39964008331472
2259039,550689,4625547,5176236,8.399563092780136
2259431,550689,4626651,5177340,8.401567854088242
2259436,550692,4626662,5177354,8.401542059808387
2259446,550696,4626672,5177368,8.401499193747549
2259495,550705,4626754,5177459,8.401510790713722
2259531,550710,4626762,5177472,8.401449038513919
2259584,550746,4626849,5177595,8.401057837914392
2259841,550751,4627268,5178019,8.40174234817549
2260073,550809,4627998,5178807,8.40218297086649
2260105,550826,4628038,5178864,8.401996274685654
2260132,550845,4628069,5178914,8.4017627463261
2260272,550845,4628332,5179177,8.4022401946101
2260294,550859,4628390,5179249,8.402131943019901
2261501,550859,4632492,5183351,8.409578494678312
2261628,550902,4632591,5183493,8.409101800320203
2261657,550904,4632606,5183510,8.409098499920132
2261678,550906,4632606,5183512,8.409067971668488
2261691,550915,4632619,5183534,8.408954194385704
2261752,550922,4632736,5183658,8.40905972170289
2262048,551051,4633352,5184403,8.408209040542527
2262091,551076,4633433,5184509,8.407974580638605
2262124,551089,4633481,5184570,8.407863339678347
2262144,551096,4633503,5184599,8.407796463774007
2262198,551099,4633639,5184738,8.40799747413804
2262229,551108,4633677,5184785,8.40792911734179
2262231,551108,4633682,5184790,8.407938189973652
2262638,551288,4634592,5185880,8.406843609873604
2262713,551290,4634775,5186065,8.407145059768906
2263272,551290,4636358,5187648,8.41001650673874
2263451,551376,4636752,5188128,8.409419343605816
2263462,551378,4636775,5188153,8.409430553993811
2263495,551399,4636851,5188250,8.409248112528314
2263514,551409,4636908,5188317,8.409198979342014
2265236,551409,4654191,5205600,8.440542319766271
2265315,551472,4654297,5205769,8.439770287521398
2265387,551504,4654456,5205960,8.439568887986306
2265425,551504,4654547,5206051,8.439733891322637
2265738,551504,4655009,5206513,8.440571600568626
2266195,551586,4656215,5207801,8.441503228870928
2266355,551586,4656491,5208077,8.44200360415239
2266374,551594,4656505,5208099,8.441906547206822
2266949,551947,4657674,5209621,8.438625447733207
2267146,552009,4657811,5209820,8.437925830919424
2267159,552016,4657819,5209835,8.437833323671777
2267310,552016,4658142,5210158,8.438418451639082
2267371,552016,4658260,5210276,8.438632213559027
2267382,552019,4658281,5210300,8.438624395174804
2267521,552094,4658594,5210688,8.438044970602832
2267618,552119,4658802,5210921,8.438039625515513
2267669,552143,4658847,5210990,8.437754349869508
2268623,552454,4660454,5212908,8.435913216303982
2268915,552569,4660773,5213342,8.434734847593694
2268943,552583,4660838,5213421,8.434638778246887
2268960,552589,4660856,5213445,8.434579769050778
2269025,552601,4660901,5213502,8.434478041118275
2269092,552602,4660939,5213541,8.434531543497853
2269117,552619,4660977,5213596,8.43434083880576
2269224,552619,4661174,5213793,8.434697323110498
2269371,552619,4661430,5214049,8.435160571750156
2269410,552634,4661457,5214091,8.434980475323632
2269461,552649,4661568,5214217,8.434952383881994
2269684,552705,4661814,5214519,8.434542839308492
2269757,552743,4661991,5214734,8.43428320213915
2269895,552783,4662127,5214910,8.433918915740897
2269921,552795,4662178,5214973,8.433828091788095
2269930,552795,4662191,5214986,8.433851608643348
2269963,552795,4662222,5215017,8.433907687298184
2269965,552795,4662225,5215020,8.433913114264781
2269975,552795,4662241,5215036,8.433942058086632
2270185,552969,4662555,5215524,8.431856035329286
2270195,552969,4662567,5215536,8.431877736364967
2270197,552969,4662569,5215538,8.431881353204249
2270268,552969,4662741,5215710,8.432192401382355
2270392,552976,4662893,5215869,8.432360536442811
2270429,552989,4662948,5215937,8.43226176289221
2270442,552993,4662956,5215949,8.432215235997562
2270453,552998,4662990,5215988,8.432200478121079
2270471,553008,4663015,5216023,8.432093206608222
2270593,553039,4663140,5216179,8.431846578631887
2270616,553045,4663186,5216231,8.431838277174553
2270757,553086,4663274,5216360,8.431372336309362
2270862,553112,4663439,5216551,8.431274316955697
2270959,553187,4663731,5216918,8.430659071887083
2270968,553189,4663752,5216941,8.430666553384105
2271110,553189,4663943,5217132,8.431011824168593
2271347,553189,4664305,5217494,8.431666211728722
2271369,553202,4664332,5217534,8.431516878102393
2272008,553421,4666155,5219576,8.431474410981874
2272037,553426,4666217,5219643,8.431510265148367
2272066,553439,4666237,5219676,8.43134835094744
2272088,553446,4666261,5219707,8.431285075689408
2272121,553470,4666312,5219782,8.431011617612517
2272137,553470,4666338,5219808,8.431058593961732
2272140,553470,4666347,5219817,8.431074855005692
2272188,553492,4666414,5219906,8.430860789315835
2272195,553495,4666431,5219926,8.430845807098528
2272208,553500,4666444,5219944,8.430793134598012
2272299,553500,4666492,5219992,8.430879855465221
2272308,553500,4666503,5220003,8.43089972899729
2272311,553501,4666506,5220007,8.430889917091388
2272321,553501,4666522,5220023,8.430918823994897
2272410,553501,4666668,5220169,8.431182599489432
2272539,553502,4667050,5220552,8.431857518130016
2272607,553549,4667150,5220699,8.431322249701472
2272623,553549,4667176,5220725,8.431369219346436
2272696,553577,4667247,5220824,8.431071016317514
2273225,553577,4667247,5220824,8.431071016317514
2273278,553615,4667354,5220969,8.430685584747524
2273338,553625,4667486,5221111,8.430771731767894
2273402,553656,4667570,5221226,8.430451399424914
2273564,553656,4668072,5221728,8.4313580996142
2273587,553670,4668106,5221776,8.431206314230499
2273602,553677,4668129,5221806,8.431141261060148
2273632,553688,4668172,5221860,8.431051422461747
2273702,553722,4668303,5222025,8.430770314345466
2273764,553730,4668350,5222080,8.430733389919276
2273767,553730,4668359,5222089,8.430749643327976
2275325,554170,4672015,5226185,8.430653048703466
2275343,554170,4672035,5226205,8.430689138711948
2277940,554170,4676240,5230410,8.438277062995109
2277950,554174,4676249,5230423,8.438232396323176
2277963,554201,4676331,5230532,8.437969256641544
2278026,554222,4676465,5230687,8.437891314310871
2278349,554394,4676910,5231304,8.43607614801026
2278458,554472,4677143,5231615,8.435309627898253
2278472,554478,4677171,5231649,8.435268847456527
2278485,554489,4677207,5231696,8.435166432517146
2278664,554565,4677338,5231903,8.434246661797985
2278684,554565,4677359,5231924,8.43428452931577
2278699,554574,4677406,5231980,8.434232401807513
2278721,554574,4677459,5232033,8.43432797065856
2278756,554593,4677537,5232130,8.434179659678358
2278822,554596,4677565,5232161,8.434184523509005
2279034,554703,4678178,5232881,8.433662698777544
2279064,554718,4678276,5232994,8.433611312414596
2279121,554730,4678322,5233052,8.433511798532619
2279383,554843,4678957,5233800,8.432938687160151
2279399,554843,4678970,5233813,8.432962117211536
2279421,554843,4679011,5233854,8.433036011988976
2279454,554848,4679015,5233863,8.432967227060384
2279470,554848,4679041,5233889,8.433014086740874
2279489,554852,4679073,5233925,8.433010965086185
2279537,554852,4679185,5234037,8.433212820716156
2279537,554852,4679230,5234082,8.433293923424625
2279558,554852,4679260,5234112,8.433347991896937
2279586,554869,4679292,5234161,8.433147283412842
2279632,554869,4679324,5234193,8.433204954682997
2279666,554891,4679384,5234275,8.432978729155817
2279678,554897,4679412,5234309,8.432938004710785
2279692,554905,4679441,5234346,8.432868689235095
2279694,554905,4679443,5234348,8.432872293455636
2279787,554948,4679566,5234514,8.432440516949336
2279816,554948,4679583,5234531,8.432471150450132
2279869,554964,4679645,5234609,8.432339755371519
2279887,554964,4679699,5234663,8.432437058980403
2279909,554964,4679752,5234716,8.432532560670602
2280021,554965,4679887,5234852,8.43276062454389
2280066,554965,4679930,5234895,8.432838106907642
2280093,554970,4679938,5234908,8.43277654647999
2280448,554970,4680884,5235854,8.434481143124854
2280464,554979,4680907,5235886,8.43438580558904
2280473,554979,4680947,5235926,8.434457880388267
2280488,554988,4680982,5235970,8.43438416686487
2280503,555000,4680997,5235997,8.434228828828829
2280549,555015,4681059,5236074,8.43411259155158
2280590,555041,4681106,5236147,8.433802187586142
2280623,555054,4681168,5236222,8.433716359129022
2280664,555063,4681223,5236286,8.433678699535008
2280703,555063,4681339,5236402,8.433887684821363
2280803,555091,4681394,5236485,8.43356134399585
2280808,555091,4681394,5236485,8.43356134399585
2280864,555091,4681438,5236529,8.433640610278315
2280890,555110,4681468,5236578,8.433405991605268
2280926,555122,4681612,5236734,8.433483090203595
2280927,555122,4681616,5236738,8.433490295826862
2280944,555131,4681674,5236805,8.433458048640771
2281007,555166,4681756,5236922,8.433074071538963
2281022,555178,4681798,5236976,8.432967444675402
2281039,555178,4681843,5237021,8.433048499760437
2281140,555255,4682040,5237295,8.432233838506631
2282094,556025,4685349,5241374,8.426507800908233
2282113,556034,4685382,5241416,8.426430757831355
2282150,556058,4685464,5241522,8.42621453157764
2282436,556075,4685848,5241923,8.426647484601897
2282501,556104,4685950,5242054,8.426391466344425
2282579,556123,4686085,5242208,8.426346329858683
2282601,556125,4686092,5242217,8.4263286131715
2282612,556125,4686092,5242217,8.4263286131715
2282646,556125,4686110,5242235,8.426360979995504
2282667,556136,4686140,5242276,8.426248255822317
2282677,556136,4686148,5242284,8.426262640792899
2282799,556171,4686348,5242519,8.426091975309753
2283000,556307,4686709,5243016,8.424680976511171
2283039,556307,4686709,5243016,8.424680976511171
2283088,556307,4686818,5243125,8.42487691148952
2283283,556397,4687240,5243637,8.424272596725
2283394,556397,4687278,5243675,8.424340893283034
2283423,556397,4687313,5243710,8.424403798007537
2283572,556468,4687541,5244009,8.42373865163855
2283583,556468,4687551,5244019,8.423756622123824
2283591,556468,4687551,5244019,8.423756622123824
2283618,556487,4687582,5244069,8.423524718457035
2283661,556515,4687635,5244150,8.42319614026576
2283758,556602,4687836,5244438,8.422240667478738
2283821,556602,4687836,5244438,8.422240667478738
2283849,556608,4687881,5244489,8.422230726112453
2283914,556629,4687982,5244611,8.422094429144009
2283931,556629,4688027,5244656,8.42217527293763
2286244,556668,4691656,5248324,8.428104363821882
2286251,556680,4691662,5248342,8.427933462671552
2286337,556713,4691712,5248425,8.4275236971294
2286415,556746,4691812,5248558,8.427203787723666
2286461,556792,4691942,5248734,8.426741045129958
2286487,556804,4691982,5248786,8.426631274200616
2286525,556804,4692042,5248846,8.426739032047184
2286532,556804,4692042,5248846,8.426739032047184
2286553,556811,4692082,5248893,8.426704932194227
2286576,556816,4692090,5248906,8.426643630930146
2286614,556828,4692108,5248936,8.426494357323985
2286646,556848,4692170,5249018,8.426303048587766
2286657,556853,4692179,5249032,8.426243550811435
2286713,556853,4692267,5249120,8.42640158174599
2286726,556861,4692298,5249159,8.4263361952085
2286795,556889,4692405,5249294,8.42610466358646
2286840,556889,4692447,5249336,8.426180082565825
2286849,556891,4692467,5249358,8.426185734730854
2286886,556902,4692530,5249432,8.426132425453671
2286910,556908,4692553,5249461,8.426082943681902
2286917,556912,4692558,5249470,8.426031401729537
2286929,556917,4692594,5249511,8.42602039442143
2286968,556922,4692660,5249582,8.426063254818448
2286977,556924,4692676,5249600,8.426061724759572
2287059,556970,4692828,5249798,8.425638723809183
2287092,556975,4692932,5249907,8.425749809237399
2287119,556993,4692970,5249963,8.425545742944704
2287809,557262,4693683,5250945,8.422758056354104
2287880,557262,4693810,5251072,8.422985956336516
2287902,557267,4693831,5251098,8.422948066187303
2287932,557267,4693857,5251124,8.422994722457997
2287962,557282,4693885,5251167,8.42281825000628
2287965,557283,4693889,5251172,8.422810313610858
2288127,557334,4694258,5251592,8.422701647486068
2288167,557345,4694319,5251664,8.42264486090303
2288184,557345,4694364,5251709,8.422725600839696
2288328,557365,4694602,5251967,8.422850376324313
2288354,557375,4694645,5252020,8.422776407266204
2288367,557375,4694668,5252043,8.422817672123795
2288410,557375,4694776,5252151,8.42301143754205
2288460,557378,4694797,5252175,8.423003778405318
2288480,557383,4694815,5252198,8.42296051368628
2288516,557401,4694888,5252289,8.422819478257125
2288585,557443,4694984,5252427,8.422357084042673
2288590,557446,4694995,5252441,8.422331490404451
2288619,557448,4695010,5252458,8.422328181283277
2288980,557623,4695761,5253384,8.421031772362332
2288999,557626,4695787,5253413,8.42103309386578
2289166,557702,4696019,5253721,8.420301523035599
2289218,557726,4696089,5253815,8.42006469126417
2289265,557763,4696174,5253937,8.41965852880166
2289267,557763,4696179,5253942,8.419667493182589
2289393,557790,4696349,5254139,8.41956471073343
2289643,557828,4696717,5254545,8.419650860121758
2289883,557950,4697445,5255395,8.419114616005018
2290069,557950,4697797,5255747,8.419745496908325
2290165,557970,4697981,5255951,8.419773464523182
2290241,557996,4698186,5256182,8.419748528663288
2290273,558019,4698253,5256272,8.419521557509691
2290607,558034,4698912,5256946,8.4204761717028
2290794,558103,4699110,5257213,8.41978989541357
2290801,558103,4699110,5257213,8.41978989541357
2291379,558304,4699873,5258177,8.418125250759443
2291923,558319,4700527,5258846,8.419070459719265
2292134,558414,4700833,5259247,8.41818614862808
2292179,558428,4700890,5259318,8.418077173780684
2292199,558441,4700912,5259353,8.417920603967115
2292209,558445,4700921,5259366,8.417876424715057
2292306,558479,4701005,5259484,8.417514355956088
2292442,558479,4701373,5259852,8.418173288521144
2292515,558484,4701529,5260013,8.41837724984064
2292546,558512,4701583,5260095,8.41805189503538
2292592,558512,4701638,5260150,8.418150370985762
2292754,558518,4701958,5260476,8.418632882019917
2292785,558537,4702029,5260566,8.418473619473732
2292826,558549,4702097,5260646,8.418414498996507
2292844,558558,4702124,5260682,8.41832719252074
2292868,558572,4702153,5260725,8.41816811440602
2293320,558572,4702984,5261556,8.419655836669222
2293382,558572,4703111,5261683,8.419883202165522
2293402,558572,4703126,5261698,8.419910056357999
2293457,558576,4703304,5261880,8.420168428289077
2293474,558586,4703319,5261905,8.420044541037548
2293484,558590,4703335,5261925,8.420012889597022
2293506,558592,4703342,5261934,8.419995273831347
2293517,558595,4703350,5261945,8.419964374904895
2293548,558602,4703383,5261985,8.41991793799521
2293581,558625,4703434,5262059,8.419662564332066
2293588,558625,4703438,5262063,8.419669724770642
2293696,558667,4703511,5262178,8.419167410997964
2293768,558683,4703579,5262262,8.419048011126167
2293921,558750,4703827,5262577,8.418482326621923
2293936,558750,4703858,5262608,8.418537807606263
2293941,558754,4703863,5262617,8.418486489582177
2294053,558819,4704021,5262840,8.417790017876987
2294199,558819,4704224,5263043,8.41815328397925
2294220,558822,4704234,5263056,8.418125986450068
2294450,558826,4704552,5263378,8.418634780772548
2294475,558848,4704602,5263450,8.418392836692625
2294508,558853,4704631,5263484,8.418369410202683
2294519,558857,4704654,5263511,8.41835031143924
2294604,558908,4704833,5263741,8.417902409698913
2294622,558908,4704865,5263773,8.417959664202337
2294659,558908,4704901,5263809,8.41802407551869
2294662,558908,4704906,5263814,8.41803302153485
2294669,558909,4704910,5263819,8.418025116790032
2294684,558916,4704929,5263845,8.417953681769712
2294720,558916,4704967,5263883,8.418021670519362
2294731,558918,4704975,5263893,8.418005861324916
2294920,559035,4705481,5264516,8.417149194594256
2294952,559046,4705522,5264568,8.417056914815596
2295045,559046,4705708,5264754,8.417389624467397
2295146,559125,4705945,5265070,8.416624189581936
2295717,559132,4706836,5265968,8.418112359872087
2295748,559148,4706878,5266026,8.41794659016933
2295849,559245,4707125,5266370,8.416928179956907
2295970,559251,4707370,5266621,8.417275963744364
2295989,559264,4707401,5266665,8.417135735538135
2296001,559264,4707433,5266697,8.417192953596155
2296023,559268,4707446,5266714,8.417155996767203
2296061,559268,4707552,5266820,8.417345530228799
2296153,559268,4707607,5266875,8.417443873062647
2296206,559283,4707679,5266962,8.417346853024318
2296391,559367,4708183,5267550,8.416983840662748
2296415,559387,4708257,5267644,8.416815192344478
2296450,559390,4708342,5267732,8.41692200432614
2297287,559390,4710051,5269441,8.419977117932033
2297352,559429,4710194,5269623,8.419645745930225
2297473,559451,4710284,5269735,8.419475521538079
2297487,559458,4710314,5269772,8.419423799463052
2297698,559458,4710847,5270305,8.420376507262386
2297758,559477,4710924,5270401,8.420228177387095
2297784,559479,4710939,5270418,8.420224887797398
2297912,559479,4711159,5270638,8.420618110778063
2297927,559479,4711185,5270664,8.42066458258487
2298041,559536,4711373,5270909,8.420142761144948
2298109,559565,4711478,5271043,8.419894024822854
2298200,559610,4711580,5271190,8.419399224459891
2298213,559610,4711585,5271195,8.419408159253766
2298243,559610,4711626,5271236,8.419481424563536
2298310,559610,4711778,5271388,8.419753042297314
2298335,559618,4711826,5271444,8.419718450800367
2298378,559618,4711859,5271477,8.41977741959694
2298485,559618,4712075,5271693,8.420163397174502
2298535,559618,4712244,5271862,8.420465388890278
2299864,559639,4717253,5276892,8.4290998304264
2300072,559700,4717396,5277096,8.428436662497766
2300107,559712,4717439,5277151,8.428332785432508
2300114,559716,4717453,5277169,8.428297565193777
2300154,559719,4717482,5277201,8.428304202644542
2300188,559728,4717549,5277277,8.428288382928852
2300209,559728,4717594,5277322,8.428368779121287
2300326,559758,4717668,5277426,8.428049264146292
2301023,559758,4719563,5279321,8.431434655690495
2301251,559767,4720936,5280703,8.43375190034425
2301257,559772,4720941,5280713,8.433685500525215
2301329,559804,4721057,5280861,8.43341062228923
2301586,559804,4721389,5281193,8.434003687004738
2302145,559804,4722972,5282776,8.436831462440425
2302211,559844,4723055,5282899,8.436376919284658
2302507,559984,4723293,5283277,8.434692776936483
2303278,559999,4724409,5284408,8.436459707963765
2303383,560014,4724493,5284507,8.436383733263812
2303416,560035,4724539,5284574,8.436149526368888
2303426,560035,4724555,5284590,8.436178096011856
2303455,560045,4724636,5284681,8.43617209331393
2303571,560074,4724711,5284785,8.43586918871435
2303921,560074,4725111,5285185,8.43658338005335
2303976,560096,4725192,5285288,8.436396617722677
2303988,560096,4725213,5285309,8.436434111295206
2304151,560096,4725631,5285727,8.437180411929383
2304170,560096,4725646,5285742,8.43720719305262
2304176,560096,4725657,5285753,8.437226832542992
2304190,560096,4725683,5285779,8.437273253156603
2304200,560096,4725705,5285801,8.437312532137348
2304292,560119,4725902,5286021,8.43731778425656
2304318,560119,4725945,5286064,8.437394553657349
2304368,560119,4726027,5286146,8.437540951119315
2304369,560119,4726029,5286148,8.43754452178912
2304618,560300,4726502,5286802,8.435663037658397
2304628,560308,4726509,5286817,8.435555087558985
2304686,560333,4726601,5286934,8.435342912161161
2304721,560346,4726645,5286991,8.435225735527691
2304842,560423,4726849,5287272,8.434430778180053
2305548,560423,4727987,5288410,8.436461387202167
2305571,560436,4728008,5288444,8.4363031639652
2306340,560778,4729671,5290449,8.434123663909782
2306527,560782,4730223,5291005,8.435047843903691
2306576,560789,4730271,5291060,8.435028147841702
2307136,560941,4731030,5291971,8.434095564417648
2307439,561160,4731752,5292912,8.43209066932782
2307446,561161,4731782,5292943,8.432129103768794
2307496,561164,4731900,5293064,8.432294302556828
2307605,561164,4732091,5293255,8.432634666514602
2307665,561211,4732193,5293404,8.432110204539825
2307854,561226,4732833,5294059,8.43302519840492
2308232,561226,4733518,5294744,8.434245740575099
2308384,561292,4733832,5295124,8.43381341618979
2308474,561324,4733926,5295250,8.433500081949106
2308498,561333,4733964,5295297,8.43343256142076
2308505,561333,4733978,5295311,8.433457502053148
2308511,561337,4733984,5295321,8.433408095315292
2308561,561344,4734083,5295427,8.433479292555011
2308591,561358,4734127,5295485,8.433347346969313
2308597,561360,4734136,5295496,8.433333333333334
2308659,561360,4734191,5295551,8.4334313096765
2308944,561387,4734739,5296126,8.434001856117082
2309371,561387,4735282,5296669,8.434969103310195
2309405,561387,4735346,5296733,8.435083106662605
2309417,561395,4735369,5296764,8.43500387427747
2309437,561408,4735418,5296826,8.434895833333334
2309493,561412,4735463,5296875,8.434915890647154
2309504,561412,4735475,5296887,8.434937265323862
2309542,561436,4735524,5296960,8.434663968822804
2309801,561436,4735856,5297292,8.435255309598958
2309855,561448,4735940,5297388,8.435224633447799
2309949,561448,4736109,5297557,8.435525640842963
2309960,561455,4736142,5297597,8.435479245887917
2309996,561455,4736211,5297666,8.435602140866143
2310448,561769,4736927,5298696,8.43216161803161
2310477,561791,4736968,5298759,8.431904391490786
2310477,561808,4737130,5298938,8.431937601458149
2310545,561808,4737222,5299030,8.432101358471222
2310581,561808,4737256,5299064,8.432161877367356
2310598,561816,4737286,5299102,8.432095205547723
2310880,561816,4737613,5299429,8.43267724664303
2310889,561816,4737629,5299445,8.432705725718028
2310904,561830,4737669,5299499,8.432566790666217
2311016,561876,4737955,5299831,8.432385437356285
2311056,561895,4738029,5299924,8.432232000640688
2311062,561895,4738044,5299939,8.43225869601972
2311174,561908,4738348,5300256,8.432604625668258
2311246,561942,4738447,5300389,8.43227059020326
2311311,561978,4738544,5300522,8.431903028232423
2311345,561978,4738562,5300540,8.431935057956006
2311404,562000,4738660,5300660,8.431779359430605
2311431,562000,4738736,5300736,8.431914590747331
2311434,562001,4738738,5300739,8.431903146079812
2311439,562001,4738743,5300744,8.431912042861134
2311467,562008,4738765,5300773,8.431846165890876
2311471,562008,4738775,5300783,8.431863959231897
2311494,562023,4738815,5300838,8.431710090156452
2312172,562023,4740318,5302341,8.43438435793553
2312285,562040,4740401,5302441,8.434276919792186
2312480,562081,4740837,5302918,8.43443738535905
2312490,562089,4740873,5302962,8.434381388000833
2312512,562091,4740877,5302968,8.434358493553535
2312557,562097,4740909,5303006,8.434325392236572
2312614,562128,4741056,5303184,8.434121765861157
2312638,562160,4741105,5303265,8.433728831649352
2312658,562160,4741132,5303292,8.433776860680233
2313413,562160,4742690,5304850,8.43654831364736
2313461,562194,4742751,5304945,8.436146597082146
2313491,562203,4742786,5304989,8.436073802523287
2313714,562203,4743264,5305467,8.436924029220762
2313745,562219,4743289,5305508,8.436728392316873
2313806,562219,4743407,5305626,8.436938274942683
2314069,562219,4743857,5306076,8.437738674786871
2314099,562228,4743892,5306120,8.437665857979326
2314149,562228,4743976,5306204,8.437815263558557
2314251,562228,4743976,5306204,8.437815263558557
2314310,562247,4744085,5306332,8.43772398963445
2314313,562247,4744094,5306341,8.437739996834132
2314329,562247,4744120,5306367,8.437786239855438
2314343,562249,4744157,5306406,8.437822032586986
2314345,562249,4744161,5306410,8.437829146872648
2314373,562275,4744216,5306491,8.437536792494775
2314393,562275,4744252,5306527,8.43760081810502
2314451,562298,4744348,5306646,8.437426418020339
2314553,562376,4744553,5306929,8.436620695050998
2314603,562403,4744624,5307027,8.436341911405167
2314646,562418,4744701,5307119,8.436253818334405
2314676,562424,4744734,5307158,8.43622249406142
2315003,562499,4745631,5308130,8.43669233189748
2315067,562506,4745766,5308272,8.436827340508367
2315363,562659,4746443,5309102,8.435736387403383
2315368,562659,4746454,5309113,8.435755937432797
2315518,562666,4746768,5309434,8.436209047641052
2315944,563039,4747523,5310562,8.431961196293685
2315967,563050,4747536,5310586,8.431819554213657
2316021,563090,4747627,5310717,8.431382194675807
2316050,563098,4747672,5310770,8.431342324071476
2316081,563114,4747750,5310864,8.43124127618919
2316091,563114,4747766,5310880,8.431269689618798
2316305,563276,4748357,5311633,8.429894048388357
2316324,563278,4748361,5311639,8.429871218119649
2316339,563278,4748389,5311667,8.429920927144323
2316484,563332,4748569,5311901,8.42943237735474
2316554,563347,4748622,5311969,8.4293020110163
2316601,563357,4748721,5312078,8.429328116984435
2316602,563359,4748722,5312081,8.429299966806246
2316681,563359,4748887,5312246,8.429592852870018
2316689,563362,4748901,5312263,8.429572814637835
2316716,563366,4748918,5312284,8.429543138918572
2316737,563381,4748952,5312333,8.429379052541709
2318256,563381,4753025,5316406,8.436608618324012
2318302,563390,4753055,5316445,8.436527094907612
2318315,563396,4753100,5316496,8.436517121172319
2318337,563401,4753125,5316526,8.436486623204432
2318376,563401,4753161,5316562,8.436550520854595
2318382,563401,4753174,5316575,8.436573595006044
2318619,563401,4753687,5317088,8.43748413652088
2318639,563407,4753713,5317120,8.437440429387637
2318750,563407,4753977,5317384,8.437909007165334
2318770,563407,4753998,5317405,8.437946280397652
2318794,563417,4754025,5317442,8.437844438488721
2318810,563422,4754042,5317464,8.437799730929925
2318859,563433,4754172,5317605,8.437865726714623
2318889,563445,4754222,5317667,8.437774760624373
2318912,563449,4754267,5317716,8.43779472498842
2318980,563449,4754309,5317758,8.437869265896293
2319117,563519,4754668,5318187,8.43745818685794
2319157,563546,4754749,5318295,8.437197673304398
2319173,563555,4754766,5318321,8.437093096503446
2319200,563571,4754810,5318381,8.436931637717342
2319327,563635,4755153,5318788,8.43658218527948
2319424,563635,4755480,5319115,8.437162347973423
2319689,563687,4756050,5319737,8.43739522110675
2319916,563687,4756087,5319774,8.437460860371093
2319948,563694,4756115,5319809,8.437405755604992
2320005,563711,4756211,5319922,8.43732160628407
2320135,563711,4756597,5320308,8.438006354319855
2320156,563726,4756631,5320357,8.437842143168844
2320165,563728,4756651,5320379,8.437847685408565
2320985,563919,4757189,5321108,8.43594381462586
2321121,563927,4757959,5321886,8.437189565316078
2321227,564007,4758157,5322164,8.43634387516467
2321258,564027,4758201,5322228,8.436122738805057
2321280,564044,4758243,5322287,8.435942940621654
2321362,564068,4758384,5322452,8.43583397746371
2321395,564071,4758415,5322486,8.435844069274967
2321566,564188,4758701,5322889,8.43460158670514
2321937,564364,4759366,5323730,8.43314952760984
2321957,564373,4759391,5323764,8.433059341960016
2322075,564373,4759568,5323941,8.433372964333872
2322166,564373,4759827,5324200,8.433831880688835
2322286,564459,4760082,5324541,8.43299867660893
2322380,564493,4760228,5324721,8.432749387503476
2322433,564493,4760421,5324914,8.433091287225883
2322569,564559,4760544,5325103,8.432323282420437
2322593,564571,4760571,5325142,8.432191876663873
2322636,564588,4760636,5325224,8.43205310775291
2322681,564597,4760806,5325403,8.432219795712694
2322697,564597,4760832,5325429,8.432265846258481
2322791,564617,4760889,5325506,8.43206810988688
2322821,564620,4760906,5325526,8.432053416457086
2322928,564620,4761084,5325704,8.432368672735645
2322931,564620,4761086,5325706,8.432372214941022
2323018,564628,4761168,5325796,8.432397968219783
2323049,564637,4761238,5325875,8.432387533937733
2324513,564637,4763324,5327961,8.436081942911995
2324609,564637,4763424,5328061,8.436259047848441
2324680,564662,4763511,5328173,8.436039613078266
2324758,564681,4763583,5328264,8.435883268606522
2324774,564681,4763598,5328279,8.435909832276984
2324775,564681,4763600,5328281,8.435913374099712
2324826,564716,4763705,5328421,8.43557646675497
2324952,564772,4763989,5328761,8.435242894477772
2324960,564777,4763995,5328772,8.435178840498109
2324980,564783,4764053,5328836,8.435191923269645
2325021,564802,4764121,5328923,8.435028558680742
2325116,564869,4764355,5329224,8.434442322025106
2325151,564884,4764393,5329277,8.434285623243001
2325167,564884,4764419,5329303,8.43433165039194
2325173,564887,4764438,5329325,8.434320492417067
2325207,564902,4764480,5329382,8.434170882737183
2325239,564911,4764524,5329435,8.434114400321466
2325300,564944,4764619,5329563,8.433789897759778
2325321,564951,4764667,5329618,8.43377036238541
2325412,564980,4764813,5329793,8.433595879500158
2325423,564980,4764822,5329802,8.433611809267585
2325449,564984,4764863,5329847,8.433624669017176
2325486,565007,4764924,5329931,8.433389320840273
2325511,565010,4764967,5329977,8.43342064742217
2325531,565021,4765004,5330025,8.433321947325851
2325565,565042,4765053,5330095,8.433095238937991
2327926,567058,4774765,5341823,8.420240963005549
2328082,567170,4775008,5342178,8.419006647037044
2328101,567176,4775017,5342193,8.418933452755406
2328228,567230,4775256,5342486,8.41855332052254
2328253,567247,4775297,5342544,8.41837330122504
2328350,567247,4775366,5342613,8.418494941357116
2328492,567247,4775505,5342752,8.418739984521734
2328554,567305,4775606,5342911,8.418057306034672
2329371,567637,4776399,5344036,8.414530765260192
2329404,567637,4776458,5344095,8.41463470492586
2329425,567639,4776481,5344120,8.414645575797294
2329437,567643,4776504,5344147,8.41462679888592
2329629,567743,4776891,5344634,8.413826326348365
2329643,567743,4776917,5344660,8.413872121717045
2329836,567866,4777226,5345092,8.412593816146767
2329969,567892,4777294,5345186,8.412328400470512
2330061,567892,4777494,5345386,8.412680580110303
2330091,567892,4777601,5345493,8.412868996217592
2330100,567894,4777617,5345511,8.412867542182168
2330244,567977,4777805,5345782,8.411969146637981
2330311,567977,4777932,5345909,8.412192747241525
2330349,567984,4777950,5345934,8.412120763965182
2330404,568002,4778029,5346031,8.41199326762934
2330449,568029,4778081,5346110,8.411684966788668
2330515,568032,4778234,5346266,8.411909892400429
2330535,568036,4778300,5346336,8.411966847171659
2330545,568041,4778317,5346358,8.411922730929634
2330692,568083,4778426,5346509,8.41149268680809
2330711,568089,4778445,5346534,8.411437292396085
2330738,568089,4778532,5346621,8.411590437413857
2330746,568089,4778549,5346638,8.411620362302386
2331034,568089,4779116,5347205,8.412618445349231
2331096,568099,4779250,5347349,8.412706236060968
2331195,568110,4779344,5347454,8.412708806393129
2331252,568127,4779407,5347534,8.412567964557221
2331668,568149,4779873,5348022,8.413062418485291
2331689,568149,4779905,5348054,8.413118741738522
2331926,568186,4780106,5348292,8.412924640874643
2331938,568192,4780127,5348319,8.412872761320116
2332215,568314,4780713,5349027,8.412097889546976
2332240,568314,4780738,5349052,8.412141879313197
2332253,568324,4780783,5349107,8.41207304284176
2332256,568325,4780792,5349117,8.412074077332512
2332378,568369,4781022,5349391,8.411827527539327
2332408,568386,4781076,5349462,8.411670941930307
2332543,568420,4781252,5349672,8.411477428661906
2332579,568446,4781320,5349766,8.411212322718429
2332602,568455,4781385,5349840,8.411193498166082
2332634,568482,4781454,5349936,8.4109153851837
2332656,568482,4781507,5349989,8.411008615928033
2332690,568491,4781566,5350057,8.410979241535927
2332894,568540,4781725,5350265,8.4105339993668
2332951,568586,4781863,5350449,8.410096273914588
2332967,568586,4781889,5350475,8.410142001385895
2333004,568586,4781970,5350556,8.410284460046501
2333392,568689,4782407,5351096,8.409529637464415
2333426,568689,4782430,5351119,8.409570081362572
2333459,568689,4782503,5351192,8.409698446778467
2333589,568689,4782503,5351192,8.409698446778467
2333656,568713,4782643,5351356,8.409589722759986
2333720,568751,4782746,5351497,8.409208950841405
2334041,568863,4783355,5352218,8.408623869015914
2334445,568944,4783891,5352835,8.408368837706346
2334503,568954,4783926,5352880,8.40828256765925
2334547,568975,4783990,5352965,8.408084713739619
2334550,568975,4783999,5352974,8.408100531657805
2334860,568975,4784448,5353423,8.40888967002065
2334878,568982,4784465,5353447,8.408816096115519
2335273,569094,4785034,5354128,8.408161041936832
2335303,569107,4785053,5354160,8.40800236159457
2335348,569122,4785073,5354195,8.407815898875812
2335357,569125,4785093,5354218,8.4078067208434
2335368,569128,4785118,5354246,8.407806328277646
2335406,569135,4785136,5354271,8.4077345445281
2335584,569202,4785299,5354501,8.40703124725493
2335646,569220,4785401,5354621,8.40694459084361
2335736,569227,4785660,5354887,8.407296210474907
2335880,569238,4785861,5355099,8.407486850842705
2335901,569246,4785886,5355132,8.407412612473342
2335942,569278,4785986,5355264,8.407115679861157
2336778,569284,4787672,5356956,8.409988687544354
2336809,569288,4787730,5357018,8.410031477916274
2336886,569346,4787897,5357243,8.4094680563313
2336916,569358,4787968,5357326,8.409415517126307
2336939,569362,4787987,5357349,8.409389808241505
2336978,569362,4788021,5357383,8.409449524204284
2337247,569362,4788537,5357899,8.410355801757055
2337333,569362,4788636,5357998,8.410529680589853
2337453,569362,4788838,5358200,8.410884463662837
2338233,569769,4790210,5359979,8.407284355589722
2338315,569769,4790345,5360114,8.407521293717279
2338939,569769,4791223,5360992,8.409062269095019
2339015,569787,4791455,5361242,8.409203790188263
2339130,569820,4791661,5361481,8.409078305429786
2339161,569820,4791691,5361511,8.409130953634481
2339301,569880,4791813,5361693,8.408459675721204
2339349,569880,4791850,5361730,8.408524601670527
2339378,569891,4791900,5361791,8.408450036936888
2339478,569891,4791961,5361852,8.408557074949421
2339644,569891,4792376,5362267,8.409285284378942
2339671,569891,4792408,5362299,8.409341435467484
2339677,569891,4792408,5362299,8.409341435467484
2340018,570104,4792949,5363053,8.407148520269986
2340056,570143,4793040,5363183,8.406733047674004
2340123,570189,4793259,5363448,8.40643891762205
2340148,570195,4793314,5363509,8.406446917282684
2340152,570196,4793322,5363518,8.406446204463027
2340223,570218,4793493,5363711,8.40642175448688
2340347,570289,4793871,5364160,8.406037991264078
2340355,570295,4793883,5364178,8.405970594166178
2340407,570311,4793957,5364268,8.405864519534079
2340430,570316,4794000,5364316,8.405866221533325
2340475,570333,4794088,5364421,8.405769962460527
2340506,570341,4794124,5364465,8.405715177411409
2340578,570373,4794254,5364627,8.405471507241753
2340732,570403,4794305,5364708,8.405118837032765
2340752,570403,4794326,5364729,8.405155653108416
2340776,570414,4794361,5364775,8.405054925019371
2340895,570414,4794900,5365314,8.405999852738537
2340954,570414,4794976,5365390,8.406133089300052
2340979,570422,4795007,5365429,8.406069541497347
2341424,570422,4795666,5366088,8.407224826531936
2341459,570427,4795684,5366111,8.40718268945895
2341503,570437,4795716,5366153,8.407091405361152
2341513,570443,4795722,5366165,8.407013496528137
2341546,570453,4795806,5366259,8.407013373582048
2341633,570479,4795975,5366454,8.40692646004498
2341659,570479,4796030,5366509,8.407022870254645
2341707,570479,4796095,5366574,8.407136809593341
2341721,570479,4796121,5366600,8.40718238532882
2341740,570484,4796136,5366620,8.407134994145322
2341833,570506,4796340,5366846,8.407168373338756
2341851,570506,4796393,5366899,8.407261273325785
2341867,570506,4796419,5366925,8.407306846904326
2341890,570512,4796444,5366956,8.407262248646829
2341996,570573,4796758,5367331,8.406913751614605
2342004,570583,4796771,5367354,8.406789196313245
2342345,570655,4797041,5367696,8.406201645477566
2342363,570662,4797087,5367749,8.406179139315391
2342711,570670,4797890,5368560,8.40746841432001
2343465,570687,4799165,5369852,8.409452116484168
2343510,570701,4799212,5369913,8.409328177101495
2343583,570726,4799262,5369988,8.409047423807571
2343810,570726,4799299,5370025,8.409112253515698
2343940,570726,4799685,5370411,8.409788585065337
2343954,570726,4799711,5370437,8.409834141076454
2344256,570947,4800339,5371286,8.407678821326673
2344278,570947,4800391,5371338,8.40776989808161
2344510,570956,4801790,5372746,8.410087642480331
2344554,570977,4801846,5372823,8.409876404828916
2344560,570983,4801857,5372840,8.409807297240024
2344795,571087,4802580,5373667,8.40954180361311
2344810,571104,4802600,5373704,8.409326497450552
2344939,571125,4802891,5374016,8.409526811118406
2345013,571125,4803120,5374245,8.409927774130006
2345014,571125,4803122,5374247,8.40993127599037
2345092,571143,4803200,5374343,8.409802798948775
2345121,571163,4803228,5374391,8.40955734177459
2345141,571174,4803254,5374428,8.409440905923589
2345170,571176,4803269,5374445,8.40943772147289
2345217,571188,4803289,5374477,8.409296063642794
2345252,571188,4803374,5374562,8.40944487629292
2345438,571303,4803768,5375071,8.408441755075678
2345469,571318,4803824,5375142,8.408319009728382
2345501,571320,4803871,5375191,8.408371840649723
2345521,571325,4803909,5375234,8.408364766113857
2345556,571328,4803994,5375322,8.408469390612748
2345567,571328,4804004,5375332,8.40848689369329
2345731,571328,4804287,5375615,8.408982230872633
2345764,571333,4804316,5375649,8.408959398459393
2345792,571345,4804361,5375706,8.408861546001102
2345830,571358,4804415,5375773,8.408764732444457
2345840,571358,4804441,5375799,8.408810238064401
2346176,571438,4805061,5376499,8.408718006152899
2346194,571438,4805071,5376509,8.408735505864152
2346201,571438,4805083,5376521,8.408756505517658
2346238,571464,4805159,5376623,8.408506922570801
2346317,571530,4805364,5376894,8.40789459870873
2346330,571536,4805376,5376912,8.407827328462249
2347511,571564,4806829,5378393,8.409957590051159
2347540,571568,4806890,5378458,8.410005458668085
2347615,571604,4807068,5378672,8.409787195331033
2347652,571627,4807163,5378790,8.409615011187364
2347813,571652,4807458,5379110,8.40976328255652
2347818,571652,4807458,5379110,8.40976328255652
2348066,571716,4807692,5379408,8.409231156728167
2348204,571783,4807981,5379764,8.408751222054521
2348234,571789,4808042,5379831,8.408769668531574
2348272,571789,4808133,5379922,8.408928818147952
2348287,571794,4808169,5379963,8.408918246781184
2348360,571832,4808246,5380078,8.408494103163166
2348404,571835,4808362,5380197,8.408652845663521
2348440,571855,4808414,5380269,8.408449694415543
2348451,571855,4808426,5380281,8.408470678755979
2348629,571903,4808844,5380747,8.40849584632359
2348818,571987,4809072,5381059,8.407659614641592
2348887,572005,4809305,5381310,8.40780237934983
2349187,572005,4809527,5381532,8.408190487845387
2349243,572011,4809600,5381611,8.408229911662538
2349245,572012,4809604,5381616,8.408222205128563
2349420,572055,4809956,5382011,8.408205504715456
2349553,572125,4810550,5382675,8.408214987983396
2349569,572133,4810567,5382700,8.408127131278915
2349602,572138,4810583,5382721,8.4080816166729
2349630,572151,4810655,5382806,8.408016415247024
2349655,572151,4810682,5382833,8.408063605586637
2349706,572151,4810830,5382981,8.408322278559332
2349864,572167,4811366,5383533,8.409023938815066
2349892,572167,4811387,5383554,8.40906064138617
2349939,572184,4811498,5383682,8.409004795660138
2349966,572213,4811567,5383780,8.408699208161996
2349978,572221,4811579,5383800,8.408602620316277
2350008,572221,4811609,5383830,8.408655047612722
2350749,572221,4813355,5385576,8.411706316265919
2350839,572256,4813620,5385876,8.411654923670525
2350854,572268,4813648,5385916,8.411527466152222
2350997,572268,4813916,5386184,8.411995778201822
2351077,572290,4814054,5386344,8.41191354033794
2351134,572322,4814156,5386478,8.41162142989436
2351172,572328,4814262,5386590,8.411718455151592
2351233,572329,4814316,5386645,8.411798109129538
2351264,572329,4814365,5386694,8.411883724221559
2351316,572329,4814423,5386752,8.41198506453456
2352172,572329,4815866,5388195,8.414506341632173
2352185,572331,4815891,5388222,8.414520618313528
2352414,572401,4816420,5388821,8.414415767966862
2352576,572401,4816922,5389323,8.41529277551926
2352596,572401,4816943,5389344,8.415329463086193
2352636,572427,4817148,5389575,8.415305357713734
2352649,572430,4817175,5389605,8.415308421990462
2352650,572430,4817175,5389605,8.415308421990462
2352761,572437,4817387,5389824,8.41557586249666
2352816,572483,4817438,5389921,8.41498874202378
2352881,572513,4817539,5390052,8.414724207135908
2352981,572553,4817604,5390157,8.414249859838304
2353004,572555,4817631,5390186,8.414267624944328
2354025,572555,4818840,5391395,8.416379212477404
2354030,572558,4818846,5391404,8.416345592935564
2354119,572558,4819073,5391631,8.416742059319754
2354174,572561,4819112,5391673,8.41676607383318
2354196,572566,4819154,5391720,8.416765927421467
2354206,572570,4819175,5391745,8.41674380425101
2354222,572570,4819201,5391771,8.416789213545941
2354294,572597,4819341,5391938,8.4166368318381
2354416,572627,4819439,5392066,8.416367024258374
2354543,572703,4819631,5392334,8.41558539068243
2354631,572773,4819790,5392563,8.414834498134514
2354937,572873,4820284,5393157,8.414227935336454
2354953,572873,4820310,5393183,8.414273320613818
2355119,572873,4820910,5393783,8.415320673168399
2355274,572873,4821136,5394009,8.415715175963957
2355288,572881,4821150,5394031,8.41562209254627
2355389,572899,4821204,5394103,8.41545193829977
2355410,572899,4821250,5394149,8.415532231684818
2355815,572977,4822288,5395265,8.41619820690883
2356017,573028,4822449,5395477,8.41573012139023
2356658,573028,4823419,5396447,8.417422883349504
2356688,573037,4823531,5396568,8.417486130913012
2356770,573095,4823710,5396805,8.416946579537424
2356904,573110,4823950,5397060,8.41714505068835
2356992,573166,4824113,5397279,8.416607056245486
2357037,573187,4824177,5397364,8.416410351246626
2357043,573191,4824186,5397377,8.416367319096079
2357060,573193,4824214,5397407,8.416386801653195
2357092,573201,4824249,5397450,8.416330397190514
2357478,573504,4825238,5398742,8.413608274746123
2357498,573520,4825269,5398789,8.413427604965825
2357556,573559,4825429,5398988,8.413134481369832
2357696,573646,4825699,5399345,8.412329206514121
2357725,573649,4825710,5399359,8.412304388223461
2357787,573649,4825774,5399423,8.41241595470401
2357790,573649,4825778,5399427,8.412422927609043
2358194,573649,4826395,5400044,8.413498498210577
2358285,573649,4826706,5400355,8.414040641576992
2358330,573653,4826749,5400402,8.414056929886186
2358397,573657,4826843,5400500,8.414162121267587
2358422,573661,4826889,5400550,8.414183638071963
2358481,573670,4827028,5400698,8.414293932051528
2358564,573730,4827133,5400863,8.413596988130305
2358692,573730,4827513,5401243,8.41425932058634
2358960,573875,4828386,5402261,8.413654541494228
2358975,573883,4828426,5402309,8.413606954727706
2359711,574259,4829448,5403707,8.409877772921277
2359718,574263,4829455,5403718,8.40983138387812
2359851,574263,4829917,5404180,8.410635893310207
2359867,574265,4829930,5404195,8.410629239114346
2359879,574265,4829939,5404204,8.410644911321429
2359931,574277,4829998,5404275,8.410571901712936
2359981,574277,4830089,5404366,8.410730361828874
2360027,574277,4830208,5404485,8.41093757890356
2360092,574277,4830299,5404576,8.411096039019498
2360271,574377,4830793,5405170,8.410491715371611
2360327,574377,4830871,5405248,8.410627514681124
2360355,574385,4830899,5405284,8.410559119754172
2360405,574411,4830971,5405382,8.410303772037791
2360464,574411,4831220,5405631,8.410737259558053
2360583,574411,4831370,5405781,8.41099839661845
2360674,574414,4831465,5405879,8.411119854321099
2360711,574429,4831519,5405948,8.41099422208837
2361709,574434,4832718,5407152,8.413008282935898
2361724,574440,4832742,5407182,8.412962189262586
2362146,574440,4833455,5407895,8.414203398092054
2362186,574468,4833524,5407992,8.413913394653836
2362236,574486,4833625,5408111,8.413825576254252
2362262,574505,4833672,5408177,8.413629124202574
2362317,574535,4833712,5408247,8.413259418486254
2362342,574546,4833751,5408297,8.413166221677638
2362360,574547,4833783,5408330,8.413207274600685
2364144,574705,4836998,5411703,8.41648845929651
2364171,574718,4837054,5411772,8.416395519193761
2364190,574725,4837102,5411827,8.41637652790465
2364240,574766,4837266,5412032,8.416061492851004
2364620,574766,4837982,5412748,8.417307217197955
2364635,574775,4837991,5412766,8.417191074768388
2364663,574792,4838024,5412816,8.41699954070342
2364739,574814,4838086,5412900,8.416785255752295
2364746,574814,4838100,5412914,8.416809611456923
2364931,574824,4838368,5413192,8.417129417004162
2365031,574848,4838463,5413311,8.416943261523047
2365056,574861,4838492,5413353,8.416803366379003
2365291,574861,4839183,5414044,8.418005396087054
2365588,574996,4839813,5414809,8.417124640867067
2365630,575007,4839892,5414899,8.417101009205105
2365727,575033,4840013,5415046,8.41693085440314
2365762,575046,4840082,5415128,8.416860564198343
2365772,575046,4840098,5415144,8.41688838805939
2365797,575058,4840128,5415186,8.4167649176257
2365827,575058,4840158,5415216,8.416817086276515
2365860,575067,4840192,5415259,8.416744483686248
2366278,575067,4841326,5416393,8.418716427824931
2366305,575075,4841373,5416448,8.41868104160327
2366338,575080,4841389,5416469,8.418635668080963
2366366,575082,4841404,5416486,8.418632473282072
2366556,575187,4841735,5416922,8.417671122608821
2366573,575195,4841749,5416944,8.417578386460244
2366648,575195,4841749,5416944,8.417578386460244
2366654,575198,4841757,5416955,8.41754839203196
2367920,575199,4841766,5416965,8.417549404640829
2368070,575231,4842078,5417309,8.417623528634584
2368321,575231,4842584,5417815,8.41850317524612
2368363,575250,4842674,5417924,8.41838157322903
2368421,575256,4842700,5417956,8.418338965608354
2368432,575256,4842717,5417973,8.418368517668656
2369009,575559,4843756,5419315,8.415741913513646
2369071,575559,4843820,5419379,8.415853109759382
2369177,575586,4844062,5419648,8.415878773979909
2369202,575595,4844138,5419733,8.415879220632563
2369814,575595,4844877,5420472,8.417163109478018
2369914,575613,4845095,5420708,8.417278622963693
2369934,575616,4845113,5420729,8.417266024571937
2369956,575623,4845132,5420755,8.417196672127417
2371307,575623,4848231,5423854,8.422580404188158
2371332,575633,4848280,5423913,8.422519209287863
2371343,575645,4848323,5423968,8.422418330742037
2371383,575668,4848397,5424065,8.422210371255654
2371459,575692,4848614,5424306,8.422236195743558
2371479,575700,4848652,5424352,8.42218516588501
2371503,575700,4848714,5424414,8.422292860865033
2371562,575736,4848841,5424577,8.421986813400586
2371595,575748,4848901,5424649,8.421915490805006
2371613,575748,4848911,5424659,8.421932859514927
2371675,575789,4849072,5424861,8.421612778292047
2371769,575811,4849247,5425058,8.421594933059632
2372319,575811,4850412,5426223,8.423618166377508
2372350,575813,4850465,5426278,8.423680951975728
2372375,575823,4850493,5426316,8.423583288614731
2372427,575826,4850514,5426340,8.423575871877963
2372612,575826,4850836,5426662,8.424135068579744
2372630,575843,4850874,5426717,8.42395236201534
2372633,575843,4850883,5426726,8.423967991275399
2373164,575843,4851492,5427335,8.42502557120604
2373268,575902,4851680,5427582,8.424488888734542
2373320,575947,4851821,5427768,8.424075479167353
2373334,575958,4851838,5427796,8.423944107035583
2373485,575976,4852093,5428069,8.424123574593386
2373501,575976,4852119,5428095,8.42416871536314
2373739,576069,4852765,5428834,8.423930119482215
2374866,576519,4855633,5432152,8.422329532938203
2374888,576525,4855657,5432182,8.422283508954512
2375543,576985,4856890,5433875,8.417705832907268
2375548,576987,4856897,5433884,8.417688786749094
2375630,577033,4857012,5434045,8.41721703958006
2375646,577033,4857038,5434071,8.41726209766166
2376270,577033,4857916,5434949,8.418783674417234
2376285,577037,4857947,5434984,8.418779038432545
2376561,577046,4859645,5436691,8.42159030649203
2376600,577059,4859706,5436765,8.421506293117341
2376745,577163,4860065,5437228,8.420610815315603
2376765,577172,4860099,5437271,8.420538418357093
2376833,577198,4860257,5437455,8.420432849732673
2376836,577199,4860260,5437459,8.4204234588071
2376952,577199,4860454,5437653,8.420759564725511
2376968,577199,4860480,5437679,8.420804609848597
2377000,577199,4860528,5437727,8.420887770075831
2377192,577206,4860604,5437810,8.420917315481821
2377235,577221,4860648,5437869,8.420774711938755
2377250,577227,4860683,5437910,8.42074781671682
2377291,577246,4860749,5437995,8.42058498456464
2377296,577248,4860756,5438004,8.420567936138367
2377399,577309,4860996,5438305,8.420093918508112
2377491,577365,4861168,5438533,8.41957513877703
2377572,577403,4861321,5438724,8.419286009944528
2377699,577403,4861747,5439150,8.420023796204731
2377716,577418,4861798,5439216,8.419893387459345
2378019,577530,4862026,5439556,8.41865530794937
2399813,577530,4927404,5504934,8.531858085294271
2400932,577530,4929448,5506978,8.535397295378596
2400974,577530,4929519,5507049,8.535520232715184
2400995,577544,4929580,5507124,8.53541894643525
2400996,577544,4929582,5507126,8.53542240937487
2401040,577563,4929646,5507209,8.535252431336495
2401061,577563,4929676,5507239,8.535304373722001
2401341,577649,4929891,5507540,8.534405841609697
2401386,577665,4929935,5507600,8.534245626790614
2401547,577723,4930246,5507969,8.53392715886333
2401615,577748,4930344,5508092,8.533727507494618
2401862,577748,4931165,5508913,8.535148542271024
2401863,577748,4931174,5508922,8.535164119996955
2401992,577748,4931557,5509305,8.535827038778152
2402234,577748,4931730,5509478,8.536126477287675
2402247,577752,4931748,5509500,8.536098533626886
2402890,577946,4932255,5510201,8.534110453225734
2402911,577955,4932279,5510234,8.534019084530803
2402926,577959,4932297,5510256,8.533991165463295
2403037,577959,4932475,5510434,8.534299145787157
2404820,577962,4934973,5512935,8.538576930663261
2404875,577977,4935103,5513080,8.53858025492364
2404910,577977,4935131,5513108,8.538628699757949
2404949,577985,4935226,5513211,8.538674879105859
2404978,578006,4935252,5513258,8.538409635886133
2404986,578011,4935281,5513292,8.538385947672277
2405100,578020,4935322,5513342,8.53832393342791
2407151,579064,4941425,5520489,8.533469530138293
2407190,579084,4941504,5520588,8.533311229458938
2407540,579084,4942143,5521227,8.534414696313489
2407555,579093,4942167,5521260,8.534323502442613
2407570,579093,4942174,5521267,8.534335590311056
2407597,579102,4942200,5521302,8.534247852709886
2408435,579537,4943538,5523075,8.530150792788035
2408543,579537,4943681,5523218,8.530397541485703
2408796,579537,4944123,5523660,8.531160219278494
2409042,579537,4944553,5524090,8.531902190886862
2409076,579541,4944587,5524128,8.5319019706975
2409092,579549,4944618,5524167,8.531837687581206
2409685,579549,4945916,5525465,8.534077360154189
2409765,579552,4946051,5525603,8.5342661227983
2409785,579561,4946094,5525655,8.534207788308738
2409811,579568,4946119,5525687,8.534147848052342
2409837,579576,4946147,5525723,8.534078360732673
2409979,579724,4946443,5526167,8.532410250395015
2410144,579729,4946782,5526511,8.53292141673092
2410398,579918,4947444,5527362,8.531282008835731
2411198,579918,4948361,5528279,8.532863266875662
2411509,580056,4949226,5529282,8.532324465224047
2411531,580068,4949245,5529313,8.532180709847811
2411604,580068,4949339,5529407,8.532342759814366
2413123,580682,4951796,5532478,8.527552085306588
2413255,580753,4952026,5532779,8.526905586368043
2413320,580753,4952169,5532922,8.527151818415058
2413465,580785,4952308,5533093,8.52692132200384
2413512,580821,4952347,5533168,8.526459959264558
2413680,580841,4952765,5533606,8.526886015277848
2413774,580881,4952984,5533865,8.52667585959947
2413814,580893,4953029,5533922,8.526577183749847
2414006,581039,4953325,5534364,8.524944108743131
2414119,581128,4953534,5534662,8.52399815531174
2414135,581135,4953571,5534706,8.523959148906881
2414231,581135,4953670,5534805,8.524129505192425
2414273,581152,4953725,5534877,8.52397479489015
2414555,581152,4954001,5535153,8.524449713672155
2414588,581157,4954030,5535187,8.524426273795205
2414675,581201,4954132,5535333,8.523956428154804
2415117,581201,4955180,5536381,8.525759590916051
2415321,581201,4955864,5537065,8.526936464321293
2415394,581226,4955953,5537179,8.526722823824123
2415396,581226,4955958,5537184,8.526731426329862
2415406,581226,4955974,5537200,8.526758954348223
2415424,581226,4955984,5537210,8.526776159359699
2415528,581261,4956103,5537364,8.526467456099756
2415589,581286,4956180,5537466,8.526233213942879
2415726,581341,4956322,5537663,8.525670819708226
2415811,581341,4956552,5537893,8.526066456692371
2415984,581403,4956915,5538318,8.525781600714135
2416096,581421,4957202,5538623,8.526011272382663
2416112,581421,4957228,5538649,8.526055990409704
2416149,581421,4957329,5538750,8.526229702745514
2416186,581426,4957358,5538784,8.526206258406058
2416235,581426,4957463,5538889,8.526386848885327
2416405,581426,4957808,5539234,8.526980217602928
2416434,581441,4957878,5539319,8.526880629332984
2416548,581441,4958037,5539478,8.527154087861021
2416852,581471,4958407,5539878,8.527350461157994
2416947,581471,4958511,5539982,8.527529317885158
2416951,581471,4958520,5539991,8.527544795871162
2416962,581473,4958529,5540002,8.527530942967257
2417065,581521,4958726,5540247,8.527165828921053
2417153,581533,4958908,5540441,8.5273028357806
2417349,581612,4959449,5541061,8.527074750864838
2417355,581612,4959460,5541072,8.527093663817116
2417396,581642,4959548,5541190,8.526805148183934
2417650,581722,4960064,5541786,8.5265195402615
2417675,581735,4960103,5541838,8.526396039433763
2417714,581764,4960185,5541949,8.526111962926548
2417731,581764,4960220,5541984,8.52617212477912
2418052,581767,4960618,5542385,8.526812280517802
2418080,581786,4960667,5542453,8.52661803481005
2418114,581790,4960716,5542506,8.526643634301037
2418179,581801,4960819,5542620,8.526659459162154
2418196,581807,4960837,5542644,8.526602464391113
2418285,581840,4961027,5542867,8.526445414546954
2418318,581840,4961091,5542931,8.526555410422109
2419395,582475,4962953,5545428,8.52045667196017
2419441,582475,4963042,5545517,8.52060946821752
2419545,582512,4963144,5545656,8.520243359793445
2419823,582640,4963597,5546237,8.519149045722916
2419831,582640,4963619,5546259,8.519186804888095
2419863,582650,4963687,5546337,8.519157298549729
2419927,582668,4963789,5546457,8.5190691783314
2419944,582670,4963815,5546485,8.51908455901282
2419994,582693,4963955,5546648,8.518988558297423
2420605,582957,4964781,5547738,8.51654753266536
2420614,582959,4964795,5547754,8.516542329735024
2420628,582963,4964828,5547791,8.516540500855115
2420798,582963,4965173,5548136,8.51713230513772
2420819,582972,4965187,5548159,8.517024831381267
2420843,582978,4965210,5548188,8.516976626905304
2420860,582981,4965240,5548221,8.51698425849213
2420887,582981,4965290,5548271,8.51707002458056
2420904,582987,4965311,5548298,8.517018389775416
2420977,583007,4965409,5548416,8.516894308301616
2421006,583014,4965459,5548473,8.51687781082444
2421061,583032,4965542,5548574,8.51675722773364
2421072,583032,4965554,5548586,8.516777809794316
2421118,583075,4965699,5548774,8.516398405007932
2421136,583084,4965723,5548807,8.51630811341076
2421437,583084,4965725,5548809,8.516311543448285
2421511,583104,4965792,5548896,8.516134343101745
2421557,583113,4965900,5549013,8.516188114482098
2421568,583116,4965944,5549060,8.516219757303864
2421680,583117,4966104,5549221,8.516479540126596
2421715,583126,4966151,5549277,8.516428696370939
2421791,583156,4966443,5549599,8.516491299069203
2421800,583158,4966458,5549616,8.516487812908338
2421820,583176,4966496,5549672,8.516290107960547
2421859,583187,4966565,5549752,8.516247790159932
2422490,583187,4967876,5551063,8.518495782656334
2422542,583211,4968012,5551223,8.51837842564698
2422584,583223,4968133,5551356,8.518410625095376
2422828,583432,4968805,5552237,8.516510921581263
2422872,583460,4968868,5552328,8.516210194357797
2422895,583472,4968881,5552353,8.516057325801409
2423069,583542,4969042,5552584,8.5153116656556
2423232,583545,4969346,5552891,8.515788842334352
2423242,583547,4969353,5552900,8.515771651640742
2423267,583559,4969398,5552957,8.51567365082194
2423326,583566,4969500,5553066,8.51574629090797
2423345,583584,4969537,5553121,8.515547033503317
2423857,583713,4970173,5553886,8.514754682523774
2423878,583732,4970202,5553934,8.51452721454366
2423897,583742,4970225,5553967,8.514420754374363
2424073,583751,4971242,5554993,8.516031664185586
2424281,583873,4971607,5555480,8.514877379156083
2424338,583873,4971652,5555525,8.514954450711027
2424354,583880,4971681,5555561,8.514902034664658
2424562,583922,4971913,5555835,8.514686893112437
2424597,583922,4971947,5555869,8.514745120067406
2424615,583922,4971964,5555886,8.514774233544891
2424635,583922,4971985,5555907,8.514810197252373
2424706,583959,4972146,5556105,8.514546397949172
2424727,583964,4972154,5556118,8.514487194416095
2424734,583968,4972167,5556135,8.514451134308729
2424774,583998,4972260,5556258,8.514172993743129
2424810,583998,4972285,5556283,8.514215802108911
2424811,583998,4972287,5556285,8.514219226778174
2424921,584007,4972619,5556626,8.514656502404938
2424972,584019,4972724,5556743,8.514661338072905
2424995,584019,4972758,5556777,8.514719555356931
2425013,584022,4972780,5556802,8.514713486820702
2425206,584038,4973306,5557344,8.515380848506434
2425212,584038,4973320,5557358,8.515404819549413
2425427,584047,4974591,5558638,8.517449794280255
2425473,584069,4974643,5558712,8.517217999928091
2425504,584076,4974670,5558746,8.517162150131147
2425515,584076,4974692,5558768,8.517199816462242
2425524,584078,4974714,5558792,8.517208318067107
2425560,584088,4974792,5558880,8.517196038953035
2425659,584137,4974951,5559088,8.516753775227386
2425836,584137,4975364,5559501,8.517460801147676
2425879,584164,4975405,5559569,8.5171373107552
2425970,584164,4975432,5559596,8.517183530652352
2426351,584378,4975933,5560311,8.514921848529548
2426367,584378,4975959,5560337,8.51496634027975
2426377,584378,4975959,5560337,8.51496634027975
2426778,584477,4976289,5560766,8.514088663882411
2426796,584477,4976316,5560793,8.514134859027815
2426819,584483,4976355,5560838,8.514114182961695
2427085,584546,4977010,5561556,8.514317093949835
2427106,584552,4977033,5561585,8.514269047065103
2427131,584552,4977060,5561612,8.514315236283513
2427198,584552,4977133,5561685,8.5144401182444
2427240,584575,4977212,5561787,8.514240260017962
2427262,584584,4977255,5561839,8.514182735073145
2427605,584584,4977837,5562421,8.515178314835849
2427693,584584,4978252,5562836,8.515888221367673
2427999,584718,4978772,5563490,8.514825950287147
2428215,584769,4978890,5563659,8.51428512797361
2428368,584843,4979235,5564078,8.513797720071883
2428406,584846,4979282,5564128,8.513834411109933
2428505,584878,4979378,5564256,8.513532736741679
2429857,584892,4980338,5565230,8.514970285112465
2429872,584892,4980359,5565251,8.515006189176805
2429961,584941,4980516,5565457,8.514561297635145
2429984,584952,4980555,5565507,8.514467853772617
2430054,584988,4980666,5565654,8.51413362325381
2430382,584988,4981299,5566287,8.515215696732241
2430406,584988,4981320,5566308,8.51525159490451
2430420,584988,4981327,5566315,8.515263560961934
2430429,584998,4981343,5566341,8.515145350924277
2430471,585019,4981464,5566483,8.51504651985662
2430480,585021,4981484,5566505,8.515051596438418
2431478,585021,4982688,5567709,8.51710964221797
2431594,585072,4983115,5568187,8.51709704104794
2431660,585109,4983261,5568370,8.516807979367947
2431735,585121,4983421,5568542,8.51690675945659
2431762,585121,4983457,5568578,8.516968285192293
2431778,585121,4983483,5568604,8.517012720445857
2431883,585121,4983739,5568860,8.51745023678863
2431917,585130,4983788,5568918,8.51740297028011
2431934,585138,4983849,5568987,8.517390769356972
2431998,585164,4984000,5569164,8.517270372066635
2432065,585164,4984073,5569237,8.517395123418392
2432074,585167,4984086,5569253,8.517373672814768
2432133,585167,4984155,5569322,8.517491587871497
2432150,585181,4984174,5569355,8.517320282100751
2432261,585181,4984389,5569570,8.517687689791705
2432343,585190,4984539,5569729,8.517813017994156
2432753,585203,4985380,5570583,8.519060907069854
2433321,585203,4986771,5571974,8.52143786002464
2433328,585203,4986771,5571974,8.52143786002464
2433338,585207,4986791,5571998,8.521413790334018
2433368,585207,4986868,5572075,8.521545367707494
2433388,585208,4986882,5572090,8.521554729258657
2433473,585245,4987043,5572288,8.521291083221557
2433517,585245,4987115,5572360,8.521414108621176
2433587,585245,4987236,5572481,8.52162085963998
2434023,585469,4988114,5573583,8.519860146310052
2434089,585490,4988228,5573718,8.519749269842354
2434116,585490,4988298,5573788,8.519868827819433
2434129,585490,4988321,5573811,8.51990811115476
2434577,585632,4990311,5575943,8.521240301076444
2434600,585632,4990363,5575995,8.521329094038578
2434635,585632,4990512,5576144,8.521583520026228
2434702,585685,4990656,5576341,8.521058248034352
2434830,585761,4991105,5576866,8.520719201175906
2434909,585761,4991209,5576970,8.520896747991074
2434998,585761,4991294,5577055,8.521041858368857
2435033,585761,4991306,5577067,8.521062344539837
2435047,585761,4991339,5577100,8.521118681510035
2435053,585761,4991350,5577111,8.521137460500102
2435997,585761,4993433,5579194,8.52469351834622
2436033,585770,4993459,5579229,8.524606927633712
2436055,585774,4993480,5579254,8.52458456674417
2436102,585774,4993594,5579368,8.524779181049347
2436122,585774,4993630,5579404,8.52484063819835
2436201,585815,4993899,5579714,8.524703191280524
2436230,585827,4993934,5579761,8.524588317028748
2436240,585827,4993950,5579777,8.524615628846059
2436382,585897,4994255,5580152,8.524117720350164
2436619,585897,4994655,5580552,8.524800434206012
2436685,585909,4994756,5580665,8.52479821951873
2436755,585957,4994944,5580901,8.524420733944641
2436865,585976,4995009,5580985,8.524255259601075
2437021,585976,4995152,5581128,8.524499296899531
2437127,586013,4995355,5581368,8.524307481233352
2437409,586115,4995756,5581871,8.523508185253748
2437425,586115,4995782,5581897,8.52355254514899
2437562,586139,4995927,5582066,8.523450922050912
2437578,586139,4995953,5582092,8.523495280129799
2437594,586139,4995968,5582107,8.523520871329156
2437622,586160,4995997,5582157,8.523264978845367
2437657,586173,4996036,5582209,8.523142485239
2437680,586173,4996084,5582257,8.523224372326942
2437690,586180,4996104,5582284,8.523156709543144
2437716,586194,4996161,5582355,8.52305038946151
2437754,586216,4996215,5582431,8.522822645577738
2437800,586242,4996314,5582556,8.522613528201664
2437913,586270,4996562,5582832,8.522629505176795
2437984,586291,4996734,5583025,8.522617607979655
2438007,586291,4996763,5583054,8.522667071471334
2438094,586336,4996868,5583204,8.522192053702996
2438244,586381,4997044,5583425,8.521838190528001
2438298,586381,4997140,5583521,8.522001906610207
2438615,586520,4997525,5584045,8.520638682397871
2438737,586559,4997843,5584402,8.520614294555195
2438766,586575,4997890,5584465,8.520462004006308
2438810,586589,4997932,5584521,8.520330248265822
2438814,586589,4997935,5584524,8.520335362579251
2439579,586773,4999169,5585942,8.519766587760515
2441071,587582,5002556,5590138,8.51380062697632
2441142,587594,5002694,5590288,8.513861611929325
2441189,587606,5002739,5590345,8.513764325074964
2441235,587636,5002801,5590437,8.5134351877693
2441263,587650,5002865,5590515,8.513341274568196
2441303,587650,5002914,5590564,8.513424657534246
2441321,587658,5002935,5590593,8.513344496288658
2441340,587666,5002967,5590633,8.51328305534096
2441411,587666,5003094,5590760,8.513499164491394
2441448,587666,5003142,5590808,8.513580843540378
2441450,587666,5003142,5590808,8.513580843540378
2441491,587674,5003236,5590910,8.51362490088042
2441576,587752,5003364,5591116,8.512712844873349
2441592,587752,5003379,5591131,8.512738365841376
2441635,587771,5003452,5591223,8.512587385223156
2441655,587777,5003471,5591248,8.512532814315634
2441732,587780,5003538,5591318,8.512603354996768
2441768,587801,5003585,5591386,8.512379189555649
2441956,587827,5003754,5591581,8.512290180614364
2441961,587828,5003760,5591588,8.512285906761841
2441979,587828,5003789,5591617,8.512335240920814
2442284,587828,5004699,5592527,8.513883312805786
2442804,588079,5005678,5593757,8.511914215607087
2442813,588081,5005694,5593775,8.511912474642099
2442823,588090,5005716,5593806,8.511819619446003
2442915,588134,5005845,5593979,8.511402163452546
2443215,588134,5006067,5594201,8.51177962845202
2443249,588134,5006133,5594267,8.511891847776187
2443264,588134,5006159,5594293,8.511936055388738
2443269,588134,5006170,5594304,8.511954758609432
2443301,588134,5006219,5594353,8.512038072956162
2443344,588143,5006260,5594403,8.511977529274343
2443346,588143,5006265,5594408,8.511986030608202
2443383,588154,5006304,5594458,8.51189314363245
2443398,588154,5006348,5594502,8.511967953971238
2443409,588154,5006374,5594528,8.512012160080523
2443453,588154,5006536,5594690,8.512287598146063
2443461,588154,5006551,5594705,8.512313101670651
2443578,588158,5006620,5594778,8.512372525749884
2443651,588183,5006723,5594906,8.512185833320583
2443669,588188,5006758,5594946,8.512172978707488
2443793,588238,5006951,5595189,8.51177754582329
2443805,588249,5006974,5595223,8.511657478380753
2443832,588249,5007024,5595273,8.5117424764003
2444109,588249,5007246,5595495,8.512119867607085
2444298,588301,5007614,5595915,8.51199301038074
2444315,588310,5007666,5595976,8.51195118219986
2444341,588331,5007706,5596037,8.511715343913545
2444350,588333,5007721,5596054,8.511711904652637
2444474,588391,5007854,5596245,8.511098912117962
2445286,588391,5009561,5597952,8.514000044188304
2445470,588532,5009965,5598497,8.512646720993931
2445537,588558,5010072,5598630,8.51245246857574
2445629,588558,5010127,5598685,8.512545917309764
2446016,588687,5010997,5599684,8.512158413554232
2446032,588687,5011020,5599707,8.51219748355238
2446079,588693,5011359,5600052,8.512686578573213
2446105,588700,5011411,5600111,8.512673687786648
2446148,588712,5011439,5600151,8.51254773131854
2446168,588712,5011460,5600172,8.512583402410687
2446329,588712,5011847,5600559,8.513240769680252
2446609,588712,5012310,5601022,8.51402723233092
2447355,588814,5013150,5601964,8.513978947511438
2447440,588821,5013340,5602161,8.514200410651116
2447471,588828,5013357,5602185,8.514128064562147
2447759,588828,5013924,5602752,8.515090994314129
2447832,588828,5014046,5602874,8.515298185548241
2447909,588853,5014147,5603000,8.515108184895041
2447937,588870,5014190,5603060,8.514935384719887
2447970,588870,5014263,5603133,8.515059350960314
2449088,588877,5016297,5605174,8.518412164170106
2449221,588877,5016517,5605394,8.518785756618104
2449296,588877,5016623,5605500,8.518965760252142
2449358,588877,5016640,5605517,8.518994628759486
2449407,588894,5016672,5605566,8.518803044350935
2449414,588898,5016676,5605574,8.518751974026062
2449421,588900,5016681,5605581,8.518731533367294
2449502,588963,5016839,5605802,8.518088572626803
2449526,588976,5016891,5605867,8.517988848442041
2449537,588984,5016909,5605893,8.517903712155169
2449553,588989,5016948,5605937,8.517897617782335
2449702,589050,5017155,5606205,8.517366946778711
2449713,589050,5017155,5606205,8.517366946778711
2449849,589050,5017597,5606647,8.518117307529073
2449901,589061,5017626,5606687,8.518007472910275
2449963,589082,5017743,5606825,8.517902431240472
2450196,589171,5018373,5607544,8.517685018441165
2450283,589216,5018588,5607804,8.5173993917341
2450325,589242,5018651,5607893,8.517130482891579
2450380,589243,5018757,5608000,8.517295920358833
2450383,589243,5018766,5608009,8.517311194193228
2450403,589256,5018788,5608044,8.517160622887166
2450437,589278,5018834,5608112,8.516920706355913
2450444,589282,5018845,5608127,8.516881560950445
2451247,589282,5020791,5610073,8.520183884795395
2451256,589282,5020803,5610085,8.520204248560113
2451259,589282,5020812,5610094,8.52021952138365
2451490,589319,5020911,5610230,8.519852575599971
2451778,589440,5021395,5610835,8.518924742128121
2451789,589442,5021418,5610860,8.51893485703428
2451808,589454,5021479,5610933,8.51886491566772
2451841,589464,5021528,5610992,8.518803523200738
2451879,589476,5021603,5611079,8.518757337024747
2451886,589476,5021603,5611079,8.518757337024747
2451991,589542,5021710,5611252,8.517985147792693
2452459,589680,5022474,5612154,8.517287342287343
2452473,589690,5022496,5612186,8.517180213332429
2452512,589716,5022603,5612319,8.516986142482144
2452610,589716,5022725,5612441,8.517193021725712
2452969,589716,5023784,5613500,8.518988801389144
2452994,589725,5023819,5613544,8.518918139810928
2453059,589725,5023897,5613622,8.519050404849718
2453102,589743,5023958,5613701,8.51889382324165
2453119,589751,5023977,5613728,8.51881048103352
2453140,589763,5024030,5613793,8.518727014071754
2453232,589807,5024106,5613913,8.518220367001408
2453239,589807,5024123,5613930,8.518249189989268
2453248,589809,5024144,5613953,8.518255909964074
2453331,589828,5024278,5614106,8.518208698128946
2453544,589893,5024699,5614592,8.517983769937938
2453627,589910,5024752,5614662,8.517828143276093
2453640,589915,5024774,5614689,8.517793241399184
2453675,589927,5024816,5614743,8.517691171958564
2453743,589927,5024908,5614835,8.517847123457647
2453767,589943,5024948,5614891,8.517683911835551
2453768,589943,5024957,5614900,8.517699167546695
2453790,589943,5024981,5614924,8.517739849443082
2454013,589943,5025459,5615402,8.518550097212781
2454030,589943,5025486,5615429,8.518595864346217
2454058,589943,5025526,5615469,8.51866366750686
2454073,589950,5025572,5615522,8.518640562759556
2454130,589950,5025651,5615601,8.518774472412916
2454157,589962,5025685,5615647,8.518658828873724
2454200,589964,5025697,5615661,8.518650290526201
2454232,589964,5025779,5615743,8.518789282057888
2454256,589974,5025830,5615804,8.51873133392319
2454266,589985,5025852,5615837,8.518609795164284
2454315,589985,5025961,5615946,8.518794545624042
2454346,590024,5026092,5616116,8.518453486637831
2454486,590065,5026296,5616361,8.518207316143137
2454504,590065,5026323,5616388,8.518253073813902
2454526,590069,5026349,5616418,8.518239392342252
2454555,590084,5026374,5616458,8.518065224612089
2454589,590084,5026412,5616496,8.518129622223277
2454987,590249,5027321,5617570,8.517288466392996
2455020,590261,5027360,5617621,8.517181382473177
2455050,590275,5027412,5617687,8.517067468552794
2455065,590275,5027438,5617713,8.517111515818899
2455309,590370,5027910,5618280,8.516540474617612
2455882,590467,5029202,5619669,8.517329503596306
2455977,590468,5029543,5620011,8.517892586897172
2456219,590468,5030393,5620861,8.519332122993964
2456394,590549,5030634,5621183,8.518571701924818
2456403,590555,5030664,5621219,8.5185359534675
2456416,590566,5030706,5621272,8.518448403734721
2456464,590566,5030818,5621384,8.518638052309141
2456468,590566,5030828,5621394,8.518654985217571
2456494,590566,5030847,5621413,8.518687157743589
2456638,590566,5031042,5621608,8.519017349457977
2456804,590597,5031322,5621919,8.519044289083757
2456848,590599,5031384,5621983,8.519120418422652
2456896,590611,5031469,5622080,8.519091246184036
2456898,590611,5031479,5622090,8.519108177802309
2456938,590611,5031521,5622132,8.519179290599057
2457052,590611,5031774,5622385,8.519607660541372
2457086,590621,5031872,5622493,8.519629339288647
2457324,590623,5032870,5623493,8.521290230824063
2457337,590639,5032952,5623591,8.521198227682222
2457822,590763,5034375,5625138,8.521818394178377
2457909,590784,5034819,5625603,8.522267021449464
2457949,590795,5034890,5625685,8.522228522583976
2457977,590834,5034956,5625790,8.521777690518826
2458546,590847,5035734,5626581,8.522906945452883
2458570,590856,5035780,5626636,8.52285497650866
2458588,590864,5035815,5626679,8.522798816648162
2458597,590866,5035830,5626696,8.52279535461509
2458619,590867,5035835,5626702,8.52278939253673
2458868,590867,5036171,5627038,8.523358048427141
2458993,590880,5036312,5627192,8.523409152450583
2459089,590921,5036406,5627327,8.522976844620516
2459284,590921,5036805,5627726,8.523652061781524
2459396,590967,5036917,5627884,8.523178113160295
2459427,590981,5036959,5627940,8.52304727224733
2459683,591002,5037460,5628462,8.523592136744037
2459813,591002,5037846,5628848,8.524245264821438
2459845,591002,5037867,5628869,8.524280797696116
2459853,591002,5037885,5628887,8.52431125444584
2459926,591025,5037970,5628995,8.524123345036166
2459946,591025,5037991,5629016,8.524158876528066
2460024,591025,5038148,5629173,8.524424516729411
2460034,591035,5038165,5629200,8.524309051071425
2460046,591048,5038190,5629238,8.524163858096127
2460084,591065,5038210,5629275,8.523952526371888
2460138,591084,5038312,5629396,8.523851093922353
2460299,591084,5038632,5629716,8.52439247213594
2460819,591282,5039212,5630494,8.522518865786544
2460897,591301,5039363,5630664,8.522500384744825
2460915,591301,5039390,5630691,8.522546046768058
2461004,591317,5039544,5630861,8.522575877236745
2461020,591320,5039553,5630873,8.522547859027261
2461022,591320,5039553,5630873,8.522547859027261
2461055,591320,5039555,5630875,8.522551241290671
2461148,591368,5039696,5631064,8.522097915342055
2461309,591401,5039970,5631371,8.522085691434407
2461358,591424,5040058,5631482,8.5219030678498
2461486,591424,5040397,5631821,8.522476260686073
2461489,591424,5040403,5631827,8.522486405692025
2461513,591434,5040442,5631876,8.522408248426705
2461720,591527,5040768,5632295,8.521619469610009
2461722,591527,5040770,5632297,8.521622850689825
2461762,591557,5040856,5632413,8.521336067361219
2461795,591568,5040938,5632506,8.52131623076299
2461820,591568,5040993,5632561,8.52140920401374
2461887,591568,5041053,5632621,8.521510629378195
2461908,591576,5041082,5632658,8.521444412890313
2462058,591637,5041331,5632968,8.520986686092993
2462063,591639,5041338,5632977,8.520969712949958
2462111,591675,5041496,5633171,8.520718299742256
2462359,591825,5041906,5633731,8.519251467917035
2462434,591838,5041968,5633806,8.519169096948827
2462437,591838,5041977,5633815,8.519184303812867
2462476,591840,5042125,5633965,8.51940558258989
2462499,591852,5042152,5634004,8.519278468265716
2462608,591852,5042397,5634249,8.519692423105777
2462649,591882,5042471,5634353,8.51938562078252
2462742,591946,5042663,5634609,8.518788876012339
2462782,591962,5042736,5634698,8.51868194242198
2462946,591967,5043091,5635058,8.519209685675046
2462959,591969,5043102,5635071,8.519199485108173
2463027,591989,5043165,5635154,8.519018089863156
2463043,591992,5043194,5635186,8.519023905728456
2463046,591992,5043203,5635195,8.519039108636603
2463083,592005,5043236,5635241,8.518907779495105
2463118,592014,5043281,5635295,8.518854283851395
2463248,592014,5043667,5635681,8.519506295459228
2463343,592014,5043811,5635825,8.519749532950234
2463358,592024,5043830,5635854,8.519637717389836
2463372,592024,5043830,5635854,8.519637717389836
2463392,592024,5043860,5635884,8.519688391011176
2463431,592035,5043923,5635958,8.519636507976724
2463494,592057,5043996,5636053,8.519443229283667
2463563,592057,5044219,5636276,8.519819882207287
2463622,592096,5044371,5636467,8.51951541641896
2463685,592156,5044453,5636609,8.518790656516188
2463801,592156,5044614,5636770,8.519062544329534
2463814,592167,5044643,5636810,8.51895326825034
2463828,592171,5044676,5636847,8.518951451523293
2463846,592171,5044719,5636890,8.51902406568373
2463889,592193,5044827,5637020,8.51888995648378
2463912,592205,5044863,5637068,8.518778125817917
2463970,592218,5044917,5637135,8.518682309554928
2464398,592218,5045825,5638043,8.520215528741106
2464712,592330,5046340,5638670,8.5194739418905
2464755,592365,5046400,5638765,8.519071856034708
2464788,592381,5046445,5638826,8.51891772355967
2464810,592387,5046465,5638852,8.518865201295775
2464845,592387,5046579,5638966,8.51905764306104
2466403,593584,5050038,5643622,8.507705733308175
2466500,593651,5050318,5643969,8.507217203373699
2466518,593655,5050355,5644010,8.507222208184889
2466721,593709,5050543,5644252,8.506765098726817
2466739,593720,5050571,5644291,8.506654652024523
2466809,593720,5050666,5644386,8.506814660109143
2466822,593726,5050691,5644417,8.506770799998652
2466843,593735,5050712,5644447,8.506677221319276
2466848,593738,5050723,5644461,8.50665276603485
2466920,593765,5050840,5644605,8.506462994619083
2466932,593767,5050854,5644621,8.5064579203627
2467003,593776,5051025,5644801,8.506616973404112
2467027,593790,5051058,5644848,8.506471985045218
2467236,593885,5051690,5645575,8.506175438005675
2467245,593888,5051723,5645611,8.506188035454496
2467298,593916,5051782,5645698,8.50588635429926
2467319,593928,5051839,5645767,8.50581046860899
2467330,593937,5051862,5645799,8.505720303668571
2467340,593941,5051887,5645828,8.505705112123932
2467734,593941,5052660,5646601,8.50700658819647
2467791,593941,5052733,5646674,8.507129496027384
2467799,593953,5052750,5646703,8.50698624301923
2467854,593964,5052847,5646811,8.506992006249536
2468029,594106,5053159,5647265,8.505483869881806
2468088,594132,5053269,5647401,8.505296802730706
2468167,594136,5053411,5647547,8.505478543633108
2468356,594197,5053535,5647732,8.504814059983474
2468388,594212,5053589,5647801,8.504690245232341
2468397,594214,5053609,5647823,8.50469527813212
2468560,594282,5053828,5648110,8.504090650566566
2468570,594285,5053836,5648121,8.504061182765845
2468614,594285,5053954,5648239,8.504259740696805
2468651,594287,5053999,5648286,8.504306841643853
2468846,594287,5054398,5648685,8.504978234422088
2469042,594287,5054726,5649013,8.50553015630495
2469112,594293,5054874,5649167,8.505693319625168
2469132,594293,5054895,5649188,8.505728655730422
2469137,594296,5054902,5649198,8.505697497543311
2469185,594325,5054969,5649294,8.505395196231019
2469212,594325,5055008,5649333,8.505460816893114
2469519,594328,5055605,5649933,8.506422379561455
2469522,594329,5055609,5649938,8.506414797191455
2469561,594340,5055694,5650034,8.50640037688865
2469633,594353,5055834,5650187,8.506449870699736
2469654,594361,5055872,5650233,8.50639930951055
2469724,594361,5055968,5650329,8.506560827510553
2469756,594387,5056005,5650392,8.506250977898238
2469808,594401,5056080,5650481,8.50617680656661
2469996,594401,5056461,5650862,8.506817787991608
2470162,594455,5056646,5651101,8.506356242272334
2470221,594464,5056686,5651150,8.506294746191527
2470245,594473,5056738,5651211,8.506253437918964
2470341,594541,5056960,5651501,8.505653941443903
2471283,594852,5057971,5652823,8.502906605340488
2471358,594852,5058201,5653053,8.503293256137662
2471563,594975,5058632,5653607,8.502259758813395
2471578,594980,5058647,5653627,8.502213519782178
2471925,595236,5059400,5654636,8.499821919373156
2471925,595236,5059400,5654636,8.499821919373156
2472061,595315,5059685,5655000,8.49917270688627
2472093,595326,5059712,5655038,8.499061018668764
2472149,595327,5059770,5655097,8.499144167827094
2472163,595327,5059796,5655123,8.499187841304023
2472217,595341,5059866,5655207,8.499105554631715
2472261,595341,5060009,5655350,8.499345753106203
2472270,595343,5060029,5655372,8.499350794415992
2472325,595346,5060068,5655414,8.49937347357671
2472396,595346,5060195,5655541,8.49958679490582
2472438,595371,5060337,5655708,8.499468398695939
2472589,595448,5060553,5656001,8.4987320471309
2472643,595460,5060591,5656051,8.498624592751822
2472734,595532,5060819,5656351,8.497979957416225
2472779,595552,5060960,5656512,8.49793133093332
2472809,595552,5060990,5656542,8.497981704368383
2472861,595562,5061055,5656617,8.497948156531143
2472893,595562,5061121,5656683,8.498058976227496
2473083,595562,5061439,5657001,8.498592925673565
2473107,595562,5061494,5657056,8.498685275420527
2473114,595562,5061501,5657063,8.498697029024687
2473689,595562,5063023,5658585,8.501252598386062
2474243,595732,5063543,5659275,8.499699529318553
2474328,595758,5063617,5659375,8.49945279794816
2474336,595761,5063632,5659393,8.499435176186424
2474353,595769,5063654,5659423,8.499357972637046
2474672,595769,5064206,5659975,8.500284506243192
2474692,595769,5064237,5660006,8.500336539833391
2474721,595781,5064280,5660061,8.50023750337792
2474748,595800,5064313,5660113,8.500021819402484
2474759,595800,5064323,5660123,8.500038603558242
2474798,595800,5064439,5660239,8.500233299765021
2474936,595800,5064731,5660531,8.500723397113125
2474967,595816,5064756,5660572,8.500537078561166
2475094,595883,5064920,5660803,8.499856515456893
2475109,595886,5064946,5660832,8.49985735526594
2475308,595958,5065189,5661147,8.49923820134976
2475672,596233,5065944,5662177,8.496584388988868
2475703,596239,5065972,5662211,8.496545848225292
2475744,596248,5066014,5662262,8.4964880385343
2475842,596249,5066303,5662552,8.496958485464965
2475917,596285,5066449,5662734,8.4966903410282
2476031,596355,5066693,5663048,8.496102153918388
2476090,596373,5066789,5663162,8.496006693797339
2476122,596373,5066820,5663193,8.496058674688491
2476405,596397,5067425,5663822,8.496731204214642
2476434,596406,5067453,5663859,8.496649933099265
2476552,596446,5067638,5664084,8.496390285122207
2476647,596503,5067815,5664318,8.495875125523257
2476687,596503,5067866,5664369,8.495960623835924
2476979,596503,5068367,5664870,8.49680051902505
2477132,596596,5068769,5665365,8.49614982333103
2477182,596624,5068853,5665477,8.495891885006301
2477227,596646,5068992,5665638,8.495811586770044
2477476,596773,5069535,5666308,8.494913476313439
2477560,596773,5069721,5666494,8.495225152612468
2478335,597342,5072049,5669391,8.49103026406983
2479254,597362,5073421,5670783,8.493042744600427
2480021,597388,5074671,5672059,8.494765546010298
2480261,597404,5075356,5672760,8.495684662305575
2481507,597411,5077379,5674790,8.498971394902338
2481546,597451,5077461,5674912,8.498539629191347
2481566,597451,5077482,5674933,8.498574778517401
2481653,597451,5077677,5675128,8.49890116511647
2481796,597538,5078036,5675574,8.498264545518444
2482038,597538,5078620,5676158,8.49924188921876
2482062,597538,5078645,5676183,8.499283727562096
2482065,597538,5078660,5676198,8.499308830568097
2482100,597545,5078715,5676260,8.499301307851292
2482180,597600,5078903,5676503,8.498833668005355
2482271,597659,5079183,5676842,8.498463170470117
2482332,597704,5079306,5677010,8.498029124784175
2482607,597705,5079322,5677027,8.498041676077664
2491310,601922,5094419,5696341,8.46358664411668
2491340,601931,5094452,5696383,8.463514921145446
2491372,601948,5094506,5696454,8.463365606331443
2491447,601999,5094586,5696585,8.462781499637043
2491480,601999,5094618,5696617,8.462834655871522
2491740,602149,5095159,5697308,8.461624946649417
2491765,602153,5095176,5697329,8.461596969540963
2491819,602156,5095328,5697484,8.461807239320043
2491825,602160,5095330,5697490,8.461754351003055
2491907,602208,5095449,5697657,8.4612774988044
2491968,602247,5095544,5697791,8.46088731035605
2492189,602247,5095594,5697841,8.460970332770442
2492214,602257,5095640,5697897,8.460906224419144
2492341,602292,5095957,5698249,8.460940872533588
2492371,602297,5096021,5698318,8.46097689345954
2492380,602297,5096052,5698349,8.46102836308333
2492432,602329,5096159,5698488,8.46075649686467
2492436,602329,5096161,5698490,8.460759817309144
2492474,602329,5096216,5698545,8.4608511295322
2492542,602388,5096386,5698774,8.460304654143178
2492672,602389,5096771,5699160,8.4609297314526
2492722,602402,5096849,5699251,8.460876623915592
2492790,602412,5096889,5699301,8.460802573653911
2492792,602414,5096889,5699303,8.460774483992736
2492876,602414,5097139,5699553,8.461189480988157
2492940,602433,5097182,5699615,8.460994002652576
2492954,602440,5097229,5699669,8.460973706925172
2492983,602440,5097264,5699704,8.461031803997079
2493040,602454,5097338,5699792,8.460958015051771
2493326,602492,5098267,5700759,8.461966299967468
2493356,602511,5098315,5700826,8.461779121045092
2493380,602514,5098386,5700900,8.461854828269551
2493441,602520,5098534,5701054,8.46201619863241
2493462,602520,5098571,5701091,8.462077607382328
2493552,602566,5098773,5701339,8.461766843798024
2494150,602577,5099471,5702048,8.462770733034949
2494179,602577,5099471,5702048,8.462770733034949
2494253,602581,5099495,5702076,8.462754384887674
2494272,602597,5099551,5702148,8.462622615114247
2494364,602649,5099706,5702355,8.46214960947417
2494371,602649,5099718,5702367,8.462169521562302
2494411,602653,5099766,5702419,8.462193003270539
2494414,602654,5099780,5702434,8.462202192302714
2494430,602654,5099806,5702460,8.462245334802391
2494444,602661,5099855,5702516,8.46222835059843
2494464,602670,5099891,5702561,8.462161713707335
2494482,602670,5099907,5702577,8.462188262233063
2494748,602670,5100109,5702779,8.462523437370368
2494983,602670,5100505,5703175,8.463180513382117
2494998,602670,5100534,5703204,8.463228632584997
2495018,602679,5100577,5703256,8.463173596558034
2495039,602679,5100607,5703286,8.463223374300416
2495124,602683,5104110,5706793,8.468979546461407
2495154,602694,5104137,5706831,8.468869774711544
2495423,602710,5104764,5707474,8.46968525493189
2495605,602752,5105029,5707781,8.469534734019962
2495655,602752,5105213,5707965,8.469840000530898
2495676,602752,5105261,5708013,8.469919635272882
2495700,602761,5105302,5708063,8.469861188763042
2495710,602764,5105324,5708088,8.46985553218175
2495783,602787,5105461,5708248,8.46975963317059
2495805,602802,5105498,5708300,8.469610253449723
2496266,602802,5106702,5709504,8.471607592542824
2496270,602802,5106704,5709506,8.47161091038185
2496284,602804,5106736,5709540,8.471635888282094
2496297,602806,5106765,5709571,8.471655889291082
2496316,602813,5106788,5709601,8.47159566897197
2496410,602864,5106994,5709858,8.471220706494334
2496419,602869,5107008,5709877,8.47117367122874
2496501,602920,5107159,5710079,8.470707556558084
2496531,602928,5107218,5710146,8.47069301807181
2496550,602932,5107249,5710181,8.470688236816091
2496604,602944,5107369,5710313,8.470718673707674
2496716,602958,5107587,5710545,8.470883544127451
2496963,603083,5108004,5711087,8.469819245443828
2496995,603098,5108050,5711148,8.4696848605036
2497019,603100,5108054,5711154,8.469663405737025
2497077,603135,5108142,5711277,8.469317814419657
2497133,603142,5108212,5711354,8.469335579349472
2497410,603142,5108434,5711576,8.46970365187634
2497628,603142,5109019,5712161,8.470673572724168
2497676,603142,5109019,5712161,8.470673572724168
2499275,603157,5112192,5715349,8.475723567827282
2499283,603157,5112210,5715367,8.475753410803488
2499308,603163,5112224,5715387,8.47569230871257
2499360,603191,5112358,5715549,8.475521020704884
2499558,603270,5112633,5715903,8.474866974986325
2499565,603275,5112646,5715921,8.4748182835357
2499617,603303,5112722,5716025,8.474550930461145
2501854,603337,5123636,5726973,8.492162754811988
2502066,603408,5123942,5727350,8.491670644074988
2502455,603541,5124485,5728026,8.490699057727644
2502481,603541,5124502,5728043,8.49072722482814
2502541,603562,5124572,5728134,8.490547781338122
2502764,603666,5124841,5728507,8.489530634489933
2502779,603667,5124850,5728517,8.489531480104096
2502943,603676,5125783,5729459,8.49095044361545
2503047,603742,5125935,5729677,8.490273991208165
2503089,603748,5126020,5729768,8.490330402750816
2503099,603753,5126029,5729782,8.490274996563164
2504877,603756,5128532,5732288,8.494378523774506
2505097,603782,5129162,5732944,8.495056162654732
2505106,603790,5129177,5732967,8.494968449295285
2505186,603822,5129411,5733233,8.494905783492486
2505292,603837,5129613,5733450,8.495029287705126
2505328,603848,5129675,5733523,8.494977212808521
2505390,603881,5129877,5733758,8.49484749478788
2505486,603881,5129976,5733857,8.495011434372003
2505495,603887,5129983,5733870,8.494938622623106
2505528,603911,5130033,5733944,8.4946838193045
2505550,603919,5130090,5734009,8.494665675363748
2505600,603927,5130190,5734117,8.494718732562047
2505660,603952,5130259,5734211,8.494481349511219
2505663,603952,5130268,5734220,8.494496251357724
2505681,603959,5130299,5734258,8.494449126513555
2505699,603963,5130313,5734276,8.494416048665233
2505845,604012,5130514,5734526,8.494059720667801
2505859,604012,5130523,5734535,8.494074621034018
2505915,604066,5130783,5734849,8.493745716527664
2505950,604079,5130830,5734909,8.49364073242076
2505964,604085,5130877,5734962,8.493634173998693
2506141,604085,5131257,5735342,8.494263224546215
2506734,604085,5132329,5736414,8.496037809248698
2506766,604100,5132358,5736458,8.495874855156432
2506837,604100,5132485,5736585,8.496085085250787
2506979,604183,5132802,5736985,8.495442605965412
2506993,604183,5132811,5736994,8.495457502114425
2507030,604183,5132859,5737042,8.495536948242503
2507048,604183,5132879,5737062,8.495570050795868
2507076,604184,5132905,5737089,8.495599022814242
2507105,604191,5132969,5737160,8.49560652177871
2507155,604204,5133026,5737230,8.495518070055809
2507280,604215,5133149,5737364,8.495566975331629
2507296,604215,5133175,5737390,8.495610006371905
2507350,604215,5133240,5737455,8.495717583972592
2507352,604215,5133240,5737455,8.495717583972592
2507385,604222,5133321,5737543,8.495753216532997
2507413,604229,5133349,5737578,8.495701133179638
2507554,604304,5133745,5738049,8.495302033413646
2507615,604309,5133846,5738155,8.495398877064549
2507723,604316,5134174,5738490,8.495843234334355
2508075,604422,5134600,5739022,8.495058088554023
2508825,604431,5135514,5739945,8.496443762811635
2508862,604437,5135566,5740003,8.496445452545096
2509477,604845,5136797,5741642,8.492749382073093
2509501,604849,5136799,5741648,8.492696524256468
2509538,604857,5136817,5741674,8.492613956687283
2509542,604857,5136822,5741679,8.492622223103973
2509576,604872,5136848,5741720,8.492454601965374
2509591,604872,5136855,5741727,8.492466174661747
2509616,604883,5136872,5741755,8.492339840927915
2509628,604891,5136887,5741778,8.492252323145824
2510036,604921,5138127,5743048,8.493881019174404
2510077,604930,5138179,5743109,8.493840609657315
2510113,604941,5138219,5743160,8.493752283280518
2510330,604941,5138888,5743829,8.494858176251899
2510659,605110,5140002,5745112,8.494326651352647
2510669,605110,5140014,5745124,8.494346482457734
2510744,605155,5140222,5745377,8.494058546983831
2511421,605282,5141467,5746749,8.49433321988759
2511435,605295,5141504,5746799,8.494211913199349
2511464,605295,5141540,5746835,8.49427138833131
2511642,605333,5141908,5747241,8.494346087194982
2511759,605358,5142010,5747368,8.494163784074878
2511787,605375,5142051,5747426,8.493992979558126
2511850,605395,5142097,5747492,8.493788353058747
2512020,605395,5142442,5747837,8.494358228924916
2512375,605447,5142750,5748197,8.494137389399897
2512408,605462,5142793,5748255,8.493997971796743
2512518,605517,5142976,5748493,8.493528670541043
2512544,605529,5143022,5748551,8.49343631766604
2512726,605529,5143262,5748791,8.493832665322387
2513042,605576,5143710,5749286,8.493913233021123
2513181,605588,5143838,5749426,8.49395628711269
2513204,605592,5143882,5749474,8.493972839799733
2513338,605615,5143984,5749599,8.493818680184607
2513339,605615,5143986,5749601,8.493821982612715
2513718,605733,5144803,5750536,8.493516120138741
2513719,605733,5144805,5750538,8.493519421923521
2513754,605736,5144889,5750625,8.493616030746068
2513785,605756,5144921,5750677,8.493388427023422
2513801,605756,5144947,5750703,8.493431348595804
2513839,605770,5144982,5750752,8.493292833913861
2514473,606086,5146883,5752969,8.492001135152437
2514492,606086,5146936,5753022,8.492088581488435
2514532,606099,5146976,5753075,8.491972433546335
2514593,606106,5146991,5753097,8.491899106756904
2514640,606121,5147042,5753163,8.491773094811101
2514661,606128,5147094,5753222,8.491760816197239
2514693,606140,5147111,5753251,8.491620747682054
2514727,606141,5147193,5753334,8.491742020420991
2514749,606157,5147227,5753384,8.49157396516084
2515587,606171,5148607,5754778,8.493654430845421
2515598,606171,5148629,5754800,8.49369072423458
2515634,606182,5148658,5754840,8.493584435037661
2515662,606182,5148716,5754898,8.49368011587279
2515678,606190,5148735,5754925,8.493599366535244
2515746,606190,5148777,5754967,8.493668651742853
2515825,606235,5148947,5755182,8.493318597573548
2515864,606235,5149063,5755298,8.493509942514041
2515872,606235,5149086,5755321,8.49354788159707
2516137,606235,5149875,5756110,8.494849357097495
2516552,606235,5150728,5756963,8.496256402220261
2517400,606496,5151993,5758489,8.494685867672663
2517422,606498,5152024,5758522,8.494708968537406
2518886,606498,5154110,5760608,8.4981483863096
2518919,606508,5154142,5760650,8.49806103134666
2518957,606519,5154220,5760739,8.498035510841374
2518992,606519,5154253,5760772,8.498089919689242
2519044,606525,5154414,5760939,8.498271299616668
2519199,606563,5154561,5761124,8.497981248444102
2519256,606595,5154633,5761228,8.497651645661438
2519296,606608,5154664,5761272,8.497520639358532
2519383,606627,5154849,5761476,8.497559455810572
2519534,606627,5155098,5761725,8.497969922209199
2521010,606663,5158192,5764855,8.502565674847485
2521217,606699,5158762,5765461,8.503000664250312
2521227,606699,5158764,5765463,8.503003960777914
2521348,606779,5159042,5765821,8.502341050036339
2521478,606779,5159428,5766207,8.502977195980744
2521520,606796,5159502,5766298,8.502860928549298
2521553,606803,5159542,5766345,8.502828759910548
2521839,606803,5160509,5767312,8.504422357832773
2521852,606805,5160538,5767343,8.50444211896738
2521883,606812,5160617,5767429,8.504474202883266
2521902,606820,5160640,5767460,8.50439998681652
2521990,606833,5160721,5767554,8.504351279511827
2522019,606854,5160760,5767614,8.504121254865256
2522266,606854,5161115,5767969,8.504706239062443
2522341,606873,5161260,5768133,8.504678903164253
2523561,606878,5162778,5769656,8.507110160526498
2523589,606900,5162812,5769712,8.506857801944307
2523748,606958,5163151,5770109,8.506603422312581
2539694,607074,5194393,5801467,8.5564412246283
2539805,607101,5194708,5801809,8.556579547719407
2540031,607116,5194747,5801863,8.556432378655808
2540053,607133,5194785,5801918,8.556255383910939
2540066,607140,5194804,5801944,8.556188029120136
2540082,607140,5194830,5801970,8.556230852851073
2540153,607152,5194960,5802112,8.556275858434132
2540181,607159,5194979,5802138,8.55620850551503
2542034,607203,5200557,5807760,8.564774877594479
2542078,607208,5200743,5807951,8.565010671796156
2542339,607208,5201221,5808429,8.565797881450838
2542363,607214,5201244,5808458,8.565751119045345
2542421,607228,5201350,5808578,8.565728194352038
2542444,607232,5201387,5808619,8.565732701833895
2542460,607236,5201458,5808694,8.565793200666628
2542730,607317,5201780,5809097,8.565180951628227
2542751,607324,5201804,5809128,8.565121747205774
2542754,607327,5201814,5809141,8.565095903854102
2542810,607327,5201904,5809231,8.565244094202958
2542853,607334,5201962,5809296,8.565240872402994
2542889,607343,5202014,5809357,8.565199565978368
2542911,607345,5202021,5809366,8.565182886168488
2542929,607345,5202048,5809393,8.565227341955561
2543732,607345,5203994,5811339,8.568431451646099
2543821,607374,5204184,5811558,8.568335160872872
2543909,607391,5204294,5811685,8.56827644795527
2543988,607438,5204436,5811874,8.567847253546864
2545410,607516,5207190,5814706,8.571280427182165
2545431,607516,5207236,5814752,8.571356145352551
2545441,607516,5207262,5814778,8.57139894257929
2545461,607518,5207304,5814822,8.571439858572091
2545464,607518,5207311,5814829,8.571451380864435
2545487,607539,5207381,5814920,8.571270321740663
2545607,607637,5207701,5815338,8.570414573174444
2545610,607643,5207704,5815347,8.570334884134269
2545641,607643,5207764,5815407,8.570433626323352
2545677,607647,5207877,5815524,8.570563172368168
2545717,607665,5207923,5815588,8.570384998313216
2545737,607665,5207938,5815603,8.570409682966766
2545799,607704,5208039,5815743,8.57002586785672
2545821,607704,5208085,5815789,8.570101562602845
2545841,607708,5208105,5815813,8.57007806380696
2545980,607753,5208242,5815995,8.569668928002
2546033,607756,5208325,5816081,8.569763194439874
2546057,607756,5208373,5816129,8.56984217350384
2546451,607756,5209146,5816902,8.571114065513134
2546480,607767,5209165,5816932,8.570990198546482
2546505,607784,5209211,5816995,8.570826148763377
2547387,608241,5211232,5819473,8.567709181064743
2547477,608248,5211491,5819739,8.568036393050203
2547491,608254,5211504,5819758,8.567973248018097
2547559,608276,5211646,5819922,8.567896810000724
2547629,608286,5211674,5819960,8.567801987880701
2548064,608286,5212442,5820728,8.569064551871982
2548093,608304,5212479,5820783,8.568871814092953
2548257,608338,5212762,5821100,8.56885810191045
2548275,608339,5212796,5821135,8.56889990613786
2548435,608369,5213014,5821383,8.568835690181452
2548485,608384,5213107,5821491,8.568777285398696
2548498,608390,5213120,5821510,8.568714147175331
2548544,608426,5213192,5821618,8.568325482474451
2548569,608436,5213220,5821656,8.568230676685797
2548598,608438,5213235,5821673,8.568227165298683
2548709,608438,5213451,5821889,8.568582172711107
2548745,608441,5213483,5821924,8.568592517598255
2548755,608441,5213495,5821936,8.568612240135034
2548816,608441,5213613,5822054,8.568806178413356
2548828,608441,5213634,5822075,8.568840692852717
2548867,608456,5213680,5822136,8.568705050159748
2548880,608463,5213691,5822154,8.568624550712205
2548911,608475,5213709,5822184,8.568485147294465
2548985,608492,5213745,5822237,8.568304924304675
2549055,608492,5213896,5822388,8.568553078758637
2549110,608508,5213974,5822482,8.568455961137733
2549143,608517,5214015,5822532,8.568396610119356
2549165,608525,5214054,5822579,8.568348054722485
2549216,608539,5214136,5822675,8.568285680950604
2549233,608539,5214181,5822720,8.568359628552978
2549248,608539,5214212,5822751,8.568410570234612
2549332,608539,5214348,5822887,8.56863405632178
2549422,608573,5214441,5823014,8.568308156950769
2549440,608573,5214462,5823035,8.56834266390392
2549901,608573,5215370,5823943,8.569834678830642
2550062,608636,5215575,5824211,8.56928443273155
2550161,608636,5215831,5824467,8.56970504538016
2550164,608637,5215836,5824473,8.569699180299587
2550413,608796,5216302,5825098,8.568226466665353
2550424,608796,5216312,5825108,8.56824289252886
2551833,608797,5216321,5825118,8.568243601726026
2551866,608801,5216351,5825152,8.568236583054233
2551925,608823,5216443,5825266,8.568078078522001
2551940,608823,5216469,5825292,8.568120783873145
2552008,608866,5216554,5825420,8.567655280472222
2552011,608868,5216566,5825434,8.567646846278668
2552039,608873,5216601,5825474,8.567633972930315
2552106,608909,5216762,5825671,8.567391843444588
2552433,608909,5217331,5826240,8.568326301631279
2552512,608909,5217448,5826357,8.56851844856949
2552574,608924,5217559,5826483,8.568489663734718
2552597,608924,5217593,5826517,8.568545499931027
2552661,608939,5217677,5826616,8.568472375722363
2552714,608939,5217764,5826703,8.568615247175826
2552735,608939,5217812,5826751,8.568694072805322
2552786,608958,5217904,5826862,8.56857780011101
2553167,608958,5219067,5828025,8.57048761983585
2553483,608958,5219852,5828810,8.571776707096385
2553633,609024,5220031,5829055,8.571141695565364
2553692,609045,5220179,5829224,8.57108916418327
2553737,609054,5220264,5829318,8.571102069767212
2553740,609055,5220267,5829322,8.571092922642455
2553781,609057,5220453,5829510,8.57137016732424
2553858,609088,5220497,5829585,8.571006160029421
2553870,609088,5220512,5829600,8.571030787012715
2553901,609088,5220660,5829748,8.571273773247873
2553904,609088,5220669,5829757,8.571288549437847
2553933,609094,5220716,5829810,8.571281280065145
2553941,609094,5220716,5829810,8.571281280065145
2554000,609115,5220762,5829877,8.571061293844348
2554187,609183,5220992,5830175,8.570482104720584
2554317,609183,5221378,5830561,8.571115740261957
2554330,609183,5221391,5830574,8.57113708031905
2554344,609183,5221417,5830600,8.571179760433235
2554355,609183,5221427,5830610,8.571196175861768
2554442,609197,5221516,5830713,8.571145294543474
2554496,609197,5221625,5830822,8.571324218602522
2554516,609197,5221666,5830863,8.571391520312805
2554634,609197,5221882,5831079,8.571746085420644
2554678,609208,5221925,5831133,8.571661895444578
2554819,609208,5221925,5831133,8.571661895444578
2554852,609219,5221994,5831213,8.571620386100893
2554930,609219,5222151,5831370,8.571878093099526
2555547,609235,5223048,5832283,8.573125312892397
2555771,609270,5223531,5832801,8.573425574868285
2555788,609277,5223551,5832828,8.573359900340895
2555818,609295,5223624,5832919,8.573226433829262
2555863,609304,5223684,5832988,8.573198272126886
2555870,609306,5223692,5832998,8.573183260955908
2555885,609306,5223718,5833024,8.573225932454301
2555919,609327,5223782,5833109,8.573035496539624
2555928,609328,5223806,5833134,8.57306081453667
2556041,609354,5223963,5833317,8.572952667907325
2556078,609354,5224031,5833385,8.5730642614966
2556111,609385,5224113,5833498,8.572762703381278
2556945,609514,5224735,5834249,8.571968814498108
2557160,609514,5225232,5834746,8.572784218246012
2557432,609531,5225975,5835506,8.573764090751743
2557441,609535,5225988,5835523,8.57372915419131
2558506,609540,5227312,5836852,8.575830954490272
2558528,609540,5227347,5836887,8.575888374840043
2558664,609564,5227539,5837103,8.575865700730358
2558692,609564,5227559,5837123,8.575898511066926
2558816,609564,5227915,5837479,8.576482535057844
2558826,609564,5227931,5837495,8.5765087833271
2558846,609564,5227952,5837516,8.576543234180496
2558877,609571,5227981,5837552,8.576492320008661
2559056,609587,5228173,5837760,8.57658217776954
2559059,609588,5228178,5837766,8.576576310557295
2559077,609588,5228188,5837776,8.576592715079693
2559094,609595,5228201,5837796,8.57651555540974
2559155,609602,5228264,5837866,8.576520418240097
2559224,609607,5228371,5837978,8.576625596490853
2559251,609611,5228392,5838003,8.576603768632785
2559342,609611,5228507,5838118,8.576792413522721
2559363,609621,5228519,5838140,8.576671407317004
2559394,609630,5228545,5838175,8.576587438282237
2559727,609740,5228879,5838619,8.575587955522026
2559778,609756,5228973,5838729,8.575517092082734
2559831,609797,5229059,5838856,8.57508154353006
2559857,609803,5229093,5838896,8.57505292692886
2560186,609803,5229437,5839240,8.575617043537012
2560204,609815,5229468,5839283,8.575499126784353
2560217,609819,5229484,5839303,8.575469114606138
2560313,609819,5229583,5839402,8.575631457858806
2560536,609854,5229712,5839566,8.575350821672073
2560575,609860,5229784,5839644,8.575384514478733
2560589,609860,5229834,5839694,8.575466500508313
2560593,609861,5229837,5839698,8.575457358316076
2560610,609866,5229885,5839751,8.575465758051768
2560769,609866,5230206,5840072,8.575992103183323
2561170,610012,5230717,5840729,8.574777217497362
2561175,610016,5230726,5840742,8.574735744636206
2561229,610030,5230756,5840786,8.574588135009753
2561234,610030,5230761,5840791,8.574596331327967
2561488,610030,5231357,5841387,8.57557333245906
2561660,610030,5231733,5841763,8.576189695588742
2561679,610030,5231785,5841815,8.576274937298166
2561795,610105,5232162,5842267,8.57583858516157
2561958,610140,5232385,5842525,8.575712131641918
2561974,610149,5232409,5842558,8.575624970294141
2562151,610211,5232793,5843004,8.575382941310465
2562181,610239,5232880,5843119,8.575132038430844
2562242,610293,5233069,5843362,8.574682980142326
2562275,610293,5233112,5843405,8.574753438102682
2562293,610294,5233123,5843417,8.574757412001428
2562499,610294,5233792,5844086,8.575853604983827
2562557,610331,5233874,5844205,8.575468065688947
2562637,610353,5234145,5844498,8.575602970739883
2562676,610356,5234185,5844541,8.575626355766143
2562698,610356,5234209,5844565,8.575665677080261
2562728,610356,5234256,5844612,8.57574268132041
2562767,610374,5234327,5844701,8.575606103798654
2563021,610590,5234901,5845491,8.57351250429912
2563031,610593,5234916,5845509,8.573494946715734
2564105,610922,5235890,5846812,8.570472171570184
2564159,610928,5236017,5846945,8.570595880365607
2564164,610928,5236022,5846950,8.570604064636095
2564199,610949,5236105,5847054,8.570445323586748
2564213,610951,5236122,5847073,8.570445092977996
2564255,610960,5236141,5847101,8.570349941076339
2564289,610960,5236190,5847150,8.5704301427262
2564309,610960,5236211,5847171,8.570464514861857
2564320,610960,5236223,5847183,8.570484156082232
2564368,610999,5236285,5847284,8.570038576167882
2564451,611033,5236436,5847469,8.569808831928881
2564494,611042,5236498,5847540,8.569784073762523
2564562,611042,5236618,5847660,8.569980459608342
2564759,611107,5237136,5848243,8.569916561256866
2564789,611124,5237180,5848304,8.569750165269241
2565023,611124,5237507,5848631,8.570285244893016
2565053,611142,5237541,5848683,8.570088457347065
2565450,611142,5238159,5849301,8.571099678961682
2565487,611142,5238246,5849388,8.571242035402575
2565595,611165,5238354,5849519,8.571096185154582
2565598,611166,5238360,5849526,8.571091978284132
2565603,611172,5238376,5849548,8.571034013338307
2565619,611175,5238407,5849582,8.57104266372152
2565652,611190,5238430,5849620,8.570869942243819
2565672,611198,5238454,5849652,8.570797024859374
2565793,611217,5238698,5849915,8.570929800709077
2566299,611364,5239393,5850757,8.570005757617393
2566494,611407,5239576,5850983,8.569702342302264
2566503,611410,5239583,5850993,8.569671742366006
2566637,611439,5239770,5851209,8.569571126473777
2566650,611441,5239801,5851242,8.569593795640136
2566683,611446,5239817,5851263,8.56954988666211
2566786,611446,5239986,5851432,8.569826280652748
2566840,611459,5240066,5851525,8.569774915407248
2566861,611459,5240088,5851547,8.569810894925089
2566861,611459,5240088,5851547,8.569810894925089
2566905,611492,5240149,5851641,8.56944816939551
2566937,611500,5240171,5851671,8.569372035977105
2567023,611529,5240282,5851811,8.569147170453077
2567031,611533,5240295,5851828,8.569112378236333
2567201,611533,5240580,5852113,8.569578420134318
2567234,611544,5240608,5852152,8.569470062661068
2567266,611544,5240657,5852201,8.569550187721571
2567273,611544,5240664,5852208,8.569561634158784
2567299,611552,5240690,5852242,8.569492046465387
2567315,611557,5240709,5852266,8.569453051800568
2567641,611557,5241649,5853206,8.570990112123646
2567650,611559,5241671,5853230,8.570998055788566
2567837,611631,5241961,5853592,8.570463236820894
2567860,611634,5242034,5853668,8.570540552029481
2567876,611634,5242060,5853694,8.57058306111171
2568254,611788,5242653,5854441,8.569394953807528
2568540,611788,5243163,5854951,8.570228575911917
2568571,611796,5243179,5854975,8.570142661933062
2569183,611796,5243918,5855714,8.571350580912592
2569426,611921,5244744,5856665,8.570949517993336
2569452,611928,5244797,5856725,8.570938084219058
2569459,611928,5244797,5856725,8.570938084219058
2569500,611947,5244864,5856811,8.570781456564049
2569513,611960,5244881,5856841,8.570627165174194
2569597,611994,5244957,5856951,8.570275198776459
2569611,612000,5244970,5856970,8.570212418300654
2569876,612061,5245141,5857202,8.569637666833861
2569895,612065,5245150,5857215,8.569596366398994
2570403,612065,5246052,5858117,8.571070066087753
2570452,612095,5246152,5858247,8.570813354136204
2570471,612104,5246172,5858276,8.570720008364592
2570537,612104,5246284,5858388,8.570902983806674
2570614,612147,5246439,5858586,8.570554131605643
2570684,612147,5246709,5858856,8.57099520213282
2570783,612167,5246746,5858913,8.570775621684932
2570888,612167,5247002,5859169,8.571193808225534
2570983,612167,5247105,5859272,8.571362062966479
2571016,612199,5247198,5859397,8.571065944243621
2571032,612205,5247227,5859432,8.571029312076837
2571056,612205,5247248,5859453,8.5710636143122
2571061,612213,5247269,5859482,8.57098591503284
2571085,612218,5247347,5859565,8.57104332116991
2571125,612230,5247392,5859622,8.570948826421443
2571328,612254,5247764,5860018,8.57122044118944
2571427,612290,5247848,5860138,8.570853680445541
2571443,612302,5247888,5860190,8.570751034620171
2571473,612323,5247983,5860306,8.570612242231633
2571497,612323,5247995,5860318,8.570631839731645
2571513,612323,5248022,5860345,8.570675934106672
2571547,612346,5248091,5860437,8.57046669693278
2571565,612349,5248095,5860444,8.570431241007988
2571612,612365,5248175,5860540,8.57033795203841
2571646,612397,5248264,5860661,8.570035450859491
2571716,612397,5248534,5860931,8.570476341327604
2571745,612413,5248573,5860986,8.570316110206674
2571785,612427,5248598,5861025,8.57016101510874
2571823,612456,5248647,5861103,8.569835220815863
2571859,612473,5248742,5861215,8.569752462557533
2571864,612473,5248744,5861217,8.569755728007602
2572447,612473,5249958,5862431,8.571737856199375
2572596,612531,5250321,5862852,8.57151882925109
2572761,612551,5250369,5862920,8.571317327047055
2572774,612557,5250396,5862953,8.57127744846602
2572784,612561,5250405,5862966,8.571236170765035
2572819,612575,5250445,5863020,8.571105578908705
2572822,612575,5250454,5863029,8.571120270987226
2572840,612582,5250481,5863063,8.571066404171196
2572870,612593,5250536,5863129,8.571002280470067
2572883,612593,5250557,5863150,8.571036560979312
2572902,612599,5250596,5863195,8.571016276552852
2572925,612604,5250607,5863211,8.570964277086013
2572992,612622,5250652,5863274,8.570785900604287
2573113,612622,5250796,5863418,8.571020955825942
2573113,612626,5250800,5863426,8.570971522592904
2573274,612711,5251001,5863712,8.570110541511413
2573351,612711,5251174,5863885,8.570392893223723
2573385,612720,5251240,5863960,8.570374722548635
2573442,612723,5251428,5864151,8.570639587546085
2573670,612830,5251983,5864813,8.570048790039651
2573935,612951,5252510,5865461,8.569216788943978
2574003,613019,5252640,5865659,8.568478301651336
2574009,613023,5252650,5865673,8.568438704583677
2574975,613277,5254644,5867921,8.56814131297929
2574979,613279,5254648,5867927,8.568119893229673
2575001,613288,5254703,5867991,8.568083836631404
2575061,613300,5254862,5868162,8.568175444317626
2575067,613300,5254864,5868164,8.568178705364422
2575092,613313,5254942,5868255,8.56812426933719
2575224,613384,5255153,5868537,8.567476491072476
2575246,613389,5255164,5868553,8.567424587007592
2575388,613413,5255383,5868796,8.567446402342304
2575395,613420,5255395,5868815,8.567368197972026
2575408,613420,5255423,5868843,8.567413843696
2575482,613423,5255448,5868871,8.567412698904345
2576136,613601,5256771,5870372,8.567083495626637
2576152,613601,5256806,5870407,8.567140535950887
2576168,613608,5256828,5870436,8.567078656080103
2576169,613608,5256828,5870436,8.567078656080103
2576222,613620,5256890,5870510,8.567012157361233
2576249,613637,5256950,5870587,8.566872597317307
2576301,613643,5257007,5870650,8.566881721131017
2576303,613644,5257012,5870656,8.566875908507212
2576315,613644,5257012,5870656,8.566875908507212
2576441,613680,5257449,5871129,8.567085451701212
2576454,613692,5257471,5871163,8.566953781375673
2576526,613733,5257621,5871354,8.566625878028393
2576607,613733,5257823,5871556,8.56695501138117
2576646,613751,5257877,5871628,8.566791744534836
2576740,613822,5258008,5871830,8.5660142516886
2576747,613822,5258008,5871830,8.5660142516886
2576757,613826,5258028,5871854,8.56599101374005
2576846,613878,5258140,5872018,8.565447857717658
2576919,613894,5258259,5872153,8.565418459864407
2576941,613894,5258274,5872168,8.565442894050113
2577045,613933,5258448,5872381,8.565182194148221
2577075,613933,5258448,5872381,8.565182194148221
2577097,613944,5258480,5872424,8.56508085427987
2577131,613944,5258498,5872442,8.565110172914794
2577141,613944,5258514,5872458,8.565136233923615
2577569,613944,5259421,5873365,8.566613567361193
2577652,613944,5259558,5873502,8.566836714749227
2577975,614058,5259946,5874004,8.565878141804195
2578877,614068,5261197,5875265,8.567775881498466
2578903,614068,5261236,5875304,8.567839392379996
2579016,614068,5261356,5875424,8.568034810477016
2579034,614068,5261383,5875451,8.568078779548845
2579089,614087,5261488,5875575,8.567984666667753
2579108,614087,5261510,5875597,8.568020492210387
2579961,614758,5263376,5878134,8.561703955052232
2581298,614758,5266672,5881430,8.56706541435817
2581638,614888,5267061,5881949,8.565886795644085
2581648,614891,5267075,5881966,8.565867771686364
2581733,614906,5267151,5882057,8.565782412271144
2582189,615175,5268378,5883553,8.564031373186491
2582225,615194,5268436,5883630,8.563861155993068
2582241,615199,5268476,5883675,8.563856573238903
2582272,615208,5268503,5883711,8.563775178476222
2582339,615214,5268537,5883751,8.563746923834634
2598675,615214,5300650,5915864,8.615945020757005
2598864,615379,5301068,5916447,8.614314105616213
2598881,615379,5301072,5916451,8.614320605675527
2598958,615438,5301195,5916633,8.61369463699024
2599023,615438,5301316,5916754,8.613891244934502
2599160,615438,5301678,5917116,8.614479443908241
2599172,615438,5301693,5917131,8.614503816793894
2599510,615564,5302042,5917606,8.613307470872241
2599656,615570,5302290,5917860,8.613626395048492
2599700,615575,5302324,5917899,8.613611663891483
2599715,615581,5302360,5917941,8.613586189307338
2599733,615588,5302374,5917962,8.613510984619584
2599933,615643,5302561,5918204,8.613045222637146
2600026,615657,5302639,5918296,8.612976056473004
2600299,615721,5302778,5918499,8.612306547933237
2600306,615722,5302785,5918507,8.612303929370723
2600385,615722,5303078,5918800,8.612779793478225
2600575,615722,5303396,5919118,8.613296260325276
2600653,615753,5303483,5919236,8.613003915531065
2600709,615753,5303675,5919428,8.613315728871804
2600873,615791,5303807,5919598,8.61299856607193
2600887,615798,5303837,5919635,8.6129493762565
2600888,615798,5303840,5919638,8.612954247983916
2600931,615814,5303940,5919754,8.612892854011113
2600965,615814,5303989,5919803,8.61297242349151
2601044,615834,5304027,5919861,8.6127544110913
2601843,615844,5306886,5922730,8.617256967673631
2601844,615844,5306894,5922738,8.61726995797637
2601903,615854,5306974,5922828,8.61725993498459
2601934,615863,5307034,5922897,8.617231429717323
2601960,615869,5307077,5922946,8.617217297834442
2602035,615882,5307228,5923110,8.617280582968815
2602046,615882,5307240,5923122,8.617300067220668
2603089,615909,5309220,5925129,8.620137065702888
2603520,615909,5310690,5926599,8.622523781922329
2603536,615909,5310717,5926626,8.622567619567176
2603559,615915,5310788,5926703,8.622598897575152
2603633,615948,5310882,5926830,8.62228954392254
2603704,615992,5310989,5926981,8.621847361654048
2603746,616003,5311035,5927038,8.621768075804825
2603822,616003,5311153,5927156,8.621959633313475
2603854,616012,5311194,5927206,8.621900222722934
2603882,616032,5311229,5927261,8.621677120669057
2603887,616035,5311237,5927272,8.621648120642496
2603946,616077,5311334,5927411,8.621217802320164
2604356,616077,5312189,5928266,8.62260561585646
2604421,616077,5312338,5928415,8.622847468741732
2604435,616087,5312379,5928466,8.622774056261534
2604440,616089,5312385,5928474,8.622755803138832
2604455,616089,5312411,5928500,8.622798004833717
2604604,616146,5312670,5928816,8.622420660038367
2604635,616152,5312745,5928897,8.62245841935107
2605880,616157,5314763,5930920,8.625663588987871
2605991,616157,5315020,5931177,8.62608069047337
2606007,616167,5315040,5931207,8.62597315338212
2606025,616167,5315050,5931217,8.625989382748507
2606080,616171,5315109,5931280,8.626029138015259
2606104,616175,5315144,5931319,8.626029942792226
2606115,616186,5315177,5931363,8.62592950829782
2606162,616187,5315288,5931475,8.626095649534962
2606169,616191,5315300,5931491,8.626059127770448
2606223,616200,5315348,5931548,8.626011035378124
2606235,616200,5315377,5931577,8.626058098020124
2606343,616200,5315682,5931882,8.626553067185979
2606440,616249,5315801,5932050,8.626060245128187
2606459,616254,5315839,5932093,8.62605192014981
2606514,616265,5315944,5932209,8.626068330993972
2606592,616274,5316336,5932610,8.626578437513183
2606618,616282,5316351,5932633,8.626490794798485
2606632,616292,5316375,5932667,8.626389763294023
2606717,616313,5316465,5932778,8.626241860872641
2606773,616329,5316571,5932900,8.626189908311957
2606981,616506,5316858,5933364,8.624178840108613
2608310,616506,5321888,5938394,8.632337722585019
2608348,616527,5321951,5938478,8.632145875200925
2608434,616587,5322169,5938756,8.631659441408917
2608501,616614,5322280,5938894,8.631461497792785
2615807,616939,5334312,5951251,8.646417230876958
2615814,616940,5334326,5951266,8.646425908516225
2615814,616940,5334505,5951445,8.646716050183162
2615846,616953,5334597,5951550,8.646682972608934
2615923,616961,5334809,5951770,8.646914472713835
2615961,616988,5334882,5951870,8.646654391981691
2615978,616988,5334907,5951895,8.646694911408325
2616008,616988,5334968,5951956,8.646793778809313
2616037,616988,5334999,5951987,8.646844022898339
2616070,616988,5335065,5952053,8.646950994184651
2616083,616988,5335079,5952067,8.646973685063568
2616205,616989,5335401,5952390,8.647481559638827
2616373,617038,5335745,5952783,8.647352351070762
2616754,617053,5336373,5953426,8.648159882538453
2616774,617061,5336401,5953462,8.648093138279684
2616795,617072,5336422,5953494,8.64797300801203
2617497,617072,5338093,5955165,8.650680957813675
2617509,617075,5338133,5955208,8.650703723210306
2617532,617083,5338151,5955234,8.6506207430767
2617587,617098,5338205,5955303,8.650497976010293
2617706,617098,5338355,5955453,8.650741049233671
2617809,617208,5338600,5955808,8.649596246322147
2617834,617229,5338634,5955863,8.649357045764214
2617919,617286,5338784,5956070,8.648801365979464
2617962,617319,5338875,5956194,8.648486438939997
2618029,617345,5338982,5956327,8.648295523572719
2618188,617416,5339200,5956616,8.647654093836247
2618391,617433,5339541,5956974,8.64796828157873
2618511,617433,5339743,5957176,8.648295442582434
2618556,617437,5339780,5957217,8.648299340661476
2618575,617444,5339844,5957288,8.648304947493214
2618756,617459,5340217,5957676,8.648698941954041
2618855,617459,5340386,5957845,8.648972644337519
2618930,617516,5340588,5958104,8.648501415347942
2619222,617665,5341181,5958846,8.647375195291946
2619396,617732,5341370,5959102,8.646743247880957
2619519,617818,5341597,5959415,8.645907047059167
2619599,617818,5341753,5959571,8.64615954860493
2619632,617833,5341807,5959640,8.64603703589805
2619723,617874,5341916,5959790,8.645639725898809
2620667,617874,5343999,5961873,8.649010963400304
2620711,617909,5344074,5961983,8.648642437640493
2620885,617957,5344234,5962191,8.648229569371331
2620955,617972,5344353,5962325,8.64821221673474
2620987,617984,5344409,5962393,8.648134903169014
2621027,618025,5344495,5962520,8.647700335746936
2621092,618025,5344495,5962520,8.647700335746936
2621108,618025,5344520,5962545,8.647740787184985
2621133,618034,5344542,5962576,8.647650452887705
2621161,618034,5344608,5962642,8.64775724312902
2621164,618034,5344617,5962651,8.647771805434653
2621187,618042,5344677,5962719,8.647756948556895
2621219,618074,5344759,5962833,8.647441892071177
2621536,618153,5345001,5963154,8.646728237183998
2621556,618153,5345022,5963175,8.646762209355936
2621580,618153,5345068,5963221,8.646836624589705
2621597,618159,5345081,5963240,8.646773726500786
2621627,618168,5345130,5963298,8.64672710331172
2621655,618175,5345158,5963333,8.646674485380354
2621663,618178,5345187,5963365,8.646679435372983
2621696,618194,5345247,5963441,8.646552700285024
2621745,618194,5345369,5963563,8.646750049337262
2621801,618216,5345452,5963668,8.64657660105853
2621849,618227,5345570,5963797,8.646613622504356
2621926,618268,5345689,5963957,8.646232701676295
2622174,618360,5346504,5964864,8.646264312051231
2622203,618360,5346543,5964903,8.64632738210751
2622598,618361,5347067,5965428,8.647160800891388
2622614,618361,5347093,5965454,8.647202847527577
2622654,618362,5347277,5965639,8.647486423810001
2623095,618390,5347650,5966040,8.647698054625721
2623249,618414,5347999,5966413,8.647926793377898
2623266,618434,5348048,5966482,8.64772635398442
2623275,618440,5348072,5966512,8.647681262531531
2623369,618444,5348262,5966706,8.647932553311213
2623427,618444,5348317,5966761,8.648021486181449
2623620,618444,5348761,5967205,8.648739416988443
2623640,618461,5348779,5967240,8.64853078852183
2623700,618481,5348819,5967300,8.648315793047805
2623747,618482,5348940,5967422,8.648497450208737
2623902,618482,5349284,5967766,8.64905365071255
2623908,618484,5349288,5967772,8.649032149578646
2624045,618560,5349563,5968123,8.648414058458355
2624057,618560,5349597,5968157,8.648469024831867
2624067,618565,5349607,5968172,8.64841528376161
2624121,618585,5349650,5968235,8.648205177946442
2624666,618585,5351386,5969971,8.651011582886749
2624731,618585,5351507,5970092,8.651207190604364
2624795,618608,5351623,5970231,8.65107305434136
2624817,618608,5351655,5970263,8.651124783384631
2624861,618646,5351787,5970433,8.650806761863812
2624892,618664,5351833,5970497,8.650629420816468
2624922,618679,5351861,5970540,8.650464942239838
2624937,618679,5351888,5970567,8.650508583611211
2625032,618679,5352133,5970812,8.650904588647748
2625409,618781,5352447,5971228,8.649986020902388
2625440,618798,5352496,5971294,8.649827568932027
2625503,618798,5352584,5971382,8.649969780122108
2625564,618833,5352700,5971533,8.649668004130355
2625846,618833,5353027,5971860,8.650196418096643
2625900,618833,5353105,5971938,8.650322461795025
2625915,618837,5353117,5971954,8.65028593959314
2626007,618837,5353172,5972009,8.650374815985469
2626026,618850,5353194,5972044,8.650228649915165
2626056,618860,5353226,5972086,8.650140581068417
2626078,618867,5353260,5972127,8.65009767849958
2626109,618881,5353279,5972160,8.649932701117017
2626617,618881,5354181,5973062,8.651390170323536
2626624,618883,5354202,5973085,8.651396144343924
2626889,618966,5354515,5973481,8.650741720869966
2626953,618966,5354616,5973582,8.650904896230164
2627002,618977,5354667,5973644,8.650833552781444
2627076,619023,5354827,5973850,8.650449175555673
2627134,619023,5354924,5973947,8.650605874095147
2627192,619041,5355066,5974107,8.650583725472142
2627871,619289,5356452,5975741,8.649357569729156
2627902,619294,5356488,5975782,8.649345868036828
2627914,619297,5356531,5975828,8.649373402422425
2627989,619297,5356637,5975934,8.649544564239775
2627994,619300,5356640,5975940,8.649507508477313
2628102,619345,5356817,5976162,8.649164843504025
2628139,619354,5356922,5976276,8.64920869163677
2628187,619376,5357049,5976425,8.649106520110562
2628212,619387,5357098,5976485,8.649032026826523
2628232,619387,5357143,5976530,8.649104679303893
2628237,619390,5357157,5976547,8.649085390464812
2628280,619406,5357226,5976632,8.648973371262144
2628351,619452,5357289,5976741,8.64843280835319
2628639,619452,5357889,5977341,8.64940140640437
2628743,619452,5358084,5977536,8.649716200771005
2628833,619459,5358343,5977802,8.650036564163246
2628878,619477,5358422,5977899,8.649912748980189
2628941,619489,5358550,5978039,8.649951815125046
2629049,619489,5358855,5978344,8.650444156393414
2629073,619497,5358904,5978401,8.650411543558725
2629320,619557,5359102,5978659,8.649893391568492
2629358,619572,5359172,5978744,8.649796956608755
2629409,619598,5359268,5978866,8.649588927013967
2629456,619614,5359430,5979044,8.649627025858035
2629616,619646,5359667,5979313,8.649562814897537
2629652,619658,5359705,5979363,8.649456635757144
2629659,619658,5359720,5979378,8.64948084265837
2629785,619661,5360106,5979767,8.650061888677842
2629808,619665,5360143,5979808,8.650065761338787
2629948,619665,5360406,5980071,8.650490184212437
2629989,619683,5360474,5980157,8.650348646001262
2630012,619693,5360505,5980198,8.650259079899241
2630041,619698,5360526,5980224,8.650223173223086
2630132,619698,5360574,5980272,8.65030063030702
2630135,619698,5360583,5980281,8.650315153510258
2630280,619742,5360752,5980494,8.649973698732698
2630301,619748,5360790,5980538,8.649951270516404
2630309,619752,5360795,5980547,8.649903509791013
2630359,619783,5360868,5980651,8.649588646348803
2630371,619783,5360902,5980685,8.649643504258748
2630547,619835,5361234,5981069,8.649453483588374
2630640,619856,5361417,5981273,8.64945568002891
2630651,619863,5361432,5981295,8.649382202196291
2630736,619882,5361557,5981439,8.64931874130883
2630886,619945,5361992,5981937,8.649141456096912
2630941,619972,5362048,5982020,8.648855109585595
2630993,619980,5362083,5982063,8.648799961289074
2631009,619980,5362109,5982089,8.648841898125745
2631034,619997,5362130,5982127,8.648638622444947
2631205,619997,5362474,5982471,8.64919346383934
2631402,620071,5362824,5982895,8.648725710442836
2631469,620109,5362978,5983087,8.648444063866192
2631499,620115,5363033,5983148,8.648449077993599
2632625,620123,5364936,5985059,8.65140625327556
2633396,620123,5366067,5986190,8.653230084999267
2633421,620130,5366117,5986247,8.653213035976327
2633551,620206,5366366,5986572,8.652554151362612
2633579,620210,5366383,5986593,8.65252575740475
2633608,620214,5366439,5986653,8.652560245334675
2633661,620239,5366559,5986798,8.652404960023475
2635672,620242,5377051,5997293,8.669279087839907
2635750,620272,5377127,5997399,8.668982317434931
2636291,620277,5378445,5998722,8.671037294628045
2636561,620290,5378814,5999104,8.671450450595689
2636578,620291,5378852,5999143,8.671497732515867
2636820,620291,5379299,5999590,8.672218362026856
2636832,620297,5379336,5999633,8.672194126362049
2636852,620307,5379355,5999662,8.6720849514837
2636880,620313,5379403,5999716,8.672078450717622
2636989,620369,5379554,5999923,8.671539035638467
2637033,620388,5379618,6000006,8.671376622371806
2637066,620390,5379684,6000074,8.671455052466996
2637465,620390,5380517,6000907,8.6727977562501
2637533,620390,5380733,6001123,8.673145924337916
2637544,620392,5380756,6001148,8.673155037460187
2637593,620399,5380885,6001284,8.67326510842216
2637662,620429,5381013,6001442,8.673052033351116
2637875,620429,5381499,6001928,8.67383536230576
2638157,620429,5381826,6002255,8.674362416972771
2639029,620839,5383338,6004177,8.671069311045215
2639060,620843,5383378,6004221,8.671077873149894
2639100,620865,5383454,6004319,8.670893028275067
2639105,620871,5383462,6004333,8.670822119248603
2639167,620887,5383546,6004433,8.670733966084006
2639480,620985,5384199,6005184,8.670417159834779
2639530,620985,5384306,6005291,8.6705894667343
2639596,620998,5384447,6005445,8.670635010096651
2639760,621007,5385380,6006387,8.672011748659838
2639763,621007,5385389,6006396,8.672026241250098
2639896,621020,5385475,6006495,8.671983188947216
2639937,621034,5385522,6006556,8.671863376240271
2640142,621043,5386721,6007764,8.673668328924084
2640151,621043,5386728,6007771,8.673679600285327
2640389,621119,5386944,6008063,8.67296604998398
2640450,621148,5387066,6008214,8.672757539266005
2640458,621148,5387091,6008239,8.672797787322828
2640492,621167,5387132,6008299,8.672598512155346
2640713,621301,5387405,6008706,8.671167437361278
2640832,621301,5387565,6008866,8.671424961492095
2640972,621301,5387885,6009186,8.671940009753726
2641003,621310,5387948,6009258,8.671915790829054
2641025,621310,5387953,6009263,8.671923838341568
2641059,621322,5388028,6009350,8.671877062135254
2641077,621337,5388074,6009411,8.671741744013314
2641287,621338,5388634,6009972,8.672629068236612
2641314,621363,5388667,6010030,8.672333241599516
2642154,621750,5390434,6012184,8.669777241656615
2642490,621864,5391053,6012917,8.669183294096458
2642526,621868,5391091,6012959,8.669188638103263
2642598,621895,5391224,6013119,8.669026121772967
2642632,621906,5391239,6013145,8.668896907249648
2642730,621906,5391529,6013435,8.669363215662818
2642746,621906,5391555,6013461,8.669405022623998
2642774,621912,5391650,6013562,8.669474137820142
2642830,621927,5391737,6013664,8.669404930160614
2642854,621927,5391758,6013685,8.669438696181384
2642886,621931,5391809,6013740,8.669464940644541
2642977,621954,5391911,6013865,8.669308341131337
2642990,621960,5391926,6013886,8.66924882629108
2643116,621961,5392143,6014104,8.669583784192257
2643230,622018,5392383,6014401,8.669175168564253
2643307,622041,5392564,6014605,8.66914560294257
2643443,622082,5392803,6014885,8.668958433132609
2643472,622088,5392904,6014992,8.66903717801983
2644085,622094,5393995,6016089,8.670707320758599
2644140,622117,5394107,6016224,8.670566790491177
2644474,622293,5394763,6017056,8.66916870348855
2644501,622302,5394847,6017149,8.669178308923962
2644530,622320,5394893,6017213,8.669001478339117
2644547,622320,5394942,6017262,8.669080215966062
2644568,622320,5394988,6017308,8.66915413292197
2644760,622433,5395267,6017700,8.668028526765129
2644781,622449,5395307,6017756,8.667869978102624
2644854,622487,5395391,6017878,8.667475786642933
2644879,622493,5395423,6017916,8.667443649968755
2645000,622493,5395782,6018275,8.668020363281194
2645058,622505,5395842,6018347,8.667949655022852
2645129,622535,5395935,6018470,8.667681335185973
2645214,622580,5396170,6018750,8.667432297857303
2645384,622712,5396611,6019323,8.66630320276468
2645395,622721,5396629,6019350,8.666206856682207
2645483,622721,5396969,6019690,8.666752847583428
2645494,622722,5396978,6019700,8.666753382729372
2646174,622934,5397623,6020557,8.664839292766167
2646258,622984,5397895,6020879,8.664580470766504
2646320,623001,5397996,6020997,8.664506156490921
2646414,623001,5398123,6021124,8.664710008491157
2646529,623037,5398222,6021259,8.664368247792668
2646555,623046,5398257,6021303,8.664299265222793
2646582,623049,5398286,6021335,8.664304091652502
2646683,623104,5398534,6021638,8.663937320254725
2646697,623110,5398560,6021670,8.663895620355957
2646716,623115,5398567,6021682,8.663837333397527
2646867,623181,5398759,6021940,8.663227858358969
2646912,623196,5398898,6022094,8.663242382813754
2647068,623272,5399273,6022545,8.662787675364848
2647106,623290,5399337,6022627,8.662640183542171
2647135,623303,5399399,6022702,8.662558980142885
2647150,623308,5399416,6022724,8.662516765387256
2647158,623308,5399416,6022724,8.662516765387256
2647215,623341,5399522,6022863,8.662228218583408
2647248,623346,5399543,6022889,8.662192426036261
2647347,623451,5399713,6023164,8.661006237859912
2647357,623451,5399729,6023180,8.66103190146459
2647367,623454,5399774,6023228,8.661062403962442
2647426,623479,5399903,6023382,8.660922019827453
2647436,623479,5399905,6023384,8.66092522763397
2647578,623493,5400198,6023691,8.661200687096727
2647811,623579,5400606,6024185,8.660660477662013
2667595,623579,5459954,6083533,8.755833663417146
2667861,623583,5460782,6084365,8.75710530915692
2667918,623606,5460851,6084457,8.756892974089409
2667941,623606,5460926,6084532,8.757013242335706
2667984,623613,5461043,6084656,8.757102562005603
2667993,623615,5461060,6084675,8.75710173745019
2668003,623615,5461076,6084691,8.757127394305781
2668014,623624,5461113,6084737,8.757060344053468
2668110,623656,5461227,6084883,8.75679380940775
2668123,623661,5461259,6084920,8.75677491457699
2668154,623670,5461300,6084970,8.756714288004874
2668169,623675,5461311,6084986,8.756661722852447
2668188,623677,5461333,6085010,8.756668916763005
2668197,623679,5461349,6085028,8.756666490293885
2668487,623714,5461516,6085230,8.756442856822197
2668679,623714,5461939,6085653,8.757121052277165
2668716,623722,5461992,6085714,8.75709370520841
2668733,623728,5462004,6085732,8.75702870482005
2668742,623733,5462065,6085798,8.757056304540564
2668749,623736,5462071,6085807,8.757023804943117
2668922,623736,5462260,6085996,8.75732681775623
2668963,623740,5462340,6086080,8.75739891621509
2668969,623740,5462355,6086095,8.75742296469683
2669109,623774,5462575,6086349,8.757298316377407
2670861,623776,5466135,6089911,8.762977414969477
2670889,623785,5466175,6089960,8.762915106967945
2670890,623785,5466177,6089962,8.762918313200862
2670927,623797,5466209,6090006,8.762801039440715
2671011,623820,5466306,6090126,8.762633451957296
2671100,623861,5466412,6090273,8.762227483365686
2671441,623861,5467091,6090952,8.763315866835722
2671448,623861,5467099,6090960,8.76332869020503
2671761,623861,5467694,6091555,8.76428242829733
2671807,623866,5467722,6091588,8.764257068024223
2671879,623913,5467858,6091771,8.763814826746678
2671925,623916,5467974,6091890,8.763958609812859
2671928,623916,5467983,6091899,8.763973034831611
2672028,624002,5468253,6092255,8.763197874365787
2672302,624105,5468733,6092838,8.762520729684908
2672334,624124,5468802,6092926,8.762364530125424
2672343,624124,5468807,6092931,8.762372541353962
2672472,624124,5469190,6093314,8.762986201459967
2672599,624205,5469456,6093661,8.7622752140723
2672608,624212,5469472,6093684,8.762202585019192
2672608,624212,5469472,6093684,8.762202585019192
2672987,624367,5470008,6094375,8.760885825163726
2673007,624375,5470031,6094406,8.76081041041041
2673484,624385,5471118,6095503,8.762411012436237
2675711,625241,5474378,6099619,8.755628629600427
2675736,625249,5474433,6099682,8.755604567140452
2675811,625319,5474587,6099906,8.75487071398758
2675918,625349,5474659,6100008,8.75456585042912
2675931,625355,5474676,6100031,8.754509038865924
2675946,625361,5474712,6100073,8.754482610843976
2675955,625363,5474728,6100091,8.754480197901058
2676012,625391,5474830,6100221,8.75425134036147
2676030,625404,5474861,6100265,8.754118937518788
2676045,625404,5474880,6100284,8.754149317880922
2676048,625404,5474889,6100293,8.754163708578774
2676078,625413,5474948,6100361,8.754132069528456
2676129,625413,5474974,6100387,8.754173642057328
2676345,625413,5475336,6100749,8.754752459574712
2676686,625439,5476017,6101456,8.755477352707459
2677104,625646,5476682,6102328,8.753643434146467
2677361,625646,5477397,6103043,8.754786252928973
2677438,625655,5477451,6103106,8.754746625536438
2677634,625655,5477924,6103579,8.755502633240365
2677679,625679,5477969,6103648,8.755238708666905
2677968,625692,5478153,6103845,8.755350875510635
2678097,625692,5478536,6104228,8.75596299776887
2678156,625710,5478601,6104311,8.755814994166627
2678175,625724,5478644,6104368,8.75568781123946
2678326,625766,5478842,6104608,8.755416561462273
2678329,625767,5478845,6104612,8.755407364082798
2678594,625767,5479670,6105437,8.756725746164307
2678637,625798,5479757,6105555,8.756430988913355
2678649,625804,5479785,6105589,8.756391777617273
2678788,625804,5480108,6105912,8.756907913659868
2679580,625813,5482045,6107858,8.759877151800938
2679600,625823,5482080,6107903,8.759793104440073
2679738,625888,5482265,6108153,8.759178958535712
2679780,625909,5482322,6108231,8.758976145094575
2679809,625925,5482341,6108266,8.758782601749411
2679915,625925,5482404,6108329,8.758883252785877
2679934,625934,5482426,6108360,8.758792460546958
2680037,625934,5482595,6108529,8.759062457064163
2680065,625944,5482624,6108568,8.758968853443758
2680244,626012,5482926,6108938,8.758499837063827
2680314,626054,5483073,6109127,8.758147060796672
2680345,626054,5483127,6109181,8.758233315337016
2680485,626133,5483416,6109549,8.757589841135989
2680714,626214,5484126,6110340,8.757590855522233
2680731,626225,5484151,6110376,8.757476945187433
2680852,626319,5484451,6110770,8.756641583601967
2680883,626321,5484509,6110830,8.756706225721315
2680906,626328,5484538,6110866,8.756654660178054
2680966,626344,5484655,6110999,8.756617769149221
2680983,626344,5484673,6111017,8.756646507350593
2681013,626357,5484722,6111079,8.756542993851749
2681049,626375,5484794,6111169,8.756406306126522
2681111,626416,5484876,6111292,8.755964087762765
2681116,626418,5484884,6111302,8.755948903128582
2681198,626448,5484966,6111414,8.75566048578653
2681233,626460,5485008,6111468,8.755559812278518
2681256,626473,5485034,6111507,8.755419627023032
2681345,626519,5485185,6111704,8.755017804727391
2681760,626538,5486281,6112819,8.756501600860602
2681933,626612,5486663,6113275,8.756077125876939
2681949,626618,5486682,6113300,8.756023606088558
2682041,626618,5486828,6113446,8.756256602906396
2682217,626705,5487174,6113879,8.755593141908873
2682355,626738,5487344,6114082,8.755403374296755
2682517,626738,5487846,6114584,8.756204346951996
2682558,626738,5487903,6114641,8.756295294046316
2682570,626738,5487903,6114641,8.756295294046316
2682788,626738,5488046,6114784,8.756523459563645
2682827,626749,5488121,6114870,8.75648943995124
2682867,626768,5488158,6114926,8.756283026574426
2682883,626768,5488184,6114952,8.756324509228294
2683112,626790,5488621,6115411,8.756714370044193
2683242,626790,5488860,6115650,8.75709567797827
2683484,626858,5489272,6116130,8.756802976112612
2683499,626862,5489282,6116144,8.75676305151692
2683934,626862,5490049,6116911,8.757986606302504
2683955,626875,5490101,6116976,8.757887936191425
2684030,626895,5490216,6117111,8.75779197473261
2684266,626908,5490888,6117796,8.758682294690768
2684290,626922,5490930,6117852,8.75855369567506
2684318,626937,5490961,6117898,8.758393586596421
2684353,626940,5491019,6117959,8.75844418923661
2684376,626954,5491044,6117998,8.758288486874635
2684382,626954,5491057,6118011,8.758309222048188
2684394,626957,5491084,6118041,8.758310378542706
2684403,626957,5491084,6118041,8.758310378542706
2685332,627342,5493071,6120413,8.756102731843237
2685366,627342,5493159,6120501,8.756243006207141
2685386,627342,5493187,6120529,8.756287638959291
2685481,627376,5493270,6120646,8.755945397975058
2685505,627378,5493312,6120690,8.755984430439065
2685520,627385,5493368,6120753,8.755975995600787
2685535,627393,5493380,6120773,8.75588347335721
2685555,627393,5493415,6120808,8.755939259762222
2685572,627400,5493454,6120854,8.755903729678037
2685585,627400,5493467,6120867,8.755924450111571
2685762,627516,5493760,6121276,8.754772786669982
2686565,627516,5495706,6123222,8.75787390281682
2686716,627528,5495814,6123342,8.757878532910086
2686741,627551,5495898,6123449,8.757691406754192
2686776,627561,5495938,6123499,8.75761559434063
2686797,627561,5495988,6123549,8.757695267870375
2686836,627585,5496051,6123636,8.75746074236956
2686917,627585,5496108,6123693,8.757551566720046
2687018,627632,5496211,6123843,8.757059869477656
2687022,627632,5496220,6123852,8.757074209090677
2687128,627678,5496377,6124055,8.756682566538894
2687149,627684,5496430,6124114,8.756683299239745
2687196,627690,5496496,6124186,8.756704742787045
2687230,627711,5496521,6124232,8.756451615472725
2687261,627728,5496572,6124300,8.756295720439425
2687295,627731,5496632,6124363,8.756349455419599
2687409,627748,5496919,6124667,8.756569515155762
2687456,627770,5497032,6124802,8.756442646192077
2687523,627774,5497330,6125104,8.756861545715497
2687631,627795,5497469,6125264,8.756790034963643
2687669,627814,5497531,6125345,8.756623777105958
2687721,627851,5497687,6125538,8.75635620553284
2687820,627879,5497747,6125626,8.756061279322926
2688060,628051,5498137,6126188,8.754284285830291
2688094,628060,5498238,6126298,8.754319650988759
2688104,628060,5498254,6126314,8.754345126261821
2688223,628060,5498524,6126584,8.754775021494762
2688392,628162,5498875,6127037,8.753912207360521
2688418,628168,5498912,6127080,8.753887495065014
2688419,628168,5498914,6127082,8.753890678926657
2688774,628277,5499170,6127447,8.752779426908832
2688804,628286,5499203,6127489,8.752706569937894
2688831,628307,5499236,6127543,8.752466548995953
2688858,628325,5499268,6127593,8.752266740938209
2688867,628327,5499292,6127619,8.752277078654904
2689438,628327,5500190,6128517,8.753706270779388
2689483,628338,5500271,6128609,8.753681935518781
2689484,628338,5500273,6128611,8.753685118519014
2690391,628351,5502509,6130860,8.757062533520278
2690394,628352,5502512,6130864,8.75705337135873
2690403,628356,5502522,6130878,8.757013540095105
2690425,628362,5502552,6130914,8.756977665740449
2690428,628362,5502558,6130920,8.756987214376426
2690501,628374,5502815,6131189,8.757228975100816
2690530,628380,5502889,6131269,8.757263121041408
2690633,628384,5503148,6131532,8.757619544736976
2690718,628435,5503277,6131712,8.757114100901445
2690753,628446,5503310,6131756,8.757013331296564
2690783,628462,5503379,6131841,8.756900178531081
2690814,628482,5503439,6131921,8.756716978370104
2690862,628492,5503479,6131971,8.756641293763485
2691634,628596,5504897,6133493,8.757448345201052
2691672,628615,5505007,6133622,8.757358637639891
2691681,628615,5505023,6133638,8.757384090421004
2691687,628615,5505036,6133651,8.75740477080566
2691813,628615,5505425,6134040,8.758023591546495
2691836,628624,5505451,6134075,8.75793956323653
2691868,628630,5505487,6134117,8.757913239902646
2691992,628630,5505690,6134320,8.758236164357411
2692012,628633,5505726,6134359,8.758251634896673
2692115,628679,5505986,6134665,8.758024365375652
2692186,628679,5506096,6134775,8.758199335431913
2692231,628713,5506208,6134921,8.757903844838584
2692247,628713,5506234,6134947,8.757945199160826
2692301,628742,5506352,6135094,8.757728925377977
2692439,628793,5506552,6135345,8.757336675185634
2692474,628793,5506604,6135397,8.757419373307274
2692628,628793,5506977,6135770,8.758012573295186
2692684,628793,5507065,6135858,8.758152523962575
2692909,628838,5507377,6136215,8.75802193887774
2694146,629515,5509497,6139012,8.751970961772157
2694294,629565,5509618,6139183,8.751468077164391
2694379,629595,5509794,6139389,8.7513306173016
2694392,629607,5509825,6139432,8.751213058304625
2694424,629607,5509873,6139480,8.751289296338827
2694599,629686,5510177,6139863,8.750674145526501
2694661,629737,5510291,6140028,8.750146489725076
2694974,629737,5511077,6140814,8.751394629821656
2695020,629737,5511200,6140937,8.75158994945509
2695180,629789,5511448,6141237,8.751261136666407
2695367,629821,5511754,6141575,8.751302354160945
2695416,629837,5511831,6141668,8.751202295197011
2695505,629869,5511910,6141779,8.750883120140855
2695742,629926,5512077,6142003,8.750356391068157
2695843,629979,5512247,6142226,8.749890075700936
2695928,630000,5512368,6142368,8.749790476190476
2696091,630000,5512786,6142786,8.750453968253968
2696101,630000,5512801,6142801,8.750477777777778
2696155,630001,5512921,6142922,8.750654364040692
2696278,630001,5513258,6143259,8.751189283826534
2696375,630039,5513375,6143414,8.750847169778378
2696424,630069,5513481,6143550,8.75059874394709
2696510,630103,5513692,6143795,8.750461432495957
2696581,630103,5513819,6143922,8.750662986845008
2696668,630103,5513949,6144052,8.750869302320414
2696673,630103,5513953,6144056,8.750875650488888
2696856,630150,5514161,6144311,8.750553042926287
2696886,630163,5514188,6144351,8.750415368722061
2697097,630208,5514802,6145010,8.750764826850817
2697130,630208,5514866,6145074,8.75086638062354
2697201,630208,5515038,6145246,8.751139306387733
2697236,630217,5515065,6145282,8.751057175544297
2697242,630217,5515077,6145294,8.751076216604757
2697276,630238,5515148,6145386,8.750897280075145
2697354,630254,5515357,6145611,8.751006736966366
2697355,630254,5515364,6145618,8.751017843599564
2697366,630254,5515374,6145628,8.75103371021842
2697367,630254,5515376,6145630,8.751036883542191
2697422,630266,5515440,6145706,8.75097181190164
2698534,630292,5517806,6148098,8.754364643688957
2698586,630301,5517917,6148218,8.754415747396878
2698621,630320,5517973,6148293,8.754240703134915
2698643,630324,5518004,6148328,8.754234330280935
2698679,630332,5518095,6148427,8.75426759231643
2698689,630337,5518126,6148463,8.754247331189507
2698736,630371,5518280,6148651,8.754019458382444
2698856,630457,5518495,6148952,8.753166353930562
2698893,630457,5518547,6149004,8.753248833782479
2698955,630457,5518729,6149186,8.753537513264188
2698963,630457,5518748,6149205,8.753567650133157
2698985,630468,5518793,6149261,8.753486299066726
2699005,630468,5518820,6149288,8.75352912439648
2699045,630483,5518911,6149394,8.753465200489149
2699136,630492,5519058,6149550,8.753573399821093
2699149,630492,5519077,6149569,8.753603535017097
2699153,630492,5519079,6149571,8.753606707142993
2699525,630558,5519699,6150257,8.753673730251618
2699583,630589,5519760,6150349,8.753340131210662
2699597,630601,5519794,6150395,8.753227476645295
2699752,630611,5520037,6150648,8.75347401171245
2699773,630623,5520082,6150705,8.753378801597785
2699881,630623,5520639,6151262,8.754262055142295
2699913,630627,5520678,6151305,8.754268371002192
2699975,630643,5520805,6151448,8.75424764882826
2700104,630643,5521032,6151675,8.754607598910953
2700259,630643,5521354,6151997,8.755118188896095
2700288,630655,5521372,6152027,8.75498013969603
2700396,630655,5521588,6152243,8.755322640746526
2700430,630667,5521628,6152295,8.755219473985479
2700444,630671,5521661,6152332,8.755216269655653
2700469,630671,5521769,6152440,8.755387515836308
2700637,630679,5522039,6152718,8.755704566031214
2700641,630679,5522044,6152723,8.755712493994567
2700664,630695,5522098,6152793,8.75557599156486
2700890,630695,5522623,6153318,8.75640840659907
2700941,630695,5522747,6153442,8.756605015102387
2701022,630705,5522774,6153479,8.75650898597601
2701099,630707,5522892,6153599,8.756668310324763
2701259,630820,5523268,6154088,8.75569576107289
2701285,630825,5523300,6154125,8.755677089525621
2701330,630851,5523321,6154172,8.755349519934184
2701355,630855,5523346,6154201,8.755333634511892
2701392,630862,5523401,6154263,8.755323668250742
2701410,630862,5523433,6154295,8.755374392497885
2701455,630874,5523459,6154333,8.755249067167137
2701475,630883,5523502,6154385,8.75519232567687
2701501,630889,5523539,6154428,8.755167707790118
2701537,630898,5523568,6154466,8.755088778217715
2701554,630905,5523586,6154491,8.755020169439138
2701773,630914,5524886,6155800,8.756955781612074
2701786,630932,5524910,6155842,8.756743991428554
2701873,630932,5525022,6155954,8.75692150659659
2701885,630937,5525036,6155973,8.756874299652738
2702251,630939,5526090,6157029,8.758517067418563
2702271,630939,5526111,6157050,8.758550351143295
2702282,630949,5526135,6157084,8.758449573578847
2702325,630949,5526276,6157225,8.758673046474438
2702350,630949,5526310,6157259,8.758726933555645
2702520,630949,5526655,6157604,8.759273728938473
2702887,631136,5527373,6158509,8.757816065000254
2702969,631196,5527547,6158743,8.757259234849396
2702999,631233,5527591,6158824,8.75681562909417
2703750,631300,5530766,6162066,8.760915571043878
2703791,631321,5530830,6162151,8.76072552631704
2703794,631321,5530832,6162153,8.760728694277555
2703867,631338,5530896,6162234,8.760594166674586
2703889,631338,5530901,6162239,8.760602086362614
2703924,631352,5530971,6162323,8.760518696384901
2703947,631352,5530988,6162340,8.7605456227271
2703956,631358,5531011,6162369,8.76049879782944
2704274,631586,5531523,6163109,8.758146950692383
2704544,631586,5531905,6163491,8.75875177727182
2704556,631586,5531920,6163506,8.758775527006614
2704641,631586,5532117,6163703,8.759087440190251
2704671,631593,5532173,6163766,8.759079027158313
2704723,631644,5532329,6163973,8.758618778932437
2704786,631644,5532377,6164021,8.758694771105242
2704795,631644,5532399,6164043,8.758729600851112
2704933,631664,5532487,6164151,8.75859159299881
2704968,631667,5532572,6164239,8.758684560060917
2705098,631745,5532716,6164461,8.757831086910066
2705270,631745,5533096,6164841,8.758432595430119
2705296,631763,5533132,6164895,8.758240036216113
2705305,631765,5533149,6164914,8.758239218696826
2705477,631765,5533341,6165106,8.758543129169865
2705520,631788,5533383,6165171,8.758290755759843
2705675,631788,5533704,6165492,8.75879883758476
2705748,631814,5533831,6165645,8.75863940969969
2705760,631814,5533841,6165655,8.758655237142577
2705768,631821,5533880,6165701,8.758619925580188
2705781,631821,5533887,6165708,8.75863100466746
2705807,631832,5533934,6165766,8.758552906468807
2705838,631832,5533975,6165807,8.758617797135948
2705869,631844,5534028,6165872,8.758535334671217
2706146,631844,5534736,6166580,8.75965586442223
2706325,631844,5535097,6166941,8.760227207981718
2706343,631866,5535149,6167015,8.76000449462386
2706364,631866,5535179,6167045,8.760051973044918
2706388,631872,5535202,6167074,8.760005190924744
2706407,631879,5535224,6167103,8.759942963763631
2706451,631883,5535319,6167202,8.760037855109253
2707720,631883,5538170,6170053,8.764549766333324
2708283,632013,5540114,6172127,8.76582285490963
2708413,632032,5540322,6172354,8.765888436028556
2708452,632051,5540447,6172498,8.765822694687612
2708478,632058,5540490,6172548,8.765793645519873
2708495,632065,5540507,6172572,8.765723461985713
2708506,632067,5540516,6172583,8.76570996429176
2708515,632067,5540520,6172587,8.765716292734789
2708544,632077,5540550,6172627,8.765625074160269
2708570,632092,5540599,6172691,8.765494579902926
2708647,632108,5540758,6172866,8.76552424585672
2708671,632117,5540791,6172908,8.765451648982705
2708739,632148,5540984,6173132,8.76532710694331
2709521,632148,5542385,6174533,8.767543360099218
2709764,632148,5542799,6174947,8.768198270025374
2709782,632157,5542815,6174972,8.76809874762124
2709802,632157,5542844,6175001,8.768144622301106
2709848,632166,5542909,6175075,8.768122613364211
2709868,632181,5542941,6175122,8.767965187185316
2709982,632181,5543112,6175293,8.76823567933867
2710016,632181,5543144,6175325,8.768286297753333
2710948,632420,5544175,6176595,8.766602890484172
2711028,632432,5544376,6176808,8.76675437043034
2711045,632439,5544393,6176832,8.766684217766457
2711051,632440,5544400,6176840,8.766681424324837
2711071,632440,5544438,6176878,8.76674150907596
2711368,632467,5544602,6177069,8.766626559172257
2711405,632474,5544655,6177129,8.766613331140885
2711486,632499,5544766,6177265,8.766442318485879
2711675,632588,5545058,6177646,8.765670547022706
2711736,632632,5545141,6177773,8.765192086394618
2711762,632643,5545164,6177807,8.765076038144736
2711787,632670,5545270,6177940,8.764869521235399
2711815,632686,5545335,6178021,8.764750602984735
2712150,632894,5546169,6179063,8.763187832401634
2712233,632894,5546444,6179338,8.763622344342023
2712243,632894,5546461,6179355,8.763649205080156
2712264,632901,5546514,6179415,8.76363601890343
2713307,632901,5548521,6181422,8.76680713097309
2713317,632908,5548534,6181442,8.766730709676605
2713349,632917,5548629,6181546,8.766756146540542
2713430,632946,5548738,6181684,8.766526686320791
2713511,632949,5548926,6181875,8.766782157804183
2713599,632993,5549051,6182044,8.76637024422071
2713799,633098,5549574,6182672,8.76574242850238
2713820,633098,5549618,6182716,8.765811928011145
2713876,633098,5549702,6182800,8.765944608891514
2713943,633113,5549741,6182854,8.765798522538631
2713967,633115,5549771,6182886,8.765818216279822
2713991,633128,5549806,6182934,8.765693509053461
2714003,633135,5549832,6182967,8.765637660214646
2714074,633167,5549968,6183135,8.765409441742857
2714219,633245,5550278,6183523,8.764819303744996
2714261,633263,5550354,6183617,8.764690184015173
2714282,633263,5550394,6183657,8.764753348924538
2714295,633267,5550469,6183736,8.76481642024612
2714355,633280,5550665,6183945,8.764945995452248
2714370,633286,5550705,6183991,8.76492611553074
2714437,633336,5550846,6184182,8.764456781234605
2714480,633346,5550894,6184240,8.764394185800494
2714739,633346,5551390,6184736,8.765177328032387
2714790,633356,5551445,6184801,8.765125774445968
2714795,633356,5551450,6184806,8.76513366890027
2714806,633357,5551458,6184815,8.765132460839622
2714835,633357,5551505,6184862,8.76520666859291
2715035,633409,5551619,6185028,8.764667063461365
2715126,633409,5551715,6185124,8.764818624301203
2715453,633651,5552531,6186182,8.762758995093513
2715462,633657,5552551,6186208,8.762707584702765
2715657,633675,5552640,6186315,8.762599124156704
2715682,633688,5552693,6186381,8.76250299832094
2716065,633755,5553018,6186773,8.762089450970802
2716077,633755,5553039,6186794,8.762122586804049
2716110,633766,5553107,6186873,8.762077801586074
2716619,633766,5553927,6187693,8.76337165452233
2716674,633779,5554040,6187819,8.763370196866731
2716755,633793,5554105,6187898,8.763279177901934
2716789,633804,5554175,6187979,8.763237530845498
2716800,633812,5554215,6188027,8.763190031113327
2716806,633812,5554233,6188045,8.763218430701848
2716814,633812,5554233,6188045,8.763218430701848
2716836,633824,5554266,6188090,8.763104584237896
2716861,633833,5554303,6188136,8.76303852907627
2717082,633847,5554348,6188195,8.762915971835474
2717128,633866,5554552,6188418,8.762975139856058
2717154,633880,5554628,6188508,8.762901495551208
2717163,633882,5554648,6188530,8.762905398796622
2717254,633887,5554787,6188674,8.763055560375903
2717349,633902,5554975,6188877,8.763144776321893
2718199,633902,5556331,6190233,8.765283908238182
2719038,633902,5558177,6192079,8.768196030301214
2719085,633922,5558227,6192149,8.76799827108067
2719098,633926,5558235,6192161,8.76795556579159
2719140,633939,5558308,6192247,8.767890916949423
2719162,633941,5558315,6192256,8.767874297450394
2719168,633943,5558321,6192264,8.767856100627343
2719208,633969,5558382,6192351,8.76759273718431
2719248,633974,5558423,6192397,8.767588260717316
2719328,633990,5558529,6192519,8.767534188236407
2722733,633990,5564298,6198288,8.776633700847016
2723292,633990,5565881,6199871,8.779130585655926
2723336,634001,5565966,6199967,8.779112335784959
2723361,634010,5566032,6200042,8.77909181243198
2723436,634052,5566183,6200235,8.77874843072808
2723453,634060,5566201,6200261,8.778666056840047
2723471,634060,5566221,6200281,8.778697599596253
2723502,634068,5566264,6200332,8.778654655336652
2723572,634073,5566363,6200436,8.77874156445709
2724023,634199,5566963,6201162,8.77794351615187
2724063,634207,5567040,6201247,8.77795420107315
2724102,634224,5567188,6201412,8.777952269229798
2724163,634228,5567297,6201525,8.778068770221434
2724190,634235,5567327,6201562,8.77801918847115
2724224,634257,5567373,6201630,8.777787237665489
2724265,634269,5567472,6201741,8.777777252238403
2724280,634282,5567497,6201779,8.777636760935987
2724542,634282,5567829,6202111,8.77816018742452
2724573,634285,5567850,6202135,8.778151777197948
2724618,634303,5567912,6202215,8.77800041935794
2724647,634315,5567931,6202246,8.777864310319005
2724910,634413,5568378,6202791,8.777212951184795
2725108,634413,5568675,6203088,8.777681100481862
2725125,634413,5568690,6203103,8.777704744385755
2725137,634419,5568729,6203148,8.777683203056656
2725147,634422,5568741,6203163,8.77766061076066
2725211,634443,5568846,6203289,8.777535570571352
2726634,634443,5572018,6206461,8.782535231691421
2726731,634494,5572204,6206698,8.78212244717838
2726983,634576,5572479,6207055,8.781420980308111
2727107,634635,5572834,6207469,8.781163976143768
2727126,634646,5572891,6207537,8.781101590492968
2727144,634650,5572917,6207567,8.781087213424723
2727164,634650,5572958,6207608,8.781151815961554
2727173,634652,5572980,6207632,8.781158808291789
2727261,634698,5573096,6207794,8.780705154262343
2727264,634698,5573105,6207803,8.780719334234549
2727326,634726,5573226,6207952,8.780522619208918
2727375,634735,5573276,6208011,8.78047689193128
2727385,634735,5573292,6208027,8.780502099301284
2727652,634783,5574031,6208814,8.781002326779388
2727678,634802,5574077,6208879,8.780811969716542
2727705,634811,5574116,6208927,8.78074891581904
2727768,634820,5574246,6209066,8.780829211430012
2727794,634830,5574291,6209121,8.780761778743916
2728145,634940,5574720,6209660,8.779916212555516
2728149,634940,5574725,6209665,8.779924087315337
2728276,634971,5575098,6210069,8.780082869926343
2728293,634971,5575121,6210092,8.780119092053022
2728333,634990,5575189,6210179,8.779963463991558
2728402,635043,5575340,6210383,8.779468476937781
2729227,635110,5579237,6214347,8.784678244713515
2729255,635123,5579285,6214408,8.784574011648138
2729280,635128,5579313,6214441,8.784548941315766
2729456,635128,5579816,6214944,8.785340907659558
2729491,635128,5579898,6215026,8.78547001549294
2729531,635128,5579965,6215093,8.785575506039727
2729638,635203,5580067,6215270,8.784698749848474
2729662,635203,5580097,6215300,8.784745978844558
2729872,635231,5580198,6215429,8.784517758106894
2729879,635235,5580203,6215438,8.784470314135714
2729957,635244,5580327,6215571,8.78454105823904
2729987,635260,5580395,6215655,8.78442684884929
2729998,635262,5580416,6215678,8.784432250000787
2730119,635286,5580647,6215933,8.784464005188214
2730157,635293,5580699,6215992,8.784449065234467
2730275,635304,5580953,6216257,8.784696775087202
2730372,635356,5581136,6216492,8.784265828921109
2730645,635361,5581929,6217290,8.785444810115823
2730660,635361,5581936,6217297,8.78545582747446
2730729,635367,5582126,6217493,8.785671903010385
2730751,635378,5582166,6217544,8.785582755462103
2730761,635378,5582183,6217561,8.785609511188616
2730762,635378,5582185,6217563,8.785612658921146
2730860,635378,5582475,6217853,8.786069080138123
2730869,635380,5582498,6217878,8.786077622839874
2730898,635380,5582528,6217908,8.786124838679216
2730946,635380,5582601,6217981,8.786239730554943
2730956,635380,5582617,6217997,8.786264912335925
2731234,635380,5582636,6218016,8.78629481570084
2731275,635380,5582700,6218080,8.786395542824767
2731356,635434,5582870,6218304,8.785916397296965
2731370,635434,5582896,6218330,8.785957314213592
2731389,635435,5582936,6218371,8.786006436535601
2731427,635465,5582998,6218463,8.785689219705255
2731544,635477,5583230,6218707,8.785888395646106
2731555,635482,5583254,6218736,8.785857034502945
2731583,635501,5583294,6218795,8.785657300303225
2731643,635517,5583483,6219000,8.78573350516194
2732854,635517,5586271,6221788,8.790120484581845
2733307,635728,5587122,6222850,8.788541640450005
2733342,635740,5587219,6222959,8.788528329191179
2733508,635740,5587633,6223373,8.789179538805172
2733538,635766,5587683,6223449,8.788898745764952
2733612,635769,5587704,6223473,8.788890304497388
2733868,635971,5588375,6224346,8.787153816762086
2734268,636281,5589306,6225587,8.784335851612731
2734660,636281,5590412,6226693,8.786074077333756
2734714,636304,5590550,6226854,8.78597337121879
2734843,636369,5590791,6227160,8.785454665453534
2734972,636431,5591012,6227443,8.784946050710918
2735008,636441,5591079,6227520,8.784913291255592
2735058,636441,5591149,6227590,8.78502327788436
2735064,636441,5591165,6227606,8.785048417685221
2735896,636489,5592699,6229188,8.786796001187765
2735980,636489,5593035,6229524,8.787323897192254
2736253,636489,5593833,6230322,8.78857765020291
2736321,636489,5593975,6230464,8.788800749109567
2736337,636497,5593998,6230495,8.788726419763172
2736463,636551,5594211,6230762,8.788315468831248
2736543,636570,5594338,6230908,8.788252666635248
2736577,636570,5594372,6230942,8.78830607788617
2736887,636570,5595291,6231861,8.789749752580235
2737022,636570,5595955,6232525,8.790792842892376
2737039,636582,5595986,6232568,8.790675828094416
2737155,636582,5596170,6232752,8.790964871768287
2737248,636602,5596372,6232974,8.791005997467806
2737336,636602,5596492,6233094,8.791194498289356
2737352,636610,5596502,6233112,8.791099731389705
2737360,636610,5596521,6233131,8.791129576978056
2737395,636613,5596605,6233218,8.791220097610323
2737434,636651,5596703,6233354,8.790849303621608
2737504,636667,5596827,6233494,8.790823146165891
2737537,636685,5596877,6233562,8.79065314873132
2737575,636701,5596956,6233657,8.790556320784795
2737610,636703,5597053,6233756,8.790681055374327
2737683,636706,5597115,6233821,8.79073701205894
2737843,636706,5597481,6234187,8.791311845655608
2737874,636715,5597522,6234237,8.791251973017756
2737885,636715,5597534,6234249,8.791270819754521
2738310,636824,5598273,6235097,8.790926535432082
2738340,636844,5598301,6235145,8.790694424380225
2738374,636844,5598349,6235193,8.790769796056805
2738394,636855,5598374,6235229,8.790657213965503
2738438,636877,5598441,6235318,8.790458754202145
2738439,636877,5598447,6235324,8.790468175173542
2738512,636877,5598586,6235463,8.790686427677558
2738604,636877,5598586,6235463,8.790686427677558
2738622,636884,5598615,6235499,8.790635343327827
2738655,636905,5598656,6235561,8.790409872743973
2738716,636917,5598797,6235714,8.790465633669694
2738717,636917,5598799,6235716,8.790468773796272
2738749,636924,5598835,6235759,8.790428685369054
2738845,637048,5599109,6236157,8.789147756526981
2738848,637048,5599118,6236166,8.78916188419083
2738911,637089,5599248,6236337,8.788800308905035
2738958,637119,5599306,6236425,8.788477505772077
2739041,637119,5599488,6236607,8.788763166692565
2739283,637119,5600072,6237191,8.78967979294292
2739335,637143,5600160,6237303,8.789486818500713
2739366,637150,5600232,6237382,8.789503256689947
2739416,637165,5600311,6237476,8.789420322836314
2739422,637165,5600327,6237492,8.789445434071238
2739747,637165,5601048,6238213,8.790577009094976
2739800,637165,5601130,6238295,8.790705704173957
2739806,637167,5601139,6238306,8.790692236101368
2739830,637167,5601155,6238322,8.79071734725747
2739860,637176,5601198,6238374,8.79066066518513
2740058,637246,5601424,6238670,8.79004968254018
2740118,637279,5601496,6238775,8.789707490753658
2740153,637288,5601567,6238855,8.789694769083994
2740286,637325,5601656,6238981,8.789324128192053
2740317,637336,5601671,6239007,8.789195965707256
2740372,637353,5601822,6239175,8.789198450466225
2740433,637353,5601864,6239217,8.789264348014365
2740451,637353,5601918,6239271,8.789349073433403
2740483,637368,5601953,6239321,8.78919713572065
2740517,637374,5601997,6239371,8.789183430764355
2740589,637423,5602133,6239556,8.788721147495462
2740656,637470,5602272,6239742,8.788291213704174
2740764,637470,5602829,6240299,8.7891649803128
2740797,637488,5602897,6240385,8.789023479657656
2740829,637510,5602976,6240486,8.78884409656319
2740858,637524,5603041,6240565,8.788753050865536
2740863,637525,5603047,6240572,8.78874867652249
2740910,637547,5603082,6240629,8.7885002988015
2741042,637590,5603434,6241024,8.788459668438966
2741074,637601,5603501,6241102,8.78841312984139
2741159,637601,5603698,6241299,8.788722100498587
2741184,637611,5603736,6241347,8.788643859657377
2741214,637612,5603790,6241402,8.788714766974273
2741227,637612,5603804,6241416,8.788736723901057
2741249,637612,5603827,6241439,8.788772795995056
2741297,637625,5603906,6241531,8.7887175063713
2741352,637645,5604016,6241661,8.78861435438214
2741436,637676,5604109,6241785,8.788332946512021
2741492,637705,5604236,6241941,8.788132443684775
2741521,637705,5604263,6241968,8.788174783010954
2742037,637964,5605015,6242979,8.785785718316394
2742291,637964,5605759,6243723,8.786951928321974
2742314,637971,5605785,6243756,8.786896269579652
2742454,638002,5605988,6243990,8.786787502233535
2742536,638030,5606074,6244104,8.78653668322806
2742555,638046,5606111,6244157,8.786374336646574
2742701,638116,5606334,6244450,8.785759955870093
2742887,638200,5606619,6244819,8.785050141021623
2742965,638200,5606758,6244958,8.7852679410843
2742986,638209,5606778,6244987,8.785175389253364
2743017,638222,5606825,6245047,8.78507008533081
2743118,638253,5607091,6245344,8.78506015639566
2743155,638253,5607127,6245380,8.78511656036086
2743268,638308,5607287,6245595,8.784610250850687
2743361,638343,5607571,6245914,8.784573497320405
2743398,638358,5607638,6245996,8.784472036067536
2743541,638397,5607880,6246277,8.78431446263062
2743572,638427,5607965,6246392,8.784034823088623
2743852,638427,5608428,6246855,8.784760043043292
2743855,638428,5608431,6246859,8.784750982099782
2743886,638428,5608485,6246913,8.784835564856177
2743902,638428,5608511,6246939,8.784876289887036
2743914,638433,5608547,6246980,8.784863877650436
2745063,638436,5611195,6249631,8.788970233508136
2745134,638448,5611309,6249757,8.788983597724481
2745477,638448,5612437,6250885,8.790750382176778
2745512,638470,5612492,6250962,8.79053361943396
2745516,638470,5613431,6251901,8.792004322834275
2745761,638540,5614125,6252665,8.792127353024085
2745800,638561,5614217,6252778,8.791982285169311
2745862,638565,5614360,6252925,8.792151151409803
2746002,638565,5614623,6253188,8.79256301237932
2746033,638573,5614678,6253251,8.792538989277656
2746155,638573,5614865,6253438,8.79283182972033
2746211,638606,5614988,6253594,8.792570066676479
2747418,638606,5619090,6257696,8.798993432570317
2747471,638609,5619173,6257782,8.799082067430932
2747477,638612,5619179,6257791,8.799050127463937
2747499,638623,5619216,6257839,8.798956504854978
2747518,638623,5619251,6257874,8.799011310272258
2747529,638623,5619261,6257884,8.79902696896291
2747536,638625,5619267,6257892,8.799008807985906
2747606,638670,5619473,6258143,8.798711384596114
2747636,638673,5619505,6258178,8.798720158829322
2747928,638758,5620193,6258951,8.79862639685139
2748047,638817,5620528,6259345,8.798338178226315
2748177,638853,5620785,6259638,8.798244666613446
2748233,638866,5620888,6259754,8.798226858214399
2748241,638866,5620888,6259754,8.798226858214399
2748251,638866,5620892,6259758,8.798233119308275
2748343,638866,5620947,6259813,8.798319209349065
2748384,638882,5621009,6259891,8.798195910981997
2748435,638894,5621064,6259958,8.798116745500819
2748471,638901,5621121,6260022,8.798109566270831
2748846,638901,5621121,6260022,8.798109566270831
2748868,638903,5621128,6260031,8.798092981250676
2749350,638920,5621668,6260588,8.798704063106491
2749428,638933,5621706,6260639,8.798584515121304
2749456,638940,5621736,6260676,8.798535073715842
2749491,638943,5621820,6260763,8.798625229480564
2749572,638980,5621956,6260936,8.798328586184232
2749630,638986,5622046,6261032,8.798386819116537
2749695,638986,5622150,6261136,8.798549576986037
2749710,638987,5622197,6261184,8.798609361379809
2750059,639072,5622569,6261641,8.798021193230184
2750158,639080,5622740,6261820,8.798178631783188
2750219,639080,5622883,6261963,8.798402390936971
2750264,639095,5622980,6262075,8.798347663492908
2750269,639097,5622988,6262085,8.79833264746979
2750276,639099,5622989,6262088,8.798306678620996
2750974,639104,5624880,6263984,8.801196675345484
2751034,639114,5625014,6264128,8.801268631261403
2751100,639151,5625161,6264312,8.800989124635649
2751244,639156,5625435,6264591,8.801348966449506
2751446,639156,5625529,6264685,8.80149603539668
2751567,639204,5625762,6264966,8.801199617023673
2751689,639204,5626038,6265242,8.801631404058798
2753259,639272,5635601,6274873,8.81565436934513
2753286,639275,5635626,6274901,8.815652105901217
2753344,639309,5635774,6275083,8.815414768132468
2753359,639315,5635794,6275109,8.815363318551887
2753372,639316,5635823,6275139,8.81539489078953
2754123,639683,5636817,6276500,8.811891202361169
2754131,639683,5636846,6276529,8.81193653731614
2754210,639735,5637059,6276794,8.811553221255677
2754320,639735,5637262,6276997,8.811870540145529
2754337,639740,5637296,6277036,8.811854816019007
2754522,639744,5637731,6277475,8.812479679371748
2754568,639772,5637851,6277623,8.81228156280675
2754720,639777,5638313,6278090,8.812934819476162
2754936,639890,5638632,6278522,8.811877041366484
2755078,639942,5638859,6278801,8.811515731113133
2755111,639955,5638911,6278866,8.811417990327445
2755153,639978,5638977,6278955,8.811204447652887
2755543,640108,5639297,6279405,8.80991488936242
2755854,640179,5639929,6280108,8.809925036591329
2755869,640183,5639952,6280135,8.809905917526708
2755889,640188,5639994,6280182,8.809902716077152
2756059,640244,5640292,6280536,8.809597590918463
2756089,640257,5640327,6280584,8.809473383344502
2756093,640257,5640335,6280592,8.809485878326985
2756668,640400,5641141,6281541,8.80877732667083
2756934,640400,5641859,6282259,8.809898500936914
2757776,640625,5643070,6283695,8.808694634146342
2757791,640637,5643090,6283727,8.80856085427473
2758006,640670,5643352,6284022,8.808516084723804
2758300,640741,5644164,6284905,8.808807302794733
2758330,640761,5644213,6284974,8.808608826067754
2758353,640771,5644236,6285007,8.808507251420554
2758358,640773,5644248,6285021,8.808498485423074
2758371,640779,5644263,6285042,8.808439415149373
2758539,640779,5644526,6285305,8.808849853069468
2758592,640779,5644612,6285391,8.808984064708737
2758712,640792,5644709,6285501,8.808956728548422
2759009,640801,5645417,6286218,8.809937874628785
2759073,640819,5645484,6286303,8.80979496550508
2759115,640822,5645520,6286342,8.809809900409162
2759206,640822,5645568,6286390,8.8098848042046
2759236,640835,5645622,6286457,8.80979035165058
2759305,640852,5645665,6286517,8.809623750881638
2759309,640852,5645670,6286522,8.809631552995075
2759560,640852,5646229,6287081,8.810503829277275
2759563,640855,5646244,6287099,8.810485991370903
2759710,640905,5646360,6287265,8.809979638167903
2759926,640989,5646657,6287646,8.809288458928313
2759931,640990,5646678,6287668,8.809307477495748
2759996,641000,5646728,6287728,8.809248049921997
2760029,641008,5646854,6287862,8.809334672890198
2760054,641022,5646888,6287910,8.809195316229395
2760082,641022,5646953,6287975,8.80929671680535
2760130,641022,5647061,6288083,8.809465197762323
2760135,641022,5647061,6288083,8.809465197762323
2760373,641022,5647874,6288896,8.810733484966194
2760393,641026,5647881,6288907,8.810689426013921
2760402,641030,5647908,6288938,8.81067656739934
2760489,641056,5648073,6289129,8.8105766110917
2760735,641099,5648412,6289511,8.810514444726945
2760754,641112,5648450,6289562,8.810395063577035
2760820,641112,5648635,6289747,8.81068362470208
2760949,641112,5648862,6289974,8.81103769700146
2761015,641118,5649030,6290148,8.811217279814324
2761137,641203,5649242,6290445,8.8103798640992
2761195,641222,5649377,6290599,8.810329339916597
2761227,641222,5649456,6290678,8.81045254217728
2761530,641309,5649906,6291215,8.809959005721112
2761531,641309,5649910,6291219,8.809965242964001
2761634,641309,5650047,6291356,8.810178868532955
2761643,641311,5650056,6291367,8.810165426758624
2761704,641320,5650155,6291475,8.810196157924281
2761733,641331,5650202,6291533,8.810118332031353
2761753,641338,5650215,6291553,8.81004244251861
2761903,641402,5650632,6292034,8.809813502296532
2761912,641406,5650652,6292058,8.809789743158
2761922,641406,5650668,6292074,8.809814688356516
2762095,641505,5650997,6292502,8.80896797374923
2762371,641609,5651512,6293121,8.808342775740366
2762391,641609,5651555,6293164,8.808409794750386
2762420,641627,5651618,6293245,8.808260874308594
2762427,641627,5651633,6293260,8.80828425237716
2762485,641655,5651759,6293414,8.80809625110067
2762562,641670,5651833,6293503,8.808005672697805
2762822,641724,5652266,6293990,8.807939238675816
2762887,641755,5652448,6294203,8.807797368154514
2763042,641879,5652771,6294650,8.806599063063288
2763083,641893,5652835,6294728,8.80650669192529
2763249,641950,5653012,6294962,8.806000467326117
2763373,642022,5653212,6295234,8.805324428134861
2765169,642022,5656817,6298839,8.810939500515559
2765208,642045,5656926,6298971,8.810793635960096
2765267,642059,5657081,6299140,8.810842928765114
2765286,642075,5657110,6299185,8.810668535607212
2765298,642080,5657143,6299223,8.8106513207077
2765355,642102,5657194,6299296,8.81042887267132
2765447,642102,5657384,6299486,8.810724775814434
2765492,642106,5657484,6299590,8.810825626921412
2765561,642147,5657564,6299711,8.810387652671428
2765600,642173,5657654,6299827,8.8101710909677
2765648,642185,5657729,6299914,8.810123251088083
2765659,642185,5657741,6299926,8.810141937292213
2765695,642238,5657847,6300085,8.809579937655512
2765763,642293,5657980,6300273,8.809032637752551
2765823,642318,5658077,6300395,8.80884079225555
2765927,642358,5658187,6300545,8.808463504774597
2765948,642360,5658187,6300547,8.808436079457003
2766215,642360,5658818,6301178,8.809418394669656
2766227,642360,5658839,6301199,8.809451086618095
2766246,642365,5658895,6301260,8.809469694021312
2766262,642380,5658949,6301329,8.809348049441141
2766363,642414,5659116,6301530,8.809141768392346
2766390,642437,5659149,6301586,8.808877757663398
2766767,642437,5659807,6302244,8.809901982606855
2767355,642495,5660613,6303108,8.810361170125837
2767372,642510,5660642,6303152,8.810200619445611
2767420,642524,5660739,6303263,8.810159620496666
2767463,642527,5660809,6303336,8.810227430131341
2767513,642527,5660930,6303457,8.810415749065799
2767552,642542,5660969,6303511,8.81027076829219
2767591,642542,5661018,6303560,8.810347027898565
2767617,642542,5661044,6303586,8.8103874921795
2767858,642587,5661291,6303878,8.810154889532468
2767861,642589,5661304,6303893,8.810147699384832
2767889,642594,5661333,6303927,8.810124277537605
2768077,642594,5661612,6304206,8.81055845526102
2768080,642594,5661625,6304219,8.810578685764261
2768117,642609,5661663,6304272,8.81043216014715
2768142,642620,5661748,6304368,8.81041361924621
2768191,642620,5661857,6304477,8.810583237372008
2768253,642640,5661933,6304573,8.810427299887962
2768765,642850,5662642,6305492,8.808652096134402
2768942,642896,5662862,6305758,8.80836402777432
2768986,642919,5662933,6305852,8.808159348222716
2769097,642947,5663018,6305965,8.807907961309407
2769128,642955,5663070,6306025,8.807879245048253
2769196,642955,5663190,6306145,8.80806588330443
2769257,642975,5663290,6306265,8.807947431859715
2769310,642988,5663376,6306364,8.807903102390714
2769423,642988,5663709,6306697,8.808420996970394
2769550,643045,5663923,6306968,8.807973003444548
2769635,643045,5663923,6306968,8.807973003444548
2769672,643055,5663971,6307026,8.807910676380715
2769686,643055,5663992,6307047,8.8079433329964
2769887,643154,5664265,6307419,8.807012006455686
2770041,643191,5664694,6307885,8.807172364041163
2770079,643203,5664762,6307965,8.807113772790238
2770106,643218,5664832,6308050,8.807017216557995
2770280,643218,5665247,6308465,8.807662409944996
2770684,643218,5665864,6309082,8.808621649269766
2771009,643254,5665962,6309216,8.808281021182923
2771029,643254,5665991,6309245,8.808326104462623
2771037,643254,5666008,6309262,8.808352532592101
2771523,643339,5666303,6309642,8.807647290153403
2771616,643387,5666425,6309812,8.80717981556979
2771626,643387,5666435,6309822,8.807195358314669
2774529,643637,5672529,6316166,8.813242557528545
2776466,643637,5676626,6320263,8.819607946715307
2777164,643637,5678522,6322159,8.822553706514697
2777211,643649,5678860,6322509,8.822914352387714
2777248,643672,5678906,6322578,8.822670552703862
2777260,643690,5678939,6322629,8.822475104475757
2777371,643722,5679222,6322944,8.822476162069961
2777836,643722,5680746,6324468,8.824843643684696
2777875,643731,5680818,6324549,8.8248321115497
2777907,643745,5680880,6324625,8.824736502807788
2777914,643745,5680885,6324630,8.824744269858407
2778112,643745,5681024,6324769,8.824960193865584
2778139,643745,5681086,6324831,8.825056505293245
2778230,643745,5681182,6324927,8.825205632665108
2778258,643749,5681229,6324978,8.825223806172902
2778274,643754,5681244,6324998,8.825178561997285
2778351,643766,5681344,6325110,8.825169393848075
2778452,643822,5681532,6325354,8.824693781821683
2778590,643890,5681804,6325694,8.824184255074625
2778667,643890,5681823,6325713,8.824213763220426
2779994,644211,5682918,6327129,8.821516552806456
2780011,644216,5682936,6327152,8.821476026674283
2780063,644252,5682994,6327246,8.82107312045597
2780088,644255,5683051,6327306,8.821120519049135
2780104,644267,5683063,6327330,8.8209748442804
2780120,644267,5683089,6327356,8.821015200219785
2780178,644281,5683138,6327419,8.820899576427056
2780215,644305,5683185,6327490,8.820643949682216
2780236,644316,5683231,6327547,8.820564753940612
2780261,644316,5683288,6327604,8.820653219848646
2780382,644316,5683528,6327844,8.821025707882468
2780396,644316,5683575,6327891,8.821098653455758
2780464,644364,5683760,6328124,8.82072865647367
2780805,644364,5684102,6328466,8.82125941238182
2780836,644364,5684151,6328515,8.821335456356966
2781338,644666,5684872,6329538,8.818321425358247
2781624,644666,5685382,6330048,8.819112532691348
2781716,644666,5685565,6330231,8.819396400616753
2781727,644667,5685577,6330244,8.819401334332298
2781798,644697,5685688,6330385,8.819163110732639
2782058,644750,5686367,6331117,8.819491275688252
2782090,644750,5686465,6331215,8.819643272586275
2782199,644829,5686762,6331591,8.819023337970222
2782367,644829,5687078,6331907,8.81951339037171
2782487,644870,5687235,6332105,8.819196117046847
2782750,644870,5687685,6332555,8.819893932110348
2782813,644895,5687799,6332694,8.819728793059335
2783399,645246,5688954,6334200,8.816721064524227
2783417,645265,5688985,6334250,8.816509496098503
2783487,645308,5689123,6334431,8.816135860705275
2784508,645308,5690332,6335640,8.818009384665928
2784561,645344,5690430,6335774,8.817669336044032
2784677,645344,5690648,6335992,8.818007140377844
2784707,645351,5690702,6336053,8.817995168520696
2784892,645351,5690980,6336331,8.818425941851798
2784897,645353,5690987,6336340,8.818409459629072
2784941,645387,5691109,6336496,8.818133925846043
2784948,645388,5691112,6336500,8.818124910906308
2784984,645400,5691177,6336577,8.818061667183143
2785085,645401,5691526,6336927,8.818588753348694
2785135,645414,5691570,6336984,8.818479301657542
2785270,645464,5691707,6337171,8.818008440439746
2785301,645464,5691756,6337220,8.818084354820718
2786102,645464,5692673,6338137,8.81950503823606
2786164,645491,5692741,6338232,8.819241476643361
2786201,645516,5692881,6338397,8.81911679958359
2786231,645522,5692927,6338449,8.819106087786318
2786425,645601,5693304,6338905,8.818610875757628
2786570,645601,5693585,6339186,8.819046129110705
2787068,645830,5694242,6340072,8.816936345477911
2787085,645833,5694258,6340091,8.816920163571698
2787728,646179,5695285,6341464,8.813788439426228
2787986,646179,5695852,6342031,8.814665905267736
2788034,646192,5695937,6342129,8.814620112907619
2788067,646215,5696006,6342221,8.814413159706909
2788135,646215,5696118,6342333,8.814586476637032
2788150,646219,5696130,6342349,8.814550485207027
2788275,646287,5696359,6342646,8.813977381565776
2788295,646287,5696383,6342670,8.814014516770413
2788345,646307,5696455,6342762,8.813853168850098
2788391,646342,5696536,6342878,8.813501211432957
2788401,646346,5696546,6342892,8.813462139473286
2788441,646373,5696623,6342996,8.813213113790335
2788468,646384,5696662,6343046,8.813123468402683
2788477,646384,5696682,6343066,8.813154409762618
2788580,646409,5696771,6343180,8.81295124294371
2789148,646409,5698162,6344571,8.815103131299225
2789156,646413,5698172,6344585,8.815064053476647
2789210,646432,5698325,6344757,8.81504164397802
2789247,646436,5698390,6344826,8.815087649821482
2789369,646467,5698707,6345174,8.815155297950243
2789490,646467,5698947,6345414,8.815526546598667
2789696,646473,5699751,6346224,8.816688399979581
2789715,646478,5699796,6346274,8.816689817750952
2789807,646505,5700122,6346627,8.816825855948522
2790003,646505,5700450,6346955,8.8173331992792
2790264,646578,5701222,6347800,8.817531682179103
2790369,646583,5701611,6348194,8.818065120796557
2791833,646583,5703697,6350280,8.82129131140163
2791845,646590,5703711,6350301,8.821217463926136
2791871,646598,5703773,6350371,8.821204210343986
2792143,646727,5704272,6350999,8.82021625817385
2792175,646740,5704325,6351065,8.820120914123141
2792232,646777,5704423,6351200,8.819767864348918
2792252,646777,5704444,6351221,8.819800333035962
2792793,646777,5704917,6351694,8.82053165155842
2793042,646777,5705253,6352030,8.821051150551117
2793137,646809,5705426,6352235,8.820882207885171
2793148,646809,5705436,6352245,8.820897668399791
2793150,646809,5705438,6352247,8.820900760502713
2793326,646820,5705995,6352815,8.821611885841502
2793342,646827,5706020,6352847,8.821555068047562
2793375,646833,5706075,6352908,8.821558269290527
2793457,646886,5706230,6353116,8.82107511988202
2794048,647035,5707009,6354044,8.820247745485174
2794077,647041,5707054,6354095,8.82023550285067
2794153,647078,5707159,6354237,8.819893428612934
2794161,647078,5707177,6354255,8.819921245970347
2794352,647165,5707530,6354695,8.819281017978414
2794474,647181,5707871,6355052,8.819589882892112
2794527,647201,5707948,6355149,8.819436311130545
2794543,647215,5707979,6355194,8.81929343417566
2794570,647237,5708014,6355251,8.819047736764121
2794642,647245,5708125,6355370,8.819110228738731
2794649,647248,5708132,6355380,8.819080167107508
2794672,647249,5708157,6355406,8.819105166636025
2794703,647270,5708196,6355466,8.81887929303073
2794978,647357,5709326,6356683,8.819439660033026
2794981,647357,5709333,6356690,8.819450473231926
2795016,647365,5709355,6356720,8.819375468244344
2795042,647365,5709439,6356804,8.819505225027612
2795066,647365,5709479,6356844,8.819567013972025
2795124,647380,5709591,6356971,8.81953566684173
2795352,647404,5710164,6357568,8.820093789967316
2795419,647448,5710425,6357873,8.819897505282277
2795618,647545,5710890,6358435,8.819294411971368
2795961,647545,5711472,6359017,8.820193191206789
2795985,647551,5711494,6359045,8.820145440281923
2796114,647617,5711752,6359369,8.819644944465633
2796222,647617,5712309,6359926,8.820505020714403
2796297,647617,5712476,6360093,8.820762889176782
2796390,647617,5712662,6360279,8.821050095967216
2796647,647815,5713120,6360935,8.81906099735264
2796670,647815,5713164,6360979,8.819128917978126
2796706,647831,5713210,6361041,8.818982111075265
2796747,647839,5713267,6361106,8.818961192518511
2796820,647839,5713376,6361215,8.819129444198326
2796824,647839,5713385,6361224,8.819143336538863
2796863,647851,5713445,6361296,8.819072595396163
2798043,647851,5715632,6363483,8.822448371616312
2798183,647851,5715895,6363746,8.82285432915902
2798212,647858,5715914,6363772,8.822788327071674
2798244,647870,5715958,6363828,8.82269282417769
2799186,647870,5717884,6365754,8.82566564279871
2799546,647933,5718544,6366477,8.825826127084127
2799575,647941,5718574,6366515,8.825763456857954
2799614,647958,5718633,6366591,8.825622957043512
2799774,647974,5718973,6366947,8.82592974409467
2799818,647974,5719095,6367069,8.82611802325402
2799827,647974,5719103,6367077,8.826130369428403
2799893,648031,5719299,6367330,8.825656488655635
2799962,648051,5719421,6367472,8.825572370075811
2799992,648061,5719442,6367503,8.82546859014815
2799998,648064,5719453,6367517,8.825444709164527
2800015,648070,5719499,6367569,8.825433980897126
2800195,648159,5719764,6367923,8.824630993321083
2800206,648159,5719776,6367935,8.82464950729682
2800243,648159,5719877,6368036,8.824805333259278
2800305,648183,5719962,6368145,8.824609716700376
2801009,648183,5720825,6369008,8.825941130822622
2801041,648210,5720858,6369068,8.825624411841842
2801063,648210,5720911,6369121,8.825706175467827
2801116,648210,5720989,6369199,8.825826506841919
2801120,648210,5720998,6369208,8.825840391231237
2801126,648210,5721012,6369222,8.825861989170177
2801212,648251,5721158,6369409,8.825529000340918
2801214,648251,5721163,6369414,8.825536713402679
2802678,648251,5723249,6371500,8.828754602769607
2802744,648260,5723354,6371614,8.828794002406442
2802854,648283,5723474,6371757,8.828665875859771
2802855,648283,5723476,6371759,8.828668960932186
2802875,648285,5723483,6371768,8.828652521653286
2802885,648285,5723509,6371794,8.828692627470943
2802923,648310,5723583,6371893,8.828466320124631
2803113,648400,5723918,6372318,8.82775755706354
2803211,648434,5724135,6372569,8.827629334673999
2803254,648464,5724250,6372714,8.827398282711146
2803426,648504,5724727,6373231,8.827589344090399
2803450,648504,5724752,6373256,8.827627894353775
2803604,648582,5725099,6373681,8.827101276322809
2803672,648582,5725211,6373793,8.827273960732798
2803702,648585,5725317,6373902,8.827396563287772
2803761,648610,5725409,6374019,8.827198162223832
2804169,648610,5726516,6375126,8.828904888916298
2804195,648622,5726547,6375169,8.82878934109543
2804205,648629,5726560,6375189,8.828714103131373
2804242,648634,5726614,6375248,8.828729298803331
2804271,648642,5726661,6375303,8.828692869101909
2804298,648651,5726693,6375344,8.828619704586904
2804438,648651,5726954,6375605,8.8290220781283
2805008,648655,5727968,6376623,8.830530867718586
2805025,648665,5728011,6376676,8.830461023795024
2805075,648680,5728075,6376755,8.830355491151261
2805491,648680,5728817,6377497,8.831499352531294
2805551,648688,5728923,6377611,8.831553844066793
2805586,648699,5728981,6377680,8.831493496983963
2805615,648714,5729021,6377735,8.831350949725149
2805619,648716,5729030,6377746,8.831337596112936
2806121,648876,5729670,6378546,8.830146283727553
2806202,648876,5729861,6378737,8.830440638889403
2806209,648880,5729873,6378753,8.83040469732462
2806263,648892,5729952,6378844,8.830363142094525
2806566,648992,5730511,6379503,8.829863850401853
2806601,649002,5730541,6379543,8.829774022268037
2806707,649002,5730760,6379762,8.830111463446954
2806708,649002,5730762,6379764,8.830114545101557
2806910,649024,5731046,6380070,8.83025281037373
2807167,649110,5731470,6380580,8.829736100198733
2807194,649128,5731522,6380650,8.829571363429093
2807216,649128,5731559,6380687,8.829628362973097
2807252,649128,5731592,6380720,8.829679200404234
2807351,649128,5731771,6380899,8.829954954954955
2807610,649250,5732267,6381517,8.829059684251058
2807701,649273,5732483,6381756,8.829079601338728
2807867,649324,5732802,6382126,8.828877417129199
2807870,649324,5732811,6382135,8.828891277698037
2807970,649324,5732930,6382254,8.829074545219337
2808236,649324,5733389,6382713,8.82978143423006
2808248,649325,5733416,6382741,8.82980941747199
2808308,649328,5733462,6382790,8.829839464800532
2808329,649328,5733494,6382822,8.829888746519478
2808391,649347,5733577,6382924,8.829758203241102
2808574,649347,5733806,6383153,8.830110865223062
2808584,649347,5733822,6383169,8.83013550536154
2809412,649371,5735402,6384773,8.832242277527023
2809492,649413,5735524,6384937,8.831858924906031
2809672,649460,5735624,6385084,8.831373756659378
2809772,649465,5735637,6385102,8.83132578352952
2809788,649465,5735668,6385133,8.831373515123987
2809814,649479,5735714,6385193,8.831253974339432
2809818,649481,5735719,6385200,8.831234477990888
2809897,649499,5735860,6385359,8.831206822489333
2809906,649499,5735871,6385370,8.831223758620105
2809928,649510,5735901,6385411,8.831120383057998
2810013,649510,5736058,6385568,8.831362103739743
2811326,649510,5739360,6388870,8.836445936167264
2811382,649510,5739448,6388958,8.836581422918815
2811406,649510,5739478,6388988,8.836627611584117
2811564,649511,5739776,6389287,8.837072813239498
2811627,649527,5739909,6389436,8.837059891274727
2811745,649570,5740299,6389869,8.837075295965024
2811771,649586,5740348,6389934,8.836933061981016
2811849,649629,5740422,6390051,8.836462042181
2811877,649629,5740469,6390098,8.836534391167882
2811968,649645,5740587,6390232,8.83649839527742
2812004,649666,5740651,6390317,8.836311273792996
2812032,649684,5740715,6390399,8.836164966352873
2814254,649803,5743123,6392926,8.838252516531934
2814312,649818,5743221,6393039,8.83819931119175
2814335,649826,5743251,6393077,8.838136670431776
2814367,649846,5743306,6393152,8.837949298756936
2814561,649909,5743573,6393482,8.837503404322758
2814621,649938,5743637,6393575,8.837207549027754
2814626,649940,5743640,6393580,8.837184970920392
2814676,649952,5743771,6393723,8.837223364186894
2816018,649957,5747062,6397019,8.842218792935533
2816050,649957,5747111,6397068,8.842294182538229
2816071,649969,5747168,6397137,8.842218628888455
2816138,649969,5747320,6397289,8.842452486195496
2816170,649969,5747351,6397320,8.842500180777852
2816202,649981,5747409,6397390,8.84242616322631
2816244,650010,5747478,6397488,8.842137813264412
2816390,650010,5747732,6397742,8.842528576483438
2816418,650018,5747778,6397796,8.84249051564726
2816419,650018,5747780,6397798,8.84249359248513
2816600,650068,5748067,6398135,8.842254964096064
2816613,650068,5748089,6398157,8.842288806709451
2816655,650077,5748154,6398231,8.84226637767526
2816719,650077,5748328,6398405,8.842534038275465
2817590,650077,5748563,6398640,8.842895533913675
2817629,650089,5748591,6398680,8.84277537383343
2817688,650100,5748675,6398775,8.842754960775265
2817696,650104,5748688,6398792,8.842720549327492
2817743,650104,5748782,6398886,8.842865141577347
2817752,650106,5748796,6398902,8.84285947214762
2817783,650116,5748830,6398946,8.84277575078909
2817792,650116,5748850,6398966,8.842806514529714
2817809,650122,5748862,6398984,8.84274336201513
2818010,650122,5749207,6399329,8.843274031643292
2818036,650122,5749230,6399352,8.843309409618502
2818180,650122,5749425,6399547,8.843609353321376
2818409,650162,5749641,6399803,8.843397491702069
2818847,650212,5750183,6400395,8.843551026434454
2818937,650258,5750434,6400692,8.843311424080904
2818967,650258,5750501,6400759,8.843414460106604
2818990,650263,5750528,6400791,8.843387983016102
2819291,650263,5751127,6401390,8.844309148759809
2819342,650281,5751230,6401511,8.844222728328216
2819380,650305,5751315,6401620,8.84402703346891
2819507,650305,5751692,6401997,8.844606761442707
2819597,650312,5751784,6402096,8.84465302808498
2819628,650331,5751835,6402166,8.844473045264643
2819728,650395,5751970,6402365,8.84381029989468
2819768,650395,5752061,6402456,8.843950214869425
2820294,650534,5752445,6402979,8.842650806875582
2820320,650542,5752463,6403005,8.842569734160131
2820331,650549,5752479,6403028,8.842499181460582
2820365,650569,5752591,6403160,8.84239949951504
2820378,650583,5752620,6403203,8.84225379390485
2820411,650602,5752694,6403296,8.842109307994749
2820425,650607,5752719,6403326,8.842079780881546
2820431,650611,5752722,6403333,8.842030030233119
2820491,650630,5752791,6403421,8.841877872216159
2820754,650630,5753383,6404013,8.842787759556122
2820854,650659,5753524,6404183,8.842610338134108
2820896,650675,5753657,6404332,8.842597302800938
2821057,650675,5754006,6404681,8.843133668882315
2821104,650705,5754099,6404804,8.842868888359549
2821823,650705,5755479,6406184,8.844989665055593
2821948,650805,5755721,6406526,8.84400242776254
2821972,650823,5755750,6406573,8.843802385594854
2822030,650869,5755872,6406741,8.843364793837162
2822043,650872,5755910,6406782,8.843382416204722
2822052,650874,5755924,6406798,8.843376751875171
2822083,650893,5755960,6406853,8.84317391645017
2822529,651041,5756608,6407649,8.842158942370757
2822549,651041,5756653,6407694,8.842228062441537
2822597,651076,5756755,6407831,8.841909393066247
2822618,651076,5756808,6407884,8.841990796773342
2822665,651087,5756838,6407925,8.841887489690318
2823298,651314,5757482,6408796,8.839794630546864
2823382,651314,5757606,6408920,8.839985014908324
2823453,651314,5757802,6409116,8.84028594502805
2824080,651597,5758493,6410090,8.83750692529278
2824178,651608,5758734,6410342,8.837727590821476
2824187,651608,5758750,6410358,8.837752145461689
2824407,651608,5759274,6410882,8.838556309928668
2824457,651640,5759336,6410976,8.838217420661715
2827281,651645,5763570,6415215,8.844647008724076
2827662,651846,5764150,6415996,8.842809497948902
2827778,651846,5764416,6416262,8.843217569794092
2827877,651859,5764495,6416354,8.843162401685026
2827935,651879,5764614,6416493,8.843073637899058
2827944,651879,5764633,6416512,8.843102784412444
2827963,651889,5764674,6416563,8.843030025050277
2827964,651889,5764676,6416565,8.843033093057254
2828141,652040,5765021,6417061,8.841514324274584
2828156,652047,5765045,6417092,8.84145621404592
2828233,652054,5765194,6417248,8.841589806979176
2828265,652060,5765252,6417312,8.841597399012361
2828328,652076,5765291,6417367,8.841440261564603
2828373,652084,5765330,6417414,8.841391599855234
2828426,652113,5765426,6417539,8.841145629668478
2828456,652113,5765446,6417559,8.84117629919968
2828609,652113,5765737,6417850,8.841622540878651
2828629,652124,5765773,6417897,8.841528604989236
2828671,652147,5765835,6417982,8.84131185146907
2828751,652215,5766011,6418226,8.840659905092647
2828863,652244,5766166,6418410,8.840504473785884
2828912,652271,5766258,6418529,8.840279577046964
2828914,652271,5766268,6418539,8.840294908098015
2828927,652278,5766276,6418554,8.840212302116582
2829774,652304,5767924,6420228,8.842386371998332
2830306,652309,5769251,6421560,8.844352906367995
2830441,652339,5769404,6421743,8.844180709723013
2830513,652415,5769563,6421978,8.843394158626028
2830675,652415,5769889,6422304,8.843893840576934
2830695,652415,5769920,6422335,8.84394135634527
2830710,652421,5769957,6422378,8.84391673474643
2830737,652431,5770001,6422432,8.843848621540056
2830888,652475,5770282,6422757,8.843682899727959
2830989,652514,5770448,6422962,8.843408723797497
2831018,652514,5770498,6423012,8.84348535050589
2831668,652779,5771378,6424157,8.84124336107626
2832020,652883,5771826,6424709,8.840521195987643
2832029,652886,5771842,6424728,8.840505080519417
2832066,652893,5771919,6424812,8.840528233569666
2832519,653097,5773017,6426114,8.839448045236772
2832751,653097,5773340,6426437,8.839942611893791
2832852,653128,5773566,6426694,8.839869060888525
2832864,653128,5773585,6426713,8.839898151663993
2832980,653128,5773710,6426838,8.840089538344705
2833051,653133,5773827,6426960,8.840201000408799
2833060,653135,5773850,6426985,8.840209145123136
2833121,653149,5773944,6427093,8.84016357676426
2833258,653172,5774167,6427339,8.840193700893487
2833305,653184,5774271,6427455,8.84019051293357
2833454,653195,5775133,6428328,8.841361308644432
2833488,653203,5775175,6428378,8.841317324017188
2833896,653389,5775643,6429032,8.839516735053698
2833899,653390,5775646,6429036,8.839507797793049
2833938,653416,5775703,6429119,8.839243299827368
2833983,653433,5775761,6429194,8.83910209615982
2834100,653478,5775918,6429396,8.838733668157152
2834209,653577,5776178,6429755,8.83779263958187
2834223,653577,5776213,6429790,8.837846191037935
2834230,653577,5776221,6429798,8.83785843137075
2834252,653578,5776271,6429849,8.837921411063407
2834254,653578,5776277,6429855,8.837930591298973
2834323,653578,5776389,6429967,8.838101955696184
2834366,653609,5776488,6430097,8.837834240348588
2834400,653624,5776572,6430196,8.83775993537569
2834682,653755,5777364,6431119,8.837200480302254
2835701,653755,5778869,6432624,8.839502565945958
2835717,653755,5778895,6432650,8.839542336196281
2835722,653757,5778903,6432660,8.839527530871562
2835918,653757,5779175,6432932,8.839943587602122
2835940,653779,5779236,6433015,8.839739422648938
2835972,653805,5779280,6433085,8.839455189238382
2836075,653832,5779468,6433300,8.8393776994702
2836125,653836,5779509,6433345,8.839386329293584
2836141,653850,5779544,6433394,8.839250592643573
2836410,653938,5779932,6433870,8.838654429013149
2836549,654012,5780076,6434088,8.837874534412213
2836556,654020,5780086,6434106,8.83778171921348
2836590,654036,5780148,6434184,8.83766031227639
2836608,654037,5780183,6434220,8.83770031359082
2836634,654037,5780247,6434284,8.837798167381967
2836682,654057,5780329,6434386,8.837653293214506
2836748,654078,5780370,6434448,8.837432232852963
2836906,654118,5780782,6434900,8.837521670401976
2836949,654121,5780886,6435007,8.837640130801487
2837046,654121,5780955,6435076,8.837745615872294
2837156,654136,5781038,6435174,8.837669842356942
2837354,654228,5781241,6435469,8.836737345390292
2837376,654242,5781258,6435500,8.83657423399904
2837604,654242,5781981,6436223,8.837679329667004
2837646,654257,5782050,6436307,8.837582173366124
2837670,654273,5782082,6436355,8.837414962867182
2837721,654273,5782108,6436381,8.837454701630666
2838280,654273,5783691,6437964,8.839874180961159
2838353,654300,5783885,6438185,8.839805899434511
2838372,654305,5783904,6438209,8.839767386769168
2838385,654312,5783913,6438225,8.83968657154385
2838445,654331,5784004,6438335,8.839568964331509
2838456,654335,5784026,6438361,8.839548549290502
2838648,654335,5784486,6438821,8.840251553103533
2838748,654335,5784547,6438882,8.840344777522217
2838770,654335,5784592,6438927,8.840413549634361
2838781,654335,5784603,6438938,8.840430360595109
2838873,654335,5784982,6439317,8.84100957460628
2838888,654335,5784996,6439331,8.841030970374502
2838936,654347,5785140,6439487,8.841088902371371
2839087,654347,5785380,6439727,8.841455680243051
2839317,654426,5785694,6440120,8.840868180665193
2839344,654426,5785762,6440188,8.840972088517265
2839371,654442,5785804,6440246,8.840820118513177
2839379,654448,5785824,6440272,8.840769625699826
2839472,654481,5785901,6440382,8.840441510143151
2839506,654481,5785965,6440446,8.840539297550272
2839547,654504,5786056,6440560,8.840367667730067
2839616,654504,5786140,6440644,8.840496009191693
2839656,654504,5786204,6440708,8.840593793162455
2839682,654508,5786254,6440762,8.840616157480122
2840212,654508,5788070,6442578,8.843390760693529
2840373,654517,5788985,6443502,8.844667136224116
2840409,654531,5789041,6443572,8.844563511888666
2840451,654543,5789111,6443654,8.844508305795035
2840539,654572,5789290,6443862,8.844389921964275
2840567,654572,5789329,6443901,8.844449502881272
2840598,654572,5789378,6443950,8.844524360956472
2840600,654572,5789383,6443955,8.844531999535574
2840629,654587,5789464,6444051,8.84445306735392
2840725,654658,5789654,6444312,8.843784082681339
2840788,654658,5789734,6444392,8.843906283891743
2840822,654658,5789830,6444488,8.844052925344226
2840877,654661,5789869,6444530,8.844071970073061
2841331,654872,5790520,6445392,8.842216494215663
2841710,654967,5790798,6445765,8.841358419584498
2841733,654971,5790846,6445817,8.841377709852802
2841943,654978,5791265,6446243,8.84192293481613
2842375,654987,5791761,6446748,8.842558707272053
2842398,654989,5791768,6446757,8.842542393841729
2842585,654993,5792208,6447201,8.843160155910063
2842610,654993,5792208,6447201,8.843160155910063
2842662,655000,5792289,6447289,8.843189312977099
2842935,655160,5792724,6447884,8.841693632089871
2842982,655191,5792798,6447989,8.841388236407399
2843483,655534,5793776,6449310,8.83825400360622
2843940,655548,5794522,6450070,8.83920323149487
2843966,655564,5794547,6450111,8.839025632890152
2844057,655564,5794727,6450291,8.83930020562447
2844076,655564,5794808,6450372,8.839423763354914
2844083,655567,5794830,6450397,8.839416871196994
2844281,655567,5794993,6450560,8.839665510924132
2844922,655567,5795964,6451531,8.84114667150726
2844993,655567,5796207,6451774,8.841517343002318
2853824,655567,5822698,6478265,8.88192663755192
2853836,655575,5822705,6478280,8.881828928802959
2853878,655600,5822796,6478396,8.88162904209884
2853889,655601,5822841,6478442,8.881684134099856
2853906,655605,5822861,6478466,8.881660451033778
2853912,655609,5822870,6478479,8.88161998996353
2853942,655618,5822926,6478544,8.881583483064833
2854019,655618,5823071,6478689,8.881804648438573
2854199,655632,5823244,6478876,8.88187885887205
2854261,655652,5823331,6478983,8.881740618498839
2854320,655662,5823348,6479010,8.881631084308683
2854377,655680,5823396,6479076,8.88146046852123
2854416,655693,5823445,6479138,8.881359111657437
2854436,655700,5823464,6479164,8.881293274363276
2854490,655733,5823573,6479306,8.88101254626502
2854570,655793,5823734,6479527,8.88044550643267
2854824,655915,5824053,6479968,8.879280089645762
2854850,655926,5824089,6480015,8.87918606672094
2854958,655993,5824272,6480265,8.87855815534617
2855051,656029,5824553,6480582,8.87849927366016
2855063,656037,5824562,6480599,8.878404724123792
2855100,656044,5824617,6480661,8.878393827243295
2855104,656046,5824621,6480667,8.87837285800081
2855140,656058,5824679,6480737,8.87829886991699
2855188,656065,5824691,6480756,8.878222432228513
2855223,656072,5824708,6480780,8.878153617285907
2855257,656082,5824753,6480835,8.878086885480778
2855412,656082,5825305,6481387,8.878928243725632
2855426,656082,5825331,6481413,8.878967872918324
2855429,656084,5825343,6481427,8.878959096701033
2855569,656084,5825604,6481688,8.879356911614977
2856269,656307,5826551,6482858,8.877782805912476
2856295,656307,5826572,6482879,8.87781480313329
2856866,656307,5827470,6483777,8.879183065242334
2858343,656307,5830394,6486701,8.883638297321223
2858441,656317,5830573,6486890,8.883775675473894
2858500,656339,5830638,6486977,8.88357693204274
2858550,656339,5830822,6487161,8.883857274975279
2858568,656348,5830841,6487189,8.883764405467831
2858759,656489,5831201,6487690,8.882404731838614
2858875,656489,5831385,6487874,8.882685010716097
2858878,656489,5831394,6487883,8.882698720009017
2858892,656489,5831420,6487909,8.88273832463301
2858898,656492,5831428,6487920,8.882709918780426
2858925,656503,5831464,6487967,8.882615921023971
2858964,656516,5831542,6488058,8.882558840911722
2859416,656516,5832374,6488890,8.883826136758282
2859479,656529,5832429,6488958,8.883734001087538
2859501,656540,5832459,6488999,8.88363085265178
2859548,656554,5832559,6489113,8.88359373334105
2859617,656554,5832691,6489245,8.883794783064303
2859648,656575,5832748,6489323,8.883597456497734
2859675,656591,5832784,6489375,8.883435807070155
2859722,656611,5832860,6489471,8.883280968488192
2859760,656628,5832923,6489551,8.883146926418002
2859828,656659,5833085,6489744,8.882974268227498
2859895,656677,5833194,6489871,8.882896766599105
2859897,656677,5833196,6489873,8.882899812236458
2859930,656677,5833260,6489937,8.88299727263175
2860006,656725,5833365,6490090,8.882507899044501
2860059,656730,5833410,6490140,8.882508793568133
2860105,656745,5833504,6490249,8.882449047956209
2860120,656745,5833552,6490297,8.882522135684322
2860157,656754,5833613,6490367,8.8824932927702
2860164,656757,5833622,6490379,8.882466422131778
2860288,656768,5834025,6490793,8.882931263398948
2860329,656774,5834098,6490872,8.882961262169331
2860408,656785,5834137,6490922,8.882871868267394
2860438,656794,5834187,6490981,8.88282627429605
2860555,656845,5834439,6491284,8.882520229277835
2860685,656862,5834692,6491554,8.882675508706548
2860721,656862,5834732,6491594,8.882736404298011
2860941,656934,5834979,6491913,8.882138844998128
2861095,656976,5835153,6492129,8.881835866150361
2861164,657009,5835263,6492272,8.881557178059966
2861192,657009,5835289,6492298,8.881596751338261
2861676,657009,5836121,6493130,8.882863096243735
2861702,657025,5836175,6493200,8.882728967695293
2861737,657025,5836268,6493293,8.882870514820592
2861750,657042,5836284,6493326,8.882665035111911
2861777,657055,5836327,6493382,8.882554732861024
2861839,657083,5836396,6493479,8.882281233877608
2861885,657101,5836546,6493647,8.882266196520778
2861896,657101,5836558,6493659,8.882284458553556
2863141,657101,5838578,6495679,8.885358567404403
2865628,657150,5842323,6499473,8.890394887012098
2865640,657153,5842366,6499519,8.890419734825832
2865652,657162,5842381,6499543,8.890320803698327
2865793,657240,5842649,6499889,8.889673483050332
2866297,657393,5843728,6501121,8.889245854458444
2866302,657393,5843730,6501123,8.88924889677864
2866334,657403,5843768,6501171,8.889171482332754
2866377,657424,5843865,6501289,8.889035082382145
2866877,657546,5844716,6502262,8.888680031511104
2866895,657546,5844748,6502294,8.888728697307869
2866914,657553,5844766,6502319,8.888661446301667
2867032,657553,5844982,6502535,8.888989936932841
2867105,657626,5845155,6502781,8.88826627900965
2867108,657626,5845164,6502790,8.88827996459994
2867909,657626,5846081,6503707,8.889674374188369
2868007,657655,5846272,6503927,8.88957280032844
2868262,657718,5846457,6504175,8.889002581653536
2868302,657748,5846552,6504300,8.888741584923102
2868319,657748,5846608,6504356,8.888826723912501
2868351,657755,5846646,6504401,8.888789898974542
2868357,657757,5846650,6504407,8.888768952667931
2868432,657766,5846808,6504574,8.888887537513341
2868442,657766,5846812,6504578,8.888893618703309
2868467,657766,5846812,6504578,8.888893618703309
2868510,657766,5846884,6504650,8.889003080122718
2868763,657766,5847326,6505092,8.8896750516141
2868823,657780,5847425,6505205,8.88963635257989
2869001,657850,5847812,6505662,8.889278710952345
2869080,657854,5847926,6505780,8.889397951521158
2869134,657862,5847964,6505826,8.88934761393727
2869138,657866,5847971,6505837,8.889304204807665
2869144,657866,5847984,6505850,8.88932396567082
2869149,657871,5847996,6505867,8.889274645029193
2869165,657871,5848022,6505893,8.889314166455126
2869257,657887,5848092,6505979,8.889204377043473
2869380,657972,5848310,6506282,8.888387347789875
2869388,657972,5848310,6506282,8.888387347789875
2869392,657973,5848313,6506286,8.888378398505713
2869451,657973,5848504,6506477,8.888668683973355
2869615,658052,5849075,6507127,8.888469300298457
2869628,658056,5849094,6507150,8.888444144571283
2869658,658070,5849116,6507186,8.888288479948942
2869702,658099,5849203,6507302,8.888029004754603
2869758,658143,5849312,6507455,8.887600415107356
2869773,658143,5849333,6507476,8.887632323066567
2869775,658143,5849333,6507476,8.887632323066567
2869837,658167,5849402,6507569,8.88741307297388
2869855,658167,5849432,6507599,8.887458654110583
2870015,658196,5849594,6507790,8.88731320153875
2870031,658196,5849620,6507816,8.887352703450036
2870072,658196,5849705,6507901,8.887481844313852
2870076,658196,5849714,6507910,8.887495518052374
2870107,658202,5849772,6507974,8.887502620775992
2870129,658206,5849803,6508009,8.887495708030617
2870320,658206,5850082,6508288,8.887919587484769
2870374,658223,5850201,6508424,8.887870827971675
2870408,658224,5850281,6508505,8.887978864337976
2870444,658234,5850308,6508542,8.887884855537695
2870476,658259,5850373,6508632,8.887646048136068
2870518,658271,5850408,6508679,8.887537199724733
2870679,658271,5850795,6509066,8.888125103490811
2870700,658273,5850806,6509079,8.888114809509124
2870702,658274,5850814,6509088,8.888113460352375
2870721,658289,5850844,6509133,8.887956505425429
2871911,658313,5855292,6513605,8.894389143158346
2871972,658321,5855380,6513701,8.894414730807615
2872158,658321,5855741,6514062,8.894963095511157
2872162,658321,5855743,6514064,8.894966133542756
2872194,658349,5855807,6514156,8.894685037875048
2872216,658349,5855807,6514156,8.894685037875048
2872258,658349,5855907,6514256,8.894836932994506
2872279,658356,5855936,6514292,8.894786407354076
2872296,658361,5855949,6514310,8.8947386008588
2872322,658361,5855949,6514310,8.8947386008588
2872409,658367,5856006,6514373,8.894744116883137
2872421,658367,5856039,6514406,8.894794240902112
2872505,658405,5856152,6514557,8.894452502638954
2872593,658417,5856254,6514671,8.894445313532305
2872677,658435,5856301,6514736,8.894273542566845
2872762,658476,5856437,6514913,8.893926278254636
2872779,658481,5856480,6514961,8.893924046403768
2872795,658481,5856506,6514987,8.893963531218061
2872823,658481,5856553,6515034,8.894034907613127
2872884,658492,5856615,6515107,8.89398048875309
2872911,658492,5856653,6515145,8.894038196363812
2872930,658492,5856673,6515165,8.894068568790509
2872971,658506,5856786,6515292,8.894051079261237
2873079,658585,5857022,6515607,8.893342545001785
2873097,658585,5857065,6515650,8.893407836497946
2873113,658585,5857091,6515676,8.89344731507702
2873119,658587,5857094,6515681,8.893424862622554
2873134,658587,5857106,6515693,8.89344308344987
2875485,659578,5862303,6521881,8.887960180600324
2875496,659583,5862319,6521902,8.887917062750253
2875528,659587,5862347,6521934,8.887905613664309
2876477,659639,5864638,6524277,8.890678083012071
2876514,659664,5864699,6524363,8.89043361468869
2876532,659670,5864732,6524402,8.890402777146148
2876579,659672,5864828,6524500,8.890521350004244
2876623,659702,5864877,6524579,8.8901913288121
2876665,659711,5864927,6524638,8.89014583658602
2876688,659721,5864949,6524670,8.890044427871782
2876716,659739,5865005,6524744,8.889886758248338
2876748,659767,5865051,6524818,8.889579199929672
2876934,659792,5865264,6525056,8.88956519630429
2876984,659798,5865306,6525104,8.889548013179791
2876989,659799,5865310,6525109,8.889540602516828
2877031,659831,5865354,6525185,8.889176167836915
2877113,659836,5865426,6525262,8.8892179268788
2877145,659839,5865472,6525311,8.889247225459544
2877287,659862,5865780,6525642,8.889404148140066
2877299,659862,5865817,6525679,8.88946022047034
2877305,659862,5865817,6525679,8.88946022047034
2877468,659862,5866037,6525899,8.889793623515219
2877824,659963,5866759,6526722,8.889527140157858
2877850,659975,5866804,6526779,8.889433690670101
2877872,659975,5866854,6526829,8.889509451115572
2877873,659975,5866856,6526831,8.88951248153339
2877944,659976,5866959,6526935,8.889655078366486
2877953,659976,5866971,6526947,8.889673260845848
2877975,659976,5867010,6526986,8.889732353903778
2878040,659995,5867093,6527088,8.889602193956016
2878043,659995,5867098,6527093,8.889609769770983
2878066,659995,5867143,6527138,8.889677952105698
2878251,660004,5868212,6528216,8.891176417112623
2878297,660004,5868324,6528328,8.89134611305386
2878564,660004,5869113,6529117,8.89254156035418
2878631,660024,5869213,6529237,8.892423608838467
2878654,660036,5869236,6529272,8.892296783811792
2878688,660036,5869300,6529336,8.892393748219794
2878790,660073,5869428,6529501,8.892089208314838
2878803,660073,5869455,6529528,8.892130112881453
2878829,660073,5869507,6529580,8.892208892046789
2878885,660080,5869537,6529617,8.892160041207127
2878914,660082,5869552,6529634,8.892155823064407
2878976,660111,5869701,6529812,8.891990892440816
2879116,660176,5869838,6530014,8.89132291994862
2879383,660180,5882068,6542248,8.909794298524645
2879474,660238,5882255,6542493,8.909294830046134
2879527,660257,5882378,6542635,8.909224741274988
2879730,660384,5882902,6543286,8.908304865048214
2879797,660403,5882947,6543350,8.90811671055401
2879811,660407,5882971,6543378,8.90809909646627
2879824,660413,5882982,6543395,8.908034820634967
2879844,660417,5882991,6543408,8.907994494387637
2879916,660459,5883157,6543616,8.907679356326433
2879948,660459,5883205,6543664,8.907752033055798
2880964,660849,5884407,6545256,8.904313996086852
2880971,660854,5884417,6545271,8.904261758270358
2880992,660854,5884463,6545317,8.904331365172943
2882456,660854,5886549,6547403,8.907487886885757
2882475,660858,5886561,6547419,8.907452130412283
2882771,660858,5887131,6547989,8.908314645506296
2882835,660880,5887229,6548109,8.908166384214987
2882865,660887,5887268,6548155,8.908131042069218
2882912,660933,5887379,6548312,8.907678993180852
2882953,660946,5887409,6548355,8.90754917950937
2882972,660950,5887499,6548449,8.907631439594523
2883022,660961,5887648,6548609,8.907708624260735
2883067,660977,5887709,6548686,8.907585286628732
2883232,660986,5888649,6549635,8.908886118616733
2883260,660995,5888706,6549701,8.908851050310517
2883295,660998,5888710,6549708,8.908816668129102
2883365,661030,5888878,6549908,8.908639547373038
2883400,661057,5889020,6550077,8.9084904932555
2883518,661110,5889261,6550371,8.908140854018242
2883605,661126,5889415,6550541,8.908158202823667
2883618,661134,5889427,6550561,8.908068560987637
2883665,661143,5889546,6550689,8.90812728865011
2883687,661151,5889566,6550717,8.908049749603343
2883757,661151,5889836,6550987,8.908458128324694
2883787,661163,5889858,6551021,8.908329715970192
2884001,661163,5890167,6551330,8.908797074246442
2884024,661182,5890199,6551381,8.90858946553294
2884068,661199,5890253,6551452,8.908442087782952
2884143,661295,5890527,6551822,8.907563190406702
2884158,661301,5890557,6551858,8.907527736991174
2884183,661311,5890593,6551904,8.907447479325159
2884192,661314,5890608,6551922,8.907429753490778
2884216,661314,5890663,6551977,8.907512921244674
2884642,661314,5891476,6552790,8.908742291861355
2884701,661327,5891558,6552885,8.908691161860926
2884722,661327,5891587,6552914,8.908735013087323
2884738,661327,5891613,6552940,8.908774327979955
2884769,661327,5891708,6553035,8.908917978549189
2884799,661342,5891741,6553083,8.908765812544795
2884817,661342,5891751,6553093,8.908780933314382
2884872,661354,5891838,6553192,8.90875083540736
2884961,661354,5892101,6553455,8.909148504431817
2884974,661364,5892149,6553513,8.909086373010929
2884991,661372,5892184,6553556,8.909031528398542
2885015,661372,5892209,6553581,8.909069328607803
2885020,661373,5892215,6553588,8.909064930077278
2885126,661412,5892570,6553982,8.909076339709591
2885178,661420,5892678,6554098,8.909131867799582
2885198,661420,5892731,6554151,8.909211998427626
2885225,661438,5892789,6554227,8.909057235901173
2885245,661438,5892813,6554251,8.909093520481134
2885595,661491,5893518,6555009,8.909445479983855
2885610,661494,5893530,6555024,8.909423214723036
2885640,661502,5893557,6555059,8.909356283125373
2886625,661507,5895560,6557067,8.912316876465404
2886636,661507,5895570,6557077,8.91233199346341
2886669,661526,5895695,6557221,8.912264975223952
2886704,661533,5895705,6557238,8.912185786650099
2886801,661533,5895774,6557307,8.912290089836787
2887157,661646,5897537,6559183,8.913432560613984
2887324,661646,5897830,6559476,8.913875395604295
2887353,661653,5897863,6559516,8.913830965778134
2887373,661653,5897892,6559545,8.913874795398797
2887394,661663,5897908,6559571,8.913764257635684
2887513,661697,5898454,6560151,8.914131392465132
2887543,661706,5898492,6560198,8.91406757683926
2887657,661706,5898651,6560357,8.914307864822142
2887757,661706,5898752,6560458,8.914460500584852
2888795,661711,5900073,6561784,8.916389481208563
2889296,661976,5901145,6563121,8.914439496295937
2889310,661981,5901171,6563152,8.914411440811746
2889890,661997,5901922,6563919,8.915330432011022
2889932,662018,5901967,6563985,8.915115601086375
2889958,662028,5902022,6564050,8.915064015419288
2890169,662102,5902524,6564626,8.914825812337073
2890258,662163,5902644,6564807,8.914185782050643
2890350,662169,5902709,6564878,8.91420317169786
2890365,662177,5902741,6564918,8.914143801430736
2890814,662177,5903282,6565459,8.914960803531383
2890837,662182,5903323,6565505,8.914955405009499
2890914,662207,5903385,6565592,8.914712469061788
2890916,662207,5903390,6565597,8.91472001957092
2891447,662207,5903999,6566206,8.915639671583055
2891505,662229,5904104,6566333,8.915502039324766
2891513,662229,5904124,6566353,8.915532240357942
2891542,662232,5904135,6566367,8.915508462291161
