loc,misses,hits,total,ratio
23,35,12,47,0.34285714285714286
95,118,100,218,0.847457627118644
122,141,113,254,0.8014184397163121
364,216,211,427,0.9768518518518519
834,717,1156,1873,1.612273361227336
869,763,1227,1990,1.6081258191349934
901,791,1255,2046,1.586599241466498
933,811,1264,2075,1.5585696670776819
994,837,1277,2114,1.5256869772998805
1844,1332,2138,3470,1.605105105105105
1988,1461,2280,3741,1.5605749486652978
2612,1760,3019,4779,1.715340909090909
2617,1766,3022,4788,1.7112117780294451
2661,1784,3043,4827,1.7057174887892377
2706,1824,3156,4980,1.730263157894737
2738,1849,3181,5030,1.7203893996755002
2746,1856,3194,5050,1.7209051724137931
2747,1856,3194,5050,1.7209051724137931
2909,1973,3397,5370,1.7217435377597567
3173,2172,3868,6040,1.7808471454880295
3516,2376,4246,6622,1.787037037037037
3547,2412,4274,6686,1.7719734660033168
3745,2528,4393,6921,1.737737341772152
3761,2539,4408,6947,1.7361165813312327
3820,2573,4475,7048,1.7392149242129809
3861,2609,4516,7125,1.7309313913376774
3944,2638,4550,7188,1.7247915087187262
4016,2661,4794,7455,1.8015783540022547
4045,2673,4802,7475,1.7964833520389076
4098,2735,4867,7602,1.7795246800731261
4207,2821,4984,7805,1.7667493796526055
4210,2828,4990,7818,1.7644978783592644
4226,2847,5019,7866,1.7629083245521602
4263,2887,5054,7941,1.7506061655697955
4302,2922,5097,8019,1.74435318275154
4348,2948,5126,8074,1.7388059701492538
4359,2954,5127,8081,1.7356127285037237
4377,2966,5142,8108,1.7336480107889414
4877,3190,5891,9081,1.8467084639498432
4909,3222,5928,9150,1.8398510242085662
4924,3246,5961,9207,1.8364140480591498
4954,3269,5985,9254,1.8308351177730193
4978,3287,6022,9309,1.8320657134164893
5374,3476,6362,9838,1.8302646720368239
5392,3487,6376,9863,1.8285058789790651
5419,3513,6399,9912,1.821520068317677
5509,3585,6519,10104,1.818410041841004
5619,3676,6768,10444,1.841131664853101
5749,3766,7090,10856,1.8826340945300053
5826,3834,7168,11002,1.8695878977569118
6123,4045,7520,11565,1.8590852904820767
6172,4081,7545,11626,1.8488115657926978
6216,4134,7633,11767,1.8463957426221578
6238,4160,7653,11813,1.8396634615384615
6311,4221,7717,11938,1.828239753612888
6356,4274,7824,12098,1.8306036499766027
6441,4399,7960,12359,1.8095021595817231
6467,4412,7982,12394,1.8091568449682685
6480,4436,8056,12492,1.8160504959422903
6797,4681,8422,13103,1.7991882076479384
7374,5085,9360,14445,1.8407079646017699
7404,5133,9428,14561,1.8367426456263394
7501,5188,9491,14679,1.829414032382421
7508,5192,9493,14685,1.8283898305084745
7515,5195,9495,14690,1.8277189605389799
7566,5235,9577,14812,1.829417382999045
7677,5302,9725,15027,1.8342135043379857
7696,5322,9756,15078,1.8331454340473505
7803,5436,9968,15404,1.8337012509197939
7874,5478,10119,15597,1.8472070098576123
7887,5479,10123,15602,1.847599926993977
8033,5580,10315,15895,1.8485663082437276
8055,5589,10321,15910,1.8466630882089818
8061,5594,10337,15931,1.847872720772256
8092,5630,10429,16059,1.852397868561279
8221,5760,10590,16350,1.8385416666666667
8308,5777,10745,16522,1.8599619179504934
8329,5779,10745,16524,1.8593182211455268
8408,5804,10794,16598,1.8597518952446588
8409,5804,10796,16600,1.8600964851826327
8425,5819,10806,16625,1.8570201065475167
8449,5846,10878,16724,1.860759493670886
8566,5924,10999,16923,1.8566846725185686
8680,6046,11224,17270,1.85643400595435
8751,6094,11311,17405,1.8560879553659337
8765,6112,11340,17452,1.8553664921465969
8818,6151,11412,17563,1.8553080799869939
8842,6181,11472,17653,1.8560103543116
8876,6193,11483,17676,1.8541902147585985
9069,6316,11738,18054,1.858454718176061
9098,6348,11760,18108,1.8525519848771266
9140,6395,11862,18257,1.854886630179828
9347,6617,12232,18849,1.8485718603596797
9392,6651,12273,18924,1.8452864230942716
9405,6657,12290,18947,1.8461769565870512
9415,6657,12290,18947,1.8461769565870512
9458,6683,12312,18995,1.842286398324106
9511,6729,12411,19140,1.8444048149799377
9536,6740,12427,19167,1.8437685459940654
9630,6822,12602,19424,1.847258868367048
11478,7820,15620,23440,1.9974424552429668
11488,7824,15620,23444,1.9964212678936606
11551,7838,15654,23492,1.997193161520796
11695,7856,16470,24326,2.0964867617107945
11717,7863,16472,24335,2.094874729746916
11736,7869,16481,24350,2.0944211462701743
11913,7991,16739,24730,2.094731573019647
12972,8409,17646,26055,2.0984659293613985
13022,8463,17771,26234,2.099846390168971
13038,8488,17812,26300,2.0984919886899154
13042,8494,17824,26318,2.0984224158229337
13116,8503,18242,26745,2.1453604610137598
13152,8523,18300,26823,2.1471312917986625
13326,8614,18500,27114,2.147666589273276
13367,8630,18530,27160,2.1471610660486675
13377,8646,18536,27182,2.143881563728892
13971,8808,18894,27702,2.1450953678474116
14043,8844,18948,27792,2.1424694708276797
14072,8855,18964,27819,2.1416149068322983
14264,8969,19310,28279,2.15297134574646
36058,8972,84685,93657,9.438809629959875
36085,8998,84711,93709,9.41442542787286
36139,9037,84788,93825,9.38231714064402
36197,9071,84844,93915,9.353323779076177
36206,9077,84853,93930,9.348132642943703
36208,9082,84855,93937,9.343206342215371
36232,9122,84902,94024,9.307388730541549
36336,9183,85095,94278,9.26657954916694
36351,9188,85121,94309,9.264366565084893
36369,9202,85147,94349,9.25309715279287
36437,9211,85221,94432,9.252089892519813
36450,9220,85258,94478,9.2470715835141
36481,9250,85306,94556,9.22227027027027
36531,9282,85375,94657,9.19790993320405
36629,9284,85663,94947,9.226949590693666
36654,9306,85689,94995,9.207930367504835
36812,9390,85854,95244,9.143130990415335
36838,9398,85903,95301,9.140561821664184
37357,9528,86258,95786,9.053106633081445
37394,9560,86328,95888,9.030125523012552
37485,9623,86538,96161,8.992829678894315
37496,9639,86559,96198,8.980080921257391
37784,9857,86898,96755,8.81586689662169
37843,9877,86923,96800,8.800546724713982
37921,9928,86989,96917,8.761986301369863
38311,10092,87275,97367,8.647938961553706
38835,10461,88170,98631,8.428448523085747
38890,10493,88249,98742,8.410273515677119
38931,10522,88306,98828,8.392510929481087
39117,10633,88547,99180,8.327565127433461
39159,10645,88563,99208,8.319680601221231
39201,10695,88643,99338,8.28826554464703
39309,10767,88787,99554,8.2462152874524
39426,10852,88962,99814,8.197751566531515
39715,11054,89478,100532,8.094626379591098
39732,11082,89506,100588,8.076700956506047
39751,11091,89520,100611,8.071409250743846
39838,11171,89682,100853,8.028108495210814
39906,11225,89756,100981,7.996080178173719
39961,11254,89822,101076,7.9813399680113735
40073,11357,89996,101353,7.9242757770538
40107,11373,90028,101401,7.9159412643981355
40127,11382,90040,101422,7.910736250219645
40197,11423,90100,101523,7.887595202661298
40388,11544,90345,101889,7.826143451143452
40438,11572,90392,101964,7.811268579329416
40631,11672,90682,102354,7.769191226867718
41134,12208,91878,104086,7.526048492791612
41326,12235,92311,104546,7.544830404577033
41333,12244,92316,104560,7.53969291081346
41416,12281,92457,104738,7.528458594576989
41483,12291,92781,105072,7.548694166463266
42339,12782,94021,106803,7.355734626818964
42400,12826,94073,106899,7.334554810541088
42452,12850,94107,106957,7.323501945525292
42483,12872,94137,107009,7.313315724052206
42494,12880,94142,107022,7.30916149068323
42513,12895,94163,107058,7.302287708414114
42551,12921,94197,107118,7.290225214766659
42725,13046,94487,107533,7.242603096734631
42880,13128,94658,107786,7.210390006093845
42907,13147,94676,107823,7.2013387084505975
42936,13156,94705,107861,7.198616600790514
42991,13165,94759,107924,7.197797189517661
43223,13176,96159,109335,7.29804189435337
43323,13183,96170,109353,7.295001137829022
43481,13297,96423,109720,7.2514852974355115
43508,13303,96436,109739,7.249191911598888
43528,13327,96455,109782,7.237562842350116
43538,13332,96466,109798,7.235673567356736
43554,13340,96479,109819,7.2323088455772115
43736,13452,96773,110225,7.193948855188819
43771,13480,96807,110287,7.1815281899109795
43949,13661,97137,110798,7.110533635897811
44067,13773,97372,111145,7.069774195890511
44067,13773,97372,111145,7.069774195890511
44155,13793,97406,111199,7.061987964909737
44171,13793,97432,111225,7.063872979047343
44261,13874,97555,111429,7.031497765604728
44279,13883,97567,111450,7.0278037888064535
44349,13941,97698,111639,7.007962126102862
44433,14019,97840,111859,6.979099793137884
44435,14023,97846,111869,6.977536903658276
44680,14092,98791,112883,7.010431450468351
44993,14315,99354,113669,6.940551868669228
45046,14350,99510,113860,6.934494773519163
45071,14387,99564,113951,6.920414262876208
45112,14427,99633,114060,6.906009565398212
45120,14427,99633,114060,6.906009565398212
45314,14615,100029,114644,6.8442695860417375
45417,14698,100252,114950,6.8207919444822425
45467,14733,100323,115056,6.8094074526573
45566,14787,100374,115161,6.787989450192737
45577,14790,100381,115171,6.787085868830291
45596,14796,100389,115185,6.784874290348743
45871,14936,101064,116000,6.766470273165506
46137,15175,101666,116841,6.699571663920922
46198,15241,101749,116990,6.67600551144938
46207,15246,101762,117008,6.674668765577857
46464,15461,102262,117723,6.614190543949292
46525,15468,102266,117734,6.611455908973364
46553,15478,102361,117839,6.6133221346427185
46556,15480,102368,117848,6.612919896640827
46852,15684,102909,118593,6.561400153022189
46863,15685,102925,118610,6.562001912655403
47086,15860,103228,119088,6.508701134930643
47115,15874,103260,119134,6.504976691445131
47129,15892,103279,119171,6.4988044299018375
47137,15892,103279,119171,6.4988044299018375
47218,15907,103308,119215,6.494499277047841
47295,15910,103324,119234,6.494280326838466
47339,15946,103368,119314,6.482378025837201
47435,15986,103451,119437,6.471349931189791
47459,15997,103495,119492,6.469650559479902
47513,16028,103573,119601,6.462003993012228
47832,16220,103967,120187,6.40980271270037
47894,16257,104047,120304,6.400135326320969
47945,16260,104055,120315,6.399446494464945
47967,16279,104107,120386,6.395171693592973
47974,16280,104121,120401,6.395638820638821
47991,16294,104168,120462,6.393028108506199
48021,16317,104220,120537,6.387203530060673
48040,16332,104246,120578,6.382929218711731
48082,16359,104313,120672,6.376490005501559
48098,16373,104409,120782,6.37690099554144
48106,16376,104423,120799,6.376587689301417
48145,16395,104474,120869,6.372308630680085
48247,16438,104777,121215,6.3740722715658835
48366,16533,104952,121485,6.34803121030666
48430,16558,105026,121584,6.342915811088296
48455,16574,105055,121629,6.338542295161096
48522,16617,105113,121730,6.325630378528014
48589,16672,105210,121882,6.310580614203455
48956,16834,105577,122411,6.271652607817512
48959,16836,105580,122416,6.2710857685911146
48971,16844,105593,122437,6.268879126098314
49010,16857,105616,122473,6.265409028890075
49280,17018,105837,122855,6.219120930779175
49393,17075,105916,122991,6.20298682284041
49401,17075,105916,122991,6.20298682284041
49450,17112,105988,123100,6.193782141187471
49651,17232,106240,123472,6.165273909006499
49824,17299,106362,123661,6.148447887161107
49843,17317,106396,123713,6.1440203268464515
49907,17367,106485,123852,6.13145621005355
50036,17452,106653,124105,6.111219344487738
50274,17635,107002,124637,6.067592855117664
50306,17652,107067,124719,6.065431679129843
50349,17671,107108,124779,6.0612302642748
50400,17686,107158,124844,6.058916657243017
50442,17723,107212,124935,6.049314450149523
50468,17746,107246,124992,6.04339005973177
50529,17777,107298,125075,6.035776565224729
50581,17802,107336,125138,6.029434894955623
50614,17823,107388,125211,6.025248274701228
50783,17862,107481,125343,6.017299294591871
50908,17956,107782,125738,6.002561817776788
50923,17963,107793,125756,6.00083504982464
50956,17987,107831,125818,5.9949407905709675
51028,18040,107967,126007,5.984866962305987
51226,18160,108187,126347,5.957433920704846
51243,18172,108203,126375,5.954380365397315
51275,18187,108266,126453,5.952933413977017
51331,18240,108365,126605,5.941063596491228
51363,18269,108399,126668,5.933493896765012
51383,18280,108425,126705,5.931345733041575
51413,18287,108431,126718,5.929403401323344
51426,18303,108448,126751,5.925148882696826
51516,18341,108487,126828,5.914999182160187
51537,18356,108498,126854,5.910764872521247
51584,18374,108526,126900,5.906498312833351
51640,18402,108588,126990,5.900880339093577
51654,18411,108605,127016,5.898919124436478
51689,18419,108633,127052,5.897877192029969
51724,18432,108708,127140,5.897786458333333
53243,19363,111850,131213,5.776480917213242
53279,19373,111873,131246,5.7746864192432765
53530,19561,112244,131805,5.738152446193958
53596,19607,112343,131950,5.729739378793288
53811,19689,112710,132399,5.7245162273350605
53877,19753,112830,132583,5.712043740191364
55281,20129,115505,135634,5.738238362561479
57411,20134,124097,144231,6.163554186947452
57446,20147,124172,144319,6.163299746860575
57482,20163,124216,144379,6.160591181867778
57648,20238,124430,144668,6.14833481569325
57664,20249,124523,144772,6.149587633957233
57751,20316,124693,145009,6.1376747391218744
57790,20345,124742,145087,6.131334480216269
57826,20381,124823,145204,6.124478681124577
57845,20391,124838,145229,6.122210779265362
58656,20933,126005,146938,6.019442984760904
58736,20993,126141,147134,6.0087171914447675
58937,21167,126464,147631,5.974583077431851
58945,21167,126464,147631,5.974583077431851
58965,21169,126471,147640,5.974349284330861
58994,21191,126513,147704,5.970128828276155
59010,21194,126536,147730,5.970368972350665
59150,21227,126625,147852,5.965280067838131
59283,21295,126728,148023,5.951068325898098
59350,21362,126858,148220,5.93848890553319
59370,21374,126875,148249,5.9359502198933285
59536,21374,127164,148538,5.949471320295686
59572,21387,127192,148579,5.947164165147052
59578,21393,127208,148601,5.946244098536905
59761,21467,127389,148856,5.934178040713654
59777,21470,127398,148868,5.933768048439683
59828,21486,127437,148923,5.931164479195755
59864,21516,127494,149010,5.925543781372002
59887,21526,127524,149050,5.924184706866115
60043,21560,127633,149193,5.919897959183674
60121,21569,128025,149594,5.93560202141963
60176,21586,128107,149693,5.934726211433336
60179,21590,128117,149707,5.934089856415007
60204,21607,128140,149747,5.930485490813163
60237,21625,128181,149806,5.927445086705203
60262,21646,128215,149861,5.9232652684098674
60319,21677,128277,149954,5.9176546570097335
60474,21733,128406,150139,5.908342152487001
60505,21756,128453,150209,5.90425629711344
60572,21782,128558,150340,5.902029198420714
60672,21813,128646,150459,5.897675697978269
60731,21848,128739,150587,5.892484437934822
60767,21878,128787,150665,5.886598409361002
60827,21929,128841,150770,5.8753705139313235
60912,21983,128984,150967,5.867443024155029
60990,22014,129082,151096,5.863632234032888
61178,22109,129266,151375,5.846759238319237
61191,22109,129273,151382,5.847075851463205
61303,22160,129454,151614,5.841787003610109
61329,22176,129495,151671,5.839420995670996
61345,22176,129521,151697,5.840593434343434
61356,22176,129521,151697,5.840593434343434
61639,22384,130211,152595,5.817146175839886
61702,22423,130314,152737,5.811621995272711
61752,22557,130349,152906,5.778649643126302
61791,22605,130441,153046,5.77044901570449
61865,22648,130690,153338,5.770487460261392
61900,22687,130769,153456,5.76404989641645
62129,22874,131137,154011,5.733015650957419
62146,22885,131156,154041,5.731090233777584
62166,22885,131177,154062,5.732007865414027
62178,22890,131181,154071,5.730930537352556
62191,22901,131188,154089,5.7284834723374525
62658,23133,131797,154930,5.697358751567026
62668,23154,131830,154984,5.693616653709942
62922,23305,132275,155580,5.675820639347779
62962,23320,132317,155637,5.6739708404802744
62969,23327,132330,155657,5.67282548120204
63528,23681,133559,157240,5.639922300578523
63624,23715,133624,157339,5.634577271768922
64506,24432,136682,161114,5.594384413883431
64529,24451,136729,161180,5.591959429062206
64544,24471,136765,161236,5.588860283600997
64625,24486,136805,161291,5.587070162541861
64635,24493,136820,161313,5.586085820438493
64673,24527,136881,161408,5.5808292901700165
64687,24536,136909,161445,5.579923377893707
64768,24574,137012,161586,5.575486286318873
64832,24606,137113,161719,5.572340079655369
64863,24623,137161,161784,5.570442269422897
65145,24728,137332,162060,5.553704302814623
65289,24782,137453,162235,5.5464853522718105
65358,24802,137493,162295,5.543625514071445
65669,24903,137690,162593,5.529052724571337
65939,25020,138042,163062,5.517266187050359
65940,25020,138044,163064,5.517346123101519
66014,25039,138079,163118,5.514557290626622
66049,25052,138089,163141,5.5120948427271275
66134,25104,138192,163296,5.504780114722753
66154,25115,138250,163365,5.504678478996616
66179,25132,138287,163419,5.502427184466019
66263,25168,138380,163548,5.498251748251748
66273,25178,138391,163569,5.496504885217253
66682,25178,138391,163569,5.496504885217253
66721,25195,138428,163623,5.494264735066482
67168,25306,140026,165332,5.533312257962539
67199,25322,140050,165372,5.530763762735961
67432,25532,140559,166091,5.505209149302836
67507,25580,140655,166235,5.498631743549648
67601,25666,140823,166489,5.486752902672797
67643,25689,140859,166548,5.483241854490249
67686,25703,140923,166626,5.482745204839902
68739,26190,142141,168331,5.427300496372661
68779,26215,142222,168437,5.425214571810033
70531,27047,144952,171999,5.359263504270344
70544,27059,144969,172028,5.357515059684394
70588,27117,145051,172168,5.3490799129697235
70699,27217,145223,172440,5.335746041077268
70700,27217,145225,172442,5.335819524561855
70705,27219,145230,172449,5.3356111539733275
70726,27241,145254,172495,5.332183106347051
70771,27258,145286,172544,5.330031550370533
70835,27302,145394,172696,5.325397406783386
70894,27332,145440,172772,5.32123518220401
70901,27334,145445,172779,5.32102875539621
70928,27358,145477,172835,5.317530521236932
71054,27433,145538,172971,5.305216345277586
71126,27460,145630,173090,5.303350327749453
71131,27464,145649,173113,5.3032697349257205
71414,27588,145973,173561,5.291177323473974
71429,27596,145991,173587,5.290295695028265
71708,27702,146198,173900,5.277525088441267
71781,27737,146291,174028,5.2742185528355625
71801,27745,146307,174052,5.273274463867364
73579,28456,148102,176558,5.204596570143379
73615,28487,148141,176628,5.2003018920911295
73692,28539,148249,176788,5.194610883352605
73738,28555,148272,176827,5.192505690772194
73764,28575,148301,176876,5.189886264216973
73790,28595,148333,176928,5.187375415282392
73982,28739,148581,177320,5.17001287449111
74036,28758,148622,177380,5.168022811043883
74110,28783,148720,177503,5.166938818052323
74144,28805,148774,177579,5.164867210553723
74235,28807,148799,177606,5.165376470996633
74249,28829,148829,177658,5.162475285302993
74346,28907,148966,177873,5.153284671532846
74401,28955,149015,177970,5.146434121913313
74423,28966,149069,178035,5.1463439895049365
74465,28994,149156,178150,5.144374698213423
74515,29001,149173,178174,5.143719182097169
74563,29032,149276,178308,5.1417745935519426
74580,29040,149298,178338,5.141115702479339
74630,29054,149336,178390,5.13994630687685
74658,29074,149373,178447,5.137683153332874
75062,29283,149898,179181,5.118942731277533
75260,29287,150057,179344,5.123672619250862
75269,29296,150076,179372,5.122747132714363
75340,29315,150134,179449,5.121405423844449
75360,29339,150162,179501,5.118170353454446
75569,29413,150348,179761,5.111617312072893
75588,29425,150363,179788,5.110042480883602
76769,29474,151795,181269,5.150132320010857
76807,29494,151838,181332,5.148097918220655
76837,29511,151884,181395,5.146691064348887
76910,29569,151963,181532,5.139267476072914
77028,29647,152236,181883,5.134954632846494
77048,29661,152275,181936,5.133845790769024
77372,29786,152747,182533,5.128147451823004
77567,29858,153074,182932,5.126733203831469
77617,29878,153148,183026,5.125778164535779
77685,29924,153280,183204,5.122309851624115
77739,29969,153377,183346,5.117855116954186
77773,29975,153384,183359,5.117064220183487
77829,29983,153408,183391,5.116499349631458
77932,30027,153519,183546,5.112698571285843
77933,30027,153521,183548,5.112765178006461
77958,30040,153561,183601,5.111884154460719
77983,30054,153595,183649,5.110634191788114
78052,30090,153667,183757,5.106912595546693
78212,30175,153858,184033,5.098856669428335
78227,30191,153878,184069,5.096816932198338
78405,30365,154468,184833,5.087041001152643
78415,30376,154485,184861,5.085758493547537
78438,30389,154568,184957,5.086314126822205
78475,30401,154648,185049,5.086937929673366
78568,30446,154713,185159,5.081554227156277
78727,30491,154812,185303,5.0773014988029255
79514,30761,155285,186046,5.048112870192776
79535,30780,155309,186089,5.045776478232619
79568,30799,155344,186143,5.043800123380629
79844,30944,155996,186940,5.041235780765254
79871,30960,156037,186997,5.039954780361757
79897,30975,156134,187109,5.040645682001614
79927,30992,156165,187157,5.038881001548787
80040,31035,156242,187277,5.034380538102143
80111,31077,156372,187449,5.031759822376677
80288,31198,156664,187862,5.021603948971088
80330,31219,156733,187952,5.0204362727826
80337,31219,156733,187952,5.0204362727826
80350,31230,156759,187989,5.019500480307396
80461,31242,156861,188103,5.020837334357595
80985,31254,158111,189365,5.0589044602290905
81041,31319,158222,189541,5.0519492959545325
81103,31350,158284,189634,5.048931419457735
81215,31430,158468,189898,5.041934457524658
81230,31444,158474,189918,5.039880422338125
81263,31476,158654,190130,5.040475282755115
81307,31499,158706,190205,5.038445664941745
81342,31520,158740,190260,5.036167512690355
81353,31525,158751,190276,5.035717684377478
81369,31527,158756,190283,5.035556824309322
81385,31529,158780,190309,5.035998604459387
81488,31535,158988,190523,5.04163627715237
81676,31663,159354,191017,5.032814325869311
81693,31663,159410,191073,5.034582951710198
81694,31663,159412,191075,5.034646116918801
82021,31841,159803,191644,5.01878081718539
82048,31848,159824,191672,5.018337101230847
82093,31884,159901,191785,5.015085936519885
82231,31963,160213,192176,5.012451897506492
82438,32071,160524,192595,5.005269558167815
82535,32071,160713,192784,5.011162732686851
83103,32387,161461,193848,4.98536449810109
83227,32466,161796,194262,4.983552023655516
83455,32662,162262,194924,4.967913783601739
83484,32662,162298,194960,4.9690159818749615
83580,32710,162421,195131,4.96548456129624
83591,32716,162429,195145,4.964818437461792
83600,32721,162440,195161,4.964395953668897
83645,32754,162525,195279,4.961989375343469
84067,32947,163045,195992,4.9487054967068325
84074,32953,163051,196004,4.94798652626468
84288,32963,163350,196313,4.955556229712101
84296,32976,163379,196355,4.9544820475497335
84351,32999,163398,196397,4.951604594078608
84480,33072,163538,196610,4.944908079342041
84493,33078,163547,196625,4.94428320938388
84503,33084,163566,196650,4.943960826985855
84543,33103,163596,196699,4.942029423315107
84552,33107,163617,196724,4.942066632434228
84579,33119,163729,196848,4.943657719134031
84614,33127,163808,196935,4.944848612913937
84632,33133,163817,196950,4.944224790993873
84669,33146,163882,197028,4.944246666264406
84797,33296,164249,197545,4.932994954348871
84856,33320,164317,197637,4.931482593037215
84873,33331,164336,197667,4.930425129759083
84888,33342,164377,197719,4.930028192669906
84914,33345,164400,197745,4.930274403958615
84945,33357,164437,197794,4.92960997691639
85365,33572,165204,198776,4.920886452996545
85396,33589,165250,198839,4.919765399386704
85413,33599,165281,198880,4.919223786422215
85444,33616,165295,198911,4.917152546406473
85496,33646,165378,199024,4.915235094810676
85519,33663,165403,199066,4.913495529216053
85537,33674,165445,199119,4.913137732375127
85557,33674,165469,199143,4.913850448417176
85573,33679,165483,199162,4.91353662519671
85633,33734,165617,199351,4.909497836011146
85646,33746,165637,199383,4.90834469270432
86517,33781,165837,199618,4.909179716408632
86546,33793,165896,199689,4.909182375048087
86556,33800,165902,199702,4.908343195266272
86652,33853,166069,199922,4.90559182347207
86690,33867,166104,199971,4.904597395694925
86707,33883,166133,200016,4.903137266475814
86721,33890,166141,200031,4.9023605783416935
86738,33900,166155,200055,4.901327433628318
86786,33920,166229,200149,4.900619103773585
86825,33936,166246,200182,4.898809523809524
86868,33956,166306,200262,4.897691129697256
86889,33963,166354,200317,4.898094985719754
87168,34116,166999,201115,4.895034587876656
87224,34153,167109,201262,4.892952302872368
87565,34388,167581,201969,4.873240665348377
87646,34433,167697,202130,4.8702407574129465
87689,34457,167723,202180,4.867603099515338
87696,34463,167734,202197,4.867074833879813
87741,34493,167821,202314,4.865363986895892
87764,34509,167875,202384,4.8646729838592835
87922,34558,167949,202507,4.859916661843856
87965,34583,168003,202586,4.857964896047191
88157,34583,168463,203046,4.871266229072088
88280,34688,168661,203349,4.8622290129151295
88715,34721,170063,204784,4.8979868091356815
89049,34896,170562,205458,4.8877235213204955
89096,34907,170589,205496,4.886956770848254
89129,34926,170616,205542,4.8850712935921665
89145,34926,170642,205568,4.885815724675028
89165,34936,170662,205598,4.884989695443096
89223,34958,170770,205728,4.885004862978431
89228,34960,170778,205738,4.884954233409611
89260,34973,170880,205853,4.886054956680868
89389,35055,171024,206079,4.878733418913137
89436,35084,171067,206151,4.875926348192908
89448,35088,171076,206164,4.8756269949840405
89475,35102,171148,206250,4.875733576434391
89488,35110,171157,206267,4.874878951865566
89510,35118,171208,206326,4.875220684549234
89564,35180,171343,206523,4.870466173962479
89566,35181,171346,206527,4.870413007020835
89593,35182,171378,206560,4.871184128247399
89633,35205,171435,206640,4.869620792501065
89681,35223,171518,206741,4.869488686369702
89841,35282,171664,206946,4.865483816110197
89934,35366,171924,207290,4.86127919470678
89943,35377,171944,207321,4.860332984707578
90584,35644,172651,208295,4.843760520704747
90587,35649,172655,208304,4.843193357457432
90743,35668,172790,208458,4.844398340248962
90748,35674,172799,208473,4.84383584683523
90826,35697,172867,208564,4.84261982799675
90841,35699,172875,208574,4.842572621081823
90912,35729,172995,208724,4.841865151557558
90983,35785,173090,208875,4.836942853150761
91025,35798,173107,208905,4.835661210123471
91045,35812,173134,208946,4.834524740310511
91078,35844,173191,209035,4.831798906372057
91148,35866,173309,209175,4.8321251324374055
91837,36304,174479,210783,4.806054429263993
91879,36322,174520,210842,4.804801497714884
91899,36322,174535,210857,4.805214470568801
92068,36433,174781,211214,4.797326599511432
92111,36454,174878,211332,4.797223898611949
92153,36478,174940,211418,4.795767311804375
93151,37024,176003,213027,4.753754321521176
93172,37030,176043,213073,4.75406427221172
93251,37080,176141,213221,4.75029665587918
93283,37095,176194,213289,4.749804555870063
93608,37320,176681,214001,4.734217577706324
93628,37320,176702,214022,4.734780278670954
93669,37333,176756,214089,4.734577987303458
93689,37342,176764,214106,4.733651116705051
93814,37387,176873,214260,4.730869018642844
93863,37422,176943,214365,4.728314894981562
93898,37434,176985,214419,4.727921141208527
93914,37436,177009,214445,4.728309648466716
93926,37442,177054,214496,4.728753805886438
94004,37488,177114,214602,4.72455185659411
94062,37511,177154,214665,4.722721335075045
94080,37531,177185,214716,4.721030614691855
94099,37532,177209,214741,4.721544282212512
94181,37606,177421,215027,4.717890762112429
94663,37827,178221,216048,4.711475929891347
94824,37954,178458,216412,4.701954998155662
94854,37967,178506,216473,4.701609292280138
94891,38004,178561,216565,4.698479107462372
94894,38004,178570,216574,4.698715924639512
95194,38140,178977,217117,4.692632406921867
95201,38145,178991,217136,4.69238432297811
95354,38212,179182,217394,4.6891552391918765
95534,38262,179319,217581,4.686608122941823
95565,38280,179378,217658,4.685945663531871
96403,38718,180334,219052,4.657626943540472
96781,38965,181089,220054,4.647478506351854
96845,39008,181171,220179,4.644457547169812
96990,39064,181328,220392,4.64181855416752
97031,39079,181382,220461,4.641418664756007
97116,39127,181504,220631,4.638842742862985
97129,39134,181524,220658,4.638524045586958
97194,39161,181605,220766,4.637394346416078
97235,39196,181651,220847,4.634426982345137
97266,39207,181660,220867,4.633356288417884
97298,39221,181677,220898,4.632135845592922
97355,39257,181766,221023,4.630155131568892
97423,39291,181847,221138,4.628210022651498
97478,39295,181885,221180,4.628705942231836
97482,39296,181892,221188,4.628766286644951
97505,39312,181939,221251,4.62807794057794
97516,39319,181958,221277,4.627737226277373
97845,39414,182233,221647,4.623560156289643
97962,39445,182329,221774,4.622360248447205
97985,39449,182348,221797,4.622373190701919
98016,39473,182385,221858,4.620500088668203
98065,39509,182433,221942,4.617504872307576
98319,39599,183356,222955,4.630318947448168
98464,39694,183542,223236,4.623923011034413
98520,39766,183623,223389,4.617587889151537
98599,39791,183716,223507,4.617023950139479
98602,39792,183719,223511,4.61698331322879
98844,39938,184059,223997,4.608618358455606
98851,39939,184069,224008,4.6087533488570065
99079,40005,184182,224187,4.603974503187102
99096,40008,184205,224213,4.604204159168166
99406,40135,184527,224662,4.59765790457207
101239,40163,186989,227152,4.655752807310211
101260,40170,187007,227177,4.655389594224546
101345,40201,187115,227316,4.654486206810776
101381,40224,187155,227379,4.652819212410501
101427,40269,187253,227522,4.650053390945889
101521,40304,187335,227639,4.648049821357682
101650,40351,187600,227951,4.649203241555352
101719,40374,187647,228021,4.647718828949324
101985,40398,187825,228223,4.649363829892569
102080,40473,187936,228409,4.643490722209869
102306,40640,188294,228934,4.633218503937008
102309,40641,188299,228940,4.633227528850176
102826,41241,189413,230654,4.592832375548604
102835,41244,189432,230676,4.592958975851033
102836,41244,189434,230678,4.593007467752885
102844,41255,189453,230708,4.592243364440674
102864,41255,189474,230729,4.5927523936492545
103139,41399,190041,231440,4.590473199835745
103168,41425,190078,231503,4.588485214242607
103255,41476,190492,231968,4.59282476612981
103322,41538,190669,232207,4.59023063219221
103380,41558,190766,232324,4.590355647528755
103443,41582,190871,232453,4.59023135010341
103476,41612,190975,232587,4.589421320772854
103531,41640,191063,232703,4.58844860710855
103559,41652,191091,232743,4.587798905214636
103614,41659,191281,232940,4.591588852348832
103755,41659,191281,232940,4.591588852348832
104491,42194,192396,234590,4.55979523154951
104702,42308,192683,234991,4.554292332419401
104733,42340,192765,235105,4.552786962683042
104746,42344,192789,235133,4.552923672775363
104805,42360,192842,235202,4.552455146364495
104840,42371,192884,235255,4.552264520544712
104849,42376,192893,235269,4.551939777232396
104869,42406,192904,235310,4.548978918077631
104886,42424,192911,235335,4.54721384122195
104899,42431,192919,235350,4.546652211826259
104917,42436,192924,235360,4.546234329343011
104950,42442,192952,235394,4.5462513547900665
105131,42550,193220,235770,4.541010575793185
105156,42566,193248,235814,4.539961471597049
105189,42589,193284,235873,4.538354974289136
105288,42624,193638,236262,4.542933558558558
105331,42639,193698,236337,4.542742559628509
105337,42642,193709,236351,4.542680924909713
105432,42708,193882,236590,4.53971152945584
105490,42751,194021,236772,4.538396762648827
105504,42762,194032,236794,4.537486553482063
105535,42790,194077,236867,4.535569058191166
105551,42800,194098,236898,4.535
105575,42827,194123,236950,4.532724683027062
105596,42843,194144,236987,4.53152206894942
105676,42884,194225,237109,4.529078444174984
105705,42909,194260,237169,4.527255354354565
105730,42919,194293,237212,4.526969407488525
105776,42943,194360,237303,4.525999580839718
105852,42964,194472,237436,4.526394190485057
105912,42985,194557,237542,4.526160288472723
105983,43038,194613,237651,4.521887634183744
106001,43038,194613,237651,4.521887634183744
106183,43104,194821,237925,4.519789346696363
107202,43324,196106,239430,4.526498014957068
109553,44465,201153,245618,4.523850219273586
109586,44487,201216,245703,4.523029199541439
109673,44506,201305,245811,4.523098009257179
110060,44506,201305,245811,4.523098009257179
110079,44517,201337,245854,4.522699193566503
110138,44579,201445,246024,4.518831736916486
110161,44585,201452,246037,4.518380621285186
110394,44705,201687,246392,4.5115087797785485
110397,44708,201693,246401,4.511340252303838
115588,45235,211926,257161,4.685000552669393
115614,45264,211963,257227,4.68281636620714
115623,45264,211963,257227,4.68281636620714
115681,45311,212089,257400,4.680739776213281
115690,45318,212095,257413,4.680149168100975
115721,45335,212137,257472,4.67932061321275
115789,45384,212281,257665,4.677441389035783
115795,45388,212283,257671,4.677073235216357
115995,45530,212707,258237,4.671798813968811
116040,45537,212720,258257,4.671366141818741
116060,45553,212739,258292,4.670142471406932
116111,45563,212853,258416,4.671619515835217
116281,45655,213046,258701,4.666433030336218
119105,46829,216111,262940,4.614896752012641
119285,46925,216342,263267,4.610378263185935
119367,46971,216508,263479,4.609397287688148
119395,46979,216547,263526,4.6094425168692394
119959,47255,217281,264536,4.598053116072373
120121,47327,217499,264826,4.59566420859129
120202,47374,217554,264928,4.5922657998058005
120292,47440,217650,265090,4.5879005059021924
120295,47443,217656,265099,4.5877368631831885
120305,47448,217664,265112,4.587422019895465
120314,47458,217667,265125,4.586518605925239
120392,47490,217802,265292,4.586270793851337
120397,47493,217805,265298,4.58604425915398
120446,47514,217891,265405,4.585827335101233
120481,47521,217971,265492,4.586835293870078
120550,47559,218065,265624,4.585146870203326
120656,47628,218371,265999,4.584929033341732
120659,47631,218377,266008,4.584766223677857
120732,47663,218446,266109,4.58313576568827
120764,47676,218481,266157,4.582620186257237
120797,47686,218543,266229,4.582959359141047
120838,47710,218605,266315,4.58195346887445
120855,47721,218620,266341,4.581211625908929
120868,47732,218643,266375,4.580637727310819
121215,48013,219371,267384,4.5689917314060775
121379,48059,219642,267701,4.570257391955721
121387,48069,219668,267737,4.569847510869791
121417,48092,219693,267785,4.568181818181818
121536,48150,219933,268083,4.5676635514018695
121636,48195,219993,268188,4.564643635231871
121732,48281,220171,268452,4.560199664464282
121833,48342,220326,268668,4.557651731413678
121840,48344,220326,268670,4.557463180539467
121867,48359,220370,268729,4.556959407762775
122867,48638,221297,269935,4.549878695670052
122914,48657,221382,270039,4.549848942598187
123236,48845,221716,270561,4.539174941140342
123867,49160,222611,271771,4.528295362082995
123883,49171,222626,271797,4.527587399076691
123884,49171,222628,271799,4.527628073457932
123903,49188,222668,271856,4.526876473936732
123914,49198,222688,271886,4.526362860278873
124031,49237,222753,271990,4.524097731380872
124262,49316,222924,272240,4.520317949549842
124402,49471,223193,272664,4.5115926502395345
124431,49488,223229,272717,4.510770287746524
124448,49494,223236,272730,4.510364892714269
124487,49505,223280,272785,4.51025148974851
124514,49522,223313,272835,4.5093695731190175
124535,49533,223338,272871,4.508872872630367
124625,49575,223422,272997,4.506747352496218
124676,49601,223507,273108,4.506098667365578
124769,49656,223596,273252,4.502899951667472
124775,49659,223604,273263,4.502789021124066
124775,49659,223604,273263,4.502789021124066
124788,49669,223626,273295,4.502325394109001
124999,49840,223865,273705,4.491673354735153
125009,49852,223900,273752,4.4912942309235335
125047,49883,223963,273846,4.489766052562997
125150,49896,224305,274201,4.495450537117204
125188,49911,224347,274258,4.494940994971048
125195,49913,224349,274262,4.494800953659367
125197,49913,224354,274267,4.494901127962655
125282,49989,224517,274506,4.49132809218028
125412,49991,224901,274892,4.498829789362085
125483,49991,225073,275064,4.502270408673561
125765,50115,225452,275567,4.498693006086002
125808,50160,225541,275701,4.4964314194577355
125839,50183,225580,275763,4.495147759201323
125979,50297,225823,276120,4.489790643577152
126015,50297,225864,276161,4.490605801538859
126059,50318,225952,276270,4.4904805437418025
126204,50406,226322,276728,4.489981351426417
126301,50467,226491,276958,4.487902986109735
126328,50494,226522,277016,4.486117162435141
126368,50517,226559,277076,4.484807094641408
126374,50525,226569,277094,4.4842949035131126
126410,50542,226587,277129,4.483142732776701
126418,50542,226592,277134,4.483241660401251
126434,50542,226618,277160,4.48375608404891
126484,50572,226680,277252,4.482322233647078
126510,50578,226697,277275,4.482126616315394
126572,50616,226805,277421,4.480895369053264
126672,50697,226963,277660,4.476852673728229
126679,50700,226970,277670,4.4767258382643
126904,50817,227432,278249,4.4755101639215225
126942,50850,227469,278319,4.473333333333334
126953,50850,227479,278329,4.473529990167158
127030,50888,227536,278424,4.47130954252476
127083,50927,227661,278588,4.470339898285782
127098,50931,227682,278613,4.4704011309418625
127139,50948,227776,278724,4.470754494778991
127603,51153,228428,279581,4.465583641233163
127608,51155,228436,279591,4.46556543837357
127611,51155,228445,279600,4.465741374254716
128374,51559,229632,281191,4.453771407513722
128422,51591,229709,281300,4.452501405283868
128587,51643,230001,281644,4.453672327324129
128638,51655,230015,281670,4.45290872132417
128836,51713,230136,281849,4.4502542880900355
128913,51759,230165,281924,4.446859483374872
128990,51788,230391,282179,4.448733297288947
128999,51795,230403,282198,4.448363741673907
129092,51868,230583,282451,4.445573378576386
129115,51891,230609,282500,4.444103987203947
129127,51897,230627,282524,4.4439370291153635
129130,51900,230633,282533,4.443795761078998
129155,51900,230633,282533,4.443795761078998
129233,51969,230804,282773,4.441186091708518
129250,51971,230837,282808,4.441650151045775
129273,51978,230885,282863,4.441975451152411
129304,51992,230902,282894,4.441106324049854
129551,52100,231149,283249,4.436641074856046
129611,52126,231226,283352,4.435905306373019
129621,52150,231251,283401,4.434343240651965
129647,52164,231272,283436,4.4335557089180275
138478,52175,257752,309927,4.940143747005271
138708,52182,261394,313576,5.009275229006171
138742,52195,261426,313621,5.008640674394099
138798,52212,261460,313672,5.007661074082586
138874,52243,261539,313782,5.006201787799323
138970,52299,261694,313993,5.0038050440735
139019,52327,261763,314090,5.0024461559042175
139056,52351,261817,314168,5.0011843135756715
140057,52716,263154,315870,4.991918961984976
140129,52750,263224,315974,4.9900284360189575
140170,52776,263260,316036,4.988252235864787
140216,52793,263305,316098,4.987498342583297
140226,52799,263324,316123,4.987291425973977
140255,52818,263351,316169,4.986008557688667
140279,52834,263386,316220,4.98516107052277
140318,52850,263415,316265,4.984200567644276
140338,52859,263430,316289,4.983635710096673
140790,52998,264122,317120,4.983622023472583
140836,52998,264265,317263,4.986320238499566
140845,53003,264277,317280,4.986076259834349
140916,53054,264424,317478,4.984053982734572
140937,53062,264460,317522,4.983981003354566
141131,53188,264714,317902,4.976949687899526
141180,53217,264769,317986,4.975271059999624
141535,53299,265047,318346,4.97283251092891
141542,53306,265055,318361,4.972329568904064
141869,53504,265977,319481,4.971161034688995
141930,53553,266059,319612,4.968143708102254
141941,53557,266063,319620,4.967847340216965
141995,53575,266110,319685,4.967055529631358
142024,53586,266139,319725,4.9665770910312395
142045,53596,266154,319750,4.965930293305471
142143,53663,266302,319965,4.962488120306356
142151,53666,266308,319974,4.962322513323147
142425,53797,266760,320557,4.958640816402402
142510,53802,266820,320622,4.959295193487231
142511,53802,266822,320624,4.959332366826512
142625,53879,267115,320994,4.957682956253828
142743,53944,267275,321219,4.954675218745366
142839,54009,267412,321421,4.951248865929752
142903,54020,267738,321758,4.956275453535728
144624,54763,269531,324294,4.921771999342622
144859,54843,270165,325008,4.926152836278103
144867,54847,270165,325012,4.925793571207176
144873,54847,270179,325026,4.926048826736193
145363,55056,270722,325778,4.917211566405115
145484,55139,270906,326045,4.913146774515316
145538,55199,271036,326235,4.91016141596768
146106,55618,272008,327626,4.890646912869935
146131,55639,272045,327684,4.889466022034903
146247,55695,272180,327875,4.886973696022983
146271,55705,272199,327904,4.886437483170272
146513,55841,272543,328384,4.880696978922297
146550,55869,272590,328459,4.879092162021872
146566,55871,272614,328485,4.879347067351578
146595,55871,272614,328485,4.879347067351578
147092,56204,273615,329819,4.868247811543663
147192,56322,273838,330160,4.862007741202372
147227,56367,273954,330321,4.860184150300708
147777,56508,274978,331486,4.866178240249169
147835,56547,275058,331605,4.864236829540029
147956,56609,275210,331819,4.861594446112809
147977,56630,275302,331932,4.86141621048914
148044,56651,275355,332006,4.8605496813824995
148060,56662,275388,332050,4.860188486110621
148312,56779,275703,332482,4.855721305412212
148577,56801,276506,333307,4.8679776764493585
148605,56824,276532,333356,4.866464873996903
148624,56846,276562,333408,4.8651092425148645
148643,56863,276616,333479,4.864604400049241
148664,56879,276665,333544,4.864097470068039
148751,56927,276836,333763,4.862999982433643
148761,56931,276850,333781,4.8629042173859585
148772,56936,276857,333793,4.862600112406913
148790,56962,276892,333854,4.860995049331133
148901,56962,277201,334163,4.866419718408764
148924,56978,277226,334204,4.865491944259188
148997,57014,277289,334303,4.863524748307433
149559,57204,278084,335288,4.8612684427662405
149565,57207,278099,335306,4.861275718006538
149651,57207,278099,335306,4.861275718006538
149680,57239,278161,335400,4.859641153758801
149704,57260,278184,335444,4.858260565840028
149732,57260,278231,335491,4.859081383164512
149753,57275,278259,335534,4.858297686599738
149861,57356,278515,335871,4.855899993026013
149911,57379,278587,335966,4.855208351487478
149916,57381,278592,335973,4.855126261306007
149950,57404,278626,336030,4.853773256219079
150006,57423,278669,336092,4.852916078923079
150184,57562,279002,336564,4.846982384211806
150193,57569,279021,336590,4.846723062759471
150315,57645,279127,336772,4.842171914303062
150321,57650,279131,336781,4.841821335646141
150337,57650,279157,336807,4.8422723330442325
150345,57656,279162,336818,4.841855140835299
150616,57707,279218,336925,4.83854645017069
150642,57723,279251,336974,4.837776969318989
150677,57748,279283,337031,4.8362367527879755
150692,57765,279314,337079,4.835350125508526
150763,57829,279377,337206,4.831088208338377
150817,57865,279510,337375,4.830381059362309
150861,57883,279679,337562,4.831798628267367
150885,57910,279728,337638,4.830391987566914
151373,58123,280361,338484,4.823581026443921
151405,58154,280420,338574,4.822024280359047
151452,58184,280516,338700,4.821187955451671
151476,58191,280530,338721,4.8208485848327065
151546,58237,280767,339004,4.821110290708656
151573,58240,280795,339035,4.82134271978022
151591,58249,280825,339074,4.821112808803584
151778,58278,281167,339445,4.824582175091801
151887,58320,281329,339649,4.823885459533607
152340,58466,282187,340653,4.826514555468135
152343,58466,282196,340662,4.826668491088838
152380,58507,282241,340748,4.824055241253183
152388,58510,282254,340764,4.824030080328149
152398,58515,282262,340777,4.8237545928394425
152521,58599,282428,341027,4.8196726906602505
152558,58600,282487,341087,4.820597269624574
152576,58612,282508,341120,4.819968607111171
154042,59428,285337,344765,4.801389917210742
154118,59482,285501,344983,4.799788171211459
154136,59498,285538,345036,4.7991192981276685
154184,59521,285585,345106,4.798054468170898
154266,59589,285676,345265,4.7941062947859505
154395,59591,286057,345648,4.800338977362354
154427,59602,286076,345678,4.799771819737592
154454,59621,286107,345728,4.798762181110683
154540,59680,286235,345915,4.796162868632708
154568,59702,286263,345965,4.794864493651804
154594,59714,286294,346008,4.794420068995546
154787,59833,286619,346452,4.79031638059265
155974,60522,288667,349189,4.769620964277453
157855,61352,291908,353260,4.757921502151519
157915,61380,291990,353370,4.757086999022483
158031,61475,292347,353822,4.755542903619357
158140,61475,292551,354026,4.7588613257421715
158169,61485,292588,354073,4.7586891111653244
158195,61495,292621,354116,4.758451906659078
158211,61501,292628,354129,4.758101494284646
158227,61508,292647,354155,4.757868895103076
158247,61515,292664,354179,4.757603836462652
158277,61522,292718,354240,4.757940249016612
158531,61698,293179,354877,4.751839605821907
158551,61711,293223,354934,4.751551587237284
158813,61836,293890,355726,4.752733035772042
159044,61836,293890,355726,4.752733035772042
159053,61838,293892,355730,4.7526116627316535
159323,61845,294550,356395,4.762713234699652
159349,61866,294585,356451,4.7616623023955
159405,61906,294677,356583,4.760071721642491
159442,61932,294719,356651,4.758751533940451
159452,61932,294747,356679,4.759203642704902
159461,61938,294761,356699,4.75896864606542
159531,62005,294879,356884,4.755729376663172
159624,62046,294981,357027,4.75423073203752
159651,62067,295024,357091,4.753314966085037
159671,62067,295045,357112,4.753653310132599
160158,62067,295891,357958,4.767283741762934
160190,62094,295957,358051,4.766273714046446
160360,62177,296119,358296,4.76251668623446
160457,62208,296319,358527,4.763358410493828
160609,62303,296509,358812,4.759144824486782
160625,62303,296535,358838,4.759562139864854
160669,62330,296634,358964,4.759088721321996
160816,62392,296828,359220,4.757468906270034
160949,62451,296908,359359,4.754255336183568
160959,62451,296924,359375,4.754511537045043
161002,62469,297048,359517,4.755126542765211
161024,62471,297052,359523,4.755038337788734
161209,62595,297413,360008,4.751385893441968
161506,62886,298110,360996,4.740482778360843
161509,62886,298119,361005,4.740625894475718
161531,62887,298151,361038,4.741059360440155
161866,63032,298657,361689,4.738180606675974
161875,63034,298673,361707,4.738284100644097
161899,63047,298714,361761,4.737957396862658
161990,63094,298887,361981,4.737169936919517
162011,63101,298905,362006,4.736929684157145
162032,63112,298933,362045,4.736547724679934
162169,63197,299194,362391,4.734307008244063
162179,63202,299215,362417,4.734264738457644
162303,63270,299350,362620,4.731310257626047
162347,63316,299466,362782,4.729704971887043
162404,63348,299540,362888,4.728483930037254
162501,63412,299887,363299,4.729183750709645
162525,63430,299929,363359,4.728503862525619
162554,63454,299953,363407,4.727093642638762
162575,63470,300006,363476,4.7267370411217895
162731,63540,300198,363738,4.724551463644948
162760,63543,300212,363755,4.7245487307807315
162838,63599,300295,363894,4.721693737322914
162852,63607,300313,363920,4.721382866665619
162897,63625,300352,363977,4.720660117878192
162917,63633,300365,363998,4.720270928606227
162949,63651,300432,364083,4.719988688315973
162951,63651,300437,364088,4.720067241677271
163251,63721,300589,364310,4.717267462845844
163280,63736,300633,364369,4.716847621438434
163355,63779,300781,364560,4.715988021135484
163375,63789,300817,364606,4.715813071219176
163380,63795,300837,364632,4.715683047260757
163418,63832,300910,364742,4.714093244767515
163486,63891,301084,364975,4.712463414252398
163533,63935,301228,365163,4.711472589348557
163823,63982,301383,365365,4.710434184614423
163857,64014,301440,365454,4.708969912831568
163873,64028,301455,365483,4.708174548634972
163906,64053,301504,365557,4.707101931213214
164698,64528,302962,367490,4.695047111331515
164719,64536,302998,367534,4.695022932936656
164747,64561,303043,367604,4.693901891234646
164778,64579,303097,367676,4.693429752705988
164792,64587,303126,367713,4.693297412792048
164795,64587,303135,367722,4.693436759719448
165128,64794,303677,368471,4.686807420440164
165169,64807,303719,368526,4.686515345564523
165201,64830,303760,368590,4.685485114915934
165219,64842,303793,368635,4.685126923907344
165240,64861,303823,368684,4.684217017930652
165263,64871,303842,368713,4.683787825068213
165332,64916,303906,368822,4.681526896296753
165357,64926,303952,368878,4.68151433940178
165407,64973,304070,369043,4.679943976728795
165425,64990,304095,369085,4.67910447761194
165576,65110,304332,369442,4.674120718783597
165590,65118,304361,369479,4.673991830215916
165624,65143,304406,369549,4.672888875243695
165690,65176,304548,369724,4.672701607953848
165987,65180,304563,369743,4.672644983123657
166000,65190,304574,369764,4.672096947384568
166028,65211,304611,369822,4.671159773657818
166079,65254,304684,369938,4.669200355533761
166115,65259,304692,369951,4.668965200202271
167427,65987,307263,373250,4.656417173079546
167437,65990,307268,373258,4.656281254735566
167493,66021,307442,373463,4.656730434255767
167524,66036,307476,373512,4.656187534072324
167564,66058,307493,373551,4.654894183898998
167617,66064,307651,373715,4.656863041898765
167654,66101,307741,373842,4.6556179180345225
167723,66142,307835,373977,4.654153185570439
167776,66169,307905,374074,4.653311973885052
167961,66273,308322,374595,4.6523018423792495
168210,66301,309149,375450,4.662810515678497
168233,66317,309199,375516,4.662439495152072
169210,66852,310718,377570,4.647848979836056
169232,66857,310739,377596,4.647815486785229
169466,67030,311183,378213,4.642443681933463
169489,67035,311212,378247,4.642530021630492
169528,67053,311266,378319,4.642089093701997
169590,67092,311321,378413,4.640210457282538
169593,67092,311326,378418,4.640284981816014
169680,67151,311527,378678,4.639201203258328
169733,67174,311566,378740,4.638193348617024
169770,67199,311652,378851,4.637747585529547
169926,67285,311849,379134,4.634747714943895
171153,67798,313309,381107,4.62121301513319
171441,67892,313782,381674,4.621781653213928
171531,67906,314034,381940,4.624539805024593
171913,68096,314599,382695,4.619933623120301
171962,68120,314696,382816,4.619729888432179
172064,68162,314751,382913,4.6176902086206395
172795,68276,315481,383757,4.6206719784404475
172881,68346,315580,383926,4.617387996371404
172922,68383,315710,384093,4.616790722840472
173076,68500,315940,384440,4.612262773722628
173093,68505,316004,384509,4.6128603751550985
173128,68530,316081,384611,4.612301181964103
173396,68539,317734,386273,4.635813186652855
173401,68542,317740,386282,4.635697820314552
173995,68796,319095,387891,4.638278388278389
174039,68810,319127,387937,4.637799738410115
174076,68821,319169,387990,4.637668734833844
174114,68847,319234,388081,4.636861446395631
174144,68866,319252,388118,4.6358435222025385
174176,68882,319306,388188,4.635550651839377
174481,69060,319846,388906,4.631421951925861
175477,69474,321380,390854,4.625903215591444
175645,69543,321538,391081,4.623585407589549
175678,69553,321550,391103,4.623093180739867
175695,69561,321603,391164,4.623323413981972
175913,69680,322088,391768,4.622388059701493
176081,69693,322273,391966,4.624180333749444
176128,69702,322478,392180,4.626524346503687
176161,69712,322501,392213,4.626190612806977
176191,69728,322529,392257,4.625530633318036
176210,69728,322544,392272,4.6257457549334555
176236,69737,322586,392323,4.62575103603539
176326,69826,322750,392576,4.622203763641051
176460,69887,322862,392749,4.619771917524003
176480,69899,322895,392794,4.619450922044664
176504,69918,322921,392839,4.618567464744415
176571,69973,323171,393144,4.618509996713018
176610,69993,323261,393254,4.6184761333276185
176633,69998,323273,393271,4.618317666219035
177250,70188,323996,394184,4.616116715107996
177318,70214,324150,394364,4.616600677927479
177346,70229,324214,394443,4.616525936578906
177350,70229,324216,394445,4.616554414842871
177376,70240,324264,394504,4.616514806378132
177449,70275,324368,394643,4.615695482034863
177551,70314,324466,394780,4.614529112267827
177636,70353,324584,394937,4.613648316347562
178020,70473,324892,395365,4.61016275736807
178055,70480,324967,395447,4.610769012485812
178101,70493,325028,395521,4.61078404948009
178121,70515,325048,395563,4.609629156916968
178179,70549,325144,395693,4.608768373754412
178199,70549,325168,395717,4.609108562842847
178244,70574,325222,395796,4.608240995267379
178264,70585,325256,395841,4.608004533541121
178335,70593,325279,395872,4.607808139617243
178390,70612,325338,395950,4.607403840706962
178461,70635,325381,396016,4.606512352233312
178546,70698,325537,396235,4.604613991909248
178693,70762,325624,396386,4.601678867188604
179904,70806,328368,399174,4.6375730870265235
179932,70829,328403,399232,4.636561295514549
179962,70841,328426,399267,4.636100563233156
180084,70912,328552,399464,4.633235559566787
180149,70930,328655,399585,4.633511913153813
180157,70935,328669,399604,4.63338267427927
180472,71094,329077,400171,4.62875910766028
180492,71104,329110,400214,4.628572232223222
180566,71156,329242,400398,4.627044802968126
180760,71246,329482,400728,4.624568396822278
180804,71256,329523,400779,4.624494779386999
180825,71262,329546,400808,4.6244281664842415
180943,71333,329701,401034,4.621998233636606
180998,71378,329838,401216,4.621003670598784
181427,71629,330376,402005,4.612321824959165
181512,71671,330564,402235,4.612242050480669
181633,71738,330778,402516,4.610917505366751
181700,71774,330889,402663,4.610151308273191
181913,71856,331293,403149,4.610512692050769
181932,71864,331317,403181,4.61033340754759
181949,71873,331334,403207,4.609992625881763
182134,71947,331554,403501,4.608308894047007
182216,72035,331765,403800,4.605608384812938
182351,72115,331978,404093,4.603452818415032
182429,72152,332102,404254,4.602810732897217
182527,72183,332221,404404,4.602482579000596
182573,72215,332292,404507,4.601426296475801
182865,72424,333162,405586,4.600160167900143
182891,72431,333195,405626,4.600171197415471
182946,72436,333479,405915,4.603774366337181
182983,72464,333551,406015,4.602989070434974
183010,72482,333589,406071,4.602370243646699
183052,72503,333652,406155,4.601906128022288
183098,72524,333704,406228,4.601290607247256
183101,72524,333713,406237,4.601414704097953
183123,72539,333748,406287,4.600945698176154
183219,72581,333853,406434,4.599729956875766
183250,72641,333963,406604,4.597444969094589
183279,72641,333990,406631,4.59781666001294
183453,72777,334361,407138,4.594322382071259
183912,72904,334743,407647,4.591558762207835
183938,72910,334786,407696,4.5917706761761075
184035,72927,335096,408023,4.594951115499061
184061,72943,335137,408080,4.5945052986578565
184467,73230,336009,409239,4.588406390823433
184592,73299,336134,409433,4.585792439187438
184643,73299,336160,409459,4.5861471507114695
184725,73355,336302,409657,4.584581828096244
185103,73471,336720,410191,4.5830327612255175
185163,73500,336812,410312,4.58247619047619
185174,73508,336836,410344,4.582303966915165
185314,73577,337092,410669,4.581486062220531
185336,73589,337147,410736,4.581486363451059
185361,73589,337190,410779,4.582070689912895
185424,73608,337226,410834,4.581377024236496
185550,73623,337600,411223,4.585523545631121
185576,73642,337655,411297,4.585087314304337
185611,73649,337736,411385,4.585751334030333
185644,73684,337826,411510,4.584794527984366
185662,73703,337857,411560,4.584033214387474
185828,73758,338113,411871,4.584085794083354
185847,73766,338130,411896,4.583819103652089
185927,73784,338215,411999,4.583852867830424
185960,73813,338291,412104,4.5830815709969785
185993,73818,338320,412138,4.583163997940882
186048,73835,338347,412182,4.582474436242975
186075,73849,338373,412222,4.5819577787106125
186124,73870,338435,412305,4.5814945173954245
186132,73875,338445,412320,4.581319796954315
186173,73908,338504,412412,4.58007252259566
186224,73920,338547,412467,4.579910714285714
186248,73927,338604,412531,4.580248082567938
186272,73933,338631,412564,4.580241570070199
186322,73949,338716,412665,4.580400005409134
186426,74049,338915,412964,4.576901781252954
186561,74113,339038,413151,4.574609042947931
186596,74116,339134,413250,4.575719142965082
186704,74165,339228,413393,4.57396345985303
186714,74170,339236,413406,4.573762976944856
186791,74192,339264,413456,4.5727841276687515
186841,74224,339432,413656,4.573076093985772
187018,74385,339767,414152,4.567681656247899
187034,74393,339834,414227,4.568091083838533
187086,74419,339969,414388,4.568309168357543
187144,74429,340056,414485,4.568864286769942
187175,74439,340066,414505,4.568384852026491
187272,74507,340221,414728,4.566295784288725
187302,74526,340238,414764,4.5653597402248876
187698,74637,340513,415150,4.562254645819098
187857,74767,340803,415570,4.558200810518009
187880,74786,340827,415613,4.557363677693686
187979,74822,340911,415733,4.556293603485606
188164,74921,341134,416055,4.553249422725271
188220,74949,341172,416121,4.552055397670416
188234,74951,341190,416141,4.552174087070219
189068,75121,341771,416892,4.549606634629464
189092,75129,341816,416945,4.549721146295039
189167,75181,341942,417123,4.548250222795653
189249,75240,342059,417299,4.54623870281765
189994,75710,343256,418966,4.533826443006208
190759,76037,344347,420384,4.52867682838618
190794,76058,344389,420447,4.527978647873991
190994,76228,344852,421080,4.523954452432177
191043,76273,344979,421252,4.522950454289198
191087,76308,345060,421368,4.521937411542695
191350,76383,345476,421859,4.522943586923792
191362,76383,345511,421894,4.52340180406635
191394,76405,345551,421956,4.522622864995746
191522,76405,345771,422176,4.525502257705647
191544,76413,345799,422212,4.525394893539057
191560,76415,345823,422238,4.525590525420402
191574,76429,345836,422265,4.524931635897369
192555,76509,346025,422534,4.522670535492557
192610,76535,346116,422651,4.522323120141112
192633,76551,346135,422686,4.521626105472169
192651,76569,346167,422736,4.520981075892332
192673,76579,346191,422770,4.520704109481712
192691,76579,346201,422780,4.520834693584403
192707,76579,346227,422806,4.521174212251401
192771,76631,346446,423077,4.520964100690321
192978,76727,347006,423733,4.522606123007546
193007,76734,347047,423781,4.522727865092397
193019,76745,347064,423809,4.522301127109258
193462,76932,347578,424510,4.517989913170072
193513,76951,347734,424685,4.51890163870515
193578,76990,347828,424818,4.517833484868165
193689,77045,347989,425034,4.516698033616717
193782,77087,348154,425241,4.516377599335815
193802,77100,348184,425284,4.516005188067445
193831,77109,348193,425302,4.515594807350634
193997,77194,348466,425660,4.514159131538721
194020,77202,348491,425693,4.514015180953861
194060,77204,348494,425698,4.513937101704575
194063,77204,348503,425707,4.5140536759753385
194113,77237,348575,425812,4.513057213511659
194127,77248,348596,425844,4.512686412593206
194449,77346,349050,426396,4.512838414397642
194457,77351,349065,426416,4.512740623909193
194505,77361,349085,426446,4.512415816755213
194541,77382,349155,426537,4.512095836240986
194563,77394,349186,426580,4.511796780112153
194595,77408,349224,426632,4.511471682513435
194703,77452,349341,426793,4.5104193565046735
194750,77475,349434,426909,4.5102807357212
194991,77584,349747,427331,4.507978449164776
195013,77598,349777,427375,4.507551741024253
195050,77634,349838,427472,4.506247262797228
195130,77684,349933,427617,4.504569795582102
195160,77707,350000,427707,4.504098729844158
195257,77712,350066,427778,4.5046582252419185
195258,77713,350070,427783,4.504651731370556
195539,77878,350578,428456,4.501630755797529
195598,77919,350710,428629,4.500956121100117
195656,77939,350841,428780,4.501481928174598
195752,77946,350934,428880,4.502270802863521
195905,78035,351119,429154,4.499506631639649
195935,78050,351163,429213,4.499205637411915
196257,78204,351834,430038,4.498925886143931
196340,78313,352008,430321,4.494885906554467
196415,78343,352135,430478,4.494785749843636
196553,78456,352378,430834,4.491409197511981
196681,78544,352549,431093,4.488554186188633
196811,78545,352934,431479,4.493398688649819
196816,78549,352944,431493,4.493297177557958
197031,78688,353302,431990,4.489909516063441
197271,78901,353744,432645,4.483390578066184
197304,78906,353773,432679,4.483474007046359
197321,78907,353799,432706,4.48374668914038
197352,78907,353848,432755,4.484367673336966
197391,78932,353876,432808,4.483302082805452
197536,78932,354157,433089,4.486862109157249
197588,78932,354197,433129,4.487368874474231
197758,78992,354358,433350,4.4859985821349
197840,79062,354594,433656,4.48501176292024
197849,79067,354616,433683,4.485006386988251
197858,79071,354635,433706,4.485019792338531
197865,79077,354644,433721,4.4847933027302505
197889,79080,354662,433742,4.484850784016186
197964,79105,354725,433830,4.484229821123823
197986,79118,354764,433882,4.483985945044111
198007,79137,354779,433916,4.483098929704184
198524,79485,355684,435169,4.474856891237341
198720,79656,355976,435632,4.468916340263132
198757,79671,356014,435685,4.4685519197700545
198798,79682,356036,435718,4.468211139278632
198799,79682,356036,435718,4.468211139278632
198859,79703,356057,435760,4.467297341379873
198890,79724,356077,435801,4.46637148161156
198917,79733,356122,435855,4.466431715851655
198950,79738,356151,435889,4.466515337731069
199216,79738,356353,436091,4.469048634277258
199566,79800,357049,436849,4.474298245614035
199672,79848,357395,437243,4.47594178939986
199722,79856,357465,437321,4.47636996593869
199912,79924,357715,437639,4.475689404934688
199940,79948,357745,437693,4.4747210686946515
200173,80026,357994,438020,4.473471121885387
200206,80039,358025,438064,4.473131848223991
200263,80076,358107,438183,4.472089015435336
200317,80088,358194,438282,4.472505244231345
200339,80092,358214,438306,4.472531588673026
200353,80099,358282,438381,4.472989675276845
200368,80099,358289,438388,4.473077067129427
200380,80105,358298,438403,4.472854378628051
200396,80105,358324,438429,4.47317895262468
200434,80136,358376,438512,4.472097434361586
200443,80140,358391,438531,4.472061392563015
200525,80209,358509,438718,4.469685446770312
200552,80224,358546,438770,4.469310929397686
200625,80283,358695,438978,4.467882366129816
200720,80288,358771,439059,4.468550717417298
200771,80288,358887,439175,4.469995516141889
200790,80301,358929,439230,4.469794896701162
201057,80453,359527,439980,4.468783016170932
201080,80459,359543,440002,4.468648628494016
201100,80483,359560,440043,4.4675273039026875
201629,80483,359560,440043,4.4675273039026875
202199,80497,360564,441061,4.479222828179932
202475,80710,361116,441826,4.4742411101474415
202481,80721,361127,441848,4.473767668884181
202490,80724,361132,441856,4.473663346712254
202592,80780,361290,442070,4.472517949987621
202680,80851,361559,442410,4.471917477829588
202709,80859,361588,442447,4.471833685798736
202736,80875,361628,442503,4.471443585780525
202756,80886,361646,442532,4.471058032292362
202858,80935,361949,442884,4.472094890961883
202882,80945,361969,442914,4.471789486688492
203292,81164,362605,443769,4.467559509141984
204128,81223,364238,445461,4.48441943784396
204220,81296,364455,445751,4.483061897264318
204234,81300,364475,445775,4.483087330873309
204258,81315,364525,445840,4.482875238270922
204287,81334,364553,445887,4.482172277276415
204745,81487,365577,447064,4.486322971762367
204761,81487,365603,447090,4.4866420410617645
204774,81496,365610,447106,4.486232453126534
204925,81516,365848,447364,4.488051425487021
204981,81538,365991,447529,4.488594275061934
204988,81538,365991,447529,4.488594275061934
205091,81565,366067,447632,4.488040213326794
205113,81578,366091,447669,4.487619211061806
205262,81660,366277,447937,4.485390644134215
205282,81675,366349,448024,4.485448423630242
205293,81684,366358,448042,4.485064394495862
205297,81686,366362,448048,4.485003550179957
205444,81731,366639,448370,4.485923333863528
206035,81913,367385,449298,4.485063420946614
206097,81933,367465,449398,4.484945016049699
206112,81933,367472,449405,4.485030451710544
206134,81951,367495,449446,4.484325999682738
206147,81973,367515,449488,4.483366474326912
206201,81992,367574,449566,4.483047126548931
206276,82044,367666,449710,4.481327092779484
206410,82109,367870,449979,4.480264039264879
206431,82116,367889,450005,4.480113497978469
206454,82124,367942,450066,4.4803224392382255
206630,82209,368365,450574,4.4808354316437375
206788,82209,368614,450823,4.483864297096425
206843,82254,368708,450962,4.48255403992511
206880,82268,368756,451024,4.482374677882044
206895,82281,368790,451071,4.482079702482955
206908,82289,368815,451104,4.481947769446706
206942,82307,368877,451184,4.481720874287728
206956,82315,368888,451203,4.481418939439957
206977,82324,368942,451266,4.481584956999174
207186,82501,369281,451782,4.476079077829359
207215,82518,369320,451838,4.475629559611236
207238,82526,369344,451870,4.4754865133412505
207261,82545,369400,451945,4.475134774971228
207292,82570,369435,452005,4.474203705946469
207329,82584,369491,452075,4.474123316865253
207577,82817,370545,453362,4.4742625306398445
207596,82818,370579,453397,4.474619044169142
207669,82833,370700,453533,4.475269518187196
207679,82834,370705,453539,4.475275852910641
207712,82846,370730,453576,4.474929387055501
207729,82853,370747,453600,4.4747564964455115
207764,82895,370807,453702,4.473213100910791
207875,82960,371107,454067,4.473324493731919
207938,82989,371188,454177,4.4727373507332295
208013,83015,371280,454295,4.472444738902608
208067,83045,371361,454406,4.471804443374074
208102,83049,371364,454413,4.4716251851316695
208231,83133,371586,454719,4.469777344736747
208288,83166,371671,454837,4.469025803814058
208306,83166,371681,454847,4.46914604525888
208338,83196,371747,454943,4.468327804221357
208421,83263,371865,455128,4.46614943011902
208606,83273,372929,456202,4.478390354616742
208611,83277,372947,456224,4.478391392581385
208657,83277,373090,456367,4.480108553382086
208673,83293,373129,456422,4.479716182632394
208744,83293,373301,456594,4.481781182092132
208759,83298,373311,456609,4.481632212057913
208809,83327,373393,456720,4.481056560298582
208830,83327,373422,456749,4.481404586748593
208952,83428,373678,457106,4.479047801697272
208973,83437,373692,457129,4.478732456823711
209416,83451,374726,458177,4.490371595307426
209478,83453,374906,458359,4.492420883611135
209829,83692,375531,459223,4.487059695072408
209844,83692,375552,459244,4.4873106151125555
209970,83731,375609,459340,4.485901279096153
209988,83737,375642,459379,4.485973942223867
209990,83737,375642,459379,4.485973942223867
210344,84005,376238,460243,4.4787572168323315
210385,84016,376322,460338,4.479170634164921
210403,84033,376348,460381,4.478573893589423
213000,85152,379434,464586,4.455961104847802
213269,85293,379816,465109,4.453073523032371
213381,85377,380064,465441,4.451597034330089
213450,85419,380180,465599,4.45076622297147
213500,85458,380245,465703,4.449495658686138
213514,85465,380271,465736,4.449435441408764
213521,85469,380276,465745,4.449285705928466
213635,85482,380313,465795,4.449041903558644
213676,85500,380437,465937,4.4495555555555555
213694,85512,380463,465975,4.449235195060343
214413,85789,381566,467355,4.4477263984893165
214442,85802,381603,467405,4.447483741637724
214459,85810,381638,467448,4.447476984034495
214466,85818,381649,467467,4.447190566081708
214525,85844,381710,467554,4.446554214621872
214533,85847,381714,467561,4.446445420340839
214550,85862,381740,467602,4.445971442547344
214591,85862,381870,467732,4.447485499988353
214634,85873,381952,467825,4.447870692767226
215229,85998,383218,469216,4.456126886671783
215247,86004,383241,469245,4.456083437979629
215300,86020,383299,469319,4.455928853754941
215333,86053,383365,469418,4.45498704286893
215356,86059,383385,469444,4.454908841608664
215365,86059,383385,469444,4.454908841608664
215404,86074,383431,469505,4.454666914515417
215456,86079,383510,469589,4.4553259215371925
215480,86090,383554,469644,4.455267743059589
215812,86219,384047,470266,4.454319813498185
215852,86230,384078,470308,4.454111098225676
215877,86268,384173,470441,4.453250336161728
216374,86361,384463,470824,4.451812739546786
216853,86594,384938,471532,4.44531953715038
216863,86594,384954,471548,4.445504307457791
216864,86594,384956,471550,4.445527403746218
216895,86605,384999,471604,4.445459269095318
217230,86605,385650,472255,4.452976156111079
217244,86617,385666,472283,4.452543957883556
217275,86627,385689,472316,4.452295473697577
217335,86667,385794,472461,4.451452109799578
217342,86668,385800,472468,4.4514699773849635
217386,86697,385841,472538,4.450453879603677
217474,86740,385964,472704,4.449665667512106
217495,86758,385982,472740,4.44894995274211
217716,86831,386144,472975,4.4470753532724485
217733,86844,386168,473012,4.446686011699139
218922,87313,387690,475003,4.44023226781808
218931,87317,387701,475018,4.44015483811858
218966,87333,387764,475097,4.4400627483311
219012,87358,387869,475227,4.439994047482772
219075,87409,387972,475381,4.438581839398689
219175,87414,388068,475482,4.439426178872949
219203,87442,388129,475571,4.438702225475172
219476,87704,388980,476684,4.435145489373347
219564,87739,389065,476804,4.434345046102646
219613,87752,389114,476866,4.434246512899991
219615,87752,389124,476876,4.434360470416629
219766,87837,389362,477199,4.432778897275636
219915,87991,389858,477849,4.430657680899182
220253,88066,390558,478624,4.4348329661844526
220306,88114,390637,478751,4.433313661847152
220418,88180,390825,479005,4.432127466545702
220423,88184,390830,479014,4.431983126190692
220723,88232,391245,479477,4.434275546287061
220770,88252,391275,479527,4.433610569732131
220848,88272,391300,479572,4.432889251404749
221017,88379,391583,479962,4.430724493375123
221286,88496,391982,480478,4.429375338998373
221322,88513,392039,480552,4.429168596703309
221342,88513,392060,480573,4.429405849988138
221495,88549,392186,480735,4.429027995798936
221656,88644,392440,481084,4.42714678940481
221680,88655,392484,481139,4.4270937905363485
221684,88655,392486,481141,4.427116349895663
221719,88664,392562,481226,4.4275241360642426
221735,88664,392588,481252,4.427817377966255
221740,88669,392589,481258,4.4275789734856605
221783,88681,392684,481365,4.428051104520698
222010,88760,393198,481958,4.4299008562415505
222036,88773,393226,481999,4.429567548691606
222067,88801,393278,482079,4.428756432923053
222074,88814,393286,482100,4.428198257031549
222131,88822,393339,482161,4.4283961180788545
222155,88837,393365,482202,4.427941060594121
222172,88849,393414,482263,4.427894517664802
222612,88920,394812,483732,4.440080971659919
223389,89204,395666,484870,4.435518586610466
223412,89218,395686,484904,4.435046739447197
223536,89267,395758,485025,4.433418844589826
223564,89283,395788,485071,4.432960361995004
223594,89295,395818,485113,4.432700599137689
223764,89359,396046,485405,4.432077350910372
223780,89366,396062,485428,4.4319092272228815
223830,89377,396176,485553,4.43263926961075
223968,89431,396486,485917,4.4334291241292165
224065,89467,396605,486072,4.432975286977321
224152,89520,396669,486189,4.431065683646112
224189,89537,396731,486268,4.430916827680177
224192,89537,396733,486270,4.4309391648145455
224203,89545,396748,486293,4.430710815790943
224204,89547,396752,486299,4.430656526740147
224242,89554,396808,486362,4.430935524934676
224285,89573,396840,486413,4.430352896520157
224388,89573,397195,486768,4.434316144373863
224401,89578,397208,486786,4.434213757842327
224443,89616,397283,486899,4.433170415997143
224568,89684,397577,487261,4.433087284242451
224570,89684,397582,487266,4.433143035547031
224641,89684,397709,487393,4.434559118683377
224685,89704,397775,487479,4.434306162489967
224729,89707,397887,487594,4.4354063785434805
224791,89744,398017,487761,4.435026297022643
224807,89744,398046,487790,4.435349438402567
225299,89846,398796,488642,4.438661710037175
225323,89863,398827,488690,4.438166987525455
225331,89868,398836,488704,4.43802020741532
225416,89973,398997,488970,4.434630389116735
225448,89984,399039,489023,4.43455503200569
225548,89984,399380,489364,4.438344594594595
225584,90004,399411,489415,4.437702768765833
225604,90016,399453,489469,4.437577763953075
225901,90175,400059,490234,4.436473523703909
225910,90185,400073,490258,4.436136829849754
225949,90211,400125,490336,4.435434703084989
225973,90216,400136,490352,4.435310809612486
225993,90221,400178,490399,4.435530530586005
226026,90229,400191,490420,4.435281339702313
226041,90245,400214,490459,4.434749847636988
226139,90246,400503,490749,4.437903064955788
226163,90255,400527,490782,4.43772644174838
226228,90293,400593,490886,4.4365897688635885
226267,90316,400622,490938,4.435781035475442
226295,90323,400652,490975,4.435769405356332
226327,90331,400687,491018,4.43576402342496
226389,90365,400779,491144,4.4351131522160125
226411,90368,400785,491153,4.435032312322946
226479,90376,400855,491231,4.435414269275029
226561,90456,400995,491451,4.433039267710268
226685,90517,401142,491659,4.431675817802181
226694,90522,401161,491683,4.431640927067453
226743,90552,401236,491788,4.431000971817299
226853,90552,401576,492128,4.434755720470006
226975,90601,401671,492272,4.4334058122978774
227382,90750,402200,492950,4.431955922865014
227499,90822,402296,493118,4.429499460483143
227534,90830,402322,493152,4.42939557414951
227548,90843,402353,493196,4.429102957850358
227561,90846,402385,493231,4.429308940404641
227642,90888,402554,493442,4.429121556201038
227653,90893,402572,493465,4.42907594644252
227960,91107,402956,494063,4.422887374186396
227960,91107,402956,494063,4.422887374186396
227973,91112,402974,494086,4.422842216173501
228017,91144,403038,494182,4.4219915737733695
228021,91145,403046,494191,4.42203082999616
228047,91151,403089,494240,4.422211495211243
228143,91151,403309,494460,4.424625072681594
228155,91169,403344,494513,4.424135396900263
228171,91185,403381,494566,4.423764873608598
228255,91247,403607,494854,4.423235832410929
228260,91248,403610,494858,4.423220234964054
228355,91266,403695,494961,4.423279205837881
228375,91281,403723,495004,4.422859083489445
228481,91385,403890,495275,4.419653115938064
228602,91451,404062,495513,4.41834424992619
228639,91466,404109,495575,4.418133514092668
228676,91478,404156,495634,4.418067732132316
228748,91525,404317,495842,4.417558044250205
229250,91843,405022,496865,4.409938699737595
229267,91851,405057,496908,4.409935656661332
229829,91961,405531,497492,4.4098150302845776
229924,92008,405655,497663,4.408910094774368
229946,92028,405697,497725,4.408408310514191
229968,92036,405705,497741,4.408112043113564
230041,92094,405818,497912,4.406562859686842
230084,92125,405894,498019,4.405905020352781
230285,92382,406374,498756,4.398843930635838
230411,92467,406655,499122,4.397839229130392
230449,92493,406694,499187,4.397024639702464
230658,92582,406931,499513,4.395357628912747
230684,92594,406942,499536,4.394906797416679
230711,92612,406980,499592,4.394462920571848
230761,92635,407064,499699,4.3942786203918605
230868,92697,407239,499936,4.393227396787383
230901,92697,407239,499936,4.393227396787383
230904,92697,407248,499945,4.393324487308111
230931,92714,407287,500001,4.392939577625817
230990,92757,407431,500188,4.392455555914918
231072,92785,407536,500321,4.3922616802284855
232536,93421,408986,502407,4.37788077627086
232543,93426,408996,502422,4.377753516151821
232625,93426,409172,502598,4.379637360049665
232742,93482,409455,502937,4.380041077426671
232770,93501,409497,502998,4.379600218179485
232837,93564,409626,503190,4.378030011542901
232840,93565,409629,503194,4.3780152834927595
232945,93586,409668,503254,4.377449618532687
233329,93729,410931,504660,4.3842460711199305
233369,93763,410990,504753,4.38328551774154
233418,93785,411039,504824,4.382779762222103
233503,93830,411135,504965,4.381700948523926
233576,93832,411144,504976,4.381703470031546
233585,93834,411167,505001,4.381855191082124
233658,93862,411299,505161,4.381954358526348
233688,93888,411348,505236,4.381262781186094
233847,93970,411770,505740,4.381930403320209
233854,93970,411770,505740,4.381930403320209
233874,93980,411811,505791,4.38190040434135
233930,94005,411908,505913,4.3817669272911015
233938,94013,411972,505985,4.382074819439865
233988,94024,412121,506145,4.383146856121841
234019,94032,412133,506165,4.382901565424536
234084,94078,412269,506347,4.382204128489126
234122,94078,412360,506438,4.383171410956866
234130,94087,412368,506455,4.382837161350665
234141,94090,412380,506470,4.382824954830482
234184,94098,412404,506502,4.382707390167697
234198,94109,412444,506553,4.382620153226577
234296,94127,412548,506675,4.382886950609283
234385,94184,412701,506885,4.381858914465302
234452,94225,412823,507048,4.381247015123375
234586,94293,412958,507251,4.3795191583680655
234793,94442,413219,507661,4.3753732449545755
234883,94449,413478,507927,4.3777911888955945
234955,94470,413515,507985,4.377209696199852
234965,94471,413518,507989,4.377195118078564
234994,94471,413565,508036,4.377692625250077
235386,94737,414405,509142,4.374267709553817
235411,94749,414435,509184,4.374030332773961
235436,94762,414472,509234,4.373820729828412
235554,94823,414575,509398,4.372093268510804
235570,94823,414601,509424,4.372367463590058
235603,94836,414696,509532,4.372769834240162
235663,94857,414763,509620,4.372508091126643
236097,94970,415416,510386,4.374181320416974
236282,94970,415738,510708,4.37757186479941
236506,95040,415912,510952,4.376178451178451
236542,95054,415970,511024,4.376144086519242
237041,95267,416869,512136,4.375796445778706
237067,95280,416914,512194,4.375671704450042
237138,95321,416985,512306,4.3745344677458275
237216,95326,417108,512434,4.37559532551455
237230,95326,417134,512460,4.375868073767912
237251,95338,417170,512508,4.375694896054039
237288,95352,417202,512554,4.375388035909053
237312,95367,417224,512591,4.37493053152558
237344,95392,417248,512640,4.374035558537403
237365,95399,417271,512670,4.373955701841738
237366,95399,417273,512672,4.37397666642208
237391,95415,417331,512746,4.373851071634439
237526,95468,417603,513071,4.3742720073741985
237671,95536,417976,513512,4.375062803550494
237779,95609,418460,514069,4.376784612327292
238752,96063,420089,516152,4.373057264503503
238761,96064,420107,516171,4.373199117255163
238816,96102,420195,516297,4.372385590310295
238819,96102,420197,516299,4.3724064015317055
238921,96171,420508,516679,4.372503145438854
238953,96184,420543,516727,4.372276054229394
239016,96202,420653,516855,4.37260140121827
239034,96207,420675,516882,4.3726028251582525
239076,96217,420698,516915,4.372387415945207
239129,96298,420775,517073,4.3695092317597455
239222,96385,420944,517329,4.367318566166935
239658,96635,421796,518431,4.3648367568686295
239714,96651,421905,518556,4.365241953006177
240649,96791,423185,519976,4.37215236953849
241986,96817,426455,523272,4.404753297458091
241989,96817,426464,523281,4.40484625633928
242030,96817,426475,523292,4.40495987274962
242132,96867,426573,523440,4.403697853758246
242151,96878,426597,523475,4.40344557071781
242355,96962,426868,523830,4.402425692539345
242358,96963,426879,523842,4.402493734723555
242413,96978,426902,523880,4.402049949473076
242823,96978,427757,524735,4.410866382066035
242912,97015,427831,524846,4.40994691542545
242923,97018,427854,524872,4.410047620029273
242989,97041,427909,524950,4.40956915118352
243053,97056,427953,525009,4.4093409990108805
243062,97058,427975,525033,4.409476807682005
243310,97131,428200,525331,4.408479270263871
243502,97280,428580,525860,4.405633223684211
243667,97421,428836,526257,4.401884603935496
243691,97429,428858,526287,4.401748965913639
243777,97486,429040,526526,4.401042200931416
243817,97501,429096,526597,4.40093947754382
243877,97527,429198,526725,4.400812082807838
244190,97690,429630,527320,4.397891288770601
244199,97695,429647,527342,4.397840217001893
244218,97702,429675,527377,4.397811713168615
244240,97709,429722,527431,4.397977668382646
244274,97720,429792,527512,4.398198935734753
244291,97731,429831,527562,4.398102956073303
244352,97792,430013,527805,4.397220631544503
244444,97840,430111,527951,4.396065004088308
244518,97864,430240,528104,4.396305076432601
244591,97880,430346,528226,4.396669391091132
244686,97929,430490,528419,4.3959399156531775
244717,97954,430529,528483,4.395216121853115
245962,98017,432486,530503,4.412357040105288
245978,98017,432512,530529,4.412622300213228
245988,98023,432520,530543,4.412433816553258
246154,98099,432863,530962,4.412511850273703
246178,98103,432885,530988,4.412556190942173
248775,98103,437090,535193,4.455419304200687
248797,98103,437095,535198,4.45547027104166
248820,98119,437127,535246,4.455069864144559
249328,98139,438011,536150,4.463169585995374
249353,98151,438029,536180,4.462807307108435
249390,98183,438074,536257,4.4618111078292575
249464,98223,438182,536405,4.46109363387394
249555,98305,438368,536673,4.459264533848736
249594,98345,438444,536789,4.45822360058976
249622,98345,438478,536823,4.458569322283797
249676,98394,438560,536954,4.457182348517186
249752,98430,438594,537024,4.455897592197501
249775,98448,438623,537071,4.455377458150496
249791,98452,438634,537086,4.455308170479015
249828,98476,438710,537186,4.454994110240058
249828,98511,438780,537291,4.454121874714499
250772,98961,440419,539380,4.450429967360879
250827,98993,440522,539515,4.4500318204317475
251218,99020,441594,540614,4.459644516259342
251238,99027,441614,540641,4.459531238955033
251357,99032,441637,540669,4.459538331044511
251858,99130,442359,541489,4.462412993039443
251882,99139,442388,541527,4.462300406499964
251931,99153,442406,541559,4.4618518854699305
253170,99153,442406,541559,4.4618518854699305
253241,99153,442586,541739,4.4636672617066555
253340,99203,442665,541868,4.462213844339385
253362,99216,442704,541920,4.462022254475085
253380,99238,442756,541994,4.461557064834035
253403,99252,442767,542019,4.461038568492323
253411,99253,442777,542030,4.4610943749811085
253437,99274,442806,542080,4.460442814835707
253576,99383,443063,542446,4.45813670346035
253636,99406,443132,542538,4.457799328008369
253701,99440,443238,542678,4.457341110217216
253742,99465,443268,542733,4.456522394812246
253791,99480,443309,542789,4.456262565339767
253801,99480,443325,542805,4.456423401688782
253836,99480,443376,542856,4.456936067551267
253868,99499,443445,542944,4.456778460085026
253890,99504,443477,542981,4.456876105483197
253943,99544,443554,543098,4.455858715743791
253969,99559,443598,543157,4.455629325324682
254044,99612,443714,543326,4.454423161868048
254077,99621,443755,543376,4.454432298410977
254088,99628,443780,543408,4.454370257357369
254307,99741,444157,543898,4.453103538163845
254636,99961,445220,545181,4.453937035443823
254656,99961,445220,545181,4.453937035443823
254672,99961,445227,545188,4.454007062754474
254704,99994,445337,545331,4.453637218233094
254999,100034,446004,546038,4.458524101805386
255312,100034,446790,546824,4.466381430313693
255404,100067,446947,547014,4.466477460101732
255433,100094,446983,547077,4.465632305632705
255530,100097,447049,547146,4.466157826907899
255534,100106,447061,547167,4.465876171258466
255715,100183,447323,547506,4.465058942135891
255743,100204,447358,547562,4.464472476148657
255782,100221,447395,547616,4.464084373534488
255895,100297,447610,547907,4.462845349312542
255922,100304,447624,547928,4.462673472643165
256265,100304,448206,548510,4.468475833466263
256269,100304,448211,548515,4.468525681926942
256292,100310,448249,548559,4.468637224603729
257644,100526,449007,549533,4.466575811232915
257658,100540,449040,549580,4.466282076785359
257679,100548,449057,549605,4.466095795043164
257703,100557,449077,549634,4.465894965044701
257728,100579,449105,549684,4.465196512194394
257737,100584,449125,549709,4.465173387417482
257775,100602,449161,549763,4.464732311484861
257818,100617,449224,549841,4.464692845145453
257852,100624,449246,549870,4.464600890443632
257894,100639,449280,549919,4.464273293653553
257925,100647,449311,549958,4.4642264548372035
257994,100670,449426,550096,4.464348862620443
258043,100688,449454,550142,4.463828857460671
258098,100709,449574,550283,4.464089604702658
258107,100716,449585,550301,4.463888557925255
258142,100736,449622,550358,4.46336959974587
258182,100767,449698,550465,4.462750702114779
258215,100796,449736,550532,4.4618437239573
258421,100846,450355,551201,4.4657695892747356
258433,100853,450384,551237,4.465747176583741
258442,100853,450389,551242,4.4657967536910155
258468,100863,450424,551287,4.465701000366834
258909,101102,451450,552552,4.465292476904512
259344,101137,451847,552984,4.467672562959154
259430,101150,451969,553119,4.468304498269896
259446,101150,451995,553145,4.468561542263965
259450,101155,452001,553156,4.468399980228362
259465,101162,452022,553184,4.468298372906823
259484,101179,452052,553231,4.467844117850542
259496,101179,452087,553266,4.46819003943506
259773,101320,452440,553760,4.465455981050138
259847,101332,452567,553899,4.466180476058896
259859,101340,452585,553925,4.46600552595224
259875,101340,452611,553951,4.466262088020525
259953,101372,452703,554075,4.465759775874995
259967,101378,452710,554088,4.465564520901971
259970,101379,452713,554092,4.465550064609041
259998,101402,452739,554141,4.464793593814718
260022,101409,452766,554175,4.4647516492619
260055,101428,452855,554283,4.464792759395827
260104,101440,452914,554354,4.464846214511041
260171,101489,453049,554538,4.464020731310782
260250,101541,453186,554727,4.463083877448518
260270,101550,453220,554770,4.4630231413097
260273,101551,453223,554774,4.463008734527479
260320,101590,453352,554942,4.462565213111526
260346,101600,453368,554968,4.462283464566929
260378,101614,453442,555056,4.462396913811089
260387,101618,453458,555076,4.4623787124328365
260408,101631,453481,555112,4.462034221841761
260424,101650,453512,555162,4.461505164781111
260992,101650,454903,556553,4.475189375307427
261084,101713,455067,556780,4.474029868355077
262506,102734,457501,560235,4.453257928241867
262535,102759,457549,560308,4.45264161776584
262556,102771,457567,560338,4.452296854170924
262635,102816,457832,560648,4.45292561469032
262825,102955,458118,561073,4.449691612840561
262965,102974,458260,561234,4.450249577563269
262973,102975,458272,561247,4.4503228939062875
263168,103016,458518,561534,4.450939659858663
263209,103036,458583,561619,4.450706549167282
263270,103084,458661,561745,4.449390788095146
264230,103420,459858,563278,4.4465093792303225
264242,103430,459877,563307,4.446263173160592
264252,103430,459893,563323,4.446417867156531
264371,103502,460084,563586,4.445170141639775
264709,103642,460419,564061,4.4423978695895485
264920,103711,460538,564249,4.440589715652148
264936,103711,460561,564272,4.440811485763323
264975,103726,460674,564400,4.441258700807897
265001,103736,460714,564450,4.441216164108892
265006,103736,460725,564461,4.441322202514074
265159,103828,461052,564880,4.4405362715259855
265186,103838,461119,564957,4.440753866599896
266128,104228,462655,566883,4.438874390758722
266168,104246,462690,566936,4.438443681292328
266245,104284,462772,567056,4.437612673085037
266733,104300,463611,567911,4.444976030680729
267541,104611,464659,569270,4.441779545172114
267763,104715,465008,569723,4.440700950198157
267780,104734,465093,569827,4.440706933755991
267855,104786,465209,569995,4.43961025327811
267893,104796,465239,570035,4.439472880644299
267934,104815,465287,570102,4.439126079282546
267956,104822,465333,570155,4.439268474175268
267984,104840,465379,570219,4.438945059137733
268020,104852,465401,570253,4.438646854614123
268605,105220,466531,571751,4.433862383577266
268624,105230,466553,571783,4.433650099781431
268646,105249,466598,571847,4.4332772757935945
268680,105249,466598,571847,4.4332772757935945
268725,105280,466680,571960,4.432750759878419
268752,105301,466719,572020,4.432237110758682
269959,105685,470437,576122,4.451312863698727
270039,105719,470577,576296,4.451205554346901
270084,105746,470651,576397,4.4507688234070315
270195,105746,470867,576613,4.4528114538611385
270238,105784,470947,576731,4.451968161536716
270252,105799,470967,576766,4.451526006862069
270280,105806,470995,576801,4.45149613443472
270621,106055,471800,577855,4.448635142143227
270663,106068,471870,577938,4.448749858581287
270733,106080,472020,578100,4.449660633484163
270755,106096,472039,578135,4.449168677424219
270778,106104,472065,578169,4.449078262836462
270821,106118,472128,578246,4.449084980870352
270891,106142,472232,578374,4.449058808011909
271089,106155,472516,578671,4.451189298667043
271182,106181,472712,578893,4.4519452632768575
271223,106195,472736,578931,4.451584349545647
271282,106232,472851,579083,4.45111642442955
271302,106241,472873,579114,4.450946433109628
271562,106260,473576,579836,4.456766421983813
271604,106270,473628,579898,4.456836360214548
271626,106270,473628,579898,4.456836360214548
271661,106282,473666,579948,4.456690690803711
273530,106285,477670,583955,4.494237192454251
274113,106322,478847,585169,4.503743345685747
274191,106374,479015,585389,4.503121063417752
274224,106381,479058,585439,4.5032289600586575
274304,106408,479244,585652,4.50383429817307
274313,106420,479268,585688,4.503551963916557
274429,106473,479399,585872,4.502540550186432
274594,106495,479445,585940,4.502042349406075
274799,106591,479725,586316,4.500614498409809
274816,106600,479743,586343,4.500403377110694
274834,106600,479753,586353,4.5004971857410885
274907,106606,479825,586431,4.500919272836426
274930,106614,479863,586477,4.5009379631192905
275066,106715,480217,586932,4.499995314623061
275228,106774,480484,587258,4.500009365575889
275773,106973,481249,588222,4.498789414151235
275828,106995,481335,588330,4.498668162063648
275856,107005,481372,588377,4.498593523667118
276142,107232,482112,589344,4.495971351835273
276703,107442,482782,590224,4.493419705515534
276722,107449,482788,590237,4.493182812310957
276821,107481,482848,590329,4.492403308491734
276845,107502,482870,590372,4.491730386411415
276869,107508,482882,590390,4.4915913234363956
276872,107512,482891,590403,4.491507924696778
276897,107537,482920,590457,4.4907334219849915
276914,107548,482939,590487,4.490450775467698
276988,107570,483054,590624,4.490601468811007
277020,107581,483108,590689,4.490644258744574
277166,107650,483289,590939,4.489447282861124
277308,107735,483428,591163,4.487195433238966
277355,107770,483497,591267,4.486378398441125
277696,108046,484382,592428,4.483109046147011
277777,108098,484544,592642,4.482451109178708
277787,108098,484560,592658,4.4825991230180025
277804,108107,484611,592718,4.482697697651401
277835,108139,484651,592790,4.481741092482823
277887,108150,484680,592830,4.481553398058252
279622,108651,486006,594657,4.473092746500262
279904,108756,486456,595212,4.472911839346795
280112,108942,486734,595676,4.467826917075141
280123,108942,486751,595693,4.467982963411724
280198,108987,486835,595822,4.466908897391432
280245,109013,486864,595877,4.46610954656784
280255,109023,486883,595906,4.465874173339571
280262,109023,486890,595913,4.465938379974868
280286,109041,486934,595975,4.465604680808136
280674,109134,487381,596515,4.465895138087122
280736,109140,487392,596532,4.465750412314459
281022,109140,488359,597499,4.474610591900311
281040,109144,488372,597516,4.474565711353808
281196,109251,488622,597873,4.4724716478567705
281229,109284,488659,597943,4.471459683027708
281255,109300,488743,598043,4.471573650503202
281363,109300,488886,598186,4.47288197621226
281408,109323,488972,598295,4.472727605352945
281455,109358,489050,598408,4.472009363741107
281473,109369,489068,598437,4.471724163154093
281509,109379,489138,598517,4.471955311348614
281529,109386,489163,598549,4.471897683432981
281674,109500,489512,599012,4.470429223744293
281692,109507,489554,599061,4.4705269982740825
281716,109518,489598,599116,4.470479738490477
281748,109542,489636,599178,4.469847181902832
281800,109603,489768,599371,4.46856381668385
281963,109666,489925,599591,4.467428373424762
281984,109692,489950,599642,4.466597381759836
282179,109692,490349,600041,4.4702348393684135
282224,109748,490458,600206,4.468947042315122
282249,109771,490490,600261,4.468302192746719
282590,109847,490756,600603,4.467632252132511
282648,109864,490852,600716,4.467814752785261
282767,109915,491381,601296,4.470554519401356
282799,109921,491443,601364,4.470874537167602
282962,110067,491815,601882,4.468323839116175
282974,110077,491826,601903,4.468017842056016
283088,110104,491913,602017,4.467712344692291
283131,110128,491981,602109,4.46735616736888
283268,110234,492209,602443,4.465128726164341
283741,110709,493695,604404,4.459393545240224
283795,110733,493779,604512,4.4591856086261545
283837,110740,493803,604543,4.45912046234423
283857,110740,493824,604564,4.459310095719704
283875,110751,493850,604601,4.459101949418064
283907,110779,493920,604699,4.4586067756524255
284005,110817,494064,604881,4.458377324778689
284164,110854,494359,605213,4.459550399624732
284214,110871,494422,605293,4.459434838686401
284398,110926,494734,605660,4.460036420676848
284551,110982,495023,606005,4.460389973148799
284569,110985,495032,606017,4.46035049781502
284602,111002,495076,606078,4.460063782634547
284653,111002,495198,606200,4.461162861930416
286359,111054,498603,609657,4.489734723647955
286453,111098,498759,609857,4.489360744567859
286673,111234,499401,610635,4.4896434543395
286755,111266,499504,610770,4.489277946542519
286875,111359,499624,610983,4.486606381163624
286888,111375,499651,611026,4.486204264870931
286932,111399,499715,611114,4.485812260433217
287157,111450,500233,611683,4.488407357559444
287187,111465,500284,611749,4.488260889068317
287298,111479,500463,611942,4.489302918038375
287414,111595,500788,612383,4.487548725301313
287432,111599,500804,612403,4.48753125028002
287451,111607,500829,612436,4.487433583914988
287476,111633,500859,612492,4.486657171266561
287596,111701,501004,612705,4.485223946070312
288062,112058,501629,613687,4.476512163343982
288104,112082,501675,613757,4.47596402633786
288144,112101,501776,613877,4.476106368364243
288148,112105,501794,613899,4.476107220908969
288176,112114,501838,613952,4.476140357136486
288215,112116,501939,614055,4.4769613614470725
288242,112132,501970,614102,4.4765990083116325
288348,112234,502243,614477,4.474963023682663
288469,112323,502513,614836,4.473821033982355
288524,112338,502563,614901,4.473668749666186
288705,112408,502816,615224,4.473133584798235
288722,112422,502859,615281,4.472959029371475
288759,112435,502904,615339,4.472842086538889
288788,112438,502926,615364,4.472918408367278
288927,112492,503054,615546,4.471909113536962
288973,112492,503197,615689,4.473180315044625
289062,112544,503372,615916,4.472668467443844
289100,112544,503408,615952,4.472988342337219
289221,112544,503622,616166,4.47488982087006
289577,112749,504240,616989,4.472234787004763
289597,112749,504261,617010,4.472421041428305
289615,112756,504274,617030,4.472258682464791
289661,112774,504361,617135,4.472316314044018
289674,112780,504395,617175,4.472379854584146
289768,112818,504575,617393,4.472468932262582
289922,112955,504843,617798,4.4694170244787745
289936,112955,504867,617822,4.469629498472843
290083,113026,505085,618111,4.468750552970113
290096,113033,505111,618144,4.468703829854998
290125,113042,505216,618258,4.46927690592877
290223,113079,505371,618450,4.469185259862574
290244,113081,505371,618452,4.469106215898338
290401,113129,505675,618804,4.469897197005189
290443,113150,505720,618870,4.469465311533363
290461,113159,505742,618901,4.4693042533072935
290489,113173,505772,618945,4.469016461523508
291542,113173,507477,620650,4.484081892324141
291552,113177,507485,620662,4.483994097740707
291797,113292,507885,621177,4.482973201991315
291814,113303,507926,621229,4.482899834955826
291834,113312,507953,621265,4.482782053092347
291861,113323,507968,621291,4.482479284875974
291901,113334,508136,621470,4.483526567490779
291935,113355,508214,621569,4.483384058929911
292046,113426,508409,621835,4.482296827887786
292894,113720,509641,623361,4.481542384804784
292950,113762,509709,623471,4.4804855751481165
292991,113811,509848,623659,4.479777877358076
293025,113811,509896,623707,4.480199629209831
293048,113820,509906,623726,4.479933227903707
293075,113823,509941,623764,4.480122646565281
293195,113861,510092,623953,4.4799536276688245
293239,113884,510145,624029,4.479514242562607
293413,113949,510562,624511,4.4806185223213895
293524,114010,510772,624782,4.480063152355057
293660,114096,511050,625146,4.4791228439209085
293682,114108,511075,625183,4.478870894240544
293732,114124,511122,625246,4.4786547965371
293828,114194,511426,625620,4.478571553671822
293946,114231,511566,625797,4.478346508390892
293960,114231,511592,625823,4.4785741173586855
294022,114245,511672,625917,4.478725545975754
294090,114262,511705,625967,4.478348007211497
294210,114306,511920,626226,4.4785050653509
294365,114421,512147,626568,4.47598779944241
294436,114436,512236,626672,4.476178824845328
294487,114452,512253,626705,4.4757016041659385
294503,114452,512253,626705,4.4757016041659385
294631,114554,512568,627122,4.474466190617525
294655,114571,512600,627171,4.474081573871224
294911,114700,513269,627969,4.474882301656495
295059,114756,513393,628149,4.473779148802677
295066,114759,513401,628160,4.473731907737084
295360,114925,513853,628778,4.471202958451164
295394,114937,513903,628840,4.471171163332956
295452,114991,514017,629008,4.470062874485829
295499,115028,514103,629131,4.469372674479257
295519,115030,514134,629164,4.469564461444841
295551,115048,514179,629227,4.469256310409568
295575,115055,514204,629259,4.469201686150102
295599,115061,514227,629288,4.4691685279981925
295621,115069,514249,629318,4.469049005379381
295637,115080,514265,629345,4.468760862009037
295644,115089,514272,629361,4.468472225842609
295667,115096,514313,629409,4.468556683116702
295693,115121,514349,629470,4.467898993233207
295747,115160,514476,629636,4.4674887113581105
296025,115311,514742,630053,4.463945330454163
296051,115325,514768,630093,4.463628874918708
296149,115326,515057,630383,4.466096110157293
296952,115367,516962,632329,4.48102143593922
296983,115371,516993,632364,4.481134773903321
297019,115386,517061,632447,4.481141559634618
297064,115399,517118,632517,4.481130685707848
297117,115419,517180,632599,4.480891361041077
297135,115425,517233,632658,4.481117608836907
297944,116094,519520,635614,4.4749944010887726
297966,116103,519566,635669,4.47504371118748
299000,116216,521124,637340,4.484098575067116
299002,116216,521136,637352,4.484201831073174
299018,116231,521171,637402,4.483924254286722
299049,116241,521224,637465,4.483994459786134
299051,116244,521235,637479,4.483973366367296
299237,116363,521504,637867,4.481699509294192
299258,116382,521547,637929,4.4813373202041555
299314,116389,521577,637966,4.481325554820473
299365,116396,521678,638074,4.4819237774493965
299404,116407,521714,638121,4.481809513173606
299422,116407,521724,638131,4.48189541866039
299444,116407,521737,638144,4.482007095793208
299454,116407,521753,638160,4.482144544572062
299486,116415,521838,638253,4.482566679551605
299513,116434,521871,638305,4.482118625143858
299571,116449,521923,638372,4.481987822995475
299681,116549,522137,638686,4.479978378192863
299903,116631,522324,638955,4.478431977776063
299906,116631,522331,638962,4.4784919961245295
302273,117897,526185,644082,4.463090663884577
302277,117897,526191,644088,4.463141555764778
302282,117899,526195,644094,4.463099771838608
302311,117914,526231,644145,4.462837322116118
303080,118334,527816,646150,4.460391772440719
303124,118352,527866,646218,4.460135865891577
303427,118600,528559,647159,4.456652613827993
303438,118600,528571,647171,4.456753794266442
303447,118606,528588,647194,4.456671669224154
303650,118746,528947,647693,4.454440570629748
303761,118778,529257,648035,4.455850410008588
303828,118778,529409,648187,4.457130108269208
303837,118782,529430,648212,4.4571568082706134
303896,118851,529585,648436,4.455873320375933
303905,118853,529601,648454,4.455932959201703
303919,118859,529615,648474,4.45582581041402
303963,118871,529675,648546,4.455880744672797
304140,118935,529840,648775,4.454870307310716
304185,118949,529864,648813,4.454547747353908
304279,118973,530067,649040,4.455355416775235
304340,118993,530149,649142,4.455295689662417
304380,119013,530216,649229,4.455109945972289
304540,119095,530500,649595,4.454427137999076
304580,119122,530630,649752,4.45450882288746
304657,119179,530801,649980,4.45381317178362
304696,119193,530868,650061,4.453852155747401
304716,119193,530913,650106,4.454229694696836
304774,119193,531010,650203,4.455043500876729
308386,120756,535344,656100,4.433270396502037
308387,120756,535346,656102,4.433286958826063
308474,120830,535536,656366,4.4321443350161385
308507,120838,535562,656400,4.432066071931015
308541,120865,535649,656514,4.431795805237249
308645,120898,535836,656734,4.4321328723386655
308717,120931,536041,656972,4.43261860068965
308745,120944,536078,657022,4.432448075142214
308827,120991,536285,657276,4.432437123422403
308857,121007,536335,657342,4.432264249175668
309046,121201,536724,657925,4.428379303801123
309106,121258,536861,658119,4.427427468703096
309118,121283,536902,658185,4.42685289776803
310431,121290,540197,661487,4.4537637068183695
310446,121293,540204,661497,4.45371126116099
310464,121297,540243,661540,4.45388591638705
310484,121310,540277,661587,4.453688896216305
310727,121446,540737,662183,4.452489172142351
310748,121453,540778,662231,4.452570130009139
310758,121458,540786,662244,4.452452699698661
310851,121483,541000,662483,4.453297992311682
311004,121521,541116,662637,4.452859999506258
311391,121672,541540,663212,4.450818594253403
311402,121680,541576,663256,4.450821827744905
311432,121699,541642,663341,4.450669274192886
311438,121702,541650,663352,4.450625297858704
311522,121742,541761,663503,4.450074748238078
311541,121750,541768,663518,4.449839835728953
311568,121773,541813,663586,4.449368907721745
311657,121793,541878,663671,4.449171955695319
311702,121802,541988,663790,4.449746309584407
311904,121822,542062,663884,4.449623220764722
311941,121831,542121,663952,4.449778791933087
311970,121848,542159,664007,4.449469831265183
313821,121863,546176,668039,4.48188539589539
314008,122017,546466,668483,4.478605440225542
314101,122062,546597,668659,4.47802755976471
314123,122091,546636,668727,4.47728333783817
314131,122094,546651,668745,4.477296181630547
314155,122101,546661,668762,4.477121399497138
314183,122111,546686,668797,4.476959487679243
314201,122120,546714,668834,4.476858827382902
314276,122151,546801,668952,4.476434904339711
314363,122165,546899,669064,4.476724102648058
314423,122183,546936,669119,4.476367416088982
314441,122194,546960,669154,4.476160858961978
314454,122201,546983,669184,4.476092666999452
314459,122203,546987,669190,4.476052142746086
314513,122233,547027,669260,4.4752808161462125
314551,122241,547044,669285,4.47512700321496
314584,122254,547087,669341,4.475002862892012
314617,122276,547127,669403,4.474524845431646
314928,122283,547708,669991,4.479019978247181
315049,122312,547875,670187,4.479323369742953
315179,122312,548261,670573,4.482479233435804
315211,122326,548300,670626,4.482285041610123
315228,122341,548344,670685,4.482095127553314
315248,122359,548378,670737,4.481713645910803
315531,122541,548813,671354,4.478607160052554
315581,122555,548877,671432,4.478617763453143
315617,122566,548900,671466,4.478403472414862
315637,122575,548918,671493,4.478221497042627
315741,122625,549040,671665,4.477390417940876
315913,122700,549341,672041,4.4771067644661775
315997,122702,549675,672377,4.479755831200795
316017,122706,549733,672439,4.480082473554676
316121,122776,549915,672691,4.479010555808953
316268,122848,550042,672890,4.477419249804637
316281,122848,550049,672897,4.477476230789268
317759,123006,551787,674793,4.485854348568362
317827,123029,551870,674899,4.485690365686139
317851,123029,551886,674915,4.485820416324606
318115,123103,552512,675615,4.488209060705263
318159,123128,552580,675708,4.487850042232473
318171,123128,552595,675723,4.48797186667533
318188,123135,552613,675748,4.487862914687132
318234,123146,552669,675815,4.487916781706267
318242,123152,552700,675852,4.487949850591139
318504,123394,553277,676671,4.483824172974375
318555,123421,553338,676759,4.483337519546916
318572,123421,553368,676789,4.4835805900130445
319072,123585,553793,677378,4.481069709107092
319141,123620,553893,677513,4.480609933667691
319146,123625,553897,677522,4.480461071789686
319153,123626,553905,677531,4.480489541035057
319186,123633,553960,677593,4.4806807244020606
319455,123633,554476,678109,4.484854367361465
319480,123653,554552,678205,4.484743597001286
320315,123908,555391,679299,4.482285243890629
320636,123931,555769,679700,4.484503473707144
320642,123934,555771,679705,4.484411057498346
320654,123942,555789,679731,4.484266834487099
320732,123982,555853,679835,4.4833362907518834
320825,124022,556130,680152,4.4841237844898485
320855,124031,556162,680193,4.484056405253526
320950,124051,556248,680299,4.484026730941307
320986,124068,556310,680378,4.483912048231615
321020,124105,556370,680475,4.483058700294106
321049,124116,556412,680528,4.482999774404589
321063,124127,556447,680574,4.482884465104289
321078,124142,556486,680628,4.482656957355287
321169,124150,556526,680676,4.482690293999195
321175,124154,556538,680692,4.482642524606537
321219,124176,556609,680785,4.48242011338745
321292,124202,556736,680938,4.482504307499074
321327,124218,556789,681007,4.482353604147547
321363,124234,556831,681065,4.482114397024969
321390,124250,556906,681156,4.482140845070423
321405,124250,556934,681184,4.482366197183099
321479,124286,557117,681403,4.482540270022367
321512,124300,557154,681454,4.482333065164924
321533,124318,557195,681513,4.482013867661964
321617,124339,557360,681699,4.482583903682674
321694,124363,557449,681812,4.4824344861413765
321739,124382,557535,681917,4.4824411892396006
322104,124433,558517,682950,4.48849581702603
323349,124433,560537,684970,4.504729452797891
323379,124442,560649,685091,4.505303675607914
323524,124521,560952,685473,4.504878695159853
323542,124530,560976,685506,4.50474584437485
323587,124576,561061,685637,4.5037647701001795
323963,124751,561519,686270,4.501118227509198
324031,124804,561606,686410,4.499903849235602
324658,125229,562885,688114,4.494845443148153
324712,125271,562977,688248,4.494072850061068
324727,125276,563003,688279,4.494101024936939
324769,125313,563066,688379,4.493276834805647
324836,125325,563127,688452,4.493333333333333
324861,125333,563156,688489,4.49327790765401
324869,125338,563168,688506,4.4931944023360835
324929,125361,563275,688636,4.49322357032889
324984,125365,563313,688678,4.493383320703546
325015,125380,563377,688757,4.493356197160631
325047,125401,563422,688823,4.492962576056012
325051,125407,563433,688840,4.4928353281714735
325064,125411,563440,688851,4.4927478450853595
325069,125417,563448,688865,4.492596697417415
325107,125431,563505,688936,4.492549688673454
325160,125463,563560,689023,4.491842216430342
325203,125489,563599,689088,4.4912223382129115
325247,125500,563732,689232,4.49188844621514
325272,125500,563759,689259,4.492103585657371
325319,125553,563862,689415,4.4910276934840265
325480,125639,564044,689683,4.4894021760759
325619,125639,564044,689683,4.4894021760759
325636,125646,564089,689735,4.489510211228372
325713,125671,564209,689880,4.489571977624114
325781,125698,564288,689986,4.489236105586405
325850,125733,564365,690098,4.488598856306618
325868,125749,564383,690132,4.488170880086521
326800,126010,565392,691402,4.48688199349258
326822,126019,565409,691428,4.486696450535237
326951,126065,565547,691612,4.4861539681910125
326993,126079,565610,691689,4.486155505675013
327030,126100,565637,691737,4.4856225218080885
327063,126110,565651,691761,4.4853778447387205
327631,126110,567042,693152,4.496407897866941
327698,126145,567134,693279,4.495889650798684
328179,126240,568781,695021,4.505552915082383
328262,126306,568880,695186,4.5039823919687105
328269,126311,568883,695194,4.503827853472777
328443,126348,569173,695521,4.50480419159781
328459,126348,569199,695547,4.505009972457024
328545,126388,569424,695812,4.505364433332279
328569,126402,569479,695881,4.505300549041945
329206,126623,570393,697016,4.504655552308822
329237,126635,570411,697046,4.504370829549493
329253,126637,570418,697055,4.5043549673476155
329290,126667,570464,697131,4.503651306180773
329377,126696,570556,697252,4.503346593420471
330387,127366,572231,699597,4.4928081277578
330398,127366,572249,699615,4.492949452758193
330465,127366,572322,699688,4.493522604148674
330707,127508,572691,700199,4.491412303541739
330740,127521,572751,700272,4.491424941774296
330765,127532,572777,700309,4.491241413919644
330802,127539,572832,700371,4.491426152000565
330828,127559,572861,700420,4.490949286212654
330833,127578,572886,700464,4.49047641442882
331088,127659,573093,700752,4.489248701619157
331212,127659,573296,700955,4.490838875441606
331255,127692,573397,701089,4.490469254142781
331277,127704,573435,701139,4.490344859988724
331311,127728,573479,701207,4.489845609420017
331764,128015,574494,702509,4.487708471663477
331766,128015,574494,702509,4.487708471663477
331802,128030,574521,702551,4.487393579629774
331867,128055,574618,702673,4.487274999023857
331882,128062,574633,702695,4.487146850744171
332000,128062,574810,702872,4.488528993768643
332044,128083,574846,702929,4.488074139425216
332077,128099,574908,703007,4.487997564383797
332188,128171,575094,703265,4.486927620132479
332466,128328,575606,703934,4.485427965837541
332475,128336,575625,703961,4.485296409425259
332655,128388,575720,704108,4.484219709007072
332741,128476,575841,704317,4.482090040163143
332766,128488,575906,704394,4.482177323952431
332782,128488,575932,704420,4.482379677479609
332818,128516,575965,704481,4.481659871144449
332827,128521,575977,704498,4.481578885940819
332836,128526,575988,704514,4.481490126511368
333018,128612,576262,704874,4.480623892016297
333032,128619,576280,704899,4.480519985383186
333172,128679,576591,705270,4.480847690765393
333260,128705,576692,705397,4.480727244473797
335659,128736,581843,710579,4.5196603902560275
335691,128752,581859,710611,4.519223002361128
336559,129014,582755,711769,4.516990404142186
336573,129014,582781,711795,4.517191932658471
336581,129021,582785,711806,4.516977856317964
337022,129038,583813,712851,4.524349416450968
337042,129038,583834,712872,4.524512159208915
337089,129047,583929,712976,4.524932776430293
337862,129441,585185,714626,4.520862786906776
337890,129443,585224,714667,4.521094226802531
337920,129458,585303,714761,4.521180614562252
338135,129458,585800,715258,4.525019697508072
338178,129470,585828,715298,4.524816559820808
338531,129587,586447,716034,4.525507959903385
338573,129613,586509,716122,4.525078502927947
338755,129722,586676,716398,4.522563636083317
338756,129722,586678,716400,4.522579053668615
338772,129724,586687,716411,4.5225787055594955
339474,129758,588324,718082,4.53400946377102
339505,129758,588378,718136,4.53442562308297
339572,129770,588405,718175,4.53421437928643
339654,129836,588563,718399,4.533126405619397
339719,129878,588670,718548,4.532484331449514
339809,129918,588760,718678,4.531781585307655
339999,129937,589311,719248,4.535359443422582
340013,129941,589344,719285,4.535473791951732
340181,129965,589583,719548,4.536475204862848
340391,129984,590211,720195,4.54064346381093
341046,130451,591437,721888,4.533786632528689
341064,130468,591464,721932,4.533402826746788
341083,130468,591474,721942,4.533479473893982
341137,130517,591556,722073,4.532405740248397
341191,130535,591649,722184,4.5324932010571874
341226,130542,591730,722272,4.532870646994837
341629,130676,592572,723248,4.534665891211852
341658,130698,592614,723312,4.534223936096956
341659,130698,592616,723314,4.534239238549939
342329,131032,594207,725239,4.53482355455156
342397,131094,594361,725455,4.533853570720247
342482,131153,594532,725685,4.533117808971202
342522,131176,594591,725767,4.532772763310362
342569,131188,594631,725819,4.532663048449553
342589,131198,594711,725909,4.532927331209317
342621,131232,594767,725999,4.53217965130456
342640,131243,594793,726036,4.531997897030699
342673,131258,594849,726107,4.53190662664371
342739,131296,594994,726290,4.531699366317329
342873,131364,595269,726633,4.5314469717730885
343173,131376,595479,726855,4.532631530873219
343368,131434,595673,727107,4.532107369478217
343600,131443,597062,728505,4.542364370867981
344243,131821,598057,729878,4.536887142412818
344567,131822,598623,730445,4.5411463943803
344649,131875,598755,730630,4.540322274881516
344684,131891,598813,730704,4.540211235034991
344703,131891,598828,730719,4.540324965312266
344714,131896,598853,730749,4.540342390974708
344769,131934,598938,730872,4.539678930374278
344893,132084,599163,731247,4.536226946488598
344904,132091,599178,731269,4.536100112801024
344928,132095,599180,731275,4.535977894696998
344981,132120,599289,731409,4.53594459582198
345008,132139,599357,731496,4.535806991122984
345017,132147,599382,731529,4.53572158278281
345077,132159,599541,731700,4.536512836810206
345094,132166,599552,731718,4.536355794985094
345113,132181,599567,731748,4.53595448665088
345337,132278,599805,732083,4.534427493611939
345878,132662,601210,733872,4.5318930816661895
345937,132679,601279,733958,4.531832467835905
345984,132695,601318,734013,4.53157993895776
346019,132714,601401,734115,4.5315565803155655
346326,132714,601999,734713,4.536062510360625
346612,132722,602501,735223,4.539571435029611
346671,132757,602607,735364,4.539173075619365
346975,132903,603001,735904,4.537151155353905
347140,132940,603147,736087,4.5369866105009775
347410,132940,603529,736469,4.539860087257409
349009,133411,605051,738462,4.535240722279272
349010,133411,605053,738464,4.535255713546859
349035,133423,605104,738527,4.535230057786139
349137,133521,605275,738796,4.533182046269875
349193,133539,605393,738932,4.533454646208224
349257,133572,605498,739070,4.533120713922079
349499,133703,605808,739511,4.530997808575724
349540,133717,605817,739534,4.53059072518827
349702,133843,606236,740079,4.529456153851901
349724,133851,606266,740117,4.529409567354745
349785,133892,606346,740238,4.528620081857019
349864,133931,606472,740403,4.528242154542264
349896,133961,606516,740477,4.527556527646106
349961,133996,606694,740690,4.5277023194722235
350116,134010,607024,741034,4.529691814043728
350141,134026,607081,741107,4.529576350857297
350143,134026,607085,741111,4.529606195812753
350146,134026,607094,741120,4.52967334696253
350459,134026,607880,741906,4.535537880709713
350617,134123,608043,742166,4.5334730061212465
350623,134124,608053,742177,4.533513763383138
350695,134176,608170,742346,4.532628786072025
350730,134185,608310,742495,4.533368111189775
350758,134192,608338,742530,4.533340288541791
350806,134227,608446,742673,4.532962816720928
350868,134249,608503,742752,4.532644563460435
350925,134266,608607,742873,4.532845247493781
352478,134429,610283,744712,4.539816557439243
352502,134433,610285,744718,4.539696354317765
352677,134574,610557,745131,4.536961077176869
352751,134575,610636,745211,4.537514397176296
353036,134580,610831,745411,4.538794768910685
353046,134580,610857,745437,4.538987962550156
353152,134636,611166,745802,4.539395109777474
353180,134637,611220,745857,4.539762472425856
353331,134762,611443,746205,4.537206334129799
353353,134772,611472,746244,4.5370848544208
353620,134853,611741,746594,4.536354400717818
353633,134864,611769,746633,4.5361920156602205
353646,134872,611782,746654,4.5360193368527195
353680,134883,611820,746703,4.535931140321612
356019,134914,616860,751774,4.57224602339268
356094,134924,617035,751959,4.573204174201773
356110,134924,617061,751985,4.573396875277934
356121,134924,617071,751995,4.573470991076458
356195,134941,617269,752210,4.574362128633996
356200,134945,617279,752224,4.57430064100189
356216,134945,617305,752250,4.574493312090111
356254,134969,617339,752308,4.573931791744771
356281,134982,617371,752353,4.573728348965047
356334,134988,617459,752447,4.574176963878271
356420,135017,617557,752574,4.573920321144745
356424,135019,617560,752579,4.573874787992801
356458,135029,617600,752629,4.5738322878789
356474,135039,617631,752670,4.5737231466465245
356544,135066,617700,752766,4.573319710363823
356553,135071,617711,752782,4.573231855838781
356600,135097,617779,752876,4.572855059697846
356606,135101,617781,752882,4.572734472727811
356637,135105,617801,752906,4.572747122608342
356661,135126,617832,752958,4.572265885173838
356685,135137,617876,753013,4.572219303373614
356747,135177,618013,753190,4.571879831628162
357157,135352,618496,753848,4.569537206690703
357180,135359,618537,753896,4.569603794354273
357386,135477,618926,754403,4.568495021295128
357450,135488,618983,754471,4.568544815777043
357644,135621,619228,754849,4.565871067165115
357667,135640,619256,754896,4.565437923916249
358119,135648,620080,755728,4.571243217740033
358188,135649,620149,755798,4.571718184431879
358211,135661,620220,755881,4.571837152903193
358266,135693,620307,756000,4.571400145917623
358291,135693,620347,756040,4.571694928994127
358357,135738,620539,756277,4.571593805713949
358406,135748,620634,756382,4.571956861242891
358822,135765,621359,757124,4.576724487165323
358854,135789,621424,757213,4.576394258739662
359197,135789,622006,757795,4.580680320202667
359639,135805,623038,758843,4.5877397739405765
359667,135827,623067,758894,4.587210201211835
359675,135838,623085,758923,4.586971245159676
359685,135838,623113,758951,4.587177373047306
359730,135861,623179,759040,4.5868865973310955
359742,135861,623200,759061,4.5870411670751725
359804,135861,623217,759078,4.587166294963234
359817,135871,623230,759101,4.5869243620787366
359852,135877,623260,759137,4.586942602500791
360213,135952,623551,759503,4.5865526068024005
360213,135952,623551,759503,4.5865526068024005
360268,135976,623641,759617,4.5864049538153795
360361,135993,623904,759897,4.587765546756083
360427,136052,624084,760136,4.587099050363096
360622,136183,624423,760606,4.585175829582253
360731,136268,624551,760819,4.583255056212757
360744,136299,624629,760928,4.582784906712448
360815,136300,624738,761038,4.583550990462216
360936,136302,625095,761397,4.58610291851917
361000,136361,625190,761551,4.584815306429258
361056,136375,625264,761639,4.5848872593950505
361112,136394,625332,761726,4.584747129639133
361173,136463,625502,761965,4.583674695705063
361184,136463,625528,761991,4.583865223540447
361185,136463,625528,761991,4.583865223540447
361211,136470,625550,762020,4.583791309445299
361239,136489,625580,762069,4.583373019071134
361253,136503,625592,762095,4.582990850017948
361524,136503,626705,763208,4.591144516970323
361561,136514,626748,763262,4.591089558580072
361647,136557,626847,763404,4.590368856960829
361847,136676,627182,763858,4.58882320231789
361989,136720,627277,763997,4.588041252194266
362011,136723,627283,764006,4.587984464940061
362040,136746,627313,764059,4.587432173518787
362043,136749,627320,764069,4.587382723091211
362053,136749,627336,764085,4.58749972577496
362086,136761,627418,764179,4.587696784902128
362139,136793,627523,764316,4.587391167676708
362213,136830,627594,764424,4.5866695900021925
362295,136866,627733,764599,4.586478745634416
362360,136899,627821,764720,4.586015967976391
362510,136969,628232,765201,4.586672896786864
362573,136992,628335,765327,4.586654695164681
362591,137004,628373,765377,4.58653032028262
362594,137004,628375,765379,4.586544918396543
362646,137016,628406,765422,4.586369475097799
362664,137016,628416,765432,4.58644245927483
362923,137233,629042,766275,4.583751721524706
362988,137287,629174,766461,4.5829102537020985
363016,137294,629202,766496,4.582880533745102
363030,137318,629255,766573,4.582465517994728
363043,137318,629262,766580,4.582516494560072
363078,137321,629296,766617,4.58266397710474
363130,137349,629343,766692,4.582071948103008
363170,137370,629394,766764,4.581742738589211
363193,137375,629406,766781,4.581663330300273
363462,137375,629922,767297,4.585419472247498
363521,137383,630105,767488,4.5864844995377885
363704,137437,630242,767679,4.585679256677605
363789,137505,630373,767878,4.5843642049380025
363813,137511,630397,767908,4.584338707448858
363881,137528,630510,768038,4.5845936827409695
363920,137539,630573,768112,4.584685071143458
363935,137549,630611,768160,4.584628023468
364807,138084,631998,770082,4.576909707134788
364810,138084,632004,770088,4.576953158946728
364840,138093,632037,770130,4.576893832417284
364862,138099,632055,770154,4.576825320965394
365223,138365,632846,771211,4.573743359953745
365231,138375,632860,771235,4.573514001806685
365354,138437,632992,771429,4.5724192231845535
365441,138445,633047,771492,4.5725522770775395
365461,138451,633079,771530,4.572585246766004
365488,138455,633096,771551,4.572575927196562
365586,138456,633385,771841,4.57463020743052
365662,138500,633514,772014,4.574108303249098
365710,138515,633602,772117,4.5742482763599615
365766,138550,633663,772213,4.573533020570191
366086,138736,634261,772997,4.571711740283704
366088,138738,634264,773002,4.571667459528031
366199,138759,634306,773065,4.571278259428217
366246,138767,634356,773123,4.571375038733993
367307,139146,635686,774832,4.568482026073333
367453,139187,636046,775233,4.569722747095634
367531,139256,636214,775470,4.568664904923307
367569,139271,636259,775530,4.568495953931544
367586,139282,636271,775553,4.568221306414325
367653,139311,636365,775676,4.567945101248286
367703,139367,636435,775802,4.566611895211922
367886,139411,636531,775942,4.565859222012611
367929,139428,636613,776041,4.565890638896061
367972,139470,636660,776130,4.564852656485265
368037,139488,636718,776206,4.564679398944712
368045,139495,636730,776225,4.564536363310513
368084,139508,636813,776321,4.564705966682914
368173,139508,636898,776406,4.565315250738309
368256,139536,637007,776543,4.565180311890838
368276,139539,637025,776564,4.565211159604125
368278,139541,637025,776566,4.5651457277789325
368294,139541,637051,776592,4.5653320529450125
368392,139542,637340,776882,4.567370397443064
368456,139563,637447,777010,4.567449825526823
368553,139618,637572,777190,4.566545860848888
368579,139627,637603,777230,4.566473533055928
368610,139637,637665,777302,4.566590516840092
368634,139646,637688,777334,4.566460908296693
368639,139646,637688,777334,4.566460908296693
368662,139657,637727,777384,4.566380489341745
368805,139713,637932,777645,4.566017478688454
368887,139740,637987,777727,4.565528839272935
368913,139740,637987,777727,4.565528839272935
368983,139805,638192,777997,4.564872500983513
369025,139816,638235,778051,4.5648209074784
369169,139953,638541,778494,4.562538852328996
369205,139969,638599,778568,4.562431681300859
369215,139976,638607,778583,4.5622606732582724
369333,139978,638955,778933,4.564681592821729
369574,139985,639369,779354,4.567410794013644
369803,140066,639812,779878,4.567932260505762
371072,140738,641991,782729,4.561603831232503
371101,140738,642016,782754,4.561781466270659
371106,140739,642019,782758,4.561770369265093
371191,140794,642148,782942,4.560904584002159
371213,140813,642184,782997,4.5605448360591705
371227,140828,642229,783057,4.560378617888488
371363,140836,642999,783835,4.565586923797893
371584,140928,643446,784374,4.565778269754769
371710,140983,643609,784592,4.565153245426753
371806,141045,643809,784854,4.564564500691269
371837,141057,643823,784880,4.564275434753327
371883,141063,643854,784917,4.564301056974544
372028,141075,644092,785167,4.565599858231437
372047,141084,644128,785212,4.565563777607666
372096,141109,644164,785273,4.565010027709076
372321,141181,644449,785630,4.564700632521373
372340,141190,644471,785661,4.564565479141582
372429,141234,644588,785822,4.56397184813855
372559,141235,644973,786208,4.566665486600347
372584,141246,645014,786260,4.566600116109483
372673,141307,645174,786481,4.565761073407545
373155,141340,645698,787038,4.56840243384746
373160,141342,645701,787043,4.568359015720734
373191,141357,645746,787103,4.568192590391703
373220,141367,645767,787134,4.568017995713285
373229,141373,645774,787147,4.567873639238044
373250,141398,645824,787222,4.567419624039944
373477,141400,645859,787259,4.5676025459688825
373490,141400,645866,787266,4.567652050919378
373521,141410,645923,787333,4.567732126440846
373534,141417,645936,787353,4.567597954984196
373595,141417,645978,787395,4.567894948980674
373743,141455,646069,787524,4.567311159025839
373858,141486,646139,787625,4.566805196273836
374217,141749,646935,788684,4.563947541076128
374235,141757,646949,788706,4.563788737064131
374380,141813,647144,788957,4.563361610007545
375122,141973,647492,789465,4.5606699865467375
375155,141986,647554,789540,4.560689082022171
375172,141986,647589,789575,4.560935585198541
375182,141992,647611,789603,4.560897797058989
375191,141999,647637,789636,4.5608560623666365
375345,142077,647918,789995,4.560329961922056
375384,142100,648039,790139,4.560443349753695
375420,142127,648126,790253,4.560189126626186
375595,142248,648388,790636,4.558151959957257
375625,142257,648434,790691,4.558186943349009
375670,142284,648475,790759,4.557610131848978
375735,142313,648586,790899,4.5574613703597
375758,142318,648633,790951,4.557631501285853
375775,142330,648659,790989,4.557429916391484
375829,142388,648812,791200,4.55664803213754
375893,142436,648939,791375,4.556004100087057
375920,142436,648972,791408,4.556235783088545
375955,142439,649056,791495,4.5567295473851965
375979,142449,649108,791557,4.556774705333137
376012,142479,649170,791649,4.556250394795023
376017,142482,649176,791658,4.556196572198593
376093,142511,649299,791810,4.556132509069475
376123,142511,649360,791871,4.556560546203451
376164,142555,649422,791977,4.555589070884921
376202,142578,649505,792083,4.555436322574311
376253,142627,649562,792189,4.554270930468985
376297,142632,649676,792308,4.554910539009479
376323,142641,649717,792358,4.554910579707097
377317,142703,650925,793628,4.56139674709011
377357,142721,650974,793695,4.561164790044913
377408,142760,651029,793789,4.560304006724572
377411,142761,651036,793797,4.560321096097674
377447,142791,651075,793866,4.559636111519634
377535,142798,651126,793924,4.559769744674295
377569,142813,651157,793970,4.5595078879373725
377590,142833,651202,794035,4.559184502180869
377632,142843,651230,794073,4.55906134707336
377651,142856,651259,794115,4.558849470795766
377670,142872,651285,794157,4.558520913824962
377704,142881,651294,794175,4.558296764440338
377722,142881,651304,794185,4.55836675275229
377725,142881,651310,794191,4.558408745739461
377729,142883,651318,794201,4.558400929431773
377740,142883,651333,794216,4.558505910430212
377770,142890,651381,794271,4.5586185177409195
378196,143291,652108,795399,4.550934810979056
378226,143294,652125,795419,4.550958169916395
378403,143425,652440,795865,4.548997734007321
378423,143446,652484,795930,4.548638512053317
378450,143448,652499,795947,4.548679660922425
378451,143448,652502,795950,4.548700574424181
378492,143464,652537,796001,4.548437238610383
378538,143477,652636,796113,4.548715125072311
378545,143480,652647,796127,4.548696682464455
378593,143518,652728,796246,4.548056689753202
378625,143542,652774,796316,4.547616725418345
378651,143550,652823,796373,4.547704632532219
378660,143552,652839,796391,4.5477527307177885
379098,143772,653396,797168,4.544667946470801
379108,143772,653412,797184,4.544779233786829
379130,143782,653437,797219,4.544637019932954
379192,143815,653582,797397,4.544602440635539
379229,143845,653721,797566,4.544620946157322
379254,143857,653790,797647,4.544721494261663
379353,143876,653994,797870,4.545539214323445
379354,143876,653994,797870,4.545539214323445
379757,144170,655137,799307,4.544197822015676
379794,144182,655216,799398,4.544367535475995
380738,144182,657305,801487,4.558856167898906
380865,144229,657400,801629,4.558029245158741
380927,144262,657505,801767,4.5577144362340745
380987,144275,657541,801816,4.5575532836596775
381089,144373,657719,802092,4.555692546390253
381219,144374,658104,802478,4.558327676728497
381244,144381,658161,802542,4.558501464874187
381271,144390,658206,802596,4.558528984001662
381842,144397,659097,803494,4.564478486395147
381972,144398,659482,803880,4.56711311791022
382008,144409,659526,803935,4.567069919464854
382076,144474,659683,804157,4.566101859158049
382844,144877,660649,805526,4.560068195779868
382897,144893,660711,805604,4.559992546223765
382908,144897,660721,805618,4.559935678447449
382964,144915,660798,805713,4.559900631404616
383031,144964,660919,805883,4.559194006787892
383042,144982,660935,805917,4.558738326137037
383248,145069,661498,806567,4.559885295962611
383384,145093,661549,806642,4.559482538785469
383511,145161,661888,807049,4.5596820082529055
383624,145232,662150,807382,4.559256913077008
383643,145252,662183,807435,4.558856332442927
383666,145256,662213,807469,4.5589373244478715
383676,145261,662221,807482,4.558835475454527
383732,145314,662360,807674,4.558129292428809
383733,145316,662363,807679,4.558087203060915
383891,145381,662541,807922,4.557273646487506
383935,145398,662586,807984,4.55705030330541
383962,145421,662618,808039,4.5565496042524805
383995,145430,662745,808175,4.557140892525614
384028,145446,662798,808244,4.557003973983472
384054,145463,662853,808316,4.55684950812234
384108,145474,662899,808373,4.556821150171165
384190,145511,662975,808486,4.556184755791659
384251,145539,663053,808592,4.555844137997375
384271,145539,663110,808649,4.5562357855969875
384300,145557,663141,808698,4.555885323275418
384310,145557,663157,808714,4.555995245848705
385659,145580,664109,809689,4.561814809726611
385737,145598,664534,810132,4.564169837497768
385859,145648,664671,810319,4.563543611996045
385915,145656,664713,810369,4.563581314878893
386087,145696,664948,810644,4.563941357346804
386124,145706,664985,810691,4.563882063882064
386153,145723,665044,810767,4.563754520562986
386212,145776,665165,810941,4.562925310064757
386228,145784,665175,810959,4.562743510947703
386262,145807,665244,811051,4.562496999458188
386296,145819,665307,811126,4.562553576694395
386319,145827,665343,811170,4.56255014503487
386320,145827,665349,811176,4.562591289678866
386349,145839,665367,811206,4.562339291958941
386364,145845,665402,811247,4.5623915801021635
386438,145876,665550,811426,4.562436589980531
386453,145884,665554,811438,4.562213813715006
386473,145884,665575,811459,4.562357763702668
387287,145890,666889,812779,4.571176914113373
387321,145890,666907,812797,4.571300294742614
387380,145922,667011,812933,4.571010539877469
387396,145945,667038,812983,4.57047517900579
387425,145973,667074,813047,4.569845108341954
387477,146012,667129,813141,4.569001177985371
387545,146057,667216,813273,4.568189131640387
387727,146057,667622,813679,4.570968868318533
387733,146058,667634,813692,4.571019731887333
388183,146328,668462,814790,4.568243945109617
388653,146333,669265,815598,4.573575338440406
388808,146443,669644,816087,4.572727955586815
388863,146443,669783,816226,4.573677130351058
388982,146523,669960,816483,4.57238795274462
388987,146524,669967,816491,4.572404520761104
389040,146560,670083,816643,4.5720728711790395
389056,146560,670109,816669,4.572250272925764
389130,146575,670164,816739,4.572157598499062
389156,146591,670199,816790,4.5718973197536
389191,146615,670268,816883,4.571619547795246
389204,146621,670310,816931,4.571718921573308
389250,146675,670409,817084,4.570710755070735
389517,146785,671088,817873,4.571911298838438
389600,146823,671203,818026,4.571511275481362
389630,146846,671242,818088,4.571060839246558
389661,146855,671305,818160,4.571209696639542
389696,146862,671386,818248,4.571543353624491
389717,146873,671424,818297,4.571459696472463
390782,147383,673325,820708,4.568539112380668
390802,147393,673343,820736,4.568351278554612
390852,147404,673453,820857,4.5687566144745055
390895,147430,673499,820929,4.56826290442922
391254,147550,674245,821795,4.569603524229075
391444,147550,674815,822365,4.5734666214842425
391507,147572,674851,822423,4.573028758843141
391523,147581,674884,822465,4.57297348574681
391686,147590,675811,823401,4.578975540348262
391690,147592,675820,823412,4.5789744701609845
391708,147614,675888,823502,4.578752692834013
391832,147656,676202,823858,4.579576854310018
391832,147656,676202,823858,4.579576854310018
392563,148329,678231,826560,4.572477398216128
392587,148334,678309,826643,4.572849110790513
392597,148345,678331,826676,4.572658330243689
393097,148537,679238,827775,4.572853901721457
393158,148569,679367,827936,4.572737246666532
393167,148571,679383,827954,4.572783383028989
393176,148575,679390,827965,4.572707386841662
393222,148614,679482,828096,4.5721264483830595
393413,148684,679861,828545,4.572522934545748
393913,148930,680451,829381,4.568931712885248
393925,148940,680468,829408,4.568739089566268
393938,148944,680477,829421,4.56867681813299
393991,148949,680522,829471,4.568825571168655
394022,148963,680561,829524,4.568657988896572
394124,149052,680905,829957,4.568237930386711
394345,149298,681487,830785,4.564609036959638
394391,149343,681630,830973,4.564191157268837
394440,149344,681645,830989,4.564261034926076
395277,149359,683339,832698,4.5751444506189785
395279,149361,683339,832700,4.57508318771299
395562,149369,684004,833373,4.579290214167599
395571,149371,684020,833391,4.57933601569247
395611,149388,684056,833444,4.579055881329157
395653,149409,684113,833522,4.578793780829803
395761,149444,684182,833626,4.578183132143144
395776,149451,684203,833654,4.578109213053108
395810,149462,684260,833722,4.578153644404598
395864,149494,684338,833832,4.57769542590338
395933,149494,684446,833940,4.5784178629242644
395955,149504,684482,833986,4.578352418664384
395974,149515,684507,834022,4.578182791024312
396017,149532,684555,834087,4.577983307920713
396421,149786,685249,835035,4.574853457599509
396520,149814,685356,835170,4.574712643678161
396562,149835,685444,835279,4.5746587913371375
396593,149835,685493,835328,4.5749858177328395
396792,150001,685839,835840,4.572229518469877
396808,150008,685864,835872,4.572182816916431
396874,150028,685958,835986,4.572199856026875
396912,150054,686035,836089,4.571920775187599
396959,150079,686152,836231,4.571938778909774
397011,150100,686224,836324,4.571778814123918
397051,150133,686345,836478,4.571579865852278
397091,150172,686429,836601,4.570951975068588
397111,150177,686447,836624,4.570919648148518
397140,150188,686474,836662,4.570764641649133
397169,150199,686518,836717,4.570722841030899
397392,150241,686640,836881,4.570257120226835
397415,150258,686667,836925,4.569919738050553
397433,150268,686681,836949,4.569708786967285
397480,150268,686775,837043,4.570334335986371
397639,150278,687092,837370,4.572139634543978
397710,150329,687237,837566,4.571553060287769
397806,150344,687426,837770,4.572354068004044
397826,150358,687447,837805,4.572067997712127
397880,150358,687447,837805,4.572067997712127
397911,150358,687496,837854,4.57239388659067
397925,150362,687529,837891,4.572491719982442
398167,150362,687702,838064,4.5736422766390445
398218,150395,687863,838258,4.573709232354799
398223,150396,687869,838265,4.573718715923296
398243,150413,687894,838307,4.573367993458012
398292,150440,687951,838391,4.572926083488434
398326,150447,687983,838430,4.5729260138121735
398827,150578,688480,839058,4.572248269999601
398861,150595,688516,839111,4.571971180982104
399063,150693,689102,839795,4.57288659725402
399164,150741,689336,840077,4.572982798309684
399200,150754,689393,840147,4.572966554784616
399245,150782,689460,840242,4.572561711610139
399364,150838,689804,840642,4.573144698285578
399624,150904,690470,841374,4.575557970630334
399696,150917,690660,841577,4.576422801937489
399726,150947,690745,841692,4.576076371176638
399735,150947,690757,841704,4.576155869278621
399805,150949,690839,841788,4.576638467296902
399815,150957,690846,841803,4.576442298137881
399905,151002,691254,842256,4.577780426749315
399940,151011,691393,842404,4.578428061531941
399977,151023,691444,842467,4.578401965263569
400006,151028,691464,842492,4.5783828164313904
400400,151036,691978,843014,4.5815434730792655
400885,151368,693088,844456,4.578827757518102
400893,151371,693103,844474,4.578836104669983
400925,151386,693157,844543,4.578739117223521
401084,151488,693531,845019,4.578125
401106,151492,693562,845054,4.578208750297045
401136,151513,693596,845109,4.577798604740187
401165,151531,693633,845164,4.577498993605269
401170,151539,693647,845186,4.577349725153261
401323,151539,693801,845340,4.578365965197078
401345,151541,693805,845346,4.578331936571621
401376,151551,693890,845441,4.578590705439093
401480,151603,694090,845693,4.578339478770209
401744,151705,694514,846219,4.578056095712073
401776,151722,694567,846289,4.577892461211953
401784,151725,694589,846314,4.577946943483275
401948,151811,695088,846899,4.578640546468964
402000,151841,695251,847092,4.578809412477526
402214,151885,695368,847253,4.578253283734404
402221,151890,695387,847277,4.5782276647573905
402271,151907,695455,847362,4.578162954965867
402344,151949,695550,847499,4.57752272143943
402366,151954,695575,847529,4.577536622925359
402434,152003,695700,847703,4.576883350986494
402451,152029,695743,847772,4.576383453156963
402907,152235,696237,848472,4.573435806483397
402923,152235,696263,848498,4.573606595066837
402926,152235,696272,848507,4.573665714191875
402977,152257,696334,848591,4.573412059872452
403003,152264,696413,848677,4.573720643093575
403166,152341,696632,848973,4.572846443176821
403194,152350,696671,849021,4.572832294059731
403274,152370,696745,849115,4.572717726586599
403462,152427,697069,849496,4.573133368760128
403480,152431,697097,849528,4.5731970530928745
403564,152470,697189,849659,4.57263068144553
403574,152470,697205,849675,4.572735620121991
403615,152483,697226,849709,4.572483489962815
403670,152499,697318,849817,4.572607033488744
403745,152561,697515,850076,4.572040036444439
404056,152744,697908,850652,4.569135285183052
404232,152820,698155,850975,4.568479256641801
404258,152837,698199,851036,4.568258994876895
404337,152878,698351,851229,4.5680281008385775
404384,152908,698443,851351,4.567733539121563
404403,152917,698484,851401,4.567732822380768
404613,152971,698850,851821,4.5685129861215525
404753,153103,698981,852084,4.565429808690881
404795,153114,699027,852141,4.56540224930444
404944,153223,699244,852467,4.5635707432957195
404977,153223,699278,852501,4.563792642096813
404982,153225,699286,852511,4.5637852830804375
404992,153231,699316,852547,4.56380236375146
405028,153231,699357,852588,4.564069933629618
405042,153243,699393,852636,4.5639474560012525
405235,153320,699495,852815,4.562320636577094
405284,153371,699543,852914,4.561116508335996
405309,153378,699603,852981,4.5612995344834335
405379,153429,699803,853232,4.561086887094357
405396,153435,699837,853272,4.561130120246358
405429,153439,699854,853293,4.561122009397871
405442,153443,699912,853355,4.561381099170376
405448,153448,699919,853367,4.561278087690944
405534,153512,700067,853579,4.560340559695659
405632,153512,700189,853701,4.561135285840846
405794,153667,700536,854203,4.5587927141155875
406145,153792,700950,854742,4.557779338327091
406161,153792,700963,854755,4.557863868081565
406964,153792,702909,856701,4.570517322097379
406996,153798,702946,856744,4.570579591412112
407008,153807,702986,856793,4.5705722106276045
407067,153825,703077,856902,4.570628961482204
407196,153851,703199,857050,4.570649524539977
407515,153965,703637,857602,4.570110089955509
407532,153971,703666,857637,4.570120347338135
411292,154132,709604,863736,4.603872005813199
411350,154172,709763,863935,4.603708844666995
411391,154205,709838,864043,4.603210012645504
411413,154215,709867,864082,4.603099568783841
411437,154222,709892,864114,4.6030527421509255
411466,154233,709921,864154,4.602912476577646
411504,154236,710012,864248,4.603412951580695
412173,154542,711172,865714,4.601804040325607
412263,154580,711329,865909,4.601688446112045
412396,154604,711404,866008,4.601459211922072
412412,154609,711409,866018,4.601342742013725
412455,154630,711504,866134,4.601332212377934
412473,154634,711551,866185,4.60151713077331
412495,154636,711555,866191,4.6014834837942
412924,154792,712233,867025,4.601226161558737
412965,154813,712280,867093,4.600905608702112
412978,154816,712288,867104,4.600868127325341
412998,154827,712322,867149,4.600760849205888
413036,154827,712432,867259,4.601471319601878
413127,154850,712505,867355,4.601259283177268
413150,154852,712516,867368,4.601270890915196
413337,154937,712793,867730,4.600534410760503
413498,154996,713121,868117,4.6008993780484655
413514,155007,713136,868143,4.600669647177225
413530,155021,713171,868192,4.600479934976551
413641,155082,713367,868449,4.599934228343715
413663,155102,713404,868506,4.599579631468324
413685,155115,713438,868553,4.599413338490797
413743,155133,713522,868655,4.5994211418589215
413803,155170,713750,868920,4.599793774569827
413825,155181,713779,868960,4.599654596890083
413875,155187,713821,869008,4.599747401522035
413902,155201,713877,869078,4.599693300945225
413932,155224,713903,869127,4.599179250631345
414197,155347,714236,869583,4.597681319883873
414489,155472,714612,870084,4.596403210867551
414586,155503,714724,870227,4.596207147128994
414646,155503,714816,870319,4.596798775586323
414733,155532,715002,870534,4.597137566545792
414808,155575,715126,870701,4.596663988430017
414863,155636,715241,870877,4.595601274769334
414903,155644,715317,870961,4.5958533576623575
415078,155661,715439,871100,4.596135191216811
415089,155661,715449,871110,4.5961994333840845
415156,155729,715594,871323,4.59512358006537
415608,155729,716425,872154,4.600459773067316
415706,155736,716593,872329,4.601331740894848
415757,155760,716726,872486,4.601476630713919
415914,155760,716905,872665,4.60262583461736
416014,155778,717150,872928,4.603666756538151
416168,155911,717573,873484,4.60245268133743
416258,155941,717658,873599,4.60211233735836
416315,155969,717742,873711,4.6018247215792885
416604,156016,718120,874136,4.602861245000513
417217,156296,718937,875233,4.599842606336694
417288,156296,719064,875360,4.6006551671188
417303,156304,719071,875375,4.600464479475893
417312,156310,719079,875389,4.600339069797198
417330,156310,719132,875442,4.600678139594396
417368,156310,719189,875499,4.601042799564967
417396,156317,719236,875553,4.601137432269043
417990,156317,720845,877162,4.611430618550766
418101,156317,721060,877377,4.612806028774862
418140,156335,721076,877411,4.612377266766879
418151,156342,721086,877428,4.612234716199102
418319,156365,721501,877866,4.614210341188885
418459,156448,721783,878231,4.613564890570669
418631,156514,721934,878448,4.612584177773234
420428,157468,724585,882053,4.601474585312571
420455,157476,724612,882088,4.601412278696436
420475,157480,724632,882112,4.601422402844806
420531,157509,724685,882194,4.6009116939349495
420646,157547,724886,882433,4.601077773616762
420682,157551,725003,882554,4.6017035753502045
420713,157570,725039,882609,4.601377165704132
420742,157589,725116,882705,4.601311005209754
420772,157603,725142,882745,4.6010672385677935
421036,157603,725811,883414,4.605312081622812
421781,157938,726971,884909,4.602888475224455
421838,157962,727026,884988,4.602537319102063
421853,157962,727034,884996,4.60258796419392
421921,157993,727155,885148,4.602450741488547
422198,158134,727722,885856,4.601932538227073
422198,158134,727722,885856,4.601932538227073
422338,158134,728087,886221,4.604240707248283
422369,158143,728164,886307,4.60446557862188
422383,158143,728190,886333,4.604629986784113
422601,158143,728794,886937,4.608449314860601
422613,158149,728820,886969,4.6084388772613165
423099,158436,729700,888136,4.605645181650635
423204,158504,729888,888392,4.604855397971029
423240,158533,729943,888476,4.6043599755256
423350,158589,730032,888621,4.603295310519645
423472,158610,730163,888773,4.60351175840111
423813,158657,730795,889452,4.606131465992676
423964,158736,731009,889745,4.605187229109969
423992,158747,731047,889794,4.605107498094452
424013,158751,731075,889826,4.605167841462416
424181,158804,731300,890104,4.605047731795169
424192,158804,731312,890116,4.605123296642402
424263,158825,731439,890264,4.6053140248701405
424348,158898,731624,890522,4.604362547042757
424371,158903,731660,890563,4.604444220688093
424455,158937,731762,890699,4.604100995992122
424540,159010,731938,890948,4.603094145022325
424551,159010,731961,890971,4.603238790013207
424673,159074,732215,891289,4.602983517105247
424723,159106,732367,891473,4.603013085615879
424808,159141,732564,891705,4.603238637434727
424883,159180,732685,891865,4.602870963688906
424903,159194,732708,891902,4.602610651155194
424919,159203,732748,891951,4.602601709766776
425031,159300,733015,892315,4.601475204017577
425052,159312,733033,892345,4.601241588831978
425113,159335,733118,892453,4.60111086704114
425163,159377,733212,892589,4.600488150736932
425410,159377,733567,892944,4.602715573765349
425638,159512,733906,893418,4.600945383419429
425732,159552,733974,893526,4.600218110709988
425732,159567,734004,893571,4.599973678768166
426000,159712,734397,894109,4.598258114606291
426028,159726,734431,894157,4.598067941349561
426058,159733,734450,894183,4.597985388116419
426068,159737,734460,894197,4.597932852125681
426286,159813,734588,894401,4.596547214557013
426308,159824,734612,894436,4.596381019121033
426428,159909,734837,894746,4.595344852384794
426459,159918,734872,894790,4.5953050938606035
426507,159930,734947,894877,4.595429250297005
426583,159953,735008,894961,4.595149825261171
426590,159954,735012,894966,4.595146104505045
426617,159987,735056,895043,4.594473300955703
426725,160051,735236,895287,4.5937607387645185
426849,160051,735592,895643,4.59598502977176
426854,160051,735603,895654,4.596053757864681
427049,160051,735890,895941,4.5978469362890575
427079,160067,735922,895989,4.597587260334735
427540,160071,737122,897193,4.604969044986287
427549,160073,737142,897215,4.605036452118721
427627,160113,737406,897519,4.605534841018531
427718,160175,737603,897778,4.604982050881848
427741,160180,737639,897819,4.6050630540641775
427766,160180,737660,897840,4.605194156573854
427815,160195,737736,897931,4.6052373669590185
427850,160218,737760,897978,4.604726060742239
427877,160218,737828,898046,4.6051504824676375
427935,160249,737905,898154,4.604740123183296
427951,160264,737928,898192,4.604452653122348
427984,160264,737959,898223,4.604646083961463
428035,160284,737998,898282,4.604314841156946
428123,160340,738173,898513,4.603798178869901
428125,160340,738176,898516,4.6038168891106395
428150,160353,738201,898554,4.603599558474117
428233,160410,738347,898757,4.602873885667976
428278,160410,738347,898757,4.602873885667976
428312,160425,738395,898820,4.602742714664173
428352,160435,738466,898901,4.602898370056409
428368,160435,738492,898927,4.603060429457413
428385,160444,738513,898957,4.602933110618035
428387,160446,738518,898964,4.602906897024544
428392,160446,738518,898964,4.602906897024544
428432,160472,738723,899195,4.60343860611197
428491,160509,738781,899290,4.602738787233115
428540,160526,738850,899376,4.602681185602332
428562,160539,738897,899436,4.602601237082578
428588,160556,738947,899503,4.602425322006029
428707,160605,739095,899700,4.601942654338283
428716,160610,739115,899725,4.601923915073781
428720,160612,739118,899730,4.601885288770453
428723,160614,739125,899739,4.6018715678583435
428747,160625,739169,899794,4.601830350194552
429007,160625,739487,900112,4.603810116731517
429015,160627,739491,900118,4.6037776961532
429040,160638,739507,900145,4.603562046340218
429106,160676,739611,900287,4.603120565610297
429181,160710,739764,900474,4.603098749299981
429522,160710,740443,901153,4.607323750855579
429567,160745,740511,901256,4.606743600111979
429598,160762,740572,901334,4.606635896542715
429627,160774,740591,901365,4.606410240461766
429967,160917,741000,901917,4.604858405264826
430033,160962,741129,902091,4.604372460580758
430063,160975,741172,902147,4.604267743438422
430064,160975,741174,902149,4.604280167727908
430082,160991,741219,902210,4.604102092663565
430116,160998,741274,902272,4.60424353097554
430174,161033,741350,902383,4.603714766538536
430219,161039,741411,902450,4.603922031309186
430226,161044,741423,902467,4.603853605225901
430269,161060,741499,902559,4.603868123680616
430307,161078,741561,902639,4.603738561442283
430360,161098,741611,902709,4.603477386435586
430381,161112,741633,902745,4.603213913302548
431148,161333,742688,904021,4.603447527784148
432019,161333,742923,904256,4.604904142363931
432035,161333,742949,904282,4.605065299721693
432066,161341,742983,904324,4.605047694014541
432136,161400,743109,904509,4.60414498141264
432151,161405,743118,904523,4.604058114680462
432180,161422,743173,904595,4.603913964639268
432303,161486,743384,904870,4.603395960021302
432314,161486,743394,904880,4.603457884894047
432322,161490,743399,904889,4.603374821970401
432323,161491,743405,904896,4.6033834702862695
434622,161592,748246,909838,4.6304643794247236
435123,161948,749211,911159,4.626244226541853
435141,161960,749231,911191,4.626024944430724
435143,161962,749236,911198,4.625998691050987
435171,161965,749247,911212,4.625980921804094
435302,161980,749466,911446,4.626904556118039
435330,161995,749506,911501,4.626723047007624
435368,162008,749529,911537,4.626493753394894
435498,162092,749649,911741,4.624836512597784
436051,162395,750643,913038,4.622328273653745
437609,163085,754049,917134,4.623656375509704
437645,163103,754096,917199,4.62343427159525
437651,163108,754139,917247,4.623556171371116
437689,163116,754195,917311,4.623672723705829
437709,163125,754238,917363,4.62368122605364
437750,163129,754387,917516,4.624481238774222
437805,163146,754452,917598,4.6243977786767685
437831,163165,754508,917673,4.624202494407502
437950,163242,754695,917937,4.6231668320652775
437983,163249,754720,917969,4.623121734283211
438226,163264,755119,918383,4.625140876127009
438282,163285,755152,918437,4.624748139755642
438367,163337,755354,918691,4.624512510943632
438458,163343,755492,918835,4.625187488903718
438767,163358,755923,919281,4.627401167986876
438893,163435,756306,919741,4.6275644751736165
438915,163442,756327,919769,4.627494768786481
438952,163443,756401,919844,4.627919213426088
439236,163473,756567,920040,4.628085371896277
439258,163481,756584,920065,4.627962882536808
439286,163494,756640,920134,4.627937416663609
439570,163502,757309,920811,4.631802669080501
439752,163547,757584,921131,4.632209701186815
439791,163562,757611,921173,4.631949963928052
440328,163597,758185,921782,4.634467624711944
440444,163638,758338,921976,4.634241435363424
440445,163638,758340,921978,4.634253657463425
440458,163645,758364,922009,4.634202083778912
440548,163685,758432,922117,4.633485047499771
440590,163699,758484,922183,4.633406434981277
440730,163699,758747,922446,4.6350130422299465
440801,163748,758853,922601,4.634273395705597
440918,163817,759323,923140,4.635190486945799
440927,163821,759339,923160,4.635174977566979
441063,163905,759697,923602,4.634983679570483
441244,163925,759866,923791,4.635449138325454
441581,163992,760208,924200,4.635640762964047
441620,164004,760226,924230,4.635411331430941
441673,164026,760319,924345,4.635356589808933
441707,164042,760343,924385,4.635050779678375
441813,164147,760542,924689,4.63329820222118
441834,164162,760596,924758,4.633203786503576
441896,164228,760736,924964,4.632194266507538
442019,164283,760875,925158,4.631489563740618
442140,164317,761016,925333,4.631389326728215
442270,164399,761512,925911,4.632096302288943
442448,164463,761914,926377,4.632738062664551
442450,164463,761919,926382,4.632768464639463
442510,164470,761979,926449,4.63293609776859
442528,164488,762021,926509,4.632684451145372
442653,164538,762385,926923,4.633488920492531
442742,164575,762675,927250,4.634209327054535
442810,164627,762833,927460,4.633705285281272
442839,164636,762852,927488,4.633567385019072
442891,164665,762921,927586,4.6331703762183825
443027,164673,763171,927844,4.634463451810558
443120,164726,763250,927976,4.633451914087637
443122,164726,763252,927978,4.633464055461797
443125,164726,763261,927987,4.633518691645521
443134,164726,763265,927991,4.633542974393842
443146,164738,763287,928025,4.633338998895216
443166,164749,763312,928061,4.633181385015994
443216,164789,763399,928188,4.632584699221429
443680,164806,763917,928723,4.635249930220987
443706,164822,763956,928778,4.635036584921916
443758,164828,763984,928812,4.635037736306938
443807,164883,764097,928980,4.6341769618456725
443872,164898,764135,929033,4.6339858579242925
443932,164907,764166,929073,4.633920937255544
443986,164907,764166,929073,4.633920937255544
444016,164916,764216,929132,4.633971233840258
444040,164923,764245,929168,4.633950388969398
444177,164978,764406,929384,4.633381420553043
444188,164978,764432,929410,4.633539017323522
444278,165038,764620,929658,4.6329936135920216
445286,165085,765817,930902,4.6389254020656026
445329,165089,765827,930916,4.638873577282557
445375,165098,765935,931033,4.639274854934645
445886,165484,767402,932886,4.637318411447632
446075,165557,767617,933174,4.6365722983624975
446099,165571,767642,933213,4.636331241582161
446158,165571,767718,933289,4.636790259163742
446172,165579,767736,933315,4.636674940662766
446192,165583,767765,933348,4.636738070937234
446216,165591,767791,933382,4.636671075118817
446230,165591,767793,933384,4.636683153069913
446273,165622,767870,933492,4.636280204320682
446326,165628,767963,933591,4.6366737508150795
446356,165638,767995,933633,4.636587015056931
446465,165748,768244,933992,4.635012187175713
446576,165748,768282,934030,4.635241450877236
446700,165813,768460,934273,4.634497898234758
446708,165813,768478,934291,4.634606454258713
446717,165823,768494,934317,4.634423451511552
446752,165830,768583,934413,4.6347645178797565
446769,165835,768596,934431,4.634703168812374
446821,165866,768725,934591,4.634614688965792
446849,165887,768762,934649,4.634251026301036
446858,165889,768777,934666,4.634285576499948
446976,165957,768965,934922,4.633519526142314
447014,165971,769031,935002,4.63352633893873
447025,165978,769035,935013,4.6333550229548495
447140,166073,769219,935292,4.6318125161826424
447220,166095,769330,935425,4.631867304855655
447244,166106,769369,935475,4.63179535958966
447292,166144,769406,935550,4.630958686440678
450967,166158,775363,941521,4.6664199135762345
450991,166174,775398,941572,4.666181231720967
451002,166174,775408,941582,4.666241409606798
451009,166178,775410,941588,4.666141125780789
451029,166188,775433,941621,4.66599874840542
451072,166208,775485,941693,4.665750144397381
451085,166210,775514,941724,4.665868479634198
451098,166213,775524,941737,4.665844428534471
451167,166274,775675,941949,4.665040836210111
451199,166295,775726,942021,4.664758411257103
451223,166295,775747,942042,4.6648846928650896
451225,166295,775752,942047,4.66491475991461
451243,166295,775762,942057,4.664974894013651
451244,166296,775765,942061,4.6649648818973395
451558,166471,776337,942808,4.663496945413916
451572,166476,776352,942828,4.663446983348951
451574,166477,776353,942830,4.663424977624537
451622,166500,776438,942938,4.663291291291292
451682,166515,776472,942987,4.663075398612738
451698,166522,776489,943011,4.6629814679141495
451719,166554,776540,943094,4.662391776841145
451804,166562,780039,946601,4.6831750339213025
451952,166617,780216,946833,4.682691442049731
451964,166628,780256,946884,4.682622368389467
451994,166628,780290,946918,4.682826415728449
452069,166684,780448,947132,4.682201051090686
452366,166835,780863,947698,4.680450744747804
452390,166843,780895,947738,4.680418117631546
454205,166872,783429,950301,4.694790018696965
454415,166929,783678,950607,4.6946785759214995
454544,166971,784054,951025,4.6957495613010645
455876,167508,787314,954822,4.700157604412923
455936,167529,787420,954949,4.700201159202288
456036,167563,787556,955119,4.700059082255629
456075,167563,787592,955155,4.700273926821554
456210,167652,788167,955819,4.701208455610431
456392,167802,788526,956328,4.6991454213894945
457815,168453,791047,959500,4.695950799332752
457824,168453,791066,959519,4.696063590437689
457837,168462,791087,959549,4.695937362728687
457864,168472,791109,959581,4.695789211263593
457899,168489,791145,959634,4.695529084984776
457924,168514,791187,959701,4.695081714278932
457959,168528,791235,959763,4.694976502420963
457973,168539,791278,959817,4.69492521018874
458041,168568,791369,959937,4.694657348963029
458078,168579,791403,959982,4.69455270229388
458515,168868,792142,961010,4.690894663287302
458571,168885,792241,961126,4.691008674541848
458588,168896,792264,961160,4.690839333080713
458600,168901,792280,961181,4.690795199554769
458615,168909,792316,961225,4.690786162963489
458619,168911,792320,961231,4.690754302561704
458625,168915,792335,961250,4.69073202498298
458643,168931,792365,961296,4.690465337919032
458690,168963,792429,961392,4.689955789137267
458723,168969,792444,961413,4.689878024963159
458747,168978,792466,961444,4.689758430091492
458795,169011,792498,961509,4.6890320748353655
458914,169045,792599,961644,4.688686444437872
458915,169045,792601,961646,4.688698275607087
458919,169045,792603,961648,4.688710106776302
458940,169056,792622,961678,4.688517414347908
458952,169060,792655,961715,4.6886016798769665
458967,169063,792699,961762,4.688778739286538
458976,169063,792699,961762,4.688778739286538
459003,169071,792780,961851,4.689035967138066
459018,169078,792800,961878,4.688960124912763
459070,169095,792873,961968,4.688920429344451
459098,169103,792903,962006,4.688876010478821
459155,169108,793057,962165,4.689648035574899
459171,169108,793083,962191,4.689801783475649
459204,169129,793129,962258,4.689491453269398
459217,169133,793137,962270,4.6894278467241755
459507,169177,793360,962537,4.689526354055221
459543,169187,793391,962578,4.689432403198827
459607,169207,793430,962637,4.689108606617929
459618,169215,793446,962661,4.688981473273646
459625,169216,793450,962666,4.688977401664145
459691,169246,793515,962761,4.688530304999823
459768,169265,793576,962841,4.68836439901929
459793,169283,793655,962938,4.688332555543084
460170,169457,794139,963596,4.686374714529349
460212,169472,794171,963643,4.686148744335347
460226,169478,794199,963677,4.686148054614758
460399,169478,794199,963677,4.686148054614758
460412,169487,794213,963700,4.68598181571448
460468,169520,794274,963794,4.685429447852761
460561,169564,794416,963980,4.685051072161544
461120,169564,795999,965563,4.694386780212781
461316,169642,796193,965835,4.693371924405513
461340,169651,796219,965870,4.693276196426782
461434,169694,796361,966055,4.69292373330819
461440,169698,796370,966068,4.692866150455515
461552,169779,796517,966296,4.691493058623269
461577,169797,796545,966342,4.691160621212389
461624,169805,796556,966361,4.69100438738553
461681,169828,796659,966487,4.690975575287938
461769,169906,796810,966716,4.689710781255518
461820,169932,796853,966785,4.689246286749994
461861,169958,796939,966897,4.689034938043517
461895,169969,796954,966923,4.688819725950026
461934,169981,797058,967039,4.689100546531671
462009,170087,797322,967409,4.687730396796933
462266,170096,797645,967741,4.689381290565327
462292,170102,797688,967790,4.689468671738133
462301,170103,797712,967815,4.689582194317561
462534,170225,798738,968963,4.692248494639448
462547,170234,798747,968981,4.692053291351904
462572,170252,798784,969036,4.691774545967155
462573,170254,798796,969050,4.691789913893359
462624,170272,798887,969159,4.691828368727683
462817,170272,798981,969253,4.692380426611539
462843,170284,799013,969297,4.692237673533626
462914,170284,799209,969493,4.693388691832468
462917,170284,799218,969502,4.693441544713537
463015,170333,799349,969682,4.692860455695608
463185,170458,799531,969989,4.6904868061340625
463334,170522,799752,970274,4.690022401801527
463614,170723,800309,971032,4.687763218781301
463672,170762,800414,971176,4.687307480587016
463706,170781,800497,971278,4.687272003325897
463733,170798,800546,971344,4.687092354711414
463767,170812,800568,971380,4.686836990375383
463836,170848,800730,971578,4.6867976212773925
463971,170906,800892,971798,4.686154962376979
464078,170913,800989,971902,4.686530574034743
464165,170936,801054,971990,4.686280245237984
464222,170977,801148,972125,4.685706264585295
464260,170977,801254,972231,4.6863262310135285
464299,170988,801312,972300,4.686363955365289
464314,170988,801312,972300,4.686363955365289
464731,171181,802082,973263,4.685578422838983
464868,171215,802311,973526,4.685985456881698
465011,171290,802504,973794,4.685060423842606
465172,171305,802876,974181,4.6868217506786145
465261,171338,802954,974292,4.686374301089075
465300,171350,803013,974363,4.6863904289466
465398,171369,803201,974570,4.686967888007749
465433,171379,803241,974620,4.686927803289785
465466,171379,803300,974679,4.687272069506766
465474,171384,803312,974696,4.687205340055081
465498,171393,803341,974734,4.6871284124789225
465539,171405,803386,974791,4.6870628044689475
465812,171445,803531,974976,4.6868150135612
465896,171456,803652,975108,4.687220044792833
465909,171474,803667,975141,4.686815493894118
466077,171600,803993,975593,4.685273892773893
466083,171600,804009,975609,4.685367132867133
466101,171607,804033,975640,4.6853158670683595
466187,171607,804175,975782,4.686143339141177
466225,171616,804213,975829,4.686119009882528
466247,171616,804218,975834,4.686148144695133
466266,171631,804243,975874,4.685884251679475
466482,171714,804522,976236,4.685244068625738
466861,171822,804704,976526,4.683358359232229
466871,171826,804729,976555,4.6833948296532535
467043,171845,804902,976747,4.683883732433298
467055,171859,804921,976780,4.6836127290395035
467331,171961,805216,977177,4.682550113107042
467343,171967,805239,977206,4.682520483581152
467672,172020,805530,977550,4.682769445413324
467847,172074,805664,977738,4.682078640584865
467940,172098,805713,977811,4.681710420806749
468222,172174,805964,978138,4.6811016762112745
468267,172203,806022,978225,4.680650162889148
468310,172214,806118,978332,4.680908636928473
468321,172226,806162,978388,4.680837968715525
468333,172232,806185,978417,4.680808444423801
468363,172255,806266,978521,4.68065368204116
468411,172271,806361,978632,4.680770414056922
468423,172284,806416,978700,4.680736458405888
468441,172292,806469,978761,4.680826736006315
468495,172327,806595,978922,4.680607217673376
468539,172357,806663,979020,4.680187053615461
468572,172362,806692,979054,4.6802195379492
469194,172892,808087,980979,4.6739409573606645
469243,172902,808183,981085,4.674225862049022
469495,173092,808760,981852,4.672428535114275
469505,173092,808760,981852,4.672428535114275
470023,173303,809864,983167,4.673110101960151
470582,173303,811447,984750,4.682244392768735
470603,173310,811485,984795,4.682274536956898
470645,173345,811592,984937,4.681946407453345
470731,173404,811695,985099,4.680947382990012
470755,173408,811716,985124,4.680960509319062
471287,173640,812802,986442,4.680960608154803
471433,173685,812956,986641,4.680634481964476
471470,173703,813031,986734,4.680581221970836
471535,173757,813169,986926,4.679920808945827
471544,173759,813184,986943,4.679953268607669
471573,173761,813199,986960,4.679985727522286
471700,173810,813289,987099,4.679184166618722
471794,173867,813455,987322,4.678604910650095
471850,173867,813647,987514,4.679709203011497
471872,173880,813665,987545,4.6794628479411084
472042,173892,813998,987890,4.681054907643825
472130,173899,814040,987939,4.6811079994709575
472555,174102,814842,988944,4.680256401419857
472586,174127,814896,989023,4.679894559717907
472603,174135,814917,989052,4.679800155052114
472655,174171,815034,989205,4.6795046247653165
472675,174171,815049,989220,4.679590747024476
472752,174207,815245,989452,4.6797488045830535
472799,174219,815367,989586,4.680126737037866
472834,174256,815499,989755,4.679890505922321
472954,174357,815699,990056,4.678326651640026
473039,174392,815776,990168,4.677829258222855
473083,174421,815832,990253,4.677372564083453
473154,174451,816024,990475,4.6776688009813645
473186,174451,816072,990523,4.677943949877043
473279,174530,816322,990852,4.677258923967226
473291,174530,816322,990852,4.677258923967226
473315,174538,816344,990882,4.6771705874938405
473365,174559,816443,991002,4.677175052561025
473372,174559,816448,991007,4.677203696171495
473393,174576,816482,991058,4.676942993309504
473675,174576,816758,991334,4.678523966639172
473743,174617,816876,991493,4.67810121580373
473785,174643,816939,991582,4.677765498760328
473829,174670,816998,991668,4.677380202667888
473857,174688,817048,991736,4.677184466019417
473889,174694,817145,991839,4.677579081136158
473954,174726,817227,991953,4.6771917173174
473990,174743,817272,992015,4.676994214360518
474037,174757,817294,992051,4.6767454236454045
474070,174766,817341,992107,4.67677351429912
474105,174777,817415,992192,4.676902567271437
474307,174777,817509,992286,4.677440395475378
474518,174910,817806,992716,4.675581727745698
474585,174965,817935,992900,4.674849255565399
474653,174965,817977,992942,4.6750893035750005
474681,174972,817996,992968,4.675010858880278
474691,174972,818006,992978,4.675068010881741
474746,174991,818132,993123,4.675280442994211
475830,175520,819713,995233,4.670197128532361
475852,175526,819749,995275,4.670242585144082
476038,175607,820005,995612,4.669546202600124
476270,175762,820408,996170,4.667721122882079
476281,175767,820430,996197,4.667713507086085
476446,175899,820703,996602,4.6657627388444505
476450,175899,820705,996604,4.665774109005736
476524,175922,820818,996740,4.665806436943646
476640,175966,821016,996982,4.665764977325165
476642,175970,821029,996999,4.665732795362846
476938,176141,821688,997829,4.6649445614592855
477003,176169,821741,997910,4.664503970619122
477144,176244,821974,998218,4.663841038560178
477195,176263,822065,998328,4.663854580938711
477301,176314,822251,998565,4.663560465986819
477308,176318,822264,998582,4.663528397554419
477337,176337,822337,998674,4.663439890663899
477745,176343,823438,999781,4.669524733048661
477821,176388,823586,999974,4.669172506066173
477824,176388,823592,999980,4.669206521985623
477928,176426,823660,1000086,4.668586262795733
478008,176447,823795,1000242,4.668795729029114
479006,176452,824994,1001446,4.675458481626731
479032,176476,825019,1001495,4.674964301094766
479070,176489,825064,1001553,4.674874921383203
479087,176498,825099,1001597,4.674834842321159
479151,176556,825344,1001900,4.674686784929428
479199,176564,825536,1002100,4.675562402301715
479228,176566,825551,1002117,4.675594395296943
479263,176566,825620,1002186,4.6759851840105116
479813,176566,826785,1003351,4.682583283304827
479815,176568,826785,1003353,4.6825302433056954
479826,176573,826807,1003380,4.682522242925023
479966,176649,827048,1003697,4.681871960780984
479997,176656,827081,1003737,4.6818732451770675
480008,176660,827094,1003754,4.681840824182045
480009,176660,827096,1003756,4.681852145363976
480104,176738,827328,1004066,4.68109857529224
480205,176818,827643,1004461,4.680762139601172
480691,176818,829089,1005907,4.688940040041173
480722,176847,829140,1005987,4.688459515852686
480802,176876,829249,1006125,4.6883070625749115
480846,176884,829273,1006157,4.688230704868728
480883,176895,829288,1006183,4.688023969021171
480913,176920,829323,1006243,4.687559348858241
481183,176934,829691,1006625,4.689268314738829
481219,176960,829739,1006699,4.688850587703436
481247,176970,829769,1006739,4.688755156241171
481276,176981,829811,1006792,4.688701047005046
481283,176981,829823,1006804,4.688768850893599
481330,177014,829886,1006900,4.688250646841492
481362,177041,829998,1007039,4.688168277404669
481455,177041,829998,1007039,4.688168277404669
481515,177072,830094,1007166,4.687889671997832
481518,177073,830097,1007170,4.6878801398293355
481614,177165,830268,1007433,4.686410972821946
481652,177196,830337,1007533,4.685980496173729
481690,177200,830397,1007597,4.686213318284424
481692,177201,830405,1007606,4.686232019006665
481713,177208,830438,1007646,4.6862331271725886
481769,177239,830525,1007764,4.685904343852087
481778,177241,830540,1007781,4.685936098306825
481819,177257,830621,1007878,4.685970088628376
481872,177263,830641,1007904,4.685924304564404
481876,177263,830650,1007913,4.685975076581125
481883,177267,830652,1007919,4.685880620758517
481917,177276,830711,1007987,4.685975540964372
481945,177297,830744,1008041,4.685606637450154
481984,177325,830830,1008155,4.685351755251657
482033,177332,830933,1008265,4.685747637200279
482236,177397,831110,1008507,4.685028495408603
482239,177398,831113,1008511,4.685018996831983
482315,177432,831320,1008752,4.6852878849362005
482545,177539,831606,1009145,4.684075048299247
482572,177553,831633,1009186,4.683857777677651
482590,177561,831674,1009235,4.683877653313509
482591,177561,831676,1009237,4.683888917048225
482602,177561,831686,1009247,4.683945235721808
482631,177570,831737,1009307,4.683995044207918
483113,177796,832666,1010462,4.6832662152129405
483147,177817,832713,1010530,4.682977443101616
483208,177821,832822,1010643,4.683485077690486
483283,177824,832925,1010749,4.683985288824905
483310,177833,833013,1010846,4.684243081992656
483380,177847,833093,1010940,4.684324166277755
483389,177847,833115,1010962,4.684447868111354
483409,177868,833191,1011059,4.684322081543616
483434,177875,833231,1011106,4.684362614195362
483439,177882,833258,1011140,4.684330061501445
483500,177916,833376,1011292,4.684098113716585
483534,177927,833438,1011365,4.684156985730103
483820,177957,833809,1011766,4.6854521035980605
484632,177994,835479,1013473,4.693860467206759
484797,178068,835766,1013834,4.693521576027136
485176,178291,836482,1014773,4.691666993847138
485200,178302,836537,1014839,4.69168601586073
485226,178326,836595,1014921,4.691379832441708
485240,178330,836628,1014958,4.691459653451466
485263,178356,836662,1015018,4.690966381843055
485355,178435,836825,1015260,4.689803009499258
485393,178447,836880,1015327,4.689795849748104
485432,178447,836903,1015350,4.689924739558524
485445,178452,836926,1015378,4.689922219980723
485447,178455,836937,1015392,4.689905018071783
485529,178485,837115,1015600,4.690114015183349
485556,178509,837160,1015669,4.689735531541827
485605,178525,837257,1015782,4.689858563226439
485624,178525,837257,1015782,4.689858563226439
485768,178529,837448,1015977,4.690823339625495
485784,178535,837465,1016000,4.690760915226706
485894,178604,837634,1016238,4.68989496315872
485985,178645,837786,1016431,4.689669456184052
486036,178691,837909,1016600,4.689150544795205
486120,178730,838048,1016778,4.688905052313546
486143,178746,838100,1016846,4.688776252335717
486375,178809,838360,1017169,4.688578315409179
486440,178809,838481,1017290,4.689255015127874
486494,178809,838546,1017355,4.689618531505685
486520,178815,838583,1017398,4.6896680927215275
486808,179050,839291,1018341,4.68746718793633
486864,179086,839380,1018466,4.687021877757055
486957,179143,839539,1018682,4.686418112904216
486979,179152,839575,1018727,4.686383629543628
487039,179195,839669,1018864,4.68578364351684
487047,179207,839693,1018900,4.685603798958746
487091,179244,839757,1019001,4.684993639954476
487392,179397,840336,1019733,4.684225488720547
487431,179397,840452,1019849,4.684872099310468
487454,179407,840498,1019905,4.684867368608805
487691,179493,840774,1020267,4.684160385084655
487876,179587,841074,1020661,4.683379086459488
487881,179589,841082,1020671,4.683371475981268
488103,179718,841510,1021228,4.682391301928577
488130,179728,841550,1021278,4.682353333926823
488180,179743,841626,1021369,4.682385405829434
488227,179759,841693,1021452,4.682341357039147
488240,179772,841711,1021483,4.682102885877668
488281,179779,841737,1021516,4.682065202276128
488291,179779,841753,1021532,4.6821542004349785
488430,179844,842092,1021936,4.682346922888726
488458,179844,842113,1021957,4.682463690754209
489155,180167,843685,1023852,4.682794296402782
489199,180183,843725,1023908,4.682600467302687
489297,180184,844014,1024198,4.684178395418017
489316,180196,844045,1024241,4.684038491420453
489320,180196,844054,1024250,4.6840884370352285
489342,180205,844079,1024284,4.683993229932577
489364,180205,844094,1024299,4.684076468466468
489477,180262,844670,1024932,4.685790682451099
489560,180292,844783,1025075,4.68563774321656
489699,180300,845098,1025398,4.687176927343317
489755,180312,845134,1025446,4.687064643506811
489757,180314,845137,1025451,4.687029293343834
489806,180333,845201,1025534,4.6868903639378265
489900,180364,845339,1025703,4.686849925705795
490054,180453,845548,1026001,4.6856965525649334
490192,180560,845946,1026506,4.685124058484714
490242,180571,846028,1026599,4.685292765726501
490774,180828,846955,1027783,4.683760258367067
490806,180858,847017,1027875,4.6833261453737185
490834,180875,847067,1027942,4.683162404975812
490871,180907,847166,1028073,4.682881259431642
490922,180917,847180,1028097,4.682699801566464
490943,180931,847198,1028129,4.682436951102907
490963,180950,847226,1028176,4.682100027631942
490982,180962,847248,1028210,4.681911119461544
491213,180994,847352,1028346,4.681657955512337
491325,181054,847546,1028600,4.681177991096579
491359,181054,847564,1028618,4.681277408949816
491405,181074,847663,1028737,4.681307089919039
491520,181105,847784,1028889,4.681173904640954
491984,181462,848503,1029965,4.675926640288325
492256,181621,848866,1030487,4.673831770555167
492412,181749,849162,1030911,4.672168760213261
492432,181758,849190,1030948,4.672091462274013
492526,181758,849359,1031117,4.673021270040383
492596,181787,849503,1031290,4.673067931150192
492689,181800,849547,1031347,4.672975797579758
492741,181822,849623,1031445,4.6728283706042175
492775,181845,849680,1031525,4.672550798757183
492845,181853,849942,1031795,4.6737859699867474
493299,182254,851209,1033463,4.670454420753454
493338,182259,851225,1033484,4.670414081060469
493354,182261,851275,1033536,4.670637163189053
493445,182283,851360,1033643,4.670539765090546
493521,182324,851455,1033779,4.670010530703583
493535,182330,851477,1033807,4.6699775133000605
493564,182336,851578,1033914,4.670377764127764
493590,182347,851625,1033972,4.670353776042381
493717,182386,851856,1034242,4.670621648591449
493798,182438,851985,1034423,4.669997478595468
493824,182451,852024,1034475,4.669878487922785
493859,182454,852109,1034563,4.670267574292699
495028,183043,854046,1037089,4.6658216921706925
495126,183044,854335,1037379,4.667375057363257
495157,183044,854384,1037428,4.667642752562226
495173,183057,854401,1037458,4.667404141879305
495213,183069,854419,1037488,4.667196521530133
495275,183107,854544,1037651,4.666910604182254
495396,183107,854758,1037865,4.6680793197420085
495481,183168,854907,1038075,4.667338181341719
495559,183204,854975,1038179,4.666792209777079
495583,183219,855006,1038225,4.666579339478984
495585,183219,855008,1038227,4.666590255377445
495609,183219,855029,1038248,4.666704872311278
495658,183233,855073,1038306,4.666588442038279
495672,183239,855088,1038327,4.666517499004033
496171,183239,856200,1039439,4.672586076108252
496197,183258,856277,1039535,4.672521799866854
496209,183266,856296,1039562,4.6724215075354945
496210,183269,856300,1039569,4.6723668487305545
496263,183292,856394,1039686,4.672293389782424
496295,183304,856420,1039724,4.672129358879239
496413,183347,856810,1040157,4.673160728018456
496434,183353,856817,1040170,4.673045982340076
496438,183353,856819,1040172,4.673056890260863
496500,183395,856896,1040291,4.672406554159055
496536,183395,856937,1040332,4.6726301153248455
496554,183405,856947,1040352,4.6724298683242
496609,183409,856985,1040394,4.672535153672938
496643,183432,857057,1040489,4.6723417942343755
496679,183449,857076,1040525,4.6720123849135184
496720,183501,857201,1040702,4.671369638312598
496749,183511,857226,1040737,4.67125131463509
496782,183529,857267,1040796,4.671016569588457
496908,183577,857489,1041066,4.671004537605474
496973,183585,857531,1041116,4.6710297682272515
496999,183595,857568,1041163,4.670976878455296
497067,183613,857607,1041220,4.670731375229423
497246,183682,857757,1041439,4.669793447371
497274,183691,857768,1041459,4.6696245325029535
497332,183713,857890,1041603,4.6697294149025925
497440,183713,858033,1041746,4.670507802931747
497467,183723,858073,1041796,4.670471307348563
497515,183728,858137,1041865,4.670692545502047
497587,183760,858248,1042008,4.670483239007401
497645,183767,858293,1042060,4.670550207599841
497692,183776,858465,1042241,4.671257400313425
497696,183776,858467,1042243,4.671268283127286
497769,183798,858586,1042384,4.671356598004331
497800,183824,858636,1042460,4.670967882322222
497995,183917,858963,1042880,4.67038392318274
498244,184004,859208,1043212,4.669507184626421
498302,184038,859400,1043438,4.6696877818711355
498380,184053,859450,1043503,4.669578871303375
498478,184095,859689,1043784,4.669811781960401
498614,184106,859811,1043917,4.670195430893073
498642,184123,859860,1043983,4.670030360139689
498922,184185,860073,1044258,4.66961478947797
499041,184198,860131,1044329,4.669600104235659
499044,184204,860145,1044349,4.669524005993355
499141,184256,860325,1044581,4.669183093087878
499172,184266,860379,1044645,4.669222754062062
499181,184270,860394,1044664,4.66920280023878
499210,184283,860441,1044724,4.669128460031581
499781,184283,861339,1045622,4.674001400020621
499818,184298,861386,1045684,4.673876005165547
499885,184341,861503,1045844,4.67342045448381
499928,184368,861582,1045950,4.673164540484249
499980,184388,861634,1046022,4.672939670694405
500157,184388,861863,1046251,4.674181617024969
500282,184483,862075,1046558,4.672923792436159
500325,184501,862120,1046621,4.672711801020049
500346,184510,862167,1046677,4.672738604953661
500369,184520,862186,1046706,4.672588337307609
500555,184520,862538,1047058,4.674495989594624
500694,184575,863042,1047617,4.675833671949072
501122,184737,863788,1048525,4.675771502189599
501519,184801,864476,1049277,4.677875119723378
502017,185048,865115,1050163,4.675084302451256
502583,185068,865770,1050838,4.678118313268636
502600,185069,865773,1050842,4.678109245740778
502748,185128,865885,1051013,4.677223326563243
502760,185141,865906,1051047,4.677008334188537
502819,185176,866026,1051202,4.676772367909448
502828,185181,866034,1051215,4.6766892931780255
502854,185200,866093,1051293,4.67652807775378
508615,187642,877031,1064673,4.673958921776575
508695,187689,877298,1064987,4.674211061916255
508816,187698,877529,1065227,4.675217636842161
508961,187698,877810,1065508,4.676714722586282
508994,187700,877876,1065576,4.677016515716569
509065,187719,877988,1065707,4.677139767418322
509070,187727,878002,1065729,4.677015027140476
509075,187729,878010,1065739,4.677007814455944
509086,187739,878019,1065758,4.676806630481679
509158,187770,878131,1065901,4.676630984715343
509229,187791,878294,1066085,4.676975999914799
509316,187847,878449,1066296,4.676406863032149
509553,187972,878837,1066809,4.675361224012087
509575,187984,878863,1066847,4.675201080943059
509586,187984,878873,1066857,4.675254276959741
509615,188008,878909,1066917,4.674848942598187
509633,188016,878944,1066960,4.67483618415454
509757,188023,879397,1067420,4.677071422113252
509828,188042,879621,1067663,4.677790068176258
509845,188053,879641,1067694,4.677622797828271
509895,188066,879685,1067751,4.67753341911882
509957,188077,879738,1067815,4.677541645177241
510003,188090,880020,1068110,4.6787176351746504
510162,188176,880255,1068431,4.677828203384066
510178,188182,880273,1068455,4.67777470746405
510202,188191,880310,1068501,4.677747607483886
510249,188208,880353,1068561,4.677553557765876
510269,188219,880369,1068588,4.677365196924859
510307,188244,880420,1068664,4.677014938059115
510346,188283,880517,1068800,4.6765613464837505
510526,188408,880916,1069324,4.675576408645068
510563,188437,880971,1069408,4.675148723446032
510828,188444,881470,1069914,4.677623060431746
511176,188586,882139,1070725,4.677648393836233
515525,190341,890931,1081272,4.680709883840056
515665,190388,891129,1081517,4.680594365191084
515696,190412,891191,1081603,4.68033002121715
515716,190428,891222,1081650,4.680099565189993
515773,190446,891330,1081776,4.680224315554016
515775,190447,891334,1081781,4.680220743828992
515795,190447,891375,1081822,4.68043602682111
515856,190480,891460,1081940,4.680071398572029
516129,190653,891882,1082535,4.6780381111233496
516143,190663,891896,1082559,4.677866182741276
516181,190673,891952,1082625,4.677914544796589
516212,190682,892066,1082748,4.678291605919804
516248,190709,892138,1082847,4.678006806181145
516411,190819,892348,1083167,4.676410629968713
516439,190835,892433,1083268,4.676463961013441
516469,190844,892466,1083310,4.676416340047369
517149,191063,893104,1084167,4.674395356505446
517315,191131,893451,1084582,4.674547823220723
517335,191131,893494,1084625,4.674772799807462
517352,191148,893513,1084661,4.674456442128612
517419,191194,893633,1084827,4.673959433873448
517426,191198,893647,1084845,4.673934873795751
517587,191308,893977,1085285,4.672972379618208
520134,192774,900245,1093019,4.669950304501644
520194,192787,900441,1093228,4.670652066788736
520206,192793,900450,1093243,4.670553391461309
520282,192807,900584,1093391,4.670909251220132
520320,192817,900656,1093473,4.67104041656078
520345,192828,900691,1093519,4.670955462899579
520366,192828,900720,1093548,4.671105855996017
521453,193396,902425,1095821,4.666203023847443
521495,193396,902474,1095870,4.666456389997725
521501,193403,902493,1095896,4.666385733416751
522073,193598,903104,1096702,4.664841578941931
522087,193602,903133,1096735,4.664894990754227
522141,193637,903197,1096834,4.664382323626167
522240,193702,903335,1097037,4.663529545384147
522503,193702,903826,1097528,4.666064366914126
522547,193702,903898,1097600,4.666436071904266
523859,193707,907192,1100899,4.68332068536501
523878,193707,907192,1100899,4.68332068536501
523905,193715,907253,1100968,4.683442170198488
523919,193727,907264,1100991,4.683208845437136
523964,193757,907375,1101132,4.6830566121482065
524045,193773,907429,1101202,4.682948604810783
524073,193804,907468,1101272,4.682400776041774
524103,193818,907520,1101338,4.682330846464208
524150,193818,907614,1101432,4.6828158375383095
524229,193863,907835,1101698,4.682868830050087
524240,193868,907853,1101721,4.68284090205707
524267,193885,907940,1101825,4.682879026226887
524373,193899,907989,1101888,4.682793619358532
524476,193943,908114,1102057,4.682375749575907
524501,193953,908151,1102104,4.682325099379747
524532,193974,908197,1102171,4.682055327002588
524577,193995,908313,1102308,4.682146447073378
524615,194031,908392,1102423,4.681684885404909
524672,194054,908442,1102496,4.681387654982633
524798,194144,908625,1102769,4.680160087357837
524822,194151,908643,1102794,4.680084058284531
528497,194151,914614,1108765,4.710838471086937
528613,194214,914801,1109015,4.710273203785515
528658,194214,914896,1109110,4.710762354928069
530380,194399,931994,1126393,4.7942324806197565
531233,195175,933755,1128930,4.7841936723453315
531324,195175,933782,1128957,4.784332009734853
531352,195175,933819,1128994,4.784521583194569
531509,195205,934108,1129313,4.785266770830665
531551,195224,934153,1129377,4.785031553497521
531599,195259,934234,1129493,4.7845886745297275
531663,195279,934300,1129579,4.784436626570189
531933,195291,934668,1129959,4.786027005852804
531995,195291,934723,1130014,4.786308636854745
531997,195291,934728,1130019,4.786334239673103
531997,195295,934732,1130027,4.786256688599298
532008,195295,934742,1130037,4.78630789318723
532009,195295,934744,1130039,4.786318134104816
532062,195316,934801,1130117,4.786095353171271
532170,195343,934881,1130224,4.785843362700481
532362,195400,935059,1130459,4.7853582395087
532396,195413,935110,1130523,4.785300875581461
532434,195427,935176,1130603,4.785295788197128
532453,195427,935197,1130624,4.785403245201533
532512,195430,935310,1130740,4.785907997748555
532582,195430,935438,1130868,4.786562963721026
532613,195439,935489,1130928,4.78660349264988
532661,195453,935566,1131019,4.786654592152589
532858,195602,935799,1131401,4.78419954806188
533077,195695,936094,1131789,4.783433404021564
533656,196063,936894,1132957,4.778535470741548
533826,196103,937437,1133540,4.7803297246854966
533968,196183,937732,1133915,4.779884087815968
534012,196207,937801,1134008,4.779651082785018
534093,196207,937845,1134052,4.779875335742354
534115,196219,937889,1134108,4.779807256178046
534148,196219,937926,1134145,4.779995820995928
534175,196245,937963,1134208,4.7795510713648754
534467,196332,938235,1134567,4.77881853187458
534589,196427,938416,1134843,4.7774287648846645
534610,196439,938461,1134900,4.777366001659548
534639,196447,938501,1134948,4.777375068084521
534660,196454,938516,1134970,4.7772811955979515
534663,196456,938531,1134987,4.777308913955288
536202,196693,941530,1138223,4.786799733594993
536217,196693,941530,1138223,4.786799733594993
536785,196693,942921,1139614,4.79387166803089
537426,196701,943884,1140585,4.798572452605732
537432,196706,943895,1140601,4.798506400414833
537485,196730,943947,1140677,4.798185330147918
537493,196732,943952,1140684,4.798161966533152
537504,196750,943975,1140725,4.797839898348157
537644,196889,944156,1141045,4.795372011641077
537771,196959,944379,1141338,4.794799932980975
538013,197107,944761,1141868,4.793137737371072
538142,197213,945000,1142213,4.791773361796636
538399,197384,945519,1142903,4.79025148948243
538420,197409,945559,1142968,4.789847474026007
538436,197409,945585,1142994,4.789979180280534
538566,197410,945970,1143380,4.7919051719771035
538717,197410,946210,1143620,4.793120915860392
538739,197419,946242,1143661,4.793064497338149
538771,197443,946293,1143736,4.792740183242759
538815,197446,946409,1143855,4.793254864621213
539087,197555,946731,1144286,4.7922401356584245
539160,197574,946810,1144384,4.792179132881857
539167,197575,946813,1144388,4.792170062001771
539183,197584,946829,1144413,4.7920327556887194
539437,197584,947466,1145050,4.795256700947445
539634,197659,947802,1145461,4.795137079515731
539690,197678,947980,1145658,4.79557664484667
539692,197678,947985,1145663,4.7956019385060555
539710,197689,948020,1145709,4.795512142810171
539739,197697,948064,1145761,4.795540650591562
539788,197697,948173,1145870,4.796091999372778
539820,197700,948219,1145919,4.796251896813353
539846,197701,948261,1145962,4.796440078704711
540130,197820,948506,1146326,4.794793246385603
540164,197848,948586,1146434,4.794519024705835
540171,197851,948588,1146439,4.794456434387493
540269,197890,948800,1146690,4.794582849057557
540287,197890,948821,1146711,4.79468896861893
540294,197890,948826,1146716,4.794714235181162
540313,197894,948833,1146727,4.794652692855771
540321,197894,948833,1146727,4.794652692855771
540322,197894,948835,1146729,4.79466279927638
540397,197931,948966,1146897,4.794428361398669
540458,197964,949084,1147048,4.794225212664929
540723,198046,949323,1147369,4.7934469769649475
540972,198154,949551,1147705,4.79198502175076
540992,198159,949589,1147748,4.792055874323145
541025,198182,949669,1147851,4.791903401923484
541096,198182,949841,1148023,4.792771291035513
541182,198234,950034,1148268,4.7924876660915885
541419,198304,950950,1149254,4.795415120219461
541452,198324,951048,1149372,4.795425667090216
541492,198345,951094,1149439,4.7951498651339834
541536,198345,951256,1149601,4.795966623812045
541559,198358,951279,1149637,4.795768257393198
541568,198360,951302,1149662,4.795835854002823
541600,198385,951355,1149740,4.795498651611765
541650,198404,951406,1149810,4.795296465797061
541659,198406,951426,1149832,4.79534893097991
541934,198585,951928,1150513,4.793554397361332
541984,198618,952083,1150701,4.79353834999849
542000,198628,952111,1150739,4.793437984574179
542022,198628,952144,1150772,4.7936041242926475
542037,198635,952173,1150808,4.793581191632894
542120,198664,952306,1150970,4.793550920146579
542164,198678,952417,1151095,4.793771831808253
542261,198678,952486,1151164,4.794119127432328
542284,198688,952542,1151230,4.79415968755033
542311,198696,952562,1151258,4.794067318919354
542396,198728,952797,1151525,4.794477879312427
542522,198754,953067,1151821,4.795209153023335
542605,198840,953300,1152140,4.794306980486824
542872,198850,953810,1152660,4.796630626100075
542887,198850,953835,1152685,4.796756349006789
542941,198874,953983,1152857,4.7969216689964504
543164,198945,954236,1153181,4.796481439593857
543549,199014,954428,1153442,4.79578321123137
543563,199014,954437,1153451,4.7958284341805095
543565,199014,954442,1153456,4.795853558041143
543617,199043,954509,1153552,4.795491426475686
543624,199045,954509,1153554,4.795443241478058
543630,199048,954518,1153566,4.795416181021663
543657,199057,954557,1153614,4.795395288786629
543711,199057,954747,1153804,4.796349789256344
544562,199406,955841,1155247,4.793441521318315
544583,199414,955873,1155287,4.793409690392851
544666,199463,956050,1155513,4.793119525927114
544987,199589,956541,1156130,4.79255369784908
545040,199613,956593,1156206,4.792237980492253
547434,199620,961760,1161380,4.8179541128143475
547812,199805,962260,1162065,4.815995595705814
547828,199814,962320,1162134,4.816078953426687
547837,199814,962320,1162134,4.816078953426687
547895,199814,962417,1162231,4.816564404896554
547922,199814,962430,1162244,4.8166294654028246
547978,199826,962530,1162356,4.816840651366689
548033,199849,962633,1162482,4.816801685272381
548158,199888,963020,1162908,4.817797966861442
548183,199908,963050,1162958,4.817466034375813
548191,199916,963058,1162974,4.817313271574061
548207,199916,963084,1163000,4.817443326197003
548215,199924,963102,1163026,4.817340589423981
548774,200195,964173,1164368,4.816169234995879
548885,200207,964266,1164473,4.816345082839262
548911,200215,964313,1164528,4.81638738356267
548930,200215,964328,1164543,4.816462303024249
548940,200215,964344,1164559,4.8165422171165995
549053,200320,964566,1164886,4.815125798722045
549167,200386,964817,1165203,4.814792450570399
549215,200405,964933,1165338,4.814914797534992
549222,200406,964940,1165346,4.81492570082732
549509,200411,978141,1178552,4.880675212438439
549580,200428,978286,1178714,4.880984692757499
549585,200432,978299,1178731,4.88095214337032
549631,200459,978391,1178850,4.880753670326601
549687,200459,978516,1178975,4.881377239235953
549688,200460,978520,1178980,4.881372842462337
549746,200487,978545,1179032,4.8808401542244635
549818,200500,978685,1179185,4.881221945137157
549844,200513,978712,1179225,4.881040132061263
549869,200523,978767,1179290,4.8810709993367345
549889,200529,978790,1179319,4.881039650125418
549977,200576,978981,1179557,4.880848157306956
550015,200583,979039,1179622,4.880966981249657
550086,200617,979132,1179749,4.88060333870011
550122,200638,979221,1179859,4.880536089873305
550127,200638,979232,1179870,4.88059091498121
550160,200649,979300,1179949,4.8806622509955195
550335,200709,979608,1180317,4.880737784553757
550389,200753,979715,1180468,4.880201043072831
550414,200756,979733,1180489,4.880217776803682
550445,200765,979775,1180540,4.880208203621149
550467,200800,979826,1180626,4.87961155378486
550478,200810,979831,1180641,4.8793934565011705
550513,200827,979879,1180706,4.879219427666599
550544,200843,979934,1180777,4.879104574219664
550577,200864,980017,1180881,4.879007686793054
550719,200905,980150,1181055,4.878674000149324
550784,200933,980200,1181133,4.878242996421693
550812,200954,980238,1181192,4.8779223105785405
550854,200986,980330,1181316,4.877603415163245
550903,201003,980408,1181411,4.877578941607837
550989,201019,980491,1181510,4.877603609609042
551165,201077,981036,1182113,4.878907085345415
551245,201077,981130,1182207,4.87937456795158
551453,201139,981282,1182421,4.878626223656277
551512,201150,981320,1182470,4.878548347004723
551542,201150,981381,1182531,4.8788516032811335
551552,201152,981398,1182550,4.878887607381483
551622,201152,981668,1182820,4.880229875914731
551777,201255,982003,1183258,4.879396785173039
551862,201276,982430,1183706,4.881009161549315
551876,201281,982465,1183746,4.881061799176276
552105,201402,982774,1184176,4.879663558455229
552157,201433,982878,1184311,4.8794288919888995
552275,201484,983108,1184592,4.879335331837764
553050,201979,984784,1186763,4.875675193955807
553081,202006,984808,1186814,4.875142322505272
553168,202057,984944,1187001,4.874584894361492
553293,202112,985191,1187303,4.874480486067131
553312,202112,985206,1187318,4.874554702343255
553325,202115,985230,1187345,4.874601093436905
553405,202204,985418,1187622,4.873385294059465
553534,202282,985602,1187884,4.872415736447138
553584,202307,985671,1187978,4.872154695586411
554282,202320,987554,1189874,4.881148675365758
554335,202332,987609,1189941,4.8811310123954685
554419,202366,987756,1190122,4.881037328404969
554716,202560,988600,1191160,4.880529225908373
554733,202560,988604,1191164,4.8805489731437595
554841,202602,988724,1191326,4.880129515009724
554895,202605,988860,1191465,4.880728511142371
554936,202616,988923,1191539,4.8807744699332725
554990,202648,988996,1191644,4.880363980892977
555058,202679,989189,1191868,4.8805697679582
555135,202680,989298,1191978,4.881083481349911
555151,202680,989323,1192003,4.881206828498125
555863,202773,989597,1192370,4.880319371908489
555870,202773,989597,1192370,4.880319371908489
556340,202964,990200,1193164,4.878697700084744
556394,203000,990261,1193261,4.8781330049261085
556503,203014,990640,1193654,4.879663471484725
556611,203022,990747,1193769,4.879998226793155
556626,203025,990770,1193795,4.880039404014284
556635,203031,990788,1193819,4.879983844831577
556664,203035,990837,1193872,4.880129041790824
557006,203097,991104,1194201,4.8799539136471735
557021,203104,991114,1194218,4.879834961399086
557106,203104,991114,1194218,4.879834961399086
557140,203104,991210,1194314,4.880307625649913
557154,203104,991245,1194349,4.880479951158027
557162,203104,991245,1194349,4.880479951158027
557184,203121,991323,1194444,4.880455492046613
557216,203139,991366,1194505,4.880234716130334
557691,203428,992113,1195541,4.876973671274357
557747,203467,992228,1195695,4.8766040684730205
557758,203469,992254,1195723,4.876683917451799
557769,203469,992264,1195733,4.8767330649877865
557872,203524,992454,1195978,4.8763487352842905
557911,203535,992517,1196052,4.8763947232662685
557936,203539,992527,1196066,4.876348021755044
558122,203684,992923,1196607,4.874820800848373
558142,203703,992951,1196654,4.874503566466866
558202,203725,992989,1196714,4.874163701067616
558220,203739,993013,1196752,4.873946568894517
558280,203755,993130,1196885,4.874138057961768
558336,203788,993201,1196989,4.873697175496104
558341,203794,993209,1197003,4.873592941892303
558371,203808,993261,1197069,4.873513306641545
558397,203840,993312,1197152,4.872998430141287
558445,203848,993377,1197225,4.873126054707429
558460,203852,993397,1197249,4.873128544237977
558464,203852,993406,1197258,4.873172693915193
559815,204117,996240,1200357,4.880730169461632
559854,204152,996338,1200490,4.880373447235393
559855,204152,996340,1200492,4.880383243857518
559907,204212,996526,1200738,4.8798601453391575
560015,204266,996665,1200931,4.879250585021492
560038,204272,996675,1200947,4.879156223075116
560188,204321,996782,1201103,4.8785097958604355
560201,204329,996795,1201124,4.878382412677594
560240,204345,996870,1201215,4.878367466784115
560249,204354,996900,1201254,4.878299421591944
560271,204367,996945,1201312,4.878209299935899
560389,204435,997201,1201636,4.877838921906719
560418,204460,997231,1201691,4.877389220385406
560438,204468,997270,1201738,4.877389126904943
560629,204468,997719,1202187,4.8795850695463345
560883,204468,998356,1202824,4.882700471467418
561006,204528,998466,1202994,4.88180591410467
561273,204705,998946,1203651,4.879929654869202
561274,204705,998948,1203653,4.879939425026257
561363,204731,999138,1203869,4.880247739716994
561386,204742,999165,1203907,4.880117416065096
561501,204768,999255,1204023,4.879937294889826
561722,204922,999508,1204430,4.877504611510721
561744,204928,999557,1204485,4.877600913491568
562055,205037,1000294,1205331,4.8786023985914735
562069,205046,1000330,1205376,4.878563834456658
562240,205171,1000608,1205779,4.876946547026627
562265,205182,1000653,1205835,4.876904406819311
562530,205318,1001259,1206577,4.87662552723093
562710,205390,1001532,1206922,4.876245192073616
562731,205390,1001561,1206951,4.876386386873753
562751,205408,1001601,1207009,4.876153801215143
564575,205434,1004149,1209583,4.887939678923645
564586,205436,1004170,1209606,4.8879943145310465
564594,205438,1004177,1209615,4.8879808019937885
564610,205445,1004197,1209642,4.8879116065126915
564615,205445,1004208,1209653,4.8879651488232865
564631,205445,1004234,1209679,4.8880917033756
564733,205449,1004281,1209730,4.888225301656372
564755,205457,1004304,1209761,4.888146911519199
564911,205531,1004525,1210056,4.887462231974738
564950,205556,1004595,1210151,4.887208351981942
564970,205574,1004612,1210186,4.886863124714215
565068,205574,1004902,1210476,4.888273808944711
565097,205582,1004942,1210524,4.888278156647956
565144,205594,1005009,1210603,4.888318725254628
565173,205594,1005047,1210641,4.888503555551232
565234,205646,1005122,1210768,4.887632144559097
565325,205695,1005304,1210999,4.887352633753859
565352,205720,1005335,1211055,4.886909391405794
565468,205781,1005492,1211273,4.886223703840491
565488,205787,1005516,1211303,4.886197864782518
565866,205823,1005913,1211736,4.887272073577783
566030,205823,1006198,1212021,4.888656758476944
566488,205921,1007345,1213266,4.8919002918595
566610,206065,1007617,1213682,4.889801761580084
566653,206073,1007733,1213806,4.890174840954419
566669,206079,1007767,1213846,4.890197448551284
568133,206083,1009849,1215932,4.900205257105147
568147,206089,1009874,1215963,4.900183901130094
568227,206168,1010178,1216346,4.899780761320865
568248,206170,1010178,1216348,4.899733229858854
568351,206170,1010533,1216703,4.901455109860795
568366,206171,1010539,1216710,4.901460438179957
568387,206185,1010570,1216755,4.901277978514441
568397,206185,1010596,1216781,4.9014040788612165
568441,206195,1010670,1216865,4.901525255219574
568458,206246,1010688,1216934,4.900400492615614
568775,206480,1011417,1217897,4.898377566834561
568781,206484,1011422,1217906,4.898306890606536
568783,206484,1011426,1217910,4.89832626256756
568906,206577,1011646,1218223,4.897186037167739
568920,206586,1011666,1218252,4.897069501321483
568957,206595,1011704,1218299,4.89704010261623
570012,206915,1014090,1221005,4.900997994345504
570266,207145,1014650,1221795,4.898259673175795
570277,207160,1014665,1221825,4.897977408766171
570353,207179,1014790,1221969,4.898131567388587
570368,207179,1014804,1221983,4.898199141804913
570421,207201,1014873,1222074,4.898012075231297
570454,207224,1014942,1222166,4.89780141296375
570466,207234,1014966,1222200,4.897680882480674
572403,207496,1018801,1226297,4.909978987546748
572564,207536,1019068,1226604,4.910319173540976
572593,207543,1019112,1226655,4.910365562799035
572621,207559,1019145,1226704,4.910146030767155
572689,207602,1019238,1226840,4.909576979027177
572710,207610,1019293,1226903,4.909652714223785
572730,207610,1019321,1226931,4.909787582486393
572752,207627,1019339,1226966,4.909472274800484
572791,207642,1019411,1227053,4.909464366553973
572818,207661,1019459,1227120,4.90924631972301
572847,207680,1019499,1227179,4.908989791987674
572865,207680,1019542,1227222,4.909196841294299
572914,207698,1019602,1227300,4.909060270200002
572923,207700,1019619,1227319,4.909094848338951
572971,207713,1019704,1227417,4.909196824464526
573063,207765,1019835,1227600,4.908598657136669
573135,207765,1020038,1227803,4.909575722571174
574212,207815,1021685,1229500,4.916319803671535
575117,207863,1023622,1231485,4.924503158330246
575270,207945,1023831,1231776,4.9235663276347115
575296,207956,1023847,1231803,4.923382830983477
575684,208067,1024211,1232278,4.922505731326928
575697,208071,1024219,1232290,4.922449548471435
575724,208086,1024249,1232335,4.922238882000711
575777,208133,1024359,1232492,4.92165586427909
575808,208142,1024386,1232528,4.921572772434204
575827,208151,1024406,1232557,4.921456058342261
575847,208157,1024426,1232583,4.921410281662399
575883,208185,1024474,1232659,4.920978937003146
576150,208270,1024964,1233234,4.921323282277813
576318,208401,1025392,1233793,4.920283491921824
576375,208431,1025449,1233880,4.919848774894329
576788,208640,1026044,1234684,4.917772239263804
576819,208662,1026080,1234742,4.9174262683191
576942,208702,1026157,1234859,4.916852737395904
577014,208760,1026330,1235090,4.916315386089289
577114,208779,1026555,1235334,4.916945669823114
577138,208786,1026578,1235364,4.91689097928022
577154,208791,1026612,1235403,4.9169360748308115
577219,208829,1026718,1235547,4.916548946745902
577279,208829,1026821,1235650,4.917042173261376
577284,208831,1026825,1235656,4.917014236392107
577324,208849,1026871,1235720,4.916810710130285
577418,208884,1027024,1235908,4.916719327473622
577427,208887,1027039,1235926,4.916720523536649
577723,208918,1027512,1236430,4.918255009142343
581484,208929,1033605,1242534,4.947159082750599
581487,208929,1033614,1242543,4.947202159585314
581680,208988,1033807,1242795,4.946728998794189
581820,208988,1034172,1243160,4.94847551055563
581830,208995,1034191,1243186,4.948400679442092
581917,209004,1034319,1243323,4.948800022966068
581962,209009,1034375,1243384,4.948949566765068
582008,209034,1034432,1243466,4.948630366351885
582993,209474,1036000,1245474,4.9457211873549936
583040,209489,1036035,1245524,4.945534133057105
583051,209505,1036059,1245564,4.945270995918952
583494,209705,1036724,1246429,4.9437257099258485
583770,209853,1037195,1247048,4.942483548007415
583811,209883,1037242,1247125,4.942001019615691
583816,209883,1037247,1247130,4.942024842412201
584873,209898,1038551,1248449,4.947884210426016
584914,209937,1038616,1248553,4.947274658588053
585529,210391,1039801,1250192,4.9422313692125615
585552,210396,1039809,1250205,4.9421519420521305
585949,210533,1040290,1250823,4.941220616245435
586169,210708,1040824,1251532,4.939651081116996
586179,210711,1040830,1251541,4.939609227804908
586266,210773,1040968,1251741,4.938810948271363
586297,210790,1041048,1251838,4.938792162816073
586354,210851,1041202,1252053,4.938093724952692
586414,210876,1041287,1252163,4.93791137919915
586459,210899,1041382,1252281,4.937823318270831
586469,210899,1041398,1252297,4.937899183969578
586518,210916,1041442,1252358,4.937709799161752
586530,210922,1041457,1252379,4.937640454765269
586603,210925,1041519,1252444,4.937864169728576
586724,210951,1041779,1252730,4.938488084910714
586748,210962,1041846,1252808,4.938548174552763
587187,211166,1042636,1253802,4.93751835049203
587200,211169,1042675,1253844,4.937632891191416
587228,211175,1042689,1253864,4.937558896649698
587261,211190,1042748,1253938,4.9374875704342065
587391,211191,1043133,1254324,4.939287185533474
587403,211194,1043149,1254343,4.939292782938909
587591,211297,1043591,1254888,4.938976890348656
587647,211329,1043674,1255003,4.938621769847016
587879,211413,1043897,1255310,4.937714331663615
587893,211413,1043906,1255319,4.937756902366458
587944,211446,1044006,1255452,4.937459209443546
588261,211626,1044486,1256112,4.935527770689802
588304,211634,1044520,1256154,4.935501856979502
588320,211634,1044546,1256180,4.935624710585255
588832,211753,1045764,1257517,4.93860299499889
588875,211770,1045789,1257559,4.938324597440619
588918,211808,1045842,1257650,4.937688850279498
588965,211828,1045928,1257756,4.937628642105859
588989,211837,1045956,1257793,4.937551041602742
589010,211847,1045985,1257832,4.937454861291403
589126,211893,1046105,1257998,4.936949309321214
589127,211893,1046105,1257998,4.936949309321214
589188,211934,1046215,1258149,4.936513254126284
589217,211948,1046260,1258208,4.9363994942155625
589363,212009,1046402,1258411,4.93564895829894
589396,212036,1046449,1258485,4.935242128695127
589412,212045,1046462,1258507,4.935093965903464
589448,212103,1046563,1258666,4.934220638086213
589571,212131,1046648,1258779,4.933970046810697
589842,212169,1047186,1259355,4.935622074855422
589871,212169,1047221,1259390,4.935787037691651
590224,212233,1047456,1259689,4.935405898234488
590384,212233,1047822,1260055,4.937130417984008
590514,212234,1048207,1260441,4.938921190761141
590566,212259,1048279,1260538,4.938678689713981
591241,212565,1049109,1261674,4.935473855056101
591259,212565,1049129,1261694,4.9355679439230355
591422,212680,1049426,1262106,4.934295655444799
591495,212720,1049501,1262221,4.933720383602858
592437,213045,1050498,1263543,4.930873759064986
592499,213046,1050666,1263712,4.93163917651587
592512,213046,1050671,1263717,4.931662645625828
592566,213063,1050745,1263808,4.931616470245889
592696,213132,1051082,1264214,4.931601073513128
592828,213182,1051317,1264499,4.931546753478249
592847,213196,1051376,1264572,4.931499652901556
592891,213223,1051426,1264649,4.931109683289327
592975,213251,1051580,1264831,4.931184378971259
593023,213272,1051643,1264915,4.93099422333921
593081,213283,1051728,1265011,4.9311384404758
593258,213354,1051971,1265325,4.930636407098063
593302,213378,1052015,1265393,4.930288033442998
593331,213385,1052039,1265424,4.9302387702978185
593351,213394,1052059,1265453,4.930124558328726
593460,213404,1052611,1266015,4.932480178440891
593481,213417,1052655,1266072,4.932385892407821
593503,213424,1052682,1266106,4.932350625983957
593603,213481,1052841,1266322,4.931778472088851
593606,213482,1052845,1266327,4.931774107418892
593624,213482,1052862,1266344,4.931853739425338
593742,213548,1053023,1266571,4.93108340981887
593782,213573,1053098,1266671,4.930857364929087
593813,213573,1053178,1266751,4.931231944112786
594321,213573,1054082,1267655,4.935464688888577
594364,213587,1054140,1267727,4.935412735793845
594510,213709,1054530,1268239,4.934420169482801
594542,213721,1054591,1268312,4.9344285306544515
594558,213721,1054617,1268338,4.934550184586447
594585,213726,1054625,1268351,4.9344721746535285
594657,213726,1054821,1268547,4.935389236686224
594793,213787,1055162,1268949,4.935576064026344
594954,213816,1055453,1269269,4.9362676319826395
594955,213816,1055455,1269271,4.936276985819584
594976,213820,1055497,1269317,4.936381068188195
595030,213839,1055606,1269445,4.93645219066681
595034,213847,1055616,1269463,4.936314280770832
595097,213880,1055683,1269563,4.935865906115579
595134,213894,1055735,1269629,4.9357859500500245
595388,214061,1056206,1270267,4.934135596862577
596426,214616,1057390,1272006,4.926892682744996
596455,214618,1057405,1272023,4.926916661230652
596458,214618,1057414,1272032,4.926958596203487
596478,214618,1057451,1272069,4.927130995536255
596492,214622,1057484,1272106,4.927192925235996
596581,214639,1057529,1272168,4.927012332334757
596720,214639,1057852,1272491,4.928517184668211
596860,214711,1058077,1272788,4.927912403183814
596969,214726,1058175,1272901,4.928024552220038
597024,214748,1058232,1272980,4.927785124890569
597287,214825,1058437,1273262,4.926973117653905
597329,214860,1058478,1273338,4.926361351577771
597348,214868,1058507,1273375,4.926312899082228
597363,214875,1058527,1273402,4.926245491564863
597382,214881,1058546,1273427,4.926196359845682
597490,214918,1058844,1273762,4.926734847709359
597505,214918,1058872,1273790,4.926865129956542
597870,215003,1059430,1274433,4.927512639358521
597880,215003,1059446,1274449,4.9275870569247875
598119,215107,1059801,1274908,4.926855007043007
598161,215130,1059880,1275010,4.926695486450053
598393,215254,1060462,1275716,4.926561178886339
598681,215254,1061029,1276283,4.929195276278257
598828,215254,1061285,1276539,4.930384568927871
598877,215266,1061363,1276629,4.930472067116963
598903,215281,1061408,1276689,4.930337558818475
598993,215309,1061580,1276889,4.930495241722362
599030,215323,1061620,1276943,4.9303604352530845
599058,215325,1061645,1276970,4.930430744223847
599084,215345,1061677,1277022,4.930121433049293
599090,215351,1061695,1277046,4.9300676569878945
600554,215351,1063781,1279132,4.939754168775627
600578,215366,1063821,1279187,4.939595850784246
600584,215370,1063832,1279202,4.939555184101779
600812,215594,1064321,1279915,4.936691188066458
601004,215660,1064813,1280473,4.937461745339887
601134,215660,1064813,1280473,4.937461745339887
601195,215669,1064912,1280581,4.937714738789534
601200,215672,1064932,1280604,4.937738788530732
601592,215702,1065635,1281337,4.940311170040148
601615,215709,1065656,1281365,4.940248204757335
601709,215771,1065746,1281517,4.939245774455325
601728,215782,1065816,1281598,4.939318386148984
601779,215795,1065894,1281689,4.939382284112236
601783,215798,1065896,1281694,4.939322885290874
601815,215804,1065951,1281755,4.939440418157217
601864,215821,1065993,1281814,4.939245949189375
601911,215860,1066029,1281889,4.938520337255628
601931,215869,1066050,1281919,4.938411721923945
602514,215869,1067264,1283133,4.944035503013402
602952,216009,1067716,1283725,4.942923674476527
602964,216018,1067728,1283746,4.942773287411234
603080,216047,1067982,1284029,4.943285488805676
603118,216058,1068066,1284124,4.9434225994871746
603167,216075,1068158,1284233,4.94345944695129
603193,216081,1068192,1284273,4.943479528510142
603208,216088,1068215,1284303,4.943425826515123
603288,216088,1068371,1284459,4.944147754618489
603431,216104,1068633,1284737,4.944994076925925
603481,216124,1068716,1284840,4.944920508596916
603482,216124,1068718,1284842,4.944929762543725
603569,216155,1068817,1284972,4.944678587124979
603619,216156,1068899,1285055,4.945035067266233
603638,216171,1068918,1285089,4.944779827081338
603688,216186,1068965,1285151,4.944654140416123
603773,216208,1069085,1285293,4.944706023828905
603845,216276,1069270,1285546,4.944006732138564
603982,216304,1069443,1285747,4.944166543383386
604111,216387,1069658,1286045,4.9432636895931825
604256,216439,1069766,1286205,4.942575044238793
604287,216446,1069798,1286244,4.942563041128041
604366,216451,1069975,1286426,4.943266605374888
604555,216467,1070614,1287081,4.945853178544536
604764,216552,1070901,1287453,4.945237171672392
604786,216564,1070920,1287484,4.945050885650431
604847,216587,1071024,1287611,4.945005932950731
604853,216592,1071032,1287624,4.9449287138952505
604907,216614,1071079,1287693,4.944643467181253
604912,216616,1071083,1287699,4.944616279499206
604929,216624,1071114,1287738,4.944576778196322
604949,216630,1071128,1287758,4.944504454600009
605048,216673,1071264,1287937,4.944150863282458
605056,216676,1071283,1287959,4.944170097288117
605147,216739,1071384,1288123,4.943198962807801
607438,216880,1074589,1291469,4.954763002582073
607646,216968,1075038,1292006,4.954822831016555
608074,216968,1075946,1292914,4.959007779949117
608105,216984,1075992,1292976,4.958854109058732
608168,216998,1076014,1293012,4.9586355634614145
608827,217272,1077151,1294423,4.957615339298207
608842,217272,1077182,1294454,4.957758017600059
609175,217294,1077500,1294794,4.9587195228584315
609198,217312,1077562,1294874,4.9585940951259015
609319,217312,1077706,1295018,4.959256736857606
609352,217329,1077740,1295069,4.959025256638553
609382,217342,1077780,1295122,4.958912681396141
609418,217346,1077818,1295164,4.958996254819504
609421,217346,1077827,1295173,4.959037663449063
609462,217360,1077862,1295222,4.958879278616121
609533,217360,1078017,1295377,4.959592381302907
609620,217368,1078239,1295607,4.960431158220161
609631,217371,1078255,1295626,4.960436304750864
609692,217395,1078367,1295762,4.960403873134156
609928,217587,1078811,1296398,4.958067347773534
610000,217617,1078925,1296542,4.9579077002256255
610029,217625,1078989,1296614,4.958019529006318
610047,217628,1079004,1296632,4.958020107706729
610149,217638,1079197,1296835,4.95867909096757
610164,217644,1079234,1296878,4.958712392714708
610299,217693,1079340,1297033,4.958083172173658
610505,217693,1080009,1297702,4.961156307276761
610838,217906,1080695,1298601,4.959454994355364
610918,217915,1080753,1298668,4.959516325172659
610963,217928,1080829,1298757,4.959569215520722
610990,217952,1080863,1298815,4.959179085303186
611011,217952,1080895,1298847,4.9593259066216415
611304,218078,1081428,1299506,4.9589046121112625
611371,218132,1081535,1299667,4.958167531586379
611673,218174,1081655,1299829,4.957763069843336
611726,218182,1081705,1299887,4.957810451824623
611756,218185,1081757,1299942,4.95798061278273
611825,218251,1081995,1300246,4.957571786612662
611889,218273,1082074,1300347,4.957434039024524
612176,218329,1082196,1300525,4.956721278437588
612250,218370,1082349,1300719,4.956491276274214
613039,218378,1084039,1302417,4.96404857632179
614354,218799,1085451,1304250,4.960950461382365
614361,218799,1085466,1304265,4.961019017454376
614383,218819,1085528,1304347,4.960848920797554
614460,218863,1085726,1304589,4.960756272188538
614476,218863,1085751,1304614,4.96087049889657
614491,218866,1085774,1304640,4.960907587290854
614508,218880,1085793,1304673,4.960677083333334
614515,218885,1085804,1304689,4.9606140210612875
614583,218943,1085918,1304861,4.959820592574323
614636,218967,1085941,1304908,4.959382007334439
614702,218993,1086012,1305005,4.959117414711886
614703,218993,1086014,1305007,4.959126547423891
614713,218993,1086042,1305035,4.959254405391953
614757,219005,1086056,1305061,4.959046597109655
614828,219038,1086202,1305240,4.958966024160191
615001,219144,1086543,1305687,4.958123425692695
615035,219167,1086617,1305784,4.95794074837909
615214,219333,1087004,1306337,4.955952820596992
615251,219359,1087062,1306421,4.955629812316796
615281,219368,1087100,1306468,4.955599722840159
615290,219368,1087100,1306468,4.955599722840159
615301,219371,1087112,1306483,4.955586654571479
615316,219375,1088047,1307422,4.959758404558404
615426,219408,1088172,1307580,4.9595821483264055
615532,219474,1088330,1307804,4.958810610824061
615548,219484,1088374,1307858,4.958785150626014
615590,219493,1088466,1307959,4.959000970418191
615685,219556,1088637,1308193,4.958356865674361
615687,219560,1088641,1308201,4.958284751320823
615976,219573,1088825,1308398,4.9588291820943375
616192,219730,1089265,1308995,4.957288490420061
616221,219738,1089309,1309047,4.957308248914616
616241,219742,1089329,1309071,4.957309026039629
616261,219742,1089359,1309101,4.957445549781107
616285,219754,1089394,1309148,4.9573341099593184
616340,219777,1089455,1309232,4.957092871410566
616354,219779,1089467,1309246,4.957102361918109
616453,219799,1089504,1309303,4.9568196397617825
616504,219802,1089683,1309485,4.957566355174202
616600,219802,1089894,1309696,4.958526310042675
616611,219802,1089904,1309706,4.9585718055340715
616662,219828,1089983,1309811,4.958344705860946
616670,219833,1089987,1309820,4.958250126232185
616693,219839,1090014,1309853,4.958237619348705
616705,219845,1090033,1309878,4.958188723873638
616770,219874,1090132,1310006,4.957985027788642
616807,219887,1090163,1310050,4.957832886891904
616870,219914,1090252,1310166,4.9576288912938695
616939,219914,1090364,1310278,4.9581381812890495
616983,219942,1090458,1310400,4.957934364514281
617090,219982,1090666,1310648,4.957978380049277
617148,219983,1090732,1310715,4.958255865225949
617185,219992,1090882,1310874,4.9587348630859305
617407,220012,1091131,1311143,4.959415850044543
617441,220021,1091194,1311215,4.959499320519405
617593,220190,1091615,1311805,4.957604795858122
617621,220209,1091646,1311855,4.957317820797515
618022,220431,1092145,1312576,4.95458896434712
618062,220463,1092201,1312664,4.954123821230773
618075,220477,1092240,1312717,4.953986130072525
618080,220480,1092246,1312726,4.953945936139332
618243,220480,1092466,1312946,4.954943759071117
618253,220493,1092481,1312974,4.954719650963976
618326,220518,1092577,1313095,4.954593275832359
618407,220533,1092706,1313239,4.954841225576217
618424,220540,1092736,1313276,4.954819987303891
618436,220547,1092750,1313297,4.954726203484971
618591,220631,1092988,1313619,4.953918533660274
618784,220672,1093337,1314009,4.954579647621809
618790,220673,1093355,1314028,4.9546387641442315
619151,220912,1094062,1314974,4.952478815093793
619153,220912,1094067,1314979,4.952501448540596
619593,221106,1095063,1316169,4.952660714770291
619728,221131,1095319,1316450,4.953258475745146
619735,221141,1095330,1316471,4.953084231327524
621691,221164,1099353,1320517,4.970759255575048
621993,221394,1099972,1321366,4.968391193979963
622096,221422,1100058,1321480,4.968151312877673
622134,221441,1100100,1321541,4.967914704142412
622143,221451,1100116,1321567,4.967762620173311
622181,221462,1100154,1321616,4.967687458796543
622246,221462,1100275,1321737,4.968233827925332
622270,221462,1100308,1321770,4.96838283768773
622302,221480,1100353,1321833,4.96818222864367
622353,221534,1100510,1322044,4.967679904664747
622357,221534,1100519,1322053,4.9677205304829055
622370,221541,1100552,1322093,4.967712522738455
622400,221552,1100603,1322155,4.967696071351195
622579,221604,1100771,1322375,4.967288496597535
622777,221627,1101025,1322652,4.967919071232296
622787,221633,1101039,1322672,4.96784774830463
622919,221679,1101298,1322977,4.967985239918982
623107,221746,1101609,1323355,4.967886681157721
623116,221756,1101624,1323380,4.967730298165551
623161,221773,1101718,1323491,4.967773353834777
623178,221776,1101738,1323514,4.967796335040762
623181,221776,1101743,1323519,4.967818880311666
623423,221915,1102454,1324369,4.967911137147106
623493,221994,1102666,1324660,4.967098209861528
623568,222011,1102763,1324774,4.967154780618978
623626,222041,1102885,1324926,4.967033115505695
623638,222055,1102912,1324967,4.966841548265069
623963,222100,1103473,1325573,4.968361098604232
624006,222114,1103546,1325660,4.96837659940391
624038,222160,1103575,1325735,4.967478393950306
624088,222169,1103726,1325895,4.967956825659746
624204,222232,1104019,1326251,4.96786691385579
624275,222249,1104203,1326452,4.968314818064424
624309,222259,1104248,1326507,4.9682937473848074
624570,222389,1104596,1326985,4.966954300797251
624587,222408,1104649,1327057,4.966768281716485
624802,222517,1105074,1327591,4.966245275641861
624830,222529,1105116,1327645,4.966166207550477
624869,222535,1105173,1327708,4.9662884490080215
624880,222535,1105183,1327718,4.966333385759543
624945,222568,1105368,1327936,4.966428237662198
625075,222569,1105753,1328322,4.968135724202382
625208,222612,1106056,1328668,4.968537185776149
625328,222626,1106244,1328870,4.969069201261308
625388,222639,1106414,1329053,4.969542622810918
625445,222661,1106465,1329126,4.96928065534602
625469,222675,1106501,1329176,4.969129897833165
625532,222691,1106634,1329325,4.969370113745055
625596,222714,1106731,1329445,4.969292455795325
625675,222778,1106976,1329754,4.9689646194866635
625748,222778,1107074,1329852,4.969404519297238
625835,222778,1107274,1330052,4.9703022740126945
625904,222819,1107352,1330171,4.969737769220758
625937,222828,1107472,1330300,4.970075573985316
625959,222845,1107507,1330352,4.9698534856065875
626057,222869,1107672,1330541,4.970058644315719
626707,223162,1108524,1331686,4.9673510723151795
626743,223179,1108595,1331774,4.967290829334301
626786,223191,1108654,1331845,4.967288107495374
627042,223219,1108911,1332130,4.967816359718483
627088,223234,1108953,1332187,4.967670695324189
627153,223266,1109045,1332311,4.967370759542429
627169,223266,1109071,1332337,4.9674872125625935
627185,223268,1109095,1332363,4.967550208717774
627290,223283,1109246,1332529,4.967892763891563
627346,223286,1109287,1332573,4.968009637863547
627386,223301,1109346,1332647,4.967940134616504
627593,223448,1109822,1333270,4.96680211950879
627760,223534,1110043,1333577,4.96587991088604
627764,223540,1110048,1333588,4.965768989889953
627781,223540,1110093,1333633,4.965970296143867
627784,223540,1110102,1333642,4.966010557394649
627832,223557,1110189,1333746,4.966022088326467
627883,223569,1110261,1333830,4.966077586785287
628025,223603,1110414,1334017,4.966006717262291
628032,223614,1110429,1334043,4.965829509780247
628156,223621,1110581,1334202,4.966353786093435
628166,223621,1110597,1334218,4.966425335724283
628452,223671,1110936,1334607,4.96683074694529
628459,223673,1110944,1334617,4.966822101907695
628488,223684,1110990,1334674,4.966783498149175
628518,223694,1111022,1334716,4.966704515990594
628567,223698,1111131,1334829,4.967102969181664
628868,223729,1111699,1335428,4.968953510720559
629168,223928,1112449,1336377,4.967886999392662
629195,223940,1112492,1336432,4.967812807001875
629244,223950,1112569,1336519,4.967934806876535
629448,224095,1112973,1337068,4.966523126352663
629604,224183,1113333,1337516,4.966179415923598
629649,224206,1113398,1337604,4.965959876185294
629804,224276,1113659,1337935,4.965573668158876
629816,224282,1113696,1337978,4.9656057998412715
629852,224287,1113704,1337991,4.965530770842715
629896,224297,1113820,1338117,4.965826560319576
629921,224313,1113859,1338172,4.9656462175620675
629943,224317,1113890,1338207,4.965695867901229
629971,224338,1113921,1338259,4.965369219659621
629998,224338,1113921,1338259,4.965369219659621
630007,224342,1113943,1338285,4.965378752083872
630150,224433,1114133,1338566,4.964212036554339
630191,224456,1114207,1338663,4.964033039883095
630897,224456,1115345,1339801,4.969103075881241
630958,224456,1115463,1339919,4.969628791388958
631110,224491,1115732,1340223,4.970052251537924
631157,224498,1115760,1340258,4.970022004650375
631176,224506,1115779,1340285,4.96992953417726
631189,224514,1115789,1340303,4.969796983707029
631321,224563,1116135,1340698,4.9702533364801855
631406,224604,1116279,1340883,4.969987177432281
631444,224629,1116324,1340953,4.9696343749026175
631500,224643,1116397,1341040,4.969649621844438
631505,224643,1116397,1341040,4.969649621844438
631540,224646,1116487,1341133,4.969983885758037
631597,224662,1116621,1341283,4.970226384524308
631599,224662,1116631,1341293,4.9702708958346316
631603,224662,1116633,1341295,4.970279798096696
631628,224672,1116691,1341363,4.97031672838627
631673,224685,1116746,1341431,4.970273939070254
632196,224875,1117345,1342220,4.968738187882157
632251,224897,1117419,1342316,4.968581172714621
632324,224936,1117510,1342446,4.968124266458014
632424,224991,1117666,1342657,4.9676031485703875
632459,225022,1117769,1342791,4.9673765231844
632516,225022,1117848,1342870,4.967727599968003
632549,225027,1117864,1342891,4.967688321845823
632613,225047,1117910,1342957,4.9674512435180205
633085,225234,1118729,1343963,4.9669632471118925
634161,225234,1118729,1343963,4.9669632471118925
634182,225249,1118783,1344032,4.966872216968777
634210,225265,1118822,1344087,4.9666925620935345
634344,225436,1119244,1344680,4.964797104277933
634374,225455,1119339,1344794,4.964800070967599
634403,225469,1119365,1344834,4.964607107850747
634475,225531,1119466,1344997,4.963690135724136
634706,225584,1120230,1345814,4.965910702886729
634839,225691,1120435,1346126,4.964464688445707
634847,225693,1120437,1346130,4.964429556964549
634890,225707,1120507,1346214,4.964431763303752
634948,225710,1120541,1346251,4.964516414868637
635005,225710,1120691,1346401,4.965180984449072
635038,225739,1120806,1346545,4.965052560700632
635072,225778,1120862,1346640,4.964442948382925
635091,225781,1120895,1346676,4.9645231441086715
635144,225806,1120956,1346762,4.964243642773
635250,225806,1121019,1346825,4.964522643331001
635287,225848,1121106,1346954,4.963984626828664
635290,225848,1121115,1346963,4.964024476639156
635595,226009,1121645,1347654,4.962833338495369
635629,226029,1121685,1347714,4.9625711744953085
635639,226033,1121693,1347726,4.962518747262568
635657,226038,1121715,1347753,4.962506304249728
635671,226043,1121789,1347832,4.962723906513363
635683,226044,1121822,1347866,4.9628479411088104
635696,226044,1121822,1347866,4.9628479411088104
635846,226159,1122123,1348282,4.96165529561061
635874,226164,1122160,1348324,4.961709202171876
635940,226210,1122308,1348518,4.96135449361213
635992,226218,1122375,1348593,4.961475214173938
636003,226221,1122387,1348608,4.961462463697004
636069,226237,1122479,1348716,4.961518230881774
636086,226245,1122496,1348741,4.961417931887998
636346,226449,1123040,1349489,4.959350670570416
636426,226456,1123088,1349544,4.959409333380436
636449,226464,1123122,1349586,4.959384272997033
636499,226478,1123155,1349633,4.95922341242858
636509,226482,1123171,1349653,4.959206471154441
636520,226487,1123195,1349682,4.959202956461077
636590,226487,1123323,1349810,4.959768110310967
636593,226488,1123326,1349814,4.9597594574547
636611,226495,1123363,1349858,4.959769531336232
636651,226503,1123394,1349897,4.959731217688066
636654,226503,1123403,1349906,4.959770952261118
636674,226518,1123438,1349956,4.959597029816615
636715,226534,1123476,1350010,4.959414480828485
636847,226602,1123666,1350268,4.958764706401532
636861,226605,1123696,1350301,4.958831446790671
636915,226631,1123834,1350465,4.9588714694812275
636968,226655,1123923,1350578,4.958739052745362
637000,226668,1123982,1350650,4.9587149487355955
637098,226693,1124221,1350914,4.959222384458276
637119,226693,1124264,1350957,4.95941206830383
637312,226829,1124560,1351389,4.9577434984062885
637339,226837,1124584,1351421,4.957674453462178
637399,226850,1124602,1351452,4.957469693630152
637519,226904,1124746,1351650,4.956924514332052
637593,226904,1124746,1351650,4.956924514332052
637625,226906,1124753,1351659,4.956911672675028
637744,226978,1124896,1351874,4.955969300989524
637765,226978,1124925,1351903,4.956097066676065
637819,227003,1125010,1352013,4.955925692611992
637872,227043,1125163,1352206,4.955726448293936
637889,227046,1125181,1352227,4.955740246469879
638014,227142,1125430,1352572,4.954741967579752
638085,227142,1125557,1352699,4.9553010891865
638094,227142,1125577,1352719,4.955389139833232
638116,227154,1125618,1352772,4.9553078528223145
638208,227197,1125760,1352957,4.954995004335444
638219,227197,1125770,1352967,4.9550390190011315
638519,227197,1125992,1353189,4.956016144579374
638533,227214,1126059,1353273,4.955940214951544
638538,227216,1126066,1353282,4.95592739947891
638727,227241,1126199,1353440,4.955967453056447
639018,227350,1126900,1354250,4.956674730591599
639045,227371,1126931,1354302,4.956353272844822
639127,227409,1127200,1354609,4.9567079579084385
639188,227409,1127318,1354727,4.957226846782669
639208,227409,1127339,1354748,4.957319191412829
639234,227417,1127359,1354776,4.9572327486511565
639235,227417,1127361,1354778,4.95724154306846
639594,227564,1127931,1355495,4.9565440930902955
639626,227579,1127994,1355573,4.956494228377838
639669,227601,1128054,1355655,4.956278750972096
639762,227624,1128235,1355859,4.9565731205848245
639840,227689,1128422,1356111,4.955979428079529
639901,227705,1128529,1356234,4.956101095715948
639981,227731,1128592,1356323,4.9558119008830595
640105,227810,1129136,1356946,4.956481278258198
640345,227810,1129986,1357796,4.960212457749879
640378,227844,1130047,1357891,4.959739997542178
640407,227856,1130108,1357964,4.95974650656555
640463,227874,1130135,1358009,4.959473217655371
640495,227888,1130197,1358085,4.9594406024011795
640512,227898,1130225,1358123,4.959345847703798
640517,227904,1130232,1358136,4.95924599831508
640749,227904,1130790,1358694,4.961694397641112
640751,227907,1130801,1358708,4.96167735084925
640763,227912,1130819,1358731,4.961647477973955
640806,227928,1130888,1358816,4.96160190937489
641218,228124,1131771,1359895,4.961209692973997
642219,228124,1133473,1361597,4.968670547596921
642375,228194,1133632,1361826,4.967843151003094
642408,228218,1133701,1361919,4.9676230621598645
642636,228225,1133783,1362008,4.9678299923321285
642694,228239,1133882,1362121,4.967959025407577
642859,228269,1134022,1362291,4.967919428393693
642892,228274,1134038,1362312,4.9678807047670785
642893,228276,1134046,1362322,4.96787222485062
642902,228278,1134069,1362347,4.967929454437134
643162,228364,1134269,1362633,4.966934367938904
643201,228364,1134292,1362656,4.967035084339038
643211,228375,1134317,1362692,4.966905309250137
643827,228720,1135437,1364157,4.964310073452256
643899,228737,1135504,1364241,4.9642340329723655
643904,228740,1135511,1364251,4.964199527848212
644026,228822,1135779,1364601,4.96359178750295
644125,228849,1135950,1364799,4.96375339197462
644144,228852,1135967,1364819,4.9637626064006435
644308,228894,1136095,1364989,4.96341101121043
644392,228932,1136258,1365190,4.963299145597819
644509,228957,1136477,1365434,4.96371371043471
645286,228983,1137589,1366572,4.968006358550634
645349,229008,1137644,1366652,4.967704185006637
645367,229017,1137708,1366725,4.967788417453726
645564,229053,1138136,1367189,4.96887619895832
645632,229092,1138209,1367301,4.968348960243047
645662,229107,1138229,1367336,4.968110969983457
645674,229107,1138250,1367357,4.968202630212084
645770,229154,1138415,1367569,4.96790368049434
645881,229154,1138724,1367878,4.969252118662559
645903,229163,1138779,1367942,4.969296963296867
645951,229196,1138861,1368057,4.968939248503465
645965,229198,1138893,1368091,4.969035506418032
645981,229198,1138922,1368120,4.969162034572728
645984,229198,1138929,1368127,4.969192575851447
646098,229218,1139162,1368380,4.969775497561273
646218,229292,1139389,1368681,4.969161593077822
646266,229297,1139457,1368754,4.9693497952437236
646295,229308,1139506,1368814,4.969325099865683
646477,229308,1139780,1369088,4.970519999302248
646976,229385,1140088,1369473,4.970194214966105
647090,229449,1140269,1369718,4.969596729556459
647136,229458,1140353,1369811,4.969767887805176
647182,229470,1140384,1369854,4.969643090600078
647184,229470,1140389,1369859,4.969664879940733
647197,229473,1140405,1369878,4.969669634336066
647361,229523,1140757,1370280,4.970120641504337
647381,229523,1140802,1370325,4.970316700287118
647406,229523,1140827,1370350,4.970425621833106
647448,229539,1140906,1370445,4.970423326754931
647492,229569,1140960,1370529,4.9700090168968805
647513,229569,1140960,1370529,4.9700090168968805
647554,229585,1141026,1370611,4.969950127403794
647597,229600,1141109,1370709,4.96998693379791
648308,229876,1142013,1371889,4.96795228732012
648324,229887,1142032,1371919,4.967797222113473
648336,229891,1142043,1371934,4.967758633439326
648370,229900,1142103,1372003,4.967825141365811
648808,230093,1142642,1372735,4.9660007040631395
648838,230112,1142704,1372816,4.965860102906411
649022,230215,1143000,1373215,4.964924092695958
649853,230224,1144372,1374596,4.970689415525749
650221,230302,1144820,1375122,4.970951185834252
650282,230337,1144961,1375298,4.970807990031997
650395,230337,1145081,1375418,4.971328965819647
650533,230365,1145385,1375750,4.972044364378269
650563,230379,1145438,1375817,4.9719722717782435
650591,230386,1145466,1375852,4.97194273957619
650621,230401,1145494,1375895,4.971740574042648
650766,230431,1145766,1376197,4.972273695813497
651268,230606,1146391,1376997,4.971210636323426
651316,230610,1146441,1377051,4.971341225445557
651562,230679,1146754,1377433,4.971211076864387
651590,230686,1146778,1377464,4.971164266578813
651611,230696,1146803,1377499,4.971057148801886
651734,230706,1147266,1377972,4.972848560505579
651772,230718,1147374,1378092,4.973058018880192
651892,230757,1147458,1378215,4.972581546821981
651985,230757,1147601,1378358,4.973201246332723
652050,230757,1147729,1378486,4.97375594239828
652065,230762,1147759,1378521,4.973778178382923
652124,230798,1147844,1378642,4.973370653125244
652186,230861,1147940,1378801,4.972429297282781
652253,230868,1148031,1378899,4.972672696086075
652361,230918,1148176,1379094,4.972223906321725
652404,230925,1148253,1379178,4.972406625527769
652424,230936,1148273,1379209,4.9722563827207535
652428,230938,1148282,1379220,4.972252292823182
652495,230993,1148509,1379502,4.9720511011156185
652601,231036,1148651,1379687,4.971740334839592
652745,231108,1148829,1379937,4.970961628329612
652797,231122,1148860,1379982,4.970794645252291
653031,231283,1149161,1380444,4.968635827103592
653055,231294,1149205,1380499,4.968589760218596
653215,231411,1149549,1380960,4.967564203948818
653398,231420,1150617,1382037,4.971985999481462
653408,231420,1150633,1382053,4.972055137844611
653464,231438,1150757,1382195,4.972204218840467
653662,231587,1151617,1383204,4.972718675918769
653681,231600,1151646,1383246,4.972564766839378
653704,231610,1151704,1383314,4.972600492206727
653712,231610,1151723,1383333,4.972682526661198
653743,231610,1151777,1383387,4.97291567721601
653872,231611,1152159,1383770,4.974543523407783
653921,231624,1152216,1383840,4.974510413428661
654054,231624,1152216,1383840,4.974510413428661
654108,231651,1152298,1383949,4.974284591907654
654391,231651,1152746,1384397,4.976218535641979
654487,231697,1152947,1384644,4.976098093630906
654589,231715,1153052,1384767,4.976164685065705
654613,231722,1153080,1384802,4.976135196485444
654630,231733,1153118,1384851,4.976062969020381
654639,231741,1153143,1384884,4.975999067924968
654661,231749,1153160,1384909,4.975900651135496
654798,231770,1153463,1385233,4.976757129913276
654820,231778,1153482,1385260,4.976667328219245
654843,231785,1153511,1385296,4.976642146817094
654912,231808,1153572,1385380,4.976411512976256
655004,231808,1153572,1385380,4.976411512976256
655049,231823,1153647,1385470,4.9764130392584
655161,231823,1153831,1385654,4.977206748251899
655245,231896,1153987,1385883,4.976312657398144
655290,231924,1154077,1386001,4.97609992928718
655357,231944,1154131,1386075,4.975903666402235
655503,231990,1154269,1386259,4.9755118755118755
655695,232064,1154661,1386725,4.975614485659128
655713,232066,1154675,1386741,4.975631932295123
655772,232088,1154768,1386856,4.975560994105684
655778,232093,1154773,1386866,4.975475348244023
656040,232283,1155407,1387690,4.974134999117456
656456,232283,1156149,1388432,4.97732937838757
657761,233008,1159846,1392854,4.977708919865412
657769,233010,1159852,1392862,4.977691944551736
657792,233010,1159886,1392896,4.977837861036007
657854,233046,1159994,1393040,4.97753233267252
658003,233100,1160251,1393351,4.977481767481767
658025,233102,1160258,1393360,4.977469090784292
658058,233120,1160309,1393429,4.977303534660261
658067,233120,1160329,1393449,4.977389327385038
658247,233219,1160584,1393803,4.9763698497978295
658275,233232,1160638,1393870,4.976324003567264
658285,233232,1160664,1393896,4.976435480551554
658346,233255,1160776,1394031,4.976424942659321
658389,233298,1160878,1394176,4.9759449288035045
658748,233298,1161937,1395235,4.980484187605552
658757,233300,1161953,1395253,4.980510072867553
659596,233706,1163393,1397099,4.978019391885532
659760,233712,1163747,1397459,4.979406277812008
659855,233748,1163828,1397576,4.978985916457039
659926,233800,1163978,1397778,4.9785201026518395
659961,233827,1164022,1397849,4.978133406321768
660080,233949,1164319,1398268,4.976806910907933
660202,233960,1164467,1398427,4.977205505214567
660253,233980,1164568,1398548,4.9772117274980765
660263,233987,1164584,1398571,4.977131208144042
660298,233994,1164664,1398658,4.977324204894143
660330,234013,1164714,1398727,4.977133748979758
660334,234017,1164722,1398739,4.977082861501515
660393,234017,1164823,1398840,4.977514454078123
660481,234025,1164947,1398972,4.977874158743724
660553,234043,1164999,1399042,4.977713497092415
661117,234365,1166131,1400496,4.975704563394705
661151,234373,1166168,1400541,4.97569259257679
661197,234411,1166247,1400658,4.975223005746317
661393,234468,1166518,1400986,4.975169319480696
662083,234756,1167212,1401968,4.972022014346811
662210,234858,1167408,1402266,4.970697187236543
662333,234930,1167635,1402565,4.970140041714553
662338,234934,1167651,1402585,4.970123524053564
662356,234934,1167661,1402595,4.97016608919952
662391,234952,1167707,1402659,4.969981102523069
662410,234957,1167745,1402702,4.97003707061292
662416,234962,1167750,1402712,4.969952588078073
662437,234962,1167794,1402756,4.970139852401665
663777,235458,1169052,1404510,4.965012868537064
663816,235471,1169130,1404601,4.965070008621019
663834,235480,1169150,1404630,4.964965177509767
663841,235485,1169154,1404639,4.964876743741639
663860,235501,1169178,1404679,4.964641339102594
663927,235513,1169226,1404739,4.964592188117004
664071,235513,1169401,1404914,4.965335246886584
664145,235525,1169459,1404984,4.965328521388388
664161,235525,1169485,1405010,4.965438913066554
664233,235528,1169669,1405197,4.966156890051289
664244,235537,1169684,1405221,4.966030814691535
664270,235543,1169718,1405261,4.96604866202774
664301,235552,1169759,1405311,4.96603297785627
664323,235566,1169787,1405353,4.965856702580169
664340,235572,1169796,1405368,4.965768427487138
664443,235674,1170036,1405710,4.964637592606737
664497,235712,1170174,1405886,4.964422685310888
664575,235788,1170348,1406136,4.963560486538755
664829,235991,1170996,1406987,4.962036687839791
664885,236026,1171068,1407094,4.961605924771
665034,236102,1171291,1407393,4.960953316786813
665071,236113,1171354,1407467,4.960989017970209
665141,236113,1171482,1407595,4.961531131280362
665144,236113,1171495,1407608,4.961586189663424
665209,236156,1171663,1407819,4.9613941631802705
665221,236156,1171697,1407853,4.961538135808533
665268,236172,1171762,1407934,4.9614772284606135
665551,236172,1172210,1408382,4.96337415104246
665579,236189,1172239,1408428,4.963139688977895
665590,236194,1172267,1408461,4.963153170698663
665749,236259,1172396,1408655,4.96233371003856
665830,236299,1172520,1408819,4.962018459663392
666097,236447,1173003,1409450,4.960955309223632
666108,236447,1173030,1409477,4.961069499718753
666134,236460,1173049,1409509,4.960877103949928
666206,236484,1173180,1409664,4.960927589181509
666425,236600,1173763,1410363,4.960959425190194
666472,236629,1173815,1410444,4.9605711894991735
666512,236649,1173868,1410517,4.960375915385233
666514,236651,1173869,1410520,4.960338219572281
666522,236656,1173877,1410533,4.960267223311473
666537,236663,1173918,1410581,4.960293751029946
666559,236663,1173970,1410633,4.960513472743944
666677,236722,1174213,1410935,4.960303647316262
666921,236846,1174955,1411801,4.960839532861015
666956,236869,1175036,1411905,4.960699796089822
666970,236875,1175068,1411943,4.960709234828496
666997,236891,1175132,1412023,4.960644346978146
667041,236894,1175205,1412099,4.960889680616647
667573,236977,1176950,1413927,4.966515737814218
667578,236981,1176955,1413936,4.966453006781134
667608,236992,1176982,1413974,4.96633641641912
667624,237005,1177021,1414026,4.966228560578891
667699,237021,1177170,1414191,4.9665219537509335
667739,237044,1177240,1414284,4.966335363898685
667784,237049,1177327,1414376,4.966597623276201
667793,237053,1177333,1414386,4.966539128380573
667826,237086,1177413,1414499,4.9661852661059696
667844,237094,1177427,1414521,4.966076745931993
667910,237094,1177583,1414677,4.966734712814326
668441,237388,1178400,1415788,4.964025140276678
669266,237460,1182292,1419752,4.978910132232797
669276,237464,1182309,1419773,4.9788978539904996
669283,237465,1182339,1419804,4.979003221527383
669340,237514,1182488,1420002,4.978603366538393
669343,237516,1182491,1420007,4.978574075009684
669377,237525,1182625,1420150,4.9789495842542895
669408,237533,1182681,1420214,4.979017652284104
669408,237533,1182681,1420214,4.979017652284104
669417,237535,1182697,1420232,4.979043088386975
669434,237536,1182719,1420255,4.979114744712381
669470,237576,1182804,1420380,4.9786342054753
669577,237639,1182960,1420599,4.977970787623244
669754,237645,1183335,1420980,4.979423089061415
670089,237645,1183986,1421631,4.982162469229313
670379,237704,1184232,1421936,4.98196075791741
670395,237710,1184246,1421956,4.981893904337218
670892,238070,1185426,1423496,4.9793170076028055
670933,238082,1185465,1423547,4.979229845179392
670974,238082,1185550,1423632,4.979586865029695
671084,238104,1185699,1423803,4.97975254510634
671132,238113,1185803,1423916,4.980001091918543
671208,238164,1185876,1424040,4.979241195142842
671231,238171,1185921,1424092,4.979283791897418
671301,238171,1186049,1424220,4.979821220887514
671659,238274,1186598,1424872,4.979972636544482
671682,238291,1186638,1424929,4.97978522059163
671705,238291,1186682,1424973,4.979969868773894
672152,238412,1187600,1426012,4.9812928879418825
672177,238423,1187630,1426053,4.981188895366638
672198,238430,1187647,1426077,4.981113953780984
672229,238445,1187665,1426110,4.980876093019354
672287,238463,1187760,1426223,4.980898504170458
673414,238928,1190613,1429541,4.983145550123886
673577,238961,1190734,1429695,4.9829637472223505
673808,239016,1190970,1429986,4.982804498443619
673887,239058,1191110,1430168,4.982514703544746
673918,239081,1191164,1430245,4.982261242005848
674133,239090,1192435,1431525,4.987389685892341
674156,239109,1192460,1431569,4.987097934414848
674236,239174,1192645,1431819,4.98651609288635
674313,239187,1192780,1431967,4.9868094837930155
674339,239196,1192861,1432057,4.9869604842890345
674378,239214,1192915,1432129,4.986810972601938
674474,239232,1193034,1432266,4.986933186195826
675049,239583,1194205,1433788,4.984514761064015
675158,239583,1194318,1433901,4.984986413894141
675324,239719,1194650,1434369,4.983543231867311
675404,239790,1194800,1434590,4.982693189874474
675421,239796,1194818,1434614,4.982643580376654
675643,239999,1195316,1435315,4.980504085433689
675673,240007,1195332,1435339,4.980404738195136
675694,240009,1195343,1435352,4.980409067993284
675726,240013,1195360,1435373,4.9803968951681785
675862,240086,1195476,1435562,4.979365727281057
675987,240088,1195955,1436043,4.981319349571824
676014,240111,1195996,1436107,4.981012948178134
676021,240114,1196004,1436118,4.980984032584522
676073,240126,1196144,1436270,4.981318141309146
676093,240140,1196194,1436334,4.981235945698343
676186,240140,1196337,1436477,4.981831431664862
676209,240153,1196389,1436542,4.981778283011247
676248,240153,1196505,1436658,4.982261308415885
676268,240153,1196526,1436679,4.982348752670172
676306,240175,1196601,1436776,4.982204642448215
676975,240238,1197478,1437716,4.984548655916217
677003,240259,1197510,1437769,4.984246167677382
677015,240265,1197525,1437790,4.9841841300231
677036,240279,1197544,1437823,4.983972798288656
677075,240291,1197606,1437897,4.983981921919672
677156,240336,1197755,1438091,4.983668697157313
677250,240405,1197917,1438322,4.982912169048065
677293,240423,1197951,1438374,4.982680525573676
677339,240437,1197997,1438434,4.982581715792494
677346,240439,1198005,1438444,4.982573542561731
677501,240498,1198260,1438758,4.982411496145498
677565,240511,1198389,1438900,4.9826785469271675
677584,240521,1198412,1438933,4.982567010780763
677603,240532,1198436,1438968,4.98243892704505
677722,240593,1198535,1439128,4.981587161721247
677763,240615,1198639,1439254,4.981563909149471
677796,240625,1198672,1439297,4.981494025974026
677826,240625,1198672,1439297,4.981494025974026
677841,240630,1198687,1439317,4.981452852927731
677863,240639,1198717,1439356,4.981391212563217
677945,240669,1198960,1439629,4.981779955041987
677967,240673,1198981,1439654,4.9817844128755615
678012,240705,1199077,1439782,4.981520948879334
678031,240719,1199092,1439811,4.981293541432127
678057,240719,1199147,1439866,4.981522023604286
678058,240719,1199149,1439868,4.981530332046909
678085,240721,1199164,1439885,4.9815512564337965
678278,240721,1199164,1439885,4.9815512564337965
678288,240726,1199179,1439905,4.9815100986183465
678530,240895,1199822,1440717,4.98068453060462
678674,240978,1200058,1441036,4.979948377030269
678740,240991,1200197,1441188,4.98025652410256
678741,240991,1200199,1441190,4.98026482316767
679891,241151,1201925,1443076,4.984117834883538
680095,241151,1202280,1443431,4.985589941571878
680133,241167,1202347,1443514,4.98553699303802
680300,241191,1202785,1443976,4.986856889353251
680387,241232,1202930,1444162,4.986610399946939
680554,241254,1203287,1444541,4.987635438168901
680613,241319,1203471,1444790,4.987054479755013
681256,241517,1203974,1445491,4.985048671522088
681258,241518,1203978,1445496,4.985044592949594
681287,241535,1204005,1445540,4.9848055147287145
681421,241573,1204183,1445756,4.984758230431381
681478,241594,1204240,1445834,4.984560874856164
681559,241633,1204374,1446007,4.984310917796824
681668,241708,1204609,1446317,4.98373657470998
681696,241717,1204622,1446339,4.983604794036001
681824,241748,1204715,1446463,4.98335043102735
681839,241757,1204729,1446486,4.983222822917226
681851,241759,1204740,1446499,4.983227098060465
681871,241775,1204779,1446554,4.983058628890498
681882,241778,1204791,1446569,4.983046431023501
682201,241882,1205083,1446965,4.982111112029833
682356,241896,1205390,1447286,4.9830919072659325
682367,241901,1205400,1447301,4.983030247911335
682376,241909,1205422,1447331,4.982956400960692
683132,241909,1207268,1449177,4.990587369630729
683395,241923,1207846,1449769,4.992687756021544
683418,241936,1207872,1449808,4.992526949275842
683448,241945,1207915,1449860,4.99251896092087
683458,241955,1207928,1449883,4.992366349114505
683472,241955,1207954,1449909,4.9924738071128925
683677,242019,1208416,1450435,4.9930625281486165
684145,242045,1209387,1451432,4.996537833873867
684190,242056,1209476,1451532,4.996678454572495
684290,242073,1209803,1451876,4.99767838627191
684304,242080,1209818,1451898,4.9975958360872434
684310,242083,1209830,1451913,4.997583473436796
684862,242301,1211208,1453509,4.998774251860289
684913,242319,1211299,1453618,4.99877846970316
685308,242448,1211851,1454299,4.998395532237841
685349,242477,1211916,1454393,4.9980657959311605
685362,242480,1211921,1454401,4.99802457934675
685674,242666,1212314,1454980,4.995813175310921
685689,242666,1212319,1454985,4.995833779763132
685743,242673,1212426,1455099,4.9961305954927
685788,242713,1212506,1455219,4.995636822090288
685977,242737,1212713,1455450,4.995995666091284
686005,242759,1212744,1455503,4.995670603355592
686266,242832,1212875,1455707,4.994708275680305
686559,242915,1213178,1456093,4.994249017145915
686593,242915,1213280,1456195,4.994668917110924
686600,242915,1213280,1456195,4.994668917110924
686696,242981,1213460,1456441,4.994053032953194
687228,242995,1214778,1457773,4.999189283730118
688532,243464,1216451,1459915,4.996430683797194
688589,243540,1216604,1460144,4.995499712572883
688607,243546,1216657,1460203,4.995594261453689
688822,243546,1217154,1460700,4.997634943706733
688854,243555,1217258,1460813,4.997877276179918
689060,243618,1217671,1461289,4.99828009424591
689091,243678,1217719,1461397,4.997246366106091
689130,243695,1217867,1461562,4.997505078068897
689201,243732,1217971,1461703,4.997173124579456
689303,243815,1218171,1461986,4.996292270779074
689692,243880,1218889,1462769,4.997904707233065
689759,243884,1218983,1462867,4.998208164537239
689815,243896,1219075,1462971,4.998339456161642
689850,243904,1219119,1463023,4.998355910522172
690006,243976,1219264,1463240,4.997475161491294
690072,243976,1219420,1463396,4.998114568646097
690122,243994,1219487,1463481,4.99802044312565
690247,244042,1219699,1463741,4.99790609813065
691039,244051,1221636,1465687,5.005658653314266
691074,244061,1221686,1465747,5.0056584214602085
691132,244075,1221792,1465867,5.005805592543275
691176,244103,1221879,1465982,5.005587805147827
691187,244109,1221893,1466002,5.0055221233137654
691217,244115,1221939,1466054,5.0055875304671975
691228,244120,1221953,1466073,5.005542356218253
691638,244120,1222808,1466928,5.0090447320989675
691791,244221,1223147,1467368,5.008361279333063
706655,244304,1334919,1579223,5.464171687733316
706920,244304,1335708,1580012,5.467401270548169
707054,244392,1335897,1580289,5.466205931454385
707134,244392,1336053,1580445,5.466844250220957
707426,244392,1336554,1580946,5.468894235490524
707556,244392,1336940,1581332,5.4704736652590915
707597,244419,1336989,1581408,5.470069839087796
707740,244419,1337128,1581547,5.47063853464747
707758,244426,1337154,1581580,5.470588235294118
707802,244455,1337232,1581687,5.470258329753943
707819,244460,1337242,1581702,5.470187351713982
707888,244492,1337393,1581885,5.470089000867104
707969,244506,1337458,1581964,5.470041634970103
707987,244518,1337480,1581998,5.469863159358411
708039,244557,1337553,1582110,5.469289368122769
708146,244610,1337678,1582288,5.468615346878705
708276,244630,1337885,1582515,5.469014429955443
708305,244630,1337925,1582555,5.469177942198422
708469,244638,1338010,1582648,5.469346544690523
708472,244638,1338019,1582657,5.4693833337421
708487,244641,1338037,1582678,5.469389840623608
708567,244689,1338113,1582802,5.468627523100753
708580,244689,1338113,1582802,5.468627523100753
708874,244698,1338504,1583202,5.470024274820391
708919,244707,1338589,1583296,5.470170448740739
709138,244820,1339065,1583885,5.46958990278572
709192,244858,1339159,1584017,5.4691249622230025
709195,244858,1339161,1584019,5.469133130222414
709784,244891,1339717,1584608,5.470666541440886
710359,245095,1340462,1585557,5.469152777494441
710382,245114,1340494,1585608,5.468859387876662
710550,245181,1340820,1586001,5.468694556266595
710720,245181,1341165,1586346,5.470101679983359
710752,245192,1341230,1586422,5.47012137426996
711209,245455,1342255,1587710,5.468436169562649
711342,245505,1342425,1587930,5.468014908046679
711351,245505,1342436,1587941,5.468059713651453
711453,245546,1342604,1588150,5.467830874866624
711618,245555,1343545,1589100,5.471462605119016
711623,245556,1343549,1589105,5.471456612748212
711653,245559,1343587,1589146,5.471544516796371
711736,245637,1343803,1589440,5.470686419391216
711765,245640,1343826,1589466,5.470713238886175
711809,245643,1343942,1589585,5.471118655935647
711858,245653,1344014,1589667,5.4711890349395285
711905,245674,1344085,1589759,5.471010363327011
711976,245684,1344133,1589817,5.470983051399359
711977,245684,1344135,1589819,5.470991191937611
711979,245684,1344137,1589821,5.470999332475864
711987,245690,1344147,1589837,5.470906426797997
712384,245741,1344828,1590569,5.472542229420406
712413,245760,1344880,1590640,5.472330729166667
712435,245760,1344895,1590655,5.472391764322917
712546,245760,1345110,1590870,5.4732666015625
712651,245846,1345351,1591197,5.472332273048982
712657,245848,1345359,1591207,5.472320295467118
712666,245853,1345375,1591228,5.472274082480181
713290,245908,1346198,1592106,5.474396928932771
713328,245934,1346297,1592231,5.474220725885806
713579,246015,1346646,1592661,5.473836961160905
713635,246022,1346679,1592701,5.473815349846761
713648,246028,1346706,1592734,5.473791600955988
713649,246028,1346711,1592739,5.473811923846067
713744,246029,1347052,1593081,5.475175690670612
713832,246063,1347137,1593200,5.474764592807533
713864,246081,1347184,1593265,5.4745551261576475
714251,246370,1347828,1594198,5.470747250071032
714258,246373,1347836,1594209,5.470713105738048
714295,246377,1347880,1594257,5.470802875268389
714320,246381,1347945,1594326,5.470977875729054
714390,246422,1348162,1594584,5.4709482107928675
714608,246451,1348733,1595184,5.472621332435251
714643,246451,1348785,1595236,5.472832327724375
714684,246488,1348866,1595354,5.472339424231605
714705,246495,1348928,1595423,5.472435546359967
714727,246495,1348968,1595463,5.472597821456825
714748,246503,1349001,1595504,5.472554086562841
714827,246532,1349139,1595671,5.472470105300732
714830,246532,1349148,1595680,5.4725066117177485
714864,246546,1349204,1595750,5.472422996114315
715106,246546,1349377,1595923,5.473124690727086
717280,246720,1352916,1599636,5.483608949416342
717321,246730,1352962,1599692,5.483573136627082
717331,246730,1352991,1599721,5.483690674016131
717473,246833,1353230,1600063,5.482370671668699
717560,246857,1353358,1600215,5.482356181919087
717590,246857,1353413,1600270,5.482578982973949
717639,246869,1353488,1600357,5.482616286370504
717684,246885,1353753,1600638,5.483334345950544
717750,246894,1353777,1600671,5.4832316702714525
717768,246894,1353809,1600703,5.4833612805495475
717846,246894,1353919,1600813,5.4838068158805
717879,246933,1353994,1600927,5.483244442824572
717890,246933,1354006,1600939,5.483293039002483
717924,246934,1354088,1601022,5.48360290603967
718006,246940,1354159,1601099,5.483757187980886
718480,247202,1354813,1602015,5.480590771919321
718491,247214,1354849,1602063,5.480470361710906
718501,247217,1354867,1602084,5.480476666248681
718880,247322,1355135,1602457,5.4792335497853
718899,247324,1355157,1602481,5.479278193786288
718920,247324,1355203,1602527,5.479464184632304
719183,247324,1355694,1603018,5.4814494347495595
719280,247371,1355815,1603186,5.4808971140513645
719363,247426,1356069,1603495,5.480705342203326
719370,247430,1356074,1603504,5.480636947823627
719761,247442,1357159,1604601,5.484756023633821
719787,247451,1357220,1604671,5.484803051917349
719800,247460,1357247,1604707,5.4847126808373075
720032,247460,1357570,1605030,5.486017942293704
720417,247794,1358486,1606280,5.482319991605931
720463,247802,1358528,1606330,5.482312491424605
720464,247802,1358530,1606332,5.482320562384484
720503,247816,1358574,1606390,5.4821883978435615
720525,247827,1358730,1606557,5.4825745378832815
720562,247850,1358800,1606650,5.482348194472463
720576,247853,1358811,1606664,5.482326217556374
720581,247853,1358811,1606664,5.482326217556374
720629,247853,1358954,1606807,5.482903172444957
720636,247857,1358966,1606823,5.482863102514757
720663,247863,1359003,1606866,5.4828796552934485
720683,247863,1359024,1606887,5.482964379516104
720857,247955,1359202,1607157,5.481647879655583
720887,247955,1359257,1607212,5.481869694097719
720918,247970,1359311,1607281,5.481755857563415
720981,247991,1359399,1607390,5.481646511365332
721399,248183,1360470,1608653,5.481721149313208
721433,248196,1360501,1608697,5.481558929233348
721457,248202,1360524,1608726,5.481519085261199
721588,248202,1360524,1608726,5.481519085261199
721705,248250,1360721,1608971,5.4812527693857
721745,248275,1360816,1609091,5.481083475984292
721771,248302,1360867,1609169,5.480692865945501
721818,248318,1360947,1609265,5.480661893217568
722062,248427,1361250,1609677,5.479476868456327
722085,248446,1361305,1609751,5.479279199504117
722086,248446,1361307,1609753,5.479287249543161
722097,248456,1361317,1609773,5.479106964613453
722341,248677,1361977,1610654,5.4768917109342645
722367,248690,1362024,1610714,5.476794402669991
722481,248721,1362152,1610873,5.476626420768652
722663,248850,1362567,1611417,5.475455093429777
722674,248854,1362580,1611434,5.47541932217284
722703,248858,1362590,1611448,5.475371496998288
722956,248861,1363029,1611890,5.47706952877309
723060,248884,1363109,1611993,5.476884813808843
723093,248896,1363165,1612061,5.4768457508356905
723113,248912,1363199,1612111,5.476630295044032
723141,248929,1363228,1612157,5.476372780993778
723147,248929,1363241,1612170,5.476425004720221
723238,248929,1363289,1612218,5.476617830787092
724235,249182,1365658,1614840,5.48056440673885
724291,249238,1365916,1615154,5.480368162158259
724354,249286,1366050,1615336,5.479850452893464
724395,249286,1366099,1615385,5.480047014272763
724542,249286,1366355,1615641,5.481073947193184
724597,249319,1366426,1615745,5.480633244959269
724606,249329,1366441,1615770,5.480473591118562
724849,249329,1366855,1616184,5.482134047784253
724880,249342,1366916,1616258,5.4820928684297066
724934,249367,1366994,1616361,5.481856059542762
724952,249377,1367011,1616388,5.481704407383199
724970,249381,1367041,1616422,5.481736780267943
725059,249452,1367223,1616675,5.48090614627263
725191,249524,1367524,1617048,5.480530930892419
725369,249554,1367666,1617220,5.480441106934772
725390,249561,1367690,1617251,5.480383553519981
725564,249633,1367874,1617507,5.479539964668133
725981,249633,1368837,1618470,5.48339762771749
726019,249648,1368861,1618509,5.483164295327821
726056,249691,1368956,1618647,5.482600494210844
726115,249721,1369028,1618749,5.482230168868457
726134,249721,1369043,1618764,5.482290235903268
726155,249746,1369061,1618807,5.481813522538899
726240,249746,1369202,1618948,5.482378096145684
726256,249752,1369223,1618975,5.482330471828053
726272,249752,1369249,1619001,5.482434575098497
726339,249770,1369402,1619172,5.482652039876687
726343,249770,1369407,1619177,5.48267205829363
726488,249780,1369601,1619381,5.483229241732725
726515,249784,1369626,1619410,5.483241520673862
726546,249784,1369706,1619490,5.483561797392947
727187,249784,1370677,1620461,5.487449156070845
727196,249789,1370687,1620476,5.487379348169855
727196,249789,1370687,1620476,5.487379348169855
727337,249876,1371071,1620947,5.487005554755158
727428,249933,1371193,1621126,5.486242312939868
727550,249967,1371315,1621282,5.485984149907788
727589,249980,1371364,1621344,5.4858948715897276
727697,250051,1371598,1621649,5.485273004307121
727720,250051,1371673,1621724,5.485572943119603
727787,250072,1371763,1621835,5.485472184011005
727937,250154,1372179,1622333,5.485337032388049
728068,250217,1372405,1622622,5.484859142264514
728381,250319,1373054,1623373,5.485216863282451
728390,250324,1373064,1623388,5.485147249165082
728672,250333,1374803,1625136,5.4918967934710965
728705,250342,1374829,1625171,5.491803213204337
728748,250348,1374857,1625205,5.491783437455062
728958,250349,1375417,1625766,5.493998378263943
729066,250481,1375715,1626196,5.492292828597778
729156,250542,1375829,1626371,5.4914106217719985
729166,250542,1375851,1626393,5.491498431400723
730120,250887,1377424,1628311,5.490216711108985
730121,250887,1377426,1628313,5.490224682825335
730157,250896,1377492,1628388,5.490290797780753
730314,250981,1377733,1628714,5.489391627254653
730386,251014,1377902,1628916,5.489343223883926
730421,251028,1377966,1628994,5.489292031167838
730478,251028,1378056,1629084,5.489650556909986
730583,251059,1378265,1629324,5.489805185235343
730671,251090,1378442,1629532,5.48983233103668
730853,251117,1378655,1629772,5.490090276643955
730886,251125,1378705,1629830,5.490114484818317
730906,251131,1378723,1629854,5.490054991219722
730924,251139,1378732,1629871,5.489915942963857
731119,251139,1378984,1630123,5.490919371344156
731147,251146,1379012,1630158,5.4908778160910385
731180,251155,1379066,1630221,5.490896060201868
732452,252269,1382597,1634866,5.480645659989931
732585,252269,1382817,1635086,5.481517744946863
732944,252277,1383868,1636145,5.485509975146367
735555,253411,1388758,1642169,5.480259341543974
735566,253417,1388779,1642196,5.480212456149351
735604,253425,1388823,1642248,5.480213080793134
735783,253473,1388983,1642456,5.479806527716956
735852,253477,1389063,1642540,5.4800356639852925
735880,253513,1389171,1642684,5.479683487631798
735931,253513,1389295,1642808,5.48017261442214
736231,253513,1389838,1643351,5.4823145164153315
736271,253529,1389903,1643432,5.482224913126309
736310,253552,1389993,1643545,5.4820825708335965
736357,253590,1390077,1643667,5.481592334082574
736384,253606,1390114,1643720,5.481392396078957
736399,253606,1390140,1643746,5.4814949173126815
736409,253606,1390169,1643775,5.481609267919529
736422,253607,1390191,1643798,5.481674401731813
736494,253659,1390322,1643981,5.481067101896641
736498,253660,1390328,1643988,5.481069147677994
736518,253671,1390375,1644046,5.481016750042378
736576,253694,1390479,1644173,5.480929781547849
736665,253718,1390635,1644353,5.481026178670808
736691,253738,1390681,1644419,5.4807754455383115
737832,253758,1392643,1646401,5.488075252799912
737891,253806,1392718,1646524,5.4873328447712035
737900,253809,1392742,1646551,5.4873625442754195
739111,253809,1395530,1649339,5.498347182330019
739120,253812,1395544,1649356,5.498337352055852
739191,253839,1395710,1649549,5.49840647024295
739258,253839,1395783,1649622,5.498694054105161
739267,253841,1395806,1649647,5.498741338081713
739311,253881,1395877,1649758,5.498154647255998
740092,253916,1397155,1651071,5.502429937459632
740097,253921,1397163,1651084,5.502353094072566
740132,253933,1397212,1651145,5.502286036080384
740243,254020,1397485,1651505,5.501476261711677
740408,254020,1397846,1651866,5.502897409652784
740427,254032,1397864,1651896,5.502708320211627
740446,254040,1397896,1651936,5.50266099826799
740449,254040,1397905,1651945,5.502696425759723
740580,254105,1398143,1652248,5.502225457979969
740653,254125,1398204,1652329,5.502032464338416
740713,254157,1398296,1652453,5.501701704064811
740847,254180,1398356,1652536,5.501439924462979
740864,254188,1398383,1652571,5.5013729995121725
740876,254195,1398399,1652594,5.501284446979681
740897,254197,1398399,1652596,5.501241163349685
740920,254219,1398448,1652667,5.500957835566972
740953,254256,1398502,1652758,5.500369706122963
741069,254256,1398696,1652952,5.501132716632056
741086,254262,1398714,1652976,5.5010736956367845
741208,254312,1399012,1653324,5.501163924628016
741212,254313,1399028,1653341,5.501205207755797
741319,254344,1399099,1653443,5.500813858396502
741336,254351,1399111,1653462,5.500709649264206
741439,254372,1399371,1653743,5.501277656345824
741445,254378,1399375,1653753,5.501163622640322
741572,254413,1399744,1654157,5.501857216415828
741698,254493,1400062,1654555,5.501377248097197
741704,254493,1400073,1654566,5.501420471289976
741760,254511,1400144,1654655,5.5013103559374645
741767,254514,1400149,1654663,5.501265156337176
741833,254532,1400250,1654782,5.501272924426005
741856,254548,1400276,1654824,5.501029275421532
742059,254595,1400453,1655048,5.500708969147077
742136,254595,1400472,1655067,5.500783597478348
742255,254665,1400796,1655461,5.500543851726778
742383,254701,1400973,1655674,5.500461325240184
742440,254744,1401059,1655803,5.499870458185472
742452,254747,1401089,1655836,5.499923453465596
742733,254798,1401399,1656197,5.500039246775877
742766,254804,1401414,1656218,5.499968603318629
742794,254804,1401454,1656258,5.500125586725483
742818,254804,1401456,1656260,5.500133435895826
742836,254820,1401490,1656310,5.499921513225021
742910,254839,1401524,1656363,5.499644873822295
742995,254839,1401754,1656593,5.500547404439666
743059,254882,1401844,1656726,5.499972536310921
743065,254882,1401862,1656744,5.500043157225696
743313,255025,1402367,1657392,5.498939319674542
743378,255050,1402495,1657545,5.498902176043913
743556,255174,1402940,1658114,5.497973931513399
743567,255174,1402950,1658124,5.498013120458981
743640,255183,1403311,1658494,5.499233883134848
743642,255183,1403316,1658499,5.499253476916566
743660,255183,1403326,1658509,5.49929266448
743714,255201,1403405,1658606,5.499214344771376
743724,255205,1403414,1658619,5.499163417644638
743912,255205,1403693,1658898,5.500256656413471
743925,255205,1403697,1658902,5.500272330087577
744059,255319,1404016,1659335,5.499065874455093
744080,255319,1404064,1659383,5.499253874564761
744146,255361,1404207,1659568,5.498909387102964
744183,255384,1404250,1659634,5.498582526704884
744590,255642,1405082,1660724,5.496287777438762
744635,255657,1405138,1660795,5.496184340737785
744733,255678,1405381,1661059,5.496683328248813
744772,255710,1405461,1661171,5.496308318016503
744832,255740,1405864,1661604,5.49723938374912
744900,255764,1405914,1661678,5.496919034735146
744905,255766,1405917,1661683,5.496887780236623
744942,255778,1405946,1661724,5.496743269554067
747909,257079,1409680,1666759,5.483450612457649
747993,257104,1409807,1666911,5.483411382164416
748118,257152,1409967,1667119,5.483010048531607
749126,257161,1411205,1668366,5.48763226150155
749546,257351,1412013,1669364,5.486720471262983
749547,257351,1412015,1669366,5.486728242750174
749591,257369,1412115,1669484,5.486733056428707
749623,257393,1412154,1669547,5.486372978286123
749734,257422,1412238,1669660,5.486081220719286
749841,257422,1412416,1669838,5.48677269231068
749916,257439,1412531,1669970,5.486857080706497
749956,257446,1412586,1670032,5.48692152917505
749966,257446,1412602,1670048,5.486983678130559
750264,257531,1413367,1670898,5.4881431749964085
750296,257560,1413439,1670999,5.487804783351452
750355,257571,1413510,1671081,5.487846069627404
750405,257602,1413560,1671162,5.487379756368351
750432,257612,1413600,1671212,5.487322019160598
750543,257648,1413716,1671364,5.487005526920449
750553,257652,1413726,1671378,5.486959154208002
750564,257661,1413734,1671395,5.486798545375513
750621,257685,1413790,1671475,5.486504841182064
750653,257685,1413872,1671557,5.486823059161379
750773,257710,1414017,1671727,5.48685343991308
750796,257718,1414039,1671757,5.48676848338106
750835,257735,1414206,1671941,5.487054532756513
750880,257755,1414347,1672102,5.487175806482901
751465,257776,1414823,1672599,5.488575352243808
751595,257815,1415188,1673003,5.489160832379807
751600,257822,1415199,1673021,5.48905446393248
751742,257822,1415386,1673208,5.489779770539364
751900,257822,1415888,1673710,5.491726850307576
751949,257831,1415965,1673796,5.491833798108063
751952,257831,1415974,1673805,5.49186870469416
751968,257847,1415999,1673846,5.491624878319313
751979,257849,1416006,1673855,5.491609430325501
753516,257857,1419208,1677065,5.503856788840326
753687,257861,1419548,1677409,5.505089951563051
753707,257877,1419577,1677454,5.504860844511143
754186,258184,1420514,1678698,5.501944349766059
754271,258233,1420636,1678869,5.50137279123892
754282,258233,1420648,1678881,5.50141926090004
754343,258285,1420782,1679067,5.500830477960393
754402,258322,1420869,1679191,5.500379371482103
754425,258322,1420886,1679208,5.500445180820836
754462,258331,1420961,1679292,5.500543875880169
754558,258331,1421060,1679391,5.500927105148047
754748,258416,1421261,1679677,5.49989551730543
755023,258431,1421580,1680011,5.5008106612596785
755028,258435,1421590,1680025,5.500764215373304
755045,258444,1421609,1680053,5.500646174799956
755077,258461,1421651,1680112,5.500446875930992
755082,258461,1421657,1680118,5.500470090265069
756017,258461,1423077,1681538,5.505964149330073
756037,258461,1423104,1681565,5.506068613833421
756120,258512,1423209,1681721,5.505388531286749
756156,258522,1423287,1681809,5.505477290133915
756201,258550,1423327,1681877,5.5050357764455615
756222,258564,1423380,1681944,5.50494268343621
757061,258564,1425226,1683790,5.512082115066289
757066,258564,1425230,1683794,5.512097585123993
757125,258581,1425382,1683963,5.512323024506828
757146,258581,1425414,1683995,5.512446776832018
757158,258588,1425433,1684021,5.512371030364905
757176,258595,1425460,1684055,5.512326224404958
757271,258649,1425583,1684232,5.511650924612119
757287,258658,1425600,1684258,5.511524870678657
757511,258857,1426232,1685089,5.509729310005138
757691,258929,1426601,1685530,5.5096223289009725
758166,259296,1427844,1687140,5.506617919289152
758279,259296,1427844,1687140,5.506617919289152
758340,259335,1427906,1687241,5.506028881562457
758353,259342,1427936,1687278,5.505995943580292
758358,259342,1427938,1687280,5.506003655404832
758369,259345,1427947,1687292,5.50597466694943
758424,259358,1427993,1687351,5.505876047779517
758467,259377,1428033,1687410,5.5056269445633195
758479,259384,1428051,1687435,5.505547759306665
758675,259423,1429029,1688452,5.5084899951045205
758697,259437,1429056,1688493,5.508296811942784
758715,259456,1429125,1688581,5.508159379625062
758741,259466,1429197,1688663,5.5082245843386035
758763,259485,1429246,1688731,5.508010096922751
758797,259492,1429305,1688797,5.508088881352797
758810,259494,1429323,1688817,5.508115794584846
758812,259494,1429329,1688823,5.5081389165067405
758848,259494,1429380,1688874,5.50833545284284
758991,259528,1429489,1689017,5.508033815233809
759002,259543,1429500,1689043,5.5077578667118745
759012,259546,1429508,1689054,5.507725027548103
759095,259613,1429642,1689255,5.50681976634452
759195,259638,1429757,1689395,5.506732450565788
759203,259638,1429765,1689403,5.5067632626965235
760430,259638,1431738,1691376,5.514362304439258
760560,259639,1432123,1691762,5.515823893945054
760577,259648,1432136,1691784,5.515682770520089
760587,259648,1432152,1691800,5.515744392408183
760602,259648,1432173,1691821,5.515825271136308
760606,259648,1432183,1691831,5.515863784816367
760613,259653,1432192,1691845,5.515792230399803
760789,259771,1432458,1692229,5.514310681330865
760879,259847,1432679,1692526,5.513548357302566
760894,259847,1432735,1692582,5.513763868738142
760928,259868,1432776,1692644,5.513476072467561
762486,261192,1436108,1697300,5.498284786670342
762502,261199,1436129,1697328,5.498217833912075
762516,261199,1436155,1697354,5.4983173748750955
762534,261199,1436188,1697387,5.498443715328159
762579,261199,1436230,1697429,5.4986045122684235
762605,261222,1436293,1697515,5.498361546883494
762694,261222,1436389,1697611,5.498729050386261
762713,261237,1436423,1697660,5.498543468191719
762724,261238,1436445,1697683,5.498606634563119
762758,261242,1436494,1697736,5.498710008344753
762763,261245,1436500,1697745,5.498669831001551
762843,261300,1436734,1698034,5.498407960199005
762926,261300,1436916,1698216,5.49910447761194
762928,261300,1436918,1698218,5.499112131649445
763085,261300,1437097,1698397,5.499797168006123
763566,261477,1438692,1700169,5.502174187404628
763640,261534,1438820,1700354,5.501464436746274
763650,261534,1438836,1700370,5.501525614260479
763713,261550,1438928,1700478,5.501540814375836
763767,261560,1438934,1700494,5.5013534179538155
763823,261579,1438982,1700561,5.501137323714824
763829,261582,1438997,1700579,5.501131576331705
764160,261754,1439453,1701207,5.499258846092133
764882,262159,1440486,1702645,5.494703595909352
764925,262167,1440570,1702737,5.494856332032636
764934,262173,1440595,1702768,5.494825935546376
764945,262187,1440614,1702801,5.494604995671029
764951,262194,1440619,1702813,5.494477371717125
764982,262202,1440648,1702850,5.494420332415466
765127,262307,1440870,1703177,5.493067283755295
765435,262321,1441219,1703540,5.494104551294026
765457,262338,1441252,1703590,5.493874314815239
765492,262364,1441316,1703680,5.493573813480508
765572,262364,1441410,1703774,5.493932094342211
765590,262373,1441434,1703807,5.493835112606861
765597,262375,1441437,1703812,5.493804668889948
765610,262378,1441444,1703822,5.4937685324226875
765657,262378,1441644,1704022,5.494530791453552
765703,262421,1441710,1704131,5.493881968287599
765724,262427,1441730,1704157,5.493832570581533
765742,262439,1441756,1704195,5.493680436215654
765803,262439,1441899,1704338,5.49422532474213
765853,262451,1441974,1704425,5.494259880892052
765874,262453,1441997,1704450,5.494305647106339
766332,262453,1443242,1705695,5.499049353598549
766332,262453,1443242,1705695,5.499049353598549
766365,262462,1443367,1705829,5.4993370468867875
766457,262513,1443486,1705999,5.498721968054915
766485,262515,1443511,1706026,5.498775308077634
766500,262522,1443530,1706052,5.4987010612443905
766533,262541,1443580,1706121,5.498493568623568
768848,263281,1445870,1709151,5.491736965447564
768887,263281,1445918,1709199,5.491919280160741
768944,263317,1446016,1709333,5.491540614544446
768981,263327,1446058,1709385,5.491491567518713
769017,263351,1446089,1709440,5.491108824344696
769028,263361,1446125,1709486,5.491037017629793
769033,263366,1446138,1709504,5.490982131330544
769081,263366,1446211,1709577,5.491259312135963
769108,263383,1446279,1709662,5.49116305911923
769189,263410,1446390,1709800,5.491021601305949
769203,263419,1446421,1709840,5.490951677745341
769206,263420,1446422,1709842,5.490934629109407
769221,263428,1446435,1709863,5.490817225200055
769267,263428,1446495,1709923,5.4910449914208055
769405,263453,1446570,1710023,5.490808607227855
769452,263473,1446635,1710108,5.490638509448786
769663,263546,1447094,1710640,5.490859280732775
769666,263547,1447097,1710644,5.490849829442187
769837,263569,1447207,1710776,5.490808858401405
769851,263579,1447229,1710808,5.490684007451277
771200,263579,1448204,1711783,5.494383088182291
771218,263586,1448237,1711823,5.494362371294378
771252,263595,1448301,1711896,5.494417572412224
771321,263595,1448413,1712008,5.494842466662873
771432,263676,1448628,1712304,5.493969872115779
771452,263676,1448643,1712319,5.494026760114687
771604,263740,1448806,1712546,5.493311594752408
771630,263747,1448859,1712606,5.493366749195252
771652,263748,1448890,1712638,5.493463457542806
771817,263865,1449152,1713017,5.492020540806852
771959,263977,1449449,1713426,5.490815487712944
771994,263993,1449494,1713487,5.490653161258064
772079,264034,1449568,1713602,5.4900808229243205
772150,264063,1449719,1713782,5.490049722982773
772159,264063,1449719,1713782,5.490049722982773
772201,264078,1449800,1713878,5.490044608032475
772595,264091,1450560,1714651,5.492652153992374
772642,264107,1450658,1714765,5.492690462577667
772713,264142,1450733,1714875,5.492246594634704
772758,264157,1450779,1714936,5.4921088595040075
772873,264215,1451146,1715361,5.492292261983612
772949,264279,1451268,1715547,5.491423836173135
773785,264285,1452954,1717239,5.4976786423747095
774307,264291,1452967,1717258,5.497603020912555
774322,264294,1452990,1717284,5.497627641944199
774340,264311,1453076,1717387,5.497599418866411
775289,264381,1455349,1719730,5.504741263555248
775337,264420,1455426,1719846,5.504220558202859
775389,264433,1455476,1719909,5.504139044672942
775409,264446,1455517,1719963,5.504023505744084
775582,264466,1455637,1720103,5.504061013514025
775646,264497,1455781,1720278,5.50396034737634
776050,264518,1456728,1721246,5.507103486341194
776170,264606,1456915,1721521,5.505978700407399
776179,264606,1456926,1721532,5.506020271649169
776322,264688,1457179,1721867,5.50527035604183
776351,264688,1457179,1721867,5.50527035604183
776371,264689,1457219,1721908,5.50540067777656
776476,264747,1457512,1722259,5.50530128764443
776501,264747,1457542,1722289,5.505414603376053
776548,264757,1457595,1722352,5.505406844767088
776584,264766,1457663,1722429,5.505476533996057
776675,264798,1457847,1722645,5.505506083882809
776786,264896,1458149,1723045,5.504609356124668
777302,264905,1459369,1724274,5.509027764670353
777686,265032,1459602,1724634,5.507267046998098
777726,265056,1459629,1724685,5.506870246287577
777748,265056,1459670,1724726,5.507024930580707
777959,265152,1460220,1725372,5.507105358435916
778081,265152,1460407,1725559,5.507810614289163
778181,265179,1460463,1725642,5.5074609980428315
778195,265183,1460496,1725679,5.507502366290448
778228,265203,1460551,1725754,5.50729441220499
778265,265221,1460615,1725836,5.50716195173082
778275,265226,1460630,1725856,5.507114687097042
778371,265257,1460748,1726005,5.506915934358
778374,265257,1460753,1726010,5.50693478400193
778390,265257,1460779,1726036,5.507032802150367
778438,265276,1460872,1726148,5.506988947360485
778473,265280,1460903,1726183,5.507022768395657
778529,265319,1461164,1726483,5.507196996822692
778544,265328,1461173,1726501,5.507044111439426
778557,265336,1461180,1726516,5.506904453221575
778668,265368,1461471,1726839,5.507336981097947
778686,265373,1461475,1726848,5.507248288258413
778708,265373,1461499,1726872,5.507338726999356
778724,265379,1461511,1726890,5.507259428967627
778808,265414,1461587,1727001,5.506819534764556
778843,265417,1461672,1727089,5.507077542131816
778846,265417,1461681,1727098,5.507111451037424
778879,265431,1461733,1727164,5.5070168895117755
779176,265464,1461891,1727355,5.5069274929934
779180,265466,1461892,1727358,5.506889771194805
779207,265475,1461921,1727396,5.506812317544025
779263,265490,1461947,1727437,5.50659911861087
779409,265528,1462079,1727607,5.5063081859540235
779433,265539,1462110,1727649,5.506196829844204
779490,265567,1462202,1727769,5.5059627137407885
779601,265606,1462341,1727947,5.505677582584731
779645,265648,1462421,1728069,5.505108263566825
779685,265673,1462499,1728172,5.504883823346746
779714,265692,1462532,1728224,5.504614365505924
779850,265776,1462734,1728510,5.503634639696586
779870,265787,1462758,1728545,5.503497161260709
780067,265896,1463323,1729219,5.503365977675482
780078,265904,1463333,1729237,5.503238010710632
780262,265965,1463678,1729643,5.5032729870471675
780273,265970,1463684,1729654,5.503192089333384
780805,266149,1464170,1730319,5.501316931493261
780836,266159,1464217,1730376,5.501286824792699
780880,266161,1464279,1730440,5.501478428469986
781166,266161,1464789,1730950,5.503394561938075
781215,266182,1464874,1731056,5.503279710874515
781420,266182,1465543,1731725,5.505793028829898
781544,266221,1465659,1731880,5.5054221868297395
781560,266226,1465672,1731898,5.505367619992037
781588,266249,1465730,1731979,5.5051098783469605
781613,266265,1465787,1732052,5.5049931459260515
781626,266271,1465796,1732067,5.504902899677396
781732,266323,1466093,1732416,5.504943245607777
781781,266340,1466124,1732464,5.504708267627844
781799,266349,1466172,1732521,5.504702476825519
781821,266350,1466222,1732572,5.504869532569927
781839,266350,1466242,1732592,5.504944621738314
781846,266353,1466248,1732601,5.504905144676425
781881,266368,1466294,1732662,5.5047678399807785
782147,266482,1466639,1733121,5.503707567490487
782176,266482,1466669,1733151,5.5038201454507245
782282,266532,1466836,1733368,5.503414224183213
783102,266734,1467363,1734097,5.501222191396672
783123,266752,1467389,1734141,5.500948446497121
783164,266765,1467460,1734225,5.5009465259685495
783208,266780,1467553,1734333,5.500985831021816
783896,266958,1468202,1735160,5.499749024191071
784090,266991,1468576,1735567,5.5004700532976765
784292,267000,1469763,1736763,5.504730337078652
784503,267119,1470086,1737205,5.503487209820342
784710,267154,1470161,1737315,5.50304693173226
786554,267837,1472821,1740658,5.498945254016435
786602,267851,1472924,1740775,5.499042378038537
786732,267919,1473095,1741014,5.498284929400304
787927,268084,1474646,1742730,5.5006863520389135
787936,268089,1474652,1742741,5.50060614199016
787937,268089,1474654,1742743,5.5006136021992695
788074,268148,1474793,1742941,5.499921685039605
788114,268178,1474871,1743049,5.499597282401987
788124,268182,1474886,1743068,5.499571186731399
790080,268790,1477939,1746729,5.498489527140147
790475,268948,1478578,1747526,5.4976352306021985
790502,268956,1478609,1747565,5.497586965897768
790586,269010,1478766,1747776,5.4970670235307235
790639,269041,1478835,1747876,5.496690095561643
790657,269056,1478878,1747934,5.496543470504282
790670,269056,1478901,1747957,5.496628954567079
790703,269078,1478943,1748021,5.496335635020329
790790,269108,1479108,1748216,5.49633604352156
790899,269108,1479312,1748420,5.497094103482617
790997,269132,1479444,1748576,5.4970943626176005
791055,269148,1479513,1748661,5.497023942217664
791076,269161,1479530,1748691,5.496821604913045
791099,269167,1479569,1748736,5.496843966756698
791112,269175,1479585,1748760,5.49674003900808
791565,269332,1480782,1750114,5.497980188020732
791600,269342,1480802,1750144,5.49785031669773
791635,269354,1480846,1750200,5.497768735567321
791697,269397,1480951,1750348,5.497280964524475
791882,269413,1481213,1750626,5.497926974570641
791965,269426,1481263,1750689,5.49784727531864
792169,269435,1482456,1751891,5.5020914135134635
792224,269436,1482554,1751990,5.502434715479743
792229,269438,1482566,1752004,5.50243840883617
792250,269448,1482592,1752040,5.5023306908939755
792286,269484,1482619,1752103,5.501695833518873
792333,269484,1482713,1752197,5.502044648290807
792549,269539,1482827,1752366,5.5013448888658045
792558,269542,1482848,1752390,5.501361568883514
792579,269542,1482885,1752427,5.501498838770952
792993,269555,1483868,1753423,5.504880265622972
793183,269566,1484178,1753744,5.50580562830624
793466,269566,1484851,1754417,5.508302233961256
793488,269569,1484869,1754438,5.5083077060047705
793509,269584,1484898,1754482,5.508108789839159
793544,269593,1485038,1754631,5.508444210346708
793806,269713,1485666,1755379,5.508321808737436
793861,269742,1485777,1755519,5.508141112618724
794454,270005,1486812,1756817,5.506609136867835
794463,270005,1486812,1756817,5.506609136867835
794479,270005,1486827,1756832,5.506664691394604
794566,270052,1486988,1757040,5.506302489890836
794733,270184,1487291,1757475,5.504733811032482
794769,270200,1487344,1757544,5.50460399703923
794864,270202,1487623,1757825,5.505595813502491
794873,270206,1487641,1757847,5.505580927144475
794894,270206,1487673,1757879,5.5056993553066915
794903,270208,1487696,1757904,5.505743723353861
795145,270354,1488134,1758488,5.504390539810767
795191,270362,1488224,1758586,5.504560552148601
795217,270375,1488295,1758670,5.50455848358761
795270,270398,1488411,1758809,5.504519264195741
795622,270512,1488829,1759341,5.503744750694978
795645,270514,1488875,1759389,5.503874106330911
795665,270514,1488896,1759410,5.503951736324183
795725,270532,1488966,1759498,5.503844277201957
795738,270541,1488976,1759517,5.503698145567585
795793,270555,1489096,1759651,5.503856886769788
795804,270555,1489111,1759666,5.503912328362071
796035,270555,1489402,1759957,5.504987895252351
796043,270566,1489437,1760003,5.504893445591834
796048,270566,1489459,1760025,5.504974756621305
796098,270577,1489546,1760123,5.505072493227436
796163,270589,1489579,1760168,5.504950312096944
796351,270589,1489960,1760549,5.506358351595963
796371,270600,1489986,1760586,5.506230598669623
796404,270611,1490022,1760633,5.50613980954211
796580,270621,1490223,1760844,5.506679082554569
796673,270653,1490414,1761067,5.506733714387057
796692,270653,1490429,1761082,5.506789135904645
797133,270717,1490650,1761367,5.506303630728769
797154,270726,1490669,1761395,5.506190761138568
797263,270778,1490808,1761586,5.505646692124175
797284,270813,1490849,1761662,5.505086535727606
797689,270891,1491887,1762778,5.507333207821596
797770,270911,1492052,1762963,5.507535685151212
797808,270911,1492158,1763069,5.5079269575617085
797852,270924,1492220,1763144,5.507891512010748
797921,270973,1492366,1763339,5.507434320024505
798030,271021,1492491,1763512,5.506920127960564
798044,271025,1492524,1763549,5.506960612489623
798060,271025,1492550,1763575,5.507056544599207
798118,271028,1492602,1763630,5.507187449267234
798136,271031,1492626,1763657,5.507215041821784
798300,271134,1492796,1763930,5.505749924391629
798360,271181,1492917,1764098,5.505241886415346
798390,271181,1492984,1764165,5.505488953872137
798399,271188,1492990,1764178,5.505368969128427
798413,271197,1493018,1764215,5.505289512789596
798418,271197,1493029,1764226,5.505330073710255
798452,271197,1493093,1764290,5.505566064521362
798946,271416,1493955,1765371,5.504299672826952
799046,271416,1494056,1765472,5.504671795325257
799309,271416,1494648,1766064,5.50685294897869
799319,271420,1494668,1766088,5.506845479330926
799389,271477,1494770,1766247,5.5060649705131555
799497,271487,1494953,1766440,5.506536224570605
799523,271498,1494979,1766477,5.506408886989959
799576,271500,1495132,1766632,5.506931860036833
799613,271504,1495225,1766729,5.507193264187636
799621,271505,1495243,1766748,5.507239277361375
799652,271524,1495316,1766840,5.507122758945802
800464,271524,1497023,1768547,5.513409496029817
800475,271531,1497041,1768572,5.513333652511132
800523,271554,1497138,1768692,5.513223889171215
800546,271569,1497159,1768728,5.51299669697204
800577,271576,1497208,1768784,5.51303502518632
800612,271586,1497231,1768817,5.512916718829395
800636,271586,1497256,1768842,5.513008770702466
800704,271586,1497472,1769058,5.513804098885804
800728,271597,1497516,1769113,5.51374278802785
800913,271625,1497762,1769387,5.514080073630925
800944,271651,1497825,1769476,5.513784230501637
801042,271668,1497890,1769558,5.513678460473813
801087,271679,1497971,1769650,5.51375336334424
801161,271720,1498128,1769848,5.513499190343
801275,271793,1498347,1770140,5.512824097750862
801690,271812,1499443,1771255,5.516470943151885
803260,271881,1509005,1780886,5.550240730319515
803356,271935,1509091,1781026,5.549454832956405
803404,271945,1509118,1781063,5.549350052400301
803457,271963,1509268,1781231,5.549534311652688
803501,271978,1509318,1781296,5.549412084800976
803563,271994,1509449,1781443,5.549567269866247
803570,271997,1509453,1781450,5.5495207667731625
803732,272043,1509945,1781988,5.5503909308454915
803860,272043,1510165,1782208,5.5511996265296295
803946,272078,1510213,1782291,5.550661942531186
803966,272085,1510250,1782335,5.550655126155429
804108,272183,1510552,1782735,5.549766149979977
804153,272219,1510634,1782853,5.549333441089711
804433,272266,1511050,1783316,5.54990340328943
805375,272266,1512976,1785242,5.556977367721273
805388,272269,1513004,1785273,5.557018977555285
805508,272269,1513351,1785620,5.5582934524312355
805566,272281,1513411,1785692,5.558268847257062
805599,272281,1513475,1785756,5.558503898545988
805633,272289,1513517,1785806,5.558494834532427
805688,272289,1513601,1785890,5.558803330285102
805755,272322,1513706,1786028,5.5585152870498895
805827,272371,1513800,1786171,5.557860418326474
805836,272371,1513811,1786182,5.557900804417504
805906,272385,1513892,1786277,5.557912513537823
805920,272385,1513939,1786324,5.55808506342126
805969,272412,1513998,1786410,5.557750759878419
806017,272412,1514110,1786522,5.558161901825176
808597,272476,1518256,1790732,5.572072402707027
808645,272476,1518364,1790840,5.572468767891484
808690,272495,1518425,1790920,5.572304078973926
808714,272500,1518433,1790933,5.57223119266055
808864,272535,1518742,1791277,5.572649384482727
808898,272553,1518812,1791365,5.5725381852336975
809145,272713,1519473,1792186,5.5716925852452945
809224,272735,1519744,1792479,5.572236786624379
809294,272774,1519870,1792644,5.571902014121581
809423,272774,1520057,1792831,5.572587563330816
809465,272774,1520128,1792902,5.572847852068012
809481,272781,1520166,1792947,5.572844149702509
809812,272784,1520499,1793283,5.574003607249692
810402,273230,1522464,1795694,5.572096768290451
810529,273266,1522780,1796046,5.572519083969466
810538,273271,1522794,1796065,5.572468355588408
810594,273271,1522882,1796153,5.572790380245251
810658,273301,1523158,1796459,5.57318853571703
810692,273323,1523204,1796527,5.5729082440921545
810729,273338,1523225,1796563,5.572679246939686
810763,273338,1523248,1796586,5.572763391844529
810803,273360,1523279,1796639,5.57242829967808
810816,273365,1523288,1796653,5.572359299837214
810947,273374,1524022,1797396,5.574860813391179
810978,273382,1524038,1797420,5.574756201944532
811030,273397,1524109,1797506,5.574710037052345
811072,273407,1524191,1797598,5.574806058367196
811283,273566,1524573,1798139,5.572962283324682
812610,273938,1525617,1799555,5.569205440647154
812627,273948,1525643,1799591,5.569097054915531
813035,274153,1526092,1800245,5.566570491659767
813071,274157,1526117,1800274,5.566580463019365
813095,274157,1526172,1800329,5.566781077995455
813137,274183,1526231,1800414,5.5664683806071125
813166,274205,1526269,1800474,5.566160354479313
813211,274220,1526408,1800628,5.566362774414704
813597,274541,1527379,1801920,5.563391260321773
813598,274541,1527381,1801922,5.563398545208184
813912,274699,1527833,1802532,5.561844054765397
813938,274717,1527886,1802603,5.561672557577435
813962,274732,1527932,1802664,5.561536333590554
813983,274732,1527969,1802701,5.561671010293668
814004,274745,1528010,1802755,5.561557080201641
814017,274758,1528027,1802785,5.561355811295758
814030,274758,1528041,1802799,5.561406765226126
814047,274768,1528059,1802827,5.561269871309614
814171,274841,1528317,1803158,5.560731477472429
814194,274856,1528348,1803204,5.560540792269406
814662,275121,1529102,1804223,5.557925421905271
814719,275121,1529175,1804296,5.558190759702095
814742,275142,1529199,1804341,5.557853762784307
814770,275150,1529253,1804403,5.557888424495729
814897,275205,1529419,1804624,5.557380861539579
814932,275225,1529498,1804723,5.557264056680897
814974,275247,1529563,1804810,5.557056026042064
815177,275405,1529917,1805322,5.5551533196565055
815444,275405,1530574,1805979,5.5575388972603985
815547,275498,1530754,1806252,5.55631619830271
815581,275516,1530796,1806312,5.556105634518503
815697,275588,1531065,1806653,5.5556301435476145
815917,275681,1531277,1806958,5.554524976331339
816023,275726,1531415,1807141,5.554118944169211
816069,275737,1531473,1807210,5.5541077185869145
816429,275804,1532129,1807933,5.555136981334571
816462,275809,1532158,1807967,5.555141420330736
816510,275820,1532239,1808059,5.555213545065622
816577,275833,1532381,1808214,5.555466532285839
816618,275855,1532449,1808304,5.5552699787932065
816653,275867,1532492,1808359,5.5551842010824055
816691,275884,1532535,1808419,5.554997752678662
816726,275899,1532594,1808493,5.55490958647911
817340,275967,1535208,1811175,5.563012968941939
818877,276363,1536415,1812778,5.559409182850092
818924,276363,1536415,1812778,5.559409182850092
818949,276366,1536459,1812825,5.559508043681205
818954,276368,1536471,1812839,5.5595112314016095
818967,276372,1536500,1812872,5.559535698261763
818997,276381,1536612,1812993,5.559759896664387
819147,276388,1536926,1813314,5.560755170267885
819157,276394,1536954,1813348,5.560735761268334
819201,276407,1537034,1813441,5.560763656492057
819234,276435,1537076,1813511,5.56035234322716
819245,276435,1537086,1813521,5.560388518096478
819281,276435,1537155,1813590,5.5606381246947745
819403,276447,1537267,1813714,5.560801889693142
819916,276671,1538210,1814881,5.5597081009574545
819930,276681,1538229,1814910,5.55957582920403
819951,276688,1538252,1814940,5.5595183022032035
820021,276688,1538380,1815068,5.559980917134101
820170,276771,1538606,1815377,5.559130111174943
820241,276772,1538679,1815451,5.559373780584742
820281,276784,1538719,1815503,5.559277270362449
820580,276901,1539182,1816083,5.5586003661958605
821171,276923,1539910,1816833,5.560787655774349
821430,277073,1540256,1817329,5.559025960667405
821608,277100,1540539,1817639,5.5595055936485025
821640,277110,1540593,1817703,5.559499837609613
821679,277121,1540617,1817738,5.559365764413379
821711,277130,1540658,1817788,5.559333164940641
821980,277130,1541174,1818304,5.5611951069895
822000,277130,1541195,1818325,5.56127088370079
822020,277141,1541221,1818362,5.561143966428641
822217,277167,1541574,1818741,5.561895896697659
822455,277276,1541778,1819054,5.560445188187943
822484,277276,1541795,1819071,5.560506498939684
822521,277289,1541813,1819102,5.560310722747747
822739,277289,1542417,1819706,5.562488955566215
822986,277324,1542871,1820195,5.563424009461857
823009,277333,1542931,1820264,5.563459811850735
823034,277348,1542981,1820329,5.5633391984077765
823061,277351,1543020,1820371,5.563419637931719
823071,277361,1543044,1820405,5.5633055836977805
823078,277362,1543048,1820410,5.563299947361211
823103,277368,1543062,1820430,5.563230077009605
823112,277377,1543096,1820473,5.5631721447704745
823176,277398,1543201,1820599,5.563129510666984
823458,277398,1543528,1820926,5.5643083223383005
823510,277415,1543602,1821017,5.564234089721176
823603,277415,1543788,1821203,5.564904565362363
823669,277432,1543926,1821358,5.56506098791776
823919,277587,1544355,1821942,5.563499011120838
823944,277607,1544399,1822006,5.563256690213143
823972,277621,1544436,1822057,5.563109418956059
823979,277628,1544448,1822076,5.563012376273287
824021,277640,1544464,1822104,5.5628295634634775
824062,277650,1544519,1822169,5.562827300558257
824075,277658,1544563,1822221,5.56282549035144
824089,277659,1544584,1822243,5.562881087953209
824113,277674,1544602,1822276,5.562645404323055
824152,277686,1544624,1822310,5.56248424479448
824188,277696,1544651,1822347,5.562381165014981
824261,277723,1544718,1822441,5.562081642499901
824466,277732,1545917,1823649,5.566218512810911
824473,277732,1545917,1823649,5.566218512810911
824799,277849,1546740,1824589,5.566836663079586
825456,278001,1547192,1825193,5.565418829428671
825490,278005,1547229,1825234,5.565471844031582
825512,278009,1547233,1825242,5.565406155915816
825534,278015,1547257,1825272,5.565372371994317
825549,278015,1547283,1825298,5.565465892128122
825641,278055,1547463,1825518,5.565312618007229
825682,278070,1547492,1825562,5.565116697234509
825685,278070,1547501,1825571,5.565149063185529
825744,278110,1547650,1825760,5.564884398259681
825816,278132,1547818,1825950,5.5650482504709995
825821,278132,1547825,1825957,5.565073418376886
825847,278144,1547865,1826009,5.564977134146342
825880,278150,1547880,1826030,5.564911019234226
825918,278165,1547922,1826087,5.564761921880898
825962,278172,1547977,1826149,5.564819608012309
826040,278185,1548015,1826200,5.56469615543613
826091,278206,1548093,1826299,5.564556479730847
826110,278212,1548100,1826312,5.564461633574396
826158,278233,1548179,1826412,5.564325583234196
826170,278239,1548211,1826450,5.5643206020723195
826197,278245,1548258,1826503,5.564369530449784
826249,278293,1548343,1826636,5.563715221008074
826267,278293,1548353,1826646,5.563751154358895
826291,278293,1548374,1826667,5.563826614395619
826309,278300,1548387,1826687,5.563733381243263
826454,278375,1548682,1827057,5.563294117647059
826487,278378,1548689,1827067,5.563259309284498
826493,278378,1548691,1827069,5.563266493760283
826527,278386,1548732,1827118,5.563253899262175
826545,278386,1548775,1827161,5.563408361052639
826570,278397,1548824,1827221,5.563364547750155
826581,278399,1548854,1827253,5.563432339915014
826862,278399,1549527,1827926,5.565849733655653
827097,278419,1549903,1828322,5.566800397961346
827213,278455,1549968,1828423,5.566314126160421
827285,278489,1550178,1828667,5.566388618580985
827358,278508,1550271,1828779,5.56634279805248
827378,278519,1550307,1828826,5.566252212595909
827393,278519,1550333,1828852,5.566345563498361
827396,278520,1550336,1828856,5.566336349274738
827430,278529,1550390,1828919,5.566350362080788
827560,278529,1550390,1828919,5.566350362080788
827571,278529,1550402,1828931,5.5663934455658115
827576,278530,1550405,1828935,5.566384231501095
827604,278553,1550464,1829017,5.566136426461033
828072,278932,1551844,1830776,5.563520858130297
828179,278933,1551939,1830872,5.563841495986491
828211,278943,1551970,1830913,5.563753168209993
828244,278960,1552018,1830978,5.56358617722971
828280,278982,1552069,1831051,5.563330250697177
828317,278997,1552115,1831112,5.563196020028889
828395,279061,1552339,1831400,5.562722845542731
828565,279061,1552560,1831621,5.563514787089561
828650,279118,1552691,1831809,5.562847971108994
828695,279125,1552799,1831924,5.563095387371249
828729,279143,1552865,1832008,5.562973099809058
828759,279170,1552908,1832078,5.562589103413691
828774,279182,1552947,1832129,5.562489702058156
828972,279185,1553101,1832286,5.56298153554095
828982,279185,1553117,1832302,5.563038845210166
829094,279226,1553221,1832447,5.562594457536189
829413,279226,1553807,1833033,5.5646931159705755
829465,279244,1553876,1833120,5.564581512942087
829535,279244,1553956,1833200,5.564868000744868
829561,279251,1553975,1833226,5.5647965450437065
829609,279254,1554043,1833297,5.564980268859175
829642,279268,1554092,1833360,5.564876749215807
829668,279276,1554138,1833414,5.564882052163451
829832,279288,1554479,1833767,5.565863911088195
829957,279364,1554698,1834062,5.565133660743689
830025,279410,1554810,1834220,5.564618302852439
830038,279423,1554846,1834269,5.564488248998829
830046,279426,1554852,1834278,5.564449979601039
830061,279426,1554862,1834288,5.564485767251437
830108,279448,1554903,1834351,5.564194411840486
830130,279473,1554942,1834415,5.563836220314664
830131,279473,1554954,1834427,5.563879158272893
830151,279473,1554975,1834448,5.563954299699792
830154,279473,1554984,1834457,5.563986503168463
830168,279477,1555017,1834494,5.564024946596679
831932,279551,1558564,1838115,5.57524029604616
832244,279602,1559095,1838697,5.576122488394217
832280,279609,1559114,1838723,5.576050842426389
832396,279683,1559460,1839143,5.575812616426454
832486,279728,1559542,1839270,5.575208774237831
832526,279738,1559631,1839369,5.575327627994766
832670,279744,1559905,1839649,5.576187514298788
832693,279753,1559945,1839698,5.5761511047245245
832702,279764,1559961,1839725,5.575989047911811
832711,279766,1559977,1839743,5.576006376757719
834430,279811,1577215,1857026,5.636715497246356
834511,279811,1577270,1857081,5.636912058496628
834610,279862,1577427,1857289,5.636445819725436
834654,279881,1577459,1857340,5.636177518302421
834683,279886,1577504,1857390,5.636237611027346
834812,279933,1577664,1857597,5.635862867186077
834859,279953,1577712,1857665,5.635631695320286
834909,279982,1577795,1857777,5.635344414998107
835085,279991,1578812,1858803,5.6387955327135515
835158,280035,1578956,1858991,5.638423768457514
835185,280048,1578970,1859018,5.638212020796435
835199,280048,1578995,1859043,5.638301291207221
835328,280049,1579377,1859426,5.6396452049462775
835412,280076,1579470,1859546,5.639433582313372
835448,280084,1579507,1859591,5.639404607189272
835585,280163,1579837,1860000,5.638992300910541
835693,280163,1579980,1860143,5.639502718060558
835812,280230,1580113,1860343,5.638628983335118
835824,280234,1580130,1860364,5.638609162342899
835923,280271,1580213,1860484,5.638160922821127
836707,280308,1581848,1862156,5.643249568331978
836726,280316,1581869,1862185,5.6431634298434625
836840,280342,1582014,1862356,5.643157286457256
836882,280373,1582106,1862479,5.642861473822372
836919,280373,1582154,1862527,5.643032674330267
836922,280376,1582160,1862536,5.642993694182098
836938,280381,1582177,1862558,5.642953695150528
836991,280406,1582288,1862694,5.642846444084649
836997,280406,1582306,1862712,5.642910636719614
837087,280484,1582460,1862944,5.641890446513883
837109,280484,1582495,1862979,5.642015230815305
837141,280493,1582556,1863049,5.64205167330379
837176,280510,1582608,1863118,5.641895119603579
837194,280539,1582656,1863195,5.641483002363308
837576,280539,1583411,1863950,5.644174250282492
837718,280637,1583671,1864308,5.643129736991202
837734,280645,1583683,1864328,5.643011633914732
837988,280645,1584279,1864924,5.645135313296157
837997,280647,1584294,1864941,5.645148531785481
838059,280680,1584402,1865082,5.644869602394185
838083,280692,1584433,1865125,5.644738717170422
838116,280716,1584484,1865200,5.644437794781915
838148,280729,1584508,1865237,5.644261903828959
838244,280749,1584692,1865441,5.644515207534132
838336,280749,1584697,1865446,5.64453301703657
838821,280907,1585092,1865999,5.64276433125554
838855,280910,1585152,1866062,5.642917660460646
838862,280910,1585152,1866062,5.642917660460646
839041,281000,1585542,1866542,5.64249822064057
839191,281025,1585884,1866909,5.643213237256472
839231,281056,1585978,1867034,5.642925253330297
839682,281361,1586996,1868357,5.640426356175873
839697,281371,1587025,1868396,5.640328960696021
839721,281371,1587057,1868428,5.64044268954512
839734,281371,1587064,1868435,5.640467567730861
839746,281371,1587074,1868445,5.640503107996205
839815,281392,1587214,1868606,5.640579689543412
839841,281408,1587257,1868665,5.640411786445304
839906,281408,1587338,1868746,5.640699624744144
840092,281408,1587690,1869098,5.641950477598362
840202,281483,1587921,1869404,5.6412678563181435
840651,281617,1588328,1869945,5.640028833486615
840695,281630,1588381,1870011,5.63995668075134
840705,281630,1588410,1870040,5.640059652735859
840758,281646,1588470,1870116,5.639952280522357
840789,281646,1588509,1870155,5.640090752220873
840997,281673,1588603,1870276,5.639883836931477
841127,281674,1588988,1870662,5.641230642515816
841294,281680,1589275,1870955,5.642129366657199
841853,281680,1590858,1872538,5.647749218971883
841903,281689,1590932,1872621,5.647831473717469
841952,281689,1591037,1872726,5.648204225227112
842441,282086,1592409,1874495,5.645118864459775
842519,282107,1592542,1874649,5.645170095034863
842599,282107,1592675,1874782,5.645641547356145
842892,282107,1593334,1875441,5.647977540436784
842976,282127,1593379,1875506,5.647736657604554
843022,282164,1593439,1875603,5.647208715498788
843033,282166,1593475,1875641,5.647296272407023
843041,282166,1593475,1875641,5.647296272407023
843133,282169,1593527,1875696,5.647420517491291
843389,282235,1593997,1876232,5.647765160238808
843406,282238,1594012,1876250,5.647758274931086
843460,282267,1594130,1876397,5.647596070387258
843478,282267,1594157,1876424,5.647691724501978
843487,282268,1594174,1876442,5.64773194269276
843494,282268,1594182,1876450,5.64776028455227
843503,282268,1594204,1876472,5.647838224665921
843519,282268,1594230,1876498,5.647930335709326
843554,282278,1594296,1876574,5.647964063795266
843690,282285,1594863,1877148,5.649832615973218
843908,282301,1595432,1877733,5.651527979001137
843938,282338,1595516,1877854,5.6510848699077
844015,282362,1595618,1877980,5.650965781514509
844046,282380,1595671,1878051,5.6507932573128405
844080,282405,1595738,1878143,5.650530266815389
844092,282415,1595747,1878162,5.65036205583981
844177,282441,1595996,1878437,5.650723513937424
845367,283184,1599725,1882909,5.649065625176564
845426,283188,1599906,1883094,5.649624984109496
845462,283196,1599946,1883142,5.649606632862046
845474,283203,1599982,1883185,5.649594107407054
845565,283244,1600097,1883341,5.649182330428888
845575,283248,1600110,1883358,5.649148449415353
845607,283281,1600204,1883485,5.64882219421705
845635,283288,1600233,1883521,5.648784982067719
845827,283374,1600712,1884086,5.648761001362158
845955,283377,1601213,1884590,5.650469162987822
845974,283399,1601246,1884645,5.650146965938482
846166,283489,1601749,1885238,5.650127518175308
846293,283559,1601910,1885469,5.649300498308994
846329,283567,1601927,1885494,5.649201070646443
846400,283579,1602087,1885666,5.649526234312131
846980,283601,1602832,1886433,5.651714909326836
846990,283601,1602834,1886435,5.651721961488147
847191,283752,1603230,1886982,5.650109955172122
847253,283784,1603315,1887099,5.6497723620782
847338,283815,1603485,1887300,5.649754241319169
847355,283825,1603511,1887336,5.649646789394874
847367,283838,1603536,1887374,5.649476109611821
847537,283978,1603969,1887947,5.6482157068505305
847814,283978,1604191,1888169,5.6489974575495285
847852,283992,1604227,1888219,5.648845742133581
848093,284118,1604789,1888907,5.648318656332932
848128,284128,1604813,1888941,5.648204330442617
848276,284183,1605140,1889323,5.648261859435645
848586,284194,1605222,1889416,5.648331773366081
848677,284194,1605270,1889464,5.648500672076117
848715,284210,1605371,1889581,5.648538052848246
849286,284210,1606269,1890479,5.651697688329053
849305,284217,1606297,1890514,5.6516570085533235
849472,284319,1606547,1890866,5.650508759527151
849500,284328,1606566,1890894,5.6503967249092595
849567,284350,1606661,1891011,5.6502936521892035
850813,284357,1608684,1893041,5.657268855698998
850894,284364,1608724,1893088,5.657270259245193
850916,284364,1608724,1893088,5.657270259245193
850939,284377,1608772,1893149,5.657180433016735
850970,284390,1608805,1893195,5.657037870529906
850971,284390,1608818,1893208,5.657083582404445
851011,284403,1608876,1893279,5.657028934293942
851015,284403,1608885,1893288,5.657060579529752
851225,284431,1608986,1893417,5.656858781215831
851354,284490,1609209,1893699,5.656469471686175
851684,284701,1609671,1894372,5.653900056550556
851977,284860,1610240,1895100,5.652741697676052
852026,284879,1610328,1895207,5.652673591244002
852069,284913,1610440,1895353,5.652392133739071
852182,284966,1610559,1895525,5.6517584553946785
860885,289254,1625585,1914839,5.619922282837921
860982,289314,1625762,1915076,5.619368575319549
860999,289314,1625789,1915103,5.619461899527849
861125,289379,1625991,1915370,5.618897708541394
861155,289390,1626020,1915410,5.6187843394726835
861174,289399,1626040,1915439,5.618678710016275
861238,289431,1626158,1915589,5.618465195504283
861273,289449,1626209,1915658,5.6182919961720375
861489,289572,1626518,1916090,5.616972635475806
861505,289572,1626544,1916116,5.61706242316246
861541,289595,1626612,1916207,5.616851119667121
861641,289660,1626818,1916478,5.6163018711592905
861774,289765,1626954,1916719,5.614736079236623
861792,289774,1627013,1916787,5.614765299854369
861808,289774,1627039,1916813,5.6148550249504785
861832,289775,1627042,1916817,5.614846001207834
861931,289854,1627220,1917074,5.613929771540155
862103,289981,1627702,1917683,5.6131332742490025
862117,289990,1627730,1917720,5.613055622607676
862163,289990,1627785,1917775,5.613245284320149
862229,290033,1627864,1917897,5.612685453034655
862310,290058,1628025,1918083,5.612756758993029
862519,290132,1628312,1918444,5.612314394827182
862522,290135,1628317,1918452,5.612273596773916
862552,290150,1628364,1918514,5.612145442012752
862706,290179,1628771,1918950,5.612987156203585
863238,290179,1629436,1919615,5.615278845126629
863269,290179,1629467,1919646,5.615385675738079
863337,290216,1629553,1919769,5.614966094219478
864801,290216,1631639,1921855,5.622153844033409
864908,290216,1631855,1922071,5.622898117264382
865338,290274,1632182,1922456,5.6229011210098045
865443,290293,1632262,1922555,5.6228086795065675
865449,290298,1632270,1922568,5.622739391935184
865482,290309,1632298,1922607,5.622622791577251
865547,290328,1632351,1922679,5.622437381168885
865660,290367,1632468,1922835,5.622085154304725
865689,290369,1632483,1922852,5.6220980889833285
865696,290375,1632499,1922874,5.622037021093414
865843,290456,1632948,1923404,5.622015038422343
865943,290521,1633139,1923660,5.62141463095611
865951,290528,1633166,1923694,5.62137212248045
865990,290535,1633236,1923771,5.621477618875523
866515,290539,1633908,1924447,5.6237131675954
866524,290551,1633927,1924478,5.623546296519372
866586,290588,1633989,1924577,5.623043621897669
866716,290588,1634375,1924963,5.624371963054221
866746,290598,1634423,1925021,5.624343594931831
866841,290610,1634556,1925166,5.6245690100134205
866846,290612,1634563,1925175,5.624554388669429
867009,290636,1634892,1925528,5.62522192708405
867577,290636,1636283,1926919,5.630007982493566
867595,290636,1636337,1926973,5.63019378191277
867656,290676,1636410,1927086,5.62967014820625
867676,290684,1636433,1927117,5.629594336117571
867735,290722,1636574,1927296,5.62934349653621
868090,290864,1636911,1927775,5.627753864348974
868192,290903,1637515,1928418,5.629075671271868
868231,290908,1637581,1928489,5.629205797021739
868254,290931,1637613,1928544,5.6288707631706485
868293,290938,1637626,1928564,5.6287800149860105
868366,290946,1637666,1928612,5.628762725729173
868384,290955,1637704,1928659,5.628719217748449
868385,290955,1637706,1928661,5.628726091663659
868446,290983,1637921,1928904,5.628923339164143
868475,290995,1637957,1928952,5.628814928091548
869530,290995,1640663,1931658,5.638114056942559
869547,291007,1640720,1931727,5.63807743456343
869956,291076,1640939,1932015,5.637493300718712
869998,291108,1641017,1932125,5.637141541970678
870063,291168,1641180,1932348,5.63653972964062
870117,291182,1641259,1932441,5.636540033381184
870187,291194,1641367,1932561,5.6366786403566005
870190,291194,1641376,1932570,5.6367095475868325
870199,291196,1641391,1932587,5.636722345087158
870243,291216,1641436,1932652,5.636489753310258
870316,291238,1641512,1932750,5.636324930125876
870446,291238,1641898,1933136,5.637650306622075
870461,291238,1641924,1933162,5.637739580686587
870464,291238,1641933,1933171,5.637770483247379
870477,291249,1641969,1933218,5.63768115942029
870509,291253,1642008,1933261,5.637737637037215
871973,291253,1644094,1935347,5.64489979502357
872006,291253,1644094,1935347,5.64489979502357
872053,291271,1644198,1935469,5.644908006632998
872064,291274,1644210,1935484,5.644891064770628
872096,291281,1644280,1935561,5.644995725776827
872145,291309,1644383,1935692,5.644806717265858
872224,291376,1644587,1935963,5.644208857284059
872235,291379,1644599,1935978,5.644191928725131
872267,291408,1644656,1936064,5.643825838686652
872299,291424,1644684,1936108,5.6436120566597126
872700,291498,1645373,1936871,5.644543015732526
872707,291502,1645393,1936895,5.644534171292135
872763,291502,1645585,1937087,5.645192828865668
872832,291559,1645724,1937283,5.644565936911569
872852,291559,1645745,1937304,5.644637963499669
872889,291585,1645820,1937405,5.64439185829175
872958,291589,1645900,1937489,5.644588787642881
872993,291627,1645964,1937591,5.644072736749341
873001,291632,1645986,1937618,5.644051407252976
873048,291648,1646098,1937746,5.644125795479482
873425,291825,1646675,1938500,5.642679688169279
873441,291825,1646701,1938526,5.642768782660841
873490,291844,1646856,1938700,5.6429325255958664
873583,291881,1646998,1938879,5.6427037045919395
873961,292044,1647582,1939626,5.641554012409089
874127,292058,1647982,1940040,5.642653171630292
874224,292090,1648091,1940181,5.642408161867918
874310,292095,1648156,1940251,5.642534107054212
874339,292110,1648213,1940323,5.642439491972202
874371,292136,1648277,1940413,5.64215639291289
874468,292171,1648512,1940683,5.642284826351691
874536,292228,1648639,1940867,5.641618872934831
874551,292228,1648662,1940890,5.641697578603009
874561,292228,1648678,1940906,5.641752330372175
874573,292228,1648678,1940906,5.641752330372175
874625,292239,1648783,1941022,5.641899267380466
874743,292239,1648960,1941199,5.642504936028388
875687,292239,1651049,1943288,5.649653194816572
876139,292239,1651881,1944120,5.652500179647481
876176,292244,1651905,1944149,5.652485594229479
876212,292257,1651935,1944192,5.652336813147333
876246,292277,1652003,1944280,5.652182689708735
876462,292362,1652299,1944661,5.651551843262804
876561,292416,1652568,1944984,5.651428102429415
876795,292416,1652895,1945311,5.65254637229153
877000,292550,1653339,1945889,5.651474961545035
877530,292787,1654358,1947145,5.650380652146441
877557,292795,1654384,1947179,5.65031506685565
877589,292804,1654445,1947249,5.650349721998333
877595,292808,1654450,1947258,5.650289609573509
877604,292818,1654460,1947278,5.65013079797007
877708,292889,1654694,1947583,5.6495600722458
877911,292949,1654992,1947941,5.649420206247504
878010,292978,1655052,1948030,5.64906580016247
878053,292987,1655095,1948082,5.64903903586166
878111,292995,1655132,1948127,5.649011075274322
878238,293000,1655518,1948518,5.650232081911263
878427,293127,1655771,1948898,5.648647173409477
878439,293131,1655796,1948927,5.648655379335519
878439,293302,1656346,1949648,5.647237318531753
878710,293398,1657135,1950533,5.648078719009673
878747,293414,1657197,1950611,5.647982032213869
878777,293414,1657252,1950666,5.648169480665544
878844,293440,1657441,1950881,5.648313113413304
878854,293450,1657458,1950908,5.648178565343329
878914,293477,1657524,1951001,5.647883820537896
878927,293480,1657564,1951044,5.647962382445141
880883,293480,1661225,1954705,5.660436827041025
880973,293487,1661484,1954971,5.661184311400505
881026,293493,1661543,1955036,5.661269604385795
881067,293506,1661587,1955093,5.661168766566953
881077,293514,1661610,1955124,5.661092826917966
881108,293529,1661655,1955184,5.66095683901761
881198,293591,1661834,1955425,5.66037106042079
881201,293591,1661843,1955434,5.660401715311437
881213,293598,1661849,1955447,5.6602871954168625
881233,293612,1661895,1955507,5.660173971091099
882119,293638,1665651,1959289,5.6724640543798825
882207,293707,1665850,1959557,5.671808979697453
882288,293739,1665959,1959698,5.671562169136546
882308,293758,1665996,1959754,5.6713212916754605
882335,293765,1666027,1959792,5.671291678722788
882527,293923,1666311,1960234,5.669209282703293
882561,293941,1666334,1960275,5.66894036558357
882587,293958,1666363,1960321,5.668711176426564
882661,293969,1666527,1960496,5.669056941378172
882687,293982,1666558,1960540,5.668911702076998
882690,293983,1666561,1960544,5.6689026236210935
882742,293991,1666641,1960632,5.669020480218782
882806,294008,1666720,1960728,5.668961388805747
882808,294009,1666721,1960730,5.668945508470829
882855,294009,1666815,1960824,5.669265226574697
882931,294025,1666953,1960978,5.669426069211802
883084,294038,1667432,1961470,5.6708044538461015
883176,294038,1667487,1961525,5.670991504499418
883306,294039,1667872,1961911,5.672281568091307
883325,294044,1667879,1961923,5.672208921113847
883441,294097,1667987,1962084,5.6715539430868045
883502,294131,1668094,1962225,5.671262124699538
883657,294196,1668255,1962451,5.670556363784688
883721,294242,1668375,1962617,5.670077691152181
883788,294264,1668441,1962705,5.669878068673028
883803,294266,1668463,1962729,5.6699142952294865
883819,294273,1668485,1962758,5.6698541830205285
883936,294342,1668906,1963248,5.669955358052877
884484,294412,1669075,1963487,5.669181283371602
884582,294479,1669247,1963726,5.668475510987201
884664,294517,1669340,1963857,5.668059908256569
884949,294568,1669625,1964193,5.668046087830314
885031,294590,1669808,1964398,5.668244000135782
885081,294590,1669915,1964505,5.668607216809804
885087,294590,1669931,1964521,5.668661529583489
885327,294703,1670285,1964988,5.66768916502377
885351,294715,1670322,1965037,5.667583937023904
887690,294891,1673319,1968210,5.674364426177808
887811,294891,1673463,1968354,5.67485274219966
887819,294891,1673485,1968376,5.674927346036332
887894,294934,1673660,1968594,5.674693321217628
888020,295011,1673886,1968897,5.673978258437821
888156,295078,1674178,1969256,5.673679501691078
888192,295078,1674247,1969325,5.673913338168213
888363,295134,1674419,1969553,5.673419531467062
888426,295151,1674542,1969693,5.6735094917516795
888451,295157,1674595,1969752,5.6735737251699945
888462,295170,1674607,1969777,5.6733645018125145
888532,295208,1674720,1969928,5.673016991409447
888573,295230,1674762,1969992,5.672736510517224
888586,295231,1674788,1970019,5.672805362580488
888731,295320,1675087,1970407,5.67210822159014
888750,295322,1675092,1970414,5.672086739220241
888843,295363,1675257,1970620,5.671858018776895
888898,295378,1675290,1970668,5.671681709538286
888924,295400,1675365,1970765,5.671513202437373
888988,295426,1675507,1970933,5.671494722874764
889206,295459,1675653,1971112,5.671355416487566
889257,295490,1675720,1971210,5.6709871738468305
889499,295611,1676046,1971657,5.669768716319758
889513,295619,1676075,1971694,5.669713381074965
889613,295627,1676128,1971755,5.669739232208154
889630,295627,1676163,1971790,5.669857624641863
889697,295627,1676285,1971912,5.670270306839361
889706,295629,1676316,1971945,5.6703368072821005
889756,295681,1676412,1972093,5.66966426655754
889820,295706,1676489,1972195,5.669445327453619
889861,295714,1676545,1972259,5.669481323170361
889888,295724,1676590,1972314,5.6694417767918734
890482,295724,1677110,1972834,5.671200173134409
890493,295735,1677126,1972861,5.671043332713409
890585,295789,1677279,1973068,5.670525273083178
890596,295793,1677300,1973093,5.670519586332333
890620,295811,1677345,1973156,5.6703266612803445
891476,295811,1678788,1974599,5.675204776022528
891545,295868,1679026,1974894,5.674915840847945
891556,295883,1679040,1974923,5.674675462936364
891614,295894,1679074,1974968,5.674579410194191
891628,295903,1679080,1974983,5.674427092662122
891786,295927,1679234,1975161,5.674487289094945
891882,295927,1679383,1975310,5.67499079164794
891912,295933,1679404,1975337,5.674946694015199
891960,295934,1679422,1975356,5.674988341995174
892000,295978,1679496,1975474,5.674394718526377
892037,295999,1679560,1975559,5.674208358812023
892177,295999,1679857,1975856,5.675211740580204
892220,296019,1679908,1975927,5.675000591178269
892281,296044,1679989,1976033,5.6747949629109184
892326,296069,1680056,1976125,5.674542083095495
892396,296084,1680205,1976289,5.6747578389916375
892403,296086,1680215,1976301,5.67475328114129
892506,296131,1680339,1976470,5.674309680513016
892553,296131,1680433,1976564,5.674627107597651
892589,296153,1680484,1976637,5.674377770949476
892630,296166,1680540,1976706,5.674317781244302
892661,296187,1680609,1976796,5.6741484265008255
892683,296187,1680641,1976828,5.674256466354026
892716,296192,1680670,1976862,5.674258589023336
892768,296220,1680746,1976966,5.6739787995408815
892830,296235,1680908,1977143,5.6742383580603235
893569,296781,1682295,1979076,5.668472712201926
893653,296846,1682584,1979430,5.66820506255769
893735,296849,1683076,1979925,5.669805187149022
893742,296852,1683079,1979931,5.669757993882474
893850,296876,1683186,1980062,5.669660060092429
894223,296950,1683737,1980687,5.67010271089409
894244,296950,1683762,1980712,5.670186900151541
894261,296952,1683788,1980740,5.670236267140817
894283,296956,1683801,1980757,5.670203666536457
894469,297115,1684179,1981294,5.668441512545647
894597,297124,1684580,1981704,5.669619418155383
894639,297143,1684644,1981787,5.6694722742921755
894688,297156,1684724,1981880,5.669493464712137
894726,297186,1684784,1981970,5.66912304078927
894989,297226,1684967,1982193,5.668975796195488
894995,297226,1684986,1982212,5.669039720616635
895018,297241,1685048,1982289,5.668962222573602
895058,297241,1685148,1982389,5.669298649917071
895107,297267,1685214,1982481,5.6690248160744385
895174,297293,1685457,1982750,5.669346402370725
895179,297295,1685464,1982759,5.669331808473065
895183,297296,1685467,1982763,5.669322829772348
895209,297296,1685506,1982802,5.669454012162962
895253,297299,1685543,1982842,5.669521256378259
895491,297347,1686216,1983563,5.670869388290448
895498,297352,1686225,1983577,5.670804299281659
895740,297352,1686735,1984087,5.672519438241546
895867,297380,1686923,1984303,5.672617526397202
895918,297380,1686949,1984329,5.672704956621158
895999,297410,1687084,1984494,5.672586664873407
896061,297421,1687125,1984546,5.672514718194075
896104,297421,1687197,1984618,5.672756799284516
896184,297421,1687353,1984774,5.673281308313804
896270,297421,1687353,1984774,5.673281308313804
896299,297432,1687372,1984804,5.6731353721186695
896551,297513,1687945,1985458,5.673516787501723
896573,297526,1687987,1985513,5.67341005491957
897001,297526,1688895,1986421,5.676461889044991
897031,297534,1688948,1986482,5.676487393037434
897359,297619,1689740,1987359,5.677527308404369
897434,297653,1689817,1987470,5.677137472157177
897491,297667,1689867,1987534,5.677038435567262
897501,297672,1689881,1987553,5.676990109919643
897627,297681,1690207,1987888,5.677913605503878
897648,297690,1690228,1987918,5.677812489502503
897836,297695,1690503,1988198,5.678640890844656
897851,297702,1690525,1988227,5.678581265829588
897868,297708,1690549,1988257,5.678547435742406
897960,297730,1690613,1988343,5.678342793806469
897981,297730,1690659,1988389,5.678497296207974
897983,297730,1690659,1988389,5.678497296207974
898062,297730,1690824,1988554,5.679051489604675
898327,297730,1691280,1989010,5.680583078628287
898345,297730,1691290,1989020,5.680616666106875
898361,297737,1691309,1989046,5.680546925642429
898425,297764,1691459,1989223,5.680535591945299
898453,297777,1691494,1989271,5.680405135386548
898572,297777,1691751,1989528,5.681268197342306
898575,297777,1691756,1989533,5.6812849884309395
898594,297780,1691793,1989573,5.681352004835785
899781,297799,1694508,1992307,5.690106414057804
899867,297799,1694607,1992406,5.690438853051891
899887,297810,1694633,1992443,5.690315973271549
899947,297823,1694694,1992517,5.690272410122791
899991,297843,1694725,1992568,5.689994393019141
900020,297855,1694802,1992657,5.69002366923503
900084,297866,1694988,1992854,5.6904379821799065
900206,297882,1695329,1993211,5.691277082871741
900215,297882,1695329,1993211,5.691277082871741
900534,298022,1695737,1993759,5.6899725523619065
900554,298031,1695771,1993802,5.689914807520023
900575,298044,1695785,1993829,5.689713599334326
900637,298055,1695818,1993873,5.689614332925132
900664,298055,1695856,1993911,5.689741826173022
900713,298097,1695944,1994041,5.689235383113551
901657,298117,1698007,1996124,5.695773806928153
901902,298302,1698460,1996762,5.693760015018337
901913,298302,1698460,1996762,5.693760015018337
901924,298302,1698470,1996772,5.693793538092269
902025,298383,1698663,1997046,5.692894702446185
902070,298398,1698703,1997101,5.69274257870361
902130,298436,1698764,1997200,5.692222117975043
902181,298436,1698880,1997316,5.69261081102816
902382,298497,1699172,1997669,5.692425719521469
902461,298521,1699281,1997802,5.692333202689258
902662,298544,1699603,1998147,5.692973230076639
902676,298544,1699629,1998173,5.693060319416904
902705,298565,1699672,1998237,5.692803912045953
902784,298612,1699810,1998422,5.6923700320147885
902818,298612,1699898,1998510,5.69266472881197
904372,298619,1701737,2000356,5.698689634618025
904456,298670,1701874,2000544,5.698175243579871
904563,298781,1702052,2000833,5.696654071042
904780,298872,1702290,2001162,5.695715891752991
904808,298879,1702318,2001197,5.695676176646737
905073,298879,1703143,2002022,5.69843649102145
905147,298897,1703210,2002107,5.698317480603686
905156,298897,1703230,2002127,5.6983843932859815
905179,298902,1703279,2002181,5.698453004663736
905898,299143,1704159,2003302,5.69680386972117
905961,299174,1704250,2003424,5.696517745526015
906018,299209,1704348,2003557,5.696178925099178
906029,299215,1704366,2003581,5.696124860050466
906085,299253,1704492,2003745,5.695822598269691
906103,299262,1704511,2003773,5.695714791720967
906127,299276,1704545,2003821,5.695561956187599
906192,299297,1704639,2003936,5.695476399696623
906456,299297,1705308,2004605,5.697711637604119
906564,299349,1705418,2004767,5.697089350557376
906717,299349,1705572,2004921,5.697603800246535
906819,299390,1705718,2005108,5.697311199438859
906849,299403,1705800,2005203,5.697337702027034
906855,299403,1705814,2005217,5.69738446174554
906873,299419,1705824,2005243,5.697113409636663
906920,299432,1705925,2005357,5.6972033717171175
906954,299432,1705989,2005421,5.697417109727751
906983,299432,1706027,2005459,5.697544016671565
907101,299443,1706281,2005724,5.698182959695167
907143,299449,1706289,2005738,5.698095502072139
907156,299456,1706308,2005764,5.698025753366104
907262,299504,1706428,2005932,5.6975132218601425
907278,299516,1706468,2005984,5.697418501849651
907361,299517,1706720,2006237,5.698240834410067
907374,299525,1706730,2006255,5.698122026542025
907403,299537,1706779,2006316,5.698057335153921
907519,299580,1707054,2006634,5.698157420388544
907546,299580,1707107,2006687,5.698334334735296
907568,299580,1707160,2006740,5.698511249082048
907580,299580,1707183,2006763,5.698588023232525
907587,299584,1707192,2006776,5.698541978209784
907695,299672,1707419,2007091,5.697626071171147
907720,299672,1707474,2007146,5.697809605168318
907806,299691,1707625,2007316,5.697952224124181
907839,299726,1707707,2007433,5.697560438533861
907853,299732,1707751,2007483,5.697593183243698
907871,299732,1707771,2007503,5.697659909519171
907892,299742,1707787,2007529,5.697523203288161
907955,299756,1707898,2007654,5.697627403621612
908066,299756,1708155,2007911,5.69848476761099
908083,299759,1708171,2007930,5.698481113160906
908198,299828,1708303,2008131,5.69760996304548
908593,299828,1708961,2008789,5.69980455461131
908850,300033,1709412,2009445,5.697413284538701
908872,300042,1709452,2009494,5.697375700735231
908961,300042,1709679,2009721,5.6981322614833925
909029,300068,1709776,2009844,5.697961795326393
909191,300191,1710095,2010286,5.696689774177107
909206,300194,1710121,2010315,5.696719454752594
909223,300200,1710137,2010337,5.6966588940706195
909235,300202,1710149,2010351,5.6966609149839105
909373,300302,1710526,2010828,5.696019340530532
909383,300302,1710555,2010857,5.696115909983949
909398,300302,1710555,2010857,5.696115909983949
909426,300313,1710610,2010923,5.696090412336463
909594,300313,1710873,2011186,5.69696616530087
910303,300629,1711931,2012560,5.694497204195204
910353,300629,1712038,2012667,5.69485312461539
910416,300629,1712118,2012747,5.695119233340762
910437,300638,1712166,2012804,5.695108402796719
910501,300657,1712222,2012879,5.694934759543267
910592,300732,1712447,2013179,5.694262665762207
910593,300733,1712449,2013182,5.694250381567703
910606,300736,1712460,2013196,5.694230155352202
910665,300771,1712607,2013378,5.694056275372294
910685,300771,1712628,2013399,5.694126095933451
910730,300791,1712704,2013495,5.694000152930108
910905,300891,1712948,2013839,5.692918698133211
910964,300891,1713197,2014088,5.693746240332878
910977,300897,1713203,2014100,5.693652645257347
910986,300903,1713228,2014131,5.6936221971864684
911141,300988,1713590,2014578,5.6932170053291165
911253,301057,1713744,2014801,5.692423693851995
911530,301057,1713966,2015023,5.693161095739345
911609,301096,1714237,2015333,5.693323723995005
911628,301096,1714273,2015369,5.693443287190797
911782,301110,1714515,2015625,5.693982265617216
911814,301130,1714566,2015696,5.693773453325806
911834,301130,1714587,2015717,5.693843190648557
911851,301137,1714607,2015744,5.69377725088581
911899,301159,1714687,2015846,5.6936269545323235
911959,301167,1714793,2015960,5.693827677003124
913556,301228,1717883,2019111,5.7029326623023096
913585,301230,1717898,2019128,5.702944593831956
913628,301237,1717930,2019167,5.702918300208806
913648,301247,1717959,2019206,5.7028252563511
913699,301276,1718053,2019329,5.702588324327195
913725,301292,1718102,2019394,5.7024481234151585
913742,301303,1718124,2019427,5.702312954069492
913755,301310,1718148,2019458,5.702260130762338
913767,301323,1718175,2019498,5.7021037225834075
913864,301323,1718502,2019825,5.703188936788761
913942,301355,1718726,2020081,5.70332664133663
914023,301384,1718833,2020217,5.70313288031216
914039,301384,1718859,2020243,5.703219148992647
914215,301395,1719416,2020811,5.704859071981951
914263,301412,1719491,2020903,5.70478613990153
914302,301415,1719506,2020921,5.704779125126486
914305,301416,1719509,2020925,5.704770151551345
914366,301438,1719580,2021018,5.704589335120323
914929,301438,1721034,2022472,5.709412880924104
915030,301476,1721087,2022563,5.70886903103398
915045,301481,1721123,2022604,5.7088937611325425
915070,301485,1721169,2022654,5.708970595552017
915074,301485,1721178,2022663,5.709000447783472
915272,301556,1721576,2023132,5.70897611057316
915297,301565,1721628,2023193,5.708978163911595
915321,301585,1721653,2023238,5.7086824609977285
915332,301585,1721671,2023256,5.708742145663743
915443,301585,1721928,2023513,5.70959431006184
915548,301676,1722107,2023783,5.70846537344701
915555,301676,1722107,2023783,5.70846537344701
915564,301678,1722122,2023800,5.708477250578431
915746,301750,1722517,2024267,5.708424192212096
915788,301754,1722601,2024355,5.708626894755331
915808,301754,1722622,2024376,5.708696487867601
916099,301903,1723569,2025472,5.709015809713716
916130,301916,1723616,2025532,5.708925661442255
916158,301931,1723679,2025610,5.708850697675959
916365,302052,1723960,2026012,5.707494073868076
916389,302067,1723994,2026061,5.707323209751479
916778,302143,1724308,2026451,5.706926852516855
916977,302241,1724533,2026774,5.705820851572089
916996,302247,1724554,2026801,5.705777063130486
917066,302253,1724702,2026955,5.706153454225434
917222,302253,1724964,2027217,5.707020277714365
917235,302259,1724979,2027238,5.706956616676426
917384,302336,1725173,2027509,5.706144819009314
917432,302336,1725244,2027580,5.706379657070279
917487,302354,1725323,2027677,5.706301223069647
918073,302515,1726219,2028734,5.706226137546898
918129,302515,1726307,2028822,5.706517032213279
918148,302522,1726335,2028857,5.706477545434712
918164,302522,1726361,2028883,5.706563489597451
918199,302539,1726410,2028949,5.706404794092663
918203,302540,1726413,2028953,5.706395848482845
918236,302554,1726449,2029003,5.706250784983838
918258,302570,1726471,2029041,5.706021747033744
918328,302570,1726644,2029214,5.706593515550121
918358,302593,1726730,2029323,5.706443969292085
918390,302619,1726794,2029413,5.706165177996094
918498,302691,1726983,2029674,5.7054322725155355
918510,302697,1727006,2029703,5.705395164141039
918531,302701,1727034,2029735,5.705412271515456
918556,302709,1727055,2029764,5.7053308623133105
918603,302716,1727114,2029830,5.705393834485128
918617,302722,1727140,2029862,5.705366640019556
918739,302765,1727225,2029990,5.704837084867802
918774,302772,1727235,2030007,5.704738218857754
918834,302808,1727367,2030175,5.704495918205596
918860,302810,1727382,2030192,5.704507777153991
918894,302810,1727421,2030231,5.704636570786962
919020,302878,1727772,2030650,5.704514689082733
919105,302883,1727871,2030754,5.7047473777003
919129,302883,1727901,2030784,5.704846425847604
919143,302886,1727922,2030808,5.7048592539767435
919165,302888,1727929,2030817,5.704844695068804
919180,302888,1727944,2030832,5.704894218324926
919226,302888,1727994,2030882,5.705059295845329
919229,302889,1727997,2030886,5.705050364985192
919266,302889,1728033,2030922,5.705169220407476
919303,302895,1728128,2031023,5.70536984763697
919368,302912,1728158,2031070,5.705148690048595
919377,302917,1728186,2031103,5.705146954446268
919406,302917,1728213,2031130,5.705236087773218
919428,302929,1728254,2031183,5.705145430117288
919550,302967,1728451,2031418,5.705080091231058
919553,302969,1728452,2031421,5.705045730751331
919598,302992,1728545,2031537,5.704919601837672
919628,303003,1728600,2031603,5.704894010950387
919769,303005,1729017,2032022,5.70623257041963
920049,303091,1729350,2032441,5.705712145857185
921814,303415,1732570,2035985,5.710231860652901
921935,303415,1732766,2036181,5.710877840581382
922026,303415,1732814,2036229,5.71103603974754
922039,303428,1732835,2036263,5.710860566592404
922065,303452,1732883,2036335,5.710567074858627
922081,303461,1732904,2036365,5.710466913376019
922389,303526,1733584,2037110,5.7114843538939
922908,303526,1734069,2037595,5.7130822400716905
922923,303536,1734111,2037647,5.713032391544989
922959,303538,1734158,2037696,5.713149589178291
922992,303548,1734263,2037811,5.713307285832883
923034,303559,1734326,2037885,5.71330779189548
923049,303570,1734351,2037921,5.713183120861745
923060,303578,1734380,2037958,5.713128092286002
923076,303587,1734403,2037990,5.713034484348803
923132,303625,1734553,2038178,5.712813503499382
923202,303659,1734673,2038332,5.7125690330271786
923237,303659,1734685,2038344,5.712608551039159
923377,303662,1734767,2038429,5.712822150944142
923451,303676,1734897,2038573,5.712986867582555
923481,303689,1734946,2038635,5.712903661311407
923521,303723,1735028,2038751,5.712534118259072
923569,303758,1735081,2038839,5.712050382212156
923603,303758,1735154,2038912,5.712290705100771
923613,303763,1735163,2038926,5.712226308009863
923779,303774,1735470,2039244,5.713030081573802
923896,303822,1735624,2039446,5.7126343714411725
923904,303827,1735634,2039461,5.7125732736063615
923934,303836,1735679,2039515,5.712552166300241
923979,303840,1735716,2039556,5.712598736176935
924128,303914,1735874,2039788,5.711727659798496
924220,303914,1735929,2039843,5.711908632047224
924242,303914,1735934,2039848,5.7119250840698355
924244,303915,1735940,2039855,5.711926031949723
924298,303955,1736031,2039986,5.7114737378888325
924641,303983,1736805,2040788,5.713493846695375
924665,303983,1736854,2040837,5.7136550399199955
924690,303998,1736902,2040900,5.713531010072435
924990,303998,1737445,2041443,5.71531720603425
925021,304028,1737563,2041591,5.715141368558159
925087,304044,1737660,2041704,5.715159647945692
925098,304047,1737684,2041731,5.71518219222686
925112,304052,1737701,2041753,5.715144120084722
925158,304068,1737755,2041823,5.71502098214873
925213,304090,1737786,2041876,5.714709461014831
925744,304090,1738395,2042485,5.716712157584926
927540,304090,1742000,2046090,5.728567200499852
927550,304090,1742016,2046106,5.728619816501694
927605,304126,1742059,2046185,5.728083097137371
927654,304138,1742138,2046276,5.7281168416968615
927750,304179,1742232,2046411,5.727653782805519
927754,304181,1742235,2046416,5.727625985843955
927804,304191,1742307,2046498,5.727674388788623
927865,304218,1742392,2046610,5.727445450302086
927988,304218,1742729,2046947,5.728553208554392
928307,304223,1743309,2047532,5.730365554215164
928983,304441,1743763,2048204,5.727753489181812
929014,304454,1743832,2048286,5.727735552825714
929110,304483,1743945,2048428,5.727561144628764
929277,304623,1744276,2048899,5.726015435472699
929361,304650,1744383,2049033,5.7258591826686365
929371,304654,1744398,2049052,5.725833240331655
930131,304865,1745870,2050735,5.726698702704476
930148,304880,1745898,2050778,5.7265087903437415
930172,304889,1745936,2050825,5.726464385399276
930325,304978,1746128,2051106,5.725422817383549
930460,305033,1746359,2051392,5.725147770896919
930462,305033,1746359,2051392,5.725147770896919
930488,305039,1746396,2051435,5.725156455404063
930540,305039,1746436,2051475,5.725287586177505
930701,305039,1746823,2051862,5.726556276410557
930749,305065,1746896,2051961,5.72630750823595
931201,305065,1747728,2052793,5.729034795863177
931243,305077,1747796,2052873,5.729032342654477
931749,305132,1748369,2053501,5.729877561186634
932041,305260,1749300,2054560,5.730524798532398
932075,305260,1749364,2054624,5.730734455873681
932450,305313,1749990,2055303,5.731789999115661
932574,305373,1750121,2055494,5.7310927947133505
932629,305406,1750205,2055611,5.730748577303655
932662,305419,1750292,2055711,5.730789505564487
932712,305440,1750345,2055785,5.730569015191199
932992,305445,1750803,2056248,5.731974659922408
933013,305454,1750831,2056285,5.7318974379120915
933038,305463,1750879,2056342,5.731885694830471
933161,305517,1751114,2056631,5.73164177443481
933185,305527,1751143,2056670,5.731549093860772
933213,305532,1751158,2056690,5.73150439233861
933263,305532,1751262,2056794,5.731844782215938
933293,305555,1751320,2056875,5.731603148369361
933306,305564,1751331,2056895,5.731470330274509
934436,305811,1752142,2057953,5.729493052898686
934514,305859,1752236,2058095,5.728901225728195
934710,305948,1752767,2058715,5.728970282531672
934865,306046,1753032,2059078,5.728001672951125
935111,306059,1753449,2059508,5.729120855782709
935188,306087,1753538,2059625,5.728887538510293
935215,306087,1753570,2059657,5.728992083949988
935430,306127,1754597,2060724,5.73159832357159
935491,306132,1754690,2060822,5.731808500908105
935521,306141,1754796,2060937,5.731986241633757
935532,306143,1754826,2060969,5.7320467885922595
935548,306143,1754852,2060995,5.732131716224117
935583,306157,1754944,2061101,5.732170095735195
935593,306161,1754954,2061115,5.732127867363904
935608,306167,1754980,2061147,5.7321004549804515
935734,306170,1755366,2061536,5.733305026619198
935774,306179,1755429,2061608,5.733342260573063
936102,306233,1755669,2061902,5.7331149810765005
936110,306236,1755702,2061938,5.733166577410886
936460,306271,1756306,2062577,5.734483512967274
936571,306271,1756521,2062792,5.735185505646959
936670,306287,1756685,2062972,5.73542135317529
936702,306298,1756715,2063013,5.735313322320094
936745,306316,1756791,2063107,5.735224408780475
936935,306407,1757038,2063445,5.734327218372949
936985,306407,1757145,2063552,5.734676427105125
937114,306492,1757384,2063876,5.733865810526865
937820,306492,1758522,2065014,5.737578794878822
937827,306504,1758528,2065032,5.737373737373737
937878,306504,1758528,2065032,5.737373737373737
937953,306574,1758697,2065271,5.736614977134395
937975,306588,1758749,2065337,5.736522629718058
937989,306594,1758805,2065399,5.736593018780537
938060,306594,1758932,2065526,5.737007247369485
938070,306594,1758948,2065542,5.737059433648408
938107,306598,1758990,2065588,5.737121572873926
954443,307511,1790190,2097701,5.821547847068885
954552,307590,1790416,2098006,5.820787411814428
954724,307622,1790505,2098127,5.820471227675524
955745,307632,1791704,2099336,5.824179539189681
955754,307634,1791720,2099354,5.824193684703252
955835,307640,1791863,2099503,5.824544922636848
955871,307669,1791910,2099579,5.824148679262454
955993,307723,1792179,2099902,5.824000805919609
956102,307791,1792456,2100247,5.8236140757851915
956124,307803,1792481,2100284,5.823468257294438
956194,307806,1792659,2100465,5.823989785774156
956612,308044,1793555,2101599,5.822398748230772
956661,308044,1793660,2101704,5.822739608627339
956710,308053,1793742,2101795,5.822835680873096
956721,308057,1793751,2101808,5.822789288995218
956758,308074,1793813,2101887,5.822669228821646
957099,308074,1794492,2102566,5.8248732447399005
957112,308074,1794520,2102594,5.824964131994261
957144,308074,1794568,2102642,5.825119938716023
957148,308074,1794578,2102652,5.825152398449723
957227,308084,1794750,2102834,5.8255216109892105
957331,308095,1794800,2102895,5.825475908404875
957648,308348,1795617,2103965,5.823345700312633
958035,308559,1796405,2104964,5.821917364264209
958050,308566,1796425,2104991,5.821850106622247
958074,308587,1796461,2105048,5.8215705781513805
958615,308617,1797754,2106371,5.825194334725566
958673,308642,1797830,2106472,5.824968734002502
958695,308649,1797868,2106517,5.824959743916229
958736,308676,1797925,2106601,5.824634892249478
958885,308765,1798194,2106959,5.823827182485061
958906,308783,1798241,2107024,5.82363990245577
958977,308819,1798295,2107114,5.823135882183415
959323,308848,1798596,2107444,5.8235636947624725
959355,308860,1798631,2107491,5.823450754387101
959375,308883,1798674,2107557,5.823156340750381
959420,308918,1798762,2107680,5.822781450093553
959456,308925,1798819,2107744,5.822834021202557
959477,308938,1798875,2107813,5.822770264583832
959542,308970,1798974,2107944,5.822487620157297
959946,308975,1799703,2108678,5.824752811716158
959990,308993,1799825,2108818,5.8248083289912715
960124,309052,1800114,2109166,5.8246314536065125
960210,309119,1800224,2109343,5.8237248438303695
960293,309143,1800475,2109618,5.824084646910976
960334,309167,1800543,2109710,5.823852481021584
960347,309173,1800554,2109727,5.823775038570639
960363,309180,1800583,2109763,5.823736981693512
960404,309205,1800630,2109835,5.823418120664284
960406,309205,1800635,2109840,5.823434291166055
961083,309336,1801876,2111212,5.824979957069336
961101,309337,1801911,2111248,5.825074271748934
961128,309356,1801942,2111298,5.824816716016499
961146,309356,1801958,2111314,5.824868436364577
961259,309385,1802112,2111497,5.824820207831666
961275,309385,1802138,2111523,5.8249042455193365
961286,309385,1802148,2111533,5.824936567706902
961306,309385,1802169,2111554,5.825004444300791
961351,309397,1802320,2111717,5.825266566902717
961417,309434,1802435,2111869,5.824941667690041
961473,309440,1802492,2111932,5.825012926577043
961666,309440,1802936,2112376,5.826447776628749
962178,309573,1803568,2113141,5.825986116360277
962270,309589,1803815,2113404,5.826482853072945
962273,309591,1803815,2113406,5.826445213200643
962346,309622,1803901,2113523,5.826139615402006
962364,309624,1803905,2113529,5.826114900653696
962374,309624,1803921,2113545,5.8261665762344
962407,309631,1803935,2113566,5.826080075961387
962611,309760,1804295,2114055,5.824815986570248
962612,309760,1804297,2114057,5.8248224431818185
962648,309769,1804326,2114095,5.824746827474667
962688,309777,1804387,2114164,5.824793319065005
962715,309796,1804420,2114216,5.824542602228563
962769,309796,1804420,2114216,5.824542602228563
962799,309824,1804464,2114288,5.824158231770295
962823,309839,1804491,2114330,5.823963413256562
962854,309853,1804572,2114425,5.823961685057108
962862,309853,1804589,2114442,5.824016549783284
962935,309876,1804738,2114614,5.824065109914934
963014,309902,1804869,2114771,5.823999199747017
963037,309908,1804893,2114801,5.823963886056507
963252,309987,1805358,2115345,5.823979715278383
963321,310011,1805419,2115430,5.823725609736429
963352,310035,1805462,2115497,5.82341348557421
963490,310057,1805548,2115605,5.823277655398846
963665,310057,1805969,2116026,5.824635470252244
963800,310067,1806210,2116277,5.825224870753741
963832,310081,1806251,2116332,5.825094088318859
963972,310109,1806419,2116528,5.82510988071936
963982,310113,1806433,2116546,5.82507989023356
964064,310158,1806535,2116693,5.824563609515151
964066,310160,1806535,2116695,5.824526051070415
964175,310188,1806950,2117138,5.825338182005751
964257,310225,1807051,2117276,5.824968974131679
964282,310231,1807106,2117337,5.825033603991864
964371,310259,1807297,2117556,5.82512352582842
964395,310267,1807373,2117640,5.825218279739708
964503,310290,1807510,2117800,5.825228012504431
964577,310293,1807531,2117824,5.825239370530434
964866,310512,1808434,2118946,5.82403900654403
965156,310685,1808852,2119537,5.822141397235142
965333,310685,1809166,2119851,5.823152067206334
965342,310687,1809187,2119874,5.823182173698932
965370,310706,1809216,2119922,5.822919415782122
965423,310735,1809312,2120047,5.822684924453312
965431,310740,1809323,2120063,5.822626633198172
965456,310740,1809366,2120106,5.822765012550685
965467,310740,1809384,2120124,5.822822938791273
965494,310755,1809419,2120174,5.822654502743319
965506,310755,1809444,2120199,5.82273495197181
965521,310759,1809464,2120223,5.822724361965381
965529,310763,1809472,2120235,5.822675157595982
965553,310769,1809514,2120283,5.822697888141996
965561,310781,1809532,2120313,5.822530978406016
965578,310790,1809558,2120348,5.822446024646868
965601,310811,1809619,2120430,5.822248890805023
965627,310821,1809661,2120482,5.822196698421278
965694,310821,1809734,2120555,5.822431560287111
965892,310919,1810016,2120935,5.82150334974704
966171,311092,1810413,2121505,5.819542129016496
966181,311098,1810421,2121519,5.819455605629094
966328,311245,1810795,2122040,5.817908721425244
966574,311245,1812082,2123327,5.822043727610082
966598,311253,1812129,2123382,5.822045088722036
966643,311277,1812203,2123480,5.821833929265574
966665,311291,1812235,2123526,5.821674895837014
966771,311379,1812544,2123923,5.821021970010823
966912,311401,1812601,2124002,5.82079376752162
967177,311545,1812839,2124384,5.818867258341491
967293,311564,1812966,2124530,5.818920029271674
967310,311564,1812993,2124557,5.8190066888343965
967356,311613,1813109,2124722,5.818463928013273
967364,311613,1813128,2124741,5.818524901079224
967376,311613,1813149,2124762,5.818592292362642
967482,311664,1813273,2124937,5.8180380152985265
967483,311664,1813275,2124939,5.818044432465732
968521,311678,1814587,2126265,5.821992569254166
968538,311689,1814621,2126310,5.821896184979258
968554,311694,1814648,2126342,5.821889417184803
968574,311694,1814669,2126363,5.821956790955232
968686,311785,1814857,2126642,5.8208605288901
968708,311800,1814907,2126707,5.820740859525337
968785,311828,1815029,2126857,5.820609438536629
968877,311828,1815219,2127047,5.821218748797414
968932,311836,1815291,2127127,5.82130029887505
968984,311836,1815331,2127167,5.821428571428571
969093,311842,1815662,2127504,5.822377999114936
969133,311862,1815748,2127610,5.822280367598489
969210,311911,1815837,2127748,5.821651047895073
969345,311970,1815983,2127953,5.821018046607046
969457,311970,1816247,2128217,5.82186428182197
969488,311970,1816309,2128279,5.82206301888002
969516,311971,1816358,2128329,5.822201422568123
969540,311977,1816394,2128371,5.822204842023611
969552,311997,1816428,2128425,5.8219405955826495
969587,312007,1816480,2128487,5.821920662036429
969645,312007,1816577,2128584,5.82223155249722
969934,312097,1817193,2129290,5.82252632995511
969937,312097,1817200,2129297,5.822548758879451
970004,312109,1817246,2129355,5.822472277313374
970029,312128,1817277,2129405,5.822217167315973
970084,312140,1817358,2129498,5.822252835266227
970117,312140,1817390,2129530,5.822355353367079
970143,312156,1817431,2129587,5.822188264841938
970173,312182,1817512,2129694,5.821962829375172
970193,312189,1817540,2129729,5.821921976751263
970215,312196,1817585,2129781,5.821935578931185
970225,312204,1817597,2129801,5.821824832481326
970249,312204,1817612,2129816,5.821872877990032
970268,312204,1817632,2129836,5.821936938668307
970368,312220,1817855,2130075,5.822352828134008
970435,312220,1817915,2130135,5.822545000320287
970620,312220,1818193,2130413,5.823435398116713
970639,312229,1818243,2130472,5.823427676481044
970701,312257,1818378,2130635,5.82333782749466
971143,312257,1819426,2131683,5.826694037283391
972662,312950,1821804,2134754,5.8213899984023
972714,312960,1821894,2134854,5.821491564417178
972811,312995,1822076,2135071,5.821422067445167
972838,313005,1822121,2135126,5.821379850162138
972841,313008,1822127,2135135,5.821343224454327
972870,313029,1822160,2135189,5.8210581128266075
972875,313037,1822169,2135206,5.8209380999690135
972897,313044,1822191,2135235,5.820878215202975
972918,313044,1822223,2135267,5.820980437254827
972962,313053,1822290,2135343,5.8210271104253914
972976,313059,1822330,2135389,5.821043317713275
973076,313101,1822424,2135525,5.820562693827232
973094,313109,1822442,2135551,5.820471465208602
973434,313162,1822752,2135914,5.820476302999725
973448,313162,1822787,2135949,5.820588066240476
973477,313177,1822815,2135992,5.820398688281706
973678,313187,1823825,2137012,5.823437754440637
974018,313357,1824234,2137591,5.821583688891583
974062,313393,1824297,2137690,5.821115978978471
974756,313445,1824406,2137851,5.820498014005647
974763,313453,1824430,2137883,5.820426028782625
974863,313508,1824656,2138164,5.820125802212384
974874,313511,1824668,2138179,5.82010838535171
974889,313517,1824703,2138220,5.820108638447038
974944,313524,1824803,2138327,5.820297648664855
975107,313524,1825099,2138623,5.82124175501716
975126,313531,1825147,2138678,5.821264882898342
975184,313560,1825252,2138812,5.82106135986733
975284,313560,1825371,2138931,5.8214408725602755
975291,313563,1825393,2138956,5.8214553375238784
975322,313563,1825453,2139016,5.821646686630757
977145,313576,1829155,2142731,5.8332110875832335
977470,313754,1829698,2143452,5.831632425403342
977477,313754,1829712,2143466,5.831677046348413
977563,313804,1829897,2143701,5.831337395316822
977673,313809,1830142,2143951,5.832025212788671
977697,313826,1830181,2144007,5.8318335638219905
977719,313828,1830188,2144016,5.831818703238716
977740,313839,1830233,2144072,5.831757684672715
977792,313839,1830291,2144130,5.831942492806822
977846,313851,1830388,2144239,5.832028574068587
977850,313854,1830389,2144243,5.831976014325132
977855,313855,1830402,2144257,5.8319988529735065
978016,313917,1830709,2144626,5.83182497284314
978026,313920,1830717,2144637,5.831794724770642
978104,313954,1830832,2144786,5.8315294597297695
978113,313956,1830841,2144797,5.8315209774618095
978169,313970,1830883,2144853,5.831394719240691
978522,314169,1831542,2145711,5.829798611575298
978530,314169,1831567,2145736,5.829878186581108
978540,314169,1831567,2145736,5.829878186581108
978594,314189,1831649,2145838,5.829768069537763
978986,314198,1832744,2146942,5.833086143132674
979075,314215,1832923,2147138,5.833340228824213
979110,314228,1832967,2147195,5.833238922056596
979137,314232,1832996,2147228,5.833256956643499
979151,314241,1833041,2147282,5.833233091798969
979152,314241,1833043,2147284,5.833239456340834
979234,314273,1833115,2147388,5.83287460265438
979341,314373,1833442,2147815,5.832059368966164
979438,314427,1833626,2148053,5.831642956870752
979443,314430,1833629,2148059,5.831596857806189
979501,314440,1833741,2148181,5.831767586821015
979659,314547,1834060,2148607,5.830797941166185
979771,314641,1834382,2149023,5.830079360286803
979841,314659,1834498,2149157,5.830114504908488
980024,314727,1834684,2149411,5.829445837185879
980096,314780,1834816,2149596,5.828883664781753
980104,314780,1834816,2149596,5.828883664781753
980738,315099,1836714,2151813,5.829006121885502
980755,315106,1836751,2151857,5.828994052794933
980779,315114,1836772,2151886,5.8289127109554
980914,315205,1837046,2152251,5.828099173553719
981986,315463,1839432,2154895,5.830896174828744
982123,315471,1839480,2154951,5.830900463117054
982208,315525,1839596,2155121,5.830270184612947
982222,315525,1839622,2155147,5.830352586958244
982237,315533,1839634,2155167,5.830242795523764
982242,315535,1839646,2155181,5.8302438715198
982269,315535,1839684,2155219,5.830364301899948
982430,315535,1840004,2155539,5.8313784524696155
982443,315535,1840024,2155559,5.831441836880219
982475,315541,1840108,2155649,5.831597161700064
982673,315544,1840382,2155926,5.8324100600867075
982797,315544,1840585,2156129,5.833053393504551
982821,315551,1840624,2156175,5.833047589771542
983278,315565,1841370,2156935,5.835152821130354
983346,315575,1841502,2157077,5.835386199794026
983476,315575,1841888,2157463,5.836609363859622
983484,315579,1841901,2157480,5.83657657828943
983507,315579,1841935,2157514,5.836684316763789
983636,315579,1842217,2157796,5.837577912345245
983683,315612,1842289,2157901,5.837195670633562
984855,315955,1842849,2158804,5.8326312291307305
984876,315965,1842869,2158834,5.832509929897299
984909,315965,1842933,2158898,5.832712483977656
984916,315969,1842942,2158911,5.832667128737313
984975,316005,1843018,2159023,5.832243160709482
984985,316011,1843053,2159064,5.832243181408242
985096,316011,1843268,2159279,5.832923537471797
985116,316011,1843289,2159300,5.832989990854749
985141,316018,1843309,2159327,5.832924073945155
985386,316153,1844092,2160245,5.832910015087632
985524,316207,1844203,2160410,5.832264940371339
985586,316212,1844259,2160471,5.832349815946264
985690,316238,1844563,2160801,5.8328316015153145
985726,316244,1844584,2160828,5.832787341419916
985814,316299,1844692,2160991,5.832114549840499
985830,316307,1844728,2161035,5.832080858153629
985866,316330,1844785,2161115,5.831837005658648
985930,316356,1844904,2161260,5.831733869438228
985935,316356,1844904,2161260,5.831733869438228
985994,316368,1844987,2161355,5.831775021493956
986015,316368,1845017,2161385,5.831869847772214
986145,316446,1845348,2161794,5.831478356496843
986315,316446,1845633,2162079,5.832378984092073
986350,316460,1845674,2162134,5.8322505213929094
986384,316472,1845706,2162178,5.832130488637225
986521,316560,1845969,2162529,5.831340030326005
986574,316597,1846075,2162672,5.830993344851657
986690,316691,1846332,2163023,5.830074110094698
986698,316698,1846352,2163050,5.830008399168924
987339,316706,1847314,2164020,5.832898650483414
987369,316708,1847351,2164059,5.832978642787678
987724,316834,1847590,2164424,5.831413295290278
987727,316834,1847599,2164433,5.831441701332559
988258,316843,1848198,2165041,5.8331665840810745
988326,316843,1848198,2165041,5.8331665840810745
988360,316854,1848233,2165087,5.833074539062155
988470,316854,1848391,2165245,5.833573191438328
988499,316859,1848415,2165274,5.8335568817676
988549,316879,1848461,2165340,5.8333338592964505
989010,317090,1849047,2166137,5.831300261755338
989033,317113,1849094,2166207,5.831025533484909
989067,317121,1849222,2166343,5.831282065836069
989094,317121,1849292,2166413,5.8315028017696715
989288,317121,1849786,2166907,5.83306056678681
989528,317251,1850076,2167327,5.831584455210543
989673,317329,1850328,2167657,5.830945170469765
989817,317383,1850477,2167860,5.830422549411909
990134,317520,1850935,2168455,5.829349332325523
990140,317520,1850983,2168503,5.829500503905265
990251,317520,1851199,2168719,5.830180776014109
990325,317574,1851310,2168884,5.829538942104833
990331,317574,1851310,2168884,5.829538942104833
990357,317574,1851349,2168923,5.829661748127996
990391,317599,1851409,2169008,5.829391780200819
990440,317639,1851482,2169121,5.8288875106646225
990483,317647,1851580,2169227,5.8290492276017085
990557,317683,1851676,2169359,5.8286908647928914
990630,317695,1851732,2169427,5.828646972725413
990642,317698,1851763,2169461,5.82868951016374
990675,317719,1851839,2169558,5.8285434613605105
990819,317723,1852034,2169757,5.829083824589343
990871,317745,1852089,2169834,5.8288533257801065
990927,317775,1852191,2169966,5.828624026433798
990982,317806,1852276,2170082,5.828322939151558
991152,317806,1852621,2170427,5.829408507076645
991177,317806,1852648,2170454,5.829493464566434
991197,317814,1852679,2170493,5.82944426614309
991213,317822,1852739,2170561,5.829486316239908
991222,317828,1852748,2170576,5.829404583611262
991348,317855,1853015,2170870,5.829749414040993
991360,317857,1853018,2170875,5.8297221706616495
991381,317866,1853042,2170908,5.829632612484506
991490,317902,1853122,2171024,5.829224100508962
991550,317915,1853215,2171130,5.8292782662032305
991624,317934,1853347,2171281,5.829345084199866
991725,317998,1853493,2171491,5.82863099767923
991756,318010,1853546,2171556,5.828577717681834
991911,318052,1853697,2171749,5.828282796523839
993118,318681,1856294,2174975,5.824928376652514
993240,318714,1856554,2175268,5.8251410355365625
993251,318720,1856568,2175288,5.825075301204819
993364,318770,1856686,2175456,5.824531794083509
993386,318777,1856738,2175515,5.824567017068358
993814,318785,1857637,2176422,5.827240930407641
993879,318789,1857919,2176708,5.8280524108422815
993894,318797,1857934,2176731,5.827953211604877
994667,318846,1858737,2177583,5.829576033571065
994850,318886,1859121,2178007,5.830048983022146
994989,318966,1859404,2178370,5.829473987823153
995024,318974,1859424,2178398,5.829390483236878
995053,318984,1859467,2178451,5.829342537556743
995065,318998,1859486,2178484,5.829146264239901
995492,319002,1860025,2179027,5.830762816534065
995501,319004,1860041,2179045,5.830776416596657
995907,319143,1860682,2179825,5.830245375897325
995913,319148,1860687,2179835,5.830169701831125
996056,319206,1860930,2180136,5.829871618954531
996078,319218,1860963,2180181,5.829755840836043
996104,319233,1861013,2180246,5.829638539875264
997181,319894,1862849,2182743,5.823332103759371
997259,319937,1862971,2182908,5.822930764494259
997270,319937,1862981,2182918,5.822962020647815
997473,320040,1863274,2183314,5.8220034995625545
997750,320156,1863783,2183939,5.821483901597971
997775,320181,1863811,2183992,5.8211168058067155
997837,320181,1863875,2184056,5.821316692745666
1000198,322236,1873548,2195784,5.814210702714781
1000205,322236,1873548,2195784,5.814210702714781
1000226,322236,1873578,2195814,5.814303802182252
1000280,322262,1873681,2195943,5.814154321638915
1000335,322275,1873722,2195997,5.81404700954154
1000477,322293,1873895,2196188,5.814259074817015
1000547,322293,1874165,2196458,5.815096821836031
1000575,322302,1874192,2196494,5.815018212732158
1000711,322369,1874386,2196755,5.814411435342729
1000727,322369,1874386,2196755,5.814411435342729
1000779,322398,1874484,2196882,5.814192395734465
1001109,322410,1875194,2197604,5.816178158245712
1001116,322413,1875207,2197620,5.816164360618213
1001215,322418,1875371,2197789,5.816582821058377
1001235,322418,1875392,2197810,5.8166479538983555
1001559,322472,1875618,2198090,5.81637475501749
1001570,322480,1875634,2198114,5.816280079384768
1001837,322480,1876251,2198731,5.818193376333416
1001867,322487,1876307,2198794,5.818240735285453
1001890,322495,1876358,2198853,5.818254546582118
1001931,322515,1876419,2198934,5.818082879866052
1001957,322521,1876453,2198974,5.8180800630036495
1002062,322579,1876556,2199135,5.81735326850167
1002084,322583,1876575,2199158,5.817340033417756
1002211,322615,1876678,2199293,5.817082280737101
1002434,322685,1877130,2199815,5.81722112896478
1002437,322685,1877139,2199824,5.817249019942048
1002733,322834,1877368,2200202,5.815273484205505
1003029,322944,1877862,2200806,5.814822384066588
1003283,323017,1878384,2201401,5.815124281384571
1003316,323034,1878470,2201504,5.815084480271427
1003336,323043,1878490,2201533,5.814984382884012
1003534,323061,1878986,2202047,5.816195702978694
1003587,323090,1879084,2202174,5.815976972360643
1003635,323108,1879194,2202302,5.815993413966847
1003693,323128,1879299,2202427,5.815958381817731
1003731,323137,1879378,2202515,5.816040874304088
1003786,323152,1879482,2202634,5.8160927365450314
1003812,323158,1879519,2202677,5.816099245570278
1003819,323158,1879526,2202684,5.816120906801007
1003831,323158,1879541,2202699,5.816167323723999
1003968,323184,1879761,2202945,5.816380142581316
1003993,323197,1879796,2202993,5.816254482560172
1004013,323199,1879864,2203063,5.816428887465618
1005125,323682,1881773,2205455,5.813647345233902
1005146,323682,1881802,2205484,5.8137369393417
1005167,323686,1881839,2205525,5.813779403495981
1005172,323688,1881843,2205531,5.813755838956031
1005186,323695,1881869,2205564,5.813710437294366
1005198,323702,1881887,2205589,5.813640323507424
1005261,323710,1882011,2205721,5.813879707145285
1005310,323710,1882027,2205737,5.81392913410151
1005325,323718,1882083,2205801,5.813958445313514
1005346,323720,1882083,2205803,5.813922525639441
1005370,323739,1882118,2205857,5.813689422652198
1005404,323746,1882155,2205901,5.813678006832517
1005446,323753,1882229,2205982,5.813780876161765
1005753,323856,1882978,2206834,5.8142446025394
1005774,323863,1882995,2206858,5.814171424336834
1005806,323869,1883059,2206928,5.814261321707233
1005882,323905,1883344,2207249,5.814494990815208
1005917,323913,1883419,2207332,5.814582928131936
1005944,323916,1883433,2207349,5.8145722965213205
1006087,324003,1883629,2207632,5.813615923309352
1006105,324019,1883672,2207691,5.813461556266762
1006144,324040,1883704,2207744,5.813183557585483
1006381,324070,1884074,2208144,5.813787144752677
1006710,324209,1884656,2208865,5.813089704480752
1006737,324222,1884701,2208923,5.812995416720642
1006774,324246,1884757,2209003,5.8127378595264085
1006851,324288,1884924,2209212,5.8125
1006858,324290,1884925,2209215,5.812467236115822
1007189,324290,1885261,2209551,5.81350334577076
1007208,324298,1885274,2209572,5.813400020968369
1007252,324306,1885323,2209629,5.813407707535475
1007257,324309,1885334,2209643,5.8133878492425435
1007259,324309,1885339,2209648,5.813403266637682
1007303,324336,1885403,2209739,5.813116644467466
1007785,324336,1886558,2210894,5.816677766267081
1007798,324336,1886584,2210920,5.816757930047852
1008498,324587,1887503,2212090,5.815091177403901
1008541,324620,1887583,2212203,5.814746472798965
1008571,324643,1887629,2212272,5.814476209251393
1008598,324663,1887661,2212324,5.814216587661668
1008694,324718,1887807,2212525,5.813681409715507
1008732,324718,1887855,2212573,5.813829230285971
1008735,324718,1887860,2212578,5.8138446282620615
1008875,324788,1888089,2212877,5.813296673522421
1008905,324798,1888131,2212929,5.81324700275248
1008936,324807,1888191,2212998,5.8132706499552045
1008975,324807,1888307,2213114,5.813627785115469
1008993,324807,1888340,2213147,5.813729383911061
1009168,324889,1888580,2213469,5.81300074794776
1009199,324900,1888637,2213537,5.812979378270237
1009241,324914,1888715,2213629,5.81296897025059
1009266,324925,1888742,2213667,5.812855274294068
1009565,325081,1889328,2214409,5.811868426638284
1009575,325084,1889342,2214426,5.81185785827663
1009631,325106,1889420,2214526,5.811704490227803
1009803,325106,1889800,2214906,5.812873339772259
1009913,325145,1889964,2215109,5.8126804963939165
1010064,325236,1890185,2215421,5.811733633423114
1010119,325236,1890284,2215520,5.812038027770604
1010151,325236,1890333,2215569,5.812188687599159
1010474,325360,1890711,2216071,5.811135357757561
1010515,325387,1890779,2216166,5.810862142617867
1010522,325387,1890779,2216166,5.810862142617867
1010623,325443,1890909,2216352,5.810261704814668
1047925,325448,2001429,2326877,6.149765861212852
1048011,325469,2001521,2326990,6.149651733344804
1048070,325485,2001574,2327059,6.149512266310276
1048104,325515,2001647,2327162,6.149169777122406
1048167,325550,2001754,2327304,6.148837352173246
1048283,325550,2001972,2327522,6.14950698817386
1048290,325550,2001988,2327538,6.149556135770235
1048346,325606,2002096,2327702,6.148830181262016
1048361,325615,2002120,2327735,6.148733934247501
1048498,325700,2002464,2328164,6.148185446730119
1048535,325715,2002519,2328234,6.1480711665106
1048551,325720,2002535,2328255,6.1480259118261085
1048632,325720,2002579,2328299,6.148160997175488
1048641,325725,2002589,2328314,6.148097321360043
1048680,325753,2002672,2328425,6.147823657802077
1049105,325926,2003347,2329273,6.146631443947399
1049127,325926,2003352,2329278,6.1466467848530035
1049139,325926,2003357,2329283,6.146662125758608
1049174,325947,2003387,2329334,6.146358150251421
1049200,325950,2003447,2329397,6.1464856573094035
1049211,325950,2003457,2329407,6.146516336861482
1049248,325952,2003500,2329452,6.146610543883762
1049318,325989,2003614,2329603,6.146262603952894
1049338,325995,2003647,2329642,6.146250709366708
1049651,326103,2004001,2330104,6.145300717871347
1049653,326103,2004006,2330109,6.145316050450318
1049729,326157,2004103,2330260,6.144596007444267
1049790,326220,2004209,2330429,6.143734289743118
1049799,326222,2004223,2330445,6.1437395393321115
1049857,326237,2004301,2330538,6.143696147279432
1049881,326249,2004339,2330588,6.143586647008879
1049935,326249,2004508,2330757,6.144104656259483
1049949,326256,2004527,2330783,6.144031067627875
1050273,326363,2005160,2331523,6.143956269552615
1050303,326381,2005233,2331614,6.143841093691115
1050330,326402,2005258,2331660,6.143522404887225
1050354,326408,2005317,2331725,6.143590230631602
1050383,326408,2005317,2331725,6.143590230631602
1050409,326417,2005373,2331790,6.143592398680216
1050442,326436,2005415,2331851,6.1433634770674805
1050495,326460,2005482,2331942,6.143117074067267
1050896,326570,2005801,2332371,6.142024680772882
1050924,326570,2005839,2332409,6.14214104173684
1051716,326570,2007772,2334342,6.148060140245583
1051976,326672,2008426,2335098,6.14814247930646
1052017,326698,2008499,2335197,6.147876632241397
1052223,326856,2008817,2335673,6.145877695376558
1052289,326876,2008934,2335810,6.145859592016545
1052300,326885,2008951,2335836,6.145742386466188
1052351,326897,2008973,2335870,6.145584083059802
1053048,326897,2010868,2337765,6.151381016038691
1053073,326906,2010897,2337803,6.151300373807762
1053130,326917,2010944,2337861,6.151237164173169
1053372,326922,2011427,2338349,6.152620502749891
1053402,326931,2011471,2338402,6.1525857138050535
1053436,326935,2011525,2338460,6.152675608301345
1053486,326966,2011589,2338555,6.152288005480692
1053614,327073,2011821,2338894,6.150984642572148
1053676,327097,2011911,2339008,6.150808475773242
1053840,327132,2012050,2339182,6.150575302935818
1053845,327132,2012050,2339182,6.150575302935818
1053852,327137,2012067,2339204,6.150533262822609
1054099,327144,2012882,2340026,6.152892915657937
1054119,327144,2012927,2340071,6.153030469762551
1054301,327144,2013333,2340477,6.154271513461961
1054388,327169,2013431,2340600,6.154100785832399
1054445,327169,2013581,2340750,6.154559264477991
1054478,327179,2013619,2340798,6.154487299001464
1054489,327187,2013640,2340827,6.154401000039733
1054648,327187,2013961,2341148,6.155382090364226
1054670,327191,2014052,2341243,6.155584964134099
1054770,327191,2014113,2341304,6.155771399580062
1054805,327208,2014181,2341389,6.155659397080756
1054925,327243,2014382,2341625,6.155615246162638
1054935,327243,2014398,2341641,6.1556641394926706
1055209,327346,2015112,2342458,6.155908427168806
1055278,327388,2015208,2342596,6.155411927132333
1055431,327388,2015700,2343088,6.156914731144697
1055691,327399,2016410,2343809,6.158876477936707
1055703,327409,2016437,2343846,6.158770834033273
1055712,327411,2016459,2343870,6.1588004068281155
1055766,327414,2016595,2344009,6.159159351768709
1055786,327414,2016626,2344040,6.159254033120147
1055802,327414,2016653,2344067,6.159336497523014
1055920,327461,2016857,2344318,6.159075431883491
1055971,327489,2016989,2344478,6.158951903728064
1057178,327576,2021422,2348998,6.17084890223948
1057180,327576,2021432,2349008,6.170879429506435
1057201,327593,2021473,2349066,6.170684355282317
1057225,327601,2021521,2349122,6.170680187178916
1057265,327625,2021587,2349212,6.170429607020221
1057320,327634,2021862,2349496,6.1710994585421535
1057407,327665,2021982,2349647,6.170881845787618
1058187,327904,2023204,2351108,6.170110764126085
1058220,327934,2023286,2351220,6.169796361462978
1058364,327961,2023588,2351549,6.170209262686722
1058367,327961,2023597,2351558,6.170236704974067
1058709,328185,2024454,2352639,6.168636592166004
1058929,328185,2025163,2353348,6.170796959032253
1058961,328187,2025210,2353397,6.1709025646963465
1059396,328196,2025969,2354165,6.17304598471645
1059404,328203,2025981,2354184,6.172950887103409
1059481,328220,2026053,2354273,6.172850527085491
1059767,328220,2026563,2354783,6.174404362927305
1059784,328226,2026581,2354807,6.174346334537788
1059812,328244,2026614,2354858,6.17410828529996
1059824,328244,2026635,2354879,6.1741722620977075
1059852,328258,2026660,2354918,6.173985097088266
1059913,328282,2026718,2355000,6.17371040751549
1060525,328442,2027297,2355739,6.172465762600398
1060551,328446,2027331,2355777,6.1724941086205956
1060600,328446,2027392,2355838,6.172679831692272
1060730,328447,2027777,2356224,6.173833221189415
1060902,328481,2028471,2356952,6.175306943171751
1060927,328494,2028522,2357016,6.1752178121974834
1060984,328494,2028567,2357061,6.175354801000932
1061166,328494,2029111,2357605,6.177010843424842
1061242,328498,2032164,2360662,6.186229444319296
1061266,328504,2032186,2360690,6.186183425468183
1061426,328570,2032377,2360947,6.1855221109656995
1061529,328618,2032664,2361282,6.18549196939912
1061559,328624,2032724,2361348,6.185561614489508
1061597,328652,2032799,2361451,6.185262831201392
1061616,328668,2032830,2361498,6.185056044397386
1061685,328668,2032830,2361498,6.185056044397386
1061714,328682,2032849,2361531,6.184850402516719
1061750,328696,2032891,2361587,6.184714751624601
1061763,328707,2032902,2361609,6.184541247980724
1061949,328778,2033202,2361980,6.184118158757581
1061969,328778,2033223,2362001,6.184182031644453
1062022,328801,2033351,2362152,6.1841387343712455
1062025,328803,2033375,2362178,6.184174110333543
1062040,328809,2033415,2362224,6.18418291470124
1062048,328809,2033431,2362240,6.18423157516978
1062069,328809,2033463,2362272,6.184328896106859
1062144,328853,2033612,2362465,6.183954532876392
1062162,328853,2033639,2362492,6.1840366364302595
1062184,328871,2033668,2362539,6.183786347838514
1062799,329057,2034343,2363400,6.182342268968598
1062826,329069,2034379,2363448,6.182226220032881
1062831,329069,2034385,2363454,6.182244453290951
1062851,329083,2034426,2363509,6.182106034040045
1062915,329083,2034601,2363684,6.1826378147762115
1062939,329095,2034633,2363728,6.182509609687172
1062949,329099,2034671,2363770,6.182549931783445
1062959,329104,2034690,2363794,6.1825137342602945
1063315,329120,2035536,2364656,6.184783665532328
1063333,329125,2035553,2364678,6.1847413596657805
1063443,329125,2035893,2365018,6.185774401823015
1063470,329139,2035926,2365065,6.185611550135353
1063567,329183,2036065,2365248,6.185207012512797
1063688,329183,2036279,2365462,6.18585710683723
1063692,329183,2036288,2365471,6.185884447252744
1064045,329376,2036962,2366338,6.184306081803167
1064216,329376,2037306,2366682,6.185350480909356
1064248,329402,2037369,2366771,6.18505352122938
1064291,329426,2037441,2366867,6.184821477357586
1064336,329431,2037530,2366961,6.184997768880281
1064399,329446,2037596,2367042,6.184916496178433
1064402,329446,2037601,2367047,6.184931673172538
1064425,329450,2037616,2367066,6.184902109576567
1064531,329450,2037679,2367129,6.185093337380483
1064596,329496,2037823,2367319,6.184666885182217
1067499,329785,2043878,2373663,6.197607532180057
1067514,329796,2043891,2373687,6.1974402357821194
1067524,329796,2043906,2373702,6.197485718444129
1067716,329871,2044045,2373916,6.196498024985525
1067741,329883,2044097,2373980,6.196430249512706
1068492,330267,2045074,2375341,6.192183899693278
1068522,330276,2045183,2375459,6.192345190083445
1068650,330276,2045600,2375876,6.1936077704707575
1068720,330321,2045736,2376057,6.193175729063547
1068745,330340,2045811,2376151,6.193046558091663
1068912,330432,2045993,2376425,6.191873063141585
1068925,330437,2046010,2376447,6.191830817977405
1068980,330478,2046080,2376558,6.19127445699865
1069091,330545,2046277,2376822,6.190615498646175
1071221,330545,2054874,2385419,6.21662406026411
1071409,330603,2055104,2385707,6.216229132826986
1071430,330615,2055161,2385776,6.216175914583427
1071449,330621,2055188,2385809,6.216144769993437
1071520,330622,2055291,2385913,6.216437502646527
1071562,330638,2055359,2385997,6.216342344195162
1071608,330641,2055475,2386116,6.216636775233561
1071635,330657,2055521,2386178,6.2164750784045095
1071661,330663,2055560,2386223,6.2164802230669896
1071695,330685,2055606,2386291,6.21620575472126
1071731,330710,2055653,2386363,6.215877959541593
1072174,330772,2057851,2388623,6.2213579142128115
1072198,330777,2057880,2388657,6.221351544998594
1072525,330871,2058758,2389629,6.222237669665821
1072564,330874,2058798,2389672,6.222302145227489
1072609,330901,2058912,2389813,6.222138947902847
1072717,330903,2059043,2389946,6.222497227284129
1072970,330903,2059485,2390388,6.2238329661562455
1073034,330924,2059565,2390489,6.223679757285661
1073408,331163,2060461,2391624,6.2218937502076015
1073700,331163,2060962,2392125,6.223406600375042
1073710,331167,2060980,2392147,6.223385784211591
1073773,331192,2061066,2392258,6.223175680571995
1073806,331204,2061112,2392316,6.2230890931268945
1074067,331273,2061337,2392610,6.222472100050411
1074088,331273,2061380,2392653,6.222601902358478
1074142,331282,2061492,2392774,6.222770932317482
1074612,331282,2062938,2394220,6.227135793674272
1074658,331289,2062967,2394256,6.227091753725599
1074666,331289,2062989,2394278,6.227158161001421
1074679,331298,2063012,2394310,6.22705841870461
1074706,331310,2063056,2394366,6.226965681687846
1074730,331310,2063086,2394396,6.227056231324138
1074756,331317,2063131,2394448,6.22706048889734
1075016,331322,2063163,2394485,6.2270630987377835
1075037,331328,2063200,2394528,6.227062005022214
1075247,331361,2063370,2394731,6.226954892096535
1075255,331361,2063399,2394760,6.227042409939613
1075298,331371,2063450,2394821,6.227008398441626
1075550,331455,2063723,2395178,6.226253940957294
1075581,331456,2063788,2395244,6.22643126086117
1075602,331462,2063811,2395273,6.22638794190586
1075720,331462,2064161,2395623,6.227443869885537
1075726,331464,2064168,2395632,6.227427412931721
1075854,331466,2064546,2396012,6.228530226327889
1076042,331599,2065063,2396662,6.227591156788772
1076049,331599,2065075,2396674,6.227627345076432
1076251,331690,2065288,2396978,6.226560945461124
1076318,331715,2065427,2397142,6.226510709494597
1078102,331851,2068664,2400515,6.23371332314804
1078298,331851,2068992,2400843,6.234701718542357
1078320,331863,2069001,2400864,6.234503394473021
1078339,331868,2069039,2400907,6.234523967360516
1078347,331868,2069039,2400907,6.234523967360516
1079172,332032,2069904,2401936,6.234049730146492
1079275,332064,2070011,2402075,6.233771200732389
1079341,332081,2070148,2402229,6.233864629412704
1079374,332103,2070193,2402296,6.233587170245376
1080522,332108,2072064,2404172,6.239127030965831
1080527,332108,2072069,2404177,6.239142086309273
1080556,332108,2072141,2404249,6.239358883254845
1080577,332108,2072203,2404311,6.239545569513532
1080722,332158,2072469,2404627,6.239407149609523
1080776,332168,2072578,2404746,6.239547457912863
1080916,332168,2072774,2404942,6.240137520772621
1081073,332292,2073019,2405311,6.238546218386238
1081111,332322,2073067,2405389,6.23812747877059
1081123,332329,2073101,2405430,6.2380983904504275
1081136,332329,2073127,2405456,6.238176626174664
1081149,332334,2073140,2405474,6.2381218894244945
1081438,332543,2073718,2406261,6.235939412346674
1081459,332554,2073729,2406283,6.235766221425694
1081568,332668,2074122,2406790,6.234810682121514
1081584,332668,2074148,2406816,6.234888838120889
1081589,332668,2074171,2406839,6.234957976120336
1081644,332680,2074225,2406905,6.234895394974149
1081790,332730,2074445,2407175,6.234619661587473
1081911,332737,2074639,2407376,6.2350715429904096
1081963,332749,2074772,2407521,6.235246386916264
1081969,332749,2074791,2407540,6.235303487012733
1081989,332758,2074818,2407576,6.235215982786289
1082031,332783,2074870,2407653,6.234903826217084
1082084,332799,2074976,2407775,6.234922580897178
1082097,332799,2074976,2407775,6.234922580897178
1082182,332879,2075102,2407981,6.233802673043358
1082222,332886,2075123,2408009,6.23373467192973
1082245,332891,2075150,2408041,6.23372214929211
1082354,332944,2075318,2408262,6.2332344177999905
1082369,332951,2075337,2408288,6.233160435018966
1082421,332957,2075498,2408455,6.233531657241025
1082446,332959,2075531,2408490,6.233593325304317
1082498,332988,2075610,2408598,6.233287686042741
1082842,333015,2076401,2409416,6.235157575484588
1082857,333019,2076433,2409452,6.235178773583489
1083139,333019,2076709,2409728,6.236007555124482
1083140,333019,2076713,2409732,6.236019566451163
1083152,333031,2076737,2409768,6.2358669313066954
1083208,333035,2076869,2409904,6.236188388607804
1083548,333176,2077592,2410768,6.235719259490479
1083613,333194,2077671,2410865,6.235619488946379
1083618,333198,2077682,2410880,6.235577644523676
1083633,333204,2077700,2410904,6.23551938152003
1083695,333251,2077792,2411043,6.234916024257991
1083721,333257,2077814,2411071,6.234869785180806
1084375,333601,2078971,2412572,6.231908777251867
1084409,333610,2079033,2412643,6.231926501004167
1084410,333610,2079035,2412645,6.231932496028296
1084440,333620,2079067,2412687,6.231841616210059
1084575,333698,2079253,2412951,6.2309423490701175
1084665,333722,2079348,2413070,6.230778911788854
1084690,333742,2079409,2413151,6.2305882987457375
1084705,333745,2079429,2413174,6.230592218610017
1084933,333769,2080002,2413771,6.231860957728249
1084983,333793,2080062,2413855,6.231592633758048
1085850,333797,2081217,2415014,6.234978145399749
1085905,333837,2081297,2415134,6.234470714750013
1085941,333852,2081348,2415200,6.23434336172915
1085943,333852,2081352,2415204,6.234355343086158
1086083,333852,2081717,2415569,6.235448641913183
1086307,333852,2082030,2415882,6.236386183099098
1086329,333859,2082074,2415933,6.236387217358226
1086333,333862,2082075,2415937,6.236334174000036
1086354,333868,2082107,2415975,6.2363179460145926
1086363,333877,2082164,2416041,6.2363205611647405
1086416,333877,2082240,2416117,6.236548189902269
1086423,333881,2082249,2416130,6.236500429793849
1086586,333982,2082570,2416552,6.235575569940895
1086610,333994,2082607,2416601,6.235462313694258
1086661,333994,2082701,2416695,6.235743755875854
1086821,333994,2082977,2416971,6.236570118026072
1086888,334000,2083030,2417030,6.2366167664670655
1086916,334012,2083086,2417098,6.236560363100727
1086985,334074,2083202,2417276,6.235750163137508
1087089,334156,2083338,2417494,6.234626940710327
1087090,334156,2083340,2417496,6.234632925938783
1087111,334158,2083363,2417521,6.234664440175007
1087209,334187,2083560,2417747,6.234712900262428
1087297,334217,2083788,2418005,6.234835451218819
1087302,334220,2083802,2418022,6.234821375142122
1087763,334252,2083964,2418216,6.234709141605735
1088112,334293,2084659,2418952,6.236023488376962
1088137,334302,2084697,2418999,6.235969273291814
1088191,334306,2084749,2419055,6.23605020550035
1088299,334393,2084996,2419389,6.235166405995341
1088690,334689,2085529,2420218,6.23124452850258
1088975,334839,2085979,2420818,6.2297970069197435
1088995,334839,2086000,2420839,6.229859723628371
1089034,334866,2086040,2420906,6.229476865373015
1090035,335220,2087209,2422429,6.2263856571803595
1090306,335239,2087703,2422942,6.227506346218668
1090446,335299,2087963,2423262,6.227167393878299
1090589,335427,2088244,2423671,6.2256288253479894
1090935,335643,2088974,2424617,6.223797308449751
1090997,335661,2089099,2424760,6.223835953536455
1091001,335664,2089106,2424770,6.223801182134515
1092782,335682,2092630,2428312,6.233965479233322
1092783,335682,2092632,2428314,6.233971437253115
1092813,335694,2092664,2428358,6.233843917377135
1092864,335722,2092756,2428478,6.233598036470651
1092881,335726,2092771,2428497,6.233568445696789
1092943,335734,2092862,2428596,6.233690957722483
1093449,335938,2093348,2429286,6.231352213801356
1093484,335960,2093402,2429362,6.231104893439695
1093490,335960,2093418,2429378,6.231152518156923
1093501,335967,2093439,2429406,6.231085195867451
1093531,335987,2093479,2429466,6.230833335813588
1093596,335987,2093628,2429615,6.231276805352588
1093619,336002,2093663,2429665,6.231102791054815
1093707,336002,2093783,2429785,6.23145993178612
1093742,336019,2093830,2429849,6.231284540457533
1093773,336042,2093867,2429909,6.230968152790425
1093976,336183,2094377,2430560,6.229871825761564
1094279,336309,2094591,2430900,6.2281740898994675
1094417,336375,2094775,2431150,6.2274990709773315
1094523,336424,2094945,2431369,6.2270973533398335
1095054,336424,2095554,2431978,6.228907569020046
1095129,336424,2095651,2432075,6.229195895655482
1095214,336449,2095799,2432248,6.2291729207101225
1095229,336454,2095810,2432264,6.229113043685021
1095238,336460,2095844,2432304,6.229103013731201
1095257,336471,2095869,2432340,6.2289736708364165
1095821,336575,2096746,2433321,6.229654608928174
1096024,336707,2097088,2433795,6.228228103365835
1096027,336707,2097095,2433802,6.228248892954409
1096030,336707,2097104,2433811,6.228275622425432
1096040,336707,2097120,2433827,6.22832314148503
1096064,336707,2097152,2433859,6.228418179604225
1096128,336719,2097263,2433982,6.228525862811424
1096169,336737,2097605,2434342,6.229208551480829
1096172,336740,2097619,2434359,6.229194630872483
1096184,336740,2097629,2434369,6.229224327374236
1096207,336752,2097667,2434419,6.229115194564546
1096223,336759,2097682,2434441,6.229030256058487
1096231,336765,2097694,2434459,6.228954909209686
1096688,336911,2098091,2435002,6.227433951399628
1096696,336914,2098103,2435017,6.227414117549285
1096753,336933,2098192,2435125,6.227327094704289
1096824,336947,2098414,2435361,6.227727209323722
1096997,336947,2098603,2435550,6.228288128400015
1096999,336947,2098603,2435550,6.228288128400015
1097011,336947,2098636,2435583,6.2283860666514315
1097367,337202,2099430,2436632,6.226030687836964
1097418,337244,2099485,2436729,6.225418391431723
1097440,337259,2099542,2436801,6.22531051802917
1097464,337259,2099582,2436841,6.225429121239166
1097547,337301,2099725,2437026,6.225077897782692
1097743,337301,2100053,2437354,6.226050323005269
1097893,337390,2100298,2437688,6.225134117786538
1097910,337397,2100311,2437708,6.225043494755436
1097930,337403,2100330,2437733,6.224989107980664
1097965,337431,2100421,2437852,6.224742243599432
1098249,337593,2100928,2438521,6.223256998812179
1098289,337620,2100998,2438618,6.222966648895207
1098336,337631,2101028,2438659,6.222852759373398
1098651,337852,2101719,2439571,6.220827462912755
1098746,337869,2101905,2439774,6.221064968967262
1098847,337900,2102082,2439982,6.221018052678307
1098883,337933,2102218,2440151,6.2208130013937675
1098902,337946,2102240,2440186,6.2206388002817015
1098928,337966,2102269,2440235,6.220356485563636
1098943,337980,2102282,2440262,6.220137286229955
1098956,337996,2102310,2440306,6.219925679593842
1099487,337996,2102919,2440915,6.221727476064806
1099490,338002,2102922,2440924,6.221625907539009
1099540,338028,2103059,2441087,6.221552652442993
1099585,338046,2103120,2441166,6.22140182105394
1099600,338052,2103144,2441196,6.221362393951226
1099616,338052,2103170,2441222,6.22143930519565
1099650,338062,2103250,2441312,6.221491915684105
1099668,338073,2103272,2441345,6.22135455951821
1099727,338103,2103370,2441473,6.221092389005717
1099802,338120,2103525,2441645,6.221238022004022
1099839,338135,2103578,2441713,6.221118783917666
1099848,338135,2103597,2441732,6.2211749744924365
1100020,338135,2103597,2441732,6.2211749744924365
1100091,338165,2103662,2441827,6.220815282480446
1100145,338178,2103698,2441876,6.220682599104614
1100153,338182,2103719,2441901,6.220671117918754
1100170,338187,2103732,2441919,6.220617587311162
1100176,338188,2103741,2441929,6.220625805764841
1100208,338194,2103799,2441993,6.220686942997214
1100253,338194,2103936,2442130,6.221092035932039
1100295,338210,2103997,2442207,6.220978090535466
1100316,338217,2104033,2442250,6.220955776912455
1100340,338217,2104058,2442275,6.221029693953882
1100399,338239,2104130,2442369,6.220837928210526
1100606,338346,2104563,2442909,6.220150378606515
1100696,338425,2104723,2443148,6.219171160523011
1100722,338434,2104754,2443188,6.21909737201345
1100760,338449,2104808,2443257,6.218981294079758
1100780,338452,2104823,2443275,6.218970489168331
1100822,338466,2104928,2443394,6.219023476508719
1100838,338466,2104954,2443420,6.219100293677947
1100973,338536,2105579,2444115,6.2196605383179335
1101027,338554,2105658,2444212,6.219563201143687
1101194,338642,2105878,2444520,6.218596630069513
1101307,338701,2106011,2444712,6.217906058736172
1101369,338701,2106138,2444839,6.218281020723293
1101452,338717,2106300,2445017,6.218465562696883
1101477,338717,2106327,2445044,6.218545275259287
1101513,338724,2106388,2445112,6.2185968517140795
1101524,338724,2106410,2445134,6.218661801348591
1101548,338731,2106442,2445173,6.218627760671447
1101667,338777,2106567,2445344,6.218152353908323
1101694,338784,2106654,2445438,6.218280674412015
1101722,338795,2106673,2445468,6.218134860313759
1101733,338807,2106716,2445523,6.218041539873734
1101789,338834,2106793,2445627,6.217773304922174
1101814,338849,2106849,2445698,6.2176633249618565
1101882,338861,2106929,2445790,6.217679225405107
1101898,338869,2106954,2445823,6.217606213610569
1102671,338869,2108604,2447473,6.222475351832124
1102678,338874,2108616,2447490,6.222418952176915
1102708,338888,2108668,2447556,6.222315337220556
1102758,338888,2108775,2447663,6.222631075753641
1102797,338913,2108849,2447762,6.222390406977602
1103066,339030,2109208,2448238,6.22130194967997
1103181,339076,2109486,2448562,6.221277825620215
1103200,339084,2109518,2448602,6.221225419070201
1103219,339084,2109548,2448632,6.221313892722748
1103248,339098,2109593,2448691,6.221189744557621
1103298,339137,2109675,2448812,6.220716111777836
1103452,339177,2110101,2449278,6.2212384684102995
1103509,339195,2110233,2449428,6.221297483748287
1103533,339203,2110280,2449483,6.221289316427036
1103545,339208,2110319,2449527,6.221312586967288
1103556,339211,2110338,2449549,6.221313577684686
1103561,339213,2110345,2449558,6.221297532818612
1123345,339215,2169691,2508906,6.396211842047079
1123351,339218,2169711,2508929,6.396214233914474
1123416,339218,2169839,2509057,6.396591572381182
1123831,339473,2170660,2510133,6.39420513560725
1123912,339506,2170740,2510246,6.3938192550352575
1123926,339512,2170756,2510268,6.39375338721459
1123957,339530,2170814,2510344,6.393585250198805
1124073,339561,2170887,2510448,6.393216535467854
1124104,339580,2170938,2510518,6.393009011131397
1124108,339580,2171877,2511457,6.395774191648507
1124319,339644,2172472,2512116,6.396320853599652
1124408,339686,2172562,2512248,6.395794940032854
1124544,339687,2172777,2512464,6.396409047152232
1124639,339740,2172933,2512673,6.3958703714605285
1124683,339778,2172993,2512771,6.395331657729459
1125018,339991,2173924,2513915,6.3940633722657365
1125031,339992,2173963,2513955,6.394159274335867
1125054,339997,2174035,2514032,6.394277008326544
1125083,339997,2174085,2514082,6.3944240684476625
1125160,340026,2174196,2514222,6.394205149018016
1125165,340026,2174207,2514233,6.3942374994853335
1125198,340032,2174235,2514267,6.394207015810276
1126241,340039,2176235,2516274,6.39995706374857
1126260,340048,2176254,2516302,6.399843551498612
1126368,340048,2176811,2516859,6.401481555545099
1126404,340073,2176858,2516931,6.401149165032214
1126435,340089,2176909,2516998,6.400997974059732
1126495,340117,2177097,2517214,6.401023765351335
1126681,340117,2177434,2517551,6.40201460085794
1126716,340123,2177542,2517665,6.402219197172787
1126732,340133,2177550,2517683,6.402054490449324
1126852,340133,2177752,2517885,6.402648375782414
1126945,340133,2177895,2518028,6.40306879955782
1127066,340133,2178070,2518203,6.403583304178071
1127082,340133,2178096,2518229,6.403659744864509
1127248,340205,2178387,2518592,6.40315985949648
1127292,340220,2178550,2518770,6.403356651578391
1127295,340220,2178559,2518779,6.403383105049674
1127320,340225,2178630,2518855,6.40349768535528
1127405,340232,2178821,2519053,6.403927320181523
1127424,340232,2178836,2519068,6.403971407745304
1127464,340257,2178888,2519145,6.40365370881422
1127492,340273,2178954,2519227,6.403546564082369
1127688,340276,2179223,2519499,6.4042806427723376
1127707,340276,2179275,2519551,6.40443345989726
1127728,340276,2179277,2519553,6.404439337478988
1127866,340325,2179404,2519729,6.40389039888342
1129465,340423,2182494,2522917,6.41112380773332
1129519,340446,2182597,2523043,6.410993226532255
1129546,340453,2182628,2523081,6.410952466272877
1129590,340453,2182662,2523115,6.4110523332148635
1129603,340453,2182675,2523128,6.411090517633858
1129613,340457,2182684,2523141,6.411041629339388
1129700,340457,2182796,2523253,6.411370598930262
1129718,340457,2182828,2523285,6.411464590241939
1129749,340471,2182863,2523334,6.4113037527425245
1129820,340493,2183032,2523525,6.411385843468148
1130388,340576,2183738,2524314,6.411896316827962
1130429,340594,2183786,2524380,6.411698385761347
1130726,340773,2184132,2524905,6.40934581084769
1130746,340786,2184172,2524958,6.4092186885611495
1130827,340786,2184461,2525247,6.41006672809329
1130883,340786,2184549,2525335,6.410324954663631
1130981,340807,2184631,2525438,6.410170565745422
1131066,340840,2184689,2525529,6.409720103274264
1131222,340840,2184951,2525791,6.410488792395259
1131415,340840,2185329,2526169,6.4115978171576105
1131677,341038,2185830,2526868,6.409344413232543
1132069,341174,2186486,2527660,6.408712269985403
1132076,341178,2186504,2527682,6.408689892079794
1132117,341191,2186545,2527736,6.408565876591117
1132130,341200,2186563,2527763,6.40844958968347
1132148,341205,2186591,2527796,6.408437742705998
1132174,341231,2186625,2527856,6.408049092843265
1133260,341319,2188428,2529747,6.411679396693416
1133291,341319,2188469,2529788,6.411799518925111
1133601,341348,2189094,2530442,6.413085765845999
1133627,341354,2189140,2530494,6.413107800113665
1133635,341354,2189169,2530523,6.413192755907358
1133664,341366,2189214,2530580,6.413099136996655
1133862,341366,2189449,2530815,6.413787547676101
1133936,341406,2189597,2531003,6.413469593387346
1134023,341485,2189755,2531240,6.412448570215383
1134061,341493,2189809,2531302,6.412456477878024
1134130,341498,2189916,2531414,6.412675916110783
1134968,341949,2191238,2533187,6.4080842464812005
1135188,341978,2191865,2533843,6.409374287234852
1135532,342093,2192218,2534311,6.4082515573250545
1135642,342132,2192884,2535016,6.409467690832778
1135800,342156,2193107,2535263,6.409669858193339
1135848,342156,2193250,2535406,6.410087796209916
1135909,342166,2193348,2535514,6.41018686836214
1135941,342182,2193396,2535578,6.410027412312746
1135944,342182,2193405,2535587,6.410053714105359
1135969,342193,2193441,2535634,6.409952862858095
1135986,342208,2193520,2535728,6.409902749205162
1136006,342224,2193551,2535775,6.409693650942073
1136048,342252,2193623,2535875,6.409379638395101
1136057,342254,2193639,2535893,6.409388933365278
1136157,342346,2193861,2536207,6.408314979582061
1136275,342380,2194083,2536463,6.408327005082072
1136315,342392,2194128,2536520,6.408233837239188
1136354,342392,2194151,2536543,6.408301011705881
1136524,342392,2194436,2536828,6.409133390967079
1136701,342392,2194918,2537310,6.410541134138648
1136734,342397,2194947,2537344,6.410532218448176
1137793,342397,2196272,2538669,6.414401995344585
1137941,342407,2196618,2539025,6.415225156027768
1137958,342407,2196657,2539064,6.415339055568373
1138227,342469,2197064,2539533,6.4153660623297295
1138259,342469,2197112,2539581,6.415506221001025
1138289,342479,2197154,2539633,6.4154415307215915
1138298,342486,2197170,2539656,6.415357124086824
1138370,342521,2197268,2539789,6.414987694185174
1138436,342540,2197316,2539856,6.414771997430957
1138701,342540,2198141,2540681,6.417180475272961
1138923,342630,2198536,2541166,6.416647695765111
1139093,342662,2198903,2541565,6.417119493845247
1139111,342662,2198930,2541592,6.4171982886926475
1139132,342683,2198965,2541648,6.416907170767153
1139682,342683,2200130,2542813,6.420306814169363
1139708,342690,2200158,2542848,6.420257375470542
1139868,342690,2200434,2543124,6.421062768099448
1139968,342690,2200775,2543465,6.422057836528641
1140128,342710,2201111,2543821,6.4226634764086254
1141308,342927,2203081,2546008,6.4243439565855125
1141437,342928,2203463,2546391,6.425439159240423
1141493,342945,2203524,2546469,6.425298517254953
1141508,342950,2203538,2546488,6.425245662633037
1141542,342960,2203602,2546562,6.425244926522043
1141563,342964,2203654,2546618,6.425321608098809
1141570,342964,2203654,2546618,6.425321608098809
1141593,342968,2203679,2546647,6.425319563341186
1141649,342981,2203720,2546701,6.425195564768894
1141675,342992,2203756,2546748,6.425094462844615
1141676,342996,2203765,2546761,6.4250457731285495
1141690,343003,2203785,2546788,6.42497295942018
1141813,343092,2204007,2547099,6.423953341960757
1141849,343108,2204063,2547171,6.423816990568567
1141906,343117,2204174,2547291,6.423971997889932
1141932,343129,2204196,2547325,6.423811452835523
1142003,343194,2204417,2547611,6.42323875126022
1142018,343201,2204473,2547674,6.423270911215294
1142152,343271,2204702,2547973,6.422628185893944
1142189,343294,2204765,2548059,6.422381399034064
1142203,343294,2204791,2548085,6.4224571358660505
1142266,343320,2204856,2548176,6.4221600838867525
1142346,343320,2204950,2548270,6.422433880927414
1142360,343320,2204976,2548296,6.422509612023768
1142363,343320,2204985,2548305,6.422535826634044
1142378,343325,2205002,2548327,6.422491808053594
1142455,343333,2205013,2548346,6.422374196479803
1142832,343333,2205671,2549004,6.424290703194857
1142931,343419,2206060,2549479,6.423814640424671
1142971,343423,2206155,2549578,6.424016446190267
1143425,343424,2206679,2550103,6.425523551062244
1143586,343545,2206895,2550440,6.423889155714681
1143600,343545,2206917,2550462,6.423953193904729
1143607,343547,2206924,2550471,6.423936171761069
1143668,343561,2207018,2550579,6.42394800341133
1143690,343568,2207052,2550620,6.423916080659433
1143718,343570,2207126,2550696,6.424094071077219
1143729,343574,2207149,2550723,6.424086223055295
1143778,343593,2207247,2550840,6.424016205219548
1143821,343599,2207277,2550876,6.4239913387408
1143861,343638,2207496,2551134,6.423899568732212
1143907,343646,2207544,2551190,6.423889700447553
1144673,343701,2208384,2552085,6.4253057163057425
1144688,343706,2208434,2552140,6.425357718515243
1144713,343706,2208434,2552140,6.425357718515243
1144748,343709,2208519,2552228,6.425548938200629
1144845,343766,2208708,2552474,6.425033307540595
1144859,343770,2208741,2552511,6.425054542281177
1144900,343770,2208838,2552608,6.425336707682462
1144993,343770,2209044,2552814,6.425935945544986
1145055,343774,2209187,2552961,6.426277147195541
1145083,343774,2209255,2553029,6.426474951567018
1145128,343789,2209352,2553141,6.426476705188357
1145140,343795,2209369,2553164,6.4264139967131575
1145577,343795,2209369,2553164,6.4264139967131575
1145810,343870,2209621,2553491,6.425745194404862
1145998,343897,2209789,2553686,6.425729215433691
1146012,343908,2209827,2553735,6.425634181234516
1146027,343908,2209834,2553742,6.425654535515312
1146036,343911,2209853,2553764,6.425653730180192
1146178,343932,2210139,2554071,6.42609294860612
1146211,343937,2210168,2554105,6.426083846751004
1146286,343968,2210312,2554280,6.425923341706206
1146862,343974,2210971,2554945,6.427727095652578
1146905,343994,2211072,2555066,6.427646993842916
1146935,344006,2211114,2555120,6.427544868403458
1146941,344012,2211119,2555131,6.4274472983500575
1147095,344094,2211462,2555556,6.426912413468413
1147116,344099,2211473,2555572,6.4268509934640905
1147123,344101,2211476,2555577,6.426822357389255
1147156,344129,2211520,2555649,6.4264272990651765
1147193,344135,2211598,2555733,6.42654190942508
1147217,344140,2211623,2555763,6.426521183239379
1147236,344148,2211645,2555793,6.426435719516022
1147254,344159,2211679,2555838,6.42632910951043
1147257,344159,2211688,2555847,6.426355260214029
1147263,344163,2211690,2555853,6.426286381743535
1147514,344212,2212147,2556359,6.426699243489478
1148250,344601,2213156,2557757,6.4223725409966885
1148501,344601,2213662,2558263,6.42384090585924
1148556,344630,2213834,2558464,6.423799437077445
1148589,344655,2213899,2558554,6.423522072797435
1148621,344661,2213957,2558618,6.423578530788224
1148665,344670,2214048,2558718,6.423674819392462
1148801,344680,2214267,2558947,6.424123824997099
1148885,344680,2214403,2559083,6.424518393872577
1148908,344681,2214443,2559124,6.424615804178356
1149070,344686,2214705,2559391,6.425282721085278
1149074,344686,2214714,2559400,6.42530883180634
1149111,344694,2214764,2559458,6.425304763065212
1149159,344702,2214800,2559502,6.425260079721034
1149277,344702,2215016,2559718,6.425886707939031
1149297,344702,2215016,2559718,6.425886707939031
1149358,344741,2215125,2559866,6.425475937007783
1149368,344746,2215134,2559880,6.42540885173432
1149372,344746,2215143,2559889,6.425434957911042
1149421,344762,2215207,2559969,6.42532239631978
1149432,344769,2215228,2559997,6.425252850459293
1149434,344769,2215228,2559997,6.425252850459293
1149466,344785,2215281,2560066,6.42510840088751
1149550,344822,2215478,2560300,6.424990284842615
1149917,344869,2215748,2560617,6.424897569801867
1150119,344873,2216218,2561091,6.426185871320747
1150127,344875,2216227,2561102,6.426174700978615
1150278,344887,2216335,2561222,6.42626425466892
1150534,345130,2216928,2562058,6.423457827485295
1150580,345133,2216978,2562111,6.423546864542075
1150598,345140,2217009,2562149,6.423506403198702
1150687,345174,2217198,2562372,6.423421231031306
1150789,345200,2217306,2562506,6.423250289687138
1150790,345200,2217308,2562508,6.423256083429895
1150803,345200,2217308,2562508,6.423256083429895
1150833,345204,2217349,2562553,6.423300425255791
1150918,345254,2217601,2562855,6.423100094423236
1150934,345261,2217626,2562887,6.42304227816058
1151059,345335,2217849,2563184,6.422311668379979
1151075,345335,2217875,2563210,6.422386957591904
1151108,345346,2217939,2563285,6.422367712381206
1151128,345349,2217973,2563322,6.422410373274571
1151426,345358,2218363,2563721,6.423372268776168
1151433,345360,2218375,2563735,6.423369817002548
1151454,345367,2218415,2563782,6.423355445077266
1151462,345367,2218415,2563782,6.423355445077266
1151497,345378,2218433,2563811,6.4232029833979
1152269,345491,2219842,2565333,6.425180395437218
1152283,345499,2219854,2565353,6.425066353303483
1152372,345553,2219964,2565517,6.424380630467685
1152374,345555,2219964,2565519,6.424343447497504
1152418,345586,2220027,2565613,6.423949465545479
1152427,345588,2220043,2565631,6.4239585865249955
1152526,345588,2220300,2565888,6.424702246605785
1153165,345718,2220694,2566412,6.423426029307123
1153216,345767,2220877,2566644,6.423044998510558
1153320,345854,2221074,2566928,6.4219988781393305
1153366,345881,2221095,2566976,6.421558281605523
1153715,345891,2221897,2567788,6.423691278466338
1154019,345921,2222267,2568188,6.4242037921953274
1154560,345921,2224056,2569977,6.429375493248458
1154571,345930,2224073,2570003,6.429257364206632
1155181,346261,2224843,2571104,6.425335224007324
1155212,346276,2224899,2571175,6.425218611743234
1155353,346367,2225219,2571586,6.424454408185538
1155931,346541,2225927,2572468,6.423271705223913
1156465,346793,2226783,2573576,6.421072512997667
1156497,346793,2226831,2573624,6.421210924095931
1156531,346811,2226886,2573697,6.421036241641701
1157068,346848,2228045,2574893,6.423692799151214
1157133,346863,2228104,2574967,6.423585104205407
1157174,346891,2228169,2575060,6.423253990446566
1157181,346895,2228182,2575077,6.423217400077833
1157194,346902,2228189,2575091,6.42310796709157
1157244,346902,2228368,2575270,6.423623962963603
1157273,346909,2228387,2575296,6.423549115185827
1157286,346910,2228417,2575327,6.423617076475167
1157310,346928,2228455,2575383,6.423393326569202
1157537,346981,2228677,2575658,6.423051982673403
1157567,346988,2228744,2575732,6.4231154967895145
1157579,346991,2228764,2575755,6.423117602473839
1158689,347112,2231084,2578196,6.427562285371868
1158828,347203,2231387,2578590,6.4267503448990935
1159714,347339,2232739,2580078,6.428126412524939
1159734,347367,2232802,2580169,6.4277896288363605
1160149,347378,2233789,2581167,6.430427373063349
1160240,347392,2233867,2581259,6.4303927551584374
1160306,347410,2233921,2581331,6.430215019717337
1160526,347516,2234339,2581855,6.429456485456785
1160594,347545,2234494,2582039,6.429365981383706
1160626,347553,2234542,2582095,6.429356098206604
1160674,347591,2234594,2582185,6.42880281710401
1160712,347607,2234673,2582280,6.428734173937809
1160725,347615,2234687,2582302,6.428626497705795
1160894,347738,2235175,2582913,6.4277559541954
1160965,347794,2235290,2583084,6.4270516455142985
1161001,347802,2235319,2583121,6.426987193863175
1161136,347834,2235470,2583304,6.426830039616599
1161203,347846,2235616,2583462,6.427028052643986
1161206,347847,2235619,2583466,6.427018200530693
1161229,347866,2235655,2583521,6.42677065306756
1161267,347888,2235714,2583602,6.4265338269787975
1161296,347916,2235748,2583664,6.426114349440669
1161316,347927,2235786,2583713,6.4260204008312085
1161328,347940,2235819,2583759,6.425875150888084
1161334,347941,2235826,2583767,6.425876800951886
1161359,347954,2235879,2583833,6.425789041080143
1161369,347954,2235895,2583849,6.425835024169862
1161401,347963,2235938,2583901,6.425792397467547
1161437,347981,2236007,2583988,6.425658297435779
1161600,348104,2236302,2584406,6.424235286006481
1161614,348118,2236325,2584443,6.42404299691484
1161636,348128,2236360,2584488,6.423959003584888
1161703,348178,2236482,2584660,6.423386888315746
1161730,348188,2236540,2584728,6.423368984571553
1161734,348188,2236550,2584738,6.423397704688272
1161754,348188,2236571,2584759,6.423458016933381
1161790,348200,2236589,2584789,6.423288340034463
1162243,348376,2237609,2585985,6.422971157599835
1162683,348494,2237923,2586417,6.421697360643225
1162743,348519,2238020,2586539,6.42151503935223
1162757,348519,2238046,2586565,6.421589640736947
1162775,348528,2238069,2586597,6.421489808566313
1162787,348528,2238098,2586626,6.42157301565441
1162827,348534,2238110,2586644,6.421496898437455
1163050,348595,2238367,2586962,6.421110457694459
1163163,348597,2238700,2587297,6.422028875750509
1163191,348618,2238735,2587353,6.421742422938575
1163220,348622,2238760,2587382,6.421740452409773
1163248,348641,2238791,2587432,6.421479401447334
1163394,348706,2238977,2587683,6.420815816188996
1163541,348806,2239402,2588208,6.420193459974886
1163562,348813,2239455,2588268,6.4202165630294745
1163583,348830,2239482,2588312,6.419981079608979
1163584,348830,2239484,2588314,6.419986813060803
1163601,348841,2239508,2588349,6.419853170928876
1164304,348858,2240562,2589420,6.4225616153277265
1164310,348858,2240578,2589436,6.422607479260903
1164343,348872,2240639,2589511,6.4225245935472035
1164363,348872,2240654,2589526,6.422567589259098
1164474,348872,2240911,2589783,6.4233042491228876
1164846,349016,2241485,2590501,6.422298691177482
1164862,349016,2241511,2590527,6.422373186329566
1165025,349089,2241708,2590797,6.421594493094884
1165082,349094,2241719,2590813,6.421534028084126
1165136,349128,2241843,2590971,6.421263834467588
1165149,349135,2241868,2591003,6.421206696550045
1165170,349143,2241938,2591081,6.421260056767571
1165265,349192,2242005,2591197,6.4205508717267294
1165303,349198,2242074,2591272,6.4206381479848105
1165367,349216,2242157,2591373,6.420544877668835
1165539,349216,2242533,2591749,6.421621575185559
1165585,349243,2242629,2591872,6.421399999427333
1165665,349245,2242682,2591927,6.421514982319002
1165689,349245,2242714,2591959,6.421606608541282
1165752,349255,2242850,2592105,6.4218121429900785
1165841,349282,2242965,2592247,6.421644974547787
1165849,349295,2242981,2592276,6.421451781445483
1165902,349331,2243102,2592433,6.421136400720234
1165912,349331,2243128,2592459,6.421210828698284
1165919,349335,2243136,2592471,6.421160204388338
1166160,349346,2243631,2592977,6.422374952053265
1166334,349402,2243783,2593185,6.421780642354651
1166524,349402,2244104,2593506,6.422699354897797
1166580,349415,2244161,2593576,6.4226235278966275
1166601,349415,2244207,2593622,6.422755176509308
1166610,349425,2244223,2593648,6.42261715675753
1166680,349480,2244354,2593834,6.421981229254893
1166807,349482,2244729,2594211,6.4230174944632346
1167104,349586,2244923,2594509,6.421661622605024
1167203,349609,2244985,2594594,6.421416496714902
1167225,349614,2244999,2594613,6.4213647050747396
1167243,349614,2245026,2594640,6.421441933103366
1167301,349646,2245086,2594732,6.4210258375614195
1167320,349651,2245142,2594793,6.421094176764831
1167470,349770,2245535,2595305,6.4200331646510564
1167570,349813,2245748,2595561,6.4198528928313126
1167643,349836,2245833,2595669,6.41967379000446
1167690,349861,2245936,2595797,6.419509462329325
1167764,349861,2246120,2595981,6.420035385481663
1167831,349919,2246216,2596135,6.419245596838126
1167899,349961,2246348,2596309,6.418852386408771
1167959,349990,2246415,2596405,6.418511957484499
1168079,350016,2246476,2596492,6.418209453282135
1168104,350026,2246522,2596548,6.418157508299384
1168179,350044,2246627,2596671,6.41812743540812
1168194,350044,2246655,2596699,6.418207425352241
1168263,350083,2246799,2596882,6.4179037542525625
1168910,350416,2248600,2599016,6.416944431761107
1169071,350507,2249003,2599510,6.416428202575127
1169075,350507,2249005,2599512,6.4164339085952635
1169131,350507,2249123,2599630,6.416770563783319
1169176,350522,2249143,2599665,6.416553026628856
1169185,350525,2249165,2599690,6.41656087297625
1169220,350538,2249192,2599730,6.41639993381602
1169268,350562,2249317,2599879,6.416317227765702
1169558,350660,2249496,2600156,6.4150345063594365
1169613,350663,2249546,2600209,6.415122211353921
1169641,350679,2249571,2600250,6.414900806720676
1169650,350681,2249587,2600268,6.414909846840861
1169670,350686,2249595,2600281,6.414841196968228
1169700,350704,2249638,2600342,6.414634563620603
1169703,350704,2249647,2600351,6.414660226287696
1170431,350713,2251260,2601973,6.419094815418875
1170435,350720,2251265,2601985,6.418980953467154
1170479,350729,2251335,2602064,6.41901582133214
1170511,350736,2251373,2602109,6.418996054012134
1170540,350747,2251398,2602145,6.418866020236809
1170546,350748,2251413,2602161,6.418890485476752
1170570,350748,2251445,2602193,6.418981719068961
1170681,350748,2251483,2602231,6.419090058959709
1170691,350748,2251499,2602247,6.419135675755813
1170707,350748,2251506,2602254,6.419155633104109
1170733,350748,2251532,2602280,6.419229760397778
1170884,350794,2251726,2602520,6.418941030918431
1170938,350817,2251838,2602655,6.418839451907975
1171005,350817,2251950,2602767,6.41915870667613
1171748,351202,2254195,2605397,6.418514131468499
1171789,351209,2254215,2605424,6.418443149235925
1171848,351228,2254344,2605572,6.418463220472172
1171857,351230,2254364,2605594,6.418483614725393
1171999,351230,2254580,2605810,6.4190985963613585
1172124,351272,2254752,2606024,6.418820742900089
1172179,351278,2254788,2606066,6.418813589237015
1172194,351285,2254823,2606108,6.4187853167655895
1172226,351300,2254858,2606158,6.418610873896954
1172256,351311,2254913,2606224,6.418566455362912
1172286,351324,2254948,2606272,6.418428573055071
1172352,351339,2255030,2606369,6.418387938714461
1172516,351348,2255963,2607311,6.420879014538293
1172577,351357,2256096,2607453,6.421093076272851
1172599,351371,2256113,2607484,6.420885616627439
1172712,351437,2256323,2607760,6.420277318552116
1172749,351446,2256375,2607821,6.420260865111568
1172885,351508,2256543,2608051,6.419606381647075
1172890,351511,2256554,2608065,6.419582886453055
1172934,351542,2256602,2608144,6.419153330185298
1173241,351545,2257199,2608744,6.4207967685502565
1173252,351551,2257228,2608779,6.420769674954701
1173278,351557,2257262,2608819,6.420756804728678
1173314,351572,2257296,2608868,6.420579568338775
1173352,351586,2257348,2608934,6.420471804906907
1173384,351600,2257379,2608979,6.420304323094426
1173385,351600,2257379,2608979,6.420304323094426
1173404,351611,2257402,2609013,6.420168879813203
1173435,351619,2257408,2609027,6.420039872703125
1173460,351630,2257423,2609053,6.4198816938258965
1173473,351638,2257445,2609083,6.4197982015595585
1173479,351640,2257454,2609094,6.419787282447958
1173568,351656,2257584,2609240,6.419864867939122
1173648,351656,2257898,2609554,6.420757786018154
1173710,351656,2257915,2609571,6.4208061287167
1173801,351719,2258163,2609882,6.420361140569603
1173898,351798,2258315,2610113,6.419351446000261
1174077,351817,2258699,2610516,6.420096243217355
1174114,351840,2258763,2610603,6.419858458390177
1174216,351930,2259032,2610962,6.4189810473673745
1174327,352051,2259302,2611353,6.417541776617592
1174347,352062,2259323,2611385,6.417400912339303
1174439,352108,2259427,2611535,6.416857895872857
1174501,352174,2259550,2611724,6.416004588640842
1174583,352191,2259702,2611893,6.416126476826495
1174609,352191,2259723,2611914,6.416186103563123
1174630,352202,2259781,2611983,6.416150390968819
1174742,352203,2259941,2612144,6.416586457241988
1175750,352203,2261188,2613391,6.420127029014517
1175764,352207,2261204,2613411,6.420099543734224
1175788,352212,2261236,2613448,6.42009925840119
1175872,352238,2261334,2613572,6.419903587914989
1175925,352256,2261401,2613657,6.419765738553779
1175981,352259,2261485,2613744,6.419949525775069
1176361,352262,2262198,2614460,6.421918912627533
1176409,352262,2262235,2614497,6.422023948084097
1176441,352270,2262257,2614527,6.421940556959151
1176540,352288,2262480,2614768,6.422245435552729
1176573,352327,2262545,2614872,6.421719028061999
1176584,352332,2262565,2614897,6.42168466105832
1176677,352332,2262565,2614897,6.42168466105832
1176688,352332,2262577,2614909,6.421718719843784
1176917,352384,2263092,2615476,6.422232564475118
1176952,352395,2263153,2615548,6.422205195873948
1176990,352400,2263219,2615619,6.422301362088536
1177012,352407,2263239,2615646,6.422230545931267
1177054,352418,2263302,2615720,6.422208854258296
1177163,352441,2263362,2615803,6.421959987629135
1177255,352491,2263566,2616057,6.421627786241351
1177346,352555,2263727,2616282,6.420918721901547
1177371,352555,2263769,2616324,6.421037852250003
1177391,352560,2263819,2616379,6.421088609031087
1177408,352565,2263837,2616402,6.421048600967198
1177490,352607,2263999,2616606,6.420743207026519
1177592,352673,2264299,2616972,6.420392261386611
1177608,352673,2264326,2616999,6.420468819558061
1177664,352673,2264414,2617087,6.420718342487233
1177809,352673,2264750,2617423,6.421671066398619
1177862,352710,2264835,2617545,6.421238411159309
1177878,352710,2264861,2617571,6.421312126109268
1178145,352710,2265381,2618091,6.422786425108446
1178209,352710,2265556,2618266,6.423282583425477
1178802,352935,2266554,2619489,6.422015385269242
1178815,352935,2266559,2619494,6.4220295521838295
1178841,352944,2266589,2619533,6.421950791060338
1178919,352981,2266752,2619733,6.42173941373615
1179099,352981,2267193,2620174,6.422988772766806
1179178,352991,2267256,2620247,6.422985288576762
1179252,353010,2267320,2620330,6.422820883261098
1179256,353010,2267330,2620340,6.422849211070508
1179341,353019,2267431,2620450,6.422971568102566
1179352,353019,2267450,2620469,6.4230253895682665
1179365,353023,2267460,2620483,6.422980938918994
1179368,353023,2267469,2620492,6.423006433008614
1179439,353040,2267595,2620635,6.423054044867437
1179516,353092,2267745,2620837,6.422532937591336
1179541,353097,2267758,2620855,6.422478808939187
1179707,353097,2268121,2621218,6.423506855056826
1179738,353113,2268146,2621259,6.423286596641868
1179761,353122,2268188,2621310,6.423241825771263
1180486,353281,2269876,2623157,6.4251290049563945
1180495,353283,2269891,2623174,6.42513508999867
1180559,353336,2270029,2623365,6.424561890098943
1180602,353362,2270060,2623422,6.424176906401933
1180638,353362,2270093,2623455,6.424270295051533
1180770,353362,2270093,2623455,6.424270295051533
1180832,353428,2270283,2623711,6.4236082030852115
1180983,353467,2270407,2623874,6.423250260986174
1180998,353473,2270425,2623898,6.42319215329035
1181009,353473,2270435,2623908,6.423220443994308
1181045,353499,2270496,2623995,6.422920574032741
1181111,353523,2270553,2624076,6.4226457684507094
1181546,353529,2271982,2625511,6.426578866231624
1181708,353632,2272165,2625797,6.42522452719211
1181758,353654,2272225,2625879,6.424994486136167
1181772,353658,2272258,2625916,6.425015127609159
1181826,353688,2272341,2626029,6.424704824591165
1181897,353717,2272480,2626197,6.4245710553917394
1181950,353746,2272563,2626309,6.424279002448084
1182362,353953,2273735,2627688,6.423833107785497
1182429,353975,2273777,2627752,6.423552510770534
1182456,353990,2273811,2627801,6.423376366564027
1182504,354024,2273872,2627896,6.422931778636476
1183439,354024,2275292,2629316,6.426942806137437
1183478,354024,2275344,2629368,6.427089688834656
1183485,354030,2275350,2629380,6.4269977120583
1183508,354030,2275363,2629393,6.427034432110273
1183578,354064,2275529,2629593,6.426886099688192
1183966,354254,2276157,2630411,6.425211853641737
1183970,354254,2276161,2630415,6.4252231449750745
1184021,354299,2276256,2630555,6.424675203712119
1185741,354299,2293539,2647838,6.473456035721241
1185781,354327,2293588,2647915,6.473082773821922
1185848,354338,2293700,2648038,6.473197907083067
1186099,354469,2294100,2648569,6.4719340760405
1186120,354490,2294127,2648617,6.471626844198708
1186542,354490,2294840,2649330,6.473638184433976
1186567,354515,2294892,2649407,6.473328349999295
1186583,354515,2294918,2649433,6.473401689632315
1186755,354575,2295296,2649871,6.473372347176197
1186885,354624,2295516,2650140,6.473098267460747
1186898,354626,2295541,2650167,6.473132257646084
1187021,354644,2295755,2650399,6.473407135042465
1187055,354657,2295799,2650456,6.473293914965727
1187087,354662,2295836,2650498,6.473306979603115
1187262,354730,2296122,2650852,6.472872325430609
1187320,354762,2296211,2650973,6.47253933623105
1187384,354800,2296323,2651123,6.472161781285231
1187489,354800,2296579,2651379,6.472883314543405
1187509,354805,2296600,2651405,6.472851284508392
1187606,354895,2296798,2651693,6.471767705941194
1187638,354905,2296834,2651739,6.471686789422521
1187663,354916,2296914,2651830,6.471711616269765
1187803,354958,2297000,2651958,6.471188140568743
1187814,354963,2297033,2651996,6.471189955009395
1187904,355002,2297250,2652252,6.471090303716599
1187914,355002,2297266,2652268,6.471135373885217
1187917,355002,2297275,2652277,6.471160725855065
1188315,355228,2297932,2653160,6.468893217876969
1188424,355228,2298045,2653273,6.469211323431711
1188471,355267,2298118,2653385,6.468706634728247
1188600,355274,2298464,2653738,6.469553077343121
1188602,355278,2298474,2653752,6.469508384983027
1188635,355289,2298505,2653794,6.469395337316945
1189060,355475,2298980,2654455,6.467346508193263
1189133,355505,2299085,2654590,6.4670961027271066
1189234,355586,2299320,2654906,6.466283824447531
1189305,355622,2299441,2655063,6.465969484452593
1189337,355642,2299479,2655121,6.465712711097114
1189400,355661,2299592,2655253,6.4656850202861715
1189920,355942,2300541,2656483,6.463246821111305
1189946,355956,2300598,2656554,6.463152749216195
1190016,355983,2300647,2656630,6.462800189896709
1190037,355989,2300654,2656643,6.462710926461211
1190052,355989,2300661,2656650,6.46273058999014
1190064,355989,2300676,2656665,6.46277272612356
1190318,356134,2300990,2657124,6.461023098047364
1190355,356159,2301052,2657211,6.460743656625271
1191230,356223,2302840,2659063,6.464602229502306
1191280,356242,2302870,2659112,6.46434165539156
1193371,357767,2308925,2666692,6.453711493793446
1193388,357775,2308938,2666713,6.453603521766474
1193422,357781,2309004,2666785,6.453679764995905
1193457,357781,2309056,2666837,6.4538251053018465
1193498,357781,2309079,2666860,6.453889390437167
1193606,357825,2309150,2666975,6.453294208062601
1193647,357842,2309240,2667082,6.453239139061373
1193767,357842,2309442,2667284,6.45380363400607
1193916,357947,2309758,2667705,6.452793290626825
1194041,358006,2309991,2667997,6.452380686357212
1194050,358011,2310011,2668022,6.452346436282684
1194071,358018,2310033,2668051,6.452281728851622
1194129,358041,2310129,2668170,6.452135369971596
1194135,358045,2310140,2668185,6.452094010529403
1194177,358064,2310179,2668243,6.451860561240449
1194272,358120,2310328,2668448,6.451267731486652
1194273,358120,2310328,2668448,6.451267731486652
1194303,358135,2310371,2668506,6.4511175953202
1194318,358135,2310371,2668506,6.4511175953202
1194370,358158,2310445,2668603,6.450909933604722
1194389,358174,2310474,2668648,6.45070273107484
1194444,358175,2310580,2668755,6.450980665875619
1194480,358191,2310631,2668822,6.450834889765516
1194699,358210,2311037,2669247,6.451626141090422
1194714,358223,2311062,2669285,6.4514617989353
1194744,358234,2311082,2669316,6.451319528576294
1194846,358234,2311515,2669749,6.452528235734185
1194932,358240,2311668,2669908,6.452847253238053
1194953,358252,2311709,2669961,6.452745553409332
1194994,358289,2311802,2670091,6.4523387544691575
1195060,358289,2311899,2670188,6.452609485638688
1195164,358317,2312130,2670447,6.452749939299559
1195287,358348,2312337,2670685,6.452769375020929
1195295,358350,2312345,2670695,6.452755685782057
1195383,358374,2312576,2670950,6.452968128268234
1195564,358435,2312748,2671183,6.452349798429283
1195588,358435,2312773,2671208,6.452419546082274
1195638,358451,2312925,2671376,6.452555579423687
1195734,358456,2313127,2671583,6.453029102595576
1195752,358463,2313141,2671604,6.452942144656491
1195773,358463,2313170,2671633,6.4530230456141915
1196051,358463,2313189,2671652,6.453076049689926
1196075,358473,2313239,2671712,6.453035514529685
1196201,358596,2313466,2672062,6.451455119410144
1196202,358596,2313468,2672064,6.451460696717197
1196300,358611,2313819,2672430,6.452169621121493
1196530,358710,2314286,2672996,6.451690780853614
1196608,358714,2314365,2673079,6.451839069565169
1196942,358801,2315302,2674103,6.4528861402281485
1196975,358810,2315349,2674159,6.452855271592208
1196985,358810,2315365,2674175,6.452899863437474
1197003,358810,2315385,2674195,6.452955603244057
1197213,358839,2315817,2674656,6.453637982493541
1197237,358839,2315842,2674681,6.453707651620922
1197265,358864,2315899,2674763,6.453416893307772
1197268,358864,2315906,2674770,6.453436399304472
1197820,359103,2316627,2675730,6.451149113207074
1197852,359106,2316645,2675751,6.451145344271608
1197871,359113,2316666,2675779,6.451078072918552
1198096,359113,2317245,2676358,6.4526903787944185
1198106,359117,2317260,2676377,6.452660275063558
1198122,359117,2317286,2676403,6.452732674866408
1198273,359221,2317632,2676853,6.451827704950435
1198355,359221,2317767,2676988,6.452203518168481
1198377,359223,2317771,2676994,6.452178730203801
1198549,359298,2318211,2677509,6.45205651019488
1198580,359299,2318273,2677572,6.452211111080187
1198869,359498,2319014,2678512,6.45070069930848
1198870,359498,2319016,2678514,6.450706262621767
1198936,359498,2319016,2678514,6.450706262621767
1198967,359512,2319058,2678570,6.450571886334809
1199024,359512,2319058,2678570,6.450571886334809
1199219,359551,2319126,2678677,6.450061326487758
1199274,359551,2319302,2678853,6.450550825891181
1199450,359604,2319633,2679237,6.450520572629893
1199532,359604,2319809,2679413,6.451009999888766
1199551,359616,2319838,2679454,6.450875378181171
1199745,359616,2320332,2679948,6.452249065670048
1199746,359616,2320334,2679950,6.452254627157857
1199758,359621,2320357,2679978,6.452228874287097
1199798,359631,2320426,2680057,6.452241325136042
1200208,359644,2321267,2680911,6.454346520447999
1200314,359656,2321383,2681039,6.454453700202416
1200336,359656,2321443,2681099,6.454620526280668
1200391,359668,2321530,2681198,6.454647063402916
1200412,359674,2321564,2681238,6.454633918492857
1200654,359830,2322202,2682032,6.453608648528472
1200694,359834,2322245,2682079,6.4536564082326855
1200901,359843,2322482,2682325,6.454153616994078
1200931,359857,2322531,2682388,6.454038687589793
1201001,359857,2322652,2682509,6.454374932264761
1201049,359867,2322761,2682628,6.454498467489378
1201073,359881,2322790,2682671,6.454327958408474
1201522,359881,2323331,2683212,6.455831233102053
1201700,359901,2323776,2683677,6.456708928288613
1201790,359951,2323983,2683934,6.456387119357912
1201850,359985,2324091,2684076,6.45607733655569
1202108,360101,2324413,2684514,6.4548918220166005
1202408,360101,2324956,2685057,6.456399732297328
1202570,360182,2325270,2685452,6.455819557890178
1202589,360182,2325285,2685467,6.455861203502674
1202600,360192,2325307,2685499,6.4557430481520965
1202631,360215,2325368,2685583,6.455500187388088
1202653,360226,2325405,2685631,6.455405773042479
1202670,360228,2325433,2685661,6.455447660925858
1202707,360251,2325494,2685745,6.455204843289818
1202715,360251,2325498,2685749,6.455215946659412
1202741,360256,2325526,2685782,6.455204077100729
1202772,360256,2325575,2685831,6.455340091490496
1202954,360268,2325785,2686053,6.455707972953468
1203419,360390,2327187,2687577,6.45741280279697
1203458,360406,2327228,2687634,6.45723989056786
1203460,360408,2327237,2687645,6.457229029322324
1203621,360464,2327618,2688082,6.457282835456523
1203819,360464,2328132,2688596,6.458708775356207
1203832,360470,2328141,2688611,6.458626237967098
1203846,360470,2328167,2688637,6.458698366022138
1203875,360481,2328199,2688680,6.458590050515839
1203953,360492,2328293,2688785,6.458653728792872
1204097,360492,2328492,2688984,6.459205752138744
1204240,360542,2328648,2689190,6.458742670756805
1204282,360550,2328699,2689249,6.458740812647345
1204373,360569,2328814,2689383,6.4587194129279
1204770,360632,2328980,2689612,6.458051420838972
1204855,360682,2329132,2689814,6.457577589122828
1204901,360704,2329170,2689874,6.457289079134138
1204948,360735,2329275,2690010,6.457025240134725
1204986,360742,2329363,2690105,6.45714388676672
1205052,360787,2329485,2690272,6.456676654092304
1205131,360852,2329665,2690517,6.456012437231885
1205184,360884,2329888,2690772,6.456057902262223
1205283,360937,2330185,2691122,6.455932752807277
1205312,360937,2330215,2691152,6.456015869805534
1205355,360951,2330270,2691221,6.455917839263501
1205438,360998,2330388,2691386,6.4554041850647375
1205493,361002,2330426,2691428,6.455437920011524
1205573,361002,2330715,2691717,6.456238469592966
1205843,361060,2330982,2692042,6.455940840857475
1205921,361068,2331077,2692145,6.456060908194578
1206055,361120,2331350,2692470,6.455887239698715
1206490,361133,2332104,2693237,6.457742715287719
1206497,361133,2332111,2693244,6.457762098728169
1206543,361133,2332230,2693363,6.458091617215818
1206572,361144,2332275,2693419,6.458019515761026
1206702,361188,2332460,2693648,6.45774499706524
1206786,361224,2332650,2693874,6.457627400172746
1206832,361235,2332700,2693935,6.457569172422384
1206851,361244,2332725,2693969,6.457477494435894
1206904,361281,2332819,2694100,6.457076347773617
1206958,361293,2332894,2694187,6.457069469931607
1207059,361322,2333385,2694707,6.4579101189520705
1207062,361324,2333401,2694725,6.457918654725399
1207341,361509,2333875,2695384,6.455925025379727
1207385,361536,2333934,2695470,6.4556060807222515
1207453,361536,2333976,2695512,6.45572225172597
1207467,361536,2334000,2695536,6.455788635156665
1207493,361547,2334026,2695573,6.455664132187517
1207499,361547,2334031,2695578,6.4556779616481395
1207521,361556,2334086,2695642,6.4556693845490045
1207958,361821,2334940,2696761,6.453301494385345
1208162,361920,2335294,2697214,6.452514367816092
1208180,361920,2335311,2697231,6.452561339522546
1208222,361950,2335382,2697332,6.452222682690979
1208223,361950,2335384,2697334,6.452228208316066
1208255,361970,2335442,2697412,6.452031936348316
1208313,361992,2335562,2697554,6.451971314283188
1208354,362012,2335632,2697644,6.451808227351579
1208371,362020,2335656,2697676,6.451731948511132
1208516,362020,2335972,2697992,6.4526048284625155
1208533,362020,2336017,2698037,6.4527291309872385
1208611,362029,2336141,2698170,6.452911230868246
1208625,362035,2336162,2698197,6.452862292319804
1208681,362035,2336206,2698241,6.452983827530487
1208684,362035,2336208,2698243,6.452989351858246
1209021,362242,2336809,2699051,6.450960959800354
1209142,362251,2337458,2699709,6.4525922633753945
1209153,362251,2337476,2699727,6.45264195267922
1209191,362251,2337538,2699789,6.452813104725728
1209498,362418,2337880,2700298,6.450783349612878
1209590,362494,2338026,2700520,6.449833652419074
1209657,362500,2338093,2700593,6.449911724137931
1209748,362574,2338230,2700804,6.448973175131146
1209804,362610,2338358,2700968,6.448685915997904
1209932,362689,2338804,2701493,6.448510983239084
1209956,362698,2338856,2701554,6.4484943396434495
1209968,362699,2338860,2701559,6.448487588882241
1209998,362699,2338880,2701579,6.448542731024899
1210137,362819,2339039,2701858,6.446848152935761
1210160,362834,2339071,2701905,6.446669826973216
1210168,362838,2339080,2701918,6.446623562030438
1210198,362862,2339116,2701978,6.446296388158584
1210269,362889,2339215,2702104,6.4460895756002525
1210381,362952,2339380,2702332,6.445425290396527
1210412,362973,2339437,2702410,6.445209423290438
1210843,363215,2340665,2703880,6.444296078080476
1210925,363265,2340759,2704024,6.443667845787511
1210952,363274,2340821,2704095,6.443678875999934
1210963,363278,2340861,2704139,6.443718034122628
1211118,363407,2341179,2704586,6.442305734341936
1211128,363417,2341202,2704619,6.442191752174499
1211269,363462,2341286,2704748,6.44162525931184
1211668,363462,2342049,2705511,6.443724515905377
1212319,363502,2342767,2706269,6.444990674054063
1212358,363511,2342856,2706367,6.445075939930291
1212378,363511,2342877,2706388,6.44513370984647
1212461,363555,2343022,2706577,6.444752513374867
1212471,363555,2343051,2706606,6.444832281222924
1212496,363566,2343100,2706666,6.444772063394267
1212507,363566,2343112,2706678,6.444805069781003
1212562,363581,2343151,2706732,6.44464644742162
1212597,363604,2343214,2706818,6.444412052672688
1212672,363604,2343311,2706915,6.444678826415551
1212683,363604,2343323,2706927,6.444711829352812
1212699,363604,2343349,2706953,6.4447833357168784
1212812,363623,2343659,2707282,6.4452991147424665
1212827,363633,2343698,2707331,6.445229118369345
1212845,363633,2343741,2707374,6.4453473694631676
1213108,363672,2344152,2707824,6.4457863129413315
1213109,363672,2344152,2707824,6.4457863129413315
1213144,363693,2344191,2707884,6.445521360048173
1213911,363750,2345164,2708914,6.4471862542955325
1213932,363750,2345194,2708944,6.447268728522337
1214190,363896,2345523,2709419,6.445586101523512
1214238,363924,2345610,2709534,6.445329244567547
1214380,363977,2345836,2709813,6.4450116353505855
1214387,363979,2345837,2709816,6.4449789685668675
1214835,364153,2347795,2711948,6.447276282222033
1214843,364153,2347812,2711965,6.447322965896203
1214861,364153,2347812,2711965,6.447322965896203
1214991,364153,2348198,2712351,6.448382959909709
1215020,364170,2348242,2712412,6.44820276244611
1215042,364170,2348295,2712465,6.448348298871406
1215090,364187,2348326,2712513,6.4481324154898445
1215166,364218,2348391,2712609,6.447762054593677
1215204,364236,2348445,2712681,6.447591671333971
1215214,364246,2348466,2712712,6.447472312667813
1215270,364246,2348658,2712904,6.447999428957353
1215293,364252,2348719,2712971,6.448060683263235
1215322,364260,2348737,2712997,6.447968484049855
1215368,364278,2348815,2713093,6.447863993982618
1215397,364292,2348876,2713168,6.447783646086107
1215506,364292,2349067,2713359,6.448307950764771
1215690,364292,2349434,2713726,6.449315384361995
1215936,364299,2349767,2714066,6.450105545170313
1215953,364302,2349791,2714093,6.450118308436407
1215996,364322,2349822,2714144,6.449849309127639
1216070,364322,2349918,2714240,6.4501128122924225
1216086,364329,2349942,2714271,6.45005475819932
1216336,364329,2350526,2714855,6.451657704986427
1216468,364341,2350623,2714964,6.451711446145232
1216523,364391,2350795,2715186,6.451298193424097
1216559,364406,2350879,2715285,6.4512631515397665
1216594,364439,2350996,2715435,6.451000030183378
1216684,364459,2351044,2715503,6.45077772808464
1216782,364491,2351114,2715605,6.450403439316746
1217252,364491,2351908,2716399,6.452581819578535
1217319,364491,2351981,2716472,6.452782098872126
1217337,364498,2351996,2716494,6.452699328940077
1217610,364498,2352015,2716513,6.452751455426367
1217623,364502,2352031,2716533,6.452724539234352
1217856,364505,2352382,2716887,6.45363438087269
1217893,364522,2352442,2716964,6.453498005607344
1218152,364647,2352935,2717582,6.452637756515205
1218332,364752,2353137,2717889,6.451334057112778
1218346,364760,2353166,2717926,6.451272069305845
1219944,364765,2356343,2721108,6.459893355996327
1220101,364834,2356539,2721373,6.459208845666796
1220156,364869,2356642,2721511,6.458871540196618
1220172,364869,2356652,2721521,6.458898947293412
1220241,364935,2356811,2721746,6.458166522805431
1220267,364935,2356837,2721772,6.45823776836971
1220378,364935,2356942,2721877,6.4585254908408345
1220483,364970,2357052,2722022,6.458207523906075
1220530,365006,2357139,2722145,6.457808912730202
1220538,365009,2357151,2722160,6.457788712059155
1220687,365017,2357400,2722417,6.4583293380856235
1220817,365028,2357594,2722622,6.458666184511873
1220849,365046,2357642,2722688,6.458479205360421
1220885,365048,2357681,2722729,6.458550656352041
1220910,365057,2357716,2722773,6.458487304722277
1221001,365070,2357947,2723017,6.45889007587586
1221246,365070,2358961,2724031,6.461667625386912
1221270,365070,2359011,2724081,6.461804585421974
1221337,365070,2359163,2724233,6.462220943928561
1221361,365070,2359218,2724288,6.462371599967129
1221507,365117,2359548,2724665,6.462443545493636
1221650,365205,2359854,2725059,6.461724237072329
1221806,365292,2360057,2725349,6.460740996244101
1221816,365292,2360073,2725365,6.460784796820078
1221988,365339,2360543,2725882,6.461240108501967
1222061,365389,2360714,2726103,6.460823943796885
1222094,365396,2360795,2726191,6.460921849171857
1222143,365410,2360884,2726294,6.460917873074081
1222259,365440,2360979,2726419,6.460647438704028
1222286,365462,2361024,2726486,6.460381653906562
1222379,365462,2361210,2726672,6.460890598748981
1222460,365521,2361375,2726896,6.4602991346598415
1222542,365570,2361533,2727103,6.459865415652269
1222856,365696,2362034,2727730,6.4590096692334615
1223357,365863,2363167,2729030,6.459158209493718
1223359,365865,2363179,2729044,6.459155699506649
1223418,365896,2363251,2729147,6.45880523427422
1223455,365916,2363312,2729228,6.458618918003039
1223653,365930,2363437,2729367,6.458713415134042
1223681,365950,2363477,2729427,6.458469736302773
1224457,366240,2364647,2730887,6.456550349497597
1224500,366251,2364682,2730933,6.456451996035506
1224505,366252,2364688,2730940,6.456450749756998
1224513,366252,2364708,2730960,6.456505356967334
1224546,366276,2364760,2731036,6.4562242680383095
1225115,366289,2365538,2731827,6.458119135436773
1225175,366302,2365635,2731937,6.45815474662983
1225200,366310,2365663,2731973,6.45809014222926
1225241,366342,2365763,2732105,6.4577989965660505
1225612,366547,2366399,2732946,6.455922432866727
1225638,366570,2366461,2733031,6.455686499167962
1225670,366574,2366512,2733086,6.455755181764118
1225686,366574,2366527,2733101,6.455796101196484
1225722,366614,2366604,2733218,6.455301761525747
1225741,366619,2366624,2733243,6.455268275784943
1225874,366643,2366714,2733357,6.455091192249681
1226654,367067,2368069,2735136,6.4513263246219354
1226683,367082,2368094,2735176,6.451130810009753
1226704,367086,2368149,2735235,6.451210343080368
1226925,367218,2368538,2735756,6.449950710477156
1227046,367286,2368841,2736127,6.4495815250240955
1227084,367298,2368863,2736161,6.4494307074909205
1227161,367301,2369016,2736317,6.449794582644752
1227182,367304,2369039,2736343,6.4498045215951905
1227191,367315,2369070,2736385,6.449695765215142
1227213,367319,2369101,2736420,6.449709925160419
1227266,367322,2369184,2736506,6.4498832087378375
1227402,367388,2369401,2736789,6.449315165438175
1227425,367400,2369464,2736864,6.4492759934676105
1227436,367400,2369474,2736874,6.449303211758302
1227447,367400,2369484,2736884,6.449330430048993
1227509,367426,2369537,2736963,6.4490183057268675
1227571,367443,2369568,2737011,6.448804304341081
1227619,367461,2369656,2737117,6.44872789221169
1227883,367506,2370209,2737715,6.449443002291119
1227916,367522,2370251,2737773,6.449276505896246
1228219,367627,2371355,2738982,6.4504375358719575
1228236,367631,2371380,2739011,6.450435355016307
1228286,367665,2371504,2739169,6.450176111405764
1228352,367696,2371584,2739280,6.449849875984509
1229129,367696,2372722,2740418,6.452944823985031
1229136,367699,2372742,2740441,6.452946567708914
1229152,367710,2372759,2740469,6.452799760680971
1229162,367710,2372759,2740469,6.452799760680971
1229191,367718,2372783,2740501,6.452724642253031
1229246,367718,2372890,2740608,6.453015626104786
1229284,367741,2372949,2740690,6.452772467579084
1229395,367741,2373213,2740954,6.453490364142154
1229418,367750,2373274,2741024,6.453498300475867
1229470,367750,2373314,2741064,6.453607070020395
1229573,367823,2373413,2741236,6.452595405942533
1229597,367832,2373443,2741275,6.452519084799582
1229620,367844,2373485,2741329,6.452422766172616
1229756,367932,2373795,2741727,6.451722057336681
1229795,367947,2373854,2741801,6.45161939083618
1246131,367947,2405967,2773914,6.538895547456563
1246965,368020,2407730,2775750,6.542389000597794
1247003,368027,2407782,2775809,6.54240585609208
1247191,368027,2408061,2776088,6.543163952644779
1247231,368058,2408149,2776207,6.5428519418135185
1247265,368058,2408183,2776241,6.542944318558488
1247270,368058,2408190,2776248,6.542963337300099
1247419,368063,2408438,2776501,6.543548251250465
1247484,368063,2408559,2776622,6.5438769993180514
1247508,368078,2408593,2776671,6.543702693450845
1247624,368118,2408775,2776893,6.543486056101576
1247759,368220,2409029,2777249,6.542363261093911
1247792,368220,2409058,2777278,6.54244201835859
1247840,368220,2409131,2777351,6.542640269404161
1247927,368252,2409247,2777499,6.542386735170481
1247948,368262,2409267,2777529,6.5422633885657495
1249180,368262,2409267,2777529,6.5422633885657495
1249475,368262,2409974,2778236,6.544183217383276
1249715,368310,2410137,2778447,6.543772908691048
1249724,368313,2410150,2778463,6.543754904116879
1249832,368313,2410707,2779020,6.545267204795921
1249895,368327,2410792,2779119,6.545249194330038
1249918,368336,2410847,2779183,6.545238586507971
1249926,368340,2410875,2779215,6.545243525004072
1249960,368340,2410948,2779288,6.545441711462236
1249970,368340,2410964,2779304,6.545485149590053
1250012,368348,2411047,2779395,6.545568321261416
1250078,368370,2411159,2779529,6.54548144528599
1250167,368389,2411293,2779682,6.545507602018518
1250317,368404,2411537,2779941,6.5459034103864235
1250386,368437,2411634,2780071,6.5455803841633715
1250415,368437,2411670,2780107,6.545678094219636
1250443,368449,2411715,2780164,6.54558704189725
1250504,368472,2411773,2780245,6.545335873553486
1250579,368473,2412076,2780549,6.546140422771818
1250886,368542,2412579,2781121,6.546279664190242
1250902,368542,2412605,2781147,6.546350212458824
1250936,368577,2412653,2781230,6.545858802909568
1251076,368611,2412873,2781484,6.54585186009099
1251096,368615,2412890,2781505,6.545826946814427
1251384,368615,2413457,2782072,6.547365137067129
1251419,368625,2413502,2782127,6.547309596473381
1251465,368645,2413571,2782216,6.547141558952379
1251487,368654,2413632,2782286,6.547147189505607
1251510,368663,2413659,2782322,6.547060594635209
1251546,368663,2413693,2782356,6.547152819783922
1251548,368665,2413693,2782358,6.5471173016152875
1251570,368673,2413709,2782382,6.547018631687159
1251763,368673,2414153,2782826,6.548222950961963
1251802,368681,2414229,2782910,6.548287001499942
1251805,368681,2414238,2782919,6.548311412847421
1251814,368688,2414251,2782939,6.548222345180749
1251840,368698,2414263,2782961,6.54807728818708
1251873,368703,2414323,2783026,6.54815122198626
1252579,368703,2415461,2784164,6.551237717078516
1252581,368703,2415466,2784169,6.551251278129009
1252594,368703,2415492,2784195,6.551321795591574
1252655,368732,2415614,2784346,6.551137411453305
1252675,368747,2415646,2784393,6.550957702706734
1252809,368767,2415899,2784666,6.551288482971633
1252859,368784,2415963,2784747,6.551160028634648
1252913,368784,2416072,2784856,6.551455594602802
1253117,368876,2416250,2785126,6.550304167254037
1253180,368886,2416367,2785253,6.550443768535537
1253182,368886,2416372,2785258,6.550457322858552
1253297,368892,2416624,2785516,6.551033906942953
1253305,368892,2416641,2785533,6.551079990891643
1253540,368946,2417344,2786290,6.552026583836117
1253562,368955,2417387,2786342,6.551983304196988
1253742,369035,2417580,2786615,6.551085940357961
1253927,369043,2417652,2786695,6.5511390271594365
1254020,369101,2417746,2786847,6.5503642634400885
1254246,369116,2417785,2786901,6.55020372999274
1254669,369133,2418592,2787725,6.552088271706945
1254687,369145,2418644,2787789,6.552016145417112
1254791,369173,2418757,2787930,6.5518252959994365
1255348,369196,2420187,2789383,6.5552904148473985
1255390,369205,2420298,2789503,6.5554312644736665
1255415,369213,2420329,2789542,6.555373185667894
1255425,369213,2420341,2789554,6.555405687232032
1255531,369213,2420560,2789773,6.555998840777546
1255548,369213,2420583,2789796,6.556061135442143
1255666,369213,2420799,2790012,6.556646163596623
1255685,369235,2420861,2790096,6.556423415981692
1255782,369235,2421092,2790327,6.557049033813154
1255822,369253,2421130,2790383,6.556832307388159
1255839,369260,2421178,2790438,6.556838000324975
1256005,369260,2421592,2790852,6.557959161566376
1256015,369268,2421620,2790888,6.55789291246466
1256076,369281,2421651,2790932,6.557745998304814
1256337,369363,2422414,2791777,6.558355872136624
1256355,369370,2422426,2791796,6.558264071256463
1256401,369370,2422545,2791915,6.558586241438125
1256452,369370,2422669,2792039,6.558921948182039
1256620,369469,2422932,2792401,6.557876303559974
1256623,369469,2422937,2792406,6.557889836495078
1256708,369506,2423041,2792547,6.557514627637982
1256818,369521,2423124,2792645,6.557473052952336
1256827,369524,2423141,2792665,6.557465820893907
1256868,369524,2423205,2792729,6.557639016680919
1256884,369530,2423236,2792766,6.55761643168349
1256911,369536,2423298,2792834,6.557677736404572
1256959,369543,2423408,2792951,6.5578511837594
1256981,369560,2423446,2793006,6.5576523433272
1256991,369560,2423462,2793022,6.5576956380560665
1257006,369560,2423481,2793041,6.557747050546596
1257050,369567,2423587,2793154,6.557909661847513
1257114,369568,2423652,2793220,6.558067798077755
1257203,369597,2423736,2793333,6.55778050146511
1257215,369600,2423752,2793352,6.557770562770563
1257330,369679,2423986,2793665,6.557002155924464
1257353,369688,2424051,2793739,6.557018350609162
1257373,369692,2424076,2793768,6.557015028726616
1257376,369692,2424085,2793777,6.557039373316166
1257773,369692,2424703,2794395,6.558711035131948
1257844,369713,2424741,2794454,6.558441277423299
1257929,369745,2424915,2794660,6.5583442642902545
1257932,369745,2424927,2794672,6.558376719090184
1258008,369745,2425075,2794820,6.558776994955983
1258015,369747,2425081,2794828,6.5587577451608805
1258041,369765,2425104,2794869,6.558500669344043
1258140,369767,2425395,2795162,6.559252177722728
1258187,369787,2425433,2795220,6.559000181185385
1258197,369787,2425449,2795236,6.559043449337051
1258443,369787,2425879,2795666,6.560206280913066
1258480,369803,2425945,2795748,6.5601009185971995
1258502,369805,2425952,2795757,6.5600843687889565
1258504,369805,2425952,2795757,6.5600843687889565
1258634,369806,2426337,2796143,6.5611077159375455
1258673,369820,2426368,2796188,6.560943161538045
1258683,369820,2426384,2796204,6.560986425828782
1258938,370036,2426868,2796904,6.558464581824471
1259122,370125,2427265,2797390,6.557960148598447
1259184,370133,2427373,2797506,6.55811019282258
1259379,370153,2427825,2797978,6.558976963579925
1259472,370206,2427961,2798167,6.558405320281141
1259482,370206,2427977,2798183,6.558448539461813
1259631,370233,2428033,2798266,6.558121507267045
1259696,370233,2428033,2798266,6.558121507267045
1259737,370253,2428100,2798353,6.55794821378895
1259882,370316,2428312,2798628,6.557405027057972
1259892,370325,2428335,2798660,6.55730777020185
1259941,370336,2428389,2798725,6.557258813617904
1260062,370392,2428569,2798961,6.556753385602281
1260092,370429,2428613,2799042,6.556217250809197
1260132,370436,2428631,2799067,6.556141951646168
1260208,370486,2428759,2799245,6.555602640855525
1260260,370511,2428828,2799339,6.555346534920691
1260295,370511,2428879,2799390,6.555484182655846
1260877,370858,2430063,2800921,6.5525430218574225
1260924,370870,2430083,2800953,6.552384932725753
1260946,370874,2430096,2800970,6.552349315400918
1260984,370874,2430144,2801018,6.55247873941015
1260998,370884,2430164,2801048,6.552355992709311
1261007,370889,2430178,2801067,6.5523054067389435
1261357,370903,2430564,2801467,6.553098788632068
1261383,370903,2430607,2801510,6.553214721908423
1261490,370934,2430788,2801722,6.553155008707749
1261577,370934,2430918,2801852,6.553505475367586
1261582,370938,2430923,2801861,6.553448285158167
1261602,370938,2430944,2801882,6.553504898392723
1261611,370940,2430947,2801887,6.55347765137219
1262054,370940,2431812,2802752,6.5558095648892
1262152,370941,2432101,2803042,6.556570991074052
1262175,370951,2432162,2803113,6.556558682952735
1262212,370962,2432232,2803194,6.556552962298025
1262250,370988,2432298,2803286,6.556271361876934
1262269,370996,2432321,2803317,6.5561919805065285
1262452,371054,2432605,2803659,6.55593255968134
1262558,371147,2432800,2803947,6.554815207990365
1262582,371149,2432830,2803979,6.554860716316089
1262585,371149,2432839,2803988,6.554884965337371
1262598,371149,2432852,2804001,6.554919991701446
1262632,371158,2432919,2804077,6.554941561275791
1262693,371158,2433037,2804195,6.555259485178818
1263304,371451,2434144,2805595,6.553068910838846
1263560,371665,2434803,2806468,6.551068838873717
1263577,371665,2434848,2806513,6.551189915649846
1263611,371666,2434887,2806553,6.551277222021923
1263618,371670,2434901,2806571,6.551244383458444
1263651,371677,2434949,2806626,6.551250144614813
1263742,371703,2435162,2806865,6.5513649338315805
1263780,371727,2435205,2806932,6.551057631003397
1263816,371743,2435242,2806985,6.550875201416032
1263837,371748,2435259,2807007,6.550832822234417
1263850,371753,2435269,2807022,6.550771614485963
1263885,371768,2435303,2807071,6.550598760517312
1263997,371795,2435484,2807279,6.550609879100041
1264003,371796,2435497,2807293,6.550627225682901
1264019,371796,2435523,2807319,6.55069715650518
1264060,371809,2435553,2807362,6.550548803283406
1264061,371809,2435555,2807364,6.550554182389345
1264096,371828,2435633,2807461,6.55042923071958
1264116,371835,2435656,2807491,6.55036777065096
1264322,371914,2436026,2807940,6.54997122990799
1264366,371928,2436099,2808027,6.549920952442408
1264427,371956,2436249,2808205,6.54983116282571
1264466,371975,2436286,2808261,6.549596075005041
1265528,371996,2438092,2810088,6.554081226679857
1265568,372021,2438156,2810177,6.553812822394435
1265850,372162,2438938,2811100,6.553431032722309
1265874,372172,2438994,2811166,6.5534054147007295
1266428,372352,2439504,2811856,6.551607081471296
1266451,372352,2439556,2811908,6.551746734272946
1266466,372355,2439577,2811932,6.55175034577218
1266503,372355,2439625,2811980,6.551879255012018
1266865,372361,2440650,2813011,6.554526387027643
1266874,372365,2440668,2813033,6.554504317000792
1266904,372374,2440711,2813085,6.554461374854313
1266915,372383,2440725,2813108,6.554340557973914
1268095,372383,2442912,2815295,6.560213543582817
1268112,372401,2442963,2815364,6.5600334048512225
1268336,372437,2443445,2815882,6.560693486415152
1268395,372475,2443547,2816022,6.560298006577622
1268415,372475,2443571,2816046,6.560362440432244
1268845,372637,2444149,2816786,6.559061499529032
1268870,372659,2444182,2816841,6.558762836802546
1268882,372664,2444200,2816864,6.558723139342678
1269014,372711,2444352,2817063,6.5583038869257955
1269376,372851,2444798,2817649,6.55703752973708
1269700,372851,2445365,2818216,6.558558244446173
1269724,372860,2445398,2818258,6.558488440701604
1269748,372860,2445428,2818288,6.558568899855174
1269794,372890,2445499,2818389,6.558231650084475
1269802,372890,2445514,2818404,6.558271876424683
1270009,372949,2445644,2818593,6.557582940294786
1270019,372958,2445671,2818629,6.55749709082524
1270050,372974,2445718,2818692,6.557341798624033
1270052,372974,2445718,2818692,6.557341798624033
1270097,372986,2445882,2818868,6.557570525435271
1270118,372991,2445890,2818881,6.557504068462778
1270134,372992,2445913,2818905,6.557548151166781
1270137,372992,2445928,2818920,6.55758836650652
1270206,373009,2445979,2818988,6.557426228321568
1270228,373009,2446014,2819023,6.557520059837699
1270369,373073,2446247,2819320,6.557019671753249
1270397,373082,2446287,2819369,6.556968709291791
1270929,373088,2446969,2820057,6.558691247105241
1270942,373094,2446980,2820074,6.558615255136775
1271050,373114,2447054,2820168,6.5584620250111225
1271074,373124,2447104,2820228,6.558420257072716
1271220,373124,2447303,2820427,6.558953591835422
1271222,373124,2447305,2820429,6.558958951983791
1271305,373138,2447541,2820679,6.559345336041893
1271313,373138,2447541,2820679,6.559345336041893
1271321,373138,2447541,2820679,6.559345336041893
1271462,373212,2447749,2820961,6.558602081390737
1271476,373212,2447758,2820970,6.558626196370963
1271491,373223,2447796,2821019,6.5585347098115605
1271506,373235,2447816,2821051,6.558377429769449
1271544,373249,2447884,2821133,6.558313619058591
1271735,373316,2448238,2821554,6.55808483965327
1271802,373355,2448389,2821744,6.557804234575672
1272007,373384,2448595,2821979,6.557846613673859
1273123,373495,2450321,2823816,6.560518882448226
1273152,373516,2450383,2823899,6.560316023945426
1273181,373522,2450447,2823969,6.560381985532311
1273238,373522,2450447,2823969,6.560381985532311
1273269,373544,2450495,2824039,6.560124108538753
1273300,373561,2450537,2824098,6.559938002093366
1273322,373563,2450544,2824107,6.559921619646485
1273333,373569,2450579,2824148,6.559909949701394
1273366,373578,2450632,2824210,6.559893783895197
1273376,373578,2450648,2824226,6.5599366129697145
1273403,373583,2450674,2824257,6.55991841170503
1273453,373590,2450712,2824302,6.559897213522846
1273519,373593,2450865,2824458,6.560254073282958
1273530,373603,2450887,2824490,6.560137365063985
1273604,373625,2450952,2824577,6.55992505854801
1273889,373773,2451369,2825142,6.558443226236245
1274049,373809,2451581,2825390,6.558378744224992
1274265,373809,2451943,2825752,6.5593471532253105
1274320,373826,2452031,2825857,6.559284265941908
1274387,373826,2452183,2826009,6.5596908722239755
1274522,373882,2452528,2826410,6.5596311135598935
1274679,373918,2452750,2826668,6.559593279810012
1274711,373947,2452813,2826760,6.559253049228902
1274786,373947,2452919,2826866,6.559536511858632
1274900,373980,2453216,2827196,6.559751858388149
1274944,373998,2453301,2827299,6.559663420660003
1275048,374027,2453386,2827413,6.559382076694998
1275052,374027,2453403,2827430,6.559427527959212
1275138,374100,2453535,2827635,6.558500400962309
1275140,374100,2453540,2827640,6.558513766372628
1275161,374115,2453574,2827689,6.5583416863798565
1275187,374117,2453589,2827706,6.558346720410994
1275212,374120,2453607,2827727,6.5583422431305465
1275278,374145,2453751,2827896,6.558288898689011
1275285,374145,2453756,2827901,6.558302262491814
1275329,374156,2453787,2827943,6.5581923048140345
1275347,374166,2453820,2827986,6.558105226022675
1275383,374180,2453883,2828063,6.558028221711476
1275648,374241,2454444,2828685,6.558458319638949
1275651,374241,2454453,2828694,6.5584823683134665
1275661,374244,2454486,2828730,6.5585179722320195
1275669,374245,2454494,2828739,6.558521823938864
1275879,374457,2454957,2829414,6.556045153382097
1275915,374472,2454997,2829469,6.5558893588839755
1275921,374478,2455022,2829500,6.555851078033957
1276231,374544,2455875,2830419,6.556973279507882
1276258,374544,2455913,2830457,6.557074736212567
1276328,374544,2456041,2830585,6.557416485112563
1276391,374557,2456096,2830653,6.557335732612126
1276415,374564,2456153,2830717,6.557365363462586
1276438,374570,2456181,2830751,6.557335077555597
1276444,374572,2456192,2830764,6.557329431991713
1276463,374596,2456232,2830828,6.557016092003118
1276619,374712,2456471,2831183,6.555624052605735
1276652,374723,2456540,2831263,6.5556157481659785
1276666,374723,2456566,2831289,6.5556851327513925
1276889,374723,2457044,2831767,6.5569607416678455
1276899,374727,2457062,2831789,6.556938784768645
1276927,374747,2457097,2831844,6.556682241619012
1277024,374747,2457166,2831913,6.556866365841488
1277079,374774,2457249,2832023,6.556615453580024
1277088,374780,2457254,2832034,6.556523827312023
1277127,374812,2457327,2832139,6.556158820955573
1277131,374812,2457336,2832148,6.556182832993607
1277142,374814,2457352,2832166,6.556190537173104
1277969,375047,2459482,2834529,6.557796756139897
1277989,375059,2459518,2834577,6.557682924553204
1278009,375086,2459611,2834697,6.557458822776643
1278039,375097,2459653,2834750,6.5573784914302164
1278132,375150,2459778,2834928,6.5567852858856455
1278147,375156,2459817,2834973,6.556784377698877
1278224,375156,2459973,2835129,6.557200204714839
1278277,375172,2460036,2835208,6.557088482082885
1278311,375188,2460105,2835293,6.556992760962504
1278322,375191,2460117,2835308,6.556972315434006
1278725,375301,2460555,2835856,6.556217542719044
1278770,375342,2460650,2835992,6.555754485242792
1278781,375342,2460662,2836004,6.555786456085383
1278852,375366,2460746,2836112,6.555591076442726
1278937,375366,2460903,2836269,6.556009334889148
1279025,375399,2461038,2836437,6.555792636634621
1279208,375444,2461359,2836803,6.555861859558283
1279229,375444,2461407,2836851,6.555989708185509
1279230,375444,2461413,2836857,6.556005689263912
1279314,375466,2461636,2837102,6.556215476234866
1279417,375472,2461644,2837116,6.556132015170239
1279555,375548,2461908,2837456,6.555508217325082
1279581,375564,2461940,2837504,6.555314140865471
1279606,375569,2461995,2837564,6.555373313558893
1279906,375569,2462217,2837786,6.5559644166584565
1279932,375588,2462263,2837851,6.55575524244651
1280144,375597,2463525,2839122,6.55895813864328
1280183,375633,2463622,2839255,6.558587770510045
1280266,375636,2463817,2839453,6.559054510217338
1280309,375667,2463943,2839610,6.558848661181313
1280367,375704,2464048,2839752,6.558482209398888
1280376,375709,2464052,2839761,6.558405574527094
1280387,375709,2464069,2839778,6.558450822311949
1280612,375793,2464610,2840403,6.558424451759346
1280616,375793,2464612,2840405,6.558429773838257
1280654,375800,2464657,2840457,6.558427354976051
1280850,375946,2465066,2841012,6.556968287998808
1280852,375947,2465067,2841014,6.556953506744302
1280965,375947,2465067,2841014,6.556953506744302
1281311,375988,2466165,2842153,6.5591588029405195
1281581,375990,2466958,2842948,6.561233011516264
1283045,375990,2469044,2845034,6.56678103141041
1283298,376069,2469345,2845414,6.566201946983133
1283310,376069,2469374,2845443,6.566279060491559
1283324,376077,2469420,2845497,6.566261696407916
1283336,376085,2469433,2845518,6.566156586941782
1283340,376086,2469436,2845522,6.566147104651596
1283344,376086,2469438,2845524,6.566152422584196
1283656,376091,2470298,2846389,6.568351808471886
1283794,376139,2470440,2846579,6.5678911253552545
1283994,376204,2470617,2846821,6.567226823744564
1284020,376212,2470641,2846853,6.567150968071194
1284028,376216,2470663,2846879,6.567139621919323
1284060,376228,2470725,2846953,6.567094953060378
1284091,376228,2470774,2847002,6.56722519323389
1284101,376235,2470781,2847016,6.567121612821774
1284153,376268,2470856,2847124,6.56674497964217
1284166,376274,2470873,2847147,6.566685447307016
1284186,376279,2470881,2847160,6.566619449929441
1284218,376294,2470985,2847279,6.566634068042541
1284243,376301,2471014,2847315,6.566588980629868
1284328,376354,2471191,2847545,6.566134543541453
1284387,376363,2471501,2847864,6.56680119990541
1284492,376404,2471772,2848176,6.566805878789811
1284497,376407,2471780,2848187,6.5667747943051005
1284693,376413,2472247,2848660,6.567910778851952
1284723,376437,2472285,2848722,6.567592983686513
1284803,376496,2472469,2848965,6.567052505205899
1284949,376534,2472657,2849191,6.566889045876335
1285075,376570,2472904,2849474,6.5669171734338905
1285095,376574,2472908,2849482,6.5668580411818125
1285698,376678,2473335,2850013,6.566178539760751
1285709,376678,2473345,2850023,6.566205087634532
1285724,376685,2473377,2850062,6.566168018370787
1286084,376720,2474259,2850979,6.567899235506477
1286089,376722,2474266,2850988,6.567882948168676
1286118,376722,2474306,2851028,6.567989127260951
1286134,376747,2474360,2851107,6.567696623994352
1286580,377035,2475141,2852176,6.564751283037384
1286595,377035,2475167,2852202,6.564820242152585
1286622,377038,2475180,2852218,6.564802486751998
1286762,377038,2475443,2852481,6.565500029174778
1287223,377038,2476647,2853685,6.568693341254727
1287246,377042,2476674,2853716,6.568695264718519
1287252,377043,2476691,2853734,6.568722930806301
1287426,377157,2477153,2854310,6.567962413530704
1287466,377157,2477232,2854389,6.5681718753728555
1287779,377157,2478018,2855175,6.570255888131467
1287798,377159,2478057,2855216,6.570324452021561
1287821,377170,2478083,2855253,6.570201765782008
1287878,377170,2478162,2855332,6.570411220404592
1287971,377208,2478443,2855651,6.5704942631121295
1288017,377217,2478467,2855684,6.570401121900657
1288027,377217,2478483,2855700,6.5704435378045
1288049,377218,2478548,2855766,6.570598433796903
1288075,377231,2478576,2855807,6.570446225257204
1288126,377266,2478657,2855923,6.570051369590686
1288155,377272,2478694,2855966,6.570044954303526
1288222,377297,2478850,2856147,6.570023085261743
1288250,377319,2478902,2856221,6.569777827249622
1289217,377907,2481086,2858993,6.565334857517855
1290437,377912,2482604,2860516,6.569264802387858
1290648,378013,2482948,2860961,6.568419604616772
1290648,378013,2482948,2860961,6.568419604616772
1290722,378016,2482969,2860985,6.568423029713028
1290738,378021,2483029,2861050,6.568494871978012
1290765,378021,2483079,2861100,6.568627139762077
1291334,378229,2483839,2862068,6.567024210200699
1293040,378229,2487296,2865525,6.5761641756713525
1293070,378246,2487325,2865571,6.575945284285888
1293178,378251,2487625,2865876,6.576651482745584
1293227,378263,2487658,2865921,6.57653008620986
1293287,378272,2487791,2866063,6.57672521360291
1293813,378417,2488169,2866586,6.575204073812752
1296335,379414,2493394,2872808,6.571697407054036
1296339,379420,2493397,2872817,6.571601391597702
1296358,379430,2493417,2872847,6.57148090556888
1296367,379432,2493432,2872864,6.57148579982711
1296478,379432,2493647,2873079,6.572052436273166
1296713,379550,2494410,2873960,6.572019496772493
1296723,379554,2494440,2873994,6.57202927646659
1296756,379569,2494475,2874044,6.5718617695333394
1296765,379569,2494487,2874056,6.571893384338552
1296826,379603,2494609,2874212,6.571626146263333
1297114,379603,2495176,2874779,6.573119812014131
1297137,379607,2495221,2874828,6.573169093299122
1297368,379611,2495726,2875337,6.574430140327862
1298149,379619,2496861,2876480,6.577281432172784
1298391,379797,2497419,2877216,6.575668054250033
1298445,379804,2497526,2877330,6.575828585270298
1298449,379805,2497553,2877358,6.575882360685088
1298606,379808,2497749,2877557,6.576346469795265
1298725,379917,2498142,2878059,6.5754941210843425
1298752,379917,2498229,2878146,6.575723118470614
1298755,379918,2498232,2878150,6.5757137066419595
1299020,379978,2498404,2878382,6.5751280337282685
1299036,379978,2498430,2878408,6.575196458742348
1299119,379985,2498646,2878631,6.575643775412187
1299162,379985,2498708,2878693,6.575806939747622
1299533,380276,2500043,2880319,6.574285518938876
1299569,380281,2500118,2880399,6.574396301682177
1299578,380283,2500138,2880421,6.574414317758091
1299904,380307,2500936,2881243,6.5760977315694955
1299937,380307,2500968,2881275,6.57618187411749
1299994,380322,2501090,2881412,6.5762432885817805
1300065,380338,2501253,2881591,6.576395206369072
1300102,380345,2501330,2881675,6.576476619910871
1300378,380497,2501835,2882332,6.575176676820054
1300399,380505,2501861,2882366,6.575106766008331
1300453,380505,2501930,2882435,6.575288103967097
1300496,380522,2502163,2882685,6.575606666631627
1300534,380533,2502177,2882710,6.5754533772366655
1300561,380542,2502231,2882773,6.575439767489528
1300599,380554,2502261,2882815,6.575311256746743
1300708,380611,2502411,2883022,6.57472064653938
1300813,380611,2502667,2883278,6.575393249275507
1300822,380616,2502675,2883291,6.575327889526452
1301446,380616,2503553,2884169,6.577634676419279
1301491,380624,2503590,2884214,6.577593635713986
1301544,380665,2503670,2884335,6.577095346301866
1301572,380665,2503718,2884383,6.577221441424875
1301656,380665,2503968,2884633,6.577878186857211
1301872,380783,2504267,2885050,6.57662500689369
1301906,380783,2504339,2885122,6.576814090965195
1301978,380796,2504404,2885200,6.576760260086766
1302129,380845,2504613,2885458,6.576462865470204
1302167,380859,2504648,2885507,6.576313018728716
1302262,380894,2504858,2885752,6.576260061854479
1302303,380917,2504949,2885866,6.576101880462148
1302368,380969,2505077,2886046,6.57554026705585
1302632,381093,2505447,2886540,6.57437161007943
1302650,381093,2505467,2886560,6.5744240907075175
1302673,381109,2505484,2886593,6.574192685032366
1302769,381109,2505583,2886692,6.574452453235164
1302819,381109,2505687,2886796,6.5747253410441635
1302896,381109,2505706,2886815,6.574775195547731
1303145,381109,2506042,2887151,6.575656833084498
1303156,381114,2506064,2887178,6.575628289698096
1303225,381133,2506099,2887232,6.575392317117647
1303358,381195,2506229,2887424,6.574663885937643
1303408,381195,2506398,2887593,6.5751072285837955
1303456,381203,2506480,2887683,6.575184350595352
1303821,381315,2506912,2888227,6.574386006320234
1303892,381315,2507039,2888354,6.5747190642906785
1303910,381321,2507075,2888396,6.574710021215721
1303999,381345,2507210,2888555,6.574650251084975
1304065,381367,2507323,2888690,6.574567280336264
1304082,381378,2507336,2888714,6.5744117384851775
1304192,381378,2507534,2888912,6.574930908442543
1304641,381378,2508075,2889453,6.576349448578576
1304723,381416,2508430,2889846,6.5766249973781905
1304760,381416,2508505,2889921,6.576821633072551
1304774,381424,2508547,2889971,6.576793804270314
1304798,381424,2508607,2890031,6.576951109526406
1304842,381441,2508734,2890175,6.576990936999431
1304860,381441,2508764,2890205,6.5770695861221
1305042,381476,2508911,2890387,6.576851492623389
1305060,381494,2508955,2890449,6.576656513601787
1305080,381500,2508982,2890482,6.576623853211009
1305096,381505,2508989,2890494,6.576556008440257
1305149,381505,2509067,2890572,6.576760461855022
1305177,381514,2509104,2890618,6.57670229663918
1305684,381855,2509894,2891749,6.57289808958898
1305692,381855,2509894,2891749,6.57289808958898
1305737,381867,2509940,2891807,6.572811999989526
1306231,381867,2511021,2892888,6.575642828524067
1306457,381969,2511253,2893222,6.57449426524142
1306466,381971,2511267,2893238,6.574496493189273
1306754,381971,2511867,2893838,6.576067293066751
1306786,381983,2511935,2893918,6.576038724236419
1306797,381990,2511955,2893945,6.575970575145946
1306817,382000,2511979,2893979,6.575861256544503
1306880,382029,2512142,2894171,6.5757887490216715
1306939,382050,2512229,2894279,6.5756550189765735
1306966,382060,2512243,2894303,6.575519551902842
1307091,382062,2512612,2894674,6.576450942517183
1307253,382062,2513114,2895176,6.57776486538834
1307260,382064,2513135,2895199,6.577785397210938
1307398,382079,2513412,2895491,6.578252141572816
1307428,382103,2513448,2895551,6.577933175086299
1307735,382267,2514031,2896298,6.576636225465447
1307769,382281,2514120,2896401,6.576628187118899
1307962,382281,2514564,2896845,6.577789636419284
1308059,382281,2514633,2896914,6.577970131918667
1308212,382298,2514938,2897236,6.578475430161811
1308260,382298,2515050,2897348,6.578768395335576
1308296,382310,2515114,2897424,6.578729303444849
1308315,382310,2515161,2897471,6.578852240328529
1308340,382333,2515208,2897541,6.5785794059105545
1308393,382360,2515355,2897715,6.578499320012553
1308432,382373,2515422,2897795,6.578450884345914
1308439,382378,2515443,2897821,6.5784197835649545
1308517,382378,2515571,2897949,6.578754530856901
1308640,382428,2515780,2898208,6.578440909138452
1308681,382435,2515868,2898303,6.578550603370507
1308682,382435,2515870,2898305,6.578555833017376
1308717,382443,2515918,2898361,6.578543730699738
1308744,382448,2515926,2898374,6.578478642848178
1308843,382527,2516219,2898746,6.577886005432296
1309609,382527,2517114,2899641,6.580225709557757
1309644,382558,2517190,2899748,6.579891153759691
1309657,382564,2517235,2899799,6.57990558442509
1309791,382667,2517761,2900428,6.579509077082686
1309828,382679,2517856,2900535,6.5795510075023715
1309855,382697,2517928,2900625,6.579429679354686
1309862,382699,2517932,2900631,6.579405747075378
1309920,382716,2518042,2900758,6.579400913471086
1310038,382720,2518232,2900952,6.579828595317726
1310204,382779,2518407,2901186,6.579271590134255
1310222,382792,2518426,2901218,6.579097786787603
1310341,382852,2518717,2901569,6.578826805136188
1310359,382852,2518737,2901589,6.578879044643883
1310371,382862,2518756,2901618,6.578756836666997
1310417,382881,2518814,2901695,6.578581857026073
1310556,382909,2518942,2901851,6.5784350850985485
1310587,382920,2518986,2901906,6.5783610153556875
1310776,382950,2519230,2902180,6.5784828306567436
1310818,382961,2519309,2902270,6.578500160590765
1310887,382998,2519417,2902415,6.578146622175573
1311378,383068,2519841,2902909,6.578051416458696
1311444,383102,2519953,2903055,6.577759969929679
1311491,383108,2520292,2903400,6.578541821105276
1311531,383120,2520352,2903472,6.578492378367091
1311587,383131,2520439,2903570,6.578530580924018
1311612,383142,2520474,2903616,6.578433061371502
1311622,383142,2520503,2903645,6.578508751324574
1311655,383147,2520532,2903679,6.578498591924248
1311679,383163,2520595,2903758,6.57838830993598
1311687,383163,2520614,2903777,6.578437897187359
1311703,383169,2520648,2903817,6.578423619864864
1311784,383233,2520805,2904038,6.577734694037309
1312609,383468,2522118,2905586,6.577127687316803
1312611,383468,2522123,2905591,6.577140726214443
1312753,383618,2522417,2906035,6.575335359654656
1312916,383627,2523349,2906976,6.577610543574878
1313240,383755,2523823,2907578,6.576651770009511
1313393,383755,2523977,2907732,6.577053067712473
1313497,383804,2524133,2907937,6.576619837208575
1313612,383911,2524361,2908272,6.57538075230978
1313690,383911,2524613,2908524,6.57603715444465
1313796,383938,2524802,2908740,6.57606696914606
1313804,383941,2524812,2908753,6.576041631396491
1313814,383941,2524828,2908769,6.576083304466051
1313845,383956,2524883,2908839,6.5759696423548535
1313854,383958,2524905,2908863,6.575992686700108
1313942,383994,2525027,2909021,6.575693891050381
1313985,384014,2525102,2909116,6.57554672485899
1314271,384184,2526260,2910444,6.575651250442497
1314497,384293,2526848,2911141,6.57531623006404
1314584,384322,2526984,2911306,6.575173942683479
1314713,384379,2527234,2911613,6.574849302381243
1314722,384382,2527267,2911649,6.574883839513817
1314830,384385,2527517,2911902,6.5754829142656455
1314850,384385,2527558,2911943,6.575589578157317
1315050,384461,2527922,2912383,6.575236499931072
1315753,384647,2528577,2913224,6.573759836941403
1315843,384672,2528619,2913291,6.573441789368605
1315876,384697,2528661,2913358,6.573123783133219
1315881,384697,2528661,2913358,6.573123783133219
1315940,384715,2528714,2913429,6.572954004912727
1315949,384717,2528729,2913446,6.572958824278626
1315967,384717,2528793,2913510,6.573125180327358
1316391,384827,2529067,2913894,6.571958308538642
1316449,384853,2529151,2914004,6.571732583609846
1316488,384878,2529201,2914079,6.571435623756099
1316519,384893,2529283,2914176,6.571392568843809
1316552,384898,2529287,2914185,6.571317595830584
1316601,384921,2529360,2914281,6.571114592344923
1317618,385484,2531220,2916704,6.56634257193554
1317687,385520,2531327,2916847,6.56600695164972
1340841,385522,2600783,2986305,6.7461338133751125
1340911,385549,2600929,2986478,6.7460400623526455
1341026,385559,2601222,2986781,6.746625030151027
1341080,385559,2601341,2986900,6.746933672926842
1341101,385559,2601371,2986930,6.747011482029988
1341375,385569,2601745,2987314,6.747806488592184
1341406,385569,2601807,2987376,6.7479672899014185
1341447,385590,2601941,2987531,6.747947301537903
1341473,385605,2601990,2987595,6.747811880032676
1341555,385624,2602054,2987678,6.747645374769205
1341714,385631,2602315,2987946,6.748199703861982
1341808,385678,2602374,2988052,6.747530323223
1341823,385681,2602394,2988075,6.7475296942291685
1341831,385682,2602407,2988089,6.747545905694328
1341836,385682,2602429,2988111,6.7476029475059764
1341879,385709,2602508,2988217,6.747335426448436
1341888,385713,2602526,2988239,6.747312120670032
1341930,385727,2602585,2988312,6.747220184223557
1341957,385742,2602631,2988373,6.747077061870369
1342050,385807,2602821,2988628,6.7464328018931745
1342085,385807,2602854,2988661,6.746518336888651
1342121,385827,2602924,2988751,6.7463500480785425
1342200,385879,2603137,2989016,6.745992914877462
1342304,385919,2603253,2989172,6.745594282738088
1342584,386010,2603463,2989473,6.744548068702883
1342758,386010,2603684,2989694,6.745120592730759
1342782,386031,2603724,2989755,6.744857278301484
1343218,386137,2604622,2990759,6.745331320230902
1343226,386141,2604627,2990768,6.745274394586433
1343259,386150,2604661,2990811,6.7452052311278
1343286,386169,2604713,2990882,6.7450080146257205
1343299,386169,2604740,2990909,6.745077932200669
1343319,386170,2604754,2990924,6.745096719061554
1343357,386196,2604827,2991023,6.744831639892697
1343468,386224,2604942,2991166,6.7446404159244375
1343475,386224,2604952,2991176,6.744666307634947
1343617,386303,2605381,2991684,6.744397532506866
1343630,386311,2605406,2991717,6.744322579476122
1343811,386328,2605524,2991852,6.744331241846306
1343902,386399,2605834,2992233,6.74389426473671
1343939,386420,2605890,2992310,6.743672687749081
1343999,386420,2605982,2992402,6.743910770664044
1344039,386423,2606051,2992474,6.744036975024779
1344057,386432,2606068,2992500,6.743923898641935
1344121,386438,2606142,2992580,6.7440106821792885
1344173,386465,2606245,2992710,6.743806036769177
1344195,386483,2606306,2992789,6.74364978537219
1344267,386511,2606438,2992949,6.743502772236754
1344298,386521,2606475,2992996,6.743424031294548
1344390,386559,2606597,2993156,6.743076736022186
1344391,386559,2606599,2993158,6.743081909876629
1344699,386563,2607317,2993880,6.744869529675628
1344795,386636,2607505,2994141,6.7440822892850125
1345336,386660,2607954,2994614,6.744824910774324
1345438,386698,2608073,2994771,6.744469844685
1345475,386721,2608118,2994839,6.744185084337287
1345493,386724,2608136,2994860,6.7441793113434905
1345558,386736,2608184,2994920,6.744094162426047
1345595,386748,2608264,2995012,6.744091760009102
1345633,386755,2608282,2995037,6.744016237669842
1345690,386777,2608371,2995148,6.7438627426139615
1345757,386809,2608452,2995261,6.743514240878573
1345814,386834,2608519,2995353,6.743251627313008
1345827,386834,2608533,2995367,6.743287818547491
1345855,386859,2608568,2995427,6.74294251910903
1345976,386890,2608649,2995539,6.74261159502701
1346484,386906,2609535,2996441,6.744622724899588
1346499,386916,2609569,2996485,6.744536281776923
1346592,386962,2609700,2996662,6.7440730614375575
1346648,386986,2609760,2996746,6.743809853586435
1346700,386986,2609887,2996873,6.744138030833157
1346725,386997,2609932,2996929,6.744062615472472
1346881,387046,2610263,2997309,6.7440640130630465
1346942,387089,2610354,2997443,6.7435499329611535
1346964,387089,2610369,2997458,6.743588683739398
1347010,387120,2610430,2997550,6.743206240958876
1347176,387282,2610868,2998150,6.7415165176796235
1347295,387313,2611255,2998568,6.741976127834594
1347609,387492,2611853,2999345,6.74040496319924
1347694,387499,2612008,2999507,6.740683201763101
1347739,387500,2612178,2999678,6.741104516129032
1347826,387507,2612402,2999909,6.741560797611398
1348013,387516,2613480,3000996,6.744186046511628
1348591,387516,2614362,3001878,6.746462081565665
1349043,387548,2615690,3003238,6.7493316956867275
1349061,387560,2615744,3003304,6.749262049747136
1349119,387565,2615833,3003398,6.749404615999897
1349161,387588,2615928,3003516,6.749249202761695
1349220,387588,2615928,3003516,6.749249202761695
1349493,387654,2616065,3003719,6.748453517827754
1349598,387654,2616411,3004065,6.749346066337507
1349665,387672,2616520,3004192,6.749313852947853
1349732,387687,2616652,3004339,6.749393196057644
1349751,387698,2616672,3004370,6.7492532847732
1349786,387698,2616700,3004398,6.749325505935032
1349787,387698,2616702,3004400,6.749330664589449
1349908,387698,2616916,3004614,6.7498826406120225
1349939,387714,2616946,3004660,6.749681466235421
1350069,387714,2617185,3004899,6.750297899998452
1350115,387714,2617304,3005018,6.750604827269585
1350169,387726,2617355,3005081,6.750527434322176
1350214,387756,2617414,3005170,6.750157315425164
1350302,387769,2617495,3005264,6.750139902880323
1350342,387784,2617586,3005370,6.750113465228065
1350393,387803,2617716,3005519,6.750117972269425
1350478,387821,2617760,3005581,6.749918132334247
1350517,387829,2617829,3005658,6.749956810862519
1350539,387844,2617955,3005799,6.75002062684997
1350560,387857,2617988,3005845,6.7498794658856225
1350561,387857,2617990,3005847,6.7498846224252755
1350589,387865,2618044,3005909,6.749884624805023
1350988,388181,2618982,3007163,6.746806257905462
1351032,388197,2619080,3007277,6.74678062942269
1351057,388209,2619114,3007323,6.746659660131527
1351078,388219,2619171,3007390,6.746632699584513
1351083,388221,2619178,3007399,6.74661597389116
1351129,388256,2619247,3007503,6.746185506469958
1351181,388271,2619321,3007592,6.746115470895329
1351187,388278,2619328,3007606,6.74601187808735
1351192,388283,2619336,3007619,6.745945611834667
1351207,388295,2619352,3007647,6.7457783386342856
1351370,388362,2619679,3008041,6.745456558571642
1351374,388362,2619681,3008043,6.745461708406075
1351454,388394,2619915,3008309,6.745508427009686
1351503,388417,2619982,3008399,6.745281488709299
1351698,388476,2620104,3008580,6.7445710931949465
1353217,388476,2624177,3012653,6.755055653373696
1353258,388476,2624200,3012676,6.755114859090394
1353353,388476,2624303,3012779,6.755379997734738
1353481,388533,2624541,3013074,6.7550015056636115
1353674,388631,2624843,3013474,6.75407520244139
1353716,388631,2624892,3013523,6.754201286052837
1353834,388631,2625069,3013700,6.754656730935
1354337,388631,2626801,3015432,6.7591134006293885
1354348,388636,2626809,3015445,6.759047026008913
1354590,388636,2627295,3015931,6.760297553494787
1354594,388639,2627303,3015942,6.760265953751425
1354650,388650,2627369,3016019,6.760244435867747
1354696,388671,2627450,3016121,6.7600875804986735
1354909,388794,2628180,3016974,6.759826540533033
1355468,388794,2629763,3018557,6.763898105423437
1355691,388905,2630025,3018930,6.76264126200486
1355928,388905,2630387,3019292,6.763572080585233
1356506,388905,2631269,3020174,6.765839986629126
1357014,389083,2631704,3020787,6.763862723377788
1357063,389091,2631739,3020830,6.763813606585606
1357071,389095,2631760,3020855,6.763798044179442
1357113,389109,2631819,3020928,6.763706313655042
1357127,389116,2631891,3021007,6.763769672796801
1357251,389151,2632213,3021364,6.763988785844055
1357258,389154,2632224,3021378,6.76396490849381
1357657,389429,2632996,3022425,6.761170842438545
1357749,389494,2633138,3022632,6.7604070922787
1357852,389575,2633428,3023003,6.759745876917154
1357880,389589,2633467,3023056,6.759603068875148
1357909,389595,2633502,3023097,6.759588803757748
1357930,389603,2633521,3023124,6.759498771826705
1357969,389626,2633600,3023226,6.759302510612741
1357994,389633,2633618,3023251,6.759227272843932
1358019,389640,2633668,3023308,6.759234164870136
1358056,389640,2633693,3023333,6.759298326660507
1358065,389641,2633710,3023351,6.759324609063214
1358195,389642,2634095,3023737,6.760295348037429
1358231,389655,2634201,3023856,6.760341840859222
1358251,389662,2634221,3023883,6.76027172267247
1358514,389766,2634662,3024428,6.759599349353202
1359076,389916,2634975,3024891,6.757801680361924
1359172,389916,2635186,3025102,6.758342822556653
1359544,390036,2635752,3025788,6.75771467249177
1359645,390063,2635999,3026062,6.757880137311152
1359834,390067,2636418,3026485,6.758885012062031
1359914,390067,2636540,3026607,6.759197778843122
1359944,390085,2636635,3026720,6.759129420510915
1359957,390091,2636647,3026738,6.7590562202152835
1360024,390119,2636752,3026871,6.758840251307935
1360027,390119,2636761,3026880,6.758863321191739
1360169,390220,2637070,3027290,6.75790579673005
1360228,390245,2637199,3027444,6.75780343117785
1360244,390245,2637225,3027470,6.757870055990468
1360301,390293,2637354,3027647,6.7573694634543795
1360316,390299,2637378,3027677,6.757327074883615
1360351,390312,2637404,3027716,6.757168624075099
1360383,390321,2637455,3027776,6.757143479341362
1360397,390332,2637475,3027807,6.757004293780679
1360483,390390,2637649,3028039,6.75644611798458
1360496,390397,2637669,3028066,6.756376201661386
1361488,390749,2639144,3029893,6.75406462972394
1361748,390798,2639591,3030389,6.754361588339756
1361785,390810,2639640,3030450,6.754279573194135
1362330,391102,2641084,3032186,6.75292890345741
1362395,391102,2641084,3032186,6.75292890345741
1362410,391102,2641112,3032214,6.753000496034282
1362420,391103,2641129,3032232,6.753026696292281
1362440,391103,2641150,3032253,6.7530803905876455
1362644,391103,2641834,3032937,6.7548292904938085
1362654,391116,2641844,3032960,6.754630339848025
1362747,391116,2641996,3033112,6.755018971353767
1362777,391126,2642039,3033165,6.754956203371804
1362800,391134,2642060,3033194,6.754871731938415
1362858,391140,2642086,3033226,6.75483458608171
1362931,391140,2642086,3033226,6.75483458608171
1362976,391161,2642151,3033312,6.754638115763075
1362983,391169,2642157,3033326,6.7545153117961805
1363412,391263,2642398,3033661,6.753508509621406
1363608,391410,2642710,3034120,6.7517692445262005
1363617,391412,2642733,3034145,6.75179350658641
1363627,391412,2642749,3034161,6.751834384229405
1363746,391412,2643019,3034431,6.7525241944549474
1363777,391412,2643089,3034501,6.752703034143051
1363780,391417,2643099,3034516,6.752642322638005
1363800,391421,2643108,3034529,6.7525963093446695
1363877,391424,2643175,3034599,6.752715725147155
1364058,391424,2643364,3034788,6.753198577501635
1364078,391427,2643414,3034841,6.753274556941652
1364094,391427,2643440,3034867,6.75334098056598
1364110,391427,2643478,3034905,6.753438061247691
1364155,391456,2643548,3035004,6.753116569933786
1364197,391456,2643612,3035068,6.7532800621270335
1364241,391460,2643707,3035167,6.753453737291166
1364295,391476,2643775,3035251,6.753351418733205
1364386,391507,2643876,3035383,6.753074657668956
1364391,391509,2643902,3035411,6.753106569708487
1364535,391535,2644153,3035688,6.753299194197198
1364776,391544,2644650,3036194,6.754413297100709
1364785,391547,2644665,3036212,6.754399854934401
1364816,391557,2644699,3036256,6.754314186695679
1364960,391557,2644874,3036431,6.75476112034774
1365015,391576,2644946,3036522,6.754617239054488
1365080,391624,2645059,3036683,6.754077891038343
1365096,391630,2645084,3036714,6.7540382503893985
1365128,391654,2645129,3036783,6.753739269865749
1365222,391677,2645256,3036933,6.753666924532204
1365231,391683,2645271,3036954,6.753601764692366
1365261,391698,2645345,3037043,6.753532057860903
1365288,391729,2645400,3037129,6.75313801122715
1365321,391746,2645445,3037191,6.75295982600971
1365354,391754,2645512,3037266,6.752992949657183
1365390,391754,2645584,3037338,6.753176738463424
1365485,391777,2645733,3037510,6.753160599014235
1365509,391783,2645761,3037544,6.753128645193896
1365514,391784,2645765,3037549,6.753121618034427
1365793,391881,2646203,3038084,6.752567743779362
1365855,391891,2646248,3038139,6.752510264333705
1366506,392116,2646930,3039046,6.7503748890634405
1366624,392198,2647163,3039361,6.749557621405515
1366820,392198,2647491,3039689,6.750393933676357
1366899,392240,2647615,3039855,6.749987252702427
1367105,392240,2648284,3040524,6.751692841117683
1367183,392251,2648394,3040645,6.751783934266579
1367411,392363,2648745,3041108,6.750751217622457
1367472,392408,2648868,3041276,6.750290513954863
1367503,392408,2648899,3041307,6.750369513363642
1367709,392509,2649608,3042117,6.7504388434405325
1367750,392529,2649699,3042228,6.750326727451984
1367816,392540,2649791,3042331,6.750371936617924
1367910,392585,2649943,3042528,6.749985353490327
1367939,392585,2650015,3042600,6.750168753263624
1368677,392590,2650843,3043433,6.752191854097149
1368689,392601,2650863,3043464,6.752053611682089
1368710,392604,2650871,3043475,6.752022394066286
1368746,392618,2650896,3043514,6.751845305105726
1368867,392677,2651068,3043745,6.751268854554762
1368876,392679,2651092,3043771,6.751295587490036
1368910,392684,2651125,3043809,6.751293661060802
1368914,392691,2651133,3043824,6.751193686639113
1368978,392713,2651196,3043909,6.75097590352242
1369006,392730,2651243,3043973,6.750803350902656
1369009,392730,2651252,3043982,6.75082626741018
1369072,392758,2651350,3044108,6.750594513669995
1369084,392765,2651364,3044129,6.75050984685499
1369213,392766,2651746,3044512,6.7514652490286835
1369216,392766,2651753,3044519,6.751483071345279
1369426,392837,2651967,3044804,6.750807586861726
1369520,392880,2652096,3044976,6.750397067806964
1369559,392909,2652199,3045108,6.750160978750805
1369604,392955,2652302,3045257,6.749632909620694
1369711,393020,2652444,3045464,6.748877919698743
1369773,393031,2652553,3045584,6.748966366520707
1369780,393033,2652579,3045612,6.748998175725703
1369827,393045,2652679,3045724,6.74904654683306
1369849,393047,2652686,3045733,6.7490300142222175
1369913,393065,2652788,3045853,6.748980448526325
1369948,393080,2652858,3045938,6.748900987076422
1369977,393093,2652895,3045988,6.748771919113289
1369997,393093,2652916,3046009,6.7488253415858335
1370063,393093,2653011,3046104,6.749067014675917
1370090,393093,2653040,3046133,6.7491407885665735
1370364,393148,2653287,3046435,6.748824870023503
1370945,393434,2654167,3047601,6.746155644911218
1370973,393445,2654186,3047631,6.746015326157404
1371032,393466,2654297,3047763,6.745937387220243
1371097,393466,2654487,3047953,6.746420275195315
1371123,393480,2654517,3047997,6.74625648063434
1371298,393528,2654953,3048481,6.74654154215202
1371305,393531,2654959,3048490,6.746505357900649
1371325,393535,2654997,3048532,6.7465333451916605
1371416,393538,2655094,3048632,6.746728397257698
1371434,393544,2655127,3048671,6.746709389547293
1371480,393563,2655237,3048800,6.746663177178749
1372554,393918,2656185,3050103,6.742989657746028
1372600,393918,2656274,3050192,6.7432155930929785
1372623,393920,2656281,3050201,6.743199126726239
1372677,393921,2656425,3050346,6.743547564105493
1372689,393922,2656444,3050366,6.7435786780123985
1372732,393955,2656541,3050496,6.743260017007018
1372785,393978,2656660,3050638,6.743168400266005
1372792,393978,2656660,3050638,6.743168400266005
1372884,394044,2656834,3050878,6.742480535168661
1372934,394057,2656923,3050980,6.742483955366863
1372945,394069,2656943,3051012,6.742329389015629
1372959,394069,2656997,3051066,6.742466420855231
1372980,394074,2657013,3051087,6.742421474139375
1373109,394141,2657229,3051370,6.741823357630898
1373216,394183,2657354,3051537,6.741422131345086
1373287,394210,2657559,3051769,6.7414804292128565
1373292,394216,2657572,3051788,6.741410800170465
1373311,394222,2657608,3051830,6.741399516008746
1373502,394302,2658054,3052356,6.741162865012098
1373552,394330,2658138,3052468,6.740897218066086
1373587,394330,2658172,3052502,6.740983440265767
1373631,394347,2658248,3052595,6.740885565250909
1373737,394364,2658377,3052741,6.740922092280228
1374465,394364,2659999,3054363,6.745035043766673
1375077,394364,2660738,3055102,6.746908947064133
1375093,394369,2660768,3055137,6.746899477393
1375122,394376,2660821,3055197,6.746914112420634
1375157,394390,2660874,3055264,6.7468089961713025
1375176,394403,2660906,3055309,6.746667748470473
1375181,394408,2660921,3055329,6.746620251110525
1375214,394408,2660996,3055404,6.746810409525162
1375355,394503,2661169,3055672,6.745624241133781
1375372,394509,2661180,3055689,6.745549531189402
1375388,394512,2661214,3055726,6.74558441821795
1375567,394539,2661436,3055975,6.7456854708913445
1375988,394714,2662290,3057004,6.744858302467103
1376250,394853,2663154,3058007,6.744672067832839
1376264,394859,2663169,3058028,6.744607568777716
1376337,394894,2663247,3058141,6.744207306264466
1376382,394899,2663351,3058250,6.744385273196437
1376649,395047,2664328,3059375,6.74433168711571
1376677,395049,2664391,3059440,6.744457016724508
1376853,395161,2664782,3059943,6.743534913617488
1376921,395192,2664885,3060077,6.743266564100488
1376937,395204,2664919,3060123,6.743147842633172
1376981,395224,2665018,3060242,6.743057101795437
1377071,395231,2665146,3060377,6.743261535658893
1377080,395233,2665162,3060395,6.743267895140335
1377110,395238,2665187,3060425,6.743245841745986
1377122,395238,2665208,3060446,6.743298974288909
1378435,395238,2668510,3063748,6.751653434133358
1378524,395240,2668771,3064011,6.75227962756806
1378533,395241,2668788,3064029,6.752305555344714
1378556,395256,2668809,3064065,6.752102434877649
1378665,395295,2668878,3064173,6.7516108222972715
1378985,395472,2669360,3064832,6.749807824574179
1379020,395481,2669405,3064886,6.749768004025478
1379040,395487,2669410,3064897,6.749678244796922
1379081,395499,2669478,3064977,6.749645384691238
1379112,395524,2669558,3065082,6.749421021227536
1379142,395537,2669587,3065124,6.7492725080081
1379145,395541,2669600,3065141,6.749237120804165
1379156,395541,2669616,3065157,6.74927757173087
1379216,395578,2669691,3065269,6.748835880660704
1379339,395619,2669780,3065399,6.7483614285461515
1379532,395731,2670207,3065938,6.747530519469033
1379757,395790,2670791,3066581,6.748000202127391
1379782,395812,2670817,3066629,6.74769082291593
1380131,395927,2671188,3067115,6.74666794636385
1380139,395932,2671195,3067127,6.746600426335835
1380169,395945,2671229,3067174,6.746464786775941
1382459,395970,2674568,3070538,6.754471298330682
1382466,395970,2674568,3070538,6.754471298330682
1382467,395970,2674570,3070540,6.7544763492183755
1382487,395981,2674611,3070592,6.7543922561941105
1382520,395981,2674675,3070656,6.754553880110409
1382628,396005,2674747,3070752,6.754326334263456
1382981,396005,2675046,3071051,6.755081375235161
1383050,396005,2675130,3071135,6.755293493769018
1383262,396156,2675699,3071855,6.754154928866406
1383264,396156,2675709,3071865,6.7541801714476115
1383273,396158,2675725,3071883,6.754186460957497
1383308,396165,2675805,3071970,6.7542690545605995
1383369,396165,2675847,3072012,6.754375070993147
1383375,396165,2675863,3072028,6.754415458205545
1383390,396173,2675898,3072071,6.7543674101970606
1383411,396173,2675928,3072101,6.754443134691158
1383420,396175,2675953,3072128,6.754472139837193
1383511,396175,2675980,3072155,6.754540291537831
1384158,396286,2677324,3073610,6.756039829819877
1384340,396286,2677598,3073884,6.756731249653028
1384411,396314,2677774,3074088,6.756697971810231
1384441,396314,2677804,3074118,6.756773669363182
1384472,396335,2677875,3074210,6.7565947998536595
1384512,396335,2677975,3074310,6.756847111660591
1384578,396379,2678071,3074450,6.756339261161666
1384648,396402,2678124,3074526,6.756080948128415
1384658,396409,2678137,3074546,6.755994440085871
1384681,396421,2678212,3074633,6.755979123204876
1384697,396431,2678231,3074662,6.755856630788208
1384706,396435,2678234,3074669,6.755796032136415
1384737,396437,2678292,3074729,6.755908252761473
1384776,396441,2678372,3074813,6.756041882650886
1384807,396460,2678423,3074883,6.755846743681582
1384833,396483,2678457,3074940,6.75554059064323
1385022,396545,2678815,3075360,6.7553871565648285
1385033,396550,2678832,3075382,6.755344849325432
1385039,396555,2678839,3075394,6.7552773259699155
1385252,396678,2679509,3076187,6.754871709547794
1385269,396678,2679554,3076232,6.754985151684742
1385319,396708,2679623,3076331,6.7546482551398
1385386,396756,2679785,3076541,6.754239381383016
1385522,396839,2679910,3076749,6.753141702302445
1385549,396857,2679944,3076801,6.752921077365398
1385648,396869,2679982,3076851,6.752812640947012
1385654,396874,2679989,3076863,6.752745203767443
1385698,396877,2680105,3076982,6.752986441643129
1385727,396893,2680174,3077067,6.7528880579904405
1385820,396949,2680383,3077332,6.7524619031664015
1385971,396949,2680632,3077581,6.75308918777979
1386222,397053,2681284,3078337,6.752962450856686
1386265,397053,2681330,3078383,6.753078304407724
1386282,397053,2681330,3078383,6.753078304407724
1386314,397058,2681359,3078417,6.753066302656035
1386382,397069,2681453,3078522,6.753115957176209
1386416,397075,2681524,3078599,6.753192721778001
1386454,397075,2681553,3078628,6.753265755839577
1386488,397101,2681619,3078720,6.752989793528599
1386560,397101,2681806,3078907,6.753460706470142
1386729,397147,2682128,3079275,6.753489262162373
1386768,397163,2682178,3079341,6.753343085836294
1386817,397168,2682279,3079447,6.753512367562341
1386975,397236,2682436,3079672,6.752751512954516
1387047,397245,2682564,3079809,6.752920741607824
1387092,397246,2682700,3079946,6.75324609939433
1387120,397254,2682779,3080033,6.7533089660519465
1387221,397291,2683039,3080330,6.7533344576141925
1387243,397291,2683099,3080390,6.753485480416118
1387383,397291,2683419,3080710,6.754290935359724
1387570,397370,2683687,3081057,6.753622568387145
1387585,397384,2683727,3081111,6.753485293821593
1387648,397410,2683832,3081242,6.753307667144762
1387859,397520,2684255,3081775,6.752503018716039
1387896,397545,2684284,3081829,6.75215132878039
1388193,397599,2684946,3082545,6.752899277915689
1388206,397602,2684966,3082568,6.752898627270486
1388230,397607,2684977,3082584,6.752841373517066
1388246,397607,2685006,3082613,6.752914309858729
1388252,397614,2685026,3082640,6.752845724748123
1388814,397983,2686099,3084082,6.74928074817266
1388818,397989,2686113,3084102,6.749214174261097
1388825,397995,2686129,3084124,6.749152627545572
1388860,397999,2686189,3084188,6.749235550843093
1389002,397999,2686380,3084379,6.74971545154636
1389021,397999,2686405,3084404,6.7497782657745375
1389029,397999,2686424,3084423,6.749826004587951
1389073,398012,2686554,3084566,6.749932162849361
1389092,398012,2686584,3084596,6.750007537461182
1389162,398041,2686664,3084705,6.7497167377229985
1389202,398061,2686771,3084832,6.749646410977212
1389276,398084,2686946,3085030,6.749696044051004
1389336,398084,2687056,3085140,6.749972367641
1389353,398084,2687101,3085185,6.750085409109635
1389368,398084,2687108,3085192,6.750102993338089
1389464,398084,2687257,3085341,6.750477286200902
1389600,398084,2687699,3085783,6.75158760462616
1389627,398088,2687745,3085833,6.751635316814372
1389880,398175,2688175,3086350,6.751240032648961
1390000,398199,2688309,3086508,6.751169641309998
1390004,398199,2688318,3086517,6.751192243074443
1390030,398218,2688351,3086569,6.7509529955953775
1390063,398223,2688367,3086590,6.750908410614153
1390202,398324,2688620,3086944,6.74983179522198
1390362,398440,2688993,3087433,6.74880283104106
1390418,398440,2689037,3087477,6.748913261720711
1390600,398568,2689499,3088067,6.7479049998996405
1390674,398609,2689585,3088194,6.747426676266717
1390825,398653,2689710,3088363,6.746995507371072
1390847,398653,2689734,3088387,6.7470557101037745
1390879,398663,2689791,3088454,6.747029445922998
1390905,398678,2689860,3088538,6.746948665338945
1390970,398697,2689943,3088640,6.746835316042007
1391022,398748,2690099,3088847,6.746363618124731
1391067,398748,2690236,3088984,6.746707193515705
1391197,398749,2690621,3089370,6.747655793494153
1391405,398872,2690985,3089857,6.746487595017951
1391427,398874,2690992,3089866,6.74647131675667
1391535,398874,2691185,3090059,6.746955178828402
1391693,398917,2691365,3090282,6.746679133754641
1391718,398937,2691422,3090359,6.746483780647069
1391988,398970,2691945,3090915,6.747236634333409
1392330,398992,2692701,3091693,6.748759373621526
1392510,399066,2693029,3092095,6.748329850200218
1392553,399066,2693101,3092167,6.748510271483915
1392559,399066,2693108,3092174,6.7485278124420525
1392722,399075,2694042,3093117,6.750716030821274
1392746,399075,2694097,3093172,6.750853849527031
1392804,399088,2694194,3093282,6.750876999558995
1392835,399094,2694222,3093316,6.7508456654322035
1392860,399104,2694256,3093360,6.750761706221937
1393042,399208,2694627,3093835,6.749932366084848
1393091,399230,2694717,3093947,6.749785837737645
1393133,399241,2694770,3094011,6.749732617641976
1393143,399243,2694778,3094021,6.749718842910208
1393217,399267,2694924,3094191,6.749678786376034
1393226,399274,2694953,3094227,6.749633084047546
1393261,399294,2695009,3094303,6.749435253221937
1393448,399400,2695431,3094831,6.748700550826239
1393472,399406,2695482,3094888,6.748726859386188
1393483,399406,2695494,3094900,6.748756904002444
1393507,399412,2695550,3094962,6.748795729722692
1393724,399412,2696219,3095631,6.750470691917118
1393794,399412,2696328,3095740,6.750743593081831
1393966,399542,2696665,3096207,6.749390552182248
1393981,399547,2696697,3096244,6.7493861798486785
1394037,399565,2696814,3096379,6.7493749452529626
1394481,399682,2697450,3097132,6.748990447405688
1394651,399704,2697611,3097315,6.749021776114325
1394734,399721,2697760,3097481,6.749107502482982
1394863,399748,2697982,3097730,6.749207000410259
1394896,399760,2698009,3097769,6.7490719431659
1394906,399760,2698011,3097771,6.7490769461677
1395050,399774,2698209,3097983,6.749335874769245
1395060,399777,2698221,3097998,6.749315243248111
1395087,399777,2698271,3098048,6.7494403129744835
1395613,399778,2699284,3099062,6.7519573363216585
1396310,399778,2701179,3100957,6.756697467094237
1396511,399797,2701538,3101335,6.757274316715733
1396610,399830,2701593,3101423,6.756854163019283
1396644,399847,2701613,3101460,6.756616905966532
1396666,399848,2701618,3101466,6.756612512754847
1396688,399860,2701636,3101496,6.756454759165708
1396704,399863,2701656,3101519,6.756454085524292
1396724,399870,2701681,3101551,6.756398329457074
1397394,400066,2702882,3102948,6.756090245109557
1397406,400068,2702887,3102955,6.756068968275393
1397427,400081,2702959,3103040,6.75602940404568
1397443,400081,2702985,3103066,6.7560943908858455
1397496,400107,2703045,3103152,6.755805322076345
1397567,400130,2703112,3103242,6.755584435058606
1397589,400136,2703149,3103285,6.75557560429454
1397593,400136,2703149,3103285,6.75557560429454
1397971,400227,2703586,3103813,6.755131462894807
1398040,400271,2703735,3104006,6.754761149321335
1398336,400313,2704263,3104576,6.755371421862392
1398369,400318,2704292,3104610,6.755359489206081
1398383,400329,2704314,3104643,6.75522882429202
1398388,400331,2704326,3104657,6.755225051270074
1400439,401246,2706671,3107917,6.745664754290385
1400465,401258,2706709,3107967,6.7455577209675575
1402097,401855,2714592,3116447,6.755152978064227
1402230,401877,2714689,3116566,6.75502454731174
1402243,401877,2714710,3116587,6.755076802106117
1402254,401877,2714736,3116613,6.755141498518204
1402274,401877,2714760,3116637,6.755201218283206
1402291,401883,2714772,3116655,6.755130224468315
1402351,401908,2714872,3116780,6.7549588463031345
1402363,401917,2714931,3116848,6.754954381128442
1402399,401918,2714971,3116889,6.755037097119313
1402476,401923,2715139,3117062,6.755371053659532
1402477,401924,2715145,3117069,6.7553691742717525
1402482,401926,2715149,3117075,6.755345511362788
1402515,401926,2715198,3117124,6.755467424351746
1402540,401937,2715228,3117165,6.755357182842087
1402682,401988,2715651,3117639,6.755552404549389
1402711,401995,2715679,3117674,6.755504421696787
1402744,402001,2715722,3117723,6.755510558431447
1403547,402001,2717668,3119669,6.760351342409596
1403606,402001,2717760,3119761,6.760580197561698
1403626,402009,2717798,3119807,6.760540186911238
1403681,402009,2717876,3119885,6.7607342124181296
1403690,402014,2717884,3119898,6.7606700264169906
1404212,402278,2718723,3121001,6.758318874012499
1404213,402278,2718725,3121003,6.758323845698746
1404225,402286,2718738,3121024,6.758221762626589
1404305,402286,2718860,3121146,6.7585250294566555
1406459,402998,2720690,3123688,6.751125315758391
1406489,403012,2720742,3123754,6.751019820749755
1406526,403016,2720794,3123810,6.7510818429045
1406562,403031,2720870,3123901,6.751019152372894
1406578,403031,2720896,3123927,6.7510836635395295
1406676,403031,2720978,3124009,6.7512871218343005
1406679,403031,2720980,3124011,6.751292084231734
1406747,403031,2721100,3124131,6.751589828077741
1406851,403069,2721216,3124285,6.7512411026399946
1406887,403078,2721247,3124325,6.751167267873711
1406922,403100,2721307,3124407,6.750947655668568
1407519,403134,2722547,3125681,6.75345418644917
1407537,403134,2722590,3125724,6.7535608507344955
1407565,403150,2722641,3125791,6.753419322832692
1407690,403161,2722805,3125966,6.75364184531738
1407724,403161,2722823,3125984,6.753686492493073
1407757,403166,2722852,3126018,6.753674665026317
1407797,403179,2722921,3126100,6.753628041143016
1407826,403191,2722939,3126130,6.75347167967539
1407846,403191,2722963,3126154,6.7535312048136
1407880,403198,2723018,3126216,6.753550364833159
1407945,403248,2723125,3126373,6.7529783160734835
1408125,403293,2723281,3126574,6.752611624798844
1408529,403375,2723816,3127191,6.7525652308645805
1408754,403479,2724093,3127572,6.751511231067788
1408760,403479,2724104,3127583,6.75153849394888
1408810,403497,2724190,3127687,6.751450444489055
1408889,403497,2724307,3127804,6.751740409470207
1408892,403498,2724316,3127814,6.7517459813927205
1408960,403529,2724517,3128046,6.751725402635251
1408979,403529,2724532,3128061,6.751762574684843
1408980,403529,2724534,3128063,6.751767530958122
1409250,403684,2725062,3128746,6.7504830510993745
1409315,403693,2725374,3129067,6.751105419217079
1409326,403693,2725384,3129077,6.751130190516061
1409494,403693,2725647,3129340,6.7517816756792906
1409592,403694,2725936,3129630,6.7524808394477
1409602,403694,2725936,3129630,6.7524808394477
1409632,403711,2725979,3129690,6.752303008835528
1409825,403711,2726423,3130134,6.7534028054722315
1409869,403722,2726467,3130189,6.7533277849609386
1409885,403737,2726506,3130243,6.7531734767930605
1409986,403789,2726760,3130549,6.752932843638633
1410006,403791,2726767,3130558,6.752916731675545
1410025,403791,2726788,3130579,6.752968738778229
1410103,403851,2726899,3130750,6.752240306449656
1410144,403875,2726993,3130868,6.752071804394924
1410159,403879,2727029,3130908,6.752094067777725
1410168,403891,2727067,3130958,6.751987541193045
1410170,403891,2727072,3130963,6.751999920770703
1410180,403892,2727092,3130984,6.752032721618651
1411672,404751,2730429,3135180,6.745947508468169
1411726,404777,2730522,3135299,6.745743952843171
1411784,404807,2730641,3135448,6.745537997119615
1411814,404818,2730696,3135514,6.745490566130953
1411867,404849,2730850,3135699,6.745354440791505
1411976,404849,2731048,3135897,6.745843512025472
1411989,404849,2731063,3135912,6.745880562876529
1411999,404853,2731077,3135930,6.7458484931567755
1412005,404854,2731087,3135941,6.74585653099636
1412128,404933,2731351,3136284,6.745192414547592
1412167,404945,2731402,3136347,6.7451184728790325
1412764,404945,2732676,3137621,6.748264579140377
1412853,405000,2732793,3137793,6.747637037037037
1413111,405010,2733500,3138510,6.7492160687390435
1413191,405033,2733637,3138670,6.749171055197971
1413360,405110,2733828,3138938,6.748359704771543
1413395,405120,2733902,3139022,6.748375789889415
1413597,405172,2734062,3139234,6.747904593604692
1413614,405188,2734116,3139304,6.747771404878723
1413624,405188,2734132,3139320,6.747810892721404
1413664,405208,2734222,3139430,6.747699946694044
1413709,405211,2734233,3139444,6.747677136109336
1413722,405218,2734242,3139460,6.74758278260097
1413760,405245,2734291,3139536,6.747254130217523
1413942,405245,2734835,3140080,6.748596528026256
1413945,405245,2734844,3140089,6.748618736813532
1413962,405245,2734889,3140134,6.748729780749917
1413978,405245,2734889,3140134,6.748729780749917
1414020,405247,2735024,3140271,6.749029604167335
1414128,405293,2735178,3140471,6.748643573908259
1414318,405383,2735509,3140892,6.747961804022369
1414415,405383,2735578,3140961,6.7481320134292755
1414436,405395,2735623,3141018,6.748043266443839
1414477,405415,2735656,3141071,6.747791768928136
1414501,405427,2735681,3141108,6.747653708312471
1414506,405434,2735684,3141118,6.74754460652042
1414533,405450,2735754,3141204,6.7474509803921565
1414669,405464,2735807,3141271,6.74734871653217
1414748,405515,2735887,3141402,6.746697409466974
1414771,405515,2735928,3141443,6.746798515467985
1414833,405525,2736075,3141600,6.746994636582208
1414850,405529,2736104,3141633,6.746999598055873
1414878,405541,2736137,3141678,6.746881326425688
1414888,405541,2736153,3141694,6.746920779896484
1415007,405554,2736225,3141779,6.7468820428352325
1415028,405554,2736254,3141808,6.746953549958822
1415075,405562,2736345,3141907,6.747044841479231
1415192,405575,2736576,3142151,6.747398138445417
1415760,405918,2737334,3143252,6.7435639710483395
1416009,406035,2737604,3143639,6.742285763542552
1416070,406047,2737675,3143722,6.742261363832266
1416084,406049,2737692,3143741,6.742270021598379
1416151,406068,2737736,3143804,6.742062905720224
1416323,406098,2737812,3143910,6.741751990898749
1416379,406110,2737975,3144085,6.741954150353353
1416395,406118,2737986,3144104,6.741848428289315
1416583,406118,2738367,3144485,6.7427865792700645
1416748,406127,2739306,3145433,6.744949240016054
1417668,406572,2740911,3147483,6.741514418110445
1417678,406572,2740927,3147499,6.7415537715337015
1417687,406574,2740943,3147517,6.741559962024134
1417735,406574,2741014,3147588,6.741734591980796
1418058,406713,2741922,3148635,6.741663040030685
1418065,406718,2741932,3148650,6.741604748253089
1418079,406726,2741950,3148676,6.741516401705325
1418173,406726,2742102,3148828,6.741890117671356
1418235,406767,2742184,3148951,6.741412159786806
1418252,406767,2742202,3148969,6.741456411164131
1418350,406808,2742952,3149760,6.742620597431713
1418577,406874,2743597,3150471,6.743112118247909
1418608,406874,2743677,3150551,6.743308739314874
1418636,406881,2743711,3150592,6.74327628962768
1418689,406884,2743794,3150678,6.743430560061344
1418729,406896,2743839,3150735,6.743342279108175
1418869,406899,2744097,3150996,6.743926625526236
1418998,406899,2744480,3151379,6.74486789104913
1419026,406903,2744497,3151400,6.74484336561785
1419302,406912,2746195,3153107,6.748867076910979
1419335,406928,2746255,3153183,6.748749164471356
1419379,406960,2746347,3153307,6.7484445645763715
1419897,406977,2748112,3155089,6.752499527000297
1420179,406977,2748439,3155416,6.753303012209535
1420306,407060,2748703,3155763,6.752574559033066
1420429,407062,2749066,3156128,6.753433137949502
1420537,407062,2749623,3156685,6.754801479872845
1420659,407121,2749835,3156956,6.7543433033422495
1420911,407208,2750109,3157317,6.753573112512524
1420913,407208,2750111,3157319,6.753578024007387
1420921,407216,2750120,3157336,6.753467447251581
1421407,407311,2750405,3157716,6.752591999725026
1421424,407331,2750461,3157792,6.752397926993035
1421436,407337,2750473,3157810,6.752327925035044
1421476,407368,2750524,3157892,6.751939278490211
1421507,407378,2750606,3157984,6.751974824364595
1421528,407378,2750646,3158024,6.7520730132702305
1421572,407401,2750715,3158116,6.751861188362326
1421604,407401,2750781,3158182,6.752023190910184
1421633,407401,2750811,3158212,6.752096828431938
1421635,407403,2750811,3158214,6.75206368141619
1421638,407404,2750814,3158218,6.752054471728309
1421792,407524,2751035,3158559,6.75060855311589
1422096,407661,2751632,3159293,6.749804371769681
1422099,407661,2751641,3159302,6.749826448936739
1422127,407672,2751682,3159354,6.749744892953158
1422156,407675,2751693,3159368,6.749722205187956
1422165,407678,2751699,3159377,6.7496872531753
1422175,407687,2751726,3159413,6.7496044759828004
1422204,407687,2751765,3159452,6.749700137605565
1422837,407705,2753058,3160763,6.752573551955458
1422861,407709,2753085,3160794,6.752573526706548
1422949,407721,2753187,3160908,6.7526249567719105
1423093,407761,2753319,3161080,6.7522862657291896
1423259,407761,2753734,3161495,6.7533040187757045
1423358,407811,2753849,3161660,6.752758017807269
1423640,407811,2754176,3161987,6.753559859837033
1423719,407875,2754281,3162156,6.752757585044438
1424365,408183,2755267,3163450,6.750077783739156
1424377,408187,2755298,3163485,6.750087582407083
1424403,408195,2755367,3163562,6.750124327833511
1424479,408243,2755521,3163764,6.749707894562797
1424598,408243,2755778,3164021,6.750337421584693
1424610,408245,2755786,3164031,6.750323947629488
1424628,408248,2755834,3164082,6.750391918637691
1424676,408274,2755910,3164184,6.750148184797465
1424749,408313,2756040,3164353,6.749821827862449
1424890,408408,2756367,3164775,6.7490524181700655
1424946,408419,2756422,3164841,6.749005310722567
1424982,408437,2756490,3164927,6.7488743674055
1425250,408588,2757059,3165647,6.747772817605999
1425400,408652,2757305,3165957,6.7473180114131335
1425486,408688,2757409,3166097,6.74697813490976
1425516,408699,2757464,3166163,6.746931115564266
1425557,408723,2757552,3166275,6.746750244052818
1425605,408732,2757608,3166340,6.746738694303358
1425613,408737,2757625,3166362,6.746697754301666
1425688,408776,2757759,3166535,6.746381881519463
1426229,408818,2758586,3167404,6.747711695668977
1426260,408833,2758642,3167475,6.747601098737137
1426273,408837,2758657,3167494,6.747571770656766
1426303,408843,2758682,3167525,6.747533894428913
1426310,408844,2758696,3167540,6.747551633385839
1426338,408844,2758762,3167606,6.747713064151608
1426355,408844,2758807,3167651,6.747823130582814
1426433,408844,2758964,3167808,6.748207140131688
1426455,408858,2759000,3167858,6.748064120061244
1426471,408858,2759026,3167884,6.7481277118217085
1426490,408858,2759061,3167919,6.748213316114641
1426652,408858,2759563,3168421,6.749441126258994
1426735,408887,2759648,3168535,6.749170308667186
1426747,408892,2759658,3168550,6.749112235015603
1426897,408922,2759990,3168912,6.749428986457075
1426918,408927,2760010,3168937,6.749395368855566
1426936,408933,2760029,3168962,6.74934280187708
1427104,408943,2760372,3169315,6.7500165059678245
1427122,408956,2760412,3169368,6.749899744715813
1427179,408972,2760484,3169456,6.749811723051945
1427351,408972,2760860,3169832,6.7507311013956945
1427514,409082,2761122,3170204,6.749556323671049
1427538,409091,2761146,3170237,6.749466500118555
1427569,409102,2761190,3170292,6.749392572023603
1427611,409144,2761314,3170458,6.749002796081575
1427693,409180,2761440,3170620,6.748716946087296
1428115,409180,2762153,3171333,6.750459455496358
1428121,409180,2762201,3171381,6.7505767632826625
1428369,409274,2762449,3171723,6.74963227568817
1428384,409280,2762469,3171749,6.7495821931196245
1428392,409282,2762475,3171757,6.749563870387655
1428503,409282,2762739,3172021,6.750208902419359
1428591,409320,2763017,3172337,6.750261409166423
1428704,409401,2763234,3172635,6.749455912418387
1428754,409409,2763334,3172743,6.749568280130627
1428759,409409,2763341,3172750,6.749585377947236
1429703,409409,2765424,3174833,6.754673199660974
1429732,409421,2765442,3174863,6.754519186851676
1429742,409429,2765470,3174899,6.75445559547565
1429748,409429,2765518,3174947,6.7545728319195755
1429799,409460,2765590,3175050,6.754237288135593
1430054,409477,2766165,3175642,6.755361106973041
1430074,409490,2766187,3175677,6.755200371193435
1430243,409498,2766460,3175958,6.755735070745156
1430305,409498,2766477,3175975,6.755776584989426
1430422,409520,2766725,3176245,6.756019242039461
1430511,409580,2766837,3176417,6.75530299331022
1430525,409585,2766862,3176447,6.755281565487017
1430534,409588,2766878,3176466,6.755271150521988
1431035,409840,2768070,3177910,6.754025961350771
1431123,409879,2768137,3178016,6.753546778439491
1431144,409886,2768159,3178045,6.753485115373543
1431165,409886,2768202,3178088,6.753590022591648
1431183,409892,2768226,3178118,6.753549715534824
1431218,409905,2768302,3178207,6.753520937778266
1431244,409905,2768357,3178262,6.753655115209622
1431283,409912,2768399,3178311,6.753642245164816
1431713,410083,2770072,3180155,6.754905714209075
1431762,410092,2770170,3180262,6.754996439823259
1431781,410097,2770208,3180305,6.755006742307308
1431874,410141,2770330,3180471,6.754579522651966
1431886,410141,2770345,3180486,6.7546160954403485
1431955,410174,2770530,3180704,6.754523689946218
1431984,410185,2770645,3180830,6.754622914050977
1432063,410212,2770757,3180969,6.75445135685938
1432530,410212,2771598,3181810,6.756501516289139
1432551,410220,2771645,3181865,6.756484325483886
1432565,410225,2771658,3181883,6.756433664452435
1432597,410229,2771719,3181948,6.756516482257471
1432619,410229,2771765,3181994,6.756628614749323
1432659,410262,2771821,3182083,6.756221633980237
1432674,410262,2771845,3182107,6.756280133183186
1432742,410302,2772018,3182320,6.756043109709434
1432768,410302,2772041,3182343,6.756099165980181
1432814,410309,2772094,3182403,6.756113075755102
1432877,410309,2772291,3182600,6.756593201708956
1433720,410645,2773556,3184201,6.754145307991087
1433750,410645,2773589,3184234,6.75422566937379
1433826,410673,2773706,3184379,6.754050059292917
1433984,410748,2774305,3185053,6.754275127328678
1434147,410791,2774520,3185311,6.754091496649147
1434162,410799,2774552,3185351,6.754037862799081
1434190,410810,2774590,3185400,6.753949514374042
1434233,410849,2774669,3185518,6.753500677864617
1434236,410849,2774674,3185523,6.7535128477859265
1434287,410849,2774790,3185639,6.753795189960302
1434416,410849,2775173,3186022,6.754727405932593
1434487,410849,2775345,3186194,6.7551460512256325
1434724,410915,2775613,3186528,6.75471326186681
1434773,410923,2775684,3186607,6.754754540388345
1434914,410960,2775844,3186804,6.754535721238077
1435015,411016,2776066,3187082,6.754155555988088
1435129,411052,2776181,3187233,6.7538437959187645
1435322,411114,2776407,3187521,6.753374976283951
1435384,411149,2776607,3187756,6.753286521431403
1435436,411149,2776665,3187814,6.753427589511345
1435448,411154,2776695,3187849,6.75341842715868
1435468,411170,2776728,3187898,6.753235887832283
1435499,411170,2776777,3187947,6.753355059950872
1435579,411195,2776851,3188046,6.753124430014957
1435656,411195,2776996,3188191,6.753477060761925
1435694,411224,2777052,3188276,6.753136976441064
1435815,411319,2777351,3188670,6.752304172673764
1435923,411319,2777908,3189227,6.753658352762698
1435991,411319,2777986,3189305,6.753847986599209
1436013,411324,2778007,3189331,6.753816942361739
1436379,411326,2779061,3190387,6.75634654750733
1437018,411547,2780882,3192429,6.757143169552931
1437067,411570,2780970,3192540,6.75697937167432
1437113,411570,2781025,3192595,6.757113006292975
1437187,411585,2781239,3192824,6.7573866880474265
1437209,411586,2781261,3192847,6.757423721895303
1437590,411736,2781734,3193470,6.756110711718188
1437718,411813,2781976,3193789,6.755435112538944
1437763,411842,2782076,3193918,6.75520223775137
1437854,411915,2782209,3194124,6.754327956010342
1438180,412113,2782804,3194917,6.752526612846476
1438217,412113,2782905,3195018,6.752771691259436
1438234,412127,2782940,3195067,6.752627224132367
1438302,412143,2783110,3195253,6.752777555363066
1438334,412158,2783173,3195331,6.752684650061385
1438342,412159,2783181,3195340,6.75268767635791
1438356,412167,2783210,3195377,6.752626969165411
1438368,412172,2783230,3195402,6.752593577438545
1438402,412180,2783330,3195510,6.752705128827212
1438423,412180,2783360,3195540,6.752777912562473
1438469,412197,2783443,3195640,6.752700771718377
1438486,412199,2783471,3195670,6.752735935798
1438496,412203,2783481,3195684,6.752694667433279
1438514,412203,2783508,3195711,6.752760169139963
1438635,412213,2783838,3196051,6.753396908879632
1438653,412226,2783852,3196078,6.7532178950381585
1438655,412226,2783857,3196083,6.753230024307054
1438764,412310,2784058,3196368,6.75234168465475
1438994,412401,2784307,3196708,6.751455500835352
1439014,412401,2784328,3196729,6.751506422147376
1439027,412405,2784343,3196748,6.751477309925923
1439225,412499,2784544,3197043,6.7504260616389375
1439305,412521,2784666,3197187,6.7503617997629215
1439753,412910,2785342,3198252,6.745639485602189
1441606,413288,2790586,3203874,6.752158301233038
1441660,413302,2790670,3203972,6.752132822972064
1441670,413302,2790696,3203998,6.752195730966703
1441714,413317,2790757,3204074,6.752098268399315
1441807,413317,2790909,3204226,6.752466024867112
1441817,413323,2790930,3204253,6.752418810470262
1441878,413343,2790977,3204320,6.752205795187048
1441897,413353,2791000,3204353,6.752098085655602
1442294,413558,2791610,3205168,6.75022608678831
1442326,413565,2791662,3205227,6.750237568459613
1442353,413569,2791692,3205261,6.75024482009048
1442399,413592,2791822,3205414,6.750183755972069
1442486,413592,2791952,3205544,6.750498075397977
1442493,413593,2791953,3205546,6.750484171637335
1442529,413608,2791987,3205595,6.750321560511402
1443146,413699,2792495,3206194,6.750064660538217
1444433,414235,2795169,3209404,6.74778567721221
1444633,414349,2795683,3210032,6.7471696564973005
1445458,414349,2797231,3211580,6.750905637518131
1445498,414365,2797339,3211704,6.750905602548478
1445789,414439,2797989,3212428,6.751268582348669
1446340,414467,2798430,3212897,6.751876506452866
1446494,414549,2798629,3213178,6.751020989074874
1446594,414579,2798756,3213335,6.750838802737235
1446628,414602,2798833,3213435,6.75065002098398
1446678,414627,2798870,3213497,6.750332226314254
1446720,414642,2798955,3213597,6.750293023861548
1446770,414680,2799038,3213718,6.749874602102826
1446781,414680,2799062,3213742,6.749932478055368
1446981,414735,2799712,3214447,6.750604602939227
1447197,414921,2800142,3215063,6.7486147965516325
1447232,414921,2800154,3215075,6.748643717719759
1447290,414927,2800244,3215171,6.748763035425508
1447415,414928,2800614,3215542,6.74963849149732
1447864,415118,2801384,3216502,6.748404068240838
1448181,415243,2802266,3217509,6.748496663399504
1448221,415250,2802326,3217576,6.748527393136665
1448228,415250,2802334,3217584,6.748546658639374
1448248,415250,2802369,3217619,6.748630945213726
1449051,415250,2804315,3219565,6.753317278747742
1449081,415273,2804350,3219623,6.753027526470539
1449196,415324,2804584,3219908,6.752761699299824
1449267,415372,2804735,3220107,6.752344886029872
1449428,415381,2805649,3221030,6.754398973472547
1449497,415431,2805777,3221208,6.7538941484867525
1449732,415536,2806499,3222035,6.753925051018443
1449745,415536,2806513,3222049,6.753958742443495
1449772,415556,2806545,3222101,6.753710691218512
1449777,415557,2806551,3222108,6.753708877482511
1449849,415605,2806734,3222339,6.753369184682572
1449867,415612,2806760,3222372,6.753317998517848
1450123,415675,2807361,3223036,6.753740301918566
1450155,415698,2807402,3223100,6.753465256027212
1450179,415701,2807405,3223106,6.753423734847884
1450202,415727,2807462,3223189,6.75313847789535
1450233,415754,2807502,3223256,6.752796124631392
1450278,415754,2807645,3223399,6.75314007802691
1451299,415754,2808854,3224608,6.756048047643558
1451340,415763,2808905,3224668,6.756024465861561
1451382,415779,2808954,3224733,6.755882331719495
1451393,415784,2808982,3224766,6.755868431685683
1451456,415784,2809063,3224847,6.756063244376888
1451550,415784,2809232,3225016,6.75646970542397
1451613,415808,2809309,3225117,6.756264910728028
1451716,415808,2809446,3225254,6.756594389718331
1451766,415827,2809546,3225373,6.756526151500504
1451802,415845,2809618,3225463,6.756406834277195
1451811,415847,2809635,3225482,6.756415220020825
1451821,415847,2809645,3225492,6.756439267326685
1451824,415848,2809659,3225507,6.756456686096843
1451890,415867,2809802,3225669,6.756491859176131
1451947,415916,2809937,3225853,6.7560204464363
1452966,415916,2811442,3227358,6.759638965560353
1452987,415927,2811483,3227410,6.759558768726243
1452992,415930,2811490,3227420,6.759526843459236
1453001,415932,2811521,3227453,6.759568871834819
1453079,415943,2811607,3227550,6.759596867840065
1453082,415944,2811610,3227554,6.759587829130845
1453100,415945,2811642,3227587,6.759648511221435
1453278,416033,2811934,3227967,6.758920566397377
1453312,416047,2811995,3228042,6.758839746470952
1453342,416057,2812029,3228086,6.758759016192493
1453372,416067,2812071,3228138,6.758697517467139
1453392,416067,2812092,3228159,6.758747990107363
1453493,416118,2812289,3228407,6.7583930519708355
1453814,416118,2812906,3229024,6.759875804459312
1453892,416119,2812997,3229116,6.760078246847656
1453921,416141,2813041,3229182,6.7598265972350715
1454080,416216,2813405,3229621,6.759483056874315
1454101,416237,2813494,3229731,6.7593558477502
1454110,416242,2813505,3229747,6.75930107966039
1454135,416242,2813548,3229790,6.75940438494914
1454505,416325,2813881,3230206,6.75885666246322
1454553,416366,2813977,3230343,6.7584216770821826
1454564,416375,2813988,3230363,6.758302011407985
1454718,416406,2814326,3230732,6.7586105867830915
1455043,416406,2815047,3231453,6.760342069998991
1455099,416414,2815118,3231532,6.760382696066895
1455111,416420,2815139,3231559,6.760335718745497
1455146,416439,2815174,3231613,6.760111324827886
1455157,416446,2815193,3231639,6.760043318941712
1455260,416504,2815342,3231846,6.759459693064172
1455277,416504,2815357,3231861,6.759495707124061
1455379,416542,2815570,3232112,6.759390409610555
1455391,416542,2815599,3232141,6.759460030441108
1455468,416597,2815747,3232344,6.758922891907527
1455477,416597,2815758,3232355,6.758949296322345
1455691,416729,2816074,3232803,6.757566668026463
1455752,416749,2816195,3232944,6.7575327115362
1456179,416749,2816738,3233487,6.758835654074755
1456213,416761,2816813,3233574,6.758821002924938
1456242,416783,2816871,3233654,6.758603397931298
1456388,416857,2817106,3233963,6.757967360509719
1456406,416860,2817110,3233970,6.757928321258936
1456429,416862,2817170,3234032,6.758039830927261
1456468,416874,2817266,3234140,6.7580755815906
1456491,416874,2817311,3234185,6.758183527876529
1456542,416874,2817427,3234301,6.758461789413587
1456566,416884,2817478,3234362,6.758422007081107
1456855,416896,2818062,3234958,6.759628300583359
1456928,416908,2818185,3235093,6.759728765099254
1457760,416957,2819718,3236675,6.762611012646388
1457784,416957,2819739,3236696,6.762661377552122
1457799,416960,2819743,3236703,6.762622313891021
1457916,417019,2819896,3236915,6.762032425381098
1457929,417021,2819901,3236922,6.762011985007949
1457956,417046,2819938,3236984,6.761695352551038
1457970,417052,2819954,3237006,6.761636438621562
1458002,417078,2819998,3237076,6.761320424476956
1458009,417078,2819998,3237076,6.761320424476956
1458036,417092,2820063,3237155,6.761249316697516
1458057,417096,2820080,3237176,6.761225233519381
1458081,417104,2820111,3237215,6.761169876098047
1458281,417157,2820224,3237381,6.76058174739966
1458324,417165,2820242,3237407,6.76049524768377
1458341,417170,2820272,3237442,6.760486132751636
1458345,417172,2820277,3237449,6.76046570719032
1458355,417175,2820289,3237464,6.760445856055612
1459819,417175,2822375,3239550,6.765446155690058
1459843,417187,2822394,3239581,6.765297096985285
1459927,417215,2822560,3239775,6.765240942919118
1460230,417446,2823213,3240659,6.763061569640145
1460253,417450,2823224,3240674,6.763023116540903
1460292,417462,2823246,3240708,6.762881411960849
1460296,417463,2823249,3240712,6.762872398272422
1460323,417463,2823275,3240738,6.7629346792410345
1460402,417526,2823443,3240969,6.762316598247774
1460435,417550,2823527,3241077,6.762129086336966
1460476,417551,2823607,3241158,6.762304484961119
1460764,417551,2824207,3241758,6.7637414351779785
1460923,417564,2824637,3242201,6.764560642200956
1460953,417587,2824681,3242268,6.764293428674743
1461021,417592,2824786,3242378,6.764463878618364
1461060,417592,2824902,3242494,6.7647416617176575
1461292,417592,2825225,3242817,6.765515143968275
1461363,417592,2825397,3242989,6.765927029253434
1461450,417616,2825603,3243219,6.766031473889889
1461453,417616,2825612,3243228,6.766053024788322
1461522,417648,2825680,3243328,6.765697429414244
1461589,417668,2825780,3243448,6.765612879128877
1461878,417668,2826376,3244044,6.767039849832882
1461906,417693,2826423,3244116,6.766747347932572
1461926,417693,2826454,3244147,6.766821565120795
1461981,417693,2826538,3244231,6.7670226697598475
1462038,417718,2826708,3244426,6.767024643419723
1462100,417718,2826875,3244593,6.76742443466645
1462233,417774,2827160,3244934,6.767199490633692
1462239,417776,2827171,3244947,6.7671934242273375
1462332,417834,2827386,3245220,6.766768621031319
1462917,417972,2827818,3245790,6.765568028480376
1462940,417988,2827872,3245860,6.765438242246189
1463066,417992,2828205,3246197,6.76617016593619
1463100,417998,2828249,3246247,6.76617830707324
1463152,418023,2828345,3246368,6.766003306038185
1463176,418023,2828400,3246423,6.766134877745961
1463246,418023,2828521,3246544,6.76642433550307
1463404,418025,2828846,3246871,6.767169427665809
1463448,418057,2828885,3246942,6.766744726197624
1463517,418064,2829036,3247100,6.766992613571128
1463641,418075,2829439,3247514,6.767778508640794
1463818,418075,2829820,3247895,6.768689828380075
1463866,418077,2829842,3247919,6.768710070154541
1463890,418077,2829863,3247940,6.768760300136099
1464044,418128,2830054,3248182,6.768391497340527
1464107,418147,2830177,3248324,6.768378106264065
1464119,418147,2830200,3248347,6.7684331108437945
1464140,418151,2830213,3248364,6.768399453785833
1464598,418151,2831458,3249609,6.771376847119821
1464632,418164,2831486,3249650,6.771233296027396
1464798,418253,2832064,3250317,6.771174384881878
1464842,418270,2832097,3250367,6.770978076362159
1464875,418277,2832184,3250461,6.771072758004863
1466058,418449,2834073,3252522,6.772803854233132
1466082,418458,2834109,3252567,6.772744218057726
1466263,418467,2835157,3253624,6.775102935237427
1466322,418482,2835203,3253685,6.774970010657567
1466333,418486,2835211,3253697,6.7749243702298285
1466355,418500,2835237,3253737,6.7747598566308245
1466371,418500,2835263,3253763,6.774821983273596
1466380,418500,2835274,3253774,6.7748482676224615
1466392,418505,2835288,3253793,6.774800778963214
1466642,418685,2835781,3254466,6.773065669895028
1466811,418788,2836224,3255012,6.772457663543368
1466828,418789,2836262,3255051,6.772532229834117
1466883,418820,2836342,3255162,6.772221956926603
1466889,418822,2836353,3255175,6.772215881687209
1467087,418822,2836693,3255515,6.773027682404458
1467131,418831,2836735,3255566,6.772982420116945
1467931,418877,2837606,3256483,6.774317997884821
1467939,418878,2837616,3256494,6.774325698652113
1468181,418892,2837785,3256677,6.774502735788699
1468233,418937,2837955,3256892,6.774180843420371
1468471,418954,2838751,3257705,6.775805935735188
1468473,418956,2838752,3257708,6.775775976474857
1468527,418964,2838790,3257754,6.775737294851109
1468534,418964,2838790,3257754,6.775737294851109
1468587,418967,2838884,3257851,6.775913138743624
1468857,418967,2839266,3258233,6.776824905064122
1469130,418989,2840134,3259123,6.778540725412839
1469131,418989,2840136,3259125,6.778545498807844
1469552,418995,2840653,3259648,6.7796823351113975
1469713,419044,2840859,3259903,6.779381162837315
1471177,419044,2842945,3261989,6.784359160374567
1471192,419045,2843005,3262050,6.784486153038457
1471338,419077,2843156,3262233,6.784328416973492
1471348,419085,2843192,3262277,6.784284810957204
1471373,419085,2843217,3262302,6.784344464726726
1471518,419137,2843399,3262536,6.78393699434791
1471705,419146,2844492,3263638,6.786399011323024
1471775,419167,2844567,3263734,6.786237943349548
1471806,419167,2844567,3263734,6.786237943349548
1471928,419202,2844698,3263900,6.78598384549692
1472042,419232,2845041,3264273,6.786316407144493
1472279,419260,2845251,3264511,6.786364070028145
1472475,419260,2845579,3264839,6.787146400801412
1472488,419262,2845610,3264872,6.787187963612252
1473112,419262,2846648,3265910,6.789663742480835
1473114,419262,2846652,3265914,6.78967328305451
1473130,419262,2846678,3265940,6.7897352967833955
1473181,419268,2846773,3266041,6.789864716601315
1473248,419269,2846811,3266080,6.789939156007241
1473422,419269,2847102,3266371,6.790633221153961
1474126,419305,2847929,3267234,6.792022513444867
1474759,419538,2848567,3268105,6.789771129194495
1474808,419568,2848679,3268247,6.7895525874232545
1474827,419577,2848764,3268341,6.789609535317713
1474847,419586,2848797,3268383,6.789542549084097
1475017,419586,2849142,3268728,6.790364788148318
1475117,419586,2849483,3269069,6.791177494005996
1475420,419756,2849972,3269728,6.789592048714015
1475466,419777,2850014,3269791,6.789352441891766
1475611,419777,2850264,3270041,6.789947996197982
1475645,419798,2850375,3270173,6.7898727483218115
1475665,419798,2850396,3270194,6.7899227723810025
1475733,419840,2850558,3270398,6.789629382621952
1475783,419840,2850670,3270510,6.789896150914634
1475822,419840,2850670,3270510,6.789896150914634
1475846,419845,2850684,3270529,6.789848634615155
1475980,419906,2850886,3270792,6.789343329221302
1476015,419906,2850971,3270877,6.789545755478607
1476036,419906,2851003,3270909,6.789621963010769
1476041,419906,2851003,3270909,6.789621963010769
1476081,419914,2851063,3270977,6.7896354967922
1476328,419914,2851884,3271798,6.791590659039708
1476359,419940,2851923,3271863,6.791263037576797
1476377,419946,2851942,3271888,6.791211250970363
1476407,419946,2851989,3271935,6.791323170121873
1476897,420155,2852594,3272749,6.789384869869453
1476952,420160,2852790,3272950,6.789770563594821
1476964,420164,2852806,3272970,6.789744004721966
1476975,420164,2852816,3272980,6.789767804952352
1477030,420177,2852980,3273157,6.7899480457045485
1477059,420186,2852999,3273185,6.789847829294645
1477333,420187,2853156,3273343,6.79020531334858
1477536,420193,2853964,3274157,6.792031280863793
1477613,420238,2854117,3274355,6.791668054768964
1477706,420297,2854331,3274628,6.791223825057043
1478039,420297,2855080,3275377,6.793005898210075
1478142,420376,2855239,3275615,6.792107541819704
1478160,420376,2855293,3275669,6.792235998249186
1478217,420401,2855363,3275764,6.791998591820667
1478787,420449,2857006,3277455,6.795130919564561
1478843,420462,2857088,3277550,6.7951158487568435
1478860,420469,2857107,3277576,6.795047910785337
1478967,420488,2857229,3277717,6.795031011586538
1479039,420488,2857432,3277920,6.795513783984323
1479069,420493,2857496,3277989,6.795585182155232
1479184,420574,2857694,3278268,6.794747178855564
1480205,420574,2858900,3279474,6.797614688497149
1481427,421012,2863888,3284900,6.80239043067656
1481446,421017,2863926,3284943,6.802399903091799
1481542,421086,2864061,3285147,6.801605847736567
1481543,421087,2864064,3285151,6.801596819659595
1481602,421087,2864158,3285245,6.801820051438301
1481882,421231,2864576,3285807,6.800487143633778
1481924,421248,2864622,3285870,6.800321900638104
1481950,421270,2864664,3285934,6.800066465687089
1481972,421270,2864717,3285987,6.8001922757376505
1481987,421270,2864724,3285994,6.800208892159422
1482239,421349,2865004,3286353,6.799598432653216
1482250,421359,2865017,3286376,6.799467912160415
1482302,421389,2865142,3286531,6.799280474810685
1482305,421389,2865151,3286540,6.799301832748363
1482405,421459,2865351,3286810,6.798647080736204
1482421,421466,2865387,3286853,6.798619580227112
1482497,421466,2865457,3286923,6.798785667171255
1482553,421479,2865486,3286965,6.798644772337412
1482589,421496,2865529,3287025,6.798472583369712
1482610,421502,2865567,3287069,6.79846596220184
1482799,421506,2866098,3287604,6.799661214786978
1482830,421526,2866130,3287656,6.799414508239112
1483143,421526,2866592,3288118,6.800510526041099
1483286,421555,2866734,3288289,6.8003795471528035
1483296,421569,2866768,3288337,6.800234362583587
1483352,421569,2866834,3288403,6.800390920584768
1483404,421595,2866939,3288534,6.80022059085141
1483497,421595,2867082,3288677,6.80055977893476
1483510,421595,2867096,3288691,6.800592986159703
1483628,421623,2867280,3288903,6.800577767341914
1483677,421632,2867330,3288962,6.800551191560412
1484993,421814,2872147,3293961,6.809036684415406
1485018,421824,2872200,3294024,6.809000910332271
1485060,421837,2872274,3294111,6.808966496537762
1485399,422033,2872957,3294990,6.807422642305222
1485438,422051,2873024,3295075,6.807291061980661
1485632,422056,2873416,3295472,6.80813920427621
1485645,422056,2873442,3295498,6.808200807475785
1485884,422236,2873934,3296170,6.8064636838166335
1485929,422256,2874091,3296347,6.806513110530105
1486187,422283,2874369,3296652,6.806736240862171
1486213,422291,2874411,3296702,6.80670674961105
1486267,422346,2874512,3296858,6.80605948677151
1486276,422350,2874531,3296881,6.806040014206227
1486334,422397,2874654,3297051,6.805573903223745
1486369,422415,2874707,3297122,6.805409372299753
1486410,422424,2874772,3297196,6.8054182527507905
1486434,422433,2874815,3297248,6.805375053558789
1486563,422460,2874927,3297387,6.8052052265303224
1486573,422460,2874939,3297399,6.805233631586423
1486662,422460,2875085,3297545,6.805579226435639
1487064,422563,2875748,3298311,6.8054893589831575
1487087,422563,2875777,3298340,6.805557987803002
1487196,422573,2876003,3298576,6.80593175616994
1487272,422611,2876107,3298718,6.805565875000887
1487342,422611,2876235,3298846,6.805868754007823
1487433,422611,2876455,3299066,6.806389327300993
1487588,422611,2876776,3299387,6.8071488910605735
1487620,422622,2876795,3299417,6.807016672108882
1487838,422631,2878088,3300719,6.809931121947987
1487926,422631,2878208,3300839,6.81021505757978
1487943,422632,2878219,3300851,6.810224971133279
1487951,422632,2878219,3300851,6.810224971133279
1487961,422632,2878223,3300855,6.810234435631944
1487999,422632,2878308,3300940,6.810435556228587
1488326,422687,2879076,3301763,6.811366330168659
1488459,422713,2879144,3301857,6.81110824602035
1489442,423335,2882665,3306000,6.809418073157192
1489571,423437,2882932,3306369,6.808408334651908
1489587,423440,2882964,3306404,6.8084356697525035
1489620,423445,2882993,3306438,6.808423762235946
1490386,423445,2883888,3307333,6.810537377935741
1490443,423466,2883937,3307403,6.810315349992679
1490448,423467,2883940,3307407,6.810306352088829
1490586,423467,2884232,3307699,6.8109958981455465
1490609,423467,2884315,3307782,6.8111918992507094
1490650,423476,2884416,3307892,6.811285645467512
1490768,423532,2884654,3308186,6.8109469886572915
1491713,423534,2887480,3311014,6.81758725391586
1492424,423637,2888375,3312012,6.818042333412804
1492515,423667,2888520,3312187,6.817901795513929
1492628,423691,2888670,3312361,6.817869626685486
1492643,423691,2888696,3312387,6.817930992161741
1492909,423691,2889155,3312846,6.819014328838706
1492939,423699,2889211,3312910,6.8190177460886146
1492955,423699,2889237,3312936,6.819079110406208
1492983,423706,2889274,3312980,6.8190537778554
1493080,423766,2889418,3313184,6.818428094750405
1493114,423773,2889470,3313243,6.818438173267292
1493180,423813,2889641,3313454,6.818198120397439
1493205,423822,2889707,3313529,6.818209059463642
1493276,423858,2889833,3313691,6.817927230346012
1493303,423879,2889866,3313745,6.817667306000061
1493313,423879,2889878,3313757,6.817695615965877
1493360,423887,2889909,3313796,6.817640078605855
1493365,423887,2889917,3313804,6.817658951560204
1493409,423902,2889964,3313866,6.817528579718897
1493435,423902,2890019,3313921,6.817658326688716
1493523,423937,2890168,3314105,6.817446931973383
1493623,423959,2890382,3314341,6.817597928101538
1493672,423968,2890417,3314385,6.817535757415654
1493721,424002,2890487,3314489,6.81715416436715
1493763,424025,2890521,3314546,6.816864571664406
1493825,424045,2890621,3314666,6.816778879600043
1493850,424061,2890696,3314757,6.816698541011788
1493892,424073,2890817,3314890,6.816790977025182
1493941,424088,2890899,3314987,6.8167432231046385
1493995,424104,2890993,3315097,6.816707694339124
1494025,424113,2891025,3315138,6.816638490213693
1494084,424134,2891159,3315293,6.816616918238104
1494116,424134,2891208,3315342,6.81673244776415
1494457,424353,2891743,3316096,6.81447521285345
1494508,424366,2892055,3316421,6.815001673084083
1494570,424366,2892119,3316485,6.8151524862972055
1494598,424379,2892208,3316587,6.815153435961723
1494615,424384,2892256,3316640,6.815186246418338
1494759,424411,2892676,3317087,6.815742287546741
1494763,424411,2892681,3317092,6.815754068579749
1494782,424424,2892703,3317127,6.815597138710347
1494909,424455,2892990,3317445,6.815775523907128
1494928,424463,2893011,3317474,6.8156965389209425
1495250,424505,2893650,3318155,6.816527484953063
1495303,424520,2893722,3318242,6.8164562329218885
1495380,424580,2893968,3318548,6.816072353855575
1495405,424593,2894017,3318610,6.815979067012409
1495542,424675,2894287,3318962,6.815298757873668
1495599,424684,2894316,3319000,6.815222612577823
1495612,424688,2894335,3319023,6.815203160908714
1495733,424688,2894675,3319363,6.816003748634292
1495752,424698,2894732,3319430,6.815977471050017
1495786,424698,2894796,3319494,6.816128166367631
1495820,424718,2894844,3319562,6.815920210586789
1495833,424724,2894855,3319579,6.815849822472948
1495868,424724,2894969,3319693,6.816118232075419
1495967,424731,2895218,3319949,6.8165921489130765
1496028,424742,2895280,3320022,6.816561583267019
1496053,424765,2895364,3320129,6.816390239308794
1496074,424772,2895431,3320203,6.816435640767282
1496435,424880,2895725,3320605,6.815394935040482
1497219,424905,2897191,3322096,6.818444122803921
1497230,424907,2897212,3322119,6.818461451564695
1497372,424982,2897443,3322425,6.817801695130617
1497437,425004,2897512,3322516,6.817611128365851
1497639,425055,2897984,3323039,6.817903565420946
1497721,425108,2898133,3323241,6.817404047912531
1498280,425108,2899716,3324824,6.8211278075218535
1498295,425108,2899723,3324831,6.821144273925685
1498301,425108,2899739,3324847,6.821181911420156
1498367,425126,2899788,3324914,6.821008359874484
1498405,425138,2899849,3324987,6.820959312035151
1498442,425143,2899879,3325022,6.820949656938959
1498505,425168,2899985,3325153,6.820797896360968
1498564,425190,2900077,3325267,6.820661351395847
1498576,425194,2900101,3325295,6.820653631048415
1498634,425194,2900138,3325332,6.8207406501502845
1498672,425227,2900196,3325423,6.82034772015888
1498838,425312,2900429,3325741,6.819532484387931
1498860,425314,2900433,3325747,6.819509820979324
1499286,425337,2901223,3326560,6.820998408320931
1499319,425337,2901297,3326634,6.821172388012329
1499395,425390,2901405,3326795,6.82057641223348
1499400,425392,2901417,3326809,6.82057255425584
1499822,425593,2902139,3327732,6.819047775691799
1499907,425622,2902398,3328020,6.819191677121953
1499936,425643,2902424,3328067,6.81891632189417
1500262,425659,2902775,3328434,6.819484610920949
1500498,425718,2903022,3328740,6.819119698955647
1500568,425718,2903159,3328877,6.819441508228452
1500572,425719,2903165,3328884,6.8194395833871635
1500602,425719,2903226,3328945,6.819582870391033
1500620,425719,2903256,3328975,6.819653339409329
1500937,425834,2903717,3329551,6.818894216995355
1500971,425840,2903792,3329632,6.818974262633853
1500975,425844,2903817,3329661,6.818968918195395
1501021,425844,2903960,3329804,6.8193047219169465
1501216,425918,2904363,3330281,6.819066111317202
1501253,425929,2904434,3330363,6.819056697242968
1501288,425936,2904505,3330441,6.819111321888735
1501309,425940,2904518,3330458,6.819077804385595
1501312,425941,2904521,3330462,6.819068838172423
1501550,425941,2905334,3331275,6.820977553229203
1501590,425974,2905423,3331397,6.820658068332809
1501683,425989,2905666,3331655,6.820988335379552
1501765,426049,2905840,3331889,6.820436147015953
1501820,426080,2906053,3332133,6.820439823507322
1502499,426446,2907321,3333767,6.817559550329936
1502513,426446,2907356,3333802,6.817641624027427
1502653,426446,2907552,3333998,6.818101236733373
1502729,426446,2907622,3334068,6.818265384128354
1502767,426446,2907725,3334171,6.818506915295254
1502988,426450,2907771,3334221,6.818550826591628
1502998,426453,2907790,3334243,6.818547413196765
1503004,426453,2907806,3334259,6.8185849319854706
1503028,426453,2907854,3334307,6.818697488351589
1503085,426453,2907899,3334352,6.818803009944824
1503094,426455,2907915,3334370,6.81880854955388
1503594,426455,2908504,3334959,6.820189703485713
1503753,426464,2908813,3335277,6.820770334658963
1503781,426464,2908851,3335315,6.820859439483755
1503797,426466,2908875,3335341,6.820883728128385
1503843,426479,2908918,3335397,6.820776638474579
1503990,426568,2909394,3335962,6.820469421053619
1504074,426585,2909429,3336014,6.820279662904228
1504095,426595,2909501,3336096,6.82028856409475
1504388,426654,2910298,3336952,6.821213442274067
1504402,426663,2910310,3336973,6.821097681308199
1504545,426717,2910579,3337296,6.82086488234591
1504577,426724,2910603,3337327,6.820809235009046
1504599,426739,2910643,3337382,6.8206632156892155
1504623,426771,2910700,3337471,6.820285352097495
1504635,426777,2910717,3337494,6.820229300079433
1504646,426777,2910727,3337504,6.820252731520209
1504793,426900,2911051,3337951,6.81904661513235
1504958,427011,2911396,3338407,6.818081969785322
1504977,427023,2911424,3338447,6.817955941483246
1505100,427042,2911717,3338759,6.818338711414802
1505121,427062,2911748,3338810,6.818091986643625
1505157,427089,2911815,3338904,6.8178178318804745
1505245,427150,2911995,3339145,6.8172655975652585
1505265,427155,2912013,3339168,6.8172279383362016
1505876,427159,2913099,3340258,6.819706479320347
1505891,427164,2913127,3340291,6.81969220252643
1506308,427407,2913914,3341321,6.817656238667126
1506367,427436,2913994,3341430,6.817380847659065
1506793,427436,2914807,3342243,6.819282886794748
1506901,427499,2915019,3342518,6.818773845085018
1507055,427578,2915414,3342992,6.818437805499816
1507071,427578,2915440,3343018,6.8184986131185426
1507102,427583,2915497,3343080,6.818552187528503
1507133,427605,2915590,3343195,6.818418867880403
1507155,427605,2915630,3343235,6.818512412156078
1507163,427612,2915646,3343258,6.818438210340215
1507198,427626,2915691,3343317,6.81832021439295
1507249,427663,2915751,3343414,6.817870613076184
1507283,427684,2915776,3343460,6.8175942985942894
1507320,427696,2915794,3343490,6.817445101193371
1507397,427752,2915925,3343677,6.816858834090781
1507397,427752,2915970,3343722,6.81696403523537
1507461,427766,2916064,3343830,6.816960674761435
1507490,427782,2916129,3343911,6.816857651794606
1507557,427803,2916267,3344070,6.8168456041682735
1507603,427834,2916350,3344184,6.816545669582128
1507766,427848,2916757,3344605,6.81727389166246
1507936,427848,2917102,3344950,6.81808025280006
1507987,427863,2917182,3345045,6.818028200615617
1507990,427864,2917188,3345052,6.818026288727259
1508111,427938,2917379,3345317,6.817293626646851
1508170,427982,2917468,3345450,6.8168007065717715
1508771,427988,2918350,3346338,6.818765946708786
1508822,428003,2918483,3346486,6.818837718427207
1508885,428028,2918559,3346587,6.81861700636407
1508985,428036,2918776,3346812,6.818996533001897
1509187,428121,2919094,3347215,6.81838545644806
1509542,428306,2919523,3347829,6.81644198306818
1509573,428330,2919565,3347895,6.816158102397684
1509587,428330,2919591,3347921,6.8162188032591695
1509954,428334,2919896,3348230,6.816867211101617
1510013,428355,2920044,3348399,6.816878523654445
1510122,428439,2920271,3348710,6.816071832863021
1510156,428473,2920358,3348831,6.815734013578452
1510233,428493,2920549,3349042,6.815861636012723
1510303,428535,2920650,3349185,6.815429311491477
1510312,428537,2920666,3349203,6.815434839932141
1510457,428542,2920925,3349467,6.815959695899118
1510483,428552,2920964,3349516,6.81589165375497
1510531,428564,2921016,3349580,6.815822140917109
1510684,428661,2921239,3349900,6.814800040124947
1510697,428667,2921251,3349918,6.81473264795284
1510727,428688,2921280,3349968,6.814466465121487
1511482,428716,2922810,3351526,6.8175901995726775
1511522,428727,2922877,3351604,6.81757155485892
1511564,428735,2922939,3351674,6.817588953549396
1511626,428759,2923058,3351817,6.8174848807838435
1511666,428772,2923210,3351982,6.817632681238513
1511722,428772,2923300,3352072,6.817842583004487
1511837,428809,2923398,3352207,6.817482842011245
1511850,428815,2923414,3352229,6.817424763592691
1511897,428852,2923516,3352368,6.8170744219451
1512047,428943,2923872,3352815,6.816458130800596
1512081,428954,2923934,3352888,6.816427868722521
1512111,428969,2923980,3352949,6.816296748716108
1512185,428973,2924085,3353058,6.816477960151338
1512200,428979,2924108,3353087,6.816436235806415
1512478,428979,2924777,3353756,6.817995752705843
1512529,428979,2924899,3353878,6.818280148911718
1512547,428991,2924934,3353925,6.818171010580642
1512556,428996,2924986,3353982,6.818212757228506
1512706,429058,2925150,3354208,6.817609740408057
1512955,429058,2925486,3354544,6.818392851316139
1512993,429079,2925544,3354623,6.8181943185287555
1513145,429148,2925755,3354903,6.817589735941913
1513412,429345,2926258,3355603,6.815633115559748
1515128,429347,2929731,3359078,6.823690394948608
1515173,429366,2929833,3359199,6.823625997400819
1515180,429367,2929883,3359250,6.8237265556039475
1515274,429417,2930131,3359548,6.82350954899317
1515386,429468,2930238,3359706,6.822948391964012
1515391,429468,2930249,3359717,6.822974005048106
1515477,429481,2930382,3359863,6.823077155916094
1515516,429492,2930457,3359949,6.823077030538403
1515713,429570,2930803,3360373,6.822643573806364
1515723,429575,2930818,3360393,6.822599080486527
1515741,429575,2930833,3360408,6.822633998719665
1516443,429575,2932504,3362079,6.826523889891171
1516647,429619,2932945,3362564,6.826851233302065
1516663,429619,2932972,3362591,6.826914079684558
1516686,429633,2932997,3362630,6.826749807393752
1516735,429666,2933094,3362760,6.82645124352404
1516945,429666,2933741,3363407,6.827957064324382
1516984,429706,2933823,3363529,6.827512299106831
1517476,429883,2934302,3364185,6.825815396282244
1517509,429883,2934377,3364260,6.825989862357897
1517514,429885,2934385,3364270,6.82597671470277
1517610,429938,2934527,3364465,6.825465532239532
1517671,429952,2934621,3364573,6.825461912027389
1517723,429962,2934688,3364650,6.825458994050637
1517757,430000,2934748,3364748,6.824995348837209
1517829,430000,2934935,3364935,6.82543023255814
1518009,430027,2935077,3365104,6.825331897764559
1518096,430027,2935189,3365216,6.8255923465270785
1518324,430146,2935732,3365878,6.824966406754916
1518329,430148,2935739,3365887,6.824950947115877
1518333,430150,2935747,3365897,6.824937812391027
1518368,430174,2935787,3365961,6.824650025338584
1518416,430199,2935889,3366088,6.824490526477281
1518616,430199,2936329,3366528,6.825513308957017
1518646,430222,2936403,3366625,6.825320415971289
1518682,430239,2936474,3366713,6.825215752174954
1519010,430241,2937350,3367591,6.827220092924663
1519049,430243,2937498,3367741,6.827532347998689
1520402,430250,2940600,3370850,6.834631028471819
1520415,430252,2940625,3370877,6.834657363591569
1520438,430257,2940669,3370926,6.834680202762535
1520452,430263,2940682,3370945,6.834615107504015
1520520,430282,2940770,3371052,6.834517827843135
1520535,430284,2940783,3371067,6.834516272973199
1520732,430347,2940919,3371266,6.833831768317196
1521300,430347,2942310,3372657,6.8370640436670875
1521325,430354,2942351,3372705,6.837048104583668
1521459,430377,2942453,3372830,6.836919723870002
1521664,430402,2942618,3373020,6.836905962332889
1521691,430419,2942670,3373089,6.836756741686589
1521762,430451,2942806,3373257,6.836564440551887
1521935,430555,2943130,3373685,6.835665594407218
1521954,430570,2943159,3373729,6.835494809206401
1521978,430587,2943184,3373771,6.835282997396577
1521999,430620,2943258,3373878,6.834931029678138
1522038,430633,2943353,3373986,6.834945301451584
1522077,430643,2943412,3374055,6.834923591002292
1522188,430687,2943663,3374350,6.834808108905075
1522229,430716,2943721,3374437,6.83448258249055
1522279,430757,2943885,3374642,6.83421279282751
1522300,430759,2943885,3374644,6.8341810618002174
1522313,430773,2943901,3374674,6.833996095391308
1522324,430778,2943908,3374686,6.833933023506307
1522362,430786,2943961,3374747,6.833929143472629
1522394,430798,2944014,3374812,6.833861809943407
1522402,430808,2944039,3374847,6.833761211490966
1522423,430814,2944094,3374908,6.833793702154526
1523480,430814,2945413,3376227,6.836855348247735
1523534,430831,2945510,3376341,6.836810721605455
1523537,430831,2945518,3376349,6.836829290371399
1523573,430851,2945561,3376412,6.83661172888075
1523627,430866,2945665,3376531,6.836615096108767
1523639,430868,2945682,3376550,6.836622817196914
1523646,430877,2945700,3376577,6.83652179160178
1523647,430877,2945700,3376577,6.83652179160178
1523657,430877,2945716,3376593,6.8365589251689
1523667,430877,2945732,3376609,6.83659605873602
1523691,430891,2945775,3376666,6.836473725373702
1560993,430891,3056300,3487191,7.09297711022045
1560999,430891,3056314,3487205,7.093009601035993
1561041,430918,3056388,3487306,7.092736901220186
1561086,430955,3056492,3487447,7.092369272893921
1561137,430955,3056518,3487473,7.092429604018981
1561199,430955,3056582,3487537,7.092578111403743
1561663,431029,3057255,3488284,7.092921821965575
1561686,431037,3057274,3488311,7.092834257847934
1561753,431040,3057430,3488470,7.093146807720861
1561757,431040,3057440,3488480,7.093170007423905
1562058,431040,3058039,3489079,7.0945596696362285
1562075,431040,3058084,3489124,7.094664068299926
1562120,431061,3058194,3489255,7.094573621830785
1562524,431206,3059605,3490811,7.095460174487368
1562638,431206,3059764,3490970,7.095828907761024
1562759,431221,3059872,3491093,7.095832531347035
1562822,431258,3059971,3491229,7.095453301735851
1562898,431299,3060152,3491451,7.095198458609921
1562907,431307,3060171,3491478,7.095110907080108
1562929,431316,3060248,3491564,7.095141381261071
1562991,431351,3060444,3491795,7.095020064865968
1563011,431351,3060474,3491825,7.095089613794798
1563211,431475,3060887,3492362,7.094007764065125
1563216,431477,3060892,3492369,7.093986469730716
1563296,431516,3061108,3492624,7.093845882887309
1563314,431516,3061151,3492667,7.093945531567775
1563340,431522,3061179,3492701,7.093911782018067
1563350,431526,3061188,3492714,7.09386688171744
1563521,431570,3061588,3493158,7.094070486827166
1563543,431583,3061620,3493203,7.093930947233789
1563556,431590,3061677,3493267,7.09394795986932
1564005,431590,3061677,3493267,7.09394795986932
1564084,431594,3064913,3496507,7.101380000648758
1565917,431594,3067403,3498997,7.10714931162157
1565974,431629,3067482,3499111,7.106756033538062
1566076,431684,3067713,3499397,7.106385689532158
1566099,431686,3067724,3499410,7.106378247151865
1566186,431686,3067861,3499547,7.106695607455419
1566191,431686,3067871,3499557,7.10671877244108
1566200,431693,3067904,3499597,7.1066799785959
1566201,431693,3067906,3499599,7.106684611517907
1566343,431756,3068138,3499894,7.106184974846904
1566538,431757,3068608,3500365,7.107257091373157
1566591,431757,3068776,3500533,7.107646199135162
1566698,431806,3068934,3500740,7.107205550640797
1567352,432089,3071295,3503384,7.108014783991261
1567453,432135,3071525,3503660,7.107790389577331
1567459,432138,3071549,3503687,7.10779658349879
1567475,432145,3071578,3503723,7.107748556618728
1567479,432145,3071595,3503740,7.107787895266635
1567502,432159,3071636,3503795,7.107652507526165
1567541,432170,3071728,3503898,7.107684476016383
1567593,432197,3071800,3503997,7.107407038919752
1567871,432442,3072391,3504833,7.104746994972737
1567896,432451,3072466,3504917,7.104772563828041
1568014,432496,3072606,3505102,7.104357034515926
1568035,432496,3072631,3505127,7.104414838518737
1568078,432504,3072718,3505222,7.104484582801546
1568181,432504,3072855,3505359,7.104801342877754
1568195,432511,3072885,3505396,7.104755717195632
1568202,432511,3072885,3505396,7.104755717195632
1568208,432513,3072889,3505402,7.104732112098365
1568208,432513,3072889,3505402,7.104732112098365
1568234,432523,3072915,3505438,7.104627961981213
1568292,432538,3072984,3505522,7.10454110390301
1568379,432604,3073133,3505737,7.1038016292036135
1568403,432617,3073166,3505783,7.103664442220255
1568490,432657,3073338,3505995,7.10340523786741
1568645,432658,3073413,3506071,7.103562166884699
1568675,432667,3073472,3506139,7.103550767680456
1569035,432846,3073990,3506836,7.101809881574509
1569114,432877,3074125,3507002,7.101613160320368
1569138,432893,3074174,3507067,7.101463872134684
1569172,432906,3074220,3507126,7.101356876550567
1569177,432906,3074229,3507135,7.101377666283212
1569527,432906,3074629,3507535,7.1023016544007245
1569535,432911,3074633,3507544,7.102228864593415
1569552,432911,3074678,3507589,7.102332812056058
1569598,432926,3074739,3507665,7.102227632436028
1569653,432929,3074930,3507859,7.102619598132719
1569672,432936,3074989,3507925,7.102641037012399
1569775,432936,3075158,3508094,7.103031394940592
1569949,432981,3075279,3508260,7.102572630207792
1569965,432991,3075308,3508299,7.102475571085773
1569987,432998,3075338,3508336,7.102430034318865
1570047,432998,3075380,3508378,7.102527032457425
1570099,433001,3075401,3508402,7.10252632211011
1570162,433001,3075528,3508529,7.102819623973155
1570240,433047,3075650,3508697,7.102346858424143
1570670,433064,3076130,3509194,7.103176435815492
1570693,433078,3076155,3509233,7.103004539597948
1571390,433078,3078050,3511128,7.1073801947917
1571398,433078,3078069,3511147,7.107424066796281
1571528,433157,3078212,3511369,7.106457935575323
1571567,433166,3078273,3511439,7.1064511065042035
1571669,433229,3078565,3511794,7.106091697462543
1571691,433229,3078618,3511847,7.106214034609872
1571732,433238,3078670,3511908,7.1061864379394235
1571766,433268,3078725,3511993,7.1058213392172975
1571813,433281,3078783,3512064,7.10574200114937
1571836,433304,3078845,3512149,7.105507911304765
1571857,433321,3078878,3512199,7.1053053048432915
1572265,433321,3079985,3513306,7.107859992938261
1572322,433334,3080064,3513398,7.107829064878362
1572502,433446,3080299,3513745,7.106534608694047
1572865,433617,3081179,3514796,7.105761536102136
1572981,433640,3081454,3515094,7.106018817452265
1573126,433640,3081790,3515430,7.106793653721981
1573437,433727,3082406,3516133,7.106788371487133
1573471,433742,3082457,3516199,7.106660180475951
1573490,433742,3082472,3516214,7.106694763246354
1573514,433754,3082499,3516253,7.106560400595729
1573539,433762,3082572,3516334,7.106597627270254
1573552,433766,3082576,3516342,7.106541314902505
1573962,433766,3083431,3517197,7.10851242374921
1574360,433826,3084730,3518556,7.110523573967443
1574437,433853,3085020,3518873,7.110749493492035
1574567,433873,3085197,3519070,7.110829666745799
1574595,433880,3085225,3519105,7.110779478196736
1574625,433889,3085280,3519169,7.110758742443344
1574685,433937,3085381,3519318,7.110204937583106
1574711,433957,3085433,3519390,7.10999707344276
1574714,433957,3085442,3519399,7.110017812824773
1575349,434145,3086543,3520688,7.109474945006853
1575465,434145,3086841,3520986,7.110161351622154
1575476,434151,3086868,3521019,7.1101252789927925
1575571,434195,3086971,3521166,7.109641981137507
1575687,434200,3087252,3521452,7.110207277752188
1575709,434200,3087304,3521504,7.11032703823123
1575737,434200,3087324,3521524,7.1103730999539385
1575798,434200,3087425,3521625,7.110605711653616
1575799,434200,3087427,3521627,7.110610317825887
1575866,434200,3087554,3521754,7.1109028097650855
1575909,434221,3087614,3521835,7.11069708742783
1575915,434225,3087621,3521846,7.1106477056825375
1575928,434235,3087662,3521897,7.110578373461375
1576015,434272,3087748,3522020,7.110170584334242
1576099,434326,3087905,3522231,7.109648052384614
1576210,434394,3088195,3522589,7.109202705378067
1576229,434413,3088231,3522644,7.108974639340904
1576265,434430,3088326,3522756,7.108915130170568
1576301,434439,3088355,3522794,7.108834611993859
1576482,434485,3088544,3523029,7.108516979872723
1576496,434491,3088571,3523062,7.10848095817865
1576572,434550,3088680,3523230,7.1077666551605105
1576582,434550,3088696,3523246,7.1078034748590495
1576825,434553,3088937,3523490,7.108308997981834
1576930,434652,3089159,3523811,7.107200703091209
1576957,434664,3089191,3523855,7.107078110908656
1576983,434664,3089251,3523915,7.107216148565328
1577050,434668,3089549,3524217,7.107836325655443
1577526,434740,3090005,3524745,7.107708055389428
1577590,434760,3090092,3524852,7.107581194222099
1577620,434775,3090111,3524886,7.107379679144385
1577759,434813,3090385,3525198,7.107388693530322
1577864,434865,3090505,3525370,7.106814758603245
1577928,434865,3090606,3525471,7.107047014590735
1578000,434888,3090750,3525638,7.107002262651533
1578029,434900,3090768,3525668,7.106847551161186
1578051,434902,3090799,3525701,7.106886149063468
1578081,434902,3090854,3525756,7.107012614336103
1578093,434908,3090893,3525801,7.107004239977191
1578694,434908,3091781,3526689,7.109046051118857
1578737,434922,3091876,3526798,7.109035643172799
1579025,434931,3093660,3528591,7.1129903363981875
1579852,435239,3095136,3530375,7.11134801798552
1580222,435389,3095773,3531162,7.110361079402558
1580236,435399,3095818,3531217,7.110301126093537
1580595,435399,3096877,3532276,7.112733377890165
1580603,435405,3096887,3532292,7.112658329601176
1580665,435423,3096957,3532380,7.112525061836421
1580912,435423,3097312,3532735,7.113340360982309
1580928,435443,3097354,3532797,7.113110097073555
1581073,435537,3097700,3533237,7.112369327979024
1581084,435539,3097723,3533262,7.112389476028553
1581124,435552,3097758,3533310,7.1122575490412165
1581403,435652,3098078,3533730,7.111359525492825
1581404,435652,3098080,3533732,7.111364116313021
1581455,435652,3098080,3533732,7.111364116313021
1581458,435652,3098089,3533741,7.111384775003902
1581543,435658,3098176,3533834,7.111486533014428
1581651,435658,3098513,3534171,7.11226007556386
1581848,435680,3098567,3534247,7.112024880646346
1581863,435689,3098614,3534303,7.111985843112863
1581872,435694,3098638,3534332,7.111959310892507
1583440,435842,3099152,3534994,7.110723610849804
1583449,435846,3099161,3535007,7.110679001298624
1583459,435846,3099177,3535023,7.110715711512782
1583486,435846,3099231,3535077,7.110839608485566
1583518,435848,3099278,3535126,7.110914814338944
1583560,435863,3099386,3535249,7.110917880159591
1583588,435863,3099406,3535269,7.110963766137525
1583756,435954,3099650,3535604,7.110039132569033
1583766,435964,3099672,3535636,7.109926507693296
1583828,436002,3099774,3535776,7.109540781923019
1583861,436017,3099824,3535841,7.109410871594457
1583895,436027,3099876,3535903,7.109367080478961
1584082,436094,3100013,3536107,7.108588973936812
1584094,436103,3100028,3536131,7.108476667209352
1584124,436120,3100095,3536215,7.10835320553976
1584137,436137,3100111,3536248,7.108112817761391
1584140,436137,3100120,3536257,7.108133453479067
1584186,436137,3100263,3536400,7.108461332104362
1584248,436153,3100316,3536469,7.108322079637191
1584259,436153,3100334,3536487,7.108363349558527
1584928,436278,3101056,3537334,7.107981608057248
1585868,436295,3104314,3540609,7.115172073940797
1585915,436309,3104398,3540707,7.115136291023105
1585938,436320,3104427,3540747,7.115023377337733
1585949,436322,3104447,3540769,7.115036601409051
1585970,436331,3104476,3540807,7.114956306107061
1586008,436331,3104586,3540917,7.115208408295537
1586050,436355,3104645,3541000,7.114952275097111
1586210,436355,3104921,3541276,7.115584787615588
1586213,436357,3104933,3541290,7.115579674440882
1586214,436357,3104935,3541292,7.1155842578439215
1586602,436453,3105948,3542401,7.116340132843628
1586660,436453,3105985,3542438,7.116424907149224
1586722,436474,3106060,3542534,7.116254347337986
1586910,436614,3106419,3543033,7.114794761505586
1586962,436646,3106493,3543139,7.1144428209579385
1587015,436659,3106539,3543198,7.114336358577288
1587097,436686,3106677,3543363,7.114212500515245
1587115,436699,3106704,3543403,7.114062546513732
1587122,436702,3106723,3543425,7.114057183159225
1587134,436703,3106750,3543453,7.114102719697368
1587147,436703,3106764,3543467,7.114134778098617
1587252,436729,3107013,3543742,7.114281396472412
1587313,436739,3107215,3543954,7.114581019785272
1587377,436777,3107463,3544240,7.114529840170156
1587512,436817,3107620,3544437,7.114237770050158
1587547,436817,3107703,3544520,7.114427780970063
1587565,436822,3107716,3544538,7.114376107430487
1587613,436831,3107774,3544605,7.114362304873052
1587641,436839,3107803,3544642,7.114298402844068
1587652,436841,3107823,3544664,7.114311614523362
1587664,436851,3107842,3544693,7.114192253193881
1587673,436854,3107849,3544703,7.114159421683217
1587686,436857,3107876,3544733,7.1141723721950205
1587712,436872,3107911,3544783,7.114008222087934
1587761,436905,3108008,3544913,7.11369290806926
1587772,436907,3108016,3544923,7.113678654725147
1587916,436907,3108191,3545098,7.1140791976324484
1587921,436909,3108199,3545108,7.114064942585298
1590148,437809,3111415,3549224,7.106786292652732
1590332,437900,3111754,3549654,7.106083580726193
1590333,437900,3111758,3549658,7.106092715231788
1590449,437955,3111991,3549946,7.105732324097224
1590513,437966,3112110,3550076,7.105825566368166
1590552,437987,3112155,3550142,7.105587608764644
1590583,437987,3112196,3550183,7.105681218848961
1590618,438004,3112255,3550259,7.105540132053589
1590710,438014,3112624,3550638,7.106220349121261
1590721,438022,3112630,3550652,7.1061042596033985
1590756,438034,3112727,3550761,7.10613103092454
1590776,438040,3112785,3550825,7.106166103552187
1591037,438262,3113260,3551522,7.103650327886059
1591070,438289,3113300,3551589,7.103303984357353
1591239,438322,3113486,3551808,7.10319354264673
1591251,438328,3113524,3551852,7.10318300450804
1591304,438385,3113629,3552014,7.102498944991275
1591322,438385,3113639,3552024,7.102521755990739
1591399,438385,3113848,3552233,7.102998505879535
1591445,438411,3113947,3552358,7.102803077477526
1591511,438431,3114067,3552498,7.102752770675432
1591567,438431,3114179,3552610,7.103008227064236
1591583,438431,3114205,3552636,7.103067529440208
1591607,438452,3114278,3552730,7.102893817339184
1591642,438477,3114311,3552788,7.102564102564102
1591767,438531,3114503,3553034,7.1021273296528635
1591779,438550,3114535,3553085,7.101892600615665
1591974,438653,3114944,3553597,7.101157406879698
1591994,438659,3114965,3553624,7.101108150066453
1592009,438662,3114971,3553633,7.101073263697335
1592047,438670,3115068,3553738,7.101164884765313
1592070,438683,3115110,3553793,7.101050188860749
1592176,438716,3115199,3553915,7.100718916109739
1592178,438716,3115204,3553920,7.100730313004313
1592211,438729,3115250,3553979,7.1006247592477365
1592272,438750,3115346,3554096,7.100503703703704
1592292,438750,3115375,3554125,7.100569800569801
1592412,438801,3115513,3554314,7.100059024478067
1592429,438808,3115540,3554348,7.100007292483273
1592494,438856,3115687,3554543,7.099565688973148
1592528,438856,3115736,3554592,7.0996773429097475
1592613,438898,3115868,3554766,7.099298698102976
1592654,438901,3115945,3554846,7.099425610786943
1592801,438951,3116093,3555044,7.098954097382168
1592822,438959,3116106,3555065,7.098854334915106
1592942,439028,3116529,3555557,7.098702132893574
1593054,439041,3116831,3555872,7.099179803253
1593106,439041,3116958,3555999,7.099469070086848
1593138,439041,3117085,3556126,7.099758336920698
1593191,439059,3117116,3556175,7.099537875319718
1593364,439184,3117491,3556675,7.098371069984335
1593428,439189,3117626,3556815,7.09859764247283
1593632,439240,3118068,3557308,7.098779710408888
1593639,439244,3118104,3557348,7.0987970239775615
1593673,439266,3118150,3557416,7.098546211179559
1593695,439266,3118188,3557454,7.098632719126907
1593724,439272,3118262,3557534,7.098704219708973
1593729,439279,3118275,3557554,7.098620694365085
1593801,439312,3118424,3557736,7.09842663073169
1593877,439335,3118515,3557850,7.098262146198231
1593999,439384,3118634,3558018,7.097741383391293
1594031,439384,3118655,3558039,7.097789177575879
1594118,439476,3118762,3558238,7.096546796639634
1594312,439485,3119880,3559365,7.098945356496809
1594333,439493,3119935,3559428,7.098941280065894
1594436,439496,3120303,3559799,7.099730145439321
1594481,439496,3120364,3559860,7.0998689407867195
1594697,439496,3121217,3560713,7.101809800316726
1594841,439611,3121519,3561130,7.100638974002015
1594851,439616,3121528,3561144,7.100578686853981
1595000,439674,3121704,3561378,7.100042304070743
1595014,439675,3121727,3561402,7.100078467049525
1595046,439675,3121761,3561436,7.100155796895434
1595110,439702,3121921,3561623,7.100083693046654
1595125,439714,3121934,3561648,7.099919493125077
1595140,439714,3121981,3561695,7.1000263807838735
1595188,439767,3122084,3561851,7.099404912146659
1595237,439793,3122146,3561939,7.099126179816413
1595291,439805,3122230,3562035,7.099123475176499
1595309,439805,3122230,3562035,7.099123475176499
1595361,439829,3122357,3562186,7.099024848293314
1595693,439933,3122972,3562905,7.0987445815612835
1596020,439933,3123795,3563728,7.10061532096933
1596069,439948,3123881,3563829,7.100568703574059
1596091,439966,3123932,3563898,7.100394121363924
1596114,439980,3123966,3563946,7.1002454657029865
1596141,439992,3124004,3563996,7.100138184330624
1596145,439992,3124011,3564003,7.1001540937107945
1596199,439999,3124159,3564158,7.100377500857957
1596219,439999,3124180,3564179,7.100425228239155
1596261,439999,3124244,3564243,7.100570683115189
1596503,440010,3124817,3564827,7.101695416013272
1596527,440033,3124878,3564911,7.101462844832092
1596554,440054,3124911,3564965,7.101198943765993
1596583,440054,3124946,3565000,7.101278479459339
1596618,440061,3124963,3565024,7.101204151242668
1605449,440061,3151454,3591515,7.161402623727165
1605492,440085,3151520,3591605,7.161162048240681
1605604,440091,3151829,3591920,7.161766543737545
1605633,440107,3151848,3591955,7.161549350498856
1605720,440107,3152035,3592142,7.1619742471717105
1605742,440109,3152042,3592151,7.161957605956706
1605811,440132,3152114,3592246,7.161746930466315
1605893,440146,3152226,3592372,7.161773593307675
1605909,440146,3152252,3592398,7.161832664615832
1605936,440160,3152277,3592437,7.161661668484188
1606016,440222,3152423,3592645,7.160984684999841
1606059,440246,3152472,3592718,7.160705605502378
1606070,440247,3152481,3592728,7.160709783371607
1606085,440259,3152503,3592762,7.160564576760498
1606134,440259,3152608,3592867,7.16080307273673
1606506,440259,3153326,3593585,7.162433930936108
1606513,440264,3153345,3593609,7.162395744371559
1607670,440837,3155209,3596046,7.157314381506089
1607695,440846,3155286,3596132,7.157342927008525
1607798,440846,3155423,3596269,7.157653693126398
1607875,440857,3155443,3596300,7.1575204658199825
1607885,440857,3155459,3596316,7.157556758767583
1607937,440869,3155482,3596351,7.157414107138401
1607939,440870,3155486,3596356,7.1574069453580424
1607950,440877,3155500,3596377,7.157325058916659
1607967,440883,3155518,3596401,7.157268481660667
1608007,440901,3155573,3596474,7.157101027214726
1608026,440906,3155611,3596517,7.157106049815607
1610244,441676,3160917,3602593,7.156641972848876
1610365,441676,3161157,3602833,7.157185357592443
1610368,441676,3161166,3602842,7.1572057345203275
1610540,441676,3161542,3603218,7.15805703728525
1610611,441688,3161672,3603360,7.158156889025737
1610637,441693,3161683,3603376,7.158100762294173
1610680,441716,3161731,3603447,7.157836709559989
1610772,441716,3161916,3603632,7.158255530702986
1610780,441721,3161930,3603651,7.158206198029978
1610827,441730,3161972,3603702,7.15815543431508
1610907,441730,3162066,3603796,7.158368233989088
1611175,441763,3162494,3604257,7.158802344243407
1611564,441901,3163032,3604933,7.1577842095854045
1611757,441901,3163126,3605027,7.157996926913494
1611785,441918,3163155,3605073,7.1577871912888815
1611939,441961,3163328,3605289,7.157482221281969
1612372,441980,3163764,3605744,7.1581610027603055
1612618,442115,3164017,3606132,7.15654750460853
1612649,442124,3164072,3606196,7.1565262234124365
1612812,442124,3164292,3606416,7.15702382137138
1612848,442135,3164315,3606450,7.156897780089792
1613171,442310,3164757,3607067,7.155065451832425
1613180,442312,3164780,3607092,7.155085098301651
1613477,442470,3165238,3607708,7.1535652134608
1613486,442472,3165253,3607725,7.15356677936683
1613731,442605,3165542,3608147,7.152070130251579
1613761,442615,3165574,3608189,7.151980841137331
1613764,442615,3165576,3608191,7.151985359737018
1613871,442635,3165622,3608257,7.151766127848001
1613884,442639,3165629,3608268,7.151717313657405
1613963,442685,3165837,3608522,7.151444029050002
1614068,442685,3166093,3608778,7.152022318352779
1614083,442690,3166126,3608816,7.152016083489575
1614106,442696,3166151,3608847,7.151975622097331
1614280,442696,3166566,3609262,7.152913059977953
1614300,442700,3166586,3609286,7.152893607409081
1614567,442700,3167203,3609903,7.154287327761463
1614592,442723,3167228,3609951,7.153972122523564
1614623,442749,3167279,3610028,7.153667201958672
1614628,442751,3167286,3610037,7.153650697570417
1614666,442766,3167307,3610073,7.153455775737071
1614811,442766,3167588,3610354,7.154090422480498
1614842,442775,3167651,3610426,7.154087290384507
1614860,442782,3167688,3610470,7.1540577530251905
1614991,442795,3167925,3610720,7.1543829537370565
1615232,442819,3168386,3611205,7.155036256348531
1615245,442819,3168386,3611205,7.155036256348531
1615710,443019,3169363,3612382,7.154011453233383
1615820,443060,3169586,3612646,7.153852751320363
1615865,443065,3169690,3612755,7.154006748445488
1615927,443116,3169804,3612920,7.153440634055191
1616229,443317,3170284,3613601,7.151280009564262
1616257,443337,3170332,3613669,7.151065667877935
1616409,443429,3170686,3614115,7.1503803314623084
1616424,443432,3170704,3614136,7.150372548665861
1616471,443452,3170754,3614206,7.150162813562686
1616489,443452,3170764,3614216,7.150185363917628
1616522,443457,3170780,3614237,7.150140825378785
1616775,443457,3171160,3614617,7.150997729204861
1616887,443520,3171247,3614767,7.1501781204906205
1616925,443537,3171267,3614804,7.149949158694765
1616934,443542,3171288,3614830,7.149915904243566
1617088,443597,3171429,3615026,7.1493472679030745
1617090,443597,3171434,3615031,7.149358539394991
1617123,443597,3171466,3615063,7.149430676943261
1617374,443726,3171972,3615698,7.1484925381879805
1617461,443734,3172054,3615788,7.148548454704846
1617468,443737,3172070,3615807,7.148536182468444
1617491,443737,3172118,3615855,7.148644354651516
1617514,443750,3172143,3615893,7.148491267605634
1617529,443756,3172173,3615929,7.148462217975644
1617600,443770,3172382,3616152,7.148707663879938
1617646,443770,3172442,3616212,7.148842869053789
1617681,443784,3172480,3616264,7.1487029726173095
1617711,443793,3172536,3616329,7.148684183842467
1617874,443806,3172944,3616750,7.149394104631303
1618091,443909,3173296,3617205,7.148528189336103
1618194,443940,3173508,3617448,7.148506554939857
1618229,443949,3173563,3617512,7.148485524238144
1618601,444065,3174637,3618702,7.149036740116875
1618656,444091,3174709,3618800,7.14878031754753
1618930,444124,3175278,3619402,7.149530311354487
1618952,444124,3175338,3619462,7.149665408759716
1619071,444152,3175460,3619612,7.149489364001513
1619092,444162,3175501,3619663,7.149420706859209
1619203,444178,3175610,3619788,7.149408570437978
1619207,444180,3175615,3619795,7.149387635643207
1620208,444186,3177312,3621498,7.153111534357229
1620311,444231,3177486,3621717,7.152778621933184
1620456,444235,3178045,3622280,7.153972559568697
1620656,444310,3178449,3622759,7.153674236456528
1620854,444395,3178718,3623113,7.152911261377828
1620859,444400,3178730,3623130,7.152857785778578
1621006,444484,3178911,3623395,7.151913229722554
1621084,444527,3179037,3623564,7.151504857972632
1621097,444535,3179066,3623601,7.15144139381601
1621136,444535,3179119,3623654,7.151560619523772
1621401,444620,3179430,3624050,7.150892897305564
1621634,444620,3179785,3624405,7.15169133192389
1621746,444630,3179890,3624520,7.1517666374288735
1621932,444719,3180170,3624889,7.150964991376577
1621955,444726,3180215,3624941,7.150953620881172
1621964,444726,3180215,3624941,7.150953620881172
1622557,444778,3181235,3626013,7.152410865645333
1622743,444803,3181448,3626251,7.1524877305234
1622767,444803,3181478,3626281,7.152555176111672
1623194,445041,3182129,3627170,7.150192903575176
1623212,445048,3182153,3627201,7.150134367528896
1623227,445058,3182229,3627287,7.150144475551501
1623251,445071,3182247,3627318,7.149976071233579
1623410,445160,3182760,3627920,7.149698984634738
1623670,445160,3183078,3628238,7.150413334531405
1623703,445165,3183094,3628259,7.150368964316602
1623710,445165,3183108,3628273,7.150400413329889
1623725,445165,3183115,3628280,7.150416137836532
1624284,445165,3184698,3629863,7.153972122696079
1624601,445432,3185650,3631082,7.151821153397152
1624847,445435,3186081,3631516,7.152740579433587
1624960,445463,3186329,3631792,7.152847711257725
1625553,445463,3187401,3632864,7.155254196195868
1625574,445463,3187431,3632894,7.15532154185645
1625605,445495,3187514,3633009,7.154993883208566
1625664,445507,3187639,3633146,7.1550817383340775
1625685,445512,3187647,3633159,7.155019393417012
1625786,445512,3187826,3633338,7.155421178329652
1625819,445517,3187842,3633359,7.155376786968848
1625835,445517,3187868,3633385,7.155435146133593
1625866,445532,3187946,3633478,7.15536931129526
1625915,445574,3188022,3633596,7.154865409561599
1626098,445647,3188366,3634013,7.154465305499644
1626193,445701,3188500,3634201,7.153899138660223
1626311,445720,3188744,3634464,7.154141613569057
1626335,445726,3188766,3634492,7.154094668024751
1626410,445745,3188911,3634656,7.154115020920033
1626429,445752,3188952,3634704,7.154094653529317
1626458,445758,3188972,3634730,7.15404322524778
1626463,445760,3188989,3634749,7.154049264178033
1626488,445770,3189045,3634815,7.154014402045898
1626621,445800,3189304,3635104,7.154113952445043
1626670,445829,3189416,3635245,7.153899813605665
1626707,445853,3189478,3635331,7.153653782749022
1626750,445858,3189553,3635411,7.153741774286881
1626787,445865,3189606,3635471,7.1537483318941835
1627034,445999,3190014,3636013,7.15251379487398
1627299,445999,3190839,3636838,7.154363574806221
1627322,446011,3190862,3636873,7.154222653701366
1627372,446054,3190985,3637039,7.153808731678227
1627449,446109,3191130,3637239,7.153251783756884
1627535,446109,3191229,3637338,7.15347370261528
1627617,446155,3191344,3637499,7.15299391467091
1627800,446156,3191572,3637728,7.153488914191449
1627819,446161,3191610,3637771,7.153493918114761
1627837,446173,3191654,3637827,7.153400138511295
1627878,446183,3191712,3637895,7.153369805662699
1627940,446183,3191767,3637950,7.153493073469854
1628348,446213,3193007,3639220,7.155791068391105
1628608,446372,3193539,3639911,7.154433969872662
1628630,446378,3193569,3639947,7.154405010999646
1628662,446380,3193616,3639996,7.154478247233299
1629027,446587,3194608,3641195,7.153383327324799
1629082,446599,3194672,3641271,7.153334423050656
1629151,446616,3194754,3641370,7.153245741307969
1629189,446643,3194836,3641479,7.152996912522977
1629228,446657,3194872,3641529,7.152853308019353
1629276,446672,3194988,3641660,7.152872801518788
1629329,446706,3195074,3641780,7.1525208974135115
1629445,446706,3195199,3641905,7.152800723518377
1629537,446706,3195254,3641960,7.1529238470045176
1629669,446771,3195433,3642204,7.152283832209342
1629691,446783,3195479,3642262,7.152194689592039
1629736,446805,3195643,3642448,7.152209576884771
1629769,446829,3195686,3642515,7.151921652354704
1630267,446963,3196159,3643122,7.150835751505158
1630327,446977,3196351,3643328,7.151041328748459
1630344,446984,3196368,3643352,7.150967372433913
1630394,447007,3196418,3643425,7.150711286400437
1630446,447017,3196483,3643500,7.150696729654577
1630468,447035,3196535,3643570,7.150525126667934
1630873,447074,3197440,3644514,7.1519256319982825
1630902,447081,3197473,3644554,7.151887465582299
1630937,447093,3197537,3644630,7.1518386554922575
1631069,447110,3197770,3644880,7.152087853101027
1631105,447121,3197799,3644920,7.15197675796932
1631106,447121,3197803,3644924,7.151985704093523
1631158,447136,3197876,3645012,7.151909038860659
1631173,447140,3197906,3645046,7.151912152793309
1631388,447149,3198043,3645192,7.152074588112687
1631550,447219,3198377,3645596,7.151701962573147
1631720,447219,3198598,3645817,7.152196127624274
1632153,447262,3199545,3646807,7.153625838993699
1632156,447263,3199550,3646813,7.15362102387186
1632220,447280,3199630,3646910,7.153527991414774
1632342,447383,3199903,3647286,7.152491265872865
1632349,447383,3199925,3647308,7.152540440740931
1632362,447392,3199941,3647333,7.152432318861312
1632392,447392,3200002,3647394,7.152568664616265
1632600,447506,3200432,3647938,7.151707463140159
1632787,447538,3200738,3648276,7.151879840371097
1632806,447542,3200770,3648312,7.151887420621975
1632808,447544,3200770,3648314,7.151855460021808
1632843,447552,3200786,3648338,7.15176337051337
1632934,447559,3200894,3648453,7.151892823069137
1632986,447577,3200947,3648524,7.151723614037361
1633019,447592,3201008,3648600,7.151620225562566
1633045,447592,3201034,3648626,7.151678314178985
1633195,447633,3201312,3648945,7.151644315767604
1634384,447633,3203303,3650936,7.156092155850887
1634393,447636,3203312,3650948,7.156064302245574
1634418,447653,3203333,3650986,7.15583945600722
1634438,447660,3203352,3651012,7.1557700040209085
1634439,447663,3203352,3651015,7.155722049845531
1634449,447667,3203372,3651039,7.155702788009838
1634480,447679,3203389,3651068,7.155548953602916
1634535,447698,3203471,3651169,7.1554284361332865
1634559,447698,3203524,3651222,7.155546819507793
1634699,447748,3203683,3651431,7.15510287036458
1634773,447754,3203860,3651614,7.155402296796902
1635030,447754,3204192,3651946,7.156143775376658
1635778,447767,3206026,3653793,7.160031891586472
1635798,447774,3206051,3653825,7.159975791359034
1635844,447786,3206095,3653881,7.1598821758607905
1635872,447786,3206115,3653901,7.159926840053061
1637041,447786,3208641,3656427,7.165567927536815
1637042,447786,3208643,3656429,7.165572393956041
1637108,447817,3208721,3656538,7.165250537607996
1637193,447843,3208897,3656740,7.165227546260631
1637311,447843,3209074,3656917,7.165622774052514
1637346,447848,3209178,3657026,7.165774995087619
1637406,447858,3209312,3657170,7.1659141960174875
1637686,447858,3210070,3657928,7.167606696765493
1637698,447861,3210087,3657948,7.16759664270834
1638461,447873,3211659,3659532,7.170914522643696
1638502,447881,3211725,3659606,7.17093379714701
1638614,447960,3211916,3659876,7.170095544245022
1638620,447960,3211929,3659889,7.1701245646932765
1638709,448011,3212091,3660102,7.169669941139838
1638764,448019,3212171,3660190,7.169720480604617
1638862,448042,3212586,3660628,7.1702786792309645
1638884,448044,3212593,3660637,7.170262295667389
1638905,448051,3212630,3660681,7.170232852956471
1638941,448057,3212672,3660729,7.170230573342231
1639059,448150,3212962,3661112,7.169389713265647
1639086,448163,3212992,3661155,7.169248688535198
1639095,448165,3213008,3661173,7.1692523958809815
1639106,448170,3213026,3661196,7.169212575585157
1639121,448173,3213049,3661222,7.1692159054650775
1639162,448188,3213083,3661271,7.1690518264656795
1639257,448188,3213186,3661374,7.169281640740047
1639898,448188,3214156,3662344,7.171445911090881
1640350,448188,3214988,3663176,7.173302274938195
1640403,448191,3215071,3663262,7.173439448806424
1640413,448191,3215073,3663264,7.173443911189649
1640573,448284,3215365,3663649,7.172607097286542
1640749,448284,3215868,3664152,7.173729153839976
1640764,448291,3215883,3664174,7.173650597491362
1641126,448354,3216637,3664991,7.174324306240158
1642336,448473,3219732,3668205,7.179321832083537
1642507,448473,3220076,3668549,7.180088879375124
1642523,448473,3220101,3668574,7.180144624091082
1642797,448502,3220222,3668724,7.179950145149855
1642906,448502,3220420,3668922,7.180391614753112
1643060,448502,3220676,3669178,7.1809624037351005
1643822,448523,3222250,3670773,7.184135484690863
1644530,448786,3222999,3671785,7.181594345634668
1644549,448797,3223026,3671823,7.181478485818755
1644585,448816,3223103,3671919,7.181346030444548
1644594,448818,3223123,3671941,7.181358590787357
1644790,448818,3223451,3672269,7.182089399266518
1644820,448834,3223490,3672324,7.181920264507591
1644860,448862,3223602,3672464,7.181721776403438
1644872,448868,3223637,3672505,7.181703752550861
1644918,448889,3223707,3672596,7.181523717444624
1645006,448938,3223820,3672758,7.180991584584063
1645048,448938,3223908,3672846,7.181187602742472
1645068,448940,3223915,3672855,7.181171203278835
1645234,448940,3224330,3673270,7.182095602975899
1645244,448940,3224346,3673286,7.182131242482291
1645272,448940,3224411,3673351,7.182276027977013
1645401,448943,3224710,3673653,7.182894042228078
1645410,448945,3224717,3673662,7.182877635345087
1645436,448962,3224750,3673712,7.182679157701543
1645499,448995,3224831,3673826,7.182331651800132
1645629,449057,3225047,3674104,7.18182101604028
1645691,449080,3225092,3674172,7.181553398058252
1645904,449091,3226140,3675231,7.183711096414758
1645949,449125,3226202,3675327,7.183305315892012
1645956,449127,3226206,3675333,7.183282234201017
1646221,449296,3226645,3675941,7.18155736975179
1647061,449701,3228394,3678095,7.1789789215500965
1647117,449714,3228499,3678213,7.179004878656213
1647158,449725,3228529,3678254,7.178895991995108
1647279,449725,3228869,3678594,7.179652009561399
1647320,449750,3228922,3678672,7.1793707615341855
1647367,449750,3229026,3678776,7.1796020011117285
1647380,449756,3229039,3678795,7.179535125712609
1647401,449766,3229050,3678816,7.179399954643081
1647431,449788,3229083,3678871,7.179122164219588
1647445,449800,3229115,3678915,7.179001778568253
1647472,449800,3229146,3678946,7.179070698088039
1647542,449800,3229283,3679083,7.17937527790129
1647643,449800,3229462,3679262,7.179773232547799
1647839,449809,3230610,3680419,7.182181770484806
1647860,449822,3230666,3680488,7.182098696817852
1647944,449876,3230934,3680810,7.1818323271301425
1647957,449883,3230945,3680828,7.181745031485964
1647990,449895,3230963,3680858,7.181593482923794
1648102,449930,3231199,3681129,7.181559353677239
1648159,449944,3231236,3681180,7.181418132034208
1648180,449958,3231285,3681243,7.181303588334911
1648207,449967,3231369,3681336,7.181346632086353
1648248,449974,3231480,3681454,7.181481596714477
1648267,449974,3231520,3681494,7.181570490739465
1648289,449974,3231566,3681540,7.181672718868201
1648312,449983,3231588,3681571,7.181577970723338
1648733,450114,3232028,3682142,7.180465393211498
1648794,450168,3232136,3682304,7.179843969362549
1648816,450175,3232176,3682351,7.1798211806519685
1648919,450219,3232402,3682621,7.179621473105311
1648938,450219,3232432,3682651,7.179688107343315
1648965,450219,3232482,3682701,7.179799164406655
1649006,450238,3232559,3682797,7.179667198237377
1649024,450245,3232576,3682821,7.179593332518962
1649106,450245,3232576,3682821,7.179593332518962
1649107,450245,3232576,3682821,7.179593332518962
1649118,450253,3232605,3682858,7.179530175257022
1649225,450253,3232701,3682954,7.17974338871701
1649261,450253,3232737,3682990,7.179823343764506
1649272,450253,3232752,3683005,7.179856658367629
1649342,450285,3232862,3683147,7.179590703665457
1649468,450342,3233145,3683487,7.179310390769682
1649472,450346,3233152,3683498,7.179262167311356
1649645,450355,3234145,3684500,7.1813236224756025
1649714,450367,3234182,3684549,7.181214431785633
1649956,450367,3234355,3684722,7.181598562949772
1650211,450367,3234947,3685314,7.182913046470989
1650360,450430,3235254,3685684,7.182589969584619
1650363,450431,3235258,3685689,7.1825829039297915
1650483,450444,3235355,3685799,7.182590954702471
1650516,450448,3235377,3685825,7.182576013213512
1650633,450503,3235824,3686327,7.182691347227433
1650689,450532,3235865,3686397,7.182320012784886
1650747,450572,3235941,3686513,7.181851069307458
1650852,450573,3236038,3686611,7.182050411365084
1650880,450573,3236064,3686637,7.182108115666052
1650907,450577,3236085,3686662,7.182090963364752
1650913,450581,3236088,3686669,7.182033862945841
1650954,450597,3236153,3686750,7.1819230931408775
1650993,450636,3236258,3686894,7.181534542291339
1651044,450651,3236328,3686979,7.181450834459482
1651066,450657,3236408,3687065,7.181532739977411
1651394,450686,3237012,3687698,7.18241081373728
1651455,450686,3237095,3687781,7.1825949774344
1651456,450686,3237095,3687781,7.1825949774344
1651512,450703,3237182,3687885,7.182517089968338
1651922,450703,3238037,3688740,7.1844141263759065
1651956,450703,3238075,3688778,7.184498439105131
1651977,450707,3238105,3688812,7.184501239164247
1652078,450750,3238267,3689017,7.184175263449806
1652098,450750,3238288,3689038,7.1842218524681085
1652220,450816,3238458,3689274,7.183547167802385
1652263,450823,3238548,3689371,7.183635262619697
1652314,450823,3238664,3689487,7.183892569811212
1652936,451151,3240174,3691325,7.182016664043746
1653055,451151,3240431,3691582,7.182586318106354
1653138,451171,3240571,3691742,7.182578224220972
1653157,451175,3240619,3691794,7.1826209342272955
1653343,451298,3241005,3692303,7.181518641784364
1653369,451308,3241048,3692356,7.181454793622094
1653397,451314,3241074,3692388,7.181416929233305
1653476,451324,3241325,3692649,7.181813951839477
1653581,451324,3241581,3692905,7.182381171841072
1653608,451339,3241618,3692957,7.182224447698958
1653645,451339,3241686,3693025,7.182375110504521
1653845,451503,3242132,3693635,7.180754059219983
1653849,451505,3242136,3693641,7.180731110397448
1653981,451524,3242520,3694044,7.181279400430542
1653992,451526,3242543,3694069,7.181298529874248
1654252,451600,3242773,3694373,7.180631089459699
1654325,451620,3242871,3694491,7.180530091669988
1654355,451631,3242890,3694521,7.180397271223631
1654361,451639,3242900,3694539,7.180292224542168
1654395,451647,3242939,3694586,7.180251391019978
1654823,452090,3244159,3696249,7.175914087902851
1654873,452104,3244236,3696340,7.1758621910003
1654904,452126,3244328,3696454,7.175716503806461
1655034,452126,3244714,3696840,7.1765702481166755
1655052,452136,3244735,3696871,7.176457968398889
1655079,452141,3244801,3696942,7.1765245797218125
1655084,452141,3244827,3696968,7.176582083907453
1655170,452184,3244923,3697107,7.176111936733719
1655188,452196,3244962,3697158,7.1760077488522676
1655199,452203,3244977,3697180,7.175929836821074
1656061,452212,3246701,3698913,7.179599391435875
1656062,452212,3246703,3698915,7.179603814140271
1656110,452232,3246797,3699029,7.179494153443366
1656112,452232,3246801,3699033,7.179502998460967
1656152,452232,3246892,3699124,7.179704222611403
1656359,452320,3247076,3699396,7.178714184648037
1656362,452320,3247085,3699405,7.1787340820657946
1656386,452337,3247124,3699461,7.178550505485954
1656396,452337,3247141,3699478,7.178588088084768
1656413,452346,3247174,3699520,7.1785182139335815
1656440,452366,3247213,3699579,7.17828705075094
1656561,452433,3247512,3699945,7.177884902294926
1656585,452437,3247520,3699957,7.1778391245631985
1656606,452439,3247520,3699959,7.177807395030048
1656686,452439,3247614,3700053,7.178015157844483
1656748,452470,3247702,3700172,7.177717859747608
1656851,452470,3248057,3700527,7.178502442150861
1657004,452470,3248549,3701019,7.179589807059031
1657037,452470,3248624,3701094,7.17975556390479
1657084,452470,3248728,3701198,7.179985413397573
1657134,452492,3248784,3701276,7.179760084156184
1657200,452492,3248896,3701388,7.180007602344351
1658437,452563,3249715,3702278,7.180690865139218
1658486,452597,3249785,3702382,7.180306100128812
1658516,452600,3249806,3702406,7.180304904993371
1658716,452635,3249927,3702562,7.180017011499332
1658740,452644,3249949,3702593,7.17992285327984
1658747,452646,3249967,3702613,7.179930895224966
1658924,452767,3250255,3703022,7.178648178864626
1659004,452767,3250411,3703178,7.178992726943439
1659028,452767,3250443,3703210,7.179063403472426
1659073,452775,3250538,3703313,7.179146375131136
1659074,452775,3250543,3703318,7.17915741814367
1659146,452813,3250678,3703491,7.178853080631519
1659757,453076,3251462,3704538,7.176416318675012
1660778,453076,3252671,3705747,7.179084745164166
1660789,453076,3252681,3705757,7.179106816516434
1660790,453076,3252685,3705761,7.179115645057341
1660811,453086,3252728,3705814,7.179052100484235
1661141,453188,3252995,3706183,7.178025455219467
1661183,453200,3253057,3706257,7.177972197705207
1661216,453218,3253107,3706325,7.177797439642733
1661571,453365,3253906,3707271,7.177232472731684
1661603,453365,3253955,3707320,7.177340553417224
1662344,453541,3255525,3709066,7.178016981926661
1662439,453568,3255642,3709210,7.177847643572739
1662471,453572,3255703,3709275,7.177918830968402
1662522,453600,3255792,3709392,7.177671957671958
1662533,453603,3255836,3709439,7.177721487732665
1662756,453603,3256314,3709917,7.178775272650313
1663022,453603,3256777,3710380,7.1797959890036
1663103,453606,3256914,3710520,7.180050528432163
1663288,453653,3257238,3710891,7.1800208529426675
1663298,453653,3257272,3710925,7.180095800093905
1663363,453683,3257356,3711039,7.179806164215983
1663420,453711,3257452,3711163,7.179574663166641
1663512,453760,3257617,3711377,7.179162993653033
1663522,453760,3257653,3711413,7.179242330747532
1663566,453784,3257739,3711523,7.179052148158595
1663656,453791,3257998,3711789,7.179512154273663
1663721,453810,3258061,3711871,7.179350388929287
1663730,453810,3258061,3711871,7.179350388929287
1663816,453852,3258246,3712098,7.179093625234658
1664082,453945,3258871,3712816,7.1789996585489435
1664230,453949,3259302,3713251,7.179885846207394
1664645,453949,3260300,3714249,7.182084331059216
1664961,453996,3260748,3714744,7.182327597599979
1665762,453996,3261665,3715661,7.184347439184486
1665818,454010,3261732,3715742,7.184273474152552
1665921,454057,3261991,3716048,7.184100234111576
1665986,454062,3262054,3716116,7.184159872440327
1665990,454062,3262056,3716118,7.18416427712515
1666031,454062,3262109,3716171,7.184281001272954
1666120,454095,3262188,3716283,7.183932877481584
1666131,454097,3262212,3716309,7.1839540891043105
1666153,454097,3262259,3716356,7.1840575912194975
1666209,454126,3262356,3716482,7.1838124221031165
1666235,454133,3262399,3716532,7.183796376832338
1666366,454155,3262510,3716665,7.183692792108421
1666393,454169,3262521,3716690,7.183495571031929
1666444,454169,3262637,3716806,7.183750982563759
1666486,454196,3262703,3716899,7.183469251160292
1666683,454196,3263167,3717363,7.184490836555144
1666692,454202,3263174,3717376,7.184411341209418
1666738,454202,3263327,3717529,7.184748195736699
1666748,454202,3263332,3717534,7.184759204054584
1666958,454358,3263888,3718246,7.18351608203223
1666970,454366,3263895,3718261,7.183405008297275
1667011,454403,3263990,3718393,7.183029161339164
1667043,454426,3264029,3718455,7.1827514270750354
1667382,454596,3264698,3719294,7.181537013084145
1667740,454679,3265042,3719721,7.180982627304098
1667877,454697,3265252,3719949,7.1811602011889235
1667916,454697,3265252,3719949,7.1811602011889235
1667947,454697,3265252,3719949,7.1811602011889235
1667992,454697,3265355,3720052,7.181386725665663
1668044,454728,3265495,3720223,7.181205028060731
1668055,454731,3265507,3720238,7.181184040674597
1668127,454737,3265924,3720661,7.182006302544108
1670614,454786,3269669,3724455,7.189467133992691
1670615,454786,3269678,3724464,7.189486923520073
1670624,454788,3269701,3724489,7.189505879662612
1670634,454795,3269732,3724527,7.189463384601853
1670692,454821,3269850,3724671,7.189311839163099
1670761,454821,3270093,3724914,7.189846115284914
1670841,454835,3270218,3725053,7.189899633933185
1670964,454879,3270356,3725235,7.189507539367612
1671214,454951,3270631,3725582,7.188974197221239
1671376,455057,3270793,3725850,7.187655612373835
1671677,455057,3271392,3726449,7.188971930988865
1671687,455062,3271416,3726478,7.188945682126831
1671725,455116,3271506,3726622,7.188290457817348
1671768,455120,3271585,3726705,7.188400861311303
1671828,455142,3271659,3726801,7.188215985340839
1671950,455186,3271788,3726974,7.187804545834011
1671954,455187,3271800,3726987,7.187815117742818
1672422,455187,3272797,3727984,7.190005426341262
1672675,455306,3273097,3728403,7.188785124729303
1673056,455526,3273658,3729184,7.186544785588528
1673149,455545,3274000,3729545,7.18699579624406
1673185,455559,3274063,3729622,7.1869132209000375
1673207,455572,3274129,3729701,7.186853011159597
1673278,455572,3274256,3729828,7.18713178158447
1673292,455580,3274285,3729865,7.187069230431538
1673365,455644,3274490,3730134,7.186509643493604
1673376,455644,3274500,3730144,7.186531590452195
1673546,455644,3274721,3730365,7.1870166182370445
1673610,455664,3274814,3730478,7.186905263527511
1673656,455678,3274908,3730586,7.18689074302468
1674268,455678,3275647,3731325,7.188512502249395
1674299,455692,3275690,3731382,7.188386015115473
1674466,455692,3275983,3731675,7.1890289932673825
1674476,455698,3275989,3731687,7.188947504707064
1674497,455709,3276054,3731763,7.188916611258501
1674516,455722,3276115,3731837,7.188845392585831
1674523,455726,3276120,3731846,7.188793266129209
1674545,455742,3276154,3731896,7.188615488587842
1674573,455749,3276213,3731962,7.1886345334822455
1674776,455850,3276438,3732288,7.187535373478118
1674864,455902,3276612,3732514,7.187097227035635
1674879,455902,3276640,3732542,7.1871586437436115
1674964,455959,3276763,3732722,7.186529929226093
1674993,455959,3276797,3732756,7.18660449733419
1675752,455981,3277735,3733716,7.188314863996526
1675764,455985,3277757,3733742,7.188300053729837
1675777,455985,3277764,3733749,7.18831540511201
1675811,455985,3277804,3733789,7.188403127295854
1675822,455991,3277826,3733817,7.188356787743618
1675948,456019,3278035,3734054,7.18837373004195
1675967,456019,3278056,3734075,7.188419780754749
1676301,456203,3278704,3734907,7.186940901309286
1676366,456204,3278923,3735127,7.187405195921123
1676587,456204,3278973,3735177,7.1875147960123105
1676616,456214,3279021,3735235,7.187462462791585
1676657,456232,3279088,3735320,7.187325746550001
1676736,456253,3279226,3735479,7.187297398592448
1676900,456253,3279511,3735764,7.187922052019384
1676937,456261,3279572,3735833,7.187929715667129
1677011,456317,3279773,3736090,7.187488083941646
1677033,456325,3279806,3736131,7.187434394346135
1677313,456388,3280473,3736861,7.187903713506929
1677366,456410,3280544,3736954,7.187712802085844
1677491,456484,3280773,3737257,7.18704927226365
1677500,456484,3280786,3737270,7.187077750808353
1677631,456557,3281032,3737589,7.186467407136458
1677854,456623,3281654,3738277,7.186790853723969
1677900,456630,3281743,3738373,7.1868755885509055
1677929,456630,3281760,3738390,7.186912817817489
1677973,456640,3281789,3738429,7.1868189383321655
1678112,456698,3281984,3738682,7.186333200495732
1678141,456709,3282004,3738713,7.186203906645151
1678168,456724,3282035,3738759,7.186035767772221
1678302,456739,3282275,3739014,7.186325231696877
1678328,456739,3282324,3739063,7.186432513974064
1678384,456746,3282484,3739230,7.186672680220516
1678395,456748,3282507,3739255,7.186691567341291
1678483,456754,3282734,3739488,7.187094146958756
1678756,456759,3283527,3740286,7.188751617373714
1678766,456765,3283543,3740308,7.188692215909713
1678823,456803,3283609,3740412,7.18823869370385
1678833,456807,3283614,3740421,7.188186695913154
1678840,456807,3283614,3740421,7.188186695913154
1678861,456822,3283674,3740496,7.188082010060811
1678943,456861,3283815,3740676,7.187777026272761
1679231,456861,3284382,3741243,7.189018103974732
1679584,456987,3285086,3742073,7.18857648029375
1679643,457027,3285187,3742214,7.188168313907056
1679668,457031,3285223,3742254,7.188184171314418
1679753,457066,3285294,3742360,7.187789072037736
1679770,457072,3285324,3742396,7.187760352854692
1679902,457131,3285462,3742593,7.187134541302165
1680010,457139,3285706,3742845,7.187542519890012
1680032,457157,3285763,3742920,7.187384202801226
1680057,457157,3285788,3742945,7.187438888609384
1680251,457272,3285985,3743257,7.186062124949702
1680474,457272,3286463,3743735,7.187107454644063
1680578,457314,3286634,3743948,7.186821308772529
1680723,457367,3286767,3744134,7.186279289935653
1680732,457369,3286783,3744152,7.186282848203529
1680780,457380,3286841,3744221,7.186236827145918
1680837,457394,3286947,3744341,7.186248617165944
1681176,457394,3287786,3745180,7.188082921944757
1681196,457394,3287807,3745201,7.1881288342217
1681209,457404,3287852,3745256,7.188070064975383
1681252,457440,3287918,3745358,7.187648653375306
1681265,457450,3287945,3745395,7.187550551972893
1681324,457497,3288075,3745572,7.187096308828255
1681476,457530,3288436,3745966,7.1873669486153915
1681511,457540,3288456,3745996,7.187253573458058
1681634,457576,3288552,3746128,7.186897914226271
1681651,457581,3288586,3746167,7.186893686582266
1681814,457679,3288815,3746494,7.185855151754833
1681876,457741,3288975,3746716,7.1852313863079775
1681915,457753,3289035,3746788,7.185174100442815
1682028,457787,3289188,3746975,7.184974671626761
1682060,457811,3289265,3747076,7.184766202646943
1682135,457811,3289362,3747173,7.184978080474257
1682209,457887,3289524,3747411,7.184139318216066
1682520,457961,3290123,3748084,7.184286434871091
1682566,457992,3290214,3748206,7.183998847141435
1682662,458068,3290378,3748446,7.183164944942672
1682730,458080,3290461,3748541,7.183157963674467
1682757,458097,3290490,3748587,7.182954701733475
1682778,458097,3290520,3748617,7.1830201900470865
1682811,458115,3290560,3748675,7.182825273130109
1682820,458117,3290585,3748702,7.182848486303717
1682886,458145,3290695,3748840,7.182649597834747
1683050,458239,3291046,3749285,7.181942174280234
1683065,458245,3291070,3749315,7.181900511734989
1683113,458268,3291229,3749497,7.1818870180767584
1683123,458268,3291239,3749507,7.181908839369103
1683131,458271,3291254,3749525,7.181894555841413
1683141,458276,3291287,3749563,7.181888207106635
1683166,458287,3291366,3749653,7.1818882054258575
1683308,458287,3291618,3749905,7.182438079194915
1683705,458427,3292190,3750617,7.181492364105954
1683835,458427,3292576,3751003,7.182334373847962
1683910,458449,3292689,3751138,7.182236192030084
1683918,458449,3292689,3751138,7.182236192030084
1684175,458534,3292991,3751525,7.181563417325651
1684202,458545,3293006,3751551,7.1814238515303845
1684240,458552,3293061,3751613,7.181434166681205
1684251,458564,3293093,3751657,7.181316021318725
1684285,458565,3293131,3751696,7.1813832281137895
1684371,458616,3293268,3751884,7.180883353393689
1684386,458622,3293282,3751904,7.180819934499436
1684395,458624,3293298,3751922,7.180823506837846
1684400,458626,3293306,3751932,7.180809635738052
1684457,458634,3293376,3752010,7.180837007286856
1684529,458669,3293437,3752106,7.180422047271562
1684661,458694,3293481,3752175,7.180126620361286
1684708,458721,3293581,3752302,7.179922000518834
1685953,458726,3295599,3754325,7.184242881371451
1686074,458726,3295781,3754507,7.184639632373138
1686122,458766,3295931,3754697,7.184340164702703
1686132,458766,3295947,3754713,7.184375040870509
1686223,458766,3296062,3754828,7.18462571332662
1686297,458783,3296149,3754932,7.184549122351962
1686316,458787,3296192,3754979,7.1845802082447845
1686337,458787,3296240,3755027,7.184684831959057
1686367,458799,3296305,3755104,7.184638589011746
1686403,458815,3296366,3755181,7.184520994300535
1686438,458827,3296414,3755241,7.1844377074583665
1686448,458827,3296430,3755257,7.184472578989467
1686478,458849,3296488,3755337,7.184254515101918
1686548,458876,3296621,3755497,7.184121636346203
1686645,458930,3296748,3755678,7.183553047305689
1686718,458963,3296812,3755775,7.183175985863784
1686746,458963,3296879,3755842,7.183321967130248
1686767,458974,3296909,3755883,7.183215171229743
1686897,458975,3297294,3756269,7.184038346315159
1687186,459018,3297608,3756626,7.184049427255576
1687231,459048,3297681,3756729,7.183738955403356
1687291,459070,3297795,3756865,7.183643017404753
1687324,459085,3297818,3756903,7.183458400949715
1687463,459159,3298006,3757165,7.182710128735362
1687543,459175,3298113,3757288,7.1826928730876025
1687596,459182,3298186,3757368,7.182742354883249
1687616,459198,3298215,3757413,7.18255523760992
1687771,459198,3298536,3757734,7.183254282466387
1687781,459198,3298546,3757744,7.18327605956472
1688025,459203,3299206,3758409,7.184635117801931
1688603,459408,3299965,3759373,7.183081269808101
1688604,459408,3299967,3759375,7.183085623236861
1688885,459408,3300328,3759736,7.18387141712813
1688889,459408,3300335,3759743,7.183886654128792
1688909,459419,3300364,3759783,7.183777771489642
1689650,459419,3302110,3761529,7.1875782238000605
1689693,459434,3302153,3761587,7.187437150929187
1689705,459441,3302179,3761620,7.1873842343195316
1689783,459497,3302251,3761748,7.1866649836669225
1689805,459497,3302301,3761798,7.186773798305539
1689830,459497,3302343,3761840,7.186865202601975
1689834,459497,3302352,3761849,7.1868847892369265
1689961,459555,3302565,3762120,7.1864412311910435
1689991,459556,3302617,3762173,7.186538746094056
1690550,459556,3304200,3763756,7.1899833752578575
1690604,459562,3304327,3763889,7.19016585357362
1690642,459574,3304357,3763931,7.190043388007155
1691497,459840,3305669,3765509,7.188737386917189
1691571,459856,3306013,3765869,7.189235325841133
1691642,459856,3306140,3765996,7.18951149925194
1692544,459888,3307336,3767224,7.191611870716348
1692563,459901,3307391,3767292,7.191528176716293
1692602,459913,3307459,3767372,7.191488390195537
1692612,459917,3307467,3767384,7.191443238671326
1692651,459949,3307549,3767498,7.191121189523186
1692696,459949,3307610,3767559,7.191253812922737
1692835,459958,3308399,3768357,7.192828475643428
1692996,459958,3308786,3768744,7.193669856813013
1693101,459990,3308879,3768869,7.193371595034675
1693119,459990,3308911,3768901,7.193441161764386
1693132,459990,3308925,3768915,7.193471597208635
1693291,459990,3309069,3769059,7.193784647492337
1693595,460043,3309250,3769293,7.193349317346422
1693687,460069,3309414,3769483,7.193299265979668
1693758,460103,3309482,3769585,7.192915499355579
1693849,460114,3309651,3769765,7.193110837748906
1693858,460114,3309660,3769774,7.193130398118727
1693860,460114,3309664,3769778,7.193139091616425
1693947,460131,3309817,3769948,7.193205847899837
1693968,460139,3309852,3769991,7.193156850429979
1693971,460140,3309855,3769995,7.193147737645065
1694080,460140,3310053,3770193,7.193578041465641
1694161,460177,3310207,3770384,7.19333430397434
1694171,460177,3310222,3770399,7.193366900127559
1694197,460177,3310245,3770422,7.193416880895829
1694280,460177,3310382,3770559,7.193714592428566
1694297,460179,3310410,3770589,7.193744173462935
1694881,460608,3311302,3771910,7.1889806516604144
1694937,460616,3311383,3771999,7.189031644580301
1694966,460628,3311402,3772030,7.188885608343392
1694990,460641,3311419,3772060,7.1887196319910736
1695037,460649,3311452,3772101,7.188666424978671
1695128,460716,3311634,3772350,7.188016044591462
1695267,460760,3311758,3772518,7.1875987498914835
1695475,460803,3311989,3772792,7.187429335312487
1695708,460858,3312554,3773412,7.187797542844
1697486,460861,3315057,3775918,7.193181892154033
1697550,460888,3315201,3776089,7.19307293745986
1697584,460905,3315268,3776173,7.192952994651827
1697633,460939,3315375,3776314,7.192654559497027
1697738,460971,3315531,3776502,7.192493670968456
1697850,461047,3315885,3776932,7.192075862113841
1697861,461052,3315894,3776946,7.192017386325187
1697888,461076,3315967,3777043,7.191801351620991
1697906,461076,3316070,3777146,7.192024742124943
1697926,461083,3316131,3777214,7.192047852555831
1697966,461083,3316231,3777314,7.192264733247593
1698125,461155,3316448,3777603,7.19161236460626
1698135,461155,3316464,3777619,7.191647060099099
1698298,461156,3316733,3777889,7.19221478198267
1698307,461161,3316742,3777903,7.192156318509154
1698396,461224,3316903,3778127,7.191522990997867
1698401,461228,3316916,3778144,7.191488808138274
1698846,461325,3317478,3778803,7.19119492765404
1698896,461349,3317559,3778908,7.190996404023852
1698913,461349,3317604,3778953,7.191093944064038
1698928,461354,3317634,3778988,7.1910810353871435
1699356,461354,3318541,3779895,7.193046987779449
1699499,461374,3318789,3780163,7.193272702839779
1699530,461374,3318937,3780311,7.193593483811398
1699559,461384,3318997,3780381,7.193567613961473
1699725,461522,3319229,3780751,7.191919345123309
1699790,461573,3319312,3780885,7.191304517378616
1699815,461574,3319341,3780915,7.191351765914025
1699832,461576,3319358,3780934,7.191357436261851
1699886,461610,3319484,3781094,7.191100712722862
1700013,461673,3319693,3781366,7.190572114895175
1700177,461688,3320114,3781802,7.191250368214032
1700235,461717,3320239,3781956,7.191069421312189
1700270,461742,3320305,3782047,7.190823013717617
1700302,461764,3320373,3782137,7.190627679940403
1700405,461842,3320559,3782401,7.18981599767886
1700412,461845,3320570,3782415,7.189793112407842
1763774,461847,3510650,3972497,7.6013268463365575
1763818,461875,3510713,3972588,7.601002435723951
1763866,461887,3510798,3972685,7.600988986483707
1763880,461887,3510824,3972711,7.601045277308086
1764012,461962,3511050,3973012,7.600300457613397
1764146,461962,3511319,3973281,7.6008827565903685
1764465,461962,3511871,3973833,7.602077660067279
1764610,461994,3512010,3974004,7.601851972103534
1764805,461999,3512380,3974379,7.6025705683345635
1764844,462006,3512435,3974441,7.602574425440363
1764848,462006,3512444,3974450,7.602593905706852
1764873,462014,3512475,3974489,7.602529360582147
1765069,462014,3512747,3974761,7.603118087330687
1765098,462026,3512795,3974821,7.603024505114431
1765103,462030,3512821,3974851,7.6030149557388045
1765287,462172,3513224,3975396,7.60155093774612
1765297,462180,3513249,3975429,7.601473451901857
1765311,462191,3513286,3975477,7.6013725927159985
1765375,462200,3513395,3975595,7.601460406750324
1766277,462205,3514618,3976823,7.604024188401251
1766430,462301,3515009,3977310,7.60329092950264
1766465,462301,3515069,3977370,7.603420715075243
1766545,462301,3515362,3977663,7.604054501288122
1766559,462310,3515382,3977692,7.6039497307001795
1766590,462310,3515431,3977741,7.604055720187753
1766599,462312,3515445,3977757,7.60405310699268
1766652,462312,3515600,3977912,7.604388378411116
1766714,462312,3515782,3978094,7.604782051947603
1766916,462337,3516063,3978400,7.604978619491843
1766996,462398,3516206,3978604,7.604284620608221
1766999,462398,3516215,3978613,7.604304084360226
1767091,462398,3516270,3978668,7.6044230295113735
1767655,462398,3517251,3979649,7.606544578480011
1767794,462473,3517394,3979867,7.605620219991221
1767979,462533,3517679,3980212,7.605249787582724
1768002,462536,3517710,3980246,7.605267481882492
1768065,462598,3517790,3980388,7.604421117255154
1768086,462598,3517820,3980418,7.604485968378592
1768102,462600,3517843,3980443,7.6045028102032
1768131,462613,3517885,3980498,7.604379902856167
1768672,462839,3518800,3981639,7.6026436838727935
1768675,462840,3518804,3981644,7.602635900095065
1768685,462844,3518814,3981658,7.60259180198944
1768805,462933,3519001,3981934,7.601534131288977
1768814,462937,3519022,3981959,7.601513812894627
1769790,463163,3520366,3983529,7.600706446758484
1769823,463181,3520416,3983597,7.6005190195625465
1769879,463224,3520524,3983748,7.600046629708305
1771101,463254,3522804,3986058,7.604476162105454
1771110,463260,3522825,3986085,7.604423002201787
1771111,463260,3522828,3986088,7.604429478046885
1771141,463268,3522844,3986112,7.6043326972724214
1771162,463268,3522873,3986141,7.604395296027353
1771529,463268,3523190,3986458,7.605079565176097
1771557,463268,3523227,3986495,7.605159432553079
1771742,463274,3523660,3986934,7.605995587924209
1771757,463285,3523673,3986958,7.605843055570545
1772174,463319,3524420,3987739,7.606897191783631
1772313,463331,3524548,3987879,7.606976438010839
1772469,463336,3524812,3988148,7.6074641297028505
1772501,463338,3524859,3988197,7.607532729886174
1772519,463348,3524878,3988226,7.607409549625768
1772549,463378,3524950,3988328,7.607072411724338
1772550,463378,3524950,3988328,7.607072411724338
1772558,463380,3524968,3988348,7.607078423755881
1772561,463380,3524977,3988357,7.607097846260089
1772583,463396,3525006,3988402,7.606897772099889
1772637,463416,3525054,3988470,7.6066730540162615
1772912,463417,3525070,3988487,7.6066911658398375
1772924,463420,3525103,3988523,7.606713132795305
1773011,463436,3525185,3988621,7.606627452334303
1773033,463446,3525246,3988692,7.606594943100167
1773063,463467,3525273,3988740,7.6063085397665855
1773064,463467,3525277,3988744,7.606317170370274
1773175,463467,3525541,3989008,7.606886790213759
1775027,463476,3529575,3993051,7.615442870828263
1775146,463476,3530067,3993543,7.616504414468063
1775408,463533,3530517,3994050,7.616538628317725
1775423,463539,3530553,3994092,7.61651770401196
1777022,463539,3532546,3996085,7.620817234364314
1778486,463539,3534632,3998171,7.62531739508434
1778595,463574,3534736,3998310,7.624966024841773
1778616,463581,3534770,3998351,7.624924231148386
1779102,463665,3536786,4000451,7.627890826350922
1779290,463824,3537341,4001165,7.626472541308773
1779381,463834,3537486,4001320,7.626620730692446
1779663,463834,3537762,4001596,7.627215771159509
1779710,463863,3537821,4001684,7.6268661221093295
1779755,463874,3537908,4001782,7.6268728146005165
1779793,463874,3538003,4001877,7.627077611592803
1779800,463877,3538015,4001892,7.627054154441803
1779882,463895,3538151,4002046,7.627051380161459
1779954,463895,3538354,4002249,7.627488979187101
1779961,463905,3538366,4002271,7.627350427350428
1780014,463908,3538449,4002357,7.627480017589694
1780022,463908,3538449,4002357,7.627480017589694
1780252,463987,3539022,4003009,7.627416285370065
1780316,464002,3539080,4003082,7.627294709936595
1780640,464127,3539795,4003922,7.626781031915834
1780641,464127,3539795,4003922,7.626781031915834
1780686,464138,3539838,4003976,7.62669292322542
1780732,464153,3539891,4004044,7.626560638410179
1780761,464153,3539926,4004079,7.626636044580128
1780787,464164,3539952,4004116,7.6265113192750835
1780911,464164,3540308,4004472,7.627278289570066
1780922,464166,3540321,4004487,7.627273432349633
1780943,464175,3540357,4004532,7.627203102278235
1781139,464175,3540685,4004860,7.627909732320784
1781182,464206,3540823,4005029,7.627697617006243
1781303,464206,3540967,4005173,7.62800782411257
1781326,464215,3540984,4005199,7.62789655655246
1781403,464215,3541003,4005218,7.627937485863232
1781437,464227,3541070,4005297,7.627884634026026
1781471,464227,3541167,4005394,7.628093583527025
1781496,464260,3541219,4005479,7.627663378279412
1781727,464260,3541469,4005729,7.628201869642011
1781743,464260,3541484,4005744,7.6282341791237664
1781756,464262,3541513,4005775,7.628263782088562
1781776,464270,3541546,4005816,7.628203416115622
1781872,464303,3541659,4005962,7.627904622627896
1781890,464303,3541675,4005978,7.627939082883375
1781948,464323,3541794,4006117,7.627866808234785
1781950,464323,3541799,4006122,7.627877576600771
1781998,464323,3541864,4006187,7.628017565358597
1782080,464350,3542041,4006391,7.627955206202218
1782084,464350,3542041,4006391,7.627955206202218
1782090,464353,3542053,4006406,7.627931767426936
1782100,464355,3542070,4006425,7.627935523468036
1782123,464355,3542091,4006446,7.627980747488452
1782191,464412,3542222,4006634,7.6273265979345926
1782204,464422,3542256,4006678,7.627235574542119
1782246,464435,3542300,4006735,7.627116819361159
1782339,464497,3542439,4006936,7.626398017640588
1782391,464515,3542525,4007040,7.626287633337998
1782434,464515,3542551,4007066,7.626343605696264
1782501,464529,3542675,4007204,7.626380699590338
1782520,464532,3542728,4007260,7.626445540888464
1782575,464559,3542780,4007339,7.626114228763193
1782595,464559,3542795,4007354,7.626146517449882
1782655,464581,3542893,4007474,7.625996327873934
1782744,464631,3543020,4007651,7.625449012226907
1782750,464638,3543029,4007667,7.625353501005083
1782781,464656,3543079,4007735,7.625165713990565
1782846,464656,3543079,4007735,7.625165713990565
1782907,464679,3543164,4007843,7.624971216689371
1783018,464679,3543342,4008021,7.625354276823355
1783293,464769,3544469,4009238,7.626302528783116
1783305,464769,3544478,4009247,7.626321893241589
1783308,464770,3544491,4009261,7.6263334552574396
1783339,464792,3544539,4009331,7.626075750012909
1783360,464803,3544597,4009400,7.62602005580859
1783396,464825,3544662,4009487,7.625798956596569
1783533,464925,3544870,4009795,7.624606119266549
1783648,465000,3545117,4010117,7.6239075268817205
1783680,465012,3545160,4010172,7.62380325669015
1783707,465031,3545191,4010222,7.623558429438037
1783745,465054,3545259,4010313,7.623327613567457
1783790,465089,3545311,4010400,7.6228657310751275
1783884,465137,3545507,4010644,7.622500467604168
1783992,465137,3545812,4010949,7.623156188391807
1784070,465178,3545980,4011158,7.622845448408996
1784375,465178,3546819,4011997,7.624649059069862
1784384,465188,3546839,4012027,7.624528147759616
1784495,465239,3546928,4012167,7.623883638302034
1784515,465265,3546997,4012262,7.623605902012831
1784595,465265,3547091,4012356,7.623807937412012
1785070,465265,3548701,4013966,7.627268330951178
1785073,465265,3548710,4013975,7.627287674765993
1785076,465272,3548723,4013995,7.627200863151017
1786318,465279,3550737,4016016,7.631414699567356
1786338,465294,3550754,4016048,7.63120521648678
1786409,465332,3550922,4016254,7.630943068604781
1786672,465332,3551372,4016704,7.631910120086304
1787052,465332,3552088,4017420,7.633448806443571
1787056,465332,3552094,4017426,7.633461700463325
1790816,465338,3558190,4023528,7.646463430882498
1790860,465366,3558240,4023606,7.64611080310981
1790884,465366,3558261,4023627,7.646155928881783
1790902,465372,3558294,4023666,7.646128258683376
1790915,465380,3558318,4023698,7.646048390562551
1790950,465383,3558402,4023785,7.64617959830935
1791236,465391,3558792,4024183,7.646886166685647
1791328,465391,3558792,4024183,7.646886166685647
1791420,465432,3558913,4024345,7.646472524450403
1791441,465439,3558946,4024385,7.646428425636872
1791443,465440,3558948,4024388,7.646416294259196
1791564,465476,3559028,4024504,7.645996786085641
1791651,465523,3559121,4024644,7.6454246084511395
1791718,465529,3559155,4024684,7.645399105104086
1791830,465564,3559367,4024931,7.645279703757163
1791844,465569,3559396,4024965,7.64525988628968
1791933,465603,3559777,4025380,7.64551989570514
1791947,465603,3559803,4025406,7.645575737269734
1792032,465656,3559914,4025570,7.644943907090212
1792123,465656,3560134,4025790,7.645416358857182
1792144,465656,3560164,4025820,7.645480784098132
1792298,465717,3560671,4026388,7.645568016628124
1792318,465731,3560690,4026421,7.645378984864654
1792460,465731,3560877,4026608,7.645780504196629
1792854,465731,3561650,4027381,7.647440260579605
1792867,465736,3561659,4027395,7.647377484239999
1792877,465736,3561675,4027411,7.647411838466427
1792890,465736,3561690,4027426,7.647444045553704
1792910,465743,3561736,4027479,7.647427873312106
1792927,465746,3561762,4027508,7.647434438513696
1793210,465755,3563507,4029262,7.651033268563944
1793230,465755,3563548,4029303,7.651121297677964
1793265,465765,3563606,4029371,7.6510815540025545
1793333,465801,3563707,4029508,7.650707061599267
1793624,465980,3564186,4030166,7.648796085668913
1793686,465987,3564348,4030335,7.649028835568374
1793741,466017,3564388,4030405,7.64862226056131
1793802,466032,3564486,4030518,7.648586363168194
1793822,466040,3564533,4030573,7.6485559179469575
1793839,466044,3564541,4030585,7.648507437066028
1793845,466044,3564552,4030596,7.648531039987641
1793893,466066,3564619,4030685,7.6483137581372596
1794018,466123,3564762,4030885,7.647685267622495
1794041,466136,3564785,4030921,7.647521324248717
1794080,466156,3564849,4031005,7.647330507383794
1796210,466156,3573446,4039602,7.66577283141266
1796220,466161,3573460,4039621,7.665720641580913
1796242,466171,3573500,4039671,7.665642006903046
1796280,466171,3573536,4039707,7.665719231784045
1796330,466201,3573611,4039812,7.665386818132093
1796352,466207,3573664,4039871,7.6654018493930804
1796417,466228,3573791,4040019,7.6653289806704015
1796424,466229,3573793,4040022,7.665316829283464
1796470,466240,3573853,4040093,7.665264670555937
1796497,466271,3573920,4040191,7.664898739145261
1796512,466283,3573935,4040218,7.664733648878471
1796698,466411,3574214,4040625,7.663228354391299
1796728,466420,3574282,4040702,7.66322627674628
1796782,466453,3574352,4040805,7.6628341976576415
1797024,466592,3574905,4041497,7.661736592140457
1797045,466603,3574972,4041575,7.661699560440032
1797059,466609,3575033,4041642,7.661731771140291
1797080,466610,3575069,4041679,7.66179250337541
1797110,466610,3575089,4041699,7.661835365722981
1797327,466715,3575724,4042439,7.661472204664517
1797362,466729,3575764,4042493,7.661328094033154
1797526,466745,3576031,4042776,7.661637510846393
1797602,466795,3576149,4042944,7.661069634421962
1797637,466824,3576221,4043045,7.66074794783473
1797675,466834,3576307,4043141,7.6607680674501
1797700,466834,3576362,4043196,7.660885882347901
1797796,466905,3576707,4043612,7.660459836583459
1798066,467041,3576965,4044006,7.658781563074762
1798085,467044,3576968,4044012,7.658738791205968
1800028,467044,3581065,4048109,7.667510983975814
1800033,467046,3581072,4048118,7.66749313772091
1800376,467152,3581351,4048503,7.666350566839059
1800526,467216,3581531,4048747,7.665685678572651
1800563,467237,3581675,4048912,7.665649338558376
1800592,467244,3581694,4048938,7.665575159873642
1800623,467250,3581759,4049009,7.6656158373461745
1800744,467321,3581969,4049290,7.66490057155574
1800747,467321,3581978,4049299,7.6649198302665615
1800781,467331,3582016,4049347,7.664837128288087
1800941,467364,3582252,4049616,7.664800883251599
1801225,467530,3583978,4051508,7.665771180459008
1801272,467538,3583991,4051529,7.665667817375272
1801286,467545,3584041,4051586,7.665659989947492
1801358,467577,3584200,4051777,7.665475419021893
1801446,467658,3584405,4052063,7.664586086413576
1801819,467764,3584979,4052743,7.664076329089028
1801840,467776,3585036,4052812,7.664001573402654
1801851,467790,3585062,4052852,7.663827785972338
1801937,467838,3585298,4053136,7.663545928291417
1802045,467905,3585481,4053386,7.662839678994668
1802121,467954,3585659,4053613,7.662417673532014
1802157,467954,3585693,4053647,7.662490330246135
1802191,467954,3585795,4053749,7.6627083003885
1802210,467968,3585837,4053805,7.662568808123632
1802232,467978,3585891,4053869,7.662520460363521
1802309,467994,3586050,4054044,7.662598238438954
1802420,467994,3586265,4054259,7.663057646038197
1802461,468017,3586327,4054344,7.662813530277746
1802547,468020,3586525,4054545,7.6631874706209135
1802622,468020,3586692,4054712,7.663544292978933
1802876,468143,3587232,4055375,7.6626842652779175
1802997,468172,3587559,4055731,7.662908076518886
1803103,468200,3587800,4056000,7.662964545066211
1803132,468208,3587843,4056051,7.662925451935892
1803286,468237,3587895,4056132,7.662561907751844
1803387,468267,3588043,4056310,7.662387056956821
1803455,468267,3588185,4056452,7.662690302754625
1803464,468267,3588189,4056456,7.662698844889775
1804166,468273,3589012,4057285,7.664358184221597
1804173,468276,3589017,4057293,7.664319760141455
1804177,468277,3589025,4057302,7.664320476982641
1804319,468281,3589435,4057716,7.665130551954916
1804370,468323,3589508,4057831,7.664599005387307
1804519,468323,3589878,4058201,7.665389058406271
1804523,468324,3589882,4058206,7.665381231796791
1804834,468465,3590744,4059209,7.664914134460418
1826628,468465,3656122,4124587,7.804472052341157
1826658,468472,3656161,4124633,7.804438685769907
1826676,468481,3656188,4124669,7.804346387580286
1826806,468521,3656288,4124809,7.803893528785262
1826889,468567,3656438,4125005,7.803447532583387
1827025,468608,3656677,4125285,7.803274805381044
1827046,468608,3656707,4125315,7.803338824774651
1827109,468608,3656707,4125315,7.803338824774651
1827142,468608,3656763,4125371,7.803458327642721
1827177,468611,3656847,4125458,7.803587623850059
1827196,468617,3656935,4125552,7.80367549619412
1827398,468783,3657334,4126117,7.8017632891977735
1827429,468783,3657388,4126171,7.801878481088265
1827474,468791,3657437,4126228,7.8018498648651535
1827560,468813,3657622,4126435,7.801878360881631
1827585,468817,3657639,4126456,7.801848055851217
1827756,468925,3658052,4126977,7.800931918750333
1827827,468983,3658187,4127170,7.800255019904773
1827917,468991,3658278,4127269,7.800315997535134
1828231,469188,3658909,4128097,7.798385721714963
1828928,469188,3660804,4129992,7.802424614440267
1828954,469193,3660871,4130064,7.802484265536783
1828979,469193,3660928,4130121,7.802605750725181
1829009,469213,3660956,4130169,7.802332842440427
1829063,469225,3661035,4130260,7.802301667643454
1829175,469245,3661253,4130498,7.80243369668297
1829418,469266,3661638,4130904,7.802904962217591
1829428,469266,3661638,4130904,7.802904962217591
1829460,469279,3661729,4131008,7.802882720087624
1829654,469320,3661860,4131180,7.802480184096139
1829663,469322,3661882,4131204,7.802493810219849
1829680,469333,3661924,4131257,7.802400427841213
1829807,469437,3662168,4131605,7.801191640198791
1829863,469457,3662224,4131681,7.800978577377694
1829938,469475,3662383,4131858,7.801018158581394
1829958,469475,3662404,4131879,7.801062889397731
1829976,469479,3662420,4131899,7.801030504026804
1830003,469492,3662463,4131955,7.800906085726701
1830047,469521,3662500,4132021,7.800503065890557
1830062,469521,3662548,4132069,7.800605297739612
1830149,469542,3662646,4132188,7.800465134109409
1830229,469584,3662768,4132352,7.8000272581689325
1830288,469586,3662838,4132424,7.8001431047773995
1830318,469586,3662858,4132444,7.800185695484959
1830365,469605,3662889,4132494,7.799936116523461
1830490,469706,3663130,4132836,7.798771997802881
1830540,469706,3663214,4132920,7.798950833074306
1830596,469715,3663313,4133028,7.799012166952301
1830718,469772,3663568,4133340,7.7986086867671975
1830748,469772,3663594,4133366,7.7986640327648304
1830860,469772,3663848,4133620,7.79920472058786
1830889,469784,3663866,4133650,7.799043815881341
1831125,469881,3664148,4134029,7.798033970303119
1831406,469882,3664821,4134703,7.799449649060828
1831619,469882,3665307,4135189,7.800483951289898
1831634,469887,3665322,4135209,7.800432870030454
1831793,469942,3666024,4135966,7.801013742121368
1831795,469942,3666026,4135968,7.801017997965706
1831813,469951,3666072,4136023,7.800966483739794
1831871,469968,3666118,4136086,7.800782180914445
1832108,470127,3666486,4136613,7.798926673005379
1832361,470265,3666846,4137111,7.797403591591975
1832399,470277,3666875,4137152,7.797266291993868
1832464,470298,3666915,4137213,7.797003176709236
1832501,470313,3666966,4137279,7.796862940212157
1832513,470313,3666975,4137288,7.796882076404437
1832561,470313,3667048,4137361,7.797037292186268
1832624,470370,3667201,4137571,7.796417713714735
1832686,470370,3667265,4137635,7.796553776813997
1832715,470370,3667312,4137682,7.796653698152518
1832728,470374,3667323,4137697,7.796610782058532
1832748,470384,3667342,4137726,7.796485424674309
1832755,470386,3667347,4137733,7.796462904933395
1832859,470400,3667664,4138064,7.796904761904762
1832880,470412,3667702,4138114,7.796786646599151
1832912,470415,3667732,4138147,7.7968006972566775
1832921,470417,3667748,4138165,7.79680156116807
1832942,470417,3667778,4138195,7.796865334373545
1832974,470417,3667827,4138244,7.796969497275821
1832997,470426,3667872,4138298,7.796915986786445
1833083,470432,3667900,4138332,7.796876062852867
1833189,470514,3668096,4138610,7.7959338085583
1833211,470523,3668161,4138684,7.795922834802974
1833230,470540,3668216,4138756,7.795758065201683
1833775,470540,3669952,4140492,7.799447443362944
1833827,470541,3670036,4140577,7.799609385792099
1833920,470555,3670114,4140669,7.799543092730924
1833942,470564,3670161,4140725,7.799493798930645
1833979,470574,3670232,4140806,7.799478934237761
1834572,470583,3671521,4142104,7.802068923016768
1834648,470619,3671653,4142272,7.801752585424728
1834666,470619,3671706,4142325,7.801865203062349
1834676,470622,3671714,4142336,7.8018324685203835
1834705,470632,3671740,4142372,7.801721939859593
1834711,470635,3671752,4142387,7.801697706290438
1834785,470639,3671776,4142415,7.8016823935118
1834814,470655,3671817,4142472,7.801504286579341
1834817,470656,3671820,4142476,7.8014940848517815
1834826,470656,3671836,4142492,7.801528079956486
1834865,470665,3671858,4142523,7.8014256424420765
1834902,470674,3671889,4142563,7.801342330360292
1834933,470687,3671933,4142620,7.8012203438803285
1835105,470712,3672210,4142922,7.801394483250905
1835175,470712,3672331,4143043,7.80165154064481
1835382,470777,3672508,4143285,7.800950343793346
1835493,470777,3672686,4143463,7.801328442128651
1835494,470777,3672688,4143465,7.8013326904245535
1835512,470789,3672706,4143495,7.801172074963518
1835566,470808,3672792,4143600,7.801039914359994
1835636,470808,3672887,4143695,7.801241695128375
1835693,470808,3673007,4143815,7.801496576098962
1835750,470831,3673135,4143966,7.801387334308913
1835869,470846,3673184,4144030,7.8012428692183855
1835891,470858,3673209,4144067,7.801097146061021
1835907,470864,3673238,4144102,7.80105932923307
1835937,470878,3673290,4144168,7.800937822535774
1836093,470878,3673433,4144311,7.801241510539885
1836151,470889,3673537,4144426,7.801280131835741
1836159,470894,3673549,4144443,7.801222780498371
1836259,470894,3673650,4144544,7.801437266136328
1836285,470906,3673681,4144587,7.80130429427529
1836335,470937,3673749,4144686,7.800935156931819
1836410,470937,3673916,4144853,7.801289769119861
1836467,470965,3673998,4144963,7.8010000743155015
1836486,470970,3674005,4144975,7.800932118818609
1836594,470992,3674127,4145119,7.800826765635085
1836673,471024,3674222,4145246,7.800498488399742
1838002,471049,3679227,4150276,7.810709713851425
1838020,471056,3679256,4150312,7.81065520872253
1838027,471056,3679268,4150324,7.8106806834007
1838043,471074,3679317,4150391,7.810486250567851
1838059,471074,3679343,4150417,7.8105414435948495
1838431,471248,3679766,4151014,7.8085551556717485
1838504,471251,3679787,4151038,7.808550008381945
1838522,471264,3679817,4151081,7.808398265091329
1838533,471272,3679852,4151124,7.808339982006145
1838564,471294,3679910,4151204,7.808098554193348
1838590,471307,3679949,4151256,7.807965933033033
1838619,471329,3679991,4151320,7.807690594043651
1838633,471342,3680024,4151366,7.8075452643727905
1838664,471342,3680104,4151446,7.807714992510746
1838735,471342,3680178,4151520,7.807871991038354
1838779,471342,3680235,4151577,7.8079929223366475
1838793,471342,3680261,4151603,7.8080480839814825
1838953,471394,3680509,4151903,7.80771286864067
1838980,471394,3680571,4151965,7.807844393437337
1840001,471922,3682500,4154422,7.8031962909124815
1840071,471934,3682526,4154460,7.803052969271127
1840157,471945,3682994,4154939,7.803862738242803
1840283,472015,3683211,4155226,7.803165153649778
1840339,472015,3683295,4155310,7.80334311409595
1840345,472015,3683314,4155329,7.803383367054013
1840359,472015,3683340,4155355,7.803438450049257
1841652,472054,3684204,4156258,7.804624047248832
1841712,472101,3684252,4156353,7.803948731309614
1841727,472104,3685188,4157292,7.805881754867571
1841780,472107,3685271,4157378,7.806007960059902
1841820,472129,3685338,4157467,7.805786130485524
1842328,472129,3686240,4158369,7.8076966252867335
1842340,472138,3686258,4158396,7.807585917676612
1842403,472149,3686475,4158624,7.807863619323561
1842755,472162,3687008,4159170,7.808777495859472
1842893,472253,3687282,4159535,7.807852994051917
1842993,472311,3687407,4159718,7.807158842372928
1843032,472334,3687465,4159799,7.806901472263271
1843048,472334,3687491,4159825,7.806956518057137
1843098,472370,3687591,4159961,7.806573237081102
1843101,472370,3687596,4159966,7.806583822003938
1843149,472383,3687622,4160005,7.806424024573281
1843157,472390,3687625,4160015,7.806314697601558
1843286,472391,3688007,4160398,7.807106824643145
1843382,472448,3688214,4160662,7.806603054727716
1843384,472450,3688214,4160664,7.806570007408191
1843456,472482,3688344,4160826,7.806316431102137
1843470,472489,3688370,4160859,7.806255807013496
1843679,472578,3688656,4161234,7.805390856112642
1843679,472578,3688656,4161234,7.805390856112642
1843752,472581,3688677,4161258,7.8053857433963705
1843903,472628,3688955,4161583,7.805197745372682
1843916,472633,3688979,4161612,7.805165953287223
1844010,472672,3689116,4161788,7.804811793378918
1844013,472673,3689119,4161792,7.804801628186929
1845489,472709,3692213,4164922,7.81075249254827
1845545,472742,3692316,4165058,7.810425136755355
1845640,472751,3692422,4165173,7.810500665255071
1845654,472751,3692444,4165195,7.810547201380854
1845751,472826,3692736,4165562,7.809925850101306
1846078,473075,3693545,4166620,7.807525233842414
1846233,473205,3693985,4167190,7.806310161557887
1846246,473211,3694006,4167217,7.806255560415966
1846318,473239,3694153,4167392,7.806104315155767
1846442,473244,3694344,4167588,7.806425438040419
1846684,473244,3694791,4168035,7.80736998250374
1846698,473251,3694817,4168068,7.807309440444922
1846837,473327,3695129,4168456,7.806715019426316
1846883,473327,3695184,4168511,7.806831218164187
1846953,473350,3695227,4168577,7.806542727368755
1847034,473356,3695406,4168762,7.806821926837307
1847042,473362,3695444,4168806,7.806803249944018
1847296,473409,3696141,4169550,7.807500491118673
1847321,473421,3696170,4169591,7.807363847400095
1847346,473427,3696201,4169628,7.8073303803965555
1847414,473440,3696317,4169757,7.807361017235553
1847452,473470,3696413,4169883,7.8070690856865275
1847846,473470,3697186,4170656,7.808701712885716
1847933,473470,3697351,4170821,7.809050203814391
1847949,473470,3697351,4170821,7.809050203814391
1848043,473470,3697520,4170990,7.809407143008005
1848215,473528,3697766,4171294,7.808970113699718
1848232,473537,3697774,4171311,7.808838591282202
1848250,473537,3697791,4171328,7.8088744913280275
1848272,473544,3697814,4171358,7.808807629280489
1848336,473587,3697881,4171468,7.808240091049797
1848417,473614,3697969,4171583,7.807980760703864
1848513,473614,3698233,4171847,7.8085381766586295
1848823,473614,3699152,4172766,7.810478575379951
1848861,473622,3699220,4172842,7.810490222160288
1848881,473622,3699235,4172857,7.81052189298639
1849022,473625,3699528,4173153,7.8110910530482975
1849279,473713,3699950,4173663,7.810530848847298
1849338,473724,3700029,4173753,7.810516249968336
1849399,473738,3700123,4173861,7.810483853944586
1849413,473738,3700149,4173887,7.810538736601243
1849445,473738,3700218,4173956,7.810684386728529
1849478,473744,3700341,4174085,7.810845097774325
1849535,473769,3700474,4174243,7.810713660032632
1849548,473775,3700495,4174270,7.810659068123054
1849662,473817,3700694,4174511,7.81038671048105
1849672,473817,3700722,4174539,7.810445805025991
1849693,473819,3700745,4174564,7.810461378712124
1849728,473819,3700809,4174628,7.810596451387555
1849828,473879,3700950,4174829,7.809905060152486
1849897,473921,3701029,4174950,7.80937962234212
1849918,473929,3701067,4174996,7.809327979507479
1849928,473929,3701098,4175027,7.8093933901491575
1849930,473931,3701103,4175034,7.809370984383802
1849991,473931,3701224,4175155,7.809626295810993
1850052,473943,3701282,4175225,7.809550937560002
1850182,473943,3701668,4175611,7.810365381491023
1850218,473958,3701735,4175693,7.810259558863866
1850225,473966,3701745,4175711,7.810148829240916
1850298,473981,3701814,4175795,7.810047238180434
1850368,473981,3701910,4175891,7.810249777944685
1850389,473987,3701917,4175904,7.810165679649442
1850431,473987,3701966,4175953,7.81026905801214
1850458,473987,3701998,4175985,7.810336570412269
1850490,474013,3702169,4176182,7.810268916675281
1850583,474054,3702264,4176318,7.809793820957106
1850644,474098,3702407,4176505,7.809370636450692
1850747,474098,3702576,4176674,7.809727102835279
1850803,474105,3702646,4176751,7.809759441473935
1850843,474135,3702720,4176855,7.809421367332089
1851004,474135,3703107,4177242,7.810237590559651
1851068,474147,3703253,4177400,7.810347845710297
1851137,474174,3703307,4177481,7.810016997979645
1851202,474194,3703400,4177594,7.809883718478091
1851302,474271,3703587,4177858,7.809010038564449
1851315,474271,3703591,4177862,7.809018472561046
1851407,474308,3703800,4178108,7.808849945604965
1851456,474324,3703877,4178201,7.808748872079001
1851479,474332,3703900,4178232,7.808665660339171
1851508,474341,3703928,4178269,7.808576530386367
1851790,474341,3704204,4178545,7.8091583902719774
1851790,474344,3704246,4178590,7.809197544398159
1851833,474367,3704353,4178720,7.809044474004304
1851868,474367,3704413,4178780,7.809170958350813
1851877,474369,3704433,4178802,7.809180195164524
1852125,474516,3704846,4179362,7.807631354896357
1852147,474531,3704879,4179410,7.807454096781875
1852768,474550,3705593,4180143,7.808646085765462
1852859,474552,3705860,4180412,7.809175812134392
1852883,474554,3705902,4180456,7.809231404645204
1852895,474557,3705945,4180502,7.809272647964312
1852925,474574,3705976,4180550,7.809058229064382
1853052,474610,3706213,4180823,7.8089652556836135
1853102,474610,3706295,4180905,7.809138029118645
1853122,474621,3706359,4180980,7.809091885946892
1853125,474622,3706362,4180984,7.809081753479611
1853141,474622,3706387,4181009,7.8091344269755725
1853173,474637,3706448,4181085,7.809016153397228
1853239,474699,3706639,4181338,7.8083985852087325
1853351,474726,3706720,4181446,7.808125107957011
1853386,474747,3706774,4181521,7.8078934674679354
1853502,474747,3706935,4181682,7.808232595466638
1854066,474903,3707669,4182572,7.807213262497815
1854196,474904,3708054,4182958,7.808007513097384
1854469,474969,3708388,4183357,7.807642182963519
1854480,474976,3708409,4183385,7.807571329919828
1854543,474976,3708536,4183512,7.807838711850704
1854658,475067,3708848,4183915,7.806999854757329
1854670,475073,3708881,4183954,7.806970718184363
1854807,475128,3709023,4184151,7.8063658635146735
1854816,475130,3709048,4184178,7.806385620777472
1854848,475138,3709079,4184217,7.806319427197993
1854850,475138,3709081,4184219,7.8063236365013955
1855042,475235,3709412,4184647,7.805426788851832
1855067,475235,3709439,4184674,7.805483602849117
1855087,475244,3709473,4184717,7.805407327604346
1855113,475255,3709496,4184751,7.80527506286099
1855223,475306,3709661,4184967,7.804784707114996
1855233,475309,3709673,4184982,7.80476069251792
1855243,475312,3709688,4185000,7.804742989867708
1855408,475316,3709932,4185248,7.8051906521135415
1855493,475342,3710006,4185348,7.804919405396536
1855503,475342,3710012,4185354,7.80493202788729
1855519,475355,3710027,4185382,7.8047501341102965
1856628,475370,3711589,4186959,7.807789721690472
1856631,475371,3711595,4186966,7.8077859187876415
1856644,475375,3711636,4187011,7.807806468577438
1856682,475388,3711703,4187091,7.8077338931567475
1856712,475397,3711758,4187155,7.807701773465125
1856722,475397,3711789,4187186,7.807766982122311
1856776,475423,3711926,4187349,7.807628154296279
1856789,475431,3711948,4187379,7.807543050411101
1856801,475433,3711956,4187389,7.807527033251794
1856838,475451,3712030,4187481,7.807387091414257
1856888,475462,3712068,4187530,7.807286386714396
1856896,475462,3712086,4187548,7.807324244629434
1856931,475474,3712133,4187607,7.807226052318319
1856947,475480,3712164,4187644,7.807192731555481
1856961,475492,3712190,4187682,7.807050381499583
1857263,475492,3712352,4187844,7.807391081237959
1857385,475584,3712557,4188141,7.806311818732338
1857404,475589,3712576,4188165,7.806269699257132
1857754,475589,3713215,4188804,7.807613296354625
1857793,475598,3713265,4188863,7.807570679439358
1857849,475617,3713344,4188961,7.807424881785134
1858027,475656,3713711,4189367,7.8075563011924585
1858051,475666,3713744,4189410,7.807461538138106
1858155,475670,3714113,4189783,7.808171631593331
1858212,475693,3714294,4189987,7.808174600004625
1858213,475693,3714296,4189989,7.808178804396953
1858230,475705,3714320,4190025,7.808032288918552
1858277,475736,3714431,4190167,7.807756823111978
1858312,475745,3714502,4190247,7.8077583579438565
1858327,475750,3714544,4190294,7.807764582238571
1858490,475750,3714965,4190715,7.8086495007882295
1858555,475750,3715193,4190943,7.809128744088282
1858563,475754,3715200,4190954,7.809077800712132
1858612,475791,3715277,4191068,7.80863236168822
1858621,475793,3715286,4191079,7.8086184538234065
1858667,475793,3715318,4191111,7.808685709962106
1858697,475810,3715396,4191206,7.80857064794771
1858722,475825,3715438,4191263,7.808412756790837
1858785,475847,3715520,4191367,7.80822407202315
1858878,475920,3715665,4191585,7.807331064044377
1858901,475937,3715699,4191636,7.807123631909265
1858977,475957,3715803,4191760,7.807014079002935
1859035,475973,3715900,4191873,7.806955436547871
1859056,475984,3715933,4191917,7.806844347709167
1859137,476021,3716087,4192108,7.806561055079503
1859151,476021,3716108,4192129,7.806605170780281
1859307,476053,3716241,4192294,7.806359796073126
1859327,476053,3716262,4192315,7.806403908808473
1859378,476093,3716364,4192457,7.805962280478814
1859407,476093,3716402,4192495,7.806042096817219
1859479,476104,3716471,4192575,7.80600667081142
1859515,476120,3716540,4192660,7.805889271612199
1859651,476229,3716753,4192982,7.804549911912126
1859763,476261,3716932,4193193,7.804401368157376
1859836,476261,3717068,4193329,7.804686925866279
1859898,476305,3717226,4193531,7.8042976664112285
1859902,476307,3717230,4193537,7.8042732943248785
1859916,476307,3717256,4193563,7.804327880967527
1859923,476311,3717275,4193586,7.804302231105307
1860944,476311,3718481,4194792,7.806834190266444
1860987,476336,3718548,4194884,7.806565113701253
1861007,476336,3718589,4194925,7.806651187397131
1861711,476336,3719452,4195788,7.808462933727453
1861846,476355,3719547,4195902,7.808350914758951
1862012,476355,3719962,4196317,7.809222113759696
1862043,476365,3720013,4196378,7.809165240939196
1862048,476367,3720025,4196392,7.8091576452609015
1862101,476383,3720162,4196545,7.809182947334393
1862127,476396,3720214,4196610,7.809079001502951
1862243,476420,3720350,4196770,7.808971075941396
1862784,476430,3721663,4198093,7.811563083768864
1862918,476480,3721809,4198289,7.811049781732707
1863082,476560,3722379,4198939,7.8109346147389624
1863119,476591,3722513,4199104,7.810707713741972
1863135,476601,3722561,4199162,7.810644543339187
1863228,476637,3722749,4199386,7.810449041933379
1863273,476655,3722812,4199467,7.810286265747763
1863307,476666,3722885,4199551,7.8102591751876576
1863447,476666,3723146,4199812,7.810806728401019
1863454,476671,3723154,4199825,7.810741580670945
1863518,476716,3723203,4199919,7.8101070658421365
1863540,476722,3723270,4199992,7.810149311338684
1863730,476816,3723572,4200388,7.809242978423542
1864167,477108,3724422,4201530,7.806245126889509
1864242,477108,3724589,4201697,7.80659515246024
1864261,477108,3724609,4201717,7.806637071690267
1864634,477342,3725178,4202520,7.804002161971919
1864663,477360,3725218,4202578,7.803791687615217
1864803,477441,3725505,4202946,7.803068860864483
1864878,477511,3725659,4203170,7.802247487492434
1865103,477531,3725800,4203331,7.802215981789664
1865135,477541,3725833,4203374,7.802121702639145
1865404,477662,3726930,4204592,7.802441894058979
1865417,477672,3726978,4204650,7.802379038335929
1867756,477683,3732040,4209723,7.812796352392696
1867770,477691,3732055,4209746,7.81269691076449
1867776,477691,3732070,4209761,7.812728311816635
1867841,477732,3732196,4209928,7.812321552669697
1867870,477762,3732234,4209996,7.811910532859457
1867931,477800,3732319,4210119,7.811467141063206
1868007,477800,3732471,4210271,7.811785265801591
1868047,477808,3732498,4210306,7.811710980142651
1868296,477819,3732569,4210388,7.811679736469249
1868323,477828,3732654,4210482,7.811710489967101
1868700,477910,3732988,4210898,7.811069029733632
1868706,477910,3733000,4210910,7.81109413906384
1868742,477921,3733027,4210948,7.810970850830995
1868847,477949,3733393,4211342,7.811279027678685
1869089,477949,3733566,4211515,7.811640990984394
1869118,477960,3733586,4211546,7.811503054648925
1869134,477973,3733634,4211607,7.811391019994853
1869195,478007,3733728,4211735,7.811032056015916
1869478,478049,3734299,4212348,7.81154023959887
1869541,478086,3734379,4212465,7.811103023305431
1869667,478164,3734543,4212707,7.810171823893057
1869676,478166,3734563,4212729,7.810180983173208
1869701,478166,3734590,4212756,7.810237448919413
1869936,478240,3734841,4213081,7.809553780528605
1870003,478260,3734883,4213143,7.809315016936394
1870033,478263,3734904,4213167,7.80930994034663
1870060,478275,3734938,4213213,7.809185092258637
1870092,478302,3734971,4213273,7.808813260241437
1870093,478302,3734971,4213273,7.808813260241437
1870125,478302,3735019,4213321,7.8089136152472705
1870195,478310,3735100,4213410,7.808952353076457
1870206,478321,3735118,4213439,7.808810401383171
1870217,478327,3735132,4213459,7.808741718531465
1870259,478345,3735208,4213553,7.80860675872017
1870492,478443,3735515,4213958,7.807648978039182
1870652,478443,3735881,4214324,7.808413959447625
1870916,478573,3736425,4214998,7.807429587544638
1871017,478629,3736672,4215301,7.807032168965942
1871044,478640,3736737,4215377,7.8069885508942
1871130,478651,3736801,4215452,7.806942845622385
1871159,478662,3736820,4215482,7.806803130392636
1871172,478669,3736876,4215545,7.806805955681274
1871194,478682,3736906,4215588,7.806656611278469
1871386,478704,3737307,4216011,7.807135515892911
1871476,478711,3737348,4216059,7.807107001928094
1871762,478794,3737628,4216422,7.80633842529355
1871832,478831,3737724,4216555,7.805935705917119
1871855,478836,3737749,4216585,7.805906406368778
1871889,478836,3737789,4216625,7.805989942276688
1871938,478836,3737898,4216734,7.806217577625742
1872039,478891,3737973,4216864,7.805477655666947
1872070,478902,3738013,4216915,7.805381894416811
1872337,478902,3738670,4217572,7.8067537826110565
1872438,478946,3738859,4217805,7.806431205188058
1872461,478959,3738880,4217839,7.806263166575845
1872480,478964,3738895,4217859,7.806212993043318
1872914,478964,3739661,4218625,7.807812278167044
1872999,478964,3739823,4218787,7.808150508180155
1873042,478974,3739852,4218826,7.808048036010305
1873045,478975,3739855,4218830,7.808037997807819
1873112,478981,3739905,4218886,7.808044577968646
1873424,479191,3740452,4219643,7.805764298578229
1873463,479191,3740592,4219783,7.806056457654672
1873501,479205,3740615,4219820,7.805876399453261
1873548,479222,3740675,4219897,7.805724695443865
1873574,479222,3740675,4219897,7.805724695443865
1873629,479226,3740713,4219939,7.805738837208332
1873703,479252,3740790,4220042,7.805476033485515
1873714,479252,3740800,4220052,7.805496899334797
1873726,479252,3740854,4220106,7.8056095749209184
1873743,479252,3740858,4220110,7.805617921260631
1873848,479252,3741114,4220366,7.806152087002245
1873962,479252,3741285,4220537,7.806508893024964
1874071,479277,3741460,4220737,7.8064668239869635
1874108,479284,3741536,4220820,7.806511379474383
1874130,479286,3741620,4220906,7.806654064587741
1874448,479381,3742154,4221535,7.80622093908603
1874504,479381,3742346,4221727,7.806621455585432
1874539,479393,3742416,4221809,7.806572060918703
1874563,479393,3742464,4221857,7.806672187537156
1874598,479410,3742522,4221932,7.806516343004944
1874609,479412,3742545,4221957,7.806531751395459
1874622,479417,3742549,4221966,7.806458677935909
1875811,479417,3744540,4223957,7.810611638719528
1875817,479424,3744549,4223973,7.810516369643572
1875834,479430,3744581,4224011,7.810485368041215
1875845,479432,3744604,4224036,7.810500759231758
1875870,479445,3744639,4224084,7.810361981040578
1875922,479481,3744737,4224218,7.809979957495709
1876207,479578,3745215,4224793,7.809397011539311
1876360,479578,3745560,4225138,7.810116393996388
1876405,479584,3745742,4225326,7.810398178421298
1876569,479584,3746095,4225679,7.811134233001935
1876601,479601,3746147,4225748,7.810965781972931
1876647,479623,3746214,4225837,7.81074719102295
1876857,479806,3746519,4226325,7.808403813207838
1876868,479807,3746564,4226371,7.808481326866844
1877812,479807,3748647,4228454,7.812822655776177
1877873,479821,3748746,4228567,7.812801023715093
1877893,479827,3748766,4228593,7.812745010180753
1877901,479827,3748766,4228593,7.812745010180753
1877916,479834,3748788,4228622,7.812676884089081
1877957,479846,3748821,4228667,7.812550276547059
1878046,479889,3748971,4228860,7.812162812650425
1878063,479904,3749022,4228926,7.812024904980996
1878226,479904,3749440,4229344,7.812895912515836
1878257,479913,3749500,4229413,7.812874416821383
1878494,479913,3749862,4229775,7.8136287202055374
1878505,479913,3749872,4229785,7.813649557315597
1878684,480071,3750263,4230334,7.811892407581379
1878896,480121,3750448,4230569,7.811464193401247
1878923,480142,3750497,4230639,7.8112245960569995
1878932,480144,3750517,4230661,7.811233713219368
1878966,480153,3750618,4230771,7.8112976488744215
1878977,480153,3750628,4230781,7.811318475569245
1879036,480169,3750791,4230960,7.811397653742745
1879083,480188,3750837,4231025,7.8111843694552965
1879327,480380,3751278,4231658,7.808980390524169
1879443,480430,3751494,4231924,7.808617280353017
1879496,480442,3751601,4232043,7.808644956102922
1879517,480447,3751668,4232115,7.808703145196036
1879534,480447,3751668,4232115,7.808703145196036
1879682,480525,3752003,4232528,7.808132771447895
1879704,480525,3752026,4232551,7.808180635762968
1879981,480621,3752308,4232929,7.8072077582960375
1879989,480621,3752323,4232944,7.807238967918589
1880751,480621,3753918,4234539,7.810557591116493
1880769,480623,3753951,4234574,7.81059375019506
1880779,480625,3753958,4234583,7.810575812743823
1880827,480654,3754029,4234683,7.810252281266774
1880991,480663,3754962,4235625,7.81204710992941
1881135,480754,3755244,4235998,7.811154977389684
1881188,480766,3755343,4236109,7.811165931035057
1881196,480774,3755369,4236143,7.811090033986863
1881233,480779,3755441,4236220,7.811158557258117
1881801,480952,3756755,4237707,7.811080939470051
1882020,480988,3756940,4237928,7.810880936738546
1882246,480988,3756977,4237965,7.810957861734597
1882283,481001,3757035,4238036,7.810867337074144
1882301,481001,3757055,4238056,7.810908917029279
1882362,481001,3757173,4238174,7.811154238764576
1882461,481001,3757342,4238343,7.811505589385469
1882477,481001,3757373,4238374,7.811570038315929
1882678,481001,3757920,4238921,7.812707250088877
1882749,481001,3758047,4239048,7.812971282803986
1882941,481001,3758507,4239508,7.8139276217720965
1882955,481001,3758533,4239534,7.813981675713772
1883176,481016,3758577,4239593,7.813829477605735
1883330,481137,3758981,4240118,7.812704073891636
1883430,481137,3759322,4240459,7.813412811735534
1883847,481137,3760103,4241240,7.815036050023174
1883945,481207,3760279,4241486,7.814264962895386
1883954,481214,3760307,4241521,7.814209478527225
1883980,481229,3760365,4241594,7.814086432862525
1884198,481376,3760744,4242120,7.812487535730905
1884236,481390,3760785,4242175,7.812345499491057
1884519,481524,3761173,4242697,7.810977230626095
1884537,481524,3761206,4242730,7.811045763035695
1884639,481524,3761206,4242730,7.811045763035695
1884640,481530,3761210,4242740,7.810956742051378
1884648,481533,3761227,4242760,7.810943382904183
1884649,481533,3761229,4242762,7.810947536305923
1884670,481533,3761261,4242794,7.811013990733761
1885064,481533,3762034,4243567,7.812619280506216
1885317,481533,3762476,4244009,7.813537182290726
1885386,481533,3762584,4244117,7.813761465984678
1885442,481582,3762753,4244335,7.81331735820691
1885553,481582,3762931,4244513,7.8136869733503325
1885585,481590,3762984,4244574,7.813667227309537
1885640,481590,3763091,4244681,7.813889408002658
1885673,481599,3763144,4244743,7.813853434081051
1885759,481599,3763214,4244813,7.813998783220065
1885787,481609,3763262,4244871,7.813936201358364
1885826,481619,3763297,4244916,7.813846629804887
1886338,481829,3764006,4245835,7.8119125249829295
1886449,481829,3764184,4246013,7.812281950650542
1886479,481847,3764252,4246099,7.812131236678863
1886521,481856,3764313,4246169,7.812111917253287
1886534,481863,3764332,4246195,7.812037861383837
1886578,481886,3764432,4246318,7.811872517566395
1887358,481886,3765893,4247779,7.814904354971923
1888121,482030,3766597,4248627,7.814030247080058
1888287,482083,3766783,4248866,7.813557001595161
1888314,482083,3766859,4248942,7.813714650796647
1888380,482136,3766952,4249088,7.813048600394909
1888413,482141,3766968,4249109,7.813000761188118
1888506,482141,3767120,4249261,7.813316021661713
1888514,482146,3767126,4249272,7.813247439572246
1888612,482173,3767377,4249550,7.813330485116338
1888873,482290,3767811,4250101,7.812334902237243
1888873,482290,3767811,4250101,7.812334902237243
1888896,482303,3767830,4250133,7.812163722804959
1889131,482303,3768544,4250847,7.8136441199826665
1889177,482336,3768643,4250979,7.81331478471439
1889196,482336,3768668,4251004,7.813366615803091
1889227,482344,3768711,4251055,7.813326173851028
1889417,482440,3769041,4251481,7.812455434872731
1889452,482450,3769058,4251508,7.812328738729402
1889478,482463,3769095,4251558,7.81219492479216
1889539,482463,3769196,4251659,7.812404267270236
1889567,482485,3769235,4251720,7.812128874472782
1889670,482485,3769404,4251889,7.812479144429361
1889703,482498,3769477,4251975,7.812419947854706
1889716,482503,3769490,4251993,7.812365933476062
1889746,482503,3769567,4252070,7.812525517976054
1889867,482503,3769907,4252410,7.813230176807191
1889890,482513,3769930,4252443,7.813115916047858
1889919,482517,3769991,4252508,7.813177566800755
1890031,482578,3770247,4252825,7.812720430686853
1890288,482700,3770661,4253361,7.811603480422622
1890336,482704,3770681,4253385,7.811580181643409
1890373,482704,3770768,4253472,7.811760416321389
1890476,482737,3770891,4253628,7.811481199908024
1890519,482765,3770971,4253736,7.8111938520812405
1890579,482786,3771041,4253827,7.81099907619525
1890623,482809,3771173,4253982,7.8109003767535405
1890676,482809,3771251,4254060,7.8110619313227385
1890713,482833,3771333,4254166,7.8108435007549195
1890801,482881,3771426,4254307,7.810259670602074
1890883,482927,3771600,4254527,7.809876026811506
1890990,482951,3771861,4254812,7.8100283465610385
1891003,482963,3771892,4254855,7.809898480836006
1891226,483031,3772126,4255157,7.8092834621380405
1891482,483038,3772305,4255343,7.809540864279829
1891501,483052,3772343,4255395,7.809393191623262
1891644,483063,3772490,4255553,7.809519669277092
1891677,483074,3772518,4255592,7.809399802100713
1891743,483114,3772601,4255715,7.808925015627781
1891767,483120,3772624,4255744,7.808875641662527
1891796,483124,3772658,4255782,7.808881363790662
1891991,483158,3773206,4256364,7.8094660545825585
1892049,483169,3773355,4256524,7.809596642168682
1892088,483175,3773393,4256568,7.809578310136079
1892132,483190,3773466,4256656,7.8094869513028
1892224,483193,3773663,4256856,7.809846169129106
1892371,483193,3773861,4257054,7.8102559432773235
1892941,483193,3774650,4257843,7.8118888311709815
1892950,483203,3774660,4257863,7.811747857525719
1893010,483247,3774821,4258068,7.8113697550114125
1893019,483247,3774830,4258077,7.8113883790277026
1893035,483247,3774856,4258103,7.811442181741429
1893228,483272,3775181,4258453,7.8117105894817
1893448,483430,3776214,4259644,7.811294292865565
1893456,483430,3776214,4259644,7.811294292865565
1894920,483434,3778296,4261730,7.815536350360132
1894977,483459,3778369,4261828,7.81528319878211
1895029,483463,3778549,4262012,7.815590851833543
1895076,483463,3778621,4262084,7.81573977739765
1895144,483485,3778711,4262196,7.81557028656525
1895195,483493,3778738,4262231,7.81549681174288
1895208,483498,3778768,4262266,7.815478037137693
1895222,483498,3778775,4262273,7.815492514963868
1895245,483519,3778816,4262335,7.815237870693809
1895265,483522,3778833,4262355,7.815224539938203
1895344,483541,3778962,4262503,7.81518423463574
1895422,483569,3779071,4262640,7.814957120907255
1895430,483572,3779094,4262666,7.81495620093802
1895476,483592,3779185,4262777,7.8148211715661136
1895507,483592,3779215,4262807,7.814883207331801
1895562,483623,3779345,4262968,7.814651081524245
1895606,483652,3779427,4263079,7.814352054783191
1895634,483652,3779466,4263118,7.8144326912738915
1895785,483657,3779604,4263261,7.814637232584249
1895817,483665,3779671,4263336,7.814646501194008
1895837,483673,3779684,4263357,7.814544123819192
1895923,483719,3779801,4263520,7.814042863728735
1895938,483727,3779824,4263551,7.813961180583263
1895965,483738,3779854,4263592,7.813845511413203
1896050,483738,3780051,4263789,7.814252756657529
1896091,483738,3780104,4263842,7.814362320098897
1896262,483845,3780384,4264229,7.813212909092788
1896327,483857,3780429,4264286,7.813112138503731
1896421,483892,3780574,4264466,7.812846668264819
1896600,483994,3781066,4265060,7.812216680372071
1896620,484009,3781095,4265104,7.81203448696202
1896647,484018,3781117,4265135,7.811934680115202
1896664,484018,3781135,4265153,7.811971868814796
1896719,484038,3781255,4265293,7.811896999822328
1896763,484072,3781315,4265387,7.81147226032491
1896804,484093,3781390,4265483,7.811288326829762
1896843,484097,3781416,4265513,7.811277491907614
1896883,484104,3781461,4265565,7.811257498388776
1896901,484109,3781568,4265677,7.811397846352784
1896904,484109,3781577,4265686,7.811416437207323
1896951,484138,3781635,4265773,7.811068331756648
1896982,484149,3781674,4265823,7.810971415824468
1897004,484154,3781709,4265863,7.810963040685402
1897047,484173,3781825,4265998,7.8108961053177275
1897060,484178,3781847,4266025,7.810860881741839
1897116,484186,3781909,4266095,7.810859876163293
1897661,484244,3782114,4266358,7.8103476759650095
1897684,484244,3782153,4266397,7.81042821387565
1897691,484248,3782161,4266409,7.810380218400489
1897726,484277,3782243,4266520,7.8100818333309245
1897734,484277,3782272,4266549,7.810141716414366
1897845,484277,3782450,4266727,7.810509274650665
1898030,484277,3782772,4267049,7.8111741833702615
1898333,484368,3783218,4267586,7.810627456809699
1898513,484440,3783522,4267962,7.8100941293039385
1898649,484577,3783928,4268505,7.8087238973372655
1898741,484621,3784004,4268625,7.808171746581349
1898800,484626,3784026,4268652,7.808136583674834
1898805,484627,3784034,4268661,7.808136979573981
1898895,484634,3784293,4268927,7.808558623621124
1899036,484681,3784415,4269096,7.808053131853734
1899083,484689,3784441,4269130,7.807977899230228
1899120,484702,3784467,4269169,7.8078221257597455
1899128,484705,3784476,4269181,7.807792368554069
1899144,484720,3784506,4269226,7.807612642350223
1899176,484743,3784563,4269306,7.807359776211312
1899182,484746,3784565,4269311,7.8073155838315325
1899271,484785,3784673,4269458,7.806910279814764
1899293,484785,3784697,4269482,7.806959786297019
1899307,484789,3784730,4269519,7.8069634418272695
1899337,484817,3784790,4269607,7.806636318445929
1899545,484843,3785251,4270094,7.807168506093725
1899550,484846,3785254,4270100,7.8071263865227305
1899575,484854,3785298,4270152,7.807088319370367
1899728,484969,3785678,4270647,7.806020591006848
1899768,484976,3785722,4270698,7.805998647355746
1899792,484994,3785770,4270764,7.805807906901941
1899793,484994,3785772,4270766,7.805812030664297
1899837,485004,3785841,4270845,7.805793354281614
1899873,485023,3785899,4270922,7.805607156774009
1899879,485024,3785903,4270927,7.805599310549581
1899901,485029,3785945,4270974,7.8056054380253554
1900148,485160,3786483,4271643,7.804606727677467
1900204,485172,3786635,4271807,7.804726983420313
1900232,485183,3786667,4271850,7.804615990255224
1900308,485216,3786894,4272110,7.804553023807953
1900759,485254,3787797,4273051,7.805802734238152
1900764,485257,3787802,4273059,7.8057647803122885
1901044,485350,3788145,4273495,7.804975790666529
1901103,485375,3788236,4273611,7.804761267061551
1901232,485375,3788619,4273994,7.805550347669328
1901243,485375,3788641,4274016,7.805595673448365
1901271,485392,3788685,4274077,7.805412944589116
1901293,485396,3788698,4274094,7.805375404824102
1901688,485583,3789254,4274837,7.803514538194294
1901842,485607,3789603,4275210,7.803847555739518
1901854,485607,3789632,4275239,7.80390727481276
1901867,485611,3789641,4275252,7.803861527024718
1901870,485611,3789650,4275261,7.803880060377545
1901891,485635,3789699,4275334,7.803595292761024
1901921,485651,3789735,4275386,7.803412326959071
1901928,485651,3789749,4275400,7.803441154244509
1901934,485651,3789763,4275414,7.803469981529946
1901969,485660,3789790,4275450,7.8033809661079765
1901996,485671,3789814,4275485,7.803253642898176
1904074,485830,3796281,4282111,7.81401107383241
1904098,485844,3796317,4282161,7.813860004445871
1904168,485844,3796587,4282431,7.8144157383851605
1904255,485844,3796699,4282543,7.814646265056274
1904293,485857,3796756,4282613,7.814554488254775
1904332,485857,3796805,4282662,7.814655340974814
1909476,485944,3826388,4312332,7.874133645029056
1909486,485944,3826403,4312347,7.874164512783366
1909506,485953,3826430,4312383,7.874074241747659
1909636,485953,3826816,4312769,7.874868557247305
1909675,485965,3826846,4312811,7.874735834885229
1909681,485966,3826856,4312822,7.874740208162711
1909696,485966,3826880,4312846,7.87478959433376
1909718,485966,3826895,4312861,7.874820460690666
1909827,486048,3827164,4313212,7.874045361774969
1909845,486048,3827195,4313243,7.874109141483968
1909882,486053,3827209,4313262,7.874056944407297
1909894,486053,3827234,4313287,7.874108379127379
1912726,486058,3831484,4317542,7.882771191915368
1912766,486088,3831577,4317665,7.882476012573855
1913234,486243,3831996,4318239,7.880825019588971
1913359,486296,3832223,4318519,7.880432905061937
1913366,486296,3832274,4318570,7.880537779459424
1913390,486307,3832310,4318617,7.880433553290411
1913991,486752,3833447,4320199,7.875564969430018
1914041,486768,3833548,4320316,7.875513591690497
1914043,486770,3833561,4320331,7.875507940094911
1914067,486796,3833630,4320426,7.87522904871856
1914118,486852,3833719,4320571,7.874506010040012
1914311,486924,3834090,4321014,7.874103556201789
1914342,486924,3834170,4321094,7.874267852888747
1914396,486924,3834281,4321205,7.8744958145419
1914545,486983,3834538,4321521,7.87406952604095
1914582,486993,3834615,4321608,7.8740659516666565
1914974,486993,3835348,4322341,7.875571106771555
1914992,487000,3835426,4322426,7.875618069815195
1915024,487023,3835493,4322516,7.875383708777615
1915046,487037,3835540,4322577,7.8752538308177815
1915078,487047,3835564,4322611,7.875141413457017
1915122,487067,3835612,4322679,7.874916592583772
1915249,487067,3835882,4322949,7.875470931103934
1915257,487067,3835895,4322962,7.875497621477128
1915311,487067,3836071,4323138,7.875858968068048
1915355,487085,3836168,4323253,7.875767063243582
1915461,487132,3836299,4323431,7.875276105860424
1915502,487142,3836321,4323463,7.8751596043864005
1915595,487162,3836365,4323527,7.874926615786945
1915623,487168,3836388,4323556,7.874876839201261
1915713,487175,3836647,4323822,7.875295325088521
1915833,487258,3836975,4324233,7.874626994323336
1915892,487277,3837064,4324341,7.874502592980995
1915918,487277,3837090,4324367,7.8745559507220735
1916056,487313,3837257,4324570,7.874316917463725
1916064,487314,3837263,4324577,7.874313071243592
1916389,487314,3837869,4325183,7.875556622629352
1916934,487314,3839605,4326919,7.879119007457204
1917016,487351,3839682,4327033,7.878678816705003
1917049,487357,3839691,4327048,7.878600286853374
1917071,487360,3839739,4327099,7.878650279054498
1917091,487360,3839760,4327120,7.878693368351937
1917128,487373,3839808,4327181,7.87858170231014
1917135,487373,3839812,4327185,7.878589909576443
1917146,487378,3839831,4327209,7.878548067413794
1917288,487385,3840008,4327393,7.878798075443438
1917316,487392,3840036,4327428,7.8787423675398855
1917339,487403,3840092,4327495,7.878679450064936
1917398,487425,3840153,4327578,7.878448992152639
1917460,487445,3840245,4327690,7.878314476505041
1917800,487581,3840628,4328209,7.876902504404397
1917842,487581,3840729,4328310,7.877109649473626
1917876,487581,3840769,4328350,7.877191687124806
1918041,487590,3841708,4329298,7.8789720872044136
1918107,487590,3841805,4329395,7.879171024836441
1918117,487590,3841821,4329411,7.879203839291208
1918400,487704,3842094,4329798,7.877921854239457
1918526,487723,3842248,4329971,7.877930710669786
1918556,487731,3842304,4330035,7.877916310425214
1918561,487735,3842317,4330052,7.877878356074508
1918614,487749,3842387,4330136,7.877795751503335
1918622,487749,3842397,4330146,7.877816253851878
1918653,487760,3842433,4330193,7.877712399540758
1919382,487767,3843263,4331030,7.87930097772092
1919556,487812,3843465,4331277,7.8789882167720355
1919570,487825,3843502,4331327,7.878854097268488
1919636,487837,3843550,4331387,7.878758683740676
1919682,487857,3843753,4331610,7.878851794685738
1919789,487900,3843888,4331788,7.878434105349457
1928017,487906,3868567,4356473,7.928918685156567
1928032,487906,3868598,4356504,7.9289822219853825
1928069,487915,3868624,4356539,7.928889253251079
1928093,487915,3868679,4356594,7.929001977803511
1928147,487916,3868799,4356715,7.929231671025341
1928219,487996,3868954,4356950,7.928249411880425
1928318,487996,3869125,4357121,7.928599824588726
1928383,488016,3869192,4357208,7.928412183207108
1928489,488016,3869255,4357271,7.928541277335169
1928636,488156,3869525,4357681,7.926820524586403
1928639,488158,3869528,4357686,7.926794193683193
1928665,488158,3869568,4357726,7.926876134366332
1928696,488170,3869602,4357772,7.926750926931192
1928710,488182,3869628,4357810,7.926609338320544
1928729,488189,3869647,4357836,7.926534600328971
1929397,488649,3870802,4359451,7.921436450294587
1929402,488649,3870828,4359477,7.921489658220931
1929439,488670,3870896,4359566,7.921288395031412
1929461,488670,3870962,4359632,7.921423455501667
1929489,488682,3870991,4359673,7.921288281540961
1929710,488770,3871202,4359972,7.920293798719234
1929783,488770,3871280,4360050,7.920453382981771
1929812,488780,3871304,4360084,7.9203404394615164
1929833,488788,3871333,4360121,7.920270137564752
1929841,488793,3871337,4360130,7.920197302334526
1929908,488841,3871476,4360317,7.919703952819015
1930047,488927,3871664,4360591,7.918695428969969
1930101,488938,3871707,4360645,7.918605221929979
1930319,488954,3871834,4360788,7.918605840222188
1930334,488954,3871853,4360807,7.918644698683312
1930345,488959,3871869,4360828,7.918596446736843
1930390,488989,3871956,4360945,7.918288550458191
1930785,489040,3872385,4361425,7.918340013086864
1930844,489065,3872477,4361542,7.918123357835871
1930855,489068,3872489,4361557,7.9180993236114405
1930872,489082,3872508,4361590,7.917911515860326
1930918,489102,3872656,4361758,7.917890337802748
1932784,489214,3876548,4365762,7.924033245164693
1932804,489214,3876575,4365789,7.92408843573569
1932811,489218,3876579,4365797,7.924031822214228
1932826,489218,3876605,4365823,7.92408496825546
1933252,489218,3877418,4366636,7.925746804083251
1933433,489227,3878469,4367696,7.927749286118714
1933465,489227,3878500,4367727,7.9278126513867795
1933470,489229,3878508,4367737,7.927796594232967
1933490,489231,3878515,4367746,7.927778493186246
1933504,489231,3878542,4367773,7.927833681839458
1933554,489257,3878614,4367871,7.927559544370341
1933656,489303,3878788,4368091,7.927169872246849
1933674,489303,3878798,4368101,7.927190309481038
1933743,489354,3878958,4368312,7.9266911070513375
1933760,489358,3878978,4368336,7.926667184351743
1934656,489548,3880501,4370049,7.926701773881213
1934752,489564,3880604,4370168,7.926653103577878
1934768,489575,3880641,4370216,7.926550579584333
1934773,489577,3880649,4370226,7.926534538999994
1935131,489609,3881068,4370677,7.926872259292619
1935259,489609,3881448,4371057,7.927648388816382
1935396,489622,3881797,4371419,7.928150695842915
1936074,489692,3883230,4372922,7.929943719725869
1938366,490179,3884794,4374973,7.925255875914717
1938400,490186,3884833,4375019,7.925222262569719
1938431,490197,3884887,4375084,7.925154580709388
1938485,490216,3884974,4375190,7.925024886988592
1940354,490216,3888981,4379197,7.933198834799354
1940357,490216,3888990,4379206,7.933217194053234
1940378,490230,3889021,4379251,7.933053872672011
1940416,490237,3889214,4379451,7.933334285253867
1940430,490245,3889235,4379480,7.933247661883344
1940452,490247,3889242,4379489,7.933229576111634
1940511,490249,3889326,4379575,7.93336855353096
1940536,490258,3889361,4379619,7.933294306263233
1940567,490263,3889397,4379660,7.933286827682285
1940591,490263,3889448,4379711,7.933390853480683
1940607,490270,3889475,4379745,7.933332653435862
1940678,490280,3889624,4379904,7.93347474912295
1940696,490283,3889649,4379932,7.933477195823636
1940710,490288,3889676,4379964,7.933451359201123
1940731,490288,3889724,4380012,7.933549260842606
1940742,490288,3889750,4380038,7.933602290898411
1940902,490305,3889798,4380103,7.933425112939905
1940966,490320,3889957,4380277,7.933506689508892
1940979,490320,3889983,4380303,7.933559716103769
1941036,490342,3890099,4380441,7.9334403334815295
1941071,490346,3890121,4380467,7.933420482679577
1941149,490380,3890220,4380600,7.933072311268812
1941168,490392,3890245,4380637,7.9329291668705855
1941284,490392,3890439,4380831,7.933324768756424
1941461,490473,3890919,4381392,7.932993253451261
1941478,490476,3890956,4381432,7.933020168163172
1941566,490476,3891296,4381772,7.933713372315872
1941593,490487,3891315,4381802,7.933574182394232
1941619,490497,3891349,4381846,7.933481754220719
1941650,490503,3891394,4381897,7.933476451724046
1941735,490508,3891527,4382035,7.933666729186884
1941740,490508,3891550,4382058,7.933713619349735
1941764,490516,3891587,4382103,7.933659656361872
1941930,490552,3891689,4382241,7.933285360165691
1941973,490586,3891742,4382328,7.932843578903597
1941986,490588,3891760,4382348,7.932847929423468
1942006,490588,3891797,4382385,7.932923349123908
1942046,490612,3891887,4382499,7.932718726814672
1942356,490658,3892525,4383183,7.933275316004223
1942466,490658,3892723,4383381,7.933678855740658
1942475,490660,3892739,4383399,7.9336791260750825
1942492,490669,3892797,4383466,7.9336518100797075
1944341,490670,3896823,4387493,7.9418407483644815
1944483,490670,3897007,4387677,7.942215745816944
1944984,490942,3898072,4389014,7.939984763984341
1945123,491001,3898269,4389270,7.939431895250722
1945164,491014,3898358,4389372,7.939402949814058
1945196,491022,3898405,4389427,7.939369315427822
1945230,491031,3898447,4389478,7.93930933077545
1945286,491035,3898548,4389583,7.939450344680115
1945397,491070,3898828,4389898,7.939454660231739
1945725,491070,3899706,4390776,7.941242592705724
1946162,491400,3900845,4392245,7.938227513227513
1946180,491407,3900887,4392294,7.9381999035422774
1946341,491496,3901084,4392580,7.93716327294627
1946610,491496,3901600,4393096,7.938213128896268
1946642,491512,3901626,4393138,7.93800761731148
1946713,491512,3901753,4393265,7.938266003678446
1946759,491515,3901854,4393369,7.938423038971344
1946770,491527,3901869,4393396,7.938259749718734
1946782,491533,3901906,4393439,7.938238124398565
1946830,491575,3901972,4393547,7.937694146366272
1947311,491690,3902496,4394186,7.936903333401126
1947324,491690,3902515,4394205,7.9369419756350545
1947338,491696,3902541,4394237,7.936898002017506
1948623,491696,3902541,4394237,7.936898002017506
1948637,491700,3902574,4394274,7.936900549115315
1948658,491715,3902608,4394323,7.936727575933213
1948756,491715,3902898,4394613,7.937317348464049
1948764,491716,3902906,4394622,7.937317475941397
1948823,491740,3903002,4394742,7.9371253101232355
1949154,491787,3903187,4394974,7.936742939524631
1949200,491801,3903233,4395034,7.936610539628834
1949626,491982,3903682,4395664,7.93460329849466
1949631,491982,3903682,4395664,7.93460329849466
1949640,491982,3903690,4395672,7.934619559252168
1949672,491998,3903729,4395727,7.934440790409717
1949707,492031,3903807,4395838,7.9340671624348875
1949727,492056,3903835,4395891,7.933720958590079
1950290,492056,3905289,4397345,7.936675906807356
1950319,492063,3905328,4397391,7.9366422592229044
1950663,492312,3906091,4398403,7.9341779196932025
1950675,492318,3906099,4398417,7.9340974735841465
1950695,492325,3906108,4398433,7.934002945208958
1950937,492424,3906428,4398852,7.933057690120709
1951130,492424,3906680,4399104,7.933569444218803
1951149,492435,3906735,4399170,7.9335039142221815
1951178,492447,3906753,4399200,7.933347141925933
1951214,492472,3906797,4399269,7.933033756233857
1951332,492503,3906890,4399393,7.932723252447193
1951770,492573,3907257,4399830,7.932340993111681
1951839,492605,3907386,4399991,7.932087575237767
1951938,492710,3907556,4400266,7.930742221590794
1952066,492805,3907769,4400574,7.929645600186687
1952091,492814,3907805,4400619,7.929573835158903
1952104,492814,3907832,4400646,7.929628622563483
1952231,492856,3908084,4400940,7.929464184264775
1952288,492856,3908275,4401131,7.929851721395296
1952297,492859,3908287,4401146,7.929827800648867
1952322,492864,3908317,4401181,7.929808222958058
1952337,492871,3908347,4401218,7.929756467716705
1952364,492876,3908397,4401273,7.92977746938378
1952469,492876,3908653,4401529,7.930296869800924
1952495,492882,3908690,4401572,7.930275400602984
1952517,492889,3908753,4401642,7.930290592810957
1952547,492903,3908797,4401700,7.930154614599627
1953644,492903,3908797,4401700,7.930154614599627
1953679,492910,3908939,4401849,7.930330080542086
1953724,492933,3909001,4401934,7.930085833165967
1953745,492933,3909031,4401964,7.930146693364007
1953856,492933,3909288,4402221,7.930668062393875
1953892,492946,3909325,4402271,7.930533973295249
1953936,492946,3909443,4402389,7.9307733504278355
1953956,492956,3909480,4402436,7.930687525864378
1954024,492956,3909600,4402556,7.930930955298241
1954617,492956,3910898,4403854,7.933564050341207
1954733,492956,3910898,4403854,7.933564050341207
1954853,492980,3911048,4404028,7.933482088522861
1954887,492980,3911066,4404046,7.933518601160291
1954971,493040,3911286,4404326,7.932999350965439
1955035,493070,3911401,4404471,7.932749913805342
1955089,493091,3911501,4404592,7.932614872305518
1955369,493091,3911964,4405055,7.933553847058657
1955464,493091,3912067,4405158,7.933762733450823
1955483,493091,3912077,4405168,7.9337830136830725
1955525,493094,3912113,4405207,7.933807752680017
1955593,493094,3912205,4405299,7.933994329681561
1955678,493118,3912278,4405396,7.933756220620622
1955713,493128,3912310,4405438,7.933660226148181
1955784,493128,3912420,4405548,7.933883291964763
1955900,493133,3912448,4405581,7.933859628132775
1955913,493133,3912452,4405585,7.9338677395347705
1955927,493145,3912474,4405619,7.933719291486277
1955991,493173,3912665,4405838,7.933656140948511
1956007,493173,3912691,4405864,7.933708860785161
1956038,493197,3912786,4405983,7.93351541067768
1956085,493209,3913124,4406333,7.934007692479253
1956398,493359,3913732,4407091,7.932827819093196
1956476,493382,3913871,4407253,7.932739743241545
1956507,493388,3913967,4407355,7.932837847697958
1956530,493388,3913995,4407383,7.932894598166149
1956574,493397,3914043,4407440,7.932847179857194
1956704,493397,3914429,4407826,7.933629511326579
1956737,493397,3914460,4407857,7.933692341055985
1956738,493397,3914468,4407865,7.933708555179703
1956836,493419,3914802,4408221,7.9340317255719786
1956859,493421,3914813,4408234,7.934021859628999
1956891,493425,3914866,4408291,7.934064954147034
1956905,493431,3914885,4408316,7.934006983752541
1956947,493458,3914942,4408400,7.933688378747533
1956992,493474,3914986,4408460,7.933520307047585
1957121,493474,3915369,4408843,7.9342964370969895
1957129,493474,3915388,4408862,7.934334939632078
1957138,493474,3915408,4408882,7.934375468616381
1957172,493481,3915463,4408944,7.934374373076167
1957356,493552,3915945,4409497,7.934209566570493
1957406,493563,3916061,4409624,7.934267763183221
1957451,493591,3916177,4409768,7.934052687346406
1957604,493615,3916318,4409933,7.933952574374766
1958298,493878,3917439,4411317,7.9319973758701545
1958708,493878,3918097,4411975,7.933329688708548
1958725,493886,3918127,4412013,7.933261926841417
1958764,493898,3918149,4412047,7.933113719836889
1958810,493903,3918157,4412060,7.93304960690662
1958880,493915,3918277,4412192,7.933099824868651
1958899,493920,3918315,4412235,7.933096452866861
1958949,493935,3918379,4412314,7.93298510937674
1959237,494055,3918864,4412919,7.932039955065732
1959264,494074,3918895,4412969,7.931797665936681
1959345,494125,3919141,4413266,7.93147685302302
1959381,494125,3919183,4413308,7.9315618517581585
1959507,494152,3919321,4413473,7.931407744985349
1959562,494152,3919417,4413569,7.93160201719309
1959647,494169,3919491,4413660,7.9314789070135925
1959724,494175,3919713,4413888,7.931831840947033
1959756,494184,3919767,4413951,7.931796658734399
1960038,494240,3920121,4414361,7.931614195532535
1960218,494289,3920250,4414539,7.931088897385942
1960274,494304,3920379,4414683,7.9311091959603806
1960484,494320,3920561,4414881,7.931220666774559
1960603,494320,3920788,4415108,7.93167988347629
1960803,494473,3921095,4415568,7.9298465234704425
1960890,494522,3921312,4415834,7.929499597591209
1960933,494558,3921417,4415975,7.929134702097631
1961008,494620,3921590,4416210,7.928490558408475
1961053,494622,3921609,4416231,7.928496912794013
1961080,494642,3921651,4416293,7.928261247528516
1961277,494651,3922817,4417468,7.930474213132087
1961437,494712,3923133,4417845,7.930135108911852
1962480,494712,3925140,4419852,7.934192014747975
1962486,494714,3925144,4419858,7.934168024353465
1962492,494714,3925155,4419869,7.934190259422616
1962518,494716,3925193,4419909,7.934234995431723
1962540,494723,3925231,4419954,7.934199541965908
1962553,494729,3925253,4419982,7.934147785959586
1965958,494952,3930799,4425751,7.941778192632821
1965989,494955,3930820,4425775,7.941772484367266
1966021,494982,3930889,4425871,7.94147868003281
1966084,495015,3930970,4425985,7.941112895568821
1966092,495020,3930979,4425999,7.9410508666316515
1966114,495024,3931025,4426049,7.94107962442225
1966143,495034,3931106,4426140,7.941082834714384
1966157,495040,3931162,4426202,7.941099709114415
1966171,495051,3931194,4426245,7.940987898216547
1966181,495051,3931204,4426255,7.941008098155543
1966189,495051,3931224,4426275,7.941048498033536
1966243,495051,3931343,4426394,7.94128887730759
1966302,495070,3931423,4426493,7.941145696568162
1966372,495108,3931552,4426660,7.940796755455375
1966381,495111,3931559,4426670,7.940762778447661
1966454,495149,3931669,4426818,7.940375523327321
1966464,495160,3931681,4426841,7.940223362145569
1966612,495187,3932089,4427276,7.9406143537693845
1966734,495258,3932250,4427508,7.939801073379935
1966770,495258,3932275,4427533,7.939851552120309
1966889,495258,3932545,4427803,7.940396722516345
1966958,495278,3932639,4427917,7.940265870884635
1966999,495292,3932696,4427988,7.940156513733313
1967012,495292,3932726,4428018,7.940217084063542
1968249,495928,3934887,4430815,7.934391685889887
1968320,495975,3935103,4431078,7.934075306215031
1968359,495999,3935156,4431155,7.933798253625511
1968421,496022,3935271,4431293,7.9336622165952315
1968481,496036,3935370,4431406,7.933637881121531
1968497,496041,3935386,4431427,7.933590166941846
1968620,496041,3935685,4431726,7.934192939696517
1968671,496094,3935821,4431915,7.933619435026427
1968752,496128,3935989,4432117,7.933414360810113
1968833,496136,3936038,4432174,7.93338520083203
1968843,496140,3936057,4432197,7.933359535614947
1968846,496140,3936066,4432206,7.9333776756560646
1968859,496140,3936080,4432220,7.933405893497803
1968867,496140,3936080,4432220,7.933405893497803
1968890,496150,3936102,4432252,7.9332903355839965
1968915,496157,3936143,4432300,7.93326104438716
1969002,496171,3936232,4432403,7.9332165725123
1969432,496372,3936943,4433315,7.931436503267711
1969551,496447,3937171,4433618,7.93069753669576
1969556,496449,3937178,4433627,7.9306796871380545
1969812,496507,3937438,4433945,7.930276914524871
1969852,496524,3937496,4434020,7.930122209601147
1969920,496524,3937608,4434132,7.930347777750924
1969921,496524,3937610,4434134,7.930351805753599
1969955,496533,3937633,4434166,7.930254383897949
1969961,496538,3937640,4434178,7.930188626046748
1970129,496627,3937954,4434581,7.929399730582509
1970206,496627,3938110,4434737,7.929713849629601
1970237,496627,3938190,4434817,7.9298749363204175
1970300,496627,3938317,4434944,7.930130661442088
1970628,496627,3938950,4435577,7.931405259883172
1970674,496627,3938989,4435616,7.931483789644945
1970695,496630,3939007,4435637,7.931472122102974
1970797,496630,3939337,4435967,7.932136600688642
1970854,496638,3939387,4436025,7.93210950430696
1971102,496735,3940197,4436932,7.932191208592107
1971177,496780,3940405,4437185,7.931891380490358
1971190,496780,3940436,4437216,7.931953782358388
1971255,496780,3940579,4437359,7.9322416361367205
1971262,496780,3940630,4437410,7.932344297274447
1971277,496780,3940656,4437436,7.932396634325054
1971562,496914,3941028,4437942,7.931006170081744
1971585,496914,3941073,4437987,7.9310967290114585
1971623,496932,3941142,4438074,7.930948298761199
1971690,496950,3941178,4438128,7.930733474192575
1971774,496968,3941240,4438208,7.930570982437501
1971842,496968,3941332,4438300,7.930756105020847
1971866,496968,3941394,4438362,7.930880861544405
1971877,496968,3941416,4438384,7.930925129988249
1971882,496970,3941419,4438389,7.930899249451677
1971883,496970,3941425,4438395,7.930911322615048
1971959,497002,3941477,4438479,7.930505309837788
1971985,497008,3941514,4438522,7.930484016353861
1972002,497016,3941549,4438565,7.930426787065205
1972036,497022,3941614,4438636,7.930461830663432
1972057,497033,3941662,4438695,7.930382892081612
1972162,497102,3941766,4438868,7.929491331758874
1972182,497108,3941776,4438884,7.9294157406438845
1972236,497112,3941881,4438993,7.92956315679364
1972317,497112,3942072,4439184,7.92994737604403
1972342,497130,3942107,4439237,7.929730653953694
1972405,497157,3942216,4439373,7.92951924643523
1972432,497161,3942233,4439394,7.929489642188345
1972466,497197,3942296,4439493,7.929042210632807
1972548,497238,3942469,4439707,7.928736339539617
1974896,497596,3945222,4442818,7.928564538300147
1975059,497596,3945640,4443236,7.929404577207213
1975073,497596,3945666,4443262,7.929456828431097
1975129,497618,3945739,4443357,7.929252961106712
1975164,497618,3945773,4443391,7.929321286609407
1975316,497680,3946091,4443771,7.928972432084874
1975346,497680,3946152,4443832,7.929095000803729
1975774,497798,3946604,4444402,7.9281234556988975
1975822,497815,3946661,4444476,7.927967216737141
1975836,497836,3946696,4444532,7.927703099012526
1975907,497870,3946783,4444653,7.927336453291019
1975917,497870,3946799,4444669,7.927368590194227
1976309,497870,3947903,4445773,7.929586036515556
1976314,497870,3947908,4445778,7.929596079297808
1976367,497870,3948195,4446065,7.930172534999096
1976442,497870,3948301,4446171,7.930385441982847
1976445,497875,3948310,4446185,7.930323876475019
1976454,497877,3948335,4446212,7.930342233121835
1976637,497940,3948559,4446499,7.929788729565811
1976681,497947,3948601,4446548,7.929761601134257
1976773,497947,3948801,4446748,7.930163250305755
1976794,497953,3948854,4446807,7.930174132900093
1976857,497993,3948970,4446963,7.92977009717004
1977028,498002,3949965,4447967,7.931624772591275
1977040,498006,3949981,4447987,7.931593193656301
1977252,498068,3950422,4448490,7.931491282314864
1977285,498091,3950478,4448569,7.931237464639995
1977373,498146,3950642,4448788,7.930691002236292
1977383,498146,3950652,4448798,7.930711076672301
1977471,498212,3950757,4448969,7.929871219480863
1977498,498212,3950803,4449015,7.929963549653561
1977506,498212,3950803,4449015,7.929963549653561
1977674,498266,3951005,4449271,7.929509539081534
1977729,498289,3951112,4449401,7.929358263979338
1977764,498289,3951172,4449461,7.9294786760293725
1977785,498292,3951182,4449474,7.929451004631822
1977828,498315,3951309,4449624,7.92933987538003
1977942,498367,3951504,4449871,7.92890379981018
1977953,498367,3951521,4449888,7.928937911218038
1978071,498367,3951737,4450104,7.929371326753176
1978117,498367,3951769,4450136,7.929435536462085
1978133,498377,3951820,4450197,7.929378763466211
1978179,498401,3951909,4450310,7.929175503259423
1978207,498409,3951947,4450356,7.929124474076511
1978236,498418,3951993,4450411,7.929073588835074
1978311,498469,3952073,4450542,7.9284228307076265
1978354,498469,3952214,4450683,7.9287056968437355
1978369,498476,3952244,4450720,7.928654539034978
1978721,498488,3953095,4451583,7.930170836609908
1978811,498495,3953354,4451849,7.930579042919187
1978833,498495,3953386,4451881,7.930643236140784
1978988,498580,3953757,4452337,7.930035300252718
1979020,498580,3953806,4452386,7.930133579365398
1979210,498670,3954224,4452894,7.929540577937313
1979213,498670,3954233,4452903,7.929558625945014
1980114,498949,3955613,4454562,7.927890425674768
1980282,498999,3955767,4454766,7.927404664137604
1980308,499005,3955801,4454806,7.9273774811875635
1980315,499005,3955801,4454806,7.9273774811875635
1980320,499007,3955809,4454816,7.927361740416467
1980396,499029,3955930,4454959,7.927254728683103
1980441,499056,3955999,4455055,7.9269641082363504
1980525,499056,3955999,4455055,7.9269641082363504
1980920,499056,3956657,4455713,7.928282597544164
1981138,499056,3957257,4456313,7.929484867429707
1981446,499056,3957979,4457035,7.9309315988586455
1981466,499057,3957994,4457051,7.9309457637103575
1981520,499077,3958043,4457120,7.930726120418292
1981525,499078,3958046,4457124,7.930716240747939
1981912,499303,3958698,4458001,7.928448256870077
1981970,499309,3958758,4458067,7.928473149893152
1982043,499353,3958913,4458266,7.928084941914838
1982066,499354,3958966,4458320,7.928175202361451
1982102,499356,3959009,4458365,7.928229559672858
1982121,499366,3959021,4458387,7.9280948242371325
1982142,499369,3959031,4458400,7.928067220832691
1982169,499381,3959048,4458429,7.927910753512849
1982291,499447,3959413,4458860,7.927593918874275
1982352,499463,3959515,4458978,7.927544182451953
1984074,499464,3976798,4476262,7.962131404866017
1984267,499464,3977242,4476706,7.963020357823587
1984969,499464,3977242,4476706,7.963020357823587
1984972,499464,3977247,4476711,7.963030368555091
1984982,499467,3977266,4476733,7.963020579938214
1984987,499467,3977271,4476738,7.9630305906095895
1985353,499658,3977917,4477575,7.961279515188389
1985403,499688,3978001,4477689,7.960969645058516
1985422,499696,3978034,4477730,7.960908232205181
1985446,499704,3978051,4477755,7.960814802362999
1985451,499706,3978058,4477764,7.96079694860578
1986417,499977,3980035,4480012,7.960436180064283
1986543,499977,3980372,4480349,7.961110211069709
1986654,499977,3980550,4480527,7.961466227446462
1986682,499980,3980579,4480559,7.961476459058362
1986697,500006,3980616,4480622,7.961136466362404
1986735,500009,3980664,4480673,7.9611846986754236
1986766,500032,3980701,4480733,7.960892502879815
1986818,500057,3980771,4480828,7.960634487668406
1986871,500087,3980867,4480954,7.960348899291524
1986912,500087,3980938,4481025,7.960490874587822
1986934,500087,3980983,4481070,7.9605808589305465
1986949,500087,3980990,4481077,7.96059485649497
1986956,500090,3980999,4481089,7.960565098282309
1986968,500090,3981031,4481121,7.960629086764382
1987112,500095,3981305,4481400,7.961097391495616
1987128,500095,3981331,4481426,7.961149381617493
1987410,500095,3981658,4481753,7.9618032573810975
1987457,500095,3981858,4481953,7.962203181395535
1987580,500163,3982089,4482252,7.961582524097144
1987635,500167,3982127,4482294,7.961594827327673
1987667,500174,3982208,4482382,7.961645347419098
1987676,500175,3982225,4482400,7.961663417803769
1987802,500229,3982371,4482600,7.961095818115303
1988143,500346,3982707,4483053,7.9599057452243045
1988529,500491,3983117,4483608,7.958418832706283
1988602,500491,3983346,4483837,7.95887638339151
1988644,500508,3983409,4483917,7.958731928360786
1988668,500510,3983457,4483967,7.958796028051387
1988678,500514,3983489,4484003,7.958796357344649
1988739,500520,3983637,4484157,7.95899664349077
1988751,500525,3983650,4484175,7.958943109734778
1988840,500585,3983836,4484421,7.9583607179599865
1988961,500596,3984076,4484672,7.958665270996971
1989723,500596,3985671,4486267,7.961851473044131
1989967,500735,3986026,4486761,7.960350285080931
1990097,500812,3986274,4487086,7.9596215745629095
1990106,500812,3986290,4487102,7.959653522679169
1990133,500826,3986319,4487145,7.9594889242970615
1990663,500833,3988128,4488961,7.962989659227727
1990739,500865,3988214,4489079,7.962652610983
1990811,500865,3988214,4489079,7.962652610983
1990888,500906,3988367,4489273,7.962306300982619
1990952,500966,3988465,4489431,7.9615482887062194
1990957,500968,3988473,4489441,7.961532473132016
1990978,500986,3988514,4489500,7.9613282606699585
1990997,500986,3988570,4489556,7.961440040240645
1991030,501018,3988626,4489644,7.961043315809013
1991042,501023,3988647,4489670,7.961005782169681
1991057,501030,3988668,4489698,7.960936470870008
1991150,501051,3988855,4489906,7.960976028388328
1991225,501051,3989022,4490073,7.961309327792979
1991508,501051,3989695,4490746,7.962652504435677
1991608,501093,3989791,4490884,7.962176681773643
1991662,501093,3989910,4491003,7.962414162640468
1991894,501156,3990635,4491791,7.962859867985218
1991945,501161,3990844,4492005,7.963197455508309
1992077,501217,3991127,4492344,7.962872368654694
1992123,501217,3991246,4492463,7.963109790769267
1992151,501256,3991312,4492568,7.962621893802767
1993270,501383,3993229,4494612,7.9644283910702995
1993818,501526,3993669,4495195,7.963034817736269
1993867,501535,3993741,4495276,7.963035481073105
1993901,501542,3993785,4495327,7.9630120707737335
1993929,501543,3993836,4495379,7.963097879942498
1993972,501567,3993971,4495538,7.962986001870139
1994253,501712,3994571,4496283,7.961880521095768
1994327,501758,3994731,4496489,7.961469473331766
1994417,501787,3994871,4496658,7.961288355417737
1994543,501787,3995158,4496945,7.961860311247601
1994556,501787,3995163,4496950,7.961870275634881
1994563,501789,3995163,4496952,7.961838541697805
1994635,501801,3995379,4497180,7.962078592908344
1995661,501814,3996667,4498481,7.964439015252664
1995662,501814,3996669,4498483,7.964443000793122
1995669,501816,3996675,4498491,7.964423214883543
1996347,501816,3998178,4499994,7.9674183366014635
1996469,501927,3998512,4500439,7.966321795798991
1996547,501940,3998616,4500556,7.966322668047974
1996638,501940,3998712,4500652,7.966513925967247
1996648,501947,3998741,4500688,7.966460602414199
1996691,501961,3998777,4500738,7.966310131663615
1996695,501961,3998787,4500748,7.966330053530055
1996741,501983,3998839,4500822,7.966084508837949
1996931,501983,3999409,4501392,7.967220005458352
1997198,501987,4011639,4513626,7.991519700709381
1997230,501999,4011699,4513698,7.991448190135837
1997288,502033,4011817,4513850,7.991142016560664
1997314,502039,4011832,4513871,7.991076390479624
1997376,502039,4011896,4513935,7.99120387061563
1997403,502046,4011945,4513991,7.991190050314114
1997534,502073,4012235,4514308,7.991337913012649
1997615,502073,4012290,4514363,7.991447458835667
1997688,502073,4012412,4514485,7.991690451388543
1997697,502073,4012438,4514511,7.991742236686697
1997718,502094,4012473,4514567,7.991477691428298
1997723,502096,4012485,4514581,7.991469758771231
1997743,502096,4012485,4514581,7.991469758771231
1997801,502133,4012571,4514704,7.991052171436651
1997804,502135,4012575,4514710,7.991028309120058
1997858,502146,4012696,4514842,7.9910942235923415
1997991,502204,4013100,4515304,7.9909757787671944
1998009,502213,4013131,4515344,7.990894301820144
1998024,502219,4013143,4515362,7.9908227287298965
1998047,502221,4013170,4515391,7.9908446679848115
1998083,502234,4013237,4515471,7.990771234125925
1998106,502234,4013278,4515512,7.990852869379612
1998219,502274,4013403,4515677,7.99046536352668
1998228,502278,4013413,4515691,7.990421639012658
1998242,502282,4013446,4515728,7.990423706204881
1998262,502282,4013483,4515765,7.990497370003305
1998274,502286,4013499,4515785,7.990465591316501
1998314,502286,4013499,4515785,7.990465591316501
1999791,502526,4016183,4518709,7.991990464174988
1999822,502543,4016234,4518777,7.991821595365969
1999853,502557,4016272,4518829,7.991674576217225
1999938,502557,4016560,4519117,7.992247645540705
2000013,502596,4016658,4519254,7.991822457799107
2000076,502601,4016791,4519392,7.992007576586596
2000130,502606,4016923,4519529,7.992190702060859
2000224,502681,4017050,4519731,7.991250912606604
2000289,502693,4017187,4519880,7.9913326821738115
2001347,503234,4019684,4522918,7.987703533545031
2001638,503255,4020210,4523465,7.988415415644156
2001723,503296,4020346,4523642,7.988034874109868
2001759,503318,4020392,4523710,7.987777111090802
2001803,503322,4020415,4523737,7.987759327031204
2001814,503322,4020427,4523749,7.987783168627638
2001885,503350,4020573,4523923,7.987628886460713
2001941,503350,4020688,4524038,7.987857355716698
2001970,503350,4020735,4524085,7.987950730108275
2002597,503512,4021699,4525211,7.987295238246556
2002823,503565,4022216,4525781,7.987481258625997
2002851,503572,4022252,4525824,7.987441716378195
2002860,503580,4022267,4525847,7.98734461257397
2002878,503580,4022294,4525874,7.987398228682633
2002905,503587,4022324,4525911,7.9873467742415905
2002954,503587,4022407,4525994,7.987511591840139
2003003,503587,4022516,4526103,7.98772803904787
2003133,503587,4022978,4526565,7.988645457487981
2003162,503599,4023013,4526612,7.988524599929706
2003184,503604,4023023,4526627,7.988465143247472
2003232,503614,4023116,4526730,7.98849118570969
2003266,503623,4023182,4526805,7.988479477704553
2003294,503630,4023210,4526840,7.988424041459008
2003386,503649,4023366,4527015,7.988432420197399
2003396,503649,4023366,4527015,7.988432420197399
2003436,503674,4023402,4527076,7.988107386920905
2003476,503674,4023466,4527140,7.98823445323761
2003502,503674,4023518,4527192,7.988337694619933
2003517,503674,4023530,4527204,7.9883615195543145
2003623,503723,4023684,4527407,7.987890169795701
2003654,503729,4023763,4527492,7.987951855064926
2003674,503735,4023782,4527517,7.987894428618222
2003696,503740,4023801,4527541,7.9878528606026915
2003997,503741,4023802,4527543,7.987838988686646
2004023,503741,4023866,4527607,7.987966038102914
2004822,503915,4026561,4530476,7.990555946935495
2004830,503915,4026577,4530492,7.9905876983221376
2004925,503926,4026670,4530596,7.990597825871259
2005107,504052,4027094,4531146,7.98944156555276
2005244,504078,4027291,4531369,7.989420288130011
2005300,504078,4027379,4531457,7.989594864286876
2005329,504080,4027394,4531474,7.989592921758451
2005363,504080,4027426,4531506,7.989656403745437
2005388,504102,4027476,4531578,7.989406905745266
2005425,504105,4027501,4531606,7.989408952499975
2005462,504110,4027564,4531674,7.98945468250977
2005484,504121,4027604,4531725,7.989359697374241
2005493,504121,4027608,4531729,7.9893676319772435
2005503,504121,4027634,4531755,7.989419206896757
2005596,504158,4027792,4531950,7.989146259704299
2005710,504161,4028088,4532249,7.989685834485412
2005738,504184,4028121,4532305,7.989386811164178
2005829,504251,4028393,4532644,7.988864672553946
2005942,504268,4028476,4532744,7.988759945108553
2006224,504411,4029034,4533445,7.987601380620169
2006383,504411,4029034,4533445,7.987601380620169
2006577,504490,4029411,4533901,7.987097861206367
2006599,504499,4029456,4533955,7.987044572932751
2006630,504527,4029510,4534037,7.986708342665507
2006658,504545,4029560,4534105,7.98652251038064
2006685,504564,4029593,4534157,7.986287170705798
2006706,504571,4029684,4534255,7.986356726803562
2006715,504576,4029698,4534274,7.986305333587012
2006720,504578,4029705,4534283,7.986287551181383
2006730,504578,4029731,4534309,7.986339079389113
2006742,504584,4029759,4534343,7.986299605219349
2006777,504595,4029857,4534452,7.986319721757052
2006814,504625,4029878,4534503,7.985886549417884
2006908,504647,4030053,4534700,7.985885183108192
2006927,504648,4030074,4534722,7.985910971607932
2006998,504648,4030201,4534849,7.986162632171335
2007089,504680,4030428,4535108,7.98610604739637
2007169,504687,4030567,4535254,7.986270698472518
2007200,504689,4030620,4535309,7.9863440653551
2007202,504689,4030622,4535311,7.986348028191619
2007283,504689,4030677,4535366,7.986457006195895
2007662,504696,4031106,4535802,7.987196252793761
2009437,505407,4033474,4538881,7.980645301707336
2010766,505407,4038504,4543911,7.990597676723907
2010862,505457,4038784,4544241,7.990361197886269
2010891,505466,4038828,4544294,7.990305975080421
2011019,505498,4039087,4544585,7.990312523491686
2011082,505520,4039160,4544680,7.990109194492799
2011161,505531,4039199,4544730,7.990012481924946
2011282,505531,4039343,4544874,7.990297330925304
2012359,505531,4041040,4546571,7.993654197269802
2012399,505547,4041081,4546628,7.993482307283003
2012469,505572,4041200,4546772,7.99332241500716
2012487,505572,4041230,4546802,7.993381753736362
2012559,505606,4041306,4546912,7.99299454515967
2013257,505606,4043202,4548808,7.9967445006586155
2013380,505606,4043539,4549145,7.997411027559008
2013574,505618,4044084,4549702,7.998299111186706
2013639,505618,4044205,4549823,7.998538422287181
2013668,505639,4044270,4549909,7.9983347803472435
2014094,505639,4045083,4550722,7.999942646829062
2014546,505954,4045798,4551752,7.99637516454065
2015301,505954,4047356,4553310,7.999454495863261
2015312,505965,4047371,4553336,7.999310228968407
2016094,506324,4048413,4554737,7.9956964315339585
2016784,506562,4049221,4555783,7.993534848646365
2017035,506562,4049780,4556342,7.99463836608352
2017075,506608,4049875,4556483,7.994099974733917
2017147,506681,4050079,4556760,7.9933508459958045
2017235,506687,4050303,4556990,7.9936982792137945
2017414,506773,4050578,4557351,7.992884388079081
2017512,506805,4050758,4557563,7.992734878306252
2017514,506805,4050760,4557565,7.9927388245972315
2017532,506805,4050780,4557585,7.992778287507029
2017574,506831,4050878,4557709,7.9925616231051375
2017608,506831,4050927,4557758,7.992658302274328
2017641,506849,4050975,4557824,7.992469157480827
2017666,506855,4051007,4557862,7.992437679415217
2017687,506864,4051024,4557888,7.992329303323968
2017806,506864,4051563,4558427,7.993392704946494
2017827,506866,4051591,4558457,7.993416405913989
2017956,506877,4051922,4558799,7.993895955034456
2017973,506877,4051956,4558833,7.99396303245166
2018219,506994,4052413,4559407,7.993019641258082
2018276,507011,4052509,4559520,7.992940981556613
2018329,507011,4052585,4559596,7.993090879685056
2018459,507011,4052971,4559982,7.993852204390043
2018766,507011,4053718,4560729,7.995325545205134
2018921,507011,4053944,4560955,7.995771294902872
2018926,507012,4053948,4560960,7.9957634138836955
2019036,507012,4054288,4561300,7.996434009451453
2019086,507038,4054404,4561442,7.996252746342483
2019149,507047,4054577,4561624,7.996452005435393
2019247,507048,4054866,4561914,7.9970062005963936
2019554,507107,4055209,4562316,7.996752164730521
2019723,507208,4055561,4562769,7.995853772022524
2019740,507210,4055589,4562799,7.995877447211214
2019768,507219,4055626,4562845,7.995808516636798
2019799,507231,4055642,4562873,7.99565089673147
2019809,507231,4055652,4562883,7.995670611614826
2019810,507231,4055654,4562885,7.995674554591497
2019903,507231,4055806,4563037,7.995974220818523
2020020,507261,4055907,4563168,7.995700438235938
2020514,507261,4056988,4564249,7.997831491086442
2020583,507266,4057080,4564346,7.997934022780948
2020591,507271,4057096,4564367,7.997886731155536
2020614,507275,4057141,4564416,7.997912374944557
2020625,507275,4057151,4564426,7.997932088117885
2020813,507394,4057435,4564829,7.996616041971328
2020988,507462,4057652,4565114,7.995972112197563
2021128,507494,4057854,4565348,7.995865960976879
2022479,507494,4060953,4568447,8.001972437112556
2022672,507494,4061205,4568699,8.002468994707327
2022694,507503,4061261,4568764,8.002437424015227
2022731,507510,4061338,4568848,8.002478768891253
2022805,507514,4061490,4569004,8.002715196034002
2023186,507700,4063206,4570906,8.003163285404767
2023315,507700,4063433,4571133,8.003610399842426
2023401,507700,4063592,4571292,8.0039235769155
2023576,507752,4063935,4571687,8.003779404118546
2023838,507917,4064577,4572494,8.002443312588474
2024198,508032,4065486,4573518,8.002421107331822
2024403,508162,4065910,4574072,8.001208276100929
2024405,508162,4065912,4574074,8.0012122118537
2024485,508176,4066065,4574241,8.001292859166902
2024529,508182,4066169,4574351,8.00140304064292
2024538,508186,4066175,4574361,8.001351867229715
2026101,508202,4068003,4576205,8.004696951212313
2026164,508202,4068051,4576253,8.004791401844148
2026184,508212,4068080,4576292,8.004690955742879
2026200,508226,4068120,4576346,8.004549157264682
2026246,508226,4068175,4576401,8.00465737683629
2026256,508231,4068189,4576420,8.004606173177157
2026282,508232,4068228,4576460,8.00466715987974
2026352,508271,4068317,4576588,8.004228059440731
2026427,508271,4068317,4576588,8.004228059440731
2026441,508271,4068343,4576614,8.004279213254346
2026453,508274,4068370,4576644,8.004285090325297
2026619,508308,4068865,4577173,8.004723514089882
2026649,508320,4068937,4577257,8.004676188227888
2026693,508331,4069018,4577349,8.004662316482765
2026998,508333,4069926,4578259,8.006417053388232
2027012,508338,4069966,4578304,8.006416990270253
2027069,508348,4070030,4578378,8.006385389536302
2027176,508367,4070181,4578548,8.006383183802253
2027321,508406,4071522,4579928,8.008406667112505
2027412,508431,4071710,4580141,8.008382651726587
2027413,508431,4071719,4580150,8.008400353243607
2027427,508443,4071740,4580183,8.008252645822639
2027711,508472,4072033,4580505,8.008372142418855
2027916,508549,4072249,4580798,8.007584323241222
2028112,508549,4072722,4581271,8.008514420439328
2028145,508562,4072746,4581308,8.00835689650426
2028252,508600,4072851,4581451,8.007965001966182
2028364,508671,4073161,4581832,8.007456686148807
2028671,508677,4073901,4582578,8.008816989956298
2028701,508690,4073928,4582618,8.008665395427471
2028710,508692,4073943,4582635,8.00866339553207
2028743,508700,4074008,4582708,8.008665225083547
2028796,508737,4074116,4582853,8.008295052256864
2028820,508749,4074151,4582900,8.008174954643646
2028971,508900,4074538,4583438,8.006559245431323
2028994,508911,4074568,4583479,8.00644513480746
2029038,508931,4074699,4583630,8.006387899341954
2029178,508991,4074821,4583812,8.005683794016004
2029248,509040,4075008,4584048,8.005280528052806
2029433,509048,4076074,4585122,8.007248825258129
2029462,509048,4076113,4585161,8.007325438858418
2029598,509112,4076417,4585529,8.006915963481513
2030317,509112,4077797,4586909,8.009626565470858
2037977,509127,4140667,4649794,8.132876472864334
2038318,509396,4141230,4650626,8.129686923336658
2038332,509399,4141241,4650640,8.129660639302394
2038386,509402,4141476,4650878,8.130074086870488
2038547,509402,4141813,4651215,8.130735646895772
2038676,509470,4142046,4651516,8.130107759043712
2038702,509486,4142100,4651586,8.129958428690877
2038722,509486,4142121,4651607,8.129999646702755
2038788,509486,4142233,4651719,8.130219476099441
2038857,509529,4142330,4651859,8.129723725244295
2039397,509536,4143664,4653200,8.132230107391823
2039441,509540,4143719,4653259,8.132274208109274
2039540,509595,4144020,4653615,8.131987166279105
2039996,509871,4145240,4655111,8.129977974821083
2040237,509871,4145725,4655596,8.130929195816197
2040533,509922,4146413,4656335,8.131465204482254
2040580,509946,4146490,4656436,8.131233503155237
2040598,509952,4146507,4656459,8.131171169051205
2040894,510083,4147205,4657288,8.130451318706955
2040962,510105,4147347,4657452,8.130379039609492
2041001,510121,4147453,4657574,8.130331823234096
2041030,510126,4147494,4657620,8.13033250608673
2041067,510139,4147595,4657734,8.130323304040664
2041123,510159,4147652,4657811,8.13011629707601
2041166,510167,4147719,4657886,8.130120137131566
2041178,510167,4147753,4657920,8.130186781975313
2041279,510203,4147918,4658121,8.129936515465413
2041295,510203,4147944,4658147,8.129987475573449
2041313,510203,4147987,4658190,8.130071755752121
2043136,510203,4151702,4661905,8.137353171188723
2043312,510203,4152423,4662626,8.138766334184629
2043335,510219,4152450,4662669,8.13856402838781
2043349,510219,4152485,4662704,8.138632626382005
2043654,510219,4153395,4663614,8.140416174231065
2043674,510219,4153438,4663657,8.14050045176679
2043691,510229,4153456,4663685,8.140376184027172
2043903,510300,4153762,4664062,8.13984322947286
2043910,510302,4153762,4664064,8.139811327410044
2043981,510347,4153873,4664220,8.139311096175739
2044064,510347,4154182,4664529,8.139916566571372
2044904,510647,4155368,4666015,8.137456990837114
2044922,510647,4155401,4666048,8.137521614735816
2044947,510663,4155442,4666105,8.137346939175151
2044984,510676,4155536,4666212,8.137323860921603
2045028,510690,4155595,4666285,8.137216315181421
2045061,510700,4155628,4666328,8.137121597806932
2045160,510737,4155780,4666517,8.136829718622305
2045181,510737,4155802,4666539,8.136872793629598
2045311,510813,4156311,4667124,8.136658620669403
2045347,510813,4156351,4667164,8.13673692721211
2045384,510813,4156419,4667232,8.136870048334714
2045491,510813,4156635,4667448,8.137292903665333
2045588,510813,4156815,4667628,8.137645283107517
2045627,510822,4156907,4667729,8.137682010563367
2045655,510833,4156922,4667755,8.137536141948543
2045668,510838,4156942,4667780,8.13749564441173
2045737,510868,4157015,4667883,8.137160675556112
2045746,510876,4157050,4667926,8.137101762462907
2045840,510883,4157170,4668053,8.13722515722778
2046008,510925,4157456,4668381,8.137116015070704
2046108,510925,4157696,4668621,8.137585751333367
2046193,510943,4157770,4668713,8.137443902744533
2046296,511031,4158003,4669034,8.136498568579988
2046385,511060,4158097,4669157,8.136220795992642
2046416,511067,4158126,4669193,8.136166099552504
2046472,511088,4158248,4669336,8.136070500579157
2046785,511212,4158688,4669900,8.134957708348004
2046841,511212,4158772,4669984,8.135122023739662
2046912,511212,4158899,4670111,8.135370452962762
2046975,511212,4159081,4670293,8.135726469644688
2047033,511226,4159184,4670410,8.13570514801673
2047064,511237,4159213,4670450,8.135586821767594
2047108,511260,4159327,4670587,8.135443805500136
2047216,511281,4159426,4670707,8.13530328723344
2047241,511287,4159451,4670738,8.135256714917453
2047291,511287,4159521,4670808,8.135393624324498
2047558,511321,4160027,4671348,8.135842259559064
2047581,511324,4160066,4671390,8.1358707981632
2047723,511380,4160290,4671670,8.13541788884978
2047732,511383,4160325,4671708,8.135438604724834
2047867,511489,4160658,4672147,8.134403672415242
2048099,511498,4162057,4673555,8.136995648076825
2048126,511517,4162088,4673605,8.136754008175682
2048214,511517,4162428,4673945,8.137418697716791
2048215,511517,4162428,4673945,8.137418697716791
2048230,511523,4162465,4673988,8.137395581430356
2048340,511523,4162805,4674328,8.138060263174872
2048360,511523,4162826,4674349,8.138101317047328
2048390,511544,4162882,4674426,8.137876702688331
2048448,511544,4162951,4674495,8.13801158844596
2048478,511553,4162999,4674552,8.137962244381326
2048496,511562,4163015,4674577,8.137850348540352
2048569,511596,4163090,4674686,8.137456117717887
2048574,511597,4163095,4674692,8.137449985046825
2048704,511597,4163481,4675078,8.138204485170945
2048752,511605,4163543,4675148,8.138198414792662
2048757,511606,4163550,4675156,8.138196190036865
2048787,511606,4163597,4675203,8.13828805760683
2048871,511640,4163673,4675313,8.137895786099602
2049200,511640,4164017,4675657,8.138568133844108
2049250,511649,4164060,4675709,8.138509016923711
2049334,511649,4164246,4675895,8.138872547390887
2051121,511649,4164246,4675895,8.138872547390887
2051358,511706,4164880,4676586,8.139204934083244
2051544,511804,4165129,4676933,8.138132957147658
2051579,511804,4165278,4677082,8.138424084219741
2051652,511804,4165414,4677218,8.138689810943252
2053129,511804,4168338,4680142,8.144402935498746
2053173,511804,4168447,4680251,8.144615907652149
2053174,511804,4168451,4680255,8.144623723144017
2053805,511804,4169762,4681566,8.147185250603746
2053842,511811,4169817,4681628,8.147181283716058
2053949,511818,4169975,4681793,8.147378560347624
2054070,511818,4170119,4681937,8.14765991035876
2054161,511818,4170388,4682206,8.14818548781012
2054198,511818,4170423,4682241,8.148253871493383
2054225,511826,4170510,4682336,8.148296491385745
2054291,511908,4170686,4682594,8.147335068020034
2054328,511921,4170836,4682757,8.147421184128019
2054356,511933,4170865,4682798,8.147286851990398
2054378,511935,4170872,4682807,8.1472686962212
2054417,511943,4170889,4682832,8.147174587795908
2054430,511945,4170912,4682857,8.147187686177226
2054442,511945,4170933,4682878,8.147228706208674
2054493,511948,4171017,4682965,8.147345042855916
2054531,511961,4171075,4683036,8.147251450794103
2054675,512088,4171348,4683436,8.1457640093109
2054687,512096,4171366,4683462,8.145671905267763
2054697,512101,4171376,4683477,8.145611900777386
2054790,512125,4171464,4683589,8.145402001464486
2055011,512204,4171858,4684062,8.144914916712873
2055024,512210,4171887,4684097,8.144876125026844
2055026,512210,4171892,4684102,8.144885886648055
2055131,512238,4172190,4684428,8.145022430979349
2055165,512238,4172256,4684494,8.145151277335925
2055266,512256,4172310,4684566,8.144970483508246
2055297,512265,4172336,4684601,8.144878139244337
2055359,512289,4172461,4684750,8.144740566360003
2055384,512296,4172492,4684788,8.1446897887159
2055590,512320,4172824,4685144,8.14495627732667
2055643,512323,4172907,4685230,8.145070590233114
2055731,512323,4173137,4685460,8.145519525767924
2055793,512323,4173201,4685524,8.145644446960219
2055819,512331,4173243,4685574,8.145599231746663
2055845,512331,4173300,4685631,8.14571048794627
2055876,512331,4173354,4685685,8.145815888556422
2056114,512429,4173995,4686424,8.145508938799326
2056136,512429,4174055,4686484,8.145626028191222
2056331,512472,4174238,4686710,8.145299645639176
2056494,512520,4174344,4686864,8.14474361976118
2056759,512606,4174844,4687450,8.144352582685338
2056777,512606,4174854,4687460,8.1443720908456
2056867,512635,4174987,4687622,8.14417080378827
2056881,512642,4175007,4687649,8.144098610726394
2056912,512651,4175048,4687699,8.144035610971207
2056939,512665,4175081,4687746,8.143877580876401
2056987,512669,4175261,4687930,8.144165143591675
2057006,512684,4175290,4687974,8.143983428388637
2057035,512695,4175317,4688012,8.143861360067877
2057137,512733,4175507,4688240,8.143628360179665
2057737,512872,4175951,4688823,8.142286964388775
2058031,512940,4176766,4689706,8.142796428432176
2058097,512948,4176778,4689726,8.142692826563316
2058269,512957,4177770,4690727,8.144483845624487
2058309,512978,4177844,4690822,8.14429468710159
2058593,512978,4178521,4691499,8.145614431807992
2058672,513024,4178678,4691702,8.145190088572853
2058762,513062,4178804,4691866,8.144832398423583
2059188,513062,4179617,4692679,8.146417002233648
2059251,513078,4179700,4692778,8.14632473035289
2059254,513078,4179709,4692787,8.146342271545457
2059257,513078,4179718,4692796,8.146359812738025
2059266,513078,4179738,4692816,8.146398793165952
2059367,513126,4179840,4692966,8.145835525777294
2059422,513139,4179861,4693000,8.145670081595824
2059452,513147,4179939,4693086,8.145695093218903
2059560,513147,4180496,4693643,8.146780552161466
2059644,513164,4180576,4693740,8.146666562736279
2059662,513164,4180609,4693773,8.1467308696635
2059675,513164,4180635,4693799,8.146781535727369
2060141,513170,4181486,4694656,8.148344603152951
2060291,513215,4181662,4694877,8.147973071714583
2060297,513219,4181665,4694884,8.14791541232885
2060405,513233,4181717,4694950,8.147794471516836
2060671,513233,4182435,4695668,8.149193446251507
2060742,513250,4182571,4695821,8.149188504627375
2060916,513320,4182732,4696052,8.148390867295255
2060993,513374,4182931,4696305,8.14792139843467
2061081,513419,4183055,4696474,8.147448769913073
2061172,513419,4183299,4696718,8.14792401527797
2061218,513419,4183401,4696820,8.148122683422311
2061226,513422,4183419,4696841,8.148110131626614
2061249,513438,4183477,4696915,8.147969180309989
2061270,513447,4183539,4696986,8.147947110412565
2061315,513451,4183639,4697090,8.148078395017246
2061445,513552,4184052,4697604,8.14728011963735
2062421,513552,4185622,4699174,8.150337258933856
2062470,513563,4185714,4699277,8.150341827584931
2062490,513569,4185728,4699297,8.150273867776287
2062539,513588,4185798,4699386,8.150108647398303
2062555,513588,4185824,4699412,8.150159271634072
2062583,513588,4185871,4699459,8.150250784675654
2062650,513588,4185931,4699519,8.15036760983512
2062667,513589,4185934,4699523,8.150357581646025
2062765,513589,4186224,4699813,8.150922235484016
2062775,513589,4186239,4699828,8.150951441717014
2062795,513595,4186290,4699885,8.150955519426786
2062820,513601,4186380,4699981,8.151035531472875
2063382,513610,4187263,4700873,8.152611903973833
2063405,513622,4187305,4700927,8.15250320274443
2063417,513625,4187323,4700948,8.15249063032368
2063457,513639,4187396,4701035,8.152410545149415
2063652,513639,4187648,4701287,8.15290116210023
2063721,513639,4187732,4701371,8.153064701083835
2063859,513749,4187943,4701692,8.15172973572698
2063902,513767,4188036,4701803,8.1516251530363
2063916,513776,4188115,4701891,8.151636121578276
2063986,513801,4188232,4702033,8.151467202282596
2064023,513818,4188284,4702102,8.151298708881354
2064101,513858,4188469,4702327,8.151024212914852
2064196,513858,4188641,4702499,8.151358935737111
2064256,513878,4188774,4702652,8.151300503232285
2064268,513884,4188787,4702671,8.151230627923812
2065222,514653,4192097,4706750,8.145482490143845
2065235,514660,4192140,4706800,8.145455252011036
2065270,514682,4192200,4706882,8.145223652663198
2065284,514682,4192225,4706907,8.145272226345588
2065286,514684,4192237,4706921,8.14526389007624
2065445,514697,4192536,4707233,8.145639084743063
2065469,514703,4192559,4707262,8.145588815297366
2065580,514703,4192774,4707477,8.146006531922293
2065794,514865,4193365,4708230,8.144591300632204
2065823,514873,4193412,4708285,8.144556036148721
2065833,514873,4193441,4708314,8.14461236071808
2065840,514876,4193452,4708328,8.14458626931533
2065864,514883,4193491,4708374,8.144551286408756
2065905,514895,4193588,4708483,8.14454985968013
2065934,514898,4193668,4708566,8.14465777688008
2065975,514927,4193712,4708639,8.144284529651776
2066069,514927,4193839,4708766,8.144531166553705
2066079,514953,4193878,4708831,8.144195683877946
2066161,514984,4193991,4708975,8.14392485980147
2066185,514984,4194046,4709030,8.144031659236015
2066298,515015,4194174,4709189,8.143789986699417
2066358,515015,4194284,4709299,8.144003572711474
2066646,515024,4196062,4711086,8.147313523253285
2066698,515038,4196133,4711171,8.147229913132623
2066714,515056,4196165,4711221,8.14700731570936
2067033,515275,4196730,4712005,8.144641211003833
2067082,515302,4196828,4712130,8.144404640385638
2067097,515315,4196857,4712172,8.144255455401066
2067263,515391,4197097,4712488,8.143520162362167
2068044,515391,4198240,4713631,8.14573789608278
2068125,515404,4198431,4713835,8.145903019767017
2068147,515408,4198473,4713881,8.145921289541489
2068441,515576,4198938,4714514,8.144168851924837
2068492,515576,4199062,4714638,8.144409359628842
2068522,515594,4199087,4714681,8.144173516371408
2068819,515821,4200027,4715848,8.142411805645757
2068858,515821,4200143,4715964,8.142636689859467
2068898,515845,4200186,4716031,8.142341207145558
2068951,515877,4200284,4716161,8.14202610312148
2068954,515881,4200296,4716177,8.141986233259221
2068978,515881,4200346,4716227,8.142083154836095
2069108,515881,4200732,4716613,8.142831389409572
2069121,515886,4200754,4716640,8.14279511364914
2069214,515886,4200906,4716792,8.143089752387155
2069244,515903,4200925,4716828,8.142858250485071
2069352,515903,4201482,4717385,8.143937910808814
2069358,515907,4201485,4717392,8.143880583128354
2069623,516026,4202014,4718040,8.143027676900001
2069705,516055,4202074,4718129,8.14268634157212
2069786,516055,4202276,4718331,8.143077772718025
2069797,516068,4202290,4718358,8.142899772898145
2069855,516091,4202365,4718456,8.142682201394715
2069870,516091,4202368,4718459,8.142688014323056
2069882,516100,4202386,4718486,8.142580895175353
2069893,516103,4202398,4718501,8.142556815209367
2069897,516103,4202403,4718506,8.142566503198005
2069927,516121,4202437,4718558,8.142348402797019
2069929,516121,4202442,4718563,8.142358090447782
2069936,516124,4202460,4718584,8.142345637869969
2069981,516149,4202526,4718675,8.142079128313723
2070054,516149,4202620,4718769,8.142261246268035
2070105,516160,4202691,4718851,8.142225278983261
2070129,516174,4202712,4718886,8.142045124318544
2070225,516174,4203068,4719242,8.14273481422931
2070255,516183,4203125,4719308,8.14270326608974
2070264,516187,4203134,4719321,8.14265760276799
2070276,516196,4203146,4719342,8.142538880580245
2070316,516218,4203222,4719440,8.142339089299481
2070337,516218,4203254,4719472,8.142401078614073
2070422,516238,4203378,4719616,8.142325826459889
2070442,516238,4203419,4719657,8.142405247192187
2070456,516238,4203469,4719707,8.14250210174377
2070473,516247,4203482,4719729,8.142385331052772
2070486,516253,4203493,4719746,8.142312005935075
2070686,516276,4203886,4720162,8.142710488188488
2070747,516292,4204022,4720314,8.14272156066722
2070801,516301,4204106,4720407,8.142742315044906
2070810,516304,4204120,4720424,8.142722117202268
2071107,516304,4204836,4721140,8.144108897083889
2071139,516326,4204873,4721199,8.143833547022618
2071154,516328,4204885,4721213,8.143825242868875
2071217,516342,4205000,4721342,8.143827153320862
2071573,516452,4205333,4721785,8.142737369590979
2071597,516454,4205430,4721884,8.142893655582105
2071643,516458,4205491,4721949,8.142948700571973
2071736,516497,4205559,4722056,8.142465493507222
2071752,516504,4205577,4722081,8.142389991171415
2071906,516534,4205810,4722344,8.142368169375104
2072009,516560,4205887,4722447,8.142107402818647
2072079,516614,4205992,4722606,8.141459581041165
2074130,517664,4212089,4729753,8.136723820856773
2074146,517669,4212119,4729788,8.136703182921906
2074287,517748,4212386,4730134,8.135977348053494
2074329,517748,4212386,4730134,8.135977348053494
2074347,517748,4212396,4730144,8.135996662469001
2075229,517748,4216171,4733919,8.143287854322953
2075243,517748,4216204,4733952,8.143351591894126
2075292,517755,4216288,4734043,8.143403733426041
2075321,517769,4216353,4734122,8.143309081849242
2075359,517784,4216425,4734209,8.143212227492546
2075369,517784,4216444,4734228,8.143248922330548
2075514,517784,4216725,4734509,8.143791619671523
2075551,517784,4216761,4734545,8.143861146733
2076297,517889,4217598,4735487,8.143826186692515
2076445,518002,4217854,4735856,8.142543851182042
2076951,518154,4218544,4736698,8.141486893857811
2077003,518186,4218689,4736875,8.141263947694457
2077018,518186,4218720,4736906,8.14132377177307
2077169,518195,4219014,4737209,8.141749727419215
2077222,518209,4219104,4737313,8.141703443977237
2077244,518213,4219162,4737375,8.141752522611359
2077249,518213,4219164,4737377,8.14175638202824
2077257,518217,4219177,4737394,8.141718623665376
2077291,518223,4219209,4737432,8.14168610810404
2077380,518223,4219351,4737574,8.141960121414913
2077417,518246,4219397,4737643,8.141687538350514
2077439,518262,4219441,4737703,8.141521083930522
2077559,518325,4219569,4737894,8.14077846910722
2077584,518351,4219623,4737974,8.140474311808022
2077643,518390,4219775,4738165,8.140155095584406
2077784,518424,4220135,4738559,8.140315648966869
2077796,518432,4220158,4738590,8.140234399111167
2077864,518456,4220289,4738745,8.14011025043591
2078384,518493,4221795,4740288,8.142433938355966
2078425,518501,4221883,4740384,8.14247802800766
2078434,518501,4221894,4740395,8.142499243010139
2078505,518501,4222021,4740522,8.142744179856933
2078515,518501,4222037,4740538,8.142775038042357
2078531,518501,4222063,4740564,8.142825182593668
2078583,518514,4222170,4740684,8.142827387495805
2078655,518560,4222297,4740857,8.142349969145325
2078676,518560,4222334,4740894,8.142421320580068
2078689,518560,4222348,4740908,8.142448318420241
2078702,518560,4222371,4740931,8.14249267201481
2078751,518592,4222437,4741029,8.142117502776749
2078761,518596,4222452,4741048,8.142083625789631
2079279,518608,4224222,4742830,8.14530820966896
2079283,518608,4224231,4742839,8.145325563816987
2079324,518622,4224278,4742900,8.14519630867954
2079346,518622,4224302,4742924,8.145242585158362
2079363,518628,4224344,4742972,8.145229335863085
2079380,518641,4224365,4743006,8.1450656619897
2079390,518641,4224397,4743038,8.14512736170106
2079438,518669,4224491,4743160,8.144868885551286
2079858,518793,4224864,4743657,8.143641105411985
2079867,518799,4224897,4743696,8.143610531246205
2079896,518803,4224953,4743756,8.143655684334902
2079906,518803,4224963,4743766,8.14367495947402
2079915,518805,4224977,4743782,8.143670550592226
2079957,518831,4225067,4743898,8.143435916512313
2080150,518902,4225388,4744290,8.14294028544889
2080198,518914,4225532,4744446,8.143029480800287
2080272,518956,4225661,4744617,8.142619027431998
2080306,518956,4225679,4744635,8.142653712453464
2080737,518956,4227149,4746105,8.145486322539869
2080749,518960,4227189,4746149,8.14550061661785
2080774,518968,4227205,4746173,8.145405882443619
2080798,518985,4227241,4746226,8.1452084356966
2081040,518985,4227825,4746810,8.146333709066736
2081083,518996,4227866,4746862,8.146240048092857
2081176,518996,4228139,4747135,8.14676606370762
2081268,519003,4228317,4747320,8.14699915029393
2081289,519010,4228346,4747356,8.146945145565596
2081303,519020,4228370,4747390,8.146834418712189
2081323,519027,4228394,4747421,8.146770784564195
2081339,519027,4228420,4747447,8.146820878297275
2081508,519095,4228543,4747638,8.145990618287597
2081650,519171,4228805,4747976,8.145302800040835
2081656,519171,4228816,4747987,8.14532398766495
2081761,519179,4228973,4748152,8.145500877346734
2081772,519186,4228979,4748165,8.145402611010311
2081792,519186,4229009,4748195,8.145460393770248
2081824,519186,4229073,4748259,8.145583663658112
2081932,519224,4229200,4748424,8.145232115618693
2082129,519304,4229579,4748883,8.144707146488377
2082138,519308,4229600,4748908,8.144684849838631
2082361,519308,4230078,4749386,8.145605305521963
2082388,519328,4230132,4749460,8.145395588144678
2082548,519424,4230547,4749971,8.144689117175949
2082578,519443,4230604,4750047,8.144500936580144
2082610,519443,4230653,4750096,8.14459526839326
2082825,519504,4230863,4750367,8.144043164248975
2082831,519504,4230872,4750376,8.144060488465922
2082941,519504,4231075,4750579,8.14445124580369
2082957,519504,4231075,4750579,8.14445124580369
2083003,519518,4231113,4750631,8.144304913400498
2083161,519605,4231389,4750994,8.143472445415266
2083205,519621,4231406,4751027,8.14325441042606
2083687,519727,4231883,4751610,8.142511356923924
2083703,519737,4231917,4751654,8.142420108631866
2083718,519745,4231935,4751680,8.14232941153835
2083734,519756,4231948,4751704,8.14218210083193
2083903,519756,4231948,4751704,8.14218210083193
2083942,519774,4232013,4751787,8.142025187870113
2083951,519774,4232029,4751803,8.142055970479477
2084127,519825,4232364,4752189,8.141901601500505
2084545,519825,4233498,4753323,8.144083104891068
2084578,519825,4233571,4753396,8.144223536767182
2084597,519836,4233596,4753432,8.1440992928539
2084618,519836,4233625,4753461,8.144155079678976
2084865,519836,4234446,4754282,8.145734423933702
2084896,519849,4234465,4754314,8.145567270495855
2085010,519872,4234687,4754559,8.145633925273913
2085059,519888,4234766,4754654,8.145535192195242
2085080,519888,4234798,4754686,8.145596743914075
2085587,519918,4236272,4756190,8.147961793975204
2086426,519918,4238118,4758036,8.151512353871187
2086441,519918,4238144,4758062,8.151562361757046
2086512,519921,4238268,4758189,8.151753824138668
2086639,519921,4238694,4758615,8.152573179386868
2086712,519935,4238949,4758884,8.15284410551319
2086758,519972,4239020,4758992,8.152400513873824
2086783,519985,4239049,4759034,8.152252468821215
2087051,520127,4239925,4760052,8.151711024422882
2087071,520129,4239932,4760061,8.151693137663926
2087089,520144,4239948,4760092,8.151488818481036
2087100,520144,4239958,4760102,8.151508043926297
2087152,520160,4240017,4760177,8.151370732082436
2088444,520240,4242937,4763177,8.155730047670305
2089608,520261,4244793,4765054,8.158968287071296
2089692,520261,4245129,4765390,8.159614116760626
2089733,520267,4245202,4765469,8.159660328254532
2089792,520290,4245292,4765582,8.159472601818218
2089853,520302,4245373,4765675,8.15944009440671
2089912,520350,4245434,4765784,8.158804650715865
2090013,520404,4245603,4766007,8.15828279567413
2090119,520423,4245943,4766366,8.158638261567994
2090169,520439,4246066,4766505,8.158623777234219
2090210,520458,4246149,4766607,8.15848541092653
2090233,520466,4246178,4766644,8.158415727444252
2090269,520473,4246222,4766695,8.158390540911824
2090313,520480,4246319,4766799,8.158467184137718
2090434,520480,4246533,4767013,8.158878343067938
2090456,520486,4246571,4767057,8.158857298755393
2090462,520486,4246587,4767073,8.158888039255618
2090506,520509,4246684,4767193,8.158713874303807
2090767,520509,4247162,4767671,8.159632206167425
2090794,520524,4247207,4767731,8.159483520452467
2090936,520570,4247374,4767944,8.159083312522812
2090952,520570,4247400,4767970,8.159133257775132
2090986,520596,4247459,4768055,8.158839099800998
2091023,520596,4247495,4768091,8.158908251311958
2091163,520596,4247758,4768354,8.15941344151703
2091181,520596,4247785,4768381,8.15946530515025
2091188,520596,4247799,4768395,8.159492197404512
2091231,520613,4248002,4768615,8.159615683818883
2091426,520613,4248472,4769085,8.160518465731743
2091435,520620,4248489,4769109,8.160441396796127
2091517,520673,4248644,4769317,8.159908426209924
2091711,520673,4249201,4769874,8.160978195527711
2091819,520673,4249758,4770431,8.162047964845499
2091824,520675,4249763,4770438,8.162026215969655
2091844,520675,4249784,4770459,8.162066548230662
2091884,520695,4249864,4770559,8.16190668241485
2091945,520734,4249961,4770695,8.161481677785588
2092390,520734,4250620,4771354,8.162747199145821
2092428,520741,4250821,4771562,8.163023460799131
2092431,520741,4250830,4771571,8.163040743863071
2092823,520921,4251917,4772838,8.162306760526068
2092946,521048,4252123,4773171,8.160712640678017
2093007,521048,4252266,4773314,8.16098708756199
2093504,521048,4253600,4774648,8.163547312339746
2093529,521053,4253645,4774698,8.163555338900265
2093557,521055,4253660,4774715,8.163552791931753
2093608,521065,4253727,4774792,8.163524704211566
2093669,521085,4253827,4774912,8.163403283533397
2093689,521085,4253827,4774912,8.163403283533397
2093699,521085,4253843,4774928,8.163433988696662
2093801,521118,4254079,4775197,8.163369908542787
2093817,521118,4254105,4775223,8.163419801273417
2093883,521130,4254140,4775270,8.163298984898201
2093944,521156,4254296,4775452,8.163191059874586
2093987,521156,4254345,4775501,8.163285081626231
2094045,521164,4254443,4775607,8.163347813740012
2094054,521166,4254463,4775629,8.163354861982555
2094064,521166,4254463,4775629,8.163354861982555
2094396,521166,4255085,4776251,8.164548339684476
2094519,521255,4255332,4776587,8.163628166636292
2094973,521413,4256063,4777476,8.16255636127216
2095027,521413,4256200,4777613,8.162819108844621
2095382,521502,4256638,4778140,8.162265916525728
2095434,521529,4256795,4778324,8.162144386985192
2095529,521529,4256900,4778429,8.162345718071286
2095591,521558,4257104,4778662,8.162283005916887
2095594,521559,4257108,4778667,8.162275025452537
2095625,521575,4257135,4778710,8.16207640320184
2095700,521575,4257302,4778877,8.162396587259742
2096100,521670,4257916,4779586,8.162087143213142
2096115,521675,4257968,4779643,8.162108592514496
2096174,521717,4258065,4779782,8.161637439454724
2096296,521769,4258364,4780133,8.16139709334974
2096438,521874,4258711,4780585,8.16041994811008
2096569,521902,4258834,4780736,8.160217818670938
2096578,521909,4258856,4780765,8.160150524325122
2096600,521909,4258909,4780818,8.16025207459538
2096768,521909,4259262,4781171,8.160928437716153
2096790,521922,4259277,4781199,8.160753905756032
2096818,521926,4259294,4781220,8.16072393404429
2096844,521935,4259324,4781259,8.160640692806576
2096847,521935,4259337,4781272,8.16066560012262
2096901,521959,4259437,4781396,8.160481953563403
2096978,521971,4259537,4781508,8.160485927379106
2097018,521983,4259575,4781558,8.160371123197498
2097057,521983,4259575,4781558,8.160371123197498
2097111,522024,4259805,4781829,8.160170796744977
2097163,522044,4259932,4781976,8.160101447387577
2097183,522044,4259985,4782029,8.160202971397046
2097572,522249,4260381,4782630,8.157758080915425
2097904,522413,4261807,4784220,8.157926774410285
2097938,522435,4261853,4784288,8.157671289251294
2098411,522573,4262180,4784753,8.156142778138173
2098603,522583,4262253,4784836,8.15612639523291
2161965,522583,4452335,4974918,8.51986191667161
2163387,522661,4455089,4977750,8.523859633682253
2163451,522661,4455308,4977969,8.524278643327127
2163474,522689,4455361,4978050,8.52392340378313
2163505,522704,4455418,4978122,8.523787841684777
2163513,522710,4455421,4978131,8.523695739511393
2163523,522710,4455437,4978147,8.523726349218496
2163570,522764,4455540,4978304,8.523042902724749
2163600,522773,4455575,4978348,8.522963121660835
2163628,522798,4455617,4978415,8.522635893786893
2163669,522798,4455689,4978487,8.522773614283146
2163693,522798,4455749,4978547,8.522888381363357
2163772,522798,4455866,4978664,8.523112177169768
2163784,522808,4455879,4978687,8.522974017230034
2164051,522808,4456668,4979476,8.524483175467859
2164074,522814,4456697,4979511,8.524440814515296
2164121,522832,4456910,4979742,8.5245547326866
2164159,522848,4456955,4979803,8.524379934512517
2164200,522864,4457015,4979879,8.524233835184676
2164202,522864,4457020,4979884,8.524243397900793
2164688,523081,4458081,4981162,8.522735484561665
2165528,523099,4459899,4982998,8.525917656122456
2165540,523103,4459932,4983035,8.52591554626909
2165730,523214,4460257,4983471,8.524727931592045
2165790,523214,4460297,4983511,8.524804382145737
2165857,523220,4460353,4983573,8.524813653912313
2165869,523228,4460372,4983600,8.524719625096516
2165872,523228,4460381,4983609,8.524736826010841
2165885,523228,4460408,4983636,8.524788428753812
2165897,523232,4460414,4983646,8.52473472570485
2166117,523232,4460414,4983646,8.52473472570485
2166124,523236,4460426,4983662,8.524692490577866
2166182,523258,4460477,4983735,8.52443154237489
2166216,523262,4460511,4983773,8.52443135561153
2166356,523325,4460708,4984033,8.523781588878803
2166396,523356,4460800,4984156,8.52345248740819
2166403,523356,4460817,4984173,8.52348497007773
2166497,523362,4460856,4984218,8.523461772157704
2166922,523375,4461323,4984698,8.524142345354669
2166955,523375,4461366,4984741,8.524224504418438
2167003,523411,4461524,4984935,8.523940077682738
2167174,523487,4461737,4985224,8.523109456395288
2167268,523526,4461957,4985483,8.522894755943353
2167684,523548,4462590,4986138,8.523745673749112
2167718,523570,4462636,4986206,8.523475371010562
2167747,523575,4462698,4986273,8.523512390774961
2167798,523597,4462807,4986404,8.523362433321811
2167809,523606,4462825,4986431,8.52325030652819
2167837,523616,4462852,4986468,8.523139094298111
2167859,523626,4462870,4986496,8.52301069847563
2167869,523631,4462880,4986511,8.522948412145194
2167979,523667,4463065,4986732,8.522715771664053
2167994,523677,4463079,4986756,8.522579758133354
2168062,523683,4463170,4986853,8.522655881516108
2168104,523708,4463312,4987020,8.522520183002742
2168314,523708,4463897,4987605,8.523637217686192
2168367,523721,4463999,4987720,8.523620400938668
2168390,523721,4464028,4987749,8.523675773933068
2168403,523732,4464056,4987788,8.523550212704208
2168650,523888,4464437,4988325,8.52173937940934
2169065,523906,4465272,4989178,8.52304039274221
2169093,523929,4465357,4989286,8.5228284748506
2169147,523966,4465493,4989459,8.522486191852144
2169150,523966,4465502,4989468,8.52250336853918
2169405,524029,4465687,4989716,8.521831807018314
2169416,524029,4465687,4989716,8.521831807018314
2169485,524036,4465876,4989912,8.522078635818913
2169510,524039,4465908,4989947,8.522090913080897
2169827,524118,4466150,4990268,8.521268111379499
2169843,524118,4466176,4990294,8.521317718529033
2169868,524126,4466190,4990316,8.521214364484877
2169880,524131,4466217,4990348,8.521184589348845
2169913,524141,4466348,4990489,8.521271947815569
2169956,524147,4466410,4990557,8.521292690790942
2170178,524234,4466769,4991003,8.520563336220086
2170263,524241,4466870,4991111,8.520642223710087
2170277,524247,4466887,4991134,8.520577132534855
2170335,524282,4466988,4991270,8.520200960551763
2170345,524282,4466998,4991280,8.520220034256374
2170512,524318,4467061,4991379,8.51975518673782
2170558,524343,4467139,4991482,8.51949773335393
2170593,524357,4467203,4991560,8.519392322406299
2170658,524371,4467232,4991603,8.519220170451836
2170668,524372,4467267,4991639,8.519270670440068
2170717,524372,4467376,4991748,8.519478538137047
2170738,524384,4467434,4991818,8.519394184414475
2170744,524387,4467445,4991832,8.51936642212717
2170883,524499,4467738,4992237,8.518105849582172
2170910,524518,4467769,4992287,8.517856393870181
2171133,524518,4468247,4992765,8.518767706732657
2171148,524527,4468263,4992790,8.518652042697516
2171330,524563,4468402,4992965,8.518332402399711
2171344,524567,4468435,4993002,8.518330356274793
2171386,524581,4468507,4993088,8.518240271759748
2171422,524612,4468577,4993189,8.517870349896686
2171431,524616,4468592,4993208,8.517833996675664
2171454,524632,4468623,4993255,8.517633312493329
2171530,524647,4468705,4993352,8.51754608336653
2171566,524655,4468738,4993393,8.517479105316827
2171613,524657,4468858,4993515,8.517675357423993
2171632,524661,4468866,4993527,8.517625666859171
2171666,524661,4468884,4993545,8.517659974726538
2171678,524664,4468914,4993578,8.51766845066557
2172449,524679,4470030,4994709,8.519551954623685
2172573,524712,4470200,4994912,8.519340133254051
2172737,524712,4470483,4995195,8.519879476741528
2172765,524721,4470525,4995246,8.519813386542562
2173101,524852,4471094,4995946,8.51877100592167
2173189,524852,4471509,4996361,8.519561705013984
2173230,524887,4471576,4996463,8.519121258480396
2173253,524908,4471646,4996554,8.518913790607115
2173409,524967,4471954,4996921,8.518543070326325
2173475,525002,4472023,4997025,8.518106597689151
2173527,525028,4472120,4997148,8.517869523149242
2173630,525082,4472329,4997411,8.517391569316793
2173811,525127,4472913,4998040,8.517773795672285
2173842,525127,4472993,4998120,8.517926139771903
2173863,525129,4472993,4998122,8.51789369850075
2173872,525131,4473007,4998138,8.517887917491064
2174019,525151,4473114,4998265,8.51776727074689
2174071,525168,4473183,4998351,8.517622932090303
2174091,525177,4473226,4998403,8.51755884206658
2174211,525197,4473447,4998644,8.51765527982833
2174428,525301,4473682,4998983,8.516416302272411
2174462,525336,4473790,4999126,8.516054487033061
2174544,525356,4473879,4999235,8.515899694683224
2174852,525428,4474135,4999563,8.515219973050542
2174868,525428,4474161,4999589,8.515269456519256
2174901,525436,4474209,4999645,8.515231160407737
2175577,525847,4476116,5001963,8.512202218516032
2175836,525847,4476612,5002459,8.513145458660029
2175927,525847,4476792,5002639,8.513487763550994
2175996,525847,4476924,5002771,8.513738787137704
2176032,525847,4476962,5002809,8.513811051503573
2176041,525849,4476978,5002827,8.513809097288386
2176181,525849,4477241,5003090,8.514309240865725
2176259,525868,4477392,5003260,8.514288756874349
2176348,525879,4477567,5003446,8.51444343660804
2176498,525935,4477698,5003633,8.513785924116098
2176630,525988,4477846,5003834,8.51320942683103
2176719,525988,4477931,5003919,8.513371027475912
2176765,526002,4478009,5004011,8.513292725122717
2176766,526002,4478018,5004020,8.51330983532382
2176766,526084,4478129,5004213,8.512193870180427
2177367,526253,4478870,5005123,8.510868346593748
2177456,526269,4479024,5005293,8.510902219207287
2177502,526301,4479174,5005475,8.51066974981997
2177516,526304,4479208,5005512,8.510685839362802
2177584,526367,4479374,5005741,8.509982578695093
2177608,526382,4479437,5005819,8.509859759642238
2178383,526952,4481764,5008716,8.50507067057341
2178403,526957,4481815,5008772,8.505086752809053
2178601,526957,4481972,5008929,8.505384689832377
2178643,526974,4482027,5009001,8.50521467852304
2179071,526974,4482935,5009909,8.506937723682762
2179135,526998,4483066,5010064,8.506798887282304
2179201,527020,4483106,5010126,8.506519676672612
2179306,527082,4483320,5010402,8.505925074276869
2179311,527082,4483333,5010415,8.50594973837088
2179367,527095,4483466,5010561,8.505992278431782
2179387,527096,4483499,5010595,8.506038748159728
2179629,527096,4484083,5011179,8.507146705723436
2179720,527127,4484302,5011429,8.507061865546634
2179831,527127,4484518,5011645,8.507471633970562
2179834,527127,4484527,5011654,8.507488707654892
2179850,527127,4484553,5011680,8.507538031631846
2179886,527143,4484598,5011741,8.50736517415578
2180315,527143,4485432,5012575,8.50894728754816
2182654,527143,4488605,5015748,8.514966527109342
2183511,527461,4490189,5017650,8.512836020103856
2183536,527465,4490227,5017692,8.512843506204202
2183648,527506,4490370,5017876,8.512452938923918
2183664,527509,4490374,5017883,8.512412110504275
2183689,527526,4490415,5017941,8.512215511652506
2183728,527536,4490479,5018015,8.512175472384824
2184066,527536,4491254,5018790,8.513644566437172
2184123,527546,4491341,5018887,8.513648098933553
2184279,527632,4491706,5019338,8.512952209115443
2184300,527632,4491735,5019367,8.5130071716651
2184329,527652,4491779,5019431,8.512767884893831
2184352,527665,4491800,5019465,8.512597955141993
2184386,527687,4491846,5019533,8.51233022606204
2184474,527711,4492213,5019924,8.512638546477143
2184532,527730,4492296,5020026,8.512489341140355
2184911,527730,4494198,5021928,8.516093456881359
2184927,527738,4494220,5021958,8.516006048455862
2184964,527751,4494249,5022000,8.515851225293746
2185131,527751,4494542,5022293,8.51640641135687
2185156,527766,4494590,5022356,8.516255310118499
2185178,527771,4494601,5022372,8.51619547114184
2185208,527791,4494651,5022442,8.51596749470908
2185523,527809,4495307,5023116,8.516919946420012
2185573,527809,4495398,5023207,8.51709235727318
2185609,527818,4495424,5023242,8.516996388906783
2185660,527845,4495545,5023390,8.516789966751602
2186113,527906,4495719,5023625,8.516135448356335
2186226,527906,4496054,5023960,8.516770031028251
2186227,527906,4496056,5023962,8.516773819581516
2186273,527942,4496136,5024078,8.51634459845968
2186338,527942,4496279,5024221,8.516615461546913
2186381,527942,4496321,5024263,8.516695015740366
2186412,527955,4496361,5024316,8.516561070545785
2186461,527967,4496390,5024357,8.516422427916897
2186485,527978,4496438,5024416,8.516335907935558
2186565,528026,4496583,5024609,8.51583634139228
2186801,528044,4497250,5025294,8.516809205293498
2186851,528044,4497434,5025478,8.517157661104
2186878,528065,4497467,5025532,8.516881444519141
2186927,528088,4497602,5025690,8.516766145036433
2187223,528215,4498103,5026318,8.515666915933853
2187268,528223,4498142,5026365,8.515611777601505
2187535,528223,4498931,5027154,8.517105464926745
2187837,528370,4499353,5027723,8.515534568578836
2187871,528370,4499455,5027825,8.515727615118193
2188101,528389,4499758,5028147,8.515994844707214
2188120,528389,4499785,5028174,8.516045943424258
2188140,528401,4499804,5028205,8.515888501346515
2188264,528455,4499959,5028414,8.515311615937025
2188286,528462,4499996,5028458,8.515268836737551
2188289,528463,4500004,5028467,8.515267861704604
2188324,528463,4500097,5028560,8.515443843750651
2188406,528524,4500287,5028811,8.514820519030357
2188517,528524,4500325,5028849,8.514892417373668
2188586,528535,4500425,5028960,8.514904405573898
2188589,528535,4500434,5028969,8.51492143377449
2188728,528535,4500687,5029222,8.51540011541336
2188824,528535,4500787,5029322,8.515589317642162
2189033,528635,4501414,5030049,8.51516452750953
2189064,528644,4501474,5030118,8.515133057407253
2189151,528653,4501966,5030619,8.515918759564402
2189187,528673,4502069,5030742,8.515791424945098
2189227,528673,4502131,5030804,8.515908699706625
2189245,528679,4502164,5030843,8.515874472033124
2189268,528685,4502234,5030919,8.515910230099209
2189278,528685,4502268,5030953,8.515974540605464
2189327,528721,4502398,5031119,8.515640574140237
2189347,528721,4502422,5031143,8.515685966700774
2189396,528748,4502514,5031262,8.515425117447252
2189415,528755,4502536,5031291,8.515353991924426
2189558,528807,4502760,5031567,8.514940233393279
2189634,528837,4502875,5031712,8.51467465400492
2189679,528844,4502902,5031746,8.514613004969329
2189712,528853,4502965,5031818,8.514587229343503
2189760,528865,4503082,5031947,8.514615260983426
2189790,528876,4503133,5032009,8.514534597901966
2189817,528893,4503174,5032067,8.514338438965916
2189874,528940,4503248,5032188,8.51372178318902
2189904,528949,4503308,5032257,8.513690355780993
2189944,528967,4503436,5032403,8.513642627990025
2190034,529025,4503589,5032614,8.512998440527385
2190098,529039,4503658,5032697,8.512903585557964
2190170,529055,4503744,5032799,8.512808687187533
2190171,529055,4503746,5032801,8.512812467512829
2190244,529095,4503921,5033016,8.512499645621297
2190482,529097,4504919,5034016,8.514353700739184
2190576,529117,4504976,5034093,8.514139594834413
2190594,529124,4504990,5034114,8.514053416590441
2190797,529276,4505516,5034792,8.512602120632714
2190810,529287,4505561,5034848,8.512510226021043
2190835,529292,4505625,5034917,8.5125507281425
2190946,529292,4505934,5035226,8.513134526877414
2190958,529294,4505976,5035270,8.51318170997593
2190967,529304,4505991,5035295,8.513049211795112
2193282,529304,4509021,5038325,8.518773710381936
2193705,529440,4509471,5038911,8.51743540344515
2193767,529466,4509633,5039099,8.517323114232076
2193772,529468,4509645,5039113,8.51731360535481
2193783,529470,4509654,5039124,8.517298430505978
2193851,529510,4509764,5039274,8.516862759910106
2193972,529529,4510008,5039537,8.517017953690921
2194002,529552,4510083,5039635,8.516789663715745
2194008,529558,4510094,5039652,8.51671393879424
2194300,529674,4510412,5040086,8.51544912531104
2194323,529679,4510449,5040128,8.515438595828794
2194346,529689,4510501,5040190,8.515376003654975
2194397,529689,4510617,5040306,8.515595000084955
2194448,529703,4510700,5040403,8.515526625297573
2194475,529717,4510763,5040480,8.51542049811503
2194488,529722,4510778,5040500,8.51536843853946
2194730,529722,4511362,5041084,8.516470903606042
2194769,529722,4511411,5041133,8.516563404955807
2194786,529733,4511443,5041176,8.516446964791697
2194846,529749,4511496,5041245,8.516289790070392
2195185,529749,4512335,5042084,8.51787355898737
2195637,529749,4513167,5042916,8.519444114099318
2195681,529775,4513240,5043015,8.519163795951112
2195699,529786,4513301,5043087,8.51910205252687
2196065,529971,4514218,5044189,8.51785852433435
2196138,529998,4514412,5044410,8.5177906331722
2196186,530002,4514452,5044454,8.517801819615775
2196237,530022,4514627,5044649,8.517810581447563
2196368,530026,4514781,5044807,8.518036851022403
2196402,530048,4514822,5044870,8.517760655638735
2196472,530051,4514926,5044977,8.51790865407291
2196639,530051,4515219,5045270,8.51846143106984
2196763,530056,4515349,5045405,8.518626333821333
2196825,530088,4515538,5045626,8.518468631623428
2197607,530088,4516939,5047027,8.521111589019181
2197688,530088,4516996,5047084,8.521219118335068
2197724,530088,4517028,5047116,8.521279485670304
2198785,530476,4518887,5049363,8.518551263393631
2198827,530505,4518966,5049471,8.518234512398564
2199008,530505,4519289,5049794,8.51884336622652
2199018,530505,4519289,5049794,8.51884336622652
2199034,530505,4519315,5049820,8.518892376132175
2199048,530505,4519322,5049827,8.518905571106776
2199097,530542,4519410,5049952,8.518477330729707
2199166,530595,4519561,5050156,8.517911024415985
2199179,530601,4519579,5050180,8.517848628253622
2199185,530605,4519598,5050203,8.51782022408383
2199405,530729,4519977,5050706,8.516544225018794
2199414,530731,4519992,5050723,8.516540394286372
2199436,530735,4520018,5050753,8.516525196190189
2199492,530756,4520096,5050852,8.516335189804732
2199507,530756,4520121,5050877,8.516382292428158
2199514,530756,4520136,5050892,8.516410554002215
2199533,530763,4520149,5050912,8.516322727846516
2199625,530763,4520332,5051095,8.516667514502707
2199697,530813,4520462,5051275,8.516110193231892
2199736,530830,4520521,5051351,8.515948608782473
2200187,530830,4521462,5052292,8.517721304372397
2200218,530833,4521508,5052341,8.51775982276912
2200605,530888,4522070,5052958,8.517935986498093
2200765,530888,4522070,5052958,8.517935986498093
2200827,530915,4522177,5053092,8.517704340619497
2200858,530926,4522259,5053185,8.517682313542753
2200859,530926,4522261,5053187,8.517686080546065
2200860,530926,4522263,5053189,8.517689847549375
2201256,531011,4522952,5053963,8.517623928694508
2201277,531011,4522995,5054006,8.517704906301375
2201287,531018,4523017,5054035,8.517634053836217
2201354,531040,4523094,5054134,8.517426182585115
2201487,531106,4523236,5054342,8.516635097325205
2201497,531109,4523257,5054366,8.516626530523865
2201630,531143,4523375,5054518,8.516303519014654
2201787,531167,4523637,5054804,8.516411975894586
2201809,531173,4523657,5054830,8.516353429108785
2201893,531193,4523773,5054966,8.516251155418088
2201965,531217,4523897,5055114,8.516099823612572
2202085,531298,4524157,5055455,8.515290853720511
2202095,531301,4524176,5055477,8.515278533260807
2202224,531301,4524559,5055860,8.515999405233568
2202364,531301,4524924,5056225,8.516686398105781
2202848,531522,4525923,5057445,8.51502477790195
2202898,531530,4526308,5057838,8.515620943314582
2202926,531542,4526347,5057889,8.515502067569448
2203104,531617,4526729,5058346,8.51501927139275
2203128,531635,4526768,5058403,8.514804330038466
2203132,531635,4526773,5058408,8.514813734987351
2203152,531635,4526794,5058429,8.514853235772664
2203334,531635,4527338,5058973,8.515876494211254
2203384,531646,4527448,5059094,8.515907201408456
2203432,531677,4527513,5059190,8.515532926946248
2203450,531690,4527534,5059224,8.515364215990521
2203844,531690,4528307,5059997,8.516818070680284
2203849,531694,4528313,5060007,8.516765282286428
2203906,531694,4528433,5060127,8.516990976012519
2204001,531765,4528552,5060317,8.516077590665049
2205120,531765,4530596,5062361,8.519921393848787
2205160,531784,4530641,5062425,8.519701608171738
2205219,531794,4530658,5062452,8.519573368635223
2205237,531794,4530668,5062462,8.519592172909059
2205240,531794,4530677,5062471,8.519609096755511
2205258,531800,4530717,5062517,8.519588191049266
2205270,531802,4530759,5062561,8.51963512735943
2205511,531849,4530921,5062770,8.519186836865352
2205625,531897,4531244,5063141,8.519025300011092
2205759,531922,4531392,5063314,8.51890314745395
2205916,531984,4531694,5063678,8.518477999338327
2206010,532015,4531768,5063783,8.518120729678675
2206026,532018,4531791,5063809,8.518115928408438
2206034,532018,4531791,5063809,8.518115928408438
2206048,532024,4531806,5063830,8.518048057982346
2206086,532063,4531897,5063960,8.517594720925905
2206130,532082,4531961,5064043,8.517410850207298
2206179,532082,4532066,5064148,8.517608188211591
2206241,532091,4532290,5064381,8.517885098601555
2206262,532100,4532310,5064410,8.517778613042662
2206324,532109,4532431,5064540,8.517861941820192
2206377,532130,4532502,5064632,8.517659218611993
2206450,532164,4532664,5064828,8.517419442126863
2206508,532177,4532692,5064869,8.517263992994812
2206526,532177,4532719,5064896,8.517314727994634
2206545,532196,4532744,5064940,8.517057625386135
2206563,532205,4532763,5064968,8.516949295854042
2206582,532212,4532781,5064993,8.51687109648035
2206652,532212,4533051,5065263,8.51737841311357
2206671,532212,4533072,5065284,8.517417871073933
2206729,532212,4533169,5065381,8.517600129271793
2206753,532212,4533171,5065383,8.51760388717278
2206769,532215,4533202,5065417,8.517614122112304
2206833,532215,4533342,5065557,8.517877173698599
2206850,532227,4533419,5065646,8.517829798187616
2206873,532228,4533475,5065703,8.517919012152687
2207065,532228,4533898,5066126,8.518713784317999
2207074,532230,4533913,5066143,8.518709956221935
2207090,532239,4533937,5066176,8.518610999945514
2207234,532259,4534175,5066434,8.518738057975535
2207503,532368,4534499,5066867,8.517602485498752
2207536,532391,4534549,5066940,8.517328429669172
2207585,532404,4534637,5067041,8.51728574541138
2207611,532415,4534674,5067089,8.517179268052177
2207881,532485,4534911,5067396,8.516504690272965
2207903,532496,4534941,5067437,8.516385099606381
2207938,532496,4535024,5067520,8.516540969321836
2208049,532496,4535240,5067736,8.51694660617169
2208215,532496,4535598,5068094,8.517618911691356
2208239,532514,4535637,5068151,8.51740423725949
2208275,532525,4535741,5068266,8.517423595136378
2208563,532525,4536308,5068833,8.518488333881038
2208935,532715,4537054,5069769,8.516850473517735
2209048,532715,4537174,5069889,8.517075734679894
2210889,533452,4540873,5074325,8.512242900954538
2211272,533519,4541198,5074717,8.511783085513356
2211327,533522,4541237,5074759,8.511808322805807
2211344,533529,4541254,5074783,8.511728509603039
2211395,533551,4541352,5074903,8.511561219077464
2211435,533579,4541421,5075000,8.51124388328626
2211815,533630,4541596,5075226,8.510758390645204
2211851,533642,4541740,5075382,8.510836853171227
2211942,533649,4541791,5075440,8.510820782949091
2212216,533658,4543474,5077132,8.513830955405897
2212371,533658,4543795,5077453,8.514432464237396
2212385,533658,4543802,5077460,8.514445581252412
2212820,533658,4544569,5078227,8.51588283132643
2212853,533658,4544633,5078291,8.516002758320873
2212882,533660,4544648,5078308,8.51599895064273
2213223,533660,4544990,5078650,8.516639808117528
2213323,533724,4545125,5078849,8.51587149912689
2213343,533733,4545161,5078894,8.51579535085895
2213664,533733,4545778,5079511,8.516951359574918
2214489,533733,4547326,5081059,8.519851686142697
2214587,533787,4547542,5081329,8.519394440104387
2215008,533865,4548349,5082214,8.519661337604076
2215034,533865,4548366,5082231,8.51969318086033
2215164,533865,4548752,5082617,8.520416210090566
2215180,533877,4548764,5082641,8.520247173037985
2215318,533931,4548984,5082915,8.519797501924407
2215449,534007,4549166,5083173,8.518925781871774
2215473,534018,4549194,5083212,8.518802736986395
2215484,534027,4549220,5083247,8.518707855595316
2215682,534030,4549376,5083406,8.518952118794823
2215754,534071,4549526,5083597,8.518578990433856
2215770,534071,4549552,5083623,8.518627673099644
2215824,534074,4549688,5083762,8.518834468631688
2215832,534087,4549712,5083799,8.518672051557143
2215889,534134,4549838,5083972,8.518158364754912
2216035,534216,4550111,5084327,8.517361891070278
2216062,534216,4550161,5084377,8.517455486170388
2216099,534242,4550240,5084482,8.517188839514677
2216145,534268,4550282,5084550,8.516852965178524
2216212,534302,4550449,5084751,8.516623557463756
2216647,534317,4550857,5085174,8.51714806004675
2216752,534342,4551023,5085365,8.517060234830875
2216780,534352,4551059,5085411,8.516968215707998
2216794,534352,4551107,5085459,8.5170580441357
2216811,534365,4551137,5085502,8.516906983054653
2216817,534373,4551143,5085516,8.516790706117263
2216950,534492,4551371,5085863,8.515321089932122
2216957,534499,4551382,5085881,8.51523015010318
2216984,534515,4551431,5085946,8.515066929833587
2217337,534665,4552163,5086828,8.514047113613197
2217345,534668,4552177,5086845,8.514025526120882
2217397,534682,4552264,5086946,8.513965310221776
2217470,534710,4552311,5087021,8.5136073759608
2217786,534717,4553089,5087806,8.51495089926073
2217789,534717,4553098,5087815,8.51496773059394
2217802,534717,4553128,5087845,8.515023835037974
2217835,534741,4553179,5087920,8.514737040922615
2217867,534776,4553258,5088034,8.514327494128382
2217927,534840,4553453,5088293,8.513673248074191
2217949,534852,4553498,5088350,8.513566369762103
2217955,534855,4553505,5088360,8.513531704854588
2217986,534871,4553546,5088417,8.513353687150733
2218009,534874,4553610,5088484,8.513425591821624
2218021,534878,4553659,5088537,8.51345353519868
2218054,534886,4553708,5088594,8.51341781239367
2218081,534895,4553750,5088645,8.513353087989232
2218090,534901,4553772,5088673,8.513298722567354
2218248,534944,4554006,5088950,8.513051833462942
2218257,534947,4554042,5088989,8.513071388380531
2218402,534947,4554323,5089270,8.513596674063038
2218468,534977,4554452,5089429,8.51336038745591
2218519,534983,4554493,5089476,8.513341545432285
2218549,535005,4554541,5089546,8.51308118615714
2218622,535043,4554625,5089668,8.512633564031303
2218636,535047,4554641,5089688,8.51259982767869
2218766,535048,4555026,5090074,8.513303479314006
2218957,535189,4555386,5090575,8.511733238164462
2218976,535193,4555395,5090588,8.511686438350278
2219233,535193,4556110,5091303,8.51302240500156
2219242,535195,4556126,5091321,8.513020487859565
2219348,535195,4556189,5091384,8.51313820196377
2219524,535196,4556545,5091741,8.513787472253156
2219707,535196,4556774,5091970,8.514215352880067
2219804,535289,4556881,5092170,8.512936002794753
2219822,535289,4556891,5092180,8.512954684292037
2219848,535298,4556922,5092220,8.512869467100568
2219874,535300,4556960,5092260,8.512908649355502
2219884,535307,4556973,5092280,8.512821614512793
2219921,535308,4557017,5092325,8.512887907522398
2219950,535327,4557086,5092413,8.512714658517131
2219976,535341,4557113,5092454,8.51254247292847
2220024,535366,4557163,5092529,8.512238356563547
2220138,535422,4557404,5092826,8.511798170415112
2220185,535441,4557507,5092948,8.511688496024773
2220238,535480,4557580,5093060,8.511204900276388
2220267,535498,4557636,5093134,8.511023383840836
2220296,535507,4557679,5093186,8.510960641037371
2220538,535507,4558263,5093770,8.512051196342904
2220556,535507,4558296,5093803,8.512112820187225
2220693,535532,4558440,5093972,8.511984344539636
2220775,535557,4558539,5094096,8.511771856216985
2220944,535579,4558688,5094267,8.511700421413087
2221266,535752,4559127,5094879,8.509771312099629
2221543,535752,4559835,5095587,8.511092819065539
2221548,535753,4559839,5095592,8.511084398967435
2221566,535767,4559859,5095626,8.510899327506174
2221597,535778,4559939,5095717,8.510873906730026
2221599,535778,4559943,5095721,8.510881372508763
2221640,535799,4559997,5095796,8.510648582770777
2222372,535802,4560958,5096760,8.512394503939888
2222413,535807,4560992,5096799,8.512378524356718
2222418,535809,4561000,5096809,8.512361681121444
2222427,535811,4561024,5096835,8.512374699287623
2222434,535811,4561029,5096840,8.512384030936282
2222597,535811,4561447,5097258,8.513164156764232
2222668,535841,4561617,5097458,8.513004790600197
2222714,535846,4561721,5097567,8.513119441033432
2222727,535853,4561730,5097583,8.513025027386242
2222876,535985,4562017,5098002,8.511463940222209
2222911,535985,4562029,5098014,8.511486328908457
2222945,536004,4562074,5098078,8.511268572622592
2224094,536021,4564710,5100731,8.515916354023442
2232500,536049,4589858,5125907,8.562385155088434
2232510,536053,4589867,5125920,8.562338052394074
2232519,536055,4589888,5125943,8.562345281734151
2232531,536055,4589917,5125972,8.562399380660567
2232562,536061,4589945,5126006,8.56235577667467
2232606,536072,4589988,5126060,8.562260293393425
2232615,536075,4590015,5126090,8.562262743086322
2232634,536084,4590116,5126200,8.562307399586633
2232639,536084,4590116,5126200,8.562307399586633
2232684,536101,4590176,5126277,8.56214780423838
2233403,536101,4591556,5127657,8.564721946051211
2233584,536255,4591945,5128200,8.562987757689905
2234150,536263,4592924,5129187,8.564685611351146
2234198,536279,4592958,5129237,8.564493481937573
2234232,536300,4592988,5129288,8.564214059295171
2234291,536304,4593236,5129540,8.564612607774695
2234366,536332,4593326,5129658,8.56433328609891
2234378,536332,4593347,5129679,8.564372440950754
2234416,536366,4593420,5129786,8.563965650320863
2234453,536366,4593488,5129854,8.564092429423193
2234905,536366,4594848,5131214,8.56662801146978
2235708,536582,4595828,5132410,8.56500590776433
2235728,536606,4595864,5132470,8.564689921469384
2235907,536710,4596055,5132765,8.563386186208566
2236302,536710,4596535,5133245,8.564280523932851
2236348,536710,4596688,5133398,8.564565594082465
2236396,536717,4596700,5133417,8.564476250985155
2236424,536734,4596741,5133475,8.564281375877064
2236684,536734,4597059,5133793,8.564873848125888
2236884,536734,4597499,5134233,8.565693621048787
2237021,536764,4598052,5134816,8.56624512821277
2237125,536835,4598253,5135088,8.565486602028557
2237157,536842,4598328,5135170,8.565514620689141
2237408,537035,4598769,5135804,8.56325751580437
2237425,537058,4598825,5135883,8.562995058261864
2237485,537078,4598958,5136036,8.562923821120954
2237489,537081,4598959,5136040,8.562877852688887
2237505,537083,4598983,5136066,8.562890651910413
2237735,537159,4599651,5136810,8.562922710035576
2237756,537166,4599666,5136832,8.562839047892085
2237818,537185,4599749,5136934,8.562690693150405
2238033,537279,4600131,5137410,8.56190359198852
2238146,537284,4600316,5137600,8.562168238771301
2238191,537289,4600369,5137658,8.562187202790305
2238207,537295,4600401,5137696,8.562151146018481
2238249,537307,4600461,5137768,8.562071590357096
2238280,537320,4600508,5137828,8.561951909476662
2238334,537320,4600627,5137947,8.562173378992034
2238374,537339,4600664,5138003,8.561939483268477
2238381,537343,4600671,5138014,8.5618887749538
2238467,537388,4600802,5138190,8.561415587992288
2238684,537535,4601187,5138722,8.559790525268122
2238749,537593,4601350,5138943,8.559170227290906
2238760,537593,4601359,5138952,8.55918696858032
2238783,537593,4601433,5139026,8.559324619182169
2238834,537616,4601490,5139106,8.559064462367191
2238875,537624,4601527,5139151,8.559005922354658
2238883,537624,4601527,5139151,8.559005922354658
2238922,537628,4601552,5139180,8.558988743145818
2238983,537663,4601620,5139283,8.558558055882589
2239081,537710,4601742,5139452,8.55803686001748
2239097,537710,4601768,5139478,8.558085213219021
2239161,537751,4601853,5139604,8.557590780863261
2239230,537768,4602087,5139855,8.557755388940956
2239281,537801,4602217,5140018,8.557472001725545
2239312,537817,4602258,5140075,8.557293651929932
2239544,537833,4602366,5140199,8.55723988673064
2239653,537839,4602605,5140444,8.557588795159889
2239884,537839,4602896,5140735,8.55812984926716
2240047,537909,4603072,5140981,8.557343342461271
2240080,537933,4603119,5141052,8.557048926167385
2240101,537933,4603165,5141098,8.55713443867545
2240402,537933,4603167,5141100,8.557138156610582
2240478,537957,4603280,5141237,8.556966448991277
2240527,537967,4603314,5141281,8.556870588716409
2240581,538007,4603401,5141408,8.556396106370363
2240618,538028,4603458,5141486,8.556168080471648
2240686,538057,4603555,5141612,8.555887201541845
2240808,538093,4603659,5141752,8.55550806273265
2240922,538163,4603903,5142066,8.554848623929924
2241013,538189,4604024,5142213,8.554660165852516
2241103,538201,4604282,5142483,8.554948801655886
2241112,538203,4604296,5142499,8.554943023357358
2241149,538203,4604397,5142600,8.555130684890274
2241162,538209,4604412,5142621,8.55506318177511
2241331,538280,4604575,5142855,8.554237571524114
2241493,538363,4604804,5143167,8.553344119116655
2241665,538363,4605184,5143547,8.554049962571723
2241681,538367,4605201,5143568,8.554017984014623
2241685,538367,4605206,5143573,8.5540272713595
2241714,538384,4605265,5143649,8.553866756812981
2241741,538403,4605299,5143702,8.553628044420257
2241769,538411,4605355,5143766,8.553604959779797
2241977,538439,4605491,5143930,8.553412735704509
2242317,538445,4605868,5144313,8.55401758768305
2242326,538448,4605886,5144334,8.55400335779871
2242392,538495,4606062,5144557,8.553583598733507
2242495,538543,4606199,5144742,8.553075613275077
2243011,538810,4606943,5145753,8.550218073161226
2243054,538821,4606987,5145808,8.550125180718643
2243539,539129,4608226,5147355,8.547538715224
2243553,539136,4608230,5147366,8.547435155508072
2243569,539136,4608256,5147392,8.547483380816715
2243674,539136,4608512,5147648,8.547958214624881
2243725,539155,4608600,5147755,8.547820200127978
2243743,539155,4608629,5147784,8.54787398799974
2243831,539181,4608954,5148135,8.548064564589628
2243864,539210,4609042,5148252,8.547768031008326
2243877,539227,4609084,5148311,8.547576438123462
2243911,539231,4609103,5148334,8.547548267811012
2243915,539233,4609106,5148339,8.547522128653105
2243952,539260,4609162,5148422,8.547198012090643
2244045,539326,4609366,5148692,8.546530298928662
2244051,539326,4609380,5148706,8.546556257254425
2244090,539326,4609403,5148729,8.54659890307532
2244243,539326,4609557,5148883,8.546884444658703
2244245,539328,4609557,5148885,8.546852750089
2244288,539342,4609598,5148940,8.546706913238724
2244306,539346,4609635,5148981,8.546712129134173
2244373,539346,4609708,5149054,8.546847478242167
2244405,539346,4609757,5149103,8.546938329013287
2244449,539366,4609813,5149179,8.546725229250638
2244617,539414,4610210,5149624,8.546700678884864
2244646,539423,4610239,5149662,8.546611842654094
2244670,539456,4610287,5149743,8.546178001542295
2244733,539497,4610417,5149914,8.545769485279807
2244765,539497,4610477,5149974,8.545880699985357
2244942,539541,4610700,5150241,8.545597090860564
2245116,539631,4611233,5150864,8.545159562738242
2245154,539646,4611303,5150949,8.545051756151254
2245214,539660,4611358,5151018,8.544931994218581
2246100,539660,4615140,5154800,8.551940110439906
2246110,539665,4615155,5154820,8.551888671675947
2246133,539669,4615192,5154861,8.551893846042667
2246148,539678,4615219,5154897,8.551801259269416
2246321,539738,4615472,5155210,8.551319343829784
2246375,539738,4615591,5155329,8.551539821172495
2246417,539755,4615646,5155401,8.551372381914016
2246489,539802,4615778,5155580,8.550872356901234
2246509,539813,4615803,5155616,8.550744424458099
2246944,539813,4616571,5156384,8.552167139361224
2246972,539818,4616600,5156418,8.552141647740536
2247036,539843,4616738,5156581,8.552001229987237
2247078,539855,4616814,5156669,8.55195191301368
2247101,539859,4616822,5156681,8.551903367360737
2248000,540318,4618356,5158674,8.54747759652649
2248034,540345,4618407,5158752,8.547144879660218
2248075,540359,4618471,5158830,8.547041874013388
2248083,540360,4618482,5158842,8.547046413502109
2248138,540371,4618557,5158928,8.547011220069175
2248139,540371,4618563,5158934,8.547022323551783
2248266,540371,4618940,5159311,8.547719992375608
2248268,540372,4618946,5159318,8.547715277623563
2248278,540377,4618954,5159331,8.547650991807572
2248308,540380,4618975,5159355,8.547642399792739
2248317,540382,4618984,5159366,8.547627419122028
2248338,540399,4618996,5159395,8.547380731644582
2248392,540411,4619107,5159518,8.547396333531331
2248412,540411,4619128,5159539,8.547435192843965
2248609,540431,4619516,5159947,8.547836819131398
2248644,540431,4619665,5160096,8.548112525003193
2248647,540431,4619674,5160105,8.548129178377998
2248921,540431,4620058,5160489,8.548839722369738
2248940,540431,4620079,5160510,8.548878580244287
2249023,540480,4620230,5160710,8.548382918886915
2249043,540487,4620267,5160754,8.548340663142683
2249073,540498,4620404,5160902,8.548420160666645
2249087,540509,4620436,5160945,8.548305393619717
2249231,540512,4620868,5161380,8.549057190219644
2249488,540517,4621287,5161804,8.549753291755856
2249501,540517,4621301,5161818,8.54977919288385
2249522,540522,4621317,5161839,8.549729705728906
2249563,540575,4621411,5161986,8.549065347084124
2249619,540605,4621537,5162142,8.548824002737673
2249693,540621,4621591,5162212,8.548670880339461
2249731,540634,4621657,5162291,8.548587399238672
2249793,540672,4621762,5162434,8.548180782433713
2249833,540706,4621835,5162541,8.547778275070002
2249901,540726,4621898,5162624,8.547578625773497
2250069,540735,4622861,5163596,8.549217269087446
2250220,540770,4622980,5163750,8.548883998742534
2250548,540822,4623585,5164407,8.549180691613877
2250723,540954,4623956,5164910,8.547780402769922
2250767,540971,4624010,5164981,8.547611609494778
2250922,541046,4624208,5165254,8.5467926941517
2251043,541052,4624453,5165505,8.547150735973622
2251075,541073,4624489,5165562,8.546885540398431
2251105,541085,4624541,5165626,8.546792093663658
2251124,541092,4624575,5165667,8.546744361402498
2251151,541098,4624609,5165707,8.546712425475606
2251300,541172,4624898,5166070,8.546077771946813
2251338,541193,4624961,5166154,8.545862566589
2251369,541203,4625002,5166205,8.54578041880773
2251438,541227,4625227,5166454,8.545817189460244
2251508,541227,4625497,5166724,8.546316055924779
2251587,541227,4625679,5166906,8.546652328874945
2251814,541268,4625895,5167163,8.546403999497477
2251927,541277,4626024,5167301,8.546500220774206
2251968,541284,4626071,5167355,8.546476526185884
2252048,541293,4626221,5167514,8.54661153940657
2252786,541666,4627514,5169180,8.543113283831733
2252895,541701,4627633,5169334,8.542780980651688
2252938,541725,4627673,5169398,8.542476348700909
2252976,541744,4627783,5169527,8.542379795623026
2252991,541751,4627807,5169558,8.542313719771629
2253069,541785,4627920,5169705,8.541986212242865
2253123,541809,4628033,5169842,8.54181639655303
2253259,541886,4628209,5170095,8.54092742754011
2253640,542141,4629117,5171258,8.538584980660012
2253713,542141,4629239,5171380,8.538810014368956
2253734,542141,4629285,5171426,8.538894863144458
2253831,542198,4629463,5171661,8.538325482572787
2254299,542325,4629890,5172215,8.53711335453833
2254324,542328,4629946,5172274,8.537169388266879
2254371,542328,4630040,5172368,8.537342715109675
2254644,542328,4630838,5173166,8.538814149370861
2254721,542328,4630994,5173322,8.5391017981738
2254773,542348,4631037,5173385,8.538866189236431
2254818,542366,4631104,5173470,8.538706334836624
2254848,542383,4631158,5173541,8.538538265395486
2255077,542450,4631690,5174140,8.538464374596737
2255731,542617,4633124,5175741,8.538479258851087
2257335,542871,4636367,5179238,8.540458046202504
2257444,542871,4636558,5179429,8.540809879326764
2257515,542897,4636673,5179570,8.54061267606931
2257550,542897,4636787,5179684,8.54082266065202
2257756,542897,4637294,5180191,8.541756539454077
2257853,542897,4637363,5180260,8.541883635385718
2257880,542914,4637403,5180317,8.5416898440637
2257957,542939,4637465,5180404,8.541410729382122
2257988,542945,4637506,5180451,8.541391853686838
2258004,542945,4637521,5180466,8.541419480794556
2258017,542952,4637545,5180497,8.541353563482591
2258068,542952,4637633,5180585,8.541515640424937
2258148,543003,4637757,5180760,8.540941762752691
2258362,543003,4638066,5181069,8.541510820382207
2258373,543004,4638074,5181078,8.541509823132058
2258426,543022,4638157,5181179,8.54137953895054
2258457,543022,4638157,5181179,8.54137953895054
2258468,543031,4638183,5181214,8.541285856608555
2258631,543098,4638403,5181501,8.540637233059227
2258684,543101,4638486,5181587,8.540742882079025
2258878,543101,4638883,5181984,8.541473869501253
2258913,543102,4639031,5182133,8.541730650964276
2258938,543102,4639031,5182133,8.541730650964276
2258942,543102,4639055,5182157,8.541774841558308
2258960,543102,4639065,5182167,8.541793254305821
2259097,543133,4639244,5182377,8.541635290067074
2259730,543478,4640896,5184374,8.539252738841315
2259745,543486,4640913,5184399,8.53915832238549
2259855,543509,4641033,5184542,8.539017753155882
2259911,543528,4641125,5184653,8.538888520922566
2259927,543534,4641171,5184705,8.538878892580778
2259956,543534,4641202,5184736,8.538935926731355
2260006,543563,4641261,5184824,8.53858890321821
2260081,543570,4641367,5184937,8.53867395183693
2260100,543585,4641389,5184974,8.538478802763137
2260114,543587,4641421,5185008,8.538506255668366
2260135,543587,4641455,5185042,8.538568803153865
2260185,543596,4641476,5185072,8.538466066711308
2260191,543599,4641492,5185091,8.538448378308274
2260220,543610,4641539,5185149,8.538362061036405
2260309,543612,4641933,5185545,8.539055429239973
2260318,543616,4641962,5185578,8.539045944195903
2260349,543635,4642033,5185668,8.538878107553781
2260406,543656,4642107,5185763,8.538684388657533
2260453,543658,4642199,5185857,8.538822200721777
2260484,543679,4642281,5185960,8.538643206745157
2260519,543679,4642430,5186109,8.538917265518808
2260543,543683,4642447,5186130,8.538885710974961
2260678,543750,4642673,5186423,8.5382491954023
2261604,543812,4644533,5188345,8.540696049370004
2261643,543818,4644595,5188413,8.540715827721774
2261880,543875,4644762,5188637,8.540127786715697
2261894,543882,4644775,5188657,8.540041773767104
2261930,543899,4644831,5188730,8.539877808196007
2261939,543909,4644844,5188753,8.539744699940615
2262094,543916,4644959,5188875,8.539846226255525
2262358,543990,4645554,5189544,8.53977830474825
2262387,544000,4645592,5189592,8.539691176470589
2262401,544008,4645665,5189673,8.539699783826709
2262415,544008,4645672,5189680,8.53971265128454
2262501,544032,4645763,5189795,8.539503190988766
2262539,544050,4645817,5189867,8.539319915448948
2262695,544050,4645960,5190010,8.539582758937598
2262749,544050,4646118,5190168,8.53987317342156
2262781,544062,4646162,5190224,8.539765688469329
2262813,544079,4646205,5190284,8.539577892181098
2262835,544085,4646264,5190349,8.539592159313342
2262906,544085,4646460,5190545,8.539952397143828
2262977,544085,4646587,5190672,8.540185816554398
2262991,544092,4646606,5190698,8.54011086360395
2262992,544092,4646608,5190700,8.540114539452887
2263035,544092,4646657,5190749,8.54020459775185
2263233,544166,4646947,5191113,8.539576158745676
2263524,544218,4647367,5191585,8.539531952269128
2263551,544234,4647411,5191645,8.53936174513169
2263581,544243,4647446,5191689,8.539284841513808
2263603,544243,4647499,5191742,8.539382224484283
2263658,544261,4647560,5191821,8.539211885474066
2263767,544313,4647802,5192115,8.53884070378624
2263803,544320,4647842,5192162,8.538804379776602
2263826,544331,4647871,5192202,8.538685101528298
2263918,544358,4648197,5192555,8.538860455802983
2264004,544400,4648363,5192763,8.538506612784717
2264043,544413,4648431,5192844,8.538427627554816
2264087,544427,4648558,5192985,8.53844133373253
2264955,544445,4650455,5194900,8.54164332485375
2264973,544456,4650494,5194950,8.541542383590226
2265021,544456,4650494,5194950,8.541542383590226
2265327,544556,4650988,5195544,8.540881011319314
2265490,544556,4651409,5195965,8.54165411821741
2265505,544564,4651427,5195991,8.541561689718748
2265575,544571,4651603,5196174,8.541775085342406
2265595,544573,4651645,5196218,8.541820839446686
2265598,544575,4651646,5196221,8.541791305146216
2265618,544575,4651667,5196242,8.541829867327733
2265783,544637,4652053,5196690,8.541566217498994
2265844,544638,4652107,5196745,8.541649682908648
2265951,544672,4652258,5196930,8.541393719522942
2266268,544672,4653328,5198000,8.543358204570824
2266284,544677,4653351,5198028,8.543322005518867
2266463,544745,4653653,5198398,8.542809938595122
2266483,544767,4653693,5198460,8.542538369614899
2266850,544946,4654495,5199441,8.54120408260635
2266893,544954,4654571,5199525,8.541218157862865
2266897,544959,4654582,5199541,8.541159977172594
2266907,544963,4654592,5199555,8.54111563537341
2266980,544963,4654813,5199776,8.541521167492105
2266985,544963,4654824,5199787,8.541541352348691
2267012,544972,4654852,5199824,8.541451670911533
2267054,545001,4654921,5199922,8.541123777754537
2267095,545001,4654998,5199999,8.541265061898969
2267142,545026,4655074,5200100,8.541012722328842
2267159,545044,4655127,5200171,8.540827896463405
2267212,545063,4655190,5200253,8.540645760214874
2267230,545072,4655221,5200293,8.540561613878534
2267309,545094,4655303,5200397,8.540367349484676
2267355,545094,4655358,5200452,8.540468249512928
2267366,545094,4655380,5200474,8.54050860952423
2267391,545101,4655416,5200517,8.54046497804994
2267439,545111,4655487,5200598,8.54043855288189
2267882,545111,4656352,5201463,8.542025385655398
2268050,545181,4656663,5201844,8.541499061779483
2268095,545200,4656788,5201988,8.541430667644901
2268116,545202,4656811,5202013,8.541441520757443
2268185,545202,4657006,5202208,8.541799186356617
2268186,545202,4657008,5202210,8.541802854721736
2268215,545214,4657087,5202301,8.54175974938281
2268265,545214,4657186,5202400,8.541941329459625
2268889,545214,4658064,5203278,8.543551706302479
2268938,545225,4658130,5203355,8.543500389747352
2268960,545240,4658168,5203408,8.543335045117747
2268988,545255,4658214,5203469,8.543184381619609
2269006,545260,4658224,5203484,8.543124381029234
2269026,545271,4658275,5203546,8.543045568167022
2269070,545294,4658439,5203733,8.542985985541744
2269177,545343,4658624,5203967,8.542557619699895
2269313,545412,4658800,5204212,8.541799593701642
2269357,545412,4658900,5204312,8.54198294133609
2269945,545470,4659706,5205176,8.54255229435166
2269956,545475,4659721,5205196,8.542501489527476
2269972,545480,4659758,5205238,8.542491017085869
2269988,545480,4659784,5205264,8.542538681528196
2270011,545492,4659826,5205318,8.542427753294273
2270064,545512,4659909,5205421,8.542266714572731
2270091,545526,4659940,5205466,8.542104317667718
2270095,545526,4659942,5205468,8.542107983854114
2270185,545589,4660118,5205707,8.5414442006712
2270581,545599,4661187,5206786,8.543246963429185
2270597,545599,4661212,5206811,8.543292784627537
2270612,545602,4661244,5206846,8.54330446002764
2270720,545602,4661547,5207149,8.543859809898057
2270790,545647,4661664,5207311,8.543369614421046
2270817,545657,4661691,5207348,8.543262525725869
2270942,545717,4661941,5207658,8.54278133171589
2270950,545717,4661958,5207675,8.542812483393407
2270970,545717,4661979,5207696,8.5428509648774
2271003,545717,4662010,5207727,8.54290777087758
2271096,545769,4662134,5207903,8.542321018599445
2272215,545864,4663940,5209804,8.544142863423856
2272429,545871,4664478,5210349,8.54501887808658
2272452,545883,4664534,5210417,8.54493362130713
2272765,545883,4665129,5211012,8.546023598463407
2272771,545883,4665140,5211023,8.54604374930159
2272794,545894,4665153,5211047,8.545895356974064
2272909,545894,4665411,5211305,8.546367976200507
2273003,545918,4665691,5211609,8.546505152788514
2273014,545918,4665714,5211632,8.546547283657985
2273058,545918,4665857,5211775,8.54680922775948
2273436,545918,4666542,5212460,8.54806399495895
2273470,545928,4666581,5212509,8.54797885435442
2273513,545942,4666640,5212582,8.54786772221225
2273539,545961,4666695,5212656,8.547670987488118
2273572,545979,4666786,5212765,8.547555858375505
2273678,546032,4666867,5212899,8.546874542151375
2273710,546038,4666927,5212965,8.546890509451723
2274397,546467,4668541,5215008,8.543134352120074
2274420,546468,4668566,5215034,8.54316446708682
2274428,546474,4668578,5215052,8.543092626547649
2274483,546483,4668654,5215137,8.543091001915888
2274732,546609,4669198,5215807,8.542116942823847
2274799,546609,4669379,5215988,8.542448075315262
2274910,546609,4669595,5216204,8.542843238951425
2274932,546611,4669602,5216213,8.54282478764606
2274947,546614,4669630,5216244,8.542829126220697
2274986,546633,4669700,5216333,8.542660249198274
2275053,546633,4669852,5216485,8.542938315103552
2275064,546635,4669875,5216510,8.54294913424863
2275080,546639,4669903,5216542,8.54293784380551
2275129,546659,4669959,5216618,8.542727733376749
2275172,546687,4670012,5216699,8.542387142917246
2275198,546693,4670048,5216741,8.54235924001222
2275214,546703,4670078,5216781,8.542257862129896
2275240,546734,4670158,5216892,8.541919836703041
2275988,546734,4672005,5218739,8.545298079139032
2276018,546746,4672054,5218800,8.545200147783431
2276072,546746,4672117,5218863,8.545315374963877
2276120,546764,4672185,5218949,8.545158423012488
2276179,546766,4672228,5218994,8.545205810163763
2277679,547167,4674992,5222159,8.54399479500774
2277703,547184,4675051,5222235,8.543837173601567
2277708,547186,4675058,5222244,8.543818738052508
2278044,547372,4675861,5223233,8.542382511345117
2278075,547378,4675938,5223316,8.542429545944485
2278127,547387,4676026,5223413,8.542449857230807
2278149,547387,4676050,5223437,8.542493701896465
2278158,547389,4676070,5223459,8.542499027200035
2278189,547389,4676120,5223509,8.542590369919747
2278255,547389,4676305,5223694,8.542928337982678
2278330,547396,4676528,5223924,8.543226475896791
2278655,547600,4677005,5224605,8.540914901387874
2278682,547618,4677063,5224681,8.54074007793754
2278687,547621,4677074,5224695,8.540713376587092
2278859,547621,4677450,5225071,8.541399982834843
2279306,547816,4678146,5225962,8.539630094776347
2279324,547816,4678223,5226039,8.539770652919959
2279327,547816,4678243,5226059,8.539807161528689
2279389,547851,4678303,5226154,8.539371106377464
2279415,547872,4678331,5226203,8.539094898078384
2279456,547878,4678403,5226281,8.539132799637876
2279510,547878,4678481,5226359,8.539275167099245
2279525,547878,4679420,5227298,8.540989052307266
2279839,547998,4680145,5228143,8.540441753437056
2280612,548388,4681259,5229647,8.536399410636264
2280955,548413,4682362,5230775,8.538021527571374
2281033,548486,4682526,5231012,8.537184176077421
2281049,548486,4682552,5231038,8.537231579292817
2281090,548500,4682665,5231165,8.53721969006381
2281153,548525,4682779,5231304,8.537038421220545
2281162,548525,4682779,5231304,8.537038421220545
2281198,548534,4682821,5231355,8.536974918601217
2281476,548534,4682840,5231374,8.537009556381191
2281486,548538,4682861,5231399,8.53698558714255
2281828,548541,4683583,5232124,8.538255116755174
2281860,548552,4683683,5232235,8.538266199011215
2281905,548565,4683742,5232307,8.538171410862887
2281932,548582,4683771,5232353,8.5379596851519
2282814,549055,4685776,5234831,8.534256130988698
2282892,549112,4685870,5234982,8.53354142688559
2282991,549112,4686049,5235161,8.533867407741955
2283123,549182,4686279,5235461,8.533198466082283
2283148,549191,4686329,5235520,8.533149669240755
2283257,549283,4686555,5235838,8.532131888298018
2283345,549306,4686648,5235954,8.531943943812738
2283399,549309,4686784,5236093,8.53214493117717
2283417,549309,4686843,5236152,8.532252338847535
2283667,549355,4687203,5236558,8.53219320839894
2283673,549359,4687205,5236564,8.532134724287761
2283810,549466,4687477,5236943,8.530968249172833
2283842,549486,4687532,5237018,8.530757835504453
2283904,549490,4687675,5237165,8.530955977360826
2283912,549491,4687687,5237178,8.53096229055617
2283913,549491,4687690,5237181,8.530967750154234
2283927,549496,4687718,5237214,8.530941080553816
2283931,549497,4687721,5237218,8.530931015091983
2283947,549503,4687754,5237257,8.530897920484511
2283950,549504,4687757,5237261,8.530887855229443
2284003,549504,4687844,5237348,8.531046179827626
2284084,549540,4688037,5237577,8.530838519489027
2284119,549543,4688121,5237664,8.53094480322741
2284153,549554,4688195,5237749,8.530908700509867
2284343,549627,4688500,5238127,8.530330569640865
2284346,549630,4688515,5238145,8.530311300329313
2284359,549639,4688528,5238167,8.530195273625052
2284403,549655,4688603,5238258,8.53008341596092
2284424,549655,4688640,5238295,8.530150730913027
2284469,549676,4688737,5238413,8.530001309862538
2286480,550630,4698278,5248908,8.53254998819534
2286571,550645,4698415,5249060,8.532566354003032
2286732,550645,4698802,5249447,8.533269166159686
2286781,550670,4698903,5249573,8.533065175150272
2286822,550670,4698960,5249630,8.53316868541958
2286853,550678,4699007,5249685,8.533130068751612
2286875,550678,4699057,5249735,8.533220865914382
2286907,550685,4699085,5249770,8.533163242143875
2287534,550978,4699766,5250744,8.52986144637354
2287563,551006,4699878,5250884,8.529631256283961
2287614,551021,4699973,5250994,8.529571468238053
2287750,551039,4700323,5251362,8.529928008725335
2287763,551043,4700335,5251378,8.529887867190038
2287951,551052,4701437,5252489,8.531748364945596
2287973,551052,4701471,5252523,8.531810065111822
2288136,551061,4702400,5253461,8.53335656125184
2288346,551107,4702780,5253887,8.533333817207911
2288357,551116,4702797,5253913,8.533225310098056
2288430,551139,4702932,5254071,8.533114150876639
2288431,551139,4702934,5254073,8.53311777972526
2288440,551141,4702950,5254091,8.533115845128561
2288467,551162,4702983,5254145,8.532850595650643
2288515,551162,4703126,5254288,8.533110047499646
2288558,551168,4703195,5254363,8.533142344983744
2288638,551180,4703318,5254498,8.533179723502304
2288653,551197,4703348,5254545,8.532970970451581
2288682,551209,4703410,5254619,8.532897684907176
2288706,551217,4703455,5254672,8.532855481597991
2288784,551217,4703565,5254782,8.533055040029607
2288926,551217,4703817,5255034,8.533512210254763
2288929,551217,4703830,5255047,8.533535794433046
2289123,551222,4704399,5255621,8.534490640794454
2289152,551229,4704421,5255650,8.53442217299888
2289183,551229,4704474,5255703,8.534518321786408
2289727,551369,4705004,5256373,8.533312536613412
2289914,551438,4705233,5256671,8.532660063325341
2289959,551450,4705286,5256736,8.532570495965183
2289980,551450,4705316,5256766,8.532624897996191
2290016,551458,4705383,5256841,8.532622611332142
2290021,551458,4705385,5256843,8.532626238081594
2290046,551476,4705430,5256906,8.532429335093457
2290056,551480,4705453,5256933,8.532409153550446
2290105,551491,4705508,5256999,8.532338696370385
2290287,551491,4705748,5257239,8.532773880262779
2290432,551526,4705900,5257426,8.532507986930806
2290553,551526,4706082,5257608,8.532837980439725
2290583,551539,4706110,5257649,8.53268762499116
2290613,551555,4706157,5257712,8.532525314791815
2290639,551574,4706219,5257793,8.532343801557
2290649,551574,4706241,5257815,8.532383687410936
2290700,551585,4706319,5257904,8.532354940761623
2290931,551598,4706677,5258275,8.532802874557195
2290975,551598,4706799,5258397,8.53302405012346
2291015,551606,4706876,5258482,8.53303988716584
2291293,551606,4707545,5259151,8.534252709361391
2291348,551632,4707602,5259234,8.533953795283812
2291478,551717,4707798,5259515,8.532994270613376
2291554,551762,4707934,5259696,8.532544829111103
2291595,551770,4707979,5259749,8.532502673215289
2291701,551810,4708122,5259932,8.53214331019735
2292090,551926,4708524,5260450,8.531078441675152
2292200,551959,4708794,5260753,8.531057560434743
2292239,551974,4708904,5260878,8.53102501204767
2294195,551974,4712565,5264539,8.537657570827612
2294405,552008,4712660,5264668,8.5373038071912
2294411,552010,4712669,5264679,8.53728917954385
2294436,552010,4712669,5264679,8.53728917954385
2295276,552010,4714505,5266515,8.540615206246263
2295310,552015,4714513,5266528,8.540552340063224
2295359,552045,4714619,5266664,8.540280230778288
2295599,552191,4715051,5267242,8.538804507860505
2295613,552201,4715093,5267294,8.538725934940357
2295632,552210,4715137,5267347,8.538666449358034
2295636,552212,4715139,5267351,8.538639145835296
2295721,552222,4715442,5267664,8.539033214902702
2295873,552227,4715904,5268131,8.539792512861558
2295966,552287,4716071,5268358,8.539167135927515
2296042,552349,4716276,5268625,8.538579774743866
2296264,552366,4716841,5269207,8.539339857992708
2296338,552427,4716952,5269379,8.53859785998874
2296534,552522,4717290,5269812,8.537741483597033
2296569,552535,4717426,5269961,8.537786746540943
2296604,552562,4717485,5270047,8.537476337496969
2296695,552565,4717580,5270145,8.537601911087384
2296723,552590,4717636,5270226,8.53731699813605
2296751,552590,4717678,5270268,8.537393003854575
2296887,552590,4717811,5270401,8.537633688629906
2296900,552590,4717815,5270405,8.537640927269766
2296981,552608,4717889,5270497,8.537496742718165
2297295,552615,4718726,5271341,8.53890321471549
2297402,552656,4718905,5271561,8.53859362786254
2297685,552680,4719510,5272190,8.539317507418398
2297713,552690,4719548,5272238,8.539231757404693
2297716,552691,4719553,5272244,8.539225353769105
2297784,552712,4719703,5272415,8.53917229949775
2297798,552718,4719730,5272448,8.539128452483906
2297826,552727,4719750,5272477,8.539025594913944
2297871,552749,4719889,5272638,8.538937202961923
2297879,552749,4719907,5272656,8.538969767471311
2297888,552751,4719923,5272674,8.538967817335473
2297908,552757,4719941,5272698,8.53890769361582
2297985,552802,4720232,5273034,8.538739006009385
2298232,552896,4720869,5273765,8.538439417177914
2298245,552898,4720906,5273804,8.538475451168209
2298301,552928,4721001,5273929,8.53818399502286
2298409,552987,4721236,5274223,8.537697992900375
2298421,552995,4721252,5274247,8.537603414135752
2298475,553040,4721396,5274436,8.537169101692463
2298723,553112,4721644,5274756,8.536506168732553
2298835,553113,4721779,5274892,8.536734808257988
2298861,553117,4721828,5274945,8.536761661637591
2298873,553123,4721856,5274979,8.536719680794326
2298986,553181,4722013,5275194,8.536108434671473
2299182,553272,4722248,5275520,8.535129195043305
2299213,553288,4722302,5275590,8.534979974262951
2299530,553417,4722697,5276114,8.533704241105712
2299550,553417,4722718,5276135,8.533742187175312
2299648,553417,4723008,5276425,8.534266204326936
2299737,553417,4723194,5276611,8.534602298086254
2300549,553417,4724901,5278318,8.53768677145805
2300859,553417,4725820,5279237,8.539347363741989
2301194,553631,4726648,5280279,8.537542153528253
2301203,553634,4726661,5280295,8.537519372003887
2301223,553638,4726715,5280353,8.537555225616739
2301327,553653,4726940,5280593,8.537730311223816
2301355,553665,4727001,5280666,8.537655441467313
2301397,553691,4727064,5280755,8.537368315540617
2301463,553708,4727159,5280867,8.537277770955088
2301577,553708,4727412,5281120,8.537734690486683
2301594,553711,4727434,5281145,8.537728165053611
2301638,553733,4727544,5281277,8.53758760991308
2301659,553739,4727582,5281321,8.537563725870852
2301675,553739,4727608,5281347,8.537610679399501
2301941,553739,4728449,5282188,8.539129445460768
2301942,553739,4728451,5282190,8.539133057270664
2301951,553741,4728467,5282208,8.539131110031585
2302016,553741,4728558,5282299,8.5392954467883
2302734,553935,4729586,5283521,8.538160614512533
2302774,553965,4729681,5283646,8.537869721011255
2302849,553993,4729810,5283803,8.53767105360537
2302877,553996,4729902,5283898,8.537790886576799
2302901,553996,4729932,5283928,8.537845038592337
2302938,554012,4729972,5283984,8.537670664173339
2302959,554024,4730029,5284053,8.537588624319524
2303059,554038,4730072,5284110,8.537450499785214
2303083,554041,4730103,5284144,8.53746022406284
2303114,554062,4730142,5284204,8.537207027372387
2303364,554257,4730694,5284951,8.53519937501917
2303393,554266,4730722,5284988,8.535111300350373
2303414,554266,4730751,5285017,8.535163621798919
2303586,554351,4731096,5285447,8.534477253581215
2303642,554351,4731180,5285531,8.534628782125404
2303647,554356,4731183,5285539,8.534557215940659
2304010,554421,4731509,5285930,8.53414463016372
2304080,554421,4731610,5286031,8.534326802195444
2304189,554500,4731907,5286407,8.533646528403967
2304212,554509,4731970,5286479,8.533621636438724
2304244,554525,4732011,5286536,8.533449348541545
2304367,554598,4732210,5286808,8.532684935755269
2304416,554600,4732239,5286839,8.532706455102776
2304445,554614,4732291,5286905,8.532584824761004
2304457,554616,4732305,5286921,8.532579298108962
2304511,554630,4732335,5286965,8.532418008401997
2304649,554635,4732694,5287329,8.532988361715363
2304864,554668,4732956,5287624,8.532953045785948
2305023,554668,4733224,5287892,8.5334362177014
2305067,554686,4733281,5287967,8.533262061779096
2305120,554708,4733371,5288079,8.533085875812139
2305153,554729,4733436,5288165,8.532880018892108
2305663,554805,4733752,5288557,8.532280711240887
2305723,554826,4733879,5288705,8.532186667531803
2305851,554904,4734095,5288999,8.531376598474692
2305879,554906,4734110,5289016,8.531372881172667
2305908,554906,4734135,5289041,8.531417933848255
2305942,554915,4734187,5289102,8.531373273384212
2305991,554915,4734187,5289102,8.531373273384212
2305996,554915,4734200,5289115,8.531396700395556
2306014,554915,4734233,5289148,8.531456168962814
2306040,554922,4734328,5289250,8.531519745117333
2306070,554928,4734371,5289299,8.531504988034484
2306110,554931,4734400,5289331,8.531511124806508
2306139,554941,4734430,5289371,8.53141144734305
2306177,554947,4734492,5289439,8.53143092944011
2306232,554947,4734591,5289538,8.531609324854445
2306266,554954,4734645,5289599,8.53159901541389
2306325,554987,4734729,5289716,8.531243074162097
2306396,554987,4734901,5289888,8.531552991331328
2306410,554993,4734924,5289917,8.531502199126836
2306558,555078,4735150,5290228,8.530602906258219
2306673,555108,4735340,5290448,8.530484158037716
2306693,555115,4735365,5290480,8.530421624348108
2306702,555115,4735377,5290492,8.530443241490502
2306790,555118,4735626,5290744,8.530845694068649
2306876,555156,4735782,5290938,8.530542766357565
2306890,555156,4735796,5290952,8.530567984494448
2306901,555159,4735815,5290974,8.530556110951997
2307067,555204,4735961,5291165,8.530127664786276
2307159,555204,4736016,5291220,8.530226727473146
2307229,555223,4736259,5291482,8.530372480967108
2307256,555235,4736288,5291523,8.53024034868119
2307270,555235,4736302,5291537,8.530265563229984
2307319,555267,4736398,5291665,8.529946854396174
2307469,555307,4736535,5291842,8.52957913370442
2307646,555361,4736998,5292359,8.529583460127737
2307670,555361,4737044,5292405,8.529666289134456
2307757,555361,4737263,5292624,8.530060627231656
2307779,555361,4737302,5292663,8.530130851824309
2307913,555462,4737554,5293016,8.529033489239588
2307932,555462,4737594,5293056,8.52910550136643
2308037,555542,4737971,5293513,8.528555896763882
2308765,555568,4738472,5294040,8.5290585490885
2308780,555568,4738488,5294056,8.529087348443396
2308810,555574,4738549,5294123,8.52910503371288
2308836,555580,4738584,5294164,8.52907592065949
2308851,555586,4738613,5294199,8.529036008826717
2309711,555882,4740002,5295884,8.526993138831623
2309788,555904,4740085,5295989,8.526804987911582
2309801,555905,4740092,5295997,8.526802241390165
2309819,555913,4740107,5296020,8.526706517026945
2309824,555919,4740110,5296029,8.526619885271055
2310009,555928,4741179,5297107,8.528404757450605
2310626,556044,4741689,5297733,8.52754278438397
2310673,556060,4741851,5297911,8.52758874941553
2310693,556060,4741904,5297964,8.527684062870913
2310742,556067,4741952,5298019,8.527663033411441
2310790,556079,4742027,5298106,8.52761388220019
2311027,556079,4742540,5298619,8.528536412991679
2311946,556334,4743621,5299955,8.526570369598119
2312007,556339,4743664,5300003,8.526571029534152
2312050,556372,4743755,5300127,8.52622885407605
2312069,556372,4743802,5300174,8.526313329930334
2312093,556382,4743848,5300230,8.526242761268337
2312124,556401,4743885,5300286,8.526018105646827
2312186,556425,4743970,5300395,8.525803118120143
2312363,556425,4744237,5300662,8.5262829671564
2312366,556425,4744244,5300669,8.526295547468212
2312473,556425,4744481,5300906,8.526721480882419
2312490,556440,4744515,5300955,8.526552728056933
2312534,556440,4744554,5300994,8.52662281647617
2312562,556448,4744573,5301021,8.526534375179711
2312596,556470,4744630,5301100,8.526299710676227
2312641,556479,4744800,5301279,8.526467306043894
2312687,556501,4744851,5301352,8.526221875612084
2312688,556501,4744857,5301358,8.526232657263868
2312794,556566,4745168,5301734,8.5257956828121
2312857,556566,4745306,5301872,8.526043631842406
2312946,556608,4745432,5302040,8.525626652868805
2312967,556608,4745464,5302072,8.525684143957687
2313004,556608,4745565,5302173,8.525865600206968
2313005,556608,4745567,5302175,8.525869193400023
2313051,556640,4745664,5302304,8.525553319919517
2313321,556649,4747330,5303979,8.528408386613467
2313368,556654,4747410,5304064,8.52847549824487
2313387,556660,4747449,5304109,8.528453634175259
2313450,556695,4747550,5304245,8.528098869219232
2313720,556777,4747871,5304648,8.527419415672702
2314046,556777,4748811,5305588,8.52910770380242
2314147,556873,4749059,5305932,8.528082704674135
2314305,556972,4749431,5306403,8.527234762250167
2314375,556977,4749530,5306507,8.527335958217305
2314530,557076,4749683,5306759,8.526095182703976
2314548,557076,4749693,5306769,8.526113133576029
2314583,557087,4749726,5306813,8.526004017325839
2317205,557282,4757460,5314742,8.53689873349579
2317251,557309,4757537,5314846,8.536623309510523
2317293,557309,4757667,5314976,8.536856573283403
2317306,557316,4757690,5315006,8.53679061789003
2317335,557323,4757709,5315032,8.5367174869869
2317455,557356,4758000,5315356,8.536734151960326
2317492,557356,4758036,5315392,8.536798742634868
2317690,557432,4758256,5315688,8.536029506738041
2317724,557447,4758309,5315756,8.535894892249846
2317860,557447,4758538,5315985,8.536305693635448
2317866,557447,4758543,5315990,8.536314663098016
2317877,557452,4758548,5316000,8.536247067012047
2317893,557452,4758548,5316000,8.536247067012047
2317974,557484,4758688,5316172,8.536008208307324
2318081,557537,4758859,5316396,8.535503473312085
2318093,557541,4758882,5316423,8.53548348910663
2318194,557541,4758882,5316423,8.53548348910663
2318239,557555,4758946,5316501,8.535383953152603
2318278,557559,4758997,5316556,8.535414189350364
2318319,557584,4759062,5316646,8.535148067376396
2318370,557596,4759117,5316713,8.535063020538168
2318748,557726,4759827,5317553,8.534346614645901
2318751,557729,4759833,5317562,8.534311466680053
2319006,557921,4760286,5318207,8.53218645650549
2319210,557971,4760444,5318415,8.53170505277156
2319230,557971,4760468,5318439,8.53174806575969
2319285,558017,4760580,5318597,8.531245463847876
2319468,558090,4761000,5319090,8.530882115787776
2319478,558098,4761008,5319106,8.530774165110786
2319490,558098,4761037,5319135,8.530826127310974
2319516,558098,4761054,5319152,8.530856587911083
2319553,558113,4761097,5319210,8.53070435556957
2319574,558118,4761139,5319257,8.530703184631207
2319611,558125,4761184,5319309,8.530676819708846
2319871,558125,4761905,5320030,8.531968645016798
2319907,558135,4761976,5320111,8.53194298870345
2319919,558135,4761997,5320132,8.531980614009155
2320009,558137,4762261,5320398,8.532423043087988
2320064,558137,4762400,5320537,8.532672085885723
2320220,558212,4762678,5320890,8.532023675592786
2320235,558213,4762725,5320938,8.532092588313063
2320425,558213,4763043,5321256,8.53266226332959
2320475,558240,4763114,5321354,8.53237675551734
2320727,558242,4763857,5322099,8.533677150769737
2320802,558242,4764024,5322266,8.53397630418349
2320823,558260,4764070,5322330,8.533783541718913
2320853,558277,4764105,5322382,8.533586373789355
2320874,558288,4764132,5322420,8.533466597884962
2320898,558303,4764171,5322474,8.533307182658879
2320914,558303,4764197,5322500,8.533353752353113
2321037,558415,4764593,5323008,8.532351387409006
2321060,558438,4764620,5323058,8.53204832049395
2321080,558438,4764641,5323079,8.532085925384735
2321091,558438,4764653,5323091,8.532107413893753
2321137,558465,4764711,5323176,8.531798769842336
2321161,558481,4764740,5323221,8.531606267715464
2321213,558505,4764809,5323314,8.531363192809374
2321402,558594,4765101,5323695,8.530526643680384
2321526,558619,4765208,5323827,8.530336418918798
2321578,558634,4765281,5323915,8.53023804494535
2321649,558634,4765483,5324117,8.530599641267807
2321683,558647,4765509,5324156,8.530447670890563
2321708,558655,4765560,5324215,8.530416804646874
2321778,558692,4765675,5324367,8.5300577062138
2321879,558729,4765988,5324717,8.530053031075889
2321954,558729,4766218,5324947,8.530464679656864
2321967,558734,4766251,5324985,8.53044740431046
2322061,558748,4766444,5325192,8.530579080372547
2322148,558794,4766544,5325338,8.530055798737996
2322261,558794,4766877,5325671,8.530651724964835
2322264,558794,4766886,5325680,8.530667831079073
2322406,558867,4767044,5325911,8.529836258000563
2322461,558915,4767132,5326047,8.529261157778912
2322527,558932,4767260,5326192,8.529230747210752
2322587,558956,4767330,5326286,8.528989759480174
2322649,558973,4767431,5326404,8.52891105652688
2322685,558982,4767490,5326472,8.528879284127218
2323070,559185,4768026,5327211,8.526741597145847
2323071,559185,4768028,5327213,8.526745173779696
2323074,559185,4768035,5327220,8.526757691998176
2323124,559188,4768153,5327341,8.526922966873395
2323127,559188,4768162,5327350,8.526939061639377
2323153,559188,4768217,5327405,8.527037418542601
2323191,559188,4768277,5327465,8.527144716982482
2323370,559264,4768408,5327672,8.526220175087257
2323469,559296,4768507,5327803,8.525909357477973
2323577,559296,4768672,5327968,8.52620437120952
2323630,559314,4768704,5328018,8.525987191452387
2323680,559336,4768782,5328118,8.525791295393109
2323701,559336,4768812,5328148,8.525844930417495
2323912,559390,4769153,5328543,8.52563149144604
2323923,559397,4769168,5328565,8.525551620763071
2324443,559590,4769753,5329343,8.523656605729194
2324874,559590,4771223,5330813,8.526283529012312
2324927,559626,4771321,5330947,8.52591016142924
2324931,559626,4771323,5330949,8.52591373524461
2324953,559626,4771377,5331003,8.526010228259588
2324980,559647,4771410,5331057,8.52574926694863
2325016,559663,4771518,5331181,8.52569850070489
2325040,559673,4771571,5331244,8.525640865290983
2325054,559676,4771612,5331288,8.525668422444415
2325110,559676,4771804,5331480,8.526011478069455
2325130,559676,4771825,5331501,8.526048999778443
2325232,559684,4772040,5331724,8.526311275648402
2325263,559684,4772081,5331765,8.526384531271217
2325530,559732,4772820,5332552,8.52697362309105
2325554,559745,4772863,5332608,8.526852406006306
2325606,559789,4773005,5332794,8.52643585350909
2325635,559798,4773087,5332885,8.526445253466429
2325833,559798,4773364,5333162,8.5269400748127
2325838,559799,4773367,5333166,8.526930201733123
2325840,559799,4773377,5333176,8.52694806528772
2325874,559810,4773441,5333251,8.526894839320484
2325944,559833,4773508,5333341,8.526664201645849
2326092,559833,4773943,5333776,8.527441219077833
2326325,559920,4774350,5334270,8.526843120445777
2326377,559920,4774390,5334310,8.526914559222746
2326787,559920,4775245,5335165,8.52844156308044
2327034,559980,4775443,5335423,8.52788135290546
2327042,559980,4775458,5335438,8.527908139576413
2328355,559983,4780436,5340419,8.536752008543116
2328439,559983,4780560,5340543,8.536973443836688
2328492,559989,4780575,5340564,8.5369087607078
2329468,559989,4782145,5342134,8.539712387207606
2331906,561254,4787375,5348629,8.529783306666857
2331928,561255,4787426,5348681,8.529858976757446
2332186,561375,4787873,5349248,8.52883188599421
2332286,561393,4787994,5349387,8.528773960487573
2332302,561393,4788020,5349413,8.528820273854501
2332324,561405,4788060,5349465,8.528709220616133
2332391,561405,4788133,5349538,8.528839251520738
2332398,561405,4788155,5349560,8.528878438916646
2332409,561411,4788163,5349574,8.528801537554484
2332461,561446,4788250,5349696,8.528424817346638
2332504,561474,4788315,5349789,8.52811528227487
2332519,561481,4788361,5349842,8.528090888204588
2332621,561557,4788601,5350158,8.527364096609961
2332687,561576,4788715,5350291,8.52727858740402
2332721,561576,4788787,5350363,8.527406798011311
2332774,561576,4788879,5350455,8.527570622676183
2333010,561578,4789151,5350729,8.52802460210336
2333196,561578,4789512,5351090,8.52866743355331
2333515,561578,4790098,5351676,8.529710921724142
2333650,561614,4790182,5351796,8.529313727934133
2333709,561647,4790306,5351953,8.52903336081204
2333728,561647,4790359,5352006,8.52912772613403
2333801,561647,4790481,5352128,8.529344944422386
2333852,561663,4790510,5352173,8.529153602783163
2333865,561663,4790536,5352199,8.529199893886547
2333876,561665,4790542,5352207,8.529180205282508
2334199,561720,4792819,5354539,8.53239870398063
2334224,561734,4792858,5354592,8.53225548035191
2334315,561792,4793045,5354837,8.531707464684438
2334359,561818,4793125,5354943,8.53145502636085
2334372,561824,4793136,5354960,8.53138349376317
2334440,561843,4793233,5355076,8.531267631704942
2334528,561843,4793573,5355416,8.53187278296606
2334531,561843,4793582,5355425,8.531888801675914
2334564,561855,4793612,5355467,8.531759973658684
2334637,561902,4793734,5355636,8.531263458752594
2334693,561902,4793804,5355706,8.531388035636107
2334771,561952,4794006,5355958,8.53098841182165
2334971,562033,4794330,5356363,8.530335407351526
2334977,562033,4794332,5356365,8.530338965861436
2335000,562041,4794394,5356435,8.530327858643764
2335029,562059,4794431,5356490,8.530120503363525
2335041,562061,4794468,5356529,8.53015597951112
2335061,562066,4794502,5356568,8.530140588471816
2335081,562072,4794521,5356593,8.530083334519421
2335109,562081,4794586,5356667,8.530062393142625
2335510,562226,4795098,5357324,8.528773126820887
2335522,562226,4795098,5357324,8.528773126820887
2335559,562239,4795129,5357368,8.52863106259082
2335591,562256,4795172,5357428,8.528449674169773
2335892,562256,4795771,5358027,8.529515025184258
2335946,562265,4795822,5358087,8.529469200465972
2336100,562265,4796120,5358385,8.529999199665639
2336205,562314,4796314,5358628,8.52960089914176
2336263,562333,4796402,5358735,8.529469193520566
2336308,562356,4796448,5358804,8.529202142415125
2336311,562357,4796451,5358808,8.529192310222866
2336327,562363,4796463,5358826,8.529122648538399
2336370,562375,4796481,5358856,8.528972660591242
2336378,562375,4796481,5358856,8.528972660591242
2336412,562384,4796523,5358907,8.528910850948819
2336422,562387,4796545,5358932,8.528904473254183
2336543,562430,4796683,5359113,8.528497768611205
2336681,562484,4796880,5359364,8.528029241720654
2336737,562501,4796922,5359423,8.527846172717915
2336769,562513,4796970,5359483,8.527749580898575
2336790,562513,4797010,5359523,8.527820690366267
2337325,562545,4797815,5360360,8.528766587561885
2337354,562563,4797852,5360415,8.52855946800625
2337377,562563,4797867,5360430,8.528586131686584
2337382,562572,4797876,5360448,8.52846568972505
2337420,562586,4797929,5360515,8.528347665956849
2337467,562588,4798025,5360613,8.528487987657043
2337496,562588,4798071,5360659,8.528569752643142
2337561,562588,4798149,5360737,8.528708397619573
2337745,562707,4798524,5361231,8.527571187136466
2337837,562707,4798707,5361414,8.527896400791176
2337870,562725,4798768,5361493,8.527732018303789
2337913,562725,4798876,5361601,8.527923941534498
2337942,562739,4798917,5361656,8.527784639060027
2337960,562739,4798967,5361706,8.527873490197054
2337964,562741,4798971,5361712,8.527850289920229
2337983,562748,4799025,5361773,8.527840170022817
2338010,562770,4799060,5361830,8.52756898910745
2338041,562778,4799121,5361899,8.527556158911684
2338061,562781,4799156,5361937,8.527572892475048
2338401,562871,4800217,5363088,8.528094359098265
2338412,562871,4800227,5363098,8.52811212515834
2338468,562897,4800337,5363234,8.52791363251181
2338486,562897,4800347,5363244,8.527931397751276
2338578,562928,4800404,5363332,8.527563027598557
2338729,562928,4800644,5363572,8.527989369866129
2338806,562937,4800698,5363635,8.527948953435287
2338806,562937,4800698,5363635,8.527948953435287
2338826,562943,4800717,5363660,8.527891811426734
2338881,562960,4800868,5363828,8.527902515276397
2338889,562965,4800885,5363850,8.527856971570168
2338915,562978,4800921,5363899,8.527723996319573
2339368,563196,4801765,5364961,8.525921703989376
2340360,563196,4803592,5366788,8.529165690097232
2340380,563196,4803613,5366809,8.529202977293872
2340383,563196,4803622,5366818,8.529218957521005
2340422,563207,4803836,5367043,8.529432340152022
2340454,563224,4803975,5367199,8.529421686575857
2340741,563228,4817171,5380399,8.552790344230045
2340823,563263,4817310,5380573,8.552505667867408
2340845,563280,4817352,5380632,8.552322113336174
2341003,563335,4817473,5380808,8.551701918041662
2341031,563350,4817496,5380846,8.55151504393361
2341146,563350,4817754,5381104,8.551973018549747
2341266,563403,4817965,5381368,8.551543034027153
2341301,563418,4818035,5381453,8.55143960611837
2341316,563422,4818057,5381479,8.551417942501358
2341345,563434,4818114,5381548,8.551336980018956
2341429,563449,4818175,5381624,8.551217590234431
2341466,563449,4818211,5381660,8.55128148244118
2341478,563457,4818223,5381680,8.551181367877229
2341622,563464,4818680,5382144,8.551886189712208
2341710,563464,4818812,5382276,8.552120454900402
2341733,563474,4818840,5382314,8.552018371743861
2341821,563527,4819016,5382543,8.551526368745419
2341859,563527,4819107,5382634,8.551687851691224
2341904,563551,4819153,5382704,8.551405285413388
2342024,563608,4819354,5382962,8.550897077401315
2342061,563615,4819381,5382996,8.550838781792535
2342113,563639,4819476,5383115,8.550643230862308
2342624,563709,4819701,5383410,8.549980575083953
2342635,563709,4819713,5383422,8.550001862663182
2343014,563832,4820525,5384357,8.549576824302275
2343063,563861,4820618,5384479,8.549302044298152
2343173,563870,4820950,5384820,8.549754376008654
2343183,563874,4820964,5384838,8.549718554145075
2343274,563874,4821223,5385097,8.550177876617825
2343290,563874,4821249,5385123,8.550223986209685
2344485,563874,4822965,5386839,8.55326721927239
2344504,563877,4823003,5386880,8.553289103829382
2344588,563928,4823161,5387089,8.552795746974791
2344635,563959,4823233,5387192,8.552453281178241
2344663,563959,4823275,5387234,8.552527754677202
2344671,563959,4823275,5387234,8.552527754677202
2344698,563968,4823309,5387277,8.552451557535178
2344800,564007,4823435,5387442,8.552083573430826
2344805,564009,4823443,5387452,8.552067431548078
2344964,564009,4823443,5387452,8.552067431548078
2344981,564010,4823456,5387466,8.552075317813514
2345012,564019,4823494,5387513,8.55200622674059
2345053,564042,4823552,5387594,8.55176032990451
2345235,564042,4824096,5388138,8.552724797089578
2345267,564064,4824145,5388209,8.552478087592897
2345404,564174,4824376,5388550,8.551220013683722
2345422,564179,4824406,5388585,8.551197403660895
2345473,564205,4824515,5388720,8.550996534947403
2345478,564207,4824522,5388729,8.550978630183604
2345480,564207,4824524,5388731,8.550982174981877
2345539,564224,4824615,5388839,8.550885818398367
2345573,564235,4824708,5388943,8.55088394020222
2345670,564261,4824829,5389090,8.55070437262189
2345700,564270,4824864,5389134,8.550630017544792
2345986,564270,4825262,5389532,8.55133535364276
2345999,564276,4825286,5389562,8.551286958864102
2346020,564276,4825316,5389592,8.551340124336317
2346122,564278,4825577,5389855,8.551772353343564
2346158,564292,4825633,5389925,8.551659424553245
2346256,564318,4825706,5390024,8.551394780956837
2346369,564339,4825967,5390306,8.551539057197889
2346444,564407,4826124,5390531,8.550786932125222
2347195,564474,4829299,5393773,8.555396705605572
2347218,564474,4829316,5393790,8.555426822138841
2347271,564474,4829342,5393816,8.555472882719133
2347286,564474,4829368,5393842,8.555518943299425
2347412,564474,4829757,5394231,8.556208080443032
2347424,564479,4829773,5394252,8.556160636622444
2347462,564491,4829848,5394339,8.556111612054044
2347506,564501,4829946,5394447,8.55613364723889
2347602,564501,4830088,5394589,8.55638519683756
2347879,564541,4830868,5395409,8.557160595953173
2347926,564542,4830955,5395497,8.55729954547226
2347948,564542,4831005,5395547,8.557388112841915
2348785,564542,4832714,5397256,8.560415345536736
2348830,564548,4832746,5397294,8.560381048201393
2348880,564566,4832847,5397413,8.560287016929818
2348894,564570,4832880,5397450,8.560284818534459
2349220,564579,4833202,5397781,8.560718694815074
2349273,564582,4833285,5397867,8.5608202174352
2349287,564586,4833319,5397905,8.56081978653385
2349310,564586,4833347,5397933,8.560869380395546
2349401,564586,4833795,5398381,8.561662882182697
2349452,564586,4833916,5398502,8.561877198513601
2349491,564598,4833978,5398576,8.561805036503848
2349615,564670,4834178,5398848,8.561067526165726
2349639,564679,4834214,5398893,8.560994830691419
2349668,564688,4834247,5398935,8.560916824866121
2349764,564728,4834393,5399121,8.560568981881543
2349767,564728,4834402,5399130,8.560584918757348
2349783,564736,4834419,5399155,8.560493752833182
2349837,564751,4834482,5399233,8.560377936471117
2349863,564751,4834566,5399317,8.560526674587562
2349992,564794,4834679,5399473,8.56007500079675
2350042,564803,4834747,5399550,8.560058994020924
2350047,564808,4834752,5399560,8.559992068101018
2350050,564808,4834761,5399569,8.560008002719508
2350205,564808,4835082,5399890,8.560576337445646
2350244,564813,4835130,5399943,8.560585538930583
2350479,564813,4835821,5400634,8.561808952697618
2350544,564834,4835895,5400729,8.561621644589383
2350554,564834,4835911,5400745,8.56164997149605
2350585,564859,4835983,5400842,8.561398508300302
2350624,564859,4836031,5400890,8.561483485259153
2351122,564943,4836595,5401538,8.561208829917355
2351192,564943,4836749,5401692,8.561481423789656
2351441,565104,4837213,5402317,8.559863317194711
2351473,565122,4837295,5402417,8.559735773868297
2351537,565122,4837469,5402591,8.560043671985872
2351550,565122,4837473,5402595,8.560050750103517
2351770,565145,4837648,5402793,8.560012032310292
2352013,565145,4838062,5403207,8.56074458767219
2352224,565145,4838595,5403740,8.5616877084642
2352338,565162,4838882,5404044,8.561937993000237
2352340,565164,4838887,5404051,8.561916541039414
2352362,565180,4838918,5404098,8.561729006688134
2352457,565180,4839199,5404379,8.562226193425104
2352747,565180,4839766,5404946,8.563229413638133
2353204,565411,4840728,5406139,8.56143230322721
2353250,565425,4840750,5406175,8.561259229782907
2353261,565428,4840769,5406197,8.561247409042354
2353262,565428,4840771,5406199,8.561250946185899
2354276,565435,4842493,5407928,8.564190402079815
2354337,565442,4842610,5408052,8.564291297781205
2354362,565468,4842692,5408160,8.564042527605453
2354394,565478,4842745,5408223,8.563984805774938
2354414,565484,4842801,5408285,8.563992968854999
2354437,565489,4842842,5408331,8.563989750463758
2354507,565489,4842951,5408440,8.56418250399212
2354534,565498,4842983,5408481,8.564102790814468
2354797,565667,4843558,5409225,8.562560658479281
2354952,565667,4843880,5409547,8.563129897978847
2354955,565667,4843884,5409551,8.563136969276977
2355046,565667,4844195,5409862,8.56368676270668
2355079,565667,4844227,5409894,8.56374333309173
2355085,565667,4844241,5409908,8.56376808263519
2355095,565672,4844250,5409922,8.563708297387885
2355102,565673,4844279,5409952,8.563744424782517
2355137,565687,4844370,5410057,8.563693349856015
2355277,565687,4844455,5410142,8.563843609628647
2355299,565700,4844496,5410196,8.563719285840552
2355324,565707,4844523,5410230,8.56366104714985
2355375,565724,4844572,5410296,8.56349032390353
2355464,565771,4844725,5410496,8.56304936096053
2355489,565780,4844797,5410577,8.56304040439747
2355700,565789,4846046,5411835,8.56511172893075
2355761,565801,4846187,5411988,8.565179276812872
2355764,565801,4846196,5411997,8.565195183465566
2355808,565815,4846268,5412083,8.565110504316783
2355824,565815,4846281,5412096,8.56513348002439
2355903,565834,4846482,5412316,8.56520110138309
2356169,565846,4846672,5412518,8.565355237997618
2356195,565846,4846711,5412557,8.565424161344252
2356255,565874,4846779,5412653,8.565120503857749
2356653,566167,4847712,5413879,8.562335847903533
2356703,566201,4847764,5413965,8.561913525408821
2356770,566237,4847925,5414162,8.561653512575123
2356933,566246,4848852,5415098,8.563154530009925
2357079,566262,4849057,5415319,8.563274597271228
2357091,566262,4849090,5415352,8.563332874181915
2357118,566279,4849156,5415435,8.563192348647927
2357140,566290,4849182,5415472,8.563071924279079
2357373,566377,4849360,5415737,8.562070846803454
2357421,566387,4849400,5415787,8.561990299918607
2357465,566392,4849586,5415978,8.5622431107784
2357474,566392,4849608,5416000,8.562281953134931
2357514,566396,4849656,5416052,8.562306230976207
2357522,566399,4849678,5416077,8.562299721574368
2357681,566399,4849999,5416398,8.5628664598631
2357725,566405,4850038,5416443,8.562844607657064
2357820,566446,4850218,5416664,8.562542590114504
2357910,566452,4850478,5416930,8.562910890949277
2357945,566460,4850501,5416961,8.56283056173428
2358163,566543,4851030,5417573,8.562509818319175
2358182,566547,4851040,5417587,8.562467015093187
2358234,566560,4851064,5417624,8.562312905958768
2358247,566562,4851114,5417676,8.562370932042741
2358305,566584,4851202,5417786,8.56219377885715
2358388,566612,4851275,5417887,8.561899500893027
2358436,566612,4851348,5417960,8.56202833685132
2358500,566645,4851467,5418112,8.561739713577284
2358582,566689,4851621,5418310,8.561346699865359
2358610,566701,4851674,5418375,8.561258935488027
2358649,566725,4851737,5418462,8.561007543341127
2358682,566725,4851739,5418464,8.561011072389608
2358729,566729,4851755,5418484,8.560978880558432
2358790,566729,4851876,5418605,8.561192386484546
2358868,566759,4851980,5418739,8.560922720239114
2358893,566762,4852023,5418785,8.560953274919632
2358937,566765,4852139,5418904,8.561112630455304
2358943,566767,4852144,5418911,8.561091242080078
2359010,566774,4852200,5418974,8.561084312265558
2359020,566774,4852216,5418990,8.561112542212593
2359063,566784,4852301,5419085,8.561111463979223
2359079,566801,4852335,5419136,8.560914677285325
2359198,566801,4852562,5419363,8.561315170580151
2359218,566810,4852590,5419400,8.56122863040525
2359245,566831,4852639,5419470,8.56099789884463
2359264,566837,4852658,5419495,8.560940799559662
2359271,566838,4852662,5419500,8.560932753273422
2359310,566839,4852723,5419562,8.56102526466951
2359399,566839,4852869,5419708,8.561282833397138
2359419,566840,4852914,5419754,8.561347117352339
2359449,566840,4852961,5419801,8.561430033166326
2359568,566840,4853231,5420071,8.561906358055182
2359957,566867,4853368,5420235,8.561740231835687
2360025,566904,4853509,5420413,8.561430153959048
2360170,567014,4853822,5420836,8.560321261908877
2360281,567021,4854051,5421072,8.560619447956954
2360290,567021,4854062,5421083,8.560638847591182
2360304,567026,4854075,5421101,8.560586287048565
2360347,567041,4854163,5421204,8.560515024486765
2360372,567055,4854204,5421259,8.560375977638854
2360422,567061,4854248,5421309,8.560362994457387
2360522,567078,4854534,5421612,8.560610709637828
2360552,567091,4854553,5421644,8.560447970431554
2360576,567105,4854586,5421691,8.560294830763263
2360592,567120,4854640,5421760,8.560163633798844
2360636,567158,4854772,5421930,8.559822835964582
2360654,567168,4854796,5421964,8.559714229293613
2360695,567168,4854866,5422034,8.559837649514781
2360709,567168,4854886,5422054,8.559872912435116
2360794,567170,4855114,5422284,8.56024472380415
2360826,567194,4855180,5422374,8.559998871638275
2360843,567201,4855219,5422420,8.559961988783517
2361014,567254,4855403,5422657,8.559486579204378
2361267,567370,4856195,5423565,8.559132488499568
2361294,567388,4856227,5423615,8.55891735461448
2361332,567401,4856281,5423682,8.55881642788786
2361333,567401,4856283,5423684,8.558819952731842
2361352,567401,4856323,5423724,8.558890449611473
2361816,567401,4857180,5424581,8.560400845257586
2363158,567401,4860476,5427877,8.566209788139252
2363203,567401,4860579,5427980,8.566391317604305
2363231,567416,4860619,5428035,8.566235354660426
2363291,567416,4860659,5428075,8.566305849676429
2363533,567416,4861106,5428522,8.567093631480255
2363670,567454,4861332,5428786,8.566918199536879
2363686,567454,4861358,5428812,8.56696401822879
2363725,567454,4861381,5428835,8.567004550148559
2364384,567454,4862792,5430246,8.569491095313452
2364428,567465,4862829,5430294,8.569390182654438
2364491,567486,4862874,5430360,8.569152366754421
2371797,567811,4874906,5442717,8.585437760099751
2371798,567811,4874908,5442719,8.585441282398545
2371865,567811,4875060,5442871,8.585708977106819
2371873,567815,4875079,5442894,8.58568195627097
2371910,567840,4875170,5443010,8.585464215271907
2372052,567840,4875309,5443149,8.585709002535925
2372058,567840,4875309,5443149,8.585709002535925
2372122,567848,4875458,5443306,8.585850438849834
2372178,567864,4875498,5443362,8.585678965386078
2372286,567864,4875714,5443578,8.586059338151388
2372308,567864,4875738,5443602,8.58610160179198
2372434,567902,4876173,5444075,8.58629305760501
2372482,567908,4876271,5444179,8.586374905794601
2372565,567962,4876413,5444375,8.58580855761477
2372610,567996,4876498,5444494,8.585444263691997
2372666,568017,4876557,5444574,8.585230723728339
2372821,568017,4876783,5444800,8.585628599144039
2373025,568078,4877017,5445095,8.58511859286929
2373061,568098,4877064,5445162,8.584899084312918
2373159,568149,4877199,5445348,8.584366072984375
2373629,568310,4877695,5446005,8.582806918759127
2373657,568314,4877739,5446053,8.582823931840496
2373785,568314,4878078,5446392,8.58342043307045
2373843,568327,4878167,5446494,8.583380694564925
2374097,568450,4878485,5446935,8.582082856891548
2374377,568450,4878948,5447398,8.582897352449644
2374467,568474,4879046,5447520,8.58270738855251
2374650,568474,4879412,5447886,8.583351217469929
2374716,568493,4879465,5447958,8.583157576258635
2374735,568497,4879477,5447974,8.583118292620718
2374761,568505,4879503,5448008,8.583043245002242
2374827,568508,4879531,5448039,8.583047204260978
2374861,568524,4879593,5448117,8.582914705447791
2374893,568536,4879660,5448196,8.582851393755188
2375060,568536,4879953,5448489,8.583366752501162
2375107,568545,4879999,5448544,8.583311787105682
2375145,568561,4880061,5448622,8.58317928946938
2375159,568561,4880087,5448648,8.583225018951353
2375209,568561,4880271,5448832,8.583548642977622
2375209,568561,4880304,5448865,8.583606684243204
2375237,568571,4880342,5448913,8.583522550393882
2375259,568580,4880397,5448977,8.583483414822892
2375288,568596,4880436,5449032,8.58331046999979
2375313,568600,4880480,5449080,8.583327470981358
2375371,568600,4880535,5449135,8.583424199788956
2375405,568614,4880577,5449191,8.58328672878262
2375416,568619,4880607,5449226,8.583264013337578
2375560,568710,4881001,5449711,8.58258339048021
2375566,568710,4881010,5449720,8.58259921576902
2375635,568736,4881122,5449858,8.58240378664266
2375681,568753,4881180,5449933,8.582249236487543
2375701,568756,4881228,5449984,8.582288362672218
2375705,568762,4881239,5450001,8.58221716640704
2375729,568762,4881288,5450050,8.582303318435478
2375748,568762,4881303,5450065,8.58232969150541
2375768,568762,4881340,5450102,8.582394745077906
2375832,568800,4881443,5450243,8.582002461322082
2375883,568834,4881533,5450367,8.581647721479378
2375951,568835,4881707,5450542,8.581938523473415
2375986,568838,4881792,5450630,8.582042690537552
2376015,568852,4881837,5450689,8.581910584826986
2376608,568852,4883135,5451987,8.584192373411714
2376796,568852,4883414,5452266,8.584682834902576
2376874,568860,4883574,5452434,8.58484337095243
2376988,568860,4883733,5452593,8.585122877333614
2377017,568867,4883744,5452611,8.585036572696254
2377349,568867,4884366,5453233,8.586129974141583
2377387,568873,4884397,5453270,8.58609390848221
2377478,568912,4884521,5453433,8.58572327530444
2377494,568912,4884547,5453459,8.585768976572826
2377540,568934,4884582,5453516,8.585498493674134
2377612,568959,4884703,5453662,8.585333916855168
2377677,568959,4884824,5453783,8.585546585957863
2377728,568976,4884926,5453902,8.585469334383173
2377748,568982,4884952,5453934,8.585424494975236
2377967,568994,4885049,5454043,8.585413905946284
2377983,568994,4885049,5454043,8.585413905946284
2377986,568996,4885062,5454058,8.58540657579315
2377996,568996,4885078,5454074,8.585434695498739
2378005,568998,4885098,5454096,8.585439667626249
2378083,568998,4885255,5454253,8.585715591267457
2378281,569022,4885622,5454644,8.585998432398044
2378350,569037,4885720,5454757,8.585944323479843
2378368,569040,4885742,5454782,8.585937719668213
2378377,569042,4885765,5454807,8.585947961661882
2378425,569057,4885817,5454874,8.585813020488281
2378428,569057,4885826,5454883,8.585828836127137
2378437,569059,4885846,5454905,8.585833806336426
2378446,569060,4885862,5454922,8.58584683513162
2378533,569065,4886052,5455117,8.586105277955946
2378558,569082,4886073,5455155,8.585885689584277
2378706,569171,4886320,5455491,8.584977098270993
2378736,569203,4886388,5455591,8.584613925084724
2378767,569213,4886414,5455627,8.584508786693206
2378777,569216,4886426,5455642,8.584484624465933
2378828,569231,4886537,5455768,8.584453411708076
2378842,569236,4886577,5455813,8.584448278042851
2378870,569251,4886606,5455857,8.584273018404886
2378894,569269,4886635,5455904,8.584052530525991
2378897,569269,4886644,5455913,8.584068340274984
2378909,569269,4886664,5455933,8.584103473050526
2378935,569292,4886719,5456011,8.583853277404215
2378949,569298,4886766,5456064,8.583845367452547
2378965,569302,4886797,5456099,8.583839508731746
2379525,569560,4887450,5457010,8.581097689444483
2379722,569622,4887821,5457443,8.580814996611789
2379751,569640,4887886,5457526,8.580657959412962
2379805,569663,4887987,5457650,8.580488815317127
2380028,569663,4888465,5458128,8.581327907903445
2380146,569663,4888642,5458305,8.581638617919717
2380197,569690,4888737,5458427,8.581398655409082
2380357,569715,4888998,5458713,8.581480213791107
2380387,569715,4889045,5458760,8.581562711180151
2380403,569715,4889071,5458786,8.581608348033665
2380421,569719,4889095,5458814,8.581590222548309
2380882,569719,4890003,5459722,8.583183990704189
2381106,569757,4890451,5460208,8.583397834515416
2381133,569757,4890505,5460262,8.583492611762559
2381206,569786,4890598,5460384,8.583218962908882
2381430,569947,4890885,5460832,8.58129791015656
2381538,569947,4891442,5461389,8.582275194009268
2381585,569970,4891554,5461524,8.582125375019737
2381639,569986,4891579,5461565,8.581928328064198
2381658,570002,4891608,5461610,8.581738309690142
2381674,570002,4891634,5461636,8.58178392356518
2381681,570002,4891634,5461636,8.58178392356518
2382079,570165,4892545,5462710,8.58092832776477
2382179,570165,4892606,5462771,8.581035314338832
2382360,570180,4892979,5463159,8.581463748290014
2382376,570180,4893005,5463185,8.581509347925216
2382385,570196,4893023,5463219,8.581300114346647
2382398,570196,4893023,5463219,8.581300114346647
2382906,570196,4893925,5464121,8.582882026531228
2383134,570196,4894399,5464595,8.583713319630442
2383168,570204,4894463,5464667,8.583705130093792
2383188,570208,4894494,5464702,8.583699281665638
2383213,570223,4894549,5464772,8.583569936673898
2383644,570283,4894892,5465175,8.583268307138736
2383821,570283,4895273,5465556,8.583936396490865
2383848,570292,4895306,5465598,8.58385879514354
2383876,570310,4895341,5465651,8.583649243393944
2383907,570319,4895401,5465720,8.583618992178062
2383980,570319,4895523,5465842,8.583832907548231
2384011,570340,4895561,5465901,8.583583476522776
2386140,570408,4909041,5479449,8.606192409643624
2386229,570456,4909286,5479742,8.605897737949991
2386282,570483,4909335,5479818,8.60557632742781
2386355,570487,4909359,5479846,8.605558058290548
2386485,570487,4909745,5480232,8.606234673182737
2386612,570562,4909938,5480500,8.605441652265661
2386677,570582,4910051,5480633,8.605338058333421
2386682,570582,4910060,5480642,8.605353831701667
2386710,570583,4910075,5480658,8.605365038916336
2386726,570583,4910090,5480673,8.605391327817337
2386748,570594,4910107,5480701,8.605255225256487
2386852,570608,4910175,5480783,8.605163264447746
2386892,570619,4910216,5480835,8.605069231834202
2386902,570619,4910220,5480839,8.605076241765522
2386916,570627,4910249,5480876,8.605006422759526
2386938,570627,4910273,5480900,8.605048481757786
2386959,570635,4910318,5480953,8.605006703058873
2387027,570677,4910481,5481158,8.604659027786296
2387030,570677,4910486,5481163,8.60466778930989
2387087,570677,4910606,5481283,8.604878065876143
2387148,570684,4910669,5481353,8.604882912434903
2387183,570684,4910751,5481435,8.605026599659356
2387198,570684,4910795,5481479,8.605103700121258
2387501,570792,4911543,5482335,8.604785981583484
2387522,570814,4911568,5482382,8.604498137747147
2387571,570845,4911634,5482479,8.604146484597395
2387653,570872,4911780,5482652,8.603995291413836
2387781,570872,4912000,5482872,8.604380666769433
2387812,570882,4912039,5482921,8.604298261286921
2387921,570949,4912240,5483189,8.603640605378063
2387942,570964,4912281,5483245,8.603486384430543
2387979,570973,4912416,5483389,8.603587209903095
2388011,570973,4912495,5483468,8.60372557021085
2388013,570973,4912500,5483473,8.603734327192354
2388050,570973,4912605,5483578,8.603918223803928
2388108,570977,4913154,5484131,8.60481945857714
2388241,571060,4913399,5484459,8.603997828599447
2388255,571066,4913423,5484489,8.603949455929788
2388271,571072,4913444,5484516,8.603895830998542
2388324,571102,4913514,5484616,8.603566438219442
2388337,571108,4913525,5484633,8.603495310869398
2388353,571108,4913551,5484659,8.603540836409225
2388362,571110,4913571,5484681,8.60354572674266
2388411,571110,4913693,5484803,8.603759345835304
2388648,571110,4914093,5485203,8.604459736302989
2388670,571132,4914154,5485286,8.60423509801587
2388799,571132,4914341,5485473,8.604562517946814
2388806,571132,4914346,5485478,8.604571272490423
2388874,571165,4914521,5485686,8.604380520515088
2388894,571172,4914534,5485706,8.604297829725546
2388930,571184,4914582,5485766,8.604201098069973
2389062,571223,4914911,5486134,8.604189607211195
2389180,571223,4915138,5486361,8.604587000173312
2389210,571235,4915189,5486424,8.604495522858368
2389244,571236,4915269,5486505,8.604620507110896
2389275,571236,4915329,5486565,8.604725542507826
2389436,571236,4915716,5486952,8.605403020818017
2389458,571236,4915761,5486997,8.605481797365712
2389473,571236,4915812,5487048,8.605571077453101
2389507,571248,4915844,5487092,8.605446321037448
2389510,571248,4915844,5487092,8.605446321037448
2389531,571256,4915867,5487123,8.605366070553307
2389595,571303,4916005,5487308,8.604899676703957
2389704,571303,4916203,5487506,8.605246252864067
2389741,571324,4916251,5487575,8.605013967556063
2389776,571335,4916304,5487639,8.604941059098428
2389791,571340,4916329,5487669,8.6049095109742
2389808,571352,4916439,5487791,8.604921309455467
2389891,571377,4916579,5487956,8.604789832282364
2389898,571381,4916586,5487967,8.604741844758577
2389934,571385,4916624,5488009,8.604748112043543
2389981,571407,4916659,5488066,8.604478069047106
2390056,571407,4916659,5488066,8.604478069047106
2390081,571425,4916708,5488133,8.604292776829855
2390096,571430,4916755,5488185,8.604299739250651
2390110,571435,4916794,5488229,8.604292701707106
2390171,571456,4916930,5488386,8.60421449770411
2390300,571456,4916930,5488386,8.60421449770411
2390454,571456,4916930,5488386,8.60421449770411
2390487,571477,4916990,5488467,8.604003310719417
2390593,571531,4917127,5488658,8.603430085157235
2390785,571539,4917204,5488743,8.60344438437272
2390788,571539,4917217,5488756,8.603467129977131
2390793,571539,4917217,5488756,8.603467129977131
2390857,571550,4917331,5488881,8.603501006036216
2390875,571557,4917342,5488899,8.603414882505158
2390921,571566,4917384,5488950,8.603352893629083
2391981,572067,4919378,5491445,8.599303927686792
2392010,572067,4919442,5491509,8.59941580269444
2392035,572086,4919480,5491566,8.599196624283762
2392138,572147,4919720,5491867,8.598699285323526
2392142,572149,4919723,5491872,8.598674471160484
2392552,572286,4920268,5492554,8.597568348692786
2392607,572323,4920478,5492801,8.59737945181305
2392982,572323,4920478,5492801,8.59737945181305
2393017,572333,4920499,5492832,8.597265927353481
2393035,572341,4920519,5492860,8.597180701714537
2393070,572347,4920526,5492873,8.59710280651423
2393312,572347,4921110,5493457,8.598123166540578
2393313,572347,4921112,5493459,8.59812666092423
2393372,572367,4921237,5493604,8.598044611237196
2393403,572379,4921255,5493634,8.597895799810965
2393466,572388,4921385,5493773,8.597987728603675
2394020,572403,4922603,5495006,8.599890287087943
2394028,572403,4922603,5495006,8.599890287087943
2394167,572466,4922892,5495358,8.599448700883546
2394262,572469,4923109,5495578,8.599782695656883
2394283,572469,4923157,5495626,8.599866542991847
2394295,572475,4923175,5495650,8.59980785187126
2394363,572480,4923280,5495760,8.599916154276132
2394476,572542,4923495,5496037,8.599360396267873
2394490,572549,4923544,5496093,8.59934084244318
2394501,572551,4923569,5496120,8.599354467986258
2394547,572575,4923657,5496232,8.599147709907
2394668,572599,4923888,5496487,8.59919070763309
2394692,572603,4923901,5496504,8.599153340097764
2395035,572603,4924483,5497086,8.600169751119013
2395053,572619,4924543,5497162,8.600034228693076
2395092,572619,4924549,5497168,8.600044706864425
2395139,572631,4924610,5497241,8.599971011000102
2395145,572637,4924631,5497268,8.599917574309728
2395191,572653,4924791,5497444,8.59995669279651
2395626,572653,4925558,5498211,8.601296072839922
2395684,572653,4925655,5498308,8.60146545988583
2395791,572675,4925830,5498505,8.60144060767451
2396129,572798,4926178,5498976,8.600201118020664
2396209,572823,4926319,5499142,8.600071924486272
2396528,572957,4926986,5499943,8.599224723670362
2397797,572957,4929837,5502794,8.604200664273236
2398083,573072,4930316,5503388,8.603309880782868
2398920,573072,4932025,5505097,8.606292054052545
2398962,573080,4932073,5505153,8.60625567111049
2398996,573080,4932105,5505185,8.60631150973686
2399211,573092,4932222,5505314,8.606335457483267
2399250,573108,4932273,5505381,8.606184174710526
2399288,573117,4932329,5505446,8.606146737926112
2399313,573133,4932360,5505493,8.605960571106532
2399323,573133,4932362,5505495,8.605964060697953
2399394,573163,4932455,5505618,8.605675872308575
2399478,573182,4932564,5505746,8.605580775390713
2399502,573193,4932592,5505785,8.605464477060956
2399504,573198,4932597,5505795,8.605398134675976
2399580,573223,4932776,5505999,8.605335096463332
2400141,573351,4933623,5506974,8.604891244630252
2400252,573351,4933880,5507231,8.605339486632097
2400280,573358,4933910,5507268,8.605286749291018
2400307,573362,4933927,5507289,8.605256365088723
2400324,573370,4933958,5507328,8.605190365732424
2400362,573371,4933967,5507338,8.60519105430864
2400367,573374,4933976,5507350,8.605161726900766
2400490,573374,4934313,5507687,8.605749475909267
2400577,573374,4934425,5507799,8.605944810891321
2400616,573398,4934497,5507895,8.605710169899442
2400688,573419,4934605,5508024,8.605583351789878
2400876,573509,4935050,5508559,8.605008814159847
2400999,573612,4935210,5508822,8.603742599527207
2401028,573612,4935240,5508852,8.60379489968829
2401827,573660,4936693,5510353,8.605607851340515
2401930,573687,4936881,5510568,8.605530541915714
2401978,573706,4936928,5510634,8.605327467378762
2402057,573739,4937048,5510787,8.605041665286828
2402089,573748,4937122,5510870,8.605035660255025
2402139,573766,4937224,5510990,8.604943478700376
2402212,573810,4937307,5511117,8.604428295080252
2403995,573813,4939805,5513618,8.608736644168047
2404001,573813,4939824,5513637,8.608769756000648
2404159,573853,4940236,5514089,8.608887641957086
2404344,573877,4940386,5514263,8.60878899136923
2404402,573895,4940528,5514423,8.608766411974315
2404412,573895,4940545,5514440,8.60879603411774
2404443,573901,4940620,5514521,8.608836715740171
2404454,573908,4940648,5514556,8.608780501404405
2404480,573920,4940694,5514614,8.608680652355728
2404636,573964,4941151,5515115,8.608816929284764
2404802,573964,4941751,5515715,8.609862291014768
2405003,574087,4942166,5516253,8.608740487069033
2405197,574134,4942312,5516446,8.608290050754702
2405199,574134,4942314,5516448,8.608293534262037
2405213,574134,4942328,5516462,8.608317918813379
2405262,574134,4942344,5516478,8.608345786872054
2405351,574186,4942490,5516676,8.607820462358887
2405389,574203,4942552,5516755,8.607673592788613
2405442,574215,4942686,5516901,8.607727070870666
2405530,574229,4942866,5517095,8.607830673825251
2405803,574229,4942885,5517114,8.607863761669996
2405940,574310,4943430,5517740,8.607598683637757
2405943,574310,4943439,5517749,8.607614354616844
2406037,574323,4943633,5517956,8.607757307299202
2406073,574328,4943694,5518022,8.60778858074132
2406098,574338,4943731,5518069,8.60770312951607
2406415,574341,4944661,5519002,8.6092774153334
2406431,574341,4944687,5519028,8.609322684607228
2406461,574356,4944715,5519071,8.609146592009138
2406509,574388,4944797,5519185,8.60880972443714
2406512,574388,4944797,5519185,8.60880972443714
2406568,574395,4944871,5519266,8.60883364235413
2406584,574395,4944906,5519301,8.608894576032172
2407049,574395,4946430,5520825,8.611547802470426
2407553,574553,4947504,5522057,8.611048937173768
2407594,574561,4947575,5522136,8.611052612342293
2407596,574561,4947577,5522138,8.611056093260768
2407773,574561,4947844,5522405,8.6115207958772
2407791,574572,4947872,5522444,8.611404662949116
2407796,574574,4947880,5522454,8.61138861138861
2407817,574578,4947923,5522501,8.611403499611889
2407912,574610,4948096,5522706,8.611225004785855
2408037,574621,4948219,5522840,8.61127421378613
2408351,574621,4949047,5523668,8.612715163559981
2409307,574829,4951174,5526003,8.613298911502378
2409446,574846,4951348,5526194,8.6133468789902
2409447,574846,4951348,5526194,8.6133468789902
2409506,574855,4951487,5526342,8.613453827486932
2409530,574855,4951582,5526437,8.61361908655226
2409562,574877,4951650,5526527,8.613407737655185
2409666,574916,4951750,5526666,8.612997377008119
2409891,574916,4952528,5527444,8.614350618177264
2409944,574927,4952627,5527554,8.61435799675437
2410024,574976,4952855,5527831,8.614020411286733
2410094,574976,4953125,5528101,8.614489996104185
2410169,575000,4953212,5528212,8.614281739130435
2410185,575003,4953241,5528244,8.614287229805758
2410211,575022,4953283,5528305,8.614075635366994
2410372,575098,4953462,5528560,8.613248524599285
2410398,575102,4953481,5528583,8.613221654593445
2410399,575102,4953483,5528585,8.613225132237412
2410410,575102,4953509,5528611,8.613270341608967
2410790,575102,4954225,5529327,8.614515338148712
2410903,575177,4954417,5529594,8.613725861778201
2410977,575177,4954549,5529726,8.613955356351175
2410986,575181,4954573,5529754,8.613937178036132
2411009,575194,4954629,5529823,8.613839852293314
2411275,575198,4955457,5530655,8.615219454865976
2411283,575203,4955470,5530673,8.615167167069712
2411292,575205,4955486,5530691,8.615165028120408
2411485,575221,4956012,5531233,8.615839825041158
2411488,575221,4956021,5531242,8.615855471201504
2411559,575221,4956217,5531438,8.61619620980458
2411567,575221,4956217,5531438,8.61619620980458
2411628,575234,4956282,5531516,8.616114485583259
2411648,575234,4956311,5531545,8.616164899849453
2411728,575273,4956375,5531648,8.6156920279589
2411748,575279,4956401,5531680,8.615647364148526
2411793,575304,4956460,5531764,8.615375523201646
2411893,575364,4956578,5531942,8.614682183800168
2412229,575478,4957197,5532675,8.61405127563521
2412270,575486,4957226,5532712,8.613981921367332
2412310,575494,4957272,5532766,8.61394210886647
2412718,575781,4958020,5533801,8.610947565133271
2412829,575810,4958100,5533910,8.610652819506434
2412853,575810,4958112,5533922,8.610673659714141
2413125,575859,4958626,5534485,8.6108335547417
2413145,575859,4958647,5534506,8.610870022001913
2413170,575878,4958683,5534561,8.610648435953449
2413190,575878,4958704,5534582,8.610684902010496
2413289,575947,4958812,5534759,8.60984083604915
2413293,575947,4958822,5534769,8.609858198757872
2413335,575954,4958860,5534814,8.609819534198913
2413633,575960,4959413,5535373,8.610689978470727
2413701,575988,4959590,5535578,8.610578692611652
2413712,575990,4959613,5535603,8.610588725498706
2414083,576153,4960193,5536346,8.60915937259721
2414099,576153,4960219,5536372,8.609204499499265
2414120,576154,4960220,5536374,8.609191292605797
2414228,576154,4960777,5536931,8.610158048021884
2414480,576187,4961125,5537312,8.610268888399078
2414599,576277,4961362,5537639,8.609335441115991
2414881,576277,4961689,5537966,8.60990287656804
2414914,576302,4961754,5538056,8.609642166780612
2414933,576311,4961776,5538087,8.609545887550299
2415012,576344,4961904,5538248,8.609275016309704
2415041,576344,4961939,5538283,8.609335743930709
2415138,576344,4962008,5538352,8.609455464097831
2415159,576344,4962045,5538389,8.609519661868607
2415269,576367,4962318,5538685,8.60964975440995
2415277,576367,4962318,5538685,8.60964975440995
2415278,576367,4962320,5538687,8.609653224421246
2415358,576367,4962442,5538809,8.609864895110233
2415446,576381,4962482,5538863,8.609725164431167
2415457,576386,4962511,5538897,8.609700790789505
2415574,576468,4962746,5539214,8.608883754171957
2415863,576477,4963333,5539810,8.609767605646018
2415875,576483,4963354,5539837,8.609714423495575
2415878,576484,4963362,5539846,8.609713365852304
2416076,576484,4963659,5540143,8.610228557947835
2416107,576484,4963719,5540203,8.610332637159054
2416144,576511,4963771,5540282,8.610019583321046
2416169,576518,4963786,5540304,8.60994105994956
2416192,576523,4963806,5540329,8.609901079401862
2416237,576533,4963880,5540413,8.609880093593949
2416282,576533,4964017,5540550,8.610117720928377
2416298,576535,4964057,5540592,8.610157232431682
2416473,576679,4964367,5541046,8.608544788348457
2416513,576682,4964467,5541149,8.608673410996008
2416527,576692,4964508,5541200,8.608595229342527
2416553,576707,4964583,5541290,8.608501370713379
2416578,576718,4964622,5541340,8.608404800959914
2416994,576740,4965088,5541828,8.608884419322399
2417028,576761,4965167,5541928,8.608707939683855
2417060,576774,4965259,5542033,8.60867341454365
2417093,576784,4965308,5542092,8.608609115370745
2417120,576790,4965343,5542133,8.608580245843374
2417142,576795,4965354,5542149,8.608524692481732
2417396,576795,4966098,5542893,8.609814578836502
2417436,576800,4966115,5542915,8.609769417475729
2417470,576832,4966193,5543025,8.609427008210362
2417690,576832,4966717,5543549,8.6103354182847
2418198,577116,4968351,5545467,8.608929573950471
2418215,577119,4968381,5545500,8.608936805061001
2418354,577119,4968704,5545823,8.609496481661495
2418401,577133,4968797,5545930,8.609448775238983
2418428,577144,4968844,5545988,8.609366120067088
2418454,577153,4968877,5546030,8.60928904467273
2418511,577155,4969037,5546192,8.609536433020592
2418564,577164,4969146,5546310,8.609591034783874
2418621,577196,4969237,5546433,8.609271374021995
2418850,577196,4969792,5546988,8.610232919147048
2418941,577196,4969972,5547168,8.610544771620038
2418952,577199,4969980,5547179,8.610513878229172
2418978,577222,4970041,5547263,8.610276462089109
2418986,577222,4970041,5547263,8.610276462089109
2419018,577234,4970086,5547320,8.610175422792143
2419024,577234,4970099,5547333,8.610197943988053
2419063,577253,4970260,5547513,8.610193450705323
2419074,577253,4970270,5547523,8.610210774131966
2419240,577253,4970586,5547839,8.610758194413888
2419270,577256,4970625,5547881,8.61078100530787
2419335,577275,4970781,5548056,8.61076783162271
2419425,577312,4970955,5548267,8.610517363228203
2419472,577322,4971054,5548376,8.61053969881626
2419500,577341,4971094,5548435,8.610325613458944
2419533,577341,4971158,5548499,8.610436466490341
2419544,577343,4971181,5548524,8.610446476358074
2419874,577601,4971874,5549475,8.607800194251741
2419903,577613,4971892,5549505,8.607652528596136
2419939,577633,4971930,5549563,8.607420282428462
2419976,577648,4971972,5549620,8.607269478990666
2419987,577656,4971995,5549651,8.607190092373315
2420000,577670,4972020,5549690,8.607024771928609
2420062,577670,4972075,5549745,8.607119981996641
2420067,577672,4972099,5549771,8.607131728731876
2420090,577672,4972128,5549800,8.607181930230304
2420105,577681,4972134,5549815,8.607058220713508
2420135,577707,4972184,5549891,8.606757404705153
2421188,577707,4973889,5551596,8.609708727780692
2421231,577712,4973898,5551610,8.609649790899272
2421274,577737,4973964,5551701,8.6093914705134
2421616,577857,4974314,5552171,8.608209297455945
2421691,577876,4974422,5552298,8.60811315922447
2421811,577917,4974726,5552643,8.608028488519977
2421812,577919,4974727,5552646,8.60800042912588
2422385,577927,4975530,5553457,8.609270721042623
2422498,577939,4975596,5553535,8.609206161895978
2422504,577939,4975610,5553549,8.609230385905779
2422622,578021,4975832,5553853,8.608393120665166
2422690,578056,4975940,5553996,8.608058734793861
2422737,578056,4976034,5554090,8.608221348796656
2422746,578060,4976047,5554107,8.608184271528907
2422789,578073,4976134,5554207,8.60814118632076
2422797,578078,4976138,5554216,8.608073650960597
2422804,578087,4976165,5554252,8.607986341156263
2422860,578087,4976209,5554296,8.608062454267264
2423070,578087,4976629,5554716,8.60878898850865
2423078,578087,4976652,5554739,8.608828774907582
2423133,578113,4976708,5554821,8.608538469122818
2423150,578121,4976725,5554846,8.60844875034811
2423236,578180,4976857,5555037,8.60779860942959
2423238,578180,4976859,5555039,8.607802068559964
2423258,578188,4976884,5555072,8.607726206700935
2423278,578197,4976920,5555117,8.607654484544195
2423287,578199,4976938,5555137,8.607655841673887
2423312,578204,4976966,5555170,8.607629833069298
2423512,578204,4977532,5555736,8.608608726331882
2423594,578239,4977706,5555945,8.60838857289114
2423655,578239,4977824,5556063,8.608592640759271
2423721,578243,4977870,5556113,8.608612642089918
2423885,578346,4978125,5556471,8.60752041165669
2424075,578346,4978446,5556792,8.608075442728056
2424090,578346,4978446,5556792,8.608075442728056
2424105,578350,4978458,5556808,8.608036656004149
2424132,578361,4978498,5556859,8.607942098447163
2424158,578364,4978558,5556922,8.608001189562282
2424175,578371,4978582,5556953,8.607938503140717
2424226,578401,4978684,5557085,8.607668382316074
2424244,578409,4978718,5557127,8.60760811121542
2424264,578409,4978813,5557222,8.607772354856166
2424631,578596,4979531,5558127,8.606231290918016
2424893,578721,4979787,5558508,8.604814755296594
2425491,578734,4980483,5559217,8.60582409189714
2425511,578734,4980507,5559241,8.605865561726112
2425575,578734,4980637,5559371,8.606090189966375
2425644,578743,4980701,5559444,8.606066941630395
2425741,578769,4980830,5559599,8.605903218728024
2425806,578769,4980951,5559720,8.606112283138868
2425807,578769,4980953,5559722,8.606115738748965
2425882,578798,4981029,5559827,8.605815845942798
2425963,578830,4981167,5559997,8.60557849454935
2426073,578837,4981328,5560165,8.60575256937618
2426106,578842,4981344,5560186,8.605705874832855
2426181,578842,4981441,5560283,8.605873450786225
2426201,578847,4981457,5560304,8.605826755602084
2426294,578867,4981611,5560478,8.605795459060545
2426317,578892,4981648,5560540,8.605487724826046
2426332,578892,4981679,5560571,8.605541275401976
2426394,578892,4981836,5560728,8.60581248315748
2426412,578892,4981879,5560771,8.605886762988606
2426445,578917,4981950,5560867,8.605637768453855
2426483,578932,4981996,5560928,8.605494254938403
2426491,578942,4982008,5560950,8.605366340669704
2426828,579064,4982651,5561715,8.604663733197022
2426847,579078,4982687,5561765,8.604517871512991
2427328,579212,4983760,5562972,8.6043797435136
2427339,579212,4983770,5562982,8.604397008349274
2427617,579353,4984210,5563563,8.603062381656779
2427780,579356,4984514,5563870,8.603542554146328
2427798,579363,4984558,5563921,8.603514549600165
2427816,579377,4984588,5563965,8.603358435008639
2427862,579383,4984620,5564003,8.603324571138607
2427897,579390,4984675,5564065,8.60331555601581
2427950,579406,4984737,5564143,8.603184986002907
2427972,579417,4984767,5564184,8.603073434158818
2427977,579420,4984781,5564201,8.603053053053053
2427986,579426,4984808,5564234,8.603010565628743
2428059,579459,4984891,5564350,8.602663864052504
2428129,579472,4985036,5564508,8.602721097826988
2428144,579472,4985056,5564528,8.602755612005412
2428798,579472,4986657,5566129,8.605518471988292
2428828,579472,4986687,5566159,8.60557024325593
2428851,579483,4986711,5566194,8.605448304782021
2429139,579483,4987550,5567033,8.60689614708283
2429175,579504,4987604,5567108,8.606677434495706
2429558,579651,4988440,5568091,8.60593702072454
2429602,579651,4988526,5568177,8.606085385861492
2429618,579659,4988549,5568208,8.606006289904927
2429660,579707,4988652,5568359,8.605471384682263
2429707,579725,4988802,5568527,8.60546293501229
2429773,579751,4988897,5568648,8.605240870649641
2429784,579751,4988907,5568658,8.605258119434033
2429785,579751,4988910,5568661,8.605263294069351
2430475,579857,4989665,5569522,8.604992265334385
2430504,579857,4989696,5569553,8.60504572679126
2430596,579863,4989761,5569624,8.605068783488514
2430714,579955,4990066,5570021,8.604229638506435
2430730,579961,4990079,5570040,8.604163038549144
2431251,580225,4990948,5571173,8.601745874445259
2431319,580225,4990948,5571173,8.601745874445259
2431328,580225,4990968,5571193,8.601780343832134
2431784,580405,4992029,5572434,8.600940722426582
2431832,580423,4992121,5572544,8.600832496300113
2431843,580428,4992133,5572561,8.600779080264909
2431903,580458,4992196,5572654,8.600443098380934
2431920,580462,4992216,5572678,8.600418287502023
2432228,580462,4992938,5573400,8.601662124307879
2432457,580502,4993154,5573656,8.601441510968094
2432476,580511,4993185,5573696,8.601361559040225
2432517,580540,4993269,5573809,8.60107658387019
2432545,580546,4993318,5573864,8.601072094200976
2432683,580620,4993598,5574218,8.600458130963453
2433013,580747,4994123,5574870,8.599481357630776
2433044,580761,4994184,5574945,8.599379090538104
2433086,580769,4994252,5575021,8.599377721607041
2433126,580779,4994295,5575074,8.599303693831905
2433138,580786,4994306,5575092,8.59921898943845
2433165,580797,4994342,5575139,8.599118108392434
2433211,580812,4994436,5575248,8.59905787070515
2433249,580831,4994494,5575325,8.598876437380236
2433426,580939,4994829,5575768,8.597854507960388
2433556,580974,4995087,5576061,8.597780623573517
2433751,580974,4995557,5576531,8.59858960986206
2433762,580983,4995583,5576566,8.598501160963401
2433802,580984,4995624,5576608,8.598556930999822
2433906,581019,4995726,5576745,8.59821451622064
2434768,581019,4997459,5578478,8.60119720697602
2434808,581028,4997483,5578511,8.601105282361607
2434864,581047,4997597,5578644,8.601020227279376
2434883,581053,4997606,5578659,8.600946901573522
2434972,581100,4997768,5578868,8.60053002925486
2434985,581106,4997807,5578913,8.600508340991144
2435002,581106,4997832,5578938,8.60055136240204
2435045,581128,4997904,5579032,8.600349664789857
2435082,581151,4997999,5579150,8.600172760607828
2435125,581186,4998059,5579245,8.599758080889767
2435317,581286,4998446,5579732,8.598944409464533
2435716,581295,4999270,5580565,8.600228799490791
2435783,581342,4999470,5580812,8.599877524761672
2436133,581527,4999996,5581523,8.598046178423358
2436143,581527,5000008,5581535,8.598066813750695
2436161,581527,5000028,5581555,8.598101205962921
2436251,581557,5000147,5581704,8.597862290368786
2436315,581557,5000299,5581856,8.598123657698213
2436342,581574,5000338,5581912,8.59793938518572
2436363,581582,5000382,5581964,8.597896771220567
2436379,581582,5000405,5581987,8.597936318524301
2436390,581587,5000438,5582025,8.597919141934053
2436449,581599,5000543,5582142,8.597922279783837
2436473,581606,5000664,5582270,8.598026842914276
2436508,581606,5000730,5582336,8.598140321798606
2437039,581606,5001339,5582945,8.599187422413111
2437517,582046,5003080,5585126,8.595678004831234
2437529,582051,5003116,5585167,8.595666015520976
2437548,582051,5003131,5585182,8.595691786458575
2437637,582079,5003221,5585300,8.595432922335284
2437851,582079,5003530,5585609,8.595963778112592
2437896,582115,5003598,5585713,8.595548989460845
2437983,582169,5003851,5586020,8.595186277524224
2438184,582187,5004008,5586195,8.59519020520898
2438487,582372,5004894,5587266,8.593981166676969
2438662,582420,5005070,5587490,8.593575083273238
2438764,582437,5005236,5587673,8.593609265894852
2438769,582437,5005240,5587677,8.593616133590414
2438785,582437,5005266,5587703,8.593660773611566
2438812,582437,5005316,5587753,8.59374661980609
2439654,582729,5006460,5589189,8.591403551221923
2439722,582729,5006502,5589231,8.591475625891281
2439752,582729,5006519,5589248,8.591504798971735
2439776,582739,5006546,5589285,8.591403698739915
2439780,582739,5006566,5589305,8.591438019422075
2439821,582755,5006628,5589383,8.591308525881374
2439858,582755,5006673,5589428,8.591385745296051
2439880,582758,5006691,5589449,8.591372405012029
2439883,582758,5006698,5589456,8.591384416859142
2439910,582781,5006731,5589512,8.59110197484132
2439923,582785,5006747,5589532,8.591070463378433
2439952,582791,5006795,5589586,8.59106437813899
2439963,582799,5006813,5589612,8.59097733523908
2440041,582837,5006939,5589776,8.590633401791582
2440053,582845,5006948,5589793,8.590530930178693
2440143,582883,5007061,5589944,8.590164750044178
2440168,582886,5007084,5589970,8.590159996980542
2440918,582895,5007998,5590893,8.591595398828263
2440989,582914,5008127,5591041,8.591536658923959
2441047,582914,5008164,5591078,8.591600133124269
2441108,582914,5008307,5591221,8.591845452330876
2441181,582963,5008425,5591388,8.591325693054277
2441373,583112,5008827,5591939,8.58981979448202
2441418,583139,5008974,5592113,8.589674160020166
2441880,583375,5010052,5593427,8.588047139490037
2442050,583433,5010348,5593781,8.587700729989562
2442065,583440,5010368,5593808,8.58763197586727
2442075,583443,5010387,5593830,8.587620384510569
2442159,583520,5010593,5594113,8.586840211132438
2442694,583861,5011467,5595328,8.583322057818556
2442787,583876,5011632,5595508,8.58338414320849
2442837,583913,5011743,5595656,8.583030348699207
2442887,583944,5011830,5595774,8.582723685832889
2442934,583983,5011910,5595893,8.58228749809498
2442983,583992,5011930,5595922,8.5821894820477
2443126,583992,5012206,5596198,8.582662091261524
2443244,584051,5012388,5596439,8.582106699586166
2443278,584060,5012454,5596514,8.582087456768141
2443297,584060,5012476,5596536,8.582125124131082
2443738,584086,5012851,5596937,8.58238512821742
2443768,584099,5012924,5597023,8.582319093167426
2443790,584101,5012931,5597032,8.582301690974678
2443883,584184,5013119,5597303,8.58140414663873
2443914,584189,5013180,5597369,8.581435117744428
2443928,584193,5013213,5597406,8.581432848390858
2444972,584998,5015549,5600547,8.573617345700328
2445037,585036,5015712,5600748,8.573339076569647
2445107,585036,5015807,5600843,8.57350145973923
2445166,585070,5015908,5600978,8.573175859298887
2445172,585070,5015922,5600992,8.573199788059549
2445208,585078,5015944,5601022,8.573120165174558
2445319,585078,5015982,5601060,8.5731851137797
2445335,585086,5015999,5601085,8.573096946431807
2445384,585103,5016028,5601131,8.572897421479636
2445465,585116,5016145,5601261,8.572906910766411
2445499,585123,5016200,5601323,8.572898347868739
2445761,585152,5016414,5601566,8.572839193918846
2445958,585219,5016930,5602149,8.572739436006009
2446011,585234,5017042,5602276,8.572711086505569
2446334,585237,5017443,5602680,8.573352334182562
2446516,585268,5017516,5602784,8.573022957004312
2446525,585279,5017548,5602827,8.57291650648665
2446550,585286,5017589,5602875,8.572884025929204
2448772,585405,5019997,5605402,8.575254738172719
2448812,585423,5020064,5605487,8.575105521990082
2449258,585569,5020714,5606283,8.574077521180254
2449407,585580,5021576,5607156,8.575388503705728
2449546,585607,5021655,5607262,8.575128029548827
2449554,585607,5021674,5607281,8.575160474516185
2449601,585627,5021750,5607377,8.574997395953398
2449680,585700,5021921,5607621,8.574220590746116
2449803,585700,5022286,5607986,8.57484377667748
2449914,585740,5022465,5608205,8.574563799638065
2449928,585749,5022493,5608242,8.574479853998897
2449959,585750,5022575,5608325,8.574605206999573
2450164,585786,5022717,5608503,8.574320656348906
2450290,585813,5022887,5608700,8.57421566267734
2450331,585813,5022944,5608757,8.574312963351787
2450339,585813,5022944,5608757,8.574312963351787
2450350,585823,5022952,5608775,8.574180255811056
2450406,585823,5023078,5608901,8.574395337840953
2450419,585828,5023091,5608919,8.574344346804864
2450451,585848,5023129,5608977,8.574116494380794
2450472,585851,5023139,5608990,8.574089657609187
2450540,585890,5023251,5609141,8.573710082097323
2450633,585912,5023455,5609367,8.573736329005039
2450761,585914,5023792,5609706,8.574282232546073
2451090,585914,5024136,5610050,8.574869349426708
2451170,585941,5024184,5610125,8.574556141317982
2451214,585960,5024248,5610208,8.574387330193188
2452556,586727,5027494,5614221,8.568710831442903
2452644,586771,5027620,5614391,8.568283026938959
2452753,586826,5027916,5614742,8.567984376970346
2452830,586843,5027977,5614820,8.567840120781879
2453179,586928,5028349,5615277,8.567233118883406
2453216,586928,5028384,5615312,8.567292751410735
2453324,586942,5028530,5615472,8.567337147452388
2453337,586948,5028564,5615512,8.567307495723641
2453538,586948,5028909,5615857,8.567895282035206
2453543,586948,5028914,5615862,8.567903800677403
2453567,586948,5028965,5615913,8.567990690827807
2453688,586948,5029179,5616127,8.568355288713821
2453712,586953,5029222,5616175,8.568355558281498
2453755,586980,5029299,5616279,8.568092609628948
2453776,586998,5029331,5616329,8.567884388021765
2454201,587304,5030037,5617341,8.564622410199828
2454231,587319,5030147,5617466,8.5645909633436
2454372,587346,5030249,5617595,8.564370915950734
2454392,587346,5030270,5617616,8.564406670003711
2454412,587352,5030296,5617648,8.564363448153747
2454427,587352,5030308,5617660,8.564383878832455
2454853,587445,5030699,5618144,8.56369362238167
2454870,587450,5030712,5618162,8.563642863222402
2454900,587462,5030729,5618191,8.563496872989232
2454926,587469,5030779,5618248,8.563479945324774
2455663,587881,5032123,5620004,8.559764646246434
2455709,587905,5032192,5620097,8.55953257754229
2455956,587905,5032680,5620585,8.560362643624394
2455982,587913,5032727,5620640,8.560326102671654
2456032,587946,5032805,5620751,8.559978297326625
2459786,589734,5039909,5629643,8.5460716187298
2459796,589740,5039921,5629661,8.546005019160987
2459872,589755,5040059,5629814,8.546021653059322
2460484,589755,5040798,5630553,8.547274715771804
2460517,589770,5040870,5630640,8.547179408922123
2460637,589869,5041189,5631058,8.54628570072338
2460658,589880,5041237,5631117,8.54620770326168
2460688,589894,5041279,5631173,8.546076074684605
2460702,589897,5041313,5631210,8.546090249653753
2460804,589912,5041406,5631318,8.54603059439374
2460851,589912,5041529,5631441,8.546239100069164
2460915,589981,5041678,5631659,8.545492142967316
2460916,589981,5041680,5631661,8.545495532906992
2460969,590002,5041790,5631792,8.545377812278602
2460974,590004,5041798,5631802,8.545362404322683
2461076,590035,5041981,5632016,8.545223588431195
2461096,590044,5042023,5632067,8.545164428415507
2461120,590058,5042056,5632114,8.545017608438492
2461208,590058,5042286,5632344,8.545407400628413
2461242,590077,5042342,5632419,8.54522714832132
2461280,590098,5042422,5632520,8.545058617382198
2461620,590254,5042927,5633181,8.543655782087034
2461663,590256,5042958,5633214,8.543679352687647
2461713,590256,5043040,5633296,8.54381827546014
2462416,590261,5044102,5634363,8.545545106317375
2462454,590281,5044171,5634452,8.545372458202111
2463803,590281,5045146,5635427,8.54702421389135
2463826,590285,5045190,5635475,8.54704083620624
2463950,590285,5045546,5635831,8.547643934709505
2464032,590307,5045678,5635985,8.547548987221903
2464316,590307,5046000,5636307,8.548094466099842
2464403,590307,5046165,5636472,8.548373981673942
2464652,590488,5046638,5637126,8.546554714067009
2465309,590637,5047805,5638442,8.546374507523234
2465312,590640,5047815,5638455,8.5463480292564
2465505,590653,5048104,5638757,8.546649217052991
2465560,590673,5048221,5638894,8.546557909367788
2465638,590704,5048358,5639062,8.546341314770173
2465668,590704,5048358,5639062,8.546341314770173
2465702,590709,5048401,5639110,8.546341768958996
2465718,590709,5048428,5639137,8.546387476744048
2465762,590718,5048506,5639224,8.546389309281247
2465966,590812,5048825,5639637,8.545569487417318
2465992,590818,5048868,5639686,8.545555484091548
2466062,590818,5049005,5639823,8.545787365990881
2466132,590819,5049150,5639969,8.546018323716739
2466267,590874,5049249,5640123,8.545390387798413
2466315,590874,5049314,5640188,8.545500394331109
2466564,590874,5049396,5640270,8.545639171803126
2466582,590878,5049422,5640300,8.545625323670876
2466642,590897,5049499,5640396,8.54548085368516
2466743,590928,5049725,5640653,8.545415008258198
2466870,590933,5049975,5640908,8.54576576363141
2466898,590951,5050017,5640968,8.545576536802544
2466909,590951,5050017,5640968,8.545576536802544
2466913,590951,5050019,5640970,8.545579921177898
2467013,591037,5050289,5641326,8.54479330397251
2467107,591037,5050416,5641453,8.545008180536922
2467230,591050,5050481,5641531,8.544930208950174
2467305,591065,5050541,5641606,8.544814868077115
2467315,591065,5050553,5641618,8.54483517041273
2469220,591117,5056270,5647387,8.55375500958355
2469244,591119,5056274,5647393,8.553732835520428
2469294,591119,5056356,5647475,8.553871555473602
2469303,591124,5056369,5647493,8.553821194876202
2469349,591160,5056481,5647641,8.553489748968131
2469375,591169,5056511,5647680,8.553410276925888
2469395,591169,5056547,5647716,8.553471173217812
2469414,591184,5056589,5647773,8.553325191480148
2469470,591200,5056655,5647855,8.553205345060894
2469511,591200,5056734,5647934,8.553338971583221
2469565,591208,5056761,5647969,8.553268900285516
2469577,591208,5056780,5647988,8.553301037874995
2469593,591213,5056819,5648032,8.553294667065845
2469664,591247,5056993,5648240,8.553097098167095
2469812,591247,5056993,5648240,8.553097098167095
2469844,591251,5057021,5648272,8.553086590974054
2469898,591268,5057140,5648408,8.553041936989656
2469971,591291,5057251,5648542,8.552896966130044
2469975,591291,5057279,5648570,8.552944320140169
2470016,591314,5057352,5648666,8.552735095059477
2470073,591314,5057352,5648666,8.552735095059477
2470113,591325,5057415,5648740,8.552682534984992
2470279,591325,5057731,5649056,8.553216928085233
2470452,591325,5057871,5649196,8.553453684522047
2470616,591377,5058085,5649462,8.553063443454851
2470654,591389,5058147,5649536,8.552994729357495
2470699,591389,5058250,5649639,8.55316889560002
2470732,591389,5058314,5649703,8.5532771154012
2470762,591395,5058369,5649764,8.553283338546995
2470773,591395,5058387,5649782,8.55331377505728
2470829,591405,5058404,5649809,8.553197893152747
2470842,591407,5058429,5649836,8.553211240313354
2470876,591417,5058472,5649889,8.553139324706594
2470880,591417,5058478,5649895,8.553149469832622
2470915,591420,5058506,5649926,8.553153427344357
2470999,591443,5058594,5650037,8.552969601466245
2471017,591450,5058633,5650083,8.55293431397413
2471240,591468,5059197,5650665,8.553627584248007
2471359,591468,5059347,5650815,8.553881190529326
2471369,591468,5059363,5650831,8.553908241866
2471413,591494,5059441,5650935,8.55366411155481
2471435,591501,5059478,5650979,8.553625437657756
2471633,591546,5059600,5651146,8.55318098677026
2471724,591546,5059780,5651326,8.553485274179861
2471757,591559,5059817,5651376,8.553359850834829
2471907,591621,5060108,5651729,8.55295535486401
2471940,591621,5060174,5651795,8.553066912770168
2471950,591625,5060195,5651820,8.553044580604269
2471974,591625,5060257,5651882,8.55314937671667
2471991,591628,5060290,5651918,8.553161784094058
2472018,591628,5060329,5651957,8.553227703895015
2472209,591753,5060639,5652392,8.551944814812938
2472251,591768,5060727,5652495,8.551876748996229
2472502,591982,5061345,5653327,8.549829217780271
2473700,592053,5063870,5655923,8.553068728644226
2473783,592053,5064052,5656105,8.553376133555611
2473980,592129,5064500,5656629,8.553034896112164
2474017,592157,5064589,5656746,8.552780765911743
2474124,592224,5064815,5657039,8.5521947776517
2474160,592234,5064838,5657072,8.55208920798198
2474296,592234,5065197,5657431,8.552695387296238
2474343,592245,5065288,5657533,8.55269018733801
2474653,592245,5065737,5657982,8.553448319529924
2475007,592403,5066392,5658795,8.552272692744635
2475030,592413,5066425,5658838,8.552184033773736
2475088,592419,5066478,5658897,8.552186881244525
2475177,592433,5066559,5658992,8.55212150572301
2475185,592433,5066586,5659019,8.552167080496867
2475210,592442,5066662,5659104,8.552165444043467
2475214,592442,5066667,5659109,8.552173883688193
2475274,592477,5066764,5659241,8.551832391805927
2475618,592619,5067316,5659935,8.55071470877579
2475673,592631,5067383,5660014,8.550654623197234
2475942,592758,5067957,5660715,8.549790977093519
2476146,592807,5068225,5661032,8.549536358376335
2476156,592807,5068225,5661032,8.549536358376335
2476168,592807,5068259,5661066,8.549593712624851
2476203,592811,5068301,5661112,8.549606873016863
2476452,592858,5068810,5661668,8.549787638861245
2476469,592858,5068855,5661713,8.549863542365962
2476494,592871,5068896,5661767,8.549745222822503
2476514,592871,5068917,5661788,8.549780643681341
2476557,592893,5069042,5661935,8.549674224522805
2476838,592893,5069403,5662296,8.550283103359291
2477285,593007,5070061,5663068,8.549748991158621
2477333,593047,5070177,5663224,8.549367925307775
2477561,593056,5071550,5664606,8.551553310311336
2477599,593064,5071572,5664636,8.551475051596455
2478615,593457,5072771,5666228,8.547832446158694
2479112,593648,5073307,5666955,8.545985162924831
2479224,593661,5073616,5667277,8.546318521850012
2479417,593723,5073817,5667540,8.545764607401095
2479513,593759,5074063,5667822,8.54566078156289
2479556,593803,5074177,5667980,8.545219542508205
2479565,593803,5074217,5668020,8.545286904916276
2479625,593803,5074257,5668060,8.545354267324349
2479725,593848,5074458,5668306,8.545045196750683
2479752,593855,5074483,5668338,8.544986570795901
2479761,593863,5074512,5668375,8.544920293064225
2480107,593871,5074835,5668706,8.545349074125525
2480235,593894,5075077,5668971,8.545425614671979
2480262,593894,5075096,5668990,8.545457606913018
2480315,593907,5075157,5669064,8.545373265511268
2480325,593915,5075164,5669079,8.545269946036049
2480376,593915,5075288,5669203,8.545478730121314
2480602,593915,5075325,5669240,8.545541028598368
2480617,593919,5075355,5669274,8.545533986957818
2481405,594227,5077131,5671358,8.544093418844987
2481545,594227,5077392,5671619,8.544532644931987
2481571,594237,5078421,5672658,8.546120487280328
2481615,594271,5078505,5672776,8.545772888126798
2481745,594271,5078891,5673162,8.546422423439811
2481862,594293,5078957,5673250,8.54621710166534
2482067,594345,5079421,5673766,8.546250073610445
2482153,594405,5079639,5674044,8.545754157518864
2482220,594414,5079680,5674094,8.545693742072023
2482231,594416,5079689,5674105,8.545680129740788
2482301,594469,5079783,5674252,8.545076362266157
2482340,594491,5079860,5674351,8.54488966191246
2482723,594550,5080085,5674635,8.544420149693044
2482742,594550,5080132,5674682,8.544499201076444
2482752,594550,5080148,5674698,8.544526112185686
2482768,594555,5080199,5674754,8.544540034143182
2483074,594690,5080718,5675408,8.54347307000286
2483075,594690,5080720,5675410,8.543476433099599
2483173,594690,5080802,5675492,8.543614320065917
2483375,594690,5080896,5675586,8.543772385612671
2483470,594767,5081069,5675836,8.542957158013138
2483515,594775,5081289,5676064,8.543212139044176
2483521,594775,5081337,5676112,8.543292841830944
2483557,594786,5081375,5676161,8.543198730299638
2483567,594787,5081394,5676181,8.543216311049166
2483572,594792,5081403,5676195,8.543159625549771
2483591,594798,5081427,5676225,8.543113796616666
2483752,594807,5082342,5677149,8.544522845225426
2483763,594809,5082365,5677174,8.544532782792459
2483764,594809,5082365,5677174,8.544532782792459
2483773,594809,5082379,5677188,8.544556319759788
2483807,594812,5082410,5677222,8.54456534165417
2483851,594856,5082483,5677339,8.544056040453487
2483927,594894,5082631,5677525,8.543759056235228
2485404,594894,5085555,5680449,8.548674217591705
2486829,594904,5088734,5683638,8.553874238532604
2486841,594904,5088768,5683672,8.553931390610922
2486887,594941,5088853,5683794,8.553542284024802
2486917,594953,5088913,5683866,8.553470610283501
2486942,594972,5088974,5683946,8.55329998722629
2487153,595002,5089466,5684468,8.553695617829856
2487425,595129,5089993,5685122,8.552755789081022
2487431,595129,5090004,5685133,8.552774272468659
2487461,595129,5090059,5685188,8.552866689406834
2487572,595154,5090193,5685347,8.552732570057497
2487715,595241,5090552,5685793,8.552085625822146
2487837,595241,5090739,5685980,8.552399784289053
2487868,595246,5090813,5686059,8.552452263433942
2487903,595246,5090879,5686125,8.552563141961475
2487950,595246,5090925,5686171,8.55264042093521
2488005,595246,5091003,5686249,8.552771459195021
2488010,595247,5091007,5686254,8.552763810653392
2488108,595259,5091247,5686506,8.552994578830392
2488128,595267,5091285,5686552,8.552943469065141
2488179,595275,5091306,5686581,8.552863802444248
2488398,595284,5092606,5687890,8.5549183246988
2488431,595292,5092658,5687950,8.554890709097384
2488530,595334,5092825,5688159,8.554567688054101
2488795,595454,5093185,5688639,8.553448293235078
2488801,595458,5093208,5688666,8.55342946101992
2488810,595464,5093220,5688684,8.553363427511991
2488896,595556,5093425,5688981,8.55238634150273
2489659,595556,5095016,5690572,8.555057794732988
2489769,595568,5095241,5690809,8.55526321091798
2489896,595568,5095380,5690948,8.555496601563549
2489906,595568,5095396,5690964,8.555523466673831
2489956,595593,5095455,5691048,8.555263409744574
2489972,595593,5095521,5691114,8.555374223672878
2490293,595596,5096114,5691710,8.556326771838629
2490364,595601,5096231,5691832,8.556451382720983
2490379,595605,5096246,5691851,8.556419103264748
2490441,595615,5096380,5691995,8.556500423931567
2490964,595641,5098141,5693782,8.559083407623048
2491043,595641,5098361,5694002,8.559452757617423
2491116,595676,5098544,5694220,8.559257045776564
2491221,595727,5098672,5694399,8.558739154008464
2491303,595758,5098761,5694519,8.558443193377176
2491328,595758,5098786,5694544,8.55848515672471
2491501,595758,5098975,5694733,8.558802399632066
2491617,595758,5099159,5694917,8.559111249869913
2491659,595773,5099212,5694985,8.558984713976631
2491674,595779,5099220,5694999,8.558911945536853
2491724,595806,5099334,5695140,8.558715420791332
2491896,595806,5099455,5695261,8.558918507030812
2491906,595809,5099469,5695278,8.558898908878517
2491944,595833,5099518,5695351,8.558636396439942
2492636,596118,5100298,5696416,8.555853035808347
2492715,596125,5100464,5696589,8.556031033759698
2492752,596125,5100500,5696625,8.55609142377857
2492795,596125,5100555,5696680,8.556183686307403
2492811,596127,5100568,5696695,8.556176787832124
2493184,596127,5101193,5697320,8.557225222142261
2493328,596127,5101443,5697570,8.557644595866318
2493343,596130,5101466,5697596,8.557640112056095
2493375,596133,5101488,5697621,8.55763395081299
2493385,596133,5101504,5697637,8.557660790461188
2493417,596147,5101541,5697688,8.557521886380373
2494660,596623,5104078,5700701,8.5549467586734
2494764,596680,5104268,5700948,8.554447945297312
2494840,596714,5104387,5701101,8.554159949322456
2494868,596722,5104433,5701155,8.554122355133547
2494913,596744,5104483,5701227,8.553890780636253
2494922,596746,5104520,5701266,8.553924115117654
2494934,596749,5104536,5701285,8.553907924437242
2494966,596768,5104573,5701341,8.553697584320876
2494990,596789,5104601,5701390,8.553443511860976
2495007,596794,5104631,5701425,8.553422118855082
2495026,596798,5104653,5701451,8.553401653490797
2495325,596876,5105074,5701950,8.55298923059396
2495399,596879,5105099,5701978,8.552988126571718
2495402,596880,5105102,5701982,8.552978823214046
2495449,596892,5105147,5702039,8.552882263458047
2495808,596892,5105864,5702756,8.554083485789723
2495919,596892,5106121,5703013,8.55451404944278
2495952,596902,5106161,5703063,8.554437746899826
2496047,596902,5106265,5703167,8.55461197985599
2496078,596902,5106413,5703315,8.554859926755146
2515862,596902,5165761,5762663,8.654286633316692
2516027,596902,5166009,5762911,8.654702111904466
2516030,596903,5166014,5762917,8.654695989130563
2516082,596936,5166086,5763022,8.654338153503893
2516209,597030,5166328,5763358,8.653380902132222
2516256,597039,5166447,5763486,8.653449774637838
2516385,597072,5166681,5763753,8.653363413457674
2516489,597072,5167054,5764126,8.653988128734893
2516587,597072,5167344,5764416,8.654473832301631
2516691,597112,5167454,5764566,8.65407829686893
2516938,597221,5167860,5765081,8.653178639063261
2517020,597249,5167998,5765247,8.653004023447506
2517084,597265,5168104,5765369,8.652949695696215
2517272,597321,5168350,5765671,8.652550303773014
2517273,597321,5168352,5765673,8.652553652056431
2517428,597335,5168660,5765995,8.65286648195736
2517464,597354,5168727,5766081,8.652703422091424
2517494,597363,5168760,5766123,8.652628301384585
2517521,597385,5168793,5766178,8.652364890313617
2517540,597399,5168834,5766233,8.652230753650407
2517758,597475,5169178,5766653,8.651705929118373
2517837,597521,5169285,5766806,8.651218952974038
2517999,597607,5169560,5767167,8.650434148194382
2518022,597610,5169633,5767243,8.650512876290557
2518099,597610,5169806,5767416,8.650802362744933
2518129,597621,5169840,5767461,8.65070002560151
2518210,597621,5169970,5767591,8.650917554771334
2518438,597779,5170535,5768314,8.649576181163942
2518457,597787,5170573,5768360,8.64952399433243
2518477,597800,5170622,5768422,8.649417865506859
2519783,598367,5174254,5772621,8.647291712276914
2520424,598367,5175224,5773591,8.648912790979448
2520467,598394,5175265,5773659,8.648591062076157
2520486,598404,5175297,5773701,8.648500010026671
2520616,598488,5175540,5774028,8.647692184304447
2520708,598502,5175618,5774120,8.647620225162155
2520723,598502,5175637,5774139,8.647651971087816
2520740,598510,5175651,5774161,8.647559773437369
2520741,598510,5175653,5774163,8.647563115069088
2520784,598518,5175716,5774234,8.647552788721475
2520962,598585,5175879,5774464,8.646857171496112
2520990,598612,5175949,5774561,8.646584097879762
2521012,598625,5176009,5774634,8.646496554604301
2521020,598630,5176027,5774657,8.646454404222975
2521116,598660,5176282,5774942,8.646447065112083
2521708,598666,5176345,5775011,8.646465641943921
2521731,598673,5176369,5775042,8.646404631576837
2522317,599024,5177524,5776548,8.643266379978098
2522388,599060,5177773,5776833,8.643162621440256
2522414,599073,5177802,5776875,8.6430234712631
2522447,599087,5177826,5776913,8.64286155433184
2522505,599096,5177917,5777013,8.642883611307704
2522593,599096,5178257,5777353,8.643451133040447
2522670,599125,5178415,5777540,8.64329647402462
2522708,599161,5178508,5777669,8.64293236709332
2522770,599161,5178572,5777733,8.643039183124403
2522964,599161,5178969,5778130,8.643701776317217
2522980,599166,5178999,5778165,8.643679714803577
2523006,599172,5179033,5778205,8.643649903533543
2523012,599172,5179033,5778205,8.643649903533543
2523033,599177,5179043,5778220,8.64359446373943
2523106,599198,5179138,5778336,8.64345007827129
2523150,599204,5179221,5778425,8.643502046047757
2523179,599217,5179261,5778478,8.64338127923607
2523328,599265,5179342,5778607,8.642824126221289
2523911,599265,5180556,5779821,8.644849941177943
2523938,599277,5180613,5779890,8.64477195019999
2523964,599277,5180652,5779929,8.644837028619486
2523976,599281,5180671,5779952,8.644811031886544
2524112,599344,5180902,5780246,8.644287754611709
2524144,599344,5180975,5780319,8.644409554446195
2524155,599351,5180996,5780347,8.64434363169495
2524200,599358,5181133,5780491,8.644471250905136
2526515,599366,5184151,5783517,8.649391190024126
2526954,599574,5184839,5784413,8.647538085373949
2527314,599678,5185118,5784796,8.646503623611338
2527348,599687,5185167,5784854,8.64645556765446
2527825,599697,5186254,5785951,8.648123969271149
2527890,599697,5186444,5786141,8.648440795935281
2527899,599702,5186459,5786161,8.648393702205428
2527983,599702,5186768,5786470,8.648908958115864
2528006,599702,5186830,5786532,8.649012342796922
2528023,599707,5186860,5786567,8.64899025690879
2528108,599707,5186860,5786567,8.64899025690879
2528137,599742,5186954,5786696,8.648642249500618
2528180,599761,5187086,5786847,8.648588354361154
2528193,599761,5187091,5786852,8.648596691015255
2528288,599761,5187194,5786955,8.648768426089726
2528339,599820,5187270,5787090,8.648044413323998
2528440,599858,5187539,5787397,8.647945013653231
2528531,599882,5187751,5787633,8.647952430644693
2528794,599960,5188060,5788020,8.647343156210415
2528861,599960,5188172,5788132,8.647529835322354
2528897,599984,5188249,5788233,8.64731226166031
2529006,599984,5188453,5788437,8.64765227072722
2529056,599995,5188621,5788616,8.647773731447762
2529065,600008,5188639,5788647,8.647616365115132
2529124,600013,5188794,5788807,8.647802630942996
2529169,600030,5188960,5788990,8.647834274952919
2529169,600030,5188960,5788990,8.647834274952919
2529185,600030,5188987,5789017,8.647879272703031
2529192,600034,5188995,5789029,8.647834956019159
2529388,600177,5189490,5789667,8.6465992532203
2529411,600183,5189515,5789698,8.646554467554063
2529436,600187,5189580,5789767,8.646605141397599
2529596,600213,5189666,5789879,8.646373870609267
2529623,600223,5189706,5789929,8.646296459815769
2529692,600249,5189786,5790035,8.64605522041686
2529719,600268,5189828,5790096,8.645851519654554
2529798,600304,5189943,5790247,8.645524600868892
2529885,600304,5190162,5790466,8.645889416029211
2530054,600304,5190530,5790834,8.64650243876436
2530117,600304,5190656,5790960,8.646712332418241
2530131,600304,5190682,5790986,8.646755643807138
2530143,600304,5190719,5791023,8.646817279245182
2532458,600380,5197800,5798180,8.65751690595956
2532463,600388,5197821,5798209,8.6574365243809
2532514,600412,5197862,5798274,8.657158750990986
2532538,600426,5197894,5798320,8.65701018943217
2532578,600449,5197955,5798404,8.656780176168168
2532891,600449,5198741,5799190,8.658089196584555
2532916,600460,5198780,5799240,8.657995536755154
2532998,600460,5198915,5799375,8.658220364387303
2533093,600466,5198922,5799388,8.658145506989571
2533236,600466,5199190,5799656,8.658591827014352
2533241,600470,5199202,5799672,8.658554132596134
2533255,600477,5199211,5799688,8.658468184460022
2533300,600495,5199290,5799785,8.658340202666134
2533315,600495,5199313,5799808,8.658378504400536
2533344,600495,5199393,5799888,8.658511727824544
2533414,600553,5199577,5800130,8.657981893354957
2533446,600571,5199627,5800198,8.657805654951705
2533506,600574,5199635,5800209,8.657775727886989
2533536,600577,5199739,5800316,8.657905647402414
2533601,600577,5199957,5800534,8.658268631665882
2533752,600577,5200280,5800857,8.658806447799366
2533865,600612,5200548,5801160,8.6587480769615
2533881,600620,5200567,5801187,8.658664380140522
2534312,600620,5202037,5802657,8.66111185108721
2534953,600638,5202995,5803633,8.662447264408845
2536362,600639,5203004,5803643,8.66244782639822
2536420,600661,5203102,5803763,8.662293706433413
2536640,600737,5203345,5804082,8.661602331802436
2536669,600740,5203369,5804109,8.661599027865632
2536809,600740,5203632,5804372,8.662036821253787
2536881,600774,5203798,5804572,8.66182291510618
2536890,600774,5203803,5804577,8.661831237703362
2536921,600793,5203878,5804671,8.661682143433762
2537114,600793,5204322,5805115,8.662421166691356
2537161,600801,5204365,5805166,8.662377392847215
2537286,600801,5204736,5805537,8.662994901806089
2537630,600807,5205858,5806665,8.66477587644618
2537779,600838,5206288,5807126,8.665044487865282
2537807,600842,5206347,5807189,8.665084997387
2537880,600874,5206488,5807362,8.664858189903374
2537906,600874,5206511,5807385,8.66489646747904
2538021,600912,5206724,5807636,8.664702984796442
2538042,600912,5206753,5807665,8.664751244774608
2538231,601027,5207057,5808084,8.663599139472936
2538260,601050,5207089,5808139,8.663320855170118
2538263,601050,5207098,5808148,8.663335828965977
2538298,601053,5207183,5808236,8.66343400665166
2538353,601075,5207264,5808339,8.663251674083932
2538623,601103,5207826,5808929,8.663783078773521
2538662,601103,5207879,5808982,8.663871250018715
2538670,601103,5207879,5808982,8.663871250018715
2538689,601121,5207907,5809028,8.663658398225982
2538725,601121,5207936,5809057,8.663706641424938
2538868,601193,5208181,5809374,8.663076582728008
2538939,601257,5208321,5809578,8.662387298609413
2538992,601270,5208386,5809656,8.662308114490994
2538996,601270,5208395,5809665,8.662323082808056
2539083,601305,5208517,5809822,8.662021769318399
2539197,601358,5208706,5810064,8.661572640590132
2539221,601367,5208775,5810142,8.661557750924144
2539313,601370,5209009,5810379,8.661903653324908
2539912,601765,5210461,5812226,8.658630860884232
2540130,601765,5210604,5812369,8.658868495176689
2540326,601807,5211200,5813007,8.659254545061788
2540905,601877,5211412,5813289,8.65859968066565
2540931,601886,5211467,5813353,8.658561588074818
2540966,601896,5211619,5813515,8.658670268617835
2541370,601896,5212236,5814132,8.659695362654013
2541377,601899,5212241,5814140,8.659660507826064
2541628,601921,5212904,5814825,8.660445473741571
2541653,601923,5212965,5814888,8.660518039682817
2541955,601923,5213127,5815050,8.660787177097403
2542016,601937,5213172,5815109,8.660660501015887
2542193,601937,5213486,5815423,8.661182150291475
2542199,601941,5213505,5815446,8.661156159822973
2542361,601981,5213646,5815627,8.660814876217023
2542703,601981,5213975,5815956,8.66136140509418
2542720,601981,5214013,5815994,8.661424530010084
2542731,601981,5214028,5816009,8.661449447740045
2542740,601983,5214048,5816031,8.66145389487743
2542938,601983,5214211,5816194,8.66172466664341
2542979,601998,5214248,5816246,8.66157030422028
2543030,602015,5214352,5816367,8.661498467646155
2543154,602042,5214452,5816494,8.661276123592707
2543193,602068,5214542,5816610,8.661051575569537
2543260,602068,5214694,5816762,8.661304038746454
2543291,602076,5214749,5816825,8.66128030348328
2543331,602083,5214856,5816939,8.661357321166683
2543398,602083,5215015,5817098,8.66162140435787
2543430,602097,5215096,5817193,8.661554533571833
2543446,602097,5215096,5817193,8.661554533571833
2543542,602097,5215196,5817293,8.661720619767246
2543568,602097,5215219,5817316,8.661758819592192
2543632,602106,5215355,5817461,8.661855221505848
2543665,602106,5215428,5817534,8.661976462616217
2543797,602179,5215637,5817816,8.661273475162702
2544037,602179,5216215,5818394,8.662233322649909
2544222,602220,5216318,5818538,8.661814619242138
2544290,602267,5216418,5818685,8.66130470372775
2544344,602272,5216526,5818798,8.66141211944105
2544345,602273,5216531,5818804,8.66140604011802
2544420,602273,5216698,5818971,8.661683323011326
2545286,602980,5219241,5822221,8.655744800822582
2545394,603025,5219418,5822443,8.655392396666805
2545437,603038,5219488,5822526,8.655321886846268
2545515,603068,5219594,5822662,8.655067090278376
2545515,603085,5219756,5822841,8.655091736654038
2545524,603087,5219773,5822860,8.65509122232779
2545634,603114,5220150,5823264,8.655328843303256
2545667,603120,5220209,5823329,8.655340562408808
2545717,603129,5220287,5823416,8.655340731418983
2545812,603195,5220522,5823717,8.654783279039117
2547689,603445,5221591,5825036,8.65296920183281
2547711,603458,5221618,5825076,8.6528275372934
2547839,603499,5221724,5825223,8.652415331259869
2547929,603516,5222130,5825646,8.652844332213231
2548208,603584,5222661,5826245,8.652749244512776
2549090,603584,5226436,5830020,8.659003552115363
2549131,603591,5226501,5830092,8.659010820240859
2549134,603591,5226510,5830101,8.659025730999966
2550341,603591,5230612,5834203,8.665821723650618
2550345,603591,5230622,5834213,8.665838291160735
2550383,603599,5230847,5834446,8.666096199629225
2550409,603599,5230873,5834472,8.666139274584616
2550440,603606,5230890,5834496,8.666066937704397
2550476,603617,5230930,5834547,8.66597527902627
2550523,603629,5230971,5834600,8.665870924027839
2550539,603640,5230990,5834630,8.665744483466968
2550809,603649,5231492,5835141,8.666446892150903
2550865,603675,5231699,5835374,8.666416532074377
2550895,603687,5231721,5835408,8.666280705067361
2550985,603697,5231821,5835518,8.666302797595483
2551183,603697,5231960,5835657,8.666533045550997
2551240,603715,5232008,5835723,8.666354157176814
2551273,603738,5232059,5835797,8.666108477518394
2551349,603768,5232351,5836119,8.666161505743927
2551366,603783,5232380,5836163,8.665994239652326
2551389,603795,5232423,5836218,8.665893225349663
2551420,603799,5232458,5836257,8.665893782533592
2551511,603840,5232567,5836407,8.665485890302067
2552504,603840,5233837,5837677,8.66758909644939
2552689,603924,5234341,5838265,8.667218060550665
2552739,603957,5234402,5838359,8.666845487344297
2552886,604007,5234518,5838525,8.66632009231681
2552927,604007,5234545,5838552,8.666364793785503
2553000,604009,5234801,5838810,8.666759932385114
2553001,604009,5234803,5838812,8.666763243594053
2553022,604011,5234811,5838822,8.666747791017052
2553048,604020,5234858,5838878,8.666696467004403
2553172,604048,5234975,5839023,8.666488424760946
2553272,604082,5235161,5839243,8.666308547515072
2553493,604102,5235700,5839802,8.666913865539263
2553561,604123,5235789,5839912,8.666759914785565
2553628,604123,5235849,5839972,8.666859232308653
2553756,604158,5236086,5840244,8.666749426474532
2553784,604158,5236151,5840309,8.666857014224755
2553793,604160,5236171,5840331,8.66686142743644
2553954,604228,5236409,5840637,8.666279947304659
2553960,604232,5236415,5840647,8.666232506719274
2554019,604277,5236663,5840940,8.665997547482363
2554945,604277,5238585,5842862,8.669178208007255
2555189,604400,5238839,5843239,8.667834215751158
2555209,604409,5238882,5843291,8.667776290558214
2555229,604409,5238913,5843322,8.667827580330538
2555927,604414,5240804,5845218,8.670884526169148
2555950,604420,5240839,5845259,8.670856358161544
2555964,604422,5240856,5845278,8.670855792807012
2555971,604423,5240872,5845295,8.670867918659614
2556003,604431,5240941,5845372,8.670867311570717
2556046,604441,5240989,5845430,8.670803271121581
2556165,604446,5241238,5845684,8.671143493380715
2556186,604446,5241270,5845716,8.67119643442094
2556226,604446,5241337,5845783,8.671307279723912
2556891,604452,5242627,5847079,8.673355369822582
2557005,604452,5242880,5847332,8.673773930767043
2557038,604457,5242896,5847353,8.673728652327627
2557082,604466,5242969,5847435,8.673720275416649
2557165,604527,5243088,5847615,8.673041898873004
2557193,604539,5243129,5847668,8.672937560686739
2557432,604539,5243588,5848127,8.673696816913383
2557485,604542,5243671,5848213,8.673791068279789
2557529,604550,5243724,5848274,8.67376395666198
2557545,604550,5243750,5848300,8.673806963857414
2557736,604640,5244100,5848740,8.67309473405663
2557754,604640,5244132,5848772,8.673147658110612
2557756,604642,5244136,5848778,8.673125585056942
2557874,604642,5244330,5848972,8.673446436072917
2557890,604652,5244372,5849024,8.673372452253528
2557986,604679,5244489,5849168,8.673178661736227
2558029,604686,5244547,5849233,8.673174176349377
2558072,604697,5244604,5849301,8.673110665341484
2558090,604697,5244624,5849321,8.673143739757267
2558256,604697,5245039,5849736,8.67383003388474
2558286,604704,5245126,5849830,8.673873498438905
2558571,604704,5245726,5850430,8.674865719426364
2558579,604709,5245764,5850473,8.674856831963805
2558867,604709,5246331,5851040,8.675794473044059
2558909,604715,5246397,5851112,8.675817533879597
2558925,604715,5246423,5851138,8.675860529340268
2558993,604746,5246506,5851252,8.675553042103626
2559082,604746,5246769,5851515,8.675987935430744
2560108,604746,5248070,5852816,8.67813925185119
2560151,604767,5248174,5852941,8.678009878184492
2560205,604767,5248234,5853001,8.678109089947037
2560212,604767,5248254,5853021,8.678142160534552
2560228,604775,5248279,5853054,8.678068703236741
2560266,604792,5248320,5853112,8.677892564716464
2560279,604795,5248358,5853153,8.67791235046586
2560578,605031,5248943,5853974,8.675494313514514
2560747,605095,5249244,5854339,8.67507416190846
2560908,605095,5249631,5854726,8.675713730901759
2560984,605137,5249811,5854948,8.675409039605908
2561212,605137,5250534,5855671,8.676603810376823
2561223,605140,5250558,5855698,8.676600456092805
2561302,605156,5250685,5855841,8.676580914673242
2561329,605169,5250730,5855899,8.67646888720341
2561364,605177,5250871,5856048,8.676587180279489
2561379,605177,5250900,5856077,8.676635100144255
2561380,605177,5250902,5856079,8.676638404962516
2561401,605177,5250934,5856111,8.676691282054671
2561412,605183,5250950,5856133,8.676631696528158
2561590,605277,5251187,5856464,8.675675764980332
2561663,605282,5251343,5856625,8.675861829692606
2561773,605345,5251599,5856944,8.675381807068696
2561788,605348,5251622,5856970,8.675376808050906
2561845,605368,5251687,5857055,8.675197565778172
2561995,605407,5251942,5857349,8.675059918368966
2562048,605407,5252135,5857542,8.675378712172142
2562129,605442,5252230,5857672,8.675034107313335
2562159,605455,5252334,5857789,8.675019613348638
2562189,605461,5252367,5857828,8.674988149525733
2562242,605481,5252444,5857925,8.674828772496577
2562286,605502,5252540,5858042,8.674686458508807
2562413,605502,5252931,5858433,8.675332203692143
2562935,605545,5254007,5859552,8.67649307648482
2562973,605559,5254048,5859607,8.676360189510849
2563141,605559,5254376,5859935,8.67690183780606
2563177,605576,5254462,5860038,8.676800269495489
2563177,605683,5254857,5860540,8.675919581695375
2563245,605719,5254969,5860688,8.675588845652852
2563297,605756,5255085,5860841,8.675250430866553
2563326,605773,5255143,5860916,8.675102719995774
2563365,605773,5255259,5861032,8.675294210867767
2563471,605778,5256267,5862045,8.676886582213285
2563498,605795,5256327,5862122,8.676742132239454
2563505,605804,5256341,5862145,8.676636337825435
2563533,605817,5256413,5862230,8.676568996908307
2563582,605826,5256468,5862294,8.676530885105624
2563604,605826,5256492,5862318,8.67657050044072
2563617,605831,5256515,5862346,8.67653685598789
2563744,605917,5256815,5862732,8.675800480923956
2564011,605917,5257446,5863363,8.676841877682916
2564050,605937,5257511,5863448,8.676662755368957
2566867,606203,5263305,5869508,8.682413316991173
2566975,606203,5263862,5870065,8.683332151111097
2567658,606500,5264973,5871473,8.68091178895301
2567676,606506,5264991,5871497,8.680855589227477
2567680,606506,5264997,5871503,8.68086548195731
2567811,606605,5265516,5872121,8.680304316647572
2567852,606614,5265571,5872185,8.680266198933754
2567855,606614,5265580,5872194,8.680281035386589
2567899,606639,5265616,5872255,8.679982658549813
2568015,606639,5265882,5872521,8.68042114008496
2568025,606639,5265903,5872542,8.68045575704826
2568045,606639,5265918,5872557,8.68048048345062
2568180,606662,5266014,5872676,8.680309628755387
2568201,606662,5266043,5872705,8.6803574313209
2568249,606662,5266155,5872817,8.680542048125645
2568316,606662,5266307,5872969,8.680792599503512
2569218,606672,5267558,5874230,8.682711580557534
2569231,606672,5267572,5874244,8.682734657277738
2569246,606672,5267593,5874265,8.682769272358046
2569390,606672,5267788,5874460,8.683090698103753
2569782,606672,5268894,5875566,8.68491375899992
2569815,606690,5268942,5875632,8.684735202492211
2569852,606695,5268971,5875666,8.684711428312413
2569883,606695,5269027,5875722,8.68480373169385
2569972,606698,5269447,5876145,8.685453059017831
2570020,606727,5269558,5876285,8.685220865397453
2570167,606735,5269718,5876453,8.685370054471887
2570232,606762,5269795,5876557,8.685110471651159
2570539,606896,5270481,5877377,8.684323178930162
2570563,606902,5270506,5877408,8.684278516136049
2570572,606906,5270515,5877421,8.684236109051485
2570648,606923,5270748,5877671,8.684376766080705
2570664,606923,5270774,5877697,8.68441960512289
2570707,606932,5270821,5877753,8.684368265308139
2570724,606932,5270866,5877798,8.684442408704765
2570822,606962,5271004,5877966,8.684240529061128
2571188,606978,5271776,5878754,8.685283486386657
2571429,607113,5272284,5879397,8.684188940114938
2571631,607206,5272547,5879753,8.683291996455898
2571713,607253,5272667,5879920,8.682817540629689
2571786,607267,5272783,5880050,8.68280838576771
2571816,607276,5272826,5880102,8.682750512122988
2572010,607340,5273092,5880432,8.682273520598018
2572306,607465,5273558,5881023,8.68125406402015
2572459,607465,5273849,5881314,8.681733103964838
2572513,607511,5274022,5881533,8.681360502114366
2572552,607511,5274070,5881581,8.681439513029394
2572568,607518,5274107,5881625,8.681400386490607
2572882,607518,5274951,5882469,8.682789645738891
2572973,607518,5275066,5882584,8.682978940541679
2572989,607518,5275118,5882636,8.683064534713374
2573043,607530,5275164,5882694,8.682968742284332
2573057,607551,5275205,5882756,8.682736099520863
2573090,607588,5275253,5882841,8.68228635193585
2573148,607603,5275323,5882926,8.682187217640466
2573179,607603,5275372,5882975,8.682267862403576
2573225,607626,5275460,5883086,8.68208404511986
2573446,607626,5276019,5883645,8.683004018919533
2573709,607626,5276469,5884095,8.683744606057015
2573719,607626,5276485,5884111,8.683770938044125
2573787,607626,5276597,5884223,8.6839552619539
2574200,607626,5277560,5885186,8.685540118428111
2574833,607626,5278448,5886074,8.687001543712745
2574844,607626,5278458,5886084,8.687018001204688
2575745,607977,5279621,5887598,8.683915674441632
2575771,607985,5279649,5887634,8.683847463342023
2575900,607985,5279876,5887861,8.684220827816477
2577242,607985,5283172,5891157,8.68964201419443
2577259,607988,5283219,5891207,8.689676440982387
2577332,607988,5283341,5891329,8.689877102837556
2577357,607997,5283367,5891364,8.689791232522529
2577426,608017,5283489,5891506,8.689706044403364
2577479,608051,5283544,5891595,8.68931060059107
2577649,608060,5284523,5892583,8.690792027102589
2577656,608060,5284528,5892588,8.69080024997533
2577709,608084,5284608,5892692,8.690588800231547
2577723,608084,5284643,5892727,8.690646358068951
2577734,608084,5284669,5892753,8.690689115319595
2577766,608084,5284718,5892802,8.69076969629196
2577841,608093,5284876,5892969,8.69090089838232
2577859,608108,5284906,5893014,8.69073585613082
2577922,608144,5284998,5893142,8.690372674892789
2578028,608179,5285091,5893270,8.69002546947527
2578043,608185,5285112,5893297,8.689974267698151
2578797,608202,5286387,5894589,8.691827715134117
2578819,608216,5286410,5894626,8.691665460954662
2579237,608421,5287077,5895498,8.689833191162041
2579244,608421,5287077,5895498,8.689833191162041
2579586,608424,5287623,5896047,8.690687744073212
2579642,608424,5287815,5896239,8.691003313478758
2579667,608424,5287842,5896266,8.691047690426414
2579965,608424,5288401,5896825,8.691966457601936
2580011,608433,5288431,5896864,8.69188719218057
2580019,608437,5288441,5896878,8.691846485338663
2580081,608437,5288458,5896895,8.691874425782784
2580137,608452,5288545,5896997,8.69180313319703
2580145,608452,5288568,5897020,8.691840934042455
2580500,608452,5289514,5897966,8.6933956992499
2580577,608468,5289684,5898152,8.693446491845092
2580612,608483,5289768,5898251,8.693370233843838
2580793,608533,5290055,5898588,8.69312757073158
2580832,608536,5290092,5898628,8.693145516452601
2581092,608536,5290410,5898946,8.69366808208553
2581435,608766,5291074,5899840,8.69147422819277
2581451,608769,5291090,5899859,8.691457679349638
2581482,608778,5291150,5899928,8.69142774541787
2581487,608778,5291154,5899932,8.691434315957542
2581498,608778,5291164,5899942,8.691450742306719
2581773,608800,5292054,5900854,8.69259855453351
2581821,608805,5292134,5900939,8.69265856883567
2581900,608841,5292244,5901085,8.692325254048265
2581932,608859,5292315,5901174,8.692184890097707
2581935,608859,5292324,5901183,8.692199671845206
2584291,608870,5295468,5904338,8.697206300195443
2584508,608915,5296036,5904951,8.697496366487934
2584575,608924,5296093,5905017,8.697461423757316
2584605,608932,5296152,5905084,8.697444049581891
2584698,608966,5296317,5905283,8.697229401969896
2584723,608966,5296361,5905327,8.697301655593252
2584809,609026,5296476,5905502,8.696633641256694
2584817,609026,5296476,5905502,8.696633641256694
2584882,609062,5296598,5905660,8.696319914885512
2585080,609157,5296898,5906055,8.695456179605586
2585109,609157,5296936,5906093,8.695518560896453
2585230,609157,5297132,5906289,8.695840317028287
2585258,609157,5297174,5906331,8.695909264770822
2585362,609166,5297414,5906580,8.696174770095508
2585470,609166,5297557,5906723,8.696409517274438
2585518,609171,5297656,5906827,8.696500654167712
2585591,609219,5297791,5907010,8.696037057281536
2585702,609252,5297940,5907192,8.695810600539678
2585755,609271,5298015,5907286,8.695662521275425
2585810,609287,5298093,5907380,8.695562189903937
2585891,609327,5298226,5907553,8.69520963292288
2585995,609382,5298386,5907768,8.69468740461648
2586338,609382,5299514,5908896,8.696538460276148
2586360,609384,5299521,5908905,8.696521405222322
2586380,609388,5299550,5908938,8.696511910310017
2586397,609388,5299599,5908987,8.696592318851044
2586465,609450,5299776,5909226,8.695998031011568
2586486,609450,5299807,5909257,8.696048896546067
2586681,609450,5300206,5909656,8.69670358519977
2586788,609516,5300405,5909921,8.696088371757263
2586812,609516,5300466,5909982,8.69618845116453
2586982,609516,5300811,5910327,8.696754474041699
2587008,609516,5300855,5910371,8.696826662466613
2587043,609525,5300902,5910427,8.696775357860629
2587067,609525,5300935,5910460,8.696829498379886
2587077,609525,5300952,5910477,8.696857388950413
2587090,609529,5301027,5910556,8.696923362136994
2587125,609539,5301050,5910589,8.696818415228558
2587253,609579,5301306,5910885,8.696667700166836
2587293,609591,5301334,5910925,8.696542435829926
2587324,609599,5301398,5910997,8.696533294838082
2587386,609599,5301512,5911111,8.69672030301887
2587392,609602,5301528,5911130,8.696703750971945
2587400,609602,5301557,5911159,8.696751322994347
2587405,609603,5301578,5911181,8.696771505389574
2587440,609610,5301636,5911246,8.696766785321763
2587486,609621,5301712,5911333,8.696734528502136
2587563,609644,5301893,5911537,8.696703321938704
2588637,610350,5304792,5915142,8.691393462767264
2588697,610369,5304926,5915295,8.691342450222734
2588717,610369,5304941,5915310,8.691367025520627
2588728,610369,5304967,5915336,8.691409622703643
2588762,610394,5305010,5915404,8.691124093618221
2588805,610407,5305115,5915522,8.69111101281604
2589151,610407,5305445,5915852,8.69165163571191
2589375,610501,5305841,5916342,8.690962013166235
2589597,610626,5306191,5916817,8.689756086376931
2589673,610626,5306309,5916935,8.689949330686868
2589808,610658,5306487,5917145,8.689785444553252
2589874,610703,5306593,5917296,8.689318703199428
2590055,610703,5306782,5917485,8.689628182602673
2590126,610737,5306877,5917614,8.689299976913139
2590224,610737,5307167,5917904,8.689774813053736
2590250,610747,5307212,5917959,8.689706212228632
2590259,610747,5307243,5917990,8.689756969743609
2590331,610784,5307362,5918146,8.689425394247394
2590427,610798,5307413,5918211,8.689309722690645
2590460,610802,5307474,5918276,8.689352687122833
2590632,610802,5307854,5918656,8.689974819990766
2590659,610827,5307887,5918714,8.689673180786048
2590673,610837,5307905,5918742,8.6895603900877
2590711,610846,5307983,5918829,8.68956005277926
2590727,610872,5308122,5918994,8.689417750363415
2591105,610872,5308807,5919679,8.690539098207154
2591139,610894,5308867,5919761,8.690324344321601
2591210,610926,5308975,5919901,8.690045930276334
2591226,610926,5309001,5919927,8.69008848862219
2591362,610953,5309378,5920331,8.690321514093556
2591454,611004,5309555,5920559,8.68988582726136
2591618,611004,5309840,5920844,8.690352272652879
2591790,611004,5310216,5921220,8.690967653239586
2592034,611101,5310686,5921787,8.69035724045616
2592075,611109,5310743,5921852,8.69033674843604
2592115,611109,5310792,5921901,8.690416930531214
2592123,611111,5310798,5921909,8.690398307345147
2592475,611111,5311661,5922772,8.691810489420089
2592476,611111,5311661,5922772,8.691810489420089
2592627,611111,5311910,5923021,8.692217944039626
2592644,611121,5311925,5923046,8.692100255104963
2592648,611121,5311935,5923056,8.692116618476538
2592661,611129,5311984,5923113,8.692083013569967
2592692,611136,5312009,5923145,8.692024361189654
2592701,611139,5312019,5923158,8.691998056088712
2592720,611149,5312060,5923209,8.691922918960843
2592766,611149,5312203,5923352,8.692156904453743
2592878,611202,5312408,5923610,8.69173857415388
2592913,611202,5312420,5923622,8.691758207597488
2592922,611204,5312435,5923639,8.691754307890655
2592962,611204,5312470,5923674,8.691811571913796
2593144,611248,5312733,5923981,8.69161616888726
2593148,611248,5312735,5923983,8.691619440881606
2593189,611248,5312803,5924051,8.69173068868937
2593226,611259,5312842,5924101,8.691638078130547
2593984,611461,5313393,5924854,8.689667861073723
2593995,611461,5313403,5924864,8.689684215346523
2594112,611512,5313655,5925167,8.689371590418503
2594198,611536,5313770,5925306,8.68921862326993
2594245,611558,5313844,5925402,8.689027042406444
2594295,611558,5313951,5925509,8.689202005369891
2594317,611560,5313955,5925515,8.689180129504873
2594352,611573,5314013,5925586,8.689090263958677
2594372,611573,5314034,5925607,8.689124601641995
2594423,611588,5314088,5925676,8.688999784168427
2594453,611597,5314193,5925790,8.689043602241345
2595660,611597,5318295,5929892,8.695750633178383
2596488,611903,5319593,5931496,8.693523319872595
2596488,611903,5319772,5931675,8.693815849897778
2596513,611915,5319802,5931717,8.693694385658139
2596553,611930,5319887,5931817,8.693620185315314
2596761,612030,5320267,5932297,8.692820613368626
2596799,612085,5320338,5932423,8.692155501278418
2596842,612107,5320440,5932547,8.692009730324926
2596938,612134,5320551,5932685,8.691807676097064
2597020,612192,5320730,5932922,8.691276592964298
2597055,612195,5320805,5933000,8.691356512222413
2597523,612334,5321568,5933902,8.690629623702097
2597584,612353,5321686,5934039,8.69055267141665
2597603,612359,5321743,5934102,8.690560602522376
2598073,612359,5322551,5934910,8.691880089947237
2598138,612384,5322637,5935021,8.691665686889271
2598152,612384,5322670,5935054,8.691719574645974
2598192,612389,5322711,5935100,8.691715559881056
2598270,612389,5322868,5935257,8.691971932872733
2598426,612428,5323062,5935490,8.691735191728661
2598602,612513,5323410,5935923,8.691097168549891
2599018,612513,5324152,5936665,8.692308571409914
2599057,612513,5324218,5936731,8.692416324224956
2599120,612535,5324381,5936916,8.692370231905116
2599122,612535,5324386,5936921,8.692378394703976
2599133,612539,5324409,5936948,8.692359180395044
2599146,612542,5324433,5936975,8.692355789480558
2599162,612542,5324459,5937001,8.692398235549563
2599242,612563,5324668,5937231,8.692441430514085
2599283,612571,5324719,5937290,8.692411165399603
2599332,612571,5324828,5937399,8.692589103956928
2599355,612571,5324875,5937446,8.692665829756876
2599520,612571,5325123,5937694,8.693070680786391
2599531,612571,5325133,5937704,8.693087005424678
2599689,612572,5325431,5938003,8.693559287724545
2599774,612577,5325547,5938124,8.693677692763522
2599793,612577,5325578,5938155,8.693728298646537
2599798,612577,5325586,5938163,8.693741358229252
2599865,612613,5325738,5938351,8.693478590888539
2599917,612634,5325857,5938491,8.693374837178478
2599939,612634,5325902,5938536,8.693448290496447
2600355,612634,5326557,5939191,8.69451744434687
2600381,612665,5326635,5939300,8.694204826454914
2600666,612665,5327235,5939900,8.695184154472672
2600673,612665,5327235,5939900,8.695184154472672
2600692,612670,5327281,5939951,8.695188274274894
2600732,612681,5327346,5940027,8.695138253022373
2600960,612681,5327820,5940501,8.69591190195224
2601011,612696,5327872,5940568,8.695783879770719
2601100,612745,5328029,5940774,8.695344719255155
2601114,612748,5328041,5940789,8.695321730956282
2601260,612769,5328242,5941011,8.695351755718713
2601582,612853,5328994,5941847,8.695386985133466
2601777,612853,5329464,5942317,8.696153890084572
2601797,612853,5329493,5942346,8.696201209751768
2602231,612934,5330125,5943059,8.696083101932672
2602271,612938,5330202,5943140,8.696151976219454
2602305,612938,5330278,5943216,8.696275969184486
2602366,612978,5330369,5943347,8.695856947557662
2602464,613014,5330579,5943593,8.695688842342916
2602480,613014,5330605,5943619,8.695731255729886
2602481,613014,5330607,5943621,8.695734518298114
2602505,613014,5330622,5943636,8.695758987559827
2602544,613018,5330690,5943708,8.695813173512034
2602573,613039,5330779,5943818,8.695660471846
2602939,613048,5331190,5944238,8.696203233678277
2603480,613048,5331663,5944711,8.696974788271065
2603531,613062,5331745,5944807,8.696909937330972
2603565,613077,5331779,5944856,8.696752610194151
2603613,613077,5331887,5944964,8.696928770774308
2605926,613370,5335262,5948632,8.698276733456153
2605999,613387,5335288,5948675,8.69807804860553
2606042,613423,5335339,5948762,8.697650723888735
2606047,613425,5335343,5948768,8.697628886987
2606124,613425,5335460,5948885,8.69781961935037
2606146,613425,5335465,5948890,8.697827770306068
2606318,613425,5335841,5949266,8.698440722174675
2606583,613425,5336666,5950091,8.6997856298651
2606597,613425,5336673,5950098,8.69979704120308
2606661,613444,5336716,5950160,8.699597681287942
2607040,613601,5337250,5950851,8.69824201720662
2607210,613610,5338226,5951836,8.69970502436401
2607253,613620,5338347,5951967,8.699760438056126
2607416,613620,5338617,5952237,8.700200449789772
2607543,613620,5338833,5952453,8.70055245917669
2607578,613638,5338901,5952539,8.700408058171105
2607586,613643,5338913,5952556,8.700356722068042
2607613,613653,5338951,5952604,8.700276866567913
2607648,613664,5339006,5952670,8.700210538666111
2607778,613681,5339259,5952940,8.70038179445021
2607780,613681,5339259,5952940,8.70038179445021
2607817,613705,5339318,5953023,8.700137688303013
2607867,613737,5339390,5953127,8.69980138072171
2608014,613737,5339646,5953383,8.700218497499744
2608045,613768,5339710,5953478,8.699883343543489
2608144,613768,5339879,5953647,8.700158691883578
2608172,613770,5339894,5953664,8.70015478110693
2608373,613897,5340275,5954172,8.698975561046886
2608429,613923,5340355,5954278,8.698737463818752
2608461,613942,5340409,5954351,8.69855621540797
2608601,614007,5340546,5954553,8.697858493469944
2608626,614022,5340595,5954617,8.697725814384501
2608630,614023,5340598,5954621,8.697716535048361
2608714,614041,5340679,5954720,8.69759348317132
2608770,614057,5340781,5954838,8.697532965180757
2608787,614063,5340799,5954862,8.697477294674977
2610210,614063,5343971,5958034,8.702642888433271
2610323,614124,5344147,5958271,8.702065055265711
2610370,614135,5344270,5958405,8.70210947104464
2611834,614135,5346356,5960491,8.705506118361598
2611893,614156,5346402,5960558,8.705283348204691
2611914,614168,5346459,5960627,8.70520606739524
2612204,614390,5347074,5961464,8.703061573267794
2612302,614390,5347196,5961586,8.703260144208077
2612332,614402,5347213,5961615,8.703117828392486
2612362,614408,5347233,5961641,8.70306538977357
2612478,614500,5347440,5961940,8.702099267697315
2612534,614500,5347518,5962018,8.702226200162734
2612589,614553,5347639,5962192,8.701672597806862
2612849,614553,5348135,5962688,8.702479688489031
2612947,614556,5348275,5962831,8.702665013440598
2612948,614556,5348275,5962831,8.702665013440598
2612965,614565,5348330,5962895,8.702627061417425
2613069,614597,5348411,5963008,8.702305738557136
2613272,614597,5348910,5963507,8.703117652705757
2613358,614603,5349084,5963687,8.703315798979178
2613404,614638,5349226,5963864,8.703051226901037
2613424,614649,5349255,5963904,8.702942655076312
2613492,614662,5349295,5963957,8.702823665689436
2613532,614674,5349351,5964025,8.702744869638215
2613560,614691,5349376,5964067,8.702544855870674
2613701,614691,5349795,5964486,8.703226499167874
2613732,614708,5349826,5964534,8.70303623834406
2613737,614710,5349831,5964541,8.703016056351776
2613764,614710,5349886,5964596,8.703105529436645
2613781,614710,5349931,5964641,8.703178734687901
2613784,614711,5349934,5964645,8.703169456866723
2613880,614711,5350033,5964744,8.703330508157492
2613923,614711,5350066,5964777,8.703384191921081
2613939,614716,5350083,5964799,8.703341055056319
2614208,614748,5350479,5965227,8.703532179039216
2614211,614748,5350486,5965234,8.70354356581884
2614243,614756,5350516,5965272,8.70347910390464
2614256,614756,5350539,5965295,8.70351651712224
2614265,614758,5350555,5965313,8.70351422836303
2614452,614758,5351083,5965841,8.70437310291204
2614488,614782,5351215,5965997,8.70424800986366
2614545,614782,5351335,5966117,8.704443201004583
2614873,614820,5351902,5966722,8.70482742916626
2614898,614836,5351964,5966800,8.704701741602639
2614952,614848,5352002,5966850,8.704593655667741
2615014,614859,5352090,5966949,8.704581050289578
2615040,614870,5352161,5967031,8.704540797241693
2615105,614870,5352304,5967174,8.704773366727926
2615125,614870,5352325,5967195,8.704807520288842
2615159,614871,5352394,5967265,8.704905581821228
2615346,614887,5352738,5967625,8.705238523501066
2615390,614900,5352829,5967729,8.705202471946658
2615514,614977,5353028,5968005,8.704436100862308
2615519,614980,5353054,5968034,8.704435916615175
2615638,614980,5353214,5968194,8.704696087677648
2615650,614980,5353229,5968209,8.704720478714755
2616106,615072,5353609,5968681,8.704036275427917
2616117,615076,5353638,5968714,8.704026819449954
2616184,615114,5353792,5968906,8.703739469431683
2616514,615114,5354514,5969628,8.704913235595352
2616644,615175,5354823,5969998,8.704552363148698
2616670,615185,5354897,5970082,8.704531157294147
2616720,615197,5354993,5970190,8.704517414746821
2616741,615201,5355006,5970207,8.704481949801773
2616763,615201,5355043,5970244,8.704542092746923
2616790,615201,5355069,5970270,8.70458435535703
2617183,615332,5355476,5970808,8.703392640070726
2617252,615350,5355559,5970909,8.703272934102543
2617300,615350,5355671,5971021,8.703454944340619
2617326,615362,5355745,5971107,8.703405475151213
2617361,615384,5355817,5971201,8.703211328211328
2617402,615407,5355885,5971292,8.702996553500366
2617412,615407,5355901,5971308,8.703022552554652
2617491,615407,5356005,5971412,8.7031915464075
2617574,615444,5356276,5971720,8.703108650015274
2617977,615451,5356916,5972367,8.704049550654723
2618138,615451,5357280,5972731,8.704640986853542
2618200,615464,5357363,5972827,8.70459198263424
2618328,615513,5357593,5973106,8.704272696108774
2618348,615516,5357632,5973148,8.70429363330929
2618376,615523,5357660,5973183,8.704240133999868
2618379,615523,5357666,5973189,8.70424988180783
2618387,615523,5357683,5973206,8.704277500597053
2618446,615547,5357818,5973365,8.7041574404554
2619511,615552,5359142,5974694,8.706237653358286
2619560,615565,5359217,5974782,8.706175627269257
2619579,615565,5359242,5974807,8.706216240364544
2619592,615566,5359271,5974837,8.706249208045929
2619607,615566,5359302,5974868,8.706299568202272
2619634,615568,5359317,5974885,8.70629564889663
2619670,615589,5359397,5974986,8.706128602038048
2619825,615640,5359657,5975297,8.705829705672146
2619949,615699,5359860,5975559,8.705325167005306
2620006,615730,5360007,5975737,8.705125623243955
2620011,615734,5360020,5975754,8.705090185047439
2620020,615734,5360027,5975761,8.705101553592948
2620109,615805,5360234,5976039,8.704434033500865
2620156,615819,5360290,5976109,8.704327083120203
2620172,615819,5360316,5976135,8.704369303318021
2620272,615829,5360615,5976444,8.704713483775528
2620277,615831,5360623,5976454,8.704698204539882
2620339,615860,5360732,5976592,8.704465300555322
2620420,615869,5360855,5976724,8.70453781567184
2620441,615874,5360908,5976782,8.704553204064467
2621212,615874,5362039,5977913,8.706389618655765
2621249,615874,5362120,5977994,8.70652113906416
2621421,615874,5362496,5978370,8.707131653552512
2621447,615874,5362548,5978422,8.707216086407284
2621502,615884,5362603,5978487,8.707164011404744
2621547,615884,5362702,5978586,8.707324755960538
2621866,615884,5363288,5979172,8.708276233836242
2622095,615984,5363633,5979617,8.707422595392089
2622145,615996,5363764,5979760,8.70746563289372
2622203,616008,5363854,5979862,8.707442111141413
2622204,616008,5363856,5979864,8.707445357852496
2622269,616008,5363960,5979968,8.707614186828742
2622278,616008,5363960,5979968,8.707614186828742
2622318,616008,5364027,5980035,8.707722951649979
2622497,616102,5364382,5980484,8.706970599024187
2622582,616102,5364579,5980681,8.707290351273004
2622620,616119,5364640,5980759,8.707149105935704
2622716,616187,5364862,5981049,8.706548499075767
2622735,616187,5364884,5981071,8.706584202522935
2622821,616236,5365061,5981297,8.706179126178931
2622837,616244,5365092,5981336,8.70611640843562
2622854,616250,5365113,5981363,8.706065720081137
2623018,616309,5365329,5981638,8.70558275150939
2623197,616309,5365690,5981999,8.706168496646974
2623230,616309,5365754,5982063,8.706272340660286
2623248,616314,5365778,5982092,8.70624065005825
2623647,616314,5366611,5982925,8.70759223382886
2623667,616326,5366637,5982963,8.707464880598904
2623790,616332,5367246,5983578,8.70836821712973
2623911,616415,5367614,5984029,8.707792639698905
2624021,616437,5368081,5984518,8.708239447015673
2624031,616437,5368093,5984530,8.708258913725166
2624112,616437,5368137,5984574,8.708330291659975
2624241,616484,5368281,5984765,8.70789996171839
2624253,616493,5368303,5984796,8.70780852337334
2624340,616493,5368498,5984991,8.708124828667966
2624366,616505,5368577,5985082,8.708083470531463
2624398,616522,5368616,5985138,8.7079066116051
2624723,616522,5369222,5985744,8.708889544898641
2624734,616522,5369234,5985756,8.708909008924255
2624793,616539,5369361,5985900,8.708874864363812
2624809,616539,5369387,5985926,8.708917035256489
2624814,616540,5369394,5985934,8.708914263470334
2625346,616540,5370712,5987252,8.711051999870243
2625672,616658,5371221,5987879,8.710210521877604
2625741,616678,5371309,5987987,8.710070733835162
2625833,616678,5371455,5988133,8.710307486240794
2626138,616678,5372294,5988972,8.711668001777264
2626139,616679,5372300,5988979,8.711663604565747
2626850,616710,5372927,5989637,8.712242382967684
2626917,616732,5372986,5989718,8.712027266300435
2626937,616733,5373028,5989761,8.712081240990834
2627018,616745,5373205,5989950,8.712198720703046
2627029,616745,5373215,5989960,8.712214934859626
2627108,616765,5373253,5990018,8.711994033383865
2627113,616766,5373257,5990023,8.711986393543095
2627331,616840,5373603,5990443,8.711502172362364
2627375,616874,5373679,5990553,8.711145225767337
2627378,616874,5373688,5990562,8.711159815456641
2627400,616891,5373736,5990627,8.710997566831093
2627421,616910,5373773,5990683,8.710789256131365
2627819,616962,5374934,5991896,8.711936877797985
2628229,616962,5375789,5992751,8.71332270058772
2628255,616980,5375825,5992805,8.713126843657816
2628541,617093,5376363,5993456,8.712403154791904
2628553,617099,5376391,5993490,8.712363818447283
2628556,617099,5376400,5993499,8.712378402817052
2628557,617099,5376402,5993501,8.712381643788111
2629108,617337,5377535,5994872,8.710858088855844
2629116,617337,5377535,5994872,8.710858088855844
2629125,617339,5377555,5994894,8.71086226530318
2629149,617339,5377570,5994909,8.710886563136299
2629189,617339,5377670,5995009,8.711048548690428
2629236,617339,5377742,5995081,8.7111651782894
2629269,617339,5377742,5995081,8.7111651782894
2629285,617346,5377767,5995113,8.711106899534458
2629297,617358,5377788,5995146,8.710971591847843
2629319,617358,5377812,5995170,8.711010467184357
2629322,617358,5377821,5995179,8.71102504543555
2629343,617358,5377858,5995216,8.71108497824601
2629412,617358,5377990,5995348,8.71129879259684
2629454,617367,5378044,5995411,8.711259267178194
2629489,617394,5378135,5995529,8.711025698338501
2629551,617421,5378203,5995624,8.710754898197502
2629583,617446,5378256,5995702,8.710488042679035
2629614,617451,5378348,5995799,8.710566506492013
2630065,617577,5378948,5996525,8.709760888115976
2630115,617577,5379032,5996609,8.709896903544012
2630261,617642,5379424,5997066,8.709614954941536
2630293,617659,5379453,5997112,8.709422189266245
2630323,617659,5379494,5997153,8.709488568935287
2630367,617659,5379560,5997219,8.709595424012278
2630443,617707,5379665,5997372,8.709088613209822
2630592,617707,5380084,5997791,8.709766928333336
2630682,617742,5380176,5997918,8.709422380216983
2630779,617760,5380299,5998059,8.709367715617716
2630869,617799,5380511,5998310,8.709161070186259
2630888,617804,5380518,5998322,8.709101915817962
2631122,617889,5381026,5998915,8.70872600094839
2631248,617889,5381361,5999250,8.709268169525595
2631510,618027,5381662,5999689,8.707810500188502
2631515,618028,5381665,5999693,8.707801264667621
2631596,618070,5381794,5999864,8.70741825359587
2631664,618081,5381878,5999959,8.707399192015286
2631693,618093,5381907,6000000,8.707277060248215
2631877,618172,5382192,6000364,8.706625340520114
2631961,618197,5382306,6000503,8.706457650231236
2631968,618203,5382319,6000522,8.706394177964196
2631986,618203,5382339,6000542,8.706426529796847
2632019,618216,5382391,6000607,8.706327561887754
2632042,618227,5382441,6000668,8.706253528234775
2632056,618227,5382467,6000694,8.706295583984524
2632326,618232,5383308,6001540,8.707585501882788
2634332,618235,5393800,6012035,8.724514141062864
2634367,618257,5393855,6012112,8.724292648526422
2634413,618286,5393989,6012275,8.72410017370602
2634425,618286,5394012,6012298,8.724137373319143
2634446,618286,5394055,6012341,8.72420692042194
2634473,618306,5394105,6012411,8.72400558946541
2634562,618335,5394233,6012568,8.72380343988291
2634612,618353,5394364,6012717,8.723761346674149
2634639,618363,5394397,6012760,8.723673635065488
2634651,618372,5394412,6012784,8.723570924944855
2635013,618602,5395191,6013793,8.721586739131137
2635053,618605,5395263,6013868,8.721660833649906
2635069,618605,5395289,6013894,8.721702863701392
2635245,618704,5395713,6014417,8.720992590964338
2635265,618704,5395756,6014460,8.72106209108071
2635359,618752,5395834,6014586,8.720511610467522
2635421,618779,5395961,6014740,8.720336339791752
2635648,618779,5395998,6014777,8.720396134969027
2635691,618779,5396106,6014885,8.720570672243241
2635835,618779,5396356,6015135,8.720974693711325
2635927,618779,5396546,6015325,8.72128175002707
2636036,618791,5396966,6015757,8.72179136412779
2636051,618801,5396995,6015796,8.721697282325012
2636077,618802,5397073,6015875,8.72180923784991
2636157,618802,5397167,6015969,8.721961144275552
2636290,618838,5397257,6016095,8.721599190741356
2636302,618843,5397265,6016108,8.72154165111345
2636321,618856,5397286,6016142,8.721392375609188
2636332,618865,5397303,6016168,8.721293012207832
2636333,618865,5397305,6016170,8.721296243930421
2636491,618996,5397656,6016652,8.720017576850255
2636891,619305,5398588,6017893,8.717171668241011
2636924,619323,5398656,6017979,8.717028109726266
2636964,619329,5398750,6018079,8.717095437158603
2637379,619329,5399603,6018932,8.718472734201047
2637403,619338,5399618,6018956,8.718370259858107
2637409,619340,5399624,6018964,8.718351793845061
2637418,619341,5399629,6018970,8.71834579012208
2637540,619392,5399892,6019284,8.71805254184749
2637620,619460,5400068,6019528,8.717379653246375
2637664,619487,5400162,6019649,8.717151449505801
2637673,619487,5400173,6019660,8.717169206133462
2637755,619517,5400255,6019772,8.7168794399508
2637782,619528,5400288,6019816,8.716777934169238
2637807,619528,5400322,6019850,8.716832814658902
2637818,619528,5400332,6019860,8.71684895597939
2637889,619554,5400506,6020060,8.716763994744607
2637920,619572,5400546,6020118,8.716575313280782
2638132,619598,5400664,6020262,8.716399988379562
2638141,619602,5400684,6020286,8.716375996204015
2638846,619736,5401766,6021502,8.716237236500703
2638866,619741,5401795,6021536,8.716213708629896
2638886,619741,5401890,6021631,8.716366998471942
2638903,619752,5401922,6021674,8.716263924924808
2639163,619772,5402415,6022187,8.71677810549686
2639167,619772,5402419,6022191,8.716784559483164
2639197,619780,5402475,6022255,8.716762399561135
2639356,619784,5402790,6022574,8.717214384366166
2639484,619874,5402985,6022859,8.716263305123299
2639557,619907,5403087,6022994,8.715963846189831
2639597,619920,5403118,6023038,8.715831074977416
2639605,619922,5403142,6023064,8.715841670403696
2639620,619922,5403165,6023087,8.71587877184549
2639679,619922,5403286,6023208,8.716073957691451
2639892,619985,5403543,6023528,8.715602796841859
2640065,620047,5403906,6023953,8.715316742117936
2640066,620047,5403906,6023953,8.715316742117936
2640075,620051,5403913,6023964,8.715271808286738
2640398,620326,5404952,6025278,8.713083120810671
2640485,620371,5405057,6025428,8.71262035137039
2640539,620378,5405094,6025472,8.712581684070035
2640728,620495,5405600,6026095,8.711754325175868
2640791,620518,5405665,6026183,8.711536168169175
2640848,620541,5405733,6026274,8.711322861825407
2640879,620557,5405775,6026332,8.711165936408742
2640894,620560,5405799,6026359,8.711162498388552
2640912,620571,5405808,6026379,8.711022590485214
2641181,620571,5406236,6026807,8.711712277886011
2641626,620665,5406723,6027388,8.711177527329557
2642752,620673,5408626,6029299,8.71413127363362
2642874,620717,5408856,6029573,8.713884104994708
2642911,620736,5408909,6029645,8.713702765749046
2643172,620736,5409235,6029971,8.714227948757603
2643237,620770,5409348,6030118,8.713932696489843
2643287,620784,5409374,6030158,8.71377806129024
2643478,620865,5409788,6030653,8.713308046032552
2643499,620865,5409833,6030698,8.713380525557085
2643514,620869,5409851,6030720,8.713353380503778
2643543,620878,5409901,6030779,8.713307606325236
2643665,620878,5410177,6031055,8.713752138101205
2643727,620893,5410288,6031181,8.713720399489123
2643766,620893,5410332,6031225,8.71379126516163
2644515,620903,5412169,6033072,8.716609518717094
2644787,620920,5412912,6033832,8.717567480512788
2644797,620920,5412924,6033844,8.717586806673967
2644892,620920,5413169,6034089,8.71798138246473
2644936,620939,5413257,6034196,8.717856343376724
2644999,620952,5413314,6034266,8.717765624396089
2645004,620957,5413324,6034281,8.717711532360534
2645021,620964,5413344,6034308,8.717645467370088
2645057,620978,5413396,6034374,8.717532666213618
2645068,620978,5413408,6034386,8.717551990569714
2645076,620978,5413408,6034386,8.717551990569714
2645138,620978,5413535,6034513,8.717756506671734
2645183,620999,5413586,6034585,8.717543828572992
2645209,620999,5413609,6034608,8.717580865669671
2645289,621051,5413816,6034867,8.717184257009489
2645298,621051,5413816,6034867,8.717184257009489
2645384,621051,5413958,6035009,8.717412901677962
2645385,621051,5413967,6035018,8.717427393241456
2645422,621067,5414008,6035075,8.71726882928895
2645500,621067,5414147,6035214,8.717492637670333
2645570,621067,5414227,6035294,8.717621448249545
2645580,621070,5414242,6035312,8.717603490749834
2645666,621070,5414312,6035382,8.717716199462219
2645803,621167,5414581,6035748,8.71678791693699
2645949,621167,5414784,6035951,8.717114721161941
2645960,621169,5414807,6035976,8.717123681317
2646202,621169,5415391,6036560,8.718063844139035
2646310,621169,5415584,6036753,8.718374548633303
2646364,621169,5415703,6036872,8.71856612290697
2646386,621169,5415742,6036911,8.718628907752963
2646786,621237,5416736,6037973,8.719274608563238
2646827,621264,5416808,6038072,8.719011563522109
2646870,621275,5416890,6038165,8.718989175485897
2646900,621275,5416967,6038242,8.719113114160397
2647055,621416,5417352,6038768,8.717754290201732
2647081,621431,5417390,6038821,8.717605011658575
2647201,621449,5417653,6039102,8.717775714499501
2647506,621527,5417922,6039449,8.717114461640444
2647603,621592,5418204,6039796,8.716656585026834
2647765,621643,5418573,6040216,8.716535053077088
2647822,621671,5418675,6040346,8.716306535128709
2647838,621671,5418701,6040372,8.716348357893484
2648256,621682,5419105,6040787,8.716843981328074
2648296,621693,5419166,6040859,8.716787867966987
2648309,621693,5419189,6040882,8.716824863718909
2648360,621719,5419307,6041026,8.716650126504096
2648389,621746,5419548,6041294,8.716659214534552
2648410,621746,5419591,6041337,8.716728374609568
2648448,621757,5419619,6041376,8.716619193672125
2648652,621776,5419992,6041768,8.716952728957052
2648703,621776,5420167,6041943,8.71723418079823
2648705,621776,5420172,6041948,8.717242222279406
2648817,621862,5420420,6042282,8.71643547925424
2648855,621884,5420474,6042358,8.716213956300532
2649115,621971,5420948,6042919,8.71575684396861
2649162,621982,5421040,6043022,8.715750616577328
2649261,621982,5421333,6043315,8.716221691302964
2649715,622194,5421983,6044177,8.714296505591504
2649790,622209,5422113,6044322,8.714295357347773
2649820,622217,5422169,6044386,8.714273316222476
2649876,622217,5422361,6044578,8.714581890240865
2649891,622217,5422417,6044634,8.714671890996229
2649944,622263,5422503,6044766,8.71416587520068
2650112,622263,5422819,6045082,8.714673699062937
2650136,622272,5422867,6045139,8.71462479430217
2650203,622318,5423007,6045325,8.714205599066714
2650369,622328,5423981,6046309,8.715630664215654
2650390,622333,5424000,6046333,8.71559117064337
2650771,622333,5425163,6047496,8.717459945077636
2650778,622336,5425191,6047527,8.717462913924312
2650924,622342,5425439,6047781,8.717777363571798
2651506,622342,5426970,6049312,8.72023742572412
2651541,622342,5427036,6049378,8.72034347673787
2651580,622342,5427071,6049413,8.72039971591183
2651593,622349,5427101,6049450,8.7203498358638
2651597,622349,5427110,6049459,8.720364297203016
2651611,622349,5427132,6049481,8.720399647143322
2651649,622352,5427179,6049531,8.720433131089802
2651682,622369,5427223,6049592,8.720265630196877
2651710,622387,5427287,6049674,8.720116262068455
2651900,622387,5427857,6050244,8.72103209096591
2651911,622387,5427880,6050267,8.721069045465281
2652004,622406,5427986,6050392,8.720973126865744
2652262,622406,5428553,6050959,8.721884107801017
2652301,622424,5428607,6051031,8.721718635528193
2652438,622440,5428936,6051376,8.722023006233533
2652475,622440,5428972,6051412,8.722080843133474
2652496,622459,5429000,6051459,8.721859592358694
2652526,622461,5429015,6051476,8.721855666459424
2652549,622461,5429049,6051510,8.721910288355415
2652749,622461,5429489,6051950,8.722617159950584
2652866,622465,5429558,6052023,8.722671957459456
2652901,622465,5429651,6052116,8.722821363450153
2653747,622614,5431092,6053706,8.723048309225298
2653792,622632,5431157,6053789,8.722900525511056
2653805,622634,5431207,6053841,8.722952810158136
2654014,622691,5431378,6054069,8.72242894148141
2654025,622691,5431389,6054080,8.722446606743954
2654042,622706,5431433,6054139,8.722307156186066
2654115,622746,5431531,6054277,8.72190427557945
2654181,622756,5431618,6054374,8.721903923848185
2654192,622763,5431634,6054397,8.721831579589667
2654399,622799,5432204,6055003,8.722242649715238
2654409,622802,5432212,6055014,8.722213480367758
2654436,622817,5432259,6055076,8.722078877101941
2654490,622831,5432368,6055199,8.722057829491467
2654532,622849,5432473,6055322,8.721974346912333
2654791,623003,5432822,6055825,8.720378553554317
2655020,623084,5433532,6056616,8.720384410448672
2655258,623160,5433748,6056908,8.719667501123308
2655288,623166,5433766,6056932,8.719612430716696
2655321,623174,5433808,6056982,8.719567889546099
2655419,623223,5433981,6057204,8.71915991547167
2655440,623234,5434005,6057239,8.719044532230269
2655443,623234,5434014,6057248,8.719058973034205
2655460,623242,5434039,6057281,8.718987167103629
2655524,623249,5434135,6057384,8.719043271629799
2655570,623254,5434163,6057417,8.719018249381472
2655596,623272,5434214,6057486,8.718848271701601
2655962,623537,5435288,6058825,8.71686523814946
2656035,623545,5435410,6058955,8.71694905740564
2656290,623652,5435835,6059487,8.716134959881472
2656302,623655,5435878,6059533,8.716161980582212
2656413,623655,5436142,6059797,8.71658529154741
2656427,623663,5436156,6059819,8.716495928089369
2656745,623835,5436628,6060463,8.71484927905616
2657129,623836,5438081,6061917,8.717164447066216
2657142,623843,5438094,6061937,8.717087472328775
2657154,623846,5438114,6061960,8.717077612102987
2657778,623852,5438984,6062836,8.718388335695005
2658225,623886,5439849,6063735,8.719299679749184
2658233,623891,5439860,6063751,8.719247432644485
2658265,623891,5439958,6063849,8.719404511364965
2658314,623906,5439992,6063898,8.719249374104432
2658507,623906,5440370,6064276,8.71985523460265
2658552,623906,5440474,6064380,8.720021926379935
2658605,623931,5440552,6064483,8.71979754171535
2658624,623931,5440579,6064510,8.719840815731226
2659689,624362,5441635,6065997,8.715512795461608
2659700,624365,5441654,6066019,8.71550134937096
2659795,624365,5441798,6066163,8.715731983695434
2659874,624395,5442042,6066437,8.715704001473426
2659899,624399,5442074,6066473,8.715699416558962
2659913,624399,5442100,6066499,8.715741056600027
2659928,624399,5442123,6066522,8.715777892020967
2659992,624399,5442298,6066697,8.716058161528126
2660021,624404,5442318,6066722,8.716020397050627
2660046,624416,5442358,6066774,8.715916952800697
2660204,624416,5442860,6067276,8.716720904012709
2660225,624416,5442892,6067308,8.716772151898734
2660271,624430,5442946,6067376,8.716663196835514
2660310,624430,5442999,6067429,8.71674807424371
2660509,624467,5443090,6067557,8.71637732658411
2660512,624467,5443099,6067566,8.716391738874913
2660546,624467,5443131,6067598,8.71644298257554
2660555,624473,5443145,6067618,8.716381653009817
2660651,624473,5443294,6067767,8.71662025419834
2660698,624476,5443349,6067825,8.716666453154325
2661102,624480,5444313,6068793,8.718154304381246
2661343,624624,5444745,6069369,8.716836048566817
2661367,624630,5444770,6069400,8.716792341065911
2661404,624633,5444810,6069443,8.716814513482317
2661544,624735,5445206,6069941,8.716025194682546
2661595,624735,5445206,6069941,8.716025194682546
2661600,624737,5445212,6069949,8.716006895701712
2661627,624751,5445244,6069995,8.715862799739416
2662025,624899,5445878,6070777,8.71481311379919
2662029,624899,5445880,6070779,8.714816314316394
2662158,624899,5446107,6071006,8.715179573019
2662236,624932,5446192,6071124,8.714855376264937
2662955,624932,5447313,6072245,8.716649171429852
2663006,624932,5447401,6072333,8.716789986750559
2663037,624939,5447473,6072412,8.716807560417896
2663050,624950,5447493,6072443,8.716686134890791
2663072,624950,5447517,6072467,8.716724537963037
2663102,624950,5447547,6072497,8.716772541803344
2663145,624981,5447634,6072615,8.716479380973182
2663204,624999,5447730,6072729,8.716381946211113
2663303,625077,5447977,6073054,8.715689427062586
2663380,625084,5448126,6073210,8.715830192422139
2663492,625102,5448413,6073515,8.716038342542497
2663513,625102,5448442,6073544,8.716084734971252
2663571,625121,5448577,6073698,8.716035775473868
2664569,625121,5449781,6074902,8.717961802595017
2664647,625139,5449859,6074998,8.71783555337293
2664666,625144,5449866,6075010,8.71777702417363
2664805,625226,5450169,6075395,8.717118290026326
2664867,625269,5450312,6075581,8.71674751187089
2665029,625303,5450403,6075706,8.716419080030002
2665045,625303,5450410,6075713,8.716430274602873
2665086,625329,5450450,6075779,8.716131828205633
2665210,625400,5450828,6076228,8.715746722097858
2665346,625494,5451036,6076530,8.7147694462297
2665552,625494,5451485,6076979,8.715487278854793
2665575,625504,5451512,6077016,8.715391108610017
2665618,625528,5451574,6077102,8.715155836349451
2665898,625528,5452037,6077565,8.715896011049866
2665905,625529,5452067,6077596,8.715930036816838
2665915,625529,5452083,6077612,8.715955615167323
2665935,625537,5452116,6077653,8.715896901382333
2666081,625592,5452352,6077944,8.715507870944641
2666090,625595,5452372,6077967,8.715498045860341
2666125,625595,5452406,6078001,8.715552394120797
2666161,625608,5452450,6078058,8.715441618393626
2666196,625608,5452496,6078104,8.71551514686513
2666208,625608,5452517,6078125,8.715548714210815
2666251,625624,5452599,6078223,8.715456887843178
2666282,625624,5452659,6078283,8.715552792092375
2666302,625633,5452702,6078335,8.715496145503833
2666330,625639,5452750,6078389,8.715489283756288
2666499,625673,5453030,6078703,8.715463189237829
2666528,625690,5453078,6078768,8.71530310537167
2666688,625690,5453354,6079044,8.715744218382905
2666730,625694,5453381,6079075,8.715731651574092
2666925,625770,5453734,6079504,8.71523722773543
2667003,625770,5453891,6079661,8.715488118637838
2667022,625784,5453944,6079728,8.715377830049984
2667108,625806,5454130,6079936,8.715368660575322
2667197,625838,5454225,6080063,8.715074827671058
2667235,625856,5454289,6080145,8.714926436752224
2667288,625856,5454375,6080231,8.715063848553022
2667304,625856,5454404,6080260,8.7151101850905
2667383,625881,5454506,6080387,8.714925041661274
2667398,625881,5454550,6080431,8.71499534256512
2667430,625888,5454618,6080506,8.715006518738177
2667498,625956,5454748,6080704,8.71426745649854
2667704,626036,5454908,6080944,8.71340945249155
2668096,626037,5455427,6081464,8.71422455861235
2668116,626044,5455464,6081508,8.714186223332545
2668201,626044,5455739,6081783,8.714625489582202
2668204,626044,5455748,6081792,8.714639865568554
2668283,626107,5455915,6082022,8.714029710576627
2668380,626132,5456123,6082255,8.714013977883258
2668420,626150,5456168,6082318,8.713835342968936
2668456,626160,5456232,6082392,8.713798390187812
2669286,626184,5457804,6083988,8.715974857230462
2669311,626188,5457829,6084017,8.715959104933344
2669406,626234,5457996,6084230,8.715585547894237
2669487,626234,5458185,6084419,8.715887352012187
2669565,626271,5458301,6084572,8.71555764197927
2669707,626295,5458520,6084815,8.71557333205598
2669837,626295,5458906,6085201,8.716189655034768
2669866,626296,5458940,6085236,8.716230025419291
2669896,626303,5458970,6085273,8.716180506879258
2670035,626303,5458970,6085273,8.716180506879258
2670153,626333,5459266,6085599,8.716235612685265
2670205,626349,5459314,6085663,8.716089592224144
2670642,626392,5460085,6086477,8.716722116502126
2670967,626427,5460184,6086611,8.716393131202837
2671015,626427,5460301,6086728,8.71657990476145
2671035,626427,5460322,6086749,8.716613428220686
2671094,626463,5460449,6086912,8.716315249264522
2671363,626479,5461076,6087555,8.717093470012562
2671412,626493,5461194,6087687,8.717087022520603
2671727,626515,5461858,6088373,8.717840754012274
2671741,626515,5461905,6088420,8.717915772168265
2671893,626624,5462081,6088705,8.7166801782249
2672514,626880,5463238,6090118,8.71496618172537
2672529,626880,5463238,6090118,8.71496618172537
2672542,626893,5463288,6090181,8.714865216233074
2672741,626967,5463529,6090496,8.71422100365729
2672784,626987,5463623,6090610,8.714092955675317
2672820,626996,5463718,6090714,8.714119388321457
2672855,626996,5463809,6090805,8.714264524813556
2672919,626996,5463910,6090906,8.71442561037072
2672965,627000,5464004,6091004,8.714519936204146
2672985,627000,5464025,6091025,8.714553429027113
2673005,627000,5464061,6091061,8.714610845295056
2673053,627000,5464204,6091204,8.714838915470494
2673631,627040,5464983,6092023,8.715525325338097
2673665,627052,5465010,6092062,8.71540159348826
2673751,627129,5465245,6092374,8.714706224716126
2674078,627177,5466106,6093283,8.715412076654596
2674081,627177,5466115,6093292,8.715426426670621
2674271,627177,5466433,6093610,8.715933460570142
2674352,627220,5466529,6093749,8.715488983131916
2674414,627244,5466619,6093863,8.715298990504493
2674460,627259,5466701,6093960,8.715221304118394
2674488,627265,5466748,6094013,8.715212868564324
2674554,627269,5466881,6094150,8.715369323209021
2674673,627269,5467031,6094300,8.715608455064732
2674692,627279,5467049,6094328,8.715498207336767
2674743,627279,5467049,6094328,8.715498207336767
2674799,627294,5467081,6094375,8.715340813079672
2674912,627346,5467249,6094595,8.714886203147865
2674978,627382,5467415,6094797,8.714650723163878
2675238,627506,5467966,6095472,8.71380672057319
2675259,627516,5467983,6095499,8.713694949610847
2675332,627516,5468092,6095608,8.713868650361107
2675354,627520,5468129,6095649,8.713872067822539
2675470,627533,5468359,6095892,8.714058065472255
2675505,627533,5468393,6095926,8.714112245889858
2675574,627559,5468539,6096098,8.713983864465334
2675628,627593,5468620,6096213,8.71364084685457
2675637,627599,5468642,6096241,8.71359259654652
2675650,627599,5468656,6096255,8.713614903784103
2675704,627635,5468754,6096389,8.713271248416675
2675993,627635,5469111,6096746,8.713840050347734
2676018,627635,5469154,6096789,8.713908561504697
2676329,627763,5469491,6097254,8.7126686345006
2676373,627771,5469528,6097299,8.712616543293652
2676482,627771,5469932,6097703,8.71326009006469
2676526,627790,5469977,6097767,8.713068064161583
2676556,627790,5470084,6097874,8.713238503321174
2676600,627802,5470102,6097904,8.713100627267833
2676608,627802,5470117,6097919,8.713124520151258
2676627,627816,5470137,6097953,8.712962078061087
2676642,627823,5470163,6097986,8.712906344622608
2676664,627823,5470202,6098025,8.712968464041618
2677077,627961,5471167,6099128,8.712590431571387
2678322,627961,5473187,6101148,8.715807191847901
2678333,627963,5473210,6101173,8.71581605922642
2678334,627963,5473213,6101176,8.71582083657795
2678369,627967,5473251,6101218,8.71582583161217
2678610,628004,5473506,6101510,8.715718371220566
2678718,628004,5474063,6102067,8.716605308246445
2678873,628004,5474139,6102143,8.716726326583908
2679066,628016,5474389,6102405,8.71695784820769
2679143,628074,5474556,6102630,8.716418765941594
2679166,628086,5474583,6102669,8.716295220718182
2679277,628086,5474847,6102933,8.716715545323412
2679564,628288,5475242,6103530,8.714541738820413
2679586,628288,5475292,6103580,8.714621320158908
2680056,628518,5476176,6104694,8.712838773113896
2680088,628526,5476196,6104722,8.712759694905223
2680123,628538,5476238,6104776,8.712660173291034
2680186,628554,5476374,6104928,8.71265475997289
2680234,628562,5476411,6104973,8.712602734495563
2680267,628571,5476452,6105023,8.712543213097645
2680278,628581,5476466,6105047,8.712426878954343
2680525,628666,5476999,6105665,8.712096725447218
2680555,628669,5477042,6105711,8.712123549912594
2680579,628669,5477097,6105766,8.712211036332315
2680611,628686,5477193,6105879,8.712128153004839
2680678,628752,5477391,6106143,8.711528551797848
2680711,628757,5477420,6106177,8.711505398747052
2680719,628760,5477440,6106200,8.711495642216425
2680856,628760,5477802,6106562,8.712071378586424
2682122,628761,5477811,6106572,8.712071836516579
2682169,628762,5477932,6106694,8.712250422258343
2682251,628801,5478249,6107050,8.712214198132637
2682336,628858,5478399,6107257,8.711663046347507
2682878,629029,5478869,6107898,8.710041985345669
2682901,629047,5478891,6107938,8.709827723524633
2682922,629062,5478923,6107985,8.70967090684225
2683037,629062,5479226,6108288,8.71015257637562
2683152,629079,5479504,6108583,8.710359112289554
2683716,629146,5481944,6111090,8.713309788189068
2683719,629148,5481968,6111116,8.713320236256017
2683747,629161,5482003,6111164,8.713195827459108
2683808,629161,5482121,6111282,8.713383378817186
2683826,629174,5482132,6111306,8.713220826035405
2684074,629338,5482601,6111939,8.711695464122618
2684165,629362,5482702,6112064,8.711523733558748
2684216,629397,5482807,6112204,8.711206122685681
2684367,629415,5483062,6112477,8.71136213785817
2684370,629415,5483071,6112486,8.711376436850092
2684421,629423,5483127,6112550,8.71135468516403
2684500,629430,5483410,6112840,8.711707417822474
2684532,629434,5483471,6112905,8.711748968120565
2684557,629442,5483513,6112955,8.71170497043413
2684563,629442,5483532,6112974,8.711735155899987
2684600,629468,5483608,6113076,8.711496056987805
2684601,629468,5483608,6113076,8.711496056987805
2684688,629480,5483689,6113169,8.711458664294339
2684699,629482,5483724,6113206,8.711486587384547
2684717,629488,5483745,6113233,8.711436913809319
2684966,629490,5484024,6113514,8.71185245198494
2685024,629515,5484116,6113631,8.711652621462555
2685080,629515,5484204,6113719,8.711792411618468
2685177,629534,5484249,6113783,8.711600961981402
2685389,629552,5484776,6114328,8.712188985183115
2685429,629574,5484845,6114419,8.71199414207067
2686189,629657,5485940,6115597,8.712584788225971
2686206,629666,5485970,6115636,8.712507901014188
2686229,629666,5486038,6115704,8.712615894775961
2686261,629666,5486068,6115734,8.712663539082625
2686292,629675,5486144,6115819,8.712659705403581
2686308,629683,5486167,6115850,8.712585539072835
2686319,629683,5486169,6115852,8.712588715274194
2686349,629686,5486244,6115930,8.712666313051267
2686371,629686,5486297,6115983,8.71275048198626
2686380,629686,5486297,6115983,8.71275048198626
2686381,629686,5486299,6115985,8.712753658172486
2686448,629696,5486492,6116188,8.712921790832402
2686455,629699,5486509,6116208,8.712907277921675
2686485,629715,5486552,6116267,8.712754182447615
2686530,629733,5486666,6116399,8.712686170170533
2686670,629733,5486927,6116660,8.713100631537493
2686709,629753,5486980,6116733,8.712908076658627
2686742,629760,5487025,6116785,8.712882685467479
2686998,629781,5487526,6117307,8.713387669682001
2687117,629781,5487789,6117570,8.713805275167083
2687166,629804,5487888,6117692,8.713644244876184
2688284,629811,5489922,6119733,8.716776937843258
2688302,629811,5489951,6119762,8.716822983402958
2688443,629884,5490345,6120229,8.716438264823365
2688448,629886,5490357,6120243,8.71642963964908
2688494,629886,5490480,6120366,8.71662491307951
2688495,629886,5490482,6120368,8.71662808825724
2688521,629898,5490526,6120424,8.716531882939778
2688551,629899,5490619,6120518,8.716665687673737
2688571,629899,5490649,6120548,8.716713314356745
2688591,629899,5490687,6120586,8.716773641488556
2688629,629910,5490728,6120638,8.71668651077138
2688724,629960,5490877,6120837,8.71623118928186
2688735,629960,5490887,6120847,8.716247063305607
2688824,630010,5491107,6121117,8.715904509452232
2689154,630010,5491780,6121790,8.716972746464341
2689189,630010,5491809,6121819,8.717018777479723
2689229,630017,5491918,6121935,8.717094935533485
2689715,630124,5492273,6122397,8.716178085583156
2689720,630128,5492276,6122404,8.716127516948937
2689874,630205,5492604,6122809,8.71558302457137
2689888,630205,5492604,6122809,8.71558302457137
2689923,630213,5492626,6122839,8.715507296739357
2689979,630228,5492675,6122903,8.715377609373116
2690005,630240,5492726,6122966,8.715292586951003
2690332,630267,5493290,6123557,8.71581409148821
2690413,630289,5493360,6123649,8.71562092944665
2690450,630313,5493407,6123720,8.715363636796322
2690487,630338,5493468,6123806,8.715114747960618
2690508,630344,5493496,6123840,8.715076212353889
2690572,630369,5493607,6123976,8.714906665778297
2690603,630369,5493627,6123996,8.714938393226824
2690631,630389,5493699,6124088,8.714776114430931
2690669,630395,5493720,6124115,8.714726481015871
2690865,630395,5494193,6124588,8.715476804225922
2690868,630395,5494200,6124595,8.715487908374907
2690990,630395,5494436,6124831,8.715862276826435
2691144,630395,5494809,6125204,8.716453969336685
2691194,630395,5494988,6125383,8.716737918289326
2691219,630395,5495030,6125425,8.716804543183242
2691253,630407,5495070,6125477,8.716702067077302
2691334,630407,5495125,6125532,8.716789312301419
2691374,630426,5495193,6125619,8.716634466218082
2691442,630426,5495335,6125761,8.71685971073528
2691689,630426,5496156,6126582,8.718162004739652
2691876,630430,5496708,6127138,8.718982281934553
2691912,630433,5496740,6127173,8.71899155025197
2692051,630471,5496812,6127283,8.71858023604575
2692108,630516,5496928,6127444,8.718141966262554
2692161,630516,5497010,6127526,8.718272018473758
2692180,630519,5497036,6127555,8.718271772936264
2692206,630528,5497066,6127594,8.718194909663012
2692266,630540,5497182,6127722,8.718212960319725
2692290,630544,5497211,6127755,8.718203646375194
2692335,630544,5497254,6127798,8.718271841457534
2692395,630544,5497254,6127798,8.718271841457534
2692428,630549,5497358,6127907,8.718367644703266
2692436,630554,5497362,6127916,8.718304855730041
2692451,630554,5497388,6127942,8.718346089311938
2692639,630567,5497801,6128368,8.718821314784947
2692974,630715,5498288,6129003,8.717547545246267
2692975,630715,5498290,6129005,8.717550716250605
2692984,630719,5498306,6129025,8.717520797692792
2692999,630728,5498330,6129058,8.717434456691315
2693015,630739,5498368,6129107,8.717342672642726
2693044,630752,5498426,6129178,8.71725495915986
2693106,630772,5498513,6129285,8.717116485830061
2693159,630811,5498607,6129418,8.716726563106858
2693166,630814,5498625,6129439,8.716713643007289
2693182,630814,5498651,6129465,8.716754859594111
2693213,630822,5498687,6129509,8.716701383274522
2693223,630822,5498699,6129521,8.716720406073346
2694094,630822,5498934,6129756,8.717092935883656
2694146,630834,5498993,6129827,8.717020642514512
2694258,630834,5499177,6130011,8.7173123198813
2694270,630834,5499192,6130026,8.717336097927506
2694299,630852,5499304,6130156,8.717264905239263
2694347,630886,5499476,6130362,8.71706774282517
2694360,630889,5499490,6130379,8.717048482379626
2694465,630949,5499666,6130615,8.716498480859784
2694532,630998,5499808,6130806,8.716046643570978
2694573,631002,5499888,6130890,8.716118173951905
2694582,631004,5499911,6130915,8.716126997610157
2694618,631004,5499983,6130987,8.716241101482716
2694650,631009,5499999,6131008,8.716197391796314
2694815,631018,5500939,6131957,8.717562731966442
2694863,631018,5501004,6132022,8.717665740121518
2694893,631023,5501016,6132039,8.717615681203378
2694912,631029,5501029,6132058,8.717553392950245
2694965,631042,5501115,6132157,8.717510086491865
2695028,631047,5501351,6132398,8.71781499634734
2695076,631062,5501432,6132494,8.717736133692094
2695092,631068,5501453,6132521,8.717686525065444
2695166,631115,5501541,6132656,8.717176742748943
2695204,631115,5501601,6132716,8.717271812585661
2695238,631135,5501642,6132777,8.717060533800217
2695429,631260,5501896,6133156,8.71573678040744
2695457,631269,5501941,6133210,8.715683805160715
2697256,632046,5505358,6137404,8.710375510643212
2697278,632053,5505394,6137447,8.710336000303773
2697298,632062,5505415,6137477,8.710245197464806
2697327,632062,5505451,6137513,8.710302153902623
2697434,632102,5505585,6137687,8.709962949017722
2697456,632102,5505609,6137711,8.71000091757343
2697783,632102,5506178,6138280,8.710901088748335
2697804,632102,5506210,6138312,8.710951713489278
2697814,632102,5506226,6138328,8.71097702585975
2697840,632115,5506260,6138375,8.71085166464963
2697908,632133,5506407,6138540,8.71083616897077
2697972,632164,5506491,6138655,8.710541884700806
2698084,632164,5506923,6139087,8.711225251675199
2698107,632164,5506940,6139104,8.711252143431135
2698116,632170,5506957,6139127,8.711196355410728
2698195,632206,5507136,6139342,8.710983445269422
2698222,632213,5507172,6139385,8.710943938198044
2698284,632224,5507459,6139683,8.711246330414536
2698305,632224,5507491,6139715,8.711296945386446
2698334,632224,5507521,6139745,8.711344396922609
2698456,632293,5507668,6139961,8.71062624447843
2698498,632314,5507789,6140103,8.710528313464513
2698616,632314,5507983,6140297,8.71083512305595
2698735,632314,5508286,6140600,8.711314315355978
2698783,632353,5508348,6140701,8.710875096662782
2699215,632362,5508844,6141206,8.711535481259153
2699220,632365,5508856,6141221,8.711513129284512
2699267,632394,5508915,6141309,8.711206937447225
2699354,632394,5509146,6141540,8.711572216055181
2699573,632511,5509575,6142086,8.710639024459654
2699620,632520,5509645,6142165,8.710625750964397
2699767,632576,5509860,6142436,8.710194506272764
2699817,632586,5509937,6142523,8.710178536989437
2699909,632586,5510099,6142685,8.710434628651281
2700220,632619,5510409,6143028,8.710470283061369
2700244,632629,5510431,6143060,8.710367371713911
2700367,632702,5510603,6143305,8.709634235390437
2700408,632712,5510693,6143405,8.709638824615308
2700494,632734,5510909,6143643,8.709677368372807
2700503,632740,5510929,6143669,8.709626386825553
2700637,632814,5511293,6144107,8.709183109096827
2701366,632814,5512130,6144944,8.710505772628292
2701406,632814,5512172,6144986,8.71057214284134
2701431,632829,5512218,6145047,8.710438364866338
2701442,632834,5512242,6145076,8.710407468625263
2701531,632836,5512301,6145137,8.710473171564196
2701547,632836,5512327,6145163,8.710514256458229
2701689,632943,5512638,6145581,8.70953308591769
2701727,632943,5512744,6145687,8.709700557554156
2701777,632943,5512856,6145799,8.709877508717215
2701782,632943,5512861,6145804,8.709885408322709
2701816,632947,5512872,6145819,8.709847743965925
2701817,632947,5512874,6145821,8.709850903788153
2701829,632947,5512895,6145842,8.709884081921551
2701996,632947,5513188,6146135,8.710346995878012
2702018,632960,5513229,6146189,8.710232874115269
2702256,633086,5513512,6146598,8.708946335884857
2702281,633097,5513548,6146645,8.708851882097056
2702293,633099,5513590,6146689,8.70889071061556
2702295,633101,5513597,6146698,8.708874255450553
2702326,633101,5513597,6146698,8.708874255450553
2702380,633121,5513640,6146761,8.708667063641863
2702431,633121,5513727,6146848,8.708804478132931
2702434,633122,5513730,6146852,8.708795461222323
2703284,633289,5514435,6147724,8.707612164430458
2703304,633290,5514441,6147731,8.707607888960824
2703788,633290,5515273,6148563,8.708921663061156
2703823,633299,5515409,6148708,8.709012646475045
2703904,633310,5515435,6148745,8.708902433247541
2703917,633316,5515449,6148765,8.708842031466125
2703922,633318,5515457,6148775,8.708827161078636
2703949,633326,5515525,6148851,8.708824523231321
2704112,633326,5515878,6149204,8.709381898106189
2704143,633334,5515929,6149263,8.709352411207988
2704173,633334,5515990,6149324,8.709448726896078
2704205,633341,5516027,6149368,8.709410886078748
2704311,633346,5516415,6149761,8.709954748273455
2704368,633366,5516516,6149882,8.709839176716148
2704377,633368,5516530,6149898,8.709833777519547
2704543,633368,5516945,6150313,8.710489004812368
2704597,633368,5517054,6150422,8.710661100655543
2704675,633405,5517175,6150580,8.710343303257789
2704678,633406,5517178,6150584,8.710334287960645
2704692,633407,5517186,6150593,8.710333166510631
2704728,633407,5517211,6150618,8.710372635603964
2704783,633407,5517307,6150714,8.710524196922359
2705994,633407,5520095,6153502,8.714925790210717
2706119,633448,5520295,6153743,8.714677447872596
2706128,633450,5520311,6153761,8.714675191412109
2706148,633458,5520335,6153793,8.714603020247594
2706190,633470,5520405,6153875,8.714548439547256
2706215,633484,5520432,6153916,8.71439846941675
2706286,633512,5520685,6154197,8.714412670951774
2706329,633515,5520789,6154304,8.714535567429342
2706353,633521,5520817,6154338,8.714497230557471
2706385,633547,5520863,6154410,8.714212205250755
2706422,633547,5520911,6154458,8.714287969164086
2706462,633551,5521007,6154558,8.714384477334894
2706535,633574,5521051,6154625,8.714137575089888
2706679,633574,5521301,6154875,8.71453216198897
2706683,633574,5521306,6154880,8.714540053726953
2706725,633574,5521340,6154914,8.714593717545227
2706742,633581,5521357,6154938,8.714524267615348
2706866,633639,5521578,6155217,8.714075364679257
2706906,633667,5521656,6155323,8.713813406726246
2706936,633673,5521686,6155359,8.713778242090163
2706965,633682,5521775,6155457,8.713794931842786
2707360,633683,5522299,6155982,8.714608092689877
2707388,633683,5522346,6156029,8.71468226226678
2707414,633690,5522395,6156085,8.714663321182282
2707441,633698,5522438,6156136,8.714621160237211
2707667,633698,5522963,6156661,8.715449630581128
2708031,633971,5523720,6157691,8.712890652727017
2708032,633971,5523722,6157693,8.71289380744545
2709898,633989,5527685,6161674,8.718897331026248
2709904,633991,5527691,6161682,8.71887929008456
2709907,633992,5527696,6161688,8.718873424270338
2709963,633996,5527741,6161737,8.718889393623934
2710045,634033,5527904,6161937,8.718637673433403
2710092,634048,5527955,6162003,8.718511847683455
2710112,634055,5527983,6162038,8.718459755068567
2710246,634088,5528224,6162312,8.71838609152042
2710454,634211,5528681,6162892,8.71741581271848
2710493,634224,5528736,6162960,8.717323847725725
2710499,634227,5528747,6162974,8.71729995727082
2710526,634227,5528797,6163024,8.717378793397316
2710586,634283,5528857,6163140,8.71670374265115
2710610,634283,5528889,6163172,8.716754193317493
2710663,634299,5528966,6163265,8.716655709688963
2710700,634299,5529014,6163313,8.716731383779575
2710703,634299,5529023,6163322,8.716745572671563
2710994,634414,5529315,6163729,8.715625758574054
2711084,634414,5529581,6163995,8.716045043142175
2711087,634415,5529584,6163999,8.716036033195936
2711125,634415,5529663,6164078,8.716160557363871
2711135,634415,5529679,6164094,8.716185777448516
2711160,634426,5529721,6164147,8.716100853369818
2711187,634426,5529771,6164197,8.716179664767838
2711211,634441,5529805,6164246,8.716027179832325
2711261,634473,5529893,6164366,8.715726279920501
2711295,634473,5529916,6164389,8.71576253047805
2711346,634473,5530064,6164537,8.715995794935324
2711358,634493,5530089,6164582,8.71576045756218
2711423,634500,5530127,6164627,8.715724192277383
2711486,634500,5530309,6164809,8.716011032308904
2711489,634504,5530316,6164820,8.715967117622585
2711517,634522,5530370,6164892,8.715804968149252
2711661,634522,5530565,6165087,8.716112286098827
2711737,634523,5530908,6165431,8.716639113160594
2711756,634532,5530941,6165473,8.716567485958155
2711777,634537,5530949,6165486,8.716511409106166
2711792,634544,5530968,6165512,8.716445195289847
2711888,634544,5531067,6165611,8.716601212839457
2711976,634566,5531254,6165820,8.716593703413041
2712001,634578,5531283,6165861,8.71647457050197
2712044,634578,5531391,6165969,8.716644762346
2712079,634590,5531433,6166023,8.716546116390111
2712113,634597,5531488,6166085,8.71653663663711
2712128,634603,5531507,6166110,8.716484164115203
2712284,634686,5531862,6166548,8.715903612179881
2712305,634686,5531912,6166598,8.715982391292702
2712318,634696,5531962,6166658,8.715923843855956
2712346,634719,5532004,6166723,8.715674180227786
2712379,634728,5532031,6166759,8.71559313595745
2712408,634743,5532076,6166819,8.715458067280773
2712460,634771,5532210,6166981,8.7152847247275
2712514,634799,5532319,6167118,8.715072014921258
2712535,634800,5532361,6167161,8.715124448645243
2713076,634800,5532834,6167634,8.71586956521739
2713104,634800,5532929,6167729,8.716019218651544
2713177,634823,5533020,6167843,8.715846779338493
2713192,634833,5533039,6167872,8.715739414932747
2713228,634840,5533087,6167927,8.715718921303006
2713252,634841,5533139,6167980,8.715787102597343
2713482,634929,5533353,6168282,8.714916155979646
2713534,634948,5533425,6168373,8.71476876846608
2713555,634948,5533455,6168403,8.714816016429692
2713666,634948,5533691,6168639,8.715187700410112
2713697,634952,5533708,6168660,8.715159571117187
2713749,634958,5533763,6168721,8.715163837608157
2713765,634968,5533783,6168751,8.715058081667108
2713787,634975,5533804,6168779,8.7149950785464
2713815,634988,5533838,6168826,8.71487020227154
2713838,634990,5533849,6168839,8.714860076536638
2716171,635072,5537533,6172605,8.719535737680138
2716248,635072,5537678,6172750,8.719764058248513
2716561,635072,5538140,6173212,8.7204915348181
2716607,635072,5538172,6173244,8.720541922805603
2716678,635113,5538332,6173445,8.720230888046695
2716702,635120,5538356,6173476,8.720172565814334
2716714,635122,5538368,6173490,8.720163999987404
2716787,635122,5538490,6173612,8.720356089066353
2716898,635122,5538706,6173828,8.720696181206131
2717127,635144,5539143,6174287,8.721082148300228
2717133,635146,5539162,6174308,8.721084601020868
2717184,635158,5539267,6174425,8.721085147317675
2717348,635192,5539552,6174744,8.721067015957379
2717464,635192,5539736,6174928,8.721356692149776
2717470,635197,5539753,6174950,8.721314804698386
2717516,635206,5539819,6175025,8.721295138899821
2717555,635232,5539876,6175108,8.721027907913959
2717577,635234,5539883,6175117,8.721011469789085
2717773,635234,5540211,6175445,8.721527814946933
2717783,635234,5540216,6175450,8.721535686062143
2717799,635234,5540242,6175476,8.721576615861242
2717823,635253,5540317,6175570,8.721433822429804
2717933,635283,5540510,6175793,8.721325771349147
2718019,635293,5540585,6175878,8.721306546743
2718092,635302,5540765,6176067,8.721466326251138
2718101,635304,5540785,6176089,8.721470351201944
2719156,635304,5543491,6178795,8.725729729389395
2719985,635319,5546407,6181726,8.730113533516233
2720038,635355,5546494,6181849,8.72975580580935
2720092,635365,5546575,6181940,8.729745894092373
2720113,635365,5546628,6181993,8.729829310711166
2720124,635365,5546638,6182003,8.729845049695845
2720787,635378,5548506,6183884,8.732606416967537
2720794,635380,5548506,6183886,8.732578929144763
2720804,635380,5548522,6183902,8.732604110925745
2720845,635389,5548621,6184010,8.732636227570827
2721007,635389,5548982,6184371,8.733204383456433
2721047,635404,5549010,6184414,8.7330422849085
2721327,635495,5549402,6184897,8.732408594874862
2721329,635495,5549406,6184901,8.732414889180875
2721435,635532,5549609,6185141,8.732225914666767
2721473,635538,5549715,6185253,8.732310263115659
2721578,635550,5549921,6185471,8.732469514593658
2721603,635568,5549961,6185529,8.73228513707424
2721606,635568,5549961,6185529,8.73228513707424
2721651,635595,5550013,6185608,8.731996003744523
2721874,635595,5550491,6186086,8.732748054972113
2721993,635645,5550717,6186362,8.732416679121208
2722034,635677,5550810,6186487,8.732123389708924
2722057,635683,5550881,6186564,8.732152660996125
2722122,635698,5550924,6186622,8.732014258342797
2722158,635708,5550988,6186696,8.731977574609726
2722214,635747,5551080,6186827,8.731586621722164
2722540,635871,5551822,6187693,8.731050794893934
2722541,635871,5551822,6187693,8.731050794893934
2722671,635880,5551904,6187784,8.731056174120903
2722716,635884,5551947,6187831,8.731068874197181
2722905,635966,5552177,6188143,8.730304764720126
2723289,635997,5553020,6189017,8.731204706940442
2723320,635997,5553040,6189037,8.731236153629656
2723332,636002,5553060,6189062,8.731198958493842
2723333,636002,5553062,6189064,8.73120210313804
2723336,636003,5553065,6189068,8.731193091856484
2723339,636004,5553080,6189084,8.731202948409129
2723394,636034,5553194,6189228,8.730970356930605
2723509,636097,5553395,6189492,8.730421618086549
2723574,636123,5553487,6189610,8.730209409186589
2723588,636126,5553502,6189628,8.730191817344362
2725264,636157,5555670,6191827,8.733174357902216
2725524,636215,5556099,6192314,8.73305250583529
2726067,636328,5556614,6192942,8.732311009416527
2726107,636345,5556658,6193003,8.732146870015479
2726217,636345,5556816,6193161,8.732395163001202
2726312,636358,5556884,6193242,8.732323629152145
2726329,636369,5556903,6193272,8.732202542864282
2726350,636371,5556924,6193295,8.732208098734857
2726872,636568,5557778,6194346,8.730847293611994
2726920,636590,5557851,6194441,8.73066023657299
2726948,636604,5557933,6194537,8.730597043059737
2727009,636629,5558010,6194639,8.730375147849061
2727182,636653,5558648,6195301,8.73104815338968
2727258,636679,5558853,6195532,8.731013587694898
2727266,636679,5558871,6195550,8.731041859398536
2727683,636679,5559834,6196513,8.732554395543122
2728064,636694,5560462,6197156,8.733335008654079
2728103,636706,5560490,6197196,8.733214387802219
2728132,636715,5560518,6197233,8.733134919076823
2728153,636724,5560542,6197266,8.733049170441197
2728155,636724,5560542,6197266,8.733049170441197
2728308,636790,5560791,6197581,8.732535058653559
2728331,636803,5560814,6197617,8.732392906440454
2728367,636818,5560903,6197721,8.73232697568222
2728421,636851,5560975,6197826,8.731987544967348
2728777,636981,5561379,6198360,8.73083969537553
2728789,636983,5561401,6198384,8.73084682008782
2728802,636988,5561414,6198402,8.730798696364767
2728871,636988,5561637,6198625,8.731148781452712
2728897,637003,5561680,6198683,8.731010685977932
2728945,637009,5561751,6198760,8.731039906814503
2729002,637027,5561890,6198917,8.731011401400568
2729023,637027,5561919,6198946,8.73105692537365
2729065,637032,5561974,6199006,8.731074734079293
2729092,637032,5561993,6199025,8.73110455989652
2729107,637046,5562022,6199068,8.730958203960153
2729419,637170,5562771,6199941,8.730434577899148
2729439,637175,5562796,6199971,8.730405304665123
2729669,637267,5563116,6200383,8.729647071007914
2729759,637302,5563381,6200683,8.729583462785305
2729813,637330,5563468,6200798,8.729336450504448
2729821,637335,5563487,6200822,8.729297779033004
2730209,637338,5564260,6201598,8.7304695467711
2730527,637566,5564772,6202338,8.728150497360273
2730544,637566,5564817,6202383,8.728221078288366
2730774,637573,5565032,6202605,8.728462466258765
2730817,637600,5565085,6202685,8.728175972396487
2730819,637600,5565087,6202687,8.728179109159347
2730883,637611,5565229,6202840,8.728251237823688
2730898,637623,5565257,6202880,8.728130886119228
2731013,637670,5565433,6203103,8.727763576771684
2731063,637698,5565536,6203234,8.727541877189516
2731080,637698,5565566,6203264,8.727588921401667
2731092,637698,5565591,6203289,8.727628124911792
2731154,637711,5565645,6203356,8.727534886492471
2731247,637711,5565797,6203508,8.727773238975022
2731556,637742,5566606,6204348,8.72861752871851
2731671,637790,5566743,6204533,8.728175418241113
2731709,637818,5566807,6204625,8.727892596320581
2731753,637833,5566939,6204772,8.727894292079588
2735158,637833,5572708,6210541,8.73693897932531
2735562,637833,5573325,6211158,8.737906317170795
2735633,637852,5573460,6211312,8.737857684854793
2735644,637857,5573479,6211336,8.737818978234934
2735698,637896,5573608,6211504,8.737486988474611
2735843,637896,5573944,6211840,8.738013720104846
2736331,637979,5574885,6212864,8.73835188932551
2736420,638000,5575011,6213011,8.738261755485894
2736462,638020,5575061,6213081,8.738066204821166
2736494,638039,5575124,6213163,8.737904736230858
2736734,638050,5575814,6213864,8.738835514458115
2736877,638136,5576107,6214243,8.73811695312598
2736889,638136,5576122,6214258,8.738140459087091
2736915,638136,5576141,6214277,8.7381702333045
2737192,638324,5576833,6215157,8.736680745201497
2737310,638324,5577010,6215334,8.736958033851147
2737319,638336,5577024,6215360,8.736815720874272
2737408,638397,5577144,6215541,8.736168872974027
2737415,638399,5577150,6215549,8.736150902492016
2737453,638423,5577222,6215645,8.735935265490122
2737466,638428,5577239,6215667,8.735893475850057
2737481,638434,5577253,6215687,8.735833304617236
2737534,638449,5577345,6215794,8.735772160344835
2737554,638449,5577372,6215821,8.735814450331976
2737599,638456,5577434,6215890,8.735815780570627
2737689,638496,5577505,6216001,8.735379704806295
2737702,638501,5577518,6216019,8.73533165962152
2737789,638527,5577683,6216210,8.735234375367055
2737799,638534,5577718,6216252,8.73519342744474
2737932,638534,5578382,6216916,8.736233309424401
2738174,638538,5578713,6217251,8.736696954605677
2738189,638538,5578740,6217278,8.736739238698402
2738226,638541,5578787,6217328,8.736771796955873
2738849,638831,5579806,6218637,8.734400803968498
2738920,638831,5579978,6218809,8.73467004575545
2738941,638831,5580053,6218884,8.734787447697435
2739016,638833,5580236,6219069,8.73504656146442
2739232,638870,5580538,6219408,8.735013383004366
2739524,638955,5581226,6220181,8.734928124828823
2739612,638979,5581399,6220378,8.734870786050871
2739733,638979,5581581,6220560,8.73515561544276
2740149,638979,5582236,6221215,8.736180688254231
2740178,638985,5582274,6221259,8.7361581257776
2740187,638985,5582300,6221285,8.736198815308654
2741083,638985,5584013,6222998,8.73887962941227
2741146,639006,5584147,6223153,8.738802139573025
2741194,639014,5584229,6223243,8.73882105869355
2741204,639020,5584243,6223263,8.738760915151325
2741223,639029,5584275,6223304,8.738687915571907
2741252,639031,5584290,6223321,8.7386840388025
2741492,639068,5584484,6223552,8.738481663923087
2741669,639068,5584864,6223932,8.739076279832506
2741961,639211,5585463,6224674,8.738058325028824
2741980,639211,5585490,6224701,8.738100564602298
2741996,639211,5585516,6224727,8.738141239747126
2742034,639211,5585622,6224833,8.738307069183728
2742056,639215,5585641,6224856,8.738282111652573
2742408,639319,5586089,6225408,8.737561373899414
2742471,639343,5586189,6225532,8.737389789205482
2742521,639343,5586355,6225698,8.737649430743748
2742593,639374,5586521,6225895,8.73748541542196
2742674,639404,5586704,6226108,8.737361668053374
2742964,639633,5587320,6226953,8.735196589294173
2743112,639677,5587453,6227130,8.73480365872151
2743119,639684,5587465,6227149,8.734726833874225
2743147,639684,5587523,6227207,8.734817503642423
2743165,639693,5587541,6227234,8.734722749819054
2743230,639693,5587619,6227312,8.734844683309024
2744305,639892,5589349,6229241,8.734831815368844
2744321,639892,5589375,6229267,8.73487244722547
2744411,639913,5589461,6229374,8.734720188525628
2744492,639930,5589633,6229563,8.73475692653884
2744510,639942,5589680,6229622,8.734666579158736
2744547,639961,5589759,6229720,8.734530697964408
2744654,639961,5589956,6229917,8.734838529222875
2744702,639961,5590013,6229974,8.73492759715045
2744746,639961,5590150,6230111,8.73514167269568
2744762,639968,5590180,6230148,8.735093004650233
2744765,639969,5590183,6230152,8.73508404313334
2744778,639975,5590201,6230176,8.735030274620103
2744834,639975,5590271,6230246,8.73513965389273
2744849,639975,5590285,6230260,8.735161529747256
2745033,639975,5590691,6230666,8.735795929528496
2745178,640032,5590910,6230942,8.73536010699465
2745277,640065,5591005,6231070,8.735058158155812
2745351,640084,5591042,6231126,8.734856675061398
2745462,640108,5591212,6231320,8.734794753385366
2745986,640108,5592476,6232584,8.736769420160348
2746084,640141,5592696,6232837,8.736662703998025
2746120,640155,5592732,6232887,8.736527872155962
2746190,640167,5592840,6233007,8.736532810969637
2746256,640167,5592962,6233129,8.736723386241403
2746263,640170,5592971,6233141,8.736696502491526
2746312,640170,5593080,6233250,8.736866769764282
2746325,640177,5593094,6233271,8.736793105656718
2746339,640181,5593133,6233314,8.73679943640939
2746447,640181,5593293,6233474,8.737049365726255
2746494,640181,5593407,6233588,8.737227440364522
2747958,640181,5595493,6235674,8.740485893833151
2748160,640181,5595587,6235768,8.740632727306808
2748184,640185,5595604,6235789,8.740604668962877
2748214,640205,5595642,6235847,8.740390968517897
2748300,640205,5595781,6235986,8.740608086472301
2748323,640205,5595842,6236047,8.740703368452293
2748370,640205,5595926,6236131,8.740834576424739
2748396,640218,5595964,6236182,8.740716443461446
2748397,640218,5595966,6236184,8.740719567397356
2748414,640229,5595989,6236218,8.740605314660847
2748438,640240,5596024,6236264,8.740509808821692
2748448,640243,5596036,6236279,8.74048759611585
2748502,640243,5596114,6236357,8.740609424858999
2748634,640285,5596504,6236789,8.74064518144264
2748824,640325,5596958,6237283,8.740808183344395
2748844,640325,5596989,6237314,8.740856596259713
2748903,640325,5597101,6237426,8.74103150743763
2749007,640343,5597240,6237583,8.741002868775016
2749205,640448,5597669,6238117,8.740239644748677
2749225,640448,5597690,6238138,8.740272434295992
2749322,640473,5597781,6238254,8.740073352038259
2749364,640492,5597871,6238363,8.739954597403246
2749386,640492,5597895,6238387,8.739992068597266
2749438,640506,5597985,6238491,8.739941546215023
2749457,640513,5598042,6238555,8.739935020834862
2749460,640514,5598045,6238559,8.739926059383558
2749911,640521,5598979,6239500,8.741288732141491
2750106,640594,5599338,6239932,8.740853020790079
2750130,640601,5599361,6239962,8.740793411187306
2750931,640601,5600278,6240879,8.742224879449143
2751193,640611,5600872,6241483,8.743015652244498
2751341,640640,5601129,6241769,8.743021041458542
2751416,640653,5601280,6241933,8.743079326874298
2751438,640653,5601333,6241986,8.743162054965794
2751443,640658,5601344,6242002,8.74311098901442
2753119,640658,5603543,6244201,8.746543397569374
2753207,640670,5603725,6244395,8.746663648992461
2753228,640682,5603761,6244443,8.746556013747849
2753229,640682,5603763,6244445,8.746559135421316
2753282,640682,5603956,6244638,8.746860376910854
2753345,640724,5604024,6244748,8.746393142757256
2754882,640724,5607234,6247958,8.75140310024285
2754893,640731,5607248,6247979,8.751329341018305
2754927,640740,5607296,6248036,8.751281330961076
2754953,640750,5607339,6248089,8.751211861100273
2754959,640754,5607342,6248096,8.751161912371987
2755181,640900,5607913,6248813,8.750059291621158
2755380,640900,5608170,6249070,8.750460290216882
2755387,640903,5608178,6249081,8.750431812614389
2755518,640981,5609307,6250288,8.751128348578195
2755551,640991,5609393,6250384,8.751125990848545
2755580,641007,5609435,6250442,8.750973078297116
2755607,641017,5609479,6250496,8.750905202202127
2755618,641017,5609489,6250506,8.750920802412416
2755661,641025,5609540,6250565,8.750891150891151
2755822,641025,5609889,6250914,8.751435591435591
2755829,641025,5609904,6250929,8.75145899145899
2755851,641030,5609918,6250948,8.751412570394521
2755892,641037,5610019,6251056,8.751474563870728
2756131,641057,5610566,6251623,8.75205480947872
2756141,641061,5610576,6251637,8.752015798808538
2756216,641080,5610611,6251691,8.751811006426655
2756253,641112,5610686,6251798,8.751491159111044
2756416,641121,5611613,6252734,8.752814211357919
2756503,641121,5611844,6252965,8.753174517758739
2756505,641121,5611844,6252965,8.753174517758739
2756552,641127,5611910,6253037,8.75319554472047
2756629,641135,5612122,6253257,8.753416987062007
2756630,641135,5612124,6253259,8.753420106529825
2756651,641145,5612155,6253300,8.75333192959471
2756666,641152,5612190,6253342,8.753290951287681
2756692,641154,5612256,6253410,8.753366585874845
2756775,641154,5612393,6253547,8.75358026308812
2756904,641219,5612634,6253853,8.753068764337925
2756915,641228,5612647,6253875,8.75296618363515
2756928,641229,5612665,6253894,8.75298060443305
2757105,641229,5612894,6254123,8.753337731138174
2757112,641231,5612910,6254141,8.75333538147719
2757278,641231,5613226,6254457,8.753828183603101
2757309,641240,5613288,6254528,8.753802008608321
2757346,641252,5613335,6254587,8.753711489398864
2757348,641252,5613340,6254592,8.7537192866455
2757385,641261,5613356,6254617,8.753621380373982
2757460,641298,5613501,6254799,8.75334243986415
2757469,641304,5613524,6254828,8.753296408567543
2757480,641313,5613532,6254845,8.753186041761198
2757507,641331,5613564,6254895,8.752990265557099
2757555,641331,5613622,6254953,8.753080702476568
2757570,641332,5613662,6254994,8.753129424385497
2757604,641353,5613710,6255063,8.752917660009386
2757749,641373,5613902,6255275,8.752944074664821
2757788,641391,5613973,6255364,8.752809128908886
2757807,641399,5613998,6255397,8.752738934734854
2757835,641412,5614058,6255470,8.752655079730346
2757932,641412,5614247,6255659,8.752949742131422
2758956,641770,5615549,6257319,8.750095828723685
2759023,641796,5615656,6257452,8.749908070477224
2759168,641847,5615923,6257770,8.749628805618785
2759217,641858,5616012,6257870,8.749617516646984
2759227,641858,5616028,6257886,8.749642444278953
2759330,641965,5616276,6258241,8.748570404928618
2775276,642081,5647518,6289599,8.79564727814715
2775322,642120,5647655,6289775,8.79532641873793
2775383,642120,5647773,6289893,8.795510185012148
2775433,642131,5647808,6289939,8.79541401988068
2775488,642159,5647903,6290062,8.795178452688509
2775499,642159,5647903,6290062,8.795178452688509
2775597,642159,5648193,6290352,8.795630054238904
2775619,642161,5648197,6290358,8.795608889359523
2775842,642359,5648629,6290988,8.793570262111997
2775867,642365,5648674,6291039,8.79355817953967
2775905,642365,5648729,6291094,8.793643800642936
2776082,642369,5649123,6291492,8.794202397687311
2776157,642369,5649220,6291589,8.79435340123823
2776237,642384,5649350,6291734,8.794350419686667
2776268,642391,5649383,6291774,8.794305960077274
2776297,642409,5649446,6291855,8.794157616098156
2776438,642476,5649746,6292222,8.793707469228423
2776933,642702,5650559,6293261,8.79188021820377
2776972,642706,5650634,6293340,8.791942194409263
2777068,642830,5650908,6293738,8.790672495060903
2777117,642852,5650981,6293833,8.79048521277059
2777918,642852,5651898,6294750,8.791911668626682
2777949,642852,5651947,6294799,8.791987891458687
2778238,643055,5652885,6295940,8.790671093452348
2778367,643055,5653072,6296127,8.790961892839649
2778406,643074,5653136,6296210,8.790801680677497
2778419,643083,5653181,6296264,8.790748628093107
2778593,643156,5653374,6296530,8.79005093632027
2778599,643157,5653393,6296550,8.790066811058574
2778644,643157,5653505,6296662,8.790240952053697
2778650,643161,5653507,6296668,8.790189392702604
2778656,643161,5653523,6296684,8.790214269832903
2779446,643563,5654707,6298270,8.78656324244868
2779895,643586,5656424,6300010,8.788917098880336
2779950,643623,5656565,6300188,8.788630922139202
2779976,643626,5656579,6300205,8.788611709284584
2780309,643736,5656913,6300649,8.78762877949967
2780313,643736,5656915,6300651,8.787631886363354
2781777,643748,5658998,6302746,8.790703815778846
2781880,643791,5659176,6302967,8.790393155542715
2781913,643798,5659224,6303022,8.790372135359227
2782003,643798,5659603,6303401,8.790960829328453
2782099,643798,5659741,6303539,8.791175182277671
2782370,643798,5660254,6304052,8.79197201606715
2782379,643798,5660270,6304068,8.791996868583002
2782395,643804,5660346,6304150,8.792032978981181
2782498,643804,5660515,6304319,8.792295481233419
2782501,643804,5660520,6304324,8.792303247572242
2782543,643821,5660594,6304415,8.792186026861504
2782596,643830,5660683,6304513,8.792201357501204
2782653,643861,5660791,6304652,8.791945777116489
2782773,643861,5660949,6304810,8.792191171696997
2782843,643873,5661060,6304933,8.79219970397889
2782908,643899,5661190,6305089,8.792046578733622
2782974,643928,5661322,6305250,8.791855611186344
2783192,643928,5661907,6305835,8.79276409784945
2783290,643950,5662144,6306094,8.792831741594844
2783549,643950,5662476,6306426,8.793347309573724
2783591,643956,5662577,6306533,8.793422221394009
2783644,643992,5662669,6306661,8.793073516441199
2783656,643999,5662693,6306692,8.793015206545352
2784575,644019,5664065,6308084,8.79487251152528
2784603,644041,5664104,6308145,8.794632639847464
2784677,644082,5664244,6308326,8.794290168022084
2784704,644094,5664273,6308367,8.794171347660434
2784753,644106,5664397,6308503,8.794200022977584
2786428,644121,5666588,6310709,8.797396762409548
2786515,644140,5666773,6310913,8.797424472940666
2786546,644152,5666791,6310943,8.797288528173475
2787453,644160,5669032,6313192,8.80065822155986
2787474,644164,5669049,6313213,8.80062996379804
2787654,644248,5669511,6313759,8.800199612571557
2787661,644260,5669517,6313777,8.800045012882997
2787708,644295,5669620,6313915,8.799726833205286
2787748,644295,5669668,6313963,8.799801333240207
2787758,644295,5669684,6313979,8.799826166585182
2787805,644319,5669758,6314077,8.79961323505903
2787827,644319,5669804,6314123,8.799684628266434
2787997,644323,5669940,6314263,8.79984107349885
2788015,644324,5669963,6314287,8.799863112347204
2788053,644336,5670036,6314372,8.79981252017581
2788059,644340,5670046,6314386,8.799773411552907
2788116,644349,5670161,6314510,8.79982897467056
2788256,644446,5670431,6314877,8.798923416391753
2788318,644487,5670537,6315024,8.798528131676822
2788370,644496,5670592,6315088,8.79849060351034
2788403,644496,5670659,6315155,8.798594560711004
2788452,644496,5670768,6315264,8.798763685112087
2788463,644505,5670785,6315290,8.798667194203304
2788503,644505,5670885,6315390,8.798822352037611
2788558,644524,5670990,6315514,8.798725881425673
2788600,644533,5671048,6315581,8.798693007185047
2789798,644533,5673644,6318177,8.802720729582504
2789834,644533,5673720,6318253,8.802838644413862
2789979,644533,5674001,6318534,8.803274618987702
2790487,644533,5674903,6319436,8.804674081854614
2790522,644541,5674972,6319513,8.804671851751866
2790566,644552,5675057,6319609,8.804653464732093
2790717,644552,5675297,6319849,8.80502581638099
2790894,644552,5675710,6320262,8.805666571510134
2791186,644570,5676570,6321140,8.806754890857471
2791326,644587,5676708,6321295,8.806736716688361
2791392,644622,5676841,6321463,8.806464873988167
2791436,644625,5676957,6321582,8.806603839441536
2791625,644686,5677081,6321767,8.805962902870546
2791856,644686,5677331,6322017,8.806350688552257
2791955,644820,5677539,6322359,8.804843212059179
2792064,644820,5677784,6322604,8.805223163053256
2792082,644820,5677794,6322614,8.805238671257095
2792769,645068,5678413,6323481,8.802813036765116
2792775,645071,5678419,6323490,8.802781399256826
2792819,645076,5678439,6323515,8.802744172779642
2792876,645115,5678586,6323701,8.802439875061035
2792968,645115,5678641,6323756,8.802525131178163
2792992,645115,5678690,6323805,8.802601086627966
2793002,645115,5678706,6323821,8.802625888407492
2793210,645171,5678854,6324025,8.802091228527011
2793259,645186,5678969,6324155,8.802064830916976
2793419,645215,5679131,6324346,8.801920290135847
2793577,645231,5679667,6324898,8.802532736337838
2793591,645231,5679693,6324924,8.802573031983894
2793632,645241,5679744,6324985,8.802515649191543
2793655,645250,5679806,6325056,8.802488957768308
2793687,645264,5679853,6325117,8.80237081256664
2793785,645264,5680143,6325407,8.80282024101763
2793831,645271,5680256,6325527,8.802899866877638
2793862,645280,5680312,6325592,8.80286387304736
2793955,645328,5680434,6325762,8.802398160315375
2794528,645421,5681730,6327151,8.803137796879867
2794553,645431,5681785,6327216,8.80308661963866
2794588,645443,5681855,6327298,8.803031406336423
2794606,645459,5681876,6327335,8.80284572683935
2794648,645459,5681976,6327435,8.80300065534759
2794804,645479,5682177,6327656,8.803039293300014
2795063,645479,5682673,6328152,8.803807714890802
2795067,645479,5682680,6328159,8.803818559550349
2795185,645502,5683092,6328594,8.804143132011985
2795289,645512,5683402,6328914,8.804486980877195
2795441,645557,5683601,6329158,8.80418150527374
2795504,645565,5683656,6329221,8.804157598382812
2795518,645568,5683681,6329249,8.804155410429265
2795557,645582,5683724,6329306,8.804031091325347
2795605,645596,5683841,6329437,8.804021400380424
2795764,645709,5684120,6329829,8.80291276720628
2795766,645709,5684125,6329834,8.802920510632498
2795800,645724,5684159,6329883,8.802768675161524
2795890,645788,5684340,6330128,8.802176565684094
2795905,645788,5684359,6330147,8.802205987104127
2795926,645790,5684359,6330149,8.802178726830704
2795971,645818,5684473,6330291,8.801973621051133
2795987,645822,5684544,6330366,8.80202904205803
2796247,645822,5684862,6330684,8.802521437795553
2797274,646242,5686521,6332763,8.799367729116955
2797368,646277,5686699,6332976,8.799166611220885
2797389,646293,5686743,6333036,8.799016854584531
2797537,646293,5687178,6333471,8.799689923919956
2797772,646293,5687574,6333867,8.800302649108067
2797836,646316,5687677,6333993,8.800148843599725
2798144,646319,5688037,6334356,8.800664996696678
2798188,646340,5688142,6334482,8.800541510660024
2799337,646343,5690790,6337133,8.804597558881275
2799496,646343,5690790,6337133,8.804597558881275
2799550,646343,5690859,6337202,8.804704313344462
2800479,646728,5692846,6339574,8.802535223463341
2800519,646766,5692935,6339701,8.802155648256093
2800539,646766,5692959,6339725,8.802192755958105
2800550,646769,5692971,6339740,8.8021704812692
2800588,646781,5692989,6339770,8.80203500102817
2800596,646781,5692989,6339770,8.80203500102817
2800607,646786,5693023,6339809,8.802019524232126
2800670,646786,5693071,6339857,8.802093737341254
2801260,646801,5694497,6341298,8.80409430412136
2801269,646803,5694513,6341316,8.804091817755948
2801437,646803,5694829,6341632,8.804580374549902
2801479,646821,5694887,6341708,8.80442502639834
2801551,646821,5695024,6341845,8.804636831519076
2801558,646821,5695024,6341845,8.804636831519076
2801570,646821,5695050,6341871,8.804677028111332
2801597,646834,5695110,6341944,8.804592832164047
2801756,646892,5695449,6342341,8.804327461152711
2801776,646896,5695456,6342352,8.804283841606688
2801783,646899,5695472,6342371,8.804267745042116
2802018,646908,5695998,6342906,8.80495835574765
2802048,646908,5696039,6342947,8.805021734156943
2802177,646908,5696422,6343330,8.805613781248647
2802190,646913,5696446,6343359,8.805582821801385
2802224,646928,5696527,6343455,8.80550385823461
2802369,647036,5696898,6343934,8.804607471608998
2802385,647042,5696910,6343952,8.804544372699144
2802483,647042,5697200,6344242,8.804992566170357
2802516,647053,5697282,6344335,8.804969608362839
2802759,647177,5698109,6345286,8.804560421646629
2802769,647177,5698125,6345302,8.804585144404081
2802808,647196,5698160,6345356,8.804380744009542
2802879,647218,5698434,6345652,8.804504819087231
2802986,647248,5698532,6345780,8.804248139816577
2803226,647420,5698922,6346342,8.802511507213246
2803258,647420,5698943,6346363,8.80254394365327
2803271,647430,5698960,6346390,8.802434239995057
2803307,647451,5699024,6346475,8.802247583214792
2803322,647466,5699043,6346509,8.802073004605647
2803771,647466,5699584,6347050,8.802908569716402
2803928,647533,5699857,6347390,8.802419336157385
2804028,647537,5700079,6347616,8.802707798936586
2804058,647539,5700116,6347655,8.802737750158677
2804074,647551,5700158,6347709,8.80263948322217
2804075,647551,5700160,6347711,8.802642571781991
2804638,647680,5702105,6349785,8.803892354249012
2804700,647708,5702226,6349934,8.803698580224422
2804741,647717,5702341,6350058,8.803753799884825
2804760,647724,5702383,6350107,8.803723499515225
2805121,647896,5703137,6351033,8.802550100633434
2805180,647909,5703219,6351128,8.802500042444231
2805234,647951,5703362,6351313,8.802150162589456
2805992,648285,5704888,6353173,8.799969149371032
2806087,648306,5704960,6353266,8.799795158459123
2806904,648373,5709238,6357611,8.805483880420685
2807025,648373,5709597,6357970,8.80603757405074
2807028,648373,5709606,6357979,8.806051454949543
2807053,648391,5709638,6358029,8.80585634285485
2807103,648394,5709659,6358053,8.805847987489088
2807118,648402,5709676,6358078,8.805765559020484
2807263,648426,5709736,6358162,8.805532165582504
2807288,648437,5709771,6358208,8.805436765637989
2807319,648454,5709820,6358274,8.80528148488559
2807342,648468,5709867,6358335,8.805163863135883
2807369,648477,5709927,6358404,8.805134183633344
2807375,648477,5709940,6358417,8.805154230604941
2807395,648496,5709978,6358474,8.804954849374553
2807468,648496,5710117,6358613,8.805169191483062
2807469,648496,5710119,6358615,8.805172275542178
2807513,648512,5710181,6358693,8.805050639001283
2807528,648516,5710199,6358715,8.805024085758872
2807535,648519,5710215,6358734,8.805008025979193
2807961,648519,5711028,6359547,8.806261651547603
2807982,648531,5711073,6359604,8.806168093738002
2808074,648567,5711158,6359725,8.805810348044227
2808095,648574,5711210,6359784,8.805795483630241
2808136,648582,5711304,6359886,8.80583179921737
2808184,648582,5711408,6359990,8.805992149026645
2808254,648599,5711476,6360075,8.805866182340706
2808274,648603,5711542,6360145,8.805913632838578
2808283,648605,5711558,6360163,8.805911147770985
2808383,648641,5711772,6360413,8.805752334496278
2808566,648765,5712134,6360899,8.804627253319769
2808596,648774,5712189,6360963,8.804589888004143
2808638,648800,5712249,6361049,8.804329531442663
2808663,648811,5712284,6361095,8.80423420687997
2808693,648813,5712373,6361186,8.804344240944618
2808740,648827,5712455,6361282,8.80428064800016
2808780,648853,5712516,6361369,8.804021866277878
2808811,648869,5712594,6361463,8.803924983317126
2809083,649000,5713091,6362091,8.802913713405239
2809138,649015,5713204,6362219,8.802884370931334
2809166,649019,5713251,6362270,8.80290253444044
2809174,649019,5713268,6362287,8.802928727818445
2809320,649047,5713589,6362636,8.80304353921981
2809592,649047,5714243,6363290,8.804051170408306
2809646,649079,5714339,6363418,8.80376502706142
2809791,649079,5714675,6363754,8.804282683617865
2809830,649091,5714716,6363807,8.804183080646627
2809849,649091,5714797,6363888,8.804307870545117
2810011,649091,5715123,6364214,8.804810111371133
2810076,649100,5715219,6364319,8.804835926667694
2810139,649109,5715294,6364403,8.8048293892089
2810297,649109,5715543,6364652,8.80521299196283
2810336,649116,5715569,6364685,8.8051580919281
2810431,649147,5715697,6364844,8.804934783646848
2810559,649147,5715917,6365064,8.805273689934637
2810585,649155,5715978,6365133,8.805259144580262
2810616,649172,5716018,6365190,8.805090176409333
2810621,649177,5717529,6366706,8.807349921516012
2811051,649436,5718211,6367647,8.804887625570496
2811432,649649,5718713,6368362,8.802773497688753
2811457,649670,5718771,6368441,8.802578232025489
2811479,649672,5718778,6368450,8.802561908162888
2811853,649753,5719368,6369121,8.802372593893372
2811914,649760,5719383,6369143,8.802300849544448
2811926,649767,5719402,6369169,8.802235262794202
2811935,649769,5719422,6369191,8.802238949534374
2812014,649795,5719540,6369335,8.802068344631769
2812033,649804,5719576,6369380,8.802001834399295
2812129,649863,5719674,6369537,8.801353516048767
2812946,650194,5720468,6370662,8.798094107297207
2812955,650196,5720490,6370686,8.798100880349926
2812964,650196,5720516,6370712,8.798140868292023
2812992,650196,5720580,6370776,8.798239300149493
2813107,650197,5720702,6370899,8.798413403937575
2813116,650197,5720702,6370899,8.798413403937575
2813510,650311,5721551,6371862,8.798176564751326
2813602,650311,5721795,6372106,8.798551769845504
2814088,650311,5723241,6373552,8.800775321346249
2814099,650311,5723251,6373562,8.800790698604207
2814108,650311,5723251,6373562,8.800790698604207
2814160,650343,5723358,6373701,8.800522185984935
2814257,650357,5723423,6373780,8.80043268543277
2814282,650357,5723531,6373888,8.800598748072213
2814690,650357,5724638,6374995,8.8023008901265
2814791,650402,5724850,6375252,8.802017828973465
2814813,650402,5724885,6375287,8.80207164184612
2815143,650505,5725054,6375559,8.80093773299206
2815262,650505,5725324,6375829,8.801352795136086
2815277,650510,5725347,6375857,8.80132050237506
2815347,650525,5725400,6375925,8.80119903155144
2815413,650565,5725539,6376104,8.800871550114131
2815436,650569,5725576,6376145,8.800874311564185
2815468,650585,5725634,6376219,8.800747019989702
2815730,650585,5725966,6376551,8.801257329941514
2815752,650594,5725996,6376590,8.801181689348503
2815756,650594,5726002,6376596,8.801190911689933
2815853,650645,5726180,6376825,8.80077461595801
2815859,650647,5726188,6376835,8.800759859032624
2815885,650651,5726229,6376880,8.800768768510308
2815941,650652,5726234,6376886,8.800762927033192
2815980,650652,5726350,6377002,8.800941209740383
2816827,650678,5727998,6378676,8.803122281681569
2816859,650683,5728051,6378734,8.803136089309234
2816925,650683,5728118,6378801,8.80323905803594
2817016,650737,5728339,6379076,8.802848155245513
2817038,650747,5728384,6379131,8.80278203357065
2817089,650776,5728456,6379232,8.802500399523032
2817127,650780,5728480,6379260,8.80248317403731
2817136,650786,5728497,6379283,8.80242814074058
2817152,650790,5728527,6379317,8.802420135527589
2817163,650794,5728563,6379357,8.802421349920252
2817174,650794,5728573,6379367,8.802436715765666
2817298,650849,5728724,6379573,8.801924870438459
2817575,650961,5729383,6380344,8.801422819493027
2817603,650968,5729411,6380379,8.80137118875275
2817653,650997,5729476,6380473,8.801078960425317
2817683,651017,5729521,6380538,8.800877703654436
2817856,651090,5729904,6380994,8.800479196424458
2818101,651159,5730599,6381758,8.800613982145682
2818110,651159,5730604,6381763,8.800621660761811
2818121,651159,5730614,6381773,8.800637017994069
2818145,651159,5730635,6381794,8.800669268181812
2818173,651166,5730663,6381829,8.800617661241526
2818227,651166,5730773,6381939,8.800786588980383
2818264,651170,5730838,6382008,8.800832347927576
2818285,651176,5730860,6382036,8.800785041217734
2818553,651194,5731524,6382718,8.801561439448152
2818574,651194,5731570,6382764,8.801632078919646
2818687,651245,5731775,6383020,8.801257591229108
2818801,651245,5732067,6383312,8.801705963193575
2818810,651246,5732084,6383330,8.8017185518222
2818845,651249,5732169,6383418,8.801808524849942
2818956,651299,5732283,6383582,8.801307847854826
2819112,651299,5732721,6384020,8.801980350038923
2819157,651325,5732742,6384067,8.801661229033124
2819250,651403,5732883,6384286,8.800823760406384
2819450,651403,5732883,6384286,8.800823760406384
2819505,651406,5733035,6384441,8.801016570310988
2819528,651414,5733061,6384475,8.800948398407158
2819583,651419,5733241,6384660,8.801157166125028
2819598,651419,5733267,6384686,8.80119707899217
2819663,651448,5733369,6384817,8.80096185727794
2819706,651469,5733447,6384916,8.800797889078375
2819997,651474,5734532,6386006,8.802395797836905
2820269,651632,5735101,6386733,8.80113468951801
2820390,651709,5735382,6387091,8.8005260016357
2820934,651724,5736036,6387760,8.801326942079776
2821055,651724,5736218,6387942,8.801606201398139
2821368,651926,5736888,6388814,8.799906737881294
2821413,651926,5736946,6388872,8.799995705034007
2821651,651947,5737267,6389214,8.800204617860041
2821664,651947,5737274,6389221,8.800215354929158
2821960,651947,5737844,6389791,8.801089659128733
2822137,652044,5738172,6390216,8.800283416456558
2822157,652044,5738193,6390237,8.800315622872077
2822202,652053,5738253,6390306,8.800286173056485
2822327,652093,5738672,6390765,8.800388901583057
2822359,652101,5738710,6390811,8.800339211257151
2822756,652105,5738743,6390848,8.800335835486617
2823265,652108,5739560,6391668,8.801548209805738
2823272,652110,5739565,6391675,8.801528883163883
2823307,652119,5739597,6391716,8.801456482635839
2823555,652251,5739887,6392138,8.800119892495374
2823582,652272,5739933,6392205,8.799907093973067
2823588,652272,5739946,6392218,8.799927024308877
2823607,652279,5740002,6392281,8.799918439808732
2823642,652279,5740014,6392293,8.799936836844356
2823682,652289,5740045,6392334,8.799849453233152
2823683,652289,5740047,6392336,8.799852519358751
2823683,652289,5740047,6392336,8.799852519358751
2823799,652289,5740345,6392634,8.800309372072809
2823976,652289,5740743,6393032,8.800919531066752
2824332,652402,5742506,6394908,8.80209747977474
2824648,652402,5743291,6395693,8.803300725626224
2825023,652586,5744032,6396618,8.801954071953736
2825033,652586,5744050,6396636,8.801981654525227
2825087,652586,5744146,6396732,8.802128761573186
2825103,652586,5744172,6396758,8.802168603065343
2825128,652598,5744202,6396800,8.802052718518905
2825169,652604,5744258,6396862,8.802057603079357
2825261,652604,5744313,6396917,8.80214188083432
2825450,652634,5744660,6397294,8.802268959324829
2825762,652789,5745163,6397952,8.800949464528355
2825823,652789,5745256,6398045,8.801091930164265
2825842,652789,5745289,6398078,8.801142482486684
2826168,652936,5745611,6398547,8.799654177438525
2826232,652955,5745755,6398710,8.799618656722133
2826245,652955,5745778,6398733,8.799653881201614
2826320,652982,5745932,6398914,8.7995258674818
2826414,653051,5746108,6399159,8.798865632240055
2826615,653051,5746453,6399504,8.799393921761087
2826626,653060,5746470,6399530,8.799298686185036
2826659,653066,5746518,6399584,8.799291342682057
2826660,653066,5746520,6399586,8.799294405159662
2826727,653082,5746686,6399768,8.79933300871866
2826755,653088,5746731,6399819,8.799321071586064
2826917,653088,5746998,6400086,8.799729898574158
2826922,653090,5747006,6400096,8.799715200048999
2826945,653097,5747058,6400155,8.79970050390677
2827124,653106,5748097,6401203,8.80117010102495
2827270,653106,5748351,6401457,8.801559011860249
2827297,653114,5748398,6401512,8.801523164409277
2827379,653122,5748520,6401642,8.801602150899832
2827395,653128,5748549,6401677,8.801565696157567
2827428,653132,5748579,6401711,8.80155772493156
2827553,653132,5748950,6402082,8.802125757121072
2827647,653136,5749140,6402276,8.802362754464614
2827675,653152,5749180,6402332,8.802208368036842
2827972,653161,5749888,6403049,8.803171040524465
2828064,653205,5750017,6403222,8.802775545196377
2828149,653250,5750252,6403502,8.80252889399158
2828177,653260,5750292,6403552,8.80245537764443
2828503,653502,5750947,6404449,8.800198010105554
2828527,653525,5750997,6404522,8.799964806243066
2828707,653637,5751288,6404925,8.798902142932546
2828718,653641,5751302,6404943,8.798869715944992
2828729,653641,5751314,6404955,8.79888807464648
2828769,653655,5751364,6405019,8.798776112781207
2828796,653658,5751420,6405078,8.79882140201757
2828808,653663,5751439,6405102,8.798783165025403
2828844,653674,5751462,6405136,8.79867028518803
2828999,653674,5751806,6405480,8.799196541395252
2837405,653674,5776982,6430656,8.837711152654075
2837418,653674,5776987,6430661,8.837718801726854
2838048,653729,5777813,6431542,8.838238780901566
2838164,653779,5778241,6432020,8.838217501632815
2838253,653825,5778392,6432217,8.837826635567621
2838281,653833,5778431,6432264,8.837778148242746
2838299,653833,5778463,6432296,8.837827090403819
2838330,653833,5778558,6432391,8.8379723874445
2838417,653862,5778684,6432546,8.837773108087028
2838515,653862,5778974,6432836,8.838216626749986
2838645,653862,5779360,6433222,8.838806965384133
2838661,653862,5779375,6433237,8.838829906004632
2838702,653868,5779482,6433350,8.838912441043146
2838749,653887,5779544,6433431,8.8387504262969
2838758,653891,5779571,6433462,8.838737648935373
2838949,653891,5779850,6433741,8.83916432555273
2839799,653891,5781206,6435097,8.841238065671496
2839829,653903,5781277,6435180,8.84118439585076
2839965,653903,5781645,6435548,8.841747170451887
2839974,653905,5781661,6435566,8.841744595927542
2840026,653929,5781731,6435660,8.841527138267304
2840044,653941,5781753,6435694,8.84139853595355
2840113,653960,5781845,6435805,8.84128234142761
2840134,653960,5781882,6435842,8.841338919811609
2840161,653968,5781938,6435906,8.841316394685979
2840192,653980,5781994,6435974,8.84123979326585
2840297,654018,5782226,6436244,8.841080826521594
2840356,654041,5782247,6436288,8.840802029230584
2840359,654041,5782254,6436295,8.840812731923533
2841170,654046,5783954,6438000,8.843344351926318
2841605,654046,5784721,6438767,8.844517052317421
2841669,654076,5784844,6438920,8.8442994392089
2841675,654076,5784859,6438935,8.844322372323706
2841766,654110,5785127,6439237,8.844272370090657
2841821,654129,5785195,6439324,8.844119432099784
2841839,654129,5785205,6439334,8.844134719604238
2841854,654129,5785212,6439341,8.844145420857354
2841856,654129,5785217,6439346,8.84415306460958
2841957,654130,5785566,6439696,8.844673077217067
2842003,654143,5785631,6439774,8.844596670758534
2842153,654207,5785812,6440019,8.84400808918278
2842184,654216,5785872,6440088,8.843978135661617
2842395,654290,5786374,6440664,8.84374512830702
2842406,654290,5786384,6440674,8.843760412049702
2842479,654304,5786505,6440809,8.843756113366265
2842621,654327,5786813,6441140,8.843915962508042
2842686,654327,5786934,6441261,8.844100885337149
2842790,654327,5787129,6441456,8.844398901466699
2842808,654329,5787146,6441475,8.844397848788606
2842852,654363,5787268,6441631,8.844124744216895
2843655,654363,5789214,6443577,8.847098628742762
2843695,654364,5789398,6443762,8.847366297656961
2843724,654366,5789413,6443779,8.847362179575345
2843803,654370,5789555,6443925,8.847525100478324
2843806,654370,5789564,6443934,8.847538854165075
2843810,654374,5789568,6443942,8.847490884417779
2843817,654377,5789575,6443952,8.847461020176443
2843841,654380,5789646,6444026,8.847528958709008
2843873,654384,5789663,6444047,8.847500855766645
2843942,654429,5789810,6444239,8.847117105140512
2843978,654429,5789851,6444280,8.847179755175887
2844002,654452,5789887,6444339,8.846923838570286
2844430,654452,5790795,6445247,8.848311258885296
2844690,654496,5791230,6445726,8.848381044345572
2844867,654542,5791450,6445992,8.84809530939191
2844879,654548,5791464,6446012,8.848035590972701
2844907,654556,5791482,6446038,8.847954949614701
2844922,654561,5791493,6446054,8.847904167831569
2845006,654561,5791829,6446390,8.848417488973526
2845117,654568,5792041,6446609,8.848646741056697
2845128,654568,5792051,6446619,8.848662018308259
2845137,654568,5792068,6446636,8.848687989635913
2845165,654573,5792103,6446676,8.848673868308042
2845234,654573,5792187,6446760,8.848802196240909
2845296,654601,5792256,6446857,8.848529103988536
2845322,654613,5792276,6446889,8.848397450096469
2845362,654626,5792316,6446942,8.848282836306533
2845601,654703,5793124,6447827,8.848476332016197
2845637,654716,5793185,6447901,8.848393807391297
2845720,654733,5793238,6447971,8.848245009797887
2845756,654749,5793331,6448080,8.84817082576682
2845874,654749,5793508,6448257,8.848441158367558
2845919,654783,5793620,6448403,8.848152746787868
2845941,654783,5793660,6448443,8.848213835728783
2846008,654783,5793782,6448565,8.848400156998578
2846013,654783,5793787,6448570,8.848407793116193
2846014,654783,5793787,6448570,8.848407793116193
2846025,654790,5793804,6448594,8.848339162174133
2846218,654790,5794248,6449038,8.849017242169245
2846325,654865,5794350,6449215,8.848159544333566
2846355,654874,5794382,6449256,8.84808680753855
2846410,654890,5794502,6449392,8.848053871642566
2846451,654946,5794597,6449543,8.847442384563003
2846487,654956,5794664,6449620,8.84740959698056
2846543,654956,5794752,6449708,8.84754395715132
2846546,654959,5794761,6449720,8.847517172830665
2846826,655034,5795269,6450303,8.847279683192017
2847255,655140,5796080,6451220,8.847086118997467
2847328,655204,5796241,6451445,8.84646766503257
2847436,655204,5796546,6451750,8.846933168906173
2847879,655348,5797009,6452357,8.845695721967566
2847902,655350,5797069,6452419,8.845760280766003
2847937,655384,5797119,6452503,8.845377671716124
2847941,655384,5797128,6452512,8.845391404123385
2847966,655394,5797154,6452548,8.845296111957083
2850203,655428,5808068,6463496,8.861488981245843
2850285,655443,5808230,6463673,8.861533344623407
2850362,655502,5808353,6463855,8.860923383910347
2851061,655711,5809355,6465066,8.859627183317041
2851099,655727,5809427,6465154,8.85952080667717
2851367,655727,5810147,6465874,8.860618824602312
2851390,655735,5810184,6465919,8.860567149839493
2851450,655744,5810261,6466005,8.86056296359555
2851624,655744,5810552,6466296,8.86100673433535
2851709,655744,5810832,6466576,8.86143373023619
2851737,655751,5810854,6466605,8.861372685668798
2851750,655752,5810865,6466617,8.861375947004355
2851820,655786,5811035,6466821,8.861175749406057
2851836,655790,5811052,6466842,8.861147623477027
2851866,655815,5811085,6466900,8.860860151109687
2851957,655829,5811163,6466992,8.860789931521785
2852022,655834,5811286,6467120,8.860909925377458
2852059,655837,5811317,6467154,8.860916660694654
2852109,655852,5811365,6467217,8.86078718979282
2853451,655857,5814656,6470513,8.865737500705185
2853714,656019,5815044,6471063,8.864139605712639
2853736,656022,5815069,6471091,8.864137178326336
2853760,656037,5815125,6471162,8.864019864733239
2853772,656045,5815161,6471206,8.863966648629287
2853788,656045,5815161,6471206,8.863966648629287
2853798,656049,5815189,6471238,8.863955283827885
2853855,656063,5815257,6471320,8.86386978079849
2853893,656063,5815348,6471411,8.864008486989816
2853940,656100,5815474,6471574,8.863700655387898
2854118,656202,5815968,6472170,8.863075699251144
2854146,656205,5816003,6472208,8.863088516545897
2854155,656211,5816017,6472228,8.863028812378944
2854232,656274,5816157,6472431,8.86239131826036
2854353,656278,5816658,6472936,8.863100698179736
2854391,656289,5816736,6473025,8.863070994638033
2854460,656334,5816855,6473189,8.862644629106523
2854551,656357,5817049,6473406,8.862629636006014
2854562,656361,5817065,6473426,8.862600002132973
2854717,656361,5817617,6473978,8.86344100274087
2854729,656367,5817663,6474030,8.863430062754526
2854851,656435,5817871,6474306,8.86282876446259
2854889,656449,5817947,6474396,8.862755522515839
2854939,656457,5818073,6474530,8.86283945483101
2854952,656459,5818098,6474557,8.862850535981684
2855073,656459,5818312,6474771,8.863176527399274
2855593,656724,5819489,6476213,8.861392304834299
2855624,656730,5819509,6476239,8.861341799521874
2855781,656794,5819942,6476736,8.861137586518756
2855803,656810,5819970,6476780,8.860964358033526
2855805,656811,5819975,6476786,8.860958479684415
2855815,656811,5819991,6476802,8.860982839812365
2855897,656844,5820108,6476952,8.86071578639677
2856434,657049,5820717,6477766,8.858878104981516
2856505,657099,5820807,6477906,8.858340980582835
2856513,657099,5820807,6477906,8.858340980582835
2856700,657168,5821005,6478173,8.857712183186035
2856899,657265,5821470,6478735,8.857112428016096
2857038,657279,5821630,6478909,8.857167199925755
2857052,657279,5821658,6478937,8.857209799795825
2857085,657285,5821684,6478969,8.857168503769293
2857899,657285,5823004,6480289,8.859176765025826
2857920,657286,5823092,6480378,8.859297170485908
2858052,657286,5823460,6480746,8.859857048529864
2858065,657294,5823492,6480786,8.859797898657222
2858079,657294,5823518,6480812,8.859837454776706
2858149,657294,5823669,6480963,8.860067184547555
2858160,657296,5823677,6480973,8.860052396484994
2858200,657315,5823751,6481066,8.85990887169774
2858216,657315,5823777,6481092,8.85994842655348
2858230,657317,5823814,6481131,8.859977758068025
2858760,657317,5825630,6482947,8.862740504201168
2858870,657360,5825753,6483113,8.862347876353901
2858933,657360,5825841,6483201,8.862481745162468
2859330,657360,5826459,6483819,8.863421869295363
2859384,657379,5826576,6483955,8.863343672371645
2859666,657379,5826903,6484282,8.863841102316929
2859731,657411,5826959,6484370,8.863494830478954
2859762,657415,5826995,6484410,8.863495661036028
2859783,657415,5827038,6484453,8.863561068731318
2860079,657415,5827608,6485023,8.864428100971228
2860080,657415,5827610,6485025,8.864431143189615
2860106,657422,5827655,6485077,8.864405207005547
2861125,657422,5829160,6486582,8.866694451965405
2861174,657443,5829220,6486663,8.866502495273355
2861227,657443,5829306,6486749,8.86663330509261
2861238,657445,5829328,6486773,8.866639794963838
2861598,657445,5829328,6486773,8.866639794963838
2861608,657445,5829344,6486789,8.866664131600363
2861670,657499,5829453,6486952,8.866101697493075
2861684,657501,5829526,6487027,8.866185754850562
2861845,657501,5829875,6487376,8.866716552522353
2861990,657501,5830156,6487657,8.867143928298209
2870218,657501,5854841,6512342,8.904687597433313
2870239,657502,5854842,6512344,8.90467557513133
2870721,657502,5855997,6513499,8.906432223780309
2870911,657502,5856418,6513920,8.90707252601513
2871026,657520,5856505,6514025,8.90696100498844
2871775,657520,5858352,6515872,8.909770045017643
2872688,657535,5860604,6518139,8.912991703863673
2872708,657535,5860633,6518168,8.913035807979803
2872932,657582,5861219,6518801,8.913289901487571
2872989,657605,5861266,6518871,8.913049627055756
2873020,657623,5861302,6518925,8.912860407862864
2873023,657623,5861311,6518934,8.912874093515585
2873025,657623,5861313,6518936,8.912877134771746
2873135,657642,5861378,6519020,8.912718469927407
2873171,657665,5861433,6519098,8.912490401648256
2873234,657665,5861534,6519199,8.912643975276167
2873470,657775,5861985,6519760,8.91183915472616
2873501,657785,5862030,6519815,8.911772083583541
2873577,657819,5862176,6519995,8.911533415726819
2873658,657852,5862314,6520166,8.911296157798411
2873669,657852,5862324,6520176,8.911311358785866
2874185,657855,5863554,6521409,8.913140433682194
2874201,657859,5863571,6521430,8.9131120802482
2874205,657860,5863575,6521435,8.91310461192351
2874341,657916,5863832,6521748,8.912736580353723
2874380,657916,5863868,6521784,8.91279129858523
2874411,657922,5863904,6521826,8.91276473502938
2874574,657928,5864834,6522762,8.914096983256526
2874586,657931,5864854,6522785,8.914086735539136
2874608,657937,5864886,6522823,8.914054081165826
2874654,657937,5864936,6522873,8.9141300762839
2874724,657961,5865060,6523021,8.913993382586506
2874789,657979,5865089,6523068,8.913793601315543
2874859,658033,5865241,6523274,8.913293102321616
2874920,658070,5865362,6523432,8.91297582324069
2874935,658079,5865373,6523452,8.912870643190255
2875002,658108,5865480,6523588,8.912640478462501
2875051,658142,5865617,6523759,8.9123882080159
2875167,658213,5865838,6524051,8.911762605721856
2875178,658213,5865860,6524073,8.911796029552743
2875799,658213,5866593,6524806,8.912909650827316
2875946,658268,5866763,6525031,8.912423207568954
2875962,658272,5866777,6525049,8.912390318895532
2875973,658272,5866789,6525061,8.91240854844198
2876011,658300,5866862,6525162,8.912140361537293
2876032,658306,5866905,6525211,8.91212445276209
2876127,658306,5867125,6525431,8.912458643852554
2876430,658449,5868024,6526473,8.911888392267283
2876500,658472,5868145,6526617,8.911760864547011
2876555,658487,5868199,6526686,8.911639865327638
2876596,658487,5868250,6526737,8.9117173156038
2878851,658566,5872961,6531527,8.917801708560722
2878872,658566,5873007,6531573,8.917871557292663
2879331,658750,5873800,6532550,8.916584440227703
2879422,658750,5873848,6532598,8.916657305502847
2879473,658764,5873886,6532650,8.91652549319635
2879484,658765,5873893,6532658,8.916522583925982
2879489,658770,5873898,6532668,8.916462498292272
2879495,658772,5873901,6532673,8.916439982270042
2879526,658782,5873940,6532722,8.916363835077462
2879734,658897,5874447,6533344,8.915577093233084
2879739,658902,5874452,6533354,8.915517026811271
2879750,658902,5874462,6533364,8.915532203575038
2879765,658919,5874482,6533401,8.91533253707967
2879811,658936,5874541,6533477,8.915192067211382
2879884,659009,5874714,6533723,8.914467025488271
2880033,659013,5881304,6540317,8.924412720234654
2880075,659037,5881412,6540449,8.924251597406519
2880215,659077,5881549,6540626,8.923917842679991
2880218,659077,5881558,6540635,8.92393149814058
2880225,659077,5881558,6540635,8.92393149814058
2880250,659086,5881577,6540663,8.923838467210652
2880260,659092,5881593,6540685,8.923781505465094
2880828,659365,5882704,6542069,8.921771704594573
2880856,659381,5882737,6542118,8.921605263117986
2880890,659411,5882806,6542217,8.921304012216963
2880896,659414,5882824,6542238,8.92129072176205
2880986,659459,5882963,6542422,8.920892731769527
2881012,659465,5882996,6542461,8.920861607515183
2881068,659498,5883119,6542617,8.920601730407068
2881072,659498,5883125,6542623,8.920610828236022
2881157,659519,5883215,6542734,8.920463246699489
2883460,660769,5888981,6549750,8.912314288351904
2883471,660770,5888993,6549763,8.91231896121192
2883503,660782,5889044,6549826,8.912234292096334
2883506,660782,5889053,6549835,8.912247912322067
2883539,660796,5889105,6549901,8.912137785337684
2883588,660831,5889188,6550019,8.911791365719829
2883596,660841,5889201,6550042,8.911676182319196
2883735,660886,5889355,6550241,8.911302403137606
2883919,660966,5889822,6550788,8.910930365555869
2884064,661016,5890185,6551201,8.910805487310443
2884133,661024,5890218,6551242,8.910747567410564
2884253,661049,5890345,6551394,8.9106026935976
2884487,661164,5890748,6551912,8.909662353062176
2884561,661200,5890928,6552128,8.909449485783425
2884571,661203,5890943,6552146,8.909431747889831
2884599,661217,5890971,6552188,8.909285453943259
2884697,661246,5891162,6552408,8.909183571620849
2884701,661246,5891169,6552415,8.909194157696229
2884731,661255,5891227,6552482,8.90916061126192
2884766,661263,5891294,6552557,8.90915414895435
2884817,661283,5891394,6552677,8.909035919568476
2885326,661294,5892508,6553802,8.910572302183295
2885365,661324,5892555,6553879,8.910239156601001
2885435,661333,5892602,6553935,8.910188966829116
2885453,661333,5892633,6553966,8.910235841852742
2885491,661347,5892714,6554061,8.91016969911408
2885569,661347,5892878,6554225,8.910417677860488
2885613,661366,5892942,6554308,8.910258465055657
2885669,661388,5893025,6554413,8.91008757340623
2885680,661388,5893042,6554430,8.910113276926706
2885747,661433,5893262,6554695,8.909839696537668
2885782,661446,5893309,6554755,8.909735639795237
2885786,661446,5893316,6554762,8.909746222669726
2886292,661446,5893944,6555390,8.910695657695413
2886334,661454,5893972,6555426,8.910630217671978
2886354,661454,5894003,6555457,8.91067708412074
2886382,661461,5894039,6555500,8.910637210659434
2886395,661467,5894068,6555535,8.910600226466324
2886434,661467,5894102,6555569,8.910651627367654
2886446,661470,5894142,6555612,8.910671685790739
2886567,661513,5894430,6555943,8.910527835431806
2886760,661522,5895548,6557070,8.912096649846868
2886865,661536,5895741,6557277,8.912199789580612
2886919,661536,5895851,6557387,8.912366069269096
2886967,661548,5895926,6557474,8.912317775883231
2887446,661555,5897119,6558674,8.914026800492778
2887542,661602,5897304,6558906,8.91367317511132
2887588,661633,5897377,6559010,8.913365868993838
2887629,661633,5897377,6559010,8.913365868993838
2888204,661633,5898899,6560532,8.915666237929486
2888353,661687,5899225,6560912,8.915431314201427
2888404,661705,5899294,6560999,8.915293068663528
2888453,661719,5899347,6561066,8.91518454207904
2888552,661719,5899603,6561322,8.915571413243386
2888568,661719,5899629,6561348,8.915610704846015
2888679,661719,5899807,6561526,8.915879701202474
2888699,661728,5899836,6561564,8.91580226316553
2888725,661734,5899873,6561607,8.915777336512859
2888741,661734,5899899,6561633,8.915816627224837
2888744,661734,5899908,6561642,8.915830227855906
2888803,661780,5899973,6561753,8.915308712865302
2888806,661780,5899979,6561759,8.915317779322434
2888824,661795,5900039,6561834,8.915206370552815
2888842,661799,5900059,6561858,8.915182706531741
2889000,661866,5900366,6562232,8.914744072062925
2889020,661881,5900403,6562284,8.914597941321778
2889143,661967,5900641,6562608,8.913799328365311
2889309,662050,5900904,6562954,8.9130790725776
2889818,662050,5901724,6563774,8.91431764972434
2889919,662106,5901912,6564018,8.913847631648105
2890240,662206,5902533,6564739,8.913439322506894
2890249,662208,5902549,6564757,8.913436563738282
2890456,662215,5902926,6565141,8.913911645009552
2890628,662215,5903118,6565333,8.914201581057512
2891357,662215,5903955,6566170,8.915465521016587
2891455,662232,5904009,6566241,8.915318196644076
2891533,662232,5904119,6566351,8.91548430157407
2891542,662232,5904135,6566367,8.915508462291161
